date,county,fips,population,confirmed_cases,reported_cases,probable_cases,reported_and_probable_cases,reported_deaths
2022-09-13,Alameda,001,1643700,344039,344045,19609,363654,2007
2022-09-13,Alpine,003,1148,134,134,1,135,0
2022-09-13,Amador,005,37829,9907,9908,918,10826,90
2022-09-13,Butte,007,227075,39155,39155,8921,48076,453
2022-09-13,Calaveras,009,45235,8455,8455,523,8978,133
2022-09-13,Colusa,011,21464,3763,3765,1272,5037,22
2022-09-13,Contra Costa,013,1133247,247092,247095,20350,267445,1423
2022-09-13,Del Norte,015,27424,7380,7381,404,7785,56
2022-09-13,El Dorado,017,186661,32088,32088,4221,36309,231
2022-09-13,Fresno,019,978130,272772,272774,30482,303256,2839
2022-09-13,Glenn,021,27897,5481,5481,1859,7340,48
2022-09-13,Humboldt,023,135768,21558,21561,4928,26489,155
2022-09-13,Imperial,025,180216,65096,65099,15529,80628,956
2022-09-13,Inyo,027,18085,4472,4472,932,5404,59
2022-09-13,Kern,029,883053,217683,217694,59358,277052,2405
2022-09-13,Kings,031,150075,59120,59122,4057,63179,456
2022-09-13,Lake,033,64148,12696,12696,1160,13856,144
2022-09-13,Lassen,035,31185,9938,9938,983,10921,65
2022-09-13,Los Angeles,037,10098052,3253648,3253906,177672,3431578,33160
2022-09-13,Madera,039,155013,43780,43782,8185,51967,373
2022-09-13,Marin,041,260295,44698,44702,5259,49961,309
2022-09-13,Mariposa,043,17540,3064,3064,355,3419,31
2022-09-13,Mendocino,045,87422,15872,15872,4439,20311,136
2022-09-13,Merced,047,269075,71729,71732,11563,83295,862
2022-09-13,Modoc,049,8938,872,872,316,1188,11
2022-09-13,Mono,051,14174,3191,3191,246,3437,7
2022-09-13,Monterey,053,433212,93691,93692,20810,114502,762
2022-09-13,Napa,055,140530,31978,31979,1410,33389,160
2022-09-13,Nevada,057,99092,18819,18824,1810,20634,132
2022-09-13,Orange,059,3164182,662783,662784,60663,723447,7398
2022-09-13,Placer,061,380077,75159,75159,9319,84478,660
2022-09-13,Plumas,063,18699,3609,3609,431,4040,13
2022-09-13,Riverside,065,2383286,691573,691630,34930,726560,6608
2022-09-13,Sacramento,067,1510023,343922,343926,33304,377230,3267
2022-09-13,San Benito,069,59416,16055,16057,955,17012,106
2022-09-13,San Bernardino,071,2135413,664300,664360,30420,694780,8074
2022-09-13,San Diego,073,3302833,917229,917229,70637,987866,5479
2022-09-13,San Francisco,075,870044,176716,176724,11958,188682,1025
2022-09-13,San Joaquin,077,732212,196120,196128,14178,210306,2304
2022-09-13,San Luis Obispo,079,281455,62703,62716,7070,69786,520
2022-09-13,San Mateo,081,765935,166570,166572,10502,177074,735
2022-09-13,Santa Barbara,083,443738,104912,104912,6834,111746,718
2022-09-13,Santa Clara,085,1922200,428047,428065,18685,446750,2473
2022-09-13,Santa Cruz,087,273765,62480,62480,3398,65878,274
2022-09-13,Shasta,089,179085,34648,34648,7298,41946,591
2022-09-13,Sierra,091,2930,303,303,60,363,5
2022-09-13,Siskiyou,093,43540,5226,5226,3292,8518,90
2022-09-13,Solano,095,438530,104073,104085,7657,111742,462
2022-09-13,Sonoma,097,501317,106021,106028,5266,111294,518
2022-09-13,Stanislaus,099,539301,136962,136981,20915,157896,1727
2022-09-13,Sutter,101,95872,24114,24119,2463,26582,232
2022-09-13,Tehama,103,63373,13503,13503,3059,16562,210
2022-09-13,Trinity,105,12862,1385,1385,378,1763,20
2022-09-13,Tulare,107,460477,121228,121230,36013,157243,1531
2022-09-13,Tuolumne,109,53932,15410,15411,920,16331,196
2022-09-13,Ventura,111,848112,207046,207049,15365,222414,1563
2022-09-13,Yolo,113,214977,47085,47085,4341,51426,334
2022-09-13,Yuba,115,75493,18760,18764,1683,20447,129
2022-09-12,Alameda,001,1643700,344039,343017,19609,362626,2006
2022-09-12,Alpine,003,1148,134,134,1,135,0
2022-09-12,Amador,005,37829,9907,9890,918,10808,89
2022-09-12,Butte,007,227075,39155,39049,8921,47970,453
2022-09-12,Calaveras,009,45235,8455,8444,523,8967,133
2022-09-12,Colusa,011,21464,3763,3755,1272,5027,22
2022-09-12,Contra Costa,013,1133247,247092,246174,20350,266524,1415
2022-09-12,Del Norte,015,27424,7380,7354,404,7758,56
2022-09-12,El Dorado,017,186661,32088,32027,4221,36248,229
2022-09-12,Fresno,019,978130,272772,272161,30482,302643,2835
2022-09-12,Glenn,021,27897,5481,5473,1859,7332,48
2022-09-12,Humboldt,023,135768,21558,21494,4928,26422,155
2022-09-12,Imperial,025,180216,65096,64926,15529,80455,956
2022-09-12,Inyo,027,18085,4472,4465,932,5397,59
2022-09-12,Kern,029,883053,217683,217203,59358,276561,2404
2022-09-12,Kings,031,150075,59120,58980,4057,63037,455
2022-09-12,Lake,033,64148,12696,12663,1160,13823,144
2022-09-12,Lassen,035,31185,9938,9931,983,10914,64
2022-09-12,Los Angeles,037,10098052,3253648,3246402,177672,3424074,33094
2022-09-12,Madera,039,155013,43780,43599,8185,51784,373
2022-09-12,Marin,041,260295,44698,44584,5259,49843,305
2022-09-12,Mariposa,043,17540,3064,3058,355,3413,31
2022-09-12,Mendocino,045,87422,15872,15853,4439,20292,135
2022-09-12,Merced,047,269075,71729,71563,11563,83126,856
2022-09-12,Modoc,049,8938,872,872,316,1188,11
2022-09-12,Mono,051,14174,3191,3188,246,3434,7
2022-09-12,Monterey,053,433212,93691,93513,20810,114323,762
2022-09-12,Napa,055,140530,31978,31910,1410,33320,158
2022-09-12,Nevada,057,99092,18819,18784,1810,20594,132
2022-09-12,Orange,059,3164182,662783,661329,60663,721992,7371
2022-09-12,Placer,061,380077,75159,74994,9319,84313,657
2022-09-12,Plumas,063,18699,3609,3594,431,4025,13
2022-09-12,Riverside,065,2383286,691573,690018,34930,724948,6596
2022-09-12,Sacramento,067,1510023,343922,343048,33304,376352,3254
2022-09-12,San Benito,069,59416,16055,16000,955,16955,103
2022-09-12,San Bernardino,071,2135413,664300,662248,30420,692668,8057
2022-09-12,San Diego,073,3302833,917229,915648,70637,986285,5474
2022-09-12,San Francisco,075,870044,176716,176512,11958,188470,1022
2022-09-12,San Joaquin,077,732212,196120,195697,14178,209875,2303
2022-09-12,San Luis Obispo,079,281455,62703,62569,7070,69639,519
2022-09-12,San Mateo,081,765935,166570,166165,10502,176667,735
2022-09-12,Santa Barbara,083,443738,104912,104627,6834,111461,717
2022-09-12,Santa Clara,085,1922200,428047,426854,18685,445539,2478
2022-09-12,Santa Cruz,087,273765,62480,62255,3398,65653,274
2022-09-12,Shasta,089,179085,34648,34531,7298,41829,591
2022-09-12,Sierra,091,2930,303,303,60,363,5
2022-09-12,Siskiyou,093,43540,5226,5197,3292,8489,90
2022-09-12,Solano,095,438530,104073,103841,7657,111498,461
2022-09-12,Sonoma,097,501317,106021,105778,5266,111044,521
2022-09-12,Stanislaus,099,539301,136962,136674,20915,157589,1726
2022-09-12,Sutter,101,95872,24114,24037,2463,26500,228
2022-09-12,Tehama,103,63373,13503,13471,3059,16530,210
2022-09-12,Trinity,105,12862,1385,1383,378,1761,20
2022-09-12,Tulare,107,460477,121228,120972,36013,156985,1529
2022-09-12,Tuolumne,109,53932,15410,15362,920,16282,196
2022-09-12,Ventura,111,848112,207046,206442,15365,221807,1558
2022-09-12,Yolo,113,214977,47085,46989,4341,51330,334
2022-09-12,Yuba,115,75493,18760,18709,1683,20392,129
2022-09-11,Alameda,001,1643700,343932,343017,19609,362626,2006
2022-09-11,Alpine,003,1148,134,134,1,135,0
2022-09-11,Amador,005,37829,9907,9890,918,10808,89
2022-09-11,Butte,007,227075,39150,39049,8921,47970,453
2022-09-11,Calaveras,009,45235,8452,8444,523,8967,133
2022-09-11,Colusa,011,21464,3763,3755,1253,5008,22
2022-09-11,Contra Costa,013,1133247,247053,246174,20350,266524,1415
2022-09-11,Del Norte,015,27424,7378,7354,404,7758,56
2022-09-11,El Dorado,017,186661,32083,32027,4221,36248,229
2022-09-11,Fresno,019,978130,272747,272161,30482,302643,2835
2022-09-11,Glenn,021,27897,5480,5473,1859,7332,48
2022-09-11,Humboldt,023,135768,21551,21494,4928,26422,155
2022-09-11,Imperial,025,180216,65087,64926,15529,80455,956
2022-09-11,Inyo,027,18085,4472,4465,932,5397,59
2022-09-11,Kern,029,883053,217656,217203,59356,276559,2404
2022-09-11,Kings,031,150075,59113,58980,4057,63037,455
2022-09-11,Lake,033,64148,12691,12663,1160,13823,144
2022-09-11,Lassen,035,31185,9937,9931,983,10914,64
2022-09-11,Los Angeles,037,10098052,3253600,3246402,177666,3424068,33094
2022-09-11,Madera,039,155013,43774,43599,8185,51784,373
2022-09-11,Marin,041,260295,44683,44584,5259,49843,305
2022-09-11,Mariposa,043,17540,3064,3058,355,3413,31
2022-09-11,Mendocino,045,87422,15872,15853,4439,20292,135
2022-09-11,Merced,047,269075,71724,71563,11563,83126,856
2022-09-11,Modoc,049,8938,872,872,316,1188,11
2022-09-11,Mono,051,14174,3190,3188,246,3434,7
2022-09-11,Monterey,053,433212,93679,93513,20809,114322,762
2022-09-11,Napa,055,140530,31968,31910,1410,33320,158
2022-09-11,Nevada,057,99092,18819,18784,1806,20590,132
2022-09-11,Orange,059,3164182,662718,661329,60663,721992,7371
2022-09-11,Placer,061,380077,75153,74994,9319,84313,657
2022-09-11,Plumas,063,18699,3602,3594,431,4025,13
2022-09-11,Riverside,065,2383286,691524,690018,34930,724948,6596
2022-09-11,Sacramento,067,1510023,343893,343048,33302,376350,3254
2022-09-11,San Benito,069,59416,16051,16000,955,16955,103
2022-09-11,San Bernardino,071,2135413,664261,662248,30420,692668,8057
2022-09-11,San Diego,073,3302833,917229,915648,70637,986285,5474
2022-09-11,San Francisco,075,870044,176697,176512,11958,188470,1022
2022-09-11,San Joaquin,077,732212,196078,195697,14176,209873,2303
2022-09-11,San Luis Obispo,079,281455,62698,62569,7070,69639,519
2022-09-11,San Mateo,081,765935,166541,166165,10502,176667,735
2022-09-11,Santa Barbara,083,443738,104899,104627,6834,111461,717
2022-09-11,Santa Clara,085,1922200,427996,426854,18685,445539,2478
2022-09-11,Santa Cruz,087,273765,62478,62255,3398,65653,274
2022-09-11,Shasta,089,179085,34648,34531,7298,41829,591
2022-09-11,Sierra,091,2930,303,303,60,363,5
2022-09-11,Siskiyou,093,43540,5226,5197,3290,8487,90
2022-09-11,Solano,095,438530,104033,103841,7657,111498,461
2022-09-11,Sonoma,097,501317,106002,105778,5266,111044,521
2022-09-11,Stanislaus,099,539301,136944,136674,20908,157582,1726
2022-09-11,Sutter,101,95872,24095,24037,2463,26500,228
2022-09-11,Tehama,103,63373,13500,13471,3059,16530,210
2022-09-11,Trinity,105,12862,1385,1383,378,1761,20
2022-09-11,Tulare,107,460477,121210,120972,36013,156985,1529
2022-09-11,Tuolumne,109,53932,15404,15362,920,16282,196
2022-09-11,Ventura,111,848112,207020,206442,15365,221807,1558
2022-09-11,Yolo,113,214977,47080,46989,4341,51330,334
2022-09-11,Yuba,115,75493,18755,18709,1682,20391,129
2022-09-10,Alameda,001,1643700,343833,343017,19609,362626,2006
2022-09-10,Alpine,003,1148,134,134,1,135,0
2022-09-10,Amador,005,37829,9905,9890,918,10808,89
2022-09-10,Butte,007,227075,39141,39049,8921,47970,453
2022-09-10,Calaveras,009,45235,8451,8444,523,8967,133
2022-09-10,Colusa,011,21464,3761,3755,1253,5008,22
2022-09-10,Contra Costa,013,1133247,246971,246174,20350,266524,1415
2022-09-10,Del Norte,015,27424,7375,7354,404,7758,56
2022-09-10,El Dorado,017,186661,32079,32027,4221,36248,229
2022-09-10,Fresno,019,978130,272701,272161,30482,302643,2835
2022-09-10,Glenn,021,27897,5479,5473,1859,7332,48
2022-09-10,Humboldt,023,135768,21549,21494,4928,26422,155
2022-09-10,Imperial,025,180216,65081,64926,15529,80455,956
2022-09-10,Inyo,027,18085,4472,4465,932,5397,59
2022-09-10,Kern,029,883053,217628,217203,59356,276559,2404
2022-09-10,Kings,031,150075,59108,58980,4057,63037,455
2022-09-10,Lake,033,64148,12688,12663,1160,13823,144
2022-09-10,Lassen,035,31185,9936,9931,983,10914,64
2022-09-10,Los Angeles,037,10098052,3253354,3246402,177608,3424010,33094
2022-09-10,Madera,039,155013,43770,43599,8185,51784,373
2022-09-10,Marin,041,260295,44667,44584,5254,49838,305
2022-09-10,Mariposa,043,17540,3064,3058,355,3413,31
2022-09-10,Mendocino,045,87422,15871,15853,4439,20292,135
2022-09-10,Merced,047,269075,71712,71563,11563,83126,856
2022-09-10,Modoc,049,8938,872,872,316,1188,11
2022-09-10,Mono,051,14174,3190,3188,246,3434,7
2022-09-10,Monterey,053,433212,93661,93513,20809,114322,762
2022-09-10,Napa,055,140530,31963,31910,1410,33320,158
2022-09-10,Nevada,057,99092,18818,18784,1806,20590,132
2022-09-10,Orange,059,3164182,662626,661329,60663,721992,7371
2022-09-10,Placer,061,380077,75132,74994,9319,84313,657
2022-09-10,Plumas,063,18699,3601,3594,431,4025,13
2022-09-10,Riverside,065,2383286,691446,690018,34930,724948,6596
2022-09-10,Sacramento,067,1510023,343834,343048,33302,376350,3254
2022-09-10,San Benito,069,59416,16047,16000,955,16955,103
2022-09-10,San Bernardino,071,2135413,664174,662248,30420,692668,8057
2022-09-10,San Diego,073,3302833,917172,915648,70631,986279,5474
2022-09-10,San Francisco,075,870044,176680,176512,11958,188470,1022
2022-09-10,San Joaquin,077,732212,196057,195697,14176,209873,2303
2022-09-10,San Luis Obispo,079,281455,62690,62569,7069,69638,519
2022-09-10,San Mateo,081,765935,166501,166165,10502,176667,735
2022-09-10,Santa Barbara,083,443738,104883,104627,6834,111461,717
2022-09-10,Santa Clara,085,1922200,427829,426854,18685,445539,2478
2022-09-10,Santa Cruz,087,273765,62472,62255,3398,65653,274
2022-09-10,Shasta,089,179085,34645,34531,7298,41829,591
2022-09-10,Sierra,091,2930,303,303,60,363,5
2022-09-10,Siskiyou,093,43540,5226,5197,3290,8487,90
2022-09-10,Solano,095,438530,104017,103841,7657,111498,461
2022-09-10,Sonoma,097,501317,105986,105778,5266,111044,521
2022-09-10,Stanislaus,099,539301,136919,136674,20905,157579,1726
2022-09-10,Sutter,101,95872,24086,24037,2463,26500,228
2022-09-10,Tehama,103,63373,13499,13471,3059,16530,210
2022-09-10,Trinity,105,12862,1385,1383,378,1761,20
2022-09-10,Tulare,107,460477,121195,120972,36012,156984,1529
2022-09-10,Tuolumne,109,53932,15401,15362,920,16282,196
2022-09-10,Ventura,111,848112,206981,206442,15365,221807,1558
2022-09-10,Yolo,113,214977,47071,46989,4341,51330,334
2022-09-10,Yuba,115,75493,18752,18709,1682,20391,129
2022-09-09,Alameda,001,1643700,343720,343017,19609,362626,2006
2022-09-09,Alpine,003,1148,134,134,1,135,0
2022-09-09,Amador,005,37829,9903,9890,918,10808,89
2022-09-09,Butte,007,227075,39131,39049,8921,47970,453
2022-09-09,Calaveras,009,45235,8451,8444,523,8967,133
2022-09-09,Colusa,011,21464,3757,3755,1253,5008,22
2022-09-09,Contra Costa,013,1133247,246906,246174,20350,266524,1415
2022-09-09,Del Norte,015,27424,7374,7354,404,7758,56
2022-09-09,El Dorado,017,186661,32076,32027,4221,36248,229
2022-09-09,Fresno,019,978130,272639,272161,30482,302643,2835
2022-09-09,Glenn,021,27897,5478,5473,1858,7331,48
2022-09-09,Humboldt,023,135768,21546,21494,4928,26422,155
2022-09-09,Imperial,025,180216,65064,64926,15529,80455,956
2022-09-09,Inyo,027,18085,4469,4465,932,5397,59
2022-09-09,Kern,029,883053,217578,217203,59347,276550,2404
2022-09-09,Kings,031,150075,59095,58980,4056,63036,455
2022-09-09,Lake,033,64148,12685,12663,1160,13823,144
2022-09-09,Lassen,035,31185,9936,9931,983,10914,64
2022-09-09,Los Angeles,037,10098052,3252605,3246402,177536,3423938,33094
2022-09-09,Madera,039,155013,43763,43599,8185,51784,373
2022-09-09,Marin,041,260295,44656,44584,5252,49836,305
2022-09-09,Mariposa,043,17540,3063,3058,355,3413,31
2022-09-09,Mendocino,045,87422,15866,15853,4439,20292,135
2022-09-09,Merced,047,269075,71705,71563,11563,83126,856
2022-09-09,Modoc,049,8938,872,872,316,1188,11
2022-09-09,Mono,051,14174,3190,3188,246,3434,7
2022-09-09,Monterey,053,433212,93654,93513,20809,114322,762
2022-09-09,Napa,055,140530,31957,31910,1410,33320,158
2022-09-09,Nevada,057,99092,18815,18784,1806,20590,132
2022-09-09,Orange,059,3164182,662452,661329,60663,721992,7371
2022-09-09,Placer,061,380077,75116,74994,9315,84309,657
2022-09-09,Plumas,063,18699,3601,3594,431,4025,13
2022-09-09,Riverside,065,2383286,691310,690018,34930,724948,6596
2022-09-09,Sacramento,067,1510023,343722,343048,33302,376350,3254
2022-09-09,San Benito,069,59416,16038,16000,955,16955,103
2022-09-09,San Bernardino,071,2135413,664042,662248,30420,692668,8057
2022-09-09,San Diego,073,3302833,916990,915648,70610,986258,5474
2022-09-09,San Francisco,075,870044,176657,176512,11958,188470,1022
2022-09-09,San Joaquin,077,732212,196023,195697,14173,209870,2303
2022-09-09,San Luis Obispo,079,281455,62684,62569,7069,69638,519
2022-09-09,San Mateo,081,765935,166451,166165,10502,176667,735
2022-09-09,Santa Barbara,083,443738,104858,104627,6834,111461,717
2022-09-09,Santa Clara,085,1922200,427694,426854,18685,445539,2478
2022-09-09,Santa Cruz,087,273765,62462,62255,3398,65653,274
2022-09-09,Shasta,089,179085,34634,34531,7298,41829,591
2022-09-09,Sierra,091,2930,303,303,60,363,5
2022-09-09,Siskiyou,093,43540,5218,5197,3290,8487,90
2022-09-09,Solano,095,438530,103986,103841,7657,111498,461
2022-09-09,Sonoma,097,501317,105964,105778,5266,111044,521
2022-09-09,Stanislaus,099,539301,136899,136674,20903,157577,1726
2022-09-09,Sutter,101,95872,24079,24037,2463,26500,228
2022-09-09,Tehama,103,63373,13498,13471,3059,16530,210
2022-09-09,Trinity,105,12862,1384,1383,378,1761,20
2022-09-09,Tulare,107,460477,121174,120972,36010,156982,1529
2022-09-09,Tuolumne,109,53932,15396,15362,920,16282,196
2022-09-09,Ventura,111,848112,206926,206442,15365,221807,1558
2022-09-09,Yolo,113,214977,47061,46989,4340,51329,334
2022-09-09,Yuba,115,75493,18745,18709,1682,20391,129
2022-09-08,Alameda,001,1643700,343524,343017,19609,362626,2006
2022-09-08,Alpine,003,1148,134,134,1,135,0
2022-09-08,Amador,005,37829,9897,9890,918,10808,89
2022-09-08,Butte,007,227075,39115,39049,8920,47969,453
2022-09-08,Calaveras,009,45235,8448,8444,523,8967,133
2022-09-08,Colusa,011,21464,3757,3755,1253,5008,22
2022-09-08,Contra Costa,013,1133247,246791,246174,20350,266524,1415
2022-09-08,Del Norte,015,27424,7364,7354,404,7758,56
2022-09-08,El Dorado,017,186661,32064,32027,4221,36248,229
2022-09-08,Fresno,019,978130,272531,272161,30482,302643,2835
2022-09-08,Glenn,021,27897,5477,5473,1858,7331,48
2022-09-08,Humboldt,023,135768,21527,21494,4926,26420,155
2022-09-08,Imperial,025,180216,65032,64926,15529,80455,956
2022-09-08,Inyo,027,18085,4467,4465,932,5397,59
2022-09-08,Kern,029,883053,217498,217203,59332,276535,2404
2022-09-08,Kings,031,150075,59070,58980,4055,63035,455
2022-09-08,Lake,033,64148,12676,12663,1160,13823,144
2022-09-08,Lassen,035,31185,9935,9931,983,10914,64
2022-09-08,Los Angeles,037,10098052,3251426,3246402,177424,3423826,33094
2022-09-08,Madera,039,155013,43738,43599,8185,51784,373
2022-09-08,Marin,041,260295,44637,44584,5251,49835,305
2022-09-08,Mariposa,043,17540,3062,3058,355,3413,31
2022-09-08,Mendocino,045,87422,15860,15853,4439,20292,135
2022-09-08,Merced,047,269075,71679,71563,11563,83126,856
2022-09-08,Modoc,049,8938,872,872,316,1188,11
2022-09-08,Mono,051,14174,3190,3188,246,3434,7
2022-09-08,Monterey,053,433212,93623,93513,20807,114320,762
2022-09-08,Napa,055,140530,31942,31910,1410,33320,158
2022-09-08,Nevada,057,99092,18804,18784,1806,20590,132
2022-09-08,Orange,059,3164182,662198,661329,60663,721992,7371
2022-09-08,Placer,061,380077,75085,74994,9313,84307,657
2022-09-08,Plumas,063,18699,3599,3594,431,4025,13
2022-09-08,Riverside,065,2383286,691077,690018,34930,724948,6596
2022-09-08,Sacramento,067,1510023,343551,343048,33302,376350,3254
2022-09-08,San Benito,069,59416,16027,16000,955,16955,103
2022-09-08,San Bernardino,071,2135413,663788,662248,30420,692668,8057
2022-09-08,San Diego,073,3302833,916697,915648,70564,986212,5474
2022-09-08,San Francisco,075,870044,176617,176512,11958,188470,1022
2022-09-08,San Joaquin,077,732212,195945,195697,14172,209869,2303
2022-09-08,San Luis Obispo,079,281455,62671,62569,7068,69637,519
2022-09-08,San Mateo,081,765935,166384,166165,10502,176667,735
2022-09-08,Santa Barbara,083,443738,104821,104627,6834,111461,717
2022-09-08,Santa Clara,085,1922200,427464,426854,18685,445539,2478
2022-09-08,Santa Cruz,087,273765,62435,62255,3398,65653,274
2022-09-08,Shasta,089,179085,34618,34531,7298,41829,591
2022-09-08,Sierra,091,2930,303,303,60,363,5
2022-09-08,Siskiyou,093,43540,5213,5197,3290,8487,90
2022-09-08,Solano,095,438530,103932,103841,7657,111498,461
2022-09-08,Sonoma,097,501317,105888,105778,5266,111044,521
2022-09-08,Stanislaus,099,539301,136840,136674,20892,157566,1726
2022-09-08,Sutter,101,95872,24070,24037,2463,26500,228
2022-09-08,Tehama,103,63373,13491,13471,3057,16528,210
2022-09-08,Trinity,105,12862,1384,1383,378,1761,20
2022-09-08,Tulare,107,460477,121138,120972,36001,156973,1529
2022-09-08,Tuolumne,109,53932,15389,15362,920,16282,196
2022-09-08,Ventura,111,848112,206831,206442,15365,221807,1558
2022-09-08,Yolo,113,214977,47042,46989,4340,51329,334
2022-09-08,Yuba,115,75493,18737,18709,1682,20391,129
2022-09-07,Alameda,001,1643700,343324,342480,19609,362089,1999
2022-09-07,Alpine,003,1148,134,133,1,134,0
2022-09-07,Amador,005,37829,9895,9877,918,10795,89
2022-09-07,Butte,007,227075,39091,38969,8918,47887,453
2022-09-07,Calaveras,009,45235,8447,8437,523,8960,133
2022-09-07,Colusa,011,21464,3755,3748,1253,5001,22
2022-09-07,Contra Costa,013,1133247,246671,245708,20350,266058,1415
2022-09-07,Del Norte,015,27424,7362,7346,404,7750,56
2022-09-07,El Dorado,017,186661,32051,31979,4221,36200,229
2022-09-07,Fresno,019,978130,272383,271753,30482,302235,2835
2022-09-07,Glenn,021,27897,5475,5468,1857,7325,48
2022-09-07,Humboldt,023,135768,21510,21459,4925,26384,155
2022-09-07,Imperial,025,180216,64996,64755,15528,80283,956
2022-09-07,Inyo,027,18085,4465,4456,932,5388,59
2022-09-07,Kern,029,883053,217396,216932,59316,276248,2404
2022-09-07,Kings,031,150075,59037,58922,4054,62976,455
2022-09-07,Lake,033,64148,12668,12647,1160,13807,143
2022-09-07,Lassen,035,31185,9935,9918,983,10901,64
2022-09-07,Los Angeles,037,10098052,3250070,3242352,177260,3419612,32971
2022-09-07,Madera,039,155013,43697,43533,8185,51718,373
2022-09-07,Marin,041,260295,44617,44489,5249,49738,305
2022-09-07,Mariposa,043,17540,3060,3046,355,3401,31
2022-09-07,Mendocino,045,87422,15856,15813,4439,20252,135
2022-09-07,Merced,047,269075,71648,71448,11562,83010,856
2022-09-07,Modoc,049,8938,872,868,316,1184,11
2022-09-07,Mono,051,14174,3188,3184,246,3430,7
2022-09-07,Monterey,053,433212,93598,93430,20805,114235,762
2022-09-07,Napa,055,140530,31924,31854,1410,33264,156
2022-09-07,Nevada,057,99092,18798,18761,1806,20567,132
2022-09-07,Orange,059,3164182,661899,660580,60662,721242,7362
2022-09-07,Placer,061,380077,75055,74884,9312,84196,658
2022-09-07,Plumas,063,18699,3597,3588,431,4019,13
2022-09-07,Riverside,065,2383286,690773,688794,34929,723723,6591
2022-09-07,Sacramento,067,1510023,343392,342602,33302,375904,3248
2022-09-07,San Benito,069,59416,16015,15933,955,16888,103
2022-09-07,San Bernardino,071,2135413,663559,660303,30420,690723,8023
2022-09-07,San Diego,073,3302833,916231,914552,70527,985079,5468
2022-09-07,San Francisco,075,870044,176578,176386,11958,188344,1018
2022-09-07,San Joaquin,077,732212,195845,195359,14172,209531,2303
2022-09-07,San Luis Obispo,079,281455,62656,62548,7068,69616,517
2022-09-07,San Mateo,081,765935,166298,165893,10502,176395,736
2022-09-07,Santa Barbara,083,443738,104785,104452,6834,111286,717
2022-09-07,Santa Clara,085,1922200,427216,426178,18685,444863,2472
2022-09-07,Santa Cruz,087,273765,62404,62187,3398,65585,274
2022-09-07,Shasta,089,179085,34600,34484,7298,41782,591
2022-09-07,Sierra,091,2930,303,303,60,363,5
2022-09-07,Siskiyou,093,43540,5207,5190,3290,8480,89
2022-09-07,Solano,095,438530,103875,103665,7657,111322,463
2022-09-07,Sonoma,097,501317,105832,105389,5266,110655,517
2022-09-07,Stanislaus,099,539301,136772,136477,20881,157358,1726
2022-09-07,Sutter,101,95872,24058,23984,2463,26447,228
2022-09-07,Tehama,103,63373,13487,13453,3056,16509,210
2022-09-07,Trinity,105,12862,1384,1382,378,1760,20
2022-09-07,Tulare,107,460477,121081,120846,35992,156838,1529
2022-09-07,Tuolumne,109,53932,15383,15327,920,16247,196
2022-09-07,Ventura,111,848112,206719,206121,15365,221486,1557
2022-09-07,Yolo,113,214977,47020,46966,4339,51305,334
2022-09-07,Yuba,115,75493,18724,18665,1682,20347,129
2022-09-06,Alameda,001,1643700,343084,342480,19602,362082,1999
2022-09-06,Alpine,003,1148,133,133,1,134,0
2022-09-06,Amador,005,37829,9892,9877,918,10795,89
2022-09-06,Butte,007,227075,39063,38969,8908,47877,453
2022-09-06,Calaveras,009,45235,8445,8437,523,8960,133
2022-09-06,Colusa,011,21464,3754,3748,1253,5001,22
2022-09-06,Contra Costa,013,1133247,246519,245708,20334,266042,1415
2022-09-06,Del Norte,015,27424,7354,7346,404,7750,56
2022-09-06,El Dorado,017,186661,32034,31979,4216,36195,229
2022-09-06,Fresno,019,978130,272262,271753,30470,302223,2835
2022-09-06,Glenn,021,27897,5473,5468,1855,7323,48
2022-09-06,Humboldt,023,135768,21495,21459,4921,26380,155
2022-09-06,Imperial,025,180216,64949,64755,15510,80265,956
2022-09-06,Inyo,027,18085,4463,4456,925,5381,59
2022-09-06,Kern,029,883053,217313,216932,59299,276231,2404
2022-09-06,Kings,031,150075,58998,58922,4051,62973,455
2022-09-06,Lake,033,64148,12665,12647,1160,13807,143
2022-09-06,Lassen,035,31185,9931,9918,982,10900,64
2022-09-06,Los Angeles,037,10098052,3248527,3242352,177081,3419433,32971
2022-09-06,Madera,039,155013,43656,43533,8180,51713,373
2022-09-06,Marin,041,260295,44587,44489,5248,49737,305
2022-09-06,Mariposa,043,17540,3059,3046,355,3401,31
2022-09-06,Mendocino,045,87422,15850,15813,4430,20243,135
2022-09-06,Merced,047,269075,71615,71448,11558,83006,856
2022-09-06,Modoc,049,8938,871,868,316,1184,11
2022-09-06,Mono,051,14174,3188,3184,246,3430,7
2022-09-06,Monterey,053,433212,93564,93430,20800,114230,762
2022-09-06,Napa,055,140530,31908,31854,1410,33264,156
2022-09-06,Nevada,057,99092,18791,18761,1803,20564,132
2022-09-06,Orange,059,3164182,661548,660580,60617,721197,7362
2022-09-06,Placer,061,380077,75023,74884,9311,84195,658
2022-09-06,Plumas,063,18699,3595,3588,431,4019,13
2022-09-06,Riverside,065,2383286,690347,688794,34914,723708,6591
2022-09-06,Sacramento,067,1510023,343179,342602,33293,375895,3248
2022-09-06,San Benito,069,59416,15999,15933,955,16888,103
2022-09-06,San Bernardino,071,2135413,663306,660303,30410,690713,8023
2022-09-06,San Diego,073,3302833,915741,914552,70473,985025,5468
2022-09-06,San Francisco,075,870044,176520,176386,11955,188341,1018
2022-09-06,San Joaquin,077,732212,195763,195359,14161,209520,2303
2022-09-06,San Luis Obispo,079,281455,62618,62548,7067,69615,517
2022-09-06,San Mateo,081,765935,166204,165893,10498,176391,736
2022-09-06,Santa Barbara,083,443738,104732,104452,6832,111284,717
2022-09-06,Santa Clara,085,1922200,426987,426178,18678,444856,2472
2022-09-06,Santa Cruz,087,273765,62328,62187,3398,65585,274
2022-09-06,Shasta,089,179085,34560,34484,7295,41779,591
2022-09-06,Sierra,091,2930,303,303,60,363,5
2022-09-06,Siskiyou,093,43540,5203,5190,3287,8477,89
2022-09-06,Solano,095,438530,103812,103665,7649,111314,463
2022-09-06,Sonoma,097,501317,105780,105389,5264,110653,517
2022-09-06,Stanislaus,099,539301,136705,136477,20867,157344,1726
2022-09-06,Sutter,101,95872,24032,23984,2463,26447,228
2022-09-06,Tehama,103,63373,13477,13453,3055,16508,210
2022-09-06,Trinity,105,12862,1383,1382,378,1760,20
2022-09-06,Tulare,107,460477,121031,120846,35965,156811,1529
2022-09-06,Tuolumne,109,53932,15375,15327,920,16247,196
2022-09-06,Ventura,111,848112,206594,206121,15355,221476,1557
2022-09-06,Yolo,113,214977,47008,46966,4335,51301,334
2022-09-06,Yuba,115,75493,18702,18665,1681,20346,129
2022-09-05,Alameda,001,1643700,342818,342480,19586,362066,1999
2022-09-05,Alpine,003,1148,133,133,1,134,0
2022-09-05,Amador,005,37829,9889,9877,918,10795,89
2022-09-05,Butte,007,227075,39015,38969,8895,47864,453
2022-09-05,Calaveras,009,45235,8443,8437,522,8959,133
2022-09-05,Colusa,011,21464,3749,3748,1250,4998,22
2022-09-05,Contra Costa,013,1133247,246345,245708,20312,266020,1415
2022-09-05,Del Norte,015,27424,7348,7346,402,7748,56
2022-09-05,El Dorado,017,186661,32012,31979,4211,36190,229
2022-09-05,Fresno,019,978130,272044,271753,30416,302169,2835
2022-09-05,Glenn,021,27897,5472,5468,1851,7319,48
2022-09-05,Humboldt,023,135768,21484,21459,4915,26374,155
2022-09-05,Imperial,025,180216,64900,64755,15457,80212,956
2022-09-05,Inyo,027,18085,4461,4456,923,5379,59
2022-09-05,Kern,029,883053,217191,216932,59214,276146,2404
2022-09-05,Kings,031,150075,58944,58922,4047,62969,455
2022-09-05,Lake,033,64148,12659,12647,1159,13806,143
2022-09-05,Lassen,035,31185,9923,9918,981,10899,64
2022-09-05,Los Angeles,037,10098052,3246260,3242352,176843,3419195,32971
2022-09-05,Madera,039,155013,43601,43533,8159,51692,373
2022-09-05,Marin,041,260295,44564,44489,5247,49736,305
2022-09-05,Mariposa,043,17540,3054,3046,355,3401,31
2022-09-05,Mendocino,045,87422,15832,15813,4417,20230,135
2022-09-05,Merced,047,269075,71556,71448,11529,82977,856
2022-09-05,Modoc,049,8938,870,868,316,1184,11
2022-09-05,Mono,051,14174,3185,3184,246,3430,7
2022-09-05,Monterey,053,433212,93510,93430,20781,114211,762
2022-09-05,Napa,055,140530,31882,31854,1407,33261,156
2022-09-05,Nevada,057,99092,18785,18761,1799,20560,132
2022-09-05,Orange,059,3164182,661082,660580,60523,721103,7362
2022-09-05,Placer,061,380077,74976,74884,9308,84192,658
2022-09-05,Plumas,063,18699,3594,3588,431,4019,13
2022-09-05,Riverside,065,2383286,689865,688794,34869,723663,6591
2022-09-05,Sacramento,067,1510023,342892,342602,33227,375829,3248
2022-09-05,San Benito,069,59416,15975,15933,952,16885,103
2022-09-05,San Bernardino,071,2135413,662878,660303,30385,690688,8023
2022-09-05,San Diego,073,3302833,915156,914552,70371,984923,5468
2022-09-05,San Francisco,075,870044,176468,176386,11949,188335,1018
2022-09-05,San Joaquin,077,732212,195627,195359,14151,209510,2303
2022-09-05,San Luis Obispo,079,281455,62569,62548,7049,69597,517
2022-09-05,San Mateo,081,765935,166096,165893,10490,176383,736
2022-09-05,Santa Barbara,083,443738,104657,104452,6825,111277,717
2022-09-05,Santa Clara,085,1922200,426648,426178,18663,444841,2472
2022-09-05,Santa Cruz,087,273765,62271,62187,3393,65580,274
2022-09-05,Shasta,089,179085,34531,34484,7287,41771,591
2022-09-05,Sierra,091,2930,303,303,60,363,5
2022-09-05,Siskiyou,093,43540,5197,5190,3287,8477,89
2022-09-05,Solano,095,438530,103717,103665,7635,111300,463
2022-09-05,Sonoma,097,501317,105710,105389,5257,110646,517
2022-09-05,Stanislaus,099,539301,136610,136477,20849,157326,1726
2022-09-05,Sutter,101,95872,24006,23984,2461,26445,228
2022-09-05,Tehama,103,63373,13469,13453,3055,16508,210
2022-09-05,Trinity,105,12862,1383,1382,377,1759,20
2022-09-05,Tulare,107,460477,120940,120846,35913,156759,1529
2022-09-05,Tuolumne,109,53932,15358,15327,920,16247,196
2022-09-05,Ventura,111,848112,206434,206121,15318,221439,1557
2022-09-05,Yolo,113,214977,46988,46966,4329,51295,334
2022-09-05,Yuba,115,75493,18682,18665,1681,20346,129
2022-09-04,Alameda,001,1643700,342698,341621,19580,361201,1998
2022-09-04,Alpine,003,1148,133,133,1,134,0
2022-09-04,Amador,005,37829,9885,9855,917,10772,89
2022-09-04,Butte,007,227075,38998,38851,8888,47739,453
2022-09-04,Calaveras,009,45235,8440,8422,522,8944,133
2022-09-04,Colusa,011,21464,3749,3742,1249,4991,22
2022-09-04,Contra Costa,013,1133247,246246,245022,20305,265327,1410
2022-09-04,Del Norte,015,27424,7346,7340,400,7740,56
2022-09-04,El Dorado,017,186661,31997,31929,4207,36136,229
2022-09-04,Fresno,019,978130,271947,271062,30408,301470,2835
2022-09-04,Glenn,021,27897,5471,5462,1851,7313,48
2022-09-04,Humboldt,023,135768,21474,21390,4912,26302,154
2022-09-04,Imperial,025,180216,64879,64678,15451,80129,956
2022-09-04,Inyo,027,18085,4459,4449,921,5370,59
2022-09-04,Kern,029,883053,217115,216471,59190,275661,2404
2022-09-04,Kings,031,150075,58932,58753,4047,62800,455
2022-09-04,Lake,033,64148,12653,12608,1159,13767,143
2022-09-04,Lassen,035,31185,9920,9908,981,10889,64
2022-09-04,Los Angeles,037,10098052,3245556,3235242,176742,3411984,32927
2022-09-04,Madera,039,155013,43589,43403,8152,51555,373
2022-09-04,Marin,041,260295,44544,44394,5244,49638,305
2022-09-04,Mariposa,043,17540,3053,3036,355,3391,31
2022-09-04,Mendocino,045,87422,15828,15781,4416,20197,134
2022-09-04,Merced,047,269075,71535,71280,11526,82806,856
2022-09-04,Modoc,049,8938,870,868,316,1184,11
2022-09-04,Mono,051,14174,3185,3183,246,3429,7
2022-09-04,Monterey,053,433212,93482,93246,20767,114013,761
2022-09-04,Napa,055,140530,31875,31799,1407,33206,156
2022-09-04,Nevada,057,99092,18778,18705,1797,20502,132
2022-09-04,Orange,059,3164182,660912,659290,60472,719762,7347
2022-09-04,Placer,061,380077,74951,74754,9307,84061,657
2022-09-04,Plumas,063,18699,3593,3587,431,4018,13
2022-09-04,Riverside,065,2383286,689696,687184,34855,722039,6581
2022-09-04,Sacramento,067,1510023,342801,341766,33216,374982,3243
2022-09-04,San Benito,069,59416,15970,15900,952,16852,103
2022-09-04,San Bernardino,071,2135413,662752,658354,30372,688726,8006
2022-09-04,San Diego,073,3302833,914944,912824,70352,983176,5464
2022-09-04,San Francisco,075,870044,176440,176131,11946,188077,1015
2022-09-04,San Joaquin,077,732212,195515,194904,14143,209047,2301
2022-09-04,San Luis Obispo,079,281455,62560,62455,7047,69502,517
2022-09-04,San Mateo,081,765935,166046,165520,10485,176005,738
2022-09-04,Santa Barbara,083,443738,104617,104161,6821,110982,716
2022-09-04,Santa Clara,085,1922200,426464,425040,18652,443692,2473
2022-09-04,Santa Cruz,087,273765,62255,61989,3392,65381,273
2022-09-04,Shasta,089,179085,34524,34422,7285,41707,591
2022-09-04,Sierra,091,2930,303,303,60,363,5
2022-09-04,Siskiyou,093,43540,5195,5168,3284,8452,89
2022-09-04,Solano,095,438530,103699,103457,7631,111088,461
2022-09-04,Sonoma,097,501317,105689,105162,5253,110415,517
2022-09-04,Stanislaus,099,539301,136551,136168,20841,157009,1726
2022-09-04,Sutter,101,95872,23992,23927,2461,26388,228
2022-09-04,Tehama,103,63373,13465,13406,3053,16459,210
2022-09-04,Trinity,105,12862,1383,1377,376,1753,20
2022-09-04,Tulare,107,460477,120909,120592,35886,156478,1527
2022-09-04,Tuolumne,109,53932,15344,15294,919,16213,196
2022-09-04,Ventura,111,848112,206356,205627,15312,220939,1558
2022-09-04,Yolo,113,214977,46979,46882,4324,51206,334
2022-09-04,Yuba,115,75493,18679,18615,1681,20296,129
2022-09-03,Alameda,001,1643700,342578,341621,19573,361194,1998
2022-09-03,Alpine,003,1148,133,133,1,134,0
2022-09-03,Amador,005,37829,9880,9855,916,10771,89
2022-09-03,Butte,007,227075,38982,38851,8880,47731,453
2022-09-03,Calaveras,009,45235,8439,8422,522,8944,133
2022-09-03,Colusa,011,21464,3749,3742,1249,4991,22
2022-09-03,Contra Costa,013,1133247,246141,245022,20295,265317,1410
2022-09-03,Del Norte,015,27424,7346,7340,400,7740,56
2022-09-03,El Dorado,017,186661,31990,31929,4206,36135,229
2022-09-03,Fresno,019,978130,271872,271062,30392,301454,2835
2022-09-03,Glenn,021,27897,5470,5462,1851,7313,48
2022-09-03,Humboldt,023,135768,21466,21390,4912,26302,154
2022-09-03,Imperial,025,180216,64859,64678,15441,80119,956
2022-09-03,Inyo,027,18085,4458,4449,919,5368,59
2022-09-03,Kern,029,883053,217048,216471,59170,275641,2404
2022-09-03,Kings,031,150075,58922,58753,4047,62800,455
2022-09-03,Lake,033,64148,12647,12608,1159,13767,143
2022-09-03,Lassen,035,31185,9920,9908,981,10889,64
2022-09-03,Los Angeles,037,10098052,3244759,3235242,176618,3411860,32927
2022-09-03,Madera,039,155013,43570,43403,8151,51554,373
2022-09-03,Marin,041,260295,44532,44394,5241,49635,305
2022-09-03,Mariposa,043,17540,3052,3036,354,3390,31
2022-09-03,Mendocino,045,87422,15816,15781,4413,20194,134
2022-09-03,Merced,047,269075,71510,71280,11524,82804,856
2022-09-03,Modoc,049,8938,870,868,316,1184,11
2022-09-03,Mono,051,14174,3185,3183,245,3428,7
2022-09-03,Monterey,053,433212,93471,93246,20758,114004,761
2022-09-03,Napa,055,140530,31869,31799,1407,33206,156
2022-09-03,Nevada,057,99092,18772,18705,1797,20502,132
2022-09-03,Orange,059,3164182,660725,659290,60421,719711,7347
2022-09-03,Placer,061,380077,74923,74754,9306,84060,657
2022-09-03,Plumas,063,18699,3591,3587,431,4018,13
2022-09-03,Riverside,065,2383286,689514,687184,34829,722013,6581
2022-09-03,Sacramento,067,1510023,342691,341766,33209,374975,3243
2022-09-03,San Benito,069,59416,15964,15900,951,16851,103
2022-09-03,San Bernardino,071,2135413,662579,658354,30348,688702,8006
2022-09-03,San Diego,073,3302833,914705,912824,70335,983159,5464
2022-09-03,San Francisco,075,870044,176419,176131,11941,188072,1015
2022-09-03,San Joaquin,077,732212,195461,194904,14133,209037,2301
2022-09-03,San Luis Obispo,079,281455,62551,62455,7044,69499,517
2022-09-03,San Mateo,081,765935,165987,165520,10476,175996,738
2022-09-03,Santa Barbara,083,443738,104571,104161,6816,110977,716
2022-09-03,Santa Clara,085,1922200,426292,425040,18647,443687,2473
2022-09-03,Santa Cruz,087,273765,62237,61989,3392,65381,273
2022-09-03,Shasta,089,179085,34513,34422,7282,41704,591
2022-09-03,Sierra,091,2930,303,303,60,363,5
2022-09-03,Siskiyou,093,43540,5192,5168,3284,8452,89
2022-09-03,Solano,095,438530,103684,103457,7627,111084,461
2022-09-03,Sonoma,097,501317,105666,105162,5253,110415,517
2022-09-03,Stanislaus,099,539301,136512,136168,20835,157003,1726
2022-09-03,Sutter,101,95872,23981,23927,2460,26387,228
2022-09-03,Tehama,103,63373,13460,13406,3052,16458,210
2022-09-03,Trinity,105,12862,1383,1377,376,1753,20
2022-09-03,Tulare,107,460477,120878,120592,35855,156447,1527
2022-09-03,Tuolumne,109,53932,15340,15294,918,16212,196
2022-09-03,Ventura,111,848112,206280,205627,15299,220926,1558
2022-09-03,Yolo,113,214977,46970,46882,4322,51204,334
2022-09-03,Yuba,115,75493,18670,18615,1680,20295,129
2022-09-02,Alameda,001,1643700,342448,341621,19567,361188,1998
2022-09-02,Alpine,003,1148,133,133,1,134,0
2022-09-02,Amador,005,37829,9879,9855,916,10771,89
2022-09-02,Butte,007,227075,38970,38851,8870,47721,453
2022-09-02,Calaveras,009,45235,8435,8422,521,8943,133
2022-09-02,Colusa,011,21464,3748,3742,1249,4991,22
2022-09-02,Contra Costa,013,1133247,246048,245022,20284,265306,1410
2022-09-02,Del Norte,015,27424,7346,7340,398,7738,56
2022-09-02,El Dorado,017,186661,31979,31929,4204,36133,229
2022-09-02,Fresno,019,978130,271766,271062,30372,301434,2835
2022-09-02,Glenn,021,27897,5466,5462,1851,7313,48
2022-09-02,Humboldt,023,135768,21460,21390,4908,26298,154
2022-09-02,Imperial,025,180216,64844,64678,15435,80113,956
2022-09-02,Inyo,027,18085,4455,4449,918,5367,59
2022-09-02,Kern,029,883053,216970,216471,59145,275616,2404
2022-09-02,Kings,031,150075,58911,58753,4044,62797,455
2022-09-02,Lake,033,64148,12643,12608,1159,13767,143
2022-09-02,Lassen,035,31185,9919,9908,981,10889,64
2022-09-02,Los Angeles,037,10098052,3243824,3235242,176477,3411719,32927
2022-09-02,Madera,039,155013,43557,43403,8145,51548,373
2022-09-02,Marin,041,260295,44517,44394,5231,49625,305
2022-09-02,Mariposa,043,17540,3049,3036,352,3388,31
2022-09-02,Mendocino,045,87422,15814,15781,4412,20193,134
2022-09-02,Merced,047,269075,71485,71280,11521,82801,856
2022-09-02,Modoc,049,8938,870,868,316,1184,11
2022-09-02,Mono,051,14174,3185,3183,244,3427,7
2022-09-02,Monterey,053,433212,93444,93246,20746,113992,761
2022-09-02,Napa,055,140530,31856,31799,1407,33206,156
2022-09-02,Nevada,057,99092,18767,18705,1795,20500,132
2022-09-02,Orange,059,3164182,660535,659290,60364,719654,7347
2022-09-02,Placer,061,380077,74908,74754,9300,84054,657
2022-09-02,Plumas,063,18699,3590,3587,431,4018,13
2022-09-02,Riverside,065,2383286,689272,687184,34815,721999,6581
2022-09-02,Sacramento,067,1510023,342545,341766,33204,374970,3243
2022-09-02,San Benito,069,59416,15957,15900,951,16851,103
2022-09-02,San Bernardino,071,2135413,662409,658354,30332,688686,8006
2022-09-02,San Diego,073,3302833,914446,912824,70310,983134,5464
2022-09-02,San Francisco,075,870044,176386,176131,11924,188055,1015
2022-09-02,San Joaquin,077,732212,195358,194904,14126,209030,2301
2022-09-02,San Luis Obispo,079,281455,62536,62455,7043,69498,517
2022-09-02,San Mateo,081,765935,165911,165520,10473,175993,738
2022-09-02,Santa Barbara,083,443738,104526,104161,6813,110974,716
2022-09-02,Santa Clara,085,1922200,426100,425040,18636,443676,2473
2022-09-02,Santa Cruz,087,273765,62215,61989,3390,65379,273
2022-09-02,Shasta,089,179085,34506,34422,7281,41703,591
2022-09-02,Sierra,091,2930,303,303,60,363,5
2022-09-02,Siskiyou,093,43540,5189,5168,3284,8452,89
2022-09-02,Solano,095,438530,103650,103457,7623,111080,461
2022-09-02,Sonoma,097,501317,105632,105162,5250,110412,517
2022-09-02,Stanislaus,099,539301,136467,136168,20830,156998,1726
2022-09-02,Sutter,101,95872,23970,23927,2459,26386,228
2022-09-02,Tehama,103,63373,13457,13406,3050,16456,210
2022-09-02,Trinity,105,12862,1382,1377,376,1753,20
2022-09-02,Tulare,107,460477,120836,120592,35834,156426,1527
2022-09-02,Tuolumne,109,53932,15338,15294,918,16212,196
2022-09-02,Ventura,111,848112,206195,205627,15288,220915,1558
2022-09-02,Yolo,113,214977,46959,46882,4319,51201,334
2022-09-02,Yuba,115,75493,18662,18615,1677,20292,129
2022-09-01,Alameda,001,1643700,342236,341621,19544,361165,1998
2022-09-01,Alpine,003,1148,133,133,1,134,0
2022-09-01,Amador,005,37829,9875,9855,916,10771,89
2022-09-01,Butte,007,227075,38943,38851,8857,47708,453
2022-09-01,Calaveras,009,45235,8430,8422,520,8942,133
2022-09-01,Colusa,011,21464,3744,3742,1249,4991,22
2022-09-01,Contra Costa,013,1133247,245901,245022,20258,265280,1410
2022-09-01,Del Norte,015,27424,7345,7340,396,7736,56
2022-09-01,El Dorado,017,186661,31969,31929,4203,36132,229
2022-09-01,Fresno,019,978130,271598,271062,30310,301372,2835
2022-09-01,Glenn,021,27897,5464,5462,1851,7313,48
2022-09-01,Humboldt,023,135768,21447,21390,4901,26291,154
2022-09-01,Imperial,025,180216,64800,64678,15413,80091,956
2022-09-01,Inyo,027,18085,4453,4449,917,5366,59
2022-09-01,Kern,029,883053,216900,216471,59086,275557,2404
2022-09-01,Kings,031,150075,58881,58753,4042,62795,455
2022-09-01,Lake,033,64148,12633,12608,1158,13766,143
2022-09-01,Lassen,035,31185,9919,9908,979,10887,64
2022-09-01,Los Angeles,037,10098052,3242351,3235242,176280,3411522,32927
2022-09-01,Madera,039,155013,43519,43403,8141,51544,373
2022-09-01,Marin,041,260295,44485,44394,5222,49616,305
2022-09-01,Mariposa,043,17540,3048,3036,352,3388,31
2022-09-01,Mendocino,045,87422,15811,15781,4411,20192,134
2022-09-01,Merced,047,269075,71455,71280,11505,82785,856
2022-09-01,Modoc,049,8938,870,868,315,1183,11
2022-09-01,Mono,051,14174,3184,3183,244,3427,7
2022-09-01,Monterey,053,433212,93404,93246,20725,113971,761
2022-09-01,Napa,055,140530,31837,31799,1407,33206,156
2022-09-01,Nevada,057,99092,18759,18705,1794,20499,132
2022-09-01,Orange,059,3164182,660234,659290,60289,719579,7347
2022-09-01,Placer,061,380077,74873,74754,9293,84047,657
2022-09-01,Plumas,063,18699,3588,3587,431,4018,13
2022-09-01,Riverside,065,2383286,688944,687184,34778,721962,6581
2022-09-01,Sacramento,067,1510023,342353,341766,33166,374932,3243
2022-09-01,San Benito,069,59416,15949,15900,950,16850,103
2022-09-01,San Bernardino,071,2135413,662097,658354,30302,688656,8006
2022-09-01,San Diego,073,3302833,914040,912824,70267,983091,5464
2022-09-01,San Francisco,075,870044,176334,176131,11915,188046,1015
2022-09-01,San Joaquin,077,732212,195268,194904,14115,209019,2301
2022-09-01,San Luis Obispo,079,281455,62504,62455,7033,69488,517
2022-09-01,San Mateo,081,765935,165822,165520,10466,175986,738
2022-09-01,Santa Barbara,083,443738,104464,104161,6804,110965,716
2022-09-01,Santa Clara,085,1922200,425816,425040,18627,443667,2473
2022-09-01,Santa Cruz,087,273765,62163,61989,3385,65374,273
2022-09-01,Shasta,089,179085,34488,34422,7276,41698,591
2022-09-01,Sierra,091,2930,303,303,60,363,5
2022-09-01,Siskiyou,093,43540,5188,5168,3283,8451,89
2022-09-01,Solano,095,438530,103581,103457,7620,111077,461
2022-09-01,Sonoma,097,501317,105565,105162,5241,110403,517
2022-09-01,Stanislaus,099,539301,136390,136168,20816,156984,1726
2022-09-01,Sutter,101,95872,23953,23927,2456,26383,228
2022-09-01,Tehama,103,63373,13453,13406,3047,16453,210
2022-09-01,Trinity,105,12862,1381,1377,373,1750,20
2022-09-01,Tulare,107,460477,120786,120592,35791,156383,1527
2022-09-01,Tuolumne,109,53932,15330,15294,918,16212,196
2022-09-01,Ventura,111,848112,206053,205627,15269,220896,1558
2022-09-01,Yolo,113,214977,46932,46882,4312,51194,334
2022-09-01,Yuba,115,75493,18648,18615,1677,20292,129
2022-08-31,Alameda,001,1643700,342013,340789,19529,360318,1986
2022-08-31,Alpine,003,1148,133,133,1,134,0
2022-08-31,Amador,005,37829,9872,9829,914,10743,89
2022-08-31,Butte,007,227075,38909,38720,8839,47559,452
2022-08-31,Calaveras,009,45235,8428,8404,519,8923,133
2022-08-31,Colusa,011,21464,3743,3744,1249,4993,22
2022-08-31,Contra Costa,013,1133247,245749,244168,20232,264400,1409
2022-08-31,Del Norte,015,27424,7342,7333,396,7729,56
2022-08-31,El Dorado,017,186661,31962,31864,4197,36061,226
2022-08-31,Fresno,019,978130,271418,270456,30173,300629,2829
2022-08-31,Glenn,021,27897,5463,5448,1850,7298,48
2022-08-31,Humboldt,023,135768,21422,21325,4897,26222,154
2022-08-31,Imperial,025,180216,64775,64562,15393,79955,953
2022-08-31,Inyo,027,18085,4451,4444,916,5360,59
2022-08-31,Kern,029,883053,216794,216037,59023,275060,2404
2022-08-31,Kings,031,150075,58849,58629,4037,62666,455
2022-08-31,Lake,033,64148,12621,12563,1158,13721,142
2022-08-31,Lassen,035,31185,9914,9889,978,10867,64
2022-08-31,Los Angeles,037,10098052,3240669,3228552,176064,3404616,32877
2022-08-31,Madera,039,155013,43484,43269,8127,51396,372
2022-08-31,Marin,041,260295,44456,44330,5216,49546,305
2022-08-31,Mariposa,043,17540,3048,3025,351,3376,31
2022-08-31,Mendocino,045,87422,15803,15733,4406,20139,134
2022-08-31,Merced,047,269075,71429,71089,11480,82569,852
2022-08-31,Modoc,049,8938,868,865,315,1180,11
2022-08-31,Mono,051,14174,3184,3181,243,3424,7
2022-08-31,Monterey,053,433212,93363,93046,20705,113751,762
2022-08-31,Napa,055,140530,31821,31725,1405,33130,156
2022-08-31,Nevada,057,99092,18742,18649,1793,20442,132
2022-08-31,Orange,059,3164182,659834,658076,60203,718279,7340
2022-08-31,Placer,061,380077,74835,74612,9289,83901,657
2022-08-31,Plumas,063,18699,3587,3581,431,4012,13
2022-08-31,Riverside,065,2383286,688553,685704,34738,720442,6581
2022-08-31,Sacramento,067,1510023,342149,340949,33122,374071,3230
2022-08-31,San Benito,069,59416,15937,15860,948,16808,103
2022-08-31,San Bernardino,071,2135413,661676,656343,30262,686605,8014
2022-08-31,San Diego,073,3302833,913583,910878,70211,981089,5459
2022-08-31,San Francisco,075,870044,176262,175752,11904,187656,1001
2022-08-31,San Joaquin,077,732212,195111,194437,14099,208536,2298
2022-08-31,San Luis Obispo,079,281455,62481,62312,7020,69332,515
2022-08-31,San Mateo,081,765935,165717,165161,10459,175620,738
2022-08-31,Santa Barbara,083,443738,104386,103894,6795,110689,717
2022-08-31,Santa Clara,085,1922200,425528,424011,18610,442621,2467
2022-08-31,Santa Cruz,087,273765,62114,61812,3382,65194,272
2022-08-31,Shasta,089,179085,34474,34355,7268,41623,590
2022-08-31,Sierra,091,2930,303,302,60,362,5
2022-08-31,Siskiyou,093,43540,5181,5152,3282,8434,89
2022-08-31,Solano,095,438530,103517,103173,7617,110790,461
2022-08-31,Sonoma,097,501317,105494,104964,5230,110194,527
2022-08-31,Stanislaus,099,539301,136304,135801,20794,156595,1722
2022-08-31,Sutter,101,95872,23936,23856,2456,26312,228
2022-08-31,Tehama,103,63373,13439,13370,3042,16412,210
2022-08-31,Trinity,105,12862,1381,1373,373,1746,20
2022-08-31,Tulare,107,460477,120716,120346,35740,156086,1527
2022-08-31,Tuolumne,109,53932,15321,15250,916,16166,196
2022-08-31,Ventura,111,848112,205927,205157,15250,220407,1557
2022-08-31,Yolo,113,214977,46900,46807,4305,51112,334
2022-08-31,Yuba,115,75493,18627,18558,1673,20231,129
2022-08-30,Alameda,001,1643700,341766,340789,19510,360299,1986
2022-08-30,Alpine,003,1148,133,133,1,134,0
2022-08-30,Amador,005,37829,9861,9829,914,10743,89
2022-08-30,Butte,007,227075,38874,38720,8823,47543,452
2022-08-30,Calaveras,009,45235,8424,8404,517,8921,133
2022-08-30,Colusa,011,21464,3742,3744,1247,4991,22
2022-08-30,Contra Costa,013,1133247,245597,244168,20212,264380,1409
2022-08-30,Del Norte,015,27424,7340,7333,396,7729,56
2022-08-30,El Dorado,017,186661,31946,31864,4193,36057,226
2022-08-30,Fresno,019,978130,271224,270456,30073,300529,2829
2022-08-30,Glenn,021,27897,5463,5448,1849,7297,48
2022-08-30,Humboldt,023,135768,21403,21325,4893,26218,154
2022-08-30,Imperial,025,180216,64733,64562,15357,79919,953
2022-08-30,Inyo,027,18085,4450,4444,913,5357,59
2022-08-30,Kern,029,883053,216667,216037,58936,274973,2404
2022-08-30,Kings,031,150075,58795,58629,4033,62662,455
2022-08-30,Lake,033,64148,12611,12563,1157,13720,142
2022-08-30,Lassen,035,31185,9910,9889,978,10867,64
2022-08-30,Los Angeles,037,10098052,3238676,3228552,175817,3404369,32877
2022-08-30,Madera,039,155013,43434,43269,8111,51380,372
2022-08-30,Marin,041,260295,44425,44330,5211,49541,305
2022-08-30,Mariposa,043,17540,3046,3025,349,3374,31
2022-08-30,Mendocino,045,87422,15792,15733,4396,20129,134
2022-08-30,Merced,047,269075,71379,71089,11458,82547,852
2022-08-30,Modoc,049,8938,868,865,315,1180,11
2022-08-30,Mono,051,14174,3183,3181,243,3424,7
2022-08-30,Monterey,053,433212,93316,93046,20689,113735,762
2022-08-30,Napa,055,140530,31805,31725,1404,33129,156
2022-08-30,Nevada,057,99092,18724,18649,1773,20422,132
2022-08-30,Orange,059,3164182,659401,658076,60105,718181,7340
2022-08-30,Placer,061,380077,74801,74612,9283,83895,657
2022-08-30,Plumas,063,18699,3586,3581,431,4012,13
2022-08-30,Riverside,065,2383286,688113,685704,34701,720405,6581
2022-08-30,Sacramento,067,1510023,341952,340949,33080,374029,3230
2022-08-30,San Benito,069,59416,15923,15860,944,16804,103
2022-08-30,San Bernardino,071,2135413,661226,656343,30232,686575,8014
2022-08-30,San Diego,073,3302833,913057,910878,70118,980996,5459
2022-08-30,San Francisco,075,870044,176149,175752,11895,187647,1001
2022-08-30,San Joaquin,077,732212,194962,194437,14071,208508,2298
2022-08-30,San Luis Obispo,079,281455,62450,62312,7004,69316,515
2022-08-30,San Mateo,081,765935,165615,165161,10449,175610,738
2022-08-30,Santa Barbara,083,443738,104301,103894,6783,110677,717
2022-08-30,Santa Clara,085,1922200,425204,424011,18595,442606,2467
2022-08-30,Santa Cruz,087,273765,62066,61812,3373,65185,272
2022-08-30,Shasta,089,179085,34452,34355,7263,41618,590
2022-08-30,Sierra,091,2930,303,302,60,362,5
2022-08-30,Siskiyou,093,43540,5172,5152,3280,8432,89
2022-08-30,Solano,095,438530,103429,103173,7610,110783,461
2022-08-30,Sonoma,097,501317,105430,104964,5223,110187,527
2022-08-30,Stanislaus,099,539301,136198,135801,20779,156580,1722
2022-08-30,Sutter,101,95872,23918,23856,2456,26312,228
2022-08-30,Tehama,103,63373,13433,13370,3034,16404,210
2022-08-30,Trinity,105,12862,1380,1373,372,1745,20
2022-08-30,Tulare,107,460477,120633,120346,35685,156031,1527
2022-08-30,Tuolumne,109,53932,15307,15250,916,16166,196
2022-08-30,Ventura,111,848112,205780,205157,15209,220366,1557
2022-08-30,Yolo,113,214977,46881,46807,4300,51107,334
2022-08-30,Yuba,115,75493,18614,18558,1671,20229,129
2022-08-29,Alameda,001,1643700,341451,340789,19480,360269,1986
2022-08-29,Alpine,003,1148,133,133,1,134,0
2022-08-29,Amador,005,37829,9847,9829,913,10742,89
2022-08-29,Butte,007,227075,38833,38720,8805,47525,452
2022-08-29,Calaveras,009,45235,8423,8404,515,8919,133
2022-08-29,Colusa,011,21464,3742,3744,1247,4991,22
2022-08-29,Contra Costa,013,1133247,245416,244168,20185,264353,1409
2022-08-29,Del Norte,015,27424,7339,7333,396,7729,56
2022-08-29,El Dorado,017,186661,31930,31864,4187,36051,226
2022-08-29,Fresno,019,978130,270998,270456,30033,300489,2829
2022-08-29,Glenn,021,27897,5461,5448,1846,7294,48
2022-08-29,Humboldt,023,135768,21382,21325,4885,26210,154
2022-08-29,Imperial,025,180216,64692,64562,15317,79879,953
2022-08-29,Inyo,027,18085,4449,4444,909,5353,59
2022-08-29,Kern,029,883053,216505,216037,58848,274885,2404
2022-08-29,Kings,031,150075,58725,58629,4029,62658,455
2022-08-29,Lake,033,64148,12597,12563,1156,13719,142
2022-08-29,Lassen,035,31185,9904,9889,978,10867,64
2022-08-29,Los Angeles,037,10098052,3236521,3228552,175547,3404099,32877
2022-08-29,Madera,039,155013,43395,43269,8090,51359,372
2022-08-29,Marin,041,260295,44390,44330,5205,49535,305
2022-08-29,Mariposa,043,17540,3043,3025,347,3372,31
2022-08-29,Mendocino,045,87422,15779,15733,4383,20116,134
2022-08-29,Merced,047,269075,71320,71089,11425,82514,852
2022-08-29,Modoc,049,8938,867,865,314,1179,11
2022-08-29,Mono,051,14174,3182,3181,243,3424,7
2022-08-29,Monterey,053,433212,93280,93046,20659,113705,762
2022-08-29,Napa,055,140530,31785,31725,1404,33129,156
2022-08-29,Nevada,057,99092,18708,18649,1771,20420,132
2022-08-29,Orange,059,3164182,658961,658076,60022,718098,7340
2022-08-29,Placer,061,380077,74766,74612,9271,83883,657
2022-08-29,Plumas,063,18699,3585,3581,431,4012,13
2022-08-29,Riverside,065,2383286,687544,685704,34641,720345,6581
2022-08-29,Sacramento,067,1510023,341678,340949,33031,373980,3230
2022-08-29,San Benito,069,59416,15909,15860,942,16802,103
2022-08-29,San Bernardino,071,2135413,660667,656343,30197,686540,8014
2022-08-29,San Diego,073,3302833,912434,910878,70052,980930,5459
2022-08-29,San Francisco,075,870044,176046,175752,11886,187638,1001
2022-08-29,San Joaquin,077,732212,194822,194437,14049,208486,2298
2022-08-29,San Luis Obispo,079,281455,62423,62312,6991,69303,515
2022-08-29,San Mateo,081,765935,165512,165161,10441,175602,738
2022-08-29,Santa Barbara,083,443738,104222,103894,6773,110667,717
2022-08-29,Santa Clara,085,1922200,424816,424011,18569,442580,2467
2022-08-29,Santa Cruz,087,273765,62000,61812,3364,65176,272
2022-08-29,Shasta,089,179085,34434,34355,7249,41604,590
2022-08-29,Sierra,091,2930,303,302,60,362,5
2022-08-29,Siskiyou,093,43540,5168,5152,3279,8431,89
2022-08-29,Solano,095,438530,103350,103173,7600,110773,461
2022-08-29,Sonoma,097,501317,105349,104964,5216,110180,527
2022-08-29,Stanislaus,099,539301,136077,135801,20744,156545,1722
2022-08-29,Sutter,101,95872,23890,23856,2453,26309,228
2022-08-29,Tehama,103,63373,13424,13370,3033,16403,210
2022-08-29,Trinity,105,12862,1379,1373,372,1745,20
2022-08-29,Tulare,107,460477,120547,120346,35611,155957,1527
2022-08-29,Tuolumne,109,53932,15292,15250,916,16166,196
2022-08-29,Ventura,111,848112,205642,205157,15183,220340,1557
2022-08-29,Yolo,113,214977,46857,46807,4290,51097,334
2022-08-29,Yuba,115,75493,18597,18558,1666,20224,129
2022-08-28,Alameda,001,1643700,341129,339618,19455,359073,1978
2022-08-28,Alpine,003,1148,133,133,1,134,0
2022-08-28,Amador,005,37829,9840,9802,911,10713,89
2022-08-28,Butte,007,227075,38783,38606,8793,47399,452
2022-08-28,Calaveras,009,45235,8415,8368,514,8882,133
2022-08-28,Colusa,011,21464,3740,3736,1244,4980,22
2022-08-28,Contra Costa,013,1133247,245202,243331,20161,263492,1404
2022-08-28,Del Norte,015,27424,7334,7316,395,7711,55
2022-08-28,El Dorado,017,186661,31901,31760,4179,35939,226
2022-08-28,Fresno,019,978130,270758,269680,29976,299656,2829
2022-08-28,Glenn,021,27897,5458,5434,1844,7278,49
2022-08-28,Humboldt,023,135768,21359,21264,4869,26133,154
2022-08-28,Imperial,025,180216,64641,64391,15266,79657,953
2022-08-28,Inyo,027,18085,4448,4443,906,5349,59
2022-08-28,Kern,029,883053,216367,215612,58734,274346,2399
2022-08-28,Kings,031,150075,58668,58443,4018,62461,455
2022-08-28,Lake,033,64148,12585,12524,1153,13677,142
2022-08-28,Lassen,035,31185,9893,9871,978,10849,64
2022-08-28,Los Angeles,037,10098052,3233952,3219328,175208,3394536,32833
2022-08-28,Madera,039,155013,43346,43105,8057,51162,372
2022-08-28,Marin,041,260295,44358,44192,5196,49388,305
2022-08-28,Mariposa,043,17540,3037,3018,346,3364,31
2022-08-28,Mendocino,045,87422,15766,15698,4379,20077,134
2022-08-28,Merced,047,269075,71251,70906,11371,82277,851
2022-08-28,Modoc,049,8938,867,865,314,1179,11
2022-08-28,Mono,051,14174,3181,3181,243,3424,7
2022-08-28,Monterey,053,433212,93214,92844,20629,113473,760
2022-08-28,Napa,055,140530,31758,31668,1403,33071,156
2022-08-28,Nevada,057,99092,18687,18592,1770,20362,132
2022-08-28,Orange,059,3164182,658508,656440,59920,716360,7326
2022-08-28,Placer,061,380077,74725,74391,9258,83649,657
2022-08-28,Plumas,063,18699,3582,3571,431,4002,13
2022-08-28,Riverside,065,2383286,686917,683511,34573,718084,6580
2022-08-28,Sacramento,067,1510023,341346,339846,32957,372803,3222
2022-08-28,San Benito,069,59416,15896,15805,939,16744,103
2022-08-28,San Bernardino,071,2135413,660079,653843,30139,683982,8017
2022-08-28,San Diego,073,3302833,911689,908809,69958,978767,5456
2022-08-28,San Francisco,075,870044,175898,175204,11876,187080,1000
2022-08-28,San Joaquin,077,732212,194601,193880,14016,207896,2296
2022-08-28,San Luis Obispo,079,281455,62381,62105,6970,69075,515
2022-08-28,San Mateo,081,765935,165364,164675,10428,175103,738
2022-08-28,Santa Barbara,083,443738,104098,103496,6753,110249,717
2022-08-28,Santa Clara,085,1922200,424410,422650,18548,441198,2459
2022-08-28,Santa Cruz,087,273765,61903,61594,3347,64941,273
2022-08-28,Shasta,089,179085,34403,34283,7230,41513,590
2022-08-28,Sierra,091,2930,302,300,60,360,5
2022-08-28,Siskiyou,093,43540,5162,5140,3277,8417,89
2022-08-28,Solano,095,438530,103257,102855,7591,110446,460
2022-08-28,Sonoma,097,501317,105265,104646,5204,109850,557
2022-08-28,Stanislaus,099,539301,135928,135310,20715,156025,1722
2022-08-28,Sutter,101,95872,23863,23759,2450,26209,228
2022-08-28,Tehama,103,63373,13405,13340,3031,16371,210
2022-08-28,Trinity,105,12862,1379,1370,370,1740,20
2022-08-28,Tulare,107,460477,120434,119942,35501,155443,1527
2022-08-28,Tuolumne,109,53932,15286,15193,911,16104,196
2022-08-28,Ventura,111,848112,205451,204567,15109,219676,1553
2022-08-28,Yolo,113,214977,46809,46744,4277,51021,334
2022-08-28,Yuba,115,75493,18578,18482,1660,20142,129
2022-08-27,Alameda,001,1643700,340947,339618,19443,359061,1978
2022-08-27,Alpine,003,1148,133,133,1,134,0
2022-08-27,Amador,005,37829,9834,9802,910,10712,89
2022-08-27,Butte,007,227075,38754,38606,8780,47386,452
2022-08-27,Calaveras,009,45235,8410,8368,514,8882,133
2022-08-27,Colusa,011,21464,3739,3736,1241,4977,22
2022-08-27,Contra Costa,013,1133247,245066,243331,20150,263481,1404
2022-08-27,Del Norte,015,27424,7333,7316,394,7710,55
2022-08-27,El Dorado,017,186661,31890,31760,4175,35935,226
2022-08-27,Fresno,019,978130,270640,269680,29960,299640,2829
2022-08-27,Glenn,021,27897,5456,5434,1844,7278,49
2022-08-27,Humboldt,023,135768,21344,21264,4861,26125,154
2022-08-27,Imperial,025,180216,64618,64391,15256,79647,953
2022-08-27,Inyo,027,18085,4447,4443,906,5349,59
2022-08-27,Kern,029,883053,216287,215612,58683,274295,2399
2022-08-27,Kings,031,150075,58638,58443,4015,62458,455
2022-08-27,Lake,033,64148,12581,12524,1153,13677,142
2022-08-27,Lassen,035,31185,9889,9871,978,10849,64
2022-08-27,Los Angeles,037,10098052,3232711,3219328,175011,3394339,32833
2022-08-27,Madera,039,155013,43311,43105,8053,51158,372
2022-08-27,Marin,041,260295,44339,44192,5186,49378,305
2022-08-27,Mariposa,043,17540,3036,3018,345,3363,31
2022-08-27,Mendocino,045,87422,15760,15698,4377,20075,134
2022-08-27,Merced,047,269075,71208,70906,11363,82269,851
2022-08-27,Modoc,049,8938,867,865,314,1179,11
2022-08-27,Mono,051,14174,3181,3181,243,3424,7
2022-08-27,Monterey,053,433212,93183,92844,20613,113457,760
2022-08-27,Napa,055,140530,31742,31668,1401,33069,156
2022-08-27,Nevada,057,99092,18677,18592,1768,20360,132
2022-08-27,Orange,059,3164182,658252,656440,59821,716261,7326
2022-08-27,Placer,061,380077,74689,74391,9254,83645,657
2022-08-27,Plumas,063,18699,3581,3571,431,4002,13
2022-08-27,Riverside,065,2383286,686590,683511,34546,718057,6580
2022-08-27,Sacramento,067,1510023,341215,339846,32944,372790,3222
2022-08-27,San Benito,069,59416,15881,15805,934,16739,103
2022-08-27,San Bernardino,071,2135413,659775,653843,30108,683951,8017
2022-08-27,San Diego,073,3302833,911359,908809,69931,978740,5456
2022-08-27,San Francisco,075,870044,175825,175204,11869,187073,1000
2022-08-27,San Joaquin,077,732212,194544,193880,13995,207875,2296
2022-08-27,San Luis Obispo,079,281455,62366,62105,6963,69068,515
2022-08-27,San Mateo,081,765935,165274,164675,10422,175097,738
2022-08-27,Santa Barbara,083,443738,104036,103496,6742,110238,717
2022-08-27,Santa Clara,085,1922200,424199,422650,18535,441185,2459
2022-08-27,Santa Cruz,087,273765,61889,61594,3346,64940,273
2022-08-27,Shasta,089,179085,34393,34283,7224,41507,590
2022-08-27,Sierra,091,2930,302,300,60,360,5
2022-08-27,Siskiyou,093,43540,5160,5140,3277,8417,89
2022-08-27,Solano,095,438530,103221,102855,7584,110439,460
2022-08-27,Sonoma,097,501317,105221,104646,5201,109847,557
2022-08-27,Stanislaus,099,539301,135855,135310,20691,156001,1722
2022-08-27,Sutter,101,95872,23848,23759,2450,26209,228
2022-08-27,Tehama,103,63373,13400,13340,3030,16370,210
2022-08-27,Trinity,105,12862,1378,1370,369,1739,20
2022-08-27,Tulare,107,460477,120375,119942,35451,155393,1527
2022-08-27,Tuolumne,109,53932,15280,15193,909,16102,196
2022-08-27,Ventura,111,848112,205367,204567,15098,219665,1553
2022-08-27,Yolo,113,214977,46788,46744,4276,51020,334
2022-08-27,Yuba,115,75493,18567,18482,1659,20141,129
2022-08-26,Alameda,001,1643700,340783,339618,19433,359051,1978
2022-08-26,Alpine,003,1148,133,133,1,134,0
2022-08-26,Amador,005,37829,9831,9802,908,10710,89
2022-08-26,Butte,007,227075,38739,38606,8768,47374,452
2022-08-26,Calaveras,009,45235,8405,8368,514,8882,133
2022-08-26,Colusa,011,21464,3738,3736,1241,4977,22
2022-08-26,Contra Costa,013,1133247,244914,243331,20141,263472,1404
2022-08-26,Del Norte,015,27424,7331,7316,394,7710,55
2022-08-26,El Dorado,017,186661,31869,31760,4174,35934,226
2022-08-26,Fresno,019,978130,270487,269680,29921,299601,2829
2022-08-26,Glenn,021,27897,5453,5434,1842,7276,49
2022-08-26,Humboldt,023,135768,21338,21264,4858,26122,154
2022-08-26,Imperial,025,180216,64594,64391,15241,79632,953
2022-08-26,Inyo,027,18085,4446,4443,899,5342,59
2022-08-26,Kern,029,883053,216202,215612,58625,274237,2399
2022-08-26,Kings,031,150075,58625,58443,4014,62457,455
2022-08-26,Lake,033,64148,12573,12524,1152,13676,142
2022-08-26,Lassen,035,31185,9887,9871,978,10849,64
2022-08-26,Los Angeles,037,10098052,3231321,3219328,174814,3394142,32833
2022-08-26,Madera,039,155013,43281,43105,8046,51151,372
2022-08-26,Marin,041,260295,44307,44192,5182,49374,305
2022-08-26,Mariposa,043,17540,3032,3018,340,3358,31
2022-08-26,Mendocino,045,87422,15754,15698,4375,20073,134
2022-08-26,Merced,047,269075,71171,70906,11354,82260,851
2022-08-26,Modoc,049,8938,866,865,314,1179,11
2022-08-26,Mono,051,14174,3181,3181,243,3424,7
2022-08-26,Monterey,053,433212,93145,92844,20596,113440,760
2022-08-26,Napa,055,140530,31729,31668,1400,33068,156
2022-08-26,Nevada,057,99092,18665,18592,1765,20357,132
2022-08-26,Orange,059,3164182,657991,656440,59762,716202,7326
2022-08-26,Placer,061,380077,74655,74391,9243,83634,657
2022-08-26,Plumas,063,18699,3580,3571,431,4002,13
2022-08-26,Riverside,065,2383286,686237,683511,34508,718019,6580
2022-08-26,Sacramento,067,1510023,341033,339846,32934,372780,3222
2022-08-26,San Benito,069,59416,15870,15805,934,16739,103
2022-08-26,San Bernardino,071,2135413,659473,653843,30084,683927,8017
2022-08-26,San Diego,073,3302833,910937,908809,69911,978720,5456
2022-08-26,San Francisco,075,870044,175741,175204,11863,187067,1000
2022-08-26,San Joaquin,077,732212,194470,193880,13977,207857,2296
2022-08-26,San Luis Obispo,079,281455,62345,62105,6958,69063,515
2022-08-26,San Mateo,081,765935,165186,164675,10415,175090,738
2022-08-26,Santa Barbara,083,443738,103984,103496,6736,110232,717
2022-08-26,Santa Clara,085,1922200,423989,422650,18523,441173,2459
2022-08-26,Santa Cruz,087,273765,61842,61594,3342,64936,273
2022-08-26,Shasta,089,179085,34381,34283,7220,41503,590
2022-08-26,Sierra,091,2930,302,300,60,360,5
2022-08-26,Siskiyou,093,43540,5157,5140,3277,8417,89
2022-08-26,Solano,095,438530,103163,102855,7574,110429,460
2022-08-26,Sonoma,097,501317,105179,104646,5199,109845,557
2022-08-26,Stanislaus,099,539301,135779,135310,20683,155993,1722
2022-08-26,Sutter,101,95872,23829,23759,2449,26208,228
2022-08-26,Tehama,103,63373,13389,13340,3028,16368,210
2022-08-26,Trinity,105,12862,1378,1370,369,1739,20
2022-08-26,Tulare,107,460477,120317,119942,35400,155342,1527
2022-08-26,Tuolumne,109,53932,15268,15193,909,16102,196
2022-08-26,Ventura,111,848112,205288,204567,15081,219648,1553
2022-08-26,Yolo,113,214977,46776,46744,4272,51016,334
2022-08-26,Yuba,115,75493,18554,18482,1659,20141,129
2022-08-25,Alameda,001,1643700,340496,339618,19405,359023,1978
2022-08-25,Alpine,003,1148,133,133,1,134,0
2022-08-25,Amador,005,37829,9824,9802,908,10710,89
2022-08-25,Butte,007,227075,38717,38606,8760,47366,452
2022-08-25,Calaveras,009,45235,8399,8368,514,8882,133
2022-08-25,Colusa,011,21464,3738,3736,1240,4976,22
2022-08-25,Contra Costa,013,1133247,244719,243331,20114,263445,1404
2022-08-25,Del Norte,015,27424,7322,7316,394,7710,55
2022-08-25,El Dorado,017,186661,31850,31760,4168,35928,226
2022-08-25,Fresno,019,978130,270291,269680,29875,299555,2829
2022-08-25,Glenn,021,27897,5448,5434,1841,7275,49
2022-08-25,Humboldt,023,135768,21317,21264,4847,26111,154
2022-08-25,Imperial,025,180216,64555,64391,15211,79602,953
2022-08-25,Inyo,027,18085,4446,4443,892,5335,59
2022-08-25,Kern,029,883053,216064,215612,58552,274164,2399
2022-08-25,Kings,031,150075,58567,58443,4006,62449,455
2022-08-25,Lake,033,64148,12560,12524,1149,13673,142
2022-08-25,Lassen,035,31185,9886,9871,977,10848,64
2022-08-25,Los Angeles,037,10098052,3229204,3219328,174529,3393857,32833
2022-08-25,Madera,039,155013,43234,43105,8031,51136,372
2022-08-25,Marin,041,260295,44279,44192,5174,49366,305
2022-08-25,Mariposa,043,17540,3030,3018,340,3358,31
2022-08-25,Mendocino,045,87422,15745,15698,4374,20072,134
2022-08-25,Merced,047,269075,71128,70906,11320,82226,851
2022-08-25,Modoc,049,8938,866,865,314,1179,11
2022-08-25,Mono,051,14174,3181,3181,243,3424,7
2022-08-25,Monterey,053,433212,93094,92844,20574,113418,760
2022-08-25,Napa,055,140530,31711,31668,1399,33067,156
2022-08-25,Nevada,057,99092,18644,18592,1761,20353,132
2022-08-25,Orange,059,3164182,657588,656440,59682,716122,7326
2022-08-25,Placer,061,380077,74605,74391,9235,83626,657
2022-08-25,Plumas,063,18699,3578,3571,431,4002,13
2022-08-25,Riverside,065,2383286,685719,683511,34457,717968,6580
2022-08-25,Sacramento,067,1510023,340762,339846,32892,372738,3222
2022-08-25,San Benito,069,59416,15858,15805,932,16737,103
2022-08-25,San Bernardino,071,2135413,658951,653843,30052,683895,8017
2022-08-25,San Diego,073,3302833,910406,908809,69840,978649,5456
2022-08-25,San Francisco,075,870044,175629,175204,11858,187062,1000
2022-08-25,San Joaquin,077,732212,194324,193880,13952,207832,2296
2022-08-25,San Luis Obispo,079,281455,62248,62105,6946,69051,515
2022-08-25,San Mateo,081,765935,165057,164675,10407,175082,738
2022-08-25,Santa Barbara,083,443738,103890,103496,6720,110216,717
2022-08-25,Santa Clara,085,1922200,423682,422650,18502,441152,2459
2022-08-25,Santa Cruz,087,273765,61784,61594,3337,64931,273
2022-08-25,Shasta,089,179085,34362,34283,7209,41492,590
2022-08-25,Sierra,091,2930,302,300,60,360,5
2022-08-25,Siskiyou,093,43540,5152,5140,3272,8412,89
2022-08-25,Solano,095,438530,103080,102855,7565,110420,460
2022-08-25,Sonoma,097,501317,105102,104646,5192,109838,557
2022-08-25,Stanislaus,099,539301,135652,135310,20661,155971,1722
2022-08-25,Sutter,101,95872,23806,23759,2447,26206,228
2022-08-25,Tehama,103,63373,13382,13340,3020,16360,210
2022-08-25,Trinity,105,12862,1378,1370,368,1738,20
2022-08-25,Tulare,107,460477,120224,119942,35327,155269,1527
2022-08-25,Tuolumne,109,53932,15250,15193,908,16101,196
2022-08-25,Ventura,111,848112,205136,204567,15031,219598,1553
2022-08-25,Yolo,113,214977,46747,46744,4266,51010,334
2022-08-25,Yuba,115,75493,18535,18482,1656,20138,129
2022-08-24,Alameda,001,1643700,340190,338591,19378,357969,1976
2022-08-24,Alpine,003,1148,133,131,1,132,0
2022-08-24,Amador,005,37829,9817,9786,905,10691,89
2022-08-24,Butte,007,227075,38679,38458,8743,47201,449
2022-08-24,Calaveras,009,45235,8384,8334,513,8847,132
2022-08-24,Colusa,011,21464,3738,3722,1239,4961,22
2022-08-24,Contra Costa,013,1133247,244533,242633,20085,262718,1399
2022-08-24,Del Norte,015,27424,7318,7308,392,7700,55
2022-08-24,El Dorado,017,186661,31836,31682,4162,35844,225
2022-08-24,Fresno,019,978130,270102,269025,29819,298844,2822
2022-08-24,Glenn,021,27897,5446,5423,1841,7264,48
2022-08-24,Humboldt,023,135768,21296,21195,4836,26031,153
2022-08-24,Imperial,025,180216,64519,64271,15193,79464,951
2022-08-24,Inyo,027,18085,4445,4440,891,5331,59
2022-08-24,Kern,029,883053,215918,215225,58469,273694,2399
2022-08-24,Kings,031,150075,58515,58324,4002,62326,454
2022-08-24,Lake,033,64148,12552,12476,1145,13621,142
2022-08-24,Lassen,035,31185,9883,9867,974,10841,64
2022-08-24,Los Angeles,037,10098052,3226867,3211321,174248,3385569,32783
2022-08-24,Madera,039,155013,43195,42984,8003,50987,372
2022-08-24,Marin,041,260295,44246,44082,5163,49245,305
2022-08-24,Mariposa,043,17540,3030,3010,340,3350,31
2022-08-24,Mendocino,045,87422,15734,15623,4364,19987,134
2022-08-24,Merced,047,269075,71079,70665,11288,81953,849
2022-08-24,Modoc,049,8938,866,864,313,1177,11
2022-08-24,Mono,051,14174,3181,3181,241,3422,7
2022-08-24,Monterey,053,433212,93034,92590,20531,113121,760
2022-08-24,Napa,055,140530,31701,31602,1397,32999,156
2022-08-24,Nevada,057,99092,18628,18565,1758,20323,132
2022-08-24,Orange,059,3164182,657142,654893,59593,714486,7312
2022-08-24,Placer,061,380077,74547,74226,9230,83456,657
2022-08-24,Plumas,063,18699,3574,3555,431,3986,13
2022-08-24,Riverside,065,2383286,685182,681805,34399,716204,6573
2022-08-24,Sacramento,067,1510023,340485,339009,32854,371863,3208
2022-08-24,San Benito,069,59416,15836,15745,929,16674,103
2022-08-24,San Bernardino,071,2135413,658453,651496,30009,681505,8018
2022-08-24,San Diego,073,3302833,909847,906885,69777,976662,5453
2022-08-24,San Francisco,075,870044,175492,174731,11853,186584,974
2022-08-24,San Joaquin,077,732212,194174,193370,13924,207294,2288
2022-08-24,San Luis Obispo,079,281455,62209,61962,6933,68895,515
2022-08-24,San Mateo,081,765935,164943,164307,10402,174709,738
2022-08-24,Santa Barbara,083,443738,103815,103237,6702,109939,716
2022-08-24,Santa Clara,085,1922200,423342,421483,18489,439972,2454
2022-08-24,Santa Cruz,087,273765,61757,61387,3331,64718,270
2022-08-24,Shasta,089,179085,34348,34180,7196,41376,589
2022-08-24,Sierra,091,2930,302,301,60,361,5
2022-08-24,Siskiyou,093,43540,5148,5133,3271,8404,88
2022-08-24,Solano,095,438530,102994,102631,7555,110186,459
2022-08-24,Sonoma,097,501317,105023,104444,5191,109635,520
2022-08-24,Stanislaus,099,539301,135523,134894,20637,155531,1720
2022-08-24,Sutter,101,95872,23773,23673,2446,26119,228
2022-08-24,Tehama,103,63373,13377,13312,3016,16328,209
2022-08-24,Trinity,105,12862,1377,1369,368,1737,20
2022-08-24,Tulare,107,460477,120121,119644,35225,154869,1525
2022-08-24,Tuolumne,109,53932,15241,15140,908,16048,196
2022-08-24,Ventura,111,848112,204971,204064,14988,219052,1551
2022-08-24,Yolo,113,214977,46718,46665,4258,50923,333
2022-08-24,Yuba,115,75493,18510,18425,1650,20075,129
2022-08-23,Alameda,001,1643700,339875,338591,19355,357946,1976
2022-08-23,Alpine,003,1148,133,131,1,132,0
2022-08-23,Amador,005,37829,9806,9786,904,10690,89
2022-08-23,Butte,007,227075,38648,38458,8722,47180,449
2022-08-23,Calaveras,009,45235,8375,8334,509,8843,132
2022-08-23,Colusa,011,21464,3735,3722,1239,4961,22
2022-08-23,Contra Costa,013,1133247,244338,242633,20052,262685,1399
2022-08-23,Del Norte,015,27424,7314,7308,392,7700,55
2022-08-23,El Dorado,017,186661,31816,31682,4159,35841,225
2022-08-23,Fresno,019,978130,269852,269025,29759,298784,2822
2022-08-23,Glenn,021,27897,5439,5423,1840,7263,48
2022-08-23,Humboldt,023,135768,21283,21195,4824,26019,153
2022-08-23,Imperial,025,180216,64478,64271,15175,79446,951
2022-08-23,Inyo,027,18085,4445,4440,883,5323,59
2022-08-23,Kern,029,883053,215788,215225,58371,273596,2399
2022-08-23,Kings,031,150075,58464,58324,3997,62321,454
2022-08-23,Lake,033,64148,12532,12476,1144,13620,142
2022-08-23,Lassen,035,31185,9879,9867,974,10841,64
2022-08-23,Los Angeles,037,10098052,3224243,3211321,173936,3385257,32783
2022-08-23,Madera,039,155013,43149,42984,7980,50964,372
2022-08-23,Marin,041,260295,44216,44082,5159,49241,305
2022-08-23,Mariposa,043,17540,3027,3010,335,3345,31
2022-08-23,Mendocino,045,87422,15717,15623,4356,19979,134
2022-08-23,Merced,047,269075,71023,70665,11245,81910,849
2022-08-23,Modoc,049,8938,866,864,313,1177,11
2022-08-23,Mono,051,14174,3181,3181,241,3422,7
2022-08-23,Monterey,053,433212,92965,92590,20485,113075,760
2022-08-23,Napa,055,140530,31683,31602,1397,32999,156
2022-08-23,Nevada,057,99092,18614,18565,1750,20315,132
2022-08-23,Orange,059,3164182,656634,654893,59485,714378,7312
2022-08-23,Placer,061,380077,74483,74226,9216,83442,657
2022-08-23,Plumas,063,18699,3568,3555,431,3986,13
2022-08-23,Riverside,065,2383286,684569,681805,34333,716138,6573
2022-08-23,Sacramento,067,1510023,340163,339009,32800,371809,3208
2022-08-23,San Benito,069,59416,15813,15745,925,16670,103
2022-08-23,San Bernardino,071,2135413,657849,651496,29950,681446,8018
2022-08-23,San Diego,073,3302833,909222,906885,69707,976592,5453
2022-08-23,San Francisco,075,870044,175341,174731,11843,186574,974
2022-08-23,San Joaquin,077,732212,194022,193370,13883,207253,2288
2022-08-23,San Luis Obispo,079,281455,62167,61962,6916,68878,515
2022-08-23,San Mateo,081,765935,164821,164307,10398,174705,738
2022-08-23,Santa Barbara,083,443738,103727,103237,6685,109922,716
2022-08-23,Santa Clara,085,1922200,422973,421483,18474,439957,2454
2022-08-23,Santa Cruz,087,273765,61704,61387,3328,64715,270
2022-08-23,Shasta,089,179085,34326,34180,7188,41368,589
2022-08-23,Sierra,091,2930,302,301,60,361,5
2022-08-23,Siskiyou,093,43540,5148,5133,3270,8403,88
2022-08-23,Solano,095,438530,102902,102631,7549,110180,459
2022-08-23,Sonoma,097,501317,104942,104444,5180,109624,520
2022-08-23,Stanislaus,099,539301,135404,134894,20594,155488,1720
2022-08-23,Sutter,101,95872,23754,23673,2441,26114,228
2022-08-23,Tehama,103,63373,13368,13312,3014,16326,209
2022-08-23,Trinity,105,12862,1375,1369,368,1737,20
2022-08-23,Tulare,107,460477,120010,119644,35121,154765,1525
2022-08-23,Tuolumne,109,53932,15226,15140,907,16047,196
2022-08-23,Ventura,111,848112,204801,204064,14951,219015,1551
2022-08-23,Yolo,113,214977,46692,46665,4256,50921,333
2022-08-23,Yuba,115,75493,18489,18425,1646,20071,129
2022-08-22,Alameda,001,1643700,339512,338591,19329,357920,1976
2022-08-22,Alpine,003,1148,133,131,1,132,0
2022-08-22,Amador,005,37829,9801,9786,903,10689,89
2022-08-22,Butte,007,227075,38600,38458,8704,47162,449
2022-08-22,Calaveras,009,45235,8364,8334,507,8841,132
2022-08-22,Colusa,011,21464,3733,3722,1236,4958,22
2022-08-22,Contra Costa,013,1133247,244096,242633,20008,262641,1399
2022-08-22,Del Norte,015,27424,7313,7308,392,7700,55
2022-08-22,El Dorado,017,186661,31790,31682,4155,35837,225
2022-08-22,Fresno,019,978130,269615,269025,29674,298699,2822
2022-08-22,Glenn,021,27897,5438,5423,1838,7261,48
2022-08-22,Humboldt,023,135768,21262,21195,4809,26004,153
2022-08-22,Imperial,025,180216,64405,64271,15133,79404,951
2022-08-22,Inyo,027,18085,4443,4440,883,5323,59
2022-08-22,Kern,029,883053,215644,215225,58239,273464,2399
2022-08-22,Kings,031,150075,58413,58324,3988,62312,454
2022-08-22,Lake,033,64148,12511,12476,1138,13614,142
2022-08-22,Lassen,035,31185,9877,9867,974,10841,64
2022-08-22,Los Angeles,037,10098052,3221338,3211321,173615,3384936,32783
2022-08-22,Madera,039,155013,43096,42984,7954,50938,372
2022-08-22,Marin,041,260295,44185,44082,5150,49232,305
2022-08-22,Mariposa,043,17540,3020,3010,333,3343,31
2022-08-22,Mendocino,045,87422,15697,15623,4338,19961,134
2022-08-22,Merced,047,269075,70948,70665,11202,81867,849
2022-08-22,Modoc,049,8938,866,864,313,1177,11
2022-08-22,Mono,051,14174,3181,3181,241,3422,7
2022-08-22,Monterey,053,433212,92891,92590,20435,113025,760
2022-08-22,Napa,055,140530,31657,31602,1394,32996,156
2022-08-22,Nevada,057,99092,18596,18565,1745,20310,132
2022-08-22,Orange,059,3164182,656057,654893,59373,714266,7312
2022-08-22,Placer,061,380077,74411,74226,9206,83432,657
2022-08-22,Plumas,063,18699,3567,3555,431,3986,13
2022-08-22,Riverside,065,2383286,683910,681805,34262,716067,6573
2022-08-22,Sacramento,067,1510023,339820,339009,32723,371732,3208
2022-08-22,San Benito,069,59416,15793,15745,923,16668,103
2022-08-22,San Bernardino,071,2135413,657112,651496,29888,681384,8018
2022-08-22,San Diego,073,3302833,908543,906885,69595,976480,5453
2022-08-22,San Francisco,075,870044,175194,174731,11831,186562,974
2022-08-22,San Joaquin,077,732212,193845,193370,13842,207212,2288
2022-08-22,San Luis Obispo,079,281455,62116,61962,6901,68863,515
2022-08-22,San Mateo,081,765935,164681,164307,10386,174693,738
2022-08-22,Santa Barbara,083,443738,103606,103237,6667,109904,716
2022-08-22,Santa Clara,085,1922200,422548,421483,18447,439930,2454
2022-08-22,Santa Cruz,087,273765,61622,61387,3324,64711,270
2022-08-22,Shasta,089,179085,34311,34180,7178,41358,589
2022-08-22,Sierra,091,2930,302,301,60,361,5
2022-08-22,Siskiyou,093,43540,5144,5133,3268,8401,88
2022-08-22,Solano,095,438530,102815,102631,7537,110168,459
2022-08-22,Sonoma,097,501317,104863,104444,5164,109608,520
2022-08-22,Stanislaus,099,539301,135243,134894,20556,155450,1720
2022-08-22,Sutter,101,95872,23720,23673,2440,26113,228
2022-08-22,Tehama,103,63373,13362,13312,3011,16323,209
2022-08-22,Trinity,105,12862,1373,1369,365,1734,20
2022-08-22,Tulare,107,460477,119884,119644,35017,154661,1525
2022-08-22,Tuolumne,109,53932,15203,15140,907,16047,196
2022-08-22,Ventura,111,848112,204642,204064,14878,218942,1551
2022-08-22,Yolo,113,214977,46653,46665,4247,50912,333
2022-08-22,Yuba,115,75493,18462,18425,1642,20067,129
2022-08-21,Alameda,001,1643700,339086,337238,19306,356544,1970
2022-08-21,Alpine,003,1148,132,131,1,132,0
2022-08-21,Amador,005,37829,9794,9761,898,10659,89
2022-08-21,Butte,007,227075,38555,38316,8686,47002,449
2022-08-21,Calaveras,009,45235,8351,8313,505,8818,132
2022-08-21,Colusa,011,21464,3728,3718,1230,4948,22
2022-08-21,Contra Costa,013,1133247,243817,241665,19971,261636,1399
2022-08-21,Del Norte,015,27424,7306,7290,391,7681,55
2022-08-21,El Dorado,017,186661,31759,31600,4149,35749,225
2022-08-21,Fresno,019,978130,269343,268147,29594,297741,2822
2022-08-21,Glenn,021,27897,5434,5413,1837,7250,48
2022-08-21,Humboldt,023,135768,21239,21104,4791,25895,153
2022-08-21,Imperial,025,180216,64350,64092,15091,79183,951
2022-08-21,Inyo,027,18085,4443,4435,879,5314,59
2022-08-21,Kern,029,883053,215458,214656,58092,272748,2389
2022-08-21,Kings,031,150075,58342,58109,3977,62086,454
2022-08-21,Lake,033,64148,12490,12426,1133,13559,142
2022-08-21,Lassen,035,31185,9871,9843,974,10817,64
2022-08-21,Los Angeles,037,10098052,3218158,3200023,173241,3373264,32746
2022-08-21,Madera,039,155013,43045,42822,7916,50738,372
2022-08-21,Marin,041,260295,44139,43966,5128,49094,305
2022-08-21,Mariposa,043,17540,3019,3003,332,3335,31
2022-08-21,Mendocino,045,87422,15666,15578,4315,19893,134
2022-08-21,Merced,047,269075,70855,70449,11132,81581,846
2022-08-21,Modoc,049,8938,865,862,313,1175,11
2022-08-21,Mono,051,14174,3181,3177,239,3416,7
2022-08-21,Monterey,053,433212,92787,92287,20378,112665,760
2022-08-21,Napa,055,140530,31635,31534,1393,32927,156
2022-08-21,Nevada,057,99092,18585,18497,1740,20237,132
2022-08-21,Orange,059,3164182,655401,652703,59242,711945,7280
2022-08-21,Placer,061,380077,74353,74027,9201,83228,657
2022-08-21,Plumas,063,18699,3560,3550,431,3981,13
2022-08-21,Riverside,065,2383286,683083,679298,34177,713475,6574
2022-08-21,Sacramento,067,1510023,339449,337745,32653,370398,3208
2022-08-21,San Benito,069,59416,15771,15698,920,16618,103
2022-08-21,San Bernardino,071,2135413,656287,648583,29830,678413,8014
2022-08-21,San Diego,073,3302833,907686,904015,69523,973538,5448
2022-08-21,San Francisco,075,870044,174994,174151,11812,185963,973
2022-08-21,San Joaquin,077,732212,193600,192738,13808,206546,2288
2022-08-21,San Luis Obispo,079,281455,62067,61764,6873,68637,516
2022-08-21,San Mateo,081,765935,164524,163705,10378,174083,738
2022-08-21,Santa Barbara,083,443738,103478,102795,6640,109435,713
2022-08-21,Santa Clara,085,1922200,422029,419723,18415,438138,2437
2022-08-21,Santa Cruz,087,273765,61507,61098,3319,64417,269
2022-08-21,Shasta,089,179085,34272,34105,7163,41268,588
2022-08-21,Sierra,091,2930,302,298,60,358,4
2022-08-21,Siskiyou,093,43540,5143,5119,3261,8380,88
2022-08-21,Solano,095,438530,102731,102355,7526,109881,457
2022-08-21,Sonoma,097,501317,104757,104090,5150,109240,511
2022-08-21,Stanislaus,099,539301,135079,134407,20486,154893,1719
2022-08-21,Sutter,101,95872,23687,23587,2433,26020,228
2022-08-21,Tehama,103,63373,13351,13289,3007,16296,209
2022-08-21,Trinity,105,12862,1371,1366,364,1730,20
2022-08-21,Tulare,107,460477,119760,119251,34863,154114,1521
2022-08-21,Tuolumne,109,53932,15187,15085,905,15990,196
2022-08-21,Ventura,111,848112,204417,203318,14805,218123,1547
2022-08-21,Yolo,113,214977,46613,46567,4242,50809,333
2022-08-21,Yuba,115,75493,18439,18363,1635,19998,129
2022-08-20,Alameda,001,1643700,338877,337238,19289,356527,1970
2022-08-20,Alpine,003,1148,132,131,1,132,0
2022-08-20,Amador,005,37829,9791,9761,898,10659,89
2022-08-20,Butte,007,227075,38526,38316,8681,46997,449
2022-08-20,Calaveras,009,45235,8348,8313,504,8817,132
2022-08-20,Colusa,011,21464,3724,3718,1224,4942,22
2022-08-20,Contra Costa,013,1133247,243683,241665,19956,261621,1399
2022-08-20,Del Norte,015,27424,7305,7290,391,7681,55
2022-08-20,El Dorado,017,186661,31740,31600,4147,35747,225
2022-08-20,Fresno,019,978130,269198,268147,29570,297717,2822
2022-08-20,Glenn,021,27897,5431,5413,1837,7250,48
2022-08-20,Humboldt,023,135768,21223,21104,4776,25880,153
2022-08-20,Imperial,025,180216,64316,64092,15071,79163,951
2022-08-20,Inyo,027,18085,4443,4435,879,5314,59
2022-08-20,Kern,029,883053,215367,214656,58016,272672,2389
2022-08-20,Kings,031,150075,58315,58109,3972,62081,454
2022-08-20,Lake,033,64148,12481,12426,1129,13555,142
2022-08-20,Lassen,035,31185,9868,9843,973,10816,64
2022-08-20,Los Angeles,037,10098052,3216658,3200023,173029,3373052,32746
2022-08-20,Madera,039,155013,43022,42822,7909,50731,372
2022-08-20,Marin,041,260295,44121,43966,5126,49092,305
2022-08-20,Mariposa,043,17540,3019,3003,332,3335,31
2022-08-20,Mendocino,045,87422,15652,15578,4312,19890,134
2022-08-20,Merced,047,269075,70831,70449,11124,81573,846
2022-08-20,Modoc,049,8938,865,862,313,1175,11
2022-08-20,Mono,051,14174,3181,3177,238,3415,7
2022-08-20,Monterey,053,433212,92742,92287,20350,112637,760
2022-08-20,Napa,055,140530,31627,31534,1393,32927,156
2022-08-20,Nevada,057,99092,18582,18497,1738,20235,132
2022-08-20,Orange,059,3164182,655082,652703,59160,711863,7280
2022-08-20,Placer,061,380077,74306,74027,9195,83222,657
2022-08-20,Plumas,063,18699,3560,3550,431,3981,13
2022-08-20,Riverside,065,2383286,682666,679298,34146,713444,6574
2022-08-20,Sacramento,067,1510023,339285,337745,32635,370380,3208
2022-08-20,San Benito,069,59416,15752,15698,917,16615,103
2022-08-20,San Bernardino,071,2135413,655885,648583,29789,678372,8014
2022-08-20,San Diego,073,3302833,907313,904015,69498,973513,5448
2022-08-20,San Francisco,075,870044,174873,174151,11811,185962,973
2022-08-20,San Joaquin,077,732212,193501,192738,13783,206521,2288
2022-08-20,San Luis Obispo,079,281455,62049,61764,6865,68629,516
2022-08-20,San Mateo,081,765935,164425,163705,10374,174079,738
2022-08-20,Santa Barbara,083,443738,103409,102795,6631,109426,713
2022-08-20,Santa Clara,085,1922200,421762,419723,18399,438122,2437
2022-08-20,Santa Cruz,087,273765,61479,61098,3313,64411,269
2022-08-20,Shasta,089,179085,34247,34105,7161,41266,588
2022-08-20,Sierra,091,2930,302,298,60,358,4
2022-08-20,Siskiyou,093,43540,5138,5119,3260,8379,88
2022-08-20,Solano,095,438530,102685,102355,7519,109874,457
2022-08-20,Sonoma,097,501317,104707,104090,5145,109235,511
2022-08-20,Stanislaus,099,539301,134990,134407,20469,154876,1719
2022-08-20,Sutter,101,95872,23658,23587,2433,26020,228
2022-08-20,Tehama,103,63373,13346,13289,3004,16293,209
2022-08-20,Trinity,105,12862,1371,1366,364,1730,20
2022-08-20,Tulare,107,460477,119679,119251,34810,154061,1521
2022-08-20,Tuolumne,109,53932,15178,15085,903,15988,196
2022-08-20,Ventura,111,848112,204308,203318,14792,218110,1547
2022-08-20,Yolo,113,214977,46585,46567,4234,50801,333
2022-08-20,Yuba,115,75493,18432,18363,1634,19997,129
2022-08-19,Alameda,001,1643700,338669,337238,19266,356504,1970
2022-08-19,Alpine,003,1148,132,131,1,132,0
2022-08-19,Amador,005,37829,9790,9761,898,10659,89
2022-08-19,Butte,007,227075,38505,38316,8670,46986,449
2022-08-19,Calaveras,009,45235,8343,8313,504,8817,132
2022-08-19,Colusa,011,21464,3723,3718,1223,4941,22
2022-08-19,Contra Costa,013,1133247,243542,241665,19942,261607,1399
2022-08-19,Del Norte,015,27424,7300,7290,391,7681,55
2022-08-19,El Dorado,017,186661,31728,31600,4143,35743,225
2022-08-19,Fresno,019,978130,269039,268147,29545,297692,2822
2022-08-19,Glenn,021,27897,5430,5413,1837,7250,48
2022-08-19,Humboldt,023,135768,21213,21104,4765,25869,153
2022-08-19,Imperial,025,180216,64288,64092,15056,79148,951
2022-08-19,Inyo,027,18085,4443,4435,875,5310,59
2022-08-19,Kern,029,883053,215278,214656,57941,272597,2389
2022-08-19,Kings,031,150075,58273,58109,3965,62074,454
2022-08-19,Lake,033,64148,12469,12426,1126,13552,142
2022-08-19,Lassen,035,31185,9865,9843,973,10816,64
2022-08-19,Los Angeles,037,10098052,3214890,3200023,172818,3372841,32746
2022-08-19,Madera,039,155013,42999,42822,7905,50727,372
2022-08-19,Marin,041,260295,44086,43966,5120,49086,305
2022-08-19,Mariposa,043,17540,3017,3003,332,3335,31
2022-08-19,Mendocino,045,87422,15640,15578,4303,19881,134
2022-08-19,Merced,047,269075,70792,70449,11119,81568,846
2022-08-19,Modoc,049,8938,865,862,313,1175,11
2022-08-19,Mono,051,14174,3181,3177,238,3415,7
2022-08-19,Monterey,053,433212,92688,92287,20320,112607,760
2022-08-19,Napa,055,140530,31610,31534,1391,32925,156
2022-08-19,Nevada,057,99092,18578,18497,1737,20234,132
2022-08-19,Orange,059,3164182,654720,652703,59078,711781,7280
2022-08-19,Placer,061,380077,74271,74027,9188,83215,657
2022-08-19,Plumas,063,18699,3559,3550,431,3981,13
2022-08-19,Riverside,065,2383286,682247,679298,34114,713412,6574
2022-08-19,Sacramento,067,1510023,339101,337745,32614,370359,3208
2022-08-19,San Benito,069,59416,15749,15698,916,16614,103
2022-08-19,San Bernardino,071,2135413,655454,648583,29774,678357,8014
2022-08-19,San Diego,073,3302833,906815,904015,69448,973463,5448
2022-08-19,San Francisco,075,870044,174733,174151,11794,185945,973
2022-08-19,San Joaquin,077,732212,193401,192738,13765,206503,2288
2022-08-19,San Luis Obispo,079,281455,62035,61764,6863,68627,516
2022-08-19,San Mateo,081,765935,164310,163705,10369,174074,738
2022-08-19,Santa Barbara,083,443738,103331,102795,6626,109421,713
2022-08-19,Santa Clara,085,1922200,421452,419723,18383,438106,2437
2022-08-19,Santa Cruz,087,273765,61416,61098,3308,64406,269
2022-08-19,Shasta,089,179085,34232,34105,7161,41266,588
2022-08-19,Sierra,091,2930,302,298,60,358,4
2022-08-19,Siskiyou,093,43540,5131,5119,3260,8379,88
2022-08-19,Solano,095,438530,102628,102355,7512,109867,457
2022-08-19,Sonoma,097,501317,104651,104090,5142,109232,511
2022-08-19,Stanislaus,099,539301,134908,134407,20454,154861,1719
2022-08-19,Sutter,101,95872,23641,23587,2432,26019,228
2022-08-19,Tehama,103,63373,13336,13289,2998,16287,209
2022-08-19,Trinity,105,12862,1370,1366,364,1730,20
2022-08-19,Tulare,107,460477,119593,119251,34758,154009,1521
2022-08-19,Tuolumne,109,53932,15172,15085,902,15987,196
2022-08-19,Ventura,111,848112,204184,203318,14772,218090,1547
2022-08-19,Yolo,113,214977,46563,46567,4231,50798,333
2022-08-19,Yuba,115,75493,18417,18363,1634,19997,129
2022-08-18,Alameda,001,1643700,338377,337238,19231,356469,1970
2022-08-18,Alpine,003,1148,131,131,1,132,0
2022-08-18,Amador,005,37829,9785,9761,897,10658,89
2022-08-18,Butte,007,227075,38476,38316,8655,46971,449
2022-08-18,Calaveras,009,45235,8338,8313,504,8817,132
2022-08-18,Colusa,011,21464,3723,3718,1219,4937,22
2022-08-18,Contra Costa,013,1133247,243334,241665,19907,261572,1399
2022-08-18,Del Norte,015,27424,7295,7290,390,7680,55
2022-08-18,El Dorado,017,186661,31713,31600,4140,35740,225
2022-08-18,Fresno,019,978130,268828,268147,29490,297637,2822
2022-08-18,Glenn,021,27897,5425,5413,1836,7249,48
2022-08-18,Humboldt,023,135768,21189,21104,4737,25841,153
2022-08-18,Imperial,025,180216,64264,64092,15014,79106,951
2022-08-18,Inyo,027,18085,4442,4435,870,5305,59
2022-08-18,Kern,029,883053,215129,214656,57843,272499,2389
2022-08-18,Kings,031,150075,58228,58109,3954,62063,454
2022-08-18,Lake,033,64148,12457,12426,1123,13549,142
2022-08-18,Lassen,035,31185,9864,9843,972,10815,64
2022-08-18,Los Angeles,037,10098052,3212446,3200023,172544,3372567,32746
2022-08-18,Madera,039,155013,42958,42822,7886,50708,372
2022-08-18,Marin,041,260295,44055,43966,5109,49075,305
2022-08-18,Mariposa,043,17540,3015,3003,332,3335,31
2022-08-18,Mendocino,045,87422,15626,15578,4302,19880,134
2022-08-18,Merced,047,269075,70715,70449,11086,81535,846
2022-08-18,Modoc,049,8938,865,862,313,1175,11
2022-08-18,Mono,051,14174,3179,3177,238,3415,7
2022-08-18,Monterey,053,433212,92602,92287,20280,112567,760
2022-08-18,Napa,055,140530,31589,31534,1390,32924,156
2022-08-18,Nevada,057,99092,18562,18497,1732,20229,132
2022-08-18,Orange,059,3164182,654255,652703,58976,711679,7280
2022-08-18,Placer,061,380077,74215,74027,9185,83212,657
2022-08-18,Plumas,063,18699,3555,3550,431,3981,13
2022-08-18,Riverside,065,2383286,681672,679298,34065,713363,6574
2022-08-18,Sacramento,067,1510023,338798,337745,32555,370300,3208
2022-08-18,San Benito,069,59416,15737,15698,913,16611,103
2022-08-18,San Bernardino,071,2135413,654796,648583,29722,678305,8014
2022-08-18,San Diego,073,3302833,906157,904015,69376,973391,5448
2022-08-18,San Francisco,075,870044,174589,174151,11771,185922,973
2022-08-18,San Joaquin,077,732212,193232,192738,13739,206477,2288
2022-08-18,San Luis Obispo,079,281455,61993,61764,6848,68612,516
2022-08-18,San Mateo,081,765935,164132,163705,10360,174065,738
2022-08-18,Santa Barbara,083,443738,103226,102795,6614,109409,713
2022-08-18,Santa Clara,085,1922200,421021,419723,18353,438076,2437
2022-08-18,Santa Cruz,087,273765,61345,61098,3303,64401,269
2022-08-18,Shasta,089,179085,34212,34105,7156,41261,588
2022-08-18,Sierra,091,2930,301,298,60,358,4
2022-08-18,Siskiyou,093,43540,5129,5119,3258,8377,88
2022-08-18,Solano,095,438530,102557,102355,7502,109857,457
2022-08-18,Sonoma,097,501317,104564,104090,5133,109223,511
2022-08-18,Stanislaus,099,539301,134779,134407,20421,154828,1719
2022-08-18,Sutter,101,95872,23620,23587,2430,26017,228
2022-08-18,Tehama,103,63373,13329,13289,2994,16283,209
2022-08-18,Trinity,105,12862,1369,1366,361,1727,20
2022-08-18,Tulare,107,460477,119499,119251,34659,153910,1521
2022-08-18,Tuolumne,109,53932,15131,15085,897,15982,196
2022-08-18,Ventura,111,848112,204011,203318,14730,218048,1547
2022-08-18,Yolo,113,214977,46539,46567,4222,50789,333
2022-08-18,Yuba,115,75493,18397,18363,1631,19994,129
2022-08-17,Alameda,001,1643700,338042,336198,19195,355393,1948
2022-08-17,Alpine,003,1148,131,131,1,132,0
2022-08-17,Amador,005,37829,9777,9728,897,10625,89
2022-08-17,Butte,007,227075,38437,38203,8644,46847,447
2022-08-17,Calaveras,009,45235,8330,8295,501,8796,131
2022-08-17,Colusa,011,21464,3722,3716,1217,4933,22
2022-08-17,Contra Costa,013,1133247,243106,240894,19870,260764,1394
2022-08-17,Del Norte,015,27424,7291,7274,390,7664,55
2022-08-17,El Dorado,017,186661,31694,31523,4136,35659,225
2022-08-17,Fresno,019,978130,268603,267367,29426,296793,2818
2022-08-17,Glenn,021,27897,5424,5403,1833,7236,48
2022-08-17,Humboldt,023,135768,21165,21029,4722,25751,153
2022-08-17,Imperial,025,180216,64223,63972,14982,78954,950
2022-08-17,Inyo,027,18085,4440,4421,867,5288,58
2022-08-17,Kern,029,883053,215001,214040,57744,271784,2389
2022-08-17,Kings,031,150075,58164,57948,3951,61899,454
2022-08-17,Lake,033,64148,12447,12383,1122,13505,142
2022-08-17,Lassen,035,31185,9855,9813,972,10785,64
2022-08-17,Los Angeles,037,10098052,3209651,3190808,172233,3363041,32701
2022-08-17,Madera,039,155013,42910,42677,7848,50525,372
2022-08-17,Marin,041,260295,44022,43852,5105,48957,305
2022-08-17,Mariposa,043,17540,3011,2998,331,3329,31
2022-08-17,Mendocino,045,87422,15615,15504,4296,19800,132
2022-08-17,Merced,047,269075,70659,70232,11042,81274,843
2022-08-17,Modoc,049,8938,864,857,313,1170,11
2022-08-17,Mono,051,14174,3178,3175,238,3413,7
2022-08-17,Monterey,053,433212,92538,91984,20226,112210,759
2022-08-17,Napa,055,140530,31574,31454,1388,32842,155
2022-08-17,Nevada,057,99092,18545,18443,1730,20173,132
2022-08-17,Orange,059,3164182,653649,650827,58867,709694,7266
2022-08-17,Placer,061,380077,74167,73852,9177,83029,655
2022-08-17,Plumas,063,18699,3553,3544,430,3974,13
2022-08-17,Riverside,065,2383286,681038,677437,34002,711439,6562
2022-08-17,Sacramento,067,1510023,338474,336667,32511,369178,3194
2022-08-17,San Benito,069,59416,15721,15655,912,16567,103
2022-08-17,San Bernardino,071,2135413,654177,646584,29669,676253,7999
2022-08-17,San Diego,073,3302833,905423,901794,69307,971101,5442
2022-08-17,San Francisco,075,870044,174462,173590,11760,185350,971
2022-08-17,San Joaquin,077,732212,193082,192078,13703,205781,2283
2022-08-17,San Luis Obispo,079,281455,61941,61604,6835,68439,514
2022-08-17,San Mateo,081,765935,164036,163218,10353,173571,738
2022-08-17,Santa Barbara,083,443738,103116,102430,6595,109025,712
2022-08-17,Santa Clara,085,1922200,420563,418231,18344,436575,2424
2022-08-17,Santa Cruz,087,273765,61256,60880,3297,64177,269
2022-08-17,Shasta,089,179085,34194,33984,7147,41131,587
2022-08-17,Sierra,091,2930,301,297,60,357,4
2022-08-17,Siskiyou,093,43540,5127,5102,3254,8356,88
2022-08-17,Solano,095,438530,102476,102115,7496,109611,459
2022-08-17,Sonoma,097,501317,104464,103844,5126,108970,504
2022-08-17,Stanislaus,099,539301,134634,133989,20384,154373,1715
2022-08-17,Sutter,101,95872,23586,23489,2424,25913,228
2022-08-17,Tehama,103,63373,13326,13259,2989,16248,209
2022-08-17,Trinity,105,12862,1369,1362,359,1721,20
2022-08-17,Tulare,107,460477,119391,118997,34552,153549,1521
2022-08-17,Tuolumne,109,53932,15124,15044,895,15939,196
2022-08-17,Ventura,111,848112,203833,202609,14676,217285,1546
2022-08-17,Yolo,113,214977,46507,46414,4217,50631,331
2022-08-17,Yuba,115,75493,18377,18305,1628,19933,129
2022-08-16,Alameda,001,1643700,337674,336198,19175,355373,1948
2022-08-16,Alpine,003,1148,131,131,1,132,0
2022-08-16,Amador,005,37829,9764,9728,892,10620,89
2022-08-16,Butte,007,227075,38406,38203,8628,46831,447
2022-08-16,Calaveras,009,45235,8322,8295,501,8796,131
2022-08-16,Colusa,011,21464,3721,3716,1215,4931,22
2022-08-16,Contra Costa,013,1133247,242868,240894,19828,260722,1394
2022-08-16,Del Norte,015,27424,7286,7274,389,7663,55
2022-08-16,El Dorado,017,186661,31674,31523,4129,35652,225
2022-08-16,Fresno,019,978130,268361,267367,29381,296748,2818
2022-08-16,Glenn,021,27897,5423,5403,1830,7233,48
2022-08-16,Humboldt,023,135768,21137,21029,4695,25724,153
2022-08-16,Imperial,025,180216,64173,63972,14943,78915,950
2022-08-16,Inyo,027,18085,4436,4421,863,5284,58
2022-08-16,Kern,029,883053,214870,214040,57641,271681,2389
2022-08-16,Kings,031,150075,58118,57948,3948,61896,454
2022-08-16,Lake,033,64148,12431,12383,1118,13501,142
2022-08-16,Lassen,035,31185,9842,9813,971,10784,64
2022-08-16,Los Angeles,037,10098052,3206721,3190808,171892,3362700,32701
2022-08-16,Madera,039,155013,42852,42677,7827,50504,372
2022-08-16,Marin,041,260295,43984,43852,5099,48951,305
2022-08-16,Mariposa,043,17540,3010,2998,330,3328,31
2022-08-16,Mendocino,045,87422,15597,15504,4282,19786,132
2022-08-16,Merced,047,269075,70582,70232,11000,81232,843
2022-08-16,Modoc,049,8938,864,857,313,1170,11
2022-08-16,Mono,051,14174,3177,3175,237,3412,7
2022-08-16,Monterey,053,433212,92459,91984,20155,112139,759
2022-08-16,Napa,055,140530,31555,31454,1387,32841,155
2022-08-16,Nevada,057,99092,18530,18443,1726,20169,132
2022-08-16,Orange,059,3164182,652987,650827,58743,709570,7266
2022-08-16,Placer,061,380077,74099,73852,9168,83020,655
2022-08-16,Plumas,063,18699,3551,3544,430,3974,13
2022-08-16,Riverside,065,2383286,680356,677437,33953,711390,6562
2022-08-16,Sacramento,067,1510023,338142,336667,32476,369143,3194
2022-08-16,San Benito,069,59416,15708,15655,908,16563,103
2022-08-16,San Bernardino,071,2135413,653454,646584,29607,676191,7999
2022-08-16,San Diego,073,3302833,904604,901794,69218,971012,5442
2022-08-16,San Francisco,075,870044,174303,173590,11755,185345,971
2022-08-16,San Joaquin,077,732212,192870,192078,13673,205751,2283
2022-08-16,San Luis Obispo,079,281455,61903,61604,6828,68432,514
2022-08-16,San Mateo,081,765935,163876,163218,10339,173557,738
2022-08-16,Santa Barbara,083,443738,102989,102430,6572,109002,712
2022-08-16,Santa Clara,085,1922200,420092,418231,18319,436550,2424
2022-08-16,Santa Cruz,087,273765,61203,60880,3293,64173,269
2022-08-16,Shasta,089,179085,34167,33984,7138,41122,587
2022-08-16,Sierra,091,2930,300,297,60,357,4
2022-08-16,Siskiyou,093,43540,5123,5102,3249,8351,88
2022-08-16,Solano,095,438530,102404,102115,7480,109595,459
2022-08-16,Sonoma,097,501317,104360,103844,5118,108962,504
2022-08-16,Stanislaus,099,539301,134500,133989,20327,154316,1715
2022-08-16,Sutter,101,95872,23562,23489,2418,25907,228
2022-08-16,Tehama,103,63373,13320,13259,2984,16243,209
2022-08-16,Trinity,105,12862,1367,1362,359,1721,20
2022-08-16,Tulare,107,460477,119304,118997,34432,153429,1521
2022-08-16,Tuolumne,109,53932,15110,15044,895,15939,196
2022-08-16,Ventura,111,848112,203605,202609,14620,217229,1546
2022-08-16,Yolo,113,214977,46488,46414,4213,50627,331
2022-08-16,Yuba,115,75493,18358,18305,1622,19927,129
2022-08-15,Alameda,001,1643700,337294,336198,19143,355341,1948
2022-08-15,Alpine,003,1148,131,131,1,132,0
2022-08-15,Amador,005,37829,9752,9728,892,10620,89
2022-08-15,Butte,007,227075,38385,38203,8608,46811,447
2022-08-15,Calaveras,009,45235,8320,8295,500,8795,131
2022-08-15,Colusa,011,21464,3718,3716,1214,4930,22
2022-08-15,Contra Costa,013,1133247,242586,240894,19795,260689,1394
2022-08-15,Del Norte,015,27424,7282,7274,388,7662,55
2022-08-15,El Dorado,017,186661,31644,31523,4122,35645,225
2022-08-15,Fresno,019,978130,268059,267367,29320,296687,2818
2022-08-15,Glenn,021,27897,5415,5403,1829,7232,48
2022-08-15,Humboldt,023,135768,21115,21029,4674,25703,153
2022-08-15,Imperial,025,180216,64126,63972,14906,78878,950
2022-08-15,Inyo,027,18085,4435,4421,861,5282,58
2022-08-15,Kern,029,883053,214687,214040,57542,271582,2389
2022-08-15,Kings,031,150075,58043,57948,3939,61887,454
2022-08-15,Lake,033,64148,12415,12383,1116,13499,142
2022-08-15,Lassen,035,31185,9841,9813,971,10784,64
2022-08-15,Los Angeles,037,10098052,3203428,3190808,171557,3362365,32701
2022-08-15,Madera,039,155013,42798,42677,7785,50462,372
2022-08-15,Marin,041,260295,43940,43852,5093,48945,305
2022-08-15,Mariposa,043,17540,3008,2998,329,3327,31
2022-08-15,Mendocino,045,87422,15580,15504,4276,19780,132
2022-08-15,Merced,047,269075,70518,70232,10948,81180,843
2022-08-15,Modoc,049,8938,860,857,313,1170,11
2022-08-15,Mono,051,14174,3176,3175,237,3412,7
2022-08-15,Monterey,053,433212,92349,91984,20085,112069,759
2022-08-15,Napa,055,140530,31529,31454,1387,32841,155
2022-08-15,Nevada,057,99092,18516,18443,1725,20168,132
2022-08-15,Orange,059,3164182,652281,650827,58628,709455,7266
2022-08-15,Placer,061,380077,74040,73852,9159,83011,655
2022-08-15,Plumas,063,18699,3547,3544,430,3974,13
2022-08-15,Riverside,065,2383286,679565,677437,33893,711330,6562
2022-08-15,Sacramento,067,1510023,337747,336667,32439,369106,3194
2022-08-15,San Benito,069,59416,15692,15655,906,16561,103
2022-08-15,San Bernardino,071,2135413,652632,646584,29538,676122,7999
2022-08-15,San Diego,073,3302833,903761,901794,69106,970900,5442
2022-08-15,San Francisco,075,870044,174129,173590,11751,185341,971
2022-08-15,San Joaquin,077,732212,192667,192078,13633,205711,2283
2022-08-15,San Luis Obispo,079,281455,61867,61604,6810,68414,514
2022-08-15,San Mateo,081,765935,163672,163218,10333,173551,738
2022-08-15,Santa Barbara,083,443738,102892,102430,6549,108979,712
2022-08-15,Santa Clara,085,1922200,419577,418231,18289,436520,2424
2022-08-15,Santa Cruz,087,273765,61123,60880,3288,64168,269
2022-08-15,Shasta,089,179085,34142,33984,7128,41112,587
2022-08-15,Sierra,091,2930,300,297,60,357,4
2022-08-15,Siskiyou,093,43540,5120,5102,3245,8347,88
2022-08-15,Solano,095,438530,102300,102115,7465,109580,459
2022-08-15,Sonoma,097,501317,104269,103844,5110,108954,504
2022-08-15,Stanislaus,099,539301,134360,133989,20295,154284,1715
2022-08-15,Sutter,101,95872,23530,23489,2416,25905,228
2022-08-15,Tehama,103,63373,13312,13259,2977,16236,209
2022-08-15,Trinity,105,12862,1364,1362,357,1719,20
2022-08-15,Tulare,107,460477,119173,118997,34315,153312,1521
2022-08-15,Tuolumne,109,53932,15102,15044,895,15939,196
2022-08-15,Ventura,111,848112,203360,202609,14557,217166,1546
2022-08-15,Yolo,113,214977,46452,46414,4211,50625,331
2022-08-15,Yuba,115,75493,18335,18305,1617,19922,129
2022-08-14,Alameda,001,1643700,336836,334944,19116,354060,1948
2022-08-14,Alpine,003,1148,131,131,1,132,0
2022-08-14,Amador,005,37829,9743,9705,890,10595,89
2022-08-14,Butte,007,227075,38335,38062,8592,46654,447
2022-08-14,Calaveras,009,45235,8311,8271,499,8770,131
2022-08-14,Colusa,011,21464,3718,3704,1211,4915,22
2022-08-14,Contra Costa,013,1133247,242315,239735,19741,259476,1393
2022-08-14,Del Norte,015,27424,7274,7245,386,7631,54
2022-08-14,El Dorado,017,186661,31612,31430,4117,35547,225
2022-08-14,Fresno,019,978130,267759,266211,29265,295476,2816
2022-08-14,Glenn,021,27897,5411,5393,1828,7221,48
2022-08-14,Humboldt,023,135768,21088,20954,4659,25613,153
2022-08-14,Imperial,025,180216,64061,63766,14864,78630,950
2022-08-14,Inyo,027,18085,4428,4418,857,5275,58
2022-08-14,Kern,029,883053,214510,213071,57410,270481,2380
2022-08-14,Kings,031,150075,57988,57748,3934,61682,454
2022-08-14,Lake,033,64148,12397,12324,1113,13437,142
2022-08-14,Lassen,035,31185,9821,9795,970,10765,64
2022-08-14,Los Angeles,037,10098052,3199980,3177769,171171,3348940,32657
2022-08-14,Madera,039,155013,42735,42517,7742,50259,372
2022-08-14,Marin,041,260295,43895,43662,5087,48749,305
2022-08-14,Mariposa,043,17540,3006,2986,328,3314,31
2022-08-14,Mendocino,045,87422,15561,15456,4269,19725,132
2022-08-14,Merced,047,269075,70413,69974,10885,80859,842
2022-08-14,Modoc,049,8938,859,856,313,1169,11
2022-08-14,Mono,051,14174,3176,3170,236,3406,7
2022-08-14,Monterey,053,433212,92225,91612,20013,111625,759
2022-08-14,Napa,055,140530,31490,31312,1384,32696,156
2022-08-14,Nevada,057,99092,18495,18398,1722,20120,132
2022-08-14,Orange,059,3164182,651547,648171,58488,706659,7248
2022-08-14,Placer,061,380077,73980,73588,9142,82730,656
2022-08-14,Plumas,063,18699,3545,3539,430,3969,13
2022-08-14,Riverside,065,2383286,678756,674362,33808,708170,6561
2022-08-14,Sacramento,067,1510023,337266,335292,32386,367678,3190
2022-08-14,San Benito,069,59416,15670,15578,897,16475,103
2022-08-14,San Bernardino,071,2135413,651779,643895,29466,673361,7983
2022-08-14,San Diego,073,3302833,902870,898646,69005,967651,5437
2022-08-14,San Francisco,075,870044,173914,172876,11737,184613,955
2022-08-14,San Joaquin,077,732212,192375,191272,13572,204844,2283
2022-08-14,San Luis Obispo,079,281455,61806,61403,6782,68185,512
2022-08-14,San Mateo,081,765935,163466,162531,10319,172850,738
2022-08-14,Santa Barbara,083,443738,102754,101942,6523,108465,712
2022-08-14,Santa Clara,085,1922200,419009,416369,18254,434623,2422
2022-08-14,Santa Cruz,087,273765,61018,60594,3281,63875,273
2022-08-14,Shasta,089,179085,34098,33895,7116,41011,584
2022-08-14,Sierra,091,2930,300,296,60,356,4
2022-08-14,Siskiyou,093,43540,5113,5086,3243,8329,88
2022-08-14,Solano,095,438530,102162,101761,7456,109217,458
2022-08-14,Sonoma,097,501317,104165,103496,5094,108590,504
2022-08-14,Stanislaus,099,539301,134181,133490,20241,153731,1702
2022-08-14,Sutter,101,95872,23488,23386,2412,25798,228
2022-08-14,Tehama,103,63373,13305,13213,2976,16189,209
2022-08-14,Trinity,105,12862,1363,1356,357,1713,20
2022-08-14,Tulare,107,460477,119026,118563,34194,152757,1520
2022-08-14,Tuolumne,109,53932,15082,14964,894,15858,196
2022-08-14,Ventura,111,848112,203098,201765,14514,216279,1541
2022-08-14,Yolo,113,214977,46406,46225,4206,50431,331
2022-08-14,Yuba,115,75493,18313,18232,1614,19846,129
2022-08-13,Alameda,001,1643700,336586,334944,19101,354045,1948
2022-08-13,Alpine,003,1148,131,131,1,132,0
2022-08-13,Amador,005,37829,9739,9705,890,10595,89
2022-08-13,Butte,007,227075,38311,38062,8581,46643,447
2022-08-13,Calaveras,009,45235,8307,8271,498,8769,131
2022-08-13,Colusa,011,21464,3715,3704,1211,4915,22
2022-08-13,Contra Costa,013,1133247,242149,239735,19714,259449,1393
2022-08-13,Del Norte,015,27424,7272,7245,386,7631,54
2022-08-13,El Dorado,017,186661,31599,31430,4116,35546,225
2022-08-13,Fresno,019,978130,267620,266211,29237,295448,2816
2022-08-13,Glenn,021,27897,5411,5393,1826,7219,48
2022-08-13,Humboldt,023,135768,21072,20954,4649,25603,153
2022-08-13,Imperial,025,180216,64020,63766,14846,78612,950
2022-08-13,Inyo,027,18085,4426,4418,856,5274,58
2022-08-13,Kern,029,883053,214423,213071,57356,270427,2380
2022-08-13,Kings,031,150075,57963,57748,3933,61681,454
2022-08-13,Lake,033,64148,12386,12324,1113,13437,142
2022-08-13,Lassen,035,31185,9815,9795,969,10764,64
2022-08-13,Los Angeles,037,10098052,3198191,3177769,170917,3348686,32657
2022-08-13,Madera,039,155013,42719,42517,7735,50252,372
2022-08-13,Marin,041,260295,43875,43662,5084,48746,305
2022-08-13,Mariposa,043,17540,3006,2986,327,3313,31
2022-08-13,Mendocino,045,87422,15549,15456,4266,19722,132
2022-08-13,Merced,047,269075,70374,69974,10880,80854,842
2022-08-13,Modoc,049,8938,859,856,313,1169,11
2022-08-13,Mono,051,14174,3176,3170,235,3405,7
2022-08-13,Monterey,053,433212,92162,91612,19976,111588,759
2022-08-13,Napa,055,140530,31477,31312,1382,32694,156
2022-08-13,Nevada,057,99092,18484,18398,1720,20118,132
2022-08-13,Orange,059,3164182,651156,648171,58413,706584,7248
2022-08-13,Placer,061,380077,73934,73588,9136,82724,656
2022-08-13,Plumas,063,18699,3543,3539,430,3969,13
2022-08-13,Riverside,065,2383286,678322,674362,33776,708138,6561
2022-08-13,Sacramento,067,1510023,337075,335292,32375,367667,3190
2022-08-13,San Benito,069,59416,15664,15578,891,16469,103
2022-08-13,San Bernardino,071,2135413,651324,643895,29438,673333,7983
2022-08-13,San Diego,073,3302833,902422,898646,68962,967608,5437
2022-08-13,San Francisco,075,870044,173797,172876,11731,184607,955
2022-08-13,San Joaquin,077,732212,192252,191272,13550,204822,2283
2022-08-13,San Luis Obispo,079,281455,61787,61403,6777,68180,512
2022-08-13,San Mateo,081,765935,163354,162531,10307,172838,738
2022-08-13,Santa Barbara,083,443738,102678,101942,6507,108449,712
2022-08-13,Santa Clara,085,1922200,418693,416369,18233,434602,2422
2022-08-13,Santa Cruz,087,273765,60981,60594,3275,63869,273
2022-08-13,Shasta,089,179085,34060,33895,7112,41007,584
2022-08-13,Sierra,091,2930,300,296,60,356,4
2022-08-13,Siskiyou,093,43540,5111,5086,3240,8326,88
2022-08-13,Solano,095,438530,102123,101761,7448,109209,458
2022-08-13,Sonoma,097,501317,104114,103496,5093,108589,504
2022-08-13,Stanislaus,099,539301,134081,133490,20221,153711,1702
2022-08-13,Sutter,101,95872,23475,23386,2412,25798,228
2022-08-13,Tehama,103,63373,13300,13213,2975,16188,209
2022-08-13,Trinity,105,12862,1362,1356,357,1713,20
2022-08-13,Tulare,107,460477,118954,118563,34137,152700,1520
2022-08-13,Tuolumne,109,53932,15068,14964,889,15853,196
2022-08-13,Ventura,111,848112,202935,201765,14500,216265,1541
2022-08-13,Yolo,113,214977,46378,46225,4203,50428,331
2022-08-13,Yuba,115,75493,18304,18232,1612,19844,129
2022-08-12,Alameda,001,1643700,336337,334944,19086,354030,1948
2022-08-12,Alpine,003,1148,131,131,1,132,0
2022-08-12,Amador,005,37829,9729,9705,887,10592,89
2022-08-12,Butte,007,227075,38291,38062,8573,46635,447
2022-08-12,Calaveras,009,45235,8299,8271,495,8766,131
2022-08-12,Colusa,011,21464,3712,3704,1211,4915,22
2022-08-12,Contra Costa,013,1133247,241985,239735,19695,259430,1393
2022-08-12,Del Norte,015,27424,7268,7245,386,7631,54
2022-08-12,El Dorado,017,186661,31581,31430,4112,35542,225
2022-08-12,Fresno,019,978130,267416,266211,29211,295422,2816
2022-08-12,Glenn,021,27897,5411,5393,1826,7219,48
2022-08-12,Humboldt,023,135768,21050,20954,4641,25595,153
2022-08-12,Imperial,025,180216,63993,63766,14831,78597,950
2022-08-12,Inyo,027,18085,4425,4418,854,5272,58
2022-08-12,Kern,029,883053,214326,213071,57296,270367,2380
2022-08-12,Kings,031,150075,57942,57748,3930,61678,454
2022-08-12,Lake,033,64148,12382,12324,1110,13434,142
2022-08-12,Lassen,035,31185,9813,9795,969,10764,64
2022-08-12,Los Angeles,037,10098052,3196147,3177769,170678,3348447,32657
2022-08-12,Madera,039,155013,42686,42517,7729,50246,372
2022-08-12,Marin,041,260295,43844,43662,5076,48738,305
2022-08-12,Mariposa,043,17540,3006,2986,327,3313,31
2022-08-12,Mendocino,045,87422,15538,15456,4258,19714,132
2022-08-12,Merced,047,269075,70341,69974,10874,80848,842
2022-08-12,Modoc,049,8938,859,856,313,1169,11
2022-08-12,Mono,051,14174,3176,3170,235,3405,7
2022-08-12,Monterey,053,433212,92104,91612,19943,111555,759
2022-08-12,Napa,055,140530,31456,31312,1381,32693,156
2022-08-12,Nevada,057,99092,18480,18398,1718,20116,132
2022-08-12,Orange,059,3164182,650742,648171,58323,706494,7248
2022-08-12,Placer,061,380077,73884,73588,9126,82714,656
2022-08-12,Plumas,063,18699,3541,3539,430,3969,13
2022-08-12,Riverside,065,2383286,677900,674362,33743,708105,6561
2022-08-12,Sacramento,067,1510023,336858,335292,32359,367651,3190
2022-08-12,San Benito,069,59416,15647,15578,890,16468,103
2022-08-12,San Bernardino,071,2135413,650924,643895,29420,673315,7983
2022-08-12,San Diego,073,3302833,901897,898646,68884,967530,5437
2022-08-12,San Francisco,075,870044,173673,172876,11722,184598,955
2022-08-12,San Joaquin,077,732212,192133,191272,13532,204804,2283
2022-08-12,San Luis Obispo,079,281455,61766,61403,6770,68173,512
2022-08-12,San Mateo,081,765935,163227,162531,10302,172833,738
2022-08-12,Santa Barbara,083,443738,102600,101942,6502,108444,712
2022-08-12,Santa Clara,085,1922200,418350,416369,18212,434581,2422
2022-08-12,Santa Cruz,087,273765,60927,60594,3273,63867,273
2022-08-12,Shasta,089,179085,34046,33895,7104,40999,584
2022-08-12,Sierra,091,2930,298,296,59,355,4
2022-08-12,Siskiyou,093,43540,5108,5086,3240,8326,88
2022-08-12,Solano,095,438530,102050,101761,7437,109198,458
2022-08-12,Sonoma,097,501317,104055,103496,5092,108588,504
2022-08-12,Stanislaus,099,539301,133995,133490,20209,153699,1702
2022-08-12,Sutter,101,95872,23460,23386,2412,25798,228
2022-08-12,Tehama,103,63373,13292,13213,2974,16187,209
2022-08-12,Trinity,105,12862,1359,1356,356,1712,20
2022-08-12,Tulare,107,460477,118895,118563,34079,152642,1520
2022-08-12,Tuolumne,109,53932,15061,14964,888,15852,196
2022-08-12,Ventura,111,848112,202790,201765,14484,216249,1541
2022-08-12,Yolo,113,214977,46356,46225,4198,50423,331
2022-08-12,Yuba,115,75493,18293,18232,1611,19843,129
2022-08-11,Alameda,001,1643700,336015,334944,19053,353997,1948
2022-08-11,Alpine,003,1148,131,131,1,132,0
2022-08-11,Amador,005,37829,9726,9705,884,10589,89
2022-08-11,Butte,007,227075,38255,38062,8559,46621,447
2022-08-11,Calaveras,009,45235,8293,8271,493,8764,131
2022-08-11,Colusa,011,21464,3709,3704,1210,4914,22
2022-08-11,Contra Costa,013,1133247,241727,239735,19661,259396,1393
2022-08-11,Del Norte,015,27424,7261,7245,384,7629,54
2022-08-11,El Dorado,017,186661,31551,31430,4104,35534,225
2022-08-11,Fresno,019,978130,267170,266211,29163,295374,2816
2022-08-11,Glenn,021,27897,5409,5393,1825,7218,48
2022-08-11,Humboldt,023,135768,21020,20954,4632,25586,153
2022-08-11,Imperial,025,180216,63947,63766,14786,78552,950
2022-08-11,Inyo,027,18085,4424,4418,848,5266,58
2022-08-11,Kern,029,883053,214152,213071,57184,270255,2380
2022-08-11,Kings,031,150075,57884,57748,3923,61671,454
2022-08-11,Lake,033,64148,12372,12324,1109,13433,142
2022-08-11,Lassen,035,31185,9808,9795,969,10764,64
2022-08-11,Los Angeles,037,10098052,3193232,3177769,170320,3348089,32657
2022-08-11,Madera,039,155013,42639,42517,7701,50218,372
2022-08-11,Marin,041,260295,43805,43662,5069,48731,305
2022-08-11,Mariposa,043,17540,3006,2986,324,3310,31
2022-08-11,Mendocino,045,87422,15527,15456,4255,19711,132
2022-08-11,Merced,047,269075,70290,69974,10839,80813,842
2022-08-11,Modoc,049,8938,858,856,313,1169,11
2022-08-11,Mono,051,14174,3176,3170,235,3405,7
2022-08-11,Monterey,053,433212,92004,91612,19888,111500,759
2022-08-11,Napa,055,140530,31419,31312,1379,32691,156
2022-08-11,Nevada,057,99092,18462,18398,1714,20112,132
2022-08-11,Orange,059,3164182,650090,648171,58200,706371,7248
2022-08-11,Placer,061,380077,73821,73588,9116,82704,656
2022-08-11,Plumas,063,18699,3540,3539,429,3968,13
2022-08-11,Riverside,065,2383286,677294,674362,33697,708059,6561
2022-08-11,Sacramento,067,1510023,336548,335292,32327,367619,3190
2022-08-11,San Benito,069,59416,15632,15578,889,16467,103
2022-08-11,San Bernardino,071,2135413,650195,643895,29371,673266,7983
2022-08-11,San Diego,073,3302833,901125,898646,68759,967405,5437
2022-08-11,San Francisco,075,870044,173525,172876,11705,184581,955
2022-08-11,San Joaquin,077,732212,191945,191272,13506,204778,2283
2022-08-11,San Luis Obispo,079,281455,61718,61403,6743,68146,512
2022-08-11,San Mateo,081,765935,163067,162531,10290,172821,738
2022-08-11,Santa Barbara,083,443738,102492,101942,6479,108421,712
2022-08-11,Santa Clara,085,1922200,417918,416369,18190,434559,2422
2022-08-11,Santa Cruz,087,273765,60862,60594,3269,63863,273
2022-08-11,Shasta,089,179085,34028,33895,7090,40985,584
2022-08-11,Sierra,091,2930,297,296,59,355,4
2022-08-11,Siskiyou,093,43540,5105,5086,3236,8322,88
2022-08-11,Solano,095,438530,101983,101761,7425,109186,458
2022-08-11,Sonoma,097,501317,103961,103496,5085,108581,504
2022-08-11,Stanislaus,099,539301,133841,133490,20171,153661,1702
2022-08-11,Sutter,101,95872,23430,23386,2412,25798,228
2022-08-11,Tehama,103,63373,13284,13213,2974,16187,209
2022-08-11,Trinity,105,12862,1359,1356,355,1711,20
2022-08-11,Tulare,107,460477,118798,118563,33990,152553,1520
2022-08-11,Tuolumne,109,53932,15053,14964,886,15850,196
2022-08-11,Ventura,111,848112,202589,201765,14447,216212,1541
2022-08-11,Yolo,113,214977,46322,46225,4194,50419,331
2022-08-11,Yuba,115,75493,18270,18232,1608,19840,129
2022-08-10,Alameda,001,1643700,335619,333587,19029,352616,1944
2022-08-10,Alpine,003,1148,131,131,1,132,0
2022-08-10,Amador,005,37829,9721,9677,881,10558,88
2022-08-10,Butte,007,227075,38220,37892,8549,46441,446
2022-08-10,Calaveras,009,45235,8287,8251,490,8741,130
2022-08-10,Colusa,011,21464,3705,3700,1210,4910,22
2022-08-10,Contra Costa,013,1133247,241475,238658,19620,258278,1382
2022-08-10,Del Norte,015,27424,7256,7220,384,7604,54
2022-08-10,El Dorado,017,186661,31525,31354,4089,35443,225
2022-08-10,Fresno,019,978130,266900,265300,29100,294400,2815
2022-08-10,Glenn,021,27897,5407,5387,1822,7209,48
2022-08-10,Humboldt,023,135768,21006,20843,4614,25457,153
2022-08-10,Imperial,025,180216,63888,63532,14744,78276,949
2022-08-10,Inyo,027,18085,4424,4416,847,5263,57
2022-08-10,Kern,029,883053,213979,212602,57106,269708,2380
2022-08-10,Kings,031,150075,57838,57569,3921,61490,453
2022-08-10,Lake,033,64148,12357,12281,1109,13390,142
2022-08-10,Lassen,035,31185,9801,9682,969,10651,64
2022-08-10,Los Angeles,037,10098052,3190071,3168105,169962,3338067,32609
2022-08-10,Madera,039,155013,42602,42350,7686,50036,372
2022-08-10,Marin,041,260295,43759,43532,5066,48598,302
2022-08-10,Mariposa,043,17540,3005,2980,324,3304,31
2022-08-10,Mendocino,045,87422,15513,15394,4253,19647,132
2022-08-10,Merced,047,269075,70219,69740,10816,80556,839
2022-08-10,Modoc,049,8938,858,855,312,1167,11
2022-08-10,Mono,051,14174,3174,3165,235,3400,7
2022-08-10,Monterey,053,433212,91903,91307,19822,111129,758
2022-08-10,Napa,055,140530,31382,31223,1377,32600,153
2022-08-10,Nevada,057,99092,18448,18354,1712,20066,132
2022-08-10,Orange,059,3164182,649377,646005,58075,704080,7235
2022-08-10,Placer,061,380077,73766,73348,9110,82458,650
2022-08-10,Plumas,063,18699,3538,3525,429,3954,13
2022-08-10,Riverside,065,2383286,676579,672334,33637,705971,6555
2022-08-10,Sacramento,067,1510023,336216,334382,32298,366680,3177
2022-08-10,San Benito,069,59416,15603,15507,882,16389,101
2022-08-10,San Bernardino,071,2135413,649570,641936,29319,671255,7977
2022-08-10,San Diego,073,3302833,900276,895482,68644,964126,5429
2022-08-10,San Francisco,075,870044,173365,172265,11689,183954,945
2022-08-10,San Joaquin,077,732212,191723,190596,13465,204061,2281
2022-08-10,San Luis Obispo,079,281455,61675,61207,6728,67935,510
2022-08-10,San Mateo,081,765935,162875,161882,10281,172163,738
2022-08-10,Santa Barbara,083,443738,102365,101558,6459,108017,711
2022-08-10,Santa Clara,085,1922200,417398,414659,18167,432826,2398
2022-08-10,Santa Cruz,087,273765,60781,60360,3267,63627,269
2022-08-10,Shasta,089,179085,34007,33816,7081,40897,584
2022-08-10,Sierra,091,2930,297,295,59,354,4
2022-08-10,Siskiyou,093,43540,5100,5074,3230,8304,87
2022-08-10,Solano,095,438530,101893,101393,7420,108813,457
2022-08-10,Sonoma,097,501317,103870,103168,5077,108245,501
2022-08-10,Stanislaus,099,539301,133703,133071,20139,153210,1702
2022-08-10,Sutter,101,95872,23402,23279,2410,25689,228
2022-08-10,Tehama,103,63373,13277,13187,2973,16160,209
2022-08-10,Trinity,105,12862,1358,1350,355,1705,20
2022-08-10,Tulare,107,460477,118713,118239,33911,152150,1520
2022-08-10,Tuolumne,109,53932,15018,14922,884,15806,196
2022-08-10,Ventura,111,848112,202364,201179,14410,215589,1539
2022-08-10,Yolo,113,214977,46288,46069,4187,50256,330
2022-08-10,Yuba,115,75493,18250,18179,1604,19783,129
2022-08-09,Alameda,001,1643700,335199,333587,18986,352573,1944
2022-08-09,Alpine,003,1148,131,131,1,132,0
2022-08-09,Amador,005,37829,9711,9677,880,10557,88
2022-08-09,Butte,007,227075,38182,37892,8538,46430,446
2022-08-09,Calaveras,009,45235,8280,8251,490,8741,130
2022-08-09,Colusa,011,21464,3702,3700,1209,4909,22
2022-08-09,Contra Costa,013,1133247,241199,238658,19575,258233,1382
2022-08-09,Del Norte,015,27424,7239,7220,383,7603,54
2022-08-09,El Dorado,017,186661,31496,31354,4083,35437,225
2022-08-09,Fresno,019,978130,266576,265300,29065,294365,2815
2022-08-09,Glenn,021,27897,5405,5387,1822,7209,48
2022-08-09,Humboldt,023,135768,20981,20843,4604,25447,153
2022-08-09,Imperial,025,180216,63825,63532,14686,78218,949
2022-08-09,Inyo,027,18085,4423,4416,843,5259,57
2022-08-09,Kern,029,883053,213789,212602,57010,269612,2380
2022-08-09,Kings,031,150075,57772,57569,3919,61488,453
2022-08-09,Lake,033,64148,12334,12281,1108,13389,142
2022-08-09,Lassen,035,31185,9795,9682,969,10651,64
2022-08-09,Los Angeles,037,10098052,3186615,3168105,169598,3337703,32609
2022-08-09,Madera,039,155013,42548,42350,7675,50025,372
2022-08-09,Marin,041,260295,43703,43532,5062,48594,302
2022-08-09,Mariposa,043,17540,3001,2980,323,3303,31
2022-08-09,Mendocino,045,87422,15495,15394,4243,19637,132
2022-08-09,Merced,047,269075,70155,69740,10789,80529,839
2022-08-09,Modoc,049,8938,858,855,311,1166,11
2022-08-09,Mono,051,14174,3173,3165,234,3399,7
2022-08-09,Monterey,053,433212,91791,91307,19757,111064,758
2022-08-09,Napa,055,140530,31354,31223,1375,32598,153
2022-08-09,Nevada,057,99092,18436,18354,1710,20064,132
2022-08-09,Orange,059,3164182,648559,646005,57935,703940,7235
2022-08-09,Placer,061,380077,73703,73348,9104,82452,650
2022-08-09,Plumas,063,18699,3533,3525,429,3954,13
2022-08-09,Riverside,065,2383286,675828,672334,33582,705916,6555
2022-08-09,Sacramento,067,1510023,335803,334382,32266,366648,3177
2022-08-09,San Benito,069,59416,15586,15507,877,16384,101
2022-08-09,San Bernardino,071,2135413,648899,641936,29261,671197,7977
2022-08-09,San Diego,073,3302833,899384,895482,68507,963989,5429
2022-08-09,San Francisco,075,870044,173117,172265,11670,183935,945
2022-08-09,San Joaquin,077,732212,191512,190596,13426,204022,2281
2022-08-09,San Luis Obispo,079,281455,61622,61207,6704,67911,510
2022-08-09,San Mateo,081,765935,162684,161882,10265,172147,738
2022-08-09,Santa Barbara,083,443738,102208,101558,6429,107987,711
2022-08-09,Santa Clara,085,1922200,416870,414659,18147,432806,2398
2022-08-09,Santa Cruz,087,273765,60707,60360,3258,63618,269
2022-08-09,Shasta,089,179085,33985,33816,7078,40894,584
2022-08-09,Sierra,091,2930,297,295,59,354,4
2022-08-09,Siskiyou,093,43540,5096,5074,3226,8300,87
2022-08-09,Solano,095,438530,101789,101393,7408,108801,457
2022-08-09,Sonoma,097,501317,103768,103168,5069,108237,501
2022-08-09,Stanislaus,099,539301,133563,133071,20108,153179,1702
2022-08-09,Sutter,101,95872,23371,23279,2408,25687,228
2022-08-09,Tehama,103,63373,13264,13187,2963,16150,209
2022-08-09,Trinity,105,12862,1356,1350,354,1704,20
2022-08-09,Tulare,107,460477,118600,118239,33822,152061,1520
2022-08-09,Tuolumne,109,53932,15002,14922,884,15806,196
2022-08-09,Ventura,111,848112,202131,201179,14377,215556,1539
2022-08-09,Yolo,113,214977,46246,46069,4175,50244,330
2022-08-09,Yuba,115,75493,18231,18179,1594,19773,129
2022-08-08,Alameda,001,1643700,334744,333587,18944,352531,1944
2022-08-08,Alpine,003,1148,131,131,1,132,0
2022-08-08,Amador,005,37829,9705,9677,879,10556,88
2022-08-08,Butte,007,227075,38128,37892,8524,46416,446
2022-08-08,Calaveras,009,45235,8275,8251,487,8738,130
2022-08-08,Colusa,011,21464,3702,3700,1208,4908,22
2022-08-08,Contra Costa,013,1133247,240826,238658,19527,258185,1382
2022-08-08,Del Norte,015,27424,7232,7220,382,7602,54
2022-08-08,El Dorado,017,186661,31467,31354,4076,35430,225
2022-08-08,Fresno,019,978130,266215,265300,29017,294317,2815
2022-08-08,Glenn,021,27897,5399,5387,1821,7208,48
2022-08-08,Humboldt,023,135768,20943,20843,4587,25430,153
2022-08-08,Imperial,025,180216,63766,63532,14618,78150,949
2022-08-08,Inyo,027,18085,4422,4416,842,5258,57
2022-08-08,Kern,029,883053,213537,212602,56894,269496,2380
2022-08-08,Kings,031,150075,57711,57569,3910,61479,453
2022-08-08,Lake,033,64148,12313,12281,1104,13385,142
2022-08-08,Lassen,035,31185,9782,9682,966,10648,64
2022-08-08,Los Angeles,037,10098052,3183040,3168105,169178,3337283,32609
2022-08-08,Madera,039,155013,42491,42350,7651,50001,372
2022-08-08,Marin,041,260295,43649,43532,5050,48582,302
2022-08-08,Mariposa,043,17540,2997,2980,319,3299,31
2022-08-08,Mendocino,045,87422,15481,15394,4233,19627,132
2022-08-08,Merced,047,269075,70084,69740,10762,80502,839
2022-08-08,Modoc,049,8938,857,855,311,1166,11
2022-08-08,Mono,051,14174,3173,3165,234,3399,7
2022-08-08,Monterey,053,433212,91692,91307,19677,110984,758
2022-08-08,Napa,055,140530,31319,31223,1374,32597,153
2022-08-08,Nevada,057,99092,18420,18354,1702,20056,132
2022-08-08,Orange,059,3164182,647721,646005,57776,703781,7235
2022-08-08,Placer,061,380077,73645,73348,9095,82443,650
2022-08-08,Plumas,063,18699,3530,3525,428,3953,13
2022-08-08,Riverside,065,2383286,675033,672334,33530,705864,6555
2022-08-08,Sacramento,067,1510023,335403,334382,32228,366610,3177
2022-08-08,San Benito,069,59416,15558,15507,874,16381,101
2022-08-08,San Bernardino,071,2135413,648084,641936,29201,671137,7977
2022-08-08,San Diego,073,3302833,898290,895482,68386,963868,5429
2022-08-08,San Francisco,075,870044,172895,172265,11653,183918,945
2022-08-08,San Joaquin,077,732212,191249,190596,13387,203983,2281
2022-08-08,San Luis Obispo,079,281455,61561,61207,6680,67887,510
2022-08-08,San Mateo,081,765935,162478,161882,10254,172136,738
2022-08-08,Santa Barbara,083,443738,102075,101558,6412,107970,711
2022-08-08,Santa Clara,085,1922200,416263,414659,18124,432783,2398
2022-08-08,Santa Cruz,087,273765,60631,60360,3255,63615,269
2022-08-08,Shasta,089,179085,33957,33816,7069,40885,584
2022-08-08,Sierra,091,2930,297,295,59,354,4
2022-08-08,Siskiyou,093,43540,5093,5074,3223,8297,87
2022-08-08,Solano,095,438530,101647,101393,7393,108786,457
2022-08-08,Sonoma,097,501317,103654,103168,5060,108228,501
2022-08-08,Stanislaus,099,539301,133439,133071,20084,153155,1702
2022-08-08,Sutter,101,95872,23334,23279,2408,25687,228
2022-08-08,Tehama,103,63373,13254,13187,2961,16148,209
2022-08-08,Trinity,105,12862,1356,1350,353,1703,20
2022-08-08,Tulare,107,460477,118459,118239,33737,151976,1520
2022-08-08,Tuolumne,109,53932,14994,14922,883,15805,196
2022-08-08,Ventura,111,848112,201889,201179,14330,215509,1539
2022-08-08,Yolo,113,214977,46191,46069,4169,50238,330
2022-08-08,Yuba,115,75493,18207,18179,1592,19771,129
2022-08-07,Alameda,001,1643700,334190,331755,18903,350658,1945
2022-08-07,Alpine,003,1148,131,130,1,131,0
2022-08-07,Amador,005,37829,9698,9655,877,10532,88
2022-08-07,Butte,007,227075,38059,37717,8509,46226,446
2022-08-07,Calaveras,009,45235,8262,8219,483,8702,129
2022-08-07,Colusa,011,21464,3698,3696,1207,4903,22
2022-08-07,Contra Costa,013,1133247,240436,237436,19480,256916,1383
2022-08-07,Del Norte,015,27424,7220,7191,379,7570,54
2022-08-07,El Dorado,017,186661,31427,31240,4071,35311,225
2022-08-07,Fresno,019,978130,265801,263912,28944,292856,2815
2022-08-07,Glenn,021,27897,5397,5379,1818,7197,48
2022-08-07,Humboldt,023,135768,20906,20746,4566,25312,153
2022-08-07,Imperial,025,180216,63685,63198,14546,77744,949
2022-08-07,Inyo,027,18085,4422,4408,839,5247,57
2022-08-07,Kern,029,883053,213307,211798,56755,268553,2375
2022-08-07,Kings,031,150075,57614,57294,3902,61196,453
2022-08-07,Lake,033,64148,12301,12220,1103,13323,142
2022-08-07,Lassen,035,31185,9726,9654,966,10620,64
2022-08-07,Los Angeles,037,10098052,3178673,3153757,168795,3322552,32563
2022-08-07,Madera,039,155013,42433,42139,7615,49754,372
2022-08-07,Marin,041,260295,43593,43295,5040,48335,302
2022-08-07,Mariposa,043,17540,2994,2965,318,3283,31
2022-08-07,Mendocino,045,87422,15462,15335,4214,19549,132
2022-08-07,Merced,047,269075,69963,69498,10719,80217,838
2022-08-07,Modoc,049,8938,856,853,311,1164,11
2022-08-07,Mono,051,14174,3170,3161,233,3394,7
2022-08-07,Monterey,053,433212,91560,90884,19587,110471,757
2022-08-07,Napa,055,140530,31275,31052,1372,32424,151
2022-08-07,Nevada,057,99092,18396,18309,1696,20005,132
2022-08-07,Orange,059,3164182,646821,643029,57601,700630,7213
2022-08-07,Placer,061,380077,73555,73064,9079,82143,648
2022-08-07,Plumas,063,18699,3529,3516,428,3944,13
2022-08-07,Riverside,065,2383286,674108,669230,33448,702678,6555
2022-08-07,Sacramento,067,1510023,334914,332928,32178,365106,3175
2022-08-07,San Benito,069,59416,15532,15403,871,16274,101
2022-08-07,San Bernardino,071,2135413,647196,639120,29138,668258,7956
2022-08-07,San Diego,073,3302833,897009,891504,68275,959779,5424
2022-08-07,San Francisco,075,870044,172621,171486,11628,183114,946
2022-08-07,San Joaquin,077,732212,190954,189696,13335,203031,2276
2022-08-07,San Luis Obispo,079,281455,61463,60903,6648,67551,510
2022-08-07,San Mateo,081,765935,162232,161011,10238,171249,734
2022-08-07,Santa Barbara,083,443738,101890,100995,6384,107379,711
2022-08-07,Santa Clara,085,1922200,415551,412411,18104,430515,2386
2022-08-07,Santa Cruz,087,273765,60510,59982,3239,63221,269
2022-08-07,Shasta,089,179085,33909,33727,7055,40782,583
2022-08-07,Sierra,091,2930,296,295,59,354,4
2022-08-07,Siskiyou,093,43540,5087,5045,3218,8263,87
2022-08-07,Solano,095,438530,101490,100081,7376,107457,457
2022-08-07,Sonoma,097,501317,103536,102682,5052,107734,502
2022-08-07,Stanislaus,099,539301,133245,132406,20053,152459,1701
2022-08-07,Sutter,101,95872,23297,23178,2407,25585,228
2022-08-07,Tehama,103,63373,13244,13155,2957,16112,209
2022-08-07,Trinity,105,12862,1354,1347,352,1699,20
2022-08-07,Tulare,107,460477,118308,117668,33637,151305,1516
2022-08-07,Tuolumne,109,53932,14977,14844,883,15727,196
2022-08-07,Ventura,111,848112,201631,200270,14284,214554,1537
2022-08-07,Yolo,113,214977,46141,45902,4159,50061,331
2022-08-07,Yuba,115,75493,18188,18099,1588,19687,124
2022-08-06,Alameda,001,1643700,333949,331755,18891,350646,1945
2022-08-06,Alpine,003,1148,131,130,1,131,0
2022-08-06,Amador,005,37829,9691,9655,875,10530,88
2022-08-06,Butte,007,227075,38021,37717,8498,46215,446
2022-08-06,Calaveras,009,45235,8255,8219,482,8701,129
2022-08-06,Colusa,011,21464,3696,3696,1204,4900,22
2022-08-06,Contra Costa,013,1133247,240191,237436,19460,256896,1383
2022-08-06,Del Norte,015,27424,7214,7191,379,7570,54
2022-08-06,El Dorado,017,186661,31410,31240,4068,35308,225
2022-08-06,Fresno,019,978130,265623,263912,28922,292834,2815
2022-08-06,Glenn,021,27897,5397,5379,1817,7196,48
2022-08-06,Humboldt,023,135768,20885,20746,4557,25303,153
2022-08-06,Imperial,025,180216,63639,63198,14518,77716,949
2022-08-06,Inyo,027,18085,4422,4408,838,5246,57
2022-08-06,Kern,029,883053,213212,211798,56685,268483,2375
2022-08-06,Kings,031,150075,57574,57294,3902,61196,453
2022-08-06,Lake,033,64148,12296,12220,1103,13323,142
2022-08-06,Lassen,035,31185,9693,9654,966,10620,64
2022-08-06,Los Angeles,037,10098052,3176525,3153757,168512,3322269,32563
2022-08-06,Madera,039,155013,42389,42139,7609,49748,372
2022-08-06,Marin,041,260295,43564,43295,5035,48330,302
2022-08-06,Mariposa,043,17540,2993,2965,318,3283,31
2022-08-06,Mendocino,045,87422,15453,15335,4213,19548,132
2022-08-06,Merced,047,269075,69934,69498,10713,80211,838
2022-08-06,Modoc,049,8938,856,853,311,1164,11
2022-08-06,Mono,051,14174,3168,3161,233,3394,7
2022-08-06,Monterey,053,433212,91507,90884,19543,110427,757
2022-08-06,Napa,055,140530,31255,31052,1371,32423,151
2022-08-06,Nevada,057,99092,18388,18309,1694,20003,132
2022-08-06,Orange,059,3164182,646381,643029,57488,700517,7213
2022-08-06,Placer,061,380077,73498,73064,9072,82136,648
2022-08-06,Plumas,063,18699,3527,3516,428,3944,13
2022-08-06,Riverside,065,2383286,673592,669230,33409,702639,6555
2022-08-06,Sacramento,067,1510023,334738,332928,32169,365097,3175
2022-08-06,San Benito,069,59416,15515,15403,869,16272,101
2022-08-06,San Bernardino,071,2135413,646757,639120,29103,668223,7956
2022-08-06,San Diego,073,3302833,896449,891504,68234,959738,5424
2022-08-06,San Francisco,075,870044,172466,171486,11618,183104,946
2022-08-06,San Joaquin,077,732212,190824,189696,13315,203011,2276
2022-08-06,San Luis Obispo,079,281455,61435,60903,6643,67546,510
2022-08-06,San Mateo,081,765935,162096,161011,10231,171242,734
2022-08-06,Santa Barbara,083,443738,101818,100995,6370,107365,711
2022-08-06,Santa Clara,085,1922200,415090,412411,18087,430498,2386
2022-08-06,Santa Cruz,087,273765,60453,59982,3232,63214,269
2022-08-06,Shasta,089,179085,33878,33727,7045,40772,583
2022-08-06,Sierra,091,2930,296,295,59,354,4
2022-08-06,Siskiyou,093,43540,5080,5045,3216,8261,87
2022-08-06,Solano,095,438530,101443,100081,7371,107452,457
2022-08-06,Sonoma,097,501317,103471,102682,5043,107725,502
2022-08-06,Stanislaus,099,539301,133141,132406,20044,152450,1701
2022-08-06,Sutter,101,95872,23273,23178,2407,25585,228
2022-08-06,Tehama,103,63373,13239,13155,2953,16108,209
2022-08-06,Trinity,105,12862,1354,1347,352,1699,20
2022-08-06,Tulare,107,460477,118227,117668,33595,151263,1516
2022-08-06,Tuolumne,109,53932,14969,14844,882,15726,196
2022-08-06,Ventura,111,848112,201523,200270,14264,214534,1537
2022-08-06,Yolo,113,214977,46109,45902,4152,50054,331
2022-08-06,Yuba,115,75493,18173,18099,1587,19686,124
2022-08-05,Alameda,001,1643700,333643,331755,18881,350636,1945
2022-08-05,Alpine,003,1148,131,130,1,131,0
2022-08-05,Amador,005,37829,9689,9655,874,10529,88
2022-08-05,Butte,007,227075,37983,37717,8487,46204,446
2022-08-05,Calaveras,009,45235,8251,8219,482,8701,129
2022-08-05,Colusa,011,21464,3695,3696,1204,4900,22
2022-08-05,Contra Costa,013,1133247,239998,237436,19432,256868,1383
2022-08-05,Del Norte,015,27424,7210,7191,378,7569,54
2022-08-05,El Dorado,017,186661,31402,31240,4067,35307,225
2022-08-05,Fresno,019,978130,265445,263912,28898,292810,2815
2022-08-05,Glenn,021,27897,5396,5379,1816,7195,48
2022-08-05,Humboldt,023,135768,20868,20746,4544,25290,153
2022-08-05,Imperial,025,180216,63564,63198,14479,77677,949
2022-08-05,Inyo,027,18085,4422,4408,838,5246,57
2022-08-05,Kern,029,883053,213102,211798,56620,268418,2375
2022-08-05,Kings,031,150075,57549,57294,3900,61194,453
2022-08-05,Lake,033,64148,12286,12220,1103,13323,142
2022-08-05,Lassen,035,31185,9681,9654,965,10619,64
2022-08-05,Los Angeles,037,10098052,3174069,3153757,168234,3321991,32563
2022-08-05,Madera,039,155013,42346,42139,7599,49738,372
2022-08-05,Marin,041,260295,43520,43295,5029,48324,302
2022-08-05,Mariposa,043,17540,2989,2965,316,3281,31
2022-08-05,Mendocino,045,87422,15439,15335,4209,19544,132
2022-08-05,Merced,047,269075,69884,69498,10706,80204,838
2022-08-05,Modoc,049,8938,856,853,311,1164,11
2022-08-05,Mono,051,14174,3167,3161,233,3394,7
2022-08-05,Monterey,053,433212,91440,90884,19507,110391,757
2022-08-05,Napa,055,140530,31225,31052,1370,32422,151
2022-08-05,Nevada,057,99092,18379,18309,1692,20001,132
2022-08-05,Orange,059,3164182,645875,643029,57385,700414,7213
2022-08-05,Placer,061,380077,73447,73064,9062,82126,648
2022-08-05,Plumas,063,18699,3525,3516,428,3944,13
2022-08-05,Riverside,065,2383286,673035,669230,33361,702591,6555
2022-08-05,Sacramento,067,1510023,334497,332928,32151,365079,3175
2022-08-05,San Benito,069,59416,15496,15403,867,16270,101
2022-08-05,San Bernardino,071,2135413,646303,639120,29077,668197,7956
2022-08-05,San Diego,073,3302833,895784,891504,68152,959656,5424
2022-08-05,San Francisco,075,870044,172323,171486,11598,183084,946
2022-08-05,San Joaquin,077,732212,190697,189696,13295,202991,2276
2022-08-05,San Luis Obispo,079,281455,61400,60903,6635,67538,510
2022-08-05,San Mateo,081,765935,161925,161011,10220,171231,734
2022-08-05,Santa Barbara,083,443738,101717,100995,6362,107357,711
2022-08-05,Santa Clara,085,1922200,414588,412411,18059,430470,2386
2022-08-05,Santa Cruz,087,273765,60386,59982,3228,63210,269
2022-08-05,Shasta,089,179085,33868,33727,7042,40769,583
2022-08-05,Sierra,091,2930,296,295,59,354,4
2022-08-05,Siskiyou,093,43540,5075,5045,3214,8259,87
2022-08-05,Solano,095,438530,101366,100081,7363,107444,457
2022-08-05,Sonoma,097,501317,103395,102682,5038,107720,502
2022-08-05,Stanislaus,099,539301,133039,132406,20036,152442,1701
2022-08-05,Sutter,101,95872,23252,23178,2405,25583,228
2022-08-05,Tehama,103,63373,13231,13155,2953,16108,209
2022-08-05,Trinity,105,12862,1353,1347,352,1699,20
2022-08-05,Tulare,107,460477,118140,117668,33542,151210,1516
2022-08-05,Tuolumne,109,53932,14956,14844,881,15725,196
2022-08-05,Ventura,111,848112,201374,200270,14235,214505,1537
2022-08-05,Yolo,113,214977,46091,45902,4137,50039,331
2022-08-05,Yuba,115,75493,18165,18099,1586,19685,124
2022-08-04,Alameda,001,1643700,333181,331755,18833,350588,1945
2022-08-04,Alpine,003,1148,130,130,1,131,0
2022-08-04,Amador,005,37829,9678,9655,870,10525,88
2022-08-04,Butte,007,227075,37939,37717,8471,46188,446
2022-08-04,Calaveras,009,45235,8244,8219,481,8700,129
2022-08-04,Colusa,011,21464,3694,3696,1204,4900,22
2022-08-04,Contra Costa,013,1133247,239722,237436,19393,256829,1383
2022-08-04,Del Norte,015,27424,7202,7191,377,7568,54
2022-08-04,El Dorado,017,186661,31370,31240,4064,35304,225
2022-08-04,Fresno,019,978130,265119,263912,28841,292753,2815
2022-08-04,Glenn,021,27897,5392,5379,1813,7192,48
2022-08-04,Humboldt,023,135768,20844,20746,4531,25277,153
2022-08-04,Imperial,025,180216,63496,63198,14425,77623,949
2022-08-04,Inyo,027,18085,4421,4408,837,5245,57
2022-08-04,Kern,029,883053,212899,211798,56531,268329,2375
2022-08-04,Kings,031,150075,57483,57294,3892,61186,453
2022-08-04,Lake,033,64148,12272,12220,1102,13322,142
2022-08-04,Lassen,035,31185,9675,9654,962,10616,64
2022-08-04,Los Angeles,037,10098052,3170423,3153757,167856,3321613,32563
2022-08-04,Madera,039,155013,42303,42139,7556,49695,372
2022-08-04,Marin,041,260295,43466,43295,5000,48295,302
2022-08-04,Mariposa,043,17540,2984,2965,314,3279,31
2022-08-04,Mendocino,045,87422,15426,15335,4201,19536,132
2022-08-04,Merced,047,269075,69813,69498,10667,80165,838
2022-08-04,Modoc,049,8938,856,853,311,1164,11
2022-08-04,Mono,051,14174,3167,3161,233,3394,7
2022-08-04,Monterey,053,433212,91330,90884,19441,110325,757
2022-08-04,Napa,055,140530,31189,31052,1369,32421,151
2022-08-04,Nevada,057,99092,18367,18309,1685,19994,132
2022-08-04,Orange,059,3164182,645112,643029,57245,700274,7213
2022-08-04,Placer,061,380077,73377,73064,9049,82113,648
2022-08-04,Plumas,063,18699,3520,3516,428,3944,13
2022-08-04,Riverside,065,2383286,672320,669230,33315,702545,6555
2022-08-04,Sacramento,067,1510023,334076,332928,32129,365057,3175
2022-08-04,San Benito,069,59416,15468,15403,859,16262,101
2022-08-04,San Bernardino,071,2135413,645614,639120,29023,668143,7956
2022-08-04,San Diego,073,3302833,894788,891504,68049,959553,5424
2022-08-04,San Francisco,075,870044,172116,171486,11570,183056,946
2022-08-04,San Joaquin,077,732212,190494,189696,13267,202963,2276
2022-08-04,San Luis Obispo,079,281455,61333,60903,6608,67511,510
2022-08-04,San Mateo,081,765935,161704,161011,10213,171224,734
2022-08-04,Santa Barbara,083,443738,101584,100995,6341,107336,711
2022-08-04,Santa Clara,085,1922200,414008,412411,18029,430440,2386
2022-08-04,Santa Cruz,087,273765,60298,59982,3227,63209,269
2022-08-04,Shasta,089,179085,33845,33727,7028,40755,583
2022-08-04,Sierra,091,2930,296,295,59,354,4
2022-08-04,Siskiyou,093,43540,5069,5045,3208,8253,87
2022-08-04,Solano,095,438530,101255,100081,7353,107434,457
2022-08-04,Sonoma,097,501317,103288,102682,5027,107709,502
2022-08-04,Stanislaus,099,539301,132881,132406,20014,152420,1701
2022-08-04,Sutter,101,95872,23226,23178,2403,25581,228
2022-08-04,Tehama,103,63373,13217,13155,2948,16103,209
2022-08-04,Trinity,105,12862,1352,1347,351,1698,20
2022-08-04,Tulare,107,460477,118025,117668,33481,151149,1516
2022-08-04,Tuolumne,109,53932,14932,14844,879,15723,196
2022-08-04,Ventura,111,848112,201145,200270,14197,214467,1537
2022-08-04,Yolo,113,214977,46055,45902,4129,50031,331
2022-08-04,Yuba,115,75493,18146,18099,1585,19684,124
2022-08-03,Alameda,001,1643700,332672,330158,18800,348958,1941
2022-08-03,Alpine,003,1148,130,130,1,131,0
2022-08-03,Amador,005,37829,9672,9627,867,10494,88
2022-08-03,Butte,007,227075,37895,37567,8460,46027,444
2022-08-03,Calaveras,009,45235,8236,8194,480,8674,128
2022-08-03,Colusa,011,21464,3694,3676,1204,4880,22
2022-08-03,Contra Costa,013,1133247,239400,236190,19342,255532,1381
2022-08-03,Del Norte,015,27424,7198,7156,377,7533,54
2022-08-03,El Dorado,017,186661,31334,31165,4054,35219,222
2022-08-03,Fresno,019,978130,264724,262758,28796,291554,2806
2022-08-03,Glenn,021,27897,5390,5363,1809,7172,48
2022-08-03,Humboldt,023,135768,20809,20640,4513,25153,153
2022-08-03,Imperial,025,180216,63417,62884,14374,77258,949
2022-08-03,Inyo,027,18085,4421,4398,831,5229,57
2022-08-03,Kern,029,883053,212710,211047,56422,267469,2375
2022-08-03,Kings,031,150075,57419,57065,3890,60955,453
2022-08-03,Lake,033,64148,12255,12172,1099,13271,142
2022-08-03,Lassen,035,31185,9672,9563,962,10525,64
2022-08-03,Los Angeles,037,10098052,3166745,3140955,167475,3308430,32500
2022-08-03,Madera,039,155013,42255,41918,7537,49455,372
2022-08-03,Marin,041,260295,43405,43127,4985,48112,300
2022-08-03,Mariposa,043,17540,2980,2950,314,3264,30
2022-08-03,Mendocino,045,87422,15409,15260,4193,19453,132
2022-08-03,Merced,047,269075,69748,69198,10639,79837,838
2022-08-03,Modoc,049,8938,855,842,311,1153,11
2022-08-03,Mono,051,14174,3167,3157,231,3388,7
2022-08-03,Monterey,053,433212,91225,90456,19376,109832,754
2022-08-03,Napa,055,140530,31152,30935,1364,32299,151
2022-08-03,Nevada,057,99092,18356,18253,1682,19935,132
2022-08-03,Orange,059,3164182,644294,640110,57079,697189,7202
2022-08-03,Placer,061,380077,73297,72834,9035,81869,646
2022-08-03,Plumas,063,18699,3517,3496,428,3924,13
2022-08-03,Riverside,065,2383286,671469,666773,33250,700023,6547
2022-08-03,Sacramento,067,1510023,333644,331584,32095,363679,3162
2022-08-03,San Benito,069,59416,15440,15338,852,16190,100
2022-08-03,San Bernardino,071,2135413,644893,636510,28967,665477,7951
2022-08-03,San Diego,073,3302833,893571,887729,67921,955650,5417
2022-08-03,San Francisco,075,870044,171910,170637,11551,182188,939
2022-08-03,San Joaquin,077,732212,190253,188962,13242,202204,2276
2022-08-03,San Luis Obispo,079,281455,61250,60648,6592,67240,504
2022-08-03,San Mateo,081,765935,161517,160258,10201,170459,725
2022-08-03,Santa Barbara,083,443738,101463,100558,6319,106877,710
2022-08-03,Santa Clara,085,1922200,413535,410394,18000,428394,2383
2022-08-03,Santa Cruz,087,273765,60208,59661,3224,62885,269
2022-08-03,Shasta,089,179085,33818,33630,7022,40652,582
2022-08-03,Sierra,091,2930,296,295,59,354,4
2022-08-03,Siskiyou,093,43540,5065,5021,3206,8227,86
2022-08-03,Solano,095,438530,101137,99608,7341,106949,459
2022-08-03,Sonoma,097,501317,103165,102306,5014,107320,500
2022-08-03,Stanislaus,099,539301,132738,131869,19989,151858,1701
2022-08-03,Sutter,101,95872,23197,23056,2401,25457,228
2022-08-03,Tehama,103,63373,13205,13135,2944,16079,209
2022-08-03,Trinity,105,12862,1352,1342,350,1692,20
2022-08-03,Tulare,107,460477,117888,117288,33413,150701,1516
2022-08-03,Tuolumne,109,53932,14913,14778,878,15656,196
2022-08-03,Ventura,111,848112,200910,199530,14159,213689,1536
2022-08-03,Yolo,113,214977,46008,45757,4110,49867,330
2022-08-03,Yuba,115,75493,18117,18036,1584,19620,124
2022-08-02,Alameda,001,1643700,332135,330158,18765,348923,1941
2022-08-02,Alpine,003,1148,130,130,1,131,0
2022-08-02,Amador,005,37829,9663,9627,860,10487,88
2022-08-02,Butte,007,227075,37856,37567,8448,46015,444
2022-08-02,Calaveras,009,45235,8221,8194,478,8672,128
2022-08-02,Colusa,011,21464,3691,3676,1204,4880,22
2022-08-02,Contra Costa,013,1133247,239048,236190,19279,255469,1381
2022-08-02,Del Norte,015,27424,7188,7156,377,7533,54
2022-08-02,El Dorado,017,186661,31300,31165,4048,35213,222
2022-08-02,Fresno,019,978130,264300,262758,28713,291471,2806
2022-08-02,Glenn,021,27897,5386,5363,1807,7170,48
2022-08-02,Humboldt,023,135768,20772,20640,4490,25130,153
2022-08-02,Imperial,025,180216,63336,62884,14326,77210,949
2022-08-02,Inyo,027,18085,4418,4398,821,5219,57
2022-08-02,Kern,029,883053,212477,211047,56285,267332,2375
2022-08-02,Kings,031,150075,57338,57065,3887,60952,453
2022-08-02,Lake,033,64148,12244,12172,1096,13268,142
2022-08-02,Lassen,035,31185,9669,9563,961,10524,64
2022-08-02,Los Angeles,037,10098052,3162455,3140955,167002,3307957,32500
2022-08-02,Madera,039,155013,42185,41918,7515,49433,372
2022-08-02,Marin,041,260295,43347,43127,4977,48104,300
2022-08-02,Mariposa,043,17540,2976,2950,314,3264,30
2022-08-02,Mendocino,045,87422,15377,15260,4179,19439,132
2022-08-02,Merced,047,269075,69673,69198,10601,79799,838
2022-08-02,Modoc,049,8938,855,842,311,1153,11
2022-08-02,Mono,051,14174,3165,3157,230,3387,7
2022-08-02,Monterey,053,433212,91103,90456,19304,109760,754
2022-08-02,Napa,055,140530,31115,30935,1361,32296,151
2022-08-02,Nevada,057,99092,18341,18253,1681,19934,132
2022-08-02,Orange,059,3164182,643412,640110,56916,697026,7202
2022-08-02,Placer,061,380077,73212,72834,9026,81860,646
2022-08-02,Plumas,063,18699,3512,3496,428,3924,13
2022-08-02,Riverside,065,2383286,670554,666773,33198,699971,6547
2022-08-02,Sacramento,067,1510023,333234,331584,32051,363635,3162
2022-08-02,San Benito,069,59416,15406,15338,849,16187,100
2022-08-02,San Bernardino,071,2135413,644060,636510,28914,665424,7951
2022-08-02,San Diego,073,3302833,892407,887729,67791,955520,5417
2022-08-02,San Francisco,075,870044,171673,170637,11536,182173,939
2022-08-02,San Joaquin,077,732212,190017,188962,13213,202175,2276
2022-08-02,San Luis Obispo,079,281455,61163,60648,6563,67211,504
2022-08-02,San Mateo,081,765935,161272,160258,10197,170455,725
2022-08-02,Santa Barbara,083,443738,101300,100558,6290,106848,710
2022-08-02,Santa Clara,085,1922200,412912,410394,17964,428358,2383
2022-08-02,Santa Cruz,087,273765,60119,59661,3216,62877,269
2022-08-02,Shasta,089,179085,33796,33630,7008,40638,582
2022-08-02,Sierra,091,2930,296,295,59,354,4
2022-08-02,Siskiyou,093,43540,5051,5021,3202,8223,86
2022-08-02,Solano,095,438530,100956,99608,7319,106927,459
2022-08-02,Sonoma,097,501317,102993,102306,4997,107303,500
2022-08-02,Stanislaus,099,539301,132580,131869,19951,151820,1701
2022-08-02,Sutter,101,95872,23163,23056,2400,25456,228
2022-08-02,Tehama,103,63373,13195,13135,2940,16075,209
2022-08-02,Trinity,105,12862,1352,1342,348,1690,20
2022-08-02,Tulare,107,460477,117749,117288,33329,150617,1516
2022-08-02,Tuolumne,109,53932,14896,14778,876,15654,196
2022-08-02,Ventura,111,848112,200657,199530,14115,213645,1536
2022-08-02,Yolo,113,214977,45961,45757,4105,49862,330
2022-08-02,Yuba,115,75493,18096,18036,1580,19616,124
2022-08-01,Alameda,001,1643700,331479,330158,18731,348889,1941
2022-08-01,Alpine,003,1148,130,130,1,131,0
2022-08-01,Amador,005,37829,9656,9627,858,10485,88
2022-08-01,Butte,007,227075,37799,37567,8433,46000,444
2022-08-01,Calaveras,009,45235,8218,8194,477,8671,128
2022-08-01,Colusa,011,21464,3687,3676,1195,4871,22
2022-08-01,Contra Costa,013,1133247,238655,236190,19222,255412,1381
2022-08-01,Del Norte,015,27424,7183,7156,377,7533,54
2022-08-01,El Dorado,017,186661,31272,31165,4043,35208,222
2022-08-01,Fresno,019,978130,263847,262758,28635,291393,2806
2022-08-01,Glenn,021,27897,5378,5363,1806,7169,48
2022-08-01,Humboldt,023,135768,20741,20640,4472,25112,153
2022-08-01,Imperial,025,180216,63218,62884,14266,77150,949
2022-08-01,Inyo,027,18085,4414,4398,817,5215,57
2022-08-01,Kern,029,883053,212242,211047,56178,267225,2375
2022-08-01,Kings,031,150075,57246,57065,3876,60941,453
2022-08-01,Lake,033,64148,12215,12172,1095,13267,142
2022-08-01,Lassen,035,31185,9649,9563,961,10524,64
2022-08-01,Los Angeles,037,10098052,3157774,3140955,166532,3307487,32500
2022-08-01,Madera,039,155013,42103,41918,7484,49402,372
2022-08-01,Marin,041,260295,43294,43127,4952,48079,300
2022-08-01,Mariposa,043,17540,2972,2950,312,3262,30
2022-08-01,Mendocino,045,87422,15353,15260,4170,19430,132
2022-08-01,Merced,047,269075,69566,69198,10576,79774,838
2022-08-01,Modoc,049,8938,855,842,311,1153,11
2022-08-01,Mono,051,14174,3164,3157,228,3385,7
2022-08-01,Monterey,053,433212,90957,90456,19228,109684,754
2022-08-01,Napa,055,140530,31067,30935,1358,32293,151
2022-08-01,Nevada,057,99092,18329,18253,1676,19929,132
2022-08-01,Orange,059,3164182,642468,640110,56752,696862,7202
2022-08-01,Placer,061,380077,73145,72834,9014,81848,646
2022-08-01,Plumas,063,18699,3508,3496,428,3924,13
2022-08-01,Riverside,065,2383286,669547,666773,33149,699922,6547
2022-08-01,Sacramento,067,1510023,332798,331584,32011,363595,3162
2022-08-01,San Benito,069,59416,15387,15338,849,16187,100
2022-08-01,San Bernardino,071,2135413,643156,636510,28859,665369,7951
2022-08-01,San Diego,073,3302833,890978,887729,67619,955348,5417
2022-08-01,San Francisco,075,870044,171415,170637,11521,182158,939
2022-08-01,San Joaquin,077,732212,189747,188962,13180,202142,2276
2022-08-01,San Luis Obispo,079,281455,61068,60648,6546,67194,504
2022-08-01,San Mateo,081,765935,160980,160258,10184,170442,725
2022-08-01,Santa Barbara,083,443738,101125,100558,6265,106823,710
2022-08-01,Santa Clara,085,1922200,412137,410394,17938,428332,2383
2022-08-01,Santa Cruz,087,273765,60014,59661,3204,62865,269
2022-08-01,Shasta,089,179085,33770,33630,6996,40626,582
2022-08-01,Sierra,091,2930,296,295,59,354,4
2022-08-01,Siskiyou,093,43540,5043,5021,3194,8215,86
2022-08-01,Solano,095,438530,100775,99608,7300,106908,459
2022-08-01,Sonoma,097,501317,102824,102306,4986,107292,500
2022-08-01,Stanislaus,099,539301,132405,131869,19926,151795,1701
2022-08-01,Sutter,101,95872,23108,23056,2399,25455,228
2022-08-01,Tehama,103,63373,13179,13135,2934,16069,209
2022-08-01,Trinity,105,12862,1351,1342,347,1689,20
2022-08-01,Tulare,107,460477,117576,117288,33247,150535,1516
2022-08-01,Tuolumne,109,53932,14877,14778,876,15654,196
2022-08-01,Ventura,111,848112,200406,199530,14068,213598,1536
2022-08-01,Yolo,113,214977,45910,45757,4089,49846,330
2022-08-01,Yuba,115,75493,18072,18036,1576,19612,124
2022-07-31,Alameda,001,1643700,330747,327608,18694,346302,1941
2022-07-31,Alpine,003,1148,130,130,1,131,0
2022-07-31,Amador,005,37829,9643,9609,853,10462,88
2022-07-31,Butte,007,227075,37723,37349,8413,45762,444
2022-07-31,Calaveras,009,45235,8206,8145,474,8619,128
2022-07-31,Colusa,011,21464,3683,3664,1193,4857,22
2022-07-31,Contra Costa,013,1133247,238185,234635,19151,253786,1375
2022-07-31,Del Norte,015,27424,7171,7136,374,7510,54
2022-07-31,El Dorado,017,186661,31245,31007,4035,35042,222
2022-07-31,Fresno,019,978130,263298,260858,28555,289413,2805
2022-07-31,Glenn,021,27897,5375,5350,1804,7154,48
2022-07-31,Humboldt,023,135768,20702,20523,4440,24963,151
2022-07-31,Imperial,025,180216,63113,62471,14185,76656,949
2022-07-31,Inyo,027,18085,4409,4388,812,5200,57
2022-07-31,Kern,029,883053,211941,210190,56008,266198,2375
2022-07-31,Kings,031,150075,57119,56673,3867,60540,454
2022-07-31,Lake,033,64148,12199,12102,1093,13195,142
2022-07-31,Lassen,035,31185,9570,9548,961,10509,64
2022-07-31,Los Angeles,037,10098052,3152647,3122700,165912,3288612,32445
2022-07-31,Madera,039,155013,42014,41641,7450,49091,372
2022-07-31,Marin,041,260295,43221,42840,4939,47779,300
2022-07-31,Mariposa,043,17540,2966,2940,311,3251,30
2022-07-31,Mendocino,045,87422,15334,15172,4161,19333,132
2022-07-31,Merced,047,269075,69438,68853,10533,79386,838
2022-07-31,Modoc,049,8938,851,841,311,1152,11
2022-07-31,Mono,051,14174,3164,3155,225,3380,7
2022-07-31,Monterey,053,433212,90798,89974,19144,109118,754
2022-07-31,Napa,055,140530,31001,30777,1355,32132,150
2022-07-31,Nevada,057,99092,18292,18187,1673,19860,131
2022-07-31,Orange,059,3164182,641484,636403,56552,692955,7194
2022-07-31,Placer,061,380077,73042,72444,8997,81441,647
2022-07-31,Plumas,063,18699,3502,3490,427,3917,13
2022-07-31,Riverside,065,2383286,668500,662929,33063,695992,6543
2022-07-31,Sacramento,067,1510023,332191,329639,31956,361595,3156
2022-07-31,San Benito,069,59416,15360,15256,843,16099,100
2022-07-31,San Bernardino,071,2135413,642061,633131,28763,661894,7941
2022-07-31,San Diego,073,3302833,889380,881822,67469,949291,5409
2022-07-31,San Francisco,075,870044,171019,169564,11480,181044,937
2022-07-31,San Joaquin,077,732212,189393,187937,13109,201046,2276
2022-07-31,San Luis Obispo,079,281455,60923,60370,6511,66881,503
2022-07-31,San Mateo,081,765935,160735,159145,10156,169301,726
2022-07-31,Santa Barbara,083,443738,100897,99946,6218,106164,708
2022-07-31,Santa Clara,085,1922200,411368,407392,17903,425295,2381
2022-07-31,Santa Cruz,087,273765,59847,59227,3188,62415,269
2022-07-31,Shasta,089,179085,33719,33454,6973,40427,581
2022-07-31,Sierra,091,2930,296,293,59,352,4
2022-07-31,Siskiyou,093,43540,5032,4997,3191,8188,86
2022-07-31,Solano,095,438530,100581,99034,7286,106320,457
2022-07-31,Sonoma,097,501317,102672,101747,4957,106704,500
2022-07-31,Stanislaus,099,539301,132171,131081,19885,150966,1696
2022-07-31,Sutter,101,95872,23064,22931,2388,25319,228
2022-07-31,Tehama,103,63373,13171,13079,2925,16004,208
2022-07-31,Trinity,105,12862,1349,1340,346,1686,20
2022-07-31,Tulare,107,460477,117384,116640,33125,149765,1514
2022-07-31,Tuolumne,109,53932,14853,14701,873,15574,196
2022-07-31,Ventura,111,848112,200091,198498,13987,212485,1530
2022-07-31,Yolo,113,214977,45849,45511,4080,49591,327
2022-07-31,Yuba,115,75493,18040,17951,1567,19518,124
2022-07-30,Alameda,001,1643700,330409,327608,18676,346284,1941
2022-07-30,Alpine,003,1148,130,130,1,131,0
2022-07-30,Amador,005,37829,9641,9609,847,10456,88
2022-07-30,Butte,007,227075,37694,37349,8404,45753,444
2022-07-30,Calaveras,009,45235,8196,8145,473,8618,128
2022-07-30,Colusa,011,21464,3678,3664,1193,4857,22
2022-07-30,Contra Costa,013,1133247,237909,234635,19112,253747,1375
2022-07-30,Del Norte,015,27424,7166,7136,372,7508,54
2022-07-30,El Dorado,017,186661,31226,31007,4031,35038,222
2022-07-30,Fresno,019,978130,263095,260858,28515,289373,2805
2022-07-30,Glenn,021,27897,5370,5350,1803,7153,48
2022-07-30,Humboldt,023,135768,20682,20523,4428,24951,151
2022-07-30,Imperial,025,180216,63067,62471,14155,76626,949
2022-07-30,Inyo,027,18085,4408,4388,808,5196,57
2022-07-30,Kern,029,883053,211822,210190,55923,266113,2375
2022-07-30,Kings,031,150075,57086,56673,3867,60540,454
2022-07-30,Lake,033,64148,12189,12102,1092,13194,142
2022-07-30,Lassen,035,31185,9569,9548,959,10507,64
2022-07-30,Los Angeles,037,10098052,3150207,3122700,165536,3288236,32445
2022-07-30,Madera,039,155013,41980,41641,7445,49086,372
2022-07-30,Marin,041,260295,43189,42840,4937,47777,300
2022-07-30,Mariposa,043,17540,2964,2940,310,3250,30
2022-07-30,Mendocino,045,87422,15310,15172,4157,19329,132
2022-07-30,Merced,047,269075,69387,68853,10524,79377,838
2022-07-30,Modoc,049,8938,851,841,311,1152,11
2022-07-30,Mono,051,14174,3164,3155,223,3378,7
2022-07-30,Monterey,053,433212,90707,89974,19099,109073,754
2022-07-30,Napa,055,140530,30973,30777,1352,32129,150
2022-07-30,Nevada,057,99092,18283,18187,1669,19856,131
2022-07-30,Orange,059,3164182,640947,636403,56445,692848,7194
2022-07-30,Placer,061,380077,73003,72444,8984,81428,647
2022-07-30,Plumas,063,18699,3501,3490,427,3917,13
2022-07-30,Riverside,065,2383286,667966,662929,33034,695963,6543
2022-07-30,Sacramento,067,1510023,331949,329639,31948,361587,3156
2022-07-30,San Benito,069,59416,15348,15256,840,16096,100
2022-07-30,San Bernardino,071,2135413,641586,633131,28721,661852,7941
2022-07-30,San Diego,073,3302833,888733,881822,67418,949240,5409
2022-07-30,San Francisco,075,870044,170868,169564,11469,181033,937
2022-07-30,San Joaquin,077,732212,189266,187937,13085,201022,2276
2022-07-30,San Luis Obispo,079,281455,60884,60370,6498,66868,503
2022-07-30,San Mateo,081,765935,160550,159145,10138,169283,726
2022-07-30,Santa Barbara,083,443738,100807,99946,6197,106143,708
2022-07-30,Santa Clara,085,1922200,410879,407392,17884,425276,2381
2022-07-30,Santa Cruz,087,273765,59781,59227,3180,62407,269
2022-07-30,Shasta,089,179085,33699,33454,6972,40426,581
2022-07-30,Sierra,091,2930,296,293,59,352,4
2022-07-30,Siskiyou,093,43540,5029,4997,3189,8186,86
2022-07-30,Solano,095,438530,100523,99034,7273,106307,457
2022-07-30,Sonoma,097,501317,102585,101747,4949,106696,500
2022-07-30,Stanislaus,099,539301,132039,131081,19863,150944,1696
2022-07-30,Sutter,101,95872,23039,22931,2387,25318,228
2022-07-30,Tehama,103,63373,13165,13079,2922,16001,208
2022-07-30,Trinity,105,12862,1349,1340,346,1686,20
2022-07-30,Tulare,107,460477,117292,116640,33061,149701,1514
2022-07-30,Tuolumne,109,53932,14834,14701,873,15574,196
2022-07-30,Ventura,111,848112,199926,198498,13956,212454,1530
2022-07-30,Yolo,113,214977,45822,45511,4076,49587,327
2022-07-30,Yuba,115,75493,18027,17951,1567,19518,124
2022-07-29,Alameda,001,1643700,330043,327608,18648,346256,1941
2022-07-29,Alpine,003,1148,130,130,1,131,0
2022-07-29,Amador,005,37829,9640,9609,846,10455,88
2022-07-29,Butte,007,227075,37663,37349,8387,45736,444
2022-07-29,Calaveras,009,45235,8192,8145,473,8618,128
2022-07-29,Colusa,011,21464,3678,3664,1193,4857,22
2022-07-29,Contra Costa,013,1133247,237683,234635,19088,253723,1375
2022-07-29,Del Norte,015,27424,7161,7136,371,7507,54
2022-07-29,El Dorado,017,186661,31204,31007,4030,35037,222
2022-07-29,Fresno,019,978130,262852,260858,28467,289325,2805
2022-07-29,Glenn,021,27897,5368,5350,1801,7151,48
2022-07-29,Humboldt,023,135768,20656,20523,4418,24941,151
2022-07-29,Imperial,025,180216,63006,62471,14127,76598,949
2022-07-29,Inyo,027,18085,4407,4388,807,5195,57
2022-07-29,Kern,029,883053,211659,210190,55834,266024,2375
2022-07-29,Kings,031,150075,57049,56673,3866,60539,454
2022-07-29,Lake,033,64148,12174,12102,1089,13191,142
2022-07-29,Lassen,035,31185,9567,9548,959,10507,64
2022-07-29,Los Angeles,037,10098052,3147375,3122700,165214,3287914,32445
2022-07-29,Madera,039,155013,41935,41641,7433,49074,372
2022-07-29,Marin,041,260295,43142,42840,4929,47769,300
2022-07-29,Mariposa,043,17540,2963,2940,310,3250,30
2022-07-29,Mendocino,045,87422,15292,15172,4145,19317,132
2022-07-29,Merced,047,269075,69330,68853,10507,79360,838
2022-07-29,Modoc,049,8938,851,841,311,1152,11
2022-07-29,Mono,051,14174,3163,3155,222,3377,7
2022-07-29,Monterey,053,433212,90615,89974,19063,109037,754
2022-07-29,Napa,055,140530,30947,30777,1351,32128,150
2022-07-29,Nevada,057,99092,18272,18187,1667,19854,131
2022-07-29,Orange,059,3164182,640358,636403,56314,692717,7194
2022-07-29,Placer,061,380077,72933,72444,8970,81414,647
2022-07-29,Plumas,063,18699,3500,3490,427,3917,13
2022-07-29,Riverside,065,2383286,667424,662929,32988,695917,6543
2022-07-29,Sacramento,067,1510023,331636,329639,31929,361568,3156
2022-07-29,San Benito,069,59416,15333,15256,839,16095,100
2022-07-29,San Bernardino,071,2135413,641057,633131,28689,661820,7941
2022-07-29,San Diego,073,3302833,887875,881822,67311,949133,5409
2022-07-29,San Francisco,075,870044,170690,169564,11457,181021,937
2022-07-29,San Joaquin,077,732212,189154,187937,13072,201009,2276
2022-07-29,San Luis Obispo,079,281455,60848,60370,6486,66856,503
2022-07-29,San Mateo,081,765935,160374,159145,10129,169274,726
2022-07-29,Santa Barbara,083,443738,100685,99946,6187,106133,708
2022-07-29,Santa Clara,085,1922200,410404,407392,17863,425255,2381
2022-07-29,Santa Cruz,087,273765,59705,59227,3177,62404,269
2022-07-29,Shasta,089,179085,33673,33454,6964,40418,581
2022-07-29,Sierra,091,2930,296,293,58,351,4
2022-07-29,Siskiyou,093,43540,5024,4997,3188,8185,86
2022-07-29,Solano,095,438530,100392,99034,7263,106297,457
2022-07-29,Sonoma,097,501317,102482,101747,4937,106684,500
2022-07-29,Stanislaus,099,539301,131935,131081,19852,150933,1696
2022-07-29,Sutter,101,95872,23019,22931,2387,25318,228
2022-07-29,Tehama,103,63373,13158,13079,2920,15999,208
2022-07-29,Trinity,105,12862,1345,1340,345,1685,20
2022-07-29,Tulare,107,460477,117191,116640,33000,149640,1514
2022-07-29,Tuolumne,109,53932,14821,14701,872,15573,196
2022-07-29,Ventura,111,848112,199776,198498,13917,212415,1530
2022-07-29,Yolo,113,214977,45787,45511,4063,49574,327
2022-07-29,Yuba,115,75493,18006,17951,1565,19516,124
2022-07-28,Alameda,001,1643700,329557,327608,18600,346208,1941
2022-07-28,Alpine,003,1148,130,130,1,131,0
2022-07-28,Amador,005,37829,9633,9609,845,10454,88
2022-07-28,Butte,007,227075,37610,37349,8374,45723,444
2022-07-28,Calaveras,009,45235,8181,8145,472,8617,128
2022-07-28,Colusa,011,21464,3672,3664,1193,4857,22
2022-07-28,Contra Costa,013,1133247,237320,234635,19033,253668,1375
2022-07-28,Del Norte,015,27424,7155,7136,370,7506,54
2022-07-28,El Dorado,017,186661,31169,31007,4025,35032,222
2022-07-28,Fresno,019,978130,262420,260858,28393,289251,2805
2022-07-28,Glenn,021,27897,5366,5350,1797,7147,48
2022-07-28,Humboldt,023,135768,20622,20523,4407,24930,151
2022-07-28,Imperial,025,180216,62906,62471,14063,76534,949
2022-07-28,Inyo,027,18085,4403,4388,805,5193,57
2022-07-28,Kern,029,883053,211418,210190,55727,265917,2375
2022-07-28,Kings,031,150075,56947,56673,3863,60536,454
2022-07-28,Lake,033,64148,12157,12102,1088,13190,142
2022-07-28,Lassen,035,31185,9562,9548,959,10507,64
2022-07-28,Los Angeles,037,10098052,3143127,3122700,164680,3287380,32445
2022-07-28,Madera,039,155013,41874,41641,7423,49064,372
2022-07-28,Marin,041,260295,43094,42840,4924,47764,300
2022-07-28,Mariposa,043,17540,2960,2940,307,3247,30
2022-07-28,Mendocino,045,87422,15271,15172,4134,19306,132
2022-07-28,Merced,047,269075,69252,68853,10468,79321,838
2022-07-28,Modoc,049,8938,848,841,311,1152,11
2022-07-28,Mono,051,14174,3163,3155,221,3376,7
2022-07-28,Monterey,053,433212,90461,89974,18986,108960,754
2022-07-28,Napa,055,140530,30908,30777,1349,32126,150
2022-07-28,Nevada,057,99092,18259,18187,1661,19848,131
2022-07-28,Orange,059,3164182,639410,636403,56164,692567,7194
2022-07-28,Placer,061,380077,72842,72444,8949,81393,647
2022-07-28,Plumas,063,18699,3499,3490,427,3917,13
2022-07-28,Riverside,065,2383286,666620,662929,32934,695863,6543
2022-07-28,Sacramento,067,1510023,331210,329639,31899,361538,3156
2022-07-28,San Benito,069,59416,15305,15256,834,16090,100
2022-07-28,San Bernardino,071,2135413,640225,633131,28647,661778,7941
2022-07-28,San Diego,073,3302833,886520,881822,67180,949002,5409
2022-07-28,San Francisco,075,870044,170464,169564,11427,180991,937
2022-07-28,San Joaquin,077,732212,188900,187937,13034,200971,2276
2022-07-28,San Luis Obispo,079,281455,60763,60370,6464,66834,503
2022-07-28,San Mateo,081,765935,160120,159145,10115,169260,726
2022-07-28,Santa Barbara,083,443738,100549,99946,6154,106100,708
2022-07-28,Santa Clara,085,1922200,409759,407392,17831,425223,2381
2022-07-28,Santa Cruz,087,273765,59584,59227,3165,62392,269
2022-07-28,Shasta,089,179085,33646,33454,6949,40403,581
2022-07-28,Sierra,091,2930,296,293,58,351,4
2022-07-28,Siskiyou,093,43540,5020,4997,3181,8178,86
2022-07-28,Solano,095,438530,100243,99034,7252,106286,457
2022-07-28,Sonoma,097,501317,102358,101747,4911,106658,500
2022-07-28,Stanislaus,099,539301,131786,131081,19820,150901,1696
2022-07-28,Sutter,101,95872,22988,22931,2382,25313,228
2022-07-28,Tehama,103,63373,13140,13079,2911,15990,208
2022-07-28,Trinity,105,12862,1344,1340,344,1684,20
2022-07-28,Tulare,107,460477,117064,116640,32901,149541,1514
2022-07-28,Tuolumne,109,53932,14802,14701,870,15571,196
2022-07-28,Ventura,111,848112,199509,198498,13877,212375,1530
2022-07-28,Yolo,113,214977,45738,45511,4051,49562,327
2022-07-28,Yuba,115,75493,17992,17951,1556,19507,124
2022-07-27,Alameda,001,1643700,329036,325669,18554,344223,1938
2022-07-27,Alpine,003,1148,130,130,1,131,0
2022-07-27,Amador,005,37829,9624,9568,844,10412,87
2022-07-27,Butte,007,227075,37566,37146,8362,45508,441
2022-07-27,Calaveras,009,45235,8171,8105,471,8576,130
2022-07-27,Colusa,011,21464,3663,3649,1193,4842,22
2022-07-27,Contra Costa,013,1133247,236964,233236,18981,252217,1374
2022-07-27,Del Norte,015,27424,7151,7161,370,7531,54
2022-07-27,El Dorado,017,186661,31122,30891,4016,34907,222
2022-07-27,Fresno,019,978130,262005,259483,28320,287803,2801
2022-07-27,Glenn,021,27897,5362,5327,1796,7123,48
2022-07-27,Humboldt,023,135768,20582,20406,4399,24805,150
2022-07-27,Imperial,025,180216,62821,62014,14009,76023,948
2022-07-27,Inyo,027,18085,4399,4381,801,5182,57
2022-07-27,Kern,029,883053,211189,209400,55585,264985,2368
2022-07-27,Kings,031,150075,56872,56417,3855,60272,451
2022-07-27,Lake,033,64148,12141,12025,1086,13111,142
2022-07-27,Lassen,035,31185,9557,9509,958,10467,64
2022-07-27,Los Angeles,037,10098052,3138453,3107063,164195,3271258,32392
2022-07-27,Madera,039,155013,41786,41423,7410,48833,372
2022-07-27,Marin,041,260295,43022,42624,4916,47540,300
2022-07-27,Mariposa,043,17540,2955,2927,307,3234,30
2022-07-27,Mendocino,045,87422,15243,15066,4118,19184,131
2022-07-27,Merced,047,269075,69136,68455,10438,78893,838
2022-07-27,Modoc,049,8938,846,840,311,1151,10
2022-07-27,Mono,051,14174,3161,3148,219,3367,7
2022-07-27,Monterey,053,433212,90330,89520,18913,108433,752
2022-07-27,Napa,055,140530,30864,30647,1347,31994,150
2022-07-27,Nevada,057,99092,18241,18134,1660,19794,132
2022-07-27,Orange,059,3164182,638423,632871,55992,688863,7188
2022-07-27,Placer,061,380077,72761,72194,8928,81122,647
2022-07-27,Plumas,063,18699,3493,3472,427,3899,13
2022-07-27,Riverside,065,2383286,665609,659650,32853,692503,6528
2022-07-27,Sacramento,067,1510023,330750,328249,31844,360093,3146
2022-07-27,San Benito,069,59416,15285,15188,832,16020,100
2022-07-27,San Bernardino,071,2135413,639340,629895,28593,658488,7937
2022-07-27,San Diego,073,3302833,885070,876507,67042,943549,5386
2022-07-27,San Francisco,075,870044,170216,168570,11411,179981,931
2022-07-27,San Joaquin,077,732212,188615,187066,13000,200066,2267
2022-07-27,San Luis Obispo,079,281455,60685,60180,6430,66610,502
2022-07-27,San Mateo,081,765935,159873,158343,10105,168448,724
2022-07-27,Santa Barbara,083,443738,100394,99460,6117,105577,707
2022-07-27,Santa Clara,085,1922200,409070,404896,17811,422707,2380
2022-07-27,Santa Cruz,087,273765,59489,58873,3152,62025,269
2022-07-27,Shasta,089,179085,33613,33314,6939,40253,578
2022-07-27,Sierra,091,2930,295,293,58,351,4
2022-07-27,Siskiyou,093,43540,5007,4975,3177,8152,84
2022-07-27,Solano,095,438530,100077,98579,7242,105821,457
2022-07-27,Sonoma,097,501317,102217,101316,4897,106213,499
2022-07-27,Stanislaus,099,539301,131585,130451,19779,150230,1695
2022-07-27,Sutter,101,95872,22952,22811,2376,25187,228
2022-07-27,Tehama,103,63373,13126,13036,2906,15942,207
2022-07-27,Trinity,105,12862,1343,1337,343,1680,20
2022-07-27,Tulare,107,460477,116903,116167,32829,148996,1514
2022-07-27,Tuolumne,109,53932,14772,14594,867,15461,196
2022-07-27,Ventura,111,848112,199231,197572,13813,211385,1527
2022-07-27,Yolo,113,214977,45692,45359,4034,49393,326
2022-07-27,Yuba,115,75493,17968,17873,1548,19421,124
2022-07-26,Alameda,001,1643700,328404,325669,18506,344175,1938
2022-07-26,Alpine,003,1148,130,130,1,131,0
2022-07-26,Amador,005,37829,9615,9568,840,10408,87
2022-07-26,Butte,007,227075,37506,37146,8345,45491,441
2022-07-26,Calaveras,009,45235,8161,8105,469,8574,130
2022-07-26,Colusa,011,21464,3662,3649,1193,4842,22
2022-07-26,Contra Costa,013,1133247,236532,233236,18925,252161,1374
2022-07-26,Del Norte,015,27424,7138,7161,370,7531,54
2022-07-26,El Dorado,017,186661,31077,30891,4010,34901,222
2022-07-26,Fresno,019,978130,261465,259483,28228,287711,2801
2022-07-26,Glenn,021,27897,5359,5327,1792,7119,48
2022-07-26,Humboldt,023,135768,20551,20406,4384,24790,150
2022-07-26,Imperial,025,180216,62700,62014,13929,75943,948
2022-07-26,Inyo,027,18085,4396,4381,799,5180,57
2022-07-26,Kern,029,883053,210879,209400,55437,264837,2368
2022-07-26,Kings,031,150075,56757,56417,3853,60270,451
2022-07-26,Lake,033,64148,12111,12025,1085,13110,142
2022-07-26,Lassen,035,31185,9554,9509,956,10465,64
2022-07-26,Los Angeles,037,10098052,3133488,3107063,163608,3270671,32392
2022-07-26,Madera,039,155013,41721,41423,7385,48808,372
2022-07-26,Marin,041,260295,42956,42624,4905,47529,300
2022-07-26,Mariposa,043,17540,2953,2927,307,3234,30
2022-07-26,Mendocino,045,87422,15221,15066,4106,19172,131
2022-07-26,Merced,047,269075,69044,68455,10413,78868,838
2022-07-26,Modoc,049,8938,844,840,311,1151,10
2022-07-26,Mono,051,14174,3159,3148,218,3366,7
2022-07-26,Monterey,053,433212,90192,89520,18826,108346,752
2022-07-26,Napa,055,140530,30828,30647,1341,31988,150
2022-07-26,Nevada,057,99092,18218,18134,1657,19791,132
2022-07-26,Orange,059,3164182,637324,632871,55777,688648,7188
2022-07-26,Placer,061,380077,72643,72194,8909,81103,647
2022-07-26,Plumas,063,18699,3490,3472,426,3898,13
2022-07-26,Riverside,065,2383286,664585,659650,32774,692424,6528
2022-07-26,Sacramento,067,1510023,330216,328249,31779,360028,3146
2022-07-26,San Benito,069,59416,15255,15188,831,16019,100
2022-07-26,San Bernardino,071,2135413,638345,629895,28525,658420,7937
2022-07-26,San Diego,073,3302833,883375,876507,66865,943372,5386
2022-07-26,San Francisco,075,870044,169929,168570,11397,179967,931
2022-07-26,San Joaquin,077,732212,188320,187066,12960,200026,2267
2022-07-26,San Luis Obispo,079,281455,60608,60180,6403,66583,502
2022-07-26,San Mateo,081,765935,159591,158343,10094,168437,724
2022-07-26,Santa Barbara,083,443738,100214,99460,6093,105553,707
2022-07-26,Santa Clara,085,1922200,408220,404896,17773,422669,2380
2022-07-26,Santa Cruz,087,273765,59385,58873,3135,62008,269
2022-07-26,Shasta,089,179085,33581,33314,6923,40237,578
2022-07-26,Sierra,091,2930,294,293,58,351,4
2022-07-26,Siskiyou,093,43540,5002,4975,3169,8144,84
2022-07-26,Solano,095,438530,99886,98579,7225,105804,457
2022-07-26,Sonoma,097,501317,102070,101316,4869,106185,499
2022-07-26,Stanislaus,099,539301,131372,130451,19754,150205,1695
2022-07-26,Sutter,101,95872,22922,22811,2375,25186,228
2022-07-26,Tehama,103,63373,13108,13036,2901,15937,207
2022-07-26,Trinity,105,12862,1342,1337,341,1678,20
2022-07-26,Tulare,107,460477,116753,116167,32741,148908,1514
2022-07-26,Tuolumne,109,53932,14753,14594,865,15459,196
2022-07-26,Ventura,111,848112,198921,197572,13756,211328,1527
2022-07-26,Yolo,113,214977,45644,45359,4023,49382,326
2022-07-26,Yuba,115,75493,17950,17873,1547,19420,124
2022-07-25,Alameda,001,1643700,327667,325669,18437,344106,1938
2022-07-25,Alpine,003,1148,130,130,1,131,0
2022-07-25,Amador,005,37829,9602,9568,837,10405,87
2022-07-25,Butte,007,227075,37431,37146,8330,45476,441
2022-07-25,Calaveras,009,45235,8150,8105,468,8573,130
2022-07-25,Colusa,011,21464,3661,3649,1190,4839,22
2022-07-25,Contra Costa,013,1133247,236050,233236,18842,252078,1374
2022-07-25,Del Norte,015,27424,7131,7161,369,7530,54
2022-07-25,El Dorado,017,186661,31038,30891,3996,34887,222
2022-07-25,Fresno,019,978130,260886,259483,28127,287610,2801
2022-07-25,Glenn,021,27897,5351,5327,1789,7116,48
2022-07-25,Humboldt,023,135768,20519,20406,4363,24769,150
2022-07-25,Imperial,025,180216,62580,62014,13843,75857,948
2022-07-25,Inyo,027,18085,4393,4381,793,5174,57
2022-07-25,Kern,029,883053,210592,209400,55275,264675,2368
2022-07-25,Kings,031,150075,56622,56417,3843,60260,451
2022-07-25,Lake,033,64148,12090,12025,1084,13109,142
2022-07-25,Lassen,035,31185,9547,9509,955,10464,64
2022-07-25,Los Angeles,037,10098052,3127703,3107063,163055,3270118,32392
2022-07-25,Madera,039,155013,41633,41423,7360,48783,372
2022-07-25,Marin,041,260295,42882,42624,4898,47522,300
2022-07-25,Mariposa,043,17540,2950,2927,304,3231,30
2022-07-25,Mendocino,045,87422,15184,15066,4094,19160,131
2022-07-25,Merced,047,269075,68930,68455,10382,78837,838
2022-07-25,Modoc,049,8938,839,840,309,1149,10
2022-07-25,Mono,051,14174,3157,3148,217,3365,7
2022-07-25,Monterey,053,433212,90037,89520,18716,108236,752
2022-07-25,Napa,055,140530,30784,30647,1340,31987,150
2022-07-25,Nevada,057,99092,18206,18134,1649,19783,132
2022-07-25,Orange,059,3164182,636074,632871,55574,688445,7188
2022-07-25,Placer,061,380077,72561,72194,8903,81097,647
2022-07-25,Plumas,063,18699,3484,3472,425,3897,13
2022-07-25,Riverside,065,2383286,663495,659650,32695,692345,6528
2022-07-25,Sacramento,067,1510023,329683,328249,31717,359966,3146
2022-07-25,San Benito,069,59416,15223,15188,829,16017,100
2022-07-25,San Bernardino,071,2135413,637170,629895,28470,658365,7937
2022-07-25,San Diego,073,3302833,881587,876507,66680,943187,5386
2022-07-25,San Francisco,075,870044,169617,168570,11382,179952,931
2022-07-25,San Joaquin,077,732212,188031,187066,12894,199960,2267
2022-07-25,San Luis Obispo,079,281455,60505,60180,6371,66551,502
2022-07-25,San Mateo,081,765935,159223,158343,10072,168415,724
2022-07-25,Santa Barbara,083,443738,100021,99460,6068,105528,707
2022-07-25,Santa Clara,085,1922200,407329,404896,17693,422589,2380
2022-07-25,Santa Cruz,087,273765,59264,58873,3122,61995,269
2022-07-25,Shasta,089,179085,33530,33314,6915,40229,578
2022-07-25,Sierra,091,2930,293,293,58,351,4
2022-07-25,Siskiyou,093,43540,4996,4975,3160,8135,84
2022-07-25,Solano,095,438530,99640,98579,7210,105789,457
2022-07-25,Sonoma,097,501317,101911,101316,4851,106167,499
2022-07-25,Stanislaus,099,539301,131176,130451,19728,150179,1695
2022-07-25,Sutter,101,95872,22876,22811,2374,25185,228
2022-07-25,Tehama,103,63373,13091,13036,2893,15929,207
2022-07-25,Trinity,105,12862,1340,1337,341,1678,20
2022-07-25,Tulare,107,460477,116543,116167,32644,148811,1514
2022-07-25,Tuolumne,109,53932,14734,14594,865,15459,196
2022-07-25,Ventura,111,848112,198614,197572,13701,211273,1527
2022-07-25,Yolo,113,214977,45581,45359,4007,49366,326
2022-07-25,Yuba,115,75493,17912,17873,1546,19419,124
2022-07-24,Alameda,001,1643700,326861,323165,18394,341559,1933
2022-07-24,Alpine,003,1148,130,130,1,131,0
2022-07-24,Amador,005,37829,9580,9526,834,10360,87
2022-07-24,Butte,007,227075,37367,36994,8303,45297,440
2022-07-24,Calaveras,009,45235,8133,8064,466,8530,128
2022-07-24,Colusa,011,21464,3655,3639,1190,4829,22
2022-07-24,Contra Costa,013,1133247,235518,231714,18762,250476,1363
2022-07-24,Del Norte,015,27424,7113,7128,365,7493,54
2022-07-24,El Dorado,017,186661,30990,30722,3979,34701,222
2022-07-24,Fresno,019,978130,260235,257571,28028,285599,2792
2022-07-24,Glenn,021,27897,5345,5311,1787,7098,48
2022-07-24,Humboldt,023,135768,20485,20283,4346,24629,150
2022-07-24,Imperial,025,180216,62417,61671,13722,75393,948
2022-07-24,Inyo,027,18085,4389,4366,782,5148,57
2022-07-24,Kern,029,883053,210247,208535,55102,263637,2366
2022-07-24,Kings,031,150075,56497,56103,3830,59933,451
2022-07-24,Lake,033,64148,12064,11957,1081,13038,142
2022-07-24,Lassen,035,31185,9521,9504,952,10456,64
2022-07-24,Los Angeles,037,10098052,3121282,3085376,162383,3247759,32340
2022-07-24,Madera,039,155013,41536,41145,7330,48475,372
2022-07-24,Marin,041,260295,42813,42347,4886,47233,300
2022-07-24,Mariposa,043,17540,2947,2897,303,3200,30
2022-07-24,Mendocino,045,87422,15134,14988,4062,19050,131
2022-07-24,Merced,047,269075,68773,68127,10323,78450,837
2022-07-24,Modoc,049,8938,839,829,308,1137,10
2022-07-24,Mono,051,14174,3156,3141,217,3358,7
2022-07-24,Monterey,053,433212,89861,89067,18616,107683,747
2022-07-24,Napa,055,140530,30731,30495,1339,31834,148
2022-07-24,Nevada,057,99092,18187,18073,1640,19713,131
2022-07-24,Orange,059,3164182,634726,627948,55335,683283,7181
2022-07-24,Placer,061,380077,72438,71870,8890,80760,644
2022-07-24,Plumas,063,18699,3483,3464,425,3889,13
2022-07-24,Riverside,065,2383286,662197,655603,32582,688185,6527
2022-07-24,Sacramento,067,1510023,328998,326216,31648,357864,3136
2022-07-24,San Benito,069,59416,15202,15049,829,15878,100
2022-07-24,San Bernardino,071,2135413,635774,626059,28390,654449,7933
2022-07-24,San Diego,073,3302833,879508,870102,66489,936591,5380
2022-07-24,San Francisco,075,870044,169169,167260,11352,178612,931
2022-07-24,San Joaquin,077,732212,187668,186142,12828,198970,2267
2022-07-24,San Luis Obispo,079,281455,60361,59919,6338,66257,500
2022-07-24,San Mateo,081,765935,158888,157266,10048,167314,724
2022-07-24,Santa Barbara,083,443738,99795,98826,6028,104854,706
2022-07-24,Santa Clara,085,1922200,406373,401495,17653,419148,2381
2022-07-24,Santa Cruz,087,273765,59092,58386,3101,61487,268
2022-07-24,Shasta,089,179085,33467,33185,6900,40085,578
2022-07-24,Sierra,091,2930,293,293,58,351,4
2022-07-24,Siskiyou,093,43540,4992,4938,3144,8082,84
2022-07-24,Solano,095,438530,99426,98016,7196,105212,457
2022-07-24,Sonoma,097,501317,101708,100735,4830,105565,499
2022-07-24,Stanislaus,099,539301,130884,129813,19698,149511,1695
2022-07-24,Sutter,101,95872,22826,22687,2371,25058,228
2022-07-24,Tehama,103,63373,13081,12974,2883,15857,207
2022-07-24,Trinity,105,12862,1339,1330,339,1669,20
2022-07-24,Tulare,107,460477,116355,115548,32540,148088,1513
2022-07-24,Tuolumne,109,53932,14700,14514,864,15378,196
2022-07-24,Ventura,111,848112,198205,196127,13600,209727,1525
2022-07-24,Yolo,113,214977,45505,45141,3995,49136,327
2022-07-24,Yuba,115,75493,17885,17770,1544,19314,124
2022-07-23,Alameda,001,1643700,326444,323165,18374,341539,1933
2022-07-23,Alpine,003,1148,130,130,1,131,0
2022-07-23,Amador,005,37829,9570,9526,834,10360,87
2022-07-23,Butte,007,227075,37318,36994,8296,45290,440
2022-07-23,Calaveras,009,45235,8122,8064,466,8530,128
2022-07-23,Colusa,011,21464,3650,3639,1190,4829,22
2022-07-23,Contra Costa,013,1133247,235218,231714,18732,250446,1363
2022-07-23,Del Norte,015,27424,7110,7128,364,7492,54
2022-07-23,El Dorado,017,186661,30972,30722,3977,34699,222
2022-07-23,Fresno,019,978130,260010,257571,27975,285546,2792
2022-07-23,Glenn,021,27897,5343,5311,1785,7096,48
2022-07-23,Humboldt,023,135768,20458,20283,4333,24616,150
2022-07-23,Imperial,025,180216,62355,61671,13700,75371,948
2022-07-23,Inyo,027,18085,4387,4366,781,5147,57
2022-07-23,Kern,029,883053,210083,208535,55000,263535,2366
2022-07-23,Kings,031,150075,56454,56103,3827,59930,451
2022-07-23,Lake,033,64148,12053,11957,1080,13037,142
2022-07-23,Lassen,035,31185,9519,9504,952,10456,64
2022-07-23,Los Angeles,037,10098052,3118470,3085376,161943,3247319,32340
2022-07-23,Madera,039,155013,41477,41145,7325,48470,372
2022-07-23,Marin,041,260295,42738,42347,4876,47223,300
2022-07-23,Mariposa,043,17540,2944,2897,303,3200,30
2022-07-23,Mendocino,045,87422,15114,14988,4055,19043,131
2022-07-23,Merced,047,269075,68705,68127,10306,78433,837
2022-07-23,Modoc,049,8938,839,829,308,1137,10
2022-07-23,Mono,051,14174,3155,3141,217,3358,7
2022-07-23,Monterey,053,433212,89774,89067,18595,107662,747
2022-07-23,Napa,055,140530,30698,30495,1338,31833,148
2022-07-23,Nevada,057,99092,18175,18073,1638,19711,131
2022-07-23,Orange,059,3164182,634025,627948,55150,683098,7181
2022-07-23,Placer,061,380077,72365,71870,8880,80750,644
2022-07-23,Plumas,063,18699,3482,3464,425,3889,13
2022-07-23,Riverside,065,2383286,661489,655603,32542,688145,6527
2022-07-23,Sacramento,067,1510023,328728,326216,31633,357849,3136
2022-07-23,San Benito,069,59416,15192,15049,820,15869,100
2022-07-23,San Bernardino,071,2135413,635159,626059,28349,654408,7933
2022-07-23,San Diego,073,3302833,878684,870102,66434,936536,5380
2022-07-23,San Francisco,075,870044,168975,167260,11337,178597,931
2022-07-23,San Joaquin,077,732212,187513,186142,12807,198949,2267
2022-07-23,San Luis Obispo,079,281455,60332,59919,6327,66246,500
2022-07-23,San Mateo,081,765935,158712,157266,10034,167300,724
2022-07-23,Santa Barbara,083,443738,99696,98826,5997,104823,706
2022-07-23,Santa Clara,085,1922200,405759,401495,17628,419123,2381
2022-07-23,Santa Cruz,087,273765,59041,58386,3089,61475,268
2022-07-23,Shasta,089,179085,33428,33185,6894,40079,578
2022-07-23,Sierra,091,2930,293,293,58,351,4
2022-07-23,Siskiyou,093,43540,4988,4938,3142,8080,84
2022-07-23,Solano,095,438530,99362,98016,7190,105206,457
2022-07-23,Sonoma,097,501317,101620,100735,4820,105555,499
2022-07-23,Stanislaus,099,539301,130753,129813,19664,149477,1695
2022-07-23,Sutter,101,95872,22805,22687,2371,25058,228
2022-07-23,Tehama,103,63373,13067,12974,2880,15854,207
2022-07-23,Trinity,105,12862,1339,1330,338,1668,20
2022-07-23,Tulare,107,460477,116239,115548,32471,148019,1513
2022-07-23,Tuolumne,109,53932,14677,14514,864,15378,196
2022-07-23,Ventura,111,848112,198021,196127,13567,209694,1525
2022-07-23,Yolo,113,214977,45471,45141,3987,49128,327
2022-07-23,Yuba,115,75493,17872,17770,1540,19310,124
2022-07-22,Alameda,001,1643700,326034,323165,18346,341511,1933
2022-07-22,Alpine,003,1148,130,130,1,131,0
2022-07-22,Amador,005,37829,9564,9526,833,10359,87
2022-07-22,Butte,007,227075,37283,36994,8280,45274,440
2022-07-22,Calaveras,009,45235,8113,8064,466,8530,128
2022-07-22,Colusa,011,21464,3649,3639,1186,4825,22
2022-07-22,Contra Costa,013,1133247,234927,231714,18695,250409,1363
2022-07-22,Del Norte,015,27424,7103,7128,364,7492,54
2022-07-22,El Dorado,017,186661,30943,30722,3972,34694,222
2022-07-22,Fresno,019,978130,259732,257571,27927,285498,2792
2022-07-22,Glenn,021,27897,5338,5311,1784,7095,48
2022-07-22,Humboldt,023,135768,20435,20283,4323,24606,150
2022-07-22,Imperial,025,180216,62264,61671,13668,75339,948
2022-07-22,Inyo,027,18085,4387,4366,774,5140,57
2022-07-22,Kern,029,883053,209897,208535,54907,263442,2366
2022-07-22,Kings,031,150075,56418,56103,3826,59929,451
2022-07-22,Lake,033,64148,12039,11957,1078,13035,142
2022-07-22,Lassen,035,31185,9519,9504,952,10456,64
2022-07-22,Los Angeles,037,10098052,3114983,3085376,161499,3246875,32340
2022-07-22,Madera,039,155013,41434,41145,7314,48459,372
2022-07-22,Marin,041,260295,42685,42347,4868,47215,300
2022-07-22,Mariposa,043,17540,2942,2897,303,3200,30
2022-07-22,Mendocino,045,87422,15090,14988,4047,19035,131
2022-07-22,Merced,047,269075,68633,68127,10294,78421,837
2022-07-22,Modoc,049,8938,839,829,308,1137,10
2022-07-22,Mono,051,14174,3154,3141,216,3357,7
2022-07-22,Monterey,053,433212,89684,89067,18561,107628,747
2022-07-22,Napa,055,140530,30667,30495,1338,31833,148
2022-07-22,Nevada,057,99092,18163,18073,1631,19704,131
2022-07-22,Orange,059,3164182,633250,627948,54996,682944,7181
2022-07-22,Placer,061,380077,72320,71870,8872,80742,644
2022-07-22,Plumas,063,18699,3481,3464,425,3889,13
2022-07-22,Riverside,065,2383286,660745,655603,32479,688082,6527
2022-07-22,Sacramento,067,1510023,328374,326216,31605,357821,3136
2022-07-22,San Benito,069,59416,15183,15049,820,15869,100
2022-07-22,San Bernardino,071,2135413,634540,626059,28305,654364,7933
2022-07-22,San Diego,073,3302833,877602,870102,66307,936409,5380
2022-07-22,San Francisco,075,870044,168779,167260,11308,178568,931
2022-07-22,San Joaquin,077,732212,187358,186142,12779,198921,2267
2022-07-22,San Luis Obispo,079,281455,60276,59919,6315,66234,500
2022-07-22,San Mateo,081,765935,158484,157266,10021,167287,724
2022-07-22,Santa Barbara,083,443738,99594,98826,5991,104817,706
2022-07-22,Santa Clara,085,1922200,405101,401495,17602,419097,2381
2022-07-22,Santa Cruz,087,273765,58935,58386,3081,61467,268
2022-07-22,Shasta,089,179085,33397,33185,6889,40074,578
2022-07-22,Sierra,091,2930,293,293,58,351,4
2022-07-22,Siskiyou,093,43540,4981,4938,3139,8077,84
2022-07-22,Solano,095,438530,99224,98016,7180,105196,457
2022-07-22,Sonoma,097,501317,101513,100735,4802,105537,499
2022-07-22,Stanislaus,099,539301,130624,129813,19642,149455,1695
2022-07-22,Sutter,101,95872,22781,22687,2370,25057,228
2022-07-22,Tehama,103,63373,13058,12974,2878,15852,207
2022-07-22,Trinity,105,12862,1337,1330,337,1667,20
2022-07-22,Tulare,107,460477,116127,115548,32411,147959,1513
2022-07-22,Tuolumne,109,53932,14653,14514,860,15374,196
2022-07-22,Ventura,111,848112,197835,196127,13532,209659,1525
2022-07-22,Yolo,113,214977,45417,45141,3969,49110,327
2022-07-22,Yuba,115,75493,17858,17770,1538,19308,124
2022-07-21,Alameda,001,1643700,325359,323165,18297,341462,1933
2022-07-21,Alpine,003,1148,130,130,1,131,0
2022-07-21,Amador,005,37829,9557,9526,831,10357,87
2022-07-21,Butte,007,227075,37241,36994,8260,45254,440
2022-07-21,Calaveras,009,45235,8098,8064,464,8528,128
2022-07-21,Colusa,011,21464,3645,3639,1184,4823,22
2022-07-21,Contra Costa,013,1133247,234541,231714,18638,250352,1363
2022-07-21,Del Norte,015,27424,7093,7128,364,7492,54
2022-07-21,El Dorado,017,186661,30892,30722,3969,34691,222
2022-07-21,Fresno,019,978130,259258,257571,27846,285417,2792
2022-07-21,Glenn,021,27897,5332,5311,1784,7095,48
2022-07-21,Humboldt,023,135768,20403,20283,4300,24583,150
2022-07-21,Imperial,025,180216,62151,61671,13572,75243,948
2022-07-21,Inyo,027,18085,4383,4366,767,5133,57
2022-07-21,Kern,029,883053,209647,208535,54782,263317,2366
2022-07-21,Kings,031,150075,56344,56103,3813,59916,451
2022-07-21,Lake,033,64148,12026,11957,1075,13032,142
2022-07-21,Lassen,035,31185,9516,9504,952,10456,64
2022-07-21,Los Angeles,037,10098052,3109426,3085376,160891,3246267,32340
2022-07-21,Madera,039,155013,41358,41145,7292,48437,372
2022-07-21,Marin,041,260295,42620,42347,4865,47212,300
2022-07-21,Mariposa,043,17540,2938,2897,302,3199,30
2022-07-21,Mendocino,045,87422,15064,14988,4041,19029,131
2022-07-21,Merced,047,269075,68531,68127,10267,78394,837
2022-07-21,Modoc,049,8938,837,829,308,1137,10
2022-07-21,Mono,051,14174,3150,3141,215,3356,7
2022-07-21,Monterey,053,433212,89560,89067,18486,107553,747
2022-07-21,Napa,055,140530,30623,30495,1338,31833,148
2022-07-21,Nevada,057,99092,18145,18073,1625,19698,131
2022-07-21,Orange,059,3164182,632126,627948,54778,682726,7181
2022-07-21,Placer,061,380077,72213,71870,8850,80720,644
2022-07-21,Plumas,063,18699,3480,3464,425,3889,13
2022-07-21,Riverside,065,2383286,659680,655603,32406,688009,6527
2022-07-21,Sacramento,067,1510023,327863,326216,31565,357781,3136
2022-07-21,San Benito,069,59416,15140,15049,817,15866,100
2022-07-21,San Bernardino,071,2135413,633503,626059,28240,654299,7933
2022-07-21,San Diego,073,3302833,875910,870102,66114,936216,5380
2022-07-21,San Francisco,075,870044,168422,167260,11256,178516,931
2022-07-21,San Joaquin,077,732212,187106,186142,12751,198893,2267
2022-07-21,San Luis Obispo,079,281455,60221,59919,6285,66204,500
2022-07-21,San Mateo,081,765935,158189,157266,10006,167272,724
2022-07-21,Santa Barbara,083,443738,99433,98826,5971,104797,706
2022-07-21,Santa Clara,085,1922200,404301,401495,17564,419059,2381
2022-07-21,Santa Cruz,087,273765,58817,58386,3066,61452,268
2022-07-21,Shasta,089,179085,33347,33185,6875,40060,578
2022-07-21,Sierra,091,2930,293,293,58,351,4
2022-07-21,Siskiyou,093,43540,4970,4938,3133,8071,84
2022-07-21,Solano,095,438530,99082,98016,7172,105188,457
2022-07-21,Sonoma,097,501317,101369,100735,4788,105523,499
2022-07-21,Stanislaus,099,539301,130432,129813,19623,149436,1695
2022-07-21,Sutter,101,95872,22753,22687,2368,25055,228
2022-07-21,Tehama,103,63373,13041,12974,2867,15841,207
2022-07-21,Trinity,105,12862,1333,1330,337,1667,20
2022-07-21,Tulare,107,460477,115975,115548,32329,147877,1513
2022-07-21,Tuolumne,109,53932,14621,14514,857,15371,196
2022-07-21,Ventura,111,848112,197509,196127,13442,209569,1525
2022-07-21,Yolo,113,214977,45356,45141,3956,49097,327
2022-07-21,Yuba,115,75493,17830,17770,1535,19305,124
2022-07-20,Alameda,001,1643700,324685,321347,18256,339603,1915
2022-07-20,Alpine,003,1148,130,130,1,131,0
2022-07-20,Amador,005,37829,9539,9478,829,10307,87
2022-07-20,Butte,007,227075,37191,36820,8240,45060,440
2022-07-20,Calaveras,009,45235,8089,8035,463,8498,126
2022-07-20,Colusa,011,21464,3641,3627,1182,4809,22
2022-07-20,Contra Costa,013,1133247,234140,230356,18589,248945,1362
2022-07-20,Del Norte,015,27424,7084,7081,364,7445,54
2022-07-20,El Dorado,017,186661,30860,30628,3959,34587,221
2022-07-20,Fresno,019,978130,258743,256217,27776,283993,2790
2022-07-20,Glenn,021,27897,5328,5287,1781,7068,48
2022-07-20,Humboldt,023,135768,20364,20149,4281,24430,150
2022-07-20,Imperial,025,180216,62007,61170,13476,74646,944
2022-07-20,Inyo,027,18085,4381,4355,762,5117,56
2022-07-20,Kern,029,883053,209388,207603,54659,262262,2366
2022-07-20,Kings,031,150075,56260,55836,3802,59638,449
2022-07-20,Lake,033,64148,12005,11895,1070,12965,142
2022-07-20,Lassen,035,31185,9507,9455,952,10407,64
2022-07-20,Los Angeles,037,10098052,3103890,3068779,160287,3229066,32292
2022-07-20,Madera,039,155013,41285,40902,7272,48174,372
2022-07-20,Marin,041,260295,42540,42153,4858,47011,300
2022-07-20,Mariposa,043,17540,2923,2884,300,3184,30
2022-07-20,Mendocino,045,87422,15049,14890,4029,18919,131
2022-07-20,Merced,047,269075,68435,67775,10241,78016,833
2022-07-20,Modoc,049,8938,836,799,307,1106,9
2022-07-20,Mono,051,14174,3147,3138,212,3350,7
2022-07-20,Monterey,053,433212,89423,88606,18405,107011,747
2022-07-20,Napa,055,140530,30585,30353,1336,31689,145
2022-07-20,Nevada,057,99092,18119,18020,1620,19640,131
2022-07-20,Orange,059,3164182,630862,624998,54544,679542,7173
2022-07-20,Placer,061,380077,72131,71614,8832,80446,639
2022-07-20,Plumas,063,18699,3474,3433,424,3857,13
2022-07-20,Riverside,065,2383286,658584,652192,32306,684498,6510
2022-07-20,Sacramento,067,1510023,327311,324765,31520,356285,3123
2022-07-20,San Benito,069,59416,15108,14966,814,15780,100
2022-07-20,San Bernardino,071,2135413,632463,622760,28178,650938,7921
2022-07-20,San Diego,073,3302833,874074,864434,65935,930369,5375
2022-07-20,San Francisco,075,870044,168083,166241,11238,177479,929
2022-07-20,San Joaquin,077,732212,186818,185319,12715,198034,2262
2022-07-20,San Luis Obispo,079,281455,60151,59727,6256,65983,499
2022-07-20,San Mateo,081,765935,157904,156191,9981,166172,724
2022-07-20,Santa Barbara,083,443738,99254,98322,5944,104266,703
2022-07-20,Santa Clara,085,1922200,403496,398816,17529,416345,2374
2022-07-20,Santa Cruz,087,273765,58703,58004,3053,61057,267
2022-07-20,Shasta,089,179085,33305,33017,6869,39886,576
2022-07-20,Sierra,091,2930,293,292,58,350,4
2022-07-20,Siskiyou,093,43540,4955,4921,3126,8047,84
2022-07-20,Solano,095,438530,98918,97577,7152,104729,459
2022-07-20,Sonoma,097,501317,101182,100304,4774,105078,499
2022-07-20,Stanislaus,099,539301,130266,129200,19590,148790,1695
2022-07-20,Sutter,101,95872,22718,22592,2365,24957,228
2022-07-20,Tehama,103,63373,13025,12923,2863,15786,205
2022-07-20,Trinity,105,12862,1333,1319,336,1655,20
2022-07-20,Tulare,107,460477,115794,115073,32215,147288,1510
2022-07-20,Tuolumne,109,53932,14595,14389,856,15245,196
2022-07-20,Ventura,111,848112,197190,195189,13370,208559,1522
2022-07-20,Yolo,113,214977,45300,44950,3945,48895,325
2022-07-20,Yuba,115,75493,17806,17661,1534,19195,124
2022-07-19,Alameda,001,1643700,324013,321347,18231,339578,1915
2022-07-19,Alpine,003,1148,130,130,1,131,0
2022-07-19,Amador,005,37829,9527,9478,825,10303,87
2022-07-19,Butte,007,227075,37139,36820,8226,45046,440
2022-07-19,Calaveras,009,45235,8079,8035,463,8498,126
2022-07-19,Colusa,011,21464,3638,3627,1178,4805,22
2022-07-19,Contra Costa,013,1133247,233693,230356,18532,248888,1362
2022-07-19,Del Norte,015,27424,7076,7081,363,7444,54
2022-07-19,El Dorado,017,186661,30815,30628,3950,34578,221
2022-07-19,Fresno,019,978130,258139,256217,27691,283908,2790
2022-07-19,Glenn,021,27897,5321,5287,1780,7067,48
2022-07-19,Humboldt,023,135768,20329,20149,4267,24416,150
2022-07-19,Imperial,025,180216,61872,61170,13386,74556,944
2022-07-19,Inyo,027,18085,4379,4355,760,5115,56
2022-07-19,Kern,029,883053,209124,207603,54508,262111,2366
2022-07-19,Kings,031,150075,56157,55836,3783,59619,449
2022-07-19,Lake,033,64148,11984,11895,1062,12957,142
2022-07-19,Lassen,035,31185,9499,9455,952,10407,64
2022-07-19,Los Angeles,037,10098052,3097803,3068779,159595,3228374,32292
2022-07-19,Madera,039,155013,41205,40902,7249,48151,372
2022-07-19,Marin,041,260295,42476,42153,4845,46998,300
2022-07-19,Mariposa,043,17540,2918,2884,299,3183,30
2022-07-19,Mendocino,045,87422,15017,14890,4018,18908,131
2022-07-19,Merced,047,269075,68329,67775,10209,77984,833
2022-07-19,Modoc,049,8938,835,799,307,1106,9
2022-07-19,Mono,051,14174,3143,3138,212,3350,7
2022-07-19,Monterey,053,433212,89273,88606,18324,106930,747
2022-07-19,Napa,055,140530,30528,30353,1332,31685,145
2022-07-19,Nevada,057,99092,18105,18020,1613,19633,131
2022-07-19,Orange,059,3164182,629576,624998,54296,679294,7173
2022-07-19,Placer,061,380077,72044,71614,8816,80430,639
2022-07-19,Plumas,063,18699,3468,3433,422,3855,13
2022-07-19,Riverside,065,2383286,657274,652192,32212,684404,6510
2022-07-19,Sacramento,067,1510023,326682,324765,31480,356245,3123
2022-07-19,San Benito,069,59416,15064,14966,812,15778,100
2022-07-19,San Bernardino,071,2135413,631339,622760,28107,650867,7921
2022-07-19,San Diego,073,3302833,871968,864434,65709,930143,5375
2022-07-19,San Francisco,075,870044,167724,166241,11219,177460,929
2022-07-19,San Joaquin,077,732212,186541,185319,12660,197979,2262
2022-07-19,San Luis Obispo,079,281455,60067,59727,6218,65945,499
2022-07-19,San Mateo,081,765935,157611,156191,9957,166148,724
2022-07-19,Santa Barbara,083,443738,99044,98322,5922,104244,703
2022-07-19,Santa Clara,085,1922200,402551,398816,17478,416294,2374
2022-07-19,Santa Cruz,087,273765,58581,58004,3038,61042,267
2022-07-19,Shasta,089,179085,33273,33017,6855,39872,576
2022-07-19,Sierra,091,2930,293,292,58,350,4
2022-07-19,Siskiyou,093,43540,4948,4921,3119,8040,84
2022-07-19,Solano,095,438530,98694,97577,7127,104704,459
2022-07-19,Sonoma,097,501317,101025,100304,4746,105050,499
2022-07-19,Stanislaus,099,539301,130023,129200,19562,148762,1695
2022-07-19,Sutter,101,95872,22688,22592,2362,24954,228
2022-07-19,Tehama,103,63373,13011,12923,2856,15779,205
2022-07-19,Trinity,105,12862,1330,1319,335,1654,20
2022-07-19,Tulare,107,460477,115608,115073,32107,147180,1510
2022-07-19,Tuolumne,109,53932,14571,14389,847,15236,196
2022-07-19,Ventura,111,848112,196843,195189,13294,208483,1522
2022-07-19,Yolo,113,214977,45239,44950,3936,48886,325
2022-07-19,Yuba,115,75493,17773,17661,1533,19194,124
2022-07-18,Alameda,001,1643700,323276,321347,18195,339542,1915
2022-07-18,Alpine,003,1148,130,130,1,131,0
2022-07-18,Amador,005,37829,9512,9478,825,10303,87
2022-07-18,Butte,007,227075,37069,36820,8213,45033,440
2022-07-18,Calaveras,009,45235,8068,8035,460,8495,126
2022-07-18,Colusa,011,21464,3635,3627,1172,4799,22
2022-07-18,Contra Costa,013,1133247,233227,230356,18461,248817,1362
2022-07-18,Del Norte,015,27424,7065,7081,361,7442,54
2022-07-18,El Dorado,017,186661,30763,30628,3941,34569,221
2022-07-18,Fresno,019,978130,257550,256217,27610,283827,2790
2022-07-18,Glenn,021,27897,5319,5287,1780,7067,48
2022-07-18,Humboldt,023,135768,20288,20149,4247,24396,150
2022-07-18,Imperial,025,180216,61707,61170,13289,74459,944
2022-07-18,Inyo,027,18085,4375,4355,759,5114,56
2022-07-18,Kern,029,883053,208821,207603,54327,261930,2366
2022-07-18,Kings,031,150075,56050,55836,3775,59611,449
2022-07-18,Lake,033,64148,11962,11895,1056,12951,142
2022-07-18,Lassen,035,31185,9495,9455,951,10406,64
2022-07-18,Los Angeles,037,10098052,3091062,3068779,158944,3227723,32292
2022-07-18,Madera,039,155013,41098,40902,7221,48123,372
2022-07-18,Marin,041,260295,42399,42153,4834,46987,300
2022-07-18,Mariposa,043,17540,2910,2884,298,3182,30
2022-07-18,Mendocino,045,87422,14988,14890,4007,18897,131
2022-07-18,Merced,047,269075,68207,67775,10183,77958,833
2022-07-18,Modoc,049,8938,834,799,307,1106,9
2022-07-18,Mono,051,14174,3142,3138,212,3350,7
2022-07-18,Monterey,053,433212,89109,88606,18244,106850,747
2022-07-18,Napa,055,140530,30488,30353,1329,31682,145
2022-07-18,Nevada,057,99092,18091,18020,1602,19622,131
2022-07-18,Orange,059,3164182,628095,624998,54051,679049,7173
2022-07-18,Placer,061,380077,71958,71614,8800,80414,639
2022-07-18,Plumas,063,18699,3459,3433,421,3854,13
2022-07-18,Riverside,065,2383286,655991,652192,32101,684293,6510
2022-07-18,Sacramento,067,1510023,326058,324765,31417,356182,3123
2022-07-18,San Benito,069,59416,15025,14966,807,15773,100
2022-07-18,San Bernardino,071,2135413,630088,622760,28034,650794,7921
2022-07-18,San Diego,073,3302833,869646,864434,65437,929871,5375
2022-07-18,San Francisco,075,870044,167302,166241,11195,177436,929
2022-07-18,San Joaquin,077,732212,186209,185319,12615,197934,2262
2022-07-18,San Luis Obispo,079,281455,59971,59727,6193,65920,499
2022-07-18,San Mateo,081,765935,157241,156191,9938,166129,724
2022-07-18,Santa Barbara,083,443738,98848,98322,5901,104223,703
2022-07-18,Santa Clara,085,1922200,401572,398816,17428,416244,2374
2022-07-18,Santa Cruz,087,273765,58432,58004,3026,61030,267
2022-07-18,Shasta,089,179085,33225,33017,6839,39856,576
2022-07-18,Sierra,091,2930,293,292,58,350,4
2022-07-18,Siskiyou,093,43540,4944,4921,3112,8033,84
2022-07-18,Solano,095,438530,98461,97577,7111,104688,459
2022-07-18,Sonoma,097,501317,100846,100304,4728,105032,499
2022-07-18,Stanislaus,099,539301,129801,129200,19525,148725,1695
2022-07-18,Sutter,101,95872,22654,22592,2362,24954,228
2022-07-18,Tehama,103,63373,12990,12923,2856,15779,205
2022-07-18,Trinity,105,12862,1328,1319,334,1653,20
2022-07-18,Tulare,107,460477,115417,115073,32018,147091,1510
2022-07-18,Tuolumne,109,53932,14535,14389,845,15234,196
2022-07-18,Ventura,111,848112,196459,195189,13228,208417,1522
2022-07-18,Yolo,113,214977,45169,44950,3925,48875,325
2022-07-18,Yuba,115,75493,17738,17661,1524,19185,124
2022-07-17,Alameda,001,1643700,322376,318442,18138,336580,1911
2022-07-17,Alpine,003,1148,130,130,1,131,0
2022-07-17,Amador,005,37829,9503,9437,821,10258,87
2022-07-17,Butte,007,227075,37008,36644,8191,44835,440
2022-07-17,Calaveras,009,45235,8051,7994,450,8444,126
2022-07-17,Colusa,011,21464,3628,3617,1166,4783,22
2022-07-17,Contra Costa,013,1133247,232663,228634,18386,247020,1356
2022-07-17,Del Norte,015,27424,7038,6860,359,7219,54
2022-07-17,El Dorado,017,186661,30715,30461,3927,34388,219
2022-07-17,Fresno,019,978130,256863,254088,27507,281595,2790
2022-07-17,Glenn,021,27897,5313,5273,1778,7051,48
2022-07-17,Humboldt,023,135768,20233,20016,4230,24246,150
2022-07-17,Imperial,025,180216,61511,60550,13143,73693,944
2022-07-17,Inyo,027,18085,4364,4343,755,5098,56
2022-07-17,Kern,029,883053,208335,206466,54122,260588,2364
2022-07-17,Kings,031,150075,55912,55432,3752,59184,449
2022-07-17,Lake,033,64148,11930,11835,1052,12887,141
2022-07-17,Lassen,035,31185,9469,9425,947,10372,64
2022-07-17,Los Angeles,037,10098052,3083821,3042708,158157,3200865,32248
2022-07-17,Madera,039,155013,40989,40627,7176,47803,372
2022-07-17,Marin,041,260295,42301,41829,4828,46657,300
2022-07-17,Mariposa,043,17540,2903,2866,298,3164,30
2022-07-17,Mendocino,045,87422,14949,14799,3988,18787,131
2022-07-17,Merced,047,269075,68071,67416,10143,77559,833
2022-07-17,Modoc,049,8938,831,799,307,1106,9
2022-07-17,Mono,051,14174,3140,3131,208,3339,7
2022-07-17,Monterey,053,433212,88914,88118,18174,106292,747
2022-07-17,Napa,055,140530,30429,30176,1328,31504,145
2022-07-17,Nevada,057,99092,18064,17941,1594,19535,131
2022-07-17,Orange,059,3164182,626529,620414,53785,674199,7161
2022-07-17,Placer,061,380077,71870,71232,8781,80013,637
2022-07-17,Plumas,063,18699,3444,3406,421,3827,13
2022-07-17,Riverside,065,2383286,654525,647328,31985,679313,6508
2022-07-17,Sacramento,067,1510023,325396,322788,31360,354148,3119
2022-07-17,San Benito,069,59416,14999,14869,801,15670,100
2022-07-17,San Bernardino,071,2135413,628656,618482,27924,646406,7914
2022-07-17,San Diego,073,3302833,867261,857262,65234,922496,5370
2022-07-17,San Francisco,075,870044,166833,164853,11151,176004,928
2022-07-17,San Joaquin,077,732212,185836,184187,12552,196739,2262
2022-07-17,San Luis Obispo,079,281455,59858,59437,6154,65591,499
2022-07-17,San Mateo,081,765935,156876,154961,9916,164877,723
2022-07-17,Santa Barbara,083,443738,98581,97600,5874,103474,702
2022-07-17,Santa Clara,085,1922200,400514,395466,17374,412840,2371
2022-07-17,Santa Cruz,087,273765,58236,57531,3008,60539,267
2022-07-17,Shasta,089,179085,33173,32871,6813,39684,575
2022-07-17,Sierra,091,2930,293,291,58,349,4
2022-07-17,Siskiyou,093,43540,4934,4899,3098,7997,83
2022-07-17,Solano,095,438530,98263,96974,7087,104061,457
2022-07-17,Sonoma,097,501317,100651,99679,4710,104389,499
2022-07-17,Stanislaus,099,539301,129531,128436,19494,147930,1692
2022-07-17,Sutter,101,95872,22600,22452,2359,24811,228
2022-07-17,Tehama,103,63373,12966,12860,2849,15709,205
2022-07-17,Trinity,105,12862,1325,1304,332,1636,20
2022-07-17,Tulare,107,460477,115193,114399,31925,146324,1510
2022-07-17,Tuolumne,109,53932,14502,14280,837,15117,196
2022-07-17,Ventura,111,848112,196007,193965,13118,207083,1519
2022-07-17,Yolo,113,214977,45092,44703,3909,48612,324
2022-07-17,Yuba,115,75493,17698,17567,1514,19081,124
2022-07-16,Alameda,001,1643700,321962,318442,18122,336564,1911
2022-07-16,Alpine,003,1148,130,130,1,131,0
2022-07-16,Amador,005,37829,9495,9437,821,10258,87
2022-07-16,Butte,007,227075,36987,36644,8176,44820,440
2022-07-16,Calaveras,009,45235,8046,7994,444,8438,126
2022-07-16,Colusa,011,21464,3624,3617,1162,4779,22
2022-07-16,Contra Costa,013,1133247,232356,228634,18336,246970,1356
2022-07-16,Del Norte,015,27424,7027,6860,359,7219,54
2022-07-16,El Dorado,017,186661,30694,30461,3925,34386,219
2022-07-16,Fresno,019,978130,256577,254088,27468,281556,2790
2022-07-16,Glenn,021,27897,5308,5273,1775,7048,48
2022-07-16,Humboldt,023,135768,20202,20016,4218,24234,150
2022-07-16,Imperial,025,180216,61425,60550,13099,73649,944
2022-07-16,Inyo,027,18085,4363,4343,754,5097,56
2022-07-16,Kern,029,883053,208171,206466,53985,260451,2364
2022-07-16,Kings,031,150075,55871,55432,3748,59180,449
2022-07-16,Lake,033,64148,11914,11835,1052,12887,141
2022-07-16,Lassen,035,31185,9467,9425,946,10371,64
2022-07-16,Los Angeles,037,10098052,3080404,3042708,157683,3200391,32248
2022-07-16,Madera,039,155013,40947,40627,7162,47789,372
2022-07-16,Marin,041,260295,42265,41829,4821,46650,300
2022-07-16,Mariposa,043,17540,2901,2866,298,3164,30
2022-07-16,Mendocino,045,87422,14941,14799,3985,18784,131
2022-07-16,Merced,047,269075,67983,67416,10132,77548,833
2022-07-16,Modoc,049,8938,831,799,307,1106,9
2022-07-16,Mono,051,14174,3139,3131,207,3338,7
2022-07-16,Monterey,053,433212,88820,88118,18132,106250,747
2022-07-16,Napa,055,140530,30401,30176,1326,31502,145
2022-07-16,Nevada,057,99092,18050,17941,1587,19528,131
2022-07-16,Orange,059,3164182,625801,620414,53641,674055,7161
2022-07-16,Placer,061,380077,71785,71232,8765,79997,637
2022-07-16,Plumas,063,18699,3440,3406,420,3826,13
2022-07-16,Riverside,065,2383286,653737,647328,31933,679261,6508
2022-07-16,Sacramento,067,1510023,325125,322788,31346,354134,3119
2022-07-16,San Benito,069,59416,14982,14869,797,15666,100
2022-07-16,San Bernardino,071,2135413,627921,618482,27862,646344,7914
2022-07-16,San Diego,073,3302833,866354,857262,65158,922420,5370
2022-07-16,San Francisco,075,870044,166648,164853,11135,175988,928
2022-07-16,San Joaquin,077,732212,185678,184187,12529,196716,2262
2022-07-16,San Luis Obispo,079,281455,59830,59437,6134,65571,499
2022-07-16,San Mateo,081,765935,156637,154961,9905,164866,723
2022-07-16,Santa Barbara,083,443738,98465,97600,5854,103454,702
2022-07-16,Santa Clara,085,1922200,399846,395466,17349,412815,2371
2022-07-16,Santa Cruz,087,273765,58164,57531,3003,60534,267
2022-07-16,Shasta,089,179085,33153,32871,6809,39680,575
2022-07-16,Sierra,091,2930,293,291,58,349,4
2022-07-16,Siskiyou,093,43540,4932,4899,3093,7992,83
2022-07-16,Solano,095,438530,98192,96974,7071,104045,457
2022-07-16,Sonoma,097,501317,100564,99679,4699,104378,499
2022-07-16,Stanislaus,099,539301,129400,128436,19463,147899,1692
2022-07-16,Sutter,101,95872,22576,22452,2358,24810,228
2022-07-16,Tehama,103,63373,12957,12860,2844,15704,205
2022-07-16,Trinity,105,12862,1323,1304,332,1636,20
2022-07-16,Tulare,107,460477,115087,114399,31864,146263,1510
2022-07-16,Tuolumne,109,53932,14478,14280,837,15117,196
2022-07-16,Ventura,111,848112,195781,193965,13081,207046,1519
2022-07-16,Yolo,113,214977,45047,44703,3896,48599,324
2022-07-16,Yuba,115,75493,17674,17567,1514,19081,124
2022-07-15,Alameda,001,1643700,321500,318442,18087,336529,1911
2022-07-15,Alpine,003,1148,130,130,1,131,0
2022-07-15,Amador,005,37829,9492,9437,820,10257,87
2022-07-15,Butte,007,227075,36948,36644,8170,44814,440
2022-07-15,Calaveras,009,45235,8040,7994,440,8434,126
2022-07-15,Colusa,011,21464,3622,3617,1160,4777,22
2022-07-15,Contra Costa,013,1133247,232082,228634,18286,246920,1356
2022-07-15,Del Norte,015,27424,7016,6860,356,7216,54
2022-07-15,El Dorado,017,186661,30666,30461,3922,34383,219
2022-07-15,Fresno,019,978130,256185,254088,27405,281493,2790
2022-07-15,Glenn,021,27897,5305,5273,1772,7045,48
2022-07-15,Humboldt,023,135768,20178,20016,4206,24222,150
2022-07-15,Imperial,025,180216,61349,60550,13056,73606,944
2022-07-15,Inyo,027,18085,4359,4343,749,5092,56
2022-07-15,Kern,029,883053,207963,206466,53829,260295,2364
2022-07-15,Kings,031,150075,55807,55432,3741,59173,449
2022-07-15,Lake,033,64148,11902,11835,1049,12884,141
2022-07-15,Lassen,035,31185,9465,9425,944,10369,64
2022-07-15,Los Angeles,037,10098052,3076250,3042708,157180,3199888,32248
2022-07-15,Madera,039,155013,40884,40627,7143,47770,372
2022-07-15,Marin,041,260295,42205,41829,4810,46639,300
2022-07-15,Mariposa,043,17540,2898,2866,297,3163,30
2022-07-15,Mendocino,045,87422,14918,14799,3980,18779,131
2022-07-15,Merced,047,269075,67922,67416,10123,77539,833
2022-07-15,Modoc,049,8938,830,799,307,1106,9
2022-07-15,Mono,051,14174,3137,3131,206,3337,7
2022-07-15,Monterey,053,433212,88708,88118,18105,106223,747
2022-07-15,Napa,055,140530,30368,30176,1325,31501,145
2022-07-15,Nevada,057,99092,18038,17941,1585,19526,131
2022-07-15,Orange,059,3164182,624960,620414,53479,673893,7161
2022-07-15,Placer,061,380077,71712,71232,8738,79970,637
2022-07-15,Plumas,063,18699,3433,3406,418,3824,13
2022-07-15,Riverside,065,2383286,652908,647328,31870,679198,6508
2022-07-15,Sacramento,067,1510023,324758,322788,31327,354115,3119
2022-07-15,San Benito,069,59416,14967,14869,797,15666,100
2022-07-15,San Bernardino,071,2135413,627178,618482,27820,646302,7914
2022-07-15,San Diego,073,3302833,865077,857262,64996,922258,5370
2022-07-15,San Francisco,075,870044,166392,164853,11093,175946,928
2022-07-15,San Joaquin,077,732212,185502,184187,12499,196686,2262
2022-07-15,San Luis Obispo,079,281455,59799,59437,6121,65558,499
2022-07-15,San Mateo,081,765935,156401,154961,9888,164849,723
2022-07-15,Santa Barbara,083,443738,98336,97600,5847,103447,702
2022-07-15,Santa Clara,085,1922200,399158,395466,17323,412789,2371
2022-07-15,Santa Cruz,087,273765,58074,57531,2991,60522,267
2022-07-15,Shasta,089,179085,33130,32871,6802,39673,575
2022-07-15,Sierra,091,2930,293,291,58,349,4
2022-07-15,Siskiyou,093,43540,4929,4899,3091,7990,83
2022-07-15,Solano,095,438530,98042,96974,7060,104034,457
2022-07-15,Sonoma,097,501317,100441,99679,4690,104369,499
2022-07-15,Stanislaus,099,539301,129277,128436,19447,147883,1692
2022-07-15,Sutter,101,95872,22549,22452,2357,24809,228
2022-07-15,Tehama,103,63373,12950,12860,2836,15696,205
2022-07-15,Trinity,105,12862,1319,1304,332,1636,20
2022-07-15,Tulare,107,460477,114937,114399,31779,146178,1510
2022-07-15,Tuolumne,109,53932,14434,14280,834,15114,196
2022-07-15,Ventura,111,848112,195555,193965,13042,207007,1519
2022-07-15,Yolo,113,214977,45001,44703,3885,48588,324
2022-07-15,Yuba,115,75493,17648,17567,1514,19081,124
2022-07-14,Alameda,001,1643700,320736,318442,18024,336466,1911
2022-07-14,Alpine,003,1148,130,130,1,131,0
2022-07-14,Amador,005,37829,9479,9437,814,10251,87
2022-07-14,Butte,007,227075,36908,36644,8164,44808,440
2022-07-14,Calaveras,009,45235,8033,7994,436,8430,126
2022-07-14,Colusa,011,21464,3622,3617,1158,4775,22
2022-07-14,Contra Costa,013,1133247,231641,228634,18199,246833,1356
2022-07-14,Del Norte,015,27424,6995,6860,354,7214,54
2022-07-14,El Dorado,017,186661,30629,30461,3913,34374,219
2022-07-14,Fresno,019,978130,255651,254088,27315,281403,2790
2022-07-14,Glenn,021,27897,5296,5273,1769,7042,48
2022-07-14,Humboldt,023,135768,20138,20016,4191,24207,150
2022-07-14,Imperial,025,180216,61170,60550,12940,73490,944
2022-07-14,Inyo,027,18085,4357,4343,744,5087,56
2022-07-14,Kern,029,883053,207639,206466,53627,260093,2364
2022-07-14,Kings,031,150075,55712,55432,3730,59162,449
2022-07-14,Lake,033,64148,11886,11835,1047,12882,141
2022-07-14,Lassen,035,31185,9460,9425,943,10368,64
2022-07-14,Los Angeles,037,10098052,3070118,3042708,156470,3199178,32248
2022-07-14,Madera,039,155013,40811,40627,7086,47713,372
2022-07-14,Marin,041,260295,42115,41829,4805,46634,300
2022-07-14,Mariposa,043,17540,2892,2866,292,3158,30
2022-07-14,Mendocino,045,87422,14904,14799,3975,18774,131
2022-07-14,Merced,047,269075,67826,67416,10096,77512,833
2022-07-14,Modoc,049,8938,830,799,307,1106,9
2022-07-14,Mono,051,14174,3136,3131,206,3337,7
2022-07-14,Monterey,053,433212,88589,88118,18027,106145,747
2022-07-14,Napa,055,140530,30325,30176,1321,31497,145
2022-07-14,Nevada,057,99092,18013,17941,1576,19517,131
2022-07-14,Orange,059,3164182,623699,620414,53267,673681,7161
2022-07-14,Placer,061,380077,71602,71232,8718,79950,637
2022-07-14,Plumas,063,18699,3424,3406,417,3823,13
2022-07-14,Riverside,065,2383286,651671,647328,31796,679124,6508
2022-07-14,Sacramento,067,1510023,324202,322788,31285,354073,3119
2022-07-14,San Benito,069,59416,14937,14869,793,15662,100
2022-07-14,San Bernardino,071,2135413,626026,618482,27741,646223,7914
2022-07-14,San Diego,073,3302833,863195,857262,64765,922027,5370
2022-07-14,San Francisco,075,870044,166054,164853,11046,175899,928
2022-07-14,San Joaquin,077,732212,185194,184187,12464,196651,2262
2022-07-14,San Luis Obispo,079,281455,59711,59437,6077,65514,499
2022-07-14,San Mateo,081,765935,156114,154961,9866,164827,723
2022-07-14,Santa Barbara,083,443738,98157,97600,5835,103435,702
2022-07-14,Santa Clara,085,1922200,398308,395466,17280,412746,2371
2022-07-14,Santa Cruz,087,273765,57982,57531,2977,60508,267
2022-07-14,Shasta,089,179085,33082,32871,6790,39661,575
2022-07-14,Sierra,091,2930,293,291,58,349,4
2022-07-14,Siskiyou,093,43540,4921,4899,3083,7982,83
2022-07-14,Solano,095,438530,97865,96974,7048,104022,457
2022-07-14,Sonoma,097,501317,100307,99679,4667,104346,499
2022-07-14,Stanislaus,099,539301,129072,128436,19417,147853,1692
2022-07-14,Sutter,101,95872,22523,22452,2356,24808,228
2022-07-14,Tehama,103,63373,12927,12860,2831,15691,205
2022-07-14,Trinity,105,12862,1319,1304,328,1632,20
2022-07-14,Tulare,107,460477,114806,114399,31680,146079,1510
2022-07-14,Tuolumne,109,53932,14395,14280,830,15110,196
2022-07-14,Ventura,111,848112,195207,193965,12969,206934,1519
2022-07-14,Yolo,113,214977,44936,44703,3872,48575,324
2022-07-14,Yuba,115,75493,17616,17567,1505,19072,124
2022-07-13,Alameda,001,1643700,320030,316026,17954,333980,1911
2022-07-13,Alpine,003,1148,130,129,1,130,0
2022-07-13,Amador,005,37829,9468,9388,813,10201,87
2022-07-13,Butte,007,227075,36851,36405,8150,44555,439
2022-07-13,Calaveras,009,45235,8020,7945,435,8380,125
2022-07-13,Colusa,011,21464,3618,3606,1158,4764,22
2022-07-13,Contra Costa,013,1133247,231161,226833,18118,244951,1356
2022-07-13,Del Norte,015,27424,6976,6790,354,7144,54
2022-07-13,El Dorado,017,186661,30580,30273,3907,34180,218
2022-07-13,Fresno,019,978130,255102,252573,27204,279777,2786
2022-07-13,Glenn,021,27897,5291,5256,1768,7024,48
2022-07-13,Humboldt,023,135768,20105,19854,4176,24030,150
2022-07-13,Imperial,025,180216,61014,60011,12859,72870,944
2022-07-13,Inyo,027,18085,4356,4324,739,5063,56
2022-07-13,Kern,029,883053,207242,205428,53405,258833,2359
2022-07-13,Kings,031,150075,55602,55138,3721,58859,449
2022-07-13,Lake,033,64148,11868,11773,1046,12819,140
2022-07-13,Lassen,035,31185,9438,9381,942,10323,64
2022-07-13,Los Angeles,037,10098052,3063515,3024953,155760,3180713,32206
2022-07-13,Madera,039,155013,40744,40378,7061,47439,372
2022-07-13,Marin,041,260295,42048,41616,4797,46413,300
2022-07-13,Mariposa,043,17540,2887,2847,291,3138,30
2022-07-13,Mendocino,045,87422,14884,14713,3960,18673,128
2022-07-13,Merced,047,269075,67695,67028,10065,77093,832
2022-07-13,Modoc,049,8938,829,791,306,1097,9
2022-07-13,Mono,051,14174,3136,3131,202,3333,7
2022-07-13,Monterey,053,433212,88446,87575,17951,105526,745
2022-07-13,Napa,055,140530,30286,30032,1320,31352,145
2022-07-13,Nevada,057,99092,17995,17849,1569,19418,131
2022-07-13,Orange,059,3164182,622321,616278,53030,669308,7147
2022-07-13,Placer,061,380077,71495,70890,8705,79595,637
2022-07-13,Plumas,063,18699,3416,3354,416,3770,13
2022-07-13,Riverside,065,2383286,650460,643472,31699,675171,6504
2022-07-13,Sacramento,067,1510023,323676,321076,31244,352320,3114
2022-07-13,San Benito,069,59416,14910,14774,787,15561,100
2022-07-13,San Bernardino,071,2135413,624849,614957,27644,642601,7907
2022-07-13,San Diego,073,3302833,861284,851596,64547,916143,5363
2022-07-13,San Francisco,075,870044,165651,163635,11018,174653,919
2022-07-13,San Joaquin,077,732212,184866,183283,12430,195713,2260
2022-07-13,San Luis Obispo,079,281455,59605,59134,6031,65165,498
2022-07-13,San Mateo,081,765935,155774,153875,9849,163724,723
2022-07-13,Santa Barbara,083,443738,97977,97053,5823,102876,699
2022-07-13,Santa Clara,085,1922200,397424,392415,17240,409655,2365
2022-07-13,Santa Cruz,087,273765,57847,57124,2970,60094,267
2022-07-13,Shasta,089,179085,33025,32708,6775,39483,574
2022-07-13,Sierra,091,2930,293,289,58,347,4
2022-07-13,Siskiyou,093,43540,4914,4873,3081,7954,82
2022-07-13,Solano,095,438530,97660,96479,7025,103504,455
2022-07-13,Sonoma,097,501317,100149,99173,4650,103823,499
2022-07-13,Stanislaus,099,539301,128872,127845,19370,147215,1689
2022-07-13,Sutter,101,95872,22476,22331,2354,24685,228
2022-07-13,Tehama,103,63373,12914,12793,2828,15621,205
2022-07-13,Trinity,105,12862,1318,1293,326,1619,20
2022-07-13,Tulare,107,460477,114611,113830,31588,145418,1508
2022-07-13,Tuolumne,109,53932,14371,14159,825,14984,194
2022-07-13,Ventura,111,848112,194873,192923,12889,205812,1518
2022-07-13,Yolo,113,214977,44874,44447,3862,48309,326
2022-07-13,Yuba,115,75493,17589,17464,1497,18961,124
2022-07-12,Alameda,001,1643700,319249,316026,17907,333933,1911
2022-07-12,Alpine,003,1148,130,129,1,130,0
2022-07-12,Amador,005,37829,9435,9388,806,10194,87
2022-07-12,Butte,007,227075,36793,36405,8131,44536,439
2022-07-12,Calaveras,009,45235,8005,7945,433,8378,125
2022-07-12,Colusa,011,21464,3616,3606,1155,4761,22
2022-07-12,Contra Costa,013,1133247,230656,226833,18043,244876,1356
2022-07-12,Del Norte,015,27424,6929,6790,351,7141,54
2022-07-12,El Dorado,017,186661,30541,30273,3901,34174,218
2022-07-12,Fresno,019,978130,254565,252573,27120,279693,2786
2022-07-12,Glenn,021,27897,5288,5256,1764,7020,48
2022-07-12,Humboldt,023,135768,20055,19854,4160,24014,150
2022-07-12,Imperial,025,180216,60838,60011,12759,72770,944
2022-07-12,Inyo,027,18085,4348,4324,739,5063,56
2022-07-12,Kern,029,883053,206920,205428,53227,258655,2359
2022-07-12,Kings,031,150075,55490,55138,3711,58849,449
2022-07-12,Lake,033,64148,11856,11773,1041,12814,140
2022-07-12,Lassen,035,31185,9424,9381,936,10317,64
2022-07-12,Los Angeles,037,10098052,3056763,3024953,155066,3180019,32206
2022-07-12,Madera,039,155013,40658,40378,7046,47424,372
2022-07-12,Marin,041,260295,41975,41616,4787,46403,300
2022-07-12,Mariposa,043,17540,2876,2847,291,3138,30
2022-07-12,Mendocino,045,87422,14846,14713,3936,18649,128
2022-07-12,Merced,047,269075,67586,67028,10032,77060,832
2022-07-12,Modoc,049,8938,827,791,303,1094,9
2022-07-12,Mono,051,14174,3132,3131,202,3333,7
2022-07-12,Monterey,053,433212,88291,87575,17863,105438,745
2022-07-12,Napa,055,140530,30232,30032,1317,31349,145
2022-07-12,Nevada,057,99092,17974,17849,1562,19411,131
2022-07-12,Orange,059,3164182,620915,616278,52797,669075,7147
2022-07-12,Placer,061,380077,71385,70890,8690,79580,637
2022-07-12,Plumas,063,18699,3410,3354,415,3769,13
2022-07-12,Riverside,065,2383286,649174,643472,31604,675076,6504
2022-07-12,Sacramento,067,1510023,323087,321076,31206,352282,3114
2022-07-12,San Benito,069,59416,14865,14774,781,15555,100
2022-07-12,San Bernardino,071,2135413,623516,614957,27558,642515,7907
2022-07-12,San Diego,073,3302833,858922,851596,64319,915915,5363
2022-07-12,San Francisco,075,870044,165245,163635,10994,174629,919
2022-07-12,San Joaquin,077,732212,184554,183283,12394,195677,2260
2022-07-12,San Luis Obispo,079,281455,59529,59134,6002,65136,498
2022-07-12,San Mateo,081,765935,155380,153875,9830,163705,723
2022-07-12,Santa Barbara,083,443738,97763,97053,5806,102859,699
2022-07-12,Santa Clara,085,1922200,396469,392415,17197,409612,2365
2022-07-12,Santa Cruz,087,273765,57710,57124,2961,60085,267
2022-07-12,Shasta,089,179085,32962,32708,6756,39464,574
2022-07-12,Sierra,091,2930,292,289,58,347,4
2022-07-12,Siskiyou,093,43540,4905,4873,3079,7952,82
2022-07-12,Solano,095,438530,97447,96479,7000,103479,455
2022-07-12,Sonoma,097,501317,99989,99173,4622,103795,499
2022-07-12,Stanislaus,099,539301,128626,127845,19334,147179,1689
2022-07-12,Sutter,101,95872,22443,22331,2352,24683,228
2022-07-12,Tehama,103,63373,12894,12793,2822,15615,205
2022-07-12,Trinity,105,12862,1310,1293,326,1619,20
2022-07-12,Tulare,107,460477,114418,113830,31488,145318,1508
2022-07-12,Tuolumne,109,53932,14336,14159,821,14980,194
2022-07-12,Ventura,111,848112,194541,192923,12792,205715,1518
2022-07-12,Yolo,113,214977,44804,44447,3854,48301,326
2022-07-12,Yuba,115,75493,17561,17464,1484,18948,124
2022-07-11,Alameda,001,1643700,318342,316026,17848,333874,1911
2022-07-11,Alpine,003,1148,130,129,1,130,0
2022-07-11,Amador,005,37829,9427,9388,800,10188,87
2022-07-11,Butte,007,227075,36735,36405,8112,44517,439
2022-07-11,Calaveras,009,45235,7989,7945,431,8376,125
2022-07-11,Colusa,011,21464,3612,3606,1152,4758,22
2022-07-11,Contra Costa,013,1133247,230175,226833,17983,244816,1356
2022-07-11,Del Norte,015,27424,6898,6790,341,7131,54
2022-07-11,El Dorado,017,186661,30484,30273,3890,34163,218
2022-07-11,Fresno,019,978130,253900,252573,27039,279612,2786
2022-07-11,Glenn,021,27897,5285,5256,1762,7018,48
2022-07-11,Humboldt,023,135768,19996,19854,4141,23995,150
2022-07-11,Imperial,025,180216,60680,60011,12648,72659,944
2022-07-11,Inyo,027,18085,4345,4324,735,5059,56
2022-07-11,Kern,029,883053,206598,205428,53078,258506,2359
2022-07-11,Kings,031,150075,55342,55138,3701,58839,449
2022-07-11,Lake,033,64148,11830,11773,1039,12812,140
2022-07-11,Lassen,035,31185,9418,9381,936,10317,64
2022-07-11,Los Angeles,037,10098052,3049689,3024953,154285,3179238,32206
2022-07-11,Madera,039,155013,40571,40378,7001,47379,372
2022-07-11,Marin,041,260295,41886,41616,4778,46394,300
2022-07-11,Mariposa,043,17540,2868,2847,289,3136,30
2022-07-11,Mendocino,045,87422,14807,14713,3922,18635,128
2022-07-11,Merced,047,269075,67460,67028,9997,77025,832
2022-07-11,Modoc,049,8938,821,791,301,1092,9
2022-07-11,Mono,051,14174,3132,3131,201,3332,7
2022-07-11,Monterey,053,433212,88125,87575,17794,105369,745
2022-07-11,Napa,055,140530,30170,30032,1317,31349,145
2022-07-11,Nevada,057,99092,17957,17849,1560,19409,131
2022-07-11,Orange,059,3164182,619345,616278,52568,668846,7147
2022-07-11,Placer,061,380077,71277,70890,8675,79565,637
2022-07-11,Plumas,063,18699,3399,3354,413,3767,13
2022-07-11,Riverside,065,2383286,647735,643472,31518,674990,6504
2022-07-11,Sacramento,067,1510023,322541,321076,31161,352237,3114
2022-07-11,San Benito,069,59416,14829,14774,777,15551,100
2022-07-11,San Bernardino,071,2135413,622147,614957,27468,642425,7907
2022-07-11,San Diego,073,3302833,856551,851596,64082,915678,5363
2022-07-11,San Francisco,075,870044,164831,163635,10966,174601,919
2022-07-11,San Joaquin,077,732212,184176,183283,12357,195640,2260
2022-07-11,San Luis Obispo,079,281455,59421,59134,5970,65104,498
2022-07-11,San Mateo,081,765935,154982,153875,9795,163670,723
2022-07-11,Santa Barbara,083,443738,97555,97053,5793,102846,699
2022-07-11,Santa Clara,085,1922200,395401,392415,17142,409557,2365
2022-07-11,Santa Cruz,087,273765,57560,57124,2947,60071,267
2022-07-11,Shasta,089,179085,32907,32708,6726,39434,574
2022-07-11,Sierra,091,2930,292,289,58,347,4
2022-07-11,Siskiyou,093,43540,4898,4873,3072,7945,82
2022-07-11,Solano,095,438530,97234,96479,6985,103464,455
2022-07-11,Sonoma,097,501317,99795,99173,4602,103775,499
2022-07-11,Stanislaus,099,539301,128401,127845,19298,147143,1689
2022-07-11,Sutter,101,95872,22401,22331,2345,24676,228
2022-07-11,Tehama,103,63373,12881,12793,2815,15608,205
2022-07-11,Trinity,105,12862,1308,1293,325,1618,20
2022-07-11,Tulare,107,460477,114229,113830,31383,145213,1508
2022-07-11,Tuolumne,109,53932,14296,14159,819,14978,194
2022-07-11,Ventura,111,848112,194144,192923,12710,205633,1518
2022-07-11,Yolo,113,214977,44738,44447,3839,48286,326
2022-07-11,Yuba,115,75493,17525,17464,1481,18945,124
2022-07-10,Alameda,001,1643700,317347,312651,17768,330419,1912
2022-07-10,Alpine,003,1148,130,129,1,130,0
2022-07-10,Amador,005,37829,9417,9335,797,10132,87
2022-07-10,Butte,007,227075,36637,36165,8089,44254,438
2022-07-10,Calaveras,009,45235,7979,7895,430,8325,125
2022-07-10,Colusa,011,21464,3608,3586,1144,4730,22
2022-07-10,Contra Costa,013,1133247,229563,224718,17888,242606,1351
2022-07-10,Del Norte,015,27424,6858,6666,335,7001,54
2022-07-10,El Dorado,017,186661,30401,30070,3882,33952,218
2022-07-10,Fresno,019,978130,253225,250379,26946,277325,2786
2022-07-10,Glenn,021,27897,5280,5231,1758,6989,48
2022-07-10,Humboldt,023,135768,19937,19677,4127,23804,149
2022-07-10,Imperial,025,180216,60456,59558,12507,72065,944
2022-07-10,Inyo,027,18085,4340,4297,729,5026,56
2022-07-10,Kern,029,883053,206092,204128,52882,257010,2359
2022-07-10,Kings,031,150075,55166,54725,3695,58420,449
2022-07-10,Lake,033,64148,11805,11685,1036,12721,140
2022-07-10,Lassen,035,31185,9403,9362,934,10296,64
2022-07-10,Los Angeles,037,10098052,3042460,3002013,153485,3155498,32151
2022-07-10,Madera,039,155013,40462,40081,6967,47048,372
2022-07-10,Marin,041,260295,41789,41271,4769,46040,302
2022-07-10,Mariposa,043,17540,2861,2805,285,3090,30
2022-07-10,Mendocino,045,87422,14777,14610,3905,18515,128
2022-07-10,Merced,047,269075,67303,66616,9940,76556,832
2022-07-10,Modoc,049,8938,820,789,293,1082,9
2022-07-10,Mono,051,14174,3131,3119,199,3318,7
2022-07-10,Monterey,053,433212,87933,87002,17714,104716,745
2022-07-10,Napa,055,140530,30108,29807,1315,31122,145
2022-07-10,Nevada,057,99092,17895,17693,1551,19244,131
2022-07-10,Orange,059,3164182,617652,610975,52261,663236,7132
2022-07-10,Placer,061,380077,71161,70401,8656,79057,632
2022-07-10,Plumas,063,18699,3386,3339,409,3748,13
2022-07-10,Riverside,065,2383286,646140,638193,31388,669581,6506
2022-07-10,Sacramento,067,1510023,321839,318556,31088,349644,3108
2022-07-10,San Benito,069,59416,14793,14628,766,15394,100
2022-07-10,San Bernardino,071,2135413,620692,610086,27388,637474,7893
2022-07-10,San Diego,073,3302833,854064,844085,63810,907895,5357
2022-07-10,San Francisco,075,870044,164291,161931,10891,172822,914
2022-07-10,San Joaquin,077,732212,183802,181958,12297,194255,2257
2022-07-10,San Luis Obispo,079,281455,59305,58636,5931,64567,498
2022-07-10,San Mateo,081,765935,154520,152319,9769,162088,723
2022-07-10,Santa Barbara,083,443738,97323,96266,5767,102033,697
2022-07-10,Santa Clara,085,1922200,394274,388270,17080,405350,2360
2022-07-10,Santa Cruz,087,273765,57369,56455,2930,59385,266
2022-07-10,Shasta,089,179085,32847,32536,6703,39239,576
2022-07-10,Sierra,091,2930,290,291,58,349,4
2022-07-10,Siskiyou,093,43540,4893,4855,3059,7914,82
2022-07-10,Solano,095,438530,96988,95651,6957,102608,455
2022-07-10,Sonoma,097,501317,99592,98430,4570,103000,496
2022-07-10,Stanislaus,099,539301,128162,126897,19255,146152,1686
2022-07-10,Sutter,101,95872,22352,22165,2344,24509,228
2022-07-10,Tehama,103,63373,12856,12716,2802,15518,205
2022-07-10,Trinity,105,12862,1302,1272,323,1595,20
2022-07-10,Tulare,107,460477,113975,113002,31286,144288,1508
2022-07-10,Tuolumne,109,53932,14261,14019,811,14830,194
2022-07-10,Ventura,111,848112,193670,191462,12609,204071,1518
2022-07-10,Yolo,113,214977,44660,44152,3824,47976,323
2022-07-10,Yuba,115,75493,17486,17345,1479,18824,125
2022-07-09,Alameda,001,1643700,316858,312651,17743,330394,1912
2022-07-09,Alpine,003,1148,130,129,1,130,0
2022-07-09,Amador,005,37829,9409,9335,795,10130,87
2022-07-09,Butte,007,227075,36592,36165,8075,44240,438
2022-07-09,Calaveras,009,45235,7964,7895,429,8324,125
2022-07-09,Colusa,011,21464,3607,3586,1143,4729,22
2022-07-09,Contra Costa,013,1133247,229255,224718,17830,242548,1351
2022-07-09,Del Norte,015,27424,6849,6666,335,7001,54
2022-07-09,El Dorado,017,186661,30358,30070,3877,33947,218
2022-07-09,Fresno,019,978130,252966,250379,26909,277288,2786
2022-07-09,Glenn,021,27897,5273,5231,1758,6989,48
2022-07-09,Humboldt,023,135768,19919,19677,4117,23794,149
2022-07-09,Imperial,025,180216,60377,59558,12454,72012,944
2022-07-09,Inyo,027,18085,4334,4297,728,5025,56
2022-07-09,Kern,029,883053,205921,204128,52783,256911,2359
2022-07-09,Kings,031,150075,55127,54725,3693,58418,449
2022-07-09,Lake,033,64148,11797,11685,1035,12720,140
2022-07-09,Lassen,035,31185,9402,9362,934,10296,64
2022-07-09,Los Angeles,037,10098052,3038999,3002013,152997,3155010,32151
2022-07-09,Madera,039,155013,40423,40081,6959,47040,372
2022-07-09,Marin,041,260295,41733,41271,4758,46029,302
2022-07-09,Mariposa,043,17540,2856,2805,285,3090,30
2022-07-09,Mendocino,045,87422,14762,14610,3895,18505,128
2022-07-09,Merced,047,269075,67252,66616,9935,76551,832
2022-07-09,Modoc,049,8938,820,789,289,1078,9
2022-07-09,Mono,051,14174,3131,3119,199,3318,7
2022-07-09,Monterey,053,433212,87836,87002,17664,104666,745
2022-07-09,Napa,055,140530,30077,29807,1312,31119,145
2022-07-09,Nevada,057,99092,17883,17693,1547,19240,131
2022-07-09,Orange,059,3164182,616790,610975,52091,663066,7132
2022-07-09,Placer,061,380077,71072,70401,8648,79049,632
2022-07-09,Plumas,063,18699,3379,3339,407,3746,13
2022-07-09,Riverside,065,2383286,645243,638193,31333,669526,6506
2022-07-09,Sacramento,067,1510023,321535,318556,31070,349626,3108
2022-07-09,San Benito,069,59416,14773,14628,765,15393,100
2022-07-09,San Bernardino,071,2135413,619973,610086,27337,637423,7893
2022-07-09,San Diego,073,3302833,853163,844085,63727,907812,5357
2022-07-09,San Francisco,075,870044,164057,161931,10870,172801,914
2022-07-09,San Joaquin,077,732212,183635,181958,12271,194229,2257
2022-07-09,San Luis Obispo,079,281455,59249,58636,5912,64548,498
2022-07-09,San Mateo,081,765935,154279,152319,9753,162072,723
2022-07-09,Santa Barbara,083,443738,97190,96266,5757,102023,697
2022-07-09,Santa Clara,085,1922200,393537,388270,17051,405321,2360
2022-07-09,Santa Cruz,087,273765,57292,56455,2921,59376,266
2022-07-09,Shasta,089,179085,32825,32536,6693,39229,576
2022-07-09,Sierra,091,2930,290,291,58,349,4
2022-07-09,Siskiyou,093,43540,4889,4855,3057,7912,82
2022-07-09,Solano,095,438530,96903,95651,6947,102598,455
2022-07-09,Sonoma,097,501317,99504,98430,4564,102994,496
2022-07-09,Stanislaus,099,539301,127998,126897,19227,146124,1686
2022-07-09,Sutter,101,95872,22322,22165,2344,24509,228
2022-07-09,Tehama,103,63373,12839,12716,2793,15509,205
2022-07-09,Trinity,105,12862,1302,1272,322,1594,20
2022-07-09,Tulare,107,460477,113865,113002,31227,144229,1508
2022-07-09,Tuolumne,109,53932,14223,14019,809,14828,194
2022-07-09,Ventura,111,848112,193408,191462,12568,204030,1518
2022-07-09,Yolo,113,214977,44610,44152,3810,47962,323
2022-07-09,Yuba,115,75493,17464,17345,1478,18823,125
2022-07-08,Alameda,001,1643700,316340,312651,17700,330351,1912
2022-07-08,Alpine,003,1148,130,129,1,130,0
2022-07-08,Amador,005,37829,9399,9335,793,10128,87
2022-07-08,Butte,007,227075,36561,36165,8061,44226,438
2022-07-08,Calaveras,009,45235,7949,7895,429,8324,125
2022-07-08,Colusa,011,21464,3603,3586,1143,4729,22
2022-07-08,Contra Costa,013,1133247,228902,224718,17780,242498,1351
2022-07-08,Del Norte,015,27424,6838,6666,333,6999,54
2022-07-08,El Dorado,017,186661,30332,30070,3870,33940,218
2022-07-08,Fresno,019,978130,252597,250379,26856,277235,2786
2022-07-08,Glenn,021,27897,5268,5231,1755,6986,48
2022-07-08,Humboldt,023,135768,19906,19677,4106,23783,149
2022-07-08,Imperial,025,180216,60288,59558,12414,71972,944
2022-07-08,Inyo,027,18085,4333,4297,724,5021,56
2022-07-08,Kern,029,883053,205696,204128,52687,256815,2359
2022-07-08,Kings,031,150075,55085,54725,3692,58417,449
2022-07-08,Lake,033,64148,11780,11685,1032,12717,140
2022-07-08,Lassen,035,31185,9396,9362,933,10295,64
2022-07-08,Los Angeles,037,10098052,3034791,3002013,152423,3154436,32151
2022-07-08,Madera,039,155013,40369,40081,6945,47026,372
2022-07-08,Marin,041,260295,41647,41271,4742,46013,302
2022-07-08,Mariposa,043,17540,2853,2805,284,3089,30
2022-07-08,Mendocino,045,87422,14744,14610,3891,18501,128
2022-07-08,Merced,047,269075,67186,66616,9924,76540,832
2022-07-08,Modoc,049,8938,820,789,289,1078,9
2022-07-08,Mono,051,14174,3129,3119,198,3317,7
2022-07-08,Monterey,053,433212,87723,87002,17634,104636,745
2022-07-08,Napa,055,140530,30053,29807,1311,31118,145
2022-07-08,Nevada,057,99092,17875,17693,1545,19238,131
2022-07-08,Orange,059,3164182,615889,610975,51915,662890,7132
2022-07-08,Placer,061,380077,70997,70401,8636,79037,632
2022-07-08,Plumas,063,18699,3374,3339,407,3746,13
2022-07-08,Riverside,065,2383286,644331,638193,31276,669469,6506
2022-07-08,Sacramento,067,1510023,321100,318556,31050,349606,3108
2022-07-08,San Benito,069,59416,14756,14628,762,15390,100
2022-07-08,San Bernardino,071,2135413,619217,610086,27294,637380,7893
2022-07-08,San Diego,073,3302833,851915,844085,63566,907651,5357
2022-07-08,San Francisco,075,870044,163793,161931,10844,172775,914
2022-07-08,San Joaquin,077,732212,183461,181958,12260,194218,2257
2022-07-08,San Luis Obispo,079,281455,59213,58636,5897,64533,498
2022-07-08,San Mateo,081,765935,153988,152319,9739,162058,723
2022-07-08,Santa Barbara,083,443738,97063,96266,5753,102019,697
2022-07-08,Santa Clara,085,1922200,392767,388270,17030,405300,2360
2022-07-08,Santa Cruz,087,273765,57204,56455,2913,59368,266
2022-07-08,Shasta,089,179085,32795,32536,6685,39221,576
2022-07-08,Sierra,091,2930,290,291,58,349,4
2022-07-08,Siskiyou,093,43540,4884,4855,3054,7909,82
2022-07-08,Solano,095,438530,96785,95651,6936,102587,455
2022-07-08,Sonoma,097,501317,99358,98430,4547,102977,496
2022-07-08,Stanislaus,099,539301,127860,126897,19214,146111,1686
2022-07-08,Sutter,101,95872,22297,22165,2343,24508,228
2022-07-08,Tehama,103,63373,12827,12716,2791,15507,205
2022-07-08,Trinity,105,12862,1300,1272,321,1593,20
2022-07-08,Tulare,107,460477,113745,113002,31159,144161,1508
2022-07-08,Tuolumne,109,53932,14192,14019,803,14822,194
2022-07-08,Ventura,111,848112,193168,191462,12529,203991,1518
2022-07-08,Yolo,113,214977,44558,44152,3798,47950,323
2022-07-08,Yuba,115,75493,17448,17345,1477,18822,125
2022-07-07,Alameda,001,1643700,315535,312651,17655,330306,1912
2022-07-07,Alpine,003,1148,129,129,1,130,0
2022-07-07,Amador,005,37829,9383,9335,786,10121,87
2022-07-07,Butte,007,227075,36497,36165,8041,44206,438
2022-07-07,Calaveras,009,45235,7940,7895,424,8319,125
2022-07-07,Colusa,011,21464,3598,3586,1142,4728,22
2022-07-07,Contra Costa,013,1133247,228350,224718,17704,242422,1351
2022-07-07,Del Norte,015,27424,6812,6666,329,6995,54
2022-07-07,El Dorado,017,186661,30281,30070,3859,33929,218
2022-07-07,Fresno,019,978130,252053,250379,26754,277133,2786
2022-07-07,Glenn,021,27897,5262,5231,1753,6984,48
2022-07-07,Humboldt,023,135768,19861,19677,4090,23767,149
2022-07-07,Imperial,025,180216,60113,59558,12304,71862,944
2022-07-07,Inyo,027,18085,4330,4297,716,5013,56
2022-07-07,Kern,029,883053,205406,204128,52540,256668,2359
2022-07-07,Kings,031,150075,55007,54725,3688,58413,449
2022-07-07,Lake,033,64148,11759,11685,1032,12717,140
2022-07-07,Lassen,035,31185,9395,9362,933,10295,64
2022-07-07,Los Angeles,037,10098052,3028526,3002013,151745,3153758,32151
2022-07-07,Madera,039,155013,40291,40081,6929,47010,372
2022-07-07,Marin,041,260295,41568,41271,4731,46002,302
2022-07-07,Mariposa,043,17540,2846,2805,281,3086,30
2022-07-07,Mendocino,045,87422,14728,14610,3886,18496,128
2022-07-07,Merced,047,269075,67073,66616,9891,76507,832
2022-07-07,Modoc,049,8938,815,789,286,1075,9
2022-07-07,Mono,051,14174,3128,3119,196,3315,7
2022-07-07,Monterey,053,433212,87564,87002,17570,104572,745
2022-07-07,Napa,055,140530,29983,29807,1303,31110,145
2022-07-07,Nevada,057,99092,17845,17693,1540,19233,131
2022-07-07,Orange,059,3164182,614507,610975,51711,662686,7132
2022-07-07,Placer,061,380077,70887,70401,8611,79012,632
2022-07-07,Plumas,063,18699,3367,3339,406,3745,13
2022-07-07,Riverside,065,2383286,643015,638193,31213,669406,6506
2022-07-07,Sacramento,067,1510023,320474,318556,31001,349557,3108
2022-07-07,San Benito,069,59416,14726,14628,762,15390,100
2022-07-07,San Bernardino,071,2135413,617899,610086,27230,637316,7893
2022-07-07,San Diego,073,3302833,850000,844085,63342,907427,5357
2022-07-07,San Francisco,075,870044,163411,161931,10790,172721,914
2022-07-07,San Joaquin,077,732212,183128,181958,12236,194194,2257
2022-07-07,San Luis Obispo,079,281455,59136,58636,5865,64501,498
2022-07-07,San Mateo,081,765935,153651,152319,9730,162049,723
2022-07-07,Santa Barbara,083,443738,96869,96266,5738,102004,697
2022-07-07,Santa Clara,085,1922200,391785,388270,16983,405253,2360
2022-07-07,Santa Cruz,087,273765,57048,56455,2899,59354,266
2022-07-07,Shasta,089,179085,32760,32536,6668,39204,576
2022-07-07,Sierra,091,2930,289,291,57,348,4
2022-07-07,Siskiyou,093,43540,4877,4855,3048,7903,82
2022-07-07,Solano,095,438530,96512,95651,6925,102576,455
2022-07-07,Sonoma,097,501317,99221,98430,4528,102958,496
2022-07-07,Stanislaus,099,539301,127660,126897,19179,146076,1686
2022-07-07,Sutter,101,95872,22251,22165,2341,24506,228
2022-07-07,Tehama,103,63373,12810,12716,2782,15498,205
2022-07-07,Trinity,105,12862,1295,1272,320,1592,20
2022-07-07,Tulare,107,460477,113536,113002,31066,144068,1508
2022-07-07,Tuolumne,109,53932,14156,14019,797,14816,194
2022-07-07,Ventura,111,848112,192849,191462,12449,203911,1518
2022-07-07,Yolo,113,214977,44500,44152,3785,47937,323
2022-07-07,Yuba,115,75493,17414,17345,1475,18820,125
2022-07-06,Alameda,001,1643700,314706,310551,17590,328141,1899
2022-07-06,Alpine,003,1148,129,129,1,130,0
2022-07-06,Amador,005,37829,9364,9301,786,10087,87
2022-07-06,Butte,007,227075,36433,36053,8025,44078,436
2022-07-06,Calaveras,009,45235,7931,7873,422,8295,124
2022-07-06,Colusa,011,21464,3595,3579,1141,4720,22
2022-07-06,Contra Costa,013,1133247,227834,223500,17652,241152,1348
2022-07-06,Del Norte,015,27424,6782,6623,327,6950,54
2022-07-06,El Dorado,017,186661,30238,29953,3847,33800,218
2022-07-06,Fresno,019,978130,251498,249480,26678,276158,2786
2022-07-06,Glenn,021,27897,5257,5222,1753,6975,48
2022-07-06,Humboldt,023,135768,19814,19608,4079,23687,149
2022-07-06,Imperial,025,180216,59914,59184,12216,71400,944
2022-07-06,Inyo,027,18085,4324,4282,710,4992,56
2022-07-06,Kern,029,883053,205096,203587,52370,255957,2353
2022-07-06,Kings,031,150075,54891,54560,3683,58243,449
2022-07-06,Lake,033,64148,11740,11659,1032,12691,140
2022-07-06,Lassen,035,31185,9378,9350,933,10283,64
2022-07-06,Los Angeles,037,10098052,3022146,2991161,151036,3142197,32116
2022-07-06,Madera,039,155013,40221,39952,6906,46858,372
2022-07-06,Marin,041,260295,41500,41036,4721,45757,302
2022-07-06,Mariposa,043,17540,2836,2797,281,3078,30
2022-07-06,Mendocino,045,87422,14700,14540,3875,18415,127
2022-07-06,Merced,047,269075,66950,66420,9869,76289,832
2022-07-06,Modoc,049,8938,809,788,284,1072,8
2022-07-06,Mono,051,14174,3127,3109,196,3305,7
2022-07-06,Monterey,053,433212,87404,86639,17504,104143,744
2022-07-06,Napa,055,140530,29922,29690,1301,30991,144
2022-07-06,Nevada,057,99092,17816,17660,1535,19195,131
2022-07-06,Orange,059,3164182,612988,608084,51510,659594,7125
2022-07-06,Placer,061,380077,70773,70113,8590,78703,632
2022-07-06,Plumas,063,18699,3356,3316,405,3721,13
2022-07-06,Riverside,065,2383286,641655,636209,31141,667350,6505
2022-07-06,Sacramento,067,1510023,319791,317315,30957,348272,3104
2022-07-06,San Benito,069,59416,14684,14556,751,15307,100
2022-07-06,San Bernardino,071,2135413,616649,608119,27154,635273,7870
2022-07-06,San Diego,073,3302833,847869,839970,63086,903056,5349
2022-07-06,San Francisco,075,870044,162990,160612,10758,171370,910
2022-07-06,San Joaquin,077,732212,182814,181448,12208,193656,2256
2022-07-06,San Luis Obispo,079,281455,59030,58488,5826,64314,496
2022-07-06,San Mateo,081,765935,153256,151344,9699,161043,723
2022-07-06,Santa Barbara,083,443738,96679,95918,5718,101636,702
2022-07-06,Santa Clara,085,1922200,390690,385553,16917,402470,2358
2022-07-06,Santa Cruz,087,273765,56906,56307,2881,59188,267
2022-07-06,Shasta,089,179085,32707,32444,6645,39089,570
2022-07-06,Sierra,091,2930,289,290,57,347,4
2022-07-06,Siskiyou,093,43540,4870,4841,3042,7883,82
2022-07-06,Solano,095,438530,96261,95181,6901,102082,455
2022-07-06,Sonoma,097,501317,99038,98031,4511,102542,495
2022-07-06,Stanislaus,099,539301,127437,126492,19151,145643,1682
2022-07-06,Sutter,101,95872,22200,22089,2340,24429,228
2022-07-06,Tehama,103,63373,12799,12680,2776,15456,205
2022-07-06,Trinity,105,12862,1287,1263,316,1579,20
2022-07-06,Tulare,107,460477,113319,112684,30973,143657,1500
2022-07-06,Tuolumne,109,53932,14124,13960,784,14744,189
2022-07-06,Ventura,111,848112,192469,190794,12381,203175,1517
2022-07-06,Yolo,113,214977,44417,43171,3766,46937,324
2022-07-06,Yuba,115,75493,17376,17277,1469,18746,124
2022-07-05,Alameda,001,1643700,313723,310551,17525,328076,1899
2022-07-05,Alpine,003,1148,129,129,1,130,0
2022-07-05,Amador,005,37829,9349,9301,782,10083,87
2022-07-05,Butte,007,227075,36348,36053,8003,44056,436
2022-07-05,Calaveras,009,45235,7920,7873,421,8294,124
2022-07-05,Colusa,011,21464,3590,3579,1139,4718,22
2022-07-05,Contra Costa,013,1133247,227201,223500,17578,241078,1348
2022-07-05,Del Norte,015,27424,6756,6623,322,6945,54
2022-07-05,El Dorado,017,186661,30188,29953,3838,33791,218
2022-07-05,Fresno,019,978130,250895,249480,26592,276072,2786
2022-07-05,Glenn,021,27897,5248,5222,1752,6974,48
2022-07-05,Humboldt,023,135768,19774,19608,4069,23677,149
2022-07-05,Imperial,025,180216,59773,59184,12117,71301,944
2022-07-05,Inyo,027,18085,4310,4282,700,4982,56
2022-07-05,Kern,029,883053,204665,203587,52173,255760,2353
2022-07-05,Kings,031,150075,54763,54560,3670,58230,449
2022-07-05,Lake,033,64148,11717,11659,1029,12688,140
2022-07-05,Lassen,035,31185,9367,9350,933,10283,64
2022-07-05,Los Angeles,037,10098052,3015312,2991161,150270,3141431,32116
2022-07-05,Madera,039,155013,40136,39952,6884,46836,372
2022-07-05,Marin,041,260295,41399,41036,4711,45747,302
2022-07-05,Mariposa,043,17540,2826,2797,278,3075,30
2022-07-05,Mendocino,045,87422,14654,14540,3860,18400,127
2022-07-05,Merced,047,269075,66830,66420,9839,76259,832
2022-07-05,Modoc,049,8938,801,788,284,1072,8
2022-07-05,Mono,051,14174,3124,3109,193,3302,7
2022-07-05,Monterey,053,433212,87241,86639,17452,104091,744
2022-07-05,Napa,055,140530,29870,29690,1296,30986,144
2022-07-05,Nevada,057,99092,17777,17660,1525,19185,131
2022-07-05,Orange,059,3164182,611444,608084,51271,659355,7125
2022-07-05,Placer,061,380077,70668,70113,8569,78682,632
2022-07-05,Plumas,063,18699,3346,3316,404,3720,13
2022-07-05,Riverside,065,2383286,640189,636209,31056,667265,6505
2022-07-05,Sacramento,067,1510023,319141,317315,30888,348203,3104
2022-07-05,San Benito,069,59416,14650,14556,744,15300,100
2022-07-05,San Bernardino,071,2135413,615325,608119,27076,635195,7870
2022-07-05,San Diego,073,3302833,845513,839970,62849,902819,5349
2022-07-05,San Francisco,075,870044,162473,160612,10732,171344,910
2022-07-05,San Joaquin,077,732212,182453,181448,12138,193586,2256
2022-07-05,San Luis Obispo,079,281455,58874,58488,5783,64271,496
2022-07-05,San Mateo,081,765935,152779,151344,9676,161020,723
2022-07-05,Santa Barbara,083,443738,96456,95918,5689,101607,702
2022-07-05,Santa Clara,085,1922200,389526,385553,16863,402416,2358
2022-07-05,Santa Cruz,087,273765,56730,56307,2865,59172,267
2022-07-05,Shasta,089,179085,32664,32444,6621,39065,570
2022-07-05,Sierra,091,2930,289,290,57,347,4
2022-07-05,Siskiyou,093,43540,4863,4841,3030,7871,82
2022-07-05,Solano,095,438530,95986,95181,6878,102059,455
2022-07-05,Sonoma,097,501317,98792,98031,4493,102524,495
2022-07-05,Stanislaus,099,539301,127196,126492,19112,145604,1682
2022-07-05,Sutter,101,95872,22158,22089,2338,24427,228
2022-07-05,Tehama,103,63373,12774,12680,2772,15452,205
2022-07-05,Trinity,105,12862,1278,1263,314,1577,20
2022-07-05,Tulare,107,460477,113082,112684,30891,143575,1500
2022-07-05,Tuolumne,109,53932,14090,13960,777,14737,189
2022-07-05,Ventura,111,848112,192072,190794,12318,203112,1517
2022-07-05,Yolo,113,214977,44331,43171,3756,46927,324
2022-07-05,Yuba,115,75493,17347,17277,1468,18745,124
2022-07-04,Alameda,001,1643700,312574,310551,17440,327991,1899
2022-07-04,Alpine,003,1148,129,129,1,130,0
2022-07-04,Amador,005,37829,9336,9301,781,10082,87
2022-07-04,Butte,007,227075,36238,36053,7985,44038,436
2022-07-04,Calaveras,009,45235,7910,7873,421,8294,124
2022-07-04,Colusa,011,21464,3586,3579,1137,4716,22
2022-07-04,Contra Costa,013,1133247,226492,223500,17478,240978,1348
2022-07-04,Del Norte,015,27424,6723,6623,318,6941,54
2022-07-04,El Dorado,017,186661,30103,29953,3820,33773,218
2022-07-04,Fresno,019,978130,250251,249480,26465,275945,2786
2022-07-04,Glenn,021,27897,5240,5222,1746,6968,48
2022-07-04,Humboldt,023,135768,19703,19608,4055,23663,149
2022-07-04,Imperial,025,180216,59565,59184,11996,71180,944
2022-07-04,Inyo,027,18085,4307,4282,690,4972,56
2022-07-04,Kern,029,883053,204228,203587,51917,255504,2353
2022-07-04,Kings,031,150075,54613,54560,3666,58226,449
2022-07-04,Lake,033,64148,11704,11659,1027,12686,140
2022-07-04,Lassen,035,31185,9359,9350,932,10282,64
2022-07-04,Los Angeles,037,10098052,3006917,2991161,149360,3140521,32116
2022-07-04,Madera,039,155013,40042,39952,6858,46810,372
2022-07-04,Marin,041,260295,41282,41036,4700,45736,302
2022-07-04,Mariposa,043,17540,2816,2797,273,3070,30
2022-07-04,Mendocino,045,87422,14618,14540,3814,18354,127
2022-07-04,Merced,047,269075,66701,66420,9791,76211,832
2022-07-04,Modoc,049,8938,793,788,280,1068,8
2022-07-04,Mono,051,14174,3122,3109,191,3300,7
2022-07-04,Monterey,053,433212,87048,86639,17381,104020,744
2022-07-04,Napa,055,140530,29806,29690,1292,30982,144
2022-07-04,Nevada,057,99092,17734,17660,1517,19177,131
2022-07-04,Orange,059,3164182,609647,608084,50979,659063,7125
2022-07-04,Placer,061,380077,70490,70113,8539,78652,632
2022-07-04,Plumas,063,18699,3328,3316,403,3719,13
2022-07-04,Riverside,065,2383286,638547,636209,30961,667170,6505
2022-07-04,Sacramento,067,1510023,318368,317315,30795,348110,3104
2022-07-04,San Benito,069,59416,14594,14556,739,15295,100
2022-07-04,San Bernardino,071,2135413,613723,608119,27000,635119,7870
2022-07-04,San Diego,073,3302833,842868,839970,62521,902491,5349
2022-07-04,San Francisco,075,870044,161863,160612,10671,171283,910
2022-07-04,San Joaquin,077,732212,182055,181448,12074,193522,2256
2022-07-04,San Luis Obispo,079,281455,58688,58488,5712,64200,496
2022-07-04,San Mateo,081,765935,152271,151344,9636,160980,723
2022-07-04,Santa Barbara,083,443738,96234,95918,5666,101584,702
2022-07-04,Santa Clara,085,1922200,388033,385553,16810,402363,2358
2022-07-04,Santa Cruz,087,273765,56532,56307,2843,59150,267
2022-07-04,Shasta,089,179085,32587,32444,6592,39036,570
2022-07-04,Sierra,091,2930,289,290,57,347,4
2022-07-04,Siskiyou,093,43540,4856,4841,3022,7863,82
2022-07-04,Solano,095,438530,95657,95181,6844,102025,455
2022-07-04,Sonoma,097,501317,98497,98031,4466,102497,495
2022-07-04,Stanislaus,099,539301,126906,126492,19062,145554,1682
2022-07-04,Sutter,101,95872,22112,22089,2337,24426,228
2022-07-04,Tehama,103,63373,12748,12680,2758,15438,205
2022-07-04,Trinity,105,12862,1273,1263,312,1575,20
2022-07-04,Tulare,107,460477,112844,112684,30779,143463,1500
2022-07-04,Tuolumne,109,53932,14048,13960,773,14733,189
2022-07-04,Ventura,111,848112,191606,190794,12213,203007,1517
2022-07-04,Yolo,113,214977,44239,43171,3738,46909,324
2022-07-04,Yuba,115,75493,17308,17277,1468,18745,124
2022-07-03,Alameda,001,1643700,312019,307672,17410,325082,1898
2022-07-03,Alpine,003,1148,129,129,1,130,0
2022-07-03,Amador,005,37829,9328,9243,778,10021,87
2022-07-03,Butte,007,227075,36225,35846,7978,43824,436
2022-07-03,Calaveras,009,45235,7894,7836,421,8257,124
2022-07-03,Colusa,011,21464,3584,3566,1135,4701,22
2022-07-03,Contra Costa,013,1133247,226136,221545,17446,238991,1343
2022-07-03,Del Norte,015,27424,6714,6543,317,6860,53
2022-07-03,El Dorado,017,186661,30071,29764,3814,33578,217
2022-07-03,Fresno,019,978130,250007,247952,26429,274381,2783
2022-07-03,Glenn,021,27897,5239,5211,1743,6954,48
2022-07-03,Humboldt,023,135768,19680,19516,4046,23562,149
2022-07-03,Imperial,025,180216,59490,58768,11957,70725,944
2022-07-03,Inyo,027,18085,4303,4261,688,4949,56
2022-07-03,Kern,029,883053,204090,202502,51777,254279,2352
2022-07-03,Kings,031,150075,54588,54262,3664,57926,449
2022-07-03,Lake,033,64148,11693,11595,1027,12622,140
2022-07-03,Lassen,035,31185,9356,9336,931,10267,64
2022-07-03,Los Angeles,037,10098052,3004179,2969395,148997,3118392,32089
2022-07-03,Madera,039,155013,40015,39738,6853,46591,372
2022-07-03,Marin,041,260295,41212,40653,4691,45344,297
2022-07-03,Mariposa,043,17540,2812,2780,272,3052,30
2022-07-03,Mendocino,045,87422,14606,14464,3813,18277,127
2022-07-03,Merced,047,269075,66652,66093,9786,75879,832
2022-07-03,Modoc,049,8938,793,787,280,1067,8
2022-07-03,Mono,051,14174,3121,3099,190,3289,7
2022-07-03,Monterey,053,433212,86936,86212,17327,103539,744
2022-07-03,Napa,055,140530,29786,29486,1289,30775,145
2022-07-03,Nevada,057,99092,17715,17546,1510,19056,131
2022-07-03,Orange,059,3164182,609109,603511,50842,654353,7114
2022-07-03,Placer,061,380077,70403,69606,8525,78131,631
2022-07-03,Plumas,063,18699,3321,3294,403,3697,13
2022-07-03,Riverside,065,2383286,637976,632038,30918,662956,6502
2022-07-03,Sacramento,067,1510023,318095,315165,30774,345939,3100
2022-07-03,San Benito,069,59416,14587,14420,738,15158,100
2022-07-03,San Bernardino,071,2135413,613123,604093,26967,631060,7860
2022-07-03,San Diego,073,3302833,842138,834116,62453,896569,5341
2022-07-03,San Francisco,075,870044,161526,158871,10659,169530,910
2022-07-03,San Joaquin,077,732212,181885,180368,12036,192404,2256
2022-07-03,San Luis Obispo,079,281455,58619,58079,5702,63781,489
2022-07-03,San Mateo,081,765935,151968,149812,9619,159431,723
2022-07-03,Santa Barbara,083,443738,96126,95214,5654,100868,699
2022-07-03,Santa Clara,085,1922200,387308,381630,16780,398410,2355
2022-07-03,Santa Cruz,087,273765,56471,55757,2822,58579,267
2022-07-03,Shasta,089,179085,32552,32280,6582,38862,570
2022-07-03,Sierra,091,2930,288,283,57,340,4
2022-07-03,Siskiyou,093,43540,4852,4808,3020,7828,82
2022-07-03,Solano,095,438530,95582,94437,6839,101276,455
2022-07-03,Sonoma,097,501317,98388,97379,4461,101840,495
2022-07-03,Stanislaus,099,539301,126789,125788,19047,144835,1681
2022-07-03,Sutter,101,95872,22091,21935,2336,24271,228
2022-07-03,Tehama,103,63373,12730,12615,2756,15371,205
2022-07-03,Trinity,105,12862,1272,1256,309,1565,20
2022-07-03,Tulare,107,460477,112746,112118,30741,142859,1500
2022-07-03,Tuolumne,109,53932,14025,13886,770,14656,189
2022-07-03,Ventura,111,848112,191395,189493,12194,201687,1517
2022-07-03,Yolo,113,214977,44195,42760,3728,46488,324
2022-07-03,Yuba,115,75493,17294,17168,1467,18635,124
2022-07-02,Alameda,001,1643700,311642,307672,17382,325054,1898
2022-07-02,Alpine,003,1148,129,129,1,130,0
2022-07-02,Amador,005,37829,9312,9243,777,10020,87
2022-07-02,Butte,007,227075,36200,35846,7965,43811,436
2022-07-02,Calaveras,009,45235,7888,7836,421,8257,124
2022-07-02,Colusa,011,21464,3580,3566,1133,4699,22
2022-07-02,Contra Costa,013,1133247,225789,221545,17394,238939,1343
2022-07-02,Del Norte,015,27424,6704,6543,317,6860,53
2022-07-02,El Dorado,017,186661,30037,29764,3809,33573,217
2022-07-02,Fresno,019,978130,249789,247952,26395,274347,2783
2022-07-02,Glenn,021,27897,5234,5211,1742,6953,48
2022-07-02,Humboldt,023,135768,19654,19516,4042,23558,149
2022-07-02,Imperial,025,180216,59412,58768,11936,70704,944
2022-07-02,Inyo,027,18085,4299,4261,686,4947,56
2022-07-02,Kern,029,883053,203939,202502,51633,254135,2352
2022-07-02,Kings,031,150075,54543,54262,3664,57926,449
2022-07-02,Lake,033,64148,11684,11595,1025,12620,140
2022-07-02,Lassen,035,31185,9355,9336,930,10266,64
2022-07-02,Los Angeles,037,10098052,3001503,2969395,148573,3117968,32089
2022-07-02,Madera,039,155013,39985,39738,6849,46587,372
2022-07-02,Marin,041,260295,41150,40653,4674,45327,297
2022-07-02,Mariposa,043,17540,2808,2780,271,3051,30
2022-07-02,Mendocino,045,87422,14578,14464,3813,18277,127
2022-07-02,Merced,047,269075,66593,66093,9777,75870,832
2022-07-02,Modoc,049,8938,793,787,279,1066,8
2022-07-02,Mono,051,14174,3118,3099,190,3289,7
2022-07-02,Monterey,053,433212,86846,86212,17289,103501,744
2022-07-02,Napa,055,140530,29757,29486,1288,30774,145
2022-07-02,Nevada,057,99092,17700,17546,1504,19050,131
2022-07-02,Orange,059,3164182,608461,603511,50686,654197,7114
2022-07-02,Placer,061,380077,70310,69606,8511,78117,631
2022-07-02,Plumas,063,18699,3312,3294,403,3697,13
2022-07-02,Riverside,065,2383286,637381,632038,30873,662911,6502
2022-07-02,Sacramento,067,1510023,317761,315165,30753,345918,3100
2022-07-02,San Benito,069,59416,14567,14420,729,15149,100
2022-07-02,San Bernardino,071,2135413,612585,604093,26932,631025,7860
2022-07-02,San Diego,073,3302833,841332,834116,62396,896512,5341
2022-07-02,San Francisco,075,870044,161239,158871,10635,169506,910
2022-07-02,San Joaquin,077,732212,181754,180368,12012,192380,2256
2022-07-02,San Luis Obispo,079,281455,58571,58079,5688,63767,489
2022-07-02,San Mateo,081,765935,151713,149812,9599,159411,723
2022-07-02,Santa Barbara,083,443738,95999,95214,5643,100857,699
2022-07-02,Santa Clara,085,1922200,386571,381630,16750,398380,2355
2022-07-02,Santa Cruz,087,273765,56412,55757,2812,58569,267
2022-07-02,Shasta,089,179085,32523,32280,6571,38851,570
2022-07-02,Sierra,091,2930,288,283,57,340,4
2022-07-02,Siskiyou,093,43540,4845,4808,3019,7827,82
2022-07-02,Solano,095,438530,95511,94437,6825,101262,455
2022-07-02,Sonoma,097,501317,98283,97379,4453,101832,495
2022-07-02,Stanislaus,099,539301,126670,125788,19032,144820,1681
2022-07-02,Sutter,101,95872,22072,21935,2336,24271,228
2022-07-02,Tehama,103,63373,12707,12615,2755,15370,205
2022-07-02,Trinity,105,12862,1270,1256,308,1564,20
2022-07-02,Tulare,107,460477,112644,112118,30699,142817,1500
2022-07-02,Tuolumne,109,53932,14012,13886,761,14647,189
2022-07-02,Ventura,111,848112,191222,189493,12169,201662,1517
2022-07-02,Yolo,113,214977,44150,42760,3721,46481,324
2022-07-02,Yuba,115,75493,17282,17168,1467,18635,124
2022-07-01,Alameda,001,1643700,311163,307672,17353,325025,1898
2022-07-01,Alpine,003,1148,129,129,1,130,0
2022-07-01,Amador,005,37829,9307,9243,775,10018,87
2022-07-01,Butte,007,227075,36173,35846,7947,43793,436
2022-07-01,Calaveras,009,45235,7877,7836,421,8257,124
2022-07-01,Colusa,011,21464,3577,3566,1133,4699,22
2022-07-01,Contra Costa,013,1133247,225487,221545,17351,238896,1343
2022-07-01,Del Norte,015,27424,6684,6543,315,6858,53
2022-07-01,El Dorado,017,186661,30012,29764,3801,33565,217
2022-07-01,Fresno,019,978130,249506,247952,26340,274292,2783
2022-07-01,Glenn,021,27897,5234,5211,1742,6953,48
2022-07-01,Humboldt,023,135768,19632,19516,4033,23549,149
2022-07-01,Imperial,025,180216,59336,58768,11909,70677,944
2022-07-01,Inyo,027,18085,4292,4261,680,4941,56
2022-07-01,Kern,029,883053,203737,202502,51513,254015,2352
2022-07-01,Kings,031,150075,54510,54262,3660,57922,449
2022-07-01,Lake,033,64148,11673,11595,1024,12619,140
2022-07-01,Lassen,035,31185,9352,9336,930,10266,64
2022-07-01,Los Angeles,037,10098052,2998061,2969395,148062,3117457,32089
2022-07-01,Madera,039,155013,39942,39738,6835,46573,372
2022-07-01,Marin,041,260295,41077,40653,4661,45314,297
2022-07-01,Mariposa,043,17540,2806,2780,270,3050,30
2022-07-01,Mendocino,045,87422,14558,14464,3809,18273,127
2022-07-01,Merced,047,269075,66509,66093,9773,75866,832
2022-07-01,Modoc,049,8938,793,787,278,1065,8
2022-07-01,Mono,051,14174,3110,3099,189,3288,7
2022-07-01,Monterey,053,433212,86763,86212,17258,103470,744
2022-07-01,Napa,055,140530,29713,29486,1288,30774,145
2022-07-01,Nevada,057,99092,17680,17546,1499,19045,131
2022-07-01,Orange,059,3164182,607749,603511,50529,654040,7114
2022-07-01,Placer,061,380077,70243,69606,8499,78105,631
2022-07-01,Plumas,063,18699,3310,3294,403,3697,13
2022-07-01,Riverside,065,2383286,636666,632038,30820,662858,6502
2022-07-01,Sacramento,067,1510023,317379,315165,30736,345901,3100
2022-07-01,San Benito,069,59416,14549,14420,728,15148,100
2022-07-01,San Bernardino,071,2135413,611937,604093,26898,630991,7860
2022-07-01,San Diego,073,3302833,840296,834116,62256,896372,5341
2022-07-01,San Francisco,075,870044,160959,158871,10595,169466,910
2022-07-01,San Joaquin,077,732212,181612,180368,11983,192351,2256
2022-07-01,San Luis Obispo,079,281455,58543,58079,5679,63758,489
2022-07-01,San Mateo,081,765935,151437,149812,9579,159391,723
2022-07-01,Santa Barbara,083,443738,95883,95214,5634,100848,699
2022-07-01,Santa Clara,085,1922200,385872,381630,16714,398344,2355
2022-07-01,Santa Cruz,087,273765,56346,55757,2799,58556,267
2022-07-01,Shasta,089,179085,32503,32280,6561,38841,570
2022-07-01,Sierra,091,2930,288,283,57,340,4
2022-07-01,Siskiyou,093,43540,4841,4808,3017,7825,82
2022-07-01,Solano,095,438530,95345,94437,6811,101248,455
2022-07-01,Sonoma,097,501317,98161,97379,4434,101813,495
2022-07-01,Stanislaus,099,539301,126541,125788,19006,144794,1681
2022-07-01,Sutter,101,95872,22043,21935,2336,24271,228
2022-07-01,Tehama,103,63373,12698,12615,2753,15368,205
2022-07-01,Trinity,105,12862,1269,1256,308,1564,20
2022-07-01,Tulare,107,460477,112548,112118,30657,142775,1500
2022-07-01,Tuolumne,109,53932,13993,13886,754,14640,189
2022-07-01,Ventura,111,848112,191011,189493,12133,201626,1517
2022-07-01,Yolo,113,214977,44115,42760,3706,46466,324
2022-07-01,Yuba,115,75493,17261,17168,1467,18635,124
2022-06-30,Alameda,001,1643700,310348,307672,17298,324970,1898
2022-06-30,Alpine,003,1148,129,129,1,130,0
2022-06-30,Amador,005,37829,9297,9243,772,10015,87
2022-06-30,Butte,007,227075,36123,35846,7930,43776,436
2022-06-30,Calaveras,009,45235,7866,7836,420,8256,124
2022-06-30,Colusa,011,21464,3573,3566,1131,4697,22
2022-06-30,Contra Costa,013,1133247,224937,221545,17280,238825,1343
2022-06-30,Del Norte,015,27424,6667,6543,312,6855,53
2022-06-30,El Dorado,017,186661,29967,29764,3793,33557,217
2022-06-30,Fresno,019,978130,249113,247952,26295,274247,2783
2022-06-30,Glenn,021,27897,5231,5211,1742,6953,48
2022-06-30,Humboldt,023,135768,19595,19516,4027,23543,149
2022-06-30,Imperial,025,180216,59222,58768,11877,70645,944
2022-06-30,Inyo,027,18085,4286,4261,680,4941,56
2022-06-30,Kern,029,883053,203425,202502,51349,253851,2352
2022-06-30,Kings,031,150075,54434,54262,3657,57919,449
2022-06-30,Lake,033,64148,11654,11595,1021,12616,140
2022-06-30,Lassen,035,31185,9349,9336,929,10265,64
2022-06-30,Los Angeles,037,10098052,2992726,2969395,147470,3116865,32089
2022-06-30,Madera,039,155013,39876,39738,6808,46546,372
2022-06-30,Marin,041,260295,40993,40653,4654,45307,297
2022-06-30,Mariposa,043,17540,2799,2780,268,3048,30
2022-06-30,Mendocino,045,87422,14542,14464,3803,18267,127
2022-06-30,Merced,047,269075,66409,66093,9756,75849,832
2022-06-30,Modoc,049,8938,792,787,277,1064,8
2022-06-30,Mono,051,14174,3108,3099,188,3287,7
2022-06-30,Monterey,053,433212,86614,86212,17195,103407,744
2022-06-30,Napa,055,140530,29654,29486,1282,30768,145
2022-06-30,Nevada,057,99092,17652,17546,1492,19038,131
2022-06-30,Orange,059,3164182,606575,603511,50345,653856,7114
2022-06-30,Placer,061,380077,70095,69606,8482,78088,631
2022-06-30,Plumas,063,18699,3305,3294,402,3696,13
2022-06-30,Riverside,065,2383286,635565,632038,30750,662788,6502
2022-06-30,Sacramento,067,1510023,316797,315165,30695,345860,3100
2022-06-30,San Benito,069,59416,14512,14420,725,15145,100
2022-06-30,San Bernardino,071,2135413,610888,604093,26856,630949,7860
2022-06-30,San Diego,073,3302833,838773,834116,62055,896171,5341
2022-06-30,San Francisco,075,870044,160529,158871,10564,169435,910
2022-06-30,San Joaquin,077,732212,181331,180368,11951,192319,2256
2022-06-30,San Luis Obispo,079,281455,58443,58079,5652,63731,489
2022-06-30,San Mateo,081,765935,151031,149812,9546,159358,723
2022-06-30,Santa Barbara,083,443738,95686,95214,5622,100836,699
2022-06-30,Santa Clara,085,1922200,384774,381630,16670,398300,2355
2022-06-30,Santa Cruz,087,273765,56227,55757,2785,58542,267
2022-06-30,Shasta,089,179085,32464,32280,6542,38822,570
2022-06-30,Sierra,091,2930,288,283,57,340,4
2022-06-30,Siskiyou,093,43540,4833,4808,3010,7818,82
2022-06-30,Solano,095,438530,95145,94437,6782,101219,455
2022-06-30,Sonoma,097,501317,97998,97379,4413,101792,495
2022-06-30,Stanislaus,099,539301,126346,125788,18982,144770,1681
2022-06-30,Sutter,101,95872,22010,21935,2334,24269,228
2022-06-30,Tehama,103,63373,12677,12615,2750,15365,205
2022-06-30,Trinity,105,12862,1263,1256,306,1562,20
2022-06-30,Tulare,107,460477,112399,112118,30581,142699,1500
2022-06-30,Tuolumne,109,53932,13974,13886,748,14634,189
2022-06-30,Ventura,111,848112,190667,189493,12058,201551,1517
2022-06-30,Yolo,113,214977,44044,42760,3688,46448,324
2022-06-30,Yuba,115,75493,17233,17168,1461,18629,124
2022-06-29,Alameda,001,1643700,309548,305288,17257,322545,1895
2022-06-29,Alpine,003,1148,129,129,1,130,0
2022-06-29,Amador,005,37829,9290,9205,772,9977,87
2022-06-29,Butte,007,227075,36076,35651,7914,43565,434
2022-06-29,Calaveras,009,45235,7854,7798,417,8215,124
2022-06-29,Colusa,011,21464,3570,3548,1129,4677,22
2022-06-29,Contra Costa,013,1133247,224455,219921,17226,237147,1339
2022-06-29,Del Norte,015,27424,6641,6484,308,6792,53
2022-06-29,El Dorado,017,186661,29909,29549,3777,33326,216
2022-06-29,Fresno,019,978130,248723,246740,26236,272976,2777
2022-06-29,Glenn,021,27897,5230,5192,1740,6932,48
2022-06-29,Humboldt,023,135768,19569,19411,4017,23428,149
2022-06-29,Imperial,025,180216,59103,58498,11830,70328,944
2022-06-29,Inyo,027,18085,4282,4243,675,4918,56
2022-06-29,Kern,029,883053,203142,201537,51189,252726,2343
2022-06-29,Kings,031,150075,54344,54031,3655,57686,448
2022-06-29,Lake,033,64148,11626,11548,1017,12565,140
2022-06-29,Lassen,035,31185,9344,9310,929,10239,64
2022-06-29,Los Angeles,037,10098052,2987122,2955489,146877,3102366,32062
2022-06-29,Madera,039,155013,39825,39554,6799,46353,372
2022-06-29,Marin,041,260295,40889,40397,4648,45045,297
2022-06-29,Mariposa,043,17540,2797,2753,268,3021,30
2022-06-29,Mendocino,045,87422,14513,14383,3787,18170,127
2022-06-29,Merced,047,269075,66315,65733,9745,75478,830
2022-06-29,Modoc,049,8938,790,780,276,1056,8
2022-06-29,Mono,051,14174,3108,3081,186,3267,7
2022-06-29,Monterey,053,433212,86483,85711,17145,102856,743
2022-06-29,Napa,055,140530,29604,29285,1278,30563,144
2022-06-29,Nevada,057,99092,17618,17439,1488,18927,129
2022-06-29,Orange,059,3164182,605410,599951,50177,650128,7095
2022-06-29,Placer,061,380077,69960,69244,8473,77717,629
2022-06-29,Plumas,063,18699,3302,3267,400,3667,13
2022-06-29,Riverside,065,2383286,634511,629035,30683,659718,6493
2022-06-29,Sacramento,067,1510023,316204,313224,30646,343870,3082
2022-06-29,San Benito,069,59416,14476,14302,717,15019,100
2022-06-29,San Bernardino,071,2135413,609885,600960,26760,627720,7825
2022-06-29,San Diego,073,3302833,837047,828907,61825,890732,5336
2022-06-29,San Francisco,075,870044,160045,157419,10531,167950,902
2022-06-29,San Joaquin,077,732212,181037,179476,11916,191392,2252
2022-06-29,San Luis Obispo,079,281455,58309,57783,5615,63398,486
2022-06-29,San Mateo,081,765935,150654,148533,9525,158058,723
2022-06-29,Santa Barbara,083,443738,95535,94683,5611,100294,699
2022-06-29,Santa Clara,085,1922200,383780,378000,16612,394612,2348
2022-06-29,Santa Cruz,087,273765,56103,55432,2771,58203,266
2022-06-29,Shasta,089,179085,32417,32106,6526,38632,570
2022-06-29,Sierra,091,2930,286,283,57,340,4
2022-06-29,Siskiyou,093,43540,4825,4773,3009,7782,82
2022-06-29,Solano,095,438530,94921,92975,6767,99742,455
2022-06-29,Sonoma,097,501317,97815,96854,4401,101255,493
2022-06-29,Stanislaus,099,539301,126170,125189,18956,144145,1674
2022-06-29,Sutter,101,95872,21957,21836,2329,24165,227
2022-06-29,Tehama,103,63373,12658,12561,2749,15310,205
2022-06-29,Trinity,105,12862,1261,1245,305,1550,20
2022-06-29,Tulare,107,460477,112266,111707,30508,142215,1499
2022-06-29,Tuolumne,109,53932,13950,13779,732,14511,189
2022-06-29,Ventura,111,848112,190360,188519,11997,200516,1514
2022-06-29,Yolo,113,214977,43942,42410,3677,46087,323
2022-06-29,Yuba,115,75493,17204,17082,1459,18541,124
2022-06-28,Alameda,001,1643700,308709,305288,17221,322509,1895
2022-06-28,Alpine,003,1148,129,129,1,130,0
2022-06-28,Amador,005,37829,9285,9205,771,9976,87
2022-06-28,Butte,007,227075,36010,35651,7896,43547,434
2022-06-28,Calaveras,009,45235,7842,7798,417,8215,124
2022-06-28,Colusa,011,21464,3569,3548,1128,4676,22
2022-06-28,Contra Costa,013,1133247,223848,219921,17163,237084,1339
2022-06-28,Del Norte,015,27424,6604,6484,306,6790,53
2022-06-28,El Dorado,017,186661,29861,29549,3766,33315,216
2022-06-28,Fresno,019,978130,248292,246740,26181,272921,2777
2022-06-28,Glenn,021,27897,5222,5192,1735,6927,48
2022-06-28,Humboldt,023,135768,19549,19411,4010,23421,149
2022-06-28,Imperial,025,180216,59004,58498,11753,70251,944
2022-06-28,Inyo,027,18085,4276,4243,669,4912,56
2022-06-28,Kern,029,883053,202854,201537,50984,252521,2343
2022-06-28,Kings,031,150075,54262,54031,3650,57681,448
2022-06-28,Lake,033,64148,11615,11548,1015,12563,140
2022-06-28,Lassen,035,31185,9337,9310,929,10239,64
2022-06-28,Los Angeles,037,10098052,2981214,2955489,146274,3101763,32062
2022-06-28,Madera,039,155013,39766,39554,6782,46336,372
2022-06-28,Marin,041,260295,40781,40397,4641,45038,297
2022-06-28,Mariposa,043,17540,2789,2753,266,3019,30
2022-06-28,Mendocino,045,87422,14485,14383,3775,18158,127
2022-06-28,Merced,047,269075,66213,65733,9727,75460,830
2022-06-28,Modoc,049,8938,788,780,275,1055,8
2022-06-28,Mono,051,14174,3101,3081,184,3265,7
2022-06-28,Monterey,053,433212,86358,85711,17098,102809,743
2022-06-28,Napa,055,140530,29536,29285,1275,30560,144
2022-06-28,Nevada,057,99092,17588,17439,1484,18923,129
2022-06-28,Orange,059,3164182,604067,599951,50002,649953,7095
2022-06-28,Placer,061,380077,69796,69244,8464,77708,629
2022-06-28,Plumas,063,18699,3302,3267,399,3666,13
2022-06-28,Riverside,065,2383286,633315,629035,30636,659671,6493
2022-06-28,Sacramento,067,1510023,315529,313224,30589,343813,3082
2022-06-28,San Benito,069,59416,14436,14302,716,15018,100
2022-06-28,San Bernardino,071,2135413,608762,600960,26714,627674,7825
2022-06-28,San Diego,073,3302833,835184,828907,61586,890493,5336
2022-06-28,San Francisco,075,870044,159522,157419,10506,167925,902
2022-06-28,San Joaquin,077,732212,180728,179476,11881,191357,2252
2022-06-28,San Luis Obispo,079,281455,58192,57783,5578,63361,486
2022-06-28,San Mateo,081,765935,150208,148533,9500,158033,723
2022-06-28,Santa Barbara,083,443738,95365,94683,5594,100277,699
2022-06-28,Santa Clara,085,1922200,382668,378000,16556,394556,2348
2022-06-28,Santa Cruz,087,273765,55971,55432,2763,58195,266
2022-06-28,Shasta,089,179085,32370,32106,6513,38619,570
2022-06-28,Sierra,091,2930,286,283,57,340,4
2022-06-28,Siskiyou,093,43540,4818,4773,3003,7776,82
2022-06-28,Solano,095,438530,94652,92975,6752,99727,455
2022-06-28,Sonoma,097,501317,97605,96854,4385,101239,493
2022-06-28,Stanislaus,099,539301,125968,125189,18939,144128,1674
2022-06-28,Sutter,101,95872,21921,21836,2327,24163,227
2022-06-28,Tehama,103,63373,12638,12561,2745,15306,205
2022-06-28,Trinity,105,12862,1258,1245,303,1548,20
2022-06-28,Tulare,107,460477,112078,111707,30434,142141,1499
2022-06-28,Tuolumne,109,53932,13919,13779,726,14505,189
2022-06-28,Ventura,111,848112,190036,188519,11920,200439,1514
2022-06-28,Yolo,113,214977,43829,42410,3671,46081,323
2022-06-28,Yuba,115,75493,17169,17082,1455,18537,124
2022-06-27,Alameda,001,1643700,307778,305288,17166,322454,1895
2022-06-27,Alpine,003,1148,129,129,1,130,0
2022-06-27,Amador,005,37829,9270,9205,769,9974,87
2022-06-27,Butte,007,227075,35956,35651,7876,43527,434
2022-06-27,Calaveras,009,45235,7827,7798,417,8215,124
2022-06-27,Colusa,011,21464,3565,3548,1126,4674,22
2022-06-27,Contra Costa,013,1133247,223168,219921,17098,237019,1339
2022-06-27,Del Norte,015,27424,6584,6484,300,6784,53
2022-06-27,El Dorado,017,186661,29796,29549,3748,33297,216
2022-06-27,Fresno,019,978130,247827,246740,26116,272856,2777
2022-06-27,Glenn,021,27897,5216,5192,1728,6920,48
2022-06-27,Humboldt,023,135768,19514,19411,3998,23409,149
2022-06-27,Imperial,025,180216,58864,58498,11687,70185,944
2022-06-27,Inyo,027,18085,4266,4243,660,4903,56
2022-06-27,Kern,029,883053,202502,201537,50778,252315,2343
2022-06-27,Kings,031,150075,54175,54031,3647,57678,448
2022-06-27,Lake,033,64148,11596,11548,1010,12558,140
2022-06-27,Lassen,035,31185,9328,9310,929,10239,64
2022-06-27,Los Angeles,037,10098052,2975016,2955489,145713,3101202,32062
2022-06-27,Madera,039,155013,39701,39554,6770,46324,372
2022-06-27,Marin,041,260295,40675,40397,4628,45025,297
2022-06-27,Mariposa,043,17540,2780,2753,264,3017,30
2022-06-27,Mendocino,045,87422,14455,14383,3769,18152,127
2022-06-27,Merced,047,269075,66103,65733,9691,75424,830
2022-06-27,Modoc,049,8938,783,780,274,1054,8
2022-06-27,Mono,051,14174,3100,3081,184,3265,7
2022-06-27,Monterey,053,433212,86208,85711,17037,102748,743
2022-06-27,Napa,055,140530,29466,29285,1272,30557,144
2022-06-27,Nevada,057,99092,17558,17439,1470,18909,129
2022-06-27,Orange,059,3164182,602705,599951,49787,649738,7095
2022-06-27,Placer,061,380077,69683,69244,8440,77684,629
2022-06-27,Plumas,063,18699,3297,3267,398,3665,13
2022-06-27,Riverside,065,2383286,632167,629035,30570,659605,6493
2022-06-27,Sacramento,067,1510023,314802,313224,30540,343764,3082
2022-06-27,San Benito,069,59416,14381,14302,713,15015,100
2022-06-27,San Bernardino,071,2135413,607647,600960,26667,627627,7825
2022-06-27,San Diego,073,3302833,833255,828907,61354,890261,5336
2022-06-27,San Francisco,075,870044,158977,157419,10480,167899,902
2022-06-27,San Joaquin,077,732212,180387,179476,11840,191316,2252
2022-06-27,San Luis Obispo,079,281455,58082,57783,5542,63325,486
2022-06-27,San Mateo,081,765935,149740,148533,9464,157997,723
2022-06-27,Santa Barbara,083,443738,95178,94683,5580,100263,699
2022-06-27,Santa Clara,085,1922200,381242,378000,16501,394501,2348
2022-06-27,Santa Cruz,087,273765,55801,55432,2755,58187,266
2022-06-27,Shasta,089,179085,32309,32106,6495,38601,570
2022-06-27,Sierra,091,2930,286,283,57,340,4
2022-06-27,Siskiyou,093,43540,4808,4773,2996,7769,82
2022-06-27,Solano,095,438530,94342,92975,6720,99695,455
2022-06-27,Sonoma,097,501317,97413,96854,4366,101220,493
2022-06-27,Stanislaus,099,539301,125740,125189,18921,144110,1674
2022-06-27,Sutter,101,95872,21880,21836,2324,24160,227
2022-06-27,Tehama,103,63373,12616,12561,2743,15304,205
2022-06-27,Trinity,105,12862,1256,1245,301,1546,20
2022-06-27,Tulare,107,460477,111897,111707,30348,142055,1499
2022-06-27,Tuolumne,109,53932,13884,13779,717,14496,189
2022-06-27,Ventura,111,848112,189655,188519,11861,200380,1514
2022-06-27,Yolo,113,214977,43703,42410,3663,46073,323
2022-06-27,Yuba,115,75493,17141,17082,1452,18534,124
2022-06-26,Alameda,001,1643700,306701,302071,17093,319164,1891
2022-06-26,Alpine,003,1148,129,129,1,130,0
2022-06-26,Amador,005,37829,9231,9135,767,9902,87
2022-06-26,Butte,007,227075,35883,35406,7851,43257,433
2022-06-26,Calaveras,009,45235,7812,7754,414,8168,124
2022-06-26,Colusa,011,21464,3556,3540,1122,4662,22
2022-06-26,Contra Costa,013,1133247,222545,218053,17018,235071,1335
2022-06-26,Del Norte,015,27424,6562,6398,296,6694,52
2022-06-26,El Dorado,017,186661,29712,29313,3723,33036,216
2022-06-26,Fresno,019,978130,247290,245118,26054,271172,2777
2022-06-26,Glenn,021,27897,5211,5178,1725,6903,48
2022-06-26,Humboldt,023,135768,19479,19234,3987,23221,149
2022-06-26,Imperial,025,180216,58718,58127,11594,69721,944
2022-06-26,Inyo,027,18085,4255,4228,647,4875,56
2022-06-26,Kern,029,883053,202202,200556,50575,251131,2344
2022-06-26,Kings,031,150075,54066,53783,3644,57427,448
2022-06-26,Lake,033,64148,11577,11471,1008,12479,140
2022-06-26,Lassen,035,31185,9319,9287,929,10216,64
2022-06-26,Los Angeles,037,10098052,2968440,2936815,145081,3081896,32036
2022-06-26,Madera,039,155013,39631,39319,6752,46071,372
2022-06-26,Marin,041,260295,40554,39979,4607,44586,297
2022-06-26,Mariposa,043,17540,2772,2713,264,2977,30
2022-06-26,Mendocino,045,87422,14426,14292,3743,18035,127
2022-06-26,Merced,047,269075,65970,65408,9664,75072,828
2022-06-26,Modoc,049,8938,782,777,272,1049,8
2022-06-26,Mono,051,14174,3090,3076,184,3260,7
2022-06-26,Monterey,053,433212,86035,85275,16976,102251,743
2022-06-26,Napa,055,140530,29386,29054,1269,30323,144
2022-06-26,Nevada,057,99092,17514,17339,1466,18805,129
2022-06-26,Orange,059,3164182,601217,595761,49583,645344,7090
2022-06-26,Placer,061,380077,69548,68785,8418,77203,628
2022-06-26,Plumas,063,18699,3285,3241,398,3639,13
2022-06-26,Riverside,065,2383286,630938,625794,30513,656307,6493
2022-06-26,Sacramento,067,1510023,313980,310837,30472,341309,3077
2022-06-26,San Benito,069,59416,14336,14192,710,14902,99
2022-06-26,San Bernardino,071,2135413,606439,598062,26608,624670,7803
2022-06-26,San Diego,073,3302833,831057,822848,61186,884034,5332
2022-06-26,San Francisco,075,870044,158333,155609,10427,166036,899
2022-06-26,San Joaquin,077,732212,180012,178447,11797,190244,2252
2022-06-26,San Luis Obispo,079,281455,57948,57472,5491,62963,485
2022-06-26,San Mateo,081,765935,149233,146955,9434,156389,723
2022-06-26,Santa Barbara,083,443738,94970,94017,5552,99569,699
2022-06-26,Santa Clara,085,1922200,379863,373961,16424,390385,2338
2022-06-26,Santa Cruz,087,273765,55645,54874,2747,57621,265
2022-06-26,Shasta,089,179085,32227,31921,6477,38398,570
2022-06-26,Sierra,091,2930,285,283,57,340,4
2022-06-26,Siskiyou,093,43540,4790,4744,2989,7733,81
2022-06-26,Solano,095,438530,94072,92248,6683,98931,455
2022-06-26,Sonoma,097,501317,97179,95981,4332,100313,493
2022-06-26,Stanislaus,099,539301,125539,124493,18898,143391,1672
2022-06-26,Sutter,101,95872,21840,21733,2323,24056,227
2022-06-26,Tehama,103,63373,12599,12510,2737,15247,205
2022-06-26,Trinity,105,12862,1251,1233,299,1532,20
2022-06-26,Tulare,107,460477,111715,111188,30266,141454,1496
2022-06-26,Tuolumne,109,53932,13856,13688,710,14398,189
2022-06-26,Ventura,111,848112,189261,187389,11785,199174,1514
2022-06-26,Yolo,113,214977,43588,41932,3649,45581,323
2022-06-26,Yuba,115,75493,17104,16994,1443,18437,124
2022-06-25,Alameda,001,1643700,306235,302071,17079,319150,1891
2022-06-25,Alpine,003,1148,129,129,1,130,0
2022-06-25,Amador,005,37829,9221,9135,766,9901,87
2022-06-25,Butte,007,227075,35844,35406,7829,43235,433
2022-06-25,Calaveras,009,45235,7803,7754,414,8168,124
2022-06-25,Colusa,011,21464,3551,3540,1122,4662,22
2022-06-25,Contra Costa,013,1133247,222184,218053,16975,235028,1335
2022-06-25,Del Norte,015,27424,6548,6398,293,6691,52
2022-06-25,El Dorado,017,186661,29672,29313,3717,33030,216
2022-06-25,Fresno,019,978130,247060,245118,26029,271147,2777
2022-06-25,Glenn,021,27897,5206,5178,1723,6901,48
2022-06-25,Humboldt,023,135768,19458,19234,3976,23210,149
2022-06-25,Imperial,025,180216,58637,58127,11569,69696,944
2022-06-25,Inyo,027,18085,4253,4228,643,4871,56
2022-06-25,Kern,029,883053,202045,200556,50470,251026,2344
2022-06-25,Kings,031,150075,54028,53783,3644,57427,448
2022-06-25,Lake,033,64148,11568,11471,1007,12478,140
2022-06-25,Lassen,035,31185,9314,9287,927,10214,64
2022-06-25,Los Angeles,037,10098052,2965432,2936815,144696,3081511,32036
2022-06-25,Madera,039,155013,39598,39319,6749,46068,372
2022-06-25,Marin,041,260295,40501,39979,4600,44579,297
2022-06-25,Mariposa,043,17540,2770,2713,264,2977,30
2022-06-25,Mendocino,045,87422,14414,14292,3738,18030,127
2022-06-25,Merced,047,269075,65893,65408,9661,75069,828
2022-06-25,Modoc,049,8938,782,777,272,1049,8
2022-06-25,Mono,051,14174,3085,3076,184,3260,7
2022-06-25,Monterey,053,433212,85934,85275,16947,102222,743
2022-06-25,Napa,055,140530,29355,29054,1265,30319,144
2022-06-25,Nevada,057,99092,17490,17339,1462,18801,129
2022-06-25,Orange,059,3164182,600520,595761,49445,645206,7090
2022-06-25,Placer,061,380077,69453,68785,8398,77183,628
2022-06-25,Plumas,063,18699,3281,3241,398,3639,13
2022-06-25,Riverside,065,2383286,630295,625794,30471,656265,6493
2022-06-25,Sacramento,067,1510023,313669,310837,30446,341283,3077
2022-06-25,San Benito,069,59416,14311,14192,709,14901,99
2022-06-25,San Bernardino,071,2135413,605850,598062,26580,624642,7803
2022-06-25,San Diego,073,3302833,830153,822848,61124,883972,5332
2022-06-25,San Francisco,075,870044,158036,155609,10404,166013,899
2022-06-25,San Joaquin,077,732212,179863,178447,11783,190230,2252
2022-06-25,San Luis Obispo,079,281455,57877,57472,5481,62953,485
2022-06-25,San Mateo,081,765935,148959,146955,9411,156366,723
2022-06-25,Santa Barbara,083,443738,94827,94017,5539,99556,699
2022-06-25,Santa Clara,085,1922200,379010,373961,16396,390357,2338
2022-06-25,Santa Cruz,087,273765,55575,54874,2744,57618,265
2022-06-25,Shasta,089,179085,32189,31921,6463,38384,570
2022-06-25,Sierra,091,2930,285,283,57,340,4
2022-06-25,Siskiyou,093,43540,4787,4744,2986,7730,81
2022-06-25,Solano,095,438530,93986,92248,6664,98912,455
2022-06-25,Sonoma,097,501317,97068,95981,4321,100302,493
2022-06-25,Stanislaus,099,539301,125409,124493,18880,143373,1672
2022-06-25,Sutter,101,95872,21818,21733,2322,24055,227
2022-06-25,Tehama,103,63373,12588,12510,2732,15242,205
2022-06-25,Trinity,105,12862,1250,1233,297,1530,20
2022-06-25,Tulare,107,460477,111638,111188,30224,141412,1496
2022-06-25,Tuolumne,109,53932,13838,13688,707,14395,189
2022-06-25,Ventura,111,848112,189052,187389,11757,199146,1514
2022-06-25,Yolo,113,214977,43524,41932,3643,45575,323
2022-06-25,Yuba,115,75493,17083,16994,1442,18436,124
2022-06-24,Alameda,001,1643700,305663,302071,17045,319116,1891
2022-06-24,Alpine,003,1148,129,129,1,130,0
2022-06-24,Amador,005,37829,9214,9135,764,9899,87
2022-06-24,Butte,007,227075,35814,35406,7815,43221,433
2022-06-24,Calaveras,009,45235,7798,7754,413,8167,124
2022-06-24,Colusa,011,21464,3550,3540,1119,4659,22
2022-06-24,Contra Costa,013,1133247,221841,218053,16950,235003,1335
2022-06-24,Del Norte,015,27424,6537,6398,291,6689,52
2022-06-24,El Dorado,017,186661,29629,29313,3713,33026,216
2022-06-24,Fresno,019,978130,246771,245118,25994,271112,2777
2022-06-24,Glenn,021,27897,5204,5178,1723,6901,48
2022-06-24,Humboldt,023,135768,19427,19234,3971,23205,149
2022-06-24,Imperial,025,180216,58565,58127,11539,69666,944
2022-06-24,Inyo,027,18085,4251,4228,639,4867,56
2022-06-24,Kern,029,883053,201872,200556,50375,250931,2344
2022-06-24,Kings,031,150075,53984,53783,3640,57423,448
2022-06-24,Lake,033,64148,11557,11471,1007,12478,140
2022-06-24,Lassen,035,31185,9311,9287,926,10213,64
2022-06-24,Los Angeles,037,10098052,2962154,2936815,144366,3081181,32036
2022-06-24,Madera,039,155013,39552,39319,6743,46062,372
2022-06-24,Marin,041,260295,40425,39979,4588,44567,297
2022-06-24,Mariposa,043,17540,2763,2713,264,2977,30
2022-06-24,Mendocino,045,87422,14405,14292,3735,18027,127
2022-06-24,Merced,047,269075,65856,65408,9652,75060,828
2022-06-24,Modoc,049,8938,782,777,272,1049,8
2022-06-24,Mono,051,14174,3081,3076,183,3259,7
2022-06-24,Monterey,053,433212,85853,85275,16920,102195,743
2022-06-24,Napa,055,140530,29327,29054,1264,30318,144
2022-06-24,Nevada,057,99092,17474,17339,1456,18795,129
2022-06-24,Orange,059,3164182,599829,595761,49301,645062,7090
2022-06-24,Placer,061,380077,69377,68785,8386,77171,628
2022-06-24,Plumas,063,18699,3277,3241,398,3639,13
2022-06-24,Riverside,065,2383286,629648,625794,30427,656221,6493
2022-06-24,Sacramento,067,1510023,313273,310837,30424,341261,3077
2022-06-24,San Benito,069,59416,14298,14192,708,14900,99
2022-06-24,San Bernardino,071,2135413,605264,598062,26555,624617,7803
2022-06-24,San Diego,073,3302833,829111,822848,61048,883896,5332
2022-06-24,San Francisco,075,870044,157721,155609,10376,165985,899
2022-06-24,San Joaquin,077,732212,179683,178447,11758,190205,2252
2022-06-24,San Luis Obispo,079,281455,57832,57472,5476,62948,485
2022-06-24,San Mateo,081,765935,148629,146955,9398,156353,723
2022-06-24,Santa Barbara,083,443738,94696,94017,5536,99553,699
2022-06-24,Santa Clara,085,1922200,378185,373961,16347,390308,2338
2022-06-24,Santa Cruz,087,273765,55474,54874,2733,57607,265
2022-06-24,Shasta,089,179085,32159,31921,6454,38375,570
2022-06-24,Sierra,091,2930,285,283,57,340,4
2022-06-24,Siskiyou,093,43540,4779,4744,2985,7729,81
2022-06-24,Solano,095,438530,93835,92248,6650,98898,455
2022-06-24,Sonoma,097,501317,96929,95981,4304,100285,493
2022-06-24,Stanislaus,099,539301,125284,124493,18858,143351,1672
2022-06-24,Sutter,101,95872,21803,21733,2321,24054,227
2022-06-24,Tehama,103,63373,12573,12510,2726,15236,205
2022-06-24,Trinity,105,12862,1247,1233,297,1530,20
2022-06-24,Tulare,107,460477,111540,111188,30167,141355,1496
2022-06-24,Tuolumne,109,53932,13818,13688,701,14389,189
2022-06-24,Ventura,111,848112,188825,187389,11728,199117,1514
2022-06-24,Yolo,113,214977,43430,41932,3634,45566,323
2022-06-24,Yuba,115,75493,17065,16994,1442,18436,124
2022-06-23,Alameda,001,1643700,304847,302071,16985,319056,1891
2022-06-23,Alpine,003,1148,129,129,1,130,0
2022-06-23,Amador,005,37829,9205,9135,763,9898,87
2022-06-23,Butte,007,227075,35754,35406,7796,43202,433
2022-06-23,Calaveras,009,45235,7787,7754,412,8166,124
2022-06-23,Colusa,011,21464,3543,3540,1117,4657,22
2022-06-23,Contra Costa,013,1133247,221328,218053,16856,234909,1335
2022-06-23,Del Norte,015,27424,6505,6398,289,6687,52
2022-06-23,El Dorado,017,186661,29571,29313,3701,33014,216
2022-06-23,Fresno,019,978130,246367,245118,25934,271052,2777
2022-06-23,Glenn,021,27897,5201,5178,1714,6892,48
2022-06-23,Humboldt,023,135768,19405,19234,3967,23201,149
2022-06-23,Imperial,025,180216,58490,58127,11487,69614,944
2022-06-23,Inyo,027,18085,4248,4228,636,4864,56
2022-06-23,Kern,029,883053,201592,200556,50226,250782,2344
2022-06-23,Kings,031,150075,53925,53783,3637,57420,448
2022-06-23,Lake,033,64148,11536,11471,1007,12478,140
2022-06-23,Lassen,035,31185,9301,9287,925,10212,64
2022-06-23,Los Angeles,037,10098052,2957500,2936815,143828,3080643,32036
2022-06-23,Madera,039,155013,39491,39319,6728,46047,372
2022-06-23,Marin,041,260295,40311,39979,4564,44543,297
2022-06-23,Mariposa,043,17540,2751,2713,264,2977,30
2022-06-23,Mendocino,045,87422,14376,14292,3731,18023,127
2022-06-23,Merced,047,269075,65779,65408,9636,75044,828
2022-06-23,Modoc,049,8938,781,777,272,1049,8
2022-06-23,Mono,051,14174,3079,3076,182,3258,7
2022-06-23,Monterey,053,433212,85707,85275,16867,102142,743
2022-06-23,Napa,055,140530,29270,29054,1263,30317,144
2022-06-23,Nevada,057,99092,17441,17339,1456,18795,129
2022-06-23,Orange,059,3164182,598823,595761,49123,644884,7090
2022-06-23,Placer,061,380077,69239,68785,8366,77151,628
2022-06-23,Plumas,063,18699,3272,3241,396,3637,13
2022-06-23,Riverside,065,2383286,628727,625794,30378,656172,6493
2022-06-23,Sacramento,067,1510023,312668,310837,30380,341217,3077
2022-06-23,San Benito,069,59416,14267,14192,706,14898,99
2022-06-23,San Bernardino,071,2135413,604471,598062,26521,624583,7803
2022-06-23,San Diego,073,3302833,827636,822848,60850,883698,5332
2022-06-23,San Francisco,075,870044,157252,155609,10343,165952,899
2022-06-23,San Joaquin,077,732212,179406,178447,11734,190181,2252
2022-06-23,San Luis Obispo,079,281455,57743,57472,5444,62916,485
2022-06-23,San Mateo,081,765935,148281,146955,9363,156318,723
2022-06-23,Santa Barbara,083,443738,94531,94017,5508,99525,699
2022-06-23,Santa Clara,085,1922200,377203,373961,16300,390261,2338
2022-06-23,Santa Cruz,087,273765,55363,54874,2721,57595,265
2022-06-23,Shasta,089,179085,32117,31921,6442,38363,570
2022-06-23,Sierra,091,2930,284,283,57,340,4
2022-06-23,Siskiyou,093,43540,4773,4744,2978,7722,81
2022-06-23,Solano,095,438530,93588,92248,6611,98859,455
2022-06-23,Sonoma,097,501317,96732,95981,4284,100265,493
2022-06-23,Stanislaus,099,539301,125103,124493,18831,143324,1672
2022-06-23,Sutter,101,95872,21769,21733,2321,24054,227
2022-06-23,Tehama,103,63373,12564,12510,2723,15233,205
2022-06-23,Trinity,105,12862,1245,1233,297,1530,20
2022-06-23,Tulare,107,460477,111416,111188,30099,141287,1496
2022-06-23,Tuolumne,109,53932,13791,13688,689,14377,189
2022-06-23,Ventura,111,848112,188528,187389,11691,199080,1514
2022-06-23,Yolo,113,214977,43326,41932,3622,45554,323
2022-06-23,Yuba,115,75493,17044,16994,1436,18430,124
2022-06-22,Alameda,001,1643700,304026,299567,16926,316493,1888
2022-06-22,Alpine,003,1148,129,129,1,130,0
2022-06-22,Amador,005,37829,9199,9049,762,9811,87
2022-06-22,Butte,007,227075,35688,35203,7778,42981,433
2022-06-22,Calaveras,009,45235,7775,7716,412,8128,122
2022-06-22,Colusa,011,21464,3540,3529,1117,4646,21
2022-06-22,Contra Costa,013,1133247,220807,216355,16801,233156,1328
2022-06-22,Del Norte,015,27424,6487,6367,288,6655,52
2022-06-22,El Dorado,017,186661,29508,29139,3688,32827,215
2022-06-22,Fresno,019,978130,245949,244129,25879,270008,2772
2022-06-22,Glenn,021,27897,5199,5161,1709,6870,48
2022-06-22,Humboldt,023,135768,19354,19111,3947,23058,148
2022-06-22,Imperial,025,180216,58389,57866,11454,69320,944
2022-06-22,Inyo,027,18085,4243,4222,635,4857,56
2022-06-22,Kern,029,883053,201321,199721,50091,249812,2341
2022-06-22,Kings,031,150075,53861,53568,3633,57201,448
2022-06-22,Lake,033,64148,11519,11426,1001,12427,140
2022-06-22,Lassen,035,31185,9293,9259,923,10182,64
2022-06-22,Los Angeles,037,10098052,2952535,2925667,143373,3069040,32015
2022-06-22,Madera,039,155013,39434,39139,6709,45848,372
2022-06-22,Marin,041,260295,40208,39687,4558,44245,297
2022-06-22,Mariposa,043,17540,2745,2695,261,2956,30
2022-06-22,Mendocino,045,87422,14360,14201,3710,17911,127
2022-06-22,Merced,047,269075,65683,65120,9612,74732,827
2022-06-22,Modoc,049,8938,780,773,268,1041,8
2022-06-22,Mono,051,14174,3078,3073,180,3253,7
2022-06-22,Monterey,053,433212,85580,84752,16824,101576,742
2022-06-22,Napa,055,140530,29199,28894,1259,30153,144
2022-06-22,Nevada,057,99092,17421,17280,1446,18726,129
2022-06-22,Orange,059,3164182,597629,592215,48939,641154,7084
2022-06-22,Placer,061,380077,69123,68447,8356,76803,628
2022-06-22,Plumas,063,18699,3262,3220,396,3616,13
2022-06-22,Riverside,065,2383286,627878,623584,30322,653906,6491
2022-06-22,Sacramento,067,1510023,312043,309105,30344,339449,3071
2022-06-22,San Benito,069,59416,14242,14128,703,14831,99
2022-06-22,San Bernardino,071,2135413,603664,595517,26491,622008,7774
2022-06-22,San Diego,073,3302833,826025,815124,60673,875797,5318
2022-06-22,San Francisco,075,870044,156766,154213,10314,164527,897
2022-06-22,San Joaquin,077,732212,179147,177637,11709,189346,2251
2022-06-22,San Luis Obispo,079,281455,57654,57177,5408,62585,485
2022-06-22,San Mateo,081,765935,147876,145781,9340,155121,723
2022-06-22,Santa Barbara,083,443738,94384,93576,5494,99070,700
2022-06-22,Santa Clara,085,1922200,376113,370678,16190,386868,2340
2022-06-22,Santa Cruz,087,273765,55244,54525,2708,57233,265
2022-06-22,Shasta,089,179085,32072,31786,6427,38213,570
2022-06-22,Sierra,091,2930,284,283,57,340,4
2022-06-22,Siskiyou,093,43540,4766,4711,2975,7686,81
2022-06-22,Solano,095,438530,93340,91528,6546,98074,454
2022-06-22,Sonoma,097,501317,96519,95363,4263,99626,493
2022-06-22,Stanislaus,099,539301,124907,124023,18778,142801,1670
2022-06-22,Sutter,101,95872,21737,21649,2320,23969,227
2022-06-22,Tehama,103,63373,12554,12465,2721,15186,205
2022-06-22,Trinity,105,12862,1243,1223,297,1520,20
2022-06-22,Tulare,107,460477,111280,110768,30019,140787,1496
2022-06-22,Tuolumne,109,53932,13772,13596,683,14279,189
2022-06-22,Ventura,111,848112,188223,186601,11640,198241,1514
2022-06-22,Yolo,113,214977,43204,41689,3611,45300,323
2022-06-22,Yuba,115,75493,17024,16912,1432,18344,124
2022-06-21,Alameda,001,1643700,303232,299567,16892,316459,1888
2022-06-21,Alpine,003,1148,129,129,1,130,0
2022-06-21,Amador,005,37829,9192,9049,759,9808,87
2022-06-21,Butte,007,227075,35616,35203,7767,42970,433
2022-06-21,Calaveras,009,45235,7766,7716,411,8127,122
2022-06-21,Colusa,011,21464,3537,3529,1115,4644,21
2022-06-21,Contra Costa,013,1133247,220246,216355,16752,233107,1328
2022-06-21,Del Norte,015,27424,6456,6367,286,6653,52
2022-06-21,El Dorado,017,186661,29434,29139,3681,32820,215
2022-06-21,Fresno,019,978130,245515,244129,25814,269943,2772
2022-06-21,Glenn,021,27897,5192,5161,1707,6868,48
2022-06-21,Humboldt,023,135768,19302,19111,3934,23045,148
2022-06-21,Imperial,025,180216,58296,57866,11418,69284,944
2022-06-21,Inyo,027,18085,4238,4222,629,4851,56
2022-06-21,Kern,029,883053,201000,199721,49911,249632,2341
2022-06-21,Kings,031,150075,53787,53568,3632,57200,448
2022-06-21,Lake,033,64148,11496,11426,998,12424,140
2022-06-21,Lassen,035,31185,9283,9259,920,10179,64
2022-06-21,Los Angeles,037,10098052,2947728,2925667,142869,3068536,32015
2022-06-21,Madera,039,155013,39350,39139,6699,45838,372
2022-06-21,Marin,041,260295,40118,39687,4546,44233,297
2022-06-21,Mariposa,043,17540,2739,2695,260,2955,30
2022-06-21,Mendocino,045,87422,14331,14201,3701,17902,127
2022-06-21,Merced,047,269075,65583,65120,9581,74701,827
2022-06-21,Modoc,049,8938,777,773,267,1040,8
2022-06-21,Mono,051,14174,3076,3073,179,3252,7
2022-06-21,Monterey,053,433212,85424,84752,16782,101534,742
2022-06-21,Napa,055,140530,29146,28894,1258,30152,144
2022-06-21,Nevada,057,99092,17393,17280,1443,18723,129
2022-06-21,Orange,059,3164182,596432,592215,48800,641015,7084
2022-06-21,Placer,061,380077,68996,68447,8345,76792,628
2022-06-21,Plumas,063,18699,3253,3220,395,3615,13
2022-06-21,Riverside,065,2383286,626917,623584,30263,653847,6491
2022-06-21,Sacramento,067,1510023,311347,309105,30298,339403,3071
2022-06-21,San Benito,069,59416,14206,14128,699,14827,99
2022-06-21,San Bernardino,071,2135413,602836,595517,26444,621961,7774
2022-06-21,San Diego,073,3302833,824339,815124,60474,875598,5318
2022-06-21,San Francisco,075,870044,156281,154213,10282,164495,897
2022-06-21,San Joaquin,077,732212,178828,177637,11681,189318,2251
2022-06-21,San Luis Obispo,079,281455,57543,57177,5363,62540,485
2022-06-21,San Mateo,081,765935,147390,145781,9321,155102,723
2022-06-21,Santa Barbara,083,443738,94217,93576,5480,99056,700
2022-06-21,Santa Clara,085,1922200,374954,370678,16142,386820,2340
2022-06-21,Santa Cruz,087,273765,55114,54525,2700,57225,265
2022-06-21,Shasta,089,179085,32025,31786,6409,38195,570
2022-06-21,Sierra,091,2930,284,283,57,340,4
2022-06-21,Siskiyou,093,43540,4758,4711,2967,7678,81
2022-06-21,Solano,095,438530,93080,91528,6529,98057,454
2022-06-21,Sonoma,097,501317,96283,95363,4239,99602,493
2022-06-21,Stanislaus,099,539301,124714,124023,18754,142777,1670
2022-06-21,Sutter,101,95872,21713,21649,2318,23967,227
2022-06-21,Tehama,103,63373,12540,12465,2721,15186,205
2022-06-21,Trinity,105,12862,1237,1223,297,1520,20
2022-06-21,Tulare,107,460477,111139,110768,29959,140727,1496
2022-06-21,Tuolumne,109,53932,13748,13596,677,14273,189
2022-06-21,Ventura,111,848112,187899,186601,11585,198186,1514
2022-06-21,Yolo,113,214977,43072,41689,3600,45289,323
2022-06-21,Yuba,115,75493,16995,16912,1431,18343,124
2022-06-20,Alameda,001,1643700,302333,299567,16834,316401,1888
2022-06-20,Alpine,003,1148,129,129,1,130,0
2022-06-20,Amador,005,37829,9182,9049,756,9805,87
2022-06-20,Butte,007,227075,35547,35203,7751,42954,433
2022-06-20,Calaveras,009,45235,7759,7716,411,8127,122
2022-06-20,Colusa,011,21464,3536,3529,1114,4643,21
2022-06-20,Contra Costa,013,1133247,219648,216355,16685,233040,1328
2022-06-20,Del Norte,015,27424,6443,6367,282,6649,52
2022-06-20,El Dorado,017,186661,29363,29139,3663,32802,215
2022-06-20,Fresno,019,978130,245028,244129,25751,269880,2772
2022-06-20,Glenn,021,27897,5187,5161,1704,6865,48
2022-06-20,Humboldt,023,135768,19254,19111,3917,23028,148
2022-06-20,Imperial,025,180216,58163,57866,11385,69251,944
2022-06-20,Inyo,027,18085,4234,4222,624,4846,56
2022-06-20,Kern,029,883053,200709,199721,49763,249484,2341
2022-06-20,Kings,031,150075,53706,53568,3630,57198,448
2022-06-20,Lake,033,64148,11475,11426,996,12422,140
2022-06-20,Lassen,035,31185,9278,9259,919,10178,64
2022-06-20,Los Angeles,037,10098052,2942324,2925667,142395,3068062,32015
2022-06-20,Madera,039,155013,39288,39139,6681,45820,372
2022-06-20,Marin,041,260295,40016,39687,4523,44210,297
2022-06-20,Mariposa,043,17540,2725,2695,260,2955,30
2022-06-20,Mendocino,045,87422,14302,14201,3696,17897,127
2022-06-20,Merced,047,269075,65489,65120,9555,74675,827
2022-06-20,Modoc,049,8938,776,773,266,1039,8
2022-06-20,Mono,051,14174,3076,3073,176,3249,7
2022-06-20,Monterey,053,433212,85274,84752,16717,101469,742
2022-06-20,Napa,055,140530,29073,28894,1255,30149,144
2022-06-20,Nevada,057,99092,17368,17280,1434,18714,129
2022-06-20,Orange,059,3164182,595164,592215,48647,640862,7084
2022-06-20,Placer,061,380077,68879,68447,8333,76780,628
2022-06-20,Plumas,063,18699,3247,3220,395,3615,13
2022-06-20,Riverside,065,2383286,625978,623584,30195,653779,6491
2022-06-20,Sacramento,067,1510023,310644,309105,30226,339331,3071
2022-06-20,San Benito,069,59416,14160,14128,693,14821,99
2022-06-20,San Bernardino,071,2135413,601931,595517,26406,621923,7774
2022-06-20,San Diego,073,3302833,822347,815124,60228,875352,5318
2022-06-20,San Francisco,075,870044,155665,154213,10243,164456,897
2022-06-20,San Joaquin,077,732212,178501,177637,11637,189274,2251
2022-06-20,San Luis Obispo,079,281455,57439,57177,5315,62492,485
2022-06-20,San Mateo,081,765935,146884,145781,9296,155077,723
2022-06-20,Santa Barbara,083,443738,94033,93576,5455,99031,700
2022-06-20,Santa Clara,085,1922200,373744,370678,16080,386758,2340
2022-06-20,Santa Cruz,087,273765,54940,54525,2693,57218,265
2022-06-20,Shasta,089,179085,31968,31786,6397,38183,570
2022-06-20,Sierra,091,2930,284,283,56,339,4
2022-06-20,Siskiyou,093,43540,4745,4711,2955,7666,81
2022-06-20,Solano,095,438530,92752,91528,6509,98037,454
2022-06-20,Sonoma,097,501317,96044,95363,4213,99576,493
2022-06-20,Stanislaus,099,539301,124529,124023,18727,142750,1670
2022-06-20,Sutter,101,95872,21682,21649,2299,23948,227
2022-06-20,Tehama,103,63373,12525,12465,2718,15183,205
2022-06-20,Trinity,105,12862,1232,1223,297,1520,20
2022-06-20,Tulare,107,460477,110995,110768,29894,140662,1496
2022-06-20,Tuolumne,109,53932,13710,13596,677,14273,189
2022-06-20,Ventura,111,848112,187561,186601,11548,198149,1514
2022-06-20,Yolo,113,214977,42911,41689,3582,45271,323
2022-06-20,Yuba,115,75493,16970,16912,1425,18337,124
2022-06-19,Alameda,001,1643700,301405,296062,16802,312864,1883
2022-06-19,Alpine,003,1148,129,129,1,130,0
2022-06-19,Amador,005,37829,9132,8985,743,9728,87
2022-06-19,Butte,007,227075,35486,34920,7728,42648,432
2022-06-19,Calaveras,009,45235,7741,7664,410,8074,122
2022-06-19,Colusa,011,21464,3531,3519,1110,4629,21
2022-06-19,Contra Costa,013,1133247,218963,213994,16617,230611,1323
2022-06-19,Del Norte,015,27424,6426,6307,279,6586,52
2022-06-19,El Dorado,017,186661,29281,28904,3647,32551,215
2022-06-19,Fresno,019,978130,244582,242214,25683,267897,2768
2022-06-19,Glenn,021,27897,5178,5131,1702,6833,48
2022-06-19,Humboldt,023,135768,19209,18885,3892,22777,148
2022-06-19,Imperial,025,180216,58040,57450,11351,68801,944
2022-06-19,Inyo,027,18085,4233,4209,623,4832,56
2022-06-19,Kern,029,883053,200348,198567,49593,248160,2340
2022-06-19,Kings,031,150075,53611,53242,3627,56869,448
2022-06-19,Lake,033,64148,11461,11318,995,12313,140
2022-06-19,Lassen,035,31185,9265,9225,919,10144,64
2022-06-19,Los Angeles,037,10098052,2937437,2909197,141840,3051037,31999
2022-06-19,Madera,039,155013,39196,38859,6661,45520,372
2022-06-19,Marin,041,260295,39888,39214,4513,43727,294
2022-06-19,Mariposa,043,17540,2718,2662,259,2921,30
2022-06-19,Mendocino,045,87422,14275,14090,3683,17773,127
2022-06-19,Merced,047,269075,65389,64734,9526,74260,827
2022-06-19,Modoc,049,8938,773,771,265,1036,8
2022-06-19,Mono,051,14174,3074,3066,175,3241,6
2022-06-19,Monterey,053,433212,85126,84032,16671,100703,744
2022-06-19,Napa,055,140530,29013,28619,1251,29870,144
2022-06-19,Nevada,057,99092,17338,17134,1426,18560,129
2022-06-19,Orange,059,3164182,593909,587176,48456,635632,7074
2022-06-19,Placer,061,380077,68760,67961,8312,76273,628
2022-06-19,Plumas,063,18699,3239,3201,395,3596,13
2022-06-19,Riverside,065,2383286,625107,619760,30146,649906,6488
2022-06-19,Sacramento,067,1510023,309916,306215,30169,336384,3072
2022-06-19,San Benito,069,59416,14141,13985,691,14676,99
2022-06-19,San Bernardino,071,2135413,601105,591926,26369,618295,7765
2022-06-19,San Diego,073,3302833,820810,815124,60110,875234,5318
2022-06-19,San Francisco,075,870044,155140,151898,10203,162101,897
2022-06-19,San Joaquin,077,732212,178179,176323,11600,187923,2251
2022-06-19,San Luis Obispo,079,281455,57301,56767,5258,62025,485
2022-06-19,San Mateo,081,765935,146433,143879,9263,153142,723
2022-06-19,Santa Barbara,083,443738,93863,92906,5439,98345,699
2022-06-19,Santa Clara,085,1922200,372572,365638,16019,381657,2328
2022-06-19,Santa Cruz,087,273765,54777,53866,2674,56540,264
2022-06-19,Shasta,089,179085,31909,31647,6386,38033,568
2022-06-19,Sierra,091,2930,284,281,56,337,4
2022-06-19,Siskiyou,093,43540,4733,4672,2949,7621,81
2022-06-19,Solano,095,438530,92498,90548,6497,97045,454
2022-06-19,Sonoma,097,501317,95800,94318,4192,98510,493
2022-06-19,Stanislaus,099,539301,124343,123264,18683,141947,1668
2022-06-19,Sutter,101,95872,21647,21501,2291,23792,227
2022-06-19,Tehama,103,63373,12516,12410,2712,15122,205
2022-06-19,Trinity,105,12862,1229,1220,297,1517,20
2022-06-19,Tulare,107,460477,110810,110041,29838,139879,1496
2022-06-19,Tuolumne,109,53932,13683,13487,677,14164,189
2022-06-19,Ventura,111,848112,187208,185219,11505,196724,1513
2022-06-19,Yolo,113,214977,42822,41135,3569,44704,323
2022-06-19,Yuba,115,75493,16939,16786,1422,18208,124
2022-06-18,Alameda,001,1643700,300940,296062,16782,312844,1883
2022-06-18,Alpine,003,1148,129,129,1,130,0
2022-06-18,Amador,005,37829,9125,8985,739,9724,87
2022-06-18,Butte,007,227075,35434,34920,7717,42637,432
2022-06-18,Calaveras,009,45235,7729,7664,410,8074,122
2022-06-18,Colusa,011,21464,3528,3519,1110,4629,21
2022-06-18,Contra Costa,013,1133247,218651,213994,16588,230582,1323
2022-06-18,Del Norte,015,27424,6420,6307,278,6585,52
2022-06-18,El Dorado,017,186661,29252,28904,3644,32548,215
2022-06-18,Fresno,019,978130,244380,242214,25668,267882,2768
2022-06-18,Glenn,021,27897,5175,5131,1701,6832,48
2022-06-18,Humboldt,023,135768,19180,18885,3885,22770,148
2022-06-18,Imperial,025,180216,57969,57450,11338,68788,944
2022-06-18,Inyo,027,18085,4232,4209,622,4831,56
2022-06-18,Kern,029,883053,200224,198567,49507,248074,2340
2022-06-18,Kings,031,150075,53575,53242,3626,56868,448
2022-06-18,Lake,033,64148,11450,11318,993,12311,140
2022-06-18,Lassen,035,31185,9261,9225,919,10144,64
2022-06-18,Los Angeles,037,10098052,2935005,2909197,141549,3050746,31999
2022-06-18,Madera,039,155013,39172,38859,6655,45514,372
2022-06-18,Marin,041,260295,39824,39214,4503,43717,294
2022-06-18,Mariposa,043,17540,2713,2662,259,2921,30
2022-06-18,Mendocino,045,87422,14253,14090,3680,17770,127
2022-06-18,Merced,047,269075,65326,64734,9517,74251,827
2022-06-18,Modoc,049,8938,773,771,265,1036,8
2022-06-18,Mono,051,14174,3073,3066,175,3241,6
2022-06-18,Monterey,053,433212,85034,84032,16643,100675,744
2022-06-18,Napa,055,140530,28988,28619,1250,29869,144
2022-06-18,Nevada,057,99092,17326,17134,1425,18559,129
2022-06-18,Orange,059,3164182,593291,587176,48345,635521,7074
2022-06-18,Placer,061,380077,68696,67961,8299,76260,628
2022-06-18,Plumas,063,18699,3231,3201,395,3596,13
2022-06-18,Riverside,065,2383286,624573,619760,30131,649891,6488
2022-06-18,Sacramento,067,1510023,309601,306215,30147,336362,3072
2022-06-18,San Benito,069,59416,14126,13985,684,14669,99
2022-06-18,San Bernardino,071,2135413,600674,591926,26347,618273,7765
2022-06-18,San Diego,073,3302833,820091,815124,60067,875191,5318
2022-06-18,San Francisco,075,870044,154805,151898,10183,162081,897
2022-06-18,San Joaquin,077,732212,178016,176323,11592,187915,2251
2022-06-18,San Luis Obispo,079,281455,57256,56767,5250,62017,485
2022-06-18,San Mateo,081,765935,146165,143879,9241,153120,723
2022-06-18,Santa Barbara,083,443738,93752,92906,5429,98335,699
2022-06-18,Santa Clara,085,1922200,371814,365638,15975,381613,2328
2022-06-18,Santa Cruz,087,273765,54701,53866,2664,56530,264
2022-06-18,Shasta,089,179085,31888,31647,6383,38030,568
2022-06-18,Sierra,091,2930,284,281,56,337,4
2022-06-18,Siskiyou,093,43540,4725,4672,2945,7617,81
2022-06-18,Solano,095,438530,92415,90548,6488,97036,454
2022-06-18,Sonoma,097,501317,95663,94318,4174,98492,493
2022-06-18,Stanislaus,099,539301,124235,123264,18665,141929,1668
2022-06-18,Sutter,101,95872,21626,21501,2288,23789,227
2022-06-18,Tehama,103,63373,12507,12410,2708,15118,205
2022-06-18,Trinity,105,12862,1228,1220,297,1517,20
2022-06-18,Tulare,107,460477,110728,110041,29797,139838,1496
2022-06-18,Tuolumne,109,53932,13661,13487,674,14161,189
2022-06-18,Ventura,111,848112,187033,185219,11483,196702,1513
2022-06-18,Yolo,113,214977,42753,41135,3564,44699,323
2022-06-18,Yuba,115,75493,16926,16786,1422,18208,124
2022-06-17,Alameda,001,1643700,300470,296062,16768,312830,1883
2022-06-17,Alpine,003,1148,129,129,1,130,0
2022-06-17,Amador,005,37829,9116,8985,739,9724,87
2022-06-17,Butte,007,227075,35403,34920,7707,42627,432
2022-06-17,Calaveras,009,45235,7721,7664,410,8074,122
2022-06-17,Colusa,011,21464,3527,3519,1105,4624,21
2022-06-17,Contra Costa,013,1133247,218355,213994,16562,230556,1323
2022-06-17,Del Norte,015,27424,6406,6307,278,6585,52
2022-06-17,El Dorado,017,186661,29221,28904,3640,32544,215
2022-06-17,Fresno,019,978130,244138,242214,25642,267856,2768
2022-06-17,Glenn,021,27897,5174,5131,1695,6826,48
2022-06-17,Humboldt,023,135768,19153,18885,3881,22766,148
2022-06-17,Imperial,025,180216,57917,57450,11326,68776,944
2022-06-17,Inyo,027,18085,4228,4209,616,4825,56
2022-06-17,Kern,029,883053,200072,198567,49466,248033,2340
2022-06-17,Kings,031,150075,53548,53242,3625,56867,448
2022-06-17,Lake,033,64148,11442,11318,992,12310,140
2022-06-17,Lassen,035,31185,9260,9225,918,10143,64
2022-06-17,Los Angeles,037,10098052,2932161,2909197,141250,3050447,31999
2022-06-17,Madera,039,155013,39147,38859,6649,45508,372
2022-06-17,Marin,041,260295,39729,39214,4491,43705,294
2022-06-17,Mariposa,043,17540,2709,2662,259,2921,30
2022-06-17,Mendocino,045,87422,14237,14090,3676,17766,127
2022-06-17,Merced,047,269075,65269,64734,9512,74246,827
2022-06-17,Modoc,049,8938,773,771,265,1036,8
2022-06-17,Mono,051,14174,3073,3066,175,3241,6
2022-06-17,Monterey,053,433212,84944,84032,16613,100645,744
2022-06-17,Napa,055,140530,28949,28619,1247,29866,144
2022-06-17,Nevada,057,99092,17307,17134,1420,18554,129
2022-06-17,Orange,059,3164182,592610,587176,48212,635388,7074
2022-06-17,Placer,061,380077,68636,67961,8289,76250,628
2022-06-17,Plumas,063,18699,3230,3201,394,3595,13
2022-06-17,Riverside,065,2383286,624020,619760,30095,649855,6488
2022-06-17,Sacramento,067,1510023,309211,306215,30127,336342,3072
2022-06-17,San Benito,069,59416,14114,13985,684,14669,99
2022-06-17,San Bernardino,071,2135413,600236,591926,26316,618242,7765
2022-06-17,San Diego,073,3302833,819128,815124,59962,875086,5318
2022-06-17,San Francisco,075,870044,154485,151898,10148,162046,897
2022-06-17,San Joaquin,077,732212,177867,176323,11582,187905,2251
2022-06-17,San Luis Obispo,079,281455,57219,56767,5244,62011,485
2022-06-17,San Mateo,081,765935,145864,143879,9222,153101,723
2022-06-17,Santa Barbara,083,443738,93647,92906,5417,98323,699
2022-06-17,Santa Clara,085,1922200,370987,365638,15942,381580,2328
2022-06-17,Santa Cruz,087,273765,54635,53866,2659,56525,264
2022-06-17,Shasta,089,179085,31862,31647,6375,38022,568
2022-06-17,Sierra,091,2930,284,281,56,337,4
2022-06-17,Siskiyou,093,43540,4718,4672,2945,7617,81
2022-06-17,Solano,095,438530,92270,90548,6477,97025,454
2022-06-17,Sonoma,097,501317,95497,94318,4157,98475,493
2022-06-17,Stanislaus,099,539301,124137,123264,18656,141920,1668
2022-06-17,Sutter,101,95872,21604,21501,2282,23783,227
2022-06-17,Tehama,103,63373,12492,12410,2705,15115,205
2022-06-17,Trinity,105,12862,1228,1220,297,1517,20
2022-06-17,Tulare,107,460477,110646,110041,29760,139801,1496
2022-06-17,Tuolumne,109,53932,13648,13487,673,14160,189
2022-06-17,Ventura,111,848112,186853,185219,11463,196682,1513
2022-06-17,Yolo,113,214977,42670,41135,3551,44686,323
2022-06-17,Yuba,115,75493,16919,16786,1419,18205,124
2022-06-16,Alameda,001,1643700,299689,296062,16717,312779,1883
2022-06-16,Alpine,003,1148,129,129,1,130,0
2022-06-16,Amador,005,37829,9109,8985,734,9719,87
2022-06-16,Butte,007,227075,35328,34920,7691,42611,432
2022-06-16,Calaveras,009,45235,7709,7664,409,8073,122
2022-06-16,Colusa,011,21464,3525,3519,1104,4623,21
2022-06-16,Contra Costa,013,1133247,217889,213994,16511,230505,1323
2022-06-16,Del Norte,015,27424,6392,6307,277,6584,52
2022-06-16,El Dorado,017,186661,29169,28904,3628,32532,215
2022-06-16,Fresno,019,978130,243769,242214,25583,267797,2768
2022-06-16,Glenn,021,27897,5166,5131,1691,6822,48
2022-06-16,Humboldt,023,135768,19123,18885,3867,22752,148
2022-06-16,Imperial,025,180216,57817,57450,11297,68747,944
2022-06-16,Inyo,027,18085,4227,4209,613,4822,56
2022-06-16,Kern,029,883053,199861,198567,49351,247918,2340
2022-06-16,Kings,031,150075,53481,53242,3621,56863,448
2022-06-16,Lake,033,64148,11426,11318,992,12310,140
2022-06-16,Lassen,035,31185,9253,9225,918,10143,64
2022-06-16,Los Angeles,037,10098052,2928177,2909197,140895,3050092,31999
2022-06-16,Madera,039,155013,39117,38859,6639,45498,372
2022-06-16,Marin,041,260295,39630,39214,4478,43692,294
2022-06-16,Mariposa,043,17540,2701,2662,257,2919,30
2022-06-16,Mendocino,045,87422,14208,14090,3666,17756,127
2022-06-16,Merced,047,269075,65191,64734,9493,74227,827
2022-06-16,Modoc,049,8938,773,771,265,1036,8
2022-06-16,Mono,051,14174,3072,3066,174,3240,6
2022-06-16,Monterey,053,433212,84795,84032,16558,100590,744
2022-06-16,Napa,055,140530,28905,28619,1244,29863,144
2022-06-16,Nevada,057,99092,17283,17134,1415,18549,129
2022-06-16,Orange,059,3164182,591582,587176,48077,635253,7074
2022-06-16,Placer,061,380077,68551,67961,8267,76228,628
2022-06-16,Plumas,063,18699,3223,3201,393,3594,13
2022-06-16,Riverside,065,2383286,623272,619760,30051,649811,6488
2022-06-16,Sacramento,067,1510023,308628,306215,30094,336309,3072
2022-06-16,San Benito,069,59416,14090,13985,681,14666,99
2022-06-16,San Bernardino,071,2135413,599576,591926,26278,618204,7765
2022-06-16,San Diego,073,3302833,817604,815124,59800,874924,5318
2022-06-16,San Francisco,075,870044,154033,151898,10108,162006,897
2022-06-16,San Joaquin,077,732212,177615,176323,11566,187889,2251
2022-06-16,San Luis Obispo,079,281455,57141,56767,5224,61991,485
2022-06-16,San Mateo,081,765935,145501,143879,9206,153085,723
2022-06-16,Santa Barbara,083,443738,93498,92906,5403,98309,699
2022-06-16,Santa Clara,085,1922200,370042,365638,15893,381531,2328
2022-06-16,Santa Cruz,087,273765,54502,53866,2647,56513,264
2022-06-16,Shasta,089,179085,31832,31647,6364,38011,568
2022-06-16,Sierra,091,2930,283,281,56,337,4
2022-06-16,Siskiyou,093,43540,4709,4672,2936,7608,81
2022-06-16,Solano,095,438530,92077,90548,6465,97013,454
2022-06-16,Sonoma,097,501317,95311,94318,4140,98458,493
2022-06-16,Stanislaus,099,539301,123977,123264,18640,141904,1668
2022-06-16,Sutter,101,95872,21579,21501,2280,23781,227
2022-06-16,Tehama,103,63373,12473,12410,2703,15113,205
2022-06-16,Trinity,105,12862,1226,1220,294,1514,20
2022-06-16,Tulare,107,460477,110515,110041,29717,139758,1496
2022-06-16,Tuolumne,109,53932,13624,13487,669,14156,189
2022-06-16,Ventura,111,848112,186582,185219,11418,196637,1513
2022-06-16,Yolo,113,214977,42579,41135,3540,44675,323
2022-06-16,Yuba,115,75493,16895,16786,1415,18201,124
2022-06-15,Alameda,001,1643700,298913,295002,16688,311690,1880
2022-06-15,Alpine,003,1148,129,129,1,130,0
2022-06-15,Amador,005,37829,9101,8972,734,9706,87
2022-06-15,Butte,007,227075,35265,34841,7672,42513,430
2022-06-15,Calaveras,009,45235,7706,7648,407,8055,122
2022-06-15,Colusa,011,21464,3521,3515,1102,4617,21
2022-06-15,Contra Costa,013,1133247,217429,213219,16466,229685,1321
2022-06-15,Del Norte,015,27424,6381,6298,276,6574,52
2022-06-15,El Dorado,017,186661,29115,28829,3616,32445,215
2022-06-15,Fresno,019,978130,243406,241768,25538,267306,2767
2022-06-15,Glenn,021,27897,5161,5128,1683,6811,48
2022-06-15,Humboldt,023,135768,19085,18836,3842,22678,148
2022-06-15,Imperial,025,180216,57734,57373,11274,68647,941
2022-06-15,Inyo,027,18085,4225,4205,612,4817,56
2022-06-15,Kern,029,883053,199597,198216,49244,247460,2338
2022-06-15,Kings,031,150075,53427,53170,3619,56789,448
2022-06-15,Lake,033,64148,11406,11303,987,12290,140
2022-06-15,Lassen,035,31185,9249,9209,917,10126,64
2022-06-15,Los Angeles,037,10098052,2923879,2897298,140539,3037837,31971
2022-06-15,Madera,039,155013,39073,38776,6622,45398,372
2022-06-15,Marin,041,260295,39541,39027,4471,43498,294
2022-06-15,Mariposa,043,17540,2697,2651,255,2906,30
2022-06-15,Mendocino,045,87422,14176,14052,3655,17707,127
2022-06-15,Merced,047,269075,65110,64595,9481,74076,825
2022-06-15,Modoc,049,8938,772,772,265,1037,8
2022-06-15,Mono,051,14174,3072,3060,173,3233,6
2022-06-15,Monterey,053,433212,84655,83837,16518,100355,741
2022-06-15,Napa,055,140530,28845,28518,1235,29753,144
2022-06-15,Nevada,057,99092,17258,17107,1411,18518,127
2022-06-15,Orange,059,3164182,590546,585496,47908,633404,7067
2022-06-15,Placer,061,380077,68429,67805,8250,76055,628
2022-06-15,Plumas,063,18699,3218,3185,391,3576,13
2022-06-15,Riverside,065,2383286,622549,618584,29999,648583,6482
2022-06-15,Sacramento,067,1510023,308034,305361,30046,335407,3059
2022-06-15,San Benito,069,59416,14050,13953,674,14627,99
2022-06-15,San Bernardino,071,2135413,598923,590328,26238,616566,7735
2022-06-15,San Diego,073,3302833,816053,811093,59634,870727,5316
2022-06-15,San Francisco,075,870044,153595,151170,10083,161253,890
2022-06-15,San Joaquin,077,732212,177370,175966,11535,187501,2244
2022-06-15,San Luis Obispo,079,281455,57055,56535,5187,61722,486
2022-06-15,San Mateo,081,765935,145105,143277,9190,152467,722
2022-06-15,Santa Barbara,083,443738,93365,92710,5396,98106,698
2022-06-15,Santa Clara,085,1922200,369041,364014,15857,379871,2323
2022-06-15,Santa Cruz,087,273765,54387,53718,2642,56360,265
2022-06-15,Shasta,089,179085,31792,31598,6357,37955,568
2022-06-15,Sierra,091,2930,281,280,56,336,4
2022-06-15,Siskiyou,093,43540,4698,4656,2926,7582,81
2022-06-15,Solano,095,438530,91848,90265,6457,96722,453
2022-06-15,Sonoma,097,501317,95118,94041,4128,98169,492
2022-06-15,Stanislaus,099,539301,123833,122944,18616,141560,1668
2022-06-15,Sutter,101,95872,21551,21448,2275,23723,227
2022-06-15,Tehama,103,63373,12465,12392,2697,15089,205
2022-06-15,Trinity,105,12862,1225,1217,292,1509,20
2022-06-15,Tulare,107,460477,110409,109930,29680,139610,1495
2022-06-15,Tuolumne,109,53932,13613,13459,669,14128,189
2022-06-15,Ventura,111,848112,186308,184750,11371,196121,1509
2022-06-15,Yolo,113,214977,42472,40756,3525,44281,322
2022-06-15,Yuba,115,75493,16869,16754,1410,18164,124
2022-06-14,Alameda,001,1643700,298210,295002,16640,311642,1880
2022-06-14,Alpine,003,1148,129,129,1,130,0
2022-06-14,Amador,005,37829,9085,8972,729,9701,87
2022-06-14,Butte,007,227075,35211,34841,7657,42498,430
2022-06-14,Calaveras,009,45235,7696,7648,406,8054,122
2022-06-14,Colusa,011,21464,3519,3515,1101,4616,21
2022-06-14,Contra Costa,013,1133247,216899,213219,16407,229626,1321
2022-06-14,Del Norte,015,27424,6373,6298,273,6571,52
2022-06-14,El Dorado,017,186661,29063,28829,3608,32437,215
2022-06-14,Fresno,019,978130,243014,241768,25476,267244,2767
2022-06-14,Glenn,021,27897,5153,5128,1680,6808,48
2022-06-14,Humboldt,023,135768,19035,18836,3825,22661,148
2022-06-14,Imperial,025,180216,57660,57373,11244,68617,941
2022-06-14,Inyo,027,18085,4220,4205,611,4816,56
2022-06-14,Kern,029,883053,199338,198216,49128,247344,2338
2022-06-14,Kings,031,150075,53357,53170,3617,56787,448
2022-06-14,Lake,033,64148,11380,11303,986,12289,140
2022-06-14,Lassen,035,31185,9243,9209,914,10123,64
2022-06-14,Los Angeles,037,10098052,2919358,2897298,140123,3037421,31971
2022-06-14,Madera,039,155013,39019,38776,6614,45390,372
2022-06-14,Marin,041,260295,39432,39027,4460,43487,294
2022-06-14,Mariposa,043,17540,2686,2651,253,2904,30
2022-06-14,Mendocino,045,87422,14148,14052,3643,17695,127
2022-06-14,Merced,047,269075,65028,64595,9456,74051,825
2022-06-14,Modoc,049,8938,772,772,264,1036,8
2022-06-14,Mono,051,14174,3072,3060,172,3232,6
2022-06-14,Monterey,053,433212,84515,83837,16472,100309,741
2022-06-14,Napa,055,140530,28783,28518,1234,29752,144
2022-06-14,Nevada,057,99092,17226,17107,1406,18513,127
2022-06-14,Orange,059,3164182,589414,585496,47748,633244,7067
2022-06-14,Placer,061,380077,68306,67805,8235,76040,628
2022-06-14,Plumas,063,18699,3213,3185,391,3576,13
2022-06-14,Riverside,065,2383286,621767,618584,29964,648548,6482
2022-06-14,Sacramento,067,1510023,307407,305361,29965,335326,3059
2022-06-14,San Benito,069,59416,14015,13953,672,14625,99
2022-06-14,San Bernardino,071,2135413,598206,590328,26194,616522,7735
2022-06-14,San Diego,073,3302833,814340,811093,59482,870575,5316
2022-06-14,San Francisco,075,870044,153106,151170,10056,161226,890
2022-06-14,San Joaquin,077,732212,177101,175966,11500,187466,2244
2022-06-14,San Luis Obispo,079,281455,56946,56535,5139,61674,486
2022-06-14,San Mateo,081,765935,144727,143277,9176,152453,722
2022-06-14,Santa Barbara,083,443738,93229,92710,5381,98091,698
2022-06-14,Santa Clara,085,1922200,367975,364014,15810,379824,2323
2022-06-14,Santa Cruz,087,273765,54262,53718,2631,56349,265
2022-06-14,Shasta,089,179085,31762,31598,6349,37947,568
2022-06-14,Sierra,091,2930,281,280,56,336,4
2022-06-14,Siskiyou,093,43540,4688,4656,2920,7576,81
2022-06-14,Solano,095,438530,91589,90265,6437,96702,453
2022-06-14,Sonoma,097,501317,94903,94041,4115,98156,492
2022-06-14,Stanislaus,099,539301,123656,122944,18587,141531,1668
2022-06-14,Sutter,101,95872,21513,21448,2271,23719,227
2022-06-14,Tehama,103,63373,12447,12392,2696,15088,205
2022-06-14,Trinity,105,12862,1224,1217,292,1509,20
2022-06-14,Tulare,107,460477,110267,109930,29634,139564,1495
2022-06-14,Tuolumne,109,53932,13592,13459,665,14124,189
2022-06-14,Ventura,111,848112,186015,184750,11334,196084,1509
2022-06-14,Yolo,113,214977,42365,40756,3514,44270,322
2022-06-14,Yuba,115,75493,16839,16754,1407,18161,124
2022-06-13,Alameda,001,1643700,297388,295002,16591,311593,1880
2022-06-13,Alpine,003,1148,129,129,1,130,0
2022-06-13,Amador,005,37829,9078,8972,727,9699,87
2022-06-13,Butte,007,227075,35133,34841,7632,42473,430
2022-06-13,Calaveras,009,45235,7677,7648,406,8054,122
2022-06-13,Colusa,011,21464,3519,3515,1098,4613,21
2022-06-13,Contra Costa,013,1133247,216322,213219,16340,229559,1321
2022-06-13,Del Norte,015,27424,6361,6298,269,6567,52
2022-06-13,El Dorado,017,186661,29013,28829,3596,32425,215
2022-06-13,Fresno,019,978130,242594,241768,25422,267190,2767
2022-06-13,Glenn,021,27897,5149,5128,1676,6804,48
2022-06-13,Humboldt,023,135768,18982,18836,3801,22637,148
2022-06-13,Imperial,025,180216,57560,57373,11200,68573,941
2022-06-13,Inyo,027,18085,4216,4205,606,4811,56
2022-06-13,Kern,029,883053,199070,198216,48993,247209,2338
2022-06-13,Kings,031,150075,53292,53170,3613,56783,448
2022-06-13,Lake,033,64148,11355,11303,985,12288,140
2022-06-13,Lassen,035,31185,9235,9209,911,10120,64
2022-06-13,Los Angeles,037,10098052,2914798,2897298,139732,3037030,31971
2022-06-13,Madera,039,155013,38952,38776,6596,45372,372
2022-06-13,Marin,041,260295,39325,39027,4432,43459,294
2022-06-13,Mariposa,043,17540,2672,2651,252,2903,30
2022-06-13,Mendocino,045,87422,14124,14052,3627,17679,127
2022-06-13,Merced,047,269075,64951,64595,9429,74024,825
2022-06-13,Modoc,049,8938,771,772,264,1036,8
2022-06-13,Mono,051,14174,3070,3060,172,3232,6
2022-06-13,Monterey,053,433212,84382,83837,16421,100258,741
2022-06-13,Napa,055,140530,28713,28518,1230,29748,144
2022-06-13,Nevada,057,99092,17195,17107,1403,18510,127
2022-06-13,Orange,059,3164182,588169,585496,47571,633067,7067
2022-06-13,Placer,061,380077,68210,67805,8213,76018,628
2022-06-13,Plumas,063,18699,3208,3185,390,3575,13
2022-06-13,Riverside,065,2383286,621026,618584,29929,648513,6482
2022-06-13,Sacramento,067,1510023,306732,305361,29901,335262,3059
2022-06-13,San Benito,069,59416,13988,13953,666,14619,99
2022-06-13,San Bernardino,071,2135413,597412,590328,26163,616491,7735
2022-06-13,San Diego,073,3302833,812629,811093,59379,870472,5316
2022-06-13,San Francisco,075,870044,152555,151170,10038,161208,890
2022-06-13,San Joaquin,077,732212,176837,175966,11463,187429,2244
2022-06-13,San Luis Obispo,079,281455,56845,56535,5088,61623,486
2022-06-13,San Mateo,081,765935,144297,143277,9154,152431,722
2022-06-13,Santa Barbara,083,443738,93100,92710,5368,98078,698
2022-06-13,Santa Clara,085,1922200,366961,364014,15758,379772,2323
2022-06-13,Santa Cruz,087,273765,54124,53718,2624,56342,265
2022-06-13,Shasta,089,179085,31728,31598,6342,37940,568
2022-06-13,Sierra,091,2930,281,280,56,336,4
2022-06-13,Siskiyou,093,43540,4684,4656,2912,7568,81
2022-06-13,Solano,095,438530,91352,90265,6412,96677,453
2022-06-13,Sonoma,097,501317,94647,94041,4096,98137,492
2022-06-13,Stanislaus,099,539301,123487,122944,18568,141512,1668
2022-06-13,Sutter,101,95872,21485,21448,2267,23715,227
2022-06-13,Tehama,103,63373,12427,12392,2693,15085,205
2022-06-13,Trinity,105,12862,1222,1217,292,1509,20
2022-06-13,Tulare,107,460477,110117,109930,29585,139515,1495
2022-06-13,Tuolumne,109,53932,13569,13459,662,14121,189
2022-06-13,Ventura,111,848112,185723,184750,11284,196034,1509
2022-06-13,Yolo,113,214977,42227,40756,3502,44258,322
2022-06-13,Yuba,115,75493,16821,16754,1403,18157,124
2022-06-12,Alameda,001,1643700,296573,292112,16533,308645,1877
2022-06-12,Alpine,003,1148,129,129,1,130,0
2022-06-12,Amador,005,37829,9055,8869,726,9595,87
2022-06-12,Butte,007,227075,35076,34596,7611,42207,427
2022-06-12,Calaveras,009,45235,7663,7604,403,8007,122
2022-06-12,Colusa,011,21464,3518,3505,1097,4602,21
2022-06-12,Contra Costa,013,1133247,215733,211229,16268,227497,1315
2022-06-12,Del Norte,015,27424,6347,6253,269,6522,52
2022-06-12,El Dorado,017,186661,28952,28641,3579,32220,215
2022-06-12,Fresno,019,978130,242132,240345,25369,265714,2766
2022-06-12,Glenn,021,27897,5145,5104,1674,6778,48
2022-06-12,Humboldt,023,135768,18917,18696,3765,22461,148
2022-06-12,Imperial,025,180216,57483,57129,11156,68285,941
2022-06-12,Inyo,027,18085,4214,4194,605,4799,56
2022-06-12,Kern,029,883053,198787,197353,48874,246227,2338
2022-06-12,Kings,031,150075,53214,52978,3608,56586,447
2022-06-12,Lake,033,64148,11331,11202,984,12186,139
2022-06-12,Lassen,035,31185,9217,9172,909,10081,64
2022-06-12,Los Angeles,037,10098052,2909857,2878981,139252,3018233,31947
2022-06-12,Madera,039,155013,38859,38567,6570,45137,372
2022-06-12,Marin,041,260295,39217,38593,4408,43001,294
2022-06-12,Mariposa,043,17540,2666,2625,251,2876,30
2022-06-12,Mendocino,045,87422,14101,13945,3621,17566,127
2022-06-12,Merced,047,269075,64834,64286,9400,73686,825
2022-06-12,Modoc,049,8938,771,767,264,1031,8
2022-06-12,Mono,051,14174,3066,3052,171,3223,6
2022-06-12,Monterey,053,433212,84226,83391,16343,99734,739
2022-06-12,Napa,055,140530,28650,28202,1221,29423,143
2022-06-12,Nevada,057,99092,17152,16989,1397,18386,127
2022-06-12,Orange,059,3164182,586892,581624,47388,629012,7057
2022-06-12,Placer,061,380077,68097,67306,8189,75495,628
2022-06-12,Plumas,063,18699,3202,3172,389,3561,13
2022-06-12,Riverside,065,2383286,620082,615556,29861,645417,6481
2022-06-12,Sacramento,067,1510023,305995,302721,29800,332521,3058
2022-06-12,San Benito,069,59416,13953,13832,660,14492,99
2022-06-12,San Bernardino,071,2135413,596496,587385,26114,613499,7708
2022-06-12,San Diego,073,3302833,810894,805360,59245,864605,5315
2022-06-12,San Francisco,075,870044,151993,149278,9993,159271,890
2022-06-12,San Joaquin,077,732212,176483,174822,11437,186259,2244
2022-06-12,San Luis Obispo,079,281455,56708,56160,5027,61187,485
2022-06-12,San Mateo,081,765935,143836,141719,9112,150831,715
2022-06-12,Santa Barbara,083,443738,92927,92177,5354,97531,694
2022-06-12,Santa Clara,085,1922200,365783,359925,15711,375636,2322
2022-06-12,Santa Cruz,087,273765,53964,53171,2619,55790,264
2022-06-12,Shasta,089,179085,31681,31483,6328,37811,566
2022-06-12,Sierra,091,2930,281,278,56,334,4
2022-06-12,Siskiyou,093,43540,4676,4633,2907,7540,81
2022-06-12,Solano,095,438530,91060,89424,6393,95817,453
2022-06-12,Sonoma,097,501317,94391,93218,4072,97290,492
2022-06-12,Stanislaus,099,539301,123288,122267,18531,140798,1665
2022-06-12,Sutter,101,95872,21444,21333,2251,23584,227
2022-06-12,Tehama,103,63373,12409,12343,2688,15031,205
2022-06-12,Trinity,105,12862,1219,1213,292,1505,20
2022-06-12,Tulare,107,460477,109916,109467,29519,138986,1495
2022-06-12,Tuolumne,109,53932,13541,13382,660,14042,189
2022-06-12,Ventura,111,848112,185365,183680,11239,194919,1508
2022-06-12,Yolo,113,214977,42106,40202,3497,43699,323
2022-06-12,Yuba,115,75493,16793,16653,1395,18048,123
2022-06-11,Alameda,001,1643700,296159,292112,16513,308625,1877
2022-06-11,Alpine,003,1148,129,129,1,130,0
2022-06-11,Amador,005,37829,9041,8869,726,9595,87
2022-06-11,Butte,007,227075,35041,34596,7595,42191,427
2022-06-11,Calaveras,009,45235,7656,7604,402,8006,122
2022-06-11,Colusa,011,21464,3516,3505,1096,4601,21
2022-06-11,Contra Costa,013,1133247,215421,211229,16233,227462,1315
2022-06-11,Del Norte,015,27424,6339,6253,269,6522,52
2022-06-11,El Dorado,017,186661,28933,28641,3577,32218,215
2022-06-11,Fresno,019,978130,241938,240345,25349,265694,2766
2022-06-11,Glenn,021,27897,5143,5104,1674,6778,48
2022-06-11,Humboldt,023,135768,18896,18696,3757,22453,148
2022-06-11,Imperial,025,180216,57426,57129,11142,68271,941
2022-06-11,Inyo,027,18085,4214,4194,603,4797,56
2022-06-11,Kern,029,883053,198665,197353,48801,246154,2338
2022-06-11,Kings,031,150075,53182,52978,3607,56585,447
2022-06-11,Lake,033,64148,11323,11202,981,12183,139
2022-06-11,Lassen,035,31185,9212,9172,908,10080,64
2022-06-11,Los Angeles,037,10098052,2907519,2878981,138961,3017942,31947
2022-06-11,Madera,039,155013,38838,38567,6568,45135,372
2022-06-11,Marin,041,260295,39140,38593,4374,42967,294
2022-06-11,Mariposa,043,17540,2662,2625,250,2875,30
2022-06-11,Mendocino,045,87422,14090,13945,3617,17562,127
2022-06-11,Merced,047,269075,64786,64286,9396,73682,825
2022-06-11,Modoc,049,8938,771,767,264,1031,8
2022-06-11,Mono,051,14174,3066,3052,171,3223,6
2022-06-11,Monterey,053,433212,84143,83391,16311,99702,739
2022-06-11,Napa,055,140530,28611,28202,1217,29419,143
2022-06-11,Nevada,057,99092,17139,16989,1395,18384,127
2022-06-11,Orange,059,3164182,586249,581624,47252,628876,7057
2022-06-11,Placer,061,380077,68009,67306,8180,75486,628
2022-06-11,Plumas,063,18699,3199,3172,389,3561,13
2022-06-11,Riverside,065,2383286,619556,615556,29832,645388,6481
2022-06-11,Sacramento,067,1510023,305689,302721,29765,332486,3058
2022-06-11,San Benito,069,59416,13943,13832,657,14489,99
2022-06-11,San Bernardino,071,2135413,596076,587385,26091,613476,7708
2022-06-11,San Diego,073,3302833,810192,805360,59201,864561,5315
2022-06-11,San Francisco,075,870044,151669,149278,9973,159251,890
2022-06-11,San Joaquin,077,732212,176328,174822,11419,186241,2244
2022-06-11,San Luis Obispo,079,281455,56674,56160,5018,61178,485
2022-06-11,San Mateo,081,765935,143613,141719,9090,150809,715
2022-06-11,Santa Barbara,083,443738,92861,92177,5340,97517,694
2022-06-11,Santa Clara,085,1922200,365020,359925,15673,375598,2322
2022-06-11,Santa Cruz,087,273765,53909,53171,2605,55776,264
2022-06-11,Shasta,089,179085,31665,31483,6322,37805,566
2022-06-11,Sierra,091,2930,281,278,56,334,4
2022-06-11,Siskiyou,093,43540,4670,4633,2899,7532,81
2022-06-11,Solano,095,438530,90971,89424,6384,95808,453
2022-06-11,Sonoma,097,501317,94284,93218,4047,97265,492
2022-06-11,Stanislaus,099,539301,123185,122267,18511,140778,1665
2022-06-11,Sutter,101,95872,21426,21333,2250,23583,227
2022-06-11,Tehama,103,63373,12402,12343,2688,15031,205
2022-06-11,Trinity,105,12862,1219,1213,292,1505,20
2022-06-11,Tulare,107,460477,109833,109467,29490,138957,1495
2022-06-11,Tuolumne,109,53932,13515,13382,659,14041,189
2022-06-11,Ventura,111,848112,185187,183680,11208,194888,1508
2022-06-11,Yolo,113,214977,42042,40202,3491,43693,323
2022-06-11,Yuba,115,75493,16774,16653,1391,18044,123
2022-06-10,Alameda,001,1643700,295690,292112,16490,308602,1877
2022-06-10,Alpine,003,1148,129,129,1,130,0
2022-06-10,Amador,005,37829,9028,8869,725,9594,87
2022-06-10,Butte,007,227075,35009,34596,7581,42177,427
2022-06-10,Calaveras,009,45235,7651,7604,401,8005,122
2022-06-10,Colusa,011,21464,3511,3505,1095,4600,21
2022-06-10,Contra Costa,013,1133247,215154,211229,16202,227431,1315
2022-06-10,Del Norte,015,27424,6333,6253,268,6521,52
2022-06-10,El Dorado,017,186661,28903,28641,3574,32215,215
2022-06-10,Fresno,019,978130,241709,240345,25326,265671,2766
2022-06-10,Glenn,021,27897,5141,5104,1671,6775,48
2022-06-10,Humboldt,023,135768,18874,18696,3750,22446,148
2022-06-10,Imperial,025,180216,57380,57129,11139,68268,941
2022-06-10,Inyo,027,18085,4213,4194,600,4794,56
2022-06-10,Kern,029,883053,198519,197353,48710,246063,2338
2022-06-10,Kings,031,150075,53161,52978,3606,56584,447
2022-06-10,Lake,033,64148,11308,11202,980,12182,139
2022-06-10,Lassen,035,31185,9209,9172,906,10078,64
2022-06-10,Los Angeles,037,10098052,2904797,2878981,138692,3017673,31947
2022-06-10,Madera,039,155013,38810,38567,6560,45127,372
2022-06-10,Marin,041,260295,39045,38593,4347,42940,294
2022-06-10,Mariposa,043,17540,2658,2625,249,2874,30
2022-06-10,Mendocino,045,87422,14072,13945,3609,17554,127
2022-06-10,Merced,047,269075,64743,64286,9391,73677,825
2022-06-10,Modoc,049,8938,771,767,264,1031,8
2022-06-10,Mono,051,14174,3066,3052,170,3222,6
2022-06-10,Monterey,053,433212,84052,83391,16271,99662,739
2022-06-10,Napa,055,140530,28580,28202,1216,29418,143
2022-06-10,Nevada,057,99092,17126,16989,1394,18383,127
2022-06-10,Orange,059,3164182,585588,581624,47138,628762,7057
2022-06-10,Placer,061,380077,67938,67306,8162,75468,628
2022-06-10,Plumas,063,18699,3195,3172,389,3561,13
2022-06-10,Riverside,065,2383286,619036,615556,29803,645359,6481
2022-06-10,Sacramento,067,1510023,305293,302721,29742,332463,3058
2022-06-10,San Benito,069,59416,13929,13832,656,14488,99
2022-06-10,San Bernardino,071,2135413,595669,587385,26060,613445,7708
2022-06-10,San Diego,073,3302833,809275,805360,59169,864529,5315
2022-06-10,San Francisco,075,870044,151348,149278,9934,159212,890
2022-06-10,San Joaquin,077,732212,176213,174822,11404,186226,2244
2022-06-10,San Luis Obispo,079,281455,56639,56160,5011,61171,485
2022-06-10,San Mateo,081,765935,143360,141719,9077,150796,715
2022-06-10,Santa Barbara,083,443738,92762,92177,5336,97513,694
2022-06-10,Santa Clara,085,1922200,364273,359925,15639,375564,2322
2022-06-10,Santa Cruz,087,273765,53810,53171,2595,55766,264
2022-06-10,Shasta,089,179085,31645,31483,6313,37796,566
2022-06-10,Sierra,091,2930,280,278,56,334,4
2022-06-10,Siskiyou,093,43540,4663,4633,2893,7526,81
2022-06-10,Solano,095,438530,90811,89424,6372,95796,453
2022-06-10,Sonoma,097,501317,94123,93218,4024,97242,492
2022-06-10,Stanislaus,099,539301,123066,122267,18499,140766,1665
2022-06-10,Sutter,101,95872,21411,21333,2248,23581,227
2022-06-10,Tehama,103,63373,12394,12343,2687,15030,205
2022-06-10,Trinity,105,12862,1217,1213,292,1505,20
2022-06-10,Tulare,107,460477,109765,109467,29469,138936,1495
2022-06-10,Tuolumne,109,53932,13501,13382,657,14039,189
2022-06-10,Ventura,111,848112,185001,183680,11174,194854,1508
2022-06-10,Yolo,113,214977,41952,40202,3483,43685,323
2022-06-10,Yuba,115,75493,16753,16653,1388,18041,123
2022-06-09,Alameda,001,1643700,294780,292112,16439,308551,1877
2022-06-09,Alpine,003,1148,129,129,1,130,0
2022-06-09,Amador,005,37829,9017,8869,722,9591,87
2022-06-09,Butte,007,227075,34949,34596,7570,42166,427
2022-06-09,Calaveras,009,45235,7641,7604,401,8005,122
2022-06-09,Colusa,011,21464,3510,3505,1093,4598,21
2022-06-09,Contra Costa,013,1133247,214640,211229,16156,227385,1315
2022-06-09,Del Norte,015,27424,6320,6253,265,6518,52
2022-06-09,El Dorado,017,186661,28846,28641,3565,32206,215
2022-06-09,Fresno,019,978130,241354,240345,25280,265625,2766
2022-06-09,Glenn,021,27897,5135,5104,1669,6773,48
2022-06-09,Humboldt,023,135768,18825,18696,3739,22435,148
2022-06-09,Imperial,025,180216,57322,57129,11122,68251,941
2022-06-09,Inyo,027,18085,4210,4194,595,4789,56
2022-06-09,Kern,029,883053,198318,197353,48612,245965,2338
2022-06-09,Kings,031,150075,53120,52978,3603,56581,447
2022-06-09,Lake,033,64148,11283,11202,978,12180,139
2022-06-09,Lassen,035,31185,9190,9172,904,10076,64
2022-06-09,Los Angeles,037,10098052,2900407,2878981,138311,3017292,31947
2022-06-09,Madera,039,155013,38756,38567,6546,45113,372
2022-06-09,Marin,041,260295,38943,38593,4322,42915,294
2022-06-09,Mariposa,043,17540,2654,2625,248,2873,30
2022-06-09,Mendocino,045,87422,14044,13945,3607,17552,127
2022-06-09,Merced,047,269075,64665,64286,9382,73668,825
2022-06-09,Modoc,049,8938,770,767,264,1031,8
2022-06-09,Mono,051,14174,3060,3052,168,3220,6
2022-06-09,Monterey,053,433212,83932,83391,16202,99593,739
2022-06-09,Napa,055,140530,28520,28202,1214,29416,143
2022-06-09,Nevada,057,99092,17093,16989,1393,18382,127
2022-06-09,Orange,059,3164182,584519,581624,46991,628615,7057
2022-06-09,Placer,061,380077,67817,67306,8149,75455,628
2022-06-09,Plumas,063,18699,3189,3172,389,3561,13
2022-06-09,Riverside,065,2383286,618343,615556,29763,645319,6481
2022-06-09,Sacramento,067,1510023,304716,302721,29660,332381,3058
2022-06-09,San Benito,069,59416,13911,13832,654,14486,99
2022-06-09,San Bernardino,071,2135413,594997,587385,26027,613412,7708
2022-06-09,San Diego,073,3302833,807866,805360,59035,864395,5315
2022-06-09,San Francisco,075,870044,150947,149278,9904,159182,890
2022-06-09,San Joaquin,077,732212,175920,174822,11386,186208,2244
2022-06-09,San Luis Obispo,079,281455,56552,56160,4983,61143,485
2022-06-09,San Mateo,081,765935,142979,141719,9050,150769,715
2022-06-09,Santa Barbara,083,443738,92631,92177,5331,97508,694
2022-06-09,Santa Clara,085,1922200,363308,359925,15570,375495,2322
2022-06-09,Santa Cruz,087,273765,53678,53171,2585,55756,264
2022-06-09,Shasta,089,179085,31614,31483,6303,37786,566
2022-06-09,Sierra,091,2930,280,278,56,334,4
2022-06-09,Siskiyou,093,43540,4656,4633,2879,7512,81
2022-06-09,Solano,095,438530,90567,89424,6358,95782,453
2022-06-09,Sonoma,097,501317,93966,93218,4005,97223,492
2022-06-09,Stanislaus,099,539301,122898,122267,18484,140751,1665
2022-06-09,Sutter,101,95872,21374,21333,2248,23581,227
2022-06-09,Tehama,103,63373,12376,12343,2686,15029,205
2022-06-09,Trinity,105,12862,1216,1213,292,1505,20
2022-06-09,Tulare,107,460477,109644,109467,29433,138900,1495
2022-06-09,Tuolumne,109,53932,13470,13382,654,14036,189
2022-06-09,Ventura,111,848112,184732,183680,11140,194820,1508
2022-06-09,Yolo,113,214977,41840,40202,3468,43670,323
2022-06-09,Yuba,115,75493,16730,16653,1385,18038,123
2022-06-08,Alameda,001,1643700,294016,289661,16391,306052,1873
2022-06-08,Alpine,003,1148,129,128,1,129,0
2022-06-08,Amador,005,37829,9009,8818,720,9538,87
2022-06-08,Butte,007,227075,34882,34380,7552,41932,427
2022-06-08,Calaveras,009,45235,7627,7564,401,7965,122
2022-06-08,Colusa,011,21464,3508,3495,1090,4585,21
2022-06-08,Contra Costa,013,1133247,214130,209384,16091,225475,1310
2022-06-08,Del Norte,015,27424,6298,6229,265,6494,52
2022-06-08,El Dorado,017,186661,28794,28478,3556,32034,215
2022-06-08,Fresno,019,978130,241018,239376,25208,264584,2766
2022-06-08,Glenn,021,27897,5131,5095,1666,6761,48
2022-06-08,Humboldt,023,135768,18795,18598,3713,22311,147
2022-06-08,Imperial,025,180216,57248,56912,11102,68014,941
2022-06-08,Inyo,027,18085,4208,4189,595,4784,56
2022-06-08,Kern,029,883053,198049,196763,48502,245265,2338
2022-06-08,Kings,031,150075,53050,52821,3599,56420,447
2022-06-08,Lake,033,64148,11262,11158,975,12133,137
2022-06-08,Lassen,035,31185,9177,9148,904,10052,64
2022-06-08,Los Angeles,037,10098052,2895784,2865901,137926,3003827,31920
2022-06-08,Madera,039,155013,38711,38408,6533,44941,372
2022-06-08,Marin,041,260295,38850,38338,4305,42643,294
2022-06-08,Mariposa,043,17540,2644,2614,247,2861,30
2022-06-08,Mendocino,045,87422,14024,13859,3595,17454,127
2022-06-08,Merced,047,269075,64600,64080,9360,73440,825
2022-06-08,Modoc,049,8938,766,761,264,1025,8
2022-06-08,Mono,051,14174,3056,3044,168,3212,6
2022-06-08,Monterey,053,433212,83821,83063,16152,99215,740
2022-06-08,Napa,055,140530,28431,27996,1209,29205,143
2022-06-08,Nevada,057,99092,17067,16907,1389,18296,127
2022-06-08,Orange,059,3164182,583411,578530,46805,625335,7044
2022-06-08,Placer,061,380077,67688,66951,8138,75089,627
2022-06-08,Plumas,063,18699,3186,3150,388,3538,13
2022-06-08,Riverside,065,2383286,617657,613469,29728,643197,6480
2022-06-08,Sacramento,067,1510023,304083,300875,29577,330452,3054
2022-06-08,San Benito,069,59416,13877,13734,652,14386,99
2022-06-08,San Bernardino,071,2135413,594300,585029,25983,611012,7685
2022-06-08,San Diego,073,3302833,806368,800840,58859,859699,5308
2022-06-08,San Francisco,075,870044,150524,147960,9876,157836,885
2022-06-08,San Joaquin,077,732212,175645,173887,11360,185247,2241
2022-06-08,San Luis Obispo,079,281455,56396,55822,4922,60744,484
2022-06-08,San Mateo,081,765935,142579,140569,9003,149572,710
2022-06-08,Santa Barbara,083,443738,92492,91747,5320,97067,693
2022-06-08,Santa Clara,085,1922200,362342,356452,15519,371971,2321
2022-06-08,Santa Cruz,087,273765,53538,52753,2574,55327,264
2022-06-08,Shasta,089,179085,31581,31394,6292,37686,565
2022-06-08,Sierra,091,2930,280,278,56,334,4
2022-06-08,Siskiyou,093,43540,4651,4609,2877,7486,81
2022-06-08,Solano,095,438530,90300,88522,6338,94860,453
2022-06-08,Sonoma,097,501317,93781,92644,3971,96615,491
2022-06-08,Stanislaus,099,539301,122715,121787,18453,140240,1662
2022-06-08,Sutter,101,95872,21350,21256,2242,23498,227
2022-06-08,Tehama,103,63373,12369,12306,2685,14991,205
2022-06-08,Trinity,105,12862,1215,1211,291,1502,20
2022-06-08,Tulare,107,460477,109558,109091,29378,138469,1494
2022-06-08,Tuolumne,109,53932,13454,13335,653,13988,189
2022-06-08,Ventura,111,848112,184457,182847,11091,193938,1506
2022-06-08,Yolo,113,214977,41734,39962,3454,43416,321
2022-06-08,Yuba,115,75493,16705,16558,1377,17935,122
2022-06-07,Alameda,001,1643700,293208,289661,16345,306006,1873
2022-06-07,Alpine,003,1148,129,128,1,129,0
2022-06-07,Amador,005,37829,8999,8818,717,9535,87
2022-06-07,Butte,007,227075,34803,34380,7527,41907,427
2022-06-07,Calaveras,009,45235,7619,7564,399,7963,122
2022-06-07,Colusa,011,21464,3508,3495,1087,4582,21
2022-06-07,Contra Costa,013,1133247,213573,209384,16038,225422,1310
2022-06-07,Del Norte,015,27424,6290,6229,262,6491,52
2022-06-07,El Dorado,017,186661,28730,28478,3546,32024,215
2022-06-07,Fresno,019,978130,240635,239376,25141,264517,2766
2022-06-07,Glenn,021,27897,5124,5095,1666,6761,48
2022-06-07,Humboldt,023,135768,18756,18598,3697,22295,147
2022-06-07,Imperial,025,180216,57190,56912,11069,67981,941
2022-06-07,Inyo,027,18085,4207,4189,587,4776,56
2022-06-07,Kern,029,883053,197794,196763,48394,245157,2338
2022-06-07,Kings,031,150075,52992,52821,3595,56416,447
2022-06-07,Lake,033,64148,11237,11158,969,12127,137
2022-06-07,Lassen,035,31185,9168,9148,903,10051,64
2022-06-07,Los Angeles,037,10098052,2890455,2865901,137489,3003390,31920
2022-06-07,Madera,039,155013,38639,38408,6517,44925,372
2022-06-07,Marin,041,260295,38766,38338,4278,42616,294
2022-06-07,Mariposa,043,17540,2637,2614,245,2859,30
2022-06-07,Mendocino,045,87422,13992,13859,3564,17423,127
2022-06-07,Merced,047,269075,64509,64080,9344,73424,825
2022-06-07,Modoc,049,8938,766,761,262,1023,8
2022-06-07,Mono,051,14174,3054,3044,166,3210,6
2022-06-07,Monterey,053,433212,83693,83063,16098,99161,740
2022-06-07,Napa,055,140530,28357,27996,1201,29197,143
2022-06-07,Nevada,057,99092,17040,16907,1383,18290,127
2022-06-07,Orange,059,3164182,582295,578530,46644,625174,7044
2022-06-07,Placer,061,380077,67536,66951,8119,75070,627
2022-06-07,Plumas,063,18699,3181,3150,387,3537,13
2022-06-07,Riverside,065,2383286,616775,613469,29677,643146,6480
2022-06-07,Sacramento,067,1510023,303365,300875,29474,330349,3054
2022-06-07,San Benito,069,59416,13835,13734,648,14382,99
2022-06-07,San Bernardino,071,2135413,593518,585029,25956,610985,7685
2022-06-07,San Diego,073,3302833,804791,800840,58653,859493,5308
2022-06-07,San Francisco,075,870044,150001,147960,9855,157815,885
2022-06-07,San Joaquin,077,732212,175312,173887,11322,185209,2241
2022-06-07,San Luis Obispo,079,281455,56293,55822,4878,60700,484
2022-06-07,San Mateo,081,765935,142161,140569,8947,149516,710
2022-06-07,Santa Barbara,083,443738,92346,91747,5307,97054,693
2022-06-07,Santa Clara,085,1922200,361209,356452,15438,371890,2321
2022-06-07,Santa Cruz,087,273765,53437,52753,2567,55320,264
2022-06-07,Shasta,089,179085,31544,31394,6285,37679,565
2022-06-07,Sierra,091,2930,279,278,56,334,4
2022-06-07,Siskiyou,093,43540,4644,4609,2873,7482,81
2022-06-07,Solano,095,438530,89975,88522,6321,94843,453
2022-06-07,Sonoma,097,501317,93550,92644,3939,96583,491
2022-06-07,Stanislaus,099,539301,122542,121787,18434,140221,1662
2022-06-07,Sutter,101,95872,21321,21256,2240,23496,227
2022-06-07,Tehama,103,63373,12353,12306,2681,14987,205
2022-06-07,Trinity,105,12862,1214,1211,291,1502,20
2022-06-07,Tulare,107,460477,109433,109091,29327,138418,1494
2022-06-07,Tuolumne,109,53932,13441,13335,651,13986,189
2022-06-07,Ventura,111,848112,184092,182847,11047,193894,1506
2022-06-07,Yolo,113,214977,41617,39962,3445,43407,321
2022-06-07,Yuba,115,75493,16676,16558,1376,17934,122
2022-06-06,Alameda,001,1643700,292325,289661,16292,305953,1873
2022-06-06,Alpine,003,1148,129,128,1,129,0
2022-06-06,Amador,005,37829,8948,8818,715,9533,87
2022-06-06,Butte,007,227075,34740,34380,7513,41893,427
2022-06-06,Calaveras,009,45235,7608,7564,399,7963,122
2022-06-06,Colusa,011,21464,3507,3495,1083,4578,21
2022-06-06,Contra Costa,013,1133247,212924,209384,15956,225340,1310
2022-06-06,Del Norte,015,27424,6282,6229,261,6490,52
2022-06-06,El Dorado,017,186661,28681,28478,3534,32012,215
2022-06-06,Fresno,019,978130,240215,239376,25074,264450,2766
2022-06-06,Glenn,021,27897,5117,5095,1663,6758,48
2022-06-06,Humboldt,023,135768,18718,18598,3684,22282,147
2022-06-06,Imperial,025,180216,57116,56912,11036,67948,941
2022-06-06,Inyo,027,18085,4203,4189,584,4773,56
2022-06-06,Kern,029,883053,197512,196763,48263,245026,2338
2022-06-06,Kings,031,150075,52933,52821,3592,56413,447
2022-06-06,Lake,033,64148,11217,11158,963,12121,137
2022-06-06,Lassen,035,31185,9158,9148,902,10050,64
2022-06-06,Los Angeles,037,10098052,2884821,2865901,137073,3002974,31920
2022-06-06,Madera,039,155013,38571,38408,6490,44898,372
2022-06-06,Marin,041,260295,38641,38338,4241,42579,294
2022-06-06,Mariposa,043,17540,2627,2614,243,2857,30
2022-06-06,Mendocino,045,87422,13963,13859,3553,17412,127
2022-06-06,Merced,047,269075,64387,64080,9319,73399,825
2022-06-06,Modoc,049,8938,764,761,260,1021,8
2022-06-06,Mono,051,14174,3051,3044,165,3209,6
2022-06-06,Monterey,053,433212,83550,83063,16033,99096,740
2022-06-06,Napa,055,140530,28279,27996,1192,29188,143
2022-06-06,Nevada,057,99092,17012,16907,1379,18286,127
2022-06-06,Orange,059,3164182,581172,578530,46485,625015,7044
2022-06-06,Placer,061,380077,67420,66951,8095,75046,627
2022-06-06,Plumas,063,18699,3174,3150,386,3536,13
2022-06-06,Riverside,065,2383286,615981,613469,29627,643096,6480
2022-06-06,Sacramento,067,1510023,302589,300875,29371,330246,3054
2022-06-06,San Benito,069,59416,13787,13734,644,14378,99
2022-06-06,San Bernardino,071,2135413,592747,585029,25914,610943,7685
2022-06-06,San Diego,073,3302833,803004,800840,58417,859257,5308
2022-06-06,San Francisco,075,870044,149470,147960,9832,157792,885
2022-06-06,San Joaquin,077,732212,174930,173887,11292,185179,2241
2022-06-06,San Luis Obispo,079,281455,56184,55822,4845,60667,484
2022-06-06,San Mateo,081,765935,141685,140569,8909,149478,710
2022-06-06,Santa Barbara,083,443738,92169,91747,5289,97036,693
2022-06-06,Santa Clara,085,1922200,359948,356452,15355,371807,2321
2022-06-06,Santa Cruz,087,273765,53283,52753,2555,55308,264
2022-06-06,Shasta,089,179085,31509,31394,6273,37667,565
2022-06-06,Sierra,091,2930,279,278,56,334,4
2022-06-06,Siskiyou,093,43540,4634,4609,2863,7472,81
2022-06-06,Solano,095,438530,89686,88522,6302,94824,453
2022-06-06,Sonoma,097,501317,93310,92644,3911,96555,491
2022-06-06,Stanislaus,099,539301,122355,121787,18414,140201,1662
2022-06-06,Sutter,101,95872,21291,21256,2234,23490,227
2022-06-06,Tehama,103,63373,12341,12306,2679,14985,205
2022-06-06,Trinity,105,12862,1212,1211,291,1502,20
2022-06-06,Tulare,107,460477,109294,109091,29272,138363,1494
2022-06-06,Tuolumne,109,53932,13422,13335,650,13985,189
2022-06-06,Ventura,111,848112,183785,182847,11004,193851,1506
2022-06-06,Yolo,113,214977,41459,39962,3434,43396,321
2022-06-06,Yuba,115,75493,16633,16558,1369,17927,122
2022-06-05,Alameda,001,1643700,291276,285785,16231,302016,1873
2022-06-05,Alpine,003,1148,128,128,1,129,0
2022-06-05,Amador,005,37829,8911,8775,712,9487,87
2022-06-05,Butte,007,227075,34661,34129,7496,41625,427
2022-06-05,Calaveras,009,45235,7592,7525,393,7918,121
2022-06-05,Colusa,011,21464,3500,3484,1083,4567,21
2022-06-05,Contra Costa,013,1133247,212215,206711,15843,222554,1310
2022-06-05,Del Norte,015,27424,6271,6206,257,6463,52
2022-06-05,El Dorado,017,186661,28605,28241,3526,31767,214
2022-06-05,Fresno,019,978130,239754,237945,24987,262932,2766
2022-06-05,Glenn,021,27897,5110,5063,1663,6726,48
2022-06-05,Humboldt,023,135768,18668,18433,3661,22094,147
2022-06-05,Imperial,025,180216,57020,56690,10988,67678,941
2022-06-05,Inyo,027,18085,4199,4176,579,4755,56
2022-06-05,Kern,029,883053,197202,195863,48149,244012,2338
2022-06-05,Kings,031,150075,52859,52597,3586,56183,447
2022-06-05,Lake,033,64148,11198,11064,959,12023,137
2022-06-05,Lassen,035,31185,9150,9106,898,10004,64
2022-06-05,Los Angeles,037,10098052,2878757,2846989,136549,2983538,31899
2022-06-05,Madera,039,155013,38509,38188,6475,44663,372
2022-06-05,Marin,041,260295,38528,37879,4208,42087,294
2022-06-05,Mariposa,043,17540,2625,2557,242,2799,30
2022-06-05,Mendocino,045,87422,13927,13738,3506,17244,125
2022-06-05,Merced,047,269075,64296,63756,9286,73042,825
2022-06-05,Modoc,049,8938,763,759,260,1019,8
2022-06-05,Mono,051,14174,3048,3037,163,3200,6
2022-06-05,Monterey,053,433212,83389,82451,15950,98401,738
2022-06-05,Napa,055,140530,28149,27686,1183,28869,143
2022-06-05,Nevada,057,99092,16969,16728,1363,18091,127
2022-06-05,Orange,059,3164182,579914,574146,46301,620447,7038
2022-06-05,Placer,061,380077,67280,66428,8081,74509,627
2022-06-05,Plumas,063,18699,3166,3138,386,3524,13
2022-06-05,Riverside,065,2383286,615045,610369,29563,639932,6481
2022-06-05,Sacramento,067,1510023,301678,297787,29227,327014,3052
2022-06-05,San Benito,069,59416,13742,13572,638,14210,99
2022-06-05,San Bernardino,071,2135413,591768,582305,25870,608175,7664
2022-06-05,San Diego,073,3302833,801103,794822,58226,853048,5303
2022-06-05,San Francisco,075,870044,148876,145876,9777,155653,881
2022-06-05,San Joaquin,077,732212,174497,172621,11246,183867,2242
2022-06-05,San Luis Obispo,079,281455,56023,55333,4772,60105,484
2022-06-05,San Mateo,081,765935,141176,138536,8863,147399,710
2022-06-05,Santa Barbara,083,443738,91977,90911,5270,96181,693
2022-06-05,Santa Clara,085,1922200,358540,351492,15265,366757,2317
2022-06-05,Santa Cruz,087,273765,53091,52333,2542,54875,263
2022-06-05,Shasta,089,179085,31468,31272,6262,37534,565
2022-06-05,Sierra,091,2930,279,278,56,334,4
2022-06-05,Siskiyou,093,43540,4629,4591,2851,7442,81
2022-06-05,Solano,095,438530,89347,87571,6286,93857,452
2022-06-05,Sonoma,097,501317,93030,91518,3882,95400,491
2022-06-05,Stanislaus,099,539301,122158,121001,18387,139388,1661
2022-06-05,Sutter,101,95872,21259,21125,2227,23352,227
2022-06-05,Tehama,103,63373,12322,12262,2676,14938,204
2022-06-05,Trinity,105,12862,1212,1204,291,1495,20
2022-06-05,Tulare,107,460477,109106,108598,29196,137794,1490
2022-06-05,Tuolumne,109,53932,13393,13251,637,13888,189
2022-06-05,Ventura,111,848112,183432,181709,10952,192661,1505
2022-06-05,Yolo,113,214977,41327,39561,3422,42983,321
2022-06-05,Yuba,115,75493,16593,16467,1361,17828,122
2022-06-04,Alameda,001,1643700,290776,285785,16211,301996,1873
2022-06-04,Alpine,003,1148,128,128,1,129,0
2022-06-04,Amador,005,37829,8902,8775,710,9485,87
2022-06-04,Butte,007,227075,34622,34129,7491,41620,427
2022-06-04,Calaveras,009,45235,7578,7525,393,7918,121
2022-06-04,Colusa,011,21464,3497,3484,1078,4562,21
2022-06-04,Contra Costa,013,1133247,211828,206711,15803,222514,1310
2022-06-04,Del Norte,015,27424,6269,6206,257,6463,52
2022-06-04,El Dorado,017,186661,28566,28241,3522,31763,214
2022-06-04,Fresno,019,978130,239583,237945,24970,262915,2766
2022-06-04,Glenn,021,27897,5106,5063,1662,6725,48
2022-06-04,Humboldt,023,135768,18646,18433,3655,22088,147
2022-06-04,Imperial,025,180216,56969,56690,10976,67666,941
2022-06-04,Inyo,027,18085,4199,4176,578,4754,56
2022-06-04,Kern,029,883053,197080,195863,48081,243944,2338
2022-06-04,Kings,031,150075,52816,52597,3586,56183,447
2022-06-04,Lake,033,64148,11183,11064,953,12017,137
2022-06-04,Lassen,035,31185,9145,9106,897,10003,64
2022-06-04,Los Angeles,037,10098052,2876309,2846989,136273,2983262,31899
2022-06-04,Madera,039,155013,38474,38188,6471,44659,372
2022-06-04,Marin,041,260295,38451,37879,4167,42046,294
2022-06-04,Mariposa,043,17540,2622,2557,242,2799,30
2022-06-04,Mendocino,045,87422,13914,13738,3505,17243,125
2022-06-04,Merced,047,269075,64246,63756,9278,73034,825
2022-06-04,Modoc,049,8938,762,759,259,1018,8
2022-06-04,Mono,051,14174,3048,3037,163,3200,6
2022-06-04,Monterey,053,433212,83304,82451,15915,98366,738
2022-06-04,Napa,055,140530,28107,27686,1181,28867,143
2022-06-04,Nevada,057,99092,16956,16728,1362,18090,127
2022-06-04,Orange,059,3164182,579272,574146,46178,620324,7038
2022-06-04,Placer,061,380077,67198,66428,8073,74501,627
2022-06-04,Plumas,063,18699,3162,3138,385,3523,13
2022-06-04,Riverside,065,2383286,614510,610369,29538,639907,6481
2022-06-04,Sacramento,067,1510023,301323,297787,29200,326987,3052
2022-06-04,San Benito,069,59416,13716,13572,635,14207,99
2022-06-04,San Bernardino,071,2135413,591319,582305,25841,608146,7664
2022-06-04,San Diego,073,3302833,800375,794822,58182,853004,5303
2022-06-04,San Francisco,075,870044,148539,145876,9756,155632,881
2022-06-04,San Joaquin,077,732212,174352,172621,11212,183833,2242
2022-06-04,San Luis Obispo,079,281455,55985,55333,4765,60098,484
2022-06-04,San Mateo,081,765935,140875,138536,8835,147371,710
2022-06-04,Santa Barbara,083,443738,91879,90911,5249,96160,693
2022-06-04,Santa Clara,085,1922200,357661,351492,15224,366716,2317
2022-06-04,Santa Cruz,087,273765,53007,52333,2529,54862,263
2022-06-04,Shasta,089,179085,31444,31272,6259,37531,565
2022-06-04,Sierra,091,2930,279,278,56,334,4
2022-06-04,Siskiyou,093,43540,4625,4591,2845,7436,81
2022-06-04,Solano,095,438530,89264,87571,6273,93844,452
2022-06-04,Sonoma,097,501317,92878,91518,3868,95386,491
2022-06-04,Stanislaus,099,539301,122019,121001,18374,139375,1661
2022-06-04,Sutter,101,95872,21232,21125,2224,23349,227
2022-06-04,Tehama,103,63373,12308,12262,2675,14937,204
2022-06-04,Trinity,105,12862,1212,1204,291,1495,20
2022-06-04,Tulare,107,460477,109040,108598,29154,137752,1490
2022-06-04,Tuolumne,109,53932,13383,13251,634,13885,189
2022-06-04,Ventura,111,848112,183247,181709,10937,192646,1505
2022-06-04,Yolo,113,214977,41249,39561,3417,42978,321
2022-06-04,Yuba,115,75493,16577,16467,1357,17824,122
2022-06-03,Alameda,001,1643700,290246,285785,16185,301970,1873
2022-06-03,Alpine,003,1148,128,128,1,129,0
2022-06-03,Amador,005,37829,8896,8775,708,9483,87
2022-06-03,Butte,007,227075,34571,34129,7482,41611,427
2022-06-03,Calaveras,009,45235,7573,7525,393,7918,121
2022-06-03,Colusa,011,21464,3497,3484,1076,4560,21
2022-06-03,Contra Costa,013,1133247,211517,206711,15774,222485,1310
2022-06-03,Del Norte,015,27424,6265,6206,254,6460,52
2022-06-03,El Dorado,017,186661,28537,28241,3519,31760,214
2022-06-03,Fresno,019,978130,239351,237945,24942,262887,2766
2022-06-03,Glenn,021,27897,5100,5063,1659,6722,48
2022-06-03,Humboldt,023,135768,18626,18433,3649,22082,147
2022-06-03,Imperial,025,180216,56923,56690,10966,67656,941
2022-06-03,Inyo,027,18085,4198,4176,578,4754,56
2022-06-03,Kern,029,883053,196939,195863,48014,243877,2338
2022-06-03,Kings,031,150075,52792,52597,3586,56183,447
2022-06-03,Lake,033,64148,11172,11064,950,12014,137
2022-06-03,Lassen,035,31185,9140,9106,897,10003,64
2022-06-03,Los Angeles,037,10098052,2873408,2846989,135989,2982978,31899
2022-06-03,Madera,039,155013,38430,38188,6462,44650,372
2022-06-03,Marin,041,260295,38382,37879,4132,42011,294
2022-06-03,Mariposa,043,17540,2618,2557,242,2799,30
2022-06-03,Mendocino,045,87422,13892,13738,3504,17242,125
2022-06-03,Merced,047,269075,64195,63756,9275,73031,825
2022-06-03,Modoc,049,8938,762,759,259,1018,8
2022-06-03,Mono,051,14174,3045,3037,163,3200,6
2022-06-03,Monterey,053,433212,83205,82451,15868,98319,738
2022-06-03,Napa,055,140530,28057,27686,1173,28859,143
2022-06-03,Nevada,057,99092,16935,16728,1361,18089,127
2022-06-03,Orange,059,3164182,578583,574146,46074,620220,7038
2022-06-03,Placer,061,380077,67117,66428,8060,74488,627
2022-06-03,Plumas,063,18699,3160,3138,384,3522,13
2022-06-03,Riverside,065,2383286,613982,610369,29508,639877,6481
2022-06-03,Sacramento,067,1510023,300854,297787,29167,326954,3052
2022-06-03,San Benito,069,59416,13703,13572,631,14203,99
2022-06-03,San Bernardino,071,2135413,590861,582305,25805,608110,7664
2022-06-03,San Diego,073,3302833,799425,794822,58063,852885,5303
2022-06-03,San Francisco,075,870044,148165,145876,9724,155600,881
2022-06-03,San Joaquin,077,732212,174189,172621,11194,183815,2242
2022-06-03,San Luis Obispo,079,281455,55940,55333,4757,60090,484
2022-06-03,San Mateo,081,765935,140592,138536,8822,147358,710
2022-06-03,Santa Barbara,083,443738,91760,90911,5247,96158,693
2022-06-03,Santa Clara,085,1922200,356761,351492,15178,366670,2317
2022-06-03,Santa Cruz,087,273765,52876,52333,2516,54849,263
2022-06-03,Shasta,089,179085,31432,31272,6258,37530,565
2022-06-03,Sierra,091,2930,279,278,56,334,4
2022-06-03,Siskiyou,093,43540,4620,4591,2844,7435,81
2022-06-03,Solano,095,438530,89149,87571,6264,93835,452
2022-06-03,Sonoma,097,501317,92733,91518,3859,95377,491
2022-06-03,Stanislaus,099,539301,121913,121001,18357,139358,1661
2022-06-03,Sutter,101,95872,21209,21125,2223,23348,227
2022-06-03,Tehama,103,63373,12302,12262,2674,14936,204
2022-06-03,Trinity,105,12862,1210,1204,291,1495,20
2022-06-03,Tulare,107,460477,108973,108598,29119,137717,1490
2022-06-03,Tuolumne,109,53932,13372,13251,631,13882,189
2022-06-03,Ventura,111,848112,183058,181709,10912,192621,1505
2022-06-03,Yolo,113,214977,41186,39561,3403,42964,321
2022-06-03,Yuba,115,75493,16552,16467,1355,17822,122
2022-06-02,Alameda,001,1643700,289351,285785,16122,301907,1873
2022-06-02,Alpine,003,1148,128,128,1,129,0
2022-06-02,Amador,005,37829,8873,8775,706,9481,87
2022-06-02,Butte,007,227075,34495,34129,7466,41595,427
2022-06-02,Calaveras,009,45235,7560,7525,392,7917,121
2022-06-02,Colusa,011,21464,3495,3484,1076,4560,21
2022-06-02,Contra Costa,013,1133247,210930,206711,15682,222393,1310
2022-06-02,Del Norte,015,27424,6255,6206,253,6459,52
2022-06-02,El Dorado,017,186661,28470,28241,3507,31748,214
2022-06-02,Fresno,019,978130,239010,237945,24885,262830,2766
2022-06-02,Glenn,021,27897,5094,5063,1654,6717,48
2022-06-02,Humboldt,023,135768,18585,18433,3628,22061,147
2022-06-02,Imperial,025,180216,56864,56690,10955,67645,941
2022-06-02,Inyo,027,18085,4198,4176,575,4751,56
2022-06-02,Kern,029,883053,196655,195863,47910,243773,2338
2022-06-02,Kings,031,150075,52739,52597,3581,56178,447
2022-06-02,Lake,033,64148,11150,11064,948,12012,137
2022-06-02,Lassen,035,31185,9129,9106,897,10003,64
2022-06-02,Los Angeles,037,10098052,2868494,2846989,135568,2982557,31899
2022-06-02,Madera,039,155013,38376,38188,6449,44637,372
2022-06-02,Marin,041,260295,38284,37879,4105,41984,294
2022-06-02,Mariposa,043,17540,2613,2557,241,2798,30
2022-06-02,Mendocino,045,87422,13863,13738,3496,17234,125
2022-06-02,Merced,047,269075,64117,63756,9266,73022,825
2022-06-02,Modoc,049,8938,761,759,259,1018,8
2022-06-02,Mono,051,14174,3045,3037,163,3200,6
2022-06-02,Monterey,053,433212,83055,82451,15804,98255,738
2022-06-02,Napa,055,140530,27981,27686,1170,28856,143
2022-06-02,Nevada,057,99092,16898,16728,1356,18084,127
2022-06-02,Orange,059,3164182,577553,574146,45929,620075,7038
2022-06-02,Placer,061,380077,66996,66428,8046,74474,627
2022-06-02,Plumas,063,18699,3151,3138,384,3522,13
2022-06-02,Riverside,065,2383286,613293,610369,29449,639818,6481
2022-06-02,Sacramento,067,1510023,300221,297787,29061,326848,3052
2022-06-02,San Benito,069,59416,13671,13572,628,14200,99
2022-06-02,San Bernardino,071,2135413,590181,582305,25760,608065,7664
2022-06-02,San Diego,073,3302833,798052,794822,57900,852722,5303
2022-06-02,San Francisco,075,870044,147740,145876,9674,155550,881
2022-06-02,San Joaquin,077,732212,173879,172621,11165,183786,2242
2022-06-02,San Luis Obispo,079,281455,55809,55333,4722,60055,484
2022-06-02,San Mateo,081,765935,140215,138536,8769,147305,710
2022-06-02,Santa Barbara,083,443738,91586,90911,5232,96143,693
2022-06-02,Santa Clara,085,1922200,355665,351492,15058,366550,2317
2022-06-02,Santa Cruz,087,273765,52760,52333,2505,54838,263
2022-06-02,Shasta,089,179085,31401,31272,6251,37523,565
2022-06-02,Sierra,091,2930,279,278,56,334,4
2022-06-02,Siskiyou,093,43540,4613,4591,2835,7426,81
2022-06-02,Solano,095,438530,88877,87571,6254,93825,452
2022-06-02,Sonoma,097,501317,92506,91518,3833,95351,491
2022-06-02,Stanislaus,099,539301,121755,121001,18334,139335,1661
2022-06-02,Sutter,101,95872,21181,21125,2217,23342,227
2022-06-02,Tehama,103,63373,12291,12262,2667,14929,204
2022-06-02,Trinity,105,12862,1208,1204,291,1495,20
2022-06-02,Tulare,107,460477,108843,108598,29053,137651,1490
2022-06-02,Tuolumne,109,53932,13353,13251,629,13880,189
2022-06-02,Ventura,111,848112,182784,181709,10878,192587,1505
2022-06-02,Yolo,113,214977,41077,39561,3393,42954,321
2022-06-02,Yuba,115,75493,16531,16467,1348,17815,122
2022-06-01,Alameda,001,1643700,288347,284051,16066,300117,1868
2022-06-01,Alpine,003,1148,128,128,1,129,0
2022-06-01,Amador,005,37829,8867,8741,704,9445,87
2022-06-01,Butte,007,227075,34424,34059,7452,41511,427
2022-06-01,Calaveras,009,45235,7555,7502,389,7891,120
2022-06-01,Colusa,011,21464,3492,3476,1076,4552,21
2022-06-01,Contra Costa,013,1133247,210289,205699,15605,221304,1310
2022-06-01,Del Norte,015,27424,6245,6188,252,6440,51
2022-06-01,El Dorado,017,186661,28408,28133,3489,31622,214
2022-06-01,Fresno,019,978130,238653,237367,24831,262198,2765
2022-06-01,Glenn,021,27897,5089,5059,1654,6713,48
2022-06-01,Humboldt,023,135768,18542,18371,3605,21976,147
2022-06-01,Imperial,025,180216,56797,56445,10928,67373,938
2022-06-01,Inyo,027,18085,4194,4171,569,4740,56
2022-06-01,Kern,029,883053,196430,195438,47831,243269,2336
2022-06-01,Kings,031,150075,52682,52491,3577,56068,447
2022-06-01,Lake,033,64148,11129,11024,943,11967,137
2022-06-01,Lassen,035,31185,9116,9083,896,9979,64
2022-06-01,Los Angeles,037,10098052,2863098,2836856,135139,2971995,31882
2022-06-01,Madera,039,155013,38338,38115,6435,44550,372
2022-06-01,Marin,041,260295,38169,37654,4064,41718,293
2022-06-01,Mariposa,043,17540,2598,2549,240,2789,30
2022-06-01,Mendocino,045,87422,13836,13692,3480,17172,125
2022-06-01,Merced,047,269075,64035,63637,9248,72885,824
2022-06-01,Modoc,049,8938,758,755,258,1013,8
2022-06-01,Mono,051,14174,3043,3035,162,3197,6
2022-06-01,Monterey,053,433212,82901,82215,15741,97956,737
2022-06-01,Napa,055,140530,27904,27580,1160,28740,143
2022-06-01,Nevada,057,99092,16859,16693,1347,18040,127
2022-06-01,Orange,059,3164182,576306,571973,45774,617747,7032
2022-06-01,Placer,061,380077,66854,66199,8015,74214,627
2022-06-01,Plumas,063,18699,3144,3117,383,3500,13
2022-06-01,Riverside,065,2383286,612558,608913,29403,638316,6480
2022-06-01,Sacramento,067,1510023,299470,296457,28956,325413,3045
2022-06-01,San Benito,069,59416,13633,13510,617,14127,98
2022-06-01,San Bernardino,071,2135413,589472,580767,25722,606489,7641
2022-06-01,San Diego,073,3302833,796358,791557,57701,849258,5292
2022-06-01,San Francisco,075,870044,147215,144476,9633,154109,879
2022-06-01,San Joaquin,077,732212,173580,172170,11136,183306,2241
2022-06-01,San Luis Obispo,079,281455,55643,55099,4689,59788,482
2022-06-01,San Mateo,081,765935,139734,137566,8697,146263,710
2022-06-01,Santa Barbara,083,443738,91403,90531,5217,95748,693
2022-06-01,Santa Clara,085,1922200,354496,348742,14975,363717,2317
2022-06-01,Santa Cruz,087,273765,52648,52141,2495,54636,263
2022-06-01,Shasta,089,179085,31370,31247,6248,37495,564
2022-06-01,Sierra,091,2930,279,280,56,336,4
2022-06-01,Siskiyou,093,43540,4608,4574,2830,7404,81
2022-06-01,Solano,095,438530,88644,87206,6227,93433,452
2022-06-01,Sonoma,097,501317,92252,91174,3809,94983,491
2022-06-01,Stanislaus,099,539301,121564,120778,18317,139095,1656
2022-06-01,Sutter,101,95872,21151,21065,2213,23278,227
2022-06-01,Tehama,103,63373,12284,12245,2663,14908,204
2022-06-01,Trinity,105,12862,1207,1200,290,1490,20
2022-06-01,Tulare,107,460477,108730,108401,28996,137397,1490
2022-06-01,Tuolumne,109,53932,13339,13221,628,13849,189
2022-06-01,Ventura,111,848112,182499,181163,10848,192011,1503
2022-06-01,Yolo,113,214977,40993,39371,3382,42753,320
2022-06-01,Yuba,115,75493,16507,16406,1340,17746,122
2022-05-31,Alameda,001,1643700,287245,284051,16012,300063,1868
2022-05-31,Alpine,003,1148,128,128,1,129,0
2022-05-31,Amador,005,37829,8849,8741,698,9439,87
2022-05-31,Butte,007,227075,34363,34059,7434,41493,427
2022-05-31,Calaveras,009,45235,7544,7502,389,7891,120
2022-05-31,Colusa,011,21464,3487,3476,1075,4551,21
2022-05-31,Contra Costa,013,1133247,209542,205699,15510,221209,1310
2022-05-31,Del Norte,015,27424,6235,6188,250,6438,51
2022-05-31,El Dorado,017,186661,28346,28133,3469,31602,214
2022-05-31,Fresno,019,978130,238248,237367,24764,262131,2765
2022-05-31,Glenn,021,27897,5081,5059,1652,6711,48
2022-05-31,Humboldt,023,135768,18511,18371,3585,21956,147
2022-05-31,Imperial,025,180216,56733,56445,10904,67349,938
2022-05-31,Inyo,027,18085,4188,4171,567,4738,56
2022-05-31,Kern,029,883053,196187,195438,47736,243174,2336
2022-05-31,Kings,031,150075,52631,52491,3570,56061,447
2022-05-31,Lake,033,64148,11110,11024,939,11963,137
2022-05-31,Lassen,035,31185,9104,9083,895,9978,64
2022-05-31,Los Angeles,037,10098052,2857026,2836856,134677,2971533,31882
2022-05-31,Madera,039,155013,38273,38115,6416,44531,372
2022-05-31,Marin,041,260295,38031,37654,4028,41682,293
2022-05-31,Mariposa,043,17540,2592,2549,235,2784,30
2022-05-31,Mendocino,045,87422,13801,13692,3463,17155,125
2022-05-31,Merced,047,269075,63948,63637,9225,72862,824
2022-05-31,Modoc,049,8938,756,755,258,1013,8
2022-05-31,Mono,051,14174,3039,3035,162,3197,6
2022-05-31,Monterey,053,433212,82743,82215,15675,97890,737
2022-05-31,Napa,055,140530,27812,27580,1157,28737,143
2022-05-31,Nevada,057,99092,16813,16693,1345,18038,127
2022-05-31,Orange,059,3164182,575076,571973,45592,617565,7032
2022-05-31,Placer,061,380077,66694,66199,7985,74184,627
2022-05-31,Plumas,063,18699,3140,3117,382,3499,13
2022-05-31,Riverside,065,2383286,611643,608913,29341,638254,6480
2022-05-31,Sacramento,067,1510023,298608,296457,28816,325273,3045
2022-05-31,San Benito,069,59416,13577,13510,612,14122,98
2022-05-31,San Bernardino,071,2135413,588582,580767,25687,606454,7641
2022-05-31,San Diego,073,3302833,794479,791557,57498,849055,5292
2022-05-31,San Francisco,075,870044,146569,144476,9591,154067,879
2022-05-31,San Joaquin,077,732212,173202,172170,11097,183267,2241
2022-05-31,San Luis Obispo,079,281455,55493,55099,4625,59724,482
2022-05-31,San Mateo,081,765935,139177,137566,8655,146221,710
2022-05-31,Santa Barbara,083,443738,91179,90531,5194,95725,693
2022-05-31,Santa Clara,085,1922200,352983,348742,14898,363640,2317
2022-05-31,Santa Cruz,087,273765,52528,52141,2475,54616,263
2022-05-31,Shasta,089,179085,31336,31247,6237,37484,564
2022-05-31,Sierra,091,2930,278,280,55,335,4
2022-05-31,Siskiyou,093,43540,4603,4574,2824,7398,81
2022-05-31,Solano,095,438530,88315,87206,6205,93411,452
2022-05-31,Sonoma,097,501317,91963,91174,3769,94943,491
2022-05-31,Stanislaus,099,539301,121360,120778,18295,139073,1656
2022-05-31,Sutter,101,95872,21122,21065,2207,23272,227
2022-05-31,Tehama,103,63373,12275,12245,2658,14903,204
2022-05-31,Trinity,105,12862,1206,1200,290,1490,20
2022-05-31,Tulare,107,460477,108592,108401,28937,137338,1490
2022-05-31,Tuolumne,109,53932,13324,13221,625,13846,189
2022-05-31,Ventura,111,848112,182179,181163,10800,191963,1503
2022-05-31,Yolo,113,214977,40819,39371,3371,42742,320
2022-05-31,Yuba,115,75493,16475,16406,1334,17740,122
2022-05-30,Alameda,001,1643700,285870,284051,15923,299974,1868
2022-05-30,Alpine,003,1148,128,128,1,129,0
2022-05-30,Amador,005,37829,8834,8741,697,9438,87
2022-05-30,Butte,007,227075,34288,34059,7411,41470,427
2022-05-30,Calaveras,009,45235,7535,7502,389,7891,120
2022-05-30,Colusa,011,21464,3485,3476,1074,4550,21
2022-05-30,Contra Costa,013,1133247,208700,205699,15374,221073,1310
2022-05-30,Del Norte,015,27424,6218,6188,249,6437,51
2022-05-30,El Dorado,017,186661,28270,28133,3449,31582,214
2022-05-30,Fresno,019,978130,237778,237367,24693,262060,2765
2022-05-30,Glenn,021,27897,5076,5059,1649,6708,48
2022-05-30,Humboldt,023,135768,18457,18371,3557,21928,147
2022-05-30,Imperial,025,180216,56650,56445,10877,67322,938
2022-05-30,Inyo,027,18085,4183,4171,566,4737,56
2022-05-30,Kern,029,883053,195906,195438,47622,243060,2336
2022-05-30,Kings,031,150075,52535,52491,3570,56061,447
2022-05-30,Lake,033,64148,11081,11024,930,11954,137
2022-05-30,Lassen,035,31185,9090,9083,892,9975,64
2022-05-30,Los Angeles,037,10098052,2849699,2836856,134175,2971031,31882
2022-05-30,Madera,039,155013,38217,38115,6376,44491,372
2022-05-30,Marin,041,260295,37906,37654,3986,41640,293
2022-05-30,Mariposa,043,17540,2569,2549,231,2780,30
2022-05-30,Mendocino,045,87422,13754,13692,3445,17137,125
2022-05-30,Merced,047,269075,63854,63637,9186,72823,824
2022-05-30,Modoc,049,8938,753,755,256,1011,8
2022-05-30,Mono,051,14174,3036,3035,162,3197,6
2022-05-30,Monterey,053,433212,82555,82215,15587,97802,737
2022-05-30,Napa,055,140530,27735,27580,1149,28729,143
2022-05-30,Nevada,057,99092,16766,16693,1340,18033,127
2022-05-30,Orange,059,3164182,573610,571973,45379,617352,7032
2022-05-30,Placer,061,380077,66554,66199,7955,74154,627
2022-05-30,Plumas,063,18699,3134,3117,379,3496,13
2022-05-30,Riverside,065,2383286,610632,608913,29263,638176,6480
2022-05-30,Sacramento,067,1510023,297652,296457,28657,325114,3045
2022-05-30,San Benito,069,59416,13515,13510,604,14114,98
2022-05-30,San Bernardino,071,2135413,587585,580767,25651,606418,7641
2022-05-30,San Diego,073,3302833,792208,791557,57205,848762,5292
2022-05-30,San Francisco,075,870044,145904,144476,9537,154013,879
2022-05-30,San Joaquin,077,732212,172805,172170,11058,183228,2241
2022-05-30,San Luis Obispo,079,281455,55289,55099,4556,59655,482
2022-05-30,San Mateo,081,765935,138501,137566,8603,146169,710
2022-05-30,Santa Barbara,083,443738,90923,90531,5160,95691,693
2022-05-30,Santa Clara,085,1922200,351426,348742,14807,363549,2317
2022-05-30,Santa Cruz,087,273765,52390,52141,2465,54606,263
2022-05-30,Shasta,089,179085,31298,31247,6230,37477,564
2022-05-30,Sierra,091,2930,278,280,55,335,4
2022-05-30,Siskiyou,093,43540,4594,4574,2812,7386,81
2022-05-30,Solano,095,438530,87971,87206,6152,93358,452
2022-05-30,Sonoma,097,501317,91675,91174,3725,94899,491
2022-05-30,Stanislaus,099,539301,121168,120778,18267,139045,1656
2022-05-30,Sutter,101,95872,21083,21065,2201,23266,227
2022-05-30,Tehama,103,63373,12259,12245,2654,14899,204
2022-05-30,Trinity,105,12862,1205,1200,290,1490,20
2022-05-30,Tulare,107,460477,108433,108401,28848,137249,1490
2022-05-30,Tuolumne,109,53932,13300,13221,621,13842,189
2022-05-30,Ventura,111,848112,181806,181163,10750,191913,1503
2022-05-30,Yolo,113,214977,40628,39371,3361,42732,320
2022-05-30,Yuba,115,75493,16447,16406,1330,17736,122
2022-05-29,Alameda,001,1643700,285393,280775,15899,296674,1863
2022-05-29,Alpine,003,1148,128,126,1,127,0
2022-05-29,Amador,005,37829,8829,8696,694,9390,86
2022-05-29,Butte,007,227075,34272,33876,7404,41280,426
2022-05-29,Calaveras,009,45235,7524,7469,389,7858,120
2022-05-29,Colusa,011,21464,3484,3474,1073,4547,21
2022-05-29,Contra Costa,013,1133247,208355,203528,15350,218878,1306
2022-05-29,Del Norte,015,27424,6216,6166,248,6414,51
2022-05-29,El Dorado,017,186661,28243,27898,3446,31344,214
2022-05-29,Fresno,019,978130,237652,236250,24674,260924,2764
2022-05-29,Glenn,021,27897,5071,5048,1649,6697,48
2022-05-29,Humboldt,023,135768,18436,18257,3546,21803,147
2022-05-29,Imperial,025,180216,56613,56323,10863,67186,939
2022-05-29,Inyo,027,18085,4182,4161,566,4727,56
2022-05-29,Kern,029,883053,195807,194687,47558,242245,2334
2022-05-29,Kings,031,150075,52509,52292,3570,55862,447
2022-05-29,Lake,033,64148,11072,10958,928,11886,137
2022-05-29,Lassen,035,31185,9086,9049,892,9941,64
2022-05-29,Los Angeles,037,10098052,2847502,2819145,133908,2953053,31862
2022-05-29,Madera,039,155013,38195,37955,6371,44326,371
2022-05-29,Marin,041,260295,37838,37215,3954,41169,293
2022-05-29,Mariposa,043,17540,2564,2526,231,2757,31
2022-05-29,Mendocino,045,87422,13734,13612,3444,17056,124
2022-05-29,Merced,047,269075,63833,63389,9183,72572,824
2022-05-29,Modoc,049,8938,753,751,256,1007,8
2022-05-29,Mono,051,14174,3035,3030,162,3192,6
2022-05-29,Monterey,053,433212,82491,81875,15543,97418,737
2022-05-29,Napa,055,140530,27707,27376,1148,28524,144
2022-05-29,Nevada,057,99092,16751,16568,1338,17906,127
2022-05-29,Orange,059,3164182,573034,568369,45206,613575,7028
2022-05-29,Placer,061,380077,66484,65672,7946,73618,626
2022-05-29,Plumas,063,18699,3127,3096,379,3475,13
2022-05-29,Riverside,065,2383286,610289,606444,29228,635672,6480
2022-05-29,Sacramento,067,1510023,297199,294000,28635,322635,3032
2022-05-29,San Benito,069,59416,13509,13402,602,14004,98
2022-05-29,San Bernardino,071,2135413,587295,578656,25635,604291,7610
2022-05-29,San Diego,073,3302833,791470,786243,57127,843370,5288
2022-05-29,San Francisco,075,870044,145474,142456,9528,151984,879
2022-05-29,San Joaquin,077,732212,172643,171282,11040,182322,2241
2022-05-29,San Luis Obispo,079,281455,55237,54701,4544,59245,481
2022-05-29,San Mateo,081,765935,138250,135746,8590,144336,710
2022-05-29,Santa Barbara,083,443738,90794,89940,5159,95099,693
2022-05-29,Santa Clara,085,1922200,350629,344223,14768,358991,2304
2022-05-29,Santa Cruz,087,273765,52314,51819,2458,54277,263
2022-05-29,Shasta,089,179085,31286,31165,6226,37391,564
2022-05-29,Sierra,091,2930,278,278,55,333,4
2022-05-29,Siskiyou,093,43540,4589,4537,2810,7347,81
2022-05-29,Solano,095,438530,87918,86565,6141,92706,452
2022-05-29,Sonoma,097,501317,91583,90364,3710,94074,490
2022-05-29,Stanislaus,099,539301,121069,120241,18251,138492,1657
2022-05-29,Sutter,101,95872,21063,20976,2201,23177,227
2022-05-29,Tehama,103,63373,12248,12210,2653,14863,204
2022-05-29,Trinity,105,12862,1204,1196,290,1486,20
2022-05-29,Tulare,107,460477,108350,108029,28803,136832,1484
2022-05-29,Tuolumne,109,53932,13285,13141,621,13762,189
2022-05-29,Ventura,111,848112,181661,179953,10741,190694,1503
2022-05-29,Yolo,113,214977,40577,39016,3358,42374,319
2022-05-29,Yuba,115,75493,16431,16314,1326,17640,122
2022-05-28,Alameda,001,1643700,285017,280775,15874,296649,1863
2022-05-28,Alpine,003,1148,128,126,1,127,0
2022-05-28,Amador,005,37829,8820,8696,694,9390,86
2022-05-28,Butte,007,227075,34249,33876,7388,41264,426
2022-05-28,Calaveras,009,45235,7520,7469,389,7858,120
2022-05-28,Colusa,011,21464,3479,3474,1072,4546,21
2022-05-28,Contra Costa,013,1133247,208089,203528,15325,218853,1306
2022-05-28,Del Norte,015,27424,6213,6166,246,6412,51
2022-05-28,El Dorado,017,186661,28213,27898,3445,31343,214
2022-05-28,Fresno,019,978130,237495,236250,24643,260893,2764
2022-05-28,Glenn,021,27897,5068,5048,1649,6697,48
2022-05-28,Humboldt,023,135768,18412,18257,3536,21793,147
2022-05-28,Imperial,025,180216,56587,56323,10853,67176,939
2022-05-28,Inyo,027,18085,4182,4161,564,4725,56
2022-05-28,Kern,029,883053,195707,194687,47507,242194,2334
2022-05-28,Kings,031,150075,52485,52292,3569,55861,447
2022-05-28,Lake,033,64148,11062,10958,928,11886,137
2022-05-28,Lassen,035,31185,9081,9049,892,9941,64
2022-05-28,Los Angeles,037,10098052,2845522,2819145,133642,2952787,31862
2022-05-28,Madera,039,155013,38178,37955,6368,44323,371
2022-05-28,Marin,041,260295,37771,37215,3924,41139,293
2022-05-28,Mariposa,043,17540,2560,2526,231,2757,31
2022-05-28,Mendocino,045,87422,13722,13612,3444,17056,124
2022-05-28,Merced,047,269075,63799,63389,9179,72568,824
2022-05-28,Modoc,049,8938,753,751,256,1007,8
2022-05-28,Mono,051,14174,3035,3030,161,3191,6
2022-05-28,Monterey,053,433212,82424,81875,15511,97386,737
2022-05-28,Napa,055,140530,27662,27376,1147,28523,144
2022-05-28,Nevada,057,99092,16739,16568,1336,17904,127
2022-05-28,Orange,059,3164182,572519,568369,45088,613457,7028
2022-05-28,Placer,061,380077,66409,65672,7932,73604,626
2022-05-28,Plumas,063,18699,3121,3096,378,3474,13
2022-05-28,Riverside,065,2383286,609911,606444,29200,635644,6480
2022-05-28,Sacramento,067,1510023,296927,294000,28617,322617,3032
2022-05-28,San Benito,069,59416,13494,13402,602,14004,98
2022-05-28,San Bernardino,071,2135413,586928,578656,25608,604264,7610
2022-05-28,San Diego,073,3302833,790811,786243,57080,843323,5288
2022-05-28,San Francisco,075,870044,145169,142456,9507,151963,879
2022-05-28,San Joaquin,077,732212,172539,171282,11024,182306,2241
2022-05-28,San Luis Obispo,079,281455,55202,54701,4541,59242,481
2022-05-28,San Mateo,081,765935,137976,135746,8563,144309,710
2022-05-28,Santa Barbara,083,443738,90694,89940,5149,95089,693
2022-05-28,Santa Clara,085,1922200,349841,344223,14741,358964,2304
2022-05-28,Santa Cruz,087,273765,52273,51819,2450,54269,263
2022-05-28,Shasta,089,179085,31275,31165,6221,37386,564
2022-05-28,Sierra,091,2930,278,278,54,332,4
2022-05-28,Siskiyou,093,43540,4581,4537,2806,7343,81
2022-05-28,Solano,095,438530,87845,86565,6131,92696,452
2022-05-28,Sonoma,097,501317,91443,90364,3699,94063,490
2022-05-28,Stanislaus,099,539301,120970,120241,18245,138486,1657
2022-05-28,Sutter,101,95872,21048,20976,2199,23175,227
2022-05-28,Tehama,103,63373,12236,12210,2650,14860,204
2022-05-28,Trinity,105,12862,1203,1196,290,1486,20
2022-05-28,Tulare,107,460477,108292,108029,28770,136799,1484
2022-05-28,Tuolumne,109,53932,13270,13141,620,13761,189
2022-05-28,Ventura,111,848112,181494,179953,10721,190674,1503
2022-05-28,Yolo,113,214977,40523,39016,3351,42367,319
2022-05-28,Yuba,115,75493,16417,16314,1324,17638,122
2022-05-27,Alameda,001,1643700,284545,280775,15837,296612,1863
2022-05-27,Alpine,003,1148,127,126,1,127,0
2022-05-27,Amador,005,37829,8815,8696,694,9390,86
2022-05-27,Butte,007,227075,34222,33876,7372,41248,426
2022-05-27,Calaveras,009,45235,7513,7469,389,7858,120
2022-05-27,Colusa,011,21464,3479,3474,1072,4546,21
2022-05-27,Contra Costa,013,1133247,207808,203528,15293,218821,1306
2022-05-27,Del Norte,015,27424,6207,6166,246,6412,51
2022-05-27,El Dorado,017,186661,28189,27898,3437,31335,214
2022-05-27,Fresno,019,978130,237323,236250,24611,260861,2764
2022-05-27,Glenn,021,27897,5066,5048,1648,6696,48
2022-05-27,Humboldt,023,135768,18402,18257,3530,21787,147
2022-05-27,Imperial,025,180216,56504,56323,10848,67171,939
2022-05-27,Inyo,027,18085,4180,4161,563,4724,56
2022-05-27,Kern,029,883053,195598,194687,47440,242127,2334
2022-05-27,Kings,031,150075,52457,52292,3566,55858,447
2022-05-27,Lake,033,64148,11056,10958,926,11884,137
2022-05-27,Lassen,035,31185,9077,9049,892,9941,64
2022-05-27,Los Angeles,037,10098052,2843171,2819145,133395,2952540,31862
2022-05-27,Madera,039,155013,38144,37955,6359,44314,371
2022-05-27,Marin,041,260295,37705,37215,3890,41105,293
2022-05-27,Mariposa,043,17540,2554,2526,231,2757,31
2022-05-27,Mendocino,045,87422,13705,13612,3440,17052,124
2022-05-27,Merced,047,269075,63754,63389,9177,72566,824
2022-05-27,Modoc,049,8938,753,751,256,1007,8
2022-05-27,Mono,051,14174,3034,3030,161,3191,6
2022-05-27,Monterey,053,433212,82365,81875,15465,97340,737
2022-05-27,Napa,055,140530,27630,27376,1144,28520,144
2022-05-27,Nevada,057,99092,16728,16568,1332,17900,127
2022-05-27,Orange,059,3164182,571961,568369,44978,613347,7028
2022-05-27,Placer,061,380077,66340,65672,7922,73594,626
2022-05-27,Plumas,063,18699,3118,3096,378,3474,13
2022-05-27,Riverside,065,2383286,609498,606444,29168,635612,6480
2022-05-27,Sacramento,067,1510023,296549,294000,28579,322579,3032
2022-05-27,San Benito,069,59416,13483,13402,602,14004,98
2022-05-27,San Bernardino,071,2135413,586590,578656,25583,604239,7610
2022-05-27,San Diego,073,3302833,789933,786243,56989,843232,5288
2022-05-27,San Francisco,075,870044,144837,142456,9467,151923,879
2022-05-27,San Joaquin,077,732212,172409,171282,11005,182287,2241
2022-05-27,San Luis Obispo,079,281455,55141,54701,4528,59229,481
2022-05-27,San Mateo,081,765935,137727,135746,8538,144284,710
2022-05-27,Santa Barbara,083,443738,90605,89940,5148,95088,693
2022-05-27,Santa Clara,085,1922200,349087,344223,14723,358946,2304
2022-05-27,Santa Cruz,087,273765,52218,51819,2438,54257,263
2022-05-27,Shasta,089,179085,31265,31165,6215,37380,564
2022-05-27,Sierra,091,2930,278,278,54,332,4
2022-05-27,Siskiyou,093,43540,4578,4537,2804,7341,81
2022-05-27,Solano,095,438530,87719,86565,6120,92685,452
2022-05-27,Sonoma,097,501317,91297,90364,3687,94051,490
2022-05-27,Stanislaus,099,539301,120887,120241,18231,138472,1657
2022-05-27,Sutter,101,95872,21031,20976,2198,23174,227
2022-05-27,Tehama,103,63373,12233,12210,2649,14859,204
2022-05-27,Trinity,105,12862,1203,1196,290,1486,20
2022-05-27,Tulare,107,460477,108225,108029,28733,136762,1484
2022-05-27,Tuolumne,109,53932,13260,13141,619,13760,189
2022-05-27,Ventura,111,848112,181317,179953,10698,190651,1503
2022-05-27,Yolo,113,214977,40452,39016,3343,42359,319
2022-05-27,Yuba,115,75493,16403,16314,1323,17637,122
2022-05-26,Alameda,001,1643700,283694,280775,15758,296533,1863
2022-05-26,Alpine,003,1148,127,126,1,127,0
2022-05-26,Amador,005,37829,8802,8696,694,9390,86
2022-05-26,Butte,007,227075,34167,33876,7350,41226,426
2022-05-26,Calaveras,009,45235,7503,7469,389,7858,120
2022-05-26,Colusa,011,21464,3476,3474,1069,4543,21
2022-05-26,Contra Costa,013,1133247,207330,203528,15220,218748,1306
2022-05-26,Del Norte,015,27424,6199,6166,242,6408,51
2022-05-26,El Dorado,017,186661,28140,27898,3426,31324,214
2022-05-26,Fresno,019,978130,237067,236250,24557,260807,2764
2022-05-26,Glenn,021,27897,5061,5048,1648,6696,48
2022-05-26,Humboldt,023,135768,18361,18257,3517,21774,147
2022-05-26,Imperial,025,180216,56471,56323,10833,67156,939
2022-05-26,Inyo,027,18085,4179,4161,560,4721,56
2022-05-26,Kern,029,883053,195434,194687,47366,242053,2334
2022-05-26,Kings,031,150075,52411,52292,3563,55855,447
2022-05-26,Lake,033,64148,11041,10958,926,11884,137
2022-05-26,Lassen,035,31185,9068,9049,892,9941,64
2022-05-26,Los Angeles,037,10098052,2839005,2819145,133062,2952207,31862
2022-05-26,Madera,039,155013,38102,37955,6348,44303,371
2022-05-26,Marin,041,260295,37610,37215,3849,41064,293
2022-05-26,Mariposa,043,17540,2549,2526,229,2755,31
2022-05-26,Mendocino,045,87422,13679,13612,3431,17043,124
2022-05-26,Merced,047,269075,63688,63389,9168,72557,824
2022-05-26,Modoc,049,8938,752,751,256,1007,8
2022-05-26,Mono,051,14174,3033,3030,160,3190,6
2022-05-26,Monterey,053,433212,82286,81875,15412,97287,737
2022-05-26,Napa,055,140530,27578,27376,1142,28518,144
2022-05-26,Nevada,057,99092,16697,16568,1323,17891,127
2022-05-26,Orange,059,3164182,571054,568369,44859,613228,7028
2022-05-26,Placer,061,380077,66204,65672,7902,73574,626
2022-05-26,Plumas,063,18699,3114,3096,377,3473,13
2022-05-26,Riverside,065,2383286,608884,606444,29116,635560,6480
2022-05-26,Sacramento,067,1510023,295893,294000,28491,322491,3032
2022-05-26,San Benito,069,59416,13467,13402,600,14002,98
2022-05-26,San Bernardino,071,2135413,586046,578656,25567,604223,7610
2022-05-26,San Diego,073,3302833,788630,786243,56847,843090,5288
2022-05-26,San Francisco,075,870044,144382,142456,9420,151876,879
2022-05-26,San Joaquin,077,732212,172188,171282,10980,182262,2241
2022-05-26,San Luis Obispo,079,281455,55045,54701,4495,59196,481
2022-05-26,San Mateo,081,765935,137340,135746,8500,144246,710
2022-05-26,Santa Barbara,083,443738,90459,89940,5128,95068,693
2022-05-26,Santa Clara,085,1922200,348116,344223,14636,358859,2304
2022-05-26,Santa Cruz,087,273765,52127,51819,2430,54249,263
2022-05-26,Shasta,089,179085,31239,31165,6212,37377,564
2022-05-26,Sierra,091,2930,278,278,54,332,4
2022-05-26,Siskiyou,093,43540,4574,4537,2802,7339,81
2022-05-26,Solano,095,438530,87519,86565,6113,92678,452
2022-05-26,Sonoma,097,501317,91105,90364,3660,94024,490
2022-05-26,Stanislaus,099,539301,120783,120241,18215,138456,1657
2022-05-26,Sutter,101,95872,21011,20976,2194,23170,227
2022-05-26,Tehama,103,63373,12223,12210,2648,14858,204
2022-05-26,Trinity,105,12862,1201,1196,290,1486,20
2022-05-26,Tulare,107,460477,108157,108029,28677,136706,1484
2022-05-26,Tuolumne,109,53932,13239,13141,615,13756,189
2022-05-26,Ventura,111,848112,181053,179953,10663,190616,1503
2022-05-26,Yolo,113,214977,40347,39016,3334,42350,319
2022-05-26,Yuba,115,75493,16387,16314,1321,17635,122
2022-05-25,Alameda,001,1643700,282795,278228,15696,293924,1860
2022-05-25,Alpine,003,1148,126,126,1,127,0
2022-05-25,Amador,005,37829,8786,8654,692,9346,86
2022-05-25,Butte,007,227075,34105,33755,7327,41082,426
2022-05-25,Calaveras,009,45235,7495,7450,387,7837,120
2022-05-25,Colusa,011,21464,3475,3471,1067,4538,21
2022-05-25,Contra Costa,013,1133247,206779,201866,15147,217013,1306
2022-05-25,Del Norte,015,27424,6193,6145,236,6381,50
2022-05-25,El Dorado,017,186661,28087,27715,3417,31132,213
2022-05-25,Fresno,019,978130,236784,235569,24505,260074,2763
2022-05-25,Glenn,021,27897,5056,5030,1646,6676,48
2022-05-25,Humboldt,023,135768,18334,18133,3498,21631,147
2022-05-25,Imperial,025,180216,56413,56203,10822,67025,923
2022-05-25,Inyo,027,18085,4176,4152,560,4712,56
2022-05-25,Kern,029,883053,195241,194251,47278,241529,2336
2022-05-25,Kings,031,150075,52357,52178,3559,55737,447
2022-05-25,Lake,033,64148,11028,10908,925,11833,137
2022-05-25,Lassen,035,31185,9061,9028,892,9920,64
2022-05-25,Los Angeles,037,10098052,2834382,2806770,132697,2939467,31845
2022-05-25,Madera,039,155013,38063,37867,6335,44202,370
2022-05-25,Marin,041,260295,37510,36890,3821,40711,293
2022-05-25,Mariposa,043,17540,2539,2514,227,2741,30
2022-05-25,Mendocino,045,87422,13664,13545,3425,16970,124
2022-05-25,Merced,047,269075,63621,63220,9138,72358,823
2022-05-25,Modoc,049,8938,751,750,255,1005,8
2022-05-25,Mono,051,14174,3033,3024,159,3183,6
2022-05-25,Monterey,053,433212,82219,81592,15369,96961,737
2022-05-25,Napa,055,140530,27528,27240,1136,28376,143
2022-05-25,Nevada,057,99092,16662,16517,1317,17834,127
2022-05-25,Orange,059,3164182,570045,565564,44706,610270,7026
2022-05-25,Placer,061,380077,66053,65309,7881,73190,626
2022-05-25,Plumas,063,18699,3108,3065,376,3441,13
2022-05-25,Riverside,065,2383286,608208,604465,29064,633529,6480
2022-05-25,Sacramento,067,1510023,295250,292211,28382,320593,3028
2022-05-25,San Benito,069,59416,13432,13338,593,13931,98
2022-05-25,San Bernardino,071,2135413,585508,576982,25541,602523,7568
2022-05-25,San Diego,073,3302833,787163,782420,56665,839085,5284
2022-05-25,San Francisco,075,870044,143881,141015,9393,150408,872
2022-05-25,San Joaquin,077,732212,171951,170626,10960,181586,2238
2022-05-25,San Luis Obispo,079,281455,54939,54342,4442,58784,481
2022-05-25,San Mateo,081,765935,136883,134441,8435,142876,710
2022-05-25,Santa Barbara,083,443738,90292,89426,5113,94539,693
2022-05-25,Santa Clara,085,1922200,347046,340868,14529,355397,2304
2022-05-25,Santa Cruz,087,273765,52045,51644,2415,54059,263
2022-05-25,Shasta,089,179085,31212,31072,6203,37275,564
2022-05-25,Sierra,091,2930,278,277,54,331,4
2022-05-25,Siskiyou,093,43540,4564,4516,2799,7315,81
2022-05-25,Solano,095,438530,87310,86024,6096,92120,451
2022-05-25,Sonoma,097,501317,90912,89810,3621,93431,490
2022-05-25,Stanislaus,099,539301,120646,119894,18193,138087,1654
2022-05-25,Sutter,101,95872,20987,20904,2190,23094,226
2022-05-25,Tehama,103,63373,12217,12189,2644,14833,201
2022-05-25,Trinity,105,12862,1201,1194,290,1484,20
2022-05-25,Tulare,107,460477,108076,107790,28634,136424,1482
2022-05-25,Tuolumne,109,53932,13218,13086,612,13698,182
2022-05-25,Ventura,111,848112,180762,179116,10626,189742,1499
2022-05-25,Yolo,113,214977,40252,38782,3324,42106,319
2022-05-25,Yuba,115,75493,16360,16260,1315,17575,122
2022-05-24,Alameda,001,1643700,281918,278228,15637,293865,1860
2022-05-24,Alpine,003,1148,126,126,1,127,0
2022-05-24,Amador,005,37829,8779,8654,688,9342,86
2022-05-24,Butte,007,227075,34060,33755,7305,41060,426
2022-05-24,Calaveras,009,45235,7488,7450,385,7835,120
2022-05-24,Colusa,011,21464,3473,3471,1065,4536,21
2022-05-24,Contra Costa,013,1133247,206129,201866,15047,216913,1306
2022-05-24,Del Norte,015,27424,6188,6145,234,6379,50
2022-05-24,El Dorado,017,186661,28019,27715,3410,31125,213
2022-05-24,Fresno,019,978130,236467,235569,24469,260038,2763
2022-05-24,Glenn,021,27897,5054,5030,1646,6676,48
2022-05-24,Humboldt,023,135768,18302,18133,3480,21613,147
2022-05-24,Imperial,025,180216,56360,56203,10809,67012,923
2022-05-24,Inyo,027,18085,4168,4152,557,4709,56
2022-05-24,Kern,029,883053,195047,194251,47171,241422,2336
2022-05-24,Kings,031,150075,52289,52178,3554,55732,447
2022-05-24,Lake,033,64148,11011,10908,923,11831,137
2022-05-24,Lassen,035,31185,9048,9028,888,9916,64
2022-05-24,Los Angeles,037,10098052,2829091,2806770,132312,2939082,31845
2022-05-24,Madera,039,155013,38014,37867,6320,44187,370
2022-05-24,Marin,041,260295,37404,36890,3770,40660,293
2022-05-24,Mariposa,043,17540,2532,2514,225,2739,30
2022-05-24,Mendocino,045,87422,13640,13545,3415,16960,124
2022-05-24,Merced,047,269075,63560,63220,9107,72327,823
2022-05-24,Modoc,049,8938,750,750,254,1004,8
2022-05-24,Mono,051,14174,3030,3024,159,3183,6
2022-05-24,Monterey,053,433212,82128,81592,15308,96900,737
2022-05-24,Napa,055,140530,27480,27240,1124,28364,143
2022-05-24,Nevada,057,99092,16620,16517,1310,17827,127
2022-05-24,Orange,059,3164182,569014,565564,44538,610102,7026
2022-05-24,Placer,061,380077,65953,65309,7865,73174,626
2022-05-24,Plumas,063,18699,3102,3065,376,3441,13
2022-05-24,Riverside,065,2383286,607512,604465,29015,633480,6480
2022-05-24,Sacramento,067,1510023,294565,292211,28261,320472,3028
2022-05-24,San Benito,069,59416,13398,13338,591,13929,98
2022-05-24,San Bernardino,071,2135413,584888,576982,25512,602494,7568
2022-05-24,San Diego,073,3302833,785510,782420,56460,838880,5284
2022-05-24,San Francisco,075,870044,143339,141015,9365,150380,872
2022-05-24,San Joaquin,077,732212,171688,170626,10930,181556,2238
2022-05-24,San Luis Obispo,079,281455,54789,54342,4388,58730,481
2022-05-24,San Mateo,081,765935,136352,134441,8380,142821,710
2022-05-24,Santa Barbara,083,443738,90130,89426,5086,94512,693
2022-05-24,Santa Clara,085,1922200,345762,340868,14436,355304,2304
2022-05-24,Santa Cruz,087,273765,51970,51644,2405,54049,263
2022-05-24,Shasta,089,179085,31187,31072,6191,37263,564
2022-05-24,Sierra,091,2930,278,277,54,331,4
2022-05-24,Siskiyou,093,43540,4554,4516,2791,7307,81
2022-05-24,Solano,095,438530,87079,86024,6066,92090,451
2022-05-24,Sonoma,097,501317,90706,89810,3583,93393,490
2022-05-24,Stanislaus,099,539301,120508,119894,18158,138052,1654
2022-05-24,Sutter,101,95872,20966,20904,2186,23090,226
2022-05-24,Tehama,103,63373,12208,12189,2642,14831,201
2022-05-24,Trinity,105,12862,1198,1194,290,1484,20
2022-05-24,Tulare,107,460477,107959,107790,28580,136370,1482
2022-05-24,Tuolumne,109,53932,13203,13086,612,13698,182
2022-05-24,Ventura,111,848112,180447,179116,10576,189692,1499
2022-05-24,Yolo,113,214977,40148,38782,3319,42101,319
2022-05-24,Yuba,115,75493,16332,16260,1307,17567,122
2022-05-23,Alameda,001,1643700,280977,278228,15551,293779,1860
2022-05-23,Alpine,003,1148,126,126,1,127,0
2022-05-23,Amador,005,37829,8747,8654,685,9339,86
2022-05-23,Butte,007,227075,34012,33755,7278,41033,426
2022-05-23,Calaveras,009,45235,7481,7450,383,7833,120
2022-05-23,Colusa,011,21464,3472,3471,1063,4534,21
2022-05-23,Contra Costa,013,1133247,205395,201866,14964,216830,1306
2022-05-23,Del Norte,015,27424,6183,6145,230,6375,50
2022-05-23,El Dorado,017,186661,27937,27715,3401,31116,213
2022-05-23,Fresno,019,978130,236119,235569,24402,259971,2763
2022-05-23,Glenn,021,27897,5050,5030,1642,6672,48
2022-05-23,Humboldt,023,135768,18275,18133,3458,21591,147
2022-05-23,Imperial,025,180216,56315,56203,10789,66992,923
2022-05-23,Inyo,027,18085,4165,4152,556,4708,56
2022-05-23,Kern,029,883053,194829,194251,47085,241336,2336
2022-05-23,Kings,031,150075,52242,52178,3549,55727,447
2022-05-23,Lake,033,64148,10992,10908,921,11829,137
2022-05-23,Lassen,035,31185,9040,9028,885,9913,64
2022-05-23,Los Angeles,037,10098052,2823665,2806770,131943,2938713,31845
2022-05-23,Madera,039,155013,37983,37867,6297,44164,370
2022-05-23,Marin,041,260295,37263,36890,3725,40615,293
2022-05-23,Mariposa,043,17540,2530,2514,223,2737,30
2022-05-23,Mendocino,045,87422,13618,13545,3401,16946,124
2022-05-23,Merced,047,269075,63481,63220,9079,72299,823
2022-05-23,Modoc,049,8938,749,750,254,1004,8
2022-05-23,Mono,051,14174,3030,3024,159,3183,6
2022-05-23,Monterey,053,433212,82029,81592,15243,96835,737
2022-05-23,Napa,055,140530,27423,27240,1117,28357,143
2022-05-23,Nevada,057,99092,16585,16517,1307,17824,127
2022-05-23,Orange,059,3164182,568003,565564,44394,609958,7026
2022-05-23,Placer,061,380077,65808,65309,7833,73142,626
2022-05-23,Plumas,063,18699,3099,3065,375,3440,13
2022-05-23,Riverside,065,2383286,606787,604465,28962,633427,6480
2022-05-23,Sacramento,067,1510023,293815,292211,28138,320349,3028
2022-05-23,San Benito,069,59416,13363,13338,588,13926,98
2022-05-23,San Bernardino,071,2135413,584240,576982,25479,602461,7568
2022-05-23,San Diego,073,3302833,783791,782420,56247,838667,5284
2022-05-23,San Francisco,075,870044,142763,141015,9331,150346,872
2022-05-23,San Joaquin,077,732212,171418,170626,10899,181525,2238
2022-05-23,San Luis Obispo,079,281455,54643,54342,4341,58683,481
2022-05-23,San Mateo,081,765935,135783,134441,8329,142770,710
2022-05-23,Santa Barbara,083,443738,89895,89426,5062,94488,693
2022-05-23,Santa Clara,085,1922200,344388,340868,14348,355216,2304
2022-05-23,Santa Cruz,087,273765,51868,51644,2390,54034,263
2022-05-23,Shasta,089,179085,31164,31072,6185,37257,564
2022-05-23,Sierra,091,2930,278,277,54,331,4
2022-05-23,Siskiyou,093,43540,4540,4516,2787,7303,81
2022-05-23,Solano,095,438530,86807,86024,6046,92070,451
2022-05-23,Sonoma,097,501317,90478,89810,3534,93344,490
2022-05-23,Stanislaus,099,539301,120368,119894,18118,138012,1654
2022-05-23,Sutter,101,95872,20926,20904,2181,23085,226
2022-05-23,Tehama,103,63373,12196,12189,2641,14830,201
2022-05-23,Trinity,105,12862,1197,1194,290,1484,20
2022-05-23,Tulare,107,460477,107837,107790,28511,136301,1482
2022-05-23,Tuolumne,109,53932,13179,13086,608,13694,182
2022-05-23,Ventura,111,848112,180115,179116,10546,189662,1499
2022-05-23,Yolo,113,214977,40015,38782,3303,42085,319
2022-05-23,Yuba,115,75493,16303,16260,1303,17563,122
2022-05-22,Alameda,001,1643700,279885,274996,15443,290439,1858
2022-05-22,Alpine,003,1148,126,126,1,127,0
2022-05-22,Amador,005,37829,8730,8628,679,9307,86
2022-05-22,Butte,007,227075,33960,33606,7252,40858,426
2022-05-22,Calaveras,009,45235,7470,7424,379,7803,120
2022-05-22,Colusa,011,21464,3468,3468,1060,4528,21
2022-05-22,Contra Costa,013,1133247,204669,199703,14831,214534,1305
2022-05-22,Del Norte,015,27424,6168,6045,219,6264,50
2022-05-22,El Dorado,017,186661,27860,27517,3385,30902,213
2022-05-22,Fresno,019,978130,235780,234657,24351,259008,2760
2022-05-22,Glenn,021,27897,5040,5020,1641,6661,48
2022-05-22,Humboldt,023,135768,18221,17984,3430,21414,146
2022-05-22,Imperial,025,180216,56247,56014,10774,66788,923
2022-05-22,Inyo,027,18085,4157,4135,554,4689,56
2022-05-22,Kern,029,883053,194593,193705,46985,240690,2334
2022-05-22,Kings,031,150075,52179,52038,3543,55581,447
2022-05-22,Lake,033,64148,10960,10867,919,11786,137
2022-05-22,Lassen,035,31185,9024,9011,882,9893,64
2022-05-22,Los Angeles,037,10098052,2817782,2791671,131514,2923185,31815
2022-05-22,Madera,039,155013,37937,37744,6262,44006,370
2022-05-22,Marin,041,260295,37116,36394,3681,40075,293
2022-05-22,Mariposa,043,17540,2526,2490,222,2712,30
2022-05-22,Mendocino,045,87422,13590,13461,3372,16833,124
2022-05-22,Merced,047,269075,63402,62969,9048,72017,823
2022-05-22,Modoc,049,8938,748,750,254,1004,8
2022-05-22,Mono,051,14174,3029,3012,159,3171,6
2022-05-22,Monterey,053,433212,81870,81224,15143,96367,735
2022-05-22,Napa,055,140530,27352,27034,1109,28143,143
2022-05-22,Nevada,057,99092,16551,16410,1295,17705,127
2022-05-22,Orange,059,3164182,566910,562531,44218,606749,7025
2022-05-22,Placer,061,380077,65649,64802,7801,72603,626
2022-05-22,Plumas,063,18699,3092,3052,373,3425,13
2022-05-22,Riverside,065,2383286,605953,601808,28896,630704,6476
2022-05-22,Sacramento,067,1510023,293016,289972,27977,317949,3027
2022-05-22,San Benito,069,59416,13331,13234,582,13816,98
2022-05-22,San Bernardino,071,2135413,583521,575194,25440,600634,7523
2022-05-22,San Diego,073,3302833,782173,777404,56052,833456,5282
2022-05-22,San Francisco,075,870044,142072,138922,9314,148236,871
2022-05-22,San Joaquin,077,732212,171117,169745,10860,180605,2237
2022-05-22,San Luis Obispo,079,281455,54488,54012,4280,58292,481
2022-05-22,San Mateo,081,765935,135219,132636,8276,140912,711
2022-05-22,Santa Barbara,083,443738,89664,88783,5027,93810,692
2022-05-22,Santa Clara,085,1922200,342949,336488,14269,350757,2301
2022-05-22,Santa Cruz,087,273765,51777,51333,2376,53709,263
2022-05-22,Shasta,089,179085,31115,30966,6173,37139,564
2022-05-22,Sierra,091,2930,278,276,54,330,4
2022-05-22,Siskiyou,093,43540,4531,4501,2786,7287,81
2022-05-22,Solano,095,438530,86527,85038,6013,91051,451
2022-05-22,Sonoma,097,501317,90190,88889,3479,92368,489
2022-05-22,Stanislaus,099,539301,120195,119396,18095,137491,1653
2022-05-22,Sutter,101,95872,20897,20809,2173,22982,226
2022-05-22,Tehama,103,63373,12188,12162,2636,14798,201
2022-05-22,Trinity,105,12862,1197,1191,289,1480,20
2022-05-22,Tulare,107,460477,107731,107485,28428,135913,1477
2022-05-22,Tuolumne,109,53932,13159,12977,606,13583,182
2022-05-22,Ventura,111,848112,179770,178024,10497,188521,1499
2022-05-22,Yolo,113,214977,39888,38377,3279,41656,319
2022-05-22,Yuba,115,75493,16276,16180,1294,17474,122
2022-05-21,Alameda,001,1643700,279424,274996,15422,290418,1858
2022-05-21,Alpine,003,1148,126,126,1,127,0
2022-05-21,Amador,005,37829,8719,8628,679,9307,86
2022-05-21,Butte,007,227075,33939,33606,7238,40844,426
2022-05-21,Calaveras,009,45235,7464,7424,379,7803,120
2022-05-21,Colusa,011,21464,3468,3468,1059,4527,21
2022-05-21,Contra Costa,013,1133247,204312,199703,14798,214501,1305
2022-05-21,Del Norte,015,27424,6164,6045,217,6262,50
2022-05-21,El Dorado,017,186661,27824,27517,3383,30900,213
2022-05-21,Fresno,019,978130,235648,234657,24330,258987,2760
2022-05-21,Glenn,021,27897,5036,5020,1640,6660,48
2022-05-21,Humboldt,023,135768,18196,17984,3422,21406,146
2022-05-21,Imperial,025,180216,56213,56014,10772,66786,923
2022-05-21,Inyo,027,18085,4155,4135,552,4687,56
2022-05-21,Kern,029,883053,194497,193705,46924,240629,2334
2022-05-21,Kings,031,150075,52156,52038,3542,55580,447
2022-05-21,Lake,033,64148,10952,10867,919,11786,137
2022-05-21,Lassen,035,31185,9021,9011,882,9893,64
2022-05-21,Los Angeles,037,10098052,2815481,2791671,131272,2922943,31815
2022-05-21,Madera,039,155013,37919,37744,6256,44000,370
2022-05-21,Marin,041,260295,37021,36394,3637,40031,293
2022-05-21,Mariposa,043,17540,2524,2490,222,2712,30
2022-05-21,Mendocino,045,87422,13579,13461,3367,16828,124
2022-05-21,Merced,047,269075,63367,62969,9042,72011,823
2022-05-21,Modoc,049,8938,747,750,254,1004,8
2022-05-21,Mono,051,14174,3029,3012,159,3171,6
2022-05-21,Monterey,053,433212,81803,81224,15088,96312,735
2022-05-21,Napa,055,140530,27319,27034,1106,28140,143
2022-05-21,Nevada,057,99092,16545,16410,1295,17705,127
2022-05-21,Orange,059,3164182,566398,562531,44114,606645,7025
2022-05-21,Placer,061,380077,65541,64802,7788,72590,626
2022-05-21,Plumas,063,18699,3085,3052,373,3425,13
2022-05-21,Riverside,065,2383286,605480,601808,28871,630679,6476
2022-05-21,Sacramento,067,1510023,292687,289972,27948,317920,3027
2022-05-21,San Benito,069,59416,13319,13234,574,13808,98
2022-05-21,San Bernardino,071,2135413,583185,575194,25415,600609,7523
2022-05-21,San Diego,073,3302833,781475,777404,55991,833395,5282
2022-05-21,San Francisco,075,870044,141761,138922,9301,148223,871
2022-05-21,San Joaquin,077,732212,170999,169745,10842,180587,2237
2022-05-21,San Luis Obispo,079,281455,54409,54012,4266,58278,481
2022-05-21,San Mateo,081,765935,134908,132636,8248,140884,711
2022-05-21,Santa Barbara,083,443738,89572,88783,5014,93797,692
2022-05-21,Santa Clara,085,1922200,342101,336488,14226,350714,2301
2022-05-21,Santa Cruz,087,273765,51732,51333,2357,53690,263
2022-05-21,Shasta,089,179085,31104,30966,6171,37137,564
2022-05-21,Sierra,091,2930,277,276,54,330,4
2022-05-21,Siskiyou,093,43540,4527,4501,2784,7285,81
2022-05-21,Solano,095,438530,86443,85038,6007,91045,451
2022-05-21,Sonoma,097,501317,90064,88889,3470,92359,489
2022-05-21,Stanislaus,099,539301,120116,119396,18073,137469,1653
2022-05-21,Sutter,101,95872,20887,20809,2168,22977,226
2022-05-21,Tehama,103,63373,12186,12162,2635,14797,201
2022-05-21,Trinity,105,12862,1197,1191,289,1480,20
2022-05-21,Tulare,107,460477,107669,107485,28392,135877,1477
2022-05-21,Tuolumne,109,53932,13152,12977,606,13583,182
2022-05-21,Ventura,111,848112,179595,178024,10478,188502,1499
2022-05-21,Yolo,113,214977,39823,38377,3268,41645,319
2022-05-21,Yuba,115,75493,16263,16180,1292,17472,122
2022-05-20,Alameda,001,1643700,278882,274996,15395,290391,1858
2022-05-20,Alpine,003,1148,126,126,1,127,0
2022-05-20,Amador,005,37829,8712,8628,679,9307,86
2022-05-20,Butte,007,227075,33916,33606,7226,40832,426
2022-05-20,Calaveras,009,45235,7456,7424,379,7803,120
2022-05-20,Colusa,011,21464,3468,3468,1059,4527,21
2022-05-20,Contra Costa,013,1133247,203956,199703,14781,214484,1305
2022-05-20,Del Norte,015,27424,6159,6045,216,6261,50
2022-05-20,El Dorado,017,186661,27792,27517,3380,30897,213
2022-05-20,Fresno,019,978130,235490,234657,24300,258957,2760
2022-05-20,Glenn,021,27897,5033,5020,1640,6660,48
2022-05-20,Humboldt,023,135768,18174,17984,3414,21398,146
2022-05-20,Imperial,025,180216,56189,56014,10769,66783,923
2022-05-20,Inyo,027,18085,4152,4135,548,4683,56
2022-05-20,Kern,029,883053,194394,193705,46875,240580,2334
2022-05-20,Kings,031,150075,52141,52038,3541,55579,447
2022-05-20,Lake,033,64148,10935,10867,919,11786,137
2022-05-20,Lassen,035,31185,9019,9011,882,9893,64
2022-05-20,Los Angeles,037,10098052,2813132,2791671,131048,2922719,31815
2022-05-20,Madera,039,155013,37900,37744,6248,43992,370
2022-05-20,Marin,041,260295,36948,36394,3598,39992,293
2022-05-20,Mariposa,043,17540,2519,2490,222,2712,30
2022-05-20,Mendocino,045,87422,13564,13461,3363,16824,124
2022-05-20,Merced,047,269075,63333,62969,9039,72008,823
2022-05-20,Modoc,049,8938,747,750,254,1004,8
2022-05-20,Mono,051,14174,3025,3012,159,3171,6
2022-05-20,Monterey,053,433212,81745,81224,15048,96272,735
2022-05-20,Napa,055,140530,27289,27034,1102,28136,143
2022-05-20,Nevada,057,99092,16537,16410,1293,17703,127
2022-05-20,Orange,059,3164182,565826,562531,44018,606549,7025
2022-05-20,Placer,061,380077,65466,64802,7772,72574,626
2022-05-20,Plumas,063,18699,3083,3052,373,3425,13
2022-05-20,Riverside,065,2383286,605030,601808,28848,630656,6476
2022-05-20,Sacramento,067,1510023,292308,289972,27927,317899,3027
2022-05-20,San Benito,069,59416,13304,13234,573,13807,98
2022-05-20,San Bernardino,071,2135413,582865,575194,25396,600590,7523
2022-05-20,San Diego,073,3302833,780678,777404,55902,833306,5282
2022-05-20,San Francisco,075,870044,141428,138922,9270,148192,871
2022-05-20,San Joaquin,077,732212,170878,169745,10835,180580,2237
2022-05-20,San Luis Obispo,079,281455,54373,54012,4261,58273,481
2022-05-20,San Mateo,081,765935,134593,132636,8225,140861,711
2022-05-20,Santa Barbara,083,443738,89488,88783,5009,93792,692
2022-05-20,Santa Clara,085,1922200,341307,336488,14172,350660,2301
2022-05-20,Santa Cruz,087,273765,51688,51333,2339,53672,263
2022-05-20,Shasta,089,179085,31090,30966,6168,37134,564
2022-05-20,Sierra,091,2930,277,276,54,330,4
2022-05-20,Siskiyou,093,43540,4524,4501,2782,7283,81
2022-05-20,Solano,095,438530,86302,85038,6000,91038,451
2022-05-20,Sonoma,097,501317,89937,88889,3457,92346,489
2022-05-20,Stanislaus,099,539301,120034,119396,18060,137456,1653
2022-05-20,Sutter,101,95872,20878,20809,2167,22976,226
2022-05-20,Tehama,103,63373,12183,12162,2634,14796,201
2022-05-20,Trinity,105,12862,1197,1191,289,1480,20
2022-05-20,Tulare,107,460477,107612,107485,28353,135838,1477
2022-05-20,Tuolumne,109,53932,13133,12977,604,13581,182
2022-05-20,Ventura,111,848112,179397,178024,10460,188484,1499
2022-05-20,Yolo,113,214977,39753,38377,3262,41639,319
2022-05-20,Yuba,115,75493,16248,16180,1288,17468,122
2022-05-19,Alameda,001,1643700,278042,274996,15323,290319,1858
2022-05-19,Alpine,003,1148,126,126,1,127,0
2022-05-19,Amador,005,37829,8704,8628,679,9307,86
2022-05-19,Butte,007,227075,33879,33606,7217,40823,426
2022-05-19,Calaveras,009,45235,7450,7424,376,7800,120
2022-05-19,Colusa,011,21464,3467,3468,1058,4526,21
2022-05-19,Contra Costa,013,1133247,203415,199703,14707,214410,1305
2022-05-19,Del Norte,015,27424,6154,6045,211,6256,50
2022-05-19,El Dorado,017,186661,27740,27517,3365,30882,213
2022-05-19,Fresno,019,978130,235266,234657,24261,258918,2760
2022-05-19,Glenn,021,27897,5032,5020,1636,6656,48
2022-05-19,Humboldt,023,135768,18140,17984,3399,21383,146
2022-05-19,Imperial,025,180216,56143,56014,10768,66782,923
2022-05-19,Inyo,027,18085,4148,4135,547,4682,56
2022-05-19,Kern,029,883053,194251,193705,46800,240505,2334
2022-05-19,Kings,031,150075,52114,52038,3540,55578,447
2022-05-19,Lake,033,64148,10927,10867,917,11784,137
2022-05-19,Lassen,035,31185,9015,9011,882,9893,64
2022-05-19,Los Angeles,037,10098052,2809174,2791671,130719,2922390,31815
2022-05-19,Madera,039,155013,37864,37744,6232,43976,370
2022-05-19,Marin,041,260295,36852,36394,3565,39959,293
2022-05-19,Mariposa,043,17540,2511,2490,222,2712,30
2022-05-19,Mendocino,045,87422,13541,13461,3356,16817,124
2022-05-19,Merced,047,269075,63271,62969,9023,71992,823
2022-05-19,Modoc,049,8938,747,750,254,1004,8
2022-05-19,Mono,051,14174,3024,3012,155,3167,6
2022-05-19,Monterey,053,433212,81666,81224,14983,96207,735
2022-05-19,Napa,055,140530,27232,27034,1099,28133,143
2022-05-19,Nevada,057,99092,16503,16410,1286,17696,127
2022-05-19,Orange,059,3164182,564992,562531,43893,606424,7025
2022-05-19,Placer,061,380077,65348,64802,7756,72558,626
2022-05-19,Plumas,063,18699,3077,3052,373,3425,13
2022-05-19,Riverside,065,2383286,604398,601808,28806,630614,6476
2022-05-19,Sacramento,067,1510023,291749,289972,27844,317816,3027
2022-05-19,San Benito,069,59416,13276,13234,570,13804,98
2022-05-19,San Bernardino,071,2135413,582348,575194,25375,600569,7523
2022-05-19,San Diego,073,3302833,779442,777404,55744,833148,5282
2022-05-19,San Francisco,075,870044,140956,138922,9235,148157,871
2022-05-19,San Joaquin,077,732212,170636,169745,10818,180563,2237
2022-05-19,San Luis Obispo,079,281455,54270,54012,4229,58241,481
2022-05-19,San Mateo,081,765935,134130,132636,8166,140802,711
2022-05-19,Santa Barbara,083,443738,89334,88783,4982,93765,692
2022-05-19,Santa Clara,085,1922200,340217,336488,14079,350567,2301
2022-05-19,Santa Cruz,087,273765,51610,51333,2325,53658,263
2022-05-19,Shasta,089,179085,31061,30966,6162,37128,564
2022-05-19,Sierra,091,2930,277,276,54,330,4
2022-05-19,Siskiyou,093,43540,4521,4501,2780,7281,81
2022-05-19,Solano,095,438530,86119,85038,5976,91014,451
2022-05-19,Sonoma,097,501317,89733,88889,3423,92312,489
2022-05-19,Stanislaus,099,539301,119906,119396,18038,137434,1653
2022-05-19,Sutter,101,95872,20842,20809,2164,22973,226
2022-05-19,Tehama,103,63373,12173,12162,2631,14793,201
2022-05-19,Trinity,105,12862,1196,1191,289,1480,20
2022-05-19,Tulare,107,460477,107520,107485,28307,135792,1477
2022-05-19,Tuolumne,109,53932,13109,12977,601,13578,182
2022-05-19,Ventura,111,848112,179122,178024,10421,188445,1499
2022-05-19,Yolo,113,214977,39662,38377,3254,41631,319
2022-05-19,Yuba,115,75493,16228,16180,1280,17460,122
2022-05-18,Alameda,001,1643700,277190,272530,15254,287784,1859
2022-05-18,Alpine,003,1148,126,126,1,127,0
2022-05-18,Amador,005,37829,8686,8592,679,9271,86
2022-05-18,Butte,007,227075,33837,33486,7202,40688,426
2022-05-18,Calaveras,009,45235,7442,7400,376,7776,120
2022-05-18,Colusa,011,21464,3467,3467,1058,4525,21
2022-05-18,Contra Costa,013,1133247,202860,198207,14620,212827,1303
2022-05-18,Del Norte,015,27424,6146,6001,207,6208,50
2022-05-18,El Dorado,017,186661,27689,27388,3357,30745,212
2022-05-18,Fresno,019,978130,235005,234055,24220,258275,2759
2022-05-18,Glenn,021,27897,5031,5012,1636,6648,48
2022-05-18,Humboldt,023,135768,18115,17868,3378,21246,146
2022-05-18,Imperial,025,180216,56081,55915,10763,66678,918
2022-05-18,Inyo,027,18085,4144,4120,541,4661,56
2022-05-18,Kern,029,883053,194130,193338,46740,240078,2327
2022-05-18,Kings,031,150075,52085,51903,3537,55440,447
2022-05-18,Lake,033,64148,10918,10831,916,11747,137
2022-05-18,Lassen,035,31185,9009,8994,882,9876,65
2022-05-18,Los Angeles,037,10098052,2804833,2780354,130439,2910793,31789
2022-05-18,Madera,039,155013,37827,37644,6223,43867,365
2022-05-18,Marin,041,260295,36761,36024,3524,39548,293
2022-05-18,Mariposa,043,17540,2504,2481,222,2703,30
2022-05-18,Mendocino,045,87422,13520,13403,3341,16744,124
2022-05-18,Merced,047,269075,63206,62802,8996,71798,818
2022-05-18,Modoc,049,8938,747,748,254,1002,8
2022-05-18,Mono,051,14174,3022,3010,153,3163,6
2022-05-18,Monterey,053,433212,81557,80955,14927,95882,735
2022-05-18,Napa,055,140530,27191,26912,1092,28004,143
2022-05-18,Nevada,057,99092,16483,16361,1281,17642,127
2022-05-18,Orange,059,3164182,564188,560094,43788,603882,7021
2022-05-18,Placer,061,380077,65203,64432,7741,72173,626
2022-05-18,Plumas,063,18699,3069,3022,370,3392,13
2022-05-18,Riverside,065,2383286,603756,599947,28753,628700,6471
2022-05-18,Sacramento,067,1510023,291227,288335,27761,316096,3022
2022-05-18,San Benito,069,59416,13253,13186,566,13752,98
2022-05-18,San Bernardino,071,2135413,581875,573790,25348,599138,7455
2022-05-18,San Diego,073,3302833,778008,773934,55580,829514,5277
2022-05-18,San Francisco,075,870044,140425,137341,9208,146549,869
2022-05-18,San Joaquin,077,732212,170402,169045,10732,179777,2236
2022-05-18,San Luis Obispo,079,281455,54172,53756,4194,57950,478
2022-05-18,San Mateo,081,765935,133706,131330,8097,139427,709
2022-05-18,Santa Barbara,083,443738,89173,88317,4961,93278,693
2022-05-18,Santa Clara,085,1922200,339066,333230,13983,347213,2300
2022-05-18,Santa Cruz,087,273765,51519,51020,2312,53332,263
2022-05-18,Shasta,089,179085,31038,30899,6157,37056,558
2022-05-18,Sierra,091,2930,277,275,54,329,4
2022-05-18,Siskiyou,093,43540,4516,4495,2778,7273,81
2022-05-18,Solano,095,438530,85860,84476,5959,90435,451
2022-05-18,Sonoma,097,501317,89534,88195,3384,91579,489
2022-05-18,Stanislaus,099,539301,119797,119025,18006,137031,1645
2022-05-18,Sutter,101,95872,20820,20763,2155,22918,226
2022-05-18,Tehama,103,63373,12167,12133,2628,14761,201
2022-05-18,Trinity,105,12862,1196,1189,289,1478,20
2022-05-18,Tulare,107,460477,107449,107292,28249,135541,1477
2022-05-18,Tuolumne,109,53932,13090,12917,599,13516,182
2022-05-18,Ventura,111,848112,178850,177233,10382,187615,1497
2022-05-18,Yolo,113,214977,39550,38139,3242,41381,316
2022-05-18,Yuba,115,75493,16204,16109,1271,17380,122
2022-05-17,Alameda,001,1643700,276358,272530,15187,287717,1859
2022-05-17,Alpine,003,1148,126,126,1,127,0
2022-05-17,Amador,005,37829,8678,8592,677,9269,86
2022-05-17,Butte,007,227075,33784,33486,7181,40667,426
2022-05-17,Calaveras,009,45235,7435,7400,376,7776,120
2022-05-17,Colusa,011,21464,3466,3467,1057,4524,21
2022-05-17,Contra Costa,013,1133247,202222,198207,14535,212742,1303
2022-05-17,Del Norte,015,27424,6132,6001,207,6208,50
2022-05-17,El Dorado,017,186661,27634,27388,3351,30739,212
2022-05-17,Fresno,019,978130,234754,234055,24189,258244,2759
2022-05-17,Glenn,021,27897,5028,5012,1635,6647,48
2022-05-17,Humboldt,023,135768,18075,17868,3361,21229,146
2022-05-17,Imperial,025,180216,56038,55915,10753,66668,918
2022-05-17,Inyo,027,18085,4142,4120,532,4652,56
2022-05-17,Kern,029,883053,193973,193338,46684,240022,2327
2022-05-17,Kings,031,150075,52042,51903,3533,55436,447
2022-05-17,Lake,033,64148,10903,10831,914,11745,137
2022-05-17,Lassen,035,31185,9004,8994,881,9875,65
2022-05-17,Los Angeles,037,10098052,2800283,2780354,130136,2910490,31789
2022-05-17,Madera,039,155013,37801,37644,6208,43852,365
2022-05-17,Marin,041,260295,36627,36024,3463,39487,293
2022-05-17,Mariposa,043,17540,2499,2481,221,2702,30
2022-05-17,Mendocino,045,87422,13494,13403,3331,16734,124
2022-05-17,Merced,047,269075,63141,62802,8977,71779,818
2022-05-17,Modoc,049,8938,747,748,254,1002,8
2022-05-17,Mono,051,14174,3018,3010,153,3163,6
2022-05-17,Monterey,053,433212,81440,80955,14860,95815,735
2022-05-17,Napa,055,140530,27143,26912,1084,27996,143
2022-05-17,Nevada,057,99092,16454,16361,1273,17634,127
2022-05-17,Orange,059,3164182,563289,560094,43655,603749,7021
2022-05-17,Placer,061,380077,65038,64432,7703,72135,626
2022-05-17,Plumas,063,18699,3063,3022,369,3391,13
2022-05-17,Riverside,065,2383286,603069,599947,28709,628656,6471
2022-05-17,Sacramento,067,1510023,290597,288335,27659,315994,3022
2022-05-17,San Benito,069,59416,13216,13186,565,13751,98
2022-05-17,San Bernardino,071,2135413,581385,573790,25334,599124,7455
2022-05-17,San Diego,073,3302833,776495,773934,55413,829347,5277
2022-05-17,San Francisco,075,870044,139847,137341,9177,146518,869
2022-05-17,San Joaquin,077,732212,170161,169045,10693,179738,2236
2022-05-17,San Luis Obispo,079,281455,54079,53756,4150,57906,478
2022-05-17,San Mateo,081,765935,133212,131330,8057,139387,709
2022-05-17,Santa Barbara,083,443738,88974,88317,4943,93260,693
2022-05-17,Santa Clara,085,1922200,337884,333230,13909,347139,2300
2022-05-17,Santa Cruz,087,273765,51442,51020,2304,53324,263
2022-05-17,Shasta,089,179085,31000,30899,6154,37053,558
2022-05-17,Sierra,091,2930,277,275,54,329,4
2022-05-17,Siskiyou,093,43540,4514,4495,2776,7271,81
2022-05-17,Solano,095,438530,85582,84476,5930,90406,451
2022-05-17,Sonoma,097,501317,89293,88195,3338,91533,489
2022-05-17,Stanislaus,099,539301,119649,119025,17978,137003,1645
2022-05-17,Sutter,101,95872,20800,20763,2151,22914,226
2022-05-17,Tehama,103,63373,12155,12133,2625,14758,201
2022-05-17,Trinity,105,12862,1195,1189,289,1478,20
2022-05-17,Tulare,107,460477,107354,107292,28208,135500,1477
2022-05-17,Tuolumne,109,53932,13075,12917,599,13516,182
2022-05-17,Ventura,111,848112,178527,177233,10328,187561,1497
2022-05-17,Yolo,113,214977,39412,38139,3235,41374,316
2022-05-17,Yuba,115,75493,16180,16109,1268,17377,122
2022-05-16,Alameda,001,1643700,275351,272530,15106,287636,1859
2022-05-16,Alpine,003,1148,126,126,1,127,0
2022-05-16,Amador,005,37829,8668,8592,676,9268,86
2022-05-16,Butte,007,227075,33726,33486,7165,40651,426
2022-05-16,Calaveras,009,45235,7427,7400,374,7774,120
2022-05-16,Colusa,011,21464,3465,3467,1057,4524,21
2022-05-16,Contra Costa,013,1133247,201584,198207,14454,212661,1303
2022-05-16,Del Norte,015,27424,6119,6001,204,6205,50
2022-05-16,El Dorado,017,186661,27578,27388,3343,30731,212
2022-05-16,Fresno,019,978130,234493,234055,24147,258202,2759
2022-05-16,Glenn,021,27897,5024,5012,1630,6642,48
2022-05-16,Humboldt,023,135768,18030,17868,3347,21215,146
2022-05-16,Imperial,025,180216,55974,55915,10740,66655,918
2022-05-16,Inyo,027,18085,4138,4120,529,4649,56
2022-05-16,Kern,029,883053,193819,193338,46618,239956,2327
2022-05-16,Kings,031,150075,51992,51903,3532,55435,447
2022-05-16,Lake,033,64148,10896,10831,913,11744,137
2022-05-16,Lassen,035,31185,8999,8994,879,9873,65
2022-05-16,Los Angeles,037,10098052,2795837,2780354,129852,2910206,31789
2022-05-16,Madera,039,155013,37770,37644,6186,43830,365
2022-05-16,Marin,041,260295,36463,36024,3415,39439,293
2022-05-16,Mariposa,043,17540,2498,2481,220,2701,30
2022-05-16,Mendocino,045,87422,13468,13403,3319,16722,124
2022-05-16,Merced,047,269075,63071,62802,8941,71743,818
2022-05-16,Modoc,049,8938,747,748,254,1002,8
2022-05-16,Mono,051,14174,3016,3010,153,3163,6
2022-05-16,Monterey,053,433212,81329,80955,14773,95728,735
2022-05-16,Napa,055,140530,27091,26912,1079,27991,143
2022-05-16,Nevada,057,99092,16435,16361,1267,17628,127
2022-05-16,Orange,059,3164182,562434,560094,43531,603625,7021
2022-05-16,Placer,061,380077,64931,64432,7672,72104,626
2022-05-16,Plumas,063,18699,3053,3022,368,3390,13
2022-05-16,Riverside,065,2383286,602355,599947,28654,628601,6471
2022-05-16,Sacramento,067,1510023,289934,288335,27568,315903,3022
2022-05-16,San Benito,069,59416,13198,13186,560,13746,98
2022-05-16,San Bernardino,071,2135413,580919,573790,25304,599094,7455
2022-05-16,San Diego,073,3302833,774954,773934,55244,829178,5277
2022-05-16,San Francisco,075,870044,139141,137341,9145,146486,869
2022-05-16,San Joaquin,077,732212,169882,169045,10508,179553,2236
2022-05-16,San Luis Obispo,079,281455,53976,53756,4121,57877,478
2022-05-16,San Mateo,081,765935,132669,131330,8001,139331,709
2022-05-16,Santa Barbara,083,443738,88831,88317,4932,93249,693
2022-05-16,Santa Clara,085,1922200,336557,333230,13822,347052,2300
2022-05-16,Santa Cruz,087,273765,51366,51020,2289,53309,263
2022-05-16,Shasta,089,179085,30967,30899,6146,37045,558
2022-05-16,Sierra,091,2930,277,275,53,328,4
2022-05-16,Siskiyou,093,43540,4511,4495,2769,7264,81
2022-05-16,Solano,095,438530,85321,84476,5904,90380,451
2022-05-16,Sonoma,097,501317,88993,88195,3300,91495,489
2022-05-16,Stanislaus,099,539301,119504,119025,17946,136971,1645
2022-05-16,Sutter,101,95872,20786,20763,2144,22907,226
2022-05-16,Tehama,103,63373,12147,12133,2622,14755,201
2022-05-16,Trinity,105,12862,1194,1189,289,1478,20
2022-05-16,Tulare,107,460477,107279,107292,28157,135449,1477
2022-05-16,Tuolumne,109,53932,13043,12917,596,13513,182
2022-05-16,Ventura,111,848112,178194,177233,10272,187505,1497
2022-05-16,Yolo,113,214977,39277,38139,3226,41365,316
2022-05-16,Yuba,115,75493,16153,16109,1265,17374,122
2022-05-15,Alameda,001,1643700,274279,268944,15037,283981,1857
2022-05-15,Alpine,003,1148,126,125,1,126,0
2022-05-15,Amador,005,37829,8652,8574,671,9245,86
2022-05-15,Butte,007,227075,33668,33377,7144,40521,424
2022-05-15,Calaveras,009,45235,7408,7378,372,7750,120
2022-05-15,Colusa,011,21464,3462,3463,1055,4518,21
2022-05-15,Contra Costa,013,1133247,200827,195925,14372,210297,1301
2022-05-15,Del Norte,015,27424,6046,5919,202,6121,50
2022-05-15,El Dorado,017,186661,27517,27216,3328,30544,212
2022-05-15,Fresno,019,978130,234226,233305,24112,257417,2757
2022-05-15,Glenn,021,27897,5021,5004,1629,6633,48
2022-05-15,Humboldt,023,135768,17979,17633,3307,20940,146
2022-05-15,Imperial,025,180216,55938,55756,10719,66475,917
2022-05-15,Inyo,027,18085,4134,4114,525,4639,56
2022-05-15,Kern,029,883053,193643,192939,46538,239477,2314
2022-05-15,Kings,031,150075,51932,51779,3528,55307,447
2022-05-15,Lake,033,64148,10879,10790,910,11700,137
2022-05-15,Lassen,035,31185,8991,8987,878,9865,65
2022-05-15,Los Angeles,037,10098052,2791223,2768726,129481,2898207,31768
2022-05-15,Madera,039,155013,37728,37520,6169,43689,365
2022-05-15,Marin,041,260295,36292,35486,3376,38862,293
2022-05-15,Mariposa,043,17540,2493,2463,219,2682,30
2022-05-15,Mendocino,045,87422,13449,13349,3292,16641,124
2022-05-15,Merced,047,269075,62985,62627,8895,71522,818
2022-05-15,Modoc,049,8938,746,747,254,1001,8
2022-05-15,Mono,051,14174,3013,3002,151,3153,6
2022-05-15,Monterey,053,433212,81220,80620,14685,95305,735
2022-05-15,Napa,055,140530,27038,26698,1075,27773,143
2022-05-15,Nevada,057,99092,16405,16240,1264,17504,127
2022-05-15,Orange,059,3164182,561486,557134,43398,600532,7017
2022-05-15,Placer,061,380077,64749,63963,7641,71604,626
2022-05-15,Plumas,063,18699,3047,3006,368,3374,13
2022-05-15,Riverside,065,2383286,601638,597914,28586,626500,6471
2022-05-15,Sacramento,067,1510023,289220,286403,27436,313839,3022
2022-05-15,San Benito,069,59416,13173,13106,558,13664,98
2022-05-15,San Bernardino,071,2135413,580371,572057,25278,597335,7423
2022-05-15,San Diego,073,3302833,773449,770323,55044,825367,5271
2022-05-15,San Francisco,075,870044,138424,134916,9111,144027,866
2022-05-15,San Joaquin,077,732212,169639,168174,10432,178606,2236
2022-05-15,San Luis Obispo,079,281455,53849,53502,4079,57581,478
2022-05-15,San Mateo,081,765935,132138,129480,7927,137407,709
2022-05-15,Santa Barbara,083,443738,88601,87773,4897,92670,693
2022-05-15,Santa Clara,085,1922200,335136,328609,13733,342342,2297
2022-05-15,Santa Cruz,087,273765,51263,50268,2273,52541,263
2022-05-15,Shasta,089,179085,30925,30799,6140,36939,557
2022-05-15,Sierra,091,2930,277,275,53,328,4
2022-05-15,Siskiyou,093,43540,4509,4482,2766,7248,81
2022-05-15,Solano,095,438530,85002,83669,5870,89539,451
2022-05-15,Sonoma,097,501317,88668,87070,3275,90345,488
2022-05-15,Stanislaus,099,539301,119335,118586,17914,136500,1645
2022-05-15,Sutter,101,95872,20759,20690,2134,22824,226
2022-05-15,Tehama,103,63373,12130,12115,2616,14731,201
2022-05-15,Trinity,105,12862,1193,1188,289,1477,20
2022-05-15,Tulare,107,460477,107179,107077,28108,135185,1469
2022-05-15,Tuolumne,109,53932,12993,12851,595,13446,182
2022-05-15,Ventura,111,848112,177847,176317,10210,186527,1497
2022-05-15,Yolo,113,214977,39162,37737,3214,40951,316
2022-05-15,Yuba,115,75493,16119,16028,1256,17284,122
2022-05-14,Alameda,001,1643700,273858,268944,15018,283962,1857
2022-05-14,Alpine,003,1148,125,125,1,126,0
2022-05-14,Amador,005,37829,8646,8574,671,9245,86
2022-05-14,Butte,007,227075,33649,33377,7136,40513,424
2022-05-14,Calaveras,009,45235,7406,7378,372,7750,120
2022-05-14,Colusa,011,21464,3462,3463,1055,4518,21
2022-05-14,Contra Costa,013,1133247,200450,195925,14342,210267,1301
2022-05-14,Del Norte,015,27424,6038,5919,200,6119,50
2022-05-14,El Dorado,017,186661,27487,27216,3323,30539,212
2022-05-14,Fresno,019,978130,234102,233305,24105,257410,2757
2022-05-14,Glenn,021,27897,5020,5004,1625,6629,48
2022-05-14,Humboldt,023,135768,17953,17633,3300,20933,146
2022-05-14,Imperial,025,180216,55907,55756,10716,66472,917
2022-05-14,Inyo,027,18085,4129,4114,525,4639,56
2022-05-14,Kern,029,883053,193573,192939,46493,239432,2314
2022-05-14,Kings,031,150075,51905,51779,3528,55307,447
2022-05-14,Lake,033,64148,10869,10790,905,11695,137
2022-05-14,Lassen,035,31185,8989,8987,878,9865,65
2022-05-14,Los Angeles,037,10098052,2789313,2768726,129260,2897986,31768
2022-05-14,Madera,039,155013,37714,37520,6169,43689,365
2022-05-14,Marin,041,260295,36187,35486,3327,38813,293
2022-05-14,Mariposa,043,17540,2492,2463,219,2682,30
2022-05-14,Mendocino,045,87422,13439,13349,3288,16637,124
2022-05-14,Merced,047,269075,62950,62627,8892,71519,818
2022-05-14,Modoc,049,8938,745,747,254,1001,8
2022-05-14,Mono,051,14174,3013,3002,150,3152,6
2022-05-14,Monterey,053,433212,81154,80620,14631,95251,735
2022-05-14,Napa,055,140530,27015,26698,1068,27766,143
2022-05-14,Nevada,057,99092,16390,16240,1263,17503,127
2022-05-14,Orange,059,3164182,561041,557134,43314,600448,7017
2022-05-14,Placer,061,380077,64643,63963,7619,71582,626
2022-05-14,Plumas,063,18699,3043,3006,368,3374,13
2022-05-14,Riverside,065,2383286,601231,597914,28551,626465,6471
2022-05-14,Sacramento,067,1510023,288950,286403,27415,313818,3022
2022-05-14,San Benito,069,59416,13162,13106,555,13661,98
2022-05-14,San Bernardino,071,2135413,580093,572057,25266,597323,7423
2022-05-14,San Diego,073,3302833,772850,770323,54998,825321,5271
2022-05-14,San Francisco,075,870044,138063,134916,9087,144003,866
2022-05-14,San Joaquin,077,732212,169498,168174,10416,178590,2236
2022-05-14,San Luis Obispo,079,281455,53822,53502,4076,57578,478
2022-05-14,San Mateo,081,765935,131813,129480,7898,137378,709
2022-05-14,Santa Barbara,083,443738,88494,87773,4892,92665,693
2022-05-14,Santa Clara,085,1922200,334302,328609,13694,342303,2297
2022-05-14,Santa Cruz,087,273765,51216,50268,2259,52527,263
2022-05-14,Shasta,089,179085,30920,30799,6139,36938,557
2022-05-14,Sierra,091,2930,277,275,53,328,4
2022-05-14,Siskiyou,093,43540,4506,4482,2764,7246,81
2022-05-14,Solano,095,438530,84941,83669,5860,89529,451
2022-05-14,Sonoma,097,501317,88524,87070,3263,90333,488
2022-05-14,Stanislaus,099,539301,119251,118586,17903,136489,1645
2022-05-14,Sutter,101,95872,20751,20690,2133,22823,226
2022-05-14,Tehama,103,63373,12124,12115,2615,14730,201
2022-05-14,Trinity,105,12862,1193,1188,289,1477,20
2022-05-14,Tulare,107,460477,107134,107077,28080,135157,1469
2022-05-14,Tuolumne,109,53932,12982,12851,595,13446,182
2022-05-14,Ventura,111,848112,177685,176317,10186,186503,1497
2022-05-14,Yolo,113,214977,39092,37737,3207,40944,316
2022-05-14,Yuba,115,75493,16112,16028,1255,17283,122
2022-05-13,Alameda,001,1643700,273382,268944,14987,283931,1857
2022-05-13,Alpine,003,1148,125,125,1,126,0
2022-05-13,Amador,005,37829,8641,8574,670,9244,86
2022-05-13,Butte,007,227075,33632,33377,7133,40510,424
2022-05-13,Calaveras,009,45235,7402,7378,372,7750,120
2022-05-13,Colusa,011,21464,3461,3463,1055,4518,21
2022-05-13,Contra Costa,013,1133247,200106,195925,14313,210238,1301
2022-05-13,Del Norte,015,27424,6035,5919,200,6119,50
2022-05-13,El Dorado,017,186661,27459,27216,3323,30539,212
2022-05-13,Fresno,019,978130,233992,233305,24086,257391,2757
2022-05-13,Glenn,021,27897,5018,5004,1624,6628,48
2022-05-13,Humboldt,023,135768,17929,17633,3292,20925,146
2022-05-13,Imperial,025,180216,55888,55756,10715,66471,917
2022-05-13,Inyo,027,18085,4129,4114,524,4638,56
2022-05-13,Kern,029,883053,193499,192939,46464,239403,2314
2022-05-13,Kings,031,150075,51881,51779,3528,55307,447
2022-05-13,Lake,033,64148,10866,10790,905,11695,137
2022-05-13,Lassen,035,31185,8988,8987,878,9865,65
2022-05-13,Los Angeles,037,10098052,2787371,2768726,129070,2897796,31768
2022-05-13,Madera,039,155013,37694,37520,6160,43680,365
2022-05-13,Marin,041,260295,36085,35486,3284,38770,293
2022-05-13,Mariposa,043,17540,2490,2463,219,2682,30
2022-05-13,Mendocino,045,87422,13425,13349,3281,16630,124
2022-05-13,Merced,047,269075,62915,62627,8884,71511,818
2022-05-13,Modoc,049,8938,745,747,254,1001,8
2022-05-13,Mono,051,14174,3011,3002,149,3151,6
2022-05-13,Monterey,053,433212,81098,80620,14591,95211,735
2022-05-13,Napa,055,140530,26979,26698,1066,27764,143
2022-05-13,Nevada,057,99092,16375,16240,1262,17502,127
2022-05-13,Orange,059,3164182,560575,557134,43244,600378,7017
2022-05-13,Placer,061,380077,64564,63963,7610,71573,626
2022-05-13,Plumas,063,18699,3036,3006,368,3374,13
2022-05-13,Riverside,065,2383286,600843,597914,28522,626436,6471
2022-05-13,Sacramento,067,1510023,288613,286403,27397,313800,3022
2022-05-13,San Benito,069,59416,13158,13106,555,13661,98
2022-05-13,San Bernardino,071,2135413,579855,572057,25258,597315,7423
2022-05-13,San Diego,073,3302833,772211,770323,54919,825242,5271
2022-05-13,San Francisco,075,870044,137708,134916,9067,143983,866
2022-05-13,San Joaquin,077,732212,169379,168174,10404,178578,2236
2022-05-13,San Luis Obispo,079,281455,53786,53502,4072,57574,478
2022-05-13,San Mateo,081,765935,131525,129480,7877,137357,709
2022-05-13,Santa Barbara,083,443738,88401,87773,4889,92662,693
2022-05-13,Santa Clara,085,1922200,333497,328609,13661,342270,2297
2022-05-13,Santa Cruz,087,273765,51129,50268,2251,52519,263
2022-05-13,Shasta,089,179085,30916,30799,6139,36938,557
2022-05-13,Sierra,091,2930,276,275,50,325,4
2022-05-13,Siskiyou,093,43540,4505,4482,2764,7246,81
2022-05-13,Solano,095,438530,84819,83669,5853,89522,451
2022-05-13,Sonoma,097,501317,88347,87070,3249,90319,488
2022-05-13,Stanislaus,099,539301,119157,118586,17894,136480,1645
2022-05-13,Sutter,101,95872,20739,20690,2132,22822,226
2022-05-13,Tehama,103,63373,12122,12115,2613,14728,201
2022-05-13,Trinity,105,12862,1192,1188,289,1477,20
2022-05-13,Tulare,107,460477,107089,107077,28044,135121,1469
2022-05-13,Tuolumne,109,53932,12966,12851,595,13446,182
2022-05-13,Ventura,111,848112,177505,176317,10172,186489,1497
2022-05-13,Yolo,113,214977,39030,37737,3203,40940,316
2022-05-13,Yuba,115,75493,16099,16028,1252,17280,122
2022-05-12,Alameda,001,1643700,272637,268944,14931,283875,1857
2022-05-12,Alpine,003,1148,125,125,1,126,0
2022-05-12,Amador,005,37829,8632,8574,670,9244,86
2022-05-12,Butte,007,227075,33605,33377,7119,40496,424
2022-05-12,Calaveras,009,45235,7398,7378,371,7749,120
2022-05-12,Colusa,011,21464,3461,3463,1054,4517,21
2022-05-12,Contra Costa,013,1133247,199585,195925,14250,210175,1301
2022-05-12,Del Norte,015,27424,6018,5919,199,6118,50
2022-05-12,El Dorado,017,186661,27419,27216,3314,30530,212
2022-05-12,Fresno,019,978130,233841,233305,24066,257371,2757
2022-05-12,Glenn,021,27897,5014,5004,1622,6626,48
2022-05-12,Humboldt,023,135768,17887,17633,3279,20912,146
2022-05-12,Imperial,025,180216,55861,55756,10702,66458,917
2022-05-12,Inyo,027,18085,4125,4114,519,4633,56
2022-05-12,Kern,029,883053,193434,192939,46417,239356,2314
2022-05-12,Kings,031,150075,51860,51779,3526,55305,447
2022-05-12,Lake,033,64148,10848,10790,899,11689,137
2022-05-12,Lassen,035,31185,8987,8987,878,9865,65
2022-05-12,Los Angeles,037,10098052,2784159,2768726,128800,2897526,31768
2022-05-12,Madera,039,155013,37668,37520,6148,43668,365
2022-05-12,Marin,041,260295,35985,35486,3261,38747,293
2022-05-12,Mariposa,043,17540,2485,2463,218,2681,30
2022-05-12,Mendocino,045,87422,13408,13349,3269,16618,124
2022-05-12,Merced,047,269075,62882,62627,8873,71500,818
2022-05-12,Modoc,049,8938,744,747,254,1001,8
2022-05-12,Mono,051,14174,3011,3002,148,3150,6
2022-05-12,Monterey,053,433212,81039,80620,14548,95168,735
2022-05-12,Napa,055,140530,26933,26698,1064,27762,143
2022-05-12,Nevada,057,99092,16353,16240,1261,17501,127
2022-05-12,Orange,059,3164182,559936,557134,43136,600270,7017
2022-05-12,Placer,061,380077,64466,63963,7587,71550,626
2022-05-12,Plumas,063,18699,3030,3006,368,3374,13
2022-05-12,Riverside,065,2383286,600385,597914,28489,626403,6471
2022-05-12,Sacramento,067,1510023,288154,286403,27333,313736,3022
2022-05-12,San Benito,069,59416,13143,13106,554,13660,98
2022-05-12,San Bernardino,071,2135413,579505,572057,25241,597298,7423
2022-05-12,San Diego,073,3302833,771257,770323,54830,825153,5271
2022-05-12,San Francisco,075,870044,137327,134916,9028,143944,866
2022-05-12,San Joaquin,077,732212,169198,168174,10361,178535,2236
2022-05-12,San Luis Obispo,079,281455,53727,53502,4043,57545,478
2022-05-12,San Mateo,081,765935,131117,129480,7826,137306,709
2022-05-12,Santa Barbara,083,443738,88295,87773,4878,92651,693
2022-05-12,Santa Clara,085,1922200,332517,328609,13573,342182,2297
2022-05-12,Santa Cruz,087,273765,50985,50268,2244,52512,263
2022-05-12,Shasta,089,179085,30903,30799,6136,36935,557
2022-05-12,Sierra,091,2930,275,275,50,325,4
2022-05-12,Siskiyou,093,43540,4500,4482,2762,7244,81
2022-05-12,Solano,095,438530,84603,83669,5840,89509,451
2022-05-12,Sonoma,097,501317,88130,87070,3222,90292,488
2022-05-12,Stanislaus,099,539301,119056,118586,17868,136454,1645
2022-05-12,Sutter,101,95872,20723,20690,2131,22821,226
2022-05-12,Tehama,103,63373,12115,12115,2611,14726,201
2022-05-12,Trinity,105,12862,1191,1188,288,1476,20
2022-05-12,Tulare,107,460477,107037,107077,27995,135072,1469
2022-05-12,Tuolumne,109,53932,12945,12851,593,13444,182
2022-05-12,Ventura,111,848112,177275,176317,10130,186447,1497
2022-05-12,Yolo,113,214977,38917,37737,3193,40930,316
2022-05-12,Yuba,115,75493,16083,16028,1249,17277,122
2022-05-11,Alameda,001,1643700,271924,267982,14876,282858,1853
2022-05-11,Alpine,003,1148,125,125,1,126,0
2022-05-11,Amador,005,37829,8625,8564,670,9234,86
2022-05-11,Butte,007,227075,33570,33339,7113,40452,423
2022-05-11,Calaveras,009,45235,7393,7368,367,7735,120
2022-05-11,Colusa,011,21464,3460,3462,1054,4516,21
2022-05-11,Contra Costa,013,1133247,199070,195153,14195,209348,1302
2022-05-11,Del Norte,015,27424,6008,5911,199,6110,50
2022-05-11,El Dorado,017,186661,27383,27172,3307,30479,212
2022-05-11,Fresno,019,978130,233678,233021,24033,257054,2754
2022-05-11,Glenn,021,27897,5014,5001,1620,6621,48
2022-05-11,Humboldt,023,135768,17844,17585,3263,20848,146
2022-05-11,Imperial,025,180216,55835,55751,10692,66443,917
2022-05-11,Inyo,027,18085,4124,4093,518,4611,56
2022-05-11,Kern,029,883053,193337,192795,46372,239167,2292
2022-05-11,Kings,031,150075,51832,51752,3524,55276,447
2022-05-11,Lake,033,64148,10835,10786,898,11684,137
2022-05-11,Lassen,035,31185,8986,8984,877,9861,65
2022-05-11,Los Angeles,037,10098052,2781021,2761410,128572,2889982,31747
2022-05-11,Madera,039,155013,37635,37496,6137,43633,365
2022-05-11,Marin,041,260295,35884,35336,3219,38555,292
2022-05-11,Mariposa,043,17540,2480,2461,218,2679,30
2022-05-11,Mendocino,045,87422,13393,13320,3252,16572,124
2022-05-11,Merced,047,269075,62841,62567,8852,71419,818
2022-05-11,Modoc,049,8938,743,747,254,1001,8
2022-05-11,Mono,051,14174,3011,2999,147,3146,6
2022-05-11,Monterey,053,433212,80975,80534,14497,95031,733
2022-05-11,Napa,055,140530,26881,26660,1062,27722,143
2022-05-11,Nevada,057,99092,16337,16230,1256,17486,127
2022-05-11,Orange,059,3164182,559261,556265,43058,599323,7009
2022-05-11,Placer,061,380077,64368,63823,7572,71395,625
2022-05-11,Plumas,063,18699,3022,2998,368,3366,13
2022-05-11,Riverside,065,2383286,599934,597302,28453,625755,6468
2022-05-11,Sacramento,067,1510023,287739,285799,27286,313085,3020
2022-05-11,San Benito,069,59416,13123,13088,550,13638,98
2022-05-11,San Bernardino,071,2135413,579140,571372,25232,596604,7354
2022-05-11,San Diego,073,3302833,770275,768135,54700,822835,5257
2022-05-11,San Francisco,075,870044,136827,134027,9003,143030,864
2022-05-11,San Joaquin,077,732212,169022,167949,10339,178288,2233
2022-05-11,San Luis Obispo,079,281455,53680,53420,4026,57446,478
2022-05-11,San Mateo,081,765935,130720,128821,7782,136603,711
2022-05-11,Santa Barbara,083,443738,88166,87593,4866,92459,693
2022-05-11,Santa Clara,085,1922200,331508,327177,13525,340702,2294
2022-05-11,Santa Cruz,087,273765,50828,50031,2230,52261,263
2022-05-11,Shasta,089,179085,30871,30768,6133,36901,564
2022-05-11,Sierra,091,2930,275,275,50,325,4
2022-05-11,Siskiyou,093,43540,4498,4478,2762,7240,81
2022-05-11,Solano,095,438530,84406,83464,5827,89291,450
2022-05-11,Sonoma,097,501317,87926,86798,3209,90007,488
2022-05-11,Stanislaus,099,539301,118955,118445,17850,136295,1644
2022-05-11,Sutter,101,95872,20708,20668,2130,22798,225
2022-05-11,Tehama,103,63373,12115,12106,2611,14717,201
2022-05-11,Trinity,105,12862,1189,1188,288,1476,20
2022-05-11,Tulare,107,460477,106981,107068,27962,135030,1468
2022-05-11,Tuolumne,109,53932,12926,12829,593,13422,181
2022-05-11,Ventura,111,848112,177076,175955,10089,186044,1491
2022-05-11,Yolo,113,214977,38802,37654,3188,40842,316
2022-05-11,Yuba,115,75493,16064,15997,1240,17237,122
2022-05-10,Alameda,001,1643700,271142,267982,14823,282805,1853
2022-05-10,Alpine,003,1148,125,125,1,126,0
2022-05-10,Amador,005,37829,8621,8564,669,9233,86
2022-05-10,Butte,007,227075,33545,33339,7109,40448,423
2022-05-10,Calaveras,009,45235,7389,7368,366,7734,120
2022-05-10,Colusa,011,21464,3460,3462,1053,4515,21
2022-05-10,Contra Costa,013,1133247,198588,195153,14153,209306,1302
2022-05-10,Del Norte,015,27424,5955,5911,199,6110,50
2022-05-10,El Dorado,017,186661,27346,27172,3301,30473,212
2022-05-10,Fresno,019,978130,233517,233021,24005,257026,2754
2022-05-10,Glenn,021,27897,5011,5001,1620,6621,48
2022-05-10,Humboldt,023,135768,17806,17585,3246,20831,146
2022-05-10,Imperial,025,180216,55800,55751,10674,66425,917
2022-05-10,Inyo,027,18085,4122,4093,512,4605,56
2022-05-10,Kern,029,883053,193235,192795,46333,239128,2292
2022-05-10,Kings,031,150075,51800,51752,3524,55276,447
2022-05-10,Lake,033,64148,10830,10786,898,11684,137
2022-05-10,Lassen,035,31185,8981,8984,877,9861,65
2022-05-10,Los Angeles,037,10098052,2777724,2761410,128337,2889747,31747
2022-05-10,Madera,039,155013,37603,37496,6124,43620,365
2022-05-10,Marin,041,260295,35771,35336,3176,38512,292
2022-05-10,Mariposa,043,17540,2480,2461,218,2679,30
2022-05-10,Mendocino,045,87422,13381,13320,3239,16559,124
2022-05-10,Merced,047,269075,62795,62567,8833,71400,818
2022-05-10,Modoc,049,8938,743,747,254,1001,8
2022-05-10,Mono,051,14174,3007,2999,143,3142,6
2022-05-10,Monterey,053,433212,80909,80534,14449,94983,733
2022-05-10,Napa,055,140530,26843,26660,1060,27720,143
2022-05-10,Nevada,057,99092,16317,16230,1253,17483,127
2022-05-10,Orange,059,3164182,558554,556265,42967,599232,7009
2022-05-10,Placer,061,380077,64254,63823,7557,71380,625
2022-05-10,Plumas,063,18699,3014,2998,367,3365,13
2022-05-10,Riverside,065,2383286,599507,597302,28424,625726,6468
2022-05-10,Sacramento,067,1510023,287238,285799,27219,313018,3020
2022-05-10,San Benito,069,59416,13106,13088,545,13633,98
2022-05-10,San Bernardino,071,2135413,578783,571372,25206,596578,7354
2022-05-10,San Diego,073,3302833,769256,768135,54581,822716,5257
2022-05-10,San Francisco,075,870044,136278,134027,8977,143004,864
2022-05-10,San Joaquin,077,732212,168864,167949,10278,178227,2233
2022-05-10,San Luis Obispo,079,281455,53604,53420,4001,57421,478
2022-05-10,San Mateo,081,765935,130343,128821,7742,136563,711
2022-05-10,Santa Barbara,083,443738,88050,87593,4851,92444,693
2022-05-10,Santa Clara,085,1922200,330482,327177,13443,340620,2294
2022-05-10,Santa Cruz,087,273765,50702,50031,2219,52250,263
2022-05-10,Shasta,089,179085,30851,30768,6132,36900,564
2022-05-10,Sierra,091,2930,275,275,49,324,4
2022-05-10,Siskiyou,093,43540,4494,4478,2762,7240,81
2022-05-10,Solano,095,438530,84222,83464,5808,89272,450
2022-05-10,Sonoma,097,501317,87686,86798,3171,89969,488
2022-05-10,Stanislaus,099,539301,118861,118445,17832,136277,1644
2022-05-10,Sutter,101,95872,20689,20668,2127,22795,225
2022-05-10,Tehama,103,63373,12112,12106,2604,14710,201
2022-05-10,Trinity,105,12862,1189,1188,288,1476,20
2022-05-10,Tulare,107,460477,106939,107068,27934,135002,1468
2022-05-10,Tuolumne,109,53932,12914,12829,593,13422,181
2022-05-10,Ventura,111,848112,176858,175955,10053,186008,1491
2022-05-10,Yolo,113,214977,38698,37654,3177,40831,316
2022-05-10,Yuba,115,75493,16043,15997,1237,17234,122
2022-05-09,Alameda,001,1643700,270371,267982,14778,282760,1853
2022-05-09,Alpine,003,1148,125,125,1,126,0
2022-05-09,Amador,005,37829,8614,8564,669,9233,86
2022-05-09,Butte,007,227075,33519,33339,7100,40439,423
2022-05-09,Calaveras,009,45235,7383,7368,366,7734,120
2022-05-09,Colusa,011,21464,3458,3462,1051,4513,21
2022-05-09,Contra Costa,013,1133247,198121,195153,14095,209248,1302
2022-05-09,Del Norte,015,27424,5946,5911,198,6109,50
2022-05-09,El Dorado,017,186661,27310,27172,3293,30465,212
2022-05-09,Fresno,019,978130,233358,233021,23983,257004,2754
2022-05-09,Glenn,021,27897,5009,5001,1618,6619,48
2022-05-09,Humboldt,023,135768,17755,17585,3224,20809,146
2022-05-09,Imperial,025,180216,55767,55751,10661,66412,917
2022-05-09,Inyo,027,18085,4119,4093,509,4602,56
2022-05-09,Kern,029,883053,193137,192795,46277,239072,2292
2022-05-09,Kings,031,150075,51769,51752,3523,55275,447
2022-05-09,Lake,033,64148,10822,10786,897,11683,137
2022-05-09,Lassen,035,31185,8979,8984,877,9861,65
2022-05-09,Los Angeles,037,10098052,2774367,2761410,128094,2889504,31747
2022-05-09,Madera,039,155013,37572,37496,6115,43611,365
2022-05-09,Marin,041,260295,35654,35336,3141,38477,292
2022-05-09,Mariposa,043,17540,2475,2461,218,2679,30
2022-05-09,Mendocino,045,87422,13370,13320,3228,16548,124
2022-05-09,Merced,047,269075,62754,62567,8814,71381,818
2022-05-09,Modoc,049,8938,743,747,254,1001,8
2022-05-09,Mono,051,14174,3005,2999,141,3140,6
2022-05-09,Monterey,053,433212,80816,80534,14395,94929,733
2022-05-09,Napa,055,140530,26793,26660,1058,27718,143
2022-05-09,Nevada,057,99092,16289,16230,1247,17477,127
2022-05-09,Orange,059,3164182,557886,556265,42887,599152,7009
2022-05-09,Placer,061,380077,64193,63823,7541,71364,625
2022-05-09,Plumas,063,18699,3005,2998,367,3365,13
2022-05-09,Riverside,065,2383286,599017,597302,28388,625690,6468
2022-05-09,Sacramento,067,1510023,286811,285799,27147,312946,3020
2022-05-09,San Benito,069,59416,13088,13088,543,13631,98
2022-05-09,San Bernardino,071,2135413,578452,571372,25195,596567,7354
2022-05-09,San Diego,073,3302833,768278,768135,54440,822575,5257
2022-05-09,San Francisco,075,870044,135722,134027,8953,142980,864
2022-05-09,San Joaquin,077,732212,168679,167949,10256,178205,2233
2022-05-09,San Luis Obispo,079,281455,53552,53420,3980,57400,478
2022-05-09,San Mateo,081,765935,129917,128821,7704,136525,711
2022-05-09,Santa Barbara,083,443738,87922,87593,4840,92433,693
2022-05-09,Santa Clara,085,1922200,329336,327177,13379,340556,2294
2022-05-09,Santa Cruz,087,273765,50564,50031,2211,52242,263
2022-05-09,Shasta,089,179085,30837,30768,6130,36898,564
2022-05-09,Sierra,091,2930,275,275,49,324,4
2022-05-09,Siskiyou,093,43540,4492,4478,2762,7240,81
2022-05-09,Solano,095,438530,84066,83464,5795,89259,450
2022-05-09,Sonoma,097,501317,87426,86798,3145,89943,488
2022-05-09,Stanislaus,099,539301,118765,118445,17815,136260,1644
2022-05-09,Sutter,101,95872,20676,20668,2126,22794,225
2022-05-09,Tehama,103,63373,12110,12106,2602,14708,201
2022-05-09,Trinity,105,12862,1189,1188,288,1476,20
2022-05-09,Tulare,107,460477,106891,107068,27897,134965,1468
2022-05-09,Tuolumne,109,53932,12906,12829,593,13422,181
2022-05-09,Ventura,111,848112,176641,175955,10005,185960,1491
2022-05-09,Yolo,113,214977,38589,37654,3168,40822,316
2022-05-09,Yuba,115,75493,16034,15997,1236,17233,122
2022-05-08,Alameda,001,1643700,269477,265198,14710,279908,1855
2022-05-08,Alpine,003,1148,125,125,1,126,0
2022-05-08,Amador,005,37829,8603,8556,667,9223,86
2022-05-08,Butte,007,227075,33496,33269,7089,40358,421
2022-05-08,Calaveras,009,45235,7376,7353,365,7718,120
2022-05-08,Colusa,011,21464,3457,3459,1051,4510,21
2022-05-08,Contra Costa,013,1133247,197607,193961,14014,207975,1302
2022-05-08,Del Norte,015,27424,5932,5884,198,6082,50
2022-05-08,El Dorado,017,186661,27272,27081,3287,30368,210
2022-05-08,Fresno,019,978130,233190,232655,23960,256615,2754
2022-05-08,Glenn,021,27897,5007,4996,1618,6614,48
2022-05-08,Humboldt,023,135768,17702,17410,3185,20595,146
2022-05-08,Imperial,025,180216,55733,55683,10652,66335,917
2022-05-08,Inyo,027,18085,4112,4087,509,4596,56
2022-05-08,Kern,029,883053,193043,192590,46232,238822,2287
2022-05-08,Kings,031,150075,51752,51702,3523,55225,447
2022-05-08,Lake,033,64148,10815,10766,897,11663,137
2022-05-08,Lassen,035,31185,8975,8978,877,9855,65
2022-05-08,Los Angeles,037,10098052,2770783,2751478,127805,2879283,31738
2022-05-08,Madera,039,155013,37552,37420,6096,43516,365
2022-05-08,Marin,041,260295,35530,34934,3094,38028,292
2022-05-08,Mariposa,043,17540,2468,2438,217,2655,30
2022-05-08,Mendocino,045,87422,13351,13270,3202,16472,124
2022-05-08,Merced,047,269075,62703,62471,8787,71258,818
2022-05-08,Modoc,049,8938,743,745,254,999,8
2022-05-08,Mono,051,14174,3004,2997,139,3136,6
2022-05-08,Monterey,053,433212,80724,80246,14312,94558,733
2022-05-08,Napa,055,140530,26752,26524,1055,27579,143
2022-05-08,Nevada,057,99092,16265,16171,1245,17416,127
2022-05-08,Orange,059,3164182,557207,554411,42785,597196,7007
2022-05-08,Placer,061,380077,64076,63577,7514,71091,625
2022-05-08,Plumas,063,18699,3001,2996,367,3363,13
2022-05-08,Riverside,065,2383286,598529,596022,28352,624374,6467
2022-05-08,Sacramento,067,1510023,286306,284564,27075,311639,3016
2022-05-08,San Benito,069,59416,13073,13047,540,13587,98
2022-05-08,San Bernardino,071,2135413,578020,570381,25162,595543,7306
2022-05-08,San Diego,073,3302833,767249,765377,54336,819713,5244
2022-05-08,San Francisco,075,870044,135067,132659,8923,141582,861
2022-05-08,San Joaquin,077,732212,168491,167568,10223,177791,2229
2022-05-08,San Luis Obispo,079,281455,53481,53273,3960,57233,477
2022-05-08,San Mateo,081,765935,129454,127615,7651,135266,709
2022-05-08,Santa Barbara,083,443738,87788,87305,4831,92136,692
2022-05-08,Santa Clara,085,1922200,328263,324946,13304,338250,2287
2022-05-08,Santa Cruz,087,273765,50384,49605,2207,51812,262
2022-05-08,Shasta,089,179085,30809,30721,6126,36847,563
2022-05-08,Sierra,091,2930,275,275,49,324,4
2022-05-08,Siskiyou,093,43540,4489,4470,2757,7227,81
2022-05-08,Solano,095,438530,83895,83038,5770,88808,450
2022-05-08,Sonoma,097,501317,87207,86150,3110,89260,488
2022-05-08,Stanislaus,099,539301,118657,118235,17793,136028,1643
2022-05-08,Sutter,101,95872,20655,20694,2122,22816,225
2022-05-08,Tehama,103,63373,12104,12098,2599,14697,201
2022-05-08,Trinity,105,12862,1188,1180,288,1468,20
2022-05-08,Tulare,107,460477,106851,106987,27862,134849,1468
2022-05-08,Tuolumne,109,53932,12893,12793,589,13382,181
2022-05-08,Ventura,111,848112,176404,175454,9959,185413,1491
2022-05-08,Yolo,113,214977,38483,37456,3154,40610,315
2022-05-08,Yuba,115,75493,16012,15964,1232,17196,122
2022-05-07,Alameda,001,1643700,269101,265198,14692,279890,1855
2022-05-07,Alpine,003,1148,125,125,1,126,0
2022-05-07,Amador,005,37829,8601,8556,667,9223,86
2022-05-07,Butte,007,227075,33488,33269,7083,40352,421
2022-05-07,Calaveras,009,45235,7369,7353,365,7718,120
2022-05-07,Colusa,011,21464,3457,3459,1051,4510,21
2022-05-07,Contra Costa,013,1133247,197366,193961,13997,207958,1302
2022-05-07,Del Norte,015,27424,5930,5884,198,6082,50
2022-05-07,El Dorado,017,186661,27254,27081,3286,30367,210
2022-05-07,Fresno,019,978130,233135,232655,23953,256608,2754
2022-05-07,Glenn,021,27897,5006,4996,1618,6614,48
2022-05-07,Humboldt,023,135768,17674,17410,3177,20587,146
2022-05-07,Imperial,025,180216,55710,55683,10646,66329,917
2022-05-07,Inyo,027,18085,4109,4087,509,4596,56
2022-05-07,Kern,029,883053,193008,192590,46211,238801,2287
2022-05-07,Kings,031,150075,51741,51702,3523,55225,447
2022-05-07,Lake,033,64148,10811,10766,897,11663,137
2022-05-07,Lassen,035,31185,8975,8978,877,9855,65
2022-05-07,Los Angeles,037,10098052,2769190,2751478,127636,2879114,31738
2022-05-07,Madera,039,155013,37545,37420,6096,43516,365
2022-05-07,Marin,041,260295,35456,34934,3062,37996,292
2022-05-07,Mariposa,043,17540,2465,2438,217,2655,30
2022-05-07,Mendocino,045,87422,13342,13270,3199,16469,124
2022-05-07,Merced,047,269075,62690,62471,8787,71258,818
2022-05-07,Modoc,049,8938,743,745,254,999,8
2022-05-07,Mono,051,14174,3003,2997,139,3136,6
2022-05-07,Monterey,053,433212,80664,80246,14286,94532,733
2022-05-07,Napa,055,140530,26722,26524,1054,27578,143
2022-05-07,Nevada,057,99092,16255,16171,1240,17411,127
2022-05-07,Orange,059,3164182,556878,554411,42736,597147,7007
2022-05-07,Placer,061,380077,64013,63577,7507,71084,625
2022-05-07,Plumas,063,18699,3001,2996,366,3362,13
2022-05-07,Riverside,065,2383286,598274,596022,28325,624347,6467
2022-05-07,Sacramento,067,1510023,286112,284564,27062,311626,3016
2022-05-07,San Benito,069,59416,13064,13047,535,13582,98
2022-05-07,San Bernardino,071,2135413,577807,570381,25157,595538,7306
2022-05-07,San Diego,073,3302833,766763,765377,54306,819683,5244
2022-05-07,San Francisco,075,870044,134738,132659,8903,141562,861
2022-05-07,San Joaquin,077,732212,168386,167568,10215,177783,2229
2022-05-07,San Luis Obispo,079,281455,53469,53273,3949,57222,477
2022-05-07,San Mateo,081,765935,129169,127615,7629,135244,709
2022-05-07,Santa Barbara,083,443738,87708,87305,4828,92133,692
2022-05-07,Santa Clara,085,1922200,327642,324946,13274,338220,2287
2022-05-07,Santa Cruz,087,273765,50331,49605,2197,51802,262
2022-05-07,Shasta,089,179085,30801,30721,6126,36847,563
2022-05-07,Sierra,091,2930,275,275,49,324,4
2022-05-07,Siskiyou,093,43540,4487,4470,2757,7227,81
2022-05-07,Solano,095,438530,83839,83038,5766,88804,450
2022-05-07,Sonoma,097,501317,87082,86150,3101,89251,488
2022-05-07,Stanislaus,099,539301,118610,118235,17786,136021,1643
2022-05-07,Sutter,101,95872,20646,20694,2122,22816,225
2022-05-07,Tehama,103,63373,12102,12098,2598,14696,201
2022-05-07,Trinity,105,12862,1188,1180,288,1468,20
2022-05-07,Tulare,107,460477,106827,106987,27850,134837,1468
2022-05-07,Tuolumne,109,53932,12886,12793,589,13382,181
2022-05-07,Ventura,111,848112,176293,175454,9935,185389,1491
2022-05-07,Yolo,113,214977,38438,37456,3152,40608,315
2022-05-07,Yuba,115,75493,16003,15964,1232,17196,122
2022-05-06,Alameda,001,1643700,268720,265198,14671,279869,1855
2022-05-06,Alpine,003,1148,125,125,1,126,0
2022-05-06,Amador,005,37829,8600,8556,666,9222,86
2022-05-06,Butte,007,227075,33479,33269,7080,40349,421
2022-05-06,Calaveras,009,45235,7366,7353,365,7718,120
2022-05-06,Colusa,011,21464,3457,3459,1051,4510,21
2022-05-06,Contra Costa,013,1133247,197133,193961,13985,207946,1302
2022-05-06,Del Norte,015,27424,5921,5884,198,6082,50
2022-05-06,El Dorado,017,186661,27229,27081,3284,30365,210
2022-05-06,Fresno,019,978130,233059,232655,23944,256599,2754
2022-05-06,Glenn,021,27897,5006,4996,1618,6614,48
2022-05-06,Humboldt,023,135768,17647,17410,3170,20580,146
2022-05-06,Imperial,025,180216,55701,55683,10643,66326,917
2022-05-06,Inyo,027,18085,4099,4087,506,4593,56
2022-05-06,Kern,029,883053,192956,192590,46184,238774,2287
2022-05-06,Kings,031,150075,51733,51702,3523,55225,447
2022-05-06,Lake,033,64148,10809,10766,897,11663,137
2022-05-06,Lassen,035,31185,8975,8978,877,9855,65
2022-05-06,Los Angeles,037,10098052,2767365,2751478,127491,2878969,31738
2022-05-06,Madera,039,155013,37531,37420,6093,43513,365
2022-05-06,Marin,041,260295,35378,34934,3016,37950,292
2022-05-06,Mariposa,043,17540,2464,2438,210,2648,30
2022-05-06,Mendocino,045,87422,13330,13270,3197,16467,124
2022-05-06,Merced,047,269075,62673,62471,8786,71257,818
2022-05-06,Modoc,049,8938,743,745,254,999,8
2022-05-06,Mono,051,14174,3002,2997,139,3136,6
2022-05-06,Monterey,053,433212,80625,80246,14249,94495,733
2022-05-06,Napa,055,140530,26705,26524,1054,27578,143
2022-05-06,Nevada,057,99092,16243,16171,1238,17409,127
2022-05-06,Orange,059,3164182,556533,554411,42670,597081,7007
2022-05-06,Placer,061,380077,63952,63577,7495,71072,625
2022-05-06,Plumas,063,18699,2999,2996,366,3362,13
2022-05-06,Riverside,065,2383286,598046,596022,28305,624327,6467
2022-05-06,Sacramento,067,1510023,285855,284564,27042,311606,3016
2022-05-06,San Benito,069,59416,13060,13047,535,13582,98
2022-05-06,San Bernardino,071,2135413,577631,570381,25151,595532,7306
2022-05-06,San Diego,073,3302833,766253,765377,54270,819647,5244
2022-05-06,San Francisco,075,870044,134410,132659,8882,141541,861
2022-05-06,San Joaquin,077,732212,168296,167568,10203,177771,2229
2022-05-06,San Luis Obispo,079,281455,53443,53273,3944,57217,477
2022-05-06,San Mateo,081,765935,128942,127615,7620,135235,709
2022-05-06,Santa Barbara,083,443738,87654,87305,4826,92131,692
2022-05-06,Santa Clara,085,1922200,327049,324946,13259,338205,2287
2022-05-06,Santa Cruz,087,273765,50267,49605,2193,51798,262
2022-05-06,Shasta,089,179085,30795,30721,6125,36846,563
2022-05-06,Sierra,091,2930,275,275,49,324,4
2022-05-06,Siskiyou,093,43540,4485,4470,2755,7225,81
2022-05-06,Solano,095,438530,83751,83038,5758,88796,450
2022-05-06,Sonoma,097,501317,86960,86150,3086,89236,488
2022-05-06,Stanislaus,099,539301,118553,118235,17779,136014,1643
2022-05-06,Sutter,101,95872,20640,20694,2122,22816,225
2022-05-06,Tehama,103,63373,12097,12098,2598,14696,201
2022-05-06,Trinity,105,12862,1187,1180,288,1468,20
2022-05-06,Tulare,107,460477,106808,106987,27839,134826,1468
2022-05-06,Tuolumne,109,53932,12879,12793,588,13381,181
2022-05-06,Ventura,111,848112,176177,175454,9905,185359,1491
2022-05-06,Yolo,113,214977,38391,37456,3148,40604,315
2022-05-06,Yuba,115,75493,15992,15964,1231,17195,122
2022-05-05,Alameda,001,1643700,268133,265198,14626,279824,1855
2022-05-05,Alpine,003,1148,125,125,1,126,0
2022-05-05,Amador,005,37829,8598,8556,665,9221,86
2022-05-05,Butte,007,227075,33460,33269,7073,40342,421
2022-05-05,Calaveras,009,45235,7363,7353,363,7716,120
2022-05-05,Colusa,011,21464,3457,3459,1048,4507,21
2022-05-05,Contra Costa,013,1133247,196739,193961,13941,207902,1302
2022-05-05,Del Norte,015,27424,5920,5884,198,6082,50
2022-05-05,El Dorado,017,186661,27204,27081,3277,30358,210
2022-05-05,Fresno,019,978130,232958,232655,23921,256576,2754
2022-05-05,Glenn,021,27897,5006,4996,1618,6614,48
2022-05-05,Humboldt,023,135768,17609,17410,3156,20566,146
2022-05-05,Imperial,025,180216,55694,55683,10632,66315,917
2022-05-05,Inyo,027,18085,4095,4087,505,4592,56
2022-05-05,Kern,029,883053,192899,192590,46146,238736,2287
2022-05-05,Kings,031,150075,51725,51702,3523,55225,447
2022-05-05,Lake,033,64148,10805,10766,897,11663,137
2022-05-05,Lassen,035,31185,8975,8978,877,9855,65
2022-05-05,Los Angeles,037,10098052,2764779,2751478,127267,2878745,31738
2022-05-05,Madera,039,155013,37514,37420,6088,43508,365
2022-05-05,Marin,041,260295,35268,34934,2994,37928,292
2022-05-05,Mariposa,043,17540,2462,2438,209,2647,30
2022-05-05,Mendocino,045,87422,13319,13270,3189,16459,124
2022-05-05,Merced,047,269075,62640,62471,8782,71253,818
2022-05-05,Modoc,049,8938,743,745,252,997,8
2022-05-05,Mono,051,14174,3001,2997,138,3135,6
2022-05-05,Monterey,053,433212,80570,80246,14220,94466,733
2022-05-05,Napa,055,140530,26672,26524,1053,27577,143
2022-05-05,Nevada,057,99092,16233,16171,1235,17406,127
2022-05-05,Orange,059,3164182,556025,554411,42614,597025,7007
2022-05-05,Placer,061,380077,63891,63577,7486,71063,625
2022-05-05,Plumas,063,18699,2998,2996,366,3362,13
2022-05-05,Riverside,065,2383286,597705,596022,28278,624300,6467
2022-05-05,Sacramento,067,1510023,285521,284564,26988,311552,3016
2022-05-05,San Benito,069,59416,13049,13047,533,13580,98
2022-05-05,San Bernardino,071,2135413,577342,570381,25135,595516,7306
2022-05-05,San Diego,073,3302833,765512,765377,54200,819577,5244
2022-05-05,San Francisco,075,870044,133995,132659,8848,141507,861
2022-05-05,San Joaquin,077,732212,168204,167568,10175,177743,2229
2022-05-05,San Luis Obispo,079,281455,53407,53273,3929,57202,477
2022-05-05,San Mateo,081,765935,128604,127615,7595,135210,709
2022-05-05,Santa Barbara,083,443738,87579,87305,4821,92126,692
2022-05-05,Santa Clara,085,1922200,326253,324946,13197,338143,2287
2022-05-05,Santa Cruz,087,273765,50169,49605,2189,51794,262
2022-05-05,Shasta,089,179085,30785,30721,6123,36844,563
2022-05-05,Sierra,091,2930,275,275,49,324,4
2022-05-05,Siskiyou,093,43540,4483,4470,2755,7225,81
2022-05-05,Solano,095,438530,83631,83038,5740,88778,450
2022-05-05,Sonoma,097,501317,86787,86150,3068,89218,488
2022-05-05,Stanislaus,099,539301,118495,118235,17765,136000,1643
2022-05-05,Sutter,101,95872,20638,20694,2120,22814,225
2022-05-05,Tehama,103,63373,12093,12098,2596,14694,201
2022-05-05,Trinity,105,12862,1187,1180,288,1468,20
2022-05-05,Tulare,107,460477,106778,106987,27821,134808,1468
2022-05-05,Tuolumne,109,53932,12861,12793,585,13378,181
2022-05-05,Ventura,111,848112,175989,175454,9862,185316,1491
2022-05-05,Yolo,113,214977,38320,37456,3137,40593,315
2022-05-05,Yuba,115,75493,15982,15964,1228,17192,122
2022-05-04,Alameda,001,1643700,267471,263736,14584,278320,1850
2022-05-04,Alpine,003,1148,125,124,1,125,0
2022-05-04,Amador,005,37829,8595,8546,664,9210,86
2022-05-04,Butte,007,227075,33443,33220,7068,40288,417
2022-05-04,Calaveras,009,45235,7358,7344,363,7707,120
2022-05-04,Colusa,011,21464,3456,3460,1048,4508,21
2022-05-04,Contra Costa,013,1133247,196374,193175,13886,207061,1302
2022-05-04,Del Norte,015,27424,5912,5866,198,6064,50
2022-05-04,El Dorado,017,186661,27179,27021,3270,30291,210
2022-05-04,Fresno,019,978130,232841,232332,23910,256242,2751
2022-05-04,Glenn,021,27897,5004,4995,1618,6613,48
2022-05-04,Humboldt,023,135768,17569,17316,3146,20462,146
2022-05-04,Imperial,025,180216,55672,55548,10624,66172,910
2022-05-04,Inyo,027,18085,4095,4085,502,4587,56
2022-05-04,Kern,029,883053,192834,192432,46110,238542,2281
2022-05-04,Kings,031,150075,51707,51663,3522,55185,447
2022-05-04,Lake,033,64148,10800,10758,897,11655,137
2022-05-04,Lassen,035,31185,8974,8972,875,9847,65
2022-05-04,Los Angeles,037,10098052,2762000,2744894,127076,2871970,31722
2022-05-04,Madera,039,155013,37490,37395,6083,43478,365
2022-05-04,Marin,041,260295,35181,34727,2972,37699,291
2022-05-04,Mariposa,043,17540,2456,2435,204,2639,30
2022-05-04,Mendocino,045,87422,13311,13247,3181,16428,123
2022-05-04,Merced,047,269075,62614,62419,8771,71190,818
2022-05-04,Modoc,049,8938,743,746,252,998,8
2022-05-04,Mono,051,14174,3000,2993,135,3128,6
2022-05-04,Monterey,053,433212,80507,80038,14196,94234,732
2022-05-04,Napa,055,140530,26635,26434,1050,27484,143
2022-05-04,Nevada,057,99092,16217,16136,1231,17367,127
2022-05-04,Orange,059,3164182,555442,553177,42542,595719,7006
2022-05-04,Placer,061,380077,63808,63410,7480,70890,625
2022-05-04,Plumas,063,18699,2996,2947,366,3313,13
2022-05-04,Riverside,065,2383286,597369,594981,28252,623233,6457
2022-05-04,Sacramento,067,1510023,285191,283939,26953,310892,3013
2022-05-04,San Benito,069,59416,13039,13019,527,13546,98
2022-05-04,San Bernardino,071,2135413,577081,569570,25122,594692,7240
2022-05-04,San Diego,073,3302833,764765,763453,54107,817560,5239
2022-05-04,San Francisco,075,870044,133584,131599,8826,140425,860
2022-05-04,San Joaquin,077,732212,168099,167280,10147,177427,2225
2022-05-04,San Luis Obispo,079,281455,53363,53156,3918,57074,477
2022-05-04,San Mateo,081,765935,128281,126800,7560,134360,710
2022-05-04,Santa Barbara,083,443738,87475,87058,4806,91864,688
2022-05-04,Santa Clara,085,1922200,325449,322805,13143,335948,2285
2022-05-04,Santa Cruz,087,273765,50055,49230,2186,51416,262
2022-05-04,Shasta,089,179085,30769,30681,6121,36802,556
2022-05-04,Sierra,091,2930,275,275,49,324,4
2022-05-04,Siskiyou,093,43540,4479,4463,2753,7216,81
2022-05-04,Solano,095,438530,83487,82796,5730,88526,449
2022-05-04,Sonoma,097,501317,86611,85694,3043,88737,488
2022-05-04,Stanislaus,099,539301,118433,118123,17754,135877,1643
2022-05-04,Sutter,101,95872,20627,20672,2118,22790,224
2022-05-04,Tehama,103,63373,12091,12090,2591,14681,201
2022-05-04,Trinity,105,12862,1187,1180,288,1468,20
2022-05-04,Tulare,107,460477,106759,106935,27806,134741,1464
2022-05-04,Tuolumne,109,53932,12854,12757,583,13340,181
2022-05-04,Ventura,111,848112,175822,175066,9820,184886,1486
2022-05-04,Yolo,113,214977,38244,37344,3131,40475,315
2022-05-04,Yuba,115,75493,15973,15940,1225,17165,122
2022-05-03,Alameda,001,1643700,266856,263736,14541,278277,1850
2022-05-03,Alpine,003,1148,125,124,1,125,0
2022-05-03,Amador,005,37829,8592,8546,663,9209,86
2022-05-03,Butte,007,227075,33427,33220,7063,40283,417
2022-05-03,Calaveras,009,45235,7351,7344,363,7707,120
2022-05-03,Colusa,011,21464,3455,3460,1048,4508,21
2022-05-03,Contra Costa,013,1133247,195982,193175,13843,207018,1302
2022-05-03,Del Norte,015,27424,5906,5866,196,6062,50
2022-05-03,El Dorado,017,186661,27157,27021,3266,30287,210
2022-05-03,Fresno,019,978130,232731,232332,23891,256223,2751
2022-05-03,Glenn,021,27897,5003,4995,1616,6611,48
2022-05-03,Humboldt,023,135768,17533,17316,3127,20443,146
2022-05-03,Imperial,025,180216,55651,55548,10618,66166,910
2022-05-03,Inyo,027,18085,4093,4085,502,4587,56
2022-05-03,Kern,029,883053,192756,192432,46078,238510,2281
2022-05-03,Kings,031,150075,51695,51663,3522,55185,447
2022-05-03,Lake,033,64148,10795,10758,896,11654,137
2022-05-03,Lassen,035,31185,8974,8972,875,9847,65
2022-05-03,Los Angeles,037,10098052,2758942,2744894,126844,2871738,31722
2022-05-03,Madera,039,155013,37460,37395,6078,43473,365
2022-05-03,Marin,041,260295,35069,34727,2949,37676,291
2022-05-03,Mariposa,043,17540,2448,2435,204,2639,30
2022-05-03,Mendocino,045,87422,13296,13247,3163,16410,123
2022-05-03,Merced,047,269075,62586,62419,8748,71167,818
2022-05-03,Modoc,049,8938,742,746,252,998,8
2022-05-03,Mono,051,14174,2998,2993,134,3127,6
2022-05-03,Monterey,053,433212,80454,80038,14162,94200,732
2022-05-03,Napa,055,140530,26600,26434,1043,27477,143
2022-05-03,Nevada,057,99092,16206,16136,1231,17367,127
2022-05-03,Orange,059,3164182,554918,553177,42464,595641,7006
2022-05-03,Placer,061,380077,63714,63410,7466,70876,625
2022-05-03,Plumas,063,18699,2992,2947,366,3313,13
2022-05-03,Riverside,065,2383286,596999,594981,28228,623209,6457
2022-05-03,Sacramento,067,1510023,284878,283939,26902,310841,3013
2022-05-03,San Benito,069,59416,13025,13019,524,13543,98
2022-05-03,San Bernardino,071,2135413,576814,569570,25110,594680,7240
2022-05-03,San Diego,073,3302833,763921,763453,54007,817460,5239
2022-05-03,San Francisco,075,870044,133106,131599,8796,140395,860
2022-05-03,San Joaquin,077,732212,168016,167280,10121,177401,2225
2022-05-03,San Luis Obispo,079,281455,53316,53156,3909,57065,477
2022-05-03,San Mateo,081,765935,127937,126800,7522,134322,710
2022-05-03,Santa Barbara,083,443738,87384,87058,4804,91862,688
2022-05-03,Santa Clara,085,1922200,324632,322805,13092,335897,2285
2022-05-03,Santa Cruz,087,273765,49965,49230,2181,51411,262
2022-05-03,Shasta,089,179085,30750,30681,6120,36801,556
2022-05-03,Sierra,091,2930,275,275,49,324,4
2022-05-03,Siskiyou,093,43540,4478,4463,2753,7216,81
2022-05-03,Solano,095,438530,83300,82796,5720,88516,449
2022-05-03,Sonoma,097,501317,86431,85694,3019,88713,488
2022-05-03,Stanislaus,099,539301,118379,118123,17742,135865,1643
2022-05-03,Sutter,101,95872,20622,20672,2116,22788,224
2022-05-03,Tehama,103,63373,12087,12090,2590,14680,201
2022-05-03,Trinity,105,12862,1187,1180,288,1468,20
2022-05-03,Tulare,107,460477,106730,106935,27792,134727,1464
2022-05-03,Tuolumne,109,53932,12841,12757,583,13340,181
2022-05-03,Ventura,111,848112,175653,175066,9779,184845,1486
2022-05-03,Yolo,113,214977,38174,37344,3130,40474,315
2022-05-03,Yuba,115,75493,15962,15940,1217,17157,122
2022-05-02,Alameda,001,1643700,266227,263736,14496,278232,1850
2022-05-02,Alpine,003,1148,125,124,1,125,0
2022-05-02,Amador,005,37829,8589,8546,660,9206,86
2022-05-02,Butte,007,227075,33404,33220,7060,40280,417
2022-05-02,Calaveras,009,45235,7350,7344,362,7706,120
2022-05-02,Colusa,011,21464,3455,3460,1048,4508,21
2022-05-02,Contra Costa,013,1133247,195611,193175,13805,206980,1302
2022-05-02,Del Norte,015,27424,5901,5866,191,6057,50
2022-05-02,El Dorado,017,186661,27134,27021,3260,30281,210
2022-05-02,Fresno,019,978130,232621,232332,23862,256194,2751
2022-05-02,Glenn,021,27897,5001,4995,1616,6611,48
2022-05-02,Humboldt,023,135768,17482,17316,3113,20429,146
2022-05-02,Imperial,025,180216,55638,55548,10611,66159,910
2022-05-02,Inyo,027,18085,4092,4085,500,4585,56
2022-05-02,Kern,029,883053,192672,192432,46049,238481,2281
2022-05-02,Kings,031,150075,51678,51663,3522,55185,447
2022-05-02,Lake,033,64148,10791,10758,896,11654,137
2022-05-02,Lassen,035,31185,8973,8972,875,9847,65
2022-05-02,Los Angeles,037,10098052,2755900,2744894,126630,2871524,31722
2022-05-02,Madera,039,155013,37443,37395,6071,43466,365
2022-05-02,Marin,041,260295,34944,34727,2926,37653,291
2022-05-02,Mariposa,043,17540,2443,2435,204,2639,30
2022-05-02,Mendocino,045,87422,13278,13247,3150,16397,123
2022-05-02,Merced,047,269075,62555,62419,8742,71161,818
2022-05-02,Modoc,049,8938,741,746,252,998,8
2022-05-02,Mono,051,14174,2996,2993,133,3126,6
2022-05-02,Monterey,053,433212,80375,80038,14121,94159,732
2022-05-02,Napa,055,140530,26561,26434,1041,27475,143
2022-05-02,Nevada,057,99092,16188,16136,1229,17365,127
2022-05-02,Orange,059,3164182,554377,553177,42371,595548,7006
2022-05-02,Placer,061,380077,63657,63410,7459,70869,625
2022-05-02,Plumas,063,18699,2992,2947,366,3313,13
2022-05-02,Riverside,065,2383286,596608,594981,28201,623182,6457
2022-05-02,Sacramento,067,1510023,284572,283939,26862,310801,3013
2022-05-02,San Benito,069,59416,13013,13019,524,13543,98
2022-05-02,San Bernardino,071,2135413,576527,569570,25091,594661,7240
2022-05-02,San Diego,073,3302833,763057,763453,53912,817365,5239
2022-05-02,San Francisco,075,870044,132672,131599,8769,140368,860
2022-05-02,San Joaquin,077,732212,167899,167280,10111,177391,2225
2022-05-02,San Luis Obispo,079,281455,53263,53156,3900,57056,477
2022-05-02,San Mateo,081,765935,127613,126800,7507,134307,710
2022-05-02,Santa Barbara,083,443738,87283,87058,4800,91858,688
2022-05-02,Santa Clara,085,1922200,323719,322805,13045,335850,2285
2022-05-02,Santa Cruz,087,273765,49837,49230,2177,51407,262
2022-05-02,Shasta,089,179085,30731,30681,6119,36800,556
2022-05-02,Sierra,091,2930,275,275,49,324,4
2022-05-02,Siskiyou,093,43540,4475,4463,2751,7214,81
2022-05-02,Solano,095,438530,83160,82796,5711,88507,449
2022-05-02,Sonoma,097,501317,86248,85694,2998,88692,488
2022-05-02,Stanislaus,099,539301,118306,118123,17729,135852,1643
2022-05-02,Sutter,101,95872,20615,20672,2113,22785,224
2022-05-02,Tehama,103,63373,12082,12090,2587,14677,201
2022-05-02,Trinity,105,12862,1186,1180,288,1468,20
2022-05-02,Tulare,107,460477,106708,106935,27776,134711,1464
2022-05-02,Tuolumne,109,53932,12835,12757,583,13340,181
2022-05-02,Ventura,111,848112,175489,175066,9747,184813,1486
2022-05-02,Yolo,113,214977,38095,37344,3124,40468,315
2022-05-02,Yuba,115,75493,15957,15940,1215,17155,122
2022-05-01,Alameda,001,1643700,265527,262027,14446,276473,1851
2022-05-01,Alpine,003,1148,125,124,1,125,0
2022-05-01,Amador,005,37829,8589,8533,660,9193,86
2022-05-01,Butte,007,227075,33377,33172,7055,40227,418
2022-05-01,Calaveras,009,45235,7346,7328,356,7684,120
2022-05-01,Colusa,011,21464,3455,3457,1048,4505,21
2022-05-01,Contra Costa,013,1133247,195225,192136,13733,205869,1301
2022-05-01,Del Norte,015,27424,5893,5841,191,6032,50
2022-05-01,El Dorado,017,186661,27102,26946,3256,30202,210
2022-05-01,Fresno,019,978130,232516,232067,23841,255908,2748
2022-05-01,Glenn,021,27897,5001,4995,1616,6611,48
2022-05-01,Humboldt,023,135768,17418,17194,3088,20282,145
2022-05-01,Imperial,025,180216,55614,55503,10608,66111,910
2022-05-01,Inyo,027,18085,4091,4084,499,4583,56
2022-05-01,Kern,029,883053,192609,192250,46004,238254,2265
2022-05-01,Kings,031,150075,51657,51640,3518,55158,447
2022-05-01,Lake,033,64148,10784,10742,894,11636,137
2022-05-01,Lassen,035,31185,8973,8966,875,9841,65
2022-05-01,Los Angeles,037,10098052,2752888,2736900,126394,2863294,31712
2022-05-01,Madera,039,155013,37425,37360,6060,43420,365
2022-05-01,Marin,041,260295,34857,34519,2893,37412,291
2022-05-01,Mariposa,043,17540,2442,2430,204,2634,30
2022-05-01,Mendocino,045,87422,13259,13219,3134,16353,123
2022-05-01,Merced,047,269075,62525,62357,8726,71083,818
2022-05-01,Modoc,049,8938,741,745,252,997,8
2022-05-01,Mono,051,14174,2993,2989,131,3120,6
2022-05-01,Monterey,053,433212,80296,79881,14079,93960,731
2022-05-01,Napa,055,140530,26516,26319,1037,27356,143
2022-05-01,Nevada,057,99092,16169,16100,1228,17328,127
2022-05-01,Orange,059,3164182,553823,551822,42274,594096,6998
2022-05-01,Placer,061,380077,63584,63273,7445,70718,625
2022-05-01,Plumas,063,18699,2991,2946,366,3312,13
2022-05-01,Riverside,065,2383286,596146,593965,28166,622131,6457
2022-05-01,Sacramento,067,1510023,284240,283048,26801,309849,3007
2022-05-01,San Benito,069,59416,13005,12988,524,13512,98
2022-05-01,San Bernardino,071,2135413,576207,568758,25074,593832,7191
2022-05-01,San Diego,073,3302833,762177,761253,53821,815074,5238
2022-05-01,San Francisco,075,870044,132179,130241,8740,138981,860
2022-05-01,San Joaquin,077,732212,167757,167028,10081,177109,2225
2022-05-01,San Luis Obispo,079,281455,53191,53040,3884,56924,477
2022-05-01,San Mateo,081,765935,127245,125807,7468,133275,705
2022-05-01,Santa Barbara,083,443738,87179,86768,4790,91558,688
2022-05-01,Santa Clara,085,1922200,322779,320709,12992,333701,2281
2022-05-01,Santa Cruz,087,273765,49685,48798,2169,50967,262
2022-05-01,Shasta,089,179085,30715,30649,6117,36766,554
2022-05-01,Sierra,091,2930,275,274,49,323,4
2022-05-01,Siskiyou,093,43540,4474,4458,2745,7203,81
2022-05-01,Solano,095,438530,83028,82459,5697,88156,449
2022-05-01,Sonoma,097,501317,86028,85290,2970,88260,488
2022-05-01,Stanislaus,099,539301,118251,117943,17714,135657,1643
2022-05-01,Sutter,101,95872,20607,20644,2106,22750,224
2022-05-01,Tehama,103,63373,12081,12078,2586,14664,202
2022-05-01,Trinity,105,12862,1186,1179,288,1467,20
2022-05-01,Tulare,107,460477,106675,106856,27756,134612,1458
2022-05-01,Tuolumne,109,53932,12815,12713,577,13290,181
2022-05-01,Ventura,111,848112,175316,174679,9695,184374,1486
2022-05-01,Yolo,113,214977,38030,37173,3113,40286,314
2022-05-01,Yuba,115,75493,15947,15917,1213,17130,121
2022-04-30,Alameda,001,1643700,265125,262027,14431,276458,1851
2022-04-30,Alpine,003,1148,125,124,1,125,0
2022-04-30,Amador,005,37829,8587,8533,660,9193,86
2022-04-30,Butte,007,227075,33371,33172,7051,40223,418
2022-04-30,Calaveras,009,45235,7343,7328,355,7683,120
2022-04-30,Colusa,011,21464,3454,3457,1048,4505,21
2022-04-30,Contra Costa,013,1133247,194980,192136,13723,205859,1301
2022-04-30,Del Norte,015,27424,5888,5841,191,6032,50
2022-04-30,El Dorado,017,186661,27084,26946,3252,30198,210
2022-04-30,Fresno,019,978130,232471,232067,23833,255900,2748
2022-04-30,Glenn,021,27897,5000,4995,1615,6610,48
2022-04-30,Humboldt,023,135768,17376,17194,3079,20273,145
2022-04-30,Imperial,025,180216,55601,55503,10606,66109,910
2022-04-30,Inyo,027,18085,4091,4084,499,4583,56
2022-04-30,Kern,029,883053,192573,192250,45986,238236,2265
2022-04-30,Kings,031,150075,51651,51640,3517,55157,447
2022-04-30,Lake,033,64148,10781,10742,894,11636,137
2022-04-30,Lassen,035,31185,8973,8966,875,9841,65
2022-04-30,Los Angeles,037,10098052,2751513,2736900,126220,2863120,31712
2022-04-30,Madera,039,155013,37414,37360,6059,43419,365
2022-04-30,Marin,041,260295,34811,34519,2863,37382,291
2022-04-30,Mariposa,043,17540,2440,2430,203,2633,30
2022-04-30,Mendocino,045,87422,13255,13219,3134,16353,123
2022-04-30,Merced,047,269075,62511,62357,8724,71081,818
2022-04-30,Modoc,049,8938,741,745,252,997,8
2022-04-30,Mono,051,14174,2992,2989,129,3118,6
2022-04-30,Monterey,053,433212,80229,79881,14056,93937,731
2022-04-30,Napa,055,140530,26492,26319,1036,27355,143
2022-04-30,Nevada,057,99092,16154,16100,1227,17327,127
2022-04-30,Orange,059,3164182,553556,551822,42236,594058,6998
2022-04-30,Placer,061,380077,63539,63273,7439,70712,625
2022-04-30,Plumas,063,18699,2988,2946,366,3312,13
2022-04-30,Riverside,065,2383286,595902,593965,28148,622113,6457
2022-04-30,Sacramento,067,1510023,284118,283048,26788,309836,3007
2022-04-30,San Benito,069,59416,13002,12988,524,13512,98
2022-04-30,San Bernardino,071,2135413,576032,568758,25065,593823,7191
2022-04-30,San Diego,073,3302833,761804,761253,53793,815046,5238
2022-04-30,San Francisco,075,870044,131894,130241,8718,138959,860
2022-04-30,San Joaquin,077,732212,167702,167028,10076,177104,2225
2022-04-30,San Luis Obispo,079,281455,53180,53040,3881,56921,477
2022-04-30,San Mateo,081,765935,127027,125807,7449,133256,705
2022-04-30,Santa Barbara,083,443738,87123,86768,4787,91555,688
2022-04-30,Santa Clara,085,1922200,322206,320709,12968,333677,2281
2022-04-30,Santa Cruz,087,273765,49638,48798,2169,50967,262
2022-04-30,Shasta,089,179085,30709,30649,6115,36764,554
2022-04-30,Sierra,091,2930,275,274,49,323,4
2022-04-30,Siskiyou,093,43540,4472,4458,2744,7202,81
2022-04-30,Solano,095,438530,83011,82459,5695,88154,449
2022-04-30,Sonoma,097,501317,85911,85290,2958,88248,488
2022-04-30,Stanislaus,099,539301,118220,117943,17708,135651,1643
2022-04-30,Sutter,101,95872,20602,20644,2106,22750,224
2022-04-30,Tehama,103,63373,12077,12078,2584,14662,202
2022-04-30,Trinity,105,12862,1186,1179,288,1467,20
2022-04-30,Tulare,107,460477,106657,106856,27744,134600,1458
2022-04-30,Tuolumne,109,53932,12806,12713,577,13290,181
2022-04-30,Ventura,111,848112,175232,174679,9663,184342,1486
2022-04-30,Yolo,113,214977,37983,37173,3112,40285,314
2022-04-30,Yuba,115,75493,15940,15917,1212,17129,121
2022-04-29,Alameda,001,1643700,264813,262027,14418,276445,1851
2022-04-29,Alpine,003,1148,124,124,1,125,0
2022-04-29,Amador,005,37829,8580,8533,658,9191,86
2022-04-29,Butte,007,227075,33366,33172,7045,40217,418
2022-04-29,Calaveras,009,45235,7341,7328,355,7683,120
2022-04-29,Colusa,011,21464,3453,3457,1048,4505,21
2022-04-29,Contra Costa,013,1133247,194785,192136,13704,205840,1301
2022-04-29,Del Norte,015,27424,5884,5841,191,6032,50
2022-04-29,El Dorado,017,186661,27072,26946,3250,30196,210
2022-04-29,Fresno,019,978130,232420,232067,23825,255892,2748
2022-04-29,Glenn,021,27897,5000,4995,1614,6609,48
2022-04-29,Humboldt,023,135768,17351,17194,3071,20265,145
2022-04-29,Imperial,025,180216,55585,55503,10605,66108,910
2022-04-29,Inyo,027,18085,4091,4084,497,4581,56
2022-04-29,Kern,029,883053,192546,192250,45974,238224,2265
2022-04-29,Kings,031,150075,51646,51640,3517,55157,447
2022-04-29,Lake,033,64148,10780,10742,894,11636,137
2022-04-29,Lassen,035,31185,8972,8966,875,9841,65
2022-04-29,Los Angeles,037,10098052,2750208,2736900,126070,2862970,31712
2022-04-29,Madera,039,155013,37404,37360,6058,43418,365
2022-04-29,Marin,041,260295,34745,34519,2843,37362,291
2022-04-29,Mariposa,043,17540,2438,2430,203,2633,30
2022-04-29,Mendocino,045,87422,13250,13219,3133,16352,123
2022-04-29,Merced,047,269075,62499,62357,8723,71080,818
2022-04-29,Modoc,049,8938,741,745,252,997,8
2022-04-29,Mono,051,14174,2992,2989,129,3118,6
2022-04-29,Monterey,053,433212,80195,79881,14042,93923,731
2022-04-29,Napa,055,140530,26464,26319,1034,27353,143
2022-04-29,Nevada,057,99092,16147,16100,1226,17326,127
2022-04-29,Orange,059,3164182,553291,551822,42191,594013,6998
2022-04-29,Placer,061,380077,63510,63273,7432,70705,625
2022-04-29,Plumas,063,18699,2987,2946,366,3312,13
2022-04-29,Riverside,065,2383286,595682,593965,28127,622092,6457
2022-04-29,Sacramento,067,1510023,283971,283048,26780,309828,3007
2022-04-29,San Benito,069,59416,12997,12988,524,13512,98
2022-04-29,San Bernardino,071,2135413,575875,568758,25055,593813,7191
2022-04-29,San Diego,073,3302833,761386,761253,53768,815021,5238
2022-04-29,San Francisco,075,870044,131672,130241,8698,138939,860
2022-04-29,San Joaquin,077,732212,167647,167028,10072,177100,2225
2022-04-29,San Luis Obispo,079,281455,53165,53040,3876,56916,477
2022-04-29,San Mateo,081,765935,126829,125807,7435,133242,705
2022-04-29,Santa Barbara,083,443738,87083,86768,4785,91553,688
2022-04-29,Santa Clara,085,1922200,321696,320709,12938,333647,2281
2022-04-29,Santa Cruz,087,273765,49582,48798,2165,50963,262
2022-04-29,Shasta,089,179085,30707,30649,6114,36763,554
2022-04-29,Sierra,091,2930,275,274,49,323,4
2022-04-29,Siskiyou,093,43540,4471,4458,2744,7202,81
2022-04-29,Solano,095,438530,82954,82459,5690,88149,449
2022-04-29,Sonoma,097,501317,85803,85290,2944,88234,488
2022-04-29,Stanislaus,099,539301,118197,117943,17703,135646,1643
2022-04-29,Sutter,101,95872,20595,20644,2105,22749,224
2022-04-29,Tehama,103,63373,12075,12078,2584,14662,202
2022-04-29,Trinity,105,12862,1186,1179,288,1467,20
2022-04-29,Tulare,107,460477,106639,106856,27728,134584,1458
2022-04-29,Tuolumne,109,53932,12799,12713,574,13287,181
2022-04-29,Ventura,111,848112,175156,174679,9641,184320,1486
2022-04-29,Yolo,113,214977,37950,37173,3109,40282,314
2022-04-29,Yuba,115,75493,15935,15917,1212,17129,121
2022-04-28,Alameda,001,1643700,264372,262027,14382,276409,1851
2022-04-28,Alpine,003,1148,124,124,1,125,0
2022-04-28,Amador,005,37829,8577,8533,658,9191,86
2022-04-28,Butte,007,227075,33357,33172,7039,40211,418
2022-04-28,Calaveras,009,45235,7337,7328,355,7683,120
2022-04-28,Colusa,011,21464,3452,3457,1048,4505,21
2022-04-28,Contra Costa,013,1133247,194529,192136,13663,205799,1301
2022-04-28,Del Norte,015,27424,5880,5841,191,6032,50
2022-04-28,El Dorado,017,186661,27050,26946,3246,30192,210
2022-04-28,Fresno,019,978130,232361,232067,23816,255883,2748
2022-04-28,Glenn,021,27897,4997,4995,1614,6609,48
2022-04-28,Humboldt,023,135768,17317,17194,3055,20249,145
2022-04-28,Imperial,025,180216,55573,55503,10600,66103,910
2022-04-28,Inyo,027,18085,4091,4084,497,4581,56
2022-04-28,Kern,029,883053,192507,192250,45960,238210,2265
2022-04-28,Kings,031,150075,51640,51640,3517,55157,447
2022-04-28,Lake,033,64148,10776,10742,894,11636,137
2022-04-28,Lassen,035,31185,8972,8966,875,9841,65
2022-04-28,Los Angeles,037,10098052,2748143,2736900,125889,2862789,31712
2022-04-28,Madera,039,155013,37398,37360,6055,43415,365
2022-04-28,Marin,041,260295,34695,34519,2828,37347,291
2022-04-28,Mariposa,043,17540,2438,2430,203,2633,30
2022-04-28,Mendocino,045,87422,13239,13219,3116,16335,123
2022-04-28,Merced,047,269075,62481,62357,8715,71072,818
2022-04-28,Modoc,049,8938,741,745,252,997,8
2022-04-28,Mono,051,14174,2990,2989,129,3118,6
2022-04-28,Monterey,053,433212,80155,79881,14018,93899,731
2022-04-28,Napa,055,140530,26434,26319,1031,27350,143
2022-04-28,Nevada,057,99092,16139,16100,1223,17323,127
2022-04-28,Orange,059,3164182,552930,551822,42130,593952,6998
2022-04-28,Placer,061,380077,63463,63273,7424,70697,625
2022-04-28,Plumas,063,18699,2986,2946,366,3312,13
2022-04-28,Riverside,065,2383286,595399,593965,28105,622070,6457
2022-04-28,Sacramento,067,1510023,283789,283048,26741,309789,3007
2022-04-28,San Benito,069,59416,12988,12988,522,13510,98
2022-04-28,San Bernardino,071,2135413,575675,568758,25047,593805,7191
2022-04-28,San Diego,073,3302833,760844,761253,53705,814958,5238
2022-04-28,San Francisco,075,870044,131370,130241,8664,138905,860
2022-04-28,San Joaquin,077,732212,167576,167028,10058,177086,2225
2022-04-28,San Luis Obispo,079,281455,53137,53040,3858,56898,477
2022-04-28,San Mateo,081,765935,126584,125807,7408,133215,705
2022-04-28,Santa Barbara,083,443738,87030,86768,4782,91550,688
2022-04-28,Santa Clara,085,1922200,321155,320709,12904,333613,2281
2022-04-28,Santa Cruz,087,273765,49485,48798,2159,50957,262
2022-04-28,Shasta,089,179085,30699,30649,6114,36763,554
2022-04-28,Sierra,091,2930,275,274,49,323,4
2022-04-28,Siskiyou,093,43540,4468,4458,2744,7202,81
2022-04-28,Solano,095,438530,82870,82459,5685,88144,449
2022-04-28,Sonoma,097,501317,85688,85290,2930,88220,488
2022-04-28,Stanislaus,099,539301,118159,117943,17696,135639,1643
2022-04-28,Sutter,101,95872,20585,20644,2102,22746,224
2022-04-28,Tehama,103,63373,12074,12078,2583,14661,202
2022-04-28,Trinity,105,12862,1186,1179,288,1467,20
2022-04-28,Tulare,107,460477,106617,106856,27718,134574,1458
2022-04-28,Tuolumne,109,53932,12787,12713,573,13286,181
2022-04-28,Ventura,111,848112,175067,174679,9605,184284,1486
2022-04-28,Yolo,113,214977,37912,37173,3106,40279,314
2022-04-28,Yuba,115,75493,15926,15917,1210,17127,121
2022-04-27,Alameda,001,1643700,263890,260871,14339,275210,1843
2022-04-27,Alpine,003,1148,124,124,1,125,0
2022-04-27,Amador,005,37829,8576,8518,658,9176,86
2022-04-27,Butte,007,227075,33346,33118,7034,40152,411
2022-04-27,Calaveras,009,45235,7334,7307,355,7662,119
2022-04-27,Colusa,011,21464,3452,3457,1048,4505,21
2022-04-27,Contra Costa,013,1133247,194264,191412,13633,205045,1300
2022-04-27,Del Norte,015,27424,5875,5833,191,6024,50
2022-04-27,El Dorado,017,186661,27039,26898,3241,30139,209
2022-04-27,Fresno,019,978130,232295,231951,23802,255753,2744
2022-04-27,Glenn,021,27897,4997,4993,1614,6607,48
2022-04-27,Humboldt,023,135768,17287,17138,3044,20182,145
2022-04-27,Imperial,025,180216,55555,55480,10596,66076,910
2022-04-27,Inyo,027,18085,4090,4080,496,4576,56
2022-04-27,Kern,029,883053,192471,192157,45941,238098,2271
2022-04-27,Kings,031,150075,51635,51617,3516,55133,444
2022-04-27,Lake,033,64148,10772,10732,894,11626,135
2022-04-27,Lassen,035,31185,8971,8965,875,9840,65
2022-04-27,Los Angeles,037,10098052,2745812,2731988,125705,2857693,31691
2022-04-27,Madera,039,155013,37389,37339,6054,43393,354
2022-04-27,Marin,041,260295,34634,34354,2814,37168,288
2022-04-27,Mariposa,043,17540,2436,2427,203,2630,30
2022-04-27,Mendocino,045,87422,13232,13188,3108,16296,123
2022-04-27,Merced,047,269075,62467,62315,8711,71026,815
2022-04-27,Modoc,049,8938,741,745,252,997,8
2022-04-27,Mono,051,14174,2990,2989,129,3118,6
2022-04-27,Monterey,053,433212,80113,79695,13978,93673,729
2022-04-27,Napa,055,140530,26405,26210,1026,27236,143
2022-04-27,Nevada,057,99092,16123,16080,1220,17300,127
2022-04-27,Orange,059,3164182,552557,550859,42072,592931,6991
2022-04-27,Placer,061,380077,63421,63154,7408,70562,623
2022-04-27,Plumas,063,18699,2985,2934,366,3300,13
2022-04-27,Riverside,065,2383286,595134,593397,28089,621486,6453
2022-04-27,Sacramento,067,1510023,283589,281802,26709,308511,3001
2022-04-27,San Benito,069,59416,12975,12989,520,13509,98
2022-04-27,San Bernardino,071,2135413,575477,568018,25040,593058,7105
2022-04-27,San Diego,073,3302833,760271,759873,53643,813516,5236
2022-04-27,San Francisco,075,870044,131018,129284,8640,137924,857
2022-04-27,San Joaquin,077,732212,167501,166848,10043,176891,2225
2022-04-27,San Luis Obispo,079,281455,53092,52911,3847,56758,476
2022-04-27,San Mateo,081,765935,126354,125018,7355,132373,702
2022-04-27,Santa Barbara,083,443738,86966,86557,4775,91332,685
2022-04-27,Santa Clara,085,1922200,320590,319077,12857,331934,2282
2022-04-27,Santa Cruz,087,273765,49402,48500,2151,50651,262
2022-04-27,Shasta,089,179085,30687,30633,6111,36744,554
2022-04-27,Sierra,091,2930,274,276,49,325,4
2022-04-27,Siskiyou,093,43540,4468,4455,2740,7195,81
2022-04-27,Solano,095,438530,82758,82220,5677,87897,448
2022-04-27,Sonoma,097,501317,85579,84983,2910,87893,487
2022-04-27,Stanislaus,099,539301,118116,117841,17686,135527,1643
2022-04-27,Sutter,101,95872,20581,20627,2098,22725,224
2022-04-27,Tehama,103,63373,12074,12073,2583,14656,201
2022-04-27,Trinity,105,12862,1186,1179,288,1467,20
2022-04-27,Tulare,107,460477,106598,106580,27709,134289,1453
2022-04-27,Tuolumne,109,53932,12770,12684,572,13256,181
2022-04-27,Ventura,111,848112,174964,174425,9590,184015,1480
2022-04-27,Yolo,113,214977,37863,37096,3100,40196,314
2022-04-27,Yuba,115,75493,15922,15902,1205,17107,121
2022-04-26,Alameda,001,1643700,263374,260871,14297,275168,1843
2022-04-26,Alpine,003,1148,124,124,1,125,0
2022-04-26,Amador,005,37829,8573,8518,657,9175,86
2022-04-26,Butte,007,227075,33330,33118,7027,40145,411
2022-04-26,Calaveras,009,45235,7330,7307,354,7661,119
2022-04-26,Colusa,011,21464,3452,3457,1048,4505,21
2022-04-26,Contra Costa,013,1133247,194004,191412,13596,205008,1300
2022-04-26,Del Norte,015,27424,5867,5833,191,6024,50
2022-04-26,El Dorado,017,186661,27018,26898,3237,30135,209
2022-04-26,Fresno,019,978130,232215,231951,23792,255743,2744
2022-04-26,Glenn,021,27897,4997,4993,1613,6606,48
2022-04-26,Humboldt,023,135768,17256,17138,3038,20176,145
2022-04-26,Imperial,025,180216,55535,55480,10591,66071,910
2022-04-26,Inyo,027,18085,4090,4080,496,4576,56
2022-04-26,Kern,029,883053,192423,192157,45917,238074,2271
2022-04-26,Kings,031,150075,51629,51617,3516,55133,444
2022-04-26,Lake,033,64148,10765,10732,894,11626,135
2022-04-26,Lassen,035,31185,8966,8965,875,9840,65
2022-04-26,Los Angeles,037,10098052,2743421,2731988,125521,2857509,31691
2022-04-26,Madera,039,155013,37381,37339,6047,43386,354
2022-04-26,Marin,041,260295,34581,34354,2795,37149,288
2022-04-26,Mariposa,043,17540,2436,2427,203,2630,30
2022-04-26,Mendocino,045,87422,13228,13188,3102,16290,123
2022-04-26,Merced,047,269075,62444,62315,8694,71009,815
2022-04-26,Modoc,049,8938,741,745,252,997,8
2022-04-26,Mono,051,14174,2990,2989,128,3117,6
2022-04-26,Monterey,053,433212,80059,79695,13939,93634,729
2022-04-26,Napa,055,140530,26375,26210,1022,27232,143
2022-04-26,Nevada,057,99092,16114,16080,1220,17300,127
2022-04-26,Orange,059,3164182,552150,550859,42015,592874,6991
2022-04-26,Placer,061,380077,63390,63154,7406,70560,623
2022-04-26,Plumas,063,18699,2985,2934,366,3300,13
2022-04-26,Riverside,065,2383286,594825,593397,28063,621460,6453
2022-04-26,Sacramento,067,1510023,283353,281802,26687,308489,3001
2022-04-26,San Benito,069,59416,12971,12989,519,13508,98
2022-04-26,San Bernardino,071,2135413,575267,568018,25026,593044,7105
2022-04-26,San Diego,073,3302833,759612,759873,53540,813413,5236
2022-04-26,San Francisco,075,870044,130619,129284,8615,137899,857
2022-04-26,San Joaquin,077,732212,167439,166848,10033,176881,2225
2022-04-26,San Luis Obispo,079,281455,53063,52911,3836,56747,476
2022-04-26,San Mateo,081,765935,126084,125018,7321,132339,702
2022-04-26,Santa Barbara,083,443738,86905,86557,4770,91327,685
2022-04-26,Santa Clara,085,1922200,320033,319077,12811,331888,2282
2022-04-26,Santa Cruz,087,273765,49302,48500,2148,50648,262
2022-04-26,Shasta,089,179085,30675,30633,6111,36744,554
2022-04-26,Sierra,091,2930,274,276,49,325,4
2022-04-26,Siskiyou,093,43540,4466,4455,2738,7193,81
2022-04-26,Solano,095,438530,82659,82220,5666,87886,448
2022-04-26,Sonoma,097,501317,85473,84983,2894,87877,487
2022-04-26,Stanislaus,099,539301,118080,117841,17676,135517,1643
2022-04-26,Sutter,101,95872,20571,20627,2098,22725,224
2022-04-26,Tehama,103,63373,12065,12073,2583,14656,201
2022-04-26,Trinity,105,12862,1186,1179,288,1467,20
2022-04-26,Tulare,107,460477,106570,106580,27695,134275,1453
2022-04-26,Tuolumne,109,53932,12751,12684,570,13254,181
2022-04-26,Ventura,111,848112,174854,174425,9565,183990,1480
2022-04-26,Yolo,113,214977,37804,37096,3095,40191,314
2022-04-26,Yuba,115,75493,15920,15902,1205,17107,121
2022-04-25,Alameda,001,1643700,262866,260871,14256,275127,1843
2022-04-25,Alpine,003,1148,124,124,1,125,0
2022-04-25,Amador,005,37829,8570,8518,657,9175,86
2022-04-25,Butte,007,227075,33315,33118,7018,40136,411
2022-04-25,Calaveras,009,45235,7327,7307,354,7661,119
2022-04-25,Colusa,011,21464,3452,3457,1048,4505,21
2022-04-25,Contra Costa,013,1133247,193737,191412,13559,204971,1300
2022-04-25,Del Norte,015,27424,5861,5833,189,6022,50
2022-04-25,El Dorado,017,186661,26997,26898,3235,30133,209
2022-04-25,Fresno,019,978130,232124,231951,23779,255730,2744
2022-04-25,Glenn,021,27897,4996,4993,1613,6606,48
2022-04-25,Humboldt,023,135768,17214,17138,3030,20168,145
2022-04-25,Imperial,025,180216,55515,55480,10586,66066,910
2022-04-25,Inyo,027,18085,4090,4080,496,4576,56
2022-04-25,Kern,029,883053,192379,192157,45899,238056,2271
2022-04-25,Kings,031,150075,51620,51617,3515,55132,444
2022-04-25,Lake,033,64148,10762,10732,893,11625,135
2022-04-25,Lassen,035,31185,8965,8965,875,9840,65
2022-04-25,Los Angeles,037,10098052,2741036,2731988,125355,2857343,31691
2022-04-25,Madera,039,155013,37368,37339,6043,43382,354
2022-04-25,Marin,041,260295,34517,34354,2771,37125,288
2022-04-25,Mariposa,043,17540,2436,2427,202,2629,30
2022-04-25,Mendocino,045,87422,13218,13188,3085,16273,123
2022-04-25,Merced,047,269075,62431,62315,8692,71007,815
2022-04-25,Modoc,049,8938,741,745,252,997,8
2022-04-25,Mono,051,14174,2990,2989,128,3117,6
2022-04-25,Monterey,053,433212,80021,79695,13914,93609,729
2022-04-25,Napa,055,140530,26334,26210,1020,27230,143
2022-04-25,Nevada,057,99092,16108,16080,1218,17298,127
2022-04-25,Orange,059,3164182,551743,550859,41954,592813,6991
2022-04-25,Placer,061,380077,63354,63154,7401,70555,623
2022-04-25,Plumas,063,18699,2983,2934,366,3300,13
2022-04-25,Riverside,065,2383286,594560,593397,28046,621443,6453
2022-04-25,Sacramento,067,1510023,283188,281802,26654,308456,3001
2022-04-25,San Benito,069,59416,12964,12989,519,13508,98
2022-04-25,San Bernardino,071,2135413,575041,568018,25009,593027,7105
2022-04-25,San Diego,073,3302833,758930,759873,53466,813339,5236
2022-04-25,San Francisco,075,870044,130258,129284,8599,137883,857
2022-04-25,San Joaquin,077,732212,167355,166848,10019,176867,2225
2022-04-25,San Luis Obispo,079,281455,53014,52911,3828,56739,476
2022-04-25,San Mateo,081,765935,125812,125018,7301,132319,702
2022-04-25,Santa Barbara,083,443738,86844,86557,4764,91321,685
2022-04-25,Santa Clara,085,1922200,319388,319077,12766,331843,2282
2022-04-25,Santa Cruz,087,273765,49161,48500,2139,50639,262
2022-04-25,Shasta,089,179085,30663,30633,6108,36741,554
2022-04-25,Sierra,091,2930,274,276,49,325,4
2022-04-25,Siskiyou,093,43540,4466,4455,2737,7192,81
2022-04-25,Solano,095,438530,82541,82220,5655,87875,448
2022-04-25,Sonoma,097,501317,85350,84983,2874,87857,487
2022-04-25,Stanislaus,099,539301,118035,117841,17669,135510,1643
2022-04-25,Sutter,101,95872,20568,20627,2098,22725,224
2022-04-25,Tehama,103,63373,12065,12073,2583,14656,201
2022-04-25,Trinity,105,12862,1185,1179,288,1467,20
2022-04-25,Tulare,107,460477,106545,106580,27685,134265,1453
2022-04-25,Tuolumne,109,53932,12742,12684,570,13254,181
2022-04-25,Ventura,111,848112,174744,174425,9542,183967,1480
2022-04-25,Yolo,113,214977,37738,37096,3091,40187,314
2022-04-25,Yuba,115,75493,15910,15902,1204,17106,121
2022-04-24,Alameda,001,1643700,262283,259619,14211,273830,1837
2022-04-24,Alpine,003,1148,124,124,1,125,0
2022-04-24,Amador,005,37829,8561,8509,656,9165,86
2022-04-24,Butte,007,227075,33292,33105,7011,40116,411
2022-04-24,Calaveras,009,45235,7318,7296,352,7648,119
2022-04-24,Colusa,011,21464,3451,3453,1048,4501,21
2022-04-24,Contra Costa,013,1133247,193430,190611,13526,204137,1298
2022-04-24,Del Norte,015,27424,5852,5827,187,6014,50
2022-04-24,El Dorado,017,186661,26979,26837,3233,30070,209
2022-04-24,Fresno,019,978130,232043,231751,23764,255515,2744
2022-04-24,Glenn,021,27897,4996,4989,1611,6600,48
2022-04-24,Humboldt,023,135768,17189,17033,3016,20049,145
2022-04-24,Imperial,025,180216,55503,55434,10578,66012,910
2022-04-24,Inyo,027,18085,4086,4079,495,4574,56
2022-04-24,Kern,029,883053,192327,192012,45885,237897,2267
2022-04-24,Kings,031,150075,51611,51588,3515,55103,444
2022-04-24,Lake,033,64148,10754,10720,890,11610,134
2022-04-24,Lassen,035,31185,8964,8966,875,9841,65
2022-04-24,Los Angeles,037,10098052,2738687,2725630,125208,2850838,31667
2022-04-24,Madera,039,155013,37353,37333,6037,43370,354
2022-04-24,Marin,041,260295,34463,34150,2737,36887,288
2022-04-24,Mariposa,043,17540,2433,2422,202,2624,30
2022-04-24,Mendocino,045,87422,13213,13158,3073,16231,122
2022-04-24,Merced,047,269075,62408,62286,8684,70970,815
2022-04-24,Modoc,049,8938,741,745,252,997,8
2022-04-24,Mono,051,14174,2988,2986,128,3114,6
2022-04-24,Monterey,053,433212,79968,79560,13881,93441,729
2022-04-24,Napa,055,140530,26298,26093,1019,27112,143
2022-04-24,Nevada,057,99092,16092,16052,1216,17268,127
2022-04-24,Orange,059,3164182,551322,549765,41894,591659,6989
2022-04-24,Placer,061,380077,63299,63037,7393,70430,622
2022-04-24,Plumas,063,18699,2981,2934,366,3300,13
2022-04-24,Riverside,065,2383286,594282,592683,28011,620694,6450
2022-04-24,Sacramento,067,1510023,282981,280551,26620,307171,2993
2022-04-24,San Benito,069,59416,12959,12966,519,13485,98
2022-04-24,San Bernardino,071,2135413,574808,566806,24987,591793,7047
2022-04-24,San Diego,073,3302833,758298,758311,53404,811715,5233
2022-04-24,San Francisco,075,870044,129812,128323,8574,136897,857
2022-04-24,San Joaquin,077,732212,167268,166626,9983,176609,2224
2022-04-24,San Luis Obispo,079,281455,52938,52826,3817,56643,476
2022-04-24,San Mateo,081,765935,125504,124106,7267,131373,703
2022-04-24,Santa Barbara,083,443738,86775,86376,4762,91138,685
2022-04-24,Santa Clara,085,1922200,318704,317487,12712,330199,2277
2022-04-24,Santa Cruz,087,273765,49049,48255,2133,50388,261
2022-04-24,Shasta,089,179085,30651,30607,6106,36713,557
2022-04-24,Sierra,091,2930,274,276,49,325,4
2022-04-24,Siskiyou,093,43540,4464,4453,2735,7188,81
2022-04-24,Solano,095,438530,82434,81982,5646,87628,448
2022-04-24,Sonoma,097,501317,85214,84581,2852,87433,486
2022-04-24,Stanislaus,099,539301,117984,117737,17664,135401,1632
2022-04-24,Sutter,101,95872,20559,20605,2095,22700,224
2022-04-24,Tehama,103,63373,12061,12064,2583,14647,201
2022-04-24,Trinity,105,12862,1185,1177,288,1465,20
2022-04-24,Tulare,107,460477,106518,106354,27674,134028,1446
2022-04-24,Tuolumne,109,53932,12729,12664,569,13233,181
2022-04-24,Ventura,111,848112,174632,174091,9521,183612,1479
2022-04-24,Yolo,113,214977,37697,36990,3088,40078,314
2022-04-24,Yuba,115,75493,15906,15888,1204,17092,121
2022-04-23,Alameda,001,1643700,262039,259619,14198,273817,1837
2022-04-23,Alpine,003,1148,124,124,1,125,0
2022-04-23,Amador,005,37829,8555,8509,656,9165,86
2022-04-23,Butte,007,227075,33283,33105,7008,40113,411
2022-04-23,Calaveras,009,45235,7310,7296,352,7648,119
2022-04-23,Colusa,011,21464,3451,3453,1048,4501,21
2022-04-23,Contra Costa,013,1133247,193274,190611,13508,204119,1298
2022-04-23,Del Norte,015,27424,5850,5827,186,6013,50
2022-04-23,El Dorado,017,186661,26969,26837,3232,30069,209
2022-04-23,Fresno,019,978130,232009,231751,23758,255509,2744
2022-04-23,Glenn,021,27897,4996,4989,1611,6600,48
2022-04-23,Humboldt,023,135768,17173,17033,3013,20046,145
2022-04-23,Imperial,025,180216,55492,55434,10577,66011,910
2022-04-23,Inyo,027,18085,4086,4079,494,4573,56
2022-04-23,Kern,029,883053,192299,192012,45871,237883,2267
2022-04-23,Kings,031,150075,51606,51588,3514,55102,444
2022-04-23,Lake,033,64148,10753,10720,890,11610,134
2022-04-23,Lassen,035,31185,8964,8966,875,9841,65
2022-04-23,Los Angeles,037,10098052,2737751,2725630,125113,2850743,31667
2022-04-23,Madera,039,155013,37346,37333,6036,43369,354
2022-04-23,Marin,041,260295,34428,34150,2691,36841,288
2022-04-23,Mariposa,043,17540,2433,2422,202,2624,30
2022-04-23,Mendocino,045,87422,13206,13158,3073,16231,122
2022-04-23,Merced,047,269075,62398,62286,8684,70970,815
2022-04-23,Modoc,049,8938,741,745,252,997,8
2022-04-23,Mono,051,14174,2988,2986,128,3114,6
2022-04-23,Monterey,053,433212,79899,79560,13866,93426,729
2022-04-23,Napa,055,140530,26277,26093,1017,27110,143
2022-04-23,Nevada,057,99092,16086,16052,1214,17266,127
2022-04-23,Orange,059,3164182,551106,549765,41846,591611,6989
2022-04-23,Placer,061,380077,63269,63037,7393,70430,622
2022-04-23,Plumas,063,18699,2981,2934,366,3300,13
2022-04-23,Riverside,065,2383286,594145,592683,28001,620684,6450
2022-04-23,Sacramento,067,1510023,282881,280551,26617,307168,2993
2022-04-23,San Benito,069,59416,12958,12966,519,13485,98
2022-04-23,San Bernardino,071,2135413,574691,566806,24984,591790,7047
2022-04-23,San Diego,073,3302833,758036,758311,53386,811697,5233
2022-04-23,San Francisco,075,870044,129609,128323,8549,136872,857
2022-04-23,San Joaquin,077,732212,167227,166626,9975,176601,2224
2022-04-23,San Luis Obispo,079,281455,52923,52826,3813,56639,476
2022-04-23,San Mateo,081,765935,125346,124106,7257,131363,703
2022-04-23,Santa Barbara,083,443738,86739,86376,4761,91137,685
2022-04-23,Santa Clara,085,1922200,318325,317487,12685,330172,2277
2022-04-23,Santa Cruz,087,273765,48999,48255,2131,50386,261
2022-04-23,Shasta,089,179085,30648,30607,6106,36713,557
2022-04-23,Sierra,091,2930,274,276,49,325,4
2022-04-23,Siskiyou,093,43540,4462,4453,2735,7188,81
2022-04-23,Solano,095,438530,82407,81982,5643,87625,448
2022-04-23,Sonoma,097,501317,85146,84581,2843,87424,486
2022-04-23,Stanislaus,099,539301,117948,117737,17662,135399,1632
2022-04-23,Sutter,101,95872,20553,20605,2095,22700,224
2022-04-23,Tehama,103,63373,12060,12064,2583,14647,201
2022-04-23,Trinity,105,12862,1185,1177,288,1465,20
2022-04-23,Tulare,107,460477,106510,106354,27665,134019,1446
2022-04-23,Tuolumne,109,53932,12724,12664,569,13233,181
2022-04-23,Ventura,111,848112,174569,174091,9515,183606,1479
2022-04-23,Yolo,113,214977,37669,36990,3084,40074,314
2022-04-23,Yuba,115,75493,15904,15888,1204,17092,121
2022-04-22,Alameda,001,1643700,261803,259619,14179,273798,1837
2022-04-22,Alpine,003,1148,124,124,1,125,0
2022-04-22,Amador,005,37829,8554,8509,654,9163,86
2022-04-22,Butte,007,227075,33276,33105,7003,40108,411
2022-04-22,Calaveras,009,45235,7309,7296,352,7648,119
2022-04-22,Colusa,011,21464,3451,3453,1048,4501,21
2022-04-22,Contra Costa,013,1133247,193138,190611,13492,204103,1298
2022-04-22,Del Norte,015,27424,5850,5827,186,6013,50
2022-04-22,El Dorado,017,186661,26956,26837,3228,30065,209
2022-04-22,Fresno,019,978130,231979,231751,23754,255505,2744
2022-04-22,Glenn,021,27897,4995,4989,1611,6600,48
2022-04-22,Humboldt,023,135768,17157,17033,3007,20040,145
2022-04-22,Imperial,025,180216,55486,55434,10577,66011,910
2022-04-22,Inyo,027,18085,4086,4079,493,4572,56
2022-04-22,Kern,029,883053,192279,192012,45868,237880,2267
2022-04-22,Kings,031,150075,51602,51588,3513,55101,444
2022-04-22,Lake,033,64148,10752,10720,890,11610,134
2022-04-22,Lassen,035,31185,8964,8966,875,9841,65
2022-04-22,Los Angeles,037,10098052,2736654,2725630,125054,2850684,31667
2022-04-22,Madera,039,155013,37341,37333,6035,43368,354
2022-04-22,Marin,041,260295,34391,34150,2680,36830,288
2022-04-22,Mariposa,043,17540,2432,2422,202,2624,30
2022-04-22,Mendocino,045,87422,13201,13158,3068,16226,122
2022-04-22,Merced,047,269075,62391,62286,8673,70959,815
2022-04-22,Modoc,049,8938,741,745,252,997,8
2022-04-22,Mono,051,14174,2988,2986,127,3113,6
2022-04-22,Monterey,053,433212,79864,79560,13852,93412,729
2022-04-22,Napa,055,140530,26260,26093,1015,27108,143
2022-04-22,Nevada,057,99092,16086,16052,1214,17266,127
2022-04-22,Orange,059,3164182,550921,549765,41795,591560,6989
2022-04-22,Placer,061,380077,63246,63037,7390,70427,622
2022-04-22,Plumas,063,18699,2981,2934,366,3300,13
2022-04-22,Riverside,065,2383286,594001,592683,27986,620669,6450
2022-04-22,Sacramento,067,1510023,282793,280551,26605,307156,2993
2022-04-22,San Benito,069,59416,12953,12966,519,13485,98
2022-04-22,San Bernardino,071,2135413,574578,566806,24976,591782,7047
2022-04-22,San Diego,073,3302833,757716,758311,53357,811668,5233
2022-04-22,San Francisco,075,870044,129445,128323,8523,136846,857
2022-04-22,San Joaquin,077,732212,167197,166626,9974,176600,2224
2022-04-22,San Luis Obispo,079,281455,52917,52826,3812,56638,476
2022-04-22,San Mateo,081,765935,125184,124106,7244,131350,703
2022-04-22,Santa Barbara,083,443738,86692,86376,4760,91136,685
2022-04-22,Santa Clara,085,1922200,317978,317487,12671,330158,2277
2022-04-22,Santa Cruz,087,273765,48960,48255,2130,50385,261
2022-04-22,Shasta,089,179085,30643,30607,6105,36712,557
2022-04-22,Sierra,091,2930,274,276,48,324,4
2022-04-22,Siskiyou,093,43540,4462,4453,2735,7188,81
2022-04-22,Solano,095,438530,82350,81982,5641,87623,448
2022-04-22,Sonoma,097,501317,85082,84581,2839,87420,486
2022-04-22,Stanislaus,099,539301,117926,117737,17657,135394,1632
2022-04-22,Sutter,101,95872,20547,20605,2095,22700,224
2022-04-22,Tehama,103,63373,12055,12064,2582,14646,201
2022-04-22,Trinity,105,12862,1185,1177,287,1464,20
2022-04-22,Tulare,107,460477,106500,106354,27657,134011,1446
2022-04-22,Tuolumne,109,53932,12718,12664,567,13231,181
2022-04-22,Ventura,111,848112,174493,174091,9504,183595,1479
2022-04-22,Yolo,113,214977,37648,36990,3082,40072,314
2022-04-22,Yuba,115,75493,15901,15888,1203,17091,121
2022-04-21,Alameda,001,1643700,261445,259619,14139,273758,1837
2022-04-21,Alpine,003,1148,124,124,1,125,0
2022-04-21,Amador,005,37829,8551,8509,654,9163,86
2022-04-21,Butte,007,227075,33268,33105,6995,40100,411
2022-04-21,Calaveras,009,45235,7306,7296,352,7648,119
2022-04-21,Colusa,011,21464,3450,3453,1048,4501,21
2022-04-21,Contra Costa,013,1133247,192943,190611,13471,204082,1298
2022-04-21,Del Norte,015,27424,5849,5827,186,6013,50
2022-04-21,El Dorado,017,186661,26940,26837,3227,30064,209
2022-04-21,Fresno,019,978130,231937,231751,23746,255497,2744
2022-04-21,Glenn,021,27897,4995,4989,1610,6599,48
2022-04-21,Humboldt,023,135768,17134,17033,2999,20032,145
2022-04-21,Imperial,025,180216,55477,55434,10577,66011,910
2022-04-21,Inyo,027,18085,4086,4079,493,4572,56
2022-04-21,Kern,029,883053,192246,192012,45853,237865,2267
2022-04-21,Kings,031,150075,51594,51588,3513,55101,444
2022-04-21,Lake,033,64148,10749,10720,890,11610,134
2022-04-21,Lassen,035,31185,8964,8966,875,9841,65
2022-04-21,Los Angeles,037,10098052,2735005,2725630,124940,2850570,31667
2022-04-21,Madera,039,155013,37338,37333,6034,43367,354
2022-04-21,Marin,041,260295,34343,34150,2670,36820,288
2022-04-21,Mariposa,043,17540,2431,2422,202,2624,30
2022-04-21,Mendocino,045,87422,13194,13158,3065,16223,122
2022-04-21,Merced,047,269075,62373,62286,8671,70957,815
2022-04-21,Modoc,049,8938,741,745,252,997,8
2022-04-21,Mono,051,14174,2987,2986,126,3112,6
2022-04-21,Monterey,053,433212,79837,79560,13838,93398,729
2022-04-21,Napa,055,140530,26229,26093,1014,27107,143
2022-04-21,Nevada,057,99092,16082,16052,1214,17266,127
2022-04-21,Orange,059,3164182,550667,549765,41759,591524,6989
2022-04-21,Placer,061,380077,63208,63037,7386,70423,622
2022-04-21,Plumas,063,18699,2981,2934,366,3300,13
2022-04-21,Riverside,065,2383286,593841,592683,27968,620651,6450
2022-04-21,Sacramento,067,1510023,282645,280551,26585,307136,2993
2022-04-21,San Benito,069,59416,12947,12966,519,13485,98
2022-04-21,San Bernardino,071,2135413,574387,566806,24964,591770,7047
2022-04-21,San Diego,073,3302833,757291,758311,53313,811624,5233
2022-04-21,San Francisco,075,870044,129222,128323,8495,136818,857
2022-04-21,San Joaquin,077,732212,167143,166626,9969,176595,2224
2022-04-21,San Luis Obispo,079,281455,52897,52826,3805,56631,476
2022-04-21,San Mateo,081,765935,124983,124106,7224,131330,703
2022-04-21,Santa Barbara,083,443738,86633,86376,4757,91133,685
2022-04-21,Santa Clara,085,1922200,317527,317487,12649,330136,2277
2022-04-21,Santa Cruz,087,273765,48915,48255,2128,50383,261
2022-04-21,Shasta,089,179085,30635,30607,6105,36712,557
2022-04-21,Sierra,091,2930,274,276,48,324,4
2022-04-21,Siskiyou,093,43540,4462,4453,2735,7188,81
2022-04-21,Solano,095,438530,82288,81982,5635,87617,448
2022-04-21,Sonoma,097,501317,84968,84581,2818,87399,486
2022-04-21,Stanislaus,099,539301,117887,117737,17649,135386,1632
2022-04-21,Sutter,101,95872,20538,20605,2093,22698,224
2022-04-21,Tehama,103,63373,12055,12064,2582,14646,201
2022-04-21,Trinity,105,12862,1185,1177,287,1464,20
2022-04-21,Tulare,107,460477,106493,106354,27653,134007,1446
2022-04-21,Tuolumne,109,53932,12713,12664,567,13231,181
2022-04-21,Ventura,111,848112,174410,174091,9498,183589,1479
2022-04-21,Yolo,113,214977,37618,36990,3082,40072,314
2022-04-21,Yuba,115,75493,15899,15888,1203,17091,121
2022-04-20,Alameda,001,1643700,261082,258734,14109,272843,1832
2022-04-20,Alpine,003,1148,124,124,1,125,0
2022-04-20,Amador,005,37829,8549,8494,654,9148,86
2022-04-20,Butte,007,227075,33259,33083,6988,40071,408
2022-04-20,Calaveras,009,45235,7300,7288,351,7639,119
2022-04-20,Colusa,011,21464,3450,3453,1048,4501,21
2022-04-20,Contra Costa,013,1133247,192709,190042,13446,203488,1299
2022-04-20,Del Norte,015,27424,5843,5814,186,6000,50
2022-04-20,El Dorado,017,186661,26925,26821,3222,30043,209
2022-04-20,Fresno,019,978130,231887,231568,23745,255313,2740
2022-04-20,Glenn,021,27897,4994,4988,1607,6595,48
2022-04-20,Humboldt,023,135768,17113,16976,2995,19971,145
2022-04-20,Imperial,025,180216,55469,55405,10574,65979,910
2022-04-20,Inyo,027,18085,4086,4075,492,4567,56
2022-04-20,Kern,029,883053,192211,191915,45837,237752,2262
2022-04-20,Kings,031,150075,51585,51571,3511,55082,445
2022-04-20,Lake,033,64148,10749,10711,890,11601,134
2022-04-20,Lassen,035,31185,8964,8951,875,9826,65
2022-04-20,Los Angeles,037,10098052,2733266,2721699,124821,2846520,31630
2022-04-20,Madera,039,155013,37335,37333,6031,43364,354
2022-04-20,Marin,041,260295,34302,33985,2647,36632,288
2022-04-20,Mariposa,043,17540,2429,2412,202,2614,30
2022-04-20,Mendocino,045,87422,13188,13128,3057,16185,122
2022-04-20,Merced,047,269075,62363,62322,8658,70980,813
2022-04-20,Modoc,049,8938,741,744,252,996,8
2022-04-20,Mono,051,14174,2987,2984,126,3110,6
2022-04-20,Monterey,053,433212,79791,79419,13819,93238,727
2022-04-20,Napa,055,140530,26195,26016,1010,27026,143
2022-04-20,Nevada,057,99092,16072,16034,1211,17245,127
2022-04-20,Orange,059,3164182,550339,549136,41712,590848,6963
2022-04-20,Placer,061,380077,63183,62928,7381,70309,619
2022-04-20,Plumas,063,18699,2981,2932,366,3298,13
2022-04-20,Riverside,065,2383286,593647,592224,27946,620170,6447
2022-04-20,Sacramento,067,1510023,282502,279326,26568,305894,2987
2022-04-20,San Benito,069,59416,12941,12971,516,13487,98
2022-04-20,San Bernardino,071,2135413,574180,565405,24947,590352,6977
2022-04-20,San Diego,073,3302833,756848,757138,53253,810391,5231
2022-04-20,San Francisco,075,870044,128915,127594,8477,136071,854
2022-04-20,San Joaquin,077,732212,167072,166531,9962,176493,2222
2022-04-20,San Luis Obispo,079,281455,52870,52740,3798,56538,476
2022-04-20,San Mateo,081,765935,124765,123279,7192,130471,701
2022-04-20,Santa Barbara,083,443738,86596,86214,4751,90965,685
2022-04-20,Santa Clara,085,1922200,317117,316355,12611,328966,2274
2022-04-20,Santa Cruz,087,273765,48852,47997,2124,50121,261
2022-04-20,Shasta,089,179085,30631,30590,6104,36694,554
2022-04-20,Sierra,091,2930,274,276,48,324,4
2022-04-20,Siskiyou,093,43540,4461,4446,2734,7180,80
2022-04-20,Solano,095,438530,82216,81841,5632,87473,447
2022-04-20,Sonoma,097,501317,84880,84429,2794,87223,485
2022-04-20,Stanislaus,099,539301,117851,117540,17638,135178,1630
2022-04-20,Sutter,101,95872,20531,20632,2093,22725,224
2022-04-20,Tehama,103,63373,12052,12061,2582,14643,199
2022-04-20,Trinity,105,12862,1185,1178,287,1465,20
2022-04-20,Tulare,107,460477,106485,105974,27642,133616,1439
2022-04-20,Tuolumne,109,53932,12708,12648,566,13214,180
2022-04-20,Ventura,111,848112,174322,173904,9489,183393,1475
2022-04-20,Yolo,113,214977,37568,36785,3079,39864,311
2022-04-20,Yuba,115,75493,15895,15868,1201,17069,121
2022-04-19,Alameda,001,1643700,260723,258734,14077,272811,1832
2022-04-19,Alpine,003,1148,124,124,1,125,0
2022-04-19,Amador,005,37829,8545,8494,651,9145,86
2022-04-19,Butte,007,227075,33252,33083,6984,40067,408
2022-04-19,Calaveras,009,45235,7297,7288,351,7639,119
2022-04-19,Colusa,011,21464,3450,3453,1048,4501,21
2022-04-19,Contra Costa,013,1133247,192463,190042,13428,203470,1299
2022-04-19,Del Norte,015,27424,5841,5814,184,5998,50
2022-04-19,El Dorado,017,186661,26910,26821,3219,30040,209
2022-04-19,Fresno,019,978130,231833,231568,23734,255302,2740
2022-04-19,Glenn,021,27897,4993,4988,1607,6595,48
2022-04-19,Humboldt,023,135768,17076,16976,2984,19960,145
2022-04-19,Imperial,025,180216,55462,55405,10571,65976,910
2022-04-19,Inyo,027,18085,4083,4075,492,4567,56
2022-04-19,Kern,029,883053,192175,191915,45827,237742,2262
2022-04-19,Kings,031,150075,51571,51571,3510,55081,445
2022-04-19,Lake,033,64148,10745,10711,889,11600,134
2022-04-19,Lassen,035,31185,8964,8951,875,9826,65
2022-04-19,Los Angeles,037,10098052,2731466,2721699,124695,2846394,31630
2022-04-19,Madera,039,155013,37332,37333,6030,43363,354
2022-04-19,Marin,041,260295,34252,33985,2631,36616,288
2022-04-19,Mariposa,043,17540,2429,2412,201,2613,30
2022-04-19,Mendocino,045,87422,13180,13128,3046,16174,122
2022-04-19,Merced,047,269075,62344,62322,8654,70976,813
2022-04-19,Modoc,049,8938,741,744,252,996,8
2022-04-19,Mono,051,14174,2987,2984,126,3110,6
2022-04-19,Monterey,053,433212,79770,79419,13806,93225,727
2022-04-19,Napa,055,140530,26172,26016,1001,27017,143
2022-04-19,Nevada,057,99092,16066,16034,1209,17243,127
2022-04-19,Orange,059,3164182,550061,549136,41668,590804,6963
2022-04-19,Placer,061,380077,63151,62928,7376,70304,619
2022-04-19,Plumas,063,18699,2981,2932,366,3298,13
2022-04-19,Riverside,065,2383286,593465,592224,27934,620158,6447
2022-04-19,Sacramento,067,1510023,282329,279326,26544,305870,2987
2022-04-19,San Benito,069,59416,12935,12971,515,13486,98
2022-04-19,San Bernardino,071,2135413,573964,565405,24925,590330,6977
2022-04-19,San Diego,073,3302833,756382,757138,53190,810328,5231
2022-04-19,San Francisco,075,870044,128581,127594,8459,136053,854
2022-04-19,San Joaquin,077,732212,167021,166531,9958,176489,2222
2022-04-19,San Luis Obispo,079,281455,52834,52740,3792,56532,476
2022-04-19,San Mateo,081,765935,124534,123279,7171,130450,701
2022-04-19,Santa Barbara,083,443738,86542,86214,4743,90957,685
2022-04-19,Santa Clara,085,1922200,316696,316355,12582,328937,2274
2022-04-19,Santa Cruz,087,273765,48797,47997,2122,50119,261
2022-04-19,Shasta,089,179085,30619,30590,6103,36693,554
2022-04-19,Sierra,091,2930,274,276,48,324,4
2022-04-19,Siskiyou,093,43540,4460,4446,2732,7178,80
2022-04-19,Solano,095,438530,82132,81841,5625,87466,447
2022-04-19,Sonoma,097,501317,84778,84429,2765,87194,485
2022-04-19,Stanislaus,099,539301,117825,117540,17633,135173,1630
2022-04-19,Sutter,101,95872,20531,20632,2093,22725,224
2022-04-19,Tehama,103,63373,12051,12061,2582,14643,199
2022-04-19,Trinity,105,12862,1184,1178,287,1465,20
2022-04-19,Tulare,107,460477,106469,105974,27636,133610,1439
2022-04-19,Tuolumne,109,53932,12706,12648,566,13214,180
2022-04-19,Ventura,111,848112,174228,173904,9476,183380,1475
2022-04-19,Yolo,113,214977,37523,36785,3077,39862,311
2022-04-19,Yuba,115,75493,15888,15868,1201,17069,121
2022-04-18,Alameda,001,1643700,260341,258734,14055,272789,1832
2022-04-18,Alpine,003,1148,124,124,1,125,0
2022-04-18,Amador,005,37829,8544,8494,650,9144,86
2022-04-18,Butte,007,227075,33248,33083,6979,40062,408
2022-04-18,Calaveras,009,45235,7293,7288,350,7638,119
2022-04-18,Colusa,011,21464,3449,3453,1048,4501,21
2022-04-18,Contra Costa,013,1133247,192228,190042,13403,203445,1299
2022-04-18,Del Norte,015,27424,5836,5814,184,5998,50
2022-04-18,El Dorado,017,186661,26893,26821,3216,30037,209
2022-04-18,Fresno,019,978130,231788,231568,23723,255291,2740
2022-04-18,Glenn,021,27897,4992,4988,1606,6594,48
2022-04-18,Humboldt,023,135768,17045,16976,2981,19957,145
2022-04-18,Imperial,025,180216,55450,55405,10569,65974,910
2022-04-18,Inyo,027,18085,4083,4075,492,4567,56
2022-04-18,Kern,029,883053,192130,191915,45815,237730,2262
2022-04-18,Kings,031,150075,51566,51571,3510,55081,445
2022-04-18,Lake,033,64148,10741,10711,888,11599,134
2022-04-18,Lassen,035,31185,8964,8951,875,9826,65
2022-04-18,Los Angeles,037,10098052,2729632,2721699,124581,2846280,31630
2022-04-18,Madera,039,155013,37324,37333,6029,43362,354
2022-04-18,Marin,041,260295,34188,33985,2608,36593,288
2022-04-18,Mariposa,043,17540,2427,2412,201,2613,30
2022-04-18,Mendocino,045,87422,13163,13128,3041,16169,122
2022-04-18,Merced,047,269075,62332,62322,8648,70970,813
2022-04-18,Modoc,049,8938,740,744,252,996,8
2022-04-18,Mono,051,14174,2986,2984,126,3110,6
2022-04-18,Monterey,053,433212,79696,79419,13790,93209,727
2022-04-18,Napa,055,140530,26136,26016,1000,27016,143
2022-04-18,Nevada,057,99092,16056,16034,1207,17241,127
2022-04-18,Orange,059,3164182,549772,549136,41635,590771,6963
2022-04-18,Placer,061,380077,63118,62928,7374,70302,619
2022-04-18,Plumas,063,18699,2981,2932,366,3298,13
2022-04-18,Riverside,065,2383286,593255,592224,27914,620138,6447
2022-04-18,Sacramento,067,1510023,282172,279326,26532,305858,2987
2022-04-18,San Benito,069,59416,12929,12971,515,13486,98
2022-04-18,San Bernardino,071,2135413,573753,565405,24907,590312,6977
2022-04-18,San Diego,073,3302833,755912,757138,53131,810269,5231
2022-04-18,San Francisco,075,870044,128264,127594,8447,136041,854
2022-04-18,San Joaquin,077,732212,166961,166531,9951,176482,2222
2022-04-18,San Luis Obispo,079,281455,52805,52740,3787,56527,476
2022-04-18,San Mateo,081,765935,124302,123279,7151,130430,701
2022-04-18,Santa Barbara,083,443738,86471,86214,4738,90952,685
2022-04-18,Santa Clara,085,1922200,316250,316355,12557,328912,2274
2022-04-18,Santa Cruz,087,273765,48691,47997,2120,50117,261
2022-04-18,Shasta,089,179085,30613,30590,6100,36690,554
2022-04-18,Sierra,091,2930,274,276,48,324,4
2022-04-18,Siskiyou,093,43540,4459,4446,2731,7177,80
2022-04-18,Solano,095,438530,82067,81841,5619,87460,447
2022-04-18,Sonoma,097,501317,84678,84429,2750,87179,485
2022-04-18,Stanislaus,099,539301,117795,117540,17630,135170,1630
2022-04-18,Sutter,101,95872,20529,20632,2091,22723,224
2022-04-18,Tehama,103,63373,12047,12061,2582,14643,199
2022-04-18,Trinity,105,12862,1184,1178,287,1465,20
2022-04-18,Tulare,107,460477,106455,105974,27628,133602,1439
2022-04-18,Tuolumne,109,53932,12699,12648,565,13213,180
2022-04-18,Ventura,111,848112,174136,173904,9466,183370,1475
2022-04-18,Yolo,113,214977,37466,36785,3077,39862,311
2022-04-18,Yuba,115,75493,15879,15868,1200,17068,121
2022-04-17,Alameda,001,1643700,259949,257897,14029,271926,1829
2022-04-17,Alpine,003,1148,124,124,1,125,0
2022-04-17,Amador,005,37829,8539,8491,648,9139,86
2022-04-17,Butte,007,227075,33245,33053,6976,40029,405
2022-04-17,Calaveras,009,45235,7290,7275,349,7624,119
2022-04-17,Colusa,011,21464,3448,3450,1048,4498,21
2022-04-17,Contra Costa,013,1133247,192000,189742,13367,203109,1298
2022-04-17,Del Norte,015,27424,5831,5809,184,5993,50
2022-04-17,El Dorado,017,186661,26881,26796,3214,30010,209
2022-04-17,Fresno,019,978130,231710,231455,23717,255172,2739
2022-04-17,Glenn,021,27897,4992,4991,1606,6597,48
2022-04-17,Humboldt,023,135768,17010,16929,2975,19904,143
2022-04-17,Imperial,025,180216,55441,55371,10567,65938,910
2022-04-17,Inyo,027,18085,4081,4075,492,4567,56
2022-04-17,Kern,029,883053,192095,191866,45800,237666,2258
2022-04-17,Kings,031,150075,51555,51544,3508,55052,445
2022-04-17,Lake,033,64148,10740,10702,888,11590,134
2022-04-17,Lassen,035,31185,8964,8950,875,9825,65
2022-04-17,Los Angeles,037,10098052,2727636,2717479,124463,2841942,31598
2022-04-17,Madera,039,155013,37318,37362,6029,43391,354
2022-04-17,Marin,041,260295,34121,33829,2578,36407,288
2022-04-17,Mariposa,043,17540,2419,2406,201,2607,30
2022-04-17,Mendocino,045,87422,13148,13107,3037,16144,122
2022-04-17,Merced,047,269075,62312,62295,8642,70937,813
2022-04-17,Modoc,049,8938,740,743,252,995,8
2022-04-17,Mono,051,14174,2985,2977,126,3103,6
2022-04-17,Monterey,053,433212,79663,79311,13770,93081,727
2022-04-17,Napa,055,140530,26092,25929,994,26923,143
2022-04-17,Nevada,057,99092,16040,16014,1202,17216,123
2022-04-17,Orange,059,3164182,549408,548311,41587,589898,6945
2022-04-17,Placer,061,380077,63078,62882,7367,70249,618
2022-04-17,Plumas,063,18699,2981,2929,366,3295,13
2022-04-17,Riverside,065,2383286,593035,591772,27894,619666,6443
2022-04-17,Sacramento,067,1510023,282011,278523,26507,305030,2978
2022-04-17,San Benito,069,59416,12926,12926,514,13440,98
2022-04-17,San Bernardino,071,2135413,573514,564397,24893,589290,6948
2022-04-17,San Diego,073,3302833,755421,756165,53063,809228,5229
2022-04-17,San Francisco,075,870044,127946,126976,8431,135407,854
2022-04-17,San Joaquin,077,732212,166911,166645,9945,176590,2220
2022-04-17,San Luis Obispo,079,281455,52736,52698,3782,56480,476
2022-04-17,San Mateo,081,765935,124066,122652,7135,129787,699
2022-04-17,Santa Barbara,083,443738,86413,86030,4732,90762,684
2022-04-17,Santa Clara,085,1922200,315753,315296,12530,327826,2268
2022-04-17,Santa Cruz,087,273765,48569,47895,2118,50013,261
2022-04-17,Shasta,089,179085,30602,30578,6096,36674,554
2022-04-17,Sierra,091,2930,274,276,48,324,4
2022-04-17,Siskiyou,093,43540,4454,4444,2730,7174,80
2022-04-17,Solano,095,438530,82000,81781,5613,87394,447
2022-04-17,Sonoma,097,501317,84566,84172,2743,86915,485
2022-04-17,Stanislaus,099,539301,117765,117567,17623,135190,1619
2022-04-17,Sutter,101,95872,20524,20621,2090,22711,224
2022-04-17,Tehama,103,63373,12046,12061,2582,14643,199
2022-04-17,Trinity,105,12862,1183,1178,287,1465,20
2022-04-17,Tulare,107,460477,106440,105757,27619,133376,1428
2022-04-17,Tuolumne,109,53932,12693,12640,565,13205,180
2022-04-17,Ventura,111,848112,174038,173665,9448,183113,1474
2022-04-17,Yolo,113,214977,37417,36752,3075,39827,311
2022-04-17,Yuba,115,75493,15873,15857,1200,17057,121
2022-04-16,Alameda,001,1643700,259796,257897,14019,271916,1829
2022-04-16,Alpine,003,1148,124,124,1,125,0
2022-04-16,Amador,005,37829,8537,8491,648,9139,86
2022-04-16,Butte,007,227075,33242,33053,6974,40027,405
2022-04-16,Calaveras,009,45235,7288,7275,349,7624,119
2022-04-16,Colusa,011,21464,3448,3450,1048,4498,21
2022-04-16,Contra Costa,013,1133247,191909,189742,13361,203103,1298
2022-04-16,Del Norte,015,27424,5831,5809,184,5993,50
2022-04-16,El Dorado,017,186661,26870,26796,3214,30010,209
2022-04-16,Fresno,019,978130,231682,231455,23716,255171,2739
2022-04-16,Glenn,021,27897,4992,4991,1606,6597,48
2022-04-16,Humboldt,023,135768,17002,16929,2970,19899,143
2022-04-16,Imperial,025,180216,55435,55371,10566,65937,910
2022-04-16,Inyo,027,18085,4081,4075,492,4567,56
2022-04-16,Kern,029,883053,192084,191866,45788,237654,2258
2022-04-16,Kings,031,150075,51552,51544,3508,55052,445
2022-04-16,Lake,033,64148,10738,10702,888,11590,134
2022-04-16,Lassen,035,31185,8964,8950,875,9825,65
2022-04-16,Los Angeles,037,10098052,2726928,2717479,124413,2841892,31598
2022-04-16,Madera,039,155013,37316,37362,6029,43391,354
2022-04-16,Marin,041,260295,34083,33829,2552,36381,288
2022-04-16,Mariposa,043,17540,2418,2406,201,2607,30
2022-04-16,Mendocino,045,87422,13142,13107,3037,16144,122
2022-04-16,Merced,047,269075,62309,62295,8642,70937,813
2022-04-16,Modoc,049,8938,740,743,252,995,8
2022-04-16,Mono,051,14174,2985,2977,126,3103,6
2022-04-16,Monterey,053,433212,79648,79311,13761,93072,727
2022-04-16,Napa,055,140530,26069,25929,992,26921,143
2022-04-16,Nevada,057,99092,16037,16014,1201,17215,123
2022-04-16,Orange,059,3164182,549293,548311,41558,589869,6945
2022-04-16,Placer,061,380077,63062,62882,7365,70247,618
2022-04-16,Plumas,063,18699,2979,2929,366,3295,13
2022-04-16,Riverside,065,2383286,592955,591772,27888,619660,6443
2022-04-16,Sacramento,067,1510023,281961,278523,26502,305025,2978
2022-04-16,San Benito,069,59416,12925,12926,514,13440,98
2022-04-16,San Bernardino,071,2135413,573415,564397,24889,589286,6948
2022-04-16,San Diego,073,3302833,755274,756165,53051,809216,5229
2022-04-16,San Francisco,075,870044,127790,126976,8422,135398,854
2022-04-16,San Joaquin,077,732212,166871,166645,9941,176586,2220
2022-04-16,San Luis Obispo,079,281455,52730,52698,3781,56479,476
2022-04-16,San Mateo,081,765935,123970,122652,7128,129780,699
2022-04-16,Santa Barbara,083,443738,86383,86030,4732,90762,684
2022-04-16,Santa Clara,085,1922200,315511,315296,12522,327818,2268
2022-04-16,Santa Cruz,087,273765,48541,47895,2118,50013,261
2022-04-16,Shasta,089,179085,30598,30578,6096,36674,554
2022-04-16,Sierra,091,2930,274,276,48,324,4
2022-04-16,Siskiyou,093,43540,4454,4444,2730,7174,80
2022-04-16,Solano,095,438530,81985,81781,5611,87392,447
2022-04-16,Sonoma,097,501317,84517,84172,2734,86906,485
2022-04-16,Stanislaus,099,539301,117745,117567,17618,135185,1619
2022-04-16,Sutter,101,95872,20520,20621,2090,22711,224
2022-04-16,Tehama,103,63373,12045,12061,2582,14643,199
2022-04-16,Trinity,105,12862,1183,1178,287,1465,20
2022-04-16,Tulare,107,460477,106430,105757,27617,133374,1428
2022-04-16,Tuolumne,109,53932,12692,12640,565,13205,180
2022-04-16,Ventura,111,848112,174010,173665,9444,183109,1474
2022-04-16,Yolo,113,214977,37408,36752,3074,39826,311
2022-04-16,Yuba,115,75493,15869,15857,1200,17057,121
2022-04-15,Alameda,001,1643700,259611,257897,14011,271908,1829
2022-04-15,Alpine,003,1148,124,124,1,125,0
2022-04-15,Amador,005,37829,8536,8491,646,9137,86
2022-04-15,Butte,007,227075,33240,33053,6972,40025,405
2022-04-15,Calaveras,009,45235,7286,7275,349,7624,119
2022-04-15,Colusa,011,21464,3448,3450,1048,4498,21
2022-04-15,Contra Costa,013,1133247,191792,189742,13354,203096,1298
2022-04-15,Del Norte,015,27424,5830,5809,184,5993,50
2022-04-15,El Dorado,017,186661,26856,26796,3213,30009,209
2022-04-15,Fresno,019,978130,231653,231455,23716,255171,2739
2022-04-15,Glenn,021,27897,4992,4991,1606,6597,48
2022-04-15,Humboldt,023,135768,16990,16929,2969,19898,143
2022-04-15,Imperial,025,180216,55433,55371,10566,65937,910
2022-04-15,Inyo,027,18085,4081,4075,491,4566,56
2022-04-15,Kern,029,883053,192069,191866,45777,237643,2258
2022-04-15,Kings,031,150075,51548,51544,3508,55052,445
2022-04-15,Lake,033,64148,10733,10702,888,11590,134
2022-04-15,Lassen,035,31185,8964,8950,875,9825,65
2022-04-15,Los Angeles,037,10098052,2726154,2717479,124347,2841826,31598
2022-04-15,Madera,039,155013,37314,37362,6029,43391,354
2022-04-15,Marin,041,260295,34049,33829,2531,36360,288
2022-04-15,Mariposa,043,17540,2417,2406,201,2607,30
2022-04-15,Mendocino,045,87422,13136,13107,3035,16142,122
2022-04-15,Merced,047,269075,62305,62295,8642,70937,813
2022-04-15,Modoc,049,8938,740,743,252,995,8
2022-04-15,Mono,051,14174,2980,2977,125,3102,6
2022-04-15,Monterey,053,433212,79621,79311,13755,93066,727
2022-04-15,Napa,055,140530,26052,25929,991,26920,143
2022-04-15,Nevada,057,99092,16035,16014,1200,17214,123
2022-04-15,Orange,059,3164182,549172,548311,41528,589839,6945
2022-04-15,Placer,061,380077,63047,62882,7364,70246,618
2022-04-15,Plumas,063,18699,2979,2929,366,3295,13
2022-04-15,Riverside,065,2383286,592854,591772,27882,619654,6443
2022-04-15,Sacramento,067,1510023,281882,278523,26498,305021,2978
2022-04-15,San Benito,069,59416,12923,12926,513,13439,98
2022-04-15,San Bernardino,071,2135413,573332,564397,24886,589283,6948
2022-04-15,San Diego,073,3302833,755081,756165,53032,809197,5229
2022-04-15,San Francisco,075,870044,127640,126976,8407,135383,854
2022-04-15,San Joaquin,077,732212,166848,166645,9939,176584,2220
2022-04-15,San Luis Obispo,079,281455,52722,52698,3781,56479,476
2022-04-15,San Mateo,081,765935,123839,122652,7117,129769,699
2022-04-15,Santa Barbara,083,443738,86350,86030,4731,90761,684
2022-04-15,Santa Clara,085,1922200,315220,315296,12514,327810,2268
2022-04-15,Santa Cruz,087,273765,48513,47895,2117,50012,261
2022-04-15,Shasta,089,179085,30589,30578,6096,36674,554
2022-04-15,Sierra,091,2930,274,276,48,324,4
2022-04-15,Siskiyou,093,43540,4452,4444,2730,7174,80
2022-04-15,Solano,095,438530,81960,81781,5611,87392,447
2022-04-15,Sonoma,097,501317,84464,84172,2718,86890,485
2022-04-15,Stanislaus,099,539301,117725,117567,17616,135183,1619
2022-04-15,Sutter,101,95872,20517,20621,2090,22711,224
2022-04-15,Tehama,103,63373,12045,12061,2582,14643,199
2022-04-15,Trinity,105,12862,1183,1178,287,1465,20
2022-04-15,Tulare,107,460477,106424,105757,27611,133368,1428
2022-04-15,Tuolumne,109,53932,12689,12640,562,13202,180
2022-04-15,Ventura,111,848112,173981,173665,9438,183103,1474
2022-04-15,Yolo,113,214977,37391,36752,3074,39826,311
2022-04-15,Yuba,115,75493,15866,15857,1200,17057,121
2022-04-14,Alameda,001,1643700,259344,257897,14001,271898,1829
2022-04-14,Alpine,003,1148,124,124,1,125,0
2022-04-14,Amador,005,37829,8536,8491,646,9137,86
2022-04-14,Butte,007,227075,33235,33053,6969,40022,405
2022-04-14,Calaveras,009,45235,7285,7275,349,7624,119
2022-04-14,Colusa,011,21464,3448,3450,1048,4498,21
2022-04-14,Contra Costa,013,1133247,191637,189742,13342,203084,1298
2022-04-14,Del Norte,015,27424,5828,5809,184,5993,50
2022-04-14,El Dorado,017,186661,26853,26796,3211,30007,209
2022-04-14,Fresno,019,978130,231627,231455,23715,255170,2739
2022-04-14,Glenn,021,27897,4991,4991,1604,6595,48
2022-04-14,Humboldt,023,135768,16975,16929,2968,19897,143
2022-04-14,Imperial,025,180216,55423,55371,10566,65937,910
2022-04-14,Inyo,027,18085,4081,4075,490,4565,56
2022-04-14,Kern,029,883053,192050,191866,45769,237635,2258
2022-04-14,Kings,031,150075,51540,51544,3508,55052,445
2022-04-14,Lake,033,64148,10732,10702,888,11590,134
2022-04-14,Lassen,035,31185,8964,8950,874,9824,65
2022-04-14,Los Angeles,037,10098052,2725067,2717479,124259,2841738,31598
2022-04-14,Madera,039,155013,37312,37362,6029,43391,354
2022-04-14,Marin,041,260295,34016,33829,2503,36332,288
2022-04-14,Mariposa,043,17540,2416,2406,201,2607,30
2022-04-14,Mendocino,045,87422,13131,13107,3035,16142,122
2022-04-14,Merced,047,269075,62300,62295,8641,70936,813
2022-04-14,Modoc,049,8938,739,743,252,995,8
2022-04-14,Mono,051,14174,2980,2977,124,3101,6
2022-04-14,Monterey,053,433212,79596,79311,13750,93061,727
2022-04-14,Napa,055,140530,26030,25929,990,26919,143
2022-04-14,Nevada,057,99092,16028,16014,1199,17213,123
2022-04-14,Orange,059,3164182,548983,548311,41502,589813,6945
2022-04-14,Placer,061,380077,63029,62882,7359,70241,618
2022-04-14,Plumas,063,18699,2979,2929,366,3295,13
2022-04-14,Riverside,065,2383286,592735,591772,27872,619644,6443
2022-04-14,Sacramento,067,1510023,281763,278523,26484,305007,2978
2022-04-14,San Benito,069,59416,12917,12926,513,13439,98
2022-04-14,San Bernardino,071,2135413,573161,564397,24881,589278,6948
2022-04-14,San Diego,073,3302833,754803,756165,52994,809159,5229
2022-04-14,San Francisco,075,870044,127439,126976,8395,135371,854
2022-04-14,San Joaquin,077,732212,166816,166645,9938,176583,2220
2022-04-14,San Luis Obispo,079,281455,52706,52698,3777,56475,476
2022-04-14,San Mateo,081,765935,123684,122652,7099,129751,699
2022-04-14,Santa Barbara,083,443738,86305,86030,4729,90759,684
2022-04-14,Santa Clara,085,1922200,314919,315296,12505,327801,2268
2022-04-14,Santa Cruz,087,273765,48483,47895,2116,50011,261
2022-04-14,Shasta,089,179085,30587,30578,6095,36673,554
2022-04-14,Sierra,091,2930,274,276,48,324,4
2022-04-14,Siskiyou,093,43540,4452,4444,2729,7173,80
2022-04-14,Solano,095,438530,81920,81781,5605,87386,447
2022-04-14,Sonoma,097,501317,84373,84172,2713,86885,485
2022-04-14,Stanislaus,099,539301,117705,117567,17613,135180,1619
2022-04-14,Sutter,101,95872,20515,20621,2081,22702,224
2022-04-14,Tehama,103,63373,12044,12061,2581,14642,199
2022-04-14,Trinity,105,12862,1183,1178,287,1465,20
2022-04-14,Tulare,107,460477,106410,105757,27607,133364,1428
2022-04-14,Tuolumne,109,53932,12685,12640,561,13201,180
2022-04-14,Ventura,111,848112,173932,173665,9432,183097,1474
2022-04-14,Yolo,113,214977,37364,36752,3071,39823,311
2022-04-14,Yuba,115,75493,15863,15857,1200,17057,121
2022-04-13,Alameda,001,1643700,259092,257440,13981,271421,1833
2022-04-13,Alpine,003,1148,124,124,1,125,0
2022-04-13,Amador,005,37829,8534,8490,646,9136,86
2022-04-13,Butte,007,227075,33227,33044,6969,40013,402
2022-04-13,Calaveras,009,45235,7284,7270,349,7619,119
2022-04-13,Colusa,011,21464,3448,3451,1048,4499,21
2022-04-13,Contra Costa,013,1133247,191504,189471,13328,202799,1298
2022-04-13,Del Norte,015,27424,5826,5812,184,5996,50
2022-04-13,El Dorado,017,186661,26849,26794,3211,30005,208
2022-04-13,Fresno,019,978130,231595,231325,23703,255028,2738
2022-04-13,Glenn,021,27897,4990,4989,1604,6593,48
2022-04-13,Humboldt,023,135768,16961,16922,2967,19889,143
2022-04-13,Imperial,025,180216,55410,55353,10564,65917,910
2022-04-13,Inyo,027,18085,4081,4074,487,4561,56
2022-04-13,Kern,029,883053,192026,191859,45763,237622,2249
2022-04-13,Kings,031,150075,51534,51535,3508,55043,443
2022-04-13,Lake,033,64148,10730,10695,888,11583,134
2022-04-13,Lassen,035,31185,8963,8949,874,9823,65
2022-04-13,Los Angeles,037,10098052,2723806,2715722,124184,2839906,31578
2022-04-13,Madera,039,155013,37309,37361,6029,43390,354
2022-04-13,Marin,041,260295,33977,33747,2474,36221,288
2022-04-13,Mariposa,043,17540,2410,2402,201,2603,29
2022-04-13,Mendocino,045,87422,13122,13101,3033,16134,120
2022-04-13,Merced,047,269075,62290,62276,8640,70916,811
2022-04-13,Modoc,049,8938,739,743,252,995,8
2022-04-13,Mono,051,14174,2978,2971,124,3095,6
2022-04-13,Monterey,053,433212,79582,79179,13743,92922,727
2022-04-13,Napa,055,140530,26013,25892,987,26879,143
2022-04-13,Nevada,057,99092,16022,16002,1199,17201,123
2022-04-13,Orange,059,3164182,548781,547783,41479,589262,6935
2022-04-13,Placer,061,380077,63002,62851,7355,70206,615
2022-04-13,Plumas,063,18699,2978,2923,366,3289,13
2022-04-13,Riverside,065,2383286,592596,591659,27865,619524,6437
2022-04-13,Sacramento,067,1510023,281677,277866,26481,304347,2974
2022-04-13,San Benito,069,59416,12911,12927,513,13440,98
2022-04-13,San Bernardino,071,2135413,573016,563709,24876,588585,6905
2022-04-13,San Diego,073,3302833,754518,755584,52961,808545,5223
2022-04-13,San Francisco,075,870044,127270,126608,8375,134983,850
2022-04-13,San Joaquin,077,732212,166781,166654,9936,176590,2219
2022-04-13,San Luis Obispo,079,281455,52682,52660,3777,56437,476
2022-04-13,San Mateo,081,765935,123533,122167,7075,129242,699
2022-04-13,Santa Barbara,083,443738,86267,85938,4724,90662,684
2022-04-13,Santa Clara,085,1922200,314650,314863,12488,327351,2267
2022-04-13,Santa Cruz,087,273765,48429,47765,2115,49880,260
2022-04-13,Shasta,089,179085,30585,30569,6095,36664,551
2022-04-13,Sierra,091,2930,274,276,48,324,4
2022-04-13,Siskiyou,093,43540,4451,4444,2728,7172,80
2022-04-13,Solano,095,438530,81882,81843,5602,87445,448
2022-04-13,Sonoma,097,501317,84303,84033,2699,86732,485
2022-04-13,Stanislaus,099,539301,117687,117573,17608,135181,1577
2022-04-13,Sutter,101,95872,20511,20610,2081,22691,223
2022-04-13,Tehama,103,63373,12043,12062,2580,14642,200
2022-04-13,Trinity,105,12862,1183,1177,287,1464,20
2022-04-13,Tulare,107,460477,106402,105519,27602,133121,1426
2022-04-13,Tuolumne,109,53932,12679,12639,561,13200,180
2022-04-13,Ventura,111,848112,173874,173558,9426,182984,1474
2022-04-13,Yolo,113,214977,37325,36684,3069,39753,311
2022-04-13,Yuba,115,75493,15859,15851,1200,17051,121
2022-04-12,Alameda,001,1643700,258851,257440,13972,271412,1833
2022-04-12,Alpine,003,1148,124,124,1,125,0
2022-04-12,Amador,005,37829,8533,8490,646,9136,86
2022-04-12,Butte,007,227075,33215,33044,6962,40006,402
2022-04-12,Calaveras,009,45235,7280,7270,348,7618,119
2022-04-12,Colusa,011,21464,3448,3451,1048,4499,21
2022-04-12,Contra Costa,013,1133247,191348,189471,13314,202785,1298
2022-04-12,Del Norte,015,27424,5823,5812,184,5996,50
2022-04-12,El Dorado,017,186661,26837,26794,3211,30005,208
2022-04-12,Fresno,019,978130,231565,231325,23696,255021,2738
2022-04-12,Glenn,021,27897,4990,4989,1604,6593,48
2022-04-12,Humboldt,023,135768,16953,16922,2965,19887,143
2022-04-12,Imperial,025,180216,55406,55353,10555,65908,910
2022-04-12,Inyo,027,18085,4081,4074,487,4561,56
2022-04-12,Kern,029,883053,192006,191859,45754,237613,2249
2022-04-12,Kings,031,150075,51526,51535,3506,55041,443
2022-04-12,Lake,033,64148,10726,10695,887,11582,134
2022-04-12,Lassen,035,31185,8963,8949,874,9823,65
2022-04-12,Los Angeles,037,10098052,2722559,2715722,124084,2839806,31578
2022-04-12,Madera,039,155013,37308,37361,6029,43390,354
2022-04-12,Marin,041,260295,33932,33747,2447,36194,288
2022-04-12,Mariposa,043,17540,2410,2402,201,2603,29
2022-04-12,Mendocino,045,87422,13114,13101,3027,16128,120
2022-04-12,Merced,047,269075,62276,62276,8638,70914,811
2022-04-12,Modoc,049,8938,739,743,251,994,8
2022-04-12,Mono,051,14174,2978,2971,124,3095,6
2022-04-12,Monterey,053,433212,79558,79179,13736,92915,727
2022-04-12,Napa,055,140530,25990,25892,977,26869,143
2022-04-12,Nevada,057,99092,16019,16002,1198,17200,123
2022-04-12,Orange,059,3164182,548528,547783,41446,589229,6935
2022-04-12,Placer,061,380077,62979,62851,7350,70201,615
2022-04-12,Plumas,063,18699,2977,2923,366,3289,13
2022-04-12,Riverside,065,2383286,592451,591659,27845,619504,6437
2022-04-12,Sacramento,067,1510023,281561,277866,26479,304345,2974
2022-04-12,San Benito,069,59416,12907,12927,512,13439,98
2022-04-12,San Bernardino,071,2135413,572842,563709,24873,588582,6905
2022-04-12,San Diego,073,3302833,754185,755584,52919,808503,5223
2022-04-12,San Francisco,075,870044,127059,126608,8360,134968,850
2022-04-12,San Joaquin,077,732212,166751,166654,9934,176588,2219
2022-04-12,San Luis Obispo,079,281455,52648,52660,3771,56431,476
2022-04-12,San Mateo,081,765935,123376,122167,7054,129221,699
2022-04-12,Santa Barbara,083,443738,86221,85938,4720,90658,684
2022-04-12,Santa Clara,085,1922200,314358,314863,12477,327340,2267
2022-04-12,Santa Cruz,087,273765,48349,47765,2112,49877,260
2022-04-12,Shasta,089,179085,30585,30569,6094,36663,551
2022-04-12,Sierra,091,2930,274,276,48,324,4
2022-04-12,Siskiyou,093,43540,4451,4444,2726,7170,80
2022-04-12,Solano,095,438530,81842,81843,5600,87443,448
2022-04-12,Sonoma,097,501317,84244,84033,2693,86726,485
2022-04-12,Stanislaus,099,539301,117667,117573,17604,135177,1577
2022-04-12,Sutter,101,95872,20508,20610,2081,22691,223
2022-04-12,Tehama,103,63373,12041,12062,2580,14642,200
2022-04-12,Trinity,105,12862,1183,1177,287,1464,20
2022-04-12,Tulare,107,460477,106387,105519,27597,133116,1426
2022-04-12,Tuolumne,109,53932,12677,12639,559,13198,180
2022-04-12,Ventura,111,848112,173826,173558,9420,182978,1474
2022-04-12,Yolo,113,214977,37285,36684,3063,39747,311
2022-04-12,Yuba,115,75493,15854,15851,1200,17051,121
2022-04-11,Alameda,001,1643700,258560,256649,13955,270604,1826
2022-04-11,Alpine,003,1148,124,124,1,125,0
2022-04-11,Amador,005,37829,8532,8489,646,9135,86
2022-04-11,Butte,007,227075,33202,33031,6958,39989,399
2022-04-11,Calaveras,009,45235,7277,7260,348,7608,119
2022-04-11,Colusa,011,21464,3446,3449,1048,4497,21
2022-04-11,Contra Costa,013,1133247,191181,189154,13297,202451,1296
2022-04-11,Del Norte,015,27424,5822,5811,184,5995,50
2022-04-11,El Dorado,017,186661,26824,26757,3210,29967,207
2022-04-11,Fresno,019,978130,231544,231090,23695,254785,2731
2022-04-11,Glenn,021,27897,4989,4988,1603,6591,47
2022-04-11,Humboldt,023,135768,16938,16913,2963,19876,141
2022-04-11,Imperial,025,180216,55401,55267,10553,65820,910
2022-04-11,Inyo,027,18085,4080,4071,487,4558,56
2022-04-11,Kern,029,883053,191981,191542,45752,237294,2244
2022-04-11,Kings,031,150075,51522,51519,3506,55025,443
2022-04-11,Lake,033,64148,10725,10690,886,11576,134
2022-04-11,Lassen,035,31185,8963,8948,874,9822,65
2022-04-11,Los Angeles,037,10098052,2721299,2709735,124012,2833747,31509
2022-04-11,Madera,039,155013,37301,37356,6029,43385,354
2022-04-11,Marin,041,260295,33876,33648,2428,36076,288
2022-04-11,Mariposa,043,17540,2409,2394,201,2595,29
2022-04-11,Mendocino,045,87422,13110,13087,3025,16112,120
2022-04-11,Merced,047,269075,62267,62231,8636,70867,811
2022-04-11,Modoc,049,8938,739,743,251,994,8
2022-04-11,Mono,051,14174,2977,2967,123,3090,6
2022-04-11,Monterey,053,433212,79538,79103,13727,92830,727
2022-04-11,Napa,055,140530,25973,25824,975,26799,144
2022-04-11,Nevada,057,99092,16015,15976,1198,17174,123
2022-04-11,Orange,059,3164182,548321,546983,41412,588395,6912
2022-04-11,Placer,061,380077,62957,62831,7349,70180,616
2022-04-11,Plumas,063,18699,2975,2887,366,3253,13
2022-04-11,Riverside,065,2383286,592324,591268,27828,619096,6429
2022-04-11,Sacramento,067,1510023,281461,277125,26477,303602,2972
2022-04-11,San Benito,069,59416,12905,12917,512,13429,98
2022-04-11,San Bernardino,071,2135413,572691,562571,24865,587436,6892
2022-04-11,San Diego,073,3302833,753858,754281,52880,807161,5210
2022-04-11,San Francisco,075,870044,126827,125963,8348,134311,844
2022-04-11,San Joaquin,077,732212,166713,166547,9928,176475,2212
2022-04-11,San Luis Obispo,079,281455,52625,52609,3770,56379,476
2022-04-11,San Mateo,081,765935,123190,121514,7040,128554,698
2022-04-11,Santa Barbara,083,443738,86173,85754,4715,90469,680
2022-04-11,Santa Clara,085,1922200,314014,313965,12462,326427,2266
2022-04-11,Santa Cruz,087,273765,48255,47624,2109,49733,259
2022-04-11,Shasta,089,179085,30580,30586,6093,36679,549
2022-04-11,Sierra,091,2930,274,272,48,320,4
2022-04-11,Siskiyou,093,43540,4451,4444,2724,7168,80
2022-04-11,Solano,095,438530,81814,81886,5599,87485,448
2022-04-11,Sonoma,097,501317,84176,83600,2681,86281,485
2022-04-11,Stanislaus,099,539301,117633,117528,17596,135124,1578
2022-04-11,Sutter,101,95872,20505,20591,2081,22672,223
2022-04-11,Tehama,103,63373,12040,12059,2579,14638,201
2022-04-11,Trinity,105,12862,1183,1177,287,1464,20
2022-04-11,Tulare,107,460477,106376,105278,27589,132867,1415
2022-04-11,Tuolumne,109,53932,12674,12632,559,13191,180
2022-04-11,Ventura,111,848112,173767,173343,9419,182762,1467
2022-04-11,Yolo,113,214977,37248,36587,3061,39648,312
2022-04-11,Yuba,115,75493,15851,15848,1199,17047,121
2022-04-10,Alameda,001,1643700,258226,256649,13944,270593,1826
2022-04-10,Alpine,003,1148,124,124,1,125,0
2022-04-10,Amador,005,37829,8530,8489,646,9135,86
2022-04-10,Butte,007,227075,33198,33031,6954,39985,399
2022-04-10,Calaveras,009,45235,7274,7260,348,7608,119
2022-04-10,Colusa,011,21464,3445,3449,1048,4497,21
2022-04-10,Contra Costa,013,1133247,191021,189154,13278,202432,1296
2022-04-10,Del Norte,015,27424,5819,5811,184,5995,50
2022-04-10,El Dorado,017,186661,26817,26757,3208,29965,207
2022-04-10,Fresno,019,978130,231506,231090,23693,254783,2731
2022-04-10,Glenn,021,27897,4989,4988,1603,6591,47
2022-04-10,Humboldt,023,135768,16928,16913,2961,19874,141
2022-04-10,Imperial,025,180216,55397,55267,10551,65818,910
2022-04-10,Inyo,027,18085,4080,4071,485,4556,56
2022-04-10,Kern,029,883053,191962,191542,45747,237289,2244
2022-04-10,Kings,031,150075,51520,51519,3506,55025,443
2022-04-10,Lake,033,64148,10721,10690,884,11574,134
2022-04-10,Lassen,035,31185,8962,8948,874,9822,65
2022-04-10,Los Angeles,037,10098052,2719971,2709735,123921,2833656,31509
2022-04-10,Madera,039,155013,37296,37356,6028,43384,354
2022-04-10,Marin,041,260295,33836,33648,2399,36047,288
2022-04-10,Mariposa,043,17540,2407,2394,201,2595,29
2022-04-10,Mendocino,045,87422,13102,13087,3024,16111,120
2022-04-10,Merced,047,269075,62255,62231,8634,70865,811
2022-04-10,Modoc,049,8938,739,743,251,994,8
2022-04-10,Mono,051,14174,2974,2967,123,3090,6
2022-04-10,Monterey,053,433212,79522,79103,13717,92820,727
2022-04-10,Napa,055,140530,25951,25824,973,26797,144
2022-04-10,Nevada,057,99092,15998,15976,1198,17174,123
2022-04-10,Orange,059,3164182,548069,546983,41374,588357,6912
2022-04-10,Placer,061,380077,62923,62831,7348,70179,616
2022-04-10,Plumas,063,18699,2973,2887,366,3253,13
2022-04-10,Riverside,065,2383286,592172,591268,27815,619083,6429
2022-04-10,Sacramento,067,1510023,281363,277125,26467,303592,2972
2022-04-10,San Benito,069,59416,12902,12917,512,13429,98
2022-04-10,San Bernardino,071,2135413,572459,562571,24856,587427,6892
2022-04-10,San Diego,073,3302833,753532,754281,52835,807116,5210
2022-04-10,San Francisco,075,870044,126588,125963,8332,134295,844
2022-04-10,San Joaquin,077,732212,166666,166547,9921,176468,2212
2022-04-10,San Luis Obispo,079,281455,52591,52609,3767,56376,476
2022-04-10,San Mateo,081,765935,123023,121514,7024,128538,698
2022-04-10,Santa Barbara,083,443738,86089,85754,4705,90459,680
2022-04-10,Santa Clara,085,1922200,313685,313965,12448,326413,2266
2022-04-10,Santa Cruz,087,273765,48166,47624,2108,49732,259
2022-04-10,Shasta,089,179085,30573,30586,6093,36679,549
2022-04-10,Sierra,091,2930,274,272,48,320,4
2022-04-10,Siskiyou,093,43540,4451,4444,2723,7167,80
2022-04-10,Solano,095,438530,81767,81886,5594,87480,448
2022-04-10,Sonoma,097,501317,84075,83600,2674,86274,485
2022-04-10,Stanislaus,099,539301,117610,117528,17589,135117,1578
2022-04-10,Sutter,101,95872,20501,20591,2077,22668,223
2022-04-10,Tehama,103,63373,12038,12059,2579,14638,201
2022-04-10,Trinity,105,12862,1183,1177,287,1464,20
2022-04-10,Tulare,107,460477,106362,105278,27582,132860,1415
2022-04-10,Tuolumne,109,53932,12667,12632,559,13191,180
2022-04-10,Ventura,111,848112,173688,173343,9414,182757,1467
2022-04-10,Yolo,113,214977,37217,36587,3056,39643,312
2022-04-10,Yuba,115,75493,15850,15848,1199,17047,121
2022-04-09,Alameda,001,1643700,258051,256649,13939,270588,1826
2022-04-09,Alpine,003,1148,124,124,1,125,0
2022-04-09,Amador,005,37829,8530,8489,645,9134,86
2022-04-09,Butte,007,227075,33195,33031,6954,39985,399
2022-04-09,Calaveras,009,45235,7273,7260,348,7608,119
2022-04-09,Colusa,011,21464,3444,3449,1048,4497,21
2022-04-09,Contra Costa,013,1133247,190924,189154,13271,202425,1296
2022-04-09,Del Norte,015,27424,5818,5811,184,5995,50
2022-04-09,El Dorado,017,186661,26810,26757,3208,29965,207
2022-04-09,Fresno,019,978130,231485,231090,23693,254783,2731
2022-04-09,Glenn,021,27897,4989,4988,1603,6591,47
2022-04-09,Humboldt,023,135768,16921,16913,2961,19874,141
2022-04-09,Imperial,025,180216,55392,55267,10551,65818,910
2022-04-09,Inyo,027,18085,4080,4071,485,4556,56
2022-04-09,Kern,029,883053,191953,191542,45742,237284,2244
2022-04-09,Kings,031,150075,51514,51519,3506,55025,443
2022-04-09,Lake,033,64148,10719,10690,884,11574,134
2022-04-09,Lassen,035,31185,8962,8948,874,9822,65
2022-04-09,Los Angeles,037,10098052,2719293,2709735,123848,2833583,31509
2022-04-09,Madera,039,155013,37293,37356,6028,43384,354
2022-04-09,Marin,041,260295,33803,33648,2356,36004,288
2022-04-09,Mariposa,043,17540,2407,2394,201,2595,29
2022-04-09,Mendocino,045,87422,13100,13087,3024,16111,120
2022-04-09,Merced,047,269075,62240,62231,8632,70863,811
2022-04-09,Modoc,049,8938,739,743,251,994,8
2022-04-09,Mono,051,14174,2973,2967,122,3089,6
2022-04-09,Monterey,053,433212,79513,79103,13713,92816,727
2022-04-09,Napa,055,140530,25927,25824,973,26797,144
2022-04-09,Nevada,057,99092,15995,15976,1198,17174,123
2022-04-09,Orange,059,3164182,547945,546983,41353,588336,6912
2022-04-09,Placer,061,380077,62908,62831,7346,70177,616
2022-04-09,Plumas,063,18699,2973,2887,366,3253,13
2022-04-09,Riverside,065,2383286,592081,591268,27805,619073,6429
2022-04-09,Sacramento,067,1510023,281316,277125,26465,303590,2972
2022-04-09,San Benito,069,59416,12901,12917,511,13428,98
2022-04-09,San Bernardino,071,2135413,572393,562571,24853,587424,6892
2022-04-09,San Diego,073,3302833,753384,754281,52821,807102,5210
2022-04-09,San Francisco,075,870044,126464,125963,8325,134288,844
2022-04-09,San Joaquin,077,732212,166650,166547,9918,176465,2212
2022-04-09,San Luis Obispo,079,281455,52591,52609,3764,56373,476
2022-04-09,San Mateo,081,765935,122933,121514,7017,128531,698
2022-04-09,Santa Barbara,083,443738,86056,85754,4705,90459,680
2022-04-09,Santa Clara,085,1922200,313489,313965,12445,326410,2266
2022-04-09,Santa Cruz,087,273765,48133,47624,2106,49730,259
2022-04-09,Shasta,089,179085,30571,30586,6093,36679,549
2022-04-09,Sierra,091,2930,274,272,48,320,4
2022-04-09,Siskiyou,093,43540,4450,4444,2722,7166,80
2022-04-09,Solano,095,438530,81749,81886,5592,87478,448
2022-04-09,Sonoma,097,501317,84036,83600,2670,86270,485
2022-04-09,Stanislaus,099,539301,117597,117528,17587,135115,1578
2022-04-09,Sutter,101,95872,20501,20591,2077,22668,223
2022-04-09,Tehama,103,63373,12038,12059,2579,14638,201
2022-04-09,Trinity,105,12862,1183,1177,287,1464,20
2022-04-09,Tulare,107,460477,106359,105278,27580,132858,1415
2022-04-09,Tuolumne,109,53932,12665,12632,559,13191,180
2022-04-09,Ventura,111,848112,173651,173343,9411,182754,1467
2022-04-09,Yolo,113,214977,37198,36587,3056,39643,312
2022-04-09,Yuba,115,75493,15849,15848,1199,17047,121
2022-04-08,Alameda,001,1643700,257895,256649,13933,270582,1826
2022-04-08,Alpine,003,1148,124,124,1,125,0
2022-04-08,Amador,005,37829,8528,8489,644,9133,86
2022-04-08,Butte,007,227075,33189,33031,6951,39982,399
2022-04-08,Calaveras,009,45235,7271,7260,348,7608,119
2022-04-08,Colusa,011,21464,3444,3449,1048,4497,21
2022-04-08,Contra Costa,013,1133247,190846,189154,13258,202412,1296
2022-04-08,Del Norte,015,27424,5816,5811,184,5995,50
2022-04-08,El Dorado,017,186661,26808,26757,3208,29965,207
2022-04-08,Fresno,019,978130,231465,231090,23691,254781,2731
2022-04-08,Glenn,021,27897,4989,4988,1603,6591,47
2022-04-08,Humboldt,023,135768,16917,16913,2959,19872,141
2022-04-08,Imperial,025,180216,55388,55267,10551,65818,910
2022-04-08,Inyo,027,18085,4078,4071,484,4555,56
2022-04-08,Kern,029,883053,191934,191542,45741,237283,2244
2022-04-08,Kings,031,150075,51509,51519,3506,55025,443
2022-04-08,Lake,033,64148,10719,10690,884,11574,134
2022-04-08,Lassen,035,31185,8962,8948,874,9822,65
2022-04-08,Los Angeles,037,10098052,2718664,2709735,123793,2833528,31509
2022-04-08,Madera,039,155013,37291,37356,6027,43383,354
2022-04-08,Marin,041,260295,33783,33648,2340,35988,288
2022-04-08,Mariposa,043,17540,2407,2394,200,2594,29
2022-04-08,Mendocino,045,87422,13098,13087,3024,16111,120
2022-04-08,Merced,047,269075,62233,62231,8630,70861,811
2022-04-08,Modoc,049,8938,739,743,251,994,8
2022-04-08,Mono,051,14174,2971,2967,122,3089,6
2022-04-08,Monterey,053,433212,79503,79103,13712,92815,727
2022-04-08,Napa,055,140530,25915,25824,965,26789,144
2022-04-08,Nevada,057,99092,15992,15976,1198,17174,123
2022-04-08,Orange,059,3164182,547826,546983,41339,588322,6912
2022-04-08,Placer,061,380077,62890,62831,7344,70175,616
2022-04-08,Plumas,063,18699,2970,2887,366,3253,13
2022-04-08,Riverside,065,2383286,592005,591268,27802,619070,6429
2022-04-08,Sacramento,067,1510023,281270,277125,26464,303589,2972
2022-04-08,San Benito,069,59416,12901,12917,511,13428,98
2022-04-08,San Bernardino,071,2135413,572340,562571,24850,587421,6892
2022-04-08,San Diego,073,3302833,753214,754281,52811,807092,5210
2022-04-08,San Francisco,075,870044,126368,125963,8320,134283,844
2022-04-08,San Joaquin,077,732212,166632,166547,9916,176463,2212
2022-04-08,San Luis Obispo,079,281455,52586,52609,3764,56373,476
2022-04-08,San Mateo,081,765935,122827,121514,7012,128526,698
2022-04-08,Santa Barbara,083,443738,86035,85754,4705,90459,680
2022-04-08,Santa Clara,085,1922200,313303,313965,12438,326403,2266
2022-04-08,Santa Cruz,087,273765,48116,47624,2103,49727,259
2022-04-08,Shasta,089,179085,30568,30586,6093,36679,549
2022-04-08,Sierra,091,2930,274,272,48,320,4
2022-04-08,Siskiyou,093,43540,4450,4444,2722,7166,80
2022-04-08,Solano,095,438530,81729,81886,5591,87477,448
2022-04-08,Sonoma,097,501317,83985,83600,2666,86266,485
2022-04-08,Stanislaus,099,539301,117582,117528,17586,135114,1578
2022-04-08,Sutter,101,95872,20501,20591,2077,22668,223
2022-04-08,Tehama,103,63373,12038,12059,2579,14638,201
2022-04-08,Trinity,105,12862,1183,1177,287,1464,20
2022-04-08,Tulare,107,460477,106354,105278,27576,132854,1415
2022-04-08,Tuolumne,109,53932,12664,12632,558,13190,180
2022-04-08,Ventura,111,848112,173622,173343,9409,182752,1467
2022-04-08,Yolo,113,214977,37189,36587,3055,39642,312
2022-04-08,Yuba,115,75493,15848,15848,1199,17047,121
2022-04-07,Alameda,001,1643700,257703,256649,13926,270575,1826
2022-04-07,Alpine,003,1148,124,124,1,125,0
2022-04-07,Amador,005,37829,8527,8489,641,9130,86
2022-04-07,Butte,007,227075,33185,33031,6950,39981,399
2022-04-07,Calaveras,009,45235,7269,7260,348,7608,119
2022-04-07,Colusa,011,21464,3443,3449,1048,4497,21
2022-04-07,Contra Costa,013,1133247,190726,189154,13246,202400,1296
2022-04-07,Del Norte,015,27424,5815,5811,184,5995,50
2022-04-07,El Dorado,017,186661,26796,26757,3206,29963,207
2022-04-07,Fresno,019,978130,231439,231090,23690,254780,2731
2022-04-07,Glenn,021,27897,4987,4988,1602,6590,47
2022-04-07,Humboldt,023,135768,16910,16913,2957,19870,141
2022-04-07,Imperial,025,180216,55386,55267,10549,65816,910
2022-04-07,Inyo,027,18085,4078,4071,484,4555,56
2022-04-07,Kern,029,883053,191910,191542,45738,237280,2244
2022-04-07,Kings,031,150075,51501,51519,3506,55025,443
2022-04-07,Lake,033,64148,10715,10690,884,11574,134
2022-04-07,Lassen,035,31185,8962,8948,874,9822,65
2022-04-07,Los Angeles,037,10098052,2717746,2709735,123719,2833454,31509
2022-04-07,Madera,039,155013,37286,37356,6027,43383,354
2022-04-07,Marin,041,260295,33764,33648,2321,35969,288
2022-04-07,Mariposa,043,17540,2404,2394,199,2593,29
2022-04-07,Mendocino,045,87422,13094,13087,3023,16110,120
2022-04-07,Merced,047,269075,62224,62231,8626,70857,811
2022-04-07,Modoc,049,8938,739,743,251,994,8
2022-04-07,Mono,051,14174,2970,2967,122,3089,6
2022-04-07,Monterey,053,433212,79481,79103,13708,92811,727
2022-04-07,Napa,055,140530,25899,25824,961,26785,144
2022-04-07,Nevada,057,99092,15984,15976,1197,17173,123
2022-04-07,Orange,059,3164182,547667,546983,41310,588293,6912
2022-04-07,Placer,061,380077,62873,62831,7341,70172,616
2022-04-07,Plumas,063,18699,2970,2887,366,3253,13
2022-04-07,Riverside,065,2383286,591903,591268,27788,619056,6429
2022-04-07,Sacramento,067,1510023,281204,277125,26457,303582,2972
2022-04-07,San Benito,069,59416,12900,12917,511,13428,98
2022-04-07,San Bernardino,071,2135413,572180,562571,24837,587408,6892
2022-04-07,San Diego,073,3302833,752946,754281,52779,807060,5210
2022-04-07,San Francisco,075,870044,126211,125963,8305,134268,844
2022-04-07,San Joaquin,077,732212,166592,166547,9913,176460,2212
2022-04-07,San Luis Obispo,079,281455,52568,52609,3762,56371,476
2022-04-07,San Mateo,081,765935,122705,121514,6995,128509,698
2022-04-07,Santa Barbara,083,443738,85991,85754,4703,90457,680
2022-04-07,Santa Clara,085,1922200,313080,313965,12426,326391,2266
2022-04-07,Santa Cruz,087,273765,48097,47624,2099,49723,259
2022-04-07,Shasta,089,179085,30566,30586,6093,36679,549
2022-04-07,Sierra,091,2930,274,272,48,320,4
2022-04-07,Siskiyou,093,43540,4450,4444,2721,7165,80
2022-04-07,Solano,095,438530,81699,81886,5591,87477,448
2022-04-07,Sonoma,097,501317,83942,83600,2660,86260,485
2022-04-07,Stanislaus,099,539301,117560,117528,17583,135111,1578
2022-04-07,Sutter,101,95872,20497,20591,2076,22667,223
2022-04-07,Tehama,103,63373,12036,12059,2579,14638,201
2022-04-07,Trinity,105,12862,1183,1177,287,1464,20
2022-04-07,Tulare,107,460477,106348,105278,27575,132853,1415
2022-04-07,Tuolumne,109,53932,12662,12632,557,13189,180
2022-04-07,Ventura,111,848112,173593,173343,9407,182750,1467
2022-04-07,Yolo,113,214977,37170,36587,3055,39642,312
2022-04-07,Yuba,115,75493,15846,15848,1199,17047,121
2022-04-06,Alameda,001,1643700,257517,256143,13919,270062,1814
2022-04-06,Alpine,003,1148,124,124,1,125,0
2022-04-06,Amador,005,37829,8526,8488,641,9129,86
2022-04-06,Butte,007,227075,33180,32997,6948,39945,396
2022-04-06,Calaveras,009,45235,7267,7258,348,7606,120
2022-04-06,Colusa,011,21464,3443,3447,1048,4495,21
2022-04-06,Contra Costa,013,1133247,190659,188850,13231,202081,1296
2022-04-06,Del Norte,015,27424,5815,5809,184,5993,50
2022-04-06,El Dorado,017,186661,26793,26744,3206,29950,205
2022-04-06,Fresno,019,978130,231404,230942,23686,254628,2725
2022-04-06,Glenn,021,27897,4987,4986,1601,6587,47
2022-04-06,Humboldt,023,135768,16906,16904,2956,19860,140
2022-04-06,Imperial,025,180216,55380,55294,10549,65843,908
2022-04-06,Inyo,027,18085,4077,4068,482,4550,56
2022-04-06,Kern,029,883053,191888,191449,45736,237185,2234
2022-04-06,Kings,031,150075,51500,51491,3505,54996,443
2022-04-06,Lake,033,64148,10711,10679,884,11563,136
2022-04-06,Lassen,035,31185,8962,8945,874,9819,65
2022-04-06,Los Angeles,037,10098052,2716697,2707306,123652,2830958,31465
2022-04-06,Madera,039,155013,37282,37349,6027,43376,354
2022-04-06,Marin,041,260295,33744,33566,2313,35879,288
2022-04-06,Mariposa,043,17540,2403,2392,199,2591,29
2022-04-06,Mendocino,045,87422,13090,13074,3022,16096,119
2022-04-06,Merced,047,269075,62215,62195,8623,70818,810
2022-04-06,Modoc,049,8938,739,741,251,992,8
2022-04-06,Mono,051,14174,2969,2967,122,3089,6
2022-04-06,Monterey,053,433212,79468,79019,13700,92719,727
2022-04-06,Napa,055,140530,25880,25790,957,26747,143
2022-04-06,Nevada,057,99092,15982,15974,1197,17171,123
2022-04-06,Orange,059,3164182,547498,546491,41287,587778,6887
2022-04-06,Placer,061,380077,62867,62787,7340,70127,615
2022-04-06,Plumas,063,18699,2970,2850,366,3216,13
2022-04-06,Riverside,065,2383286,591806,590826,27783,618609,6424
2022-04-06,Sacramento,067,1510023,281126,276567,26453,303020,2953
2022-04-06,San Benito,069,59416,12899,12908,511,13419,98
2022-04-06,San Bernardino,071,2135413,572049,561648,24835,586483,6883
2022-04-06,San Diego,073,3302833,752652,753402,52740,806142,5192
2022-04-06,San Francisco,075,870044,126052,125536,8299,133835,843
2022-04-06,San Joaquin,077,732212,166560,166415,9910,176325,2207
2022-04-06,San Luis Obispo,079,281455,52546,52557,3760,56317,475
2022-04-06,San Mateo,081,765935,122597,121041,6983,128024,693
2022-04-06,Santa Barbara,083,443738,85951,85630,4699,90329,679
2022-04-06,Santa Clara,085,1922200,312882,313278,12406,325684,2265
2022-04-06,Santa Cruz,087,273765,48042,47446,2094,49540,259
2022-04-06,Shasta,089,179085,30565,30565,6093,36658,529
2022-04-06,Sierra,091,2930,274,272,48,320,4
2022-04-06,Siskiyou,093,43540,4450,4442,2721,7163,80
2022-04-06,Solano,095,438530,81665,81789,5586,87375,447
2022-04-06,Sonoma,097,501317,83878,83361,2655,86016,485
2022-04-06,Stanislaus,099,539301,117544,117534,17577,135111,1578
2022-04-06,Sutter,101,95872,20492,20581,2076,22657,222
2022-04-06,Tehama,103,63373,12035,12049,2579,14628,198
2022-04-06,Trinity,105,12862,1183,1173,287,1460,20
2022-04-06,Tulare,107,460477,106342,104826,27570,132396,1414
2022-04-06,Tuolumne,109,53932,12660,12621,557,13178,180
2022-04-06,Ventura,111,848112,173540,173179,9402,182581,1460
2022-04-06,Yolo,113,214977,37145,36393,3054,39447,314
2022-04-06,Yuba,115,75493,15841,15839,1199,17038,121
2022-04-05,Alameda,001,1643700,257305,256143,13910,270053,1814
2022-04-05,Alpine,003,1148,124,124,1,125,0
2022-04-05,Amador,005,37829,8524,8488,641,9129,86
2022-04-05,Butte,007,227075,33174,32997,6945,39942,396
2022-04-05,Calaveras,009,45235,7263,7258,348,7606,120
2022-04-05,Colusa,011,21464,3441,3447,1047,4494,21
2022-04-05,Contra Costa,013,1133247,190563,188850,13224,202074,1296
2022-04-05,Del Norte,015,27424,5813,5809,184,5993,50
2022-04-05,El Dorado,017,186661,26781,26744,3206,29950,205
2022-04-05,Fresno,019,978130,231368,230942,23678,254620,2725
2022-04-05,Glenn,021,27897,4987,4986,1600,6586,47
2022-04-05,Humboldt,023,135768,16900,16904,2956,19860,140
2022-04-05,Imperial,025,180216,55378,55294,10549,65843,908
2022-04-05,Inyo,027,18085,4076,4068,481,4549,56
2022-04-05,Kern,029,883053,191868,191449,45733,237182,2234
2022-04-05,Kings,031,150075,51497,51491,3505,54996,443
2022-04-05,Lake,033,64148,10708,10679,884,11563,136
2022-04-05,Lassen,035,31185,8962,8945,874,9819,65
2022-04-05,Los Angeles,037,10098052,2715637,2707306,123578,2830884,31465
2022-04-05,Madera,039,155013,37275,37349,6025,43374,354
2022-04-05,Marin,041,260295,33689,33566,2298,35864,288
2022-04-05,Mariposa,043,17540,2403,2392,199,2591,29
2022-04-05,Mendocino,045,87422,13084,13074,3021,16095,119
2022-04-05,Merced,047,269075,62204,62195,8618,70813,810
2022-04-05,Modoc,049,8938,739,741,251,992,8
2022-04-05,Mono,051,14174,2968,2967,122,3089,6
2022-04-05,Monterey,053,433212,79445,79019,13689,92708,727
2022-04-05,Napa,055,140530,25871,25790,952,26742,143
2022-04-05,Nevada,057,99092,15974,15974,1197,17171,123
2022-04-05,Orange,059,3164182,547313,546491,41258,587749,6887
2022-04-05,Placer,061,380077,62841,62787,7340,70127,615
2022-04-05,Plumas,063,18699,2970,2850,366,3216,13
2022-04-05,Riverside,065,2383286,591685,590826,27771,618597,6424
2022-04-05,Sacramento,067,1510023,281047,276567,26448,303015,2953
2022-04-05,San Benito,069,59416,12891,12908,511,13419,98
2022-04-05,San Bernardino,071,2135413,571922,561648,24825,586473,6883
2022-04-05,San Diego,073,3302833,752344,753402,52696,806098,5192
2022-04-05,San Francisco,075,870044,125848,125536,8291,133827,843
2022-04-05,San Joaquin,077,732212,166518,166415,9907,176322,2207
2022-04-05,San Luis Obispo,079,281455,52529,52557,3755,56312,475
2022-04-05,San Mateo,081,765935,122480,121041,6972,128013,693
2022-04-05,Santa Barbara,083,443738,85915,85630,4698,90328,679
2022-04-05,Santa Clara,085,1922200,312622,313278,12393,325671,2265
2022-04-05,Santa Cruz,087,273765,47975,47446,2091,49537,259
2022-04-05,Shasta,089,179085,30565,30565,6091,36656,529
2022-04-05,Sierra,091,2930,274,272,48,320,4
2022-04-05,Siskiyou,093,43540,4450,4442,2721,7163,80
2022-04-05,Solano,095,438530,81614,81789,5583,87372,447
2022-04-05,Sonoma,097,501317,83814,83361,2646,86007,485
2022-04-05,Stanislaus,099,539301,117530,117534,17568,135102,1578
2022-04-05,Sutter,101,95872,20488,20581,2075,22656,222
2022-04-05,Tehama,103,63373,12033,12049,2578,14627,198
2022-04-05,Trinity,105,12862,1183,1173,287,1460,20
2022-04-05,Tulare,107,460477,106332,104826,27567,132393,1414
2022-04-05,Tuolumne,109,53932,12659,12621,557,13178,180
2022-04-05,Ventura,111,848112,173484,173179,9395,182574,1460
2022-04-05,Yolo,113,214977,37130,36393,3051,39444,314
2022-04-05,Yuba,115,75493,15839,15839,1199,17038,121
2022-04-04,Alameda,001,1643700,257074,256143,13896,270039,1814
2022-04-04,Alpine,003,1148,124,124,1,125,0
2022-04-04,Amador,005,37829,8523,8488,640,9128,86
2022-04-04,Butte,007,227075,33169,32997,6942,39939,396
2022-04-04,Calaveras,009,45235,7263,7258,348,7606,120
2022-04-04,Colusa,011,21464,3440,3447,1047,4494,21
2022-04-04,Contra Costa,013,1133247,190463,188850,13216,202066,1296
2022-04-04,Del Norte,015,27424,5813,5809,184,5993,50
2022-04-04,El Dorado,017,186661,26776,26744,3206,29950,205
2022-04-04,Fresno,019,978130,231350,230942,23673,254615,2725
2022-04-04,Glenn,021,27897,4986,4986,1600,6586,47
2022-04-04,Humboldt,023,135768,16892,16904,2951,19855,140
2022-04-04,Imperial,025,180216,55373,55294,10549,65843,908
2022-04-04,Inyo,027,18085,4076,4068,479,4547,56
2022-04-04,Kern,029,883053,191846,191449,45728,237177,2234
2022-04-04,Kings,031,150075,51490,51491,3505,54996,443
2022-04-04,Lake,033,64148,10703,10679,884,11563,136
2022-04-04,Lassen,035,31185,8962,8945,874,9819,65
2022-04-04,Los Angeles,037,10098052,2714534,2707306,123531,2830837,31465
2022-04-04,Madera,039,155013,37271,37349,6025,43374,354
2022-04-04,Marin,041,260295,33672,33566,2289,35855,288
2022-04-04,Mariposa,043,17540,2402,2392,199,2591,29
2022-04-04,Mendocino,045,87422,13078,13074,3019,16093,119
2022-04-04,Merced,047,269075,62194,62195,8613,70808,810
2022-04-04,Modoc,049,8938,739,741,251,992,8
2022-04-04,Mono,051,14174,2968,2967,122,3089,6
2022-04-04,Monterey,053,433212,79429,79019,13683,92702,727
2022-04-04,Napa,055,140530,25854,25790,951,26741,143
2022-04-04,Nevada,057,99092,15970,15974,1196,17170,123
2022-04-04,Orange,059,3164182,547146,546491,41232,587723,6887
2022-04-04,Placer,061,380077,62831,62787,7339,70126,615
2022-04-04,Plumas,063,18699,2969,2850,366,3216,13
2022-04-04,Riverside,065,2383286,591593,590826,27759,618585,6424
2022-04-04,Sacramento,067,1510023,280956,276567,26440,303007,2953
2022-04-04,San Benito,069,59416,12888,12908,511,13419,98
2022-04-04,San Bernardino,071,2135413,571786,561648,24818,586466,6883
2022-04-04,San Diego,073,3302833,752025,753402,52659,806061,5192
2022-04-04,San Francisco,075,870044,125650,125536,8282,133818,843
2022-04-04,San Joaquin,077,732212,166492,166415,9904,176319,2207
2022-04-04,San Luis Obispo,079,281455,52506,52557,3753,56310,475
2022-04-04,San Mateo,081,765935,122344,121041,6958,127999,693
2022-04-04,Santa Barbara,083,443738,85870,85630,4697,90327,679
2022-04-04,Santa Clara,085,1922200,312353,313278,12381,325659,2265
2022-04-04,Santa Cruz,087,273765,47928,47446,2091,49537,259
2022-04-04,Shasta,089,179085,30562,30565,6090,36655,529
2022-04-04,Sierra,091,2930,274,272,48,320,4
2022-04-04,Siskiyou,093,43540,4450,4442,2721,7163,80
2022-04-04,Solano,095,438530,81568,81789,5580,87369,447
2022-04-04,Sonoma,097,501317,83760,83361,2639,86000,485
2022-04-04,Stanislaus,099,539301,117509,117534,17561,135095,1578
2022-04-04,Sutter,101,95872,20485,20581,2075,22656,222
2022-04-04,Tehama,103,63373,12031,12049,2578,14627,198
2022-04-04,Trinity,105,12862,1183,1173,287,1460,20
2022-04-04,Tulare,107,460477,106323,104826,27564,132390,1414
2022-04-04,Tuolumne,109,53932,12652,12621,557,13178,180
2022-04-04,Ventura,111,848112,173444,173179,9393,182572,1460
2022-04-04,Yolo,113,214977,37116,36393,3049,39442,314
2022-04-04,Yuba,115,75493,15837,15839,1199,17038,121
2022-04-03,Alameda,001,1643700,256819,255650,13894,269544,1813
2022-04-03,Alpine,003,1148,124,124,1,125,0
2022-04-03,Amador,005,37829,8522,8485,640,9125,86
2022-04-03,Butte,007,227075,33162,32981,6940,39921,396
2022-04-03,Calaveras,009,45235,7263,7254,348,7602,119
2022-04-03,Colusa,011,21464,3440,3445,1047,4492,21
2022-04-03,Contra Costa,013,1133247,190357,188658,13206,201864,1291
2022-04-03,Del Norte,015,27424,5813,5812,184,5996,50
2022-04-03,El Dorado,017,186661,26762,26732,3204,29936,200
2022-04-03,Fresno,019,978130,231318,230559,23670,254229,2722
2022-04-03,Glenn,021,27897,4986,4982,1600,6582,47
2022-04-03,Humboldt,023,135768,16887,16898,2951,19849,140
2022-04-03,Imperial,025,180216,55371,55266,10546,65812,908
2022-04-03,Inyo,027,18085,4074,4063,479,4542,56
2022-04-03,Kern,029,883053,191821,191384,45723,237107,2224
2022-04-03,Kings,031,150075,51484,51470,3503,54973,443
2022-04-03,Lake,033,64148,10701,10674,884,11558,136
2022-04-03,Lassen,035,31185,8961,8943,874,9817,65
2022-04-03,Los Angeles,037,10098052,2713341,2703576,123446,2827022,31410
2022-04-03,Madera,039,155013,37269,37333,6024,43357,354
2022-04-03,Marin,041,260295,33637,33493,2281,35774,287
2022-04-03,Mariposa,043,17540,2401,2391,199,2590,29
2022-04-03,Mendocino,045,87422,13072,13058,3018,16076,119
2022-04-03,Merced,047,269075,62179,62149,8609,70758,808
2022-04-03,Modoc,049,8938,738,741,251,992,8
2022-04-03,Mono,051,14174,2968,2967,122,3089,6
2022-04-03,Monterey,053,433212,79411,78964,13658,92622,726
2022-04-03,Napa,055,140530,25834,25757,950,26707,143
2022-04-03,Nevada,057,99092,15964,15962,1195,17157,123
2022-04-03,Orange,059,3164182,546944,546047,41207,587254,6880
2022-04-03,Placer,061,380077,62805,62740,7334,70074,614
2022-04-03,Plumas,063,18699,2968,2803,366,3169,14
2022-04-03,Riverside,065,2383286,591436,590563,27744,618307,6418
2022-04-03,Sacramento,067,1510023,280880,276218,26427,302645,2950
2022-04-03,San Benito,069,59416,12884,12901,511,13412,98
2022-04-03,San Bernardino,071,2135413,571640,561362,24815,586177,6865
2022-04-03,San Diego,073,3302833,751695,752281,52622,804903,5178
2022-04-03,San Francisco,075,870044,125419,125075,8276,133351,843
2022-04-03,San Joaquin,077,732212,166435,166336,9899,176235,2202
2022-04-03,San Luis Obispo,079,281455,52487,52512,3753,56265,475
2022-04-03,San Mateo,081,765935,122204,120717,6951,127668,693
2022-04-03,Santa Barbara,083,443738,85825,85611,4695,90306,678
2022-04-03,Santa Clara,085,1922200,312054,312517,12372,324889,2258
2022-04-03,Santa Cruz,087,273765,47874,47371,2089,49460,259
2022-04-03,Shasta,089,179085,30552,30556,6089,36645,530
2022-04-03,Sierra,091,2930,274,273,48,321,4
2022-04-03,Siskiyou,093,43540,4450,4439,2721,7160,80
2022-04-03,Solano,095,438530,81527,81848,5574,87422,446
2022-04-03,Sonoma,097,501317,83682,83235,2631,85866,485
2022-04-03,Stanislaus,099,539301,117478,117536,17555,135091,1581
2022-04-03,Sutter,101,95872,20482,20570,2075,22645,222
2022-04-03,Tehama,103,63373,12028,12046,2578,14624,198
2022-04-03,Trinity,105,12862,1183,1173,287,1460,20
2022-04-03,Tulare,107,460477,106316,104736,27555,132291,1410
2022-04-03,Tuolumne,109,53932,12651,12618,557,13175,180
2022-04-03,Ventura,111,848112,173391,173044,9390,182434,1460
2022-04-03,Yolo,113,214977,37095,36347,3047,39394,313
2022-04-03,Yuba,115,75493,15835,15835,1199,17034,120
2022-04-02,Alameda,001,1643700,256716,255650,13893,269543,1813
2022-04-02,Alpine,003,1148,124,124,1,125,0
2022-04-02,Amador,005,37829,8522,8485,640,9125,86
2022-04-02,Butte,007,227075,33158,32981,6939,39920,396
2022-04-02,Calaveras,009,45235,7263,7254,348,7602,119
2022-04-02,Colusa,011,21464,3440,3445,1047,4492,21
2022-04-02,Contra Costa,013,1133247,190298,188658,13203,201861,1291
2022-04-02,Del Norte,015,27424,5812,5812,184,5996,50
2022-04-02,El Dorado,017,186661,26759,26732,3204,29936,200
2022-04-02,Fresno,019,978130,231289,230559,23670,254229,2722
2022-04-02,Glenn,021,27897,4986,4982,1600,6582,47
2022-04-02,Humboldt,023,135768,16883,16898,2951,19849,140
2022-04-02,Imperial,025,180216,55368,55266,10546,65812,908
2022-04-02,Inyo,027,18085,4074,4063,479,4542,56
2022-04-02,Kern,029,883053,191807,191384,45719,237103,2224
2022-04-02,Kings,031,150075,51481,51470,3503,54973,443
2022-04-02,Lake,033,64148,10700,10674,884,11558,136
2022-04-02,Lassen,035,31185,8961,8943,874,9817,65
2022-04-02,Los Angeles,037,10098052,2712830,2703576,123405,2826981,31410
2022-04-02,Madera,039,155013,37266,37333,6024,43357,354
2022-04-02,Marin,041,260295,33614,33493,2273,35766,287
2022-04-02,Mariposa,043,17540,2400,2391,199,2590,29
2022-04-02,Mendocino,045,87422,13070,13058,3018,16076,119
2022-04-02,Merced,047,269075,62176,62149,8609,70758,808
2022-04-02,Modoc,049,8938,738,741,251,992,8
2022-04-02,Mono,051,14174,2968,2967,121,3088,6
2022-04-02,Monterey,053,433212,79398,78964,13652,92616,726
2022-04-02,Napa,055,140530,25820,25757,949,26706,143
2022-04-02,Nevada,057,99092,15960,15962,1194,17156,123
2022-04-02,Orange,059,3164182,546838,546047,41195,587242,6880
2022-04-02,Placer,061,380077,62794,62740,7332,70072,614
2022-04-02,Plumas,063,18699,2968,2803,366,3169,14
2022-04-02,Riverside,065,2383286,591362,590563,27739,618302,6418
2022-04-02,Sacramento,067,1510023,280841,276218,26426,302644,2950
2022-04-02,San Benito,069,59416,12883,12901,511,13412,98
2022-04-02,San Bernardino,071,2135413,571589,561362,24812,586174,6865
2022-04-02,San Diego,073,3302833,751571,752281,52613,804894,5178
2022-04-02,San Francisco,075,870044,125315,125075,8268,133343,843
2022-04-02,San Joaquin,077,732212,166414,166336,9897,176233,2202
2022-04-02,San Luis Obispo,079,281455,52482,52512,3753,56265,475
2022-04-02,San Mateo,081,765935,122109,120717,6942,127659,693
2022-04-02,Santa Barbara,083,443738,85806,85611,4694,90305,678
2022-04-02,Santa Clara,085,1922200,311888,312517,12368,324885,2258
2022-04-02,Santa Cruz,087,273765,47862,47371,2088,49459,259
2022-04-02,Shasta,089,179085,30551,30556,6089,36645,530
2022-04-02,Sierra,091,2930,274,273,48,321,4
2022-04-02,Siskiyou,093,43540,4449,4439,2720,7159,80
2022-04-02,Solano,095,438530,81512,81848,5573,87421,446
2022-04-02,Sonoma,097,501317,83634,83235,2625,85860,485
2022-04-02,Stanislaus,099,539301,117469,117536,17553,135089,1581
2022-04-02,Sutter,101,95872,20477,20570,2075,22645,222
2022-04-02,Tehama,103,63373,12028,12046,2578,14624,198
2022-04-02,Trinity,105,12862,1183,1173,287,1460,20
2022-04-02,Tulare,107,460477,106312,104736,27555,132291,1410
2022-04-02,Tuolumne,109,53932,12649,12618,557,13175,180
2022-04-02,Ventura,111,848112,173350,173044,9390,182434,1460
2022-04-02,Yolo,113,214977,37083,36347,3044,39391,313
2022-04-02,Yuba,115,75493,15834,15835,1199,17034,120
2022-04-01,Alameda,001,1643700,256601,255650,13889,269539,1813
2022-04-01,Alpine,003,1148,124,124,1,125,0
2022-04-01,Amador,005,37829,8522,8485,640,9125,86
2022-04-01,Butte,007,227075,33154,32981,6936,39917,396
2022-04-01,Calaveras,009,45235,7261,7254,348,7602,119
2022-04-01,Colusa,011,21464,3439,3445,1047,4492,21
2022-04-01,Contra Costa,013,1133247,190245,188658,13202,201860,1291
2022-04-01,Del Norte,015,27424,5810,5812,184,5996,50
2022-04-01,El Dorado,017,186661,26756,26732,3203,29935,200
2022-04-01,Fresno,019,978130,231264,230559,23668,254227,2722
2022-04-01,Glenn,021,27897,4986,4982,1600,6582,47
2022-04-01,Humboldt,023,135768,16881,16898,2951,19849,140
2022-04-01,Imperial,025,180216,55366,55266,10546,65812,908
2022-04-01,Inyo,027,18085,4072,4063,478,4541,56
2022-04-01,Kern,029,883053,191796,191384,45716,237100,2224
2022-04-01,Kings,031,150075,51478,51470,3503,54973,443
2022-04-01,Lake,033,64148,10697,10674,884,11558,136
2022-04-01,Lassen,035,31185,8960,8943,874,9817,65
2022-04-01,Los Angeles,037,10098052,2712333,2703576,123362,2826938,31410
2022-04-01,Madera,039,155013,37265,37333,6024,43357,354
2022-04-01,Marin,041,260295,33596,33493,2266,35759,287
2022-04-01,Mariposa,043,17540,2397,2391,199,2590,29
2022-04-01,Mendocino,045,87422,13067,13058,3017,16075,119
2022-04-01,Merced,047,269075,62169,62149,8608,70757,808
2022-04-01,Modoc,049,8938,738,741,251,992,8
2022-04-01,Mono,051,14174,2968,2967,121,3088,6
2022-04-01,Monterey,053,433212,79380,78964,13649,92613,726
2022-04-01,Napa,055,140530,25811,25757,949,26706,143
2022-04-01,Nevada,057,99092,15960,15962,1193,17155,123
2022-04-01,Orange,059,3164182,546730,546047,41187,587234,6880
2022-04-01,Placer,061,380077,62780,62740,7332,70072,614
2022-04-01,Plumas,063,18699,2968,2803,365,3168,14
2022-04-01,Riverside,065,2383286,591296,590563,27726,618289,6418
2022-04-01,Sacramento,067,1510023,280802,276218,26422,302640,2950
2022-04-01,San Benito,069,59416,12882,12901,511,13412,98
2022-04-01,San Bernardino,071,2135413,571533,561362,24808,586170,6865
2022-04-01,San Diego,073,3302833,751424,752281,52598,804879,5178
2022-04-01,San Francisco,075,870044,125204,125075,8262,133337,843
2022-04-01,San Joaquin,077,732212,166394,166336,9895,176231,2202
2022-04-01,San Luis Obispo,079,281455,52476,52512,3752,56264,475
2022-04-01,San Mateo,081,765935,122047,120717,6936,127653,693
2022-04-01,Santa Barbara,083,443738,85786,85611,4694,90305,678
2022-04-01,Santa Clara,085,1922200,311738,312517,12367,324884,2258
2022-04-01,Santa Cruz,087,273765,47847,47371,2086,49457,259
2022-04-01,Shasta,089,179085,30550,30556,6089,36645,530
2022-04-01,Sierra,091,2930,274,273,48,321,4
2022-04-01,Siskiyou,093,43540,4449,4439,2719,7158,80
2022-04-01,Solano,095,438530,81497,81848,5573,87421,446
2022-04-01,Sonoma,097,501317,83590,83235,2624,85859,485
2022-04-01,Stanislaus,099,539301,117457,117536,17550,135086,1581
2022-04-01,Sutter,101,95872,20477,20570,2075,22645,222
2022-04-01,Tehama,103,63373,12028,12046,2578,14624,198
2022-04-01,Trinity,105,12862,1183,1173,287,1460,20
2022-04-01,Tulare,107,460477,106307,104736,27551,132287,1410
2022-04-01,Tuolumne,109,53932,12648,12618,557,13175,180
2022-04-01,Ventura,111,848112,173319,173044,9386,182430,1460
2022-04-01,Yolo,113,214977,37069,36347,3043,39390,313
2022-04-01,Yuba,115,75493,15833,15835,1199,17034,120
2022-03-31,Alameda,001,1643700,256425,255650,13876,269526,1813
2022-03-31,Alpine,003,1148,124,124,1,125,0
2022-03-31,Amador,005,37829,8522,8485,640,9125,86
2022-03-31,Butte,007,227075,33150,32981,6933,39914,396
2022-03-31,Calaveras,009,45235,7258,7254,348,7602,119
2022-03-31,Colusa,011,21464,3438,3445,1047,4492,21
2022-03-31,Contra Costa,013,1133247,190149,188658,13196,201854,1291
2022-03-31,Del Norte,015,27424,5809,5812,184,5996,50
2022-03-31,El Dorado,017,186661,26748,26732,3203,29935,200
2022-03-31,Fresno,019,978130,231229,230559,23647,254206,2722
2022-03-31,Glenn,021,27897,4984,4982,1600,6582,47
2022-03-31,Humboldt,023,135768,16877,16898,2951,19849,140
2022-03-31,Imperial,025,180216,55363,55266,10545,65811,908
2022-03-31,Inyo,027,18085,4071,4063,475,4538,56
2022-03-31,Kern,029,883053,191780,191384,45707,237091,2224
2022-03-31,Kings,031,150075,51469,51470,3503,54973,443
2022-03-31,Lake,033,64148,10696,10674,883,11557,136
2022-03-31,Lassen,035,31185,8958,8943,874,9817,65
2022-03-31,Los Angeles,037,10098052,2711590,2703576,123308,2826884,31410
2022-03-31,Madera,039,155013,37262,37333,6024,43357,354
2022-03-31,Marin,041,260295,33570,33493,2254,35747,287
2022-03-31,Mariposa,043,17540,2396,2391,198,2589,29
2022-03-31,Mendocino,045,87422,13063,13058,3017,16075,119
2022-03-31,Merced,047,269075,62164,62149,8605,70754,808
2022-03-31,Modoc,049,8938,738,741,251,992,8
2022-03-31,Mono,051,14174,2968,2967,121,3088,6
2022-03-31,Monterey,053,433212,79363,78964,13638,92602,726
2022-03-31,Napa,055,140530,25802,25757,947,26704,143
2022-03-31,Nevada,057,99092,15953,15962,1192,17154,123
2022-03-31,Orange,059,3164182,546583,546047,41173,587220,6880
2022-03-31,Placer,061,380077,62755,62740,7329,70069,614
2022-03-31,Plumas,063,18699,2968,2803,364,3167,14
2022-03-31,Riverside,065,2383286,591186,590563,27723,618286,6418
2022-03-31,Sacramento,067,1510023,280729,276218,26414,302632,2950
2022-03-31,San Benito,069,59416,12881,12901,511,13412,98
2022-03-31,San Bernardino,071,2135413,571436,561362,24797,586159,6865
2022-03-31,San Diego,073,3302833,751188,752281,52571,804852,5178
2022-03-31,San Francisco,075,870044,125047,125075,8250,133325,843
2022-03-31,San Joaquin,077,732212,166360,166336,9881,176217,2202
2022-03-31,San Luis Obispo,079,281455,52462,52512,3751,56263,475
2022-03-31,San Mateo,081,765935,121937,120717,6934,127651,693
2022-03-31,Santa Barbara,083,443738,85757,85611,4694,90305,678
2022-03-31,Santa Clara,085,1922200,311510,312517,12355,324872,2258
2022-03-31,Santa Cruz,087,273765,47828,47371,2084,49455,259
2022-03-31,Shasta,089,179085,30544,30556,6089,36645,530
2022-03-31,Sierra,091,2930,271,273,48,321,4
2022-03-31,Siskiyou,093,43540,4447,4439,2719,7158,80
2022-03-31,Solano,095,438530,81468,81848,5570,87418,446
2022-03-31,Sonoma,097,501317,83547,83235,2618,85853,485
2022-03-31,Stanislaus,099,539301,117439,117536,17545,135081,1581
2022-03-31,Sutter,101,95872,20474,20570,2074,22644,222
2022-03-31,Tehama,103,63373,12028,12046,2577,14623,198
2022-03-31,Trinity,105,12862,1183,1173,287,1460,20
2022-03-31,Tulare,107,460477,106298,104736,27543,132279,1410
2022-03-31,Tuolumne,109,53932,12647,12618,557,13175,180
2022-03-31,Ventura,111,848112,173279,173044,9383,182427,1460
2022-03-31,Yolo,113,214977,37053,36347,3043,39390,313
2022-03-31,Yuba,115,75493,15833,15835,1196,17031,120
2022-03-30,Alameda,001,1643700,256292,255467,13868,269335,1812
2022-03-30,Alpine,003,1148,124,124,1,125,0
2022-03-30,Amador,005,37829,8522,8485,640,9125,86
2022-03-30,Butte,007,227075,33145,32968,6927,39895,396
2022-03-30,Calaveras,009,45235,7256,7253,347,7600,119
2022-03-30,Colusa,011,21464,3438,3445,1047,4492,21
2022-03-30,Contra Costa,013,1133247,190087,188496,13185,201681,1291
2022-03-30,Del Norte,015,27424,5807,5808,184,5992,50
2022-03-30,El Dorado,017,186661,26740,26722,3203,29925,200
2022-03-30,Fresno,019,978130,231218,230448,23641,254089,2720
2022-03-30,Glenn,021,27897,4983,4982,1600,6582,47
2022-03-30,Humboldt,023,135768,16874,16894,2951,19845,140
2022-03-30,Imperial,025,180216,55359,55252,10542,65794,908
2022-03-30,Inyo,027,18085,4070,4062,473,4535,56
2022-03-30,Kern,029,883053,191752,191363,45702,237065,2219
2022-03-30,Kings,031,150075,51463,51446,3501,54947,443
2022-03-30,Lake,033,64148,10695,10674,883,11557,136
2022-03-30,Lassen,035,31185,8958,8943,874,9817,65
2022-03-30,Los Angeles,037,10098052,2710765,2702536,123253,2825789,31384
2022-03-30,Madera,039,155013,37257,37330,6023,43353,354
2022-03-30,Marin,041,260295,33550,33453,2235,35688,287
2022-03-30,Mariposa,043,17540,2396,2390,198,2588,27
2022-03-30,Mendocino,045,87422,13059,13055,3014,16069,118
2022-03-30,Merced,047,269075,62158,62136,8600,70736,808
2022-03-30,Modoc,049,8938,738,739,251,990,8
2022-03-30,Mono,051,14174,2967,2967,121,3088,6
2022-03-30,Monterey,053,433212,79346,78911,13631,92542,726
2022-03-30,Napa,055,140530,25790,25745,946,26691,141
2022-03-30,Nevada,057,99092,15950,15960,1190,17150,123
2022-03-30,Orange,059,3164182,546430,545895,41151,587046,6876
2022-03-30,Placer,061,380077,62740,62705,7325,70030,614
2022-03-30,Plumas,063,18699,2968,2762,362,3124,13
2022-03-30,Riverside,065,2383286,591103,590437,27710,618147,6411
2022-03-30,Sacramento,067,1510023,280661,276081,26407,302488,2949
2022-03-30,San Benito,069,59416,12877,12898,511,13409,98
2022-03-30,San Bernardino,071,2135413,571352,561153,24793,585946,6863
2022-03-30,San Diego,073,3302833,750956,751684,52545,804229,5169
2022-03-30,San Francisco,075,870044,124942,124930,8241,133171,841
2022-03-30,San Joaquin,077,732212,166332,166299,9875,176174,2201
2022-03-30,San Luis Obispo,079,281455,52449,52484,3747,56231,475
2022-03-30,San Mateo,081,765935,121835,120548,6934,127482,693
2022-03-30,Santa Barbara,083,443738,85735,85488,4691,90179,677
2022-03-30,Santa Clara,085,1922200,311327,312253,12335,324588,2258
2022-03-30,Santa Cruz,087,273765,47772,47340,2083,49423,259
2022-03-30,Shasta,089,179085,30541,30555,6089,36644,530
2022-03-30,Sierra,091,2930,271,273,48,321,4
2022-03-30,Siskiyou,093,43540,4447,4439,2719,7158,80
2022-03-30,Solano,095,438530,81449,81816,5566,87382,443
2022-03-30,Sonoma,097,501317,83510,83163,2617,85780,485
2022-03-30,Stanislaus,099,539301,117426,117593,17542,135135,1559
2022-03-30,Sutter,101,95872,20469,20565,2074,22639,222
2022-03-30,Tehama,103,63373,12027,12045,2576,14621,198
2022-03-30,Trinity,105,12862,1182,1173,287,1460,20
2022-03-30,Tulare,107,460477,106292,104667,27537,132204,1410
2022-03-30,Tuolumne,109,53932,12645,12616,557,13173,180
2022-03-30,Ventura,111,848112,173238,172984,9375,182359,1460
2022-03-30,Yolo,113,214977,37043,36325,3040,39365,313
2022-03-30,Yuba,115,75493,15831,15830,1196,17026,120
2022-03-29,Alameda,001,1643700,256166,255261,13858,269119,1810
2022-03-29,Alpine,003,1148,124,124,1,125,0
2022-03-29,Amador,005,37829,8522,8483,640,9123,86
2022-03-29,Butte,007,227075,33142,32954,6927,39881,396
2022-03-29,Calaveras,009,45235,7255,7250,346,7596,119
2022-03-29,Colusa,011,21464,3438,3445,1047,4492,21
2022-03-29,Contra Costa,013,1133247,189998,188359,13177,201536,1290
2022-03-29,Del Norte,015,27424,5807,5806,183,5989,50
2022-03-29,El Dorado,017,186661,26735,26706,3203,29909,200
2022-03-29,Fresno,019,978130,231190,230256,23637,253893,2718
2022-03-29,Glenn,021,27897,4982,4983,1600,6583,47
2022-03-29,Humboldt,023,135768,16871,16892,2948,19840,140
2022-03-29,Imperial,025,180216,55345,55233,10541,65774,908
2022-03-29,Inyo,027,18085,4068,4062,472,4534,56
2022-03-29,Kern,029,883053,191720,191338,45695,237033,2220
2022-03-29,Kings,031,150075,51455,51416,3500,54916,443
2022-03-29,Lake,033,64148,10691,10674,883,11557,136
2022-03-29,Lassen,035,31185,8957,8943,874,9817,65
2022-03-29,Los Angeles,037,10098052,2709937,2702005,123207,2825212,31378
2022-03-29,Madera,039,155013,37249,37325,6020,43345,354
2022-03-29,Marin,041,260295,33530,33431,2230,35661,287
2022-03-29,Mariposa,043,17540,2396,2388,198,2586,23
2022-03-29,Mendocino,045,87422,13055,13053,3013,16066,119
2022-03-29,Merced,047,269075,62146,62123,8599,70722,806
2022-03-29,Modoc,049,8938,736,737,251,988,8
2022-03-29,Mono,051,14174,2967,2966,121,3087,5
2022-03-29,Monterey,053,433212,79333,78774,13623,92397,725
2022-03-29,Napa,055,140530,25783,25732,946,26678,141
2022-03-29,Nevada,057,99092,15942,15956,1190,17146,123
2022-03-29,Orange,059,3164182,546282,545832,41135,586967,6871
2022-03-29,Placer,061,380077,62722,62687,7320,70007,614
2022-03-29,Plumas,063,18699,2966,2761,362,3123,13
2022-03-29,Riverside,065,2383286,591003,590359,27702,618061,6403
2022-03-29,Sacramento,067,1510023,280595,276040,26396,302436,2946
2022-03-29,San Benito,069,59416,12875,12892,511,13403,97
2022-03-29,San Bernardino,071,2135413,571255,561026,24785,585811,6860
2022-03-29,San Diego,073,3302833,750712,751240,52523,803763,5159
2022-03-29,San Francisco,075,870044,124791,124789,8235,133024,840
2022-03-29,San Joaquin,077,732212,166295,166241,9867,176108,2198
2022-03-29,San Luis Obispo,079,281455,52433,52455,3743,56198,472
2022-03-29,San Mateo,081,765935,121741,120435,6931,127366,686
2022-03-29,Santa Barbara,083,443738,85712,85464,4691,90155,676
2022-03-29,Santa Clara,085,1922200,311087,312067,12318,324385,2259
2022-03-29,Santa Cruz,087,273765,47752,47323,2082,49405,259
2022-03-29,Shasta,089,179085,30534,30552,6087,36639,529
2022-03-29,Sierra,091,2930,271,273,48,321,4
2022-03-29,Siskiyou,093,43540,4447,4439,2718,7157,80
2022-03-29,Solano,095,438530,81427,81713,5563,87276,441
2022-03-29,Sonoma,097,501317,83477,83130,2611,85741,485
2022-03-29,Stanislaus,099,539301,117407,117683,17536,135219,1559
2022-03-29,Sutter,101,95872,20467,20556,2073,22629,221
2022-03-29,Tehama,103,63373,12025,12045,2576,14621,198
2022-03-29,Trinity,105,12862,1182,1173,287,1460,20
2022-03-29,Tulare,107,460477,106287,104622,27532,132154,1406
2022-03-29,Tuolumne,109,53932,12643,12615,557,13172,180
2022-03-29,Ventura,111,848112,173183,172946,9374,182320,1460
2022-03-29,Yolo,113,214977,37030,36296,3039,39335,313
2022-03-29,Yuba,115,75493,15827,15824,1195,17019,117
2022-03-28,Alameda,001,1643700,256014,255192,13848,269040,1808
2022-03-28,Alpine,003,1148,124,124,1,125,0
2022-03-28,Amador,005,37829,8521,8480,640,9120,86
2022-03-28,Butte,007,227075,33125,32947,6927,39874,392
2022-03-28,Calaveras,009,45235,7255,7247,346,7593,119
2022-03-28,Colusa,011,21464,3438,3445,1047,4492,21
2022-03-28,Contra Costa,013,1133247,189917,188305,13172,201477,1290
2022-03-28,Del Norte,015,27424,5805,5834,183,6017,50
2022-03-28,El Dorado,017,186661,26728,26703,3201,29904,200
2022-03-28,Fresno,019,978130,231162,230144,23620,253764,2717
2022-03-28,Glenn,021,27897,4982,4983,1600,6583,47
2022-03-28,Humboldt,023,135768,16870,16916,2948,19864,140
2022-03-28,Imperial,025,180216,55335,55245,10541,65786,909
2022-03-28,Inyo,027,18085,4067,4062,472,4534,56
2022-03-28,Kern,029,883053,191696,191333,45686,237019,2212
2022-03-28,Kings,031,150075,51442,51405,3500,54905,443
2022-03-28,Lake,033,64148,10689,10673,883,11556,136
2022-03-28,Lassen,035,31185,8957,8946,874,9820,63
2022-03-28,Los Angeles,037,10098052,2709057,2700997,123168,2824165,31349
2022-03-28,Madera,039,155013,37245,37324,6020,43344,354
2022-03-28,Marin,041,260295,33505,33391,2225,35616,287
2022-03-28,Mariposa,043,17540,2395,2388,198,2586,23
2022-03-28,Mendocino,045,87422,13053,13046,3012,16058,118
2022-03-28,Merced,047,269075,62136,62116,8594,70710,805
2022-03-28,Modoc,049,8938,735,736,251,987,7
2022-03-28,Mono,051,14174,2967,2966,121,3087,5
2022-03-28,Monterey,053,433212,79300,78784,13619,92403,724
2022-03-28,Napa,055,140530,25777,25723,945,26668,140
2022-03-28,Nevada,057,99092,15940,15969,1190,17159,123
2022-03-28,Orange,059,3164182,546151,545700,41108,586808,6860
2022-03-28,Placer,061,380077,62702,62687,7319,70006,613
2022-03-28,Plumas,063,18699,2965,2760,362,3122,13
2022-03-28,Riverside,065,2383286,590903,590298,27694,617992,6397
2022-03-28,Sacramento,067,1510023,280526,275889,26384,302273,2946
2022-03-28,San Benito,069,59416,12875,12889,511,13400,97
2022-03-28,San Bernardino,071,2135413,571172,560836,24774,585610,6858
2022-03-28,San Diego,073,3302833,750473,750659,52489,803148,5155
2022-03-28,San Francisco,075,870044,124651,124678,8225,132903,839
2022-03-28,San Joaquin,077,732212,166263,166247,9865,176112,2196
2022-03-28,San Luis Obispo,079,281455,52408,52434,3740,56174,470
2022-03-28,San Mateo,081,765935,121627,120337,6924,127261,686
2022-03-28,Santa Barbara,083,443738,85684,85442,4689,90131,675
2022-03-28,Santa Clara,085,1922200,310858,311953,12309,324262,2257
2022-03-28,Santa Cruz,087,273765,47719,47324,2082,49406,259
2022-03-28,Shasta,089,179085,30533,30550,6086,36636,527
2022-03-28,Sierra,091,2930,271,273,48,321,4
2022-03-28,Siskiyou,093,43540,4446,4438,2718,7156,80
2022-03-28,Solano,095,438530,81399,81704,5558,87262,441
2022-03-28,Sonoma,097,501317,83431,83105,2606,85711,485
2022-03-28,Stanislaus,099,539301,117395,117783,17531,135314,1562
2022-03-28,Sutter,101,95872,20462,20549,2073,22622,221
2022-03-28,Tehama,103,63373,12025,12041,2576,14617,200
2022-03-28,Trinity,105,12862,1182,1173,287,1460,20
2022-03-28,Tulare,107,460477,106275,104576,27526,132102,1404
2022-03-28,Tuolumne,109,53932,12643,12627,557,13184,180
2022-03-28,Ventura,111,848112,173144,172867,9373,182240,1455
2022-03-28,Yolo,113,214977,37012,36282,3037,39319,312
2022-03-28,Yuba,115,75493,15826,15821,1193,17014,117
2022-03-27,Alameda,001,1643700,255828,255132,13839,268971,1809
2022-03-27,Alpine,003,1148,124,124,1,125,0
2022-03-27,Amador,005,37829,8518,8480,640,9120,86
2022-03-27,Butte,007,227075,33112,32943,6921,39864,392
2022-03-27,Calaveras,009,45235,7253,7245,346,7591,119
2022-03-27,Colusa,011,21464,3438,3445,1047,4492,21
2022-03-27,Contra Costa,013,1133247,189802,188251,13156,201407,1290
2022-03-27,Del Norte,015,27424,5804,5836,183,6019,50
2022-03-27,El Dorado,017,186661,26714,26699,3198,29897,200
2022-03-27,Fresno,019,978130,231115,230049,23602,253651,2717
2022-03-27,Glenn,021,27897,4981,4983,1600,6583,47
2022-03-27,Humboldt,023,135768,16866,16920,2948,19868,140
2022-03-27,Imperial,025,180216,55322,55240,10540,65780,909
2022-03-27,Inyo,027,18085,4066,4062,470,4532,56
2022-03-27,Kern,029,883053,191658,191332,45680,237012,2213
2022-03-27,Kings,031,150075,51433,51400,3500,54900,443
2022-03-27,Lake,033,64148,10688,10672,882,11554,136
2022-03-27,Lassen,035,31185,8957,8946,874,9820,63
2022-03-27,Los Angeles,037,10098052,2708248,2700983,123121,2824104,31348
2022-03-27,Madera,039,155013,37241,37323,6018,43341,354
2022-03-27,Marin,041,260295,33468,33391,2215,35606,287
2022-03-27,Mariposa,043,17540,2395,2390,198,2588,23
2022-03-27,Mendocino,045,87422,13049,13046,3010,16056,118
2022-03-27,Merced,047,269075,62126,62110,8593,70703,805
2022-03-27,Modoc,049,8938,734,736,249,985,7
2022-03-27,Mono,051,14174,2967,2966,121,3087,5
2022-03-27,Monterey,053,433212,79279,78778,13607,92385,724
2022-03-27,Napa,055,140530,25762,25723,945,26668,140
2022-03-27,Nevada,057,99092,15936,15967,1188,17155,123
2022-03-27,Orange,059,3164182,546017,545644,41074,586718,6860
2022-03-27,Placer,061,380077,62684,62680,7318,69998,613
2022-03-27,Plumas,063,18699,2964,2760,360,3120,13
2022-03-27,Riverside,065,2383286,590817,590251,27683,617934,6395
2022-03-27,Sacramento,067,1510023,280445,275854,26377,302231,2941
2022-03-27,San Benito,069,59416,12870,12889,510,13399,97
2022-03-27,San Bernardino,071,2135413,571056,560853,24772,585625,6862
2022-03-27,San Diego,073,3302833,750217,750659,52466,803125,5155
2022-03-27,San Francisco,075,870044,124465,124619,8214,132833,839
2022-03-27,San Joaquin,077,732212,166227,166238,9861,176099,2196
2022-03-27,San Luis Obispo,079,281455,52387,52430,3738,56168,470
2022-03-27,San Mateo,081,765935,121523,120324,6918,127242,686
2022-03-27,Santa Barbara,083,443738,85648,85434,4687,90121,675
2022-03-27,Santa Clara,085,1922200,310647,311822,12302,324124,2257
2022-03-27,Santa Cruz,087,273765,47686,47321,2080,49401,259
2022-03-27,Shasta,089,179085,30529,30550,6084,36634,527
2022-03-27,Sierra,091,2930,271,273,48,321,4
2022-03-27,Siskiyou,093,43540,4446,4436,2717,7153,80
2022-03-27,Solano,095,438530,81357,81691,5555,87246,441
2022-03-27,Sonoma,097,501317,83378,83088,2602,85690,485
2022-03-27,Stanislaus,099,539301,117375,117778,17528,135306,1562
2022-03-27,Sutter,101,95872,20456,20545,2073,22618,221
2022-03-27,Tehama,103,63373,12025,12040,2576,14616,200
2022-03-27,Trinity,105,12862,1182,1173,287,1460,20
2022-03-27,Tulare,107,460477,106267,104582,27517,132099,1404
2022-03-27,Tuolumne,109,53932,12642,12628,557,13185,180
2022-03-27,Ventura,111,848112,173099,172831,9371,182202,1455
2022-03-27,Yolo,113,214977,36991,36232,3034,39266,312
2022-03-27,Yuba,115,75493,15823,15821,1186,17007,117
2022-03-26,Alameda,001,1643700,255748,254691,13838,268529,1803
2022-03-26,Alpine,003,1148,124,124,1,125,0
2022-03-26,Amador,005,37829,8518,8476,640,9116,86
2022-03-26,Butte,007,227075,33108,32929,6919,39848,391
2022-03-26,Calaveras,009,45235,7251,7240,346,7586,120
2022-03-26,Colusa,011,21464,3436,3445,1047,4492,21
2022-03-26,Contra Costa,013,1133247,189748,187990,13153,201143,1285
2022-03-26,Del Norte,015,27424,5802,5831,183,6014,50
2022-03-26,El Dorado,017,186661,26706,26674,3196,29870,200
2022-03-26,Fresno,019,978130,231092,229799,23601,253400,2710
2022-03-26,Glenn,021,27897,4981,4978,1600,6578,47
2022-03-26,Humboldt,023,135768,16862,16911,2948,19859,139
2022-03-26,Imperial,025,180216,55316,55230,10539,65769,913
2022-03-26,Inyo,027,18085,4066,4060,469,4529,56
2022-03-26,Kern,029,883053,191644,191288,45676,236964,2201
2022-03-26,Kings,031,150075,51432,51397,3500,54897,444
2022-03-26,Lake,033,64148,10688,10659,882,11541,136
2022-03-26,Lassen,035,31185,8957,8944,874,9818,63
2022-03-26,Los Angeles,037,10098052,2707792,2698028,123079,2821107,31291
2022-03-26,Madera,039,155013,37238,37321,6016,43337,354
2022-03-26,Marin,041,260295,33458,33317,2211,35528,287
2022-03-26,Mariposa,043,17540,2395,2386,198,2584,23
2022-03-26,Mendocino,045,87422,13045,13038,3010,16048,118
2022-03-26,Merced,047,269075,62120,62083,8591,70674,805
2022-03-26,Modoc,049,8938,734,736,249,985,7
2022-03-26,Mono,051,14174,2967,2966,121,3087,5
2022-03-26,Monterey,053,433212,79272,78688,13605,92293,724
2022-03-26,Napa,055,140530,25759,25701,945,26646,139
2022-03-26,Nevada,057,99092,15932,15960,1188,17148,123
2022-03-26,Orange,059,3164182,545940,545294,41063,586357,6853
2022-03-26,Placer,061,380077,62672,62634,7314,69948,613
2022-03-26,Plumas,063,18699,2964,2758,359,3117,13
2022-03-26,Riverside,065,2383286,590747,590060,27682,617742,6397
2022-03-26,Sacramento,067,1510023,280412,275529,26375,301904,2935
2022-03-26,San Benito,069,59416,12870,12885,510,13395,97
2022-03-26,San Bernardino,071,2135413,570997,560742,24768,585510,6840
2022-03-26,San Diego,073,3302833,750093,750170,52459,802629,5146
2022-03-26,San Francisco,075,870044,124359,124265,8208,132473,839
2022-03-26,San Joaquin,077,732212,166206,166079,9860,175939,2195
2022-03-26,San Luis Obispo,079,281455,52381,52369,3738,56107,469
2022-03-26,San Mateo,081,765935,121464,120165,6910,127075,684
2022-03-26,Santa Barbara,083,443738,85628,85477,4685,90162,674
2022-03-26,Santa Clara,085,1922200,310489,311189,12295,323484,2250
2022-03-26,Santa Cruz,087,273765,47675,47329,2080,49409,259
2022-03-26,Shasta,089,179085,30528,30542,6083,36625,527
2022-03-26,Sierra,091,2930,271,273,48,321,4
2022-03-26,Siskiyou,093,43540,4445,4433,2717,7150,80
2022-03-26,Solano,095,438530,81348,81659,5555,87214,441
2022-03-26,Sonoma,097,501317,83348,83113,2597,85710,485
2022-03-26,Stanislaus,099,539301,117368,117962,17527,135489,1565
2022-03-26,Sutter,101,95872,20454,20536,2073,22609,221
2022-03-26,Tehama,103,63373,12025,12036,2575,14611,195
2022-03-26,Trinity,105,12862,1182,1174,287,1461,20
2022-03-26,Tulare,107,460477,106260,104538,27516,132054,1400
2022-03-26,Tuolumne,109,53932,12640,12628,557,13185,180
2022-03-26,Ventura,111,848112,173058,172690,9367,182057,1455
2022-03-26,Yolo,113,214977,36982,36234,3034,39268,311
2022-03-26,Yuba,115,75493,15822,15807,1186,16993,117
2022-03-25,Alameda,001,1643700,255683,254691,13836,268527,1803
2022-03-25,Alpine,003,1148,124,124,1,125,0
2022-03-25,Amador,005,37829,8517,8476,640,9116,86
2022-03-25,Butte,007,227075,33103,32929,6919,39848,391
2022-03-25,Calaveras,009,45235,7250,7240,346,7586,120
2022-03-25,Colusa,011,21464,3436,3445,1047,4492,21
2022-03-25,Contra Costa,013,1133247,189700,187990,13149,201139,1285
2022-03-25,Del Norte,015,27424,5802,5831,183,6014,50
2022-03-25,El Dorado,017,186661,26702,26674,3196,29870,200
2022-03-25,Fresno,019,978130,231064,229799,23593,253392,2710
2022-03-25,Glenn,021,27897,4981,4978,1600,6578,47
2022-03-25,Humboldt,023,135768,16862,16911,2948,19859,139
2022-03-25,Imperial,025,180216,55311,55230,10538,65768,913
2022-03-25,Inyo,027,18085,4065,4060,469,4529,56
2022-03-25,Kern,029,883053,191634,191288,45675,236963,2201
2022-03-25,Kings,031,150075,51431,51397,3500,54897,444
2022-03-25,Lake,033,64148,10688,10659,882,11541,136
2022-03-25,Lassen,035,31185,8956,8944,874,9818,63
2022-03-25,Los Angeles,037,10098052,2707372,2698028,123048,2821076,31291
2022-03-25,Madera,039,155013,37237,37321,6015,43336,354
2022-03-25,Marin,041,260295,33443,33317,2202,35519,287
2022-03-25,Mariposa,043,17540,2395,2386,198,2584,23
2022-03-25,Mendocino,045,87422,13045,13038,3010,16048,118
2022-03-25,Merced,047,269075,62113,62083,8590,70673,805
2022-03-25,Modoc,049,8938,734,736,249,985,7
2022-03-25,Mono,051,14174,2966,2966,121,3087,5
2022-03-25,Monterey,053,433212,79261,78688,13602,92290,724
2022-03-25,Napa,055,140530,25752,25701,945,26646,139
2022-03-25,Nevada,057,99092,15931,15960,1188,17148,123
2022-03-25,Orange,059,3164182,545866,545294,41047,586341,6853
2022-03-25,Placer,061,380077,62666,62634,7311,69945,613
2022-03-25,Plumas,063,18699,2963,2758,359,3117,13
2022-03-25,Riverside,065,2383286,590687,590060,27671,617731,6397
2022-03-25,Sacramento,067,1510023,280370,275529,26373,301902,2935
2022-03-25,San Benito,069,59416,12870,12885,510,13395,97
2022-03-25,San Bernardino,071,2135413,570958,560742,24765,585507,6840
2022-03-25,San Diego,073,3302833,749970,750170,52449,802619,5146
2022-03-25,San Francisco,075,870044,124278,124265,8195,132460,839
2022-03-25,San Joaquin,077,732212,166192,166079,9857,175936,2195
2022-03-25,San Luis Obispo,079,281455,52378,52369,3737,56106,469
2022-03-25,San Mateo,081,765935,121412,120165,6910,127075,684
2022-03-25,Santa Barbara,083,443738,85613,85477,4683,90160,674
2022-03-25,Santa Clara,085,1922200,310338,311189,12290,323479,2250
2022-03-25,Santa Cruz,087,273765,47667,47329,2080,49409,259
2022-03-25,Shasta,089,179085,30524,30542,6082,36624,527
2022-03-25,Sierra,091,2930,271,273,48,321,4
2022-03-25,Siskiyou,093,43540,4443,4433,2715,7148,80
2022-03-25,Solano,095,438530,81334,81659,5553,87212,441
2022-03-25,Sonoma,097,501317,83311,83113,2597,85710,485
2022-03-25,Stanislaus,099,539301,117354,117962,17526,135488,1565
2022-03-25,Sutter,101,95872,20449,20536,2073,22609,221
2022-03-25,Tehama,103,63373,12023,12036,2575,14611,195
2022-03-25,Trinity,105,12862,1182,1174,287,1461,20
2022-03-25,Tulare,107,460477,106256,104538,27516,132054,1400
2022-03-25,Tuolumne,109,53932,12639,12628,557,13185,180
2022-03-25,Ventura,111,848112,173020,172690,9367,182057,1455
2022-03-25,Yolo,113,214977,36970,36234,3034,39268,311
2022-03-25,Yuba,115,75493,15817,15807,1185,16992,117
2022-03-24,Alameda,001,1643700,255566,254691,13820,268511,1803
2022-03-24,Alpine,003,1148,124,124,1,125,0
2022-03-24,Amador,005,37829,8517,8476,640,9116,86
2022-03-24,Butte,007,227075,33097,32929,6919,39848,391
2022-03-24,Calaveras,009,45235,7247,7240,346,7586,120
2022-03-24,Colusa,011,21464,3436,3445,1047,4492,21
2022-03-24,Contra Costa,013,1133247,189621,187990,13146,201136,1285
2022-03-24,Del Norte,015,27424,5798,5831,183,6014,50
2022-03-24,El Dorado,017,186661,26691,26674,3196,29870,200
2022-03-24,Fresno,019,978130,231023,229799,23584,253383,2710
2022-03-24,Glenn,021,27897,4980,4978,1600,6578,47
2022-03-24,Humboldt,023,135768,16857,16911,2946,19857,139
2022-03-24,Imperial,025,180216,55304,55230,10538,65768,913
2022-03-24,Inyo,027,18085,4064,4060,469,4529,56
2022-03-24,Kern,029,883053,191624,191288,45673,236961,2201
2022-03-24,Kings,031,150075,51422,51397,3498,54895,444
2022-03-24,Lake,033,64148,10687,10659,882,11541,136
2022-03-24,Lassen,035,31185,8955,8944,874,9818,63
2022-03-24,Los Angeles,037,10098052,2706803,2698028,123003,2821031,31291
2022-03-24,Madera,039,155013,37235,37321,6013,43334,354
2022-03-24,Marin,041,260295,33422,33317,2193,35510,287
2022-03-24,Mariposa,043,17540,2395,2386,198,2584,23
2022-03-24,Mendocino,045,87422,13039,13038,3007,16045,118
2022-03-24,Merced,047,269075,62106,62083,8589,70672,805
2022-03-24,Modoc,049,8938,734,736,249,985,7
2022-03-24,Mono,051,14174,2966,2966,121,3087,5
2022-03-24,Monterey,053,433212,79235,78688,13588,92276,724
2022-03-24,Napa,055,140530,25743,25701,945,26646,139
2022-03-24,Nevada,057,99092,15927,15960,1187,17147,123
2022-03-24,Orange,059,3164182,545764,545294,41032,586326,6853
2022-03-24,Placer,061,380077,62646,62634,7310,69944,613
2022-03-24,Plumas,063,18699,2963,2758,359,3117,13
2022-03-24,Riverside,065,2383286,590611,590060,27663,617723,6397
2022-03-24,Sacramento,067,1510023,280301,275529,26368,301897,2935
2022-03-24,San Benito,069,59416,12869,12885,509,13394,97
2022-03-24,San Bernardino,071,2135413,570876,560742,24761,585503,6840
2022-03-24,San Diego,073,3302833,749762,750170,52436,802606,5146
2022-03-24,San Francisco,075,870044,124196,124265,8189,132454,839
2022-03-24,San Joaquin,077,732212,166164,166079,9857,175936,2195
2022-03-24,San Luis Obispo,079,281455,52362,52369,3736,56105,469
2022-03-24,San Mateo,081,765935,121364,120165,6906,127071,684
2022-03-24,Santa Barbara,083,443738,85598,85477,4680,90157,674
2022-03-24,Santa Clara,085,1922200,310192,311189,12273,323462,2250
2022-03-24,Santa Cruz,087,273765,47650,47329,2079,49408,259
2022-03-24,Shasta,089,179085,30516,30542,6082,36624,527
2022-03-24,Sierra,091,2930,271,273,48,321,4
2022-03-24,Siskiyou,093,43540,4440,4433,2715,7148,80
2022-03-24,Solano,095,438530,81315,81659,5552,87211,441
2022-03-24,Sonoma,097,501317,83276,83113,2595,85708,485
2022-03-24,Stanislaus,099,539301,117346,117962,17523,135485,1565
2022-03-24,Sutter,101,95872,20444,20536,2073,22609,221
2022-03-24,Tehama,103,63373,12021,12036,2574,14610,195
2022-03-24,Trinity,105,12862,1182,1174,287,1461,20
2022-03-24,Tulare,107,460477,106245,104538,27511,132049,1400
2022-03-24,Tuolumne,109,53932,12637,12628,557,13185,180
2022-03-24,Ventura,111,848112,172977,172690,9366,182056,1455
2022-03-24,Yolo,113,214977,36964,36234,3030,39264,311
2022-03-24,Yuba,115,75493,15813,15807,1183,16990,117
2022-03-23,Alameda,001,1643700,255431,254559,13809,268368,1802
2022-03-23,Alpine,003,1148,124,124,1,125,0
2022-03-23,Amador,005,37829,8517,8475,640,9115,86
2022-03-23,Butte,007,227075,33082,32920,6918,39838,387
2022-03-23,Calaveras,009,45235,7242,7237,346,7583,120
2022-03-23,Colusa,011,21464,3435,3444,1047,4491,21
2022-03-23,Contra Costa,013,1133247,189522,187898,13135,201033,1279
2022-03-23,Del Norte,015,27424,5796,5830,183,6013,50
2022-03-23,El Dorado,017,186661,26685,26670,3196,29866,200
2022-03-23,Fresno,019,978130,230987,229656,23571,253227,2710
2022-03-23,Glenn,021,27897,4980,4975,1600,6575,47
2022-03-23,Humboldt,023,135768,16856,16908,2945,19853,139
2022-03-23,Imperial,025,180216,55298,55211,10537,65748,909
2022-03-23,Inyo,027,18085,4064,4060,469,4529,56
2022-03-23,Kern,029,883053,191607,191241,45668,236909,2196
2022-03-23,Kings,031,150075,51411,51384,3498,54882,442
2022-03-23,Lake,033,64148,10683,10658,881,11539,135
2022-03-23,Lassen,035,31185,8954,8944,873,9817,63
2022-03-23,Los Angeles,037,10098052,2706123,2697227,122973,2820200,31267
2022-03-23,Madera,039,155013,37230,37317,6010,43327,354
2022-03-23,Marin,041,260295,33396,33274,2188,35462,287
2022-03-23,Mariposa,043,17540,2393,2382,197,2579,11
2022-03-23,Mendocino,045,87422,13035,13033,3006,16039,118
2022-03-23,Merced,047,269075,62096,62056,8586,70642,805
2022-03-23,Modoc,049,8938,734,736,249,985,7
2022-03-23,Mono,051,14174,2966,2966,121,3087,5
2022-03-23,Monterey,053,433212,79218,78655,13564,92219,724
2022-03-23,Napa,055,140530,25730,25691,943,26634,139
2022-03-23,Nevada,057,99092,15925,15958,1187,17145,123
2022-03-23,Orange,059,3164182,545634,545158,41020,586178,6852
2022-03-23,Placer,061,380077,62627,62622,7308,69930,613
2022-03-23,Plumas,063,18699,2963,2747,359,3106,13
2022-03-23,Riverside,065,2383286,590538,589947,27658,617605,6388
2022-03-23,Sacramento,067,1510023,280238,275398,26361,301759,2934
2022-03-23,San Benito,069,59416,12868,12884,509,13393,97
2022-03-23,San Bernardino,071,2135413,570802,560550,24757,585307,6828
2022-03-23,San Diego,073,3302833,749568,749871,52413,802284,5143
2022-03-23,San Francisco,075,870044,124083,124110,8182,132292,838
2022-03-23,San Joaquin,077,732212,166127,166041,9850,175891,2187
2022-03-23,San Luis Obispo,079,281455,52345,52344,3731,56075,469
2022-03-23,San Mateo,081,765935,121280,120080,6896,126976,685
2022-03-23,Santa Barbara,083,443738,85581,85464,4679,90143,673
2022-03-23,Santa Clara,085,1922200,310028,310956,12261,323217,2250
2022-03-23,Santa Cruz,087,273765,47631,47314,2075,49389,259
2022-03-23,Shasta,089,179085,30512,30524,6081,36605,526
2022-03-23,Sierra,091,2930,271,273,48,321,4
2022-03-23,Siskiyou,093,43540,4439,4433,2715,7148,80
2022-03-23,Solano,095,438530,81281,81615,5551,87166,441
2022-03-23,Sonoma,097,501317,83243,83074,2592,85666,482
2022-03-23,Stanislaus,099,539301,117329,118041,17520,135561,1568
2022-03-23,Sutter,101,95872,20441,20532,2073,22605,218
2022-03-23,Tehama,103,63373,12018,12035,2574,14609,195
2022-03-23,Trinity,105,12862,1182,1174,287,1461,20
2022-03-23,Tulare,107,460477,106228,104489,27506,131995,1394
2022-03-23,Tuolumne,109,53932,12636,12629,557,13186,180
2022-03-23,Ventura,111,848112,172929,172647,9364,182011,1455
2022-03-23,Yolo,113,214977,36944,36197,3028,39225,308
2022-03-23,Yuba,115,75493,15806,15801,1182,16983,117
2022-03-22,Alameda,001,1643700,255309,254467,13503,267970,1802
2022-03-22,Alpine,003,1148,124,122,1,123,0
2022-03-22,Amador,005,37829,8516,8462,639,9101,86
2022-03-22,Butte,007,227075,33072,32907,6914,39821,387
2022-03-22,Calaveras,009,45235,7240,7237,346,7583,120
2022-03-22,Colusa,011,21464,3434,3445,1047,4492,21
2022-03-22,Contra Costa,013,1133247,189446,187813,13114,200927,1279
2022-03-22,Del Norte,015,27424,5790,5824,183,6007,50
2022-03-22,El Dorado,017,186661,26678,26661,3196,29857,200
2022-03-22,Fresno,019,978130,230938,229551,23562,253113,2708
2022-03-22,Glenn,021,27897,4977,4971,1600,6571,47
2022-03-22,Humboldt,023,135768,16853,16911,2945,19856,139
2022-03-22,Imperial,025,180216,55287,55170,10534,65704,908
2022-03-22,Inyo,027,18085,4064,4060,469,4529,56
2022-03-22,Kern,029,883053,191584,191213,45660,236873,2195
2022-03-22,Kings,031,150075,51399,51369,3497,54866,442
2022-03-22,Lake,033,64148,10681,10657,880,11537,135
2022-03-22,Lassen,035,31185,8954,8940,873,9813,63
2022-03-22,Los Angeles,037,10098052,2705461,2696746,122926,2819672,31250
2022-03-22,Madera,039,155013,37226,37304,6007,43311,354
2022-03-22,Marin,041,260295,33371,33253,2184,35437,287
2022-03-22,Mariposa,043,17540,2391,2382,197,2579,6
2022-03-22,Mendocino,045,87422,13030,13030,3004,16034,118
2022-03-22,Merced,047,269075,62086,62056,8582,70638,805
2022-03-22,Modoc,049,8938,734,735,249,984,7
2022-03-22,Mono,051,14174,2966,2963,121,3084,5
2022-03-22,Monterey,053,433212,79201,78614,13554,92168,724
2022-03-22,Napa,055,140530,25720,25688,942,26630,139
2022-03-22,Nevada,057,99092,15917,15950,1187,17137,123
2022-03-22,Orange,059,3164182,545490,545075,41001,586076,6843
2022-03-22,Placer,061,380077,62614,62604,7306,69910,610
2022-03-22,Plumas,063,18699,2962,2744,359,3103,13
2022-03-22,Riverside,065,2383286,590463,589816,27655,617471,6383
2022-03-22,Sacramento,067,1510023,280162,275374,26350,301724,2927
2022-03-22,San Benito,069,59416,12867,12884,508,13392,97
2022-03-22,San Bernardino,071,2135413,570720,560371,24737,585108,6811
2022-03-22,San Diego,073,3302833,749368,749647,52393,802040,5141
2022-03-22,San Francisco,075,870044,123976,123998,8176,132174,838
2022-03-22,San Joaquin,077,732212,166099,165992,9847,175839,2187
2022-03-22,San Luis Obispo,079,281455,52337,52257,3731,55988,465
2022-03-22,San Mateo,081,765935,121206,119975,6893,126868,686
2022-03-22,Santa Barbara,083,443738,85564,85457,4678,90135,672
2022-03-22,Santa Clara,085,1922200,309859,310787,12249,323036,2249
2022-03-22,Santa Cruz,087,273765,47611,47287,2074,49361,259
2022-03-22,Shasta,089,179085,30506,30528,6081,36609,525
2022-03-22,Sierra,091,2930,271,273,48,321,4
2022-03-22,Siskiyou,093,43540,4439,4429,2714,7143,80
2022-03-22,Solano,095,438530,81258,81587,5548,87135,440
2022-03-22,Sonoma,097,501317,83214,83042,2589,85631,482
2022-03-22,Stanislaus,099,539301,117312,118025,17517,135542,1568
2022-03-22,Sutter,101,95872,20440,20525,2070,22595,218
2022-03-22,Tehama,103,63373,12016,12034,2574,14608,162
2022-03-22,Trinity,105,12862,1182,1174,287,1461,20
2022-03-22,Tulare,107,460477,106217,104431,27498,131929,1391
2022-03-22,Tuolumne,109,53932,12636,12628,557,13185,180
2022-03-22,Ventura,111,848112,172880,172590,9362,181952,1455
2022-03-22,Yolo,113,214977,36924,36184,3027,39211,308
2022-03-22,Yuba,115,75493,15803,15795,1181,16976,117
2022-03-21,Alameda,001,1643700,255088,254354,13495,267849,1799
2022-03-21,Alpine,003,1148,124,122,1,123,0
2022-03-21,Amador,005,37829,8513,8461,638,9099,85
2022-03-21,Butte,007,227075,33061,32895,6911,39806,385
2022-03-21,Calaveras,009,45235,7239,7237,346,7583,119
2022-03-21,Colusa,011,21464,3434,3445,1047,4492,21
2022-03-21,Contra Costa,013,1133247,189382,187509,13099,200608,1276
2022-03-21,Del Norte,015,27424,5789,5824,183,6007,50
2022-03-21,El Dorado,017,186661,26667,26610,3196,29806,199
2022-03-21,Fresno,019,978130,230889,229374,23554,252928,2707
2022-03-21,Glenn,021,27897,4975,4972,1595,6567,46
2022-03-21,Humboldt,023,135768,16843,16912,2932,19844,139
2022-03-21,Imperial,025,180216,55274,55133,10533,65666,908
2022-03-21,Inyo,027,18085,4063,4060,469,4529,56
2022-03-21,Kern,029,883053,191551,191184,45654,236838,2187
2022-03-21,Kings,031,150075,51385,51366,3495,54861,441
2022-03-21,Lake,033,64148,10679,10655,880,11535,135
2022-03-21,Lassen,035,31185,8953,8939,873,9812,63
2022-03-21,Los Angeles,037,10098052,2704593,2694711,122877,2817588,31218
2022-03-21,Madera,039,155013,37221,37288,6004,43292,354
2022-03-21,Marin,041,260295,33327,33242,2179,35421,287
2022-03-21,Mariposa,043,17540,2390,2383,196,2579,6
2022-03-21,Mendocino,045,87422,13022,13028,3002,16030,118
2022-03-21,Merced,047,269075,62072,62048,8577,70625,803
2022-03-21,Modoc,049,8938,732,734,249,983,7
2022-03-21,Mono,051,14174,2966,2962,121,3083,5
2022-03-21,Monterey,053,433212,79152,78572,13541,92113,724
2022-03-21,Napa,055,140530,25712,25684,940,26624,138
2022-03-21,Nevada,057,99092,15913,15963,1186,17149,123
2022-03-21,Orange,059,3164182,545336,544943,40984,585927,6841
2022-03-21,Placer,061,380077,62595,62550,7305,69855,610
2022-03-21,Plumas,063,18699,2962,2744,359,3103,13
2022-03-21,Riverside,065,2383286,590382,589707,27651,617358,6376
2022-03-21,Sacramento,067,1510023,280072,275334,26336,301670,2925
2022-03-21,San Benito,069,59416,12861,12872,508,13380,97
2022-03-21,San Bernardino,071,2135413,570631,560210,24724,584934,6807
2022-03-21,San Diego,073,3302833,749143,748833,52373,801206,5138
2022-03-21,San Francisco,075,870044,123808,123912,8167,132079,835
2022-03-21,San Joaquin,077,732212,166073,165939,9844,175783,2185
2022-03-21,San Luis Obispo,079,281455,52312,52219,3726,55945,463
2022-03-21,San Mateo,081,765935,121047,119899,6891,126790,684
2022-03-21,Santa Barbara,083,443738,85549,85416,4676,90092,672
2022-03-21,Santa Clara,085,1922200,309599,310509,12246,322755,2245
2022-03-21,Santa Cruz,087,273765,47575,47267,2073,49340,259
2022-03-21,Shasta,089,179085,30500,30523,6079,36602,525
2022-03-21,Sierra,091,2930,271,273,48,321,4
2022-03-21,Siskiyou,093,43540,4439,4426,2714,7140,80
2022-03-21,Solano,095,438530,81230,81399,5547,86946,441
2022-03-21,Sonoma,097,501317,83175,82979,2584,85563,482
2022-03-21,Stanislaus,099,539301,117279,118144,17515,135659,1571
2022-03-21,Sutter,101,95872,20437,20523,2058,22581,218
2022-03-21,Tehama,103,63373,12012,12030,2574,14604,160
2022-03-21,Trinity,105,12862,1182,1174,287,1461,20
2022-03-21,Tulare,107,460477,106197,104350,27493,131843,1389
2022-03-21,Tuolumne,109,53932,12636,12620,557,13177,180
2022-03-21,Ventura,111,848112,172810,172537,9358,181895,1452
2022-03-21,Yolo,113,214977,36908,36141,3025,39166,307
2022-03-21,Yuba,115,75493,15800,15790,1180,16970,117
2022-03-20,Alameda,001,1643700,254951,254293,13485,267778,1801
2022-03-20,Alpine,003,1148,122,122,1,123,0
2022-03-20,Amador,005,37829,8510,8460,638,9098,85
2022-03-20,Butte,007,227075,33046,32892,6907,39799,385
2022-03-20,Calaveras,009,45235,7239,7233,343,7576,119
2022-03-20,Colusa,011,21464,3434,3446,1047,4493,21
2022-03-20,Contra Costa,013,1133247,189279,187467,13089,200556,1276
2022-03-20,Del Norte,015,27424,5787,5821,183,6004,50
2022-03-20,El Dorado,017,186661,26659,26608,3196,29804,199
2022-03-20,Fresno,019,978130,230812,229297,23543,252840,2707
2022-03-20,Glenn,021,27897,4974,4972,1595,6567,46
2022-03-20,Humboldt,023,135768,16841,16913,2930,19843,139
2022-03-20,Imperial,025,180216,55263,55133,10532,65665,908
2022-03-20,Inyo,027,18085,4063,4060,469,4529,56
2022-03-20,Kern,029,883053,191507,191170,45649,236819,2187
2022-03-20,Kings,031,150075,51374,51360,3495,54855,441
2022-03-20,Lake,033,64148,10675,10652,880,11532,135
2022-03-20,Lassen,035,31185,8951,8938,873,9811,63
2022-03-20,Los Angeles,037,10098052,2703798,2694698,122833,2817531,31219
2022-03-20,Madera,039,155013,37216,37284,6001,43285,354
2022-03-20,Marin,041,260295,33310,33232,2178,35410,275
2022-03-20,Mariposa,043,17540,2390,2383,196,2579,6
2022-03-20,Mendocino,045,87422,13015,13027,2997,16024,118
2022-03-20,Merced,047,269075,62061,62041,8574,70615,803
2022-03-20,Modoc,049,8938,732,734,249,983,7
2022-03-20,Mono,051,14174,2964,2962,121,3083,5
2022-03-20,Monterey,053,433212,79119,78566,13530,92096,723
2022-03-20,Napa,055,140530,25700,25682,939,26621,138
2022-03-20,Nevada,057,99092,15909,15964,1186,17150,123
2022-03-20,Orange,059,3164182,545214,544862,40966,585828,6841
2022-03-20,Placer,061,380077,62575,62525,7305,69830,610
2022-03-20,Plumas,063,18699,2962,2744,359,3103,13
2022-03-20,Riverside,065,2383286,590285,589657,27647,617304,6376
2022-03-20,Sacramento,067,1510023,279994,275317,26321,301638,2927
2022-03-20,San Benito,069,59416,12861,12869,507,13376,97
2022-03-20,San Bernardino,071,2135413,570550,560220,24715,584935,6805
2022-03-20,San Diego,073,3302833,748907,748833,52340,801173,5138
2022-03-20,San Francisco,075,870044,123658,123858,8155,132013,835
2022-03-20,San Joaquin,077,732212,166040,165927,9840,175767,2185
2022-03-20,San Luis Obispo,079,281455,52288,52217,3723,55940,463
2022-03-20,San Mateo,081,765935,120987,119901,6885,126786,684
2022-03-20,Santa Barbara,083,443738,85524,85412,4675,90087,672
2022-03-20,Santa Clara,085,1922200,309390,310412,12238,322650,2243
2022-03-20,Santa Cruz,087,273765,47548,47265,2072,49337,259
2022-03-20,Shasta,089,179085,30490,30522,6078,36600,525
2022-03-20,Sierra,091,2930,271,273,48,321,4
2022-03-20,Siskiyou,093,43540,4438,4426,2714,7140,80
2022-03-20,Solano,095,438530,81200,81393,5545,86938,441
2022-03-20,Sonoma,097,501317,83132,82965,2583,85548,481
2022-03-20,Stanislaus,099,539301,117253,118146,17512,135658,1572
2022-03-20,Sutter,101,95872,20430,20519,2050,22569,218
2022-03-20,Tehama,103,63373,12010,12030,2574,14604,160
2022-03-20,Trinity,105,12862,1182,1174,287,1461,20
2022-03-20,Tulare,107,460477,106176,104353,27480,131833,1389
2022-03-20,Tuolumne,109,53932,12631,12617,557,13174,180
2022-03-20,Ventura,111,848112,172760,172514,9353,181867,1451
2022-03-20,Yolo,113,214977,36888,36135,3024,39159,307
2022-03-20,Yuba,115,75493,15791,15787,1178,16965,117
2022-03-19,Alameda,001,1643700,254875,253936,13483,267419,1797
2022-03-19,Alpine,003,1148,122,122,1,123,0
2022-03-19,Amador,005,37829,8507,8456,638,9094,85
2022-03-19,Butte,007,227075,33038,32856,6907,39763,385
2022-03-19,Calaveras,009,45235,7239,7229,343,7572,119
2022-03-19,Colusa,011,21464,3432,3445,1047,4492,21
2022-03-19,Contra Costa,013,1133247,189243,187225,13088,200313,1276
2022-03-19,Del Norte,015,27424,5784,5815,183,5998,48
2022-03-19,El Dorado,017,186661,26655,26618,3196,29814,199
2022-03-19,Fresno,019,978130,230789,228965,23542,252507,2694
2022-03-19,Glenn,021,27897,4974,4971,1595,6566,44
2022-03-19,Humboldt,023,135768,16835,16901,2930,19831,138
2022-03-19,Imperial,025,180216,55262,55038,10531,65569,898
2022-03-19,Inyo,027,18085,4063,4061,469,4530,56
2022-03-19,Kern,029,883053,191492,190943,45641,236584,2184
2022-03-19,Kings,031,150075,51369,51334,3495,54829,441
2022-03-19,Lake,033,64148,10675,10641,880,11521,135
2022-03-19,Lassen,035,31185,8951,8925,873,9798,63
2022-03-19,Los Angeles,037,10098052,2703426,2686759,122799,2809558,31133
2022-03-19,Madera,039,155013,37216,37273,6001,43274,354
2022-03-19,Marin,041,260295,33292,33163,2174,35337,272
2022-03-19,Mariposa,043,17540,2389,2378,196,2574,6
2022-03-19,Mendocino,045,87422,13015,13012,2997,16009,117
2022-03-19,Merced,047,269075,62055,61985,8572,70557,800
2022-03-19,Modoc,049,8938,732,734,249,983,7
2022-03-19,Mono,051,14174,2964,2961,121,3082,5
2022-03-19,Monterey,053,433212,79108,78483,13523,92006,720
2022-03-19,Napa,055,140530,25697,25654,939,26593,138
2022-03-19,Nevada,057,99092,15907,15960,1186,17146,123
2022-03-19,Orange,059,3164182,545142,543907,40950,584857,6817
2022-03-19,Placer,061,380077,62561,62483,7305,69788,605
2022-03-19,Plumas,063,18699,2962,2724,359,3083,13
2022-03-19,Riverside,065,2383286,590234,589017,27640,616657,6359
2022-03-19,Sacramento,067,1510023,279953,274855,26317,301172,2913
2022-03-19,San Benito,069,59416,12860,12859,507,13366,97
2022-03-19,San Bernardino,071,2135413,570504,559935,24713,584648,6778
2022-03-19,San Diego,073,3302833,748807,747344,52328,799672,5133
2022-03-19,San Francisco,075,870044,123588,123587,8153,131740,833
2022-03-19,San Joaquin,077,732212,166015,165765,9837,175602,2181
2022-03-19,San Luis Obispo,079,281455,52282,52174,3723,55897,463
2022-03-19,San Mateo,081,765935,120950,119782,6884,126666,667
2022-03-19,Santa Barbara,083,443738,85510,85336,4674,90010,671
2022-03-19,Santa Clara,085,1922200,309268,309918,12229,322147,2225
2022-03-19,Santa Cruz,087,273765,47540,47203,2068,49271,256
2022-03-19,Shasta,089,179085,30486,30495,6078,36573,525
2022-03-19,Sierra,091,2930,271,273,48,321,4
2022-03-19,Siskiyou,093,43540,4437,4422,2714,7136,76
2022-03-19,Solano,095,438530,81191,81340,5542,86882,441
2022-03-19,Sonoma,097,501317,83115,82838,2580,85418,472
2022-03-19,Stanislaus,099,539301,117243,118138,17510,135648,1568
2022-03-19,Sutter,101,95872,20427,20503,2050,22553,218
2022-03-19,Tehama,103,63373,12010,12007,2574,14581,160
2022-03-19,Trinity,105,12862,1182,1173,287,1460,20
2022-03-19,Tulare,107,460477,106167,104290,27475,131765,1384
2022-03-19,Tuolumne,109,53932,12630,12617,557,13174,180
2022-03-19,Ventura,111,848112,172729,172380,9352,181732,1451
2022-03-19,Yolo,113,214977,36879,36086,3024,39110,306
2022-03-19,Yuba,115,75493,15787,15768,1177,16945,117
2022-03-18,Alameda,001,1643700,254816,253936,13480,267416,1797
2022-03-18,Alpine,003,1148,122,122,1,123,0
2022-03-18,Amador,005,37829,8507,8456,638,9094,85
2022-03-18,Butte,007,227075,33033,32856,6904,39760,385
2022-03-18,Calaveras,009,45235,7239,7229,343,7572,119
2022-03-18,Colusa,011,21464,3432,3445,1047,4492,21
2022-03-18,Contra Costa,013,1133247,189211,187225,13086,200311,1276
2022-03-18,Del Norte,015,27424,5782,5815,183,5998,48
2022-03-18,El Dorado,017,186661,26650,26618,3194,29812,199
2022-03-18,Fresno,019,978130,230757,228965,23542,252507,2694
2022-03-18,Glenn,021,27897,4974,4971,1595,6566,44
2022-03-18,Humboldt,023,135768,16832,16901,2929,19830,138
2022-03-18,Imperial,025,180216,55260,55038,10531,65569,898
2022-03-18,Inyo,027,18085,4063,4061,469,4530,56
2022-03-18,Kern,029,883053,191481,190943,45638,236581,2184
2022-03-18,Kings,031,150075,51361,51334,3495,54829,441
2022-03-18,Lake,033,64148,10673,10641,879,11520,135
2022-03-18,Lassen,035,31185,8950,8925,873,9798,63
2022-03-18,Los Angeles,037,10098052,2703077,2686759,122773,2809532,31133
2022-03-18,Madera,039,155013,37211,37273,6001,43274,354
2022-03-18,Marin,041,260295,33278,33163,2174,35337,272
2022-03-18,Mariposa,043,17540,2388,2378,196,2574,6
2022-03-18,Mendocino,045,87422,13011,13012,2997,16009,117
2022-03-18,Merced,047,269075,62044,61985,8572,70557,800
2022-03-18,Modoc,049,8938,732,734,249,983,7
2022-03-18,Mono,051,14174,2963,2961,121,3082,5
2022-03-18,Monterey,053,433212,79090,78483,13521,92004,720
2022-03-18,Napa,055,140530,25694,25654,939,26593,138
2022-03-18,Nevada,057,99092,15904,15960,1185,17145,123
2022-03-18,Orange,059,3164182,545075,543907,40941,584848,6817
2022-03-18,Placer,061,380077,62552,62483,7305,69788,605
2022-03-18,Plumas,063,18699,2962,2724,359,3083,13
2022-03-18,Riverside,065,2383286,590174,589017,27636,616653,6359
2022-03-18,Sacramento,067,1510023,279917,274855,26313,301168,2913
2022-03-18,San Benito,069,59416,12858,12859,507,13366,97
2022-03-18,San Bernardino,071,2135413,570466,559935,24711,584646,6778
2022-03-18,San Diego,073,3302833,748699,747344,52313,799657,5133
2022-03-18,San Francisco,075,870044,123509,123587,8148,131735,833
2022-03-18,San Joaquin,077,732212,166000,165765,9832,175597,2181
2022-03-18,San Luis Obispo,079,281455,52275,52174,3723,55897,463
2022-03-18,San Mateo,081,765935,120915,119782,6881,126663,667
2022-03-18,Santa Barbara,083,443738,85500,85336,4673,90009,671
2022-03-18,Santa Clara,085,1922200,309164,309918,12226,322144,2225
2022-03-18,Santa Cruz,087,273765,47528,47203,2067,49270,256
2022-03-18,Shasta,089,179085,30485,30495,6078,36573,525
2022-03-18,Sierra,091,2930,271,273,48,321,4
2022-03-18,Siskiyou,093,43540,4437,4422,2714,7136,76
2022-03-18,Solano,095,438530,81180,81340,5536,86876,441
2022-03-18,Sonoma,097,501317,83094,82838,2579,85417,472
2022-03-18,Stanislaus,099,539301,117230,118138,17510,135648,1568
2022-03-18,Sutter,101,95872,20424,20503,2050,22553,218
2022-03-18,Tehama,103,63373,12009,12007,2574,14581,160
2022-03-18,Trinity,105,12862,1182,1173,287,1460,20
2022-03-18,Tulare,107,460477,106161,104290,27470,131760,1384
2022-03-18,Tuolumne,109,53932,12629,12617,557,13174,180
2022-03-18,Ventura,111,848112,172709,172380,9347,181727,1451
2022-03-18,Yolo,113,214977,36868,36086,3024,39110,306
2022-03-18,Yuba,115,75493,15785,15768,1177,16945,117
2022-03-17,Alameda,001,1643700,254717,253936,13474,267410,1797
2022-03-17,Alpine,003,1148,122,122,1,123,0
2022-03-17,Amador,005,37829,8500,8456,638,9094,85
2022-03-17,Butte,007,227075,33020,32856,6902,39758,385
2022-03-17,Calaveras,009,45235,7236,7229,343,7572,119
2022-03-17,Colusa,011,21464,3432,3445,1047,4492,21
2022-03-17,Contra Costa,013,1133247,189147,187225,13075,200300,1276
2022-03-17,Del Norte,015,27424,5780,5815,183,5998,48
2022-03-17,El Dorado,017,186661,26644,26618,3194,29812,199
2022-03-17,Fresno,019,978130,230708,228965,23539,252504,2694
2022-03-17,Glenn,021,27897,4974,4971,1595,6566,44
2022-03-17,Humboldt,023,135768,16828,16901,2927,19828,138
2022-03-17,Imperial,025,180216,55249,55038,10531,65569,898
2022-03-17,Inyo,027,18085,4063,4061,469,4530,56
2022-03-17,Kern,029,883053,191452,190943,45635,236578,2184
2022-03-17,Kings,031,150075,51358,51334,3494,54828,441
2022-03-17,Lake,033,64148,10670,10641,879,11520,135
2022-03-17,Lassen,035,31185,8948,8925,873,9798,63
2022-03-17,Los Angeles,037,10098052,2702415,2686759,122738,2809497,31133
2022-03-17,Madera,039,155013,37207,37273,6001,43274,354
2022-03-17,Marin,041,260295,33266,33163,2173,35336,272
2022-03-17,Mariposa,043,17540,2388,2378,196,2574,6
2022-03-17,Mendocino,045,87422,13007,13012,2994,16006,117
2022-03-17,Merced,047,269075,62038,61985,8570,70555,800
2022-03-17,Modoc,049,8938,732,734,249,983,7
2022-03-17,Mono,051,14174,2963,2961,120,3081,5
2022-03-17,Monterey,053,433212,79067,78483,13515,91998,720
2022-03-17,Napa,055,140530,25689,25654,939,26593,138
2022-03-17,Nevada,057,99092,15901,15960,1185,17145,123
2022-03-17,Orange,059,3164182,544981,543907,40931,584838,6817
2022-03-17,Placer,061,380077,62536,62483,7303,69786,605
2022-03-17,Plumas,063,18699,2961,2724,359,3083,13
2022-03-17,Riverside,065,2383286,590094,589017,27629,616646,6359
2022-03-17,Sacramento,067,1510023,279851,274855,26307,301162,2913
2022-03-17,San Benito,069,59416,12857,12859,507,13366,97
2022-03-17,San Bernardino,071,2135413,570402,559935,24708,584643,6778
2022-03-17,San Diego,073,3302833,748523,747344,52299,799643,5133
2022-03-17,San Francisco,075,870044,123428,123587,8143,131730,833
2022-03-17,San Joaquin,077,732212,165980,165765,9830,175595,2181
2022-03-17,San Luis Obispo,079,281455,52261,52174,3721,55895,463
2022-03-17,San Mateo,081,765935,120867,119782,6877,126659,667
2022-03-17,Santa Barbara,083,443738,85484,85336,4673,90009,671
2022-03-17,Santa Clara,085,1922200,309044,309918,12221,322139,2225
2022-03-17,Santa Cruz,087,273765,47512,47203,2065,49268,256
2022-03-17,Shasta,089,179085,30481,30495,6076,36571,525
2022-03-17,Sierra,091,2930,271,273,48,321,4
2022-03-17,Siskiyou,093,43540,4436,4422,2714,7136,76
2022-03-17,Solano,095,438530,81151,81340,5532,86872,441
2022-03-17,Sonoma,097,501317,83066,82838,2577,85415,472
2022-03-17,Stanislaus,099,539301,117216,118138,17505,135643,1568
2022-03-17,Sutter,101,95872,20414,20503,2039,22542,218
2022-03-17,Tehama,103,63373,12009,12007,2574,14581,160
2022-03-17,Trinity,105,12862,1182,1173,287,1460,20
2022-03-17,Tulare,107,460477,106145,104290,27460,131750,1384
2022-03-17,Tuolumne,109,53932,12626,12617,556,13173,180
2022-03-17,Ventura,111,848112,172660,172380,9345,181725,1451
2022-03-17,Yolo,113,214977,36854,36086,3024,39110,306
2022-03-17,Yuba,115,75493,15783,15768,1176,16944,117
2022-03-16,Alameda,001,1643700,254618,253792,13471,267263,1794
2022-03-16,Alpine,003,1148,122,122,1,123,0
2022-03-16,Amador,005,37829,8492,8449,638,9087,85
2022-03-16,Butte,007,227075,33009,32837,6897,39734,385
2022-03-16,Calaveras,009,45235,7234,7229,343,7572,120
2022-03-16,Colusa,011,21464,3432,3445,1047,4492,22
2022-03-16,Contra Costa,013,1133247,189089,187100,13064,200164,1266
2022-03-16,Del Norte,015,27424,5779,5811,181,5992,48
2022-03-16,El Dorado,017,186661,26631,26602,3193,29795,199
2022-03-16,Fresno,019,978130,230661,228786,23528,252314,2689
2022-03-16,Glenn,021,27897,4974,4969,1595,6564,44
2022-03-16,Humboldt,023,135768,16825,16893,2927,19820,138
2022-03-16,Imperial,025,180216,55237,55002,10530,65532,897
2022-03-16,Inyo,027,18085,4062,4061,469,4530,56
2022-03-16,Kern,029,883053,191410,190835,45628,236463,2170
2022-03-16,Kings,031,150075,51343,51321,3494,54815,437
2022-03-16,Lake,033,64148,10668,10633,878,11511,133
2022-03-16,Lassen,035,31185,8945,8924,873,9797,62
2022-03-16,Los Angeles,037,10098052,2701786,2685789,122696,2808485,31102
2022-03-16,Madera,039,155013,37197,37262,6000,43262,354
2022-03-16,Marin,041,260295,33245,33136,2171,35307,272
2022-03-16,Mariposa,043,17540,2386,2376,196,2572,6
2022-03-16,Mendocino,045,87422,13004,13011,2993,16004,117
2022-03-16,Merced,047,269075,62023,61959,8566,70525,798
2022-03-16,Modoc,049,8938,731,734,249,983,7
2022-03-16,Mono,051,14174,2963,2960,120,3080,5
2022-03-16,Monterey,053,433212,79045,78416,13510,91926,720
2022-03-16,Napa,055,140530,25680,25638,939,26577,138
2022-03-16,Nevada,057,99092,15899,15960,1185,17145,123
2022-03-16,Orange,059,3164182,544858,543326,40908,584234,6791
2022-03-16,Placer,061,380077,62520,62435,7301,69736,605
2022-03-16,Plumas,063,18699,2961,2723,359,3082,13
2022-03-16,Riverside,065,2383286,589997,588761,27626,616387,6351
2022-03-16,Sacramento,067,1510023,279786,274709,26300,301009,2910
2022-03-16,San Benito,069,59416,12852,12854,507,13361,97
2022-03-16,San Bernardino,071,2135413,570322,559746,24701,584447,6775
2022-03-16,San Diego,073,3302833,748318,746970,52275,799245,5126
2022-03-16,San Francisco,075,870044,123328,123446,8136,131582,831
2022-03-16,San Joaquin,077,732212,165933,165703,9827,175530,2169
2022-03-16,San Luis Obispo,079,281455,52243,52132,3717,55849,462
2022-03-16,San Mateo,081,765935,120804,119680,6869,126549,660
2022-03-16,Santa Barbara,083,443738,85451,85322,4669,89991,670
2022-03-16,Santa Clara,085,1922200,308858,309689,12206,321895,2224
2022-03-16,Santa Cruz,087,273765,47483,47161,2065,49226,255
2022-03-16,Shasta,089,179085,30472,30489,6072,36561,527
2022-03-16,Sierra,091,2930,271,273,48,321,4
2022-03-16,Siskiyou,093,43540,4433,4419,2712,7131,76
2022-03-16,Solano,095,438530,81128,81277,5530,86807,440
2022-03-16,Sonoma,097,501317,83023,82791,2567,85358,472
2022-03-16,Stanislaus,099,539301,117190,118072,17503,135575,1567
2022-03-16,Sutter,101,95872,20412,20494,2038,22532,218
2022-03-16,Tehama,103,63373,12007,11999,2574,14573,160
2022-03-16,Trinity,105,12862,1182,1173,287,1460,20
2022-03-16,Tulare,107,460477,106132,104217,27454,131671,1377
2022-03-16,Tuolumne,109,53932,12621,12610,556,13166,180
2022-03-16,Ventura,111,848112,172619,172212,9341,181553,1451
2022-03-16,Yolo,113,214977,36831,36079,3023,39102,307
2022-03-16,Yuba,115,75493,15778,15758,1176,16934,117
2022-03-15,Alameda,001,1643700,254486,253694,13462,267156,1793
2022-03-15,Alpine,003,1148,122,122,1,123,0
2022-03-15,Amador,005,37829,8489,8448,638,9086,85
2022-03-15,Butte,007,227075,32996,32822,6896,39718,385
2022-03-15,Calaveras,009,45235,7232,7236,343,7579,118
2022-03-15,Colusa,011,21464,3432,3445,1047,4492,21
2022-03-15,Contra Costa,013,1133247,189008,187021,13057,200078,1265
2022-03-15,Del Norte,015,27424,5776,5806,178,5984,48
2022-03-15,El Dorado,017,186661,26628,26596,3193,29789,199
2022-03-15,Fresno,019,978130,230618,228631,23519,252150,2689
2022-03-15,Glenn,021,27897,4972,4966,1595,6561,44
2022-03-15,Humboldt,023,135768,16819,16889,2926,19815,138
2022-03-15,Imperial,025,180216,55227,54981,10526,65507,896
2022-03-15,Inyo,027,18085,4062,4062,468,4530,56
2022-03-15,Kern,029,883053,191381,190645,45618,236263,2168
2022-03-15,Kings,031,150075,51324,51317,3490,54807,437
2022-03-15,Lake,033,64148,10664,10631,878,11509,131
2022-03-15,Lassen,035,31185,8943,8926,873,9799,62
2022-03-15,Los Angeles,037,10098052,2701102,2685071,122640,2807711,31077
2022-03-15,Madera,039,155013,37188,37258,5999,43257,354
2022-03-15,Marin,041,260295,33222,33111,2170,35281,272
2022-03-15,Mariposa,043,17540,2384,2377,196,2573,6
2022-03-15,Mendocino,045,87422,12999,13005,2992,15997,117
2022-03-15,Merced,047,269075,62005,61916,8557,70473,798
2022-03-15,Modoc,049,8938,731,733,249,982,7
2022-03-15,Mono,051,14174,2963,2961,120,3081,5
2022-03-15,Monterey,053,433212,79015,78400,13502,91902,718
2022-03-15,Napa,055,140530,25672,25657,937,26594,138
2022-03-15,Nevada,057,99092,15897,15960,1183,17143,123
2022-03-15,Orange,059,3164182,544717,543197,40901,584098,6780
2022-03-15,Placer,061,380077,62503,62398,7297,69695,604
2022-03-15,Plumas,063,18699,2960,2722,359,3081,13
2022-03-15,Riverside,065,2383286,589897,588622,27618,616240,6333
2022-03-15,Sacramento,067,1510023,279700,274633,26294,300927,2907
2022-03-15,San Benito,069,59416,12848,12849,507,13356,95
2022-03-15,San Bernardino,071,2135413,570247,559605,24698,584303,6770
2022-03-15,San Diego,073,3302833,748075,746474,52253,798727,5116
2022-03-15,San Francisco,075,870044,123211,123526,8127,131653,831
2022-03-15,San Joaquin,077,732212,165890,165664,9821,175485,2161
2022-03-15,San Luis Obispo,079,281455,52233,52060,3713,55773,458
2022-03-15,San Mateo,081,765935,120753,119586,6863,126449,649
2022-03-15,Santa Barbara,083,443738,85426,85353,4665,90018,668
2022-03-15,Santa Clara,085,1922200,308697,309535,12194,321729,2224
2022-03-15,Santa Cruz,087,273765,47430,47117,2065,49182,255
2022-03-15,Shasta,089,179085,30463,30476,6069,36545,524
2022-03-15,Sierra,091,2930,271,273,48,321,4
2022-03-15,Siskiyou,093,43540,4433,4420,2712,7132,76
2022-03-15,Solano,095,438530,81093,81260,5529,86789,440
2022-03-15,Sonoma,097,501317,82983,82737,2567,85304,472
2022-03-15,Stanislaus,099,539301,117172,118085,17500,135585,1567
2022-03-15,Sutter,101,95872,20409,20480,2029,22509,217
2022-03-15,Tehama,103,63373,12004,11997,2574,14571,160
2022-03-15,Trinity,105,12862,1182,1173,287,1460,20
2022-03-15,Tulare,107,460477,106113,104153,27442,131595,1375
2022-03-15,Tuolumne,109,53932,12617,12602,556,13158,180
2022-03-15,Ventura,111,848112,172574,172150,9338,181488,1451
2022-03-15,Yolo,113,214977,36815,36079,3019,39098,308
2022-03-15,Yuba,115,75493,15770,15756,1176,16932,116
2022-03-14,Alameda,001,1643700,254376,253629,13458,267087,1791
2022-03-14,Alpine,003,1148,122,122,1,123,0
2022-03-14,Amador,005,37829,8484,8448,638,9086,85
2022-03-14,Butte,007,227075,32978,32812,6896,39708,385
2022-03-14,Calaveras,009,45235,7231,7245,343,7588,118
2022-03-14,Colusa,011,21464,3431,3445,1047,4492,21
2022-03-14,Contra Costa,013,1133247,188915,186969,13049,200018,1265
2022-03-14,Del Norte,015,27424,5770,5807,178,5985,48
2022-03-14,El Dorado,017,186661,26623,26570,3193,29763,199
2022-03-14,Fresno,019,978130,230544,228470,23509,251979,2682
2022-03-14,Glenn,021,27897,4970,4966,1595,6561,44
2022-03-14,Humboldt,023,135768,16812,16890,2924,19814,137
2022-03-14,Imperial,025,180216,55216,54933,10525,65458,897
2022-03-14,Inyo,027,18085,4062,4062,468,4530,56
2022-03-14,Kern,029,883053,191346,190526,45607,236133,2166
2022-03-14,Kings,031,150075,51306,51293,3489,54782,437
2022-03-14,Lake,033,64148,10661,10631,878,11509,131
2022-03-14,Lassen,035,31185,8943,8927,872,9799,62
2022-03-14,Los Angeles,037,10098052,2700470,2683369,122573,2805942,31034
2022-03-14,Madera,039,155013,37181,37255,5998,43253,354
2022-03-14,Marin,041,260295,33193,33099,2170,35269,272
2022-03-14,Mariposa,043,17540,2383,2376,196,2572,6
2022-03-14,Mendocino,045,87422,12994,12992,2985,15977,117
2022-03-14,Merced,047,269075,61986,61905,8555,70460,795
2022-03-14,Modoc,049,8938,730,731,249,980,7
2022-03-14,Mono,051,14174,2962,2961,120,3081,5
2022-03-14,Monterey,053,433212,79000,78376,13466,91842,718
2022-03-14,Napa,055,140530,25658,25649,937,26586,138
2022-03-14,Nevada,057,99092,15895,15954,1183,17137,123
2022-03-14,Orange,059,3164182,544580,543099,40893,583992,6775
2022-03-14,Placer,061,380077,62485,62389,7295,69684,601
2022-03-14,Plumas,063,18699,2960,2711,359,3070,13
2022-03-14,Riverside,065,2383286,589762,588531,27608,616139,6332
2022-03-14,Sacramento,067,1510023,279619,274682,26289,300971,2899
2022-03-14,San Benito,069,59416,12843,12846,507,13353,95
2022-03-14,San Bernardino,071,2135413,570160,559505,24693,584198,6767
2022-03-14,San Diego,073,3302833,747772,745515,52225,797740,5108
2022-03-14,San Francisco,075,870044,123120,123575,8121,131696,824
2022-03-14,San Joaquin,077,732212,165851,165662,9820,175482,2142
2022-03-14,San Luis Obispo,079,281455,52205,52046,3710,55756,458
2022-03-14,San Mateo,081,765935,120680,119564,6861,126425,649
2022-03-14,Santa Barbara,083,443738,85389,85396,4664,90060,667
2022-03-14,Santa Clara,085,1922200,308513,309600,12190,321790,2223
2022-03-14,Santa Cruz,087,273765,47392,47107,2063,49170,255
2022-03-14,Shasta,089,179085,30458,30462,6066,36528,520
2022-03-14,Sierra,091,2930,271,273,48,321,4
2022-03-14,Siskiyou,093,43540,4428,4419,2711,7130,76
2022-03-14,Solano,095,438530,81045,81233,5524,86757,440
2022-03-14,Sonoma,097,501317,82947,82731,2563,85294,473
2022-03-14,Stanislaus,099,539301,117136,118088,17496,135584,1567
2022-03-14,Sutter,101,95872,20402,20478,2029,22507,217
2022-03-14,Tehama,103,63373,12002,11996,2574,14570,160
2022-03-14,Trinity,105,12862,1182,1172,287,1459,20
2022-03-14,Tulare,107,460477,106084,104121,27435,131556,1365
2022-03-14,Tuolumne,109,53932,12616,12567,555,13122,180
2022-03-14,Ventura,111,848112,172521,172107,9336,181443,1442
2022-03-14,Yolo,113,214977,36799,36059,3017,39076,308
2022-03-14,Yuba,115,75493,15758,15748,1176,16924,116
2022-03-13,Alameda,001,1643700,254253,253547,13450,266997,1792
2022-03-13,Alpine,003,1148,122,122,1,123,0
2022-03-13,Amador,005,37829,8482,8444,638,9082,85
2022-03-13,Butte,007,227075,32958,32806,6893,39699,384
2022-03-13,Calaveras,009,45235,7226,7253,343,7596,118
2022-03-13,Colusa,011,21464,3431,3444,1045,4489,21
2022-03-13,Contra Costa,013,1133247,188818,186911,13036,199947,1265
2022-03-13,Del Norte,015,27424,5766,5808,178,5986,48
2022-03-13,El Dorado,017,186661,26618,26563,3192,29755,199
2022-03-13,Fresno,019,978130,230464,228421,23495,251916,2683
2022-03-13,Glenn,021,27897,4966,4966,1594,6560,44
2022-03-13,Humboldt,023,135768,16804,16883,2924,19807,137
2022-03-13,Imperial,025,180216,55205,54934,10523,65457,897
2022-03-13,Inyo,027,18085,4062,4062,467,4529,56
2022-03-13,Kern,029,883053,191292,190495,45595,236090,2166
2022-03-13,Kings,031,150075,51298,51273,3489,54762,437
2022-03-13,Lake,033,64148,10658,10626,878,11504,131
2022-03-13,Lassen,035,31185,8942,8929,871,9800,62
2022-03-13,Los Angeles,037,10098052,2699746,2683351,122530,2805881,31034
2022-03-13,Madera,039,155013,37173,37248,5998,43246,354
2022-03-13,Marin,041,260295,33169,33083,2168,35251,272
2022-03-13,Mariposa,043,17540,2381,2376,196,2572,6
2022-03-13,Mendocino,045,87422,12988,12987,2980,15967,117
2022-03-13,Merced,047,269075,61963,61895,8546,70441,795
2022-03-13,Modoc,049,8938,730,731,249,980,7
2022-03-13,Mono,051,14174,2962,2961,120,3081,5
2022-03-13,Monterey,053,433212,78964,78366,13418,91784,718
2022-03-13,Napa,055,140530,25644,25639,936,26575,138
2022-03-13,Nevada,057,99092,15888,15959,1183,17142,123
2022-03-13,Orange,059,3164182,544458,543036,40869,583905,6774
2022-03-13,Placer,061,380077,62458,62372,7292,69664,601
2022-03-13,Plumas,063,18699,2960,2711,359,3070,13
2022-03-13,Riverside,065,2383286,589629,588487,27602,616089,6332
2022-03-13,Sacramento,067,1510023,279521,274715,26277,300992,2899
2022-03-13,San Benito,069,59416,12837,12844,505,13349,95
2022-03-13,San Bernardino,071,2135413,570068,559450,24683,584133,6767
2022-03-13,San Diego,073,3302833,747431,745515,52191,797706,5108
2022-03-13,San Francisco,075,870044,122999,123622,8115,131737,824
2022-03-13,San Joaquin,077,732212,165802,165641,9818,175459,2142
2022-03-13,San Luis Obispo,079,281455,52176,52040,3707,55747,458
2022-03-13,San Mateo,081,765935,120602,119521,6852,126373,649
2022-03-13,Santa Barbara,083,443738,85349,85453,4662,90115,667
2022-03-13,Santa Clara,085,1922200,308342,309493,12182,321675,2225
2022-03-13,Santa Cruz,087,273765,47341,47087,2063,49150,255
2022-03-13,Shasta,089,179085,30441,30457,6064,36521,520
2022-03-13,Sierra,091,2930,271,273,48,321,4
2022-03-13,Siskiyou,093,43540,4428,4418,2711,7129,76
2022-03-13,Solano,095,438530,81010,81217,5519,86736,440
2022-03-13,Sonoma,097,501317,82912,82711,2559,85270,473
2022-03-13,Stanislaus,099,539301,117102,118075,17493,135568,1567
2022-03-13,Sutter,101,95872,20398,20474,2029,22503,217
2022-03-13,Tehama,103,63373,12001,11997,2573,14570,160
2022-03-13,Trinity,105,12862,1182,1172,287,1459,20
2022-03-13,Tulare,107,460477,106051,104119,27427,131546,1365
2022-03-13,Tuolumne,109,53932,12613,12565,555,13120,180
2022-03-13,Ventura,111,848112,172463,172080,9329,181409,1442
2022-03-13,Yolo,113,214977,36780,36019,3015,39034,308
2022-03-13,Yuba,115,75493,15753,15741,1176,16917,116
2022-03-12,Alameda,001,1643700,254185,253079,13445,266524,1783
2022-03-12,Alpine,003,1148,122,122,1,123,0
2022-03-12,Amador,005,37829,8478,8427,638,9065,84
2022-03-12,Butte,007,227075,32954,32774,6891,39665,380
2022-03-12,Calaveras,009,45235,7225,7253,343,7596,118
2022-03-12,Colusa,011,21464,3431,3440,1045,4485,21
2022-03-12,Contra Costa,013,1133247,188776,186618,13035,199653,1256
2022-03-12,Del Norte,015,27424,5765,5791,178,5969,48
2022-03-12,El Dorado,017,186661,26614,26538,3192,29730,199
2022-03-12,Fresno,019,978130,230442,228041,23495,251536,2653
2022-03-12,Glenn,021,27897,4966,4955,1594,6549,44
2022-03-12,Humboldt,023,135768,16800,16862,2923,19785,137
2022-03-12,Imperial,025,180216,55200,54837,10520,65357,896
2022-03-12,Inyo,027,18085,4062,4056,467,4523,56
2022-03-12,Kern,029,883053,191275,190330,45590,235920,2162
2022-03-12,Kings,031,150075,51292,51145,3489,54634,436
2022-03-12,Lake,033,64148,10656,10594,877,11471,131
2022-03-12,Lassen,035,31185,8941,8915,871,9786,62
2022-03-12,Los Angeles,037,10098052,2699416,2678858,122510,2801368,30901
2022-03-12,Madera,039,155013,37168,37223,5998,43221,354
2022-03-12,Marin,041,260295,33145,33015,2167,35182,272
2022-03-12,Mariposa,043,17540,2381,2372,196,2568,6
2022-03-12,Mendocino,045,87422,12984,12965,2980,15945,117
2022-03-12,Merced,047,269075,61956,61840,8545,70385,795
2022-03-12,Modoc,049,8938,730,730,249,979,7
2022-03-12,Mono,051,14174,2962,2960,119,3079,5
2022-03-12,Monterey,053,433212,78957,78285,13416,91701,716
2022-03-12,Napa,055,140530,25634,25584,935,26519,138
2022-03-12,Nevada,057,99092,15882,15947,1183,17130,123
2022-03-12,Orange,059,3164182,544392,542354,40860,583214,6718
2022-03-12,Placer,061,380077,62449,62282,7292,69574,598
2022-03-12,Plumas,063,18699,2960,2707,359,3066,13
2022-03-12,Riverside,065,2383286,589564,588022,27597,615619,6317
2022-03-12,Sacramento,067,1510023,279481,274519,26273,300792,2886
2022-03-12,San Benito,069,59416,12834,12868,505,13373,95
2022-03-12,San Bernardino,071,2135413,570024,559013,24682,583695,6734
2022-03-12,San Diego,073,3302833,747309,744386,52169,796555,5090
2022-03-12,San Francisco,075,870044,122934,123610,8109,131719,823
2022-03-12,San Joaquin,077,732212,165785,165516,9815,175331,2117
2022-03-12,San Luis Obispo,079,281455,52167,51947,3704,55651,457
2022-03-12,San Mateo,081,765935,120566,119288,6851,126139,641
2022-03-12,Santa Barbara,083,443738,85330,85421,4662,90083,664
2022-03-12,Santa Clara,085,1922200,308244,308989,12177,321166,2208
2022-03-12,Santa Cruz,087,273765,47328,46982,2062,49044,254
2022-03-12,Shasta,089,179085,30429,30419,6062,36481,517
2022-03-12,Sierra,091,2930,271,273,48,321,4
2022-03-12,Siskiyou,093,43540,4428,4405,2711,7116,75
2022-03-12,Solano,095,438530,80996,81058,5519,86577,436
2022-03-12,Sonoma,097,501317,82895,82622,2557,85179,473
2022-03-12,Stanislaus,099,539301,117088,117884,17492,135376,1564
2022-03-12,Sutter,101,95872,20397,20429,2029,22458,217
2022-03-12,Tehama,103,63373,12001,11983,2573,14556,159
2022-03-12,Trinity,105,12862,1181,1172,287,1459,20
2022-03-12,Tulare,107,460477,106046,103994,27423,131417,1358
2022-03-12,Tuolumne,109,53932,12612,12476,555,13031,180
2022-03-12,Ventura,111,848112,172438,171932,9328,181260,1442
2022-03-12,Yolo,113,214977,36773,35982,3013,38995,308
2022-03-12,Yuba,115,75493,15753,15722,1176,16898,116
2022-03-11,Alameda,001,1643700,254120,253079,13445,266524,1783
2022-03-11,Alpine,003,1148,122,122,1,123,0
2022-03-11,Amador,005,37829,8476,8427,638,9065,84
2022-03-11,Butte,007,227075,32950,32774,6890,39664,380
2022-03-11,Calaveras,009,45235,7225,7253,343,7596,118
2022-03-11,Colusa,011,21464,3431,3440,1045,4485,21
2022-03-11,Contra Costa,013,1133247,188728,186618,13033,199651,1256
2022-03-11,Del Norte,015,27424,5761,5791,178,5969,48
2022-03-11,El Dorado,017,186661,26610,26538,3192,29730,199
2022-03-11,Fresno,019,978130,230386,228041,23491,251532,2653
2022-03-11,Glenn,021,27897,4966,4955,1594,6549,44
2022-03-11,Humboldt,023,135768,16795,16862,2922,19784,137
2022-03-11,Imperial,025,180216,55194,54837,10519,65356,896
2022-03-11,Inyo,027,18085,4062,4056,467,4523,56
2022-03-11,Kern,029,883053,191254,190330,45585,235915,2162
2022-03-11,Kings,031,150075,51272,51145,3489,54634,436
2022-03-11,Lake,033,64148,10652,10594,877,11471,131
2022-03-11,Lassen,035,31185,8940,8915,871,9786,62
2022-03-11,Los Angeles,037,10098052,2699094,2678858,122485,2801343,30901
2022-03-11,Madera,039,155013,37163,37223,5998,43221,354
2022-03-11,Marin,041,260295,33129,33015,2166,35181,272
2022-03-11,Mariposa,043,17540,2380,2372,196,2568,6
2022-03-11,Mendocino,045,87422,12978,12965,2980,15945,117
2022-03-11,Merced,047,269075,61946,61840,8543,70383,795
2022-03-11,Modoc,049,8938,730,730,249,979,7
2022-03-11,Mono,051,14174,2961,2960,119,3079,5
2022-03-11,Monterey,053,433212,78944,78285,13409,91694,716
2022-03-11,Napa,055,140530,25623,25584,935,26519,138
2022-03-11,Nevada,057,99092,15879,15947,1183,17130,123
2022-03-11,Orange,059,3164182,544323,542354,40846,583200,6718
2022-03-11,Placer,061,380077,62438,62282,7291,69573,598
2022-03-11,Plumas,063,18699,2958,2707,359,3066,13
2022-03-11,Riverside,065,2383286,589486,588022,27593,615615,6317
2022-03-11,Sacramento,067,1510023,279413,274519,26270,300789,2886
2022-03-11,San Benito,069,59416,12833,12868,505,13373,95
2022-03-11,San Bernardino,071,2135413,569967,559013,24677,583690,6734
2022-03-11,San Diego,073,3302833,747143,744386,52155,796541,5090
2022-03-11,San Francisco,075,870044,122883,123610,8105,131715,823
2022-03-11,San Joaquin,077,732212,165751,165516,9812,175328,2117
2022-03-11,San Luis Obispo,079,281455,52159,51947,3703,55650,457
2022-03-11,San Mateo,081,765935,120517,119288,6848,126136,641
2022-03-11,Santa Barbara,083,443738,85310,85421,4661,90082,664
2022-03-11,Santa Clara,085,1922200,308144,308989,12174,321163,2208
2022-03-11,Santa Cruz,087,273765,47313,46982,2062,49044,254
2022-03-11,Shasta,089,179085,30424,30419,6059,36478,517
2022-03-11,Sierra,091,2930,271,273,48,321,4
2022-03-11,Siskiyou,093,43540,4426,4405,2709,7114,75
2022-03-11,Solano,095,438530,80982,81058,5518,86576,436
2022-03-11,Sonoma,097,501317,82870,82622,2555,85177,473
2022-03-11,Stanislaus,099,539301,117074,117884,17491,135375,1564
2022-03-11,Sutter,101,95872,20395,20429,2029,22458,217
2022-03-11,Tehama,103,63373,11999,11983,2573,14556,159
2022-03-11,Trinity,105,12862,1181,1172,287,1459,20
2022-03-11,Tulare,107,460477,106032,103994,27417,131411,1358
2022-03-11,Tuolumne,109,53932,12610,12476,555,13031,180
2022-03-11,Ventura,111,848112,172402,171932,9323,181255,1442
2022-03-11,Yolo,113,214977,36762,35982,3013,38995,308
2022-03-11,Yuba,115,75493,15750,15722,1176,16898,116
2022-03-10,Alameda,001,1643700,254009,253079,13439,266518,1783
2022-03-10,Alpine,003,1148,122,122,1,123,0
2022-03-10,Amador,005,37829,8475,8427,638,9065,84
2022-03-10,Butte,007,227075,32936,32774,6888,39662,380
2022-03-10,Calaveras,009,45235,7224,7253,342,7595,118
2022-03-10,Colusa,011,21464,3431,3440,1045,4485,21
2022-03-10,Contra Costa,013,1133247,188644,186618,13023,199641,1256
2022-03-10,Del Norte,015,27424,5752,5791,178,5969,48
2022-03-10,El Dorado,017,186661,26598,26538,3191,29729,199
2022-03-10,Fresno,019,978130,230312,228041,23481,251522,2653
2022-03-10,Glenn,021,27897,4964,4955,1594,6549,44
2022-03-10,Humboldt,023,135768,16786,16862,2921,19783,137
2022-03-10,Imperial,025,180216,55184,54837,10518,65355,896
2022-03-10,Inyo,027,18085,4061,4056,467,4523,56
2022-03-10,Kern,029,883053,191221,190330,45571,235901,2162
2022-03-10,Kings,031,150075,51243,51145,3488,54633,436
2022-03-10,Lake,033,64148,10642,10594,876,11470,131
2022-03-10,Lassen,035,31185,8940,8915,871,9786,62
2022-03-10,Los Angeles,037,10098052,2698539,2678858,122446,2801304,30901
2022-03-10,Madera,039,155013,37157,37223,5991,43214,354
2022-03-10,Marin,041,260295,33116,33015,2162,35177,272
2022-03-10,Mariposa,043,17540,2380,2372,196,2568,6
2022-03-10,Mendocino,045,87422,12975,12965,2980,15945,117
2022-03-10,Merced,047,269075,61930,61840,8538,70378,795
2022-03-10,Modoc,049,8938,729,730,249,979,7
2022-03-10,Mono,051,14174,2961,2960,119,3079,5
2022-03-10,Monterey,053,433212,78921,78285,13384,91669,716
2022-03-10,Napa,055,140530,25614,25584,934,26518,138
2022-03-10,Nevada,057,99092,15872,15947,1183,17130,123
2022-03-10,Orange,059,3164182,544199,542354,40829,583183,6718
2022-03-10,Placer,061,380077,62416,62282,7286,69568,598
2022-03-10,Plumas,063,18699,2957,2707,359,3066,13
2022-03-10,Riverside,065,2383286,589371,588022,27588,615610,6317
2022-03-10,Sacramento,067,1510023,279336,274519,26264,300783,2886
2022-03-10,San Benito,069,59416,12832,12868,504,13372,95
2022-03-10,San Bernardino,071,2135413,569894,559013,24673,583686,6734
2022-03-10,San Diego,073,3302833,746885,744386,52124,796510,5090
2022-03-10,San Francisco,075,870044,122815,123610,8099,131709,823
2022-03-10,San Joaquin,077,732212,165720,165516,9810,175326,2117
2022-03-10,San Luis Obispo,079,281455,52136,51947,3700,55647,457
2022-03-10,San Mateo,081,765935,120454,119288,6846,126134,641
2022-03-10,Santa Barbara,083,443738,85278,85421,4660,90081,664
2022-03-10,Santa Clara,085,1922200,308018,308989,12166,321155,2208
2022-03-10,Santa Cruz,087,273765,47281,46982,2062,49044,254
2022-03-10,Shasta,089,179085,30415,30419,6057,36476,517
2022-03-10,Sierra,091,2930,271,273,48,321,4
2022-03-10,Siskiyou,093,43540,4426,4405,2709,7114,75
2022-03-10,Solano,095,438530,80946,81058,5513,86571,436
2022-03-10,Sonoma,097,501317,82843,82622,2555,85177,473
2022-03-10,Stanislaus,099,539301,117039,117884,17489,135373,1564
2022-03-10,Sutter,101,95872,20391,20429,2029,22458,217
2022-03-10,Tehama,103,63373,11998,11983,2573,14556,159
2022-03-10,Trinity,105,12862,1181,1172,287,1459,20
2022-03-10,Tulare,107,460477,106014,103994,27411,131405,1358
2022-03-10,Tuolumne,109,53932,12607,12476,555,13031,180
2022-03-10,Ventura,111,848112,172361,171932,9320,181252,1442
2022-03-10,Yolo,113,214977,36749,35982,3012,38994,308
2022-03-10,Yuba,115,75493,15740,15722,1175,16897,116
2022-03-09,Alameda,001,1643700,253886,252893,13434,266327,1781
2022-03-09,Alpine,003,1148,122,125,1,126,0
2022-03-09,Amador,005,37829,8469,8409,638,9047,84
2022-03-09,Butte,007,227075,32927,32767,6884,39651,380
2022-03-09,Calaveras,009,45235,7222,7249,342,7591,117
2022-03-09,Colusa,011,21464,3430,3439,1045,4484,21
2022-03-09,Contra Costa,013,1133247,188550,186483,13008,199491,1256
2022-03-09,Del Norte,015,27424,5748,5765,178,5943,48
2022-03-09,El Dorado,017,186661,26593,26515,3191,29706,198
2022-03-09,Fresno,019,978130,230214,227885,23474,251359,2653
2022-03-09,Glenn,021,27897,4962,4953,1593,6546,44
2022-03-09,Humboldt,023,135768,16781,16854,2918,19772,137
2022-03-09,Imperial,025,180216,55179,54764,10516,65280,894
2022-03-09,Inyo,027,18085,4061,4056,467,4523,56
2022-03-09,Kern,029,883053,191173,190254,45559,235813,2159
2022-03-09,Kings,031,150075,51222,51122,3488,54610,435
2022-03-09,Lake,033,64148,10635,10586,876,11462,130
2022-03-09,Lassen,035,31185,8940,8901,871,9772,62
2022-03-09,Los Angeles,037,10098052,2697891,2677901,122407,2800308,30842
2022-03-09,Madera,039,155013,37150,37207,5990,43197,354
2022-03-09,Marin,041,260295,33098,32967,2162,35129,272
2022-03-09,Mariposa,043,17540,2377,2372,196,2568,6
2022-03-09,Mendocino,045,87422,12971,12957,2975,15932,117
2022-03-09,Merced,047,269075,61915,61792,8532,70324,792
2022-03-09,Modoc,049,8938,728,730,248,978,7
2022-03-09,Mono,051,14174,2961,2962,119,3081,5
2022-03-09,Monterey,053,433212,78899,78258,13341,91599,716
2022-03-09,Napa,055,140530,25593,25561,933,26494,138
2022-03-09,Nevada,057,99092,15863,15938,1182,17120,123
2022-03-09,Orange,059,3164182,544068,542278,40817,583095,6700
2022-03-09,Placer,061,380077,62395,62242,7282,69524,598
2022-03-09,Plumas,063,18699,2956,2708,359,3067,13
2022-03-09,Riverside,065,2383286,589275,587833,27578,615411,6305
2022-03-09,Sacramento,067,1510023,279251,274373,26248,300621,2877
2022-03-09,San Benito,069,59416,12829,12864,504,13368,95
2022-03-09,San Bernardino,071,2135413,569801,558795,24662,583457,6723
2022-03-09,San Diego,073,3302833,746614,743956,52097,796053,5083
2022-03-09,San Francisco,075,870044,122725,123676,8095,131771,812
2022-03-09,San Joaquin,077,732212,165680,165444,9804,175248,2113
2022-03-09,San Luis Obispo,079,281455,52117,51923,3698,55621,457
2022-03-09,San Mateo,081,765935,120396,119194,6834,126028,639
2022-03-09,Santa Barbara,083,443738,85263,85382,4658,90040,661
2022-03-09,Santa Clara,085,1922200,307881,308765,12156,320921,2206
2022-03-09,Santa Cruz,087,273765,47241,46917,2061,48978,254
2022-03-09,Shasta,089,179085,30393,30407,6056,36463,493
2022-03-09,Sierra,091,2930,271,273,48,321,4
2022-03-09,Siskiyou,093,43540,4424,4403,2708,7111,75
2022-03-09,Solano,095,438530,80910,80984,5512,86496,436
2022-03-09,Sonoma,097,501317,82810,82574,2553,85127,473
2022-03-09,Stanislaus,099,539301,117002,117827,17484,135311,1541
2022-03-09,Sutter,101,95872,20380,20409,2025,22434,217
2022-03-09,Tehama,103,63373,11994,11980,2573,14553,159
2022-03-09,Trinity,105,12862,1181,1174,287,1461,20
2022-03-09,Tulare,107,460477,105986,103932,27398,131330,1350
2022-03-09,Tuolumne,109,53932,12605,12444,555,12999,180
2022-03-09,Ventura,111,848112,172311,171852,9317,181169,1448
2022-03-09,Yolo,113,214977,36730,35973,3000,38973,308
2022-03-09,Yuba,115,75493,15735,15714,1174,16888,115
2022-03-08,Alameda,001,1643700,253732,252744,13422,266166,1769
2022-03-08,Alpine,003,1148,122,125,1,126,0
2022-03-08,Amador,005,37829,8455,8407,638,9045,84
2022-03-08,Butte,007,227075,32914,32759,6880,39639,380
2022-03-08,Calaveras,009,45235,7218,7245,342,7587,117
2022-03-08,Colusa,011,21464,3427,3439,1044,4483,21
2022-03-08,Contra Costa,013,1133247,188463,186396,12995,199391,1256
2022-03-08,Del Norte,015,27424,5743,5763,178,5941,48
2022-03-08,El Dorado,017,186661,26583,26503,3185,29688,197
2022-03-08,Fresno,019,978130,230116,227808,23465,251273,2653
2022-03-08,Glenn,021,27897,4961,4944,1592,6536,43
2022-03-08,Humboldt,023,135768,16769,16837,2905,19742,137
2022-03-08,Imperial,025,180216,55164,54721,10514,65235,890
2022-03-08,Inyo,027,18085,4058,4056,467,4523,56
2022-03-08,Kern,029,883053,191109,190208,45545,235753,2154
2022-03-08,Kings,031,150075,51180,51089,3486,54575,434
2022-03-08,Lake,033,64148,10625,10571,876,11447,130
2022-03-08,Lassen,035,31185,8939,8897,871,9768,62
2022-03-08,Los Angeles,037,10098052,2697199,2677166,122369,2799535,30803
2022-03-08,Madera,039,155013,37140,37185,5989,43174,354
2022-03-08,Marin,041,260295,33061,32943,2161,35104,272
2022-03-08,Mariposa,043,17540,2375,2371,196,2567,6
2022-03-08,Mendocino,045,87422,12967,12950,2974,15924,117
2022-03-08,Merced,047,269075,61895,61767,8522,70289,791
2022-03-08,Modoc,049,8938,727,729,248,977,7
2022-03-08,Mono,051,14174,2960,2961,119,3080,5
2022-03-08,Monterey,053,433212,78879,78247,13304,91551,711
2022-03-08,Napa,055,140530,25567,25528,932,26460,137
2022-03-08,Nevada,057,99092,15852,15939,1181,17120,122
2022-03-08,Orange,059,3164182,543918,542164,40797,582961,6692
2022-03-08,Placer,061,380077,62368,62221,7281,69502,594
2022-03-08,Plumas,063,18699,2956,2703,359,3062,13
2022-03-08,Riverside,065,2383286,589166,587686,27571,615257,6294
2022-03-08,Sacramento,067,1510023,279157,274276,26229,300505,2872
2022-03-08,San Benito,069,59416,12827,12855,504,13359,94
2022-03-08,San Bernardino,071,2135413,569707,558512,24653,583165,6715
2022-03-08,San Diego,073,3302833,746270,743604,52080,795684,5077
2022-03-08,San Francisco,075,870044,122636,123675,8090,131765,807
2022-03-08,San Joaquin,077,732212,165645,165381,9800,175181,2104
2022-03-08,San Luis Obispo,079,281455,52089,51900,3695,55595,451
2022-03-08,San Mateo,081,765935,120315,119103,6824,125927,638
2022-03-08,Santa Barbara,083,443738,85231,85363,4658,90021,659
2022-03-08,Santa Clara,085,1922200,307672,308528,12148,320676,2206
2022-03-08,Santa Cruz,087,273765,47205,46875,2060,48935,254
2022-03-08,Shasta,089,179085,30374,30372,6053,36425,493
2022-03-08,Sierra,091,2930,271,273,48,321,4
2022-03-08,Siskiyou,093,43540,4420,4404,2708,7112,74
2022-03-08,Solano,095,438530,80882,80924,5509,86433,434
2022-03-08,Sonoma,097,501317,82762,82571,2552,85123,473
2022-03-08,Stanislaus,099,539301,116958,117782,17475,135257,1541
2022-03-08,Sutter,101,95872,20372,20403,2025,22428,217
2022-03-08,Tehama,103,63373,11990,11972,2572,14544,158
2022-03-08,Trinity,105,12862,1181,1174,287,1461,20
2022-03-08,Tulare,107,460477,105947,103893,27387,131280,1334
2022-03-08,Tuolumne,109,53932,12600,12427,553,12980,180
2022-03-08,Ventura,111,848112,172247,171806,9310,181116,1447
2022-03-08,Yolo,113,214977,36704,35946,2999,38945,306
2022-03-08,Yuba,115,75493,15730,15705,1173,16878,115
2022-03-07,Alameda,001,1643700,253529,252578,13407,265985,1766
2022-03-07,Alpine,003,1148,122,125,1,126,0
2022-03-07,Amador,005,37829,8452,8368,638,9006,84
2022-03-07,Butte,007,227075,32899,32734,6876,39610,378
2022-03-07,Calaveras,009,45235,7214,7242,342,7584,116
2022-03-07,Colusa,011,21464,3425,3437,1044,4481,21
2022-03-07,Contra Costa,013,1133247,188364,186087,12974,199061,1256
2022-03-07,Del Norte,015,27424,5739,5758,178,5936,48
2022-03-07,El Dorado,017,186661,26577,26487,3184,29671,196
2022-03-07,Fresno,019,978130,230026,227670,23442,251112,2653
2022-03-07,Glenn,021,27897,4955,4939,1592,6531,43
2022-03-07,Humboldt,023,135768,16756,16829,2900,19729,137
2022-03-07,Imperial,025,180216,55142,54712,10509,65221,890
2022-03-07,Inyo,027,18085,4056,4054,467,4521,56
2022-03-07,Kern,029,883053,191052,190163,45522,235685,2152
2022-03-07,Kings,031,150075,51150,51065,3481,54546,433
2022-03-07,Lake,033,64148,10613,10562,875,11437,130
2022-03-07,Lassen,035,31185,8938,8896,871,9767,62
2022-03-07,Los Angeles,037,10098052,2696389,2675497,122330,2797827,30759
2022-03-07,Madera,039,155013,37130,37164,5987,43151,354
2022-03-07,Marin,041,260295,33023,32919,2158,35077,272
2022-03-07,Mariposa,043,17540,2374,2369,196,2565,6
2022-03-07,Mendocino,045,87422,12960,12940,2973,15913,117
2022-03-07,Merced,047,269075,61855,61751,8515,70266,791
2022-03-07,Modoc,049,8938,727,729,248,977,7
2022-03-07,Mono,051,14174,2960,2960,119,3079,5
2022-03-07,Monterey,053,433212,78845,78161,13256,91417,706
2022-03-07,Napa,055,140530,25537,25500,932,26432,136
2022-03-07,Nevada,057,99092,15845,15935,1175,17110,122
2022-03-07,Orange,059,3164182,543743,542028,40771,582799,6687
2022-03-07,Placer,061,380077,62339,62215,7280,69495,591
2022-03-07,Plumas,063,18699,2956,2702,359,3061,13
2022-03-07,Riverside,065,2383286,589036,587537,27563,615100,6279
2022-03-07,Sacramento,067,1510023,279056,274079,26216,300295,2866
2022-03-07,San Benito,069,59416,12821,12843,504,13347,94
2022-03-07,San Bernardino,071,2135413,569602,558265,24643,582908,6703
2022-03-07,San Diego,073,3302833,745928,742287,52037,794324,5068
2022-03-07,San Francisco,075,870044,122524,123655,8084,131739,807
2022-03-07,San Joaquin,077,732212,165594,165343,9793,175136,2091
2022-03-07,San Luis Obispo,079,281455,52045,51874,3692,55566,448
2022-03-07,San Mateo,081,765935,120239,119035,6817,125852,630
2022-03-07,Santa Barbara,083,443738,85193,85345,4657,90002,659
2022-03-07,Santa Clara,085,1922200,307485,308517,12142,320659,2202
2022-03-07,Santa Cruz,087,273765,47155,46823,2059,48882,254
2022-03-07,Shasta,089,179085,30361,30352,6050,36402,493
2022-03-07,Sierra,091,2930,271,273,48,321,4
2022-03-07,Siskiyou,093,43540,4416,4398,2707,7105,74
2022-03-07,Solano,095,438530,80825,80886,5507,86393,435
2022-03-07,Sonoma,097,501317,82719,82530,2551,85081,473
2022-03-07,Stanislaus,099,539301,116919,117713,17468,135181,1537
2022-03-07,Sutter,101,95872,20361,20400,2024,22424,217
2022-03-07,Tehama,103,63373,11984,11966,2571,14537,158
2022-03-07,Trinity,105,12862,1179,1173,287,1460,20
2022-03-07,Tulare,107,460477,105910,103834,27377,131211,1316
2022-03-07,Tuolumne,109,53932,12594,12408,552,12960,179
2022-03-07,Ventura,111,848112,172196,171886,9308,181194,1436
2022-03-07,Yolo,113,214977,36681,35934,2993,38927,306
2022-03-07,Yuba,115,75493,15723,15701,1172,16873,115
2022-03-06,Alameda,001,1643700,253342,252460,13398,265858,1766
2022-03-06,Alpine,003,1148,122,125,1,126,0
2022-03-06,Amador,005,37829,8449,8367,636,9003,84
2022-03-06,Butte,007,227075,32888,32714,6871,39585,376
2022-03-06,Calaveras,009,45235,7212,7236,341,7577,116
2022-03-06,Colusa,011,21464,3425,3435,1043,4478,21
2022-03-06,Contra Costa,013,1133247,188250,185974,12949,198923,1256
2022-03-06,Del Norte,015,27424,5723,5744,177,5921,48
2022-03-06,El Dorado,017,186661,26568,26478,3182,29660,196
2022-03-06,Fresno,019,978130,229883,227514,23432,250946,2653
2022-03-06,Glenn,021,27897,4951,4939,1592,6531,43
2022-03-06,Humboldt,023,135768,16746,16813,2897,19710,137
2022-03-06,Imperial,025,180216,55124,54719,10499,65218,890
2022-03-06,Inyo,027,18085,4054,4053,467,4520,56
2022-03-06,Kern,029,883053,190997,190088,45502,235590,2152
2022-03-06,Kings,031,150075,51081,51050,3479,54529,432
2022-03-06,Lake,033,64148,10599,10539,874,11413,130
2022-03-06,Lassen,035,31185,8925,8887,870,9757,62
2022-03-06,Los Angeles,037,10098052,2695457,2675456,122273,2797729,30759
2022-03-06,Madera,039,155013,37100,37135,5980,43115,354
2022-03-06,Marin,041,260295,32997,32879,2157,35036,272
2022-03-06,Mariposa,043,17540,2373,2365,195,2560,6
2022-03-06,Mendocino,045,87422,12948,12923,2969,15892,116
2022-03-06,Merced,047,269075,61823,61722,8498,70220,791
2022-03-06,Modoc,049,8938,727,729,248,977,7
2022-03-06,Mono,051,14174,2960,2959,119,3078,5
2022-03-06,Monterey,053,433212,78799,78154,13225,91379,706
2022-03-06,Napa,055,140530,25502,25457,930,26387,136
2022-03-06,Nevada,057,99092,15834,15924,1174,17098,122
2022-03-06,Orange,059,3164182,543583,541903,40725,582628,6688
2022-03-06,Placer,061,380077,62306,62185,7276,69461,591
2022-03-06,Plumas,063,18699,2951,2704,359,3063,13
2022-03-06,Riverside,065,2383286,588874,587388,27543,614931,6279
2022-03-06,Sacramento,067,1510023,278921,273935,26193,300128,2869
2022-03-06,San Benito,069,59416,12810,12835,503,13338,94
2022-03-06,San Bernardino,071,2135413,569479,558139,24631,582770,6701
2022-03-06,San Diego,073,3302833,745533,742287,51988,794275,5068
2022-03-06,San Francisco,075,870044,122391,123742,8081,131823,806
2022-03-06,San Joaquin,077,732212,165512,165252,9787,175039,2091
2022-03-06,San Luis Obispo,079,281455,52007,51828,3690,55518,448
2022-03-06,San Mateo,081,765935,120156,118916,6808,125724,630
2022-03-06,Santa Barbara,083,443738,85153,85317,4652,89969,659
2022-03-06,Santa Clara,085,1922200,307226,308250,12140,320390,2201
2022-03-06,Santa Cruz,087,273765,47104,46755,2058,48813,254
2022-03-06,Shasta,089,179085,30338,30332,6034,36366,493
2022-03-06,Sierra,091,2930,271,273,48,321,4
2022-03-06,Siskiyou,093,43540,4412,4398,2705,7103,74
2022-03-06,Solano,095,438530,80769,80833,5501,86334,435
2022-03-06,Sonoma,097,501317,82684,82458,2547,85005,473
2022-03-06,Stanislaus,099,539301,116873,117680,17458,135138,1536
2022-03-06,Sutter,101,95872,20350,20390,2020,22410,217
2022-03-06,Tehama,103,63373,11976,11963,2571,14534,158
2022-03-06,Trinity,105,12862,1179,1172,286,1458,20
2022-03-06,Tulare,107,460477,105852,103794,27365,131159,1316
2022-03-06,Tuolumne,109,53932,12588,12379,550,12929,179
2022-03-06,Ventura,111,848112,172127,171819,9306,181125,1436
2022-03-06,Yolo,113,214977,36655,35882,2990,38872,306
2022-03-06,Yuba,115,75493,15719,15694,1171,16865,115
2022-03-05,Alameda,001,1643700,253226,251988,13393,265381,1760
2022-03-05,Alpine,003,1148,122,125,1,126,0
2022-03-05,Amador,005,37829,8446,8344,636,8980,83
2022-03-05,Butte,007,227075,32880,32663,6867,39530,372
2022-03-05,Calaveras,009,45235,7209,7236,341,7577,116
2022-03-05,Colusa,011,21464,3425,3433,1043,4476,21
2022-03-05,Contra Costa,013,1133247,188187,185734,12944,198678,1235
2022-03-05,Del Norte,015,27424,5720,5725,177,5902,48
2022-03-05,El Dorado,017,186661,26562,26446,3179,29625,193
2022-03-05,Fresno,019,978130,229831,227154,23431,250585,2640
2022-03-05,Glenn,021,27897,4949,4927,1592,6519,43
2022-03-05,Humboldt,023,135768,16740,16781,2895,19676,136
2022-03-05,Imperial,025,180216,55114,54650,10497,65147,880
2022-03-05,Inyo,027,18085,4053,4043,466,4509,56
2022-03-05,Kern,029,883053,190965,189817,45484,235301,2141
2022-03-05,Kings,031,150075,51074,50926,3478,54404,431
2022-03-05,Lake,033,64148,10591,10512,873,11385,130
2022-03-05,Lassen,035,31185,8917,8818,870,9688,62
2022-03-05,Los Angeles,037,10098052,2695098,2671564,122236,2793800,30608
2022-03-05,Madera,039,155013,37085,37100,5980,43080,354
2022-03-05,Marin,041,260295,32985,32829,2157,34986,272
2022-03-05,Mariposa,043,17540,2373,2363,195,2558,6
2022-03-05,Mendocino,045,87422,12945,12845,2969,15814,113
2022-03-05,Merced,047,269075,61813,61653,8498,70151,789
2022-03-05,Modoc,049,8938,727,729,248,977,7
2022-03-05,Mono,051,14174,2960,2961,119,3080,5
2022-03-05,Monterey,053,433212,78780,78028,13218,91246,704
2022-03-05,Napa,055,140530,25484,25405,930,26335,134
2022-03-05,Nevada,057,99092,15830,15907,1174,17081,122
2022-03-05,Orange,059,3164182,543458,541463,40714,582177,6638
2022-03-05,Placer,061,380077,62292,62117,7269,69386,591
2022-03-05,Plumas,063,18699,2950,2701,359,3060,13
2022-03-05,Riverside,065,2383286,588783,586785,27539,614324,6239
2022-03-05,Sacramento,067,1510023,278857,273487,26188,299675,2847
2022-03-05,San Benito,069,59416,12808,12820,503,13323,94
2022-03-05,San Bernardino,071,2135413,569421,557421,24625,582046,6641
2022-03-05,San Diego,073,3302833,745343,740747,51977,792724,5045
2022-03-05,San Francisco,075,870044,122322,123537,8078,131615,798
2022-03-05,San Joaquin,077,732212,165471,165085,9779,174864,2069
2022-03-05,San Luis Obispo,079,281455,51999,51739,3689,55428,446
2022-03-05,San Mateo,081,765935,120101,118646,6804,125450,621
2022-03-05,Santa Barbara,083,443738,85138,85249,4652,89901,655
2022-03-05,Santa Clara,085,1922200,307109,307689,12137,319826,2195
2022-03-05,Santa Cruz,087,273765,47084,46622,2058,48680,253
2022-03-05,Shasta,089,179085,30326,30282,6034,36316,492
2022-03-05,Sierra,091,2930,271,273,47,320,4
2022-03-05,Siskiyou,093,43540,4411,4389,2704,7093,74
2022-03-05,Solano,095,438530,80752,80690,5501,86191,435
2022-03-05,Sonoma,097,501317,82662,82313,2547,84860,473
2022-03-05,Stanislaus,099,539301,116847,117501,17456,134957,1531
2022-03-05,Sutter,101,95872,20342,20346,2020,22366,217
2022-03-05,Tehama,103,63373,11974,11939,2571,14510,158
2022-03-05,Trinity,105,12862,1179,1170,284,1454,20
2022-03-05,Tulare,107,460477,105839,103534,27356,130890,1305
2022-03-05,Tuolumne,109,53932,12584,12325,549,12874,178
2022-03-05,Ventura,111,848112,172086,171666,9304,180970,1436
2022-03-05,Yolo,113,214977,36641,35856,2990,38846,306
2022-03-05,Yuba,115,75493,15711,15666,1171,16837,115
2022-03-04,Alameda,001,1643700,253130,251988,13385,265373,1760
2022-03-04,Alpine,003,1148,122,125,1,126,0
2022-03-04,Amador,005,37829,8445,8344,636,8980,83
2022-03-04,Butte,007,227075,32874,32663,6862,39525,372
2022-03-04,Calaveras,009,45235,7208,7236,341,7577,116
2022-03-04,Colusa,011,21464,3423,3433,1043,4476,21
2022-03-04,Contra Costa,013,1133247,188119,185734,12941,198675,1235
2022-03-04,Del Norte,015,27424,5710,5725,177,5902,48
2022-03-04,El Dorado,017,186661,26558,26446,3179,29625,193
2022-03-04,Fresno,019,978130,229768,227154,23424,250578,2640
2022-03-04,Glenn,021,27897,4948,4927,1592,6519,43
2022-03-04,Humboldt,023,135768,16736,16781,2895,19676,136
2022-03-04,Imperial,025,180216,55107,54650,10493,65143,880
2022-03-04,Inyo,027,18085,4053,4043,466,4509,56
2022-03-04,Kern,029,883053,190924,189817,45474,235291,2141
2022-03-04,Kings,031,150075,51061,50926,3478,54404,431
2022-03-04,Lake,033,64148,10590,10512,873,11385,130
2022-03-04,Lassen,035,31185,8915,8818,870,9688,62
2022-03-04,Los Angeles,037,10098052,2694570,2671564,122207,2793771,30608
2022-03-04,Madera,039,155013,37076,37100,5980,43080,354
2022-03-04,Marin,041,260295,32963,32829,2155,34984,272
2022-03-04,Mariposa,043,17540,2368,2363,195,2558,6
2022-03-04,Mendocino,045,87422,12939,12845,2969,15814,113
2022-03-04,Merced,047,269075,61801,61653,8496,70149,789
2022-03-04,Modoc,049,8938,727,729,248,977,7
2022-03-04,Mono,051,14174,2960,2961,119,3080,5
2022-03-04,Monterey,053,433212,78760,78028,13212,91240,704
2022-03-04,Napa,055,140530,25469,25405,929,26334,134
2022-03-04,Nevada,057,99092,15825,15907,1174,17081,122
2022-03-04,Orange,059,3164182,543339,541463,40696,582159,6638
2022-03-04,Placer,061,380077,62280,62117,7266,69383,591
2022-03-04,Plumas,063,18699,2950,2701,358,3059,13
2022-03-04,Riverside,065,2383286,588696,586785,27538,614323,6239
2022-03-04,Sacramento,067,1510023,278784,273487,26185,299672,2847
2022-03-04,San Benito,069,59416,12804,12820,503,13323,94
2022-03-04,San Bernardino,071,2135413,569339,557421,24624,582045,6641
2022-03-04,San Diego,073,3302833,745105,740747,51960,792707,5045
2022-03-04,San Francisco,075,870044,122257,123537,8071,131608,798
2022-03-04,San Joaquin,077,732212,165439,165085,9778,174863,2069
2022-03-04,San Luis Obispo,079,281455,51991,51739,3688,55427,446
2022-03-04,San Mateo,081,765935,120043,118646,6802,125448,621
2022-03-04,Santa Barbara,083,443738,85115,85249,4652,89901,655
2022-03-04,Santa Clara,085,1922200,306959,307689,12134,319823,2195
2022-03-04,Santa Cruz,087,273765,47062,46622,2058,48680,253
2022-03-04,Shasta,089,179085,30318,30282,6031,36313,492
2022-03-04,Sierra,091,2930,271,273,47,320,4
2022-03-04,Siskiyou,093,43540,4409,4389,2700,7089,74
2022-03-04,Solano,095,438530,80719,80690,5498,86188,435
2022-03-04,Sonoma,097,501317,82631,82313,2546,84859,473
2022-03-04,Stanislaus,099,539301,116828,117501,17454,134955,1531
2022-03-04,Sutter,101,95872,20338,20346,2020,22366,217
2022-03-04,Tehama,103,63373,11971,11939,2571,14510,158
2022-03-04,Trinity,105,12862,1179,1170,284,1454,20
2022-03-04,Tulare,107,460477,105820,103534,27351,130885,1305
2022-03-04,Tuolumne,109,53932,12579,12325,549,12874,178
2022-03-04,Ventura,111,848112,172039,171666,9301,180967,1436
2022-03-04,Yolo,113,214977,36624,35856,2990,38846,306
2022-03-04,Yuba,115,75493,15706,15666,1170,16836,115
2022-03-03,Alameda,001,1643700,253011,251988,13373,265361,1760
2022-03-03,Alpine,003,1148,122,125,1,126,0
2022-03-03,Amador,005,37829,8444,8344,636,8980,83
2022-03-03,Butte,007,227075,32857,32663,6855,39518,372
2022-03-03,Calaveras,009,45235,7195,7236,341,7577,116
2022-03-03,Colusa,011,21464,3423,3433,1043,4476,21
2022-03-03,Contra Costa,013,1133247,188044,185734,12926,198660,1235
2022-03-03,Del Norte,015,27424,5703,5725,177,5902,48
2022-03-03,El Dorado,017,186661,26540,26446,3178,29624,193
2022-03-03,Fresno,019,978130,229641,227154,23416,250570,2640
2022-03-03,Glenn,021,27897,4946,4927,1591,6518,43
2022-03-03,Humboldt,023,135768,16721,16781,2894,19675,136
2022-03-03,Imperial,025,180216,55090,54650,10491,65141,880
2022-03-03,Inyo,027,18085,4052,4043,466,4509,56
2022-03-03,Kern,029,883053,190856,189817,45456,235273,2141
2022-03-03,Kings,031,150075,51038,50926,3476,54402,431
2022-03-03,Lake,033,64148,10585,10512,871,11383,130
2022-03-03,Lassen,035,31185,8907,8818,870,9688,62
2022-03-03,Los Angeles,037,10098052,2693843,2671564,122166,2793730,30608
2022-03-03,Madera,039,155013,37060,37100,5975,43075,354
2022-03-03,Marin,041,260295,32937,32829,2154,34983,272
2022-03-03,Mariposa,043,17540,2367,2363,195,2558,6
2022-03-03,Mendocino,045,87422,12928,12845,2967,15812,113
2022-03-03,Merced,047,269075,61782,61653,8490,70143,789
2022-03-03,Modoc,049,8938,727,729,248,977,7
2022-03-03,Mono,051,14174,2959,2961,119,3080,5
2022-03-03,Monterey,053,433212,78730,78028,13195,91223,704
2022-03-03,Napa,055,140530,25445,25405,928,26333,134
2022-03-03,Nevada,057,99092,15820,15907,1169,17076,122
2022-03-03,Orange,059,3164182,543162,541463,40670,582133,6638
2022-03-03,Placer,061,380077,62258,62117,7263,69380,591
2022-03-03,Plumas,063,18699,2949,2701,358,3059,13
2022-03-03,Riverside,065,2383286,588563,586785,27533,614318,6239
2022-03-03,Sacramento,067,1510023,278675,273487,26168,299655,2847
2022-03-03,San Benito,069,59416,12801,12820,503,13323,94
2022-03-03,San Bernardino,071,2135413,569236,557421,24618,582039,6641
2022-03-03,San Diego,073,3302833,744762,740747,51942,792689,5045
2022-03-03,San Francisco,075,870044,122183,123537,8060,131597,798
2022-03-03,San Joaquin,077,732212,165365,165085,9775,174860,2069
2022-03-03,San Luis Obispo,079,281455,51936,51739,3680,55419,446
2022-03-03,San Mateo,081,765935,119968,118646,6792,125438,621
2022-03-03,Santa Barbara,083,443738,85096,85249,4643,89892,655
2022-03-03,Santa Clara,085,1922200,306777,307689,12119,319808,2195
2022-03-03,Santa Cruz,087,273765,47014,46622,2056,48678,253
2022-03-03,Shasta,089,179085,30300,30282,6029,36311,492
2022-03-03,Sierra,091,2930,271,273,47,320,4
2022-03-03,Siskiyou,093,43540,4406,4389,2700,7089,74
2022-03-03,Solano,095,438530,80670,80690,5496,86186,435
2022-03-03,Sonoma,097,501317,82583,82313,2541,84854,473
2022-03-03,Stanislaus,099,539301,116795,117501,17446,134947,1531
2022-03-03,Sutter,101,95872,20330,20346,2020,22366,217
2022-03-03,Tehama,103,63373,11968,11939,2571,14510,158
2022-03-03,Trinity,105,12862,1178,1170,284,1454,20
2022-03-03,Tulare,107,460477,105777,103534,27343,130877,1305
2022-03-03,Tuolumne,109,53932,12568,12325,549,12874,178
2022-03-03,Ventura,111,848112,171986,171666,9299,180965,1436
2022-03-03,Yolo,113,214977,36600,35856,2985,38841,306
2022-03-03,Yuba,115,75493,15700,15666,1165,16831,115
2022-03-02,Alameda,001,1643700,252833,251886,13356,265242,1759
2022-03-02,Alpine,003,1148,122,125,1,126,0
2022-03-02,Amador,005,37829,8432,8341,636,8977,83
2022-03-02,Butte,007,227075,32845,32636,6851,39487,372
2022-03-02,Calaveras,009,45235,7194,7225,341,7566,116
2022-03-02,Colusa,011,21464,3420,3428,1043,4471,21
2022-03-02,Contra Costa,013,1133247,187951,185589,12908,198497,1236
2022-03-02,Del Norte,015,27424,5696,5708,175,5883,47
2022-03-02,El Dorado,017,186661,26529,26433,3175,29608,192
2022-03-02,Fresno,019,978130,229509,226932,23406,250338,2629
2022-03-02,Glenn,021,27897,4946,4922,1590,6512,43
2022-03-02,Humboldt,023,135768,16711,16747,2887,19634,135
2022-03-02,Imperial,025,180216,55064,54629,10486,65115,878
2022-03-02,Inyo,027,18085,4050,4041,465,4506,56
2022-03-02,Kern,029,883053,190790,189656,45437,235093,2136
2022-03-02,Kings,031,150075,51012,50819,3473,54292,431
2022-03-02,Lake,033,64148,10572,10495,869,11364,130
2022-03-02,Lassen,035,31185,8904,8811,869,9680,62
2022-03-02,Los Angeles,037,10098052,2692962,2670287,122120,2792407,30535
2022-03-02,Madera,039,155013,37043,37077,5973,43050,354
2022-03-02,Marin,041,260295,32919,32794,2153,34947,272
2022-03-02,Mariposa,043,17540,2367,2359,195,2554,6
2022-03-02,Mendocino,045,87422,12915,12832,2962,15794,112
2022-03-02,Merced,047,269075,61756,61606,8480,70086,785
2022-03-02,Modoc,049,8938,727,729,248,977,7
2022-03-02,Mono,051,14174,2959,2961,119,3080,5
2022-03-02,Monterey,053,433212,78694,77963,13172,91135,703
2022-03-02,Napa,055,140530,25396,25382,927,26309,134
2022-03-02,Nevada,057,99092,15809,15920,1168,17088,122
2022-03-02,Orange,059,3164182,542957,541230,40644,581874,6623
2022-03-02,Placer,061,380077,62236,62066,7260,69326,589
2022-03-02,Plumas,063,18699,2949,2700,358,3058,13
2022-03-02,Riverside,065,2383286,588413,586513,27523,614036,6229
2022-03-02,Sacramento,067,1510023,278557,273291,26157,299448,2837
2022-03-02,San Benito,069,59416,12790,12814,503,13317,94
2022-03-02,San Bernardino,071,2135413,569126,557082,24612,581694,6619
2022-03-02,San Diego,073,3302833,744401,739803,51894,791697,5034
2022-03-02,San Francisco,075,870044,122088,123442,8058,131500,792
2022-03-02,San Joaquin,077,732212,165306,164968,9770,174738,2063
2022-03-02,San Luis Obispo,079,281455,51898,51686,3675,55361,446
2022-03-02,San Mateo,081,765935,119881,118518,6776,125294,617
2022-03-02,Santa Barbara,083,443738,85071,85183,4642,89825,655
2022-03-02,Santa Clara,085,1922200,306563,307354,12105,319459,2184
2022-03-02,Santa Cruz,087,273765,46944,46534,2055,48589,253
2022-03-02,Shasta,089,179085,30275,30253,6019,36272,490
2022-03-02,Sierra,091,2930,271,273,47,320,4
2022-03-02,Siskiyou,093,43540,4404,4384,2697,7081,74
2022-03-02,Solano,095,438530,80604,80626,5493,86119,433
2022-03-02,Sonoma,097,501317,82537,82208,2537,84745,473
2022-03-02,Stanislaus,099,539301,116759,117411,17421,134832,1519
2022-03-02,Sutter,101,95872,20308,20317,2003,22320,216
2022-03-02,Tehama,103,63373,11963,11930,2570,14500,158
2022-03-02,Trinity,105,12862,1176,1160,284,1444,20
2022-03-02,Tulare,107,460477,105736,103451,27328,130779,1302
2022-03-02,Tuolumne,109,53932,12563,12297,549,12846,179
2022-03-02,Ventura,111,848112,171933,171770,9295,181065,1427
2022-03-02,Yolo,113,214977,36582,35799,2980,38779,305
2022-03-02,Yuba,115,75493,15687,15653,1160,16813,115
2022-03-01,Alameda,001,1643700,252668,251830,13345,265175,1749
2022-03-01,Alpine,003,1148,122,125,1,126,0
2022-03-01,Amador,005,37829,8384,8334,634,8968,83
2022-03-01,Butte,007,227075,32821,32575,6846,39421,372
2022-03-01,Calaveras,009,45235,7191,7223,340,7563,116
2022-03-01,Colusa,011,21464,3419,3423,1043,4466,21
2022-03-01,Contra Costa,013,1133247,187840,185378,12893,198271,1231
2022-03-01,Del Norte,015,27424,5693,5701,174,5875,45
2022-03-01,El Dorado,017,186661,26510,26413,3173,29586,192
2022-03-01,Fresno,019,978130,229369,226594,23391,249985,2628
2022-03-01,Glenn,021,27897,4945,4919,1588,6507,40
2022-03-01,Humboldt,023,135768,16690,16727,2880,19607,135
2022-03-01,Imperial,025,180216,55047,54570,10480,65050,875
2022-03-01,Inyo,027,18085,4046,4041,464,4505,56
2022-03-01,Kern,029,883053,190716,189365,45413,234778,2120
2022-03-01,Kings,031,150075,50990,50763,3469,54232,427
2022-03-01,Lake,033,64148,10561,10471,867,11338,128
2022-03-01,Lassen,035,31185,8900,8801,869,9670,61
2022-03-01,Los Angeles,037,10098052,2692010,2669489,122062,2791551,30486
2022-03-01,Madera,039,155013,37023,37046,5967,43013,354
2022-03-01,Marin,041,260295,32893,32764,2152,34916,272
2022-03-01,Mariposa,043,17540,2366,2357,194,2551,6
2022-03-01,Mendocino,045,87422,12904,12818,2960,15778,112
2022-03-01,Merced,047,269075,61727,61549,8467,70016,781
2022-03-01,Modoc,049,8938,727,729,248,977,7
2022-03-01,Mono,051,14174,2958,2960,119,3079,6
2022-03-01,Monterey,053,433212,78668,77911,13162,91073,696
2022-03-01,Napa,055,140530,25365,25344,927,26271,134
2022-03-01,Nevada,057,99092,15801,15916,1165,17081,121
2022-03-01,Orange,059,3164182,542737,541054,40609,581663,6612
2022-03-01,Placer,061,380077,62208,62021,7255,69276,583
2022-03-01,Plumas,063,18699,2949,2694,358,3052,13
2022-03-01,Riverside,065,2383286,588247,586184,27522,613706,6198
2022-03-01,Sacramento,067,1510023,278426,273089,26144,299233,2831
2022-03-01,San Benito,069,59416,12786,12806,503,13309,94
2022-03-01,San Bernardino,071,2135413,568998,556743,24609,581352,6588
2022-03-01,San Diego,073,3302833,743975,739136,51852,790988,5029
2022-03-01,San Francisco,075,870044,121985,123481,8052,131533,792
2022-03-01,San Joaquin,077,732212,165239,164894,9766,174660,2062
2022-03-01,San Luis Obispo,079,281455,51862,51592,3671,55263,445
2022-03-01,San Mateo,081,765935,119804,118358,6769,125127,613
2022-03-01,Santa Barbara,083,443738,85034,85134,4638,89772,654
2022-03-01,Santa Clara,085,1922200,306312,306978,12093,319071,2190
2022-03-01,Santa Cruz,087,273765,46894,46471,2052,48523,253
2022-03-01,Shasta,089,179085,30246,30227,6016,36243,489
2022-03-01,Sierra,091,2930,271,274,47,321,5
2022-03-01,Siskiyou,093,43540,4400,4384,2692,7076,74
2022-03-01,Solano,095,438530,80542,80556,5490,86046,434
2022-03-01,Sonoma,097,501317,82467,82103,2531,84634,477
2022-03-01,Stanislaus,099,539301,116707,117308,17397,134705,1521
2022-03-01,Sutter,101,95872,20294,20288,1999,22287,217
2022-03-01,Tehama,103,63373,11957,11923,2567,14490,158
2022-03-01,Trinity,105,12862,1175,1159,284,1443,20
2022-03-01,Tulare,107,460477,105654,103371,27308,130679,1302
2022-03-01,Tuolumne,109,53932,12556,12276,547,12823,175
2022-03-01,Ventura,111,848112,171863,171672,9288,180960,1427
2022-03-01,Yolo,113,214977,36557,35801,2974,38775,299
2022-03-01,Yuba,115,75493,15679,15637,1160,16797,116
2022-02-28,Alameda,001,1643700,252449,251714,13330,265044,1742
2022-02-28,Alpine,003,1148,122,125,1,126,0
2022-02-28,Amador,005,37829,8378,8308,633,8941,83
2022-02-28,Butte,007,227075,32799,32550,6840,39390,368
2022-02-28,Calaveras,009,45235,7188,7220,339,7559,110
2022-02-28,Colusa,011,21464,3416,3422,1041,4463,21
2022-02-28,Contra Costa,013,1133247,187732,185272,12874,198146,1231
2022-02-28,Del Norte,015,27424,5688,5699,173,5872,45
2022-02-28,El Dorado,017,186661,26500,26409,3168,29577,191
2022-02-28,Fresno,019,978130,229168,226519,23370,249889,2622
2022-02-28,Glenn,021,27897,4941,4918,1588,6506,40
2022-02-28,Humboldt,023,135768,16675,16717,2876,19593,135
2022-02-28,Imperial,025,180216,55021,54517,10476,64993,875
2022-02-28,Inyo,027,18085,4046,4041,463,4504,56
2022-02-28,Kern,029,883053,190625,189245,45384,234629,2115
2022-02-28,Kings,031,150075,50951,50741,3468,54209,427
2022-02-28,Lake,033,64148,10549,10468,863,11331,128
2022-02-28,Lassen,035,31185,8843,8794,869,9663,55
2022-02-28,Los Angeles,037,10098052,2690836,2666804,121966,2788770,30410
2022-02-28,Madera,039,155013,36996,37023,5951,42974,354
2022-02-28,Marin,041,260295,32868,32775,2152,34927,272
2022-02-28,Mariposa,043,17540,2363,2354,192,2546,6
2022-02-28,Mendocino,045,87422,12895,12800,2952,15752,112
2022-02-28,Merced,047,269075,61683,61519,8450,69969,781
2022-02-28,Modoc,049,8938,727,727,248,975,7
2022-02-28,Mono,051,14174,2958,2961,119,3080,5
2022-02-28,Monterey,053,433212,78601,77865,13141,91006,693
2022-02-28,Napa,055,140530,25338,25317,927,26244,129
2022-02-28,Nevada,057,99092,15795,15908,1159,17067,121
2022-02-28,Orange,059,3164182,542484,540839,40595,581434,6605
2022-02-28,Placer,061,380077,62177,61976,7250,69226,577
2022-02-28,Plumas,063,18699,2949,2691,357,3048,13
2022-02-28,Riverside,065,2383286,588051,585891,27490,613381,6179
2022-02-28,Sacramento,067,1510023,278287,273038,26120,299158,2825
2022-02-28,San Benito,069,59416,12782,12798,503,13301,94
2022-02-28,San Bernardino,071,2135413,568813,556540,24595,581135,6576
2022-02-28,San Diego,073,3302833,743586,737760,51822,789582,5018
2022-02-28,San Francisco,075,870044,121825,123402,8045,131447,792
2022-02-28,San Joaquin,077,732212,165153,164833,9756,174589,2060
2022-02-28,San Luis Obispo,079,281455,51801,51565,3664,55229,440
2022-02-28,San Mateo,081,765935,119704,118301,6763,125064,611
2022-02-28,Santa Barbara,083,443738,84991,85076,4633,89709,653
2022-02-28,Santa Clara,085,1922200,306036,306930,12071,319001,2180
2022-02-28,Santa Cruz,087,273765,46824,46447,2051,48498,253
2022-02-28,Shasta,089,179085,30221,30213,6012,36225,488
2022-02-28,Sierra,091,2930,271,273,47,320,4
2022-02-28,Siskiyou,093,43540,4397,4382,2687,7069,74
2022-02-28,Solano,095,438530,80476,80544,5478,86022,430
2022-02-28,Sonoma,097,501317,82399,82058,2528,84586,477
2022-02-28,Stanislaus,099,539301,116643,117231,17381,134612,1521
2022-02-28,Sutter,101,95872,20281,20285,1996,22281,214
2022-02-28,Tehama,103,63373,11944,11917,2567,14484,158
2022-02-28,Trinity,105,12862,1175,1160,284,1444,20
2022-02-28,Tulare,107,460477,105605,103304,27292,130596,1300
2022-02-28,Tuolumne,109,53932,12546,12247,547,12794,175
2022-02-28,Ventura,111,848112,171779,171614,9287,180901,1423
2022-02-28,Yolo,113,214977,36521,35754,2967,38721,299
2022-02-28,Yuba,115,75493,15664,15625,1159,16784,115
2022-02-27,Alameda,001,1643700,252174,251624,13321,264945,1744
2022-02-27,Alpine,003,1148,122,125,1,126,0
2022-02-27,Amador,005,37829,8374,8305,630,8935,83
2022-02-27,Butte,007,227075,32762,32551,6827,39378,368
2022-02-27,Calaveras,009,45235,7181,7214,339,7553,110
2022-02-27,Colusa,011,21464,3415,3422,1041,4463,21
2022-02-27,Contra Costa,013,1133247,187606,185185,12854,198039,1230
2022-02-27,Del Norte,015,27424,5671,5691,171,5862,45
2022-02-27,El Dorado,017,186661,26482,26410,3166,29576,191
2022-02-27,Fresno,019,978130,228970,226397,23343,249740,2621
2022-02-27,Glenn,021,27897,4939,4915,1588,6503,40
2022-02-27,Humboldt,023,135768,16653,16713,2869,19582,135
2022-02-27,Imperial,025,180216,54973,54509,10459,64968,875
2022-02-27,Inyo,027,18085,4045,4041,459,4500,56
2022-02-27,Kern,029,883053,190507,189219,45346,234565,2115
2022-02-27,Kings,031,150075,50923,50733,3467,54200,428
2022-02-27,Lake,033,64148,10530,10463,863,11326,128
2022-02-27,Lassen,035,31185,8835,8786,869,9655,55
2022-02-27,Los Angeles,037,10098052,2689527,2666789,121883,2788672,30410
2022-02-27,Madera,039,155013,36970,37009,5943,42952,354
2022-02-27,Marin,041,260295,32830,32756,2150,34906,272
2022-02-27,Mariposa,043,17540,2360,2352,192,2544,6
2022-02-27,Mendocino,045,87422,12879,12798,2939,15737,112
2022-02-27,Merced,047,269075,61631,61491,8433,69924,779
2022-02-27,Modoc,049,8938,726,727,248,975,7
2022-02-27,Mono,051,14174,2957,2960,119,3079,5
2022-02-27,Monterey,053,433212,78543,77851,13117,90968,693
2022-02-27,Napa,055,140530,25300,25316,927,26243,129
2022-02-27,Nevada,057,99092,15787,15900,1155,17055,121
2022-02-27,Orange,059,3164182,542237,540659,40566,581225,6605
2022-02-27,Placer,061,380077,62137,61965,7246,69211,577
2022-02-27,Plumas,063,18699,2946,2691,357,3048,13
2022-02-27,Riverside,065,2383286,587810,585833,27466,613299,6179
2022-02-27,Sacramento,067,1510023,278101,272927,26091,299018,2822
2022-02-27,San Benito,069,59416,12775,12798,503,13301,94
2022-02-27,San Bernardino,071,2135413,568628,556457,24585,581042,6572
2022-02-27,San Diego,073,3302833,743113,737760,51777,789537,5018
2022-02-27,San Francisco,075,870044,121702,123327,8034,131361,791
2022-02-27,San Joaquin,077,732212,165049,164814,9752,174566,2060
2022-02-27,San Luis Obispo,079,281455,51709,51564,3657,55221,439
2022-02-27,San Mateo,081,765935,119591,118244,6758,125002,611
2022-02-27,Santa Barbara,083,443738,84953,85050,4629,89679,653
2022-02-27,Santa Clara,085,1922200,305748,306756,12043,318799,2180
2022-02-27,Santa Cruz,087,273765,46764,46411,2051,48462,253
2022-02-27,Shasta,089,179085,30189,30206,6007,36213,488
2022-02-27,Sierra,091,2930,271,273,47,320,4
2022-02-27,Siskiyou,093,43540,4392,4378,2675,7053,74
2022-02-27,Solano,095,438530,80400,80515,5465,85980,430
2022-02-27,Sonoma,097,501317,82317,82041,2521,84562,476
2022-02-27,Stanislaus,099,539301,116577,117200,17362,134562,1522
2022-02-27,Sutter,101,95872,20264,20280,1990,22270,214
2022-02-27,Tehama,103,63373,11931,11915,2566,14481,158
2022-02-27,Trinity,105,12862,1174,1158,284,1442,20
2022-02-27,Tulare,107,460477,105536,103270,27243,130513,1300
2022-02-27,Tuolumne,109,53932,12533,12243,546,12789,175
2022-02-27,Ventura,111,848112,171704,171660,9283,180943,1423
2022-02-27,Yolo,113,214977,36493,35744,2962,38706,299
2022-02-27,Yuba,115,75493,15654,15619,1157,16776,113
2022-02-26,Alameda,001,1643700,252066,250867,13316,264183,1716
2022-02-26,Alpine,003,1148,122,125,1,126,0
2022-02-26,Amador,005,37829,8372,8282,629,8911,83
2022-02-26,Butte,007,227075,32748,32466,6824,39290,368
2022-02-26,Calaveras,009,45235,7180,7192,339,7531,110
2022-02-26,Colusa,011,21464,3415,3414,1041,4455,21
2022-02-26,Contra Costa,013,1133247,187537,184686,12836,197522,1209
2022-02-26,Del Norte,015,27424,5666,5639,171,5810,45
2022-02-26,El Dorado,017,186661,26471,26355,3163,29518,191
2022-02-26,Fresno,019,978130,228880,225679,23343,249022,2597
2022-02-26,Glenn,021,27897,4937,4909,1587,6496,40
2022-02-26,Humboldt,023,135768,16628,16619,2868,19487,133
2022-02-26,Imperial,025,180216,54946,54367,10457,64824,871
2022-02-26,Inyo,027,18085,4044,4034,454,4488,56
2022-02-26,Kern,029,883053,190454,188584,45327,233911,2106
2022-02-26,Kings,031,150075,50910,50579,3467,54046,423
2022-02-26,Lake,033,64148,10525,10383,863,11246,128
2022-02-26,Lassen,035,31185,8834,8761,869,9630,55
2022-02-26,Los Angeles,037,10098052,2688953,2660973,121843,2782816,30202
2022-02-26,Madera,039,155013,36955,36933,5941,42874,330
2022-02-26,Marin,041,260295,32814,32651,2148,34799,267
2022-02-26,Mariposa,043,17540,2359,2332,192,2524,6
2022-02-26,Mendocino,045,87422,12872,12762,2939,15701,111
2022-02-26,Merced,047,269075,61610,61348,8432,69780,775
2022-02-26,Modoc,049,8938,726,726,248,974,7
2022-02-26,Mono,051,14174,2957,2959,118,3077,5
2022-02-26,Monterey,053,433212,78511,77610,13111,90721,692
2022-02-26,Napa,055,140530,25285,25221,926,26147,130
2022-02-26,Nevada,057,99092,15783,15850,1153,17003,121
2022-02-26,Orange,059,3164182,542126,539992,40549,580541,6540
2022-02-26,Placer,061,380077,62118,61803,7243,69046,573
2022-02-26,Plumas,063,18699,2946,2673,357,3030,13
2022-02-26,Riverside,065,2383286,587690,584835,27457,612292,6143
2022-02-26,Sacramento,067,1510023,278005,272339,26081,298420,2793
2022-02-26,San Benito,069,59416,12771,12770,503,13273,92
2022-02-26,San Bernardino,071,2135413,568537,555668,24578,580246,6505
2022-02-26,San Diego,073,3302833,742890,736049,51755,787804,5002
2022-02-26,San Francisco,075,870044,121632,123079,8026,131105,769
2022-02-26,San Joaquin,077,732212,165015,164418,9751,174169,2048
2022-02-26,San Luis Obispo,079,281455,51697,51358,3655,55013,438
2022-02-26,San Mateo,081,765935,119537,117860,6757,124617,603
2022-02-26,Santa Barbara,083,443738,84922,84830,4629,89459,652
2022-02-26,Santa Clara,085,1922200,305599,305895,12039,317934,2166
2022-02-26,Santa Cruz,087,273765,46741,46186,2051,48237,251
2022-02-26,Shasta,089,179085,30180,30108,6001,36109,485
2022-02-26,Sierra,091,2930,271,270,47,317,1
2022-02-26,Siskiyou,093,43540,4392,4359,2673,7032,72
2022-02-26,Solano,095,438530,80365,80225,5461,85686,428
2022-02-26,Sonoma,097,501317,82283,81702,2519,84221,432
2022-02-26,Stanislaus,099,539301,116539,116896,17357,134253,1503
2022-02-26,Sutter,101,95872,20255,20230,1990,22220,214
2022-02-26,Tehama,103,63373,11925,11878,2564,14442,158
2022-02-26,Trinity,105,12862,1173,1156,284,1440,20
2022-02-26,Tulare,107,460477,105500,102983,27228,130211,1295
2022-02-26,Tuolumne,109,53932,12530,12169,546,12715,175
2022-02-26,Ventura,111,848112,171672,171292,9280,180572,1411
2022-02-26,Yolo,113,214977,36472,35615,2959,38574,296
2022-02-26,Yuba,115,75493,15642,15587,1157,16744,113
2022-02-25,Alameda,001,1643700,251943,250867,13307,264174,1716
2022-02-25,Alpine,003,1148,122,125,1,126,0
2022-02-25,Amador,005,37829,8361,8282,629,8911,83
2022-02-25,Butte,007,227075,32735,32466,6821,39287,368
2022-02-25,Calaveras,009,45235,7178,7192,339,7531,110
2022-02-25,Colusa,011,21464,3415,3414,1041,4455,21
2022-02-25,Contra Costa,013,1133247,187453,184686,12815,197501,1209
2022-02-25,Del Norte,015,27424,5657,5639,171,5810,45
2022-02-25,El Dorado,017,186661,26462,26355,3163,29518,191
2022-02-25,Fresno,019,978130,228782,225679,23336,249015,2597
2022-02-25,Glenn,021,27897,4935,4909,1587,6496,40
2022-02-25,Humboldt,023,135768,16617,16619,2868,19487,133
2022-02-25,Imperial,025,180216,54928,54367,10456,64823,871
2022-02-25,Inyo,027,18085,4043,4034,454,4488,56
2022-02-25,Kern,029,883053,190389,188584,45314,233898,2106
2022-02-25,Kings,031,150075,50896,50579,3465,54044,423
2022-02-25,Lake,033,64148,10507,10383,863,11246,128
2022-02-25,Lassen,035,31185,8831,8761,869,9630,55
2022-02-25,Los Angeles,037,10098052,2688365,2660973,121812,2782785,30202
2022-02-25,Madera,039,155013,36935,36933,5940,42873,330
2022-02-25,Marin,041,260295,32800,32651,2148,34799,267
2022-02-25,Mariposa,043,17540,2356,2332,192,2524,6
2022-02-25,Mendocino,045,87422,12870,12762,2939,15701,111
2022-02-25,Merced,047,269075,61578,61348,8428,69776,775
2022-02-25,Modoc,049,8938,726,726,248,974,7
2022-02-25,Mono,051,14174,2956,2959,118,3077,5
2022-02-25,Monterey,053,433212,78483,77610,13105,90715,692
2022-02-25,Napa,055,140530,25276,25221,926,26147,130
2022-02-25,Nevada,057,99092,15772,15850,1150,17000,121
2022-02-25,Orange,059,3164182,541991,539992,40526,580518,6540
2022-02-25,Placer,061,380077,62103,61803,7237,69040,573
2022-02-25,Plumas,063,18699,2944,2673,357,3030,13
2022-02-25,Riverside,065,2383286,587535,584835,27445,612280,6143
2022-02-25,Sacramento,067,1510023,277903,272339,26076,298415,2793
2022-02-25,San Benito,069,59416,12769,12770,503,13273,92
2022-02-25,San Bernardino,071,2135413,568430,555668,24571,580239,6505
2022-02-25,San Diego,073,3302833,742607,736049,51736,787785,5002
2022-02-25,San Francisco,075,870044,121552,123079,8023,131102,769
2022-02-25,San Joaquin,077,732212,164975,164418,9746,174164,2048
2022-02-25,San Luis Obispo,079,281455,51693,51358,3646,55004,438
2022-02-25,San Mateo,081,765935,119475,117860,6753,124613,603
2022-02-25,Santa Barbara,083,443738,84885,84830,4629,89459,652
2022-02-25,Santa Clara,085,1922200,305414,305895,12036,317931,2166
2022-02-25,Santa Cruz,087,273765,46707,46186,2049,48235,251
2022-02-25,Shasta,089,179085,30171,30108,5999,36107,485
2022-02-25,Sierra,091,2930,271,270,47,317,1
2022-02-25,Siskiyou,093,43540,4392,4359,2672,7031,72
2022-02-25,Solano,095,438530,80336,80225,5460,85685,428
2022-02-25,Sonoma,097,501317,82232,81702,2517,84219,432
2022-02-25,Stanislaus,099,539301,116511,116896,17353,134249,1503
2022-02-25,Sutter,101,95872,20246,20230,1990,22220,214
2022-02-25,Tehama,103,63373,11923,11878,2564,14442,158
2022-02-25,Trinity,105,12862,1173,1156,284,1440,20
2022-02-25,Tulare,107,460477,105466,102983,27206,130189,1295
2022-02-25,Tuolumne,109,53932,12527,12169,546,12715,175
2022-02-25,Ventura,111,848112,171621,171292,9279,180571,1411
2022-02-25,Yolo,113,214977,36457,35615,2959,38574,296
2022-02-25,Yuba,115,75493,15635,15587,1157,16744,113
2022-02-24,Alameda,001,1643700,251738,250867,13298,264165,1716
2022-02-24,Alpine,003,1148,122,125,1,126,0
2022-02-24,Amador,005,37829,8356,8282,628,8910,83
2022-02-24,Butte,007,227075,32714,32466,6817,39283,368
2022-02-24,Calaveras,009,45235,7176,7192,337,7529,110
2022-02-24,Colusa,011,21464,3414,3414,1040,4454,21
2022-02-24,Contra Costa,013,1133247,187323,184686,12807,197493,1209
2022-02-24,Del Norte,015,27424,5642,5639,170,5809,45
2022-02-24,El Dorado,017,186661,26447,26355,3163,29518,191
2022-02-24,Fresno,019,978130,228587,225679,23321,249000,2597
2022-02-24,Glenn,021,27897,4933,4909,1586,6495,40
2022-02-24,Humboldt,023,135768,16601,16619,2867,19486,133
2022-02-24,Imperial,025,180216,54888,54367,10447,64814,871
2022-02-24,Inyo,027,18085,4042,4034,453,4487,56
2022-02-24,Kern,029,883053,190248,188584,45281,233865,2106
2022-02-24,Kings,031,150075,50866,50579,3460,54039,423
2022-02-24,Lake,033,64148,10490,10383,863,11246,128
2022-02-24,Lassen,035,31185,8827,8761,868,9629,55
2022-02-24,Los Angeles,037,10098052,2687204,2660973,121756,2782729,30202
2022-02-24,Madera,039,155013,36909,36933,5938,42871,330
2022-02-24,Marin,041,260295,32780,32651,2147,34798,267
2022-02-24,Mariposa,043,17540,2350,2332,191,2523,6
2022-02-24,Mendocino,045,87422,12863,12762,2935,15697,111
2022-02-24,Merced,047,269075,61548,61348,8420,69768,775
2022-02-24,Modoc,049,8938,725,726,248,974,7
2022-02-24,Mono,051,14174,2955,2959,118,3077,5
2022-02-24,Monterey,053,433212,78431,77610,13097,90707,692
2022-02-24,Napa,055,140530,25236,25221,922,26143,130
2022-02-24,Nevada,057,99092,15758,15850,1150,17000,121
2022-02-24,Orange,059,3164182,541741,539992,40492,580484,6540
2022-02-24,Placer,061,380077,62066,61803,7235,69038,573
2022-02-24,Plumas,063,18699,2939,2673,356,3029,13
2022-02-24,Riverside,065,2383286,587283,584835,27419,612254,6143
2022-02-24,Sacramento,067,1510023,277730,272339,26060,298399,2793
2022-02-24,San Benito,069,59416,12758,12770,503,13273,92
2022-02-24,San Bernardino,071,2135413,568237,555668,24559,580227,6505
2022-02-24,San Diego,073,3302833,742194,736049,51689,787738,5002
2022-02-24,San Francisco,075,870044,121430,123079,8016,131095,769
2022-02-24,San Joaquin,077,732212,164847,164418,9742,174160,2048
2022-02-24,San Luis Obispo,079,281455,51647,51358,3644,55002,438
2022-02-24,San Mateo,081,765935,119383,117860,6746,124606,603
2022-02-24,Santa Barbara,083,443738,84820,84830,4628,89458,652
2022-02-24,Santa Clara,085,1922200,305179,305895,12023,317918,2166
2022-02-24,Santa Cruz,087,273765,46627,46186,2047,48233,251
2022-02-24,Shasta,089,179085,30152,30108,5993,36101,485
2022-02-24,Sierra,091,2930,271,270,47,317,1
2022-02-24,Siskiyou,093,43540,4389,4359,2669,7028,72
2022-02-24,Solano,095,438530,80257,80225,5456,85681,428
2022-02-24,Sonoma,097,501317,82178,81702,2512,84214,432
2022-02-24,Stanislaus,099,539301,116435,116896,17344,134240,1503
2022-02-24,Sutter,101,95872,20232,20230,1974,22204,214
2022-02-24,Tehama,103,63373,11917,11878,2563,14441,158
2022-02-24,Trinity,105,12862,1171,1156,284,1440,20
2022-02-24,Tulare,107,460477,105410,102983,27176,130159,1295
2022-02-24,Tuolumne,109,53932,12517,12169,544,12713,175
2022-02-24,Ventura,111,848112,171542,171292,9276,180568,1411
2022-02-24,Yolo,113,214977,36431,35615,2957,38572,296
2022-02-24,Yuba,115,75493,15621,15587,1157,16744,113
2022-02-23,Alameda,001,1643700,251513,247686,13279,260965,1713
2022-02-23,Alpine,003,1148,122,125,1,126,0
2022-02-23,Amador,005,37829,8338,8274,628,8902,79
2022-02-23,Butte,007,227075,32687,32417,6814,39231,367
2022-02-23,Calaveras,009,45235,7166,7182,336,7518,107
2022-02-23,Colusa,011,21464,3410,3411,1040,4451,21
2022-02-23,Contra Costa,013,1133247,187179,184013,12794,196807,1209
2022-02-23,Del Norte,015,27424,5631,5625,169,5794,45
2022-02-23,El Dorado,017,186661,26431,26317,3159,29476,189
2022-02-23,Fresno,019,978130,228399,225308,23299,248607,2596
2022-02-23,Glenn,021,27897,4929,4909,1584,6493,40
2022-02-23,Humboldt,023,135768,16585,16601,2864,19465,132
2022-02-23,Imperial,025,180216,54849,54292,10435,64727,871
2022-02-23,Inyo,027,18085,4041,4031,450,4481,54
2022-02-23,Kern,029,883053,190145,188432,45234,233666,2106
2022-02-23,Kings,031,150075,50833,50416,3459,53875,423
2022-02-23,Lake,033,64148,10472,10368,862,11230,126
2022-02-23,Lassen,035,31185,8811,8749,868,9617,55
2022-02-23,Los Angeles,037,10098052,2685833,2659569,121711,2781280,30167
2022-02-23,Madera,039,155013,36877,36876,5928,42804,330
2022-02-23,Marin,041,260295,32757,32625,2146,34771,267
2022-02-23,Mariposa,043,17540,2345,2325,190,2515,6
2022-02-23,Mendocino,045,87422,12853,12747,2931,15678,111
2022-02-23,Merced,047,269075,61518,61295,8415,69710,772
2022-02-23,Modoc,049,8938,725,723,247,970,7
2022-02-23,Mono,051,14174,2954,2960,118,3078,5
2022-02-23,Monterey,053,433212,78393,77472,13074,90546,691
2022-02-23,Napa,055,140530,25212,25185,917,26102,128
2022-02-23,Nevada,057,99092,15752,15825,1147,16972,121
2022-02-23,Orange,059,3164182,541436,539631,40470,580101,6520
2022-02-23,Placer,061,380077,62019,61758,7228,68986,573
2022-02-23,Plumas,063,18699,2935,2663,356,3019,13
2022-02-23,Riverside,065,2383286,586990,584381,27383,611764,6119
2022-02-23,Sacramento,067,1510023,277571,272057,26040,298097,2796
2022-02-23,San Benito,069,59416,12751,12756,502,13258,92
2022-02-23,San Bernardino,071,2135413,568076,555238,24543,579781,6479
2022-02-23,San Diego,073,3302833,741690,735406,51639,787045,4988
2022-02-23,San Francisco,075,870044,121303,122127,8014,130141,769
2022-02-23,San Joaquin,077,732212,164754,164257,9737,173994,2042
2022-02-23,San Luis Obispo,079,281455,51599,51264,3642,54906,434
2022-02-23,San Mateo,081,765935,119292,117585,6737,124322,603
2022-02-23,Santa Barbara,083,443738,84759,84760,4624,89384,651
2022-02-23,Santa Clara,085,1922200,304923,305484,12014,317498,2157
2022-02-23,Santa Cruz,087,273765,46557,46059,2046,48105,251
2022-02-23,Shasta,089,179085,30125,30066,5990,36056,481
2022-02-23,Sierra,091,2930,271,270,47,317,1
2022-02-23,Siskiyou,093,43540,4386,4356,2667,7023,71
2022-02-23,Solano,095,438530,80167,80103,5454,85557,427
2022-02-23,Sonoma,097,501317,82124,81594,2510,84104,432
2022-02-23,Stanislaus,099,539301,116358,116789,17335,134124,1482
2022-02-23,Sutter,101,95872,20215,20194,1970,22164,213
2022-02-23,Tehama,103,63373,11907,11863,2563,14426,154
2022-02-23,Trinity,105,12862,1171,1156,284,1440,20
2022-02-23,Tulare,107,460477,105344,102812,27153,129965,1290
2022-02-23,Tuolumne,109,53932,12508,12158,543,12701,175
2022-02-23,Ventura,111,848112,171454,171163,9269,180432,1401
2022-02-23,Yolo,113,214977,36394,35590,2950,38540,296
2022-02-23,Yuba,115,75493,15618,15571,1155,16726,113
2022-02-22,Alameda,001,1643700,251269,247434,13265,260699,1706
2022-02-22,Alpine,003,1148,122,124,1,125,0
2022-02-22,Amador,005,37829,8328,8243,628,8871,79
2022-02-22,Butte,007,227075,32652,32359,6807,39166,366
2022-02-22,Calaveras,009,45235,7157,7178,336,7514,107
2022-02-22,Colusa,011,21464,3410,3402,1038,4440,21
2022-02-22,Contra Costa,013,1133247,187026,183812,12775,196587,1201
2022-02-22,Del Norte,015,27424,5622,5611,168,5779,45
2022-02-22,El Dorado,017,186661,26421,26289,3159,29448,189
2022-02-22,Fresno,019,978130,228172,225104,23273,248377,2592
2022-02-22,Glenn,021,27897,4928,4900,1583,6483,40
2022-02-22,Humboldt,023,135768,16562,16559,2860,19419,132
2022-02-22,Imperial,025,180216,54817,54227,10431,64658,864
2022-02-22,Inyo,027,18085,4039,4026,448,4474,54
2022-02-22,Kern,029,883053,190025,188237,45198,233435,2102
2022-02-22,Kings,031,150075,50771,50359,3457,53816,423
2022-02-22,Lake,033,64148,10461,10353,860,11213,126
2022-02-22,Lassen,035,31185,8807,8730,868,9598,55
2022-02-22,Los Angeles,037,10098052,2684368,2658230,121624,2779854,30129
2022-02-22,Madera,039,155013,36844,36833,5918,42751,330
2022-02-22,Marin,041,260295,32732,32591,2145,34736,267
2022-02-22,Mariposa,043,17540,2337,2322,190,2512,6
2022-02-22,Mendocino,045,87422,12839,12714,2921,15635,110
2022-02-22,Merced,047,269075,61457,61241,8409,69650,770
2022-02-22,Modoc,049,8938,722,720,247,967,6
2022-02-22,Mono,051,14174,2954,2961,118,3079,5
2022-02-22,Monterey,053,433212,78340,77359,13055,90414,690
2022-02-22,Napa,055,140530,25183,25151,916,26067,128
2022-02-22,Nevada,057,99092,15735,15815,1146,16961,121
2022-02-22,Orange,059,3164182,541148,539390,40437,579827,6502
2022-02-22,Placer,061,380077,61981,61709,7223,68932,572
2022-02-22,Plumas,063,18699,2929,2659,355,3014,13
2022-02-22,Riverside,065,2383286,586734,583969,27363,611332,6097
2022-02-22,Sacramento,067,1510023,277381,271789,26017,297806,2775
2022-02-22,San Benito,069,59416,12740,12742,501,13243,92
2022-02-22,San Bernardino,071,2135413,567873,554903,24524,579427,6451
2022-02-22,San Diego,073,3302833,741165,734536,51584,786120,4974
2022-02-22,San Francisco,075,870044,121174,121954,8010,129964,769
2022-02-22,San Joaquin,077,732212,164630,164111,9727,173838,2040
2022-02-22,San Luis Obispo,079,281455,51514,51193,3636,54829,431
2022-02-22,San Mateo,081,765935,119198,117418,6732,124150,603
2022-02-22,Santa Barbara,083,443738,84698,84701,4620,89321,650
2022-02-22,Santa Clara,085,1922200,304641,305045,12008,317053,2155
2022-02-22,Santa Cruz,087,273765,46492,45958,2046,48004,251
2022-02-22,Shasta,089,179085,30100,30024,5985,36009,479
2022-02-22,Sierra,091,2930,271,269,46,315,0
2022-02-22,Siskiyou,093,43540,4383,4350,2662,7012,70
2022-02-22,Solano,095,438530,80091,79968,5452,85420,425
2022-02-22,Sonoma,097,501317,82058,81412,2506,83918,431
2022-02-22,Stanislaus,099,539301,116277,116676,17317,133993,1475
2022-02-22,Sutter,101,95872,20199,20164,1968,22132,210
2022-02-22,Tehama,103,63373,11898,11852,2562,14414,152
2022-02-22,Trinity,105,12862,1171,1147,283,1430,20
2022-02-22,Tulare,107,460477,105239,102717,27123,129840,1287
2022-02-22,Tuolumne,109,53932,12490,12136,542,12678,175
2022-02-22,Ventura,111,848112,171369,171064,9263,180327,1401
2022-02-22,Yolo,113,214977,36357,35527,2945,38472,292
2022-02-22,Yuba,115,75493,15608,15550,1154,16704,110
2022-02-21,Alameda,001,1643700,250982,247434,13249,260683,1704
2022-02-21,Alpine,003,1148,122,124,1,125,0
2022-02-21,Amador,005,37829,8322,8246,628,8874,79
2022-02-21,Butte,007,227075,32611,32356,6783,39139,366
2022-02-21,Calaveras,009,45235,7149,7175,336,7511,107
2022-02-21,Colusa,011,21464,3408,3401,1036,4437,21
2022-02-21,Contra Costa,013,1133247,186800,183701,12761,196462,1201
2022-02-21,Del Norte,015,27424,5604,5601,167,5768,45
2022-02-21,El Dorado,017,186661,26393,26273,3154,29427,189
2022-02-21,Fresno,019,978130,227858,224923,23217,248140,2592
2022-02-21,Glenn,021,27897,4923,4897,1583,6480,40
2022-02-21,Humboldt,023,135768,16518,16548,2852,19400,132
2022-02-21,Imperial,025,180216,54757,54208,10418,64626,864
2022-02-21,Inyo,027,18085,4036,4023,448,4471,54
2022-02-21,Kern,029,883053,189832,188188,45146,233334,2102
2022-02-21,Kings,031,150075,50705,50188,3454,53642,422
2022-02-21,Lake,033,64148,10439,10334,858,11192,126
2022-02-21,Lassen,035,31185,8799,8705,863,9568,55
2022-02-21,Los Angeles,037,10098052,2682589,2656873,121528,2778401,30108
2022-02-21,Madera,039,155013,36806,36796,5897,42693,330
2022-02-21,Marin,041,260295,32709,32570,2145,34715,258
2022-02-21,Mariposa,043,17540,2334,2321,190,2511,6
2022-02-21,Mendocino,045,87422,12813,12706,2909,15615,110
2022-02-21,Merced,047,269075,61400,61209,8392,69601,770
2022-02-21,Modoc,049,8938,721,718,247,965,6
2022-02-21,Mono,051,14174,2953,2960,118,3078,5
2022-02-21,Monterey,053,433212,78246,77354,13014,90368,690
2022-02-21,Napa,055,140530,25144,25126,916,26042,128
2022-02-21,Nevada,057,99092,15724,15810,1143,16953,121
2022-02-21,Orange,059,3164182,540796,539068,40412,579480,6502
2022-02-21,Placer,061,380077,61927,61727,7219,68946,572
2022-02-21,Plumas,063,18699,2925,2657,350,3007,13
2022-02-21,Riverside,065,2383286,586367,583712,27316,611028,6097
2022-02-21,Sacramento,067,1510023,277126,271588,25984,297572,2769
2022-02-21,San Benito,069,59416,12727,12731,501,13232,92
2022-02-21,San Bernardino,071,2135413,567633,554662,24503,579165,6441
2022-02-21,San Diego,073,3302833,740548,732298,51506,783804,4974
2022-02-21,San Francisco,075,870044,120993,121865,8006,129871,769
2022-02-21,San Joaquin,077,732212,164486,164036,9716,173752,2040
2022-02-21,San Luis Obispo,079,281455,51423,51184,3629,54813,429
2022-02-21,San Mateo,081,765935,119105,117259,6724,123983,605
2022-02-21,Santa Barbara,083,443738,84622,84626,4612,89238,650
2022-02-21,Santa Clara,085,1922200,304313,304858,12002,316860,2158
2022-02-21,Santa Cruz,087,273765,46366,45941,2045,47986,251
2022-02-21,Shasta,089,179085,30054,30004,5977,35981,479
2022-02-21,Sierra,091,2930,271,269,46,315,0
2022-02-21,Siskiyou,093,43540,4371,4337,2657,6994,70
2022-02-21,Solano,095,438530,79998,79906,5447,85353,425
2022-02-21,Sonoma,097,501317,81944,81361,2499,83860,431
2022-02-21,Stanislaus,099,539301,116165,116597,17293,133890,1475
2022-02-21,Sutter,101,95872,20174,20152,1966,22118,210
2022-02-21,Tehama,103,63373,11885,11842,2561,14403,152
2022-02-21,Trinity,105,12862,1170,1147,283,1430,20
2022-02-21,Tulare,107,460477,105144,102614,27079,129693,1287
2022-02-21,Tuolumne,109,53932,12479,12126,539,12665,175
2022-02-21,Ventura,111,848112,171230,170939,9254,180193,1401
2022-02-21,Yolo,113,214977,36314,35518,2936,38454,292
2022-02-21,Yuba,115,75493,15589,15546,1145,16691,110
2022-02-20,Alameda,001,1643700,250752,246028,13241,259269,1700
2022-02-20,Alpine,003,1148,122,124,1,125,0
2022-02-20,Amador,005,37829,8311,8203,628,8831,79
2022-02-20,Butte,007,227075,32582,32173,6778,38951,364
2022-02-20,Calaveras,009,45235,7146,7136,335,7471,107
2022-02-20,Colusa,011,21464,3405,3389,1035,4424,21
2022-02-20,Contra Costa,013,1133247,186672,182797,12756,195553,1190
2022-02-20,Del Norte,015,27424,5589,5511,167,5678,45
2022-02-20,El Dorado,017,186661,26372,26101,3153,29254,189
2022-02-20,Fresno,019,978130,227667,223594,23201,246795,2544
2022-02-20,Glenn,021,27897,4920,4881,1583,6464,39
2022-02-20,Humboldt,023,135768,16506,16393,2848,19241,132
2022-02-20,Imperial,025,180216,54692,53967,10408,64375,862
2022-02-20,Inyo,027,18085,4036,4018,447,4465,52
2022-02-20,Kern,029,883053,189697,187158,45102,232260,2095
2022-02-20,Kings,031,150075,50677,49724,3451,53175,421
2022-02-20,Lake,033,64148,10406,10184,857,11041,126
2022-02-20,Lassen,035,31185,8787,8640,863,9503,55
2022-02-20,Los Angeles,037,10098052,2681265,2642878,121444,2764322,29842
2022-02-20,Madera,039,155013,36775,36526,5893,42419,330
2022-02-20,Marin,041,260295,32692,32441,2145,34586,258
2022-02-20,Mariposa,043,17540,2328,2310,188,2498,6
2022-02-20,Mendocino,045,87422,12803,12625,2906,15531,110
2022-02-20,Merced,047,269075,61372,60886,8391,69277,769
2022-02-20,Modoc,049,8938,720,714,247,961,6
2022-02-20,Mono,051,14174,2953,2956,118,3074,5
2022-02-20,Monterey,053,433212,78186,76765,13001,89766,682
2022-02-20,Napa,055,140530,25122,24970,914,25884,127
2022-02-20,Nevada,057,99092,15713,15715,1142,16857,121
2022-02-20,Orange,059,3164182,540477,538019,40376,578395,6416
2022-02-20,Placer,061,380077,61895,61417,7211,68628,560
2022-02-20,Plumas,063,18699,2921,2646,348,2994,13
2022-02-20,Riverside,065,2383286,586100,581788,27290,609078,6087
2022-02-20,Sacramento,067,1510023,276946,270080,25960,296040,2747
2022-02-20,San Benito,069,59416,12724,12665,501,13166,92
2022-02-20,San Bernardino,071,2135413,567424,553151,24486,577637,6400
2022-02-20,San Diego,073,3302833,739976,729549,51443,780992,4947
2022-02-20,San Francisco,075,870044,120853,121197,7996,129193,756
2022-02-20,San Joaquin,077,732212,164367,163083,9705,172788,2033
2022-02-20,San Luis Obispo,079,281455,51394,50823,3625,54448,424
2022-02-20,San Mateo,081,765935,119031,116648,6717,123365,598
2022-02-20,Santa Barbara,083,443738,84577,83988,4610,88598,642
2022-02-20,Santa Clara,085,1922200,304033,303077,11994,315071,2138
2022-02-20,Santa Cruz,087,273765,46300,45532,2042,47574,250
2022-02-20,Shasta,089,179085,30024,29847,5970,35817,479
2022-02-20,Sierra,091,2930,271,269,46,315,0
2022-02-20,Siskiyou,093,43540,4366,4307,2656,6963,70
2022-02-20,Solano,095,438530,79923,78914,5443,84357,424
2022-02-20,Sonoma,097,501317,81869,80843,2496,83339,431
2022-02-20,Stanislaus,099,539301,116099,115976,17276,133252,1454
2022-02-20,Sutter,101,95872,20162,20060,1963,22023,210
2022-02-20,Tehama,103,63373,11873,11760,2558,14318,152
2022-02-20,Trinity,105,12862,1169,1130,283,1413,20
2022-02-20,Tulare,107,460477,105056,101996,27053,129049,1286
2022-02-20,Tuolumne,109,53932,12458,12036,539,12575,175
2022-02-20,Ventura,111,848112,171134,170331,9247,179578,1384
2022-02-20,Yolo,113,214977,36288,35363,2933,38296,293
2022-02-20,Yuba,115,75493,15574,15449,1144,16593,112
2022-02-19,Alameda,001,1643700,250577,246028,13237,259265,1700
2022-02-19,Alpine,003,1148,122,124,1,125,0
2022-02-19,Amador,005,37829,8307,8203,628,8831,79
2022-02-19,Butte,007,227075,32558,32173,6775,38948,364
2022-02-19,Calaveras,009,45235,7146,7136,335,7471,107
2022-02-19,Colusa,011,21464,3404,3389,1033,4422,21
2022-02-19,Contra Costa,013,1133247,186575,182797,12755,195552,1190
2022-02-19,Del Norte,015,27424,5579,5511,167,5678,45
2022-02-19,El Dorado,017,186661,26354,26101,3151,29252,189
2022-02-19,Fresno,019,978130,227551,223594,23193,246787,2544
2022-02-19,Glenn,021,27897,4916,4881,1583,6464,39
2022-02-19,Humboldt,023,135768,16491,16393,2848,19241,132
2022-02-19,Imperial,025,180216,54676,53967,10403,64370,862
2022-02-19,Inyo,027,18085,4035,4018,446,4464,52
2022-02-19,Kern,029,883053,189594,187158,45078,232236,2095
2022-02-19,Kings,031,150075,50654,49724,3450,53174,421
2022-02-19,Lake,033,64148,10397,10184,857,11041,126
2022-02-19,Lassen,035,31185,8775,8640,862,9502,55
2022-02-19,Los Angeles,037,10098052,2680473,2642878,121403,2764281,29842
2022-02-19,Madera,039,155013,36753,36526,5891,42417,330
2022-02-19,Marin,041,260295,32669,32441,2144,34585,258
2022-02-19,Mariposa,043,17540,2325,2310,188,2498,6
2022-02-19,Mendocino,045,87422,12793,12625,2906,15531,110
2022-02-19,Merced,047,269075,61327,60886,8387,69273,769
2022-02-19,Modoc,049,8938,720,714,246,960,6
2022-02-19,Mono,051,14174,2952,2956,118,3074,5
2022-02-19,Monterey,053,433212,78097,76765,12990,89755,682
2022-02-19,Napa,055,140530,25112,24970,914,25884,127
2022-02-19,Nevada,057,99092,15705,15715,1142,16857,121
2022-02-19,Orange,059,3164182,540275,538019,40351,578370,6416
2022-02-19,Placer,061,380077,61848,61417,7211,68628,560
2022-02-19,Plumas,063,18699,2920,2646,348,2994,13
2022-02-19,Riverside,065,2383286,585917,581788,27278,609066,6087
2022-02-19,Sacramento,067,1510023,276803,270080,25949,296029,2747
2022-02-19,San Benito,069,59416,12711,12665,500,13165,92
2022-02-19,San Bernardino,071,2135413,567261,553151,24479,577630,6400
2022-02-19,San Diego,073,3302833,739631,729549,51396,780945,4947
2022-02-19,San Francisco,075,870044,120767,121197,7992,129189,756
2022-02-19,San Joaquin,077,732212,164294,163083,9694,172777,2033
2022-02-19,San Luis Obispo,079,281455,51381,50823,3621,54444,424
2022-02-19,San Mateo,081,765935,118990,116648,6716,123364,598
2022-02-19,Santa Barbara,083,443738,84510,83988,4609,88597,642
2022-02-19,Santa Clara,085,1922200,303839,303077,11992,315069,2138
2022-02-19,Santa Cruz,087,273765,46262,45532,2040,47572,250
2022-02-19,Shasta,089,179085,30010,29847,5967,35814,479
2022-02-19,Sierra,091,2930,271,269,46,315,0
2022-02-19,Siskiyou,093,43540,4363,4307,2656,6963,70
2022-02-19,Solano,095,438530,79881,78914,5442,84356,424
2022-02-19,Sonoma,097,501317,81827,80843,2496,83339,431
2022-02-19,Stanislaus,099,539301,116028,115976,17270,133246,1454
2022-02-19,Sutter,101,95872,20154,20060,1963,22023,210
2022-02-19,Tehama,103,63373,11866,11760,2558,14318,152
2022-02-19,Trinity,105,12862,1167,1130,283,1413,20
2022-02-19,Tulare,107,460477,105009,101996,27028,129024,1286
2022-02-19,Tuolumne,109,53932,12449,12036,539,12575,175
2022-02-19,Ventura,111,848112,171059,170331,9243,179574,1384
2022-02-19,Yolo,113,214977,36257,35363,2929,38292,293
2022-02-19,Yuba,115,75493,15565,15449,1144,16593,112
2022-02-18,Alameda,001,1643700,250410,246028,13229,259257,1700
2022-02-18,Alpine,003,1148,121,124,1,125,0
2022-02-18,Amador,005,37829,8300,8203,626,8829,79
2022-02-18,Butte,007,227075,32537,32173,6769,38942,364
2022-02-18,Calaveras,009,45235,7141,7136,334,7470,107
2022-02-18,Colusa,011,21464,3402,3389,1033,4422,21
2022-02-18,Contra Costa,013,1133247,186468,182797,12749,195546,1190
2022-02-18,Del Norte,015,27424,5568,5511,167,5678,45
2022-02-18,El Dorado,017,186661,26343,26101,3151,29252,189
2022-02-18,Fresno,019,978130,227363,223594,23182,246776,2544
2022-02-18,Glenn,021,27897,4915,4881,1582,6463,39
2022-02-18,Humboldt,023,135768,16474,16393,2843,19236,132
2022-02-18,Imperial,025,180216,54650,53967,10392,64359,862
2022-02-18,Inyo,027,18085,4033,4018,446,4464,52
2022-02-18,Kern,029,883053,189482,187158,45033,232191,2095
2022-02-18,Kings,031,150075,50567,49724,3450,53174,421
2022-02-18,Lake,033,64148,10379,10184,855,11039,126
2022-02-18,Lassen,035,31185,8755,8640,861,9501,55
2022-02-18,Los Angeles,037,10098052,2679488,2642878,121348,2764226,29842
2022-02-18,Madera,039,155013,36730,36526,5889,42415,330
2022-02-18,Marin,041,260295,32651,32441,2142,34583,258
2022-02-18,Mariposa,043,17540,2323,2310,188,2498,6
2022-02-18,Mendocino,045,87422,12783,12625,2906,15531,110
2022-02-18,Merced,047,269075,61284,60886,8377,69263,769
2022-02-18,Modoc,049,8938,720,714,246,960,6
2022-02-18,Mono,051,14174,2952,2956,118,3074,5
2022-02-18,Monterey,053,433212,78024,76765,12982,89747,682
2022-02-18,Napa,055,140530,25094,24970,914,25884,127
2022-02-18,Nevada,057,99092,15697,15715,1142,16857,121
2022-02-18,Orange,059,3164182,540039,538019,40312,578331,6416
2022-02-18,Placer,061,380077,61819,61417,7204,68621,560
2022-02-18,Plumas,063,18699,2917,2646,348,2994,13
2022-02-18,Riverside,065,2383286,585737,581788,27270,609058,6087
2022-02-18,Sacramento,067,1510023,276611,270080,25941,296021,2747
2022-02-18,San Benito,069,59416,12703,12665,500,13165,92
2022-02-18,San Bernardino,071,2135413,567083,553151,24474,577625,6400
2022-02-18,San Diego,073,3302833,739207,729549,51371,780920,4947
2022-02-18,San Francisco,075,870044,120679,121197,7984,129181,756
2022-02-18,San Joaquin,077,732212,164224,163083,9687,172770,2033
2022-02-18,San Luis Obispo,079,281455,51365,50823,3618,54441,424
2022-02-18,San Mateo,081,765935,118925,116648,6713,123361,598
2022-02-18,Santa Barbara,083,443738,84470,83988,4607,88595,642
2022-02-18,Santa Clara,085,1922200,303603,303077,11991,315068,2138
2022-02-18,Santa Cruz,087,273765,46228,45532,2039,47571,250
2022-02-18,Shasta,089,179085,29997,29847,5966,35813,479
2022-02-18,Sierra,091,2930,271,269,46,315,0
2022-02-18,Siskiyou,093,43540,4360,4307,2654,6961,70
2022-02-18,Solano,095,438530,79811,78914,5441,84355,424
2022-02-18,Sonoma,097,501317,81771,80843,2495,83338,431
2022-02-18,Stanislaus,099,539301,115978,115976,17256,133232,1454
2022-02-18,Sutter,101,95872,20142,20060,1963,22023,210
2022-02-18,Tehama,103,63373,11855,11760,2558,14318,152
2022-02-18,Trinity,105,12862,1166,1130,282,1412,20
2022-02-18,Tulare,107,460477,104958,101996,26987,128983,1286
2022-02-18,Tuolumne,109,53932,12443,12036,538,12574,175
2022-02-18,Ventura,111,848112,170969,170331,9238,179569,1384
2022-02-18,Yolo,113,214977,36229,35363,2927,38290,293
2022-02-18,Yuba,115,75493,15550,15449,1144,16593,112
2022-02-17,Alameda,001,1643700,250147,246028,13209,259237,1700
2022-02-17,Alpine,003,1148,121,124,1,125,0
2022-02-17,Amador,005,37829,8296,8203,624,8827,79
2022-02-17,Butte,007,227075,32499,32173,6765,38938,364
2022-02-17,Calaveras,009,45235,7132,7136,331,7467,107
2022-02-17,Colusa,011,21464,3399,3389,1033,4422,21
2022-02-17,Contra Costa,013,1133247,186273,182797,12717,195514,1190
2022-02-17,Del Norte,015,27424,5547,5511,167,5678,45
2022-02-17,El Dorado,017,186661,26317,26101,3141,29242,189
2022-02-17,Fresno,019,978130,227068,223594,23151,246745,2544
2022-02-17,Glenn,021,27897,4913,4881,1579,6460,39
2022-02-17,Humboldt,023,135768,16434,16393,2842,19235,132
2022-02-17,Imperial,025,180216,54579,53967,10376,64343,862
2022-02-17,Inyo,027,18085,4031,4018,445,4463,52
2022-02-17,Kern,029,883053,189328,187158,44984,232142,2095
2022-02-17,Kings,031,150075,50503,49724,3445,53169,421
2022-02-17,Lake,033,64148,10349,10184,851,11035,126
2022-02-17,Lassen,035,31185,8745,8640,859,9499,55
2022-02-17,Los Angeles,037,10098052,2677647,2642878,121268,2764146,29842
2022-02-17,Madera,039,155013,36687,36526,5882,42408,330
2022-02-17,Marin,041,260295,32625,32441,2141,34582,258
2022-02-17,Mariposa,043,17540,2321,2310,187,2497,6
2022-02-17,Mendocino,045,87422,12766,12625,2903,15528,110
2022-02-17,Merced,047,269075,61209,60886,8361,69247,769
2022-02-17,Modoc,049,8938,719,714,246,960,6
2022-02-17,Mono,051,14174,2950,2956,118,3074,5
2022-02-17,Monterey,053,433212,77912,76765,12940,89705,682
2022-02-17,Napa,055,140530,25062,24970,912,25882,127
2022-02-17,Nevada,057,99092,15685,15715,1141,16856,121
2022-02-17,Orange,059,3164182,539700,538019,40285,578304,6416
2022-02-17,Placer,061,380077,61777,61417,7196,68613,560
2022-02-17,Plumas,063,18699,2914,2646,348,2994,13
2022-02-17,Riverside,065,2383286,585361,581788,27243,609031,6087
2022-02-17,Sacramento,067,1510023,276326,270080,25893,295973,2747
2022-02-17,San Benito,069,59416,12692,12665,500,13165,92
2022-02-17,San Bernardino,071,2135413,566781,553151,24460,577611,6400
2022-02-17,San Diego,073,3302833,738611,729549,51320,780869,4947
2022-02-17,San Francisco,075,870044,120545,121197,7974,129171,756
2022-02-17,San Joaquin,077,732212,164060,163083,9673,172756,2033
2022-02-17,San Luis Obispo,079,281455,51260,50823,3610,54433,424
2022-02-17,San Mateo,081,765935,118831,116648,6704,123352,598
2022-02-17,Santa Barbara,083,443738,84370,83988,4600,88588,642
2022-02-17,Santa Clara,085,1922200,303238,303077,11977,315054,2138
2022-02-17,Santa Cruz,087,273765,46147,45532,2037,47569,250
2022-02-17,Shasta,089,179085,29970,29847,5963,35810,479
2022-02-17,Sierra,091,2930,271,269,46,315,0
2022-02-17,Siskiyou,093,43540,4351,4307,2650,6957,70
2022-02-17,Solano,095,438530,79730,78914,5434,84348,424
2022-02-17,Sonoma,097,501317,81705,80843,2488,83331,431
2022-02-17,Stanislaus,099,539301,115875,115976,17239,133215,1454
2022-02-17,Sutter,101,95872,20127,20060,1955,22015,210
2022-02-17,Tehama,103,63373,11847,11760,2557,14317,152
2022-02-17,Trinity,105,12862,1164,1130,280,1410,20
2022-02-17,Tulare,107,460477,104845,101996,26963,128959,1286
2022-02-17,Tuolumne,109,53932,12432,12036,538,12574,175
2022-02-17,Ventura,111,848112,170829,170331,9237,179568,1384
2022-02-17,Yolo,113,214977,36191,35363,2926,38289,293
2022-02-17,Yuba,115,75493,15535,15449,1144,16593,112
2022-02-16,Alameda,001,1643700,249836,245662,13171,258833,1691
2022-02-16,Alpine,003,1148,121,124,1,125,0
2022-02-16,Amador,005,37829,8278,8197,623,8820,77
2022-02-16,Butte,007,227075,32456,32095,6752,38847,363
2022-02-16,Calaveras,009,45235,7128,7129,328,7457,107
2022-02-16,Colusa,011,21464,3394,3384,1033,4417,21
2022-02-16,Contra Costa,013,1133247,186038,182423,12681,195104,1179
2022-02-16,Del Norte,015,27424,5527,5473,164,5637,45
2022-02-16,El Dorado,017,186661,26290,26061,3137,29198,189
2022-02-16,Fresno,019,978130,226707,223056,23102,246158,2542
2022-02-16,Glenn,021,27897,4909,4873,1574,6447,39
2022-02-16,Humboldt,023,135768,16410,16342,2832,19174,132
2022-02-16,Imperial,025,180216,54501,53901,10348,64249,861
2022-02-16,Inyo,027,18085,4028,4013,444,4457,52
2022-02-16,Kern,029,883053,189111,186740,44899,231639,2084
2022-02-16,Kings,031,150075,50450,49575,3437,53012,420
2022-02-16,Lake,033,64148,10323,10145,851,10996,125
2022-02-16,Lassen,035,31185,8712,8618,859,9477,55
2022-02-16,Los Angeles,037,10098052,2675552,2640005,121159,2761164,29749
2022-02-16,Madera,039,155013,36619,36382,5868,42250,330
2022-02-16,Marin,041,260295,32589,32381,2139,34520,257
2022-02-16,Mariposa,043,17540,2319,2305,187,2492,6
2022-02-16,Mendocino,045,87422,12744,12605,2893,15498,108
2022-02-16,Merced,047,269075,61143,60776,8329,69105,767
2022-02-16,Modoc,049,8938,719,711,242,953,6
2022-02-16,Mono,051,14174,2948,2953,118,3071,5
2022-02-16,Monterey,053,433212,77765,76624,12899,89523,682
2022-02-16,Napa,055,140530,25023,24897,909,25806,128
2022-02-16,Nevada,057,99092,15668,15677,1137,16814,121
2022-02-16,Orange,059,3164182,539298,537934,40241,578175,6392
2022-02-16,Placer,061,380077,61734,61278,7184,68462,556
2022-02-16,Plumas,063,18699,2911,2644,346,2990,13
2022-02-16,Riverside,065,2383286,584962,580828,27197,608025,6064
2022-02-16,Sacramento,067,1510023,276001,269416,25837,295253,2736
2022-02-16,San Benito,069,59416,12665,12644,500,13144,92
2022-02-16,San Bernardino,071,2135413,566509,552353,24438,576791,6379
2022-02-16,San Diego,073,3302833,737851,728610,51245,779855,4931
2022-02-16,San Francisco,075,870044,120372,120987,7971,128958,756
2022-02-16,San Joaquin,077,732212,163893,162752,9663,172415,2032
2022-02-16,San Luis Obispo,079,281455,51188,50704,3598,54302,425
2022-02-16,San Mateo,081,765935,118713,116438,6686,123124,595
2022-02-16,Santa Barbara,083,443738,84294,83968,4588,88556,642
2022-02-16,Santa Clara,085,1922200,302851,302439,11944,314383,2130
2022-02-16,Santa Cruz,087,273765,46057,45274,2035,47309,250
2022-02-16,Shasta,089,179085,29932,29767,5951,35718,477
2022-02-16,Sierra,091,2930,270,269,46,315,0
2022-02-16,Siskiyou,093,43540,4344,4302,2644,6946,71
2022-02-16,Solano,095,438530,79615,78742,5428,84170,422
2022-02-16,Sonoma,097,501317,81577,80642,2478,83120,431
2022-02-16,Stanislaus,099,539301,115756,115751,17208,132959,1443
2022-02-16,Sutter,101,95872,20110,20020,1952,21972,210
2022-02-16,Tehama,103,63373,11830,11738,2555,14293,152
2022-02-16,Trinity,105,12862,1164,1130,279,1409,20
2022-02-16,Tulare,107,460477,104725,101817,26913,128730,1281
2022-02-16,Tuolumne,109,53932,12420,11991,537,12528,171
2022-02-16,Ventura,111,848112,170692,170117,9229,179346,1372
2022-02-16,Yolo,113,214977,36140,35284,2924,38208,292
2022-02-16,Yuba,115,75493,15513,15405,1141,16546,110
2022-02-15,Alameda,001,1643700,249485,245265,13143,258408,1683
2022-02-15,Alpine,003,1148,121,124,1,125,0
2022-02-15,Amador,005,37829,8268,8183,622,8805,77
2022-02-15,Butte,007,227075,32406,32011,6738,38749,361
2022-02-15,Calaveras,009,45235,7118,7115,328,7443,106
2022-02-15,Colusa,011,21464,3386,3374,1032,4406,21
2022-02-15,Contra Costa,013,1133247,185780,182041,12651,194692,1179
2022-02-15,Del Norte,015,27424,5499,5439,163,5602,45
2022-02-15,El Dorado,017,186661,26271,25988,3132,29120,189
2022-02-15,Fresno,019,978130,226331,222673,23044,245717,2543
2022-02-15,Glenn,021,27897,4900,4862,1573,6435,39
2022-02-15,Humboldt,023,135768,16366,16297,2817,19114,132
2022-02-15,Imperial,025,180216,54438,53813,10333,64146,860
2022-02-15,Inyo,027,18085,4027,4009,443,4452,52
2022-02-15,Kern,029,883053,188891,186324,44809,231133,2072
2022-02-15,Kings,031,150075,50357,49473,3428,52901,418
2022-02-15,Lake,033,64148,10291,10112,845,10957,123
2022-02-15,Lassen,035,31185,8698,8587,857,9444,55
2022-02-15,Los Angeles,037,10098052,2673295,2638266,121027,2759293,29691
2022-02-15,Madera,039,155013,36552,36260,5848,42108,330
2022-02-15,Marin,041,260295,32547,32355,2137,34492,255
2022-02-15,Mariposa,043,17540,2318,2302,187,2489,6
2022-02-15,Mendocino,045,87422,12727,12580,2874,15454,108
2022-02-15,Merced,047,269075,61060,60674,8298,68972,763
2022-02-15,Modoc,049,8938,717,710,239,949,6
2022-02-15,Mono,051,14174,2947,2952,118,3070,5
2022-02-15,Monterey,053,433212,77639,75530,12841,88371,682
2022-02-15,Napa,055,140530,24973,24832,902,25734,127
2022-02-15,Nevada,057,99092,15642,15643,1136,16779,121
2022-02-15,Orange,059,3164182,538840,537478,40199,577677,6374
2022-02-15,Placer,061,380077,61673,61170,7173,68343,554
2022-02-15,Plumas,063,18699,2907,2638,346,2984,13
2022-02-15,Riverside,065,2383286,584475,579940,27138,607078,6049
2022-02-15,Sacramento,067,1510023,275614,268950,25759,294709,2721
2022-02-15,San Benito,069,59416,12646,12616,500,13116,91
2022-02-15,San Bernardino,071,2135413,566147,551803,24418,576221,6372
2022-02-15,San Diego,073,3302833,736889,727486,51147,778633,4914
2022-02-15,San Francisco,075,870044,120201,120759,7960,128719,756
2022-02-15,San Joaquin,077,732212,163673,162518,9650,172168,2021
2022-02-15,San Luis Obispo,079,281455,51091,50534,3583,54117,419
2022-02-15,San Mateo,081,765935,118577,116253,6666,122919,595
2022-02-15,Santa Barbara,083,443738,84159,83734,4574,88308,640
2022-02-15,Santa Clara,085,1922200,302359,301831,11907,313738,2130
2022-02-15,Santa Cruz,087,273765,45953,45171,2030,47201,250
2022-02-15,Shasta,089,179085,29881,29684,5937,35621,477
2022-02-15,Sierra,091,2930,270,269,46,315,0
2022-02-15,Siskiyou,093,43540,4337,4288,2637,6925,70
2022-02-15,Solano,095,438530,79481,78626,5423,84049,426
2022-02-15,Sonoma,097,501317,81456,80433,2472,82905,431
2022-02-15,Stanislaus,099,539301,115615,115549,17177,132726,1429
2022-02-15,Sutter,101,95872,20082,19980,1947,21927,208
2022-02-15,Tehama,103,63373,11812,11717,2553,14270,151
2022-02-15,Trinity,105,12862,1158,1125,276,1401,20
2022-02-15,Tulare,107,460477,104573,101645,26858,128503,1278
2022-02-15,Tuolumne,109,53932,12401,11945,535,12480,171
2022-02-15,Ventura,111,848112,170518,169942,9222,179164,1372
2022-02-15,Yolo,113,214977,36089,35241,2916,38157,289
2022-02-15,Yuba,115,75493,15485,15372,1136,16508,109
2022-02-14,Alameda,001,1643700,249050,244315,13111,257426,1677
2022-02-14,Alpine,003,1148,121,125,1,126,0
2022-02-14,Amador,005,37829,8253,8164,619,8783,77
2022-02-14,Butte,007,227075,32349,31946,6723,38669,360
2022-02-14,Calaveras,009,45235,7105,7097,326,7423,106
2022-02-14,Colusa,011,21464,3383,3367,1028,4395,21
2022-02-14,Contra Costa,013,1133247,185497,181753,12613,194366,1167
2022-02-14,Del Norte,015,27424,5476,5426,162,5588,45
2022-02-14,El Dorado,017,186661,26236,25915,3123,29038,188
2022-02-14,Fresno,019,978130,225850,222360,22956,245316,2538
2022-02-14,Glenn,021,27897,4894,4854,1573,6427,39
2022-02-14,Humboldt,023,135768,16326,16264,2792,19056,132
2022-02-14,Imperial,025,180216,54367,53765,10307,64072,860
2022-02-14,Inyo,027,18085,4026,4010,442,4452,52
2022-02-14,Kern,029,883053,188547,186037,44701,230738,2063
2022-02-14,Kings,031,150075,50251,49395,3419,52814,419
2022-02-14,Lake,033,64148,10254,10090,842,10932,123
2022-02-14,Lassen,035,31185,8688,8539,855,9394,55
2022-02-14,Los Angeles,037,10098052,2670712,2636064,120899,2756963,29650
2022-02-14,Madera,039,155013,36487,36194,5825,42019,330
2022-02-14,Marin,041,260295,32511,32304,2134,34438,255
2022-02-14,Mariposa,043,17540,2311,2295,187,2482,6
2022-02-14,Mendocino,045,87422,12700,12541,2842,15383,108
2022-02-14,Merced,047,269075,60971,60591,8256,68847,758
2022-02-14,Modoc,049,8938,712,707,239,946,6
2022-02-14,Mono,051,14174,2946,2954,118,3072,5
2022-02-14,Monterey,053,433212,77468,75407,12761,88168,678
2022-02-14,Napa,055,140530,24914,24776,902,25678,127
2022-02-14,Nevada,057,99092,15623,15629,1135,16764,121
2022-02-14,Orange,059,3164182,538335,536924,40134,577058,6355
2022-02-14,Placer,061,380077,61603,61123,7158,68281,554
2022-02-14,Plumas,063,18699,2905,2631,346,2977,13
2022-02-14,Riverside,065,2383286,583928,579174,27070,606244,5994
2022-02-14,Sacramento,067,1510023,275174,268547,25648,294195,2717
2022-02-14,San Benito,069,59416,12622,12598,499,13097,91
2022-02-14,San Bernardino,071,2135413,565732,551338,24398,575736,6372
2022-02-14,San Diego,073,3302833,735921,723902,51049,774951,4894
2022-02-14,San Francisco,075,870044,120010,120581,7950,128531,756
2022-02-14,San Joaquin,077,732212,163433,162363,9627,171990,2018
2022-02-14,San Luis Obispo,079,281455,50983,50465,3573,54038,416
2022-02-14,San Mateo,081,765935,118413,116129,6658,122787,592
2022-02-14,Santa Barbara,083,443738,84013,83697,4564,88261,636
2022-02-14,Santa Clara,085,1922200,301825,301319,11883,313202,2127
2022-02-14,Santa Cruz,087,273765,45790,45042,2026,47068,250
2022-02-14,Shasta,089,179085,29795,29595,5920,35515,474
2022-02-14,Sierra,091,2930,270,269,46,315,0
2022-02-14,Siskiyou,093,43540,4324,4278,2623,6901,69
2022-02-14,Solano,095,438530,79302,78533,5411,83944,427
2022-02-14,Sonoma,097,501317,81315,80336,2460,82796,431
2022-02-14,Stanislaus,099,539301,115438,115426,17136,132562,1406
2022-02-14,Sutter,101,95872,20054,19957,1941,21898,209
2022-02-14,Tehama,103,63373,11789,11686,2552,14238,151
2022-02-14,Trinity,105,12862,1155,1123,276,1399,20
2022-02-14,Tulare,107,460477,104366,101448,26763,128211,1276
2022-02-14,Tuolumne,109,53932,12372,11920,532,12452,170
2022-02-14,Ventura,111,848112,170341,169725,9210,178935,1361
2022-02-14,Yolo,113,214977,36030,35112,2906,38018,286
2022-02-14,Yuba,115,75493,15455,15375,1132,16507,108
2022-02-13,Alameda,001,1643700,248560,243681,13076,256757,1677
2022-02-13,Alpine,003,1148,121,125,1,126,0
2022-02-13,Amador,005,37829,8224,8146,616,8762,77
2022-02-13,Butte,007,227075,32276,31865,6701,38566,360
2022-02-13,Calaveras,009,45235,7098,7083,323,7406,106
2022-02-13,Colusa,011,21464,3381,3366,1026,4392,21
2022-02-13,Contra Costa,013,1133247,185132,181313,12549,193862,1159
2022-02-13,Del Norte,015,27424,5443,5379,162,5541,45
2022-02-13,El Dorado,017,186661,26199,25871,3115,28986,188
2022-02-13,Fresno,019,978130,225310,221686,22895,244581,2537
2022-02-13,Glenn,021,27897,4884,4847,1570,6417,39
2022-02-13,Humboldt,023,135768,16279,16210,2764,18974,132
2022-02-13,Imperial,025,180216,54269,53658,10272,63930,860
2022-02-13,Inyo,027,18085,4023,4006,440,4446,52
2022-02-13,Kern,029,883053,188295,185640,44616,230256,2063
2022-02-13,Kings,031,150075,50124,49243,3408,52651,416
2022-02-13,Lake,033,64148,10191,10042,835,10877,123
2022-02-13,Lassen,035,31185,8663,8503,853,9356,55
2022-02-13,Los Angeles,037,10098052,2667539,2631267,120760,2752027,29595
2022-02-13,Madera,039,155013,36369,36054,5797,41851,330
2022-02-13,Marin,041,260295,32440,32222,2127,34349,255
2022-02-13,Mariposa,043,17540,2305,2292,185,2477,6
2022-02-13,Mendocino,045,87422,12671,12521,2803,15324,108
2022-02-13,Merced,047,269075,60829,60460,8203,68663,758
2022-02-13,Modoc,049,8938,710,704,232,936,6
2022-02-13,Mono,051,14174,2945,2949,118,3067,5
2022-02-13,Monterey,053,433212,77261,75295,12687,87982,678
2022-02-13,Napa,055,140530,24837,24743,899,25642,127
2022-02-13,Nevada,057,99092,15589,15590,1128,16718,121
2022-02-13,Orange,059,3164182,537708,536134,40072,576206,6355
2022-02-13,Placer,061,380077,61527,61020,7137,68157,554
2022-02-13,Plumas,063,18699,2897,2626,343,2969,13
2022-02-13,Riverside,065,2383286,583337,578363,27029,605392,5995
2022-02-13,Sacramento,067,1510023,274664,267947,25519,293466,2699
2022-02-13,San Benito,069,59416,12589,12578,498,13076,91
2022-02-13,San Bernardino,071,2135413,565243,550632,24365,574997,6367
2022-02-13,San Diego,073,3302833,734782,723902,50930,774832,4894
2022-02-13,San Francisco,075,870044,119758,120295,7938,128233,756
2022-02-13,San Joaquin,077,732212,163126,162028,9599,171627,2018
2022-02-13,San Luis Obispo,079,281455,50838,50384,3565,53949,415
2022-02-13,San Mateo,081,765935,118192,115876,6633,122509,592
2022-02-13,Santa Barbara,083,443738,83849,83547,4557,88104,635
2022-02-13,Santa Clara,085,1922200,301185,300412,11846,312258,2114
2022-02-13,Santa Cruz,087,273765,45635,44887,2024,46911,240
2022-02-13,Shasta,089,179085,29716,29531,5897,35428,474
2022-02-13,Sierra,091,2930,270,269,46,315,0
2022-02-13,Siskiyou,093,43540,4317,4264,2607,6871,69
2022-02-13,Solano,095,438530,79146,78424,5387,83811,426
2022-02-13,Sonoma,097,501317,81149,80172,2448,82620,431
2022-02-13,Stanislaus,099,539301,115242,115156,17096,132252,1406
2022-02-13,Sutter,101,95872,20015,19900,1941,21841,209
2022-02-13,Tehama,103,63373,11763,11644,2549,14193,151
2022-02-13,Trinity,105,12862,1152,1120,273,1393,20
2022-02-13,Tulare,107,460477,104150,101135,26675,127810,1276
2022-02-13,Tuolumne,109,53932,12347,11891,527,12418,170
2022-02-13,Ventura,111,848112,170147,169422,9190,178612,1361
2022-02-13,Yolo,113,214977,35963,35057,2894,37951,286
2022-02-13,Yuba,115,75493,15421,15346,1131,16477,107
2022-02-12,Alameda,001,1643700,248338,242137,13062,255199,1668
2022-02-12,Alpine,003,1148,121,124,1,125,0
2022-02-12,Amador,005,37829,8218,8091,616,8707,76
2022-02-12,Butte,007,227075,32249,31601,6695,38296,360
2022-02-12,Calaveras,009,45235,7095,7022,322,7344,106
2022-02-12,Colusa,011,21464,3378,3345,1026,4371,21
2022-02-12,Contra Costa,013,1133247,184941,180270,12542,192812,1141
2022-02-12,Del Norte,015,27424,5424,5262,162,5424,45
2022-02-12,El Dorado,017,186661,26183,25692,3115,28807,188
2022-02-12,Fresno,019,978130,225097,219909,22880,242789,2509
2022-02-12,Glenn,021,27897,4883,4818,1569,6387,39
2022-02-12,Humboldt,023,135768,16255,16058,2761,18819,132
2022-02-12,Imperial,025,180216,54225,53304,10262,63566,860
2022-02-12,Inyo,027,18085,4021,3991,440,4431,52
2022-02-12,Kern,029,883053,188184,184639,44579,229218,2037
2022-02-12,Kings,031,150075,50084,48893,3401,52294,415
2022-02-12,Lake,033,64148,10170,9926,831,10757,123
2022-02-12,Lassen,035,31185,8640,8477,852,9329,55
2022-02-12,Los Angeles,037,10098052,2666378,2616426,120688,2737114,29364
2022-02-12,Madera,039,155013,36335,35710,5790,41500,330
2022-02-12,Marin,041,260295,32408,32048,2124,34172,255
2022-02-12,Mariposa,043,17540,2305,2286,185,2471,6
2022-02-12,Mendocino,045,87422,12655,12439,2803,15242,107
2022-02-12,Merced,047,269075,60775,60187,8198,68385,758
2022-02-12,Modoc,049,8938,710,697,232,929,6
2022-02-12,Mono,051,14174,2944,2939,118,3057,5
2022-02-12,Monterey,053,433212,77200,74842,12665,87507,672
2022-02-12,Napa,055,140530,24809,24530,899,25429,124
2022-02-12,Nevada,057,99092,15576,15499,1127,16626,119
2022-02-12,Orange,059,3164182,537418,534503,40036,574539,6305
2022-02-12,Placer,061,380077,61470,60636,7134,67770,554
2022-02-12,Plumas,063,18699,2896,2617,342,2959,13
2022-02-12,Riverside,065,2383286,582975,575566,27006,602572,5961
2022-02-12,Sacramento,067,1510023,274428,266347,25510,291857,2686
2022-02-12,San Benito,069,59416,12577,12526,498,13024,91
2022-02-12,San Bernardino,071,2135413,565008,548822,24353,573175,6360
2022-02-12,San Diego,073,3302833,734282,720287,50881,771168,4854
2022-02-12,San Francisco,075,870044,119636,119113,7927,127040,740
2022-02-12,San Joaquin,077,732212,162995,161234,9593,170827,2014
2022-02-12,San Luis Obispo,079,281455,50802,50064,3562,53626,416
2022-02-12,San Mateo,081,765935,118104,115235,6626,121861,589
2022-02-12,Santa Barbara,083,443738,83763,83390,4550,87940,631
2022-02-12,Santa Clara,085,1922200,300846,298176,11838,310014,2093
2022-02-12,Santa Cruz,087,273765,45599,44447,2022,46469,239
2022-02-12,Shasta,089,179085,29687,29370,5893,35263,473
2022-02-12,Sierra,091,2930,270,268,46,314,0
2022-02-12,Siskiyou,093,43540,4310,4231,2604,6835,68
2022-02-12,Solano,095,438530,79104,77865,5382,83247,424
2022-02-12,Sonoma,097,501317,81045,79533,2446,81979,431
2022-02-12,Stanislaus,099,539301,115117,114531,17084,131615,1406
2022-02-12,Sutter,101,95872,20000,19800,1941,21741,211
2022-02-12,Tehama,103,63373,11748,11580,2549,14129,151
2022-02-12,Trinity,105,12862,1151,1115,273,1388,20
2022-02-12,Tulare,107,460477,104055,100434,26638,127072,1273
2022-02-12,Tuolumne,109,53932,12329,11754,527,12281,125
2022-02-12,Ventura,111,848112,170039,168736,9185,177921,1340
2022-02-12,Yolo,113,214977,35922,34773,2891,37664,286
2022-02-12,Yuba,115,75493,15407,15242,1130,16372,107
2022-02-11,Alameda,001,1643700,248058,242137,13047,255184,1668
2022-02-11,Alpine,003,1148,121,124,1,125,0
2022-02-11,Amador,005,37829,8206,8091,616,8707,76
2022-02-11,Butte,007,227075,32205,31601,6684,38285,360
2022-02-11,Calaveras,009,45235,7092,7022,322,7344,106
2022-02-11,Colusa,011,21464,3376,3345,1025,4370,21
2022-02-11,Contra Costa,013,1133247,184736,180270,12523,192793,1141
2022-02-11,Del Norte,015,27424,5408,5262,161,5423,45
2022-02-11,El Dorado,017,186661,26164,25692,3114,28806,188
2022-02-11,Fresno,019,978130,224802,219909,22862,242771,2509
2022-02-11,Glenn,021,27897,4879,4818,1569,6387,39
2022-02-11,Humboldt,023,135768,16226,16058,2756,18814,132
2022-02-11,Imperial,025,180216,54195,53304,10251,63555,860
2022-02-11,Inyo,027,18085,4017,3991,436,4427,52
2022-02-11,Kern,029,883053,188026,184639,44528,229167,2037
2022-02-11,Kings,031,150075,50044,48893,3400,52293,415
2022-02-11,Lake,033,64148,10145,9926,829,10755,123
2022-02-11,Lassen,035,31185,8600,8477,852,9329,55
2022-02-11,Los Angeles,037,10098052,2664750,2616426,120598,2737024,29364
2022-02-11,Madera,039,155013,36293,35710,5784,41494,330
2022-02-11,Marin,041,260295,32376,32048,2121,34169,255
2022-02-11,Mariposa,043,17540,2300,2286,185,2471,6
2022-02-11,Mendocino,045,87422,12639,12439,2803,15242,107
2022-02-11,Merced,047,269075,60725,60187,8191,68378,758
2022-02-11,Modoc,049,8938,708,697,232,929,6
2022-02-11,Mono,051,14174,2943,2939,118,3057,5
2022-02-11,Monterey,053,433212,77084,74842,12652,87494,672
2022-02-11,Napa,055,140530,24782,24530,899,25429,124
2022-02-11,Nevada,057,99092,15562,15499,1124,16623,119
2022-02-11,Orange,059,3164182,537067,534503,39976,574479,6305
2022-02-11,Placer,061,380077,61418,60636,7132,67768,554
2022-02-11,Plumas,063,18699,2892,2617,340,2957,13
2022-02-11,Riverside,065,2383286,582556,575566,26990,602556,5961
2022-02-11,Sacramento,067,1510023,274164,266347,25498,291845,2686
2022-02-11,San Benito,069,59416,12572,12526,498,13024,91
2022-02-11,San Bernardino,071,2135413,564693,548822,24339,573161,6360
2022-02-11,San Diego,073,3302833,733579,720287,50822,771109,4854
2022-02-11,San Francisco,075,870044,119515,119113,7911,127024,740
2022-02-11,San Joaquin,077,732212,162827,161234,9581,170815,2014
2022-02-11,San Luis Obispo,079,281455,50765,50064,3558,53622,416
2022-02-11,San Mateo,081,765935,117986,115235,6617,121852,589
2022-02-11,Santa Barbara,083,443738,83679,83390,4549,87939,631
2022-02-11,Santa Clara,085,1922200,300421,298176,11821,309997,2093
2022-02-11,Santa Cruz,087,273765,45508,44447,2022,46469,239
2022-02-11,Shasta,089,179085,29656,29370,5885,35255,473
2022-02-11,Sierra,091,2930,269,268,45,313,0
2022-02-11,Siskiyou,093,43540,4299,4231,2598,6829,68
2022-02-11,Solano,095,438530,78979,77865,5376,83241,424
2022-02-11,Sonoma,097,501317,80958,79533,2441,81974,431
2022-02-11,Stanislaus,099,539301,115015,114531,17070,131601,1406
2022-02-11,Sutter,101,95872,19977,19800,1939,21739,211
2022-02-11,Tehama,103,63373,11735,11580,2549,14129,151
2022-02-11,Trinity,105,12862,1150,1115,272,1387,20
2022-02-11,Tulare,107,460477,103937,100434,26587,127021,1273
2022-02-11,Tuolumne,109,53932,12314,11754,525,12279,125
2022-02-11,Ventura,111,848112,169900,168736,9180,177916,1340
2022-02-11,Yolo,113,214977,35889,34773,2889,37662,286
2022-02-11,Yuba,115,75493,15390,15242,1129,16371,107
2022-02-10,Alameda,001,1643700,247532,242137,13000,255137,1668
2022-02-10,Alpine,003,1148,121,124,1,125,0
2022-02-10,Amador,005,37829,8194,8091,610,8701,76
2022-02-10,Butte,007,227075,32153,31601,6670,38271,360
2022-02-10,Calaveras,009,45235,7080,7022,320,7342,106
2022-02-10,Colusa,011,21464,3370,3345,1023,4368,21
2022-02-10,Contra Costa,013,1133247,184373,180270,12459,192729,1141
2022-02-10,Del Norte,015,27424,5379,5262,159,5421,45
2022-02-10,El Dorado,017,186661,26119,25692,3107,28799,188
2022-02-10,Fresno,019,978130,224223,219909,22776,242685,2509
2022-02-10,Glenn,021,27897,4875,4818,1567,6385,39
2022-02-10,Humboldt,023,135768,16176,16058,2734,18792,132
2022-02-10,Imperial,025,180216,54126,53304,10208,63512,860
2022-02-10,Inyo,027,18085,4013,3991,436,4427,52
2022-02-10,Kern,029,883053,187718,184639,44419,229058,2037
2022-02-10,Kings,031,150075,49933,48893,3389,52282,415
2022-02-10,Lake,033,64148,10114,9926,827,10753,123
2022-02-10,Lassen,035,31185,8586,8477,850,9327,55
2022-02-10,Los Angeles,037,10098052,2661596,2616426,120412,2736838,29364
2022-02-10,Madera,039,155013,36196,35710,5753,41463,330
2022-02-10,Marin,041,260295,32318,32048,2109,34157,255
2022-02-10,Mariposa,043,17540,2296,2286,184,2470,6
2022-02-10,Mendocino,045,87422,12617,12439,2779,15218,107
2022-02-10,Merced,047,269075,60601,60187,8138,68325,758
2022-02-10,Modoc,049,8938,707,697,231,928,6
2022-02-10,Mono,051,14174,2941,2939,117,3056,5
2022-02-10,Monterey,053,433212,76901,74842,12572,87414,672
2022-02-10,Napa,055,140530,24718,24530,897,25427,124
2022-02-10,Nevada,057,99092,15537,15499,1123,16622,119
2022-02-10,Orange,059,3164182,536418,534503,39909,574412,6305
2022-02-10,Placer,061,380077,61337,60636,7123,67759,554
2022-02-10,Plumas,063,18699,2889,2617,333,2950,13
2022-02-10,Riverside,065,2383286,581831,575566,26934,602500,5961
2022-02-10,Sacramento,067,1510023,273682,266347,25410,291757,2686
2022-02-10,San Benito,069,59416,12551,12526,496,13022,91
2022-02-10,San Bernardino,071,2135413,564150,548822,24309,573131,6360
2022-02-10,San Diego,073,3302833,732473,720287,50702,770989,4854
2022-02-10,San Francisco,075,870044,119301,119113,7894,127007,740
2022-02-10,San Joaquin,077,732212,162514,161234,9573,170807,2014
2022-02-10,San Luis Obispo,079,281455,50666,50064,3547,53611,416
2022-02-10,San Mateo,081,765935,117761,115235,6600,121835,589
2022-02-10,Santa Barbara,083,443738,83495,83390,4543,87933,631
2022-02-10,Santa Clara,085,1922200,299754,298176,11765,309941,2093
2022-02-10,Santa Cruz,087,273765,45364,44447,2021,46468,239
2022-02-10,Shasta,089,179085,29594,29370,5865,35235,473
2022-02-10,Sierra,091,2930,269,268,45,313,0
2022-02-10,Siskiyou,093,43540,4294,4231,2585,6816,68
2022-02-10,Solano,095,438530,78786,77865,5357,83222,424
2022-02-10,Sonoma,097,501317,80822,79533,2424,81957,431
2022-02-10,Stanislaus,099,539301,114836,114531,17032,131563,1406
2022-02-10,Sutter,101,95872,19938,19800,1924,21724,211
2022-02-10,Tehama,103,63373,11705,11580,2546,14126,151
2022-02-10,Trinity,105,12862,1147,1115,271,1386,20
2022-02-10,Tulare,107,460477,103750,100434,26510,126944,1273
2022-02-10,Tuolumne,109,53932,12292,11754,520,12274,125
2022-02-10,Ventura,111,848112,169619,168736,9166,177902,1340
2022-02-10,Yolo,113,214977,35812,34773,2883,37656,286
2022-02-10,Yuba,115,75493,15358,15242,1124,16366,107
2022-02-09,Alameda,001,1643700,247000,241141,12944,254085,1668
2022-02-09,Alpine,003,1148,120,124,1,125,0
2022-02-09,Amador,005,37829,8180,8069,605,8674,76
2022-02-09,Butte,007,227075,32060,31433,6656,38089,359
2022-02-09,Calaveras,009,45235,7066,7005,316,7321,106
2022-02-09,Colusa,011,21464,3367,3331,1022,4353,21
2022-02-09,Contra Costa,013,1133247,184019,179695,12413,192108,1132
2022-02-09,Del Norte,015,27424,5332,5204,158,5362,45
2022-02-09,El Dorado,017,186661,26082,25572,3095,28667,186
2022-02-09,Fresno,019,978130,223609,218989,22688,241677,2502
2022-02-09,Glenn,021,27897,4862,4804,1566,6370,39
2022-02-09,Humboldt,023,135768,16129,15929,2709,18638,131
2022-02-09,Imperial,025,180216,54023,53102,10135,63237,858
2022-02-09,Inyo,027,18085,4007,3989,435,4424,52
2022-02-09,Kern,029,883053,187342,184068,44305,228373,2021
2022-02-09,Kings,031,150075,49822,48718,3383,52101,410
2022-02-09,Lake,033,64148,10074,9880,822,10702,124
2022-02-09,Lassen,035,31185,8561,8459,849,9308,55
2022-02-09,Los Angeles,037,10098052,2657916,2611611,120278,2731889,29263
2022-02-09,Madera,039,155013,36098,35559,5723,41282,330
2022-02-09,Marin,041,260295,32268,31965,2102,34067,255
2022-02-09,Mariposa,043,17540,2293,2279,184,2463,6
2022-02-09,Mendocino,045,87422,12583,12378,2750,15128,107
2022-02-09,Merced,047,269075,60471,59952,8086,68038,755
2022-02-09,Modoc,049,8938,704,691,230,921,6
2022-02-09,Mono,051,14174,2939,2937,117,3054,5
2022-02-09,Monterey,053,433212,76699,74500,12486,86986,670
2022-02-09,Napa,055,140530,24672,24429,892,25321,123
2022-02-09,Nevada,057,99092,15516,15446,1121,16567,119
2022-02-09,Orange,059,3164182,535788,534316,39829,574145,6263
2022-02-09,Placer,061,380077,61242,60490,7103,67593,553
2022-02-09,Plumas,063,18699,2884,2609,329,2938,13
2022-02-09,Riverside,065,2383286,581088,573907,26889,600796,5911
2022-02-09,Sacramento,067,1510023,273116,265624,25294,290918,2673
2022-02-09,San Benito,069,59416,12527,12492,496,12988,91
2022-02-09,San Bernardino,071,2135413,563543,547768,24283,572051,6349
2022-02-09,San Diego,073,3302833,731116,717896,50592,768488,4832
2022-02-09,San Francisco,075,870044,119052,118550,7883,126433,731
2022-02-09,San Joaquin,077,732212,162209,160618,9563,170181,2014
2022-02-09,San Luis Obispo,079,281455,50520,49833,3542,53375,414
2022-02-09,San Mateo,081,765935,117573,114890,6560,121450,589
2022-02-09,Santa Barbara,083,443738,83313,82830,4537,87367,629
2022-02-09,Santa Clara,085,1922200,299036,297157,11707,308864,2090
2022-02-09,Santa Cruz,087,273765,45183,44200,2014,46214,239
2022-02-09,Shasta,089,179085,29525,29215,5844,35059,471
2022-02-09,Sierra,091,2930,268,268,44,312,0
2022-02-09,Siskiyou,093,43540,4280,4217,2579,6796,68
2022-02-09,Solano,095,438530,78595,77299,5346,82645,423
2022-02-09,Sonoma,097,501317,80648,79165,2417,81582,431
2022-02-09,Stanislaus,099,539301,114587,114039,16800,130839,1406
2022-02-09,Sutter,101,95872,19896,19758,1911,21669,207
2022-02-09,Tehama,103,63373,11678,11542,2542,14084,149
2022-02-09,Trinity,105,12862,1143,1110,270,1380,20
2022-02-09,Tulare,107,460477,103536,100049,26424,126473,1271
2022-02-09,Tuolumne,109,53932,12254,11702,517,12219,95
2022-02-09,Ventura,111,848112,169382,168253,9153,177406,1325
2022-02-09,Yolo,113,214977,35742,34588,2867,37455,285
2022-02-09,Yuba,115,75493,15327,15187,1113,16300,105
2022-02-08,Alameda,001,1643700,246360,240587,12871,253458,1651
2022-02-08,Alpine,003,1148,120,124,1,125,0
2022-02-08,Amador,005,37829,8172,8050,598,8648,76
2022-02-08,Butte,007,227075,31975,31353,6632,37985,359
2022-02-08,Calaveras,009,45235,7049,6981,314,7295,101
2022-02-08,Colusa,011,21464,3359,3320,1021,4341,21
2022-02-08,Contra Costa,013,1133247,183589,179078,12336,191414,1132
2022-02-08,Del Norte,015,27424,5307,5156,153,5309,44
2022-02-08,El Dorado,017,186661,26037,25446,3084,28530,186
2022-02-08,Fresno,019,978130,222862,218416,22583,240999,2502
2022-02-08,Glenn,021,27897,4845,4784,1562,6346,39
2022-02-08,Humboldt,023,135768,16068,15865,2677,18542,130
2022-02-08,Imperial,025,180216,53895,52977,10091,63068,855
2022-02-08,Inyo,027,18085,4002,3983,435,4418,52
2022-02-08,Kern,029,883053,187006,183519,44175,227694,2010
2022-02-08,Kings,031,150075,49662,48479,3371,51850,411
2022-02-08,Lake,033,64148,10044,9806,816,10622,125
2022-02-08,Lassen,035,31185,8552,8423,845,9268,55
2022-02-08,Los Angeles,037,10098052,2653578,2611204,120090,2731294,29259
2022-02-08,Madera,039,155013,35990,35381,5667,41048,330
2022-02-08,Marin,041,260295,32194,31878,2097,33975,255
2022-02-08,Mariposa,043,17540,2291,2266,176,2442,6
2022-02-08,Mendocino,045,87422,12551,12336,2719,15055,107
2022-02-08,Merced,047,269075,60362,59789,8027,67816,751
2022-02-08,Modoc,049,8938,700,684,230,914,6
2022-02-08,Mono,051,14174,2938,2932,117,3049,5
2022-02-08,Monterey,053,433212,76492,74316,12400,86716,670
2022-02-08,Napa,055,140530,24599,24346,885,25231,121
2022-02-08,Nevada,057,99092,15489,15383,1118,16501,117
2022-02-08,Orange,059,3164182,535101,533507,39741,573248,6205
2022-02-08,Placer,061,380077,61134,60301,7091,67392,553
2022-02-08,Plumas,063,18699,2873,2596,322,2918,13
2022-02-08,Riverside,065,2383286,580258,571892,26817,598709,5908
2022-02-08,Sacramento,067,1510023,272446,264479,25119,289598,2664
2022-02-08,San Benito,069,59416,12503,12434,494,12928,91
2022-02-08,San Bernardino,071,2135413,562832,544658,24239,568897,6335
2022-02-08,San Diego,073,3302833,729543,717896,50462,768358,4832
2022-02-08,San Francisco,075,870044,118740,117942,7874,125816,731
2022-02-08,San Joaquin,077,732212,161826,160147,9545,169692,2005
2022-02-08,San Luis Obispo,079,281455,50355,49556,3512,53068,410
2022-02-08,San Mateo,081,765935,117355,114541,6531,121072,589
2022-02-08,Santa Barbara,083,443738,83145,82461,4512,86973,627
2022-02-08,Santa Clara,085,1922200,298155,295679,11660,307339,2091
2022-02-08,Santa Cruz,087,273765,45028,43884,2009,45893,239
2022-02-08,Shasta,089,179085,29442,29084,5816,34900,470
2022-02-08,Sierra,091,2930,268,267,44,311,0
2022-02-08,Siskiyou,093,43540,4270,4191,2570,6761,68
2022-02-08,Solano,095,438530,78363,77031,5331,82362,421
2022-02-08,Sonoma,097,501317,80434,78798,2393,81191,431
2022-02-08,Stanislaus,099,539301,114334,113733,16725,130458,1406
2022-02-08,Sutter,101,95872,19858,19717,1899,21616,203
2022-02-08,Tehama,103,63373,11651,11491,2535,14026,149
2022-02-08,Trinity,105,12862,1137,1110,270,1380,20
2022-02-08,Tulare,107,460477,103246,99694,26293,125987,1267
2022-02-08,Tuolumne,109,53932,12230,11665,515,12180,92
2022-02-08,Ventura,111,848112,169145,167830,9138,176968,1325
2022-02-08,Yolo,113,214977,35660,34462,2854,37316,281
2022-02-08,Yuba,115,75493,15282,15126,1091,16217,107
2022-02-07,Alameda,001,1643700,245647,238678,12805,251483,1643
2022-02-07,Alpine,003,1148,120,124,1,125,0
2022-02-07,Amador,005,37829,8144,7980,590,8570,75
2022-02-07,Butte,007,227075,31886,31184,6603,37787,355
2022-02-07,Calaveras,009,45235,7027,6910,313,7223,100
2022-02-07,Colusa,011,21464,3348,3283,1017,4300,21
2022-02-07,Contra Costa,013,1133247,183122,177767,12264,190031,1130
2022-02-07,Del Norte,015,27424,5266,5093,148,5241,44
2022-02-07,El Dorado,017,186661,25974,25257,3073,28330,185
2022-02-07,Fresno,019,978130,222010,216495,22438,238933,2493
2022-02-07,Glenn,021,27897,4838,4762,1558,6320,39
2022-02-07,Humboldt,023,135768,15993,15764,2652,18416,129
2022-02-07,Imperial,025,180216,53781,52689,10022,62711,853
2022-02-07,Inyo,027,18085,3997,3976,429,4405,51
2022-02-07,Kern,029,883053,186533,182047,44011,226058,1998
2022-02-07,Kings,031,150075,49478,48147,3354,51501,403
2022-02-07,Lake,033,64148,9998,9519,808,10327,125
2022-02-07,Lassen,035,31185,8534,8362,839,9201,55
2022-02-07,Los Angeles,037,10098052,2649115,2607438,119875,2727313,29210
2022-02-07,Madera,039,155013,35866,35083,5620,40703,330
2022-02-07,Marin,041,260295,32128,31670,2086,33756,255
2022-02-07,Mariposa,043,17540,2286,2253,172,2425,6
2022-02-07,Mendocino,045,87422,12493,12237,2681,14918,107
2022-02-07,Merced,047,269075,60235,59472,7934,67406,748
2022-02-07,Modoc,049,8938,696,679,230,909,6
2022-02-07,Mono,051,14174,2936,2917,117,3034,5
2022-02-07,Monterey,053,433212,76238,69433,12293,81726,670
2022-02-07,Napa,055,140530,24513,23237,876,24113,120
2022-02-07,Nevada,057,99092,15453,15268,1112,16380,113
2022-02-07,Orange,059,3164182,534339,531442,39660,571102,6179
2022-02-07,Placer,061,380077,61010,59894,7076,66970,546
2022-02-07,Plumas,063,18699,2862,2573,313,2886,13
2022-02-07,Riverside,065,2383286,579314,568874,26733,595607,5868
2022-02-07,Sacramento,067,1510023,271764,262834,24937,287771,2631
2022-02-07,San Benito,069,59416,12465,12285,492,12777,90
2022-02-07,San Bernardino,071,2135413,562035,542846,24201,567047,6335
2022-02-07,San Diego,073,3302833,727824,716244,50279,766523,4811
2022-02-07,San Francisco,075,870044,118401,113945,7849,121794,727
2022-02-07,San Joaquin,077,732212,161444,159358,9526,168884,1998
2022-02-07,San Luis Obispo,079,281455,50185,48994,3493,52487,406
2022-02-07,San Mateo,081,765935,117069,107060,6502,113562,589
2022-02-07,Santa Barbara,083,443738,82957,81608,4497,86105,624
2022-02-07,Santa Clara,085,1922200,297204,293360,11613,304973,2085
2022-02-07,Santa Cruz,087,273765,44811,43244,2005,45249,239
2022-02-07,Shasta,089,179085,29352,28900,5790,34690,468
2022-02-07,Sierra,091,2930,268,265,44,309,0
2022-02-07,Siskiyou,093,43540,4259,4157,2554,6711,68
2022-02-07,Solano,095,438530,78106,73934,5302,79236,420
2022-02-07,Sonoma,097,501317,80177,78296,2377,80673,431
2022-02-07,Stanislaus,099,539301,114076,113029,16583,129612,1406
2022-02-07,Sutter,101,95872,19826,19599,1871,21470,203
2022-02-07,Tehama,103,63373,11610,11418,2527,13945,146
2022-02-07,Trinity,105,12862,1133,1109,267,1376,20
2022-02-07,Tulare,107,460477,102887,98774,26163,124937,1263
2022-02-07,Tuolumne,109,53932,12182,11578,511,12089,92
2022-02-07,Ventura,111,848112,168828,166904,9123,176027,1324
2022-02-07,Yolo,113,214977,35548,34007,2840,36847,281
2022-02-07,Yuba,115,75493,15235,14998,1084,16082,105
2022-02-06,Alameda,001,1643700,244733,237188,12722,249910,1643
2022-02-06,Alpine,003,1148,120,123,1,124,0
2022-02-06,Amador,005,37829,8113,7922,578,8500,73
2022-02-06,Butte,007,227075,31759,31021,6552,37573,355
2022-02-06,Calaveras,009,45235,7000,6870,308,7178,99
2022-02-06,Colusa,011,21464,3338,3282,1016,4298,21
2022-02-06,Contra Costa,013,1133247,182487,176863,12109,188972,1128
2022-02-06,Del Norte,015,27424,5210,5038,146,5184,44
2022-02-06,El Dorado,017,186661,25911,25165,3061,28226,185
2022-02-06,Fresno,019,978130,221163,214726,22181,236907,2489
2022-02-06,Glenn,021,27897,4824,4738,1549,6287,39
2022-02-06,Humboldt,023,135768,15909,15658,2612,18270,128
2022-02-06,Imperial,025,180216,53594,52396,9976,62372,853
2022-02-06,Inyo,027,18085,3995,3970,426,4396,51
2022-02-06,Kern,029,883053,185981,181188,43771,224959,1996
2022-02-06,Kings,031,150075,49255,47669,3329,50998,401
2022-02-06,Lake,033,64148,9929,9468,791,10259,125
2022-02-06,Lassen,035,31185,8514,8326,834,9160,55
2022-02-06,Los Angeles,037,10098052,2643573,2602620,119616,2722236,29180
2022-02-06,Madera,039,155013,35682,34901,5528,40429,330
2022-02-06,Marin,041,260295,32031,31488,2073,33561,255
2022-02-06,Mariposa,043,17540,2278,2244,161,2405,6
2022-02-06,Mendocino,045,87422,12450,12169,2611,14780,107
2022-02-06,Merced,047,269075,60018,59112,7773,66885,748
2022-02-06,Modoc,049,8938,691,675,229,904,6
2022-02-06,Mono,051,14174,2931,2901,115,3016,5
2022-02-06,Monterey,053,433212,75872,67912,12136,80048,670
2022-02-06,Napa,055,140530,24394,23230,869,24099,120
2022-02-06,Nevada,057,99092,15388,15192,1099,16291,113
2022-02-06,Orange,059,3164182,533387,527906,39559,567465,6171
2022-02-06,Placer,061,380077,60834,59507,7050,66557,544
2022-02-06,Plumas,063,18699,2849,2559,304,2863,13
2022-02-06,Riverside,065,2383286,578173,568276,26656,594932,5865
2022-02-06,Sacramento,067,1510023,270895,261353,24677,286030,2631
2022-02-06,San Benito,069,59416,12410,12186,484,12670,90
2022-02-06,San Bernardino,071,2135413,561055,541103,24131,565234,6334
2022-02-06,San Diego,073,3302833,725763,709938,50039,759977,4786
2022-02-06,San Francisco,075,870044,118019,113115,7823,120938,728
2022-02-06,San Joaquin,077,732212,160878,158510,9487,167997,1997
2022-02-06,San Luis Obispo,079,281455,49960,48843,3436,52279,405
2022-02-06,San Mateo,081,765935,116730,105556,6463,112019,587
2022-02-06,Santa Barbara,083,443738,82639,81118,4460,85578,623
2022-02-06,Santa Clara,085,1922200,296096,291732,11497,303229,2075
2022-02-06,Santa Cruz,087,273765,44498,42952,1991,44943,239
2022-02-06,Shasta,089,179085,29229,28762,5741,34503,468
2022-02-06,Sierra,091,2930,268,265,44,309,0
2022-02-06,Siskiyou,093,43540,4238,4118,2528,6646,68
2022-02-06,Solano,095,438530,77808,73475,5259,78734,419
2022-02-06,Sonoma,097,501317,79842,77887,2357,80244,431
2022-02-06,Stanislaus,099,539301,113679,112521,16438,128959,1406
2022-02-06,Sutter,101,95872,19784,19523,1833,21356,203
2022-02-06,Tehama,103,63373,11570,11366,2507,13873,146
2022-02-06,Trinity,105,12862,1132,1102,266,1368,20
2022-02-06,Tulare,107,460477,102451,98260,25980,124240,1262
2022-02-06,Tuolumne,109,53932,12130,11507,494,12001,92
2022-02-06,Ventura,111,848112,168452,166235,9112,175347,1323
2022-02-06,Yolo,113,214977,35409,33784,2823,36607,281
2022-02-06,Yuba,115,75493,15190,14917,1075,15992,104
2022-02-05,Alameda,001,1643700,244317,235698,12713,248411,1638
2022-02-05,Alpine,003,1148,120,124,1,125,0
2022-02-05,Amador,005,37829,8104,7855,576,8431,71
2022-02-05,Butte,007,227075,31705,30733,6538,37271,355
2022-02-05,Calaveras,009,45235,6984,6789,308,7097,99
2022-02-05,Colusa,011,21464,3331,3234,1016,4250,21
2022-02-05,Contra Costa,013,1133247,182216,175871,12093,187964,1115
2022-02-05,Del Norte,015,27424,5168,4978,146,5124,44
2022-02-05,El Dorado,017,186661,25880,24813,3059,27872,185
2022-02-05,Fresno,019,978130,220817,213539,22160,235699,2477
2022-02-05,Glenn,021,27897,4822,4691,1543,6234,39
2022-02-05,Humboldt,023,135768,15860,15514,2609,18123,127
2022-02-05,Imperial,025,180216,53532,52153,9963,62116,853
2022-02-05,Inyo,027,18085,3992,3948,426,4374,51
2022-02-05,Kern,029,883053,185772,180296,43670,223966,1987
2022-02-05,Kings,031,150075,49168,47538,3322,50860,402
2022-02-05,Lake,033,64148,9910,9289,784,10073,124
2022-02-05,Lassen,035,31185,8503,8288,832,9120,55
2022-02-05,Los Angeles,037,10098052,2641389,2572702,119491,2692193,28947
2022-02-05,Madera,039,155013,35629,34471,5515,39986,329
2022-02-05,Marin,041,260295,31984,31299,2069,33368,255
2022-02-05,Mariposa,043,17540,2277,2222,160,2382,6
2022-02-05,Mendocino,045,87422,12422,12066,2609,14675,107
2022-02-05,Merced,047,269075,59925,58908,7766,66674,744
2022-02-05,Modoc,049,8938,690,664,229,893,6
2022-02-05,Mono,051,14174,2930,2904,115,3019,5
2022-02-05,Monterey,053,433212,75756,67342,12092,79434,666
2022-02-05,Napa,055,140530,24338,22973,868,23841,118
2022-02-05,Nevada,057,99092,15367,15002,1094,16096,113
2022-02-05,Orange,059,3164182,532945,527516,39469,566985,6134
2022-02-05,Placer,061,380077,60708,59043,7037,66080,533
2022-02-05,Plumas,063,18699,2848,2550,303,2853,13
2022-02-05,Riverside,065,2383286,577569,563991,26586,590577,5827
2022-02-05,Sacramento,067,1510023,270503,259437,24643,284080,2610
2022-02-05,San Benito,069,59416,12365,12142,484,12626,90
2022-02-05,San Bernardino,071,2135413,560543,539312,24111,563423,6322
2022-02-05,San Diego,073,3302833,724903,703957,49965,753922,4735
2022-02-05,San Francisco,075,870044,117809,112481,7796,120277,720
2022-02-05,San Joaquin,077,732212,160692,157420,9476,166896,1989
2022-02-05,San Luis Obispo,079,281455,49923,48361,3434,51795,404
2022-02-05,San Mateo,081,765935,116542,104810,6455,111265,587
2022-02-05,Santa Barbara,083,443738,82476,80478,4448,84926,617
2022-02-05,Santa Clara,085,1922200,295441,289262,11481,300743,2067
2022-02-05,Santa Cruz,087,273765,44424,42553,1988,44541,239
2022-02-05,Shasta,089,179085,29186,28604,5731,34335,466
2022-02-05,Sierra,091,2930,268,262,44,306,0
2022-02-05,Siskiyou,093,43540,4231,4106,2515,6621,67
2022-02-05,Solano,095,438530,77733,73112,5250,78362,415
2022-02-05,Sonoma,097,501317,79676,77213,2353,79566,431
2022-02-05,Stanislaus,099,539301,113476,111783,16415,128198,1406
2022-02-05,Sutter,101,95872,19754,19406,1827,21233,203
2022-02-05,Tehama,103,63373,11551,11259,2500,13759,146
2022-02-05,Trinity,105,12862,1130,1085,266,1351,20
2022-02-05,Tulare,107,460477,102282,97414,25899,123313,1254
2022-02-05,Tuolumne,109,53932,12105,11409,491,11900,91
2022-02-05,Ventura,111,848112,168225,165532,9096,174628,1308
2022-02-05,Yolo,113,214977,35324,33614,2808,36422,281
2022-02-05,Yuba,115,75493,15159,14801,1067,15868,105
2022-02-04,Alameda,001,1643700,243828,235698,12703,248401,1638
2022-02-04,Alpine,003,1148,120,124,1,125,0
2022-02-04,Amador,005,37829,8088,7855,572,8427,71
2022-02-04,Butte,007,227075,31645,30733,6526,37259,355
2022-02-04,Calaveras,009,45235,6974,6789,306,7095,99
2022-02-04,Colusa,011,21464,3327,3234,1014,4248,21
2022-02-04,Contra Costa,013,1133247,181889,175871,12065,187936,1115
2022-02-04,Del Norte,015,27424,5147,4978,146,5124,44
2022-02-04,El Dorado,017,186661,25844,24813,3056,27869,185
2022-02-04,Fresno,019,978130,220336,213539,22129,235668,2477
2022-02-04,Glenn,021,27897,4813,4691,1540,6231,39
2022-02-04,Humboldt,023,135768,15833,15514,2606,18120,127
2022-02-04,Imperial,025,180216,53455,52153,9946,62099,853
2022-02-04,Inyo,027,18085,3989,3948,426,4374,51
2022-02-04,Kern,029,883053,185547,180296,43546,223842,1987
2022-02-04,Kings,031,150075,49093,47538,3315,50853,402
2022-02-04,Lake,033,64148,9888,9289,781,10070,124
2022-02-04,Lassen,035,31185,8480,8288,832,9120,55
2022-02-04,Los Angeles,037,10098052,2638753,2572702,119361,2692063,28947
2022-02-04,Madera,039,155013,35546,34471,5507,39978,329
2022-02-04,Marin,041,260295,31920,31299,2060,33359,255
2022-02-04,Mariposa,043,17540,2275,2222,158,2380,6
2022-02-04,Mendocino,045,87422,12391,12066,2607,14673,107
2022-02-04,Merced,047,269075,59844,58908,7756,66664,744
2022-02-04,Modoc,049,8938,690,664,229,893,6
2022-02-04,Mono,051,14174,2928,2904,115,3019,5
2022-02-04,Monterey,053,433212,75566,67342,12049,79391,666
2022-02-04,Napa,055,140530,24291,22973,864,23837,118
2022-02-04,Nevada,057,99092,15333,15002,1090,16092,113
2022-02-04,Orange,059,3164182,532395,527516,39412,566928,6134
2022-02-04,Placer,061,380077,60604,59043,7026,66069,533
2022-02-04,Plumas,063,18699,2841,2550,302,2852,13
2022-02-04,Riverside,065,2383286,576857,563991,26574,590565,5827
2022-02-04,Sacramento,067,1510023,270000,259437,24620,284057,2610
2022-02-04,San Benito,069,59416,12346,12142,482,12624,90
2022-02-04,San Bernardino,071,2135413,559962,539312,24090,563402,6322
2022-02-04,San Diego,073,3302833,723770,703957,49891,753848,4735
2022-02-04,San Francisco,075,870044,117568,112481,7771,120252,720
2022-02-04,San Joaquin,077,732212,160462,157420,9465,166885,1989
2022-02-04,San Luis Obispo,079,281455,49862,48361,3427,51788,404
2022-02-04,San Mateo,081,765935,116311,104810,6441,111251,587
2022-02-04,Santa Barbara,083,443738,82326,80478,4447,84925,617
2022-02-04,Santa Clara,085,1922200,294773,289262,11460,300722,2067
2022-02-04,Santa Cruz,087,273765,44219,42553,1984,44537,239
2022-02-04,Shasta,089,179085,29133,28604,5720,34324,466
2022-02-04,Sierra,091,2930,268,262,44,306,0
2022-02-04,Siskiyou,093,43540,4223,4106,2508,6614,67
2022-02-04,Solano,095,438530,77541,73112,5212,78324,415
2022-02-04,Sonoma,097,501317,79517,77213,2272,79485,431
2022-02-04,Stanislaus,099,539301,113295,111783,16390,128173,1406
2022-02-04,Sutter,101,95872,19730,19406,1820,21226,203
2022-02-04,Tehama,103,63373,11536,11259,2499,13758,146
2022-02-04,Trinity,105,12862,1129,1085,265,1350,20
2022-02-04,Tulare,107,460477,102099,97414,25817,123231,1254
2022-02-04,Tuolumne,109,53932,12093,11409,490,11899,91
2022-02-04,Ventura,111,848112,167956,165532,9088,174620,1308
2022-02-04,Yolo,113,214977,35231,33614,2802,36416,281
2022-02-04,Yuba,115,75493,15141,14801,1067,15868,105
2022-02-03,Alameda,001,1643700,243059,235698,12641,248339,1638
2022-02-03,Alpine,003,1148,120,124,1,125,0
2022-02-03,Amador,005,37829,8068,7855,567,8422,71
2022-02-03,Butte,007,227075,31537,30733,6497,37230,355
2022-02-03,Calaveras,009,45235,6944,6789,303,7092,99
2022-02-03,Colusa,011,21464,3314,3234,1012,4246,21
2022-02-03,Contra Costa,013,1133247,181288,175871,11967,187838,1115
2022-02-03,Del Norte,015,27424,5103,4978,143,5121,44
2022-02-03,El Dorado,017,186661,25773,24813,3050,27863,185
2022-02-03,Fresno,019,978130,219407,213539,21963,235502,2477
2022-02-03,Glenn,021,27897,4796,4691,1523,6214,39
2022-02-03,Humboldt,023,135768,15757,15514,2570,18084,127
2022-02-03,Imperial,025,180216,53311,52153,9896,62049,853
2022-02-03,Inyo,027,18085,3986,3948,422,4370,51
2022-02-03,Kern,029,883053,185084,180296,43332,223628,1987
2022-02-03,Kings,031,150075,48936,47538,3308,50846,402
2022-02-03,Lake,033,64148,9834,9289,775,10064,124
2022-02-03,Lassen,035,31185,8456,8288,831,9119,55
2022-02-03,Los Angeles,037,10098052,2633323,2572702,119098,2691800,28947
2022-02-03,Madera,039,155013,35409,34471,5463,39934,329
2022-02-03,Marin,041,260295,31824,31299,2055,33354,255
2022-02-03,Mariposa,043,17540,2263,2222,155,2377,6
2022-02-03,Mendocino,045,87422,12347,12066,2584,14650,107
2022-02-03,Merced,047,269075,59694,58908,7660,66568,744
2022-02-03,Modoc,049,8938,687,664,229,893,6
2022-02-03,Mono,051,14174,2923,2904,114,3018,5
2022-02-03,Monterey,053,433212,75279,67342,11857,79199,666
2022-02-03,Napa,055,140530,24159,22973,864,23837,118
2022-02-03,Nevada,057,99092,15293,15002,1080,16082,113
2022-02-03,Orange,059,3164182,531471,527516,39320,566836,6134
2022-02-03,Placer,061,380077,60407,59043,7003,66046,533
2022-02-03,Plumas,063,18699,2827,2550,298,2848,13
2022-02-03,Riverside,065,2383286,575659,563991,26503,590494,5827
2022-02-03,Sacramento,067,1510023,269044,259437,24432,283869,2610
2022-02-03,San Benito,069,59416,12319,12142,479,12621,90
2022-02-03,San Bernardino,071,2135413,558945,539312,24051,563363,6322
2022-02-03,San Diego,073,3302833,721799,703957,49728,753685,4735
2022-02-03,San Francisco,075,870044,117233,112481,7741,120222,720
2022-02-03,San Joaquin,077,732212,159980,157420,9436,166856,1989
2022-02-03,San Luis Obispo,079,281455,49663,48361,3412,51773,404
2022-02-03,San Mateo,081,765935,115959,104810,6408,111218,587
2022-02-03,Santa Barbara,083,443738,81968,80478,4418,84896,617
2022-02-03,Santa Clara,085,1922200,293606,289262,11351,300613,2067
2022-02-03,Santa Cruz,087,273765,43879,42553,1977,44530,239
2022-02-03,Shasta,089,179085,29029,28604,5693,34297,466
2022-02-03,Sierra,091,2930,268,262,44,306,0
2022-02-03,Siskiyou,093,43540,4208,4106,2492,6598,67
2022-02-03,Solano,095,438530,77210,73112,5193,78305,415
2022-02-03,Sonoma,097,501317,79220,77213,2265,79478,431
2022-02-03,Stanislaus,099,539301,112917,111783,16306,128089,1406
2022-02-03,Sutter,101,95872,19678,19406,1804,21210,203
2022-02-03,Tehama,103,63373,11505,11259,2491,13750,146
2022-02-03,Trinity,105,12862,1127,1085,264,1349,20
2022-02-03,Tulare,107,460477,101695,97414,25678,123092,1254
2022-02-03,Tuolumne,109,53932,12052,11409,478,11887,91
2022-02-03,Ventura,111,848112,167571,165532,9076,174608,1308
2022-02-03,Yolo,113,214977,35122,33614,2788,36402,281
2022-02-03,Yuba,115,75493,15091,14801,1051,15852,105
2022-02-02,Alameda,001,1643700,242113,234300,12538,246838,1632
2022-02-02,Alpine,003,1148,120,123,1,124,0
2022-02-02,Amador,005,37829,8038,7781,558,8339,71
2022-02-02,Butte,007,227075,31427,30550,6460,37010,355
2022-02-02,Calaveras,009,45235,6918,6753,299,7052,99
2022-02-02,Colusa,011,21464,3299,3211,1011,4222,21
2022-02-02,Contra Costa,013,1133247,180688,174876,11876,186752,1113
2022-02-02,Del Norte,015,27424,5061,4924,139,5063,44
2022-02-02,El Dorado,017,186661,25706,24690,3032,27722,185
2022-02-02,Fresno,019,978130,218399,211976,21831,233807,2463
2022-02-02,Glenn,021,27897,4772,4667,1513,6180,39
2022-02-02,Humboldt,023,135768,15696,15392,2531,17923,127
2022-02-02,Imperial,025,180216,53115,51875,9769,61644,853
2022-02-02,Inyo,027,18085,3980,3944,421,4365,51
2022-02-02,Kern,029,883053,184488,179386,43117,222503,1974
2022-02-02,Kings,031,150075,48745,47061,3283,50344,401
2022-02-02,Lake,033,64148,9776,9235,768,10003,120
2022-02-02,Lassen,035,31185,8443,8258,822,9080,55
2022-02-02,Los Angeles,037,10098052,2627098,2561902,118713,2680615,28850
2022-02-02,Madera,039,155013,35241,34265,5391,39656,329
2022-02-02,Marin,041,260295,31721,31149,2045,33194,255
2022-02-02,Mariposa,043,17540,2252,2215,151,2366,6
2022-02-02,Mendocino,045,87422,12294,11996,2545,14541,105
2022-02-02,Merced,047,269075,59518,58532,7577,66109,744
2022-02-02,Modoc,049,8938,681,662,229,891,6
2022-02-02,Mono,051,14174,2912,2887,114,3001,5
2022-02-02,Monterey,053,433212,74889,66852,11677,78529,666
2022-02-02,Napa,055,140530,24038,22859,851,23710,117
2022-02-02,Nevada,057,99092,15235,14895,1058,15953,112
2022-02-02,Orange,059,3164182,530415,524418,39227,563645,6127
2022-02-02,Placer,061,380077,60215,58654,6974,65628,533
2022-02-02,Plumas,063,18699,2811,2540,295,2835,12
2022-02-02,Riverside,065,2383286,574382,561220,26456,587676,5827
2022-02-02,Sacramento,067,1510023,268040,258078,24227,282305,2602
2022-02-02,San Benito,069,59416,12280,12058,475,12533,90
2022-02-02,San Bernardino,071,2135413,557929,537485,23990,561475,6317
2022-02-02,San Diego,073,3302833,719597,703957,49547,753504,4735
2022-02-02,San Francisco,075,870044,116863,112008,7725,119733,714
2022-02-02,San Joaquin,077,732212,159403,156537,9413,165950,1986
2022-02-02,San Luis Obispo,079,281455,49465,48119,3399,51518,403
2022-02-02,San Mateo,081,765935,115584,104201,6344,110545,587
2022-02-02,Santa Barbara,083,443738,81625,79979,4387,84366,612
2022-02-02,Santa Clara,085,1922200,292460,287443,11238,298681,2051
2022-02-02,Santa Cruz,087,273765,43589,42127,1966,44093,239
2022-02-02,Shasta,089,179085,28927,28429,5648,34077,465
2022-02-02,Sierra,091,2930,268,262,44,306,0
2022-02-02,Siskiyou,093,43540,4198,4078,2463,6541,67
2022-02-02,Solano,095,438530,76853,72711,5166,77877,414
2022-02-02,Sonoma,097,501317,78907,76681,2252,78933,431
2022-02-02,Stanislaus,099,539301,112521,111167,16178,127345,1403
2022-02-02,Sutter,101,95872,19613,19290,1775,21065,203
2022-02-02,Tehama,103,63373,11449,11193,2472,13665,146
2022-02-02,Trinity,105,12862,1124,1074,262,1336,20
2022-02-02,Tulare,107,460477,101306,96820,25526,122346,1249
2022-02-02,Tuolumne,109,53932,11975,11342,475,11817,91
2022-02-02,Ventura,111,848112,167172,164905,9057,173962,1292
2022-02-02,Yolo,113,214977,34996,33332,2765,36097,281
2022-02-02,Yuba,115,75493,15026,14720,1043,15763,104
2022-02-01,Alameda,001,1643700,241035,233782,12435,246217,1620
2022-02-01,Alpine,003,1148,120,123,1,124,0
2022-02-01,Amador,005,37829,7992,7783,552,8335,73
2022-02-01,Butte,007,227075,31291,30496,6417,36913,355
2022-02-01,Calaveras,009,45235,6881,6749,295,7044,98
2022-02-01,Colusa,011,21464,3283,3202,992,4194,21
2022-02-01,Contra Costa,013,1133247,179944,174379,11737,186116,1115
2022-02-01,Del Norte,015,27424,5013,4907,136,5043,44
2022-02-01,El Dorado,017,186661,25647,24664,3015,27679,184
2022-02-01,Fresno,019,978130,217237,211352,21670,233022,2464
2022-02-01,Glenn,021,27897,4758,4649,1503,6152,39
2022-02-01,Humboldt,023,135768,15615,15354,2503,17857,127
2022-02-01,Imperial,025,180216,52902,51675,9704,61379,846
2022-02-01,Inyo,027,18085,3970,3928,418,4346,51
2022-02-01,Kern,029,883053,183841,178987,42872,221859,1967
2022-02-01,Kings,031,150075,48486,46959,3260,50219,400
2022-02-01,Lake,033,64148,9720,9211,761,9972,119
2022-02-01,Lassen,035,31185,8425,8231,818,9049,55
2022-02-01,Los Angeles,037,10098052,2619907,2548794,118342,2667136,28752
2022-02-01,Madera,039,155013,35020,34124,5310,39434,329
2022-02-01,Marin,041,260295,31597,31099,2029,33128,255
2022-02-01,Mariposa,043,17540,2245,2210,150,2360,6
2022-02-01,Mendocino,045,87422,12232,11978,2508,14486,105
2022-02-01,Merced,047,269075,59334,58362,7454,65816,743
2022-02-01,Modoc,049,8938,674,664,229,893,6
2022-02-01,Mono,051,14174,2906,2888,114,3002,5
2022-02-01,Monterey,053,433212,74468,66553,11482,78035,665
2022-02-01,Napa,055,140530,23939,22795,835,23630,116
2022-02-01,Nevada,057,99092,15174,14863,1045,15908,112
2022-02-01,Orange,059,3164182,529265,523741,39084,562825,6108
2022-02-01,Placer,061,380077,59967,58486,6936,65422,532
2022-02-01,Plumas,063,18699,2796,2526,292,2818,12
2022-02-01,Riverside,065,2383286,572993,560010,26408,586418,5825
2022-02-01,Sacramento,067,1510023,266989,257504,23963,281467,2593
2022-02-01,San Benito,069,59416,12214,12053,472,12525,90
2022-02-01,San Bernardino,071,2135413,556650,536591,23926,560517,6311
2022-02-01,San Diego,073,3302833,717077,701009,49328,750337,4710
2022-02-01,San Francisco,075,870044,116397,111606,7706,119312,713
2022-02-01,San Joaquin,077,732212,158873,156300,9390,165690,1987
2022-02-01,San Luis Obispo,079,281455,49236,47842,3337,51179,403
2022-02-01,San Mateo,081,765935,115116,103868,6302,110170,589
2022-02-01,Santa Barbara,083,443738,81180,79659,4351,84010,608
2022-02-01,Santa Clara,085,1922200,290940,286109,11133,297242,2070
2022-02-01,Santa Cruz,087,273765,43290,41782,1950,43732,239
2022-02-01,Shasta,089,179085,28807,28382,5595,33977,465
2022-02-01,Sierra,091,2930,266,262,44,306,0
2022-02-01,Siskiyou,093,43540,4184,4072,2436,6508,66
2022-02-01,Solano,095,438530,76576,72494,5144,77638,415
2022-02-01,Sonoma,097,501317,78547,76379,2229,78608,431
2022-02-01,Stanislaus,099,539301,112110,110925,16078,127003,1403
2022-02-01,Sutter,101,95872,19545,19256,1742,20998,202
2022-02-01,Tehama,103,63373,11392,11165,2459,13624,146
2022-02-01,Trinity,105,12862,1120,1073,262,1335,19
2022-02-01,Tulare,107,460477,100815,96467,25328,121795,1247
2022-02-01,Tuolumne,109,53932,11925,11318,466,11784,91
2022-02-01,Ventura,111,848112,166667,164721,9032,173753,1293
2022-02-01,Yolo,113,214977,34844,33257,2739,35996,275
2022-02-01,Yuba,115,75493,14965,14693,1036,15729,103
2022-01-31,Alameda,001,1643700,239678,232743,12321,245064,1607
2022-01-31,Alpine,003,1148,119,123,1,124,0
2022-01-31,Amador,005,37829,7939,7682,535,8217,73
2022-01-31,Butte,007,227075,31122,30371,6369,36740,354
2022-01-31,Calaveras,009,45235,6845,6700,284,6984,96
2022-01-31,Colusa,011,21464,3271,3187,983,4170,21
2022-01-31,Contra Costa,013,1133247,179133,173466,11613,185079,1115
2022-01-31,Del Norte,015,27424,4979,4879,133,5012,43
2022-01-31,El Dorado,017,186661,25545,24545,2986,27531,184
2022-01-31,Fresno,019,978130,215750,210589,21473,232062,2464
2022-01-31,Glenn,021,27897,4722,4641,1491,6132,39
2022-01-31,Humboldt,023,135768,15525,15308,2470,17778,126
2022-01-31,Imperial,025,180216,52686,51472,9595,61067,846
2022-01-31,Inyo,027,18085,3959,3922,412,4334,50
2022-01-31,Kern,029,883053,183059,178375,42556,220931,1967
2022-01-31,Kings,031,150075,48129,46845,3226,50071,398
2022-01-31,Lake,033,64148,9647,9141,749,9890,119
2022-01-31,Lassen,035,31185,8394,8162,812,8974,55
2022-01-31,Los Angeles,037,10098052,2611672,2541189,117937,2659126,28718
2022-01-31,Madera,039,155013,34805,33886,5214,39100,329
2022-01-31,Marin,041,260295,31472,31023,2012,33035,253
2022-01-31,Mariposa,043,17540,2235,2203,141,2344,6
2022-01-31,Mendocino,045,87422,12166,11896,2467,14363,104
2022-01-31,Merced,047,269075,59055,58198,7265,65463,740
2022-01-31,Modoc,049,8938,671,661,229,890,6
2022-01-31,Mono,051,14174,2892,2889,114,3003,5
2022-01-31,Monterey,053,433212,74017,66117,11269,77386,661
2022-01-31,Napa,055,140530,23771,22707,818,23525,113
2022-01-31,Nevada,057,99092,15098,14813,1032,15845,112
2022-01-31,Orange,059,3164182,527941,522358,38949,561307,6098
2022-01-31,Placer,061,380077,59719,58252,6905,65157,523
2022-01-31,Plumas,063,18699,2783,2513,290,2803,12
2022-01-31,Riverside,065,2383286,571177,558166,26344,584510,5785
2022-01-31,Sacramento,067,1510023,265695,256594,23711,280305,2571
2022-01-31,San Benito,069,59416,12155,11976,471,12447,90
2022-01-31,San Bernardino,071,2135413,555007,535276,23844,559120,6302
2022-01-31,San Diego,073,3302833,714171,698571,49067,747638,4686
2022-01-31,San Francisco,075,870044,115989,111119,7672,118791,712
2022-01-31,San Joaquin,077,732212,158115,155736,9359,165095,1985
2022-01-31,San Luis Obispo,079,281455,48982,47656,3280,50936,395
2022-01-31,San Mateo,081,765935,114606,103313,6244,109557,589
2022-01-31,Santa Barbara,083,443738,80672,79267,4309,83576,606
2022-01-31,Santa Clara,085,1922200,289266,284562,11026,295588,2041
2022-01-31,Santa Cruz,087,273765,42911,41630,1943,43573,239
2022-01-31,Shasta,089,179085,28676,28190,5554,33744,462
2022-01-31,Sierra,091,2930,266,261,44,305,0
2022-01-31,Siskiyou,093,43540,4168,4054,2420,6474,66
2022-01-31,Solano,095,438530,75870,72258,5097,77355,414
2022-01-31,Sonoma,097,501317,78092,76199,2199,78398,431
2022-01-31,Stanislaus,099,539301,111583,110493,15909,126402,1403
2022-01-31,Sutter,101,95872,19465,19189,1692,20881,202
2022-01-31,Tehama,103,63373,11330,11112,2430,13542,145
2022-01-31,Trinity,105,12862,1115,1071,259,1330,19
2022-01-31,Tulare,107,460477,100179,96053,25095,121148,1245
2022-01-31,Tuolumne,109,53932,11835,11278,459,11737,91
2022-01-31,Ventura,111,848112,166131,164060,9007,173067,1286
2022-01-31,Yolo,113,214977,34683,33175,2712,35887,274
2022-01-31,Yuba,115,75493,14902,14652,1016,15668,103
2022-01-30,Alameda,001,1643700,238124,231838,12170,244008,1607
2022-01-30,Alpine,003,1148,119,123,1,124,0
2022-01-30,Amador,005,37829,7889,7644,512,8156,73
2022-01-30,Butte,007,227075,30919,30255,6289,36544,354
2022-01-30,Calaveras,009,45235,6790,6676,273,6949,96
2022-01-30,Colusa,011,21464,3251,3168,974,4142,21
2022-01-30,Contra Costa,013,1133247,178173,172902,11414,184316,1102
2022-01-30,Del Norte,015,27424,4938,4833,130,4963,43
2022-01-30,El Dorado,017,186661,25424,24491,2959,27450,184
2022-01-30,Fresno,019,978130,214189,209645,21215,230860,2463
2022-01-30,Glenn,021,27897,4691,4619,1482,6101,39
2022-01-30,Humboldt,023,135768,15414,15247,2414,17661,126
2022-01-30,Imperial,025,180216,52360,51415,9425,60840,846
2022-01-30,Inyo,027,18085,3942,3921,409,4330,50
2022-01-30,Kern,029,883053,182195,177924,42235,220159,1967
2022-01-30,Kings,031,150075,47777,46654,3169,49823,398
2022-01-30,Lake,033,64148,9558,9080,728,9808,119
2022-01-30,Lassen,035,31185,8370,8158,804,8962,55
2022-01-30,Los Angeles,037,10098052,2601594,2530739,117463,2648202,28678
2022-01-30,Madera,039,155013,34506,33752,5030,38782,329
2022-01-30,Marin,041,260295,31324,30875,1998,32873,253
2022-01-30,Mariposa,043,17540,2223,2177,136,2313,6
2022-01-30,Mendocino,045,87422,12093,11860,2361,14221,104
2022-01-30,Merced,047,269075,58690,58006,6974,64980,740
2022-01-30,Modoc,049,8938,668,661,229,890,6
2022-01-30,Mono,051,14174,2886,2888,114,3002,5
2022-01-30,Monterey,053,433212,73430,65996,10990,76986,661
2022-01-30,Napa,055,140530,23603,22588,801,23389,114
2022-01-30,Nevada,057,99092,15010,14741,1016,15757,112
2022-01-30,Orange,059,3164182,526308,521334,38801,560135,6098
2022-01-30,Placer,061,380077,59389,58030,6865,64895,523
2022-01-30,Plumas,063,18699,2758,2510,276,2786,12
2022-01-30,Riverside,065,2383286,569112,557088,26244,583332,5767
2022-01-30,Sacramento,067,1510023,264235,255715,23219,278934,2572
2022-01-30,San Benito,069,59416,12089,11945,466,12411,90
2022-01-30,San Bernardino,071,2135413,553252,534050,23735,557785,6302
2022-01-30,San Diego,073,3302833,710632,687145,48643,735788,4665
2022-01-30,San Francisco,075,870044,115441,110772,7638,118410,712
2022-01-30,San Joaquin,077,732212,157129,155165,9324,164489,1985
2022-01-30,San Luis Obispo,079,281455,48585,47599,3244,50843,394
2022-01-30,San Mateo,081,765935,114032,102979,6199,109178,589
2022-01-30,Santa Barbara,083,443738,79995,79072,4248,83320,606
2022-01-30,Santa Clara,085,1922200,287302,282846,10895,293741,2035
2022-01-30,Santa Cruz,087,273765,42452,41330,1935,43265,239
2022-01-30,Shasta,089,179085,28516,28105,5470,33575,462
2022-01-30,Sierra,091,2930,266,261,44,305,0
2022-01-30,Siskiyou,093,43540,4138,4039,2373,6412,66
2022-01-30,Solano,095,438530,75344,71857,5046,76903,414
2022-01-30,Sonoma,097,501317,77574,75890,2170,78060,431
2022-01-30,Stanislaus,099,539301,110929,110111,15712,125823,1403
2022-01-30,Sutter,101,95872,19373,19108,1595,20703,202
2022-01-30,Tehama,103,63373,11258,11071,2400,13471,145
2022-01-30,Trinity,105,12862,1109,1068,259,1327,19
2022-01-30,Tulare,107,460477,99437,95676,24835,120511,1245
2022-01-30,Tuolumne,109,53932,11727,11242,422,11664,91
2022-01-30,Ventura,111,848112,165552,163521,8977,172498,1286
2022-01-30,Yolo,113,214977,34464,33043,2679,35722,274
2022-01-30,Yuba,115,75493,14812,14584,996,15580,103
2022-01-29,Alameda,001,1643700,237448,225602,12153,237755,1605
2022-01-29,Alpine,003,1148,119,123,1,124,0
2022-01-29,Amador,005,37829,7867,7505,509,8014,73
2022-01-29,Butte,007,227075,30831,29557,6258,35815,353
2022-01-29,Calaveras,009,45235,6771,6484,273,6757,96
2022-01-29,Colusa,011,21464,3246,3107,970,4077,21
2022-01-29,Contra Costa,013,1133247,177645,168003,11384,179387,1101
2022-01-29,Del Norte,015,27424,4920,4589,128,4717,43
2022-01-29,El Dorado,017,186661,25381,24008,2952,26960,184
2022-01-29,Fresno,019,978130,213733,202691,21174,223865,2457
2022-01-29,Glenn,021,27897,4684,4516,1475,5991,39
2022-01-29,Humboldt,023,135768,15367,14812,2407,17219,126
2022-01-29,Imperial,025,180216,52244,50153,9369,59522,845
2022-01-29,Inyo,027,18085,3940,3895,401,4296,50
2022-01-29,Kern,029,883053,181855,174456,42073,216529,1962
2022-01-29,Kings,031,150075,47659,45047,3162,48209,397
2022-01-29,Lake,033,64148,9525,8747,724,9471,119
2022-01-29,Lassen,035,31185,8349,7961,801,8762,55
2022-01-29,Los Angeles,037,10098052,2597691,2473332,117197,2590529,28467
2022-01-29,Madera,039,155013,34396,32753,5002,37755,329
2022-01-29,Marin,041,260295,31259,30137,1996,32133,253
2022-01-29,Mariposa,043,17540,2221,2117,134,2251,6
2022-01-29,Mendocino,045,87422,12069,11591,2345,13936,104
2022-01-29,Merced,047,269075,58583,56472,6969,63441,735
2022-01-29,Modoc,049,8938,668,654,229,883,6
2022-01-29,Mono,051,14174,2884,2860,114,2974,5
2022-01-29,Monterey,053,433212,73275,64090,10928,75018,658
2022-01-29,Napa,055,140530,23546,22121,799,22920,113
2022-01-29,Nevada,057,99092,14976,14337,1013,15350,112
2022-01-29,Orange,059,3164182,525605,511255,38695,549950,6038
2022-01-29,Placer,061,380077,59197,56562,6849,63411,523
2022-01-29,Plumas,063,18699,2748,2463,272,2735,12
2022-01-29,Riverside,065,2383286,568090,548121,26202,574323,5726
2022-01-29,Sacramento,067,1510023,263590,249130,23173,272303,2558
2022-01-29,San Benito,069,59416,12032,11670,465,12135,90
2022-01-29,San Bernardino,071,2135413,552503,525249,23692,548941,6297
2022-01-29,San Diego,073,3302833,709296,683027,48545,731572,4643
2022-01-29,San Francisco,075,870044,115166,108265,7590,115855,712
2022-01-29,San Joaquin,077,732212,156884,150849,9302,160151,1971
2022-01-29,San Luis Obispo,079,281455,48495,46374,3241,49615,391
2022-01-29,San Mateo,081,765935,113695,100306,6176,106482,586
2022-01-29,Santa Barbara,083,443738,79773,76546,4242,80788,604
2022-01-29,Santa Clara,085,1922200,286366,273879,10867,284746,2019
2022-01-29,Santa Cruz,087,273765,42321,39228,1933,41161,240
2022-01-29,Shasta,089,179085,28456,27504,5457,32961,452
2022-01-29,Sierra,091,2930,266,260,43,303,0
2022-01-29,Siskiyou,093,43540,4128,3987,2366,6353,66
2022-01-29,Solano,095,438530,75199,69862,5033,74895,407
2022-01-29,Sonoma,097,501317,77360,73439,2165,75604,427
2022-01-29,Stanislaus,099,539301,110680,107668,15665,123333,1403
2022-01-29,Sutter,101,95872,19325,18797,1579,20376,202
2022-01-29,Tehama,103,63373,11223,10880,2391,13271,145
2022-01-29,Trinity,105,12862,1106,1033,258,1291,19
2022-01-29,Tulare,107,460477,99181,93154,24763,117917,1237
2022-01-29,Tuolumne,109,53932,11701,10806,414,11220,91
2022-01-29,Ventura,111,848112,165222,160466,8958,169424,1271
2022-01-29,Yolo,113,214977,34349,32123,2663,34786,275
2022-01-29,Yuba,115,75493,14771,14295,994,15289,103
2022-01-28,Alameda,001,1643700,236500,225602,12136,237738,1605
2022-01-28,Alpine,003,1148,119,123,1,124,0
2022-01-28,Amador,005,37829,7841,7505,508,8013,73
2022-01-28,Butte,007,227075,30755,29557,6236,35793,353
2022-01-28,Calaveras,009,45235,6753,6484,272,6756,96
2022-01-28,Colusa,011,21464,3241,3107,969,4076,21
2022-01-28,Contra Costa,013,1133247,177116,168003,11347,179350,1101
2022-01-28,Del Norte,015,27424,4896,4589,127,4716,43
2022-01-28,El Dorado,017,186661,25334,24008,2946,26954,184
2022-01-28,Fresno,019,978130,212865,202691,21119,223810,2457
2022-01-28,Glenn,021,27897,4671,4516,1473,5989,39
2022-01-28,Humboldt,023,135768,15331,14812,2397,17209,126
2022-01-28,Imperial,025,180216,52115,50153,9339,59492,845
2022-01-28,Inyo,027,18085,3936,3895,398,4293,50
2022-01-28,Kern,029,883053,181444,174456,41915,216371,1962
2022-01-28,Kings,031,150075,47528,45047,3152,48199,397
2022-01-28,Lake,033,64148,9493,8747,722,9469,119
2022-01-28,Lassen,035,31185,8279,7961,799,8760,55
2022-01-28,Los Angeles,037,10098052,2591968,2473332,116983,2590315,28467
2022-01-28,Madera,039,155013,34268,32753,4986,37739,329
2022-01-28,Marin,041,260295,31166,30137,1976,32113,253
2022-01-28,Mariposa,043,17540,2211,2117,132,2249,6
2022-01-28,Mendocino,045,87422,12026,11591,2343,13934,104
2022-01-28,Merced,047,269075,58487,56472,6955,63427,735
2022-01-28,Modoc,049,8938,667,654,229,883,6
2022-01-28,Mono,051,14174,2879,2860,113,2973,5
2022-01-28,Monterey,053,433212,73073,64090,10879,74969,658
2022-01-28,Napa,055,140530,23468,22121,797,22918,113
2022-01-28,Nevada,057,99092,14939,14337,1011,15348,112
2022-01-28,Orange,059,3164182,524535,511255,38606,549861,6038
2022-01-28,Placer,061,380077,58994,56562,6826,63388,523
2022-01-28,Plumas,063,18699,2740,2463,270,2733,12
2022-01-28,Riverside,065,2383286,566767,548121,26161,574282,5726
2022-01-28,Sacramento,067,1510023,262809,249130,23120,272250,2558
2022-01-28,San Benito,069,59416,12010,11670,460,12130,90
2022-01-28,San Bernardino,071,2135413,551460,525249,23655,548904,6297
2022-01-28,San Diego,073,3302833,707472,683027,48468,731495,4643
2022-01-28,San Francisco,075,870044,114811,108265,7541,115806,712
2022-01-28,San Joaquin,077,732212,156595,150849,9288,160137,1971
2022-01-28,San Luis Obispo,079,281455,48411,46374,3234,49608,391
2022-01-28,San Mateo,081,765935,113343,100306,6155,106461,586
2022-01-28,Santa Barbara,083,443738,79524,76546,4240,80786,604
2022-01-28,Santa Clara,085,1922200,285183,273879,10818,284697,2019
2022-01-28,Santa Cruz,087,273765,42129,39228,1922,41150,240
2022-01-28,Shasta,089,179085,28396,27504,5443,32947,452
2022-01-28,Sierra,091,2930,266,260,43,303,0
2022-01-28,Siskiyou,093,43540,4118,3987,2362,6349,66
2022-01-28,Solano,095,438530,74647,69862,4967,74829,407
2022-01-28,Sonoma,097,501317,77154,73439,2158,75597,427
2022-01-28,Stanislaus,099,539301,110407,107668,15623,123291,1403
2022-01-28,Sutter,101,95872,19280,18797,1577,20374,202
2022-01-28,Tehama,103,63373,11191,10880,2384,13264,145
2022-01-28,Trinity,105,12862,1097,1033,258,1291,19
2022-01-28,Tulare,107,460477,98906,93154,24657,117811,1237
2022-01-28,Tuolumne,109,53932,11668,10806,410,11216,91
2022-01-28,Ventura,111,848112,164767,160466,8939,169405,1271
2022-01-28,Yolo,113,214977,34244,32123,2657,34780,275
2022-01-28,Yuba,115,75493,14732,14295,990,15285,103
2022-01-27,Alameda,001,1643700,234920,225602,12003,237605,1605
2022-01-27,Alpine,003,1148,119,123,1,124,0
2022-01-27,Amador,005,37829,7794,7505,497,8002,73
2022-01-27,Butte,007,227075,30603,29557,6183,35740,353
2022-01-27,Calaveras,009,45235,6727,6484,256,6740,96
2022-01-27,Colusa,011,21464,3226,3107,965,4072,21
2022-01-27,Contra Costa,013,1133247,176092,168003,11177,179180,1101
2022-01-27,Del Norte,015,27424,4852,4589,123,4712,43
2022-01-27,El Dorado,017,186661,25223,24008,2926,26934,184
2022-01-27,Fresno,019,978130,211237,202691,20903,223594,2457
2022-01-27,Glenn,021,27897,4639,4516,1465,5981,39
2022-01-27,Humboldt,023,135768,15242,14812,2360,17172,126
2022-01-27,Imperial,025,180216,51846,50153,9227,59380,845
2022-01-27,Inyo,027,18085,3929,3895,388,4283,50
2022-01-27,Kern,029,883053,180664,174456,41555,216011,1962
2022-01-27,Kings,031,150075,47186,45047,3114,48161,397
2022-01-27,Lake,033,64148,9439,8747,705,9452,119
2022-01-27,Lassen,035,31185,8238,7961,793,8754,55
2022-01-27,Los Angeles,037,10098052,2580823,2473332,116475,2589807,28467
2022-01-27,Madera,039,155013,34058,32753,4884,37637,329
2022-01-27,Marin,041,260295,31003,30137,1961,32098,253
2022-01-27,Mariposa,043,17540,2188,2117,129,2246,6
2022-01-27,Mendocino,045,87422,11975,11591,2294,13885,104
2022-01-27,Merced,047,269075,58225,56472,6792,63264,735
2022-01-27,Modoc,049,8938,665,654,228,882,6
2022-01-27,Mono,051,14174,2874,2860,113,2973,5
2022-01-27,Monterey,053,433212,72452,64090,10634,74724,658
2022-01-27,Napa,055,140530,23311,22121,770,22891,113
2022-01-27,Nevada,057,99092,14866,14337,984,15321,112
2022-01-27,Orange,059,3164182,522808,511255,38470,549725,6038
2022-01-27,Placer,061,380077,58677,56562,6774,63336,523
2022-01-27,Plumas,063,18699,2729,2463,258,2721,12
2022-01-27,Riverside,065,2383286,564592,548121,26092,574213,5726
2022-01-27,Sacramento,067,1510023,261526,249130,22794,271924,2558
2022-01-27,San Benito,069,59416,11955,11670,455,12125,90
2022-01-27,San Bernardino,071,2135413,549540,525249,23555,548804,6297
2022-01-27,San Diego,073,3302833,704127,683027,48111,731138,4643
2022-01-27,San Francisco,075,870044,114305,108265,7482,115747,712
2022-01-27,San Joaquin,077,732212,155736,150849,9222,160071,1971
2022-01-27,San Luis Obispo,079,281455,48140,46374,3199,49573,391
2022-01-27,San Mateo,081,765935,112759,100306,6086,106392,586
2022-01-27,Santa Barbara,083,443738,79045,76546,4185,80731,604
2022-01-27,Santa Clara,085,1922200,283123,273879,10671,284550,2019
2022-01-27,Santa Cruz,087,273765,41465,39228,1904,41132,240
2022-01-27,Shasta,089,179085,28270,27504,5394,32898,452
2022-01-27,Sierra,091,2930,265,260,42,302,0
2022-01-27,Siskiyou,093,43540,4097,3987,2325,6312,66
2022-01-27,Solano,095,438530,74008,69862,4910,74772,407
2022-01-27,Sonoma,097,501317,76687,73439,2144,75583,427
2022-01-27,Stanislaus,099,539301,109880,107668,15480,123148,1403
2022-01-27,Sutter,101,95872,19175,18797,1552,20349,202
2022-01-27,Tehama,103,63373,11139,10880,2368,13248,145
2022-01-27,Trinity,105,12862,1093,1033,257,1290,19
2022-01-27,Tulare,107,460477,98242,93154,24395,117549,1237
2022-01-27,Tuolumne,109,53932,11615,10806,401,11207,91
2022-01-27,Ventura,111,848112,164116,160466,8903,169369,1271
2022-01-27,Yolo,113,214977,34099,32123,2642,34765,275
2022-01-27,Yuba,115,75493,14654,14295,974,15269,103
2022-01-26,Alameda,001,1643700,233016,222680,11833,234513,1596
2022-01-26,Alpine,003,1148,119,123,1,124,0
2022-01-26,Amador,005,37829,7720,7427,482,7909,73
2022-01-26,Butte,007,227075,30406,29229,6120,35349,353
2022-01-26,Calaveras,009,45235,6689,6387,250,6637,96
2022-01-26,Colusa,011,21464,3208,3094,960,4054,21
2022-01-26,Contra Costa,013,1133247,174940,165972,11011,176983,1095
2022-01-26,Del Norte,015,27424,4794,4542,122,4664,43
2022-01-26,El Dorado,017,186661,25104,23819,2903,26722,181
2022-01-26,Fresno,019,978130,209385,199689,20688,220377,2452
2022-01-26,Glenn,021,27897,4606,4472,1460,5932,39
2022-01-26,Humboldt,023,135768,15144,14715,2317,17032,126
2022-01-26,Imperial,025,180216,51489,49477,9083,58560,839
2022-01-26,Inyo,027,18085,3926,3889,358,4247,50
2022-01-26,Kern,029,883053,179726,173052,41216,214268,1953
2022-01-26,Kings,031,150075,46781,44367,3085,47452,396
2022-01-26,Lake,033,64148,9357,8645,695,9340,119
2022-01-26,Lassen,035,31185,8198,7888,793,8681,55
2022-01-26,Los Angeles,037,10098052,2568623,2450620,116028,2566648,28382
2022-01-26,Madera,039,155013,33820,32323,4747,37070,329
2022-01-26,Marin,041,260295,30821,29813,1944,31757,253
2022-01-26,Mariposa,043,17540,2171,2108,122,2230,6
2022-01-26,Mendocino,045,87422,11928,11453,2243,13696,103
2022-01-26,Merced,047,269075,57856,56060,6616,62676,733
2022-01-26,Modoc,049,8938,664,652,227,879,6
2022-01-26,Mono,051,14174,2871,2852,113,2965,4
2022-01-26,Monterey,053,433212,71896,63264,10345,73609,659
2022-01-26,Napa,055,140530,23155,21864,760,22624,112
2022-01-26,Nevada,057,99092,14772,14128,973,15101,112
2022-01-26,Orange,059,3164182,520820,506419,38308,544727,6007
2022-01-26,Placer,061,380077,58339,55892,6712,62604,524
2022-01-26,Plumas,063,18699,2702,2425,256,2681,12
2022-01-26,Riverside,065,2383286,562067,543788,25976,569764,5701
2022-01-26,Sacramento,067,1510023,259833,246416,22467,268883,2559
2022-01-26,San Benito,069,59416,11884,11563,443,12006,90
2022-01-26,San Bernardino,071,2135413,547282,521699,23448,545147,6291
2022-01-26,San Diego,073,3302833,699906,676392,47753,724145,4622
2022-01-26,San Francisco,075,870044,113667,107174,7449,114623,704
2022-01-26,San Joaquin,077,732212,154746,148770,9168,157938,1971
2022-01-26,San Luis Obispo,079,281455,47836,45716,3172,48888,391
2022-01-26,San Mateo,081,765935,112093,99016,5961,104977,586
2022-01-26,Santa Barbara,083,443738,78516,75548,4125,79673,600
2022-01-26,Santa Clara,085,1922200,281036,270470,10501,280971,2015
2022-01-26,Santa Cruz,087,273765,40947,38298,1890,40188,239
2022-01-26,Shasta,089,179085,28122,27255,5348,32603,452
2022-01-26,Sierra,091,2930,264,260,41,301,0
2022-01-26,Siskiyou,093,43540,4081,3971,2300,6271,66
2022-01-26,Solano,095,438530,73313,69150,4843,73993,401
2022-01-26,Sonoma,097,501317,76127,72509,2109,74618,423
2022-01-26,Stanislaus,099,539301,109323,106582,15267,121849,1396
2022-01-26,Sutter,101,95872,19065,18670,1508,20178,202
2022-01-26,Tehama,103,63373,11085,10749,2354,13103,145
2022-01-26,Trinity,105,12862,1088,1008,257,1265,19
2022-01-26,Tulare,107,460477,97431,91904,24156,116060,1234
2022-01-26,Tuolumne,109,53932,11431,10699,390,11089,91
2022-01-26,Ventura,111,848112,163404,159077,8861,167938,1263
2022-01-26,Yolo,113,214977,33881,31913,2604,34517,275
2022-01-26,Yuba,115,75493,14569,14171,952,15123,103
2022-01-25,Alameda,001,1643700,231121,219753,11656,231409,1589
2022-01-25,Alpine,003,1148,119,122,1,123,0
2022-01-25,Amador,005,37829,7643,7352,471,7823,73
2022-01-25,Butte,007,227075,30198,28887,6043,34930,351
2022-01-25,Calaveras,009,45235,6631,6266,237,6503,95
2022-01-25,Colusa,011,21464,3188,3074,958,4032,21
2022-01-25,Contra Costa,013,1133247,173599,163792,10795,174587,1092
2022-01-25,Del Norte,015,27424,4724,4514,117,4631,43
2022-01-25,El Dorado,017,186661,24968,23339,2877,26216,179
2022-01-25,Fresno,019,978130,207242,198262,20404,218666,2434
2022-01-25,Glenn,021,27897,4574,4418,1444,5862,39
2022-01-25,Humboldt,023,135768,15052,14574,2291,16865,126
2022-01-25,Imperial,025,180216,51034,48913,8862,57775,832
2022-01-25,Inyo,027,18085,3911,3857,316,4173,50
2022-01-25,Kern,029,883053,178721,171695,40768,212463,1947
2022-01-25,Kings,031,150075,46311,43853,3040,46893,396
2022-01-25,Lake,033,64148,9278,8543,683,9226,118
2022-01-25,Lassen,035,31185,8167,7834,784,8618,55
2022-01-25,Los Angeles,037,10098052,2553686,2433516,115393,2548909,28293
2022-01-25,Madera,039,155013,33498,31794,4614,36408,329
2022-01-25,Marin,041,260295,30643,29589,1931,31520,253
2022-01-25,Mariposa,043,17540,2159,2069,116,2185,6
2022-01-25,Mendocino,045,87422,11808,11280,2140,13420,103
2022-01-25,Merced,047,269075,57474,55555,6479,62034,733
2022-01-25,Modoc,049,8938,662,652,227,879,6
2022-01-25,Mono,051,14174,2861,2826,112,2938,4
2022-01-25,Monterey,053,433212,71322,62498,9944,72442,654
2022-01-25,Napa,055,140530,22960,21668,726,22394,111
2022-01-25,Nevada,057,99092,14659,13944,951,14895,112
2022-01-25,Orange,059,3164182,518540,504274,38115,542389,5980
2022-01-25,Placer,061,380077,57937,55465,6639,62104,518
2022-01-25,Plumas,063,18699,2677,2397,252,2649,12
2022-01-25,Riverside,065,2383286,558975,540723,25812,566535,5686
2022-01-25,Sacramento,067,1510023,257891,244468,21941,266409,2545
2022-01-25,San Benito,069,59416,11784,11446,439,11885,88
2022-01-25,San Bernardino,071,2135413,544710,519150,23334,542484,6288
2022-01-25,San Diego,073,3302833,694911,670110,47302,717412,4604
2022-01-25,San Francisco,075,870044,112907,106254,7407,113661,703
2022-01-25,San Joaquin,077,732212,153753,147271,9104,156375,1972
2022-01-25,San Luis Obispo,079,281455,47475,45130,3124,48254,391
2022-01-25,San Mateo,081,765935,111259,98010,5850,103860,586
2022-01-25,Santa Barbara,083,443738,77848,74686,4046,78732,594
2022-01-25,Santa Clara,085,1922200,278423,268031,10299,278330,2006
2022-01-25,Santa Cruz,087,273765,40276,37850,1875,39725,237
2022-01-25,Shasta,089,179085,27960,27090,5282,32372,452
2022-01-25,Sierra,091,2930,264,260,37,297,0
2022-01-25,Siskiyou,093,43540,4057,3958,2265,6223,65
2022-01-25,Solano,095,438530,72744,68657,4784,73441,399
2022-01-25,Sonoma,097,501317,75437,71633,2069,73702,423
2022-01-25,Stanislaus,099,539301,108652,105965,15049,121014,1396
2022-01-25,Sutter,101,95872,18962,18508,1468,19976,200
2022-01-25,Tehama,103,63373,11022,10669,2330,12999,145
2022-01-25,Trinity,105,12862,1081,999,255,1254,19
2022-01-25,Tulare,107,460477,96562,91237,23837,115074,1229
2022-01-25,Tuolumne,109,53932,11249,10516,366,10882,91
2022-01-25,Ventura,111,848112,162550,157971,8812,166783,1263
2022-01-25,Yolo,113,214977,33622,31677,2560,34237,274
2022-01-25,Yuba,115,75493,14484,14038,925,14963,103
2022-01-24,Alameda,001,1643700,228647,216252,11389,227641,1581
2022-01-24,Alpine,003,1148,119,120,1,121,0
2022-01-24,Amador,005,37829,7592,7166,434,7600,73
2022-01-24,Butte,007,227075,29970,28607,5977,34584,350
2022-01-24,Calaveras,009,45235,6583,6172,223,6395,95
2022-01-24,Colusa,011,21464,3169,3052,942,3994,21
2022-01-24,Contra Costa,013,1133247,172095,162161,10581,172742,1092
2022-01-24,Del Norte,015,27424,4664,4460,117,4577,43
2022-01-24,El Dorado,017,186661,24801,23128,2848,25976,179
2022-01-24,Fresno,019,978130,204938,196092,20092,216184,2430
2022-01-24,Glenn,021,27897,4533,4367,1435,5802,39
2022-01-24,Humboldt,023,135768,14941,14416,2246,16662,126
2022-01-24,Imperial,025,180216,50493,48228,8580,56808,824
2022-01-24,Inyo,027,18085,3905,3805,292,4097,50
2022-01-24,Kern,029,883053,177415,169892,40299,210191,1946
2022-01-24,Kings,031,150075,45738,43260,2969,46229,396
2022-01-24,Lake,033,64148,9169,8423,668,9091,118
2022-01-24,Lassen,035,31185,8083,7732,765,8497,55
2022-01-24,Los Angeles,037,10098052,2537162,2391045,114617,2505662,28230
2022-01-24,Madera,039,155013,33062,31339,4430,35769,329
2022-01-24,Marin,041,260295,30412,29301,1894,31195,253
2022-01-24,Mariposa,043,17540,2134,2033,112,2145,6
2022-01-24,Mendocino,045,87422,11704,11002,2061,13063,103
2022-01-24,Merced,047,269075,56982,54970,6198,61168,730
2022-01-24,Modoc,049,8938,659,648,226,874,6
2022-01-24,Mono,051,14174,2851,2802,111,2913,4
2022-01-24,Monterey,053,433212,70462,61975,9589,71564,654
2022-01-24,Napa,055,140530,22780,21494,714,22208,111
2022-01-24,Nevada,057,99092,14532,13774,928,14702,112
2022-01-24,Orange,059,3164182,515966,501634,37852,539486,5969
2022-01-24,Placer,061,380077,57455,54933,6590,61523,518
2022-01-24,Plumas,063,18699,2646,2370,238,2608,12
2022-01-24,Riverside,065,2383286,555246,535962,25604,561566,5661
2022-01-24,Sacramento,067,1510023,255525,241522,21386,262908,2526
2022-01-24,San Benito,069,59416,11687,11331,426,11757,88
2022-01-24,San Bernardino,071,2135413,541747,515604,23172,538776,6285
2022-01-24,San Diego,073,3302833,689253,663580,46753,710333,4586
2022-01-24,San Francisco,075,870044,111948,105418,7311,112729,703
2022-01-24,San Joaquin,077,732212,152441,145984,9029,155013,1959
2022-01-24,San Luis Obispo,079,281455,47004,44616,3070,47686,387
2022-01-24,San Mateo,081,765935,110296,96968,5737,102705,586
2022-01-24,Santa Barbara,083,443738,77037,73866,3953,77819,591
2022-01-24,Santa Clara,085,1922200,275551,265341,10088,275429,2006
2022-01-24,Santa Cruz,087,273765,39478,37188,1857,39045,237
2022-01-24,Shasta,089,179085,27777,26871,5194,32065,452
2022-01-24,Sierra,091,2930,264,258,37,295,0
2022-01-24,Siskiyou,093,43540,4048,3934,2226,6160,64
2022-01-24,Solano,095,438530,72062,68094,4707,72801,400
2022-01-24,Sonoma,097,501317,74522,70733,2032,72765,423
2022-01-24,Stanislaus,099,539301,107895,104933,14778,119711,1395
2022-01-24,Sutter,101,95872,18846,18336,1382,19718,200
2022-01-24,Tehama,103,63373,10952,10567,2310,12877,145
2022-01-24,Trinity,105,12862,1072,978,253,1231,19
2022-01-24,Tulare,107,460477,95494,90089,23477,113566,1219
2022-01-24,Tuolumne,109,53932,11127,10374,358,10732,91
2022-01-24,Ventura,111,848112,161527,156551,8767,165318,1261
2022-01-24,Yolo,113,214977,33329,31480,2531,34011,273
2022-01-24,Yuba,115,75493,14378,13862,886,14748,103
2022-01-23,Alameda,001,1643700,225936,214003,11063,225066,1583
2022-01-23,Alpine,003,1148,119,120,1,121,0
2022-01-23,Amador,005,37829,7536,7090,394,7484,73
2022-01-23,Butte,007,227075,29676,28340,5851,34191,350
2022-01-23,Calaveras,009,45235,6518,6095,202,6297,95
2022-01-23,Colusa,011,21464,3145,3040,935,3975,21
2022-01-23,Contra Costa,013,1133247,170229,160798,10226,171024,1092
2022-01-23,Del Norte,015,27424,4596,4419,111,4530,43
2022-01-23,El Dorado,017,186661,24610,22925,2801,25726,179
2022-01-23,Fresno,019,978130,202471,193642,19626,213268,2430
2022-01-23,Glenn,021,27897,4482,4340,1413,5753,39
2022-01-23,Humboldt,023,135768,14819,14296,2164,16460,126
2022-01-23,Imperial,025,180216,49895,47935,8296,56231,824
2022-01-23,Inyo,027,18085,3878,3781,278,4059,50
2022-01-23,Kern,029,883053,176052,168585,39774,208359,1946
2022-01-23,Kings,031,150075,45103,42622,2867,45489,397
2022-01-23,Lake,033,64148,8999,8363,642,9005,118
2022-01-23,Lassen,035,31185,8034,7710,741,8451,55
2022-01-23,Los Angeles,037,10098052,2516854,2390590,113474,2504064,28231
2022-01-23,Madera,039,155013,32703,30962,4194,35156,329
2022-01-23,Marin,041,260295,30159,29025,1856,30881,253
2022-01-23,Mariposa,043,17540,2119,2011,109,2120,6
2022-01-23,Mendocino,045,87422,11579,10889,1933,12822,103
2022-01-23,Merced,047,269075,56429,54644,5752,60396,730
2022-01-23,Modoc,049,8938,657,645,223,868,6
2022-01-23,Mono,051,14174,2843,2788,109,2897,4
2022-01-23,Monterey,053,433212,69625,61522,9157,70679,654
2022-01-23,Napa,055,140530,22517,21281,701,21982,111
2022-01-23,Nevada,057,99092,14371,13629,899,14528,112
2022-01-23,Orange,059,3164182,512868,498968,37561,536529,5970
2022-01-23,Placer,061,380077,56884,54568,6502,61070,518
2022-01-23,Plumas,063,18699,2613,2368,209,2577,12
2022-01-23,Riverside,065,2383286,550805,532273,25302,557575,5661
2022-01-23,Sacramento,067,1510023,252881,239589,20447,260036,2530
2022-01-23,San Benito,069,59416,11565,11225,415,11640,88
2022-01-23,San Bernardino,071,2135413,538270,512657,22895,535552,6281
2022-01-23,San Diego,073,3302833,682645,640215,45952,686167,4566
2022-01-23,San Francisco,075,870044,110882,104485,7204,111689,704
2022-01-23,San Joaquin,077,732212,150826,144621,8947,153568,1959
2022-01-23,San Luis Obispo,079,281455,46308,44183,2996,47179,386
2022-01-23,San Mateo,081,765935,109178,95940,5593,101533,586
2022-01-23,Santa Barbara,083,443738,75914,73041,3830,76871,590
2022-01-23,Santa Clara,085,1922200,272251,261991,9769,271760,2005
2022-01-23,Santa Cruz,087,273765,38948,36547,1826,38373,237
2022-01-23,Shasta,089,179085,27497,26732,5074,31806,452
2022-01-23,Sierra,091,2930,263,252,37,289,0
2022-01-23,Siskiyou,093,43540,4023,3916,2169,6085,64
2022-01-23,Solano,095,438530,71263,67457,4613,72070,400
2022-01-23,Sonoma,097,501317,73568,69791,1976,71767,423
2022-01-23,Stanislaus,099,539301,107035,104067,14498,118565,1395
2022-01-23,Sutter,101,95872,18689,18175,1269,19444,200
2022-01-23,Tehama,103,63373,10854,10481,2278,12759,145
2022-01-23,Trinity,105,12862,1069,961,251,1212,19
2022-01-23,Tulare,107,460477,94236,89120,23065,112185,1219
2022-01-23,Tuolumne,109,53932,10935,10243,341,10584,91
2022-01-23,Ventura,111,848112,160345,155052,8690,163742,1261
2022-01-23,Yolo,113,214977,32952,30908,2491,33399,273
2022-01-23,Yuba,115,75493,14254,13762,833,14595,103
2022-01-22,Alameda,001,1643700,224852,203927,11033,214960,1575
2022-01-22,Alpine,003,1148,118,119,1,120,0
2022-01-22,Amador,005,37829,7502,6845,389,7234,73
2022-01-22,Butte,007,227075,29556,27232,5820,33052,350
2022-01-22,Calaveras,009,45235,6488,5835,201,6036,95
2022-01-22,Colusa,011,21464,3128,2954,932,3886,21
2022-01-22,Contra Costa,013,1133247,169288,154111,10196,164307,1091
2022-01-22,Del Norte,015,27424,4557,4269,107,4376,43
2022-01-22,El Dorado,017,186661,24541,22273,2791,25064,179
2022-01-22,Fresno,019,978130,201652,185292,19560,204852,2429
2022-01-22,Glenn,021,27897,4476,4174,1410,5584,39
2022-01-22,Humboldt,023,135768,14751,13628,2151,15779,125
2022-01-22,Imperial,025,180216,49705,45741,8237,53978,820
2022-01-22,Inyo,027,18085,3874,3706,254,3960,50
2022-01-22,Kern,029,883053,175427,162902,39474,202376,1946
2022-01-22,Kings,031,150075,44895,40580,2854,43434,396
2022-01-22,Lake,033,64148,8965,8056,634,8690,118
2022-01-22,Lassen,035,31185,8000,7545,734,8279,55
2022-01-22,Los Angeles,037,10098052,2509455,2286280,112968,2399248,28038
2022-01-22,Madera,039,155013,32584,29595,4179,33774,329
2022-01-22,Marin,041,260295,30032,27893,1851,29744,253
2022-01-22,Mariposa,043,17540,2115,1920,109,2029,6
2022-01-22,Mendocino,045,87422,11529,10395,1911,12306,103
2022-01-22,Merced,047,269075,56276,53025,5745,58770,727
2022-01-22,Modoc,049,8938,656,639,223,862,6
2022-01-22,Mono,051,14174,2842,2723,105,2828,4
2022-01-22,Monterey,053,433212,69419,59038,9115,68153,651
2022-01-22,Napa,055,140530,22422,20402,691,21093,111
2022-01-22,Nevada,057,99092,14303,12957,891,13848,112
2022-01-22,Orange,059,3164182,511264,480329,37313,517642,5946
2022-01-22,Placer,061,380077,56614,52557,6465,59022,512
2022-01-22,Plumas,063,18699,2596,2289,205,2494,12
2022-01-22,Riverside,065,2383286,548889,513567,25229,538796,5623
2022-01-22,Sacramento,067,1510023,251827,230206,20347,250553,2510
2022-01-22,San Benito,069,59416,11507,10743,410,11153,88
2022-01-22,San Bernardino,071,2135413,536748,495209,22802,518011,6267
2022-01-22,San Diego,073,3302833,680156,628904,45738,674642,4559
2022-01-22,San Francisco,075,870044,110225,100238,7056,107294,702
2022-01-22,San Joaquin,077,732212,150385,138264,8906,147170,1960
2022-01-22,San Luis Obispo,079,281455,46189,42154,2990,45144,385
2022-01-22,San Mateo,081,765935,108593,91440,5531,96971,585
2022-01-22,Santa Barbara,083,443738,75492,69555,3824,73379,589
2022-01-22,Santa Clara,085,1922200,270571,249205,9703,258908,1993
2022-01-22,Santa Cruz,087,273765,38766,33741,1820,35561,237
2022-01-22,Shasta,089,179085,27401,25919,5052,30971,450
2022-01-22,Sierra,091,2930,263,248,36,284,0
2022-01-22,Siskiyou,093,43540,4005,3845,2148,5993,62
2022-01-22,Solano,095,438530,71040,63882,4575,68457,391
2022-01-22,Sonoma,097,501317,73148,66013,1966,67979,422
2022-01-22,Stanislaus,099,539301,106577,100092,14407,114499,1393
2022-01-22,Sutter,101,95872,18621,17616,1256,18872,199
2022-01-22,Tehama,103,63373,10819,10171,2267,12438,142
2022-01-22,Trinity,105,12862,1067,925,251,1176,19
2022-01-22,Tulare,107,460477,93855,85223,22943,108166,1211
2022-01-22,Tuolumne,109,53932,10867,9731,335,10066,91
2022-01-22,Ventura,111,848112,159654,148742,8650,157392,1250
2022-01-22,Yolo,113,214977,32774,30061,2474,32535,273
2022-01-22,Yuba,115,75493,14165,13288,829,14117,103
2022-01-21,Alameda,001,1643700,223277,203927,11001,214928,1575
2022-01-21,Alpine,003,1148,118,119,1,120,0
2022-01-21,Amador,005,37829,7445,6845,386,7231,73
2022-01-21,Butte,007,227075,29430,27232,5777,33009,350
2022-01-21,Calaveras,009,45235,6442,5835,201,6036,95
2022-01-21,Colusa,011,21464,3121,2954,927,3881,21
2022-01-21,Contra Costa,013,1133247,168220,154111,10118,164229,1091
2022-01-21,Del Norte,015,27424,4517,4269,107,4376,43
2022-01-21,El Dorado,017,186661,24458,22273,2777,25050,179
2022-01-21,Fresno,019,978130,200410,185292,19466,204758,2429
2022-01-21,Glenn,021,27897,4456,4174,1405,5579,39
2022-01-21,Humboldt,023,135768,14681,13628,2132,15760,125
2022-01-21,Imperial,025,180216,49516,45741,8161,53902,820
2022-01-21,Inyo,027,18085,3861,3706,249,3955,50
2022-01-21,Kern,029,883053,174709,162902,39104,202006,1946
2022-01-21,Kings,031,150075,44697,40580,2846,43426,396
2022-01-21,Lake,033,64148,8908,8056,622,8678,118
2022-01-21,Lassen,035,31185,7951,7545,730,8275,55
2022-01-21,Los Angeles,037,10098052,2498155,2286280,112509,2398789,28038
2022-01-21,Madera,039,155013,32293,29595,4151,33746,329
2022-01-21,Marin,041,260295,29855,27893,1832,29725,253
2022-01-21,Mariposa,043,17540,2103,1920,108,2028,6
2022-01-21,Mendocino,045,87422,11448,10395,1908,12303,103
2022-01-21,Merced,047,269075,56117,53025,5741,58766,727
2022-01-21,Modoc,049,8938,655,639,223,862,6
2022-01-21,Mono,051,14174,2828,2723,102,2825,4
2022-01-21,Monterey,053,433212,68948,59038,8989,68027,651
2022-01-21,Napa,055,140530,22302,20402,683,21085,111
2022-01-21,Nevada,057,99092,14205,12957,887,13844,112
2022-01-21,Orange,059,3164182,509027,480329,37068,517397,5946
2022-01-21,Placer,061,380077,56221,52557,6403,58960,512
2022-01-21,Plumas,063,18699,2584,2289,200,2489,12
2022-01-21,Riverside,065,2383286,546232,513567,25150,538717,5623
2022-01-21,Sacramento,067,1510023,250382,230206,20246,250452,2510
2022-01-21,San Benito,069,59416,11471,10743,407,11150,88
2022-01-21,San Bernardino,071,2135413,534687,495209,22728,517937,6267
2022-01-21,San Diego,073,3302833,675988,628904,45561,674465,4559
2022-01-21,San Francisco,075,870044,109467,100238,6968,107206,702
2022-01-21,San Joaquin,077,732212,149787,138264,8851,147115,1960
2022-01-21,San Luis Obispo,079,281455,46063,42154,2987,45141,385
2022-01-21,San Mateo,081,765935,107921,91440,5493,96933,585
2022-01-21,Santa Barbara,083,443738,74990,69555,3815,73370,589
2022-01-21,Santa Clara,085,1922200,268747,249205,9595,258800,1993
2022-01-21,Santa Cruz,087,273765,38047,33741,1807,35548,237
2022-01-21,Shasta,089,179085,27312,25919,5005,30924,450
2022-01-21,Sierra,091,2930,261,248,35,283,0
2022-01-21,Siskiyou,093,43540,3996,3845,2130,5975,62
2022-01-21,Solano,095,438530,70629,63882,4492,68374,391
2022-01-21,Sonoma,097,501317,72623,66013,1956,67969,422
2022-01-21,Stanislaus,099,539301,106074,100092,14346,114438,1393
2022-01-21,Sutter,101,95872,18535,17616,1242,18858,199
2022-01-21,Tehama,103,63373,10783,10171,2265,12436,142
2022-01-21,Trinity,105,12862,1061,925,250,1175,19
2022-01-21,Tulare,107,460477,93378,85223,22789,108012,1211
2022-01-21,Tuolumne,109,53932,10784,9731,328,10059,91
2022-01-21,Ventura,111,848112,158845,148742,8619,157361,1250
2022-01-21,Yolo,113,214977,32611,30061,2453,32514,273
2022-01-21,Yuba,115,75493,14093,13288,822,14110,103
2022-01-20,Alameda,001,1643700,220212,203927,10766,214693,1575
2022-01-20,Alpine,003,1148,118,119,1,120,0
2022-01-20,Amador,005,37829,7381,6845,368,7213,73
2022-01-20,Butte,007,227075,29172,27232,5698,32930,350
2022-01-20,Calaveras,009,45235,6338,5835,192,6027,95
2022-01-20,Colusa,011,21464,3091,2954,915,3869,21
2022-01-20,Contra Costa,013,1133247,166241,154111,9854,163965,1091
2022-01-20,Del Norte,015,27424,4477,4269,104,4373,43
2022-01-20,El Dorado,017,186661,24254,22273,2734,25007,179
2022-01-20,Fresno,019,978130,197807,185292,19100,204392,2429
2022-01-20,Glenn,021,27897,4422,4174,1396,5570,39
2022-01-20,Humboldt,023,135768,14554,13628,2081,15709,125
2022-01-20,Imperial,025,180216,48999,45741,7985,53726,820
2022-01-20,Inyo,027,18085,3849,3706,238,3944,50
2022-01-20,Kern,029,883053,173185,162902,38566,201468,1946
2022-01-20,Kings,031,150075,44141,40580,2806,43386,396
2022-01-20,Lake,033,64148,8812,8056,594,8650,118
2022-01-20,Lassen,035,31185,7898,7545,715,8260,55
2022-01-20,Los Angeles,037,10098052,2473426,2286280,111538,2397818,28038
2022-01-20,Madera,039,155013,31905,29595,4026,33621,329
2022-01-20,Marin,041,260295,29562,27893,1796,29689,253
2022-01-20,Mariposa,043,17540,2076,1920,105,2025,6
2022-01-20,Mendocino,045,87422,11350,10395,1830,12225,103
2022-01-20,Merced,047,269075,55687,53025,5512,58537,727
2022-01-20,Modoc,049,8938,653,639,223,862,6
2022-01-20,Mono,051,14174,2820,2723,101,2824,4
2022-01-20,Monterey,053,433212,68184,59038,8576,67614,651
2022-01-20,Napa,055,140530,22036,20402,644,21046,111
2022-01-20,Nevada,057,99092,14060,12957,865,13822,112
2022-01-20,Orange,059,3164182,505090,480329,36700,517029,5946
2022-01-20,Placer,061,380077,55735,52557,6343,58900,512
2022-01-20,Plumas,063,18699,2557,2289,196,2485,12
2022-01-20,Riverside,065,2383286,541661,513567,24919,538486,5623
2022-01-20,Sacramento,067,1510023,248087,230206,19616,249822,2510
2022-01-20,San Benito,069,59416,11360,10743,394,11137,88
2022-01-20,San Bernardino,071,2135413,530491,495209,22452,517661,6267
2022-01-20,San Diego,073,3302833,668888,628904,44858,673762,4559
2022-01-20,San Francisco,075,870044,108317,100238,6828,107066,702
2022-01-20,San Joaquin,077,732212,148152,138264,8725,146989,1960
2022-01-20,San Luis Obispo,079,281455,45551,42154,2953,45107,385
2022-01-20,San Mateo,081,765935,106696,91440,5290,96730,585
2022-01-20,Santa Barbara,083,443738,74092,69555,3703,73258,589
2022-01-20,Santa Clara,085,1922200,265439,249205,9268,258473,1993
2022-01-20,Santa Cruz,087,273765,37163,33741,1784,35525,237
2022-01-20,Shasta,089,179085,27122,25919,4938,30857,450
2022-01-20,Sierra,091,2930,261,248,33,281,0
2022-01-20,Siskiyou,093,43540,3984,3845,2097,5942,62
2022-01-20,Solano,095,438530,69682,63882,4403,68285,391
2022-01-20,Sonoma,097,501317,71597,66013,1904,67917,422
2022-01-20,Stanislaus,099,539301,105117,100092,14142,114234,1393
2022-01-20,Sutter,101,95872,18370,17616,1214,18830,199
2022-01-20,Tehama,103,63373,10710,10171,2247,12418,142
2022-01-20,Trinity,105,12862,1047,925,249,1174,19
2022-01-20,Tulare,107,460477,92330,85223,22505,107728,1211
2022-01-20,Tuolumne,109,53932,10642,9731,318,10049,91
2022-01-20,Ventura,111,848112,157460,148742,8542,157284,1250
2022-01-20,Yolo,113,214977,32323,30061,2420,32481,273
2022-01-20,Yuba,115,75493,13987,13288,789,14077,103
2022-01-19,Alameda,001,1643700,216816,199739,10436,210175,1571
2022-01-19,Alpine,003,1148,117,119,1,120,0
2022-01-19,Amador,005,37829,7300,6789,326,7115,73
2022-01-19,Butte,007,227075,28869,26839,5612,32451,351
2022-01-19,Calaveras,009,45235,6248,5765,183,5948,95
2022-01-19,Colusa,011,21464,3066,2938,908,3846,21
2022-01-19,Contra Costa,013,1133247,163896,151543,9615,161158,1091
2022-01-19,Del Norte,015,27424,4438,4240,103,4343,43
2022-01-19,El Dorado,017,186661,23999,21953,2692,24645,177
2022-01-19,Fresno,019,978130,194907,181526,18782,200308,2430
2022-01-19,Glenn,021,27897,4371,4127,1386,5513,39
2022-01-19,Humboldt,023,135768,14396,13391,2029,15420,125
2022-01-19,Imperial,025,180216,48265,45156,7786,52942,820
2022-01-19,Inyo,027,18085,3826,3680,199,3879,49
2022-01-19,Kern,029,883053,171421,160747,37888,198635,1946
2022-01-19,Kings,031,150075,43445,40027,2738,42765,395
2022-01-19,Lake,033,64148,8685,7972,581,8553,118
2022-01-19,Lassen,035,31185,7841,7507,693,8200,55
2022-01-19,Los Angeles,037,10098052,2445045,2251718,110118,2361836,27934
2022-01-19,Madera,039,155013,31524,29021,3856,32877,329
2022-01-19,Marin,041,260295,29266,27375,1753,29128,251
2022-01-19,Mariposa,043,17540,2051,1896,99,1995,6
2022-01-19,Mendocino,045,87422,11179,10252,1737,11989,103
2022-01-19,Merced,047,269075,55142,52355,5156,57511,724
2022-01-19,Modoc,049,8938,651,635,222,857,6
2022-01-19,Mono,051,14174,2798,2677,99,2776,4
2022-01-19,Monterey,053,433212,67276,58426,8120,66546,651
2022-01-19,Napa,055,140530,21783,20090,617,20707,110
2022-01-19,Nevada,057,99092,13902,12703,838,13541,112
2022-01-19,Orange,059,3164182,500607,468460,36331,504791,5943
2022-01-19,Placer,061,380077,55171,51545,6275,57820,511
2022-01-19,Plumas,063,18699,2517,2239,190,2429,12
2022-01-19,Riverside,065,2383286,536137,503575,24684,528259,5604
2022-01-19,Sacramento,067,1510023,245195,226035,18900,244935,2512
2022-01-19,San Benito,069,59416,11219,10639,382,11021,88
2022-01-19,San Bernardino,071,2135413,525794,487846,22076,509922,6265
2022-01-19,San Diego,073,3302833,660113,614709,44125,658834,4553
2022-01-19,San Francisco,075,870044,106944,98652,6751,105403,694
2022-01-19,San Joaquin,077,732212,146259,135953,8602,144555,1959
2022-01-19,San Luis Obispo,079,281455,44952,41374,2887,44261,382
2022-01-19,San Mateo,081,765935,105285,89715,5026,94741,585
2022-01-19,Santa Barbara,083,443738,73095,68531,3604,72135,586
2022-01-19,Santa Clara,085,1922200,261710,244922,8908,253830,1991
2022-01-19,Santa Cruz,087,273765,35861,33026,1760,34786,237
2022-01-19,Shasta,089,179085,26855,25355,4866,30221,450
2022-01-19,Sierra,091,2930,261,245,32,277,0
2022-01-19,Siskiyou,093,43540,3960,3821,2044,5865,62
2022-01-19,Solano,095,438530,68840,63003,4273,67276,392
2022-01-19,Sonoma,097,501317,70498,64689,1858,66547,420
2022-01-19,Stanislaus,099,539301,104065,98952,13853,112805,1381
2022-01-19,Sutter,101,95872,18203,17436,1125,18561,199
2022-01-19,Tehama,103,63373,10596,10064,2200,12264,142
2022-01-19,Trinity,105,12862,1035,916,248,1164,19
2022-01-19,Tulare,107,460477,91047,83743,22038,105781,1200
2022-01-19,Tuolumne,109,53932,10483,9613,294,9907,91
2022-01-19,Ventura,111,848112,155944,144738,8467,153205,1234
2022-01-19,Yolo,113,214977,31959,29392,2384,31776,273
2022-01-19,Yuba,115,75493,13825,13114,776,13890,104
2022-01-18,Alameda,001,1643700,213452,195728,10129,205857,1566
2022-01-18,Alpine,003,1148,117,118,1,119,0
2022-01-18,Amador,005,37829,7162,6691,290,6981,73
2022-01-18,Butte,007,227075,28478,26514,5530,32044,347
2022-01-18,Calaveras,009,45235,6159,5684,168,5852,94
2022-01-18,Colusa,011,21464,3022,2903,903,3806,21
2022-01-18,Contra Costa,013,1133247,161846,149446,9244,158690,1085
2022-01-18,Del Norte,015,27424,4368,4229,98,4327,43
2022-01-18,El Dorado,017,186661,23619,21707,2647,24354,175
2022-01-18,Fresno,019,978130,191398,178922,18358,197280,2425
2022-01-18,Glenn,021,27897,4338,4070,1374,5444,39
2022-01-18,Humboldt,023,135768,14232,13218,1957,15175,125
2022-01-18,Imperial,025,180216,47570,44742,7604,52346,819
2022-01-18,Inyo,027,18085,3785,3654,189,3843,49
2022-01-18,Kern,029,883053,169398,158864,37136,196000,1943
2022-01-18,Kings,031,150075,42571,39440,2660,42100,392
2022-01-18,Lake,033,64148,8572,7919,562,8481,117
2022-01-18,Lassen,035,31185,7758,7461,654,8115,55
2022-01-18,Los Angeles,037,10098052,2411633,2227360,108650,2336010,27871
2022-01-18,Madera,039,155013,31002,28717,3667,32384,329
2022-01-18,Marin,041,260295,28963,27036,1710,28746,251
2022-01-18,Mariposa,043,17540,2026,1872,95,1967,6
2022-01-18,Mendocino,045,87422,11010,10114,1652,11766,103
2022-01-18,Merced,047,269075,54530,51746,4869,56615,718
2022-01-18,Modoc,049,8938,649,633,217,850,6
2022-01-18,Mono,051,14174,2777,2643,98,2741,4
2022-01-18,Monterey,053,433212,66501,57846,7641,65487,650
2022-01-18,Napa,055,140530,21450,19911,602,20513,109
2022-01-18,Nevada,057,99092,13718,12584,796,13380,111
2022-01-18,Orange,059,3164182,495263,461324,35827,497151,5938
2022-01-18,Placer,061,380077,54526,50983,6202,57185,508
2022-01-18,Plumas,063,18699,2479,2218,184,2402,12
2022-01-18,Riverside,065,2383286,530160,497278,24377,521655,5599
2022-01-18,Sacramento,067,1510023,242110,223745,17920,241665,2496
2022-01-18,San Benito,069,59416,11078,10520,368,10888,88
2022-01-18,San Bernardino,071,2135413,520388,483753,21649,505402,6258
2022-01-18,San Diego,073,3302833,649913,605137,43087,648224,4547
2022-01-18,San Francisco,075,870044,105478,96505,6635,103140,694
2022-01-18,San Joaquin,077,732212,144317,134365,8387,142752,1957
2022-01-18,San Luis Obispo,079,281455,44269,40848,2801,43649,381
2022-01-18,San Mateo,081,765935,103774,88225,4829,93054,585
2022-01-18,Santa Barbara,083,443738,71877,67216,3431,70647,581
2022-01-18,Santa Clara,085,1922200,257596,240281,8511,248792,1986
2022-01-18,Santa Cruz,087,273765,35211,32203,1725,33928,237
2022-01-18,Shasta,089,179085,26573,25162,4772,29934,448
2022-01-18,Sierra,091,2930,257,244,32,276,0
2022-01-18,Siskiyou,093,43540,3927,3799,1991,5790,62
2022-01-18,Solano,095,438530,67990,62204,4163,66367,391
2022-01-18,Sonoma,097,501317,69110,63714,1803,65517,419
2022-01-18,Stanislaus,099,539301,102848,98000,13485,111485,1379
2022-01-18,Sutter,101,95872,18012,17295,1054,18349,198
2022-01-18,Tehama,103,63373,10500,9975,2148,12123,142
2022-01-18,Trinity,105,12862,1022,907,247,1154,19
2022-01-18,Tulare,107,460477,89585,82667,21635,104302,1196
2022-01-18,Tuolumne,109,53932,10316,9528,283,9811,91
2022-01-18,Ventura,111,848112,154230,143384,8381,151765,1233
2022-01-18,Yolo,113,214977,31561,28786,2334,31120,270
2022-01-18,Yuba,115,75493,13664,12971,751,13722,101
2022-01-17,Alameda,001,1643700,208751,193276,9544,202820,1565
2022-01-17,Alpine,003,1148,116,118,0,118,0
2022-01-17,Amador,005,37829,7047,6640,232,6872,73
2022-01-17,Butte,007,227075,28092,26303,5422,31725,348
2022-01-17,Calaveras,009,45235,6028,5584,140,5724,94
2022-01-17,Colusa,011,21464,2998,2905,896,3801,21
2022-01-17,Contra Costa,013,1133247,159037,147993,8759,156752,1086
2022-01-17,Del Norte,015,27424,4317,4209,91,4300,43
2022-01-17,El Dorado,017,186661,23372,21540,2565,24105,175
2022-01-17,Fresno,019,978130,187691,176959,17860,194819,2426
2022-01-17,Glenn,021,27897,4285,4055,1361,5416,39
2022-01-17,Humboldt,023,135768,14026,13120,1791,14911,125
2022-01-17,Imperial,025,180216,46883,44412,7442,51854,821
2022-01-17,Inyo,027,18085,3763,3650,163,3813,49
2022-01-17,Kern,029,883053,166853,157645,36261,193906,1944
2022-01-17,Kings,031,150075,41438,39143,2540,41683,392
2022-01-17,Lake,033,64148,8423,7864,522,8386,117
2022-01-17,Lassen,035,31185,7665,7417,617,8034,55
2022-01-17,Los Angeles,037,10098052,2372441,2205740,106687,2312427,27832
2022-01-17,Madera,039,155013,30351,28568,3487,32055,329
2022-01-17,Marin,041,260295,28557,26633,1655,28288,251
2022-01-17,Mariposa,043,17540,2000,1862,89,1951,6
2022-01-17,Mendocino,045,87422,10786,10030,1512,11542,103
2022-01-17,Merced,047,269075,53851,51227,4308,55535,718
2022-01-17,Modoc,049,8938,645,630,217,847,6
2022-01-17,Mono,051,14174,2754,2642,97,2739,4
2022-01-17,Monterey,053,433212,65383,57318,7226,64544,647
2022-01-17,Napa,055,140530,21105,19647,579,20226,109
2022-01-17,Nevada,057,99092,13532,12414,759,13173,111
2022-01-17,Orange,059,3164182,489303,457418,35352,492770,5933
2022-01-17,Placer,061,380077,53794,50511,6059,56570,508
2022-01-17,Plumas,063,18699,2433,2205,152,2357,12
2022-01-17,Riverside,065,2383286,523348,491322,23924,515246,5600
2022-01-17,Sacramento,067,1510023,238028,221143,16575,237718,2497
2022-01-17,San Benito,069,59416,10911,10432,340,10772,88
2022-01-17,San Bernardino,071,2135413,513982,480243,21111,501354,6259
2022-01-17,San Diego,073,3302833,637693,569241,41881,611122,4545
2022-01-17,San Francisco,075,870044,103849,95292,6440,101732,694
2022-01-17,San Joaquin,077,732212,141483,133414,8196,141610,1958
2022-01-17,San Luis Obispo,079,281455,43440,40425,2700,43125,379
2022-01-17,San Mateo,081,765935,101804,87013,4575,91588,585
2022-01-17,Santa Barbara,083,443738,70555,66704,3231,69935,581
2022-01-17,Santa Clara,085,1922200,253108,237934,8076,246010,1985
2022-01-17,Santa Cruz,087,273765,34442,31714,1688,33402,237
2022-01-17,Shasta,089,179085,26293,25025,4651,29676,448
2022-01-17,Sierra,091,2930,256,242,32,274,0
2022-01-17,Siskiyou,093,43540,3888,3764,1911,5675,62
2022-01-17,Solano,095,438530,66950,61497,3904,65401,391
2022-01-17,Sonoma,097,501317,67606,62763,1737,64500,419
2022-01-17,Stanislaus,099,539301,101534,96951,13006,109957,1379
2022-01-17,Sutter,101,95872,17803,17159,918,18077,198
2022-01-17,Tehama,103,63373,10377,9912,2090,12002,142
2022-01-17,Trinity,105,12862,1009,906,243,1149,19
2022-01-17,Tulare,107,460477,87837,81741,21086,102827,1199
2022-01-17,Tuolumne,109,53932,10179,9416,251,9667,91
2022-01-17,Ventura,111,848112,152114,142070,8263,150333,1234
2022-01-17,Yolo,113,214977,31030,28638,2268,30906,270
2022-01-17,Yuba,115,75493,13468,12871,695,13566,101
2022-01-16,Alameda,001,1643700,205677,190691,9287,199978,1564
2022-01-16,Alpine,003,1148,116,118,0,118,0
2022-01-16,Amador,005,37829,6974,6618,224,6842,73
2022-01-16,Butte,007,227075,27748,26139,5369,31508,348
2022-01-16,Calaveras,009,45235,5927,5537,136,5673,94
2022-01-16,Colusa,011,21464,2981,2886,884,3770,21
2022-01-16,Contra Costa,013,1133247,157096,146307,8556,154863,1086
2022-01-16,Del Norte,015,27424,4275,4177,89,4266,43
2022-01-16,El Dorado,017,186661,23097,21303,2526,23829,175
2022-01-16,Fresno,019,978130,184979,174818,17503,192321,2425
2022-01-16,Glenn,021,27897,4230,4049,1339,5388,39
2022-01-16,Humboldt,023,135768,13879,13075,1772,14847,125
2022-01-16,Imperial,025,180216,46311,44035,7277,51312,821
2022-01-16,Inyo,027,18085,3726,3602,141,3743,49
2022-01-16,Kern,029,883053,165582,156655,35473,192128,1944
2022-01-16,Kings,031,150075,41065,38861,2520,41381,392
2022-01-16,Lake,033,64148,8319,7823,488,8311,117
2022-01-16,Lassen,035,31185,7620,7391,605,7996,55
2022-01-16,Los Angeles,037,10098052,2349267,2174403,105163,2279566,27805
2022-01-16,Madera,039,155013,29982,28313,3437,31750,329
2022-01-16,Marin,041,260295,28263,26292,1641,27933,251
2022-01-16,Mariposa,043,17540,1973,1851,84,1935,6
2022-01-16,Mendocino,045,87422,10639,9992,1396,11388,102
2022-01-16,Merced,047,269075,53260,50882,4283,55165,718
2022-01-16,Modoc,049,8938,642,629,217,846,6
2022-01-16,Mono,051,14174,2750,2614,95,2709,4
2022-01-16,Monterey,053,433212,64617,57012,7081,64093,647
2022-01-16,Napa,055,140530,20838,19521,568,20089,109
2022-01-16,Nevada,057,99092,13318,12307,741,13048,111
2022-01-16,Orange,059,3164182,483908,451962,34805,486767,5932
2022-01-16,Placer,061,380077,53087,50076,5947,56023,508
2022-01-16,Plumas,063,18699,2398,2204,142,2346,12
2022-01-16,Riverside,065,2383286,517844,485191,23704,508895,5600
2022-01-16,Sacramento,067,1510023,235071,218819,15859,234678,2491
2022-01-16,San Benito,069,59416,10753,10377,338,10715,88
2022-01-16,San Bernardino,071,2135413,510027,474425,20856,495281,6259
2022-01-16,San Diego,073,3302833,630104,569241,41444,610685,4545
2022-01-16,San Francisco,075,870044,102332,94139,6302,100441,694
2022-01-16,San Joaquin,077,732212,139699,132214,8055,140269,1958
2022-01-16,San Luis Obispo,079,281455,42783,40113,2661,42774,379
2022-01-16,San Mateo,081,765935,100279,85966,4482,90448,585
2022-01-16,Santa Barbara,083,443738,69527,66111,3191,69302,582
2022-01-16,Santa Clara,085,1922200,249444,234293,7922,242215,1984
2022-01-16,Santa Cruz,087,273765,33813,31469,1666,33135,237
2022-01-16,Shasta,089,179085,26039,24980,4583,29563,449
2022-01-16,Sierra,091,2930,252,238,31,269,0
2022-01-16,Siskiyou,093,43540,3860,3748,1872,5620,62
2022-01-16,Solano,095,438530,66274,60885,3773,64658,391
2022-01-16,Sonoma,097,501317,66528,61842,1720,63562,419
2022-01-16,Stanislaus,099,539301,100470,96370,12852,109222,1379
2022-01-16,Sutter,101,95872,17603,16996,896,17892,198
2022-01-16,Tehama,103,63373,10293,9868,2069,11937,142
2022-01-16,Trinity,105,12862,1004,889,241,1130,19
2022-01-16,Tulare,107,460477,86525,80867,20832,101699,1199
2022-01-16,Tuolumne,109,53932,10074,9369,243,9612,91
2022-01-16,Ventura,111,848112,150539,140715,8184,148899,1234
2022-01-16,Yolo,113,214977,30638,28481,2215,30696,270
2022-01-16,Yuba,115,75493,13291,12760,689,13449,101
2022-01-15,Alameda,001,1643700,204307,177768,9236,187004,1561
2022-01-15,Alpine,003,1148,116,117,0,117,0
2022-01-15,Amador,005,37829,6942,6434,210,6644,72
2022-01-15,Butte,007,227075,27593,25032,5319,30351,348
2022-01-15,Calaveras,009,45235,5895,5258,136,5394,93
2022-01-15,Colusa,011,21464,2967,2796,877,3673,21
2022-01-15,Contra Costa,013,1133247,155865,137643,8512,146155,1082
2022-01-15,Del Norte,015,27424,4260,4065,87,4152,43
2022-01-15,El Dorado,017,186661,22998,20434,2509,22943,175
2022-01-15,Fresno,019,978130,184051,167361,17418,184779,2415
2022-01-15,Glenn,021,27897,4223,3906,1330,5236,39
2022-01-15,Humboldt,023,135768,13776,12419,1756,14175,123
2022-01-15,Imperial,025,180216,46173,42508,7168,49676,817
2022-01-15,Inyo,027,18085,3716,3395,141,3536,49
2022-01-15,Kern,029,883053,164738,150085,35082,185167,1938
2022-01-15,Kings,031,150075,40816,37221,2508,39729,391
2022-01-15,Lake,033,64148,8280,7641,475,8116,117
2022-01-15,Lassen,035,31185,7579,7274,599,7873,55
2022-01-15,Los Angeles,037,10098052,2337741,2047927,104214,2152141,27641
2022-01-15,Madera,039,155013,29836,27294,3413,30707,329
2022-01-15,Marin,041,260295,28077,25248,1634,26882,251
2022-01-15,Mariposa,043,17540,1966,1762,84,1846,6
2022-01-15,Mendocino,045,87422,10566,9534,1390,10924,102
2022-01-15,Merced,047,269075,53093,48904,4272,53176,715
2022-01-15,Modoc,049,8938,640,628,217,845,6
2022-01-15,Mono,051,14174,2745,2508,94,2602,4
2022-01-15,Monterey,053,433212,64103,55315,7017,62332,647
2022-01-15,Napa,055,140530,20717,17648,564,18212,109
2022-01-15,Nevada,057,99092,13258,11773,728,12501,111
2022-01-15,Orange,059,3164182,481317,433141,34533,467674,5914
2022-01-15,Placer,061,380077,52796,47780,5911,53691,501
2022-01-15,Plumas,063,18699,2377,2158,136,2294,12
2022-01-15,Riverside,065,2383286,515162,466381,23569,489950,5578
2022-01-15,Sacramento,067,1510023,233915,208156,15760,223916,2491
2022-01-15,San Benito,069,59416,10654,9868,333,10201,87
2022-01-15,San Bernardino,071,2135413,507690,454395,20708,475103,6233
2022-01-15,San Diego,073,3302833,626315,559385,41188,600573,4540
2022-01-15,San Francisco,075,870044,101336,88004,6167,94171,692
2022-01-15,San Joaquin,077,732212,139134,125136,7958,133094,1954
2022-01-15,San Luis Obispo,079,281455,42594,38231,2648,40879,374
2022-01-15,San Mateo,081,765935,99323,80494,4441,84935,582
2022-01-15,Santa Barbara,083,443738,68931,62312,3180,65492,579
2022-01-15,Santa Clara,085,1922200,247240,218986,7802,226788,1974
2022-01-15,Santa Cruz,087,273765,33459,29414,1658,31072,235
2022-01-15,Shasta,089,179085,25948,24482,4551,29033,445
2022-01-15,Sierra,091,2930,251,232,30,262,0
2022-01-15,Siskiyou,093,43540,3848,3661,1862,5523,62
2022-01-15,Solano,095,438530,65994,58061,3724,61785,389
2022-01-15,Sonoma,097,501317,65942,58181,1714,59895,418
2022-01-15,Stanislaus,099,539301,99888,92986,12753,105739,1379
2022-01-15,Sutter,101,95872,17512,16345,886,17231,197
2022-01-15,Tehama,103,63373,10243,9572,2051,11623,141
2022-01-15,Trinity,105,12862,1001,872,241,1113,19
2022-01-15,Tulare,107,460477,86079,77769,20721,98490,1192
2022-01-15,Tuolumne,109,53932,9974,9042,238,9280,91
2022-01-15,Ventura,111,848112,149764,134736,8146,142882,1227
2022-01-15,Yolo,113,214977,30458,27311,2195,29506,270
2022-01-15,Yuba,115,75493,13228,12200,685,12885,101
2022-01-14,Alameda,001,1643700,202269,177768,9188,186956,1561
2022-01-14,Alpine,003,1148,116,117,0,117,0
2022-01-14,Amador,005,37829,6866,6434,201,6635,72
2022-01-14,Butte,007,227075,27412,25032,5287,30319,348
2022-01-14,Calaveras,009,45235,5858,5258,135,5393,93
2022-01-14,Colusa,011,21464,2958,2796,867,3663,21
2022-01-14,Contra Costa,013,1133247,154395,137643,8411,146054,1082
2022-01-14,Del Norte,015,27424,4235,4065,86,4151,43
2022-01-14,El Dorado,017,186661,22843,20434,2491,22925,175
2022-01-14,Fresno,019,978130,182396,167361,17342,184703,2415
2022-01-14,Glenn,021,27897,4201,3906,1322,5228,39
2022-01-14,Humboldt,023,135768,13670,12419,1723,14142,123
2022-01-14,Imperial,025,180216,46002,42508,7148,49656,817
2022-01-14,Inyo,027,18085,3691,3395,137,3532,49
2022-01-14,Kern,029,883053,163739,150085,34648,184733,1938
2022-01-14,Kings,031,150075,40565,37221,2500,39721,391
2022-01-14,Lake,033,64148,8223,7641,463,8104,117
2022-01-14,Lassen,035,31185,7545,7274,587,7861,55
2022-01-14,Los Angeles,037,10098052,2318418,2047927,103183,2151110,27641
2022-01-14,Madera,039,155013,29599,27294,3385,30679,329
2022-01-14,Marin,041,260295,27818,25248,1599,26847,251
2022-01-14,Mariposa,043,17540,1951,1762,84,1846,6
2022-01-14,Mendocino,045,87422,10454,9534,1377,10911,102
2022-01-14,Merced,047,269075,52910,48904,4257,53161,715
2022-01-14,Modoc,049,8938,639,628,217,845,6
2022-01-14,Mono,051,14174,2724,2508,92,2600,4
2022-01-14,Monterey,053,433212,63406,55315,6924,62239,647
2022-01-14,Napa,055,140530,20547,17648,559,18207,109
2022-01-14,Nevada,057,99092,13136,11773,715,12488,111
2022-01-14,Orange,059,3164182,477585,433141,34217,467358,5914
2022-01-14,Placer,061,380077,52360,47780,5825,53605,501
2022-01-14,Plumas,063,18699,2369,2158,129,2287,12
2022-01-14,Riverside,065,2383286,511637,466381,23426,489807,5578
2022-01-14,Sacramento,067,1510023,231966,208156,15611,223767,2491
2022-01-14,San Benito,069,59416,10602,9868,332,10200,87
2022-01-14,San Bernardino,071,2135413,504504,454395,20521,474916,6233
2022-01-14,San Diego,073,3302833,620664,559385,40880,600265,4540
2022-01-14,San Francisco,075,870044,100164,88004,5993,93997,692
2022-01-14,San Joaquin,077,732212,138284,125136,7878,133014,1954
2022-01-14,San Luis Obispo,079,281455,42427,38231,2627,40858,374
2022-01-14,San Mateo,081,765935,98094,80494,4412,84906,582
2022-01-14,Santa Barbara,083,443738,68412,62312,3170,65482,579
2022-01-14,Santa Clara,085,1922200,244666,218986,7696,226682,1974
2022-01-14,Santa Cruz,087,273765,33082,29414,1649,31063,235
2022-01-14,Shasta,089,179085,25827,24482,4518,29000,445
2022-01-14,Sierra,091,2930,249,232,28,260,0
2022-01-14,Siskiyou,093,43540,3837,3661,1849,5510,62
2022-01-14,Solano,095,438530,65150,58061,3636,61697,389
2022-01-14,Sonoma,097,501317,65401,58181,1688,59869,418
2022-01-14,Stanislaus,099,539301,99282,92986,12652,105638,1379
2022-01-14,Sutter,101,95872,17386,16345,878,17223,197
2022-01-14,Tehama,103,63373,10190,9572,2039,11611,141
2022-01-14,Trinity,105,12862,996,872,239,1111,19
2022-01-14,Tulare,107,460477,85551,77769,20560,98329,1192
2022-01-14,Tuolumne,109,53932,9851,9042,234,9276,91
2022-01-14,Ventura,111,848112,148658,134736,8087,142823,1227
2022-01-14,Yolo,113,214977,30217,27311,2167,29478,270
2022-01-14,Yuba,115,75493,13125,12200,680,12880,101
2022-01-13,Alameda,001,1643700,197945,177768,8837,186605,1561
2022-01-13,Alpine,003,1148,115,117,0,117,0
2022-01-13,Amador,005,37829,6806,6434,180,6614,72
2022-01-13,Butte,007,227075,27110,25032,5171,30203,348
2022-01-13,Calaveras,009,45235,5768,5258,132,5390,93
2022-01-13,Colusa,011,21464,2927,2796,857,3653,21
2022-01-13,Contra Costa,013,1133247,151834,137643,7957,145600,1082
2022-01-13,Del Norte,015,27424,4199,4065,85,4150,43
2022-01-13,El Dorado,017,186661,22594,20434,2445,22879,175
2022-01-13,Fresno,019,978130,179589,167361,16982,184343,2415
2022-01-13,Glenn,021,27897,4154,3906,1296,5202,39
2022-01-13,Humboldt,023,135768,13518,12419,1661,14080,123
2022-01-13,Imperial,025,180216,45458,42508,6935,49443,817
2022-01-13,Inyo,027,18085,3635,3395,120,3515,49
2022-01-13,Kern,029,883053,162154,150085,34059,184144,1938
2022-01-13,Kings,031,150075,40083,37221,2456,39677,391
2022-01-13,Lake,033,64148,8122,7641,442,8083,117
2022-01-13,Lassen,035,31185,7511,7274,571,7845,55
2022-01-13,Los Angeles,037,10098052,2281949,2047927,101383,2149310,27641
2022-01-13,Madera,039,155013,29132,27294,3292,30586,329
2022-01-13,Marin,041,260295,27474,25248,1556,26804,251
2022-01-13,Mariposa,043,17540,1928,1762,81,1843,6
2022-01-13,Mendocino,045,87422,10363,9534,1309,10843,102
2022-01-13,Merced,047,269075,52252,48904,3997,52901,715
2022-01-13,Modoc,049,8938,636,628,217,845,6
2022-01-13,Mono,051,14174,2701,2508,89,2597,4
2022-01-13,Monterey,053,433212,62469,55315,6639,61954,647
2022-01-13,Napa,055,140530,20249,17648,549,18197,109
2022-01-13,Nevada,057,99092,12943,11773,685,12458,111
2022-01-13,Orange,059,3164182,471143,433141,33761,466902,5914
2022-01-13,Placer,061,380077,51730,47780,5710,53490,501
2022-01-13,Plumas,063,18699,2349,2158,119,2277,12
2022-01-13,Riverside,065,2383286,505338,466381,23099,489480,5578
2022-01-13,Sacramento,067,1510023,228866,208156,14827,222983,2491
2022-01-13,San Benito,069,59416,10498,9868,324,10192,87
2022-01-13,San Bernardino,071,2135413,498718,454395,20057,474452,6233
2022-01-13,San Diego,073,3302833,612147,559385,40005,599390,4540
2022-01-13,San Francisco,075,870044,98428,88004,5799,93803,692
2022-01-13,San Joaquin,077,732212,136218,125136,7728,132864,1954
2022-01-13,San Luis Obispo,079,281455,41824,38231,2522,40753,374
2022-01-13,San Mateo,081,765935,96313,80494,4176,84670,582
2022-01-13,Santa Barbara,083,443738,67415,62312,2994,65306,579
2022-01-13,Santa Clara,085,1922200,240414,218986,7366,226352,1974
2022-01-13,Santa Cruz,087,273765,32267,29414,1627,31041,235
2022-01-13,Shasta,089,179085,25618,24482,4446,28928,445
2022-01-13,Sierra,091,2930,248,232,28,260,0
2022-01-13,Siskiyou,093,43540,3815,3661,1809,5470,62
2022-01-13,Solano,095,438530,64018,58061,3525,61586,389
2022-01-13,Sonoma,097,501317,64336,58181,1632,59813,418
2022-01-13,Stanislaus,099,539301,98165,92986,12374,105360,1379
2022-01-13,Sutter,101,95872,17190,16345,815,17160,197
2022-01-13,Tehama,103,63373,10091,9572,1991,11563,141
2022-01-13,Trinity,105,12862,988,872,239,1111,19
2022-01-13,Tulare,107,460477,84271,77769,20271,98040,1192
2022-01-13,Tuolumne,109,53932,9712,9042,216,9258,91
2022-01-13,Ventura,111,848112,146875,134736,7993,142729,1227
2022-01-13,Yolo,113,214977,29801,27311,2123,29434,270
2022-01-13,Yuba,115,75493,12990,12200,651,12851,101
2022-01-12,Alameda,001,1643700,193325,173001,8380,181381,1563
2022-01-12,Alpine,003,1148,115,117,0,117,0
2022-01-12,Amador,005,37829,6758,6354,166,6520,71
2022-01-12,Butte,007,227075,26783,24631,5080,29711,348
2022-01-12,Calaveras,009,45235,5691,5151,126,5277,93
2022-01-12,Colusa,011,21464,2888,2772,844,3616,21
2022-01-12,Contra Costa,013,1133247,149241,134579,7592,142171,1077
2022-01-12,Del Norte,015,27424,4173,4019,83,4102,43
2022-01-12,El Dorado,017,186661,22271,20092,2405,22497,175
2022-01-12,Fresno,019,978130,176856,165316,16571,181887,2413
2022-01-12,Glenn,021,27897,4103,3859,1274,5133,39
2022-01-12,Humboldt,023,135768,13345,12081,1579,13660,122
2022-01-12,Imperial,025,180216,44802,41985,6633,48618,814
2022-01-12,Inyo,027,18085,3589,3334,104,3438,49
2022-01-12,Kern,029,883053,160016,148435,33337,181772,1933
2022-01-12,Kings,031,150075,39452,36780,2414,39194,391
2022-01-12,Lake,033,64148,8006,7535,398,7933,117
2022-01-12,Lassen,035,31185,7469,7223,544,7767,55
2022-01-12,Los Angeles,037,10098052,2242214,2005065,99145,2104210,27601
2022-01-12,Madera,039,155013,28815,26952,3192,30144,329
2022-01-12,Marin,041,260295,26984,24704,1505,26209,251
2022-01-12,Mariposa,043,17540,1899,1725,79,1804,6
2022-01-12,Mendocino,045,87422,10199,9379,1211,10590,103
2022-01-12,Merced,047,269075,51552,48441,3724,52165,710
2022-01-12,Modoc,049,8938,634,627,217,844,6
2022-01-12,Mono,051,14174,2665,2466,85,2551,4
2022-01-12,Monterey,053,433212,61483,54524,6278,60802,647
2022-01-12,Napa,055,140530,19991,17347,526,17873,109
2022-01-12,Nevada,057,99092,12729,11552,639,12191,111
2022-01-12,Orange,059,3164182,464360,425737,33176,458913,5912
2022-01-12,Placer,061,380077,51070,47004,5595,52599,501
2022-01-12,Plumas,063,18699,2310,2135,108,2243,12
2022-01-12,Riverside,065,2383286,498115,458881,22759,481640,5565
2022-01-12,Sacramento,067,1510023,225288,204696,13953,218649,2479
2022-01-12,San Benito,069,59416,10367,9737,312,10049,87
2022-01-12,San Bernardino,071,2135413,492292,447869,19441,467310,6222
2022-01-12,San Diego,073,3302833,601644,551669,39147,590816,4529
2022-01-12,San Francisco,075,870044,96593,85700,5686,91386,691
2022-01-12,San Joaquin,077,732212,133934,122850,7601,130451,1948
2022-01-12,San Luis Obispo,079,281455,41097,37727,2439,40166,373
2022-01-12,San Mateo,081,765935,94280,78476,3802,82278,582
2022-01-12,Santa Barbara,083,443738,66272,60815,2892,63707,578
2022-01-12,Santa Clara,085,1922200,235919,213177,6987,220164,1971
2022-01-12,Santa Cruz,087,273765,31612,28463,1579,30042,235
2022-01-12,Shasta,089,179085,25406,24324,4381,28705,446
2022-01-12,Sierra,091,2930,247,228,28,256,0
2022-01-12,Siskiyou,093,43540,3787,3639,1762,5401,62
2022-01-12,Solano,095,438530,62970,57052,3404,60456,386
2022-01-12,Sonoma,097,501317,63052,56394,1549,57943,417
2022-01-12,Stanislaus,099,539301,96934,91738,12034,103772,1373
2022-01-12,Sutter,101,95872,16995,16135,782,16917,197
2022-01-12,Tehama,103,63373,10002,9475,1930,11405,141
2022-01-12,Trinity,105,12862,984,868,238,1106,19
2022-01-12,Tulare,107,460477,83152,76943,19892,96835,1192
2022-01-12,Tuolumne,109,53932,9583,8870,199,9069,91
2022-01-12,Ventura,111,848112,144964,132180,7907,140087,1220
2022-01-12,Yolo,113,214977,29386,26888,2050,28938,270
2022-01-12,Yuba,115,75493,12830,12015,624,12639,101
2022-01-11,Alameda,001,1643700,188803,169181,7984,177165,1561
2022-01-11,Alpine,003,1148,115,116,0,116,0
2022-01-11,Amador,005,37829,6674,6317,151,6468,71
2022-01-11,Butte,007,227075,26392,24479,4985,29464,347
2022-01-11,Calaveras,009,45235,5562,5083,112,5195,93
2022-01-11,Colusa,011,21464,2865,2766,831,3597,21
2022-01-11,Contra Costa,013,1133247,146193,132410,7106,139516,1077
2022-01-11,Del Norte,015,27424,4140,4006,81,4087,43
2022-01-11,El Dorado,017,186661,21926,19842,2332,22174,174
2022-01-11,Fresno,019,978130,173814,163509,16228,179737,2404
2022-01-11,Glenn,021,27897,4041,3844,1230,5074,39
2022-01-11,Humboldt,023,135768,13125,11960,1486,13446,122
2022-01-11,Imperial,025,180216,44197,41444,6433,47877,813
2022-01-11,Inyo,027,18085,3491,3278,97,3375,49
2022-01-11,Kern,029,883053,157734,146942,32515,179457,1929
2022-01-11,Kings,031,150075,38864,36524,2383,38907,389
2022-01-11,Lake,033,64148,7928,7494,382,7876,117
2022-01-11,Lassen,035,31185,7419,7210,530,7740,55
2022-01-11,Los Angeles,037,10098052,2199766,1966319,96905,2063224,27563
2022-01-11,Madera,039,155013,28400,26688,3113,29801,329
2022-01-11,Marin,041,260295,26627,24387,1460,25847,251
2022-01-11,Mariposa,043,17540,1877,1718,75,1793,6
2022-01-11,Mendocino,045,87422,10038,9301,1113,10414,102
2022-01-11,Merced,047,269075,50786,48068,3543,51611,708
2022-01-11,Modoc,049,8938,633,626,216,842,6
2022-01-11,Mono,051,14174,2622,2425,84,2509,4
2022-01-11,Monterey,053,433212,60440,53911,5930,59841,646
2022-01-11,Napa,055,140530,19551,17020,479,17499,109
2022-01-11,Nevada,057,99092,12503,11467,604,12071,110
2022-01-11,Orange,059,3164182,456684,417703,32544,450247,5909
2022-01-11,Placer,061,380077,50315,46459,5451,51910,500
2022-01-11,Plumas,063,18699,2275,2099,100,2199,12
2022-01-11,Riverside,065,2383286,490386,453766,22445,476211,5551
2022-01-11,Sacramento,067,1510023,221106,201058,12930,213988,2489
2022-01-11,San Benito,069,59416,10231,9624,299,9923,83
2022-01-11,San Bernardino,071,2135413,484419,442960,18840,461800,6198
2022-01-11,San Diego,073,3302833,589638,536954,38036,574990,4520
2022-01-11,San Francisco,075,870044,94388,83678,5528,89206,691
2022-01-11,San Joaquin,077,732212,131555,121139,7435,128574,1944
2022-01-11,San Luis Obispo,079,281455,40322,37183,2320,39503,372
2022-01-11,San Mateo,081,765935,91988,76756,3580,80336,582
2022-01-11,Santa Barbara,083,443738,64967,59758,2755,62513,578
2022-01-11,Santa Clara,085,1922200,230534,208425,6536,214961,1971
2022-01-11,Santa Cruz,087,273765,31104,27709,1529,29238,232
2022-01-11,Shasta,089,179085,25147,24132,4288,28420,446
2022-01-11,Sierra,091,2930,245,228,28,256,0
2022-01-11,Siskiyou,093,43540,3763,3621,1712,5333,62
2022-01-11,Solano,095,438530,61569,56349,3250,59599,388
2022-01-11,Sonoma,097,501317,61535,55411,1469,56880,416
2022-01-11,Stanislaus,099,539301,95567,90998,11667,102665,1372
2022-01-11,Sutter,101,95872,16794,15993,728,16721,197
2022-01-11,Tehama,103,63373,9874,9406,1882,11288,140
2022-01-11,Trinity,105,12862,972,858,236,1094,19
2022-01-11,Tulare,107,460477,81844,76267,19493,95760,1188
2022-01-11,Tuolumne,109,53932,9424,8811,192,9003,91
2022-01-11,Ventura,111,848112,142733,129548,7761,137309,1220
2022-01-11,Yolo,113,214977,28809,26482,1989,28471,270
2022-01-11,Yuba,115,75493,12656,11912,603,12515,101
2022-01-10,Alameda,001,1643700,183660,165657,7465,173122,1559
2022-01-10,Alpine,003,1148,115,116,0,116,0
2022-01-10,Amador,005,37829,6571,6279,136,6415,71
2022-01-10,Butte,007,227075,26052,24217,4888,29105,347
2022-01-10,Calaveras,009,45235,5464,5025,106,5131,93
2022-01-10,Colusa,011,21464,2836,2758,822,3580,21
2022-01-10,Contra Costa,013,1133247,143353,129951,6588,136539,1077
2022-01-10,Del Norte,015,27424,4117,3970,81,4051,43
2022-01-10,El Dorado,017,186661,21359,19606,2275,21881,172
2022-01-10,Fresno,019,978130,170771,161593,15831,177424,2404
2022-01-10,Glenn,021,27897,3982,3807,1216,5023,39
2022-01-10,Humboldt,023,135768,12883,11778,1353,13131,121
2022-01-10,Imperial,025,180216,43471,41080,6216,47296,811
2022-01-10,Inyo,027,18085,3436,3227,85,3312,49
2022-01-10,Kern,029,883053,155163,145744,31772,177516,1929
2022-01-10,Kings,031,150075,38248,36286,2357,38643,389
2022-01-10,Lake,033,64148,7839,7416,358,7774,117
2022-01-10,Lassen,035,31185,7381,7192,508,7700,55
2022-01-10,Los Angeles,037,10098052,2154235,1932475,94395,2026870,27546
2022-01-10,Madera,039,155013,27951,26501,3010,29511,328
2022-01-10,Marin,041,260295,26137,24023,1386,25409,251
2022-01-10,Mariposa,043,17540,1837,1684,70,1754,6
2022-01-10,Mendocino,045,87422,9865,9163,1026,10189,101
2022-01-10,Merced,047,269075,49978,47632,3261,50893,707
2022-01-10,Modoc,049,8938,632,622,214,836,6
2022-01-10,Mono,051,14174,2556,2415,79,2494,4
2022-01-10,Monterey,053,433212,59486,53485,5616,59101,645
2022-01-10,Napa,055,140530,19174,16775,465,17240,109
2022-01-10,Nevada,057,99092,12279,11300,566,11866,110
2022-01-10,Orange,059,3164182,447985,406170,31698,437868,5906
2022-01-10,Placer,061,380077,49468,45642,5289,50931,498
2022-01-10,Plumas,063,18699,2240,2086,98,2184,12
2022-01-10,Riverside,065,2383286,482133,445536,21996,467532,5546
2022-01-10,Sacramento,067,1510023,216602,198023,11887,209910,2474
2022-01-10,San Benito,069,59416,10060,9467,289,9756,83
2022-01-10,San Bernardino,071,2135413,476053,437207,18118,455325,6184
2022-01-10,San Diego,073,3302833,576945,530506,36898,567404,4500
2022-01-10,San Francisco,075,870044,92595,82209,5269,87478,690
2022-01-10,San Joaquin,077,732212,128888,119587,7151,126738,1927
2022-01-10,San Luis Obispo,079,281455,39506,36618,2225,38843,371
2022-01-10,San Mateo,081,765935,89341,75210,3324,78534,582
2022-01-10,Santa Barbara,083,443738,63706,58957,2566,61523,578
2022-01-10,Santa Clara,085,1922200,224750,203540,6057,209597,1971
2022-01-10,Santa Cruz,087,273765,30263,26906,1491,28397,232
2022-01-10,Shasta,089,179085,24950,23983,4211,28194,446
2022-01-10,Sierra,091,2930,242,223,28,251,0
2022-01-10,Siskiyou,093,43540,3730,3592,1668,5260,62
2022-01-10,Solano,095,438530,60528,55663,3053,58716,385
2022-01-10,Sonoma,097,501317,59988,54478,1423,55901,412
2022-01-10,Stanislaus,099,539301,94231,89997,11322,101319,1372
2022-01-10,Sutter,101,95872,16550,15823,682,16505,196
2022-01-10,Tehama,103,63373,9761,9360,1827,11187,140
2022-01-10,Trinity,105,12862,968,849,234,1083,19
2022-01-10,Tulare,107,460477,80351,75498,19107,94605,1186
2022-01-10,Tuolumne,109,53932,9298,8685,180,8865,91
2022-01-10,Ventura,111,848112,140125,126240,7611,133851,1217
2022-01-10,Yolo,113,214977,28213,26065,1936,28001,270
2022-01-10,Yuba,115,75493,12408,11776,569,12345,101
2022-01-09,Alameda,001,1643700,179137,162701,6795,169496,1561
2022-01-09,Alpine,003,1148,115,116,0,116,0
2022-01-09,Amador,005,37829,6483,6215,124,6339,71
2022-01-09,Butte,007,227075,25664,24018,4770,28788,347
2022-01-09,Calaveras,009,45235,5334,4976,97,5073,93
2022-01-09,Colusa,011,21464,2809,2750,799,3549,21
2022-01-09,Contra Costa,013,1133247,140368,128050,5923,133973,1077
2022-01-09,Del Norte,015,27424,4078,3950,77,4027,43
2022-01-09,El Dorado,017,186661,20996,19430,2209,21639,172
2022-01-09,Fresno,019,978130,168191,159989,15443,175432,2405
2022-01-09,Glenn,021,27897,3926,3797,1195,4992,39
2022-01-09,Humboldt,023,135768,12638,11582,1230,12812,121
2022-01-09,Imperial,025,180216,42632,40608,5956,46564,811
2022-01-09,Inyo,027,18085,3333,3149,76,3225,49
2022-01-09,Kern,029,883053,152709,144819,31031,175850,1927
2022-01-09,Kings,031,150075,37571,36041,2321,38362,389
2022-01-09,Lake,033,64148,7728,7393,314,7707,117
2022-01-09,Lassen,035,31185,7317,7172,479,7651,55
2022-01-09,Los Angeles,037,10098052,2106212,1887830,91329,1979159,27532
2022-01-09,Madera,039,155013,27571,26325,2913,29238,328
2022-01-09,Marin,041,260295,25687,23708,1295,25003,251
2022-01-09,Mariposa,043,17540,1787,1660,69,1729,6
2022-01-09,Mendocino,045,87422,9658,9097,914,10011,101
2022-01-09,Merced,047,269075,49107,47294,2989,50283,706
2022-01-09,Modoc,049,8938,630,619,214,833,6
2022-01-09,Mono,051,14174,2521,2390,72,2462,4
2022-01-09,Monterey,053,433212,58426,53251,5348,58599,645
2022-01-09,Napa,055,140530,18679,16614,449,17063,109
2022-01-09,Nevada,057,99092,12025,11152,505,11657,110
2022-01-09,Orange,059,3164182,437987,400563,30748,431311,5905
2022-01-09,Placer,061,380077,48474,45081,5139,50220,498
2022-01-09,Plumas,063,18699,2201,2081,78,2159,12
2022-01-09,Riverside,065,2383286,473148,440413,21455,461868,5546
2022-01-09,Sacramento,067,1510023,211809,195444,10774,206218,2475
2022-01-09,San Benito,069,59416,9874,9363,261,9624,83
2022-01-09,San Bernardino,071,2135413,467690,430257,17307,447564,6180
2022-01-09,San Diego,073,3302833,563826,478206,35042,513248,4500
2022-01-09,San Francisco,075,870044,90730,80463,5023,85486,690
2022-01-09,San Joaquin,077,732212,125808,118422,6985,125407,1927
2022-01-09,San Luis Obispo,079,281455,38701,36291,2119,38410,371
2022-01-09,San Mateo,081,765935,86830,73867,2997,76864,582
2022-01-09,Santa Barbara,083,443738,62022,58280,2304,60584,578
2022-01-09,Santa Clara,085,1922200,218701,199889,5522,205411,1976
2022-01-09,Santa Cruz,087,273765,29513,26513,1459,27972,232
2022-01-09,Shasta,089,179085,24710,23926,4124,28050,446
2022-01-09,Sierra,091,2930,239,223,26,249,0
2022-01-09,Siskiyou,093,43540,3701,3580,1609,5189,62
2022-01-09,Solano,095,438530,59372,54985,2772,57757,384
2022-01-09,Sonoma,097,501317,58313,53543,1386,54929,412
2022-01-09,Stanislaus,099,539301,92861,89248,11041,100289,1372
2022-01-09,Sutter,101,95872,16262,15695,602,16297,196
2022-01-09,Tehama,103,63373,9644,9306,1776,11082,140
2022-01-09,Trinity,105,12862,964,848,232,1080,19
2022-01-09,Tulare,107,460477,78940,75085,18737,93822,1186
2022-01-09,Tuolumne,109,53932,9140,8595,161,8756,91
2022-01-09,Ventura,111,848112,137072,124269,7368,131637,1217
2022-01-09,Yolo,113,214977,27605,25632,1891,27523,270
2022-01-09,Yuba,115,75493,12210,11666,538,12204,101
2022-01-08,Alameda,001,1643700,177244,148560,6656,155216,1558
2022-01-08,Alpine,003,1148,115,114,0,114,0
2022-01-08,Amador,005,37829,6452,6091,119,6210,71
2022-01-08,Butte,007,227075,25475,23429,4731,28160,347
2022-01-08,Calaveras,009,45235,5288,4823,93,4916,93
2022-01-08,Colusa,011,21464,2801,2713,796,3509,21
2022-01-08,Contra Costa,013,1133247,138812,119907,5840,125747,1077
2022-01-08,Del Norte,015,27424,4061,3902,77,3979,43
2022-01-08,El Dorado,017,186661,20815,18599,2176,20775,172
2022-01-08,Fresno,019,978130,167306,155394,15310,170704,2393
2022-01-08,Glenn,021,27897,3918,3732,1190,4922,39
2022-01-08,Humboldt,023,135768,12514,11149,1204,12353,121
2022-01-08,Imperial,025,180216,42444,39429,5814,45243,800
2022-01-08,Inyo,027,18085,3319,3020,73,3093,49
2022-01-08,Kern,029,883053,151571,140410,30602,171012,1921
2022-01-08,Kings,031,150075,37330,35275,2304,37579,390
2022-01-08,Lake,033,64148,7688,7209,306,7515,117
2022-01-08,Lassen,035,31185,7287,7127,463,7590,55
2022-01-08,Los Angeles,037,10098052,2087820,1765787,89597,1855384,27476
2022-01-08,Madera,039,155013,27404,25767,2875,28642,328
2022-01-08,Marin,041,260295,25403,22377,1284,23661,251
2022-01-08,Mariposa,043,17540,1777,1588,69,1657,6
2022-01-08,Mendocino,045,87422,9584,8792,912,9704,101
2022-01-08,Merced,047,269075,48934,46094,2965,49059,703
2022-01-08,Modoc,049,8938,630,610,214,824,6
2022-01-08,Mono,051,14174,2510,2240,67,2307,4
2022-01-08,Monterey,053,433212,58041,51721,5255,56976,644
2022-01-08,Napa,055,140530,18525,15819,423,16242,109
2022-01-08,Nevada,057,99092,11940,10765,492,11257,110
2022-01-08,Orange,059,3164182,434193,375124,29902,405026,5903
2022-01-08,Placer,061,380077,48031,43172,5097,48269,495
2022-01-08,Plumas,063,18699,2191,2053,73,2126,12
2022-01-08,Riverside,065,2383286,469633,422591,21187,443778,5535
2022-01-08,Sacramento,067,1510023,210374,185118,10617,195735,2470
2022-01-08,San Benito,069,59416,9713,9016,258,9274,83
2022-01-08,San Bernardino,071,2135413,464251,411724,16912,428636,6122
2022-01-08,San Diego,073,3302833,558925,472273,34499,506772,4495
2022-01-08,San Francisco,075,870044,89530,73660,4744,78404,690
2022-01-08,San Joaquin,077,732212,124840,112514,6884,119398,1916
2022-01-08,San Luis Obispo,079,281455,38499,34489,2076,36565,369
2022-01-08,San Mateo,081,765935,85447,67918,2910,70828,582
2022-01-08,Santa Barbara,083,443738,61327,54617,2270,56887,575
2022-01-08,Santa Clara,085,1922200,215661,183842,5314,189156,1966
2022-01-08,Santa Cruz,087,273765,29086,24678,1439,26117,230
2022-01-08,Shasta,089,179085,24619,23585,4093,27678,445
2022-01-08,Sierra,091,2930,235,215,25,240,0
2022-01-08,Siskiyou,093,43540,3689,3545,1595,5140,62
2022-01-08,Solano,095,438530,58964,52452,2700,55152,383
2022-01-08,Sonoma,097,501317,57790,50130,1352,51482,411
2022-01-08,Stanislaus,099,539301,92221,87049,10918,97967,1372
2022-01-08,Sutter,101,95872,16143,15261,589,15850,195
2022-01-08,Tehama,103,63373,9613,9109,1768,10877,140
2022-01-08,Trinity,105,12862,958,836,232,1068,19
2022-01-08,Tulare,107,460477,78546,73600,18603,92203,1185
2022-01-08,Tuolumne,109,53932,9034,8360,158,8518,91
2022-01-08,Ventura,111,848112,135902,117229,7234,124463,1216
2022-01-08,Yolo,113,214977,27311,24006,1863,25869,270
2022-01-08,Yuba,115,75493,12123,11277,535,11812,101
2022-01-07,Alameda,001,1643700,174557,148560,6541,155101,1558
2022-01-07,Alpine,003,1148,115,114,0,114,0
2022-01-07,Amador,005,37829,6403,6091,116,6207,71
2022-01-07,Butte,007,227075,25270,23429,4696,28125,347
2022-01-07,Calaveras,009,45235,5249,4823,93,4916,93
2022-01-07,Colusa,011,21464,2792,2713,785,3498,21
2022-01-07,Contra Costa,013,1133247,136871,119907,5716,125623,1077
2022-01-07,Del Norte,015,27424,4045,3902,76,3978,43
2022-01-07,El Dorado,017,186661,20652,18599,2163,20762,172
2022-01-07,Fresno,019,978130,165945,155394,15217,170611,2393
2022-01-07,Glenn,021,27897,3898,3732,1187,4919,39
2022-01-07,Humboldt,023,135768,12370,11149,1177,12326,121
2022-01-07,Imperial,025,180216,42285,39429,5730,45159,800
2022-01-07,Inyo,027,18085,3300,3020,71,3091,49
2022-01-07,Kern,029,883053,150601,140410,30160,170570,1921
2022-01-07,Kings,031,150075,37149,35275,2290,37565,390
2022-01-07,Lake,033,64148,7640,7209,281,7490,117
2022-01-07,Lassen,035,31185,7271,7127,460,7587,55
2022-01-07,Los Angeles,037,10098052,2056645,1765787,88136,1853923,27476
2022-01-07,Madera,039,155013,27222,25767,2839,28606,328
2022-01-07,Marin,041,260295,25022,22377,1266,23643,251
2022-01-07,Mariposa,043,17540,1761,1588,69,1657,6
2022-01-07,Mendocino,045,87422,9491,8792,911,9703,101
2022-01-07,Merced,047,269075,48767,46094,2941,49035,703
2022-01-07,Modoc,049,8938,629,610,214,824,6
2022-01-07,Mono,051,14174,2472,2240,61,2301,4
2022-01-07,Monterey,053,433212,57621,51721,5160,56881,644
2022-01-07,Napa,055,140530,18298,15819,402,16221,109
2022-01-07,Nevada,057,99092,11810,10765,471,11236,110
2022-01-07,Orange,059,3164182,429381,375124,29285,404409,5903
2022-01-07,Placer,061,380077,47526,43172,5047,48219,495
2022-01-07,Plumas,063,18699,2182,2053,72,2125,12
2022-01-07,Riverside,065,2383286,465804,422591,20958,443549,5535
2022-01-07,Sacramento,067,1510023,208104,185118,10464,195582,2470
2022-01-07,San Benito,069,59416,9668,9016,257,9273,83
2022-01-07,San Bernardino,071,2135413,460224,411724,16684,428408,6122
2022-01-07,San Diego,073,3302833,551811,472273,33952,506225,4495
2022-01-07,San Francisco,075,870044,88090,73660,4485,78145,690
2022-01-07,San Joaquin,077,732212,123887,112514,6823,119337,1916
2022-01-07,San Luis Obispo,079,281455,38284,34489,2021,36510,369
2022-01-07,San Mateo,081,765935,83981,67918,2851,70769,582
2022-01-07,Santa Barbara,083,443738,60631,54617,2249,56866,575
2022-01-07,Santa Clara,085,1922200,212414,183842,5205,189047,1966
2022-01-07,Santa Cruz,087,273765,28606,24678,1423,26101,230
2022-01-07,Shasta,089,179085,24520,23585,4059,27644,445
2022-01-07,Sierra,091,2930,232,215,25,240,0
2022-01-07,Siskiyou,093,43540,3678,3545,1583,5128,62
2022-01-07,Solano,095,438530,58281,52452,2655,55107,383
2022-01-07,Sonoma,097,501317,57188,50130,1267,51397,411
2022-01-07,Stanislaus,099,539301,91693,87049,10819,97868,1372
2022-01-07,Sutter,101,95872,15993,15261,576,15837,195
2022-01-07,Tehama,103,63373,9577,9109,1755,10864,140
2022-01-07,Trinity,105,12862,951,836,231,1067,19
2022-01-07,Tulare,107,460477,78120,73600,18463,92063,1185
2022-01-07,Tuolumne,109,53932,8945,8360,154,8514,91
2022-01-07,Ventura,111,848112,134273,117229,7099,124328,1216
2022-01-07,Yolo,113,214977,26936,24006,1844,25850,270
2022-01-07,Yuba,115,75493,12018,11277,530,11807,101
2022-01-06,Alameda,001,1643700,169183,148560,6135,154695,1558
2022-01-06,Alpine,003,1148,114,114,0,114,0
2022-01-06,Amador,005,37829,6352,6091,111,6202,71
2022-01-06,Butte,007,227075,24974,23429,4612,28041,347
2022-01-06,Calaveras,009,45235,5132,4823,91,4914,93
2022-01-06,Colusa,011,21464,2772,2713,777,3490,21
2022-01-06,Contra Costa,013,1133247,133862,119907,5295,125202,1077
2022-01-06,Del Norte,015,27424,4011,3902,74,3976,43
2022-01-06,El Dorado,017,186661,20319,18599,2123,20722,172
2022-01-06,Fresno,019,978130,163818,155394,14957,170351,2393
2022-01-06,Glenn,021,27897,3871,3732,1161,4893,39
2022-01-06,Humboldt,023,135768,12143,11149,1136,12285,121
2022-01-06,Imperial,025,180216,41700,39429,5530,44959,800
2022-01-06,Inyo,027,18085,3262,3020,71,3091,49
2022-01-06,Kern,029,883053,148932,140410,29494,169904,1921
2022-01-06,Kings,031,150075,36824,35275,2265,37540,390
2022-01-06,Lake,033,64148,7566,7209,270,7479,117
2022-01-06,Lassen,035,31185,7248,7127,454,7581,55
2022-01-06,Los Angeles,037,10098052,2002497,1765787,85783,1851570,27476
2022-01-06,Madera,039,155013,26917,25767,2781,28548,328
2022-01-06,Marin,041,260295,24619,22377,1233,23610,251
2022-01-06,Mariposa,043,17540,1742,1588,69,1657,6
2022-01-06,Mendocino,045,87422,9394,8792,872,9664,101
2022-01-06,Merced,047,269075,48215,46094,2803,48897,703
2022-01-06,Modoc,049,8938,628,610,214,824,6
2022-01-06,Mono,051,14174,2449,2240,58,2298,4
2022-01-06,Monterey,053,433212,56900,51721,4909,56630,644
2022-01-06,Napa,055,140530,17900,15819,393,16212,109
2022-01-06,Nevada,057,99092,11612,10765,459,11224,110
2022-01-06,Orange,059,3164182,419936,375124,28546,403670,5903
2022-01-06,Placer,061,380077,46788,43172,4959,48131,495
2022-01-06,Plumas,063,18699,2164,2053,64,2117,12
2022-01-06,Riverside,065,2383286,458331,422591,20670,443261,5535
2022-01-06,Sacramento,067,1510023,204048,185118,9728,194846,2470
2022-01-06,San Benito,069,59416,9567,9016,250,9266,83
2022-01-06,San Bernardino,071,2135413,452654,411724,16198,427922,6122
2022-01-06,San Diego,073,3302833,540174,472273,32950,505223,4495
2022-01-06,San Francisco,075,870044,85769,73660,4231,77891,690
2022-01-06,San Joaquin,077,732212,121718,112514,6736,119250,1916
2022-01-06,San Luis Obispo,079,281455,37585,34489,1951,36440,369
2022-01-06,San Mateo,081,765935,81558,67918,2671,70589,582
2022-01-06,Santa Barbara,083,443738,59463,54617,2190,56807,575
2022-01-06,Santa Clara,085,1922200,207520,183842,4819,188661,1966
2022-01-06,Santa Cruz,087,273765,28046,24678,1399,26077,230
2022-01-06,Shasta,089,179085,24373,23585,4009,27594,445
2022-01-06,Sierra,091,2930,229,215,25,240,0
2022-01-06,Siskiyou,093,43540,3662,3545,1537,5082,62
2022-01-06,Solano,095,438530,57269,52452,2470,54922,383
2022-01-06,Sonoma,097,501317,55796,50130,1234,51364,411
2022-01-06,Stanislaus,099,539301,90542,87049,10650,97699,1372
2022-01-06,Sutter,101,95872,15816,15261,548,15809,195
2022-01-06,Tehama,103,63373,9499,9109,1728,10837,140
2022-01-06,Trinity,105,12862,944,836,230,1066,19
2022-01-06,Tulare,107,460477,77416,73600,18295,91895,1185
2022-01-06,Tuolumne,109,53932,8834,8360,148,8508,91
2022-01-06,Ventura,111,848112,131578,117229,6939,124168,1216
2022-01-06,Yolo,113,214977,26377,24006,1800,25806,270
2022-01-06,Yuba,115,75493,11882,11277,513,11790,101
2022-01-05,Alameda,001,1643700,164047,144824,5722,150546,1548
2022-01-05,Alpine,003,1148,114,112,0,112,0
2022-01-05,Amador,005,37829,6309,6012,108,6120,70
2022-01-05,Butte,007,227075,24661,23134,4551,27685,343
2022-01-05,Calaveras,009,45235,5077,4758,89,4847,90
2022-01-05,Colusa,011,21464,2760,2704,766,3470,21
2022-01-05,Contra Costa,013,1133247,130736,117188,4842,122030,1071
2022-01-05,Del Norte,015,27424,3991,3862,72,3934,43
2022-01-05,El Dorado,017,186661,19932,18367,2093,20460,171
2022-01-05,Fresno,019,978130,161805,153033,14689,167722,2377
2022-01-05,Glenn,021,27897,3823,3700,1151,4851,39
2022-01-05,Humboldt,023,135768,11939,10938,1088,12026,120
2022-01-05,Imperial,025,180216,41072,38789,5377,44166,800
2022-01-05,Inyo,027,18085,3180,2939,67,3006,49
2022-01-05,Kern,029,883053,147153,138186,28924,167110,1913
2022-01-05,Kings,031,150075,36481,34893,2246,37139,387
2022-01-05,Lake,033,64148,7483,7129,254,7383,117
2022-01-05,Lassen,035,31185,7228,7077,446,7523,55
2022-01-05,Los Angeles,037,10098052,1946201,1729640,83401,1813041,27443
2022-01-05,Madera,039,155013,26677,25392,2689,28081,327
2022-01-05,Marin,041,260295,24273,21829,1183,23012,251
2022-01-05,Mariposa,043,17540,1716,1564,68,1632,6
2022-01-05,Mendocino,045,87422,9263,8625,837,9462,101
2022-01-05,Merced,047,269075,47634,45721,2669,48390,700
2022-01-05,Modoc,049,8938,625,603,214,817,6
2022-01-05,Mono,051,14174,2430,2201,54,2255,4
2022-01-05,Monterey,053,433212,56076,51241,4710,55951,639
2022-01-05,Napa,055,140530,17537,15494,361,15855,108
2022-01-05,Nevada,057,99092,11416,10624,442,11066,110
2022-01-05,Orange,059,3164182,409897,366139,27497,393636,5869
2022-01-05,Placer,061,380077,45904,42456,4866,47322,492
2022-01-05,Plumas,063,18699,2144,2020,62,2082,12
2022-01-05,Riverside,065,2383286,450873,415253,20319,435572,5502
2022-01-05,Sacramento,067,1510023,199273,181488,8780,190268,2455
2022-01-05,San Benito,069,59416,9373,8829,238,9067,83
2022-01-05,San Bernardino,071,2135413,444061,405323,15648,420971,6085
2022-01-05,San Diego,073,3302833,526589,466602,31968,498570,4495
2022-01-05,San Francisco,075,870044,83190,71405,4093,75498,686
2022-01-05,San Joaquin,077,732212,119187,110497,6656,117153,1903
2022-01-05,San Luis Obispo,079,281455,36788,34066,1874,35940,369
2022-01-05,San Mateo,081,765935,79388,66018,2473,68491,578
2022-01-05,Santa Barbara,083,443738,58158,53082,2111,55193,570
2022-01-05,Santa Clara,085,1922200,201757,178629,4402,183031,1961
2022-01-05,Santa Cruz,087,273765,27291,24394,1378,25772,229
2022-01-05,Shasta,089,179085,24217,23361,3980,27341,441
2022-01-05,Sierra,091,2930,226,210,23,233,0
2022-01-05,Siskiyou,093,43540,3652,3513,1508,5021,60
2022-01-05,Solano,095,438530,56223,51505,2335,53840,380
2022-01-05,Sonoma,097,501317,54532,49120,1077,50197,412
2022-01-05,Stanislaus,099,539301,89556,86248,10479,96727,1360
2022-01-05,Sutter,101,95872,15614,15117,509,15626,193
2022-01-05,Tehama,103,63373,9402,9011,1697,10708,140
2022-01-05,Trinity,105,12862,940,822,228,1050,19
2022-01-05,Tulare,107,460477,76641,72718,18121,90839,1173
2022-01-05,Tuolumne,109,53932,8742,8223,141,8364,90
2022-01-05,Ventura,111,848112,128826,114752,6731,121483,1211
2022-01-05,Yolo,113,214977,25765,23401,1761,25162,269
2022-01-05,Yuba,115,75493,11700,11138,487,11625,100
2022-01-04,Alameda,001,1643700,158504,143360,5315,148675,1532
2022-01-04,Alpine,003,1148,114,113,0,113,0
2022-01-04,Amador,005,37829,6242,6025,102,6127,71
2022-01-04,Butte,007,227075,24360,23094,4481,27575,346
2022-01-04,Calaveras,009,45235,5003,4767,86,4853,93
2022-01-04,Colusa,011,21464,2743,2689,760,3449,21
2022-01-04,Contra Costa,013,1133247,127507,116005,4472,120477,1075
2022-01-04,Del Norte,015,27424,3959,3882,69,3951,43
2022-01-04,El Dorado,017,186661,19574,18339,2073,20412,172
2022-01-04,Fresno,019,978130,159649,153244,14444,167688,2380
2022-01-04,Glenn,021,27897,3793,3705,1136,4841,39
2022-01-04,Humboldt,023,135768,11691,10865,1037,11902,120
2022-01-04,Imperial,025,180216,40470,38596,5116,43712,800
2022-01-04,Inyo,027,18085,3097,2870,66,2936,49
2022-01-04,Kern,029,883053,145226,138245,28343,166588,1916
2022-01-04,Kings,031,150075,36159,34931,2229,37160,388
2022-01-04,Lake,033,64148,7442,7152,245,7397,117
2022-01-04,Lassen,035,31185,7205,7111,442,7553,55
2022-01-04,Los Angeles,037,10098052,1886257,1705253,81062,1786315,27419
2022-01-04,Madera,039,155013,26333,25425,2618,28043,328
2022-01-04,Marin,041,260295,23792,21675,1124,22799,251
2022-01-04,Mariposa,043,17540,1680,1564,67,1631,6
2022-01-04,Mendocino,045,87422,9140,8636,813,9449,101
2022-01-04,Merced,047,269075,47012,45583,2540,48123,700
2022-01-04,Modoc,049,8938,622,611,214,825,6
2022-01-04,Mono,051,14174,2381,2190,44,2234,4
2022-01-04,Monterey,053,433212,55343,51176,4486,55662,643
2022-01-04,Napa,055,140530,17033,15370,331,15701,107
2022-01-04,Nevada,057,99092,11258,10608,429,11037,110
2022-01-04,Orange,059,3164182,399145,362051,26363,388414,5897
2022-01-04,Placer,061,380077,45069,42285,4750,47035,494
2022-01-04,Plumas,063,18699,2118,2014,60,2074,12
2022-01-04,Riverside,065,2383286,442343,413366,19971,433337,5504
2022-01-04,Sacramento,067,1510023,194295,181271,8060,189331,2453
2022-01-04,San Benito,069,59416,9186,8763,230,8993,79
2022-01-04,San Bernardino,071,2135413,435040,404409,15113,419522,6060
2022-01-04,San Diego,073,3302833,510250,458499,31000,489499,4487
2022-01-04,San Francisco,075,870044,80336,70666,3950,74616,688
2022-01-04,San Joaquin,077,732212,116773,110374,6502,116876,1911
2022-01-04,San Luis Obispo,079,281455,35981,33788,1787,35575,371
2022-01-04,San Mateo,081,765935,77081,65157,2286,67443,582
2022-01-04,Santa Barbara,083,443738,56634,52449,2034,54483,574
2022-01-04,Santa Clara,085,1922200,195793,176854,3935,180789,1964
2022-01-04,Santa Cruz,087,273765,26529,23904,1343,25247,228
2022-01-04,Shasta,089,179085,24072,23366,3926,27292,442
2022-01-04,Sierra,091,2930,225,214,22,236,0
2022-01-04,Siskiyou,093,43540,3636,3509,1489,4998,61
2022-01-04,Solano,095,438530,54919,51300,2137,53437,383
2022-01-04,Sonoma,097,501317,52824,48653,957,49610,410
2022-01-04,Stanislaus,099,539301,88495,86107,10310,96417,1361
2022-01-04,Sutter,101,95872,15461,15032,485,15517,193
2022-01-04,Tehama,103,63373,9324,9020,1675,10695,140
2022-01-04,Trinity,105,12862,935,833,224,1057,18
2022-01-04,Tulare,107,460477,75852,72893,17921,90814,1172
2022-01-04,Tuolumne,109,53932,8630,8235,136,8371,91
2022-01-04,Ventura,111,848112,125759,114079,6501,120580,1213
2022-01-04,Yolo,113,214977,25113,22938,1717,24655,270
2022-01-04,Yuba,115,75493,11520,11104,471,11575,101
2022-01-03,Alameda,001,1643700,152545,142090,4880,146970,1529
2022-01-03,Alpine,003,1148,113,113,0,113,0
2022-01-03,Amador,005,37829,6180,6004,97,6101,71
2022-01-03,Butte,007,227075,24063,22924,4425,27349,345
2022-01-03,Calaveras,009,45235,4941,4742,80,4822,93
2022-01-03,Colusa,011,21464,2733,2683,753,3436,21
2022-01-03,Contra Costa,013,1133247,124139,114966,3887,118853,1073
2022-01-03,Del Norte,015,27424,3939,3873,65,3938,43
2022-01-03,El Dorado,017,186661,19181,18183,2045,20228,172
2022-01-03,Fresno,019,978130,157669,152674,14246,166920,2379
2022-01-03,Glenn,021,27897,3764,3703,1101,4804,39
2022-01-03,Humboldt,023,135768,11481,10784,989,11773,119
2022-01-03,Imperial,025,180216,39839,38411,4940,43351,800
2022-01-03,Inyo,027,18085,3028,2845,62,2907,49
2022-01-03,Kern,029,883053,143231,137773,27748,165521,1916
2022-01-03,Kings,031,150075,35836,34817,2200,37017,387
2022-01-03,Lake,033,64148,7340,7134,227,7361,117
2022-01-03,Lassen,035,31185,7187,7103,439,7542,55
2022-01-03,Los Angeles,037,10098052,1825461,1686203,78310,1764513,27394
2022-01-03,Madera,039,155013,26040,25323,2574,27897,320
2022-01-03,Marin,041,260295,23199,21532,1085,22617,251
2022-01-03,Mariposa,043,17540,1638,1559,67,1626,6
2022-01-03,Mendocino,045,87422,8992,8573,763,9336,101
2022-01-03,Merced,047,269075,46409,45459,2428,47887,696
2022-01-03,Modoc,049,8938,619,602,214,816,6
2022-01-03,Mono,051,14174,2303,2172,39,2211,4
2022-01-03,Monterey,053,433212,54516,51047,4279,55326,644
2022-01-03,Napa,055,140530,16525,15260,299,15559,107
2022-01-03,Nevada,057,99092,11093,10572,420,10992,110
2022-01-03,Orange,059,3164182,387974,358052,25182,383234,5894
2022-01-03,Placer,061,380077,44245,42054,4689,46743,489
2022-01-03,Plumas,063,18699,2098,2005,60,2065,12
2022-01-03,Riverside,065,2383286,433869,410155,19477,429632,5504
2022-01-03,Sacramento,067,1510023,189136,179992,7508,187500,2452
2022-01-03,San Benito,069,59416,9024,8688,223,8911,79
2022-01-03,San Bernardino,071,2135413,426276,401938,14647,416585,6056
2022-01-03,San Diego,073,3302833,494157,451154,30038,481192,4476
2022-01-03,San Francisco,075,870044,77530,69315,3698,73013,686
2022-01-03,San Joaquin,077,732212,114457,109757,6376,116133,1903
2022-01-03,San Luis Obispo,079,281455,35171,33667,1694,35361,367
2022-01-03,San Mateo,081,765935,74366,64470,2129,66599,582
2022-01-03,Santa Barbara,083,443738,55173,51912,1941,53853,571
2022-01-03,Santa Clara,085,1922200,189856,174215,3462,177677,1963
2022-01-03,Santa Cruz,087,273765,25721,23765,1312,25077,228
2022-01-03,Shasta,089,179085,23895,23301,3899,27200,440
2022-01-03,Sierra,091,2930,218,213,21,234,0
2022-01-03,Siskiyou,093,43540,3610,3500,1467,4967,61
2022-01-03,Solano,095,438530,53621,51030,1951,52981,380
2022-01-03,Sonoma,097,501317,51126,48391,861,49252,410
2022-01-03,Stanislaus,099,539301,87504,85793,10126,95919,1332
2022-01-03,Sutter,101,95872,15304,14973,465,15438,193
2022-01-03,Tehama,103,63373,9249,9005,1649,10654,140
2022-01-03,Trinity,105,12862,930,833,223,1056,18
2022-01-03,Tulare,107,460477,75156,72664,17718,90382,1167
2022-01-03,Tuolumne,109,53932,8493,8179,132,8311,91
2022-01-03,Ventura,111,848112,122586,112762,6262,119024,1211
2022-01-03,Yolo,113,214977,24430,22563,1654,24217,270
2022-01-03,Yuba,115,75493,11387,11037,452,11489,99
2022-01-02,Alameda,001,1643700,148118,133486,4397,137883,1528
2022-01-02,Alpine,003,1148,111,113,0,113,0
2022-01-02,Amador,005,37829,6112,5913,92,6005,70
2022-01-02,Butte,007,227075,23723,22469,4363,26832,341
2022-01-02,Calaveras,009,45235,4871,4668,72,4740,93
2022-01-02,Colusa,011,21464,2727,2659,742,3401,21
2022-01-02,Contra Costa,013,1133247,120570,109593,3451,113044,1073
2022-01-02,Del Norte,015,27424,3907,3841,63,3904,43
2022-01-02,El Dorado,017,186661,18846,17621,1994,19615,172
2022-01-02,Fresno,019,978130,155946,149927,14024,163951,2379
2022-01-02,Glenn,021,27897,3745,3663,1092,4755,39
2022-01-02,Humboldt,023,135768,11239,10381,914,11295,119
2022-01-02,Imperial,025,180216,39183,37672,4731,42403,800
2022-01-02,Inyo,027,18085,2958,2726,51,2777,49
2022-01-02,Kern,029,883053,141312,136123,27156,163279,1917
2022-01-02,Kings,031,150075,35512,34318,2166,36484,386
2022-01-02,Lake,033,64148,7269,7060,213,7273,117
2022-01-02,Lassen,035,31185,7171,7089,437,7526,55
2022-01-02,Los Angeles,037,10098052,1774293,1596123,75442,1671565,27371
2022-01-02,Madera,039,155013,25788,25002,2521,27523,320
2022-01-02,Marin,041,260295,22635,20475,1014,21489,249
2022-01-02,Mariposa,043,17540,1607,1509,65,1574,6
2022-01-02,Mendocino,045,87422,8868,8422,745,9167,101
2022-01-02,Merced,047,269075,45868,44769,2328,47097,694
2022-01-02,Modoc,049,8938,617,601,213,814,6
2022-01-02,Mono,051,14174,2274,2101,34,2135,4
2022-01-02,Monterey,053,433212,53890,50251,4069,54320,643
2022-01-02,Napa,055,140530,15985,14439,288,14727,107
2022-01-02,Nevada,057,99092,10905,10299,405,10704,110
2022-01-02,Orange,059,3164182,376963,339526,24033,363559,5890
2022-01-02,Placer,061,380077,43519,40857,4602,45459,489
2022-01-02,Plumas,063,18699,2083,1994,56,2050,12
2022-01-02,Riverside,065,2383286,425529,397124,18961,416085,5501
2022-01-02,Sacramento,067,1510023,185051,173562,6676,180238,2448
2022-01-02,San Benito,069,59416,8842,8320,208,8528,79
2022-01-02,San Bernardino,071,2135413,418284,386278,14093,400371,6051
2022-01-02,San Diego,073,3302833,479139,427087,28856,455943,4469
2022-01-02,San Francisco,075,870044,74586,64498,3458,67956,682
2022-01-02,San Joaquin,077,732212,112578,106640,6232,112872,1902
2022-01-02,San Luis Obispo,079,281455,34436,32342,1611,33953,365
2022-01-02,San Mateo,081,765935,71799,60504,1889,62393,581
2022-01-02,Santa Barbara,083,443738,53739,49555,1880,51435,568
2022-01-02,Santa Clara,085,1922200,183708,164547,3062,167609,1969
2022-01-02,Santa Cruz,087,273765,25055,22980,1279,24259,228
2022-01-02,Shasta,089,179085,23703,23161,3850,27011,435
2022-01-02,Sierra,091,2930,217,206,21,227,0
2022-01-02,Siskiyou,093,43540,3585,3474,1444,4918,61
2022-01-02,Solano,095,438530,52678,48957,1787,50744,379
2022-01-02,Sonoma,097,501317,49807,46040,824,46864,410
2022-01-02,Stanislaus,099,539301,86650,84367,9989,94356,1332
2022-01-02,Sutter,101,95872,15131,14741,446,15187,193
2022-01-02,Tehama,103,63373,9186,8944,1626,10570,139
2022-01-02,Trinity,105,12862,928,832,222,1054,17
2022-01-02,Tulare,107,460477,74496,71941,17528,89469,1160
2022-01-02,Tuolumne,109,53932,8387,8044,127,8171,91
2022-01-02,Ventura,111,848112,119662,107992,6042,114034,1211
2022-01-02,Yolo,113,214977,23751,21747,1588,23335,270
2022-01-02,Yuba,115,75493,11263,10844,436,11280,99
2022-01-01,Alameda,001,1643700,146299,133486,4145,137631,1528
2022-01-01,Alpine,003,1148,111,113,0,113,0
2022-01-01,Amador,005,37829,6076,5913,87,6000,70
2022-01-01,Butte,007,227075,23528,22469,4325,26794,341
2022-01-01,Calaveras,009,45235,4832,4668,70,4738,93
2022-01-01,Colusa,011,21464,2723,2659,732,3391,21
2022-01-01,Contra Costa,013,1133247,119203,109593,3326,112919,1073
2022-01-01,Del Norte,015,27424,3902,3841,63,3904,43
2022-01-01,El Dorado,017,186661,18698,17621,1979,19600,172
2022-01-01,Fresno,019,978130,155283,149927,13945,163872,2379
2022-01-01,Glenn,021,27897,3738,3663,1092,4755,39
2022-01-01,Humboldt,023,135768,11100,10381,893,11274,119
2022-01-01,Imperial,025,180216,39035,37672,4683,42355,800
2022-01-01,Inyo,027,18085,2929,2726,49,2775,49
2022-01-01,Kern,029,883053,140612,136123,26851,162974,1917
2022-01-01,Kings,031,150075,35370,34318,2139,36457,386
2022-01-01,Lake,033,64148,7231,7060,208,7268,117
2022-01-01,Lassen,035,31185,7165,7089,432,7521,55
2022-01-01,Los Angeles,037,10098052,1754168,1596123,73496,1669619,27371
2022-01-01,Madera,039,155013,25704,25002,2507,27509,320
2022-01-01,Marin,041,260295,22322,20475,973,21448,249
2022-01-01,Mariposa,043,17540,1596,1509,65,1574,6
2022-01-01,Mendocino,045,87422,8776,8422,739,9161,101
2022-01-01,Merced,047,269075,45735,44769,2315,47084,694
2022-01-01,Modoc,049,8938,614,601,213,814,6
2022-01-01,Mono,051,14174,2250,2101,29,2130,4
2022-01-01,Monterey,053,433212,53580,50251,3982,54233,643
2022-01-01,Napa,055,140530,15835,14439,273,14712,107
2022-01-01,Nevada,057,99092,10830,10299,398,10697,110
2022-01-01,Orange,059,3164182,372743,339526,23325,362851,5890
2022-01-01,Placer,061,380077,43216,40857,4536,45393,489
2022-01-01,Plumas,063,18699,2071,1994,56,2050,12
2022-01-01,Riverside,065,2383286,422036,397124,18760,415884,5501
2022-01-01,Sacramento,067,1510023,183777,173562,6420,179982,2448
2022-01-01,San Benito,069,59416,8752,8320,208,8528,79
2022-01-01,San Bernardino,071,2135413,415055,386278,13814,400092,6051
2022-01-01,San Diego,073,3302833,473194,427087,28337,455424,4469
2022-01-01,San Francisco,075,870044,73182,64498,3247,67745,682
2022-01-01,San Joaquin,077,732212,111873,106640,6159,112799,1902
2022-01-01,San Luis Obispo,079,281455,34233,32342,1602,33944,365
2022-01-01,San Mateo,081,765935,70331,60504,1740,62244,581
2022-01-01,Santa Barbara,083,443738,52998,49555,1845,51400,568
2022-01-01,Santa Clara,085,1922200,180672,164547,2866,167413,1969
2022-01-01,Santa Cruz,087,273765,24734,22980,1261,24241,228
2022-01-01,Shasta,089,179085,23619,23161,3832,26993,435
2022-01-01,Sierra,091,2930,216,206,21,227,0
2022-01-01,Siskiyou,093,43540,3582,3474,1434,4908,61
2022-01-01,Solano,095,438530,52411,48957,1728,50685,379
2022-01-01,Sonoma,097,501317,49413,46040,794,46834,410
2022-01-01,Stanislaus,099,539301,86243,84367,9904,94271,1332
2022-01-01,Sutter,101,95872,15054,14741,444,15185,193
2022-01-01,Tehama,103,63373,9154,8944,1614,10558,139
2022-01-01,Trinity,105,12862,925,832,222,1054,17
2022-01-01,Tulare,107,460477,74250,71941,17429,89370,1160
2022-01-01,Tuolumne,109,53932,8327,8044,124,8168,91
2022-01-01,Ventura,111,848112,118275,107992,5913,113905,1211
2022-01-01,Yolo,113,214977,23330,21747,1548,23295,270
2022-01-01,Yuba,115,75493,11197,10844,430,11274,99
2021-12-31,Alameda,001,1643700,145538,133486,4050,137536,1528
2021-12-31,Alpine,003,1148,111,113,0,113,0
2021-12-31,Amador,005,37829,6052,5913,86,5999,70
2021-12-31,Butte,007,227075,23422,22469,4290,26759,341
2021-12-31,Calaveras,009,45235,4799,4668,70,4738,93
2021-12-31,Colusa,011,21464,2714,2659,726,3385,21
2021-12-31,Contra Costa,013,1133247,118313,109593,3247,112840,1073
2021-12-31,Del Norte,015,27424,3893,3841,61,3902,43
2021-12-31,El Dorado,017,186661,18616,17621,1961,19582,172
2021-12-31,Fresno,019,978130,154978,149927,13923,163850,2379
2021-12-31,Glenn,021,27897,3737,3663,1090,4753,39
2021-12-31,Humboldt,023,135768,11013,10381,874,11255,119
2021-12-31,Imperial,025,180216,38904,37672,4667,42339,800
2021-12-31,Inyo,027,18085,2902,2726,48,2774,49
2021-12-31,Kern,029,883053,140106,136123,26714,162837,1917
2021-12-31,Kings,031,150075,35260,34318,2129,36447,386
2021-12-31,Lake,033,64148,7208,7060,203,7263,117
2021-12-31,Lassen,035,31185,7151,7089,432,7521,55
2021-12-31,Los Angeles,037,10098052,1743395,1596123,72745,1668868,27371
2021-12-31,Madera,039,155013,25635,25002,2490,27492,320
2021-12-31,Marin,041,260295,22166,20475,942,21417,249
2021-12-31,Mariposa,043,17540,1589,1509,64,1573,6
2021-12-31,Mendocino,045,87422,8743,8422,736,9158,101
2021-12-31,Merced,047,269075,45651,44769,2297,47066,694
2021-12-31,Modoc,049,8938,610,601,211,812,6
2021-12-31,Mono,051,14174,2238,2101,28,2129,4
2021-12-31,Monterey,053,433212,53453,50251,3916,54167,643
2021-12-31,Napa,055,140530,15723,14439,263,14702,107
2021-12-31,Nevada,057,99092,10763,10299,392,10691,110
2021-12-31,Orange,059,3164182,370231,339526,22903,362429,5890
2021-12-31,Placer,061,380077,42983,40857,4470,45327,489
2021-12-31,Plumas,063,18699,2066,1994,56,2050,12
2021-12-31,Riverside,065,2383286,420348,397124,18605,415729,5501
2021-12-31,Sacramento,067,1510023,182912,173562,6314,179876,2448
2021-12-31,San Benito,069,59416,8738,8320,207,8527,79
2021-12-31,San Bernardino,071,2135413,412768,386278,13625,399903,6051
2021-12-31,San Diego,073,3302833,469976,427087,28019,455106,4469
2021-12-31,San Francisco,075,870044,72257,64498,3190,67688,682
2021-12-31,San Joaquin,077,732212,111246,106640,6093,112733,1902
2021-12-31,San Luis Obispo,079,281455,34125,32342,1590,33932,365
2021-12-31,San Mateo,081,765935,69452,60504,1688,62192,581
2021-12-31,Santa Barbara,083,443738,52599,49555,1833,51388,568
2021-12-31,Santa Clara,085,1922200,178720,164547,2727,167274,1969
2021-12-31,Santa Cruz,087,273765,24496,22980,1240,24220,228
2021-12-31,Shasta,089,179085,23556,23161,3811,26972,435
2021-12-31,Sierra,091,2930,216,206,21,227,0
2021-12-31,Siskiyou,093,43540,3575,3474,1423,4897,61
2021-12-31,Solano,095,438530,52253,48957,1702,50659,379
2021-12-31,Sonoma,097,501317,49160,46040,781,46821,410
2021-12-31,Stanislaus,099,539301,85915,84367,9844,94211,1332
2021-12-31,Sutter,101,95872,14993,14741,438,15179,193
2021-12-31,Tehama,103,63373,9122,8944,1605,10549,139
2021-12-31,Trinity,105,12862,924,832,222,1054,17
2021-12-31,Tulare,107,460477,74045,71941,17345,89286,1160
2021-12-31,Tuolumne,109,53932,8283,8044,123,8167,91
2021-12-31,Ventura,111,848112,117301,107992,5831,113823,1211
2021-12-31,Yolo,113,214977,23109,21747,1526,23273,270
2021-12-31,Yuba,115,75493,11140,10844,424,11268,99
2021-12-30,Alameda,001,1643700,144263,133486,3918,137404,1528
2021-12-30,Alpine,003,1148,110,113,0,113,0
2021-12-30,Amador,005,37829,6033,5913,85,5998,70
2021-12-30,Butte,007,227075,23290,22469,4265,26734,341
2021-12-30,Calaveras,009,45235,4780,4668,70,4738,93
2021-12-30,Colusa,011,21464,2713,2659,724,3383,21
2021-12-30,Contra Costa,013,1133247,117220,109593,3137,112730,1073
2021-12-30,Del Norte,015,27424,3882,3841,60,3901,43
2021-12-30,El Dorado,017,186661,18511,17621,1940,19561,172
2021-12-30,Fresno,019,978130,154448,149927,13853,163780,2379
2021-12-30,Glenn,021,27897,3732,3663,1087,4750,39
2021-12-30,Humboldt,023,135768,10946,10381,862,11243,119
2021-12-30,Imperial,025,180216,38736,37672,4557,42229,800
2021-12-30,Inyo,027,18085,2883,2726,46,2772,49
2021-12-30,Kern,029,883053,139572,136123,26414,162537,1917
2021-12-30,Kings,031,150075,35142,34318,2114,36432,386
2021-12-30,Lake,033,64148,7193,7060,198,7258,117
2021-12-30,Lassen,035,31185,7145,7089,432,7521,55
2021-12-30,Los Angeles,037,10098052,1720084,1596123,71491,1667614,27371
2021-12-30,Madera,039,155013,25558,25002,2470,27472,320
2021-12-30,Marin,041,260295,21988,20475,918,21393,249
2021-12-30,Mariposa,043,17540,1583,1509,64,1573,6
2021-12-30,Mendocino,045,87422,8726,8422,725,9147,101
2021-12-30,Merced,047,269075,45549,44769,2282,47051,694
2021-12-30,Modoc,049,8938,609,601,211,812,6
2021-12-30,Mono,051,14174,2233,2101,27,2128,4
2021-12-30,Monterey,053,433212,53141,50251,3856,54107,643
2021-12-30,Napa,055,140530,15579,14439,254,14693,107
2021-12-30,Nevada,057,99092,10699,10299,383,10682,110
2021-12-30,Orange,059,3164182,365141,339526,22352,361878,5890
2021-12-30,Placer,061,380077,42707,40857,4423,45280,489
2021-12-30,Plumas,063,18699,2062,1994,55,2049,12
2021-12-30,Riverside,065,2383286,417077,397124,18453,415577,5501
2021-12-30,Sacramento,067,1510023,181655,173562,6169,179731,2448
2021-12-30,San Benito,069,59416,8692,8320,205,8525,79
2021-12-30,San Bernardino,071,2135413,410190,386278,13479,399757,6051
2021-12-30,San Diego,073,3302833,464834,427087,27507,454594,4469
2021-12-30,San Francisco,075,870044,71168,64498,3118,67616,682
2021-12-30,San Joaquin,077,732212,110651,106640,6049,112689,1902
2021-12-30,San Luis Obispo,079,281455,34006,32342,1577,33919,365
2021-12-30,San Mateo,081,765935,68408,60504,1559,62063,581
2021-12-30,Santa Barbara,083,443738,52121,49555,1814,51369,568
2021-12-30,Santa Clara,085,1922200,176441,164547,2603,167150,1969
2021-12-30,Santa Cruz,087,273765,24258,22980,1206,24186,228
2021-12-30,Shasta,089,179085,23503,23161,3805,26966,435
2021-12-30,Sierra,091,2930,216,206,21,227,0
2021-12-30,Siskiyou,093,43540,3566,3474,1421,4895,61
2021-12-30,Solano,095,438530,51904,48957,1655,50612,379
2021-12-30,Sonoma,097,501317,48824,46040,772,46812,410
2021-12-30,Stanislaus,099,539301,85601,84367,9788,94155,1332
2021-12-30,Sutter,101,95872,14931,14741,437,15178,193
2021-12-30,Tehama,103,63373,9094,8944,1599,10543,139
2021-12-30,Trinity,105,12862,921,832,222,1054,17
2021-12-30,Tulare,107,460477,73861,71941,17268,89209,1160
2021-12-30,Tuolumne,109,53932,8244,8044,123,8167,91
2021-12-30,Ventura,111,848112,116042,107992,5728,113720,1211
2021-12-30,Yolo,113,214977,22970,21747,1500,23247,270
2021-12-30,Yuba,115,75493,11093,10844,422,11266,99
2021-12-29,Alameda,001,1643700,141090,131586,3767,135353,1529
2021-12-29,Alpine,003,1148,110,113,0,113,0
2021-12-29,Amador,005,37829,6010,5905,82,5987,70
2021-12-29,Butte,007,227075,23147,22353,4227,26580,338
2021-12-29,Calaveras,009,45235,4752,4646,68,4714,93
2021-12-29,Colusa,011,21464,2703,2657,719,3376,21
2021-12-29,Contra Costa,013,1133247,115129,108165,3014,111179,1072
2021-12-29,Del Norte,015,27424,3868,3826,58,3884,43
2021-12-29,El Dorado,017,186661,18288,17489,1922,19411,172
2021-12-29,Fresno,019,978130,153323,149318,13741,163059,2364
2021-12-29,Glenn,021,27897,3722,3653,1084,4737,39
2021-12-29,Humboldt,023,135768,10836,10249,840,11089,119
2021-12-29,Imperial,025,180216,38500,37460,4490,41950,800
2021-12-29,Inyo,027,18085,2850,2703,46,2749,49
2021-12-29,Kern,029,883053,138769,135648,26028,161676,1913
2021-12-29,Kings,031,150075,35027,34216,2108,36324,386
2021-12-29,Lake,033,64148,7162,7048,196,7244,117
2021-12-29,Lassen,035,31185,7141,7085,431,7516,55
2021-12-29,Los Angeles,037,10098052,1690091,1576414,69778,1646192,27349
2021-12-29,Madera,039,155013,25454,24923,2459,27382,320
2021-12-29,Marin,041,260295,21632,20025,897,20922,249
2021-12-29,Mariposa,043,17540,1561,1507,64,1571,6
2021-12-29,Mendocino,045,87422,8667,8386,721,9107,99
2021-12-29,Merced,047,269075,45333,44548,2267,46815,693
2021-12-29,Modoc,049,8938,606,600,211,811,6
2021-12-29,Mono,051,14174,2209,2056,26,2082,4
2021-12-29,Monterey,053,433212,52732,50097,3751,53848,641
2021-12-29,Napa,055,140530,15255,14247,235,14482,107
2021-12-29,Nevada,057,99092,10608,10274,382,10656,110
2021-12-29,Orange,059,3164182,357609,334557,21676,356233,5887
2021-12-29,Placer,061,380077,42220,40545,4348,44893,489
2021-12-29,Plumas,063,18699,2050,1990,55,2045,12
2021-12-29,Riverside,065,2383286,411654,392989,18246,411235,5486
2021-12-29,Sacramento,067,1510023,179327,172145,6011,178156,2437
2021-12-29,San Benito,069,59416,8549,8239,204,8443,79
2021-12-29,San Bernardino,071,2135413,404693,382872,13265,396137,6049
2021-12-29,San Diego,073,3302833,454004,421045,26785,447830,4461
2021-12-29,San Francisco,075,870044,69469,63117,3048,66165,684
2021-12-29,San Joaquin,077,732212,109468,106063,5978,112041,1891
2021-12-29,San Luis Obispo,079,281455,33611,31936,1528,33464,365
2021-12-29,San Mateo,081,765935,66779,59478,1451,60929,581
2021-12-29,Santa Barbara,083,443738,51280,49003,1789,50792,568
2021-12-29,Santa Clara,085,1922200,173291,162008,2472,164480,1962
2021-12-29,Santa Cruz,087,273765,23979,22669,1174,23843,228
2021-12-29,Shasta,089,179085,23428,23083,3793,26876,435
2021-12-29,Sierra,091,2930,215,206,21,227,0
2021-12-29,Siskiyou,093,43540,3554,3472,1410,4882,61
2021-12-29,Solano,095,438530,51199,48562,1602,50164,379
2021-12-29,Sonoma,097,501317,48022,45479,750,46229,410
2021-12-29,Stanislaus,099,539301,85119,84083,9732,93815,1332
2021-12-29,Sutter,101,95872,14862,14688,435,15123,193
2021-12-29,Tehama,103,63373,9069,8914,1586,10500,138
2021-12-29,Trinity,105,12862,919,832,222,1054,17
2021-12-29,Tulare,107,460477,73570,71752,17151,88903,1160
2021-12-29,Tuolumne,109,53932,8191,8012,122,8134,91
2021-12-29,Ventura,111,848112,114100,106974,5550,112524,1207
2021-12-29,Yolo,113,214977,22731,21564,1469,23033,270
2021-12-29,Yuba,115,75493,11032,10808,418,11226,99
2021-12-28,Alameda,001,1643700,137981,130427,3613,134040,1522
2021-12-28,Alpine,003,1148,110,113,0,113,0
2021-12-28,Amador,005,37829,5990,5900,81,5981,70
2021-12-28,Butte,007,227075,23003,22285,4210,26495,338
2021-12-28,Calaveras,009,45235,4734,4641,67,4708,91
2021-12-28,Colusa,011,21464,2697,2653,717,3370,21
2021-12-28,Contra Costa,013,1133247,112828,107160,2900,110060,1072
2021-12-28,Del Norte,015,27424,3862,3815,58,3873,43
2021-12-28,El Dorado,017,186661,18064,17419,1912,19331,172
2021-12-28,Fresno,019,978130,152243,148987,13660,162647,2365
2021-12-28,Glenn,021,27897,3696,3639,1080,4719,39
2021-12-28,Humboldt,023,135768,10715,10198,816,11014,119
2021-12-28,Imperial,025,180216,38204,37223,4389,41612,800
2021-12-28,Inyo,027,18085,2792,2676,45,2721,48
2021-12-28,Kern,029,883053,138048,135346,25678,161024,1909
2021-12-28,Kings,031,150075,34891,34165,2093,36258,386
2021-12-28,Lake,033,64148,7143,7044,191,7235,116
2021-12-28,Lassen,035,31185,7132,7083,431,7514,55
2021-12-28,Los Angeles,037,10098052,1657852,1561791,68129,1629920,27323
2021-12-28,Madera,039,155013,25328,24865,2439,27304,320
2021-12-28,Marin,041,260295,21220,19739,867,20606,249
2021-12-28,Mariposa,043,17540,1550,1499,63,1562,6
2021-12-28,Mendocino,045,87422,8607,8366,713,9079,98
2021-12-28,Merced,047,269075,45093,44434,2255,46689,691
2021-12-28,Modoc,049,8938,606,599,210,809,6
2021-12-28,Mono,051,14174,2186,2045,24,2069,4
2021-12-28,Monterey,053,433212,52357,49973,3678,53651,639
2021-12-28,Napa,055,140530,14938,14131,208,14339,107
2021-12-28,Nevada,057,99092,10517,10250,379,10629,110
2021-12-28,Orange,059,3164182,349944,331279,20940,352219,5882
2021-12-28,Placer,061,380077,41751,40410,4278,44688,489
2021-12-28,Plumas,063,18699,2047,1989,55,2044,12
2021-12-28,Riverside,065,2383286,406413,390343,18003,408346,5470
2021-12-28,Sacramento,067,1510023,177044,171290,5882,177172,2426
2021-12-28,San Benito,069,59416,8406,8170,202,8372,79
2021-12-28,San Bernardino,071,2135413,398903,381316,13046,394362,6047
2021-12-28,San Diego,073,3302833,443313,417383,26229,443612,4450
2021-12-28,San Francisco,075,870044,67846,61745,2990,64735,682
2021-12-28,San Joaquin,077,732212,108415,105572,5934,111506,1884
2021-12-28,San Luis Obispo,079,281455,33145,31759,1512,33271,365
2021-12-28,San Mateo,081,765935,65266,58712,1363,60075,582
2021-12-28,Santa Barbara,083,443738,50635,48493,1769,50262,568
2021-12-28,Santa Clara,085,1922200,170153,160811,2377,163188,1962
2021-12-28,Santa Cruz,087,273765,23606,22513,1135,23648,228
2021-12-28,Shasta,089,179085,23358,23035,3788,26823,434
2021-12-28,Sierra,091,2930,212,206,21,227,0
2021-12-28,Siskiyou,093,43540,3545,3468,1405,4873,60
2021-12-28,Solano,095,438530,50284,48318,1548,49866,378
2021-12-28,Sonoma,097,501317,47162,45086,725,45811,410
2021-12-28,Stanislaus,099,539301,84639,83946,9672,93618,1331
2021-12-28,Sutter,101,95872,14813,14662,432,15094,193
2021-12-28,Tehama,103,63373,9052,8893,1584,10477,138
2021-12-28,Trinity,105,12862,917,831,221,1052,17
2021-12-28,Tulare,107,460477,73290,71630,17034,88664,1156
2021-12-28,Tuolumne,109,53932,8149,8006,122,8128,91
2021-12-28,Ventura,111,848112,111990,105883,5420,111303,1207
2021-12-28,Yolo,113,214977,22396,21320,1420,22740,270
2021-12-28,Yuba,115,75493,10976,10778,415,11193,99
2021-12-27,Alameda,001,1643700,135377,129910,3482,133392,1530
2021-12-27,Alpine,003,1148,110,113,0,113,0
2021-12-27,Amador,005,37829,5962,5891,81,5972,70
2021-12-27,Butte,007,227075,22865,22234,4183,26417,335
2021-12-27,Calaveras,009,45235,4708,4630,66,4696,91
2021-12-27,Colusa,011,21464,2686,2652,711,3363,21
2021-12-27,Contra Costa,013,1133247,110666,106692,2819,109511,1071
2021-12-27,Del Norte,015,27424,3853,3802,57,3859,43
2021-12-27,El Dorado,017,186661,17905,17361,1900,19261,172
2021-12-27,Fresno,019,978130,151286,148826,13579,162405,2364
2021-12-27,Glenn,021,27897,3688,3634,1074,4708,39
2021-12-27,Humboldt,023,135768,10601,10164,794,10958,119
2021-12-27,Imperial,025,180216,37963,37180,4295,41475,800
2021-12-27,Inyo,027,18085,2763,2662,43,2705,48
2021-12-27,Kern,029,883053,137397,135119,25376,160495,1907
2021-12-27,Kings,031,150075,34742,34126,2080,36206,382
2021-12-27,Lake,033,64148,7120,7037,181,7218,116
2021-12-27,Lassen,035,31185,7126,7080,431,7511,55
2021-12-27,Los Angeles,037,10098052,1621522,1554074,66385,1620459,27300
2021-12-27,Madera,039,155013,25208,24840,2420,27260,320
2021-12-27,Marin,041,260295,20832,19601,840,20441,249
2021-12-27,Mariposa,043,17540,1535,1495,63,1558,6
2021-12-27,Mendocino,045,87422,8540,8351,708,9059,98
2021-12-27,Merced,047,269075,44863,44383,2237,46620,690
2021-12-27,Modoc,049,8938,604,599,210,809,6
2021-12-27,Mono,051,14174,2123,2026,24,2050,4
2021-12-27,Monterey,053,433212,52056,49918,3627,53545,639
2021-12-27,Napa,055,140530,14668,14083,199,14282,107
2021-12-27,Nevada,057,99092,10448,10239,371,10610,110
2021-12-27,Orange,059,3164182,342467,329222,20138,349360,5875
2021-12-27,Placer,061,380077,41374,40263,4230,44493,489
2021-12-27,Plumas,063,18699,2045,1988,53,2041,12
2021-12-27,Riverside,065,2383286,401826,389096,17747,406843,5470
2021-12-27,Sacramento,067,1510023,175018,170858,5713,176571,2422
2021-12-27,San Benito,069,59416,8288,8133,198,8331,79
2021-12-27,San Bernardino,071,2135413,393018,380526,12848,393374,6047
2021-12-27,San Diego,073,3302833,433110,414968,25735,440703,4445
2021-12-27,San Francisco,075,870044,66103,60920,2925,63845,682
2021-12-27,San Joaquin,077,732212,107496,105413,5870,111283,1876
2021-12-27,San Luis Obispo,079,281455,32701,31671,1491,33162,365
2021-12-27,San Mateo,081,765935,63741,58397,1264,59661,581
2021-12-27,Santa Barbara,083,443738,49849,48209,1749,49958,568
2021-12-27,Santa Clara,085,1922200,167180,159904,2252,162156,1961
2021-12-27,Santa Cruz,087,273765,23319,22456,1117,23573,228
2021-12-27,Shasta,089,179085,23296,23015,3777,26792,432
2021-12-27,Sierra,091,2930,212,206,21,227,0
2021-12-27,Siskiyou,093,43540,3536,3466,1400,4866,60
2021-12-27,Solano,095,438530,49551,48172,1500,49672,378
2021-12-27,Sonoma,097,501317,46586,44990,707,45697,410
2021-12-27,Stanislaus,099,539301,84189,83833,9631,93464,1331
2021-12-27,Sutter,101,95872,14757,14642,427,15069,191
2021-12-27,Tehama,103,63373,9037,8887,1577,10464,136
2021-12-27,Trinity,105,12862,917,827,221,1048,17
2021-12-27,Tulare,107,460477,73025,71562,16939,88501,1146
2021-12-27,Tuolumne,109,53932,8111,7978,121,8099,91
2021-12-27,Ventura,111,848112,109903,105212,5285,110497,1206
2021-12-27,Yolo,113,214977,22104,21300,1386,22686,270
2021-12-27,Yuba,115,75493,10915,10759,414,11173,98
2021-12-26,Alameda,001,1643700,133293,127221,3410,130631,1525
2021-12-26,Alpine,003,1148,110,113,0,113,0
2021-12-26,Amador,005,37829,5946,5861,79,5940,70
2021-12-26,Butte,007,227075,22709,22087,4153,26240,330
2021-12-26,Calaveras,009,45235,4686,4591,66,4657,91
2021-12-26,Colusa,011,21464,2675,2647,705,3352,21
2021-12-26,Contra Costa,013,1133247,108905,105022,2720,107742,1071
2021-12-26,Del Norte,015,27424,3848,3795,57,3852,43
2021-12-26,El Dorado,017,186661,17750,17188,1892,19080,172
2021-12-26,Fresno,019,978130,150584,148027,13500,161527,2358
2021-12-26,Glenn,021,27897,3679,3611,1060,4671,39
2021-12-26,Humboldt,023,135768,10458,10052,771,10823,119
2021-12-26,Imperial,025,180216,37661,36878,4205,41083,800
2021-12-26,Inyo,027,18085,2739,2636,40,2676,47
2021-12-26,Kern,029,883053,136674,134591,25121,159712,1908
2021-12-26,Kings,031,150075,34589,34009,2074,36083,379
2021-12-26,Lake,033,64148,7098,7019,178,7197,116
2021-12-26,Lassen,035,31185,7120,7072,430,7502,55
2021-12-26,Los Angeles,037,10098052,1591670,1515469,64596,1580065,27257
2021-12-26,Madera,039,155013,25089,24741,2404,27145,320
2021-12-26,Marin,041,260295,20453,19085,781,19866,249
2021-12-26,Mariposa,043,17540,1529,1480,63,1543,6
2021-12-26,Mendocino,045,87422,8489,8314,706,9020,98
2021-12-26,Merced,047,269075,44612,44208,2223,46431,690
2021-12-26,Modoc,049,8938,603,597,208,805,6
2021-12-26,Mono,051,14174,2097,2000,24,2024,4
2021-12-26,Monterey,053,433212,51775,49709,3578,53287,638
2021-12-26,Napa,055,140530,14431,13809,194,14003,107
2021-12-26,Nevada,057,99092,10388,10153,364,10517,110
2021-12-26,Orange,059,3164182,336131,322991,19342,342333,5863
2021-12-26,Placer,061,380077,41023,39852,4160,44012,489
2021-12-26,Plumas,063,18699,2037,1987,52,2039,12
2021-12-26,Riverside,065,2383286,397637,384567,17578,402145,5470
2021-12-26,Sacramento,067,1510023,173293,169144,5567,174711,2418
2021-12-26,San Benito,069,59416,8199,7991,194,8185,79
2021-12-26,San Bernardino,071,2135413,388244,376052,12672,388724,6043
2021-12-26,San Diego,073,3302833,424118,406616,25238,431854,4442
2021-12-26,San Francisco,075,870044,64521,58229,2863,61092,682
2021-12-26,San Joaquin,077,732212,106682,104590,5817,110407,1872
2021-12-26,San Luis Obispo,079,281455,32254,31290,1473,32763,365
2021-12-26,San Mateo,081,765935,62340,56973,1217,58190,581
2021-12-26,Santa Barbara,083,443738,49173,47553,1719,49272,567
2021-12-26,Santa Clara,085,1922200,164479,156872,2120,158992,1967
2021-12-26,Santa Cruz,087,273765,23035,22176,1103,23279,228
2021-12-26,Shasta,089,179085,23214,22959,3765,26724,432
2021-12-26,Sierra,091,2930,212,202,21,223,0
2021-12-26,Siskiyou,093,43540,3528,3460,1391,4851,60
2021-12-26,Solano,095,438530,49049,47646,1463,49109,377
2021-12-26,Sonoma,097,501317,46089,44358,675,45033,408
2021-12-26,Stanislaus,099,539301,83817,83368,9589,92957,1331
2021-12-26,Sutter,101,95872,14692,14533,424,14957,191
2021-12-26,Tehama,103,63373,9004,8861,1573,10434,136
2021-12-26,Trinity,105,12862,917,826,220,1046,17
2021-12-26,Tulare,107,460477,72777,71292,16832,88124,1137
2021-12-26,Tuolumne,109,53932,8074,7919,121,8040,91
2021-12-26,Ventura,111,848112,108066,103498,5138,108636,1206
2021-12-26,Yolo,113,214977,21816,21084,1347,22431,270
2021-12-26,Yuba,115,75493,10864,10694,412,11106,98
2021-12-25,Alameda,001,1643700,132215,127221,3346,130567,1525
2021-12-25,Alpine,003,1148,110,113,0,113,0
2021-12-25,Amador,005,37829,5927,5861,79,5940,70
2021-12-25,Butte,007,227075,22611,22087,4136,26223,330
2021-12-25,Calaveras,009,45235,4657,4591,65,4656,91
2021-12-25,Colusa,011,21464,2670,2647,699,3346,21
2021-12-25,Contra Costa,013,1133247,108083,105022,2667,107689,1071
2021-12-25,Del Norte,015,27424,3841,3795,56,3851,43
2021-12-25,El Dorado,017,186661,17697,17188,1881,19069,172
2021-12-25,Fresno,019,978130,150271,148027,13452,161479,2358
2021-12-25,Glenn,021,27897,3668,3611,1056,4667,39
2021-12-25,Humboldt,023,135768,10376,10052,764,10816,119
2021-12-25,Imperial,025,180216,37539,36878,4183,41061,800
2021-12-25,Inyo,027,18085,2719,2636,40,2676,47
2021-12-25,Kern,029,883053,136327,134591,24995,159586,1908
2021-12-25,Kings,031,150075,34499,34009,2067,36076,379
2021-12-25,Lake,033,64148,7086,7019,176,7195,116
2021-12-25,Lassen,035,31185,7118,7072,430,7502,55
2021-12-25,Los Angeles,037,10098052,1578856,1515469,63278,1578747,27257
2021-12-25,Madera,039,155013,25039,24741,2398,27139,320
2021-12-25,Marin,041,260295,20111,19085,732,19817,249
2021-12-25,Mariposa,043,17540,1523,1480,63,1543,6
2021-12-25,Mendocino,045,87422,8451,8314,706,9020,98
2021-12-25,Merced,047,269075,44512,44208,2221,46429,690
2021-12-25,Modoc,049,8938,603,597,208,805,6
2021-12-25,Mono,051,14174,2080,2000,24,2024,4
2021-12-25,Monterey,053,433212,51608,49709,3544,53253,638
2021-12-25,Napa,055,140530,14316,13809,186,13995,107
2021-12-25,Nevada,057,99092,10359,10153,364,10517,110
2021-12-25,Orange,059,3164182,333265,322991,18773,341764,5863
2021-12-25,Placer,061,380077,40840,39852,4126,43978,489
2021-12-25,Plumas,063,18699,2035,1987,52,2039,12
2021-12-25,Riverside,065,2383286,395355,384567,17459,402026,5470
2021-12-25,Sacramento,067,1510023,172477,169144,5462,174606,2418
2021-12-25,San Benito,069,59416,8134,7991,194,8185,79
2021-12-25,San Bernardino,071,2135413,386022,376052,12540,388592,6043
2021-12-25,San Diego,073,3302833,420053,406616,24968,431584,4442
2021-12-25,San Francisco,075,870044,63491,58229,2827,61056,682
2021-12-25,San Joaquin,077,732212,106345,104590,5785,110375,1872
2021-12-25,San Luis Obispo,079,281455,32101,31290,1464,32754,365
2021-12-25,San Mateo,081,765935,61309,56973,1174,58147,581
2021-12-25,Santa Barbara,083,443738,48809,47553,1707,49260,567
2021-12-25,Santa Clara,085,1922200,163002,156872,2053,158925,1967
2021-12-25,Santa Cruz,087,273765,22875,22176,1097,23273,228
2021-12-25,Shasta,089,179085,23181,22959,3759,26718,432
2021-12-25,Sierra,091,2930,212,202,21,223,0
2021-12-25,Siskiyou,093,43540,3525,3460,1385,4845,60
2021-12-25,Solano,095,438530,48924,47646,1445,49091,377
2021-12-25,Sonoma,097,501317,45704,44358,649,45007,408
2021-12-25,Stanislaus,099,539301,83604,83368,9563,92931,1331
2021-12-25,Sutter,101,95872,14651,14533,422,14955,191
2021-12-25,Tehama,103,63373,8984,8861,1569,10430,136
2021-12-25,Trinity,105,12862,916,826,220,1046,17
2021-12-25,Tulare,107,460477,72641,71292,16755,88047,1137
2021-12-25,Tuolumne,109,53932,8043,7919,121,8040,91
2021-12-25,Ventura,111,848112,106893,103498,5032,108530,1206
2021-12-25,Yolo,113,214977,21706,21084,1326,22410,270
2021-12-25,Yuba,115,75493,10837,10694,411,11105,98
2021-12-24,Alameda,001,1643700,131598,127221,3330,130551,1525
2021-12-24,Alpine,003,1148,110,113,0,113,0
2021-12-24,Amador,005,37829,5919,5861,78,5939,70
2021-12-24,Butte,007,227075,22554,22087,4119,26206,330
2021-12-24,Calaveras,009,45235,4651,4591,65,4656,91
2021-12-24,Colusa,011,21464,2668,2647,698,3345,21
2021-12-24,Contra Costa,013,1133247,107767,105022,2636,107658,1071
2021-12-24,Del Norte,015,27424,3834,3795,56,3851,43
2021-12-24,El Dorado,017,186661,17644,17188,1876,19064,172
2021-12-24,Fresno,019,978130,150105,148027,13439,161466,2358
2021-12-24,Glenn,021,27897,3667,3611,1056,4667,39
2021-12-24,Humboldt,023,135768,10321,10052,759,10811,119
2021-12-24,Imperial,025,180216,37456,36878,4179,41057,800
2021-12-24,Inyo,027,18085,2699,2636,40,2676,47
2021-12-24,Kern,029,883053,136204,134591,24953,159544,1908
2021-12-24,Kings,031,150075,34431,34009,2066,36075,379
2021-12-24,Lake,033,64148,7082,7019,176,7195,116
2021-12-24,Lassen,035,31185,7115,7072,430,7502,55
2021-12-24,Los Angeles,037,10098052,1573988,1515469,62751,1578220,27257
2021-12-24,Madera,039,155013,25004,24741,2393,27134,320
2021-12-24,Marin,041,260295,19965,19085,701,19786,249
2021-12-24,Mariposa,043,17540,1521,1480,63,1543,6
2021-12-24,Mendocino,045,87422,8434,8314,706,9020,98
2021-12-24,Merced,047,269075,44462,44208,2219,46427,690
2021-12-24,Modoc,049,8938,603,597,208,805,6
2021-12-24,Mono,051,14174,2067,2000,24,2024,4
2021-12-24,Monterey,053,433212,51511,49709,3518,53227,638
2021-12-24,Napa,055,140530,14250,13809,182,13991,107
2021-12-24,Nevada,057,99092,10333,10153,362,10515,110
2021-12-24,Orange,059,3164182,332213,322991,18615,341606,5863
2021-12-24,Placer,061,380077,40720,39852,4110,43962,489
2021-12-24,Plumas,063,18699,2034,1987,52,2039,12
2021-12-24,Riverside,065,2383286,394358,384567,17369,401936,5470
2021-12-24,Sacramento,067,1510023,172161,169144,5427,174571,2418
2021-12-24,San Benito,069,59416,8125,7991,193,8184,79
2021-12-24,San Bernardino,071,2135413,384889,376052,12467,388519,6043
2021-12-24,San Diego,073,3302833,418931,406616,24840,431456,4442
2021-12-24,San Francisco,075,870044,62982,58229,2810,61039,682
2021-12-24,San Joaquin,077,732212,106150,104590,5777,110367,1872
2021-12-24,San Luis Obispo,079,281455,32039,31290,1454,32744,365
2021-12-24,San Mateo,081,765935,60877,56973,1151,58124,581
2021-12-24,Santa Barbara,083,443738,48604,47553,1700,49253,567
2021-12-24,Santa Clara,085,1922200,162178,156872,2019,158891,1967
2021-12-24,Santa Cruz,087,273765,22792,22176,1094,23270,228
2021-12-24,Shasta,089,179085,23147,22959,3755,26714,432
2021-12-24,Sierra,091,2930,211,202,21,223,0
2021-12-24,Siskiyou,093,43540,3520,3460,1381,4841,60
2021-12-24,Solano,095,438530,48872,47646,1443,49089,377
2021-12-24,Sonoma,097,501317,45538,44358,641,44999,408
2021-12-24,Stanislaus,099,539301,83493,83368,9540,92908,1331
2021-12-24,Sutter,101,95872,14631,14533,419,14952,191
2021-12-24,Tehama,103,63373,8975,8861,1566,10427,136
2021-12-24,Trinity,105,12862,914,826,220,1046,17
2021-12-24,Tulare,107,460477,72574,71292,16712,88004,1137
2021-12-24,Tuolumne,109,53932,8018,7919,121,8040,91
2021-12-24,Ventura,111,848112,106446,103498,4976,108474,1206
2021-12-24,Yolo,113,214977,21632,21084,1308,22392,270
2021-12-24,Yuba,115,75493,10814,10694,410,11104,98
2021-12-23,Alameda,001,1643700,130895,127221,3296,130517,1525
2021-12-23,Alpine,003,1148,110,113,0,113,0
2021-12-23,Amador,005,37829,5907,5861,76,5937,70
2021-12-23,Butte,007,227075,22502,22087,4108,26195,330
2021-12-23,Calaveras,009,45235,4640,4591,65,4656,91
2021-12-23,Colusa,011,21464,2662,2647,694,3341,21
2021-12-23,Contra Costa,013,1133247,107338,105022,2592,107614,1071
2021-12-23,Del Norte,015,27424,3831,3795,56,3851,43
2021-12-23,El Dorado,017,186661,17581,17188,1870,19058,172
2021-12-23,Fresno,019,978130,149900,148027,13420,161447,2358
2021-12-23,Glenn,021,27897,3663,3611,1056,4667,39
2021-12-23,Humboldt,023,135768,10268,10052,756,10808,119
2021-12-23,Imperial,025,180216,37382,36878,4152,41030,800
2021-12-23,Inyo,027,18085,2686,2636,40,2676,47
2021-12-23,Kern,029,883053,136054,134591,24857,159448,1908
2021-12-23,Kings,031,150075,34390,34009,2065,36074,379
2021-12-23,Lake,033,64148,7070,7019,174,7193,116
2021-12-23,Lassen,035,31185,7114,7072,430,7502,55
2021-12-23,Los Angeles,037,10098052,1564446,1515469,61668,1577137,27257
2021-12-23,Madera,039,155013,24971,24741,2389,27130,320
2021-12-23,Marin,041,260295,19831,19085,684,19769,249
2021-12-23,Mariposa,043,17540,1516,1480,63,1543,6
2021-12-23,Mendocino,045,87422,8425,8314,706,9020,98
2021-12-23,Merced,047,269075,44413,44208,2217,46425,690
2021-12-23,Modoc,049,8938,603,597,208,805,6
2021-12-23,Mono,051,14174,2046,2000,23,2023,4
2021-12-23,Monterey,053,433212,51389,49709,3497,53206,638
2021-12-23,Napa,055,140530,14169,13809,177,13986,107
2021-12-23,Nevada,057,99092,10309,10153,361,10514,110
2021-12-23,Orange,059,3164182,330523,322991,18285,341276,5863
2021-12-23,Placer,061,380077,40597,39852,4094,43946,489
2021-12-23,Plumas,063,18699,2034,1987,52,2039,12
2021-12-23,Riverside,065,2383286,393141,384567,17300,401867,5470
2021-12-23,Sacramento,067,1510023,171705,169144,5380,174524,2418
2021-12-23,San Benito,069,59416,8106,7991,191,8182,79
2021-12-23,San Bernardino,071,2135413,383713,376052,12362,388414,6043
2021-12-23,San Diego,073,3302833,417079,406616,24642,431258,4442
2021-12-23,San Francisco,075,870044,62253,58229,2782,61011,682
2021-12-23,San Joaquin,077,732212,105932,104590,5764,110354,1872
2021-12-23,San Luis Obispo,079,281455,31967,31290,1450,32740,365
2021-12-23,San Mateo,081,765935,60315,56973,1131,58104,581
2021-12-23,Santa Barbara,083,443738,48405,47553,1698,49251,567
2021-12-23,Santa Clara,085,1922200,161271,156872,1960,158832,1967
2021-12-23,Santa Cruz,087,273765,22677,22176,1082,23258,228
2021-12-23,Shasta,089,179085,23117,22959,3752,26711,432
2021-12-23,Sierra,091,2930,208,202,21,223,0
2021-12-23,Siskiyou,093,43540,3520,3460,1379,4839,60
2021-12-23,Solano,095,438530,48765,47646,1427,49073,377
2021-12-23,Sonoma,097,501317,45361,44358,640,44998,408
2021-12-23,Stanislaus,099,539301,83364,83368,9520,92888,1331
2021-12-23,Sutter,101,95872,14614,14533,418,14951,191
2021-12-23,Tehama,103,63373,8963,8861,1562,10423,136
2021-12-23,Trinity,105,12862,914,826,220,1046,17
2021-12-23,Tulare,107,460477,72499,71292,16669,87961,1137
2021-12-23,Tuolumne,109,53932,8000,7919,120,8039,91
2021-12-23,Ventura,111,848112,105910,103498,4910,108408,1206
2021-12-23,Yolo,113,214977,21560,21084,1290,22374,270
2021-12-23,Yuba,115,75493,10801,10694,410,11104,98
2021-12-22,Alameda,001,1643700,129970,126533,3215,129748,1522
2021-12-22,Alpine,003,1148,110,112,0,112,0
2021-12-22,Amador,005,37829,5894,5850,75,5925,70
2021-12-22,Butte,007,227075,22452,22070,4094,26164,330
2021-12-22,Calaveras,009,45235,4631,4580,65,4645,91
2021-12-22,Colusa,011,21464,2662,2645,691,3336,21
2021-12-22,Contra Costa,013,1133247,106700,104559,2550,107109,1070
2021-12-22,Del Norte,015,27424,3831,3794,56,3850,43
2021-12-22,El Dorado,017,186661,17519,17140,1861,19001,172
2021-12-22,Fresno,019,978130,149620,147838,13389,161227,2349
2021-12-22,Glenn,021,27897,3658,3604,1056,4660,39
2021-12-22,Humboldt,023,135768,10207,10022,751,10773,119
2021-12-22,Imperial,025,180216,37296,36755,4115,40870,798
2021-12-22,Inyo,027,18085,2668,2632,40,2672,47
2021-12-22,Kern,029,883053,135819,134433,24775,159208,1900
2021-12-22,Kings,031,150075,34340,33953,2058,36011,376
2021-12-22,Lake,033,64148,7063,7008,172,7180,116
2021-12-22,Lassen,035,31185,7109,7069,429,7498,55
2021-12-22,Los Angeles,037,10098052,1550899,1507110,60510,1567620,27234
2021-12-22,Madera,039,155013,24933,24702,2385,27087,320
2021-12-22,Marin,041,260295,19610,18927,661,19588,249
2021-12-22,Mariposa,043,17540,1509,1480,63,1543,6
2021-12-22,Mendocino,045,87422,8416,8299,706,9005,99
2021-12-22,Merced,047,269075,44342,44137,2215,46352,689
2021-12-22,Modoc,049,8938,603,595,208,803,6
2021-12-22,Mono,051,14174,2042,1979,23,2002,4
2021-12-22,Monterey,053,433212,51232,49650,3480,53130,639
2021-12-22,Napa,055,140530,14042,13746,167,13913,107
2021-12-22,Nevada,057,99092,10281,10101,356,10457,110
2021-12-22,Orange,059,3164182,328230,321765,17857,339622,5858
2021-12-22,Placer,061,380077,40414,39758,4057,43815,489
2021-12-22,Plumas,063,18699,2030,1986,52,2038,12
2021-12-22,Riverside,065,2383286,391309,383319,17187,400506,5472
2021-12-22,Sacramento,067,1510023,171046,168695,5320,174015,2422
2021-12-22,San Benito,069,59416,8054,7971,189,8160,79
2021-12-22,San Bernardino,071,2135413,382006,375044,12278,387322,6039
2021-12-22,San Diego,073,3302833,412959,404269,24313,428582,4434
2021-12-22,San Francisco,075,870044,61266,57520,2739,60259,682
2021-12-22,San Joaquin,077,732212,105662,104385,5750,110135,1870
2021-12-22,San Luis Obispo,079,281455,31826,31175,1430,32605,365
2021-12-22,San Mateo,081,765935,59632,56604,1101,57705,581
2021-12-22,Santa Barbara,083,443738,48148,47372,1682,49054,566
2021-12-22,Santa Clara,085,1922200,160150,156258,1919,158177,1954
2021-12-22,Santa Cruz,087,273765,22570,22075,1077,23152,228
2021-12-22,Shasta,089,179085,23088,22937,3747,26684,432
2021-12-22,Sierra,091,2930,208,202,21,223,0
2021-12-22,Siskiyou,093,43540,3517,3458,1376,4834,59
2021-12-22,Solano,095,438530,48536,47531,1414,48945,375
2021-12-22,Sonoma,097,501317,45086,44201,629,44830,408
2021-12-22,Stanislaus,099,539301,83223,83245,9500,92745,1331
2021-12-22,Sutter,101,95872,14578,14513,415,14928,191
2021-12-22,Tehama,103,63373,8950,8853,1558,10411,136
2021-12-22,Trinity,105,12862,914,826,220,1046,17
2021-12-22,Tulare,107,460477,72400,71226,16620,87846,1137
2021-12-22,Tuolumne,109,53932,7979,7903,120,8023,91
2021-12-22,Ventura,111,848112,105304,103089,4805,107894,1206
2021-12-22,Yolo,113,214977,21484,21012,1276,22288,270
2021-12-22,Yuba,115,75493,10784,10681,410,11091,98
2021-12-21,Alameda,001,1643700,128970,126007,3160,129167,1518
2021-12-21,Alpine,003,1148,110,112,0,112,0
2021-12-21,Amador,005,37829,5884,5845,75,5920,70
2021-12-21,Butte,007,227075,22389,22041,4080,26121,330
2021-12-21,Calaveras,009,45235,4618,4575,65,4640,91
2021-12-21,Colusa,011,21464,2660,2643,690,3333,21
2021-12-21,Contra Costa,013,1133247,106071,104255,2486,106741,1068
2021-12-21,Del Norte,015,27424,3830,3793,56,3849,43
2021-12-21,El Dorado,017,186661,17454,17098,1849,18947,172
2021-12-21,Fresno,019,978130,149334,147707,13354,161061,2341
2021-12-21,Glenn,021,27897,3644,3602,1056,4658,39
2021-12-21,Humboldt,023,135768,10143,9989,746,10735,118
2021-12-21,Imperial,025,180216,37198,36580,4074,40654,792
2021-12-21,Inyo,027,18085,2657,2627,40,2667,47
2021-12-21,Kern,029,883053,135610,134321,24670,158991,1892
2021-12-21,Kings,031,150075,34280,33914,2057,35971,376
2021-12-21,Lake,033,64148,7058,7004,170,7174,116
2021-12-21,Lassen,035,31185,7107,7069,429,7498,55
2021-12-21,Los Angeles,037,10098052,1536999,1501169,59488,1560657,27220
2021-12-21,Madera,039,155013,24896,24688,2378,27066,320
2021-12-21,Marin,041,260295,19440,18828,626,19454,249
2021-12-21,Mariposa,043,17540,1508,1480,62,1542,6
2021-12-21,Mendocino,045,87422,8400,8282,704,8986,97
2021-12-21,Merced,047,269075,44270,44096,2212,46308,688
2021-12-21,Modoc,049,8938,601,595,206,801,6
2021-12-21,Mono,051,14174,2023,1979,23,2002,4
2021-12-21,Monterey,053,433212,51141,49586,3463,53049,638
2021-12-21,Napa,055,140530,13941,13703,156,13859,107
2021-12-21,Nevada,057,99092,10252,10095,356,10451,110
2021-12-21,Orange,059,3164182,326108,320705,17409,338114,5855
2021-12-21,Placer,061,380077,40273,39649,4028,43677,487
2021-12-21,Plumas,063,18699,2030,1975,52,2027,12
2021-12-21,Riverside,065,2383286,389584,382415,17068,399483,5465
2021-12-21,Sacramento,067,1510023,170396,168422,5265,173687,2419
2021-12-21,San Benito,069,59416,8015,7950,186,8136,79
2021-12-21,San Bernardino,071,2135413,380347,374219,12168,386387,6026
2021-12-21,San Diego,073,3302833,409229,402386,23976,426362,4424
2021-12-21,San Francisco,075,870044,60306,56950,2706,59656,681
2021-12-21,San Joaquin,077,732212,105376,104238,5731,109969,1870
2021-12-21,San Luis Obispo,079,281455,31662,31103,1418,32521,365
2021-12-21,San Mateo,081,765935,59015,56381,1078,57459,581
2021-12-21,Santa Barbara,083,443738,47920,47194,1667,48861,564
2021-12-21,Santa Clara,085,1922200,159125,155769,1877,157646,1951
2021-12-21,Santa Cruz,087,273765,22453,22028,1067,23095,228
2021-12-21,Shasta,089,179085,23057,22920,3743,26663,429
2021-12-21,Sierra,091,2930,206,201,21,222,0
2021-12-21,Siskiyou,093,43540,3516,3455,1376,4831,59
2021-12-21,Solano,095,438530,48382,47474,1407,48881,372
2021-12-21,Sonoma,097,501317,44863,44051,619,44670,408
2021-12-21,Stanislaus,099,539301,83068,83167,9469,92636,1331
2021-12-21,Sutter,101,95872,14555,14492,414,14906,190
2021-12-21,Tehama,103,63373,8942,8849,1553,10402,136
2021-12-21,Trinity,105,12862,913,826,220,1046,17
2021-12-21,Tulare,107,460477,72306,71166,16579,87745,1137
2021-12-21,Tuolumne,109,53932,7955,7893,120,8013,91
2021-12-21,Ventura,111,848112,104685,102631,4692,107323,1205
2021-12-21,Yolo,113,214977,21375,20944,1272,22216,267
2021-12-21,Yuba,115,75493,10767,10668,410,11078,98
2021-12-20,Alameda,001,1643700,128036,125762,3092,128854,1515
2021-12-20,Alpine,003,1148,110,112,0,112,0
2021-12-20,Amador,005,37829,5870,5838,75,5913,70
2021-12-20,Butte,007,227075,22327,22030,4067,26097,329
2021-12-20,Calaveras,009,45235,4608,4569,65,4634,91
2021-12-20,Colusa,011,21464,2659,2644,690,3334,21
2021-12-20,Contra Costa,013,1133247,105538,104051,2439,106490,1068
2021-12-20,Del Norte,015,27424,3828,3792,56,3848,43
2021-12-20,El Dorado,017,186661,17393,17083,1841,18924,172
2021-12-20,Fresno,019,978130,149091,147605,13325,160930,2341
2021-12-20,Glenn,021,27897,3638,3597,1056,4653,39
2021-12-20,Humboldt,023,135768,10101,9973,742,10715,118
2021-12-20,Imperial,025,180216,37082,36532,4044,40576,792
2021-12-20,Inyo,027,18085,2654,2615,40,2655,47
2021-12-20,Kern,029,883053,135411,134203,24610,158813,1883
2021-12-20,Kings,031,150075,34238,33898,2056,35954,376
2021-12-20,Lake,033,64148,7053,6999,170,7169,116
2021-12-20,Lassen,035,31185,7105,7065,428,7493,55
2021-12-20,Los Angeles,037,10098052,1525522,1495251,58764,1554015,27188
2021-12-20,Madera,039,155013,24867,24668,2374,27042,313
2021-12-20,Marin,041,260295,19225,18747,608,19355,249
2021-12-20,Mariposa,043,17540,1499,1479,62,1541,6
2021-12-20,Mendocino,045,87422,8388,8264,702,8966,96
2021-12-20,Merced,047,269075,44213,44071,2207,46278,687
2021-12-20,Modoc,049,8938,601,595,203,798,6
2021-12-20,Mono,051,14174,2000,1973,23,1996,4
2021-12-20,Monterey,053,433212,51045,49556,3443,52999,636
2021-12-20,Napa,055,140530,13856,13672,146,13818,107
2021-12-20,Nevada,057,99092,10212,10079,355,10434,109
2021-12-20,Orange,059,3164182,324503,320235,17094,337329,5852
2021-12-20,Placer,061,380077,40143,39579,3998,43577,485
2021-12-20,Plumas,063,18699,2027,1971,50,2021,12
2021-12-20,Riverside,065,2383286,388134,381841,16979,398820,5452
2021-12-20,Sacramento,067,1510023,169826,168153,5225,173378,2414
2021-12-20,San Benito,069,59416,7971,7934,184,8118,79
2021-12-20,San Bernardino,071,2135413,378829,373881,12083,385964,6023
2021-12-20,San Diego,073,3302833,406014,401483,23735,425218,4412
2021-12-20,San Francisco,075,870044,59246,56661,2649,59310,681
2021-12-20,San Joaquin,077,732212,105133,104188,5720,109908,1865
2021-12-20,San Luis Obispo,079,281455,31548,31075,1410,32485,365
2021-12-20,San Mateo,081,765935,58467,56247,1059,57306,581
2021-12-20,Santa Barbara,083,443738,47709,47131,1662,48793,562
2021-12-20,Santa Clara,085,1922200,158165,155427,1829,157256,1950
2021-12-20,Santa Cruz,087,273765,22373,21989,1062,23051,227
2021-12-20,Shasta,089,179085,23036,22888,3738,26626,429
2021-12-20,Sierra,091,2930,205,201,21,222,0
2021-12-20,Siskiyou,093,43540,3515,3453,1374,4827,59
2021-12-20,Solano,095,438530,48254,47394,1399,48793,370
2021-12-20,Sonoma,097,501317,44673,43982,611,44593,408
2021-12-20,Stanislaus,099,539301,82943,83110,9440,92550,1331
2021-12-20,Sutter,101,95872,14532,14480,414,14894,190
2021-12-20,Tehama,103,63373,8934,8840,1550,10390,136
2021-12-20,Trinity,105,12862,913,826,220,1046,17
2021-12-20,Tulare,107,460477,72212,71124,16521,87645,1129
2021-12-20,Tuolumne,109,53932,7941,7867,116,7983,91
2021-12-20,Ventura,111,848112,104177,102452,4616,107068,1203
2021-12-20,Yolo,113,214977,21282,20903,1260,22163,267
2021-12-20,Yuba,115,75493,10751,10656,407,11063,97
2021-12-19,Alameda,001,1643700,127149,125464,3052,128516,1519
2021-12-19,Alpine,003,1148,110,112,0,112,0
2021-12-19,Amador,005,37829,5858,5832,74,5906,70
2021-12-19,Butte,007,227075,22272,22022,4059,26081,329
2021-12-19,Calaveras,009,45235,4592,4563,64,4627,91
2021-12-19,Colusa,011,21464,2659,2643,687,3330,21
2021-12-19,Contra Costa,013,1133247,105047,103906,2405,106311,1068
2021-12-19,Del Norte,015,27424,3824,3797,56,3853,43
2021-12-19,El Dorado,017,186661,17336,17067,1839,18906,172
2021-12-19,Fresno,019,978130,148850,147505,13300,160805,2341
2021-12-19,Glenn,021,27897,3634,3596,1055,4651,39
2021-12-19,Humboldt,023,135768,10058,9957,737,10694,118
2021-12-19,Imperial,025,180216,36953,36501,4001,40502,792
2021-12-19,Inyo,027,18085,2645,2613,40,2653,47
2021-12-19,Kern,029,883053,135212,134136,24542,158678,1883
2021-12-19,Kings,031,150075,34180,33874,2052,35926,378
2021-12-19,Lake,033,64148,7044,6999,167,7166,116
2021-12-19,Lassen,035,31185,7101,7065,428,7493,55
2021-12-19,Los Angeles,037,10098052,1516527,1495082,58165,1553247,27189
2021-12-19,Madera,039,155013,24843,24642,2368,27010,313
2021-12-19,Marin,041,260295,19049,18707,585,19292,249
2021-12-19,Mariposa,043,17540,1493,1475,62,1537,6
2021-12-19,Mendocino,045,87422,8371,8257,699,8956,96
2021-12-19,Merced,047,269075,44118,44045,2200,46245,687
2021-12-19,Modoc,049,8938,600,595,203,798,6
2021-12-19,Mono,051,14174,1989,1968,22,1990,4
2021-12-19,Monterey,053,433212,50944,49516,3422,52938,636
2021-12-19,Napa,055,140530,13783,13659,137,13796,107
2021-12-19,Nevada,057,99092,10176,10057,352,10409,109
2021-12-19,Orange,059,3164182,323100,319615,16868,336483,5852
2021-12-19,Placer,061,380077,40022,39525,3982,43507,485
2021-12-19,Plumas,063,18699,2024,1971,50,2021,12
2021-12-19,Riverside,065,2383286,386690,381305,16904,398209,5452
2021-12-19,Sacramento,067,1510023,169332,167933,5196,173129,2415
2021-12-19,San Benito,069,59416,7946,7929,183,8112,79
2021-12-19,San Bernardino,071,2135413,377512,373480,12045,385525,6023
2021-12-19,San Diego,073,3302833,403534,398197,23539,421736,4406
2021-12-19,San Francisco,075,870044,58368,56358,2593,58951,681
2021-12-19,San Joaquin,077,732212,104876,104125,5706,109831,1865
2021-12-19,San Luis Obispo,079,281455,31425,31035,1398,32433,366
2021-12-19,San Mateo,081,765935,58002,56132,1044,57176,581
2021-12-19,Santa Barbara,083,443738,47486,47070,1655,48725,562
2021-12-19,Santa Clara,085,1922200,157278,155049,1803,156852,1950
2021-12-19,Santa Cruz,087,273765,22274,21960,1057,23017,227
2021-12-19,Shasta,089,179085,22999,22875,3734,26609,429
2021-12-19,Sierra,091,2930,204,201,21,222,0
2021-12-19,Siskiyou,093,43540,3512,3452,1374,4826,59
2021-12-19,Solano,095,438530,48132,47341,1393,48734,370
2021-12-19,Sonoma,097,501317,44489,43944,609,44553,408
2021-12-19,Stanislaus,099,539301,82804,83040,9408,92448,1331
2021-12-19,Sutter,101,95872,14492,14475,413,14888,190
2021-12-19,Tehama,103,63373,8926,8840,1550,10390,136
2021-12-19,Trinity,105,12862,913,826,220,1046,17
2021-12-19,Tulare,107,460477,72119,71085,16479,87564,1129
2021-12-19,Tuolumne,109,53932,7924,7865,115,7980,91
2021-12-19,Ventura,111,848112,103597,102170,4551,106721,1203
2021-12-19,Yolo,113,214977,21201,20887,1241,22128,267
2021-12-19,Yuba,115,75493,10734,10646,405,11051,97
2021-12-18,Alameda,001,1643700,126744,124583,3027,127610,1512
2021-12-18,Alpine,003,1148,110,110,0,110,0
2021-12-18,Amador,005,37829,5852,5821,74,5895,69
2021-12-18,Butte,007,227075,22256,21956,4054,26010,328
2021-12-18,Calaveras,009,45235,4585,4534,64,4598,91
2021-12-18,Colusa,011,21464,2655,2635,685,3320,21
2021-12-18,Contra Costa,013,1133247,104832,103380,2391,105771,1065
2021-12-18,Del Norte,015,27424,3821,3791,56,3847,43
2021-12-18,El Dorado,017,186661,17308,16968,1836,18804,171
2021-12-18,Fresno,019,978130,148747,147038,13287,160325,2335
2021-12-18,Glenn,021,27897,3631,3590,1055,4645,39
2021-12-18,Humboldt,023,135768,10042,9889,737,10626,118
2021-12-18,Imperial,025,180216,36880,36280,3989,40269,790
2021-12-18,Inyo,027,18085,2639,2607,40,2647,47
2021-12-18,Kern,029,883053,135122,133754,24497,158251,1873
2021-12-18,Kings,031,150075,34147,33783,2048,35831,374
2021-12-18,Lake,033,64148,7043,6976,167,7143,115
2021-12-18,Lassen,035,31185,7099,7061,427,7488,55
2021-12-18,Los Angeles,037,10098052,1512437,1484840,57852,1542692,27135
2021-12-18,Madera,039,155013,24828,24575,2366,26941,313
2021-12-18,Marin,041,260295,18948,18537,573,19110,249
2021-12-18,Mariposa,043,17540,1492,1468,62,1530,6
2021-12-18,Mendocino,045,87422,8365,8219,699,8918,95
2021-12-18,Merced,047,269075,44083,43929,2199,46128,686
2021-12-18,Modoc,049,8938,598,595,203,798,6
2021-12-18,Mono,051,14174,1987,1956,22,1978,4
2021-12-18,Monterey,053,433212,50886,49343,3417,52760,635
2021-12-18,Napa,055,140530,13757,13581,135,13716,107
2021-12-18,Nevada,057,99092,10154,9991,350,10341,108
2021-12-18,Orange,059,3164182,322436,318149,16732,334881,5844
2021-12-18,Placer,061,380077,39921,39336,3968,43304,485
2021-12-18,Plumas,063,18699,2024,1964,50,2014,13
2021-12-18,Riverside,065,2383286,385992,379354,16863,396217,5439
2021-12-18,Sacramento,067,1510023,169097,167046,5177,172223,2404
2021-12-18,San Benito,069,59416,7931,7894,183,8077,79
2021-12-18,San Bernardino,071,2135413,376843,371658,12017,383675,6017
2021-12-18,San Diego,073,3302833,402569,397130,23487,420617,4399
2021-12-18,San Francisco,075,870044,57873,55562,2563,58125,679
2021-12-18,San Joaquin,077,732212,104789,103698,5696,109394,1858
2021-12-18,San Luis Obispo,079,281455,31383,30873,1392,32265,365
2021-12-18,San Mateo,081,765935,57762,55730,1039,56769,580
2021-12-18,Santa Barbara,083,443738,47390,46776,1653,48429,562
2021-12-18,Santa Clara,085,1922200,156822,154243,1790,156033,1946
2021-12-18,Santa Cruz,087,273765,22222,21805,1055,22860,225
2021-12-18,Shasta,089,179085,22978,22811,3734,26545,429
2021-12-18,Sierra,091,2930,204,199,21,220,0
2021-12-18,Siskiyou,093,43540,3510,3441,1373,4814,58
2021-12-18,Solano,095,438530,48086,47174,1391,48565,369
2021-12-18,Sonoma,097,501317,44379,43658,605,44263,407
2021-12-18,Stanislaus,099,539301,82722,82736,9396,92132,1330
2021-12-18,Sutter,101,95872,14474,14435,413,14848,190
2021-12-18,Tehama,103,63373,8920,8814,1549,10363,136
2021-12-18,Trinity,105,12862,913,823,220,1043,17
2021-12-18,Tulare,107,460477,72081,70922,16454,87376,1120
2021-12-18,Tuolumne,109,53932,7910,7834,115,7949,91
2021-12-18,Ventura,111,848112,103312,101612,4529,106141,1201
2021-12-18,Yolo,113,214977,21161,20793,1235,22028,267
2021-12-18,Yuba,115,75493,10723,10599,405,11004,96
2021-12-17,Alameda,001,1643700,126407,124583,3008,127591,1512
2021-12-17,Alpine,003,1148,110,110,0,110,0
2021-12-17,Amador,005,37829,5845,5821,74,5895,69
2021-12-17,Butte,007,227075,22235,21956,4047,26003,328
2021-12-17,Calaveras,009,45235,4581,4534,64,4598,91
2021-12-17,Colusa,011,21464,2654,2635,684,3319,21
2021-12-17,Contra Costa,013,1133247,104630,103380,2387,105767,1065
2021-12-17,Del Norte,015,27424,3820,3791,56,3847,43
2021-12-17,El Dorado,017,186661,17280,16968,1833,18801,171
2021-12-17,Fresno,019,978130,148644,147038,13287,160325,2335
2021-12-17,Glenn,021,27897,3624,3590,1055,4645,39
2021-12-17,Humboldt,023,135768,10022,9889,735,10624,118
2021-12-17,Imperial,025,180216,36817,36280,3971,40251,790
2021-12-17,Inyo,027,18085,2634,2607,40,2647,47
2021-12-17,Kern,029,883053,135031,133754,24456,158210,1873
2021-12-17,Kings,031,150075,34128,33783,2048,35831,374
2021-12-17,Lake,033,64148,7039,6976,167,7143,115
2021-12-17,Lassen,035,31185,7099,7061,426,7487,55
2021-12-17,Los Angeles,037,10098052,1508497,1484840,57613,1542453,27135
2021-12-17,Madera,039,155013,24812,24575,2361,26936,313
2021-12-17,Marin,041,260295,18872,18537,569,19106,249
2021-12-17,Mariposa,043,17540,1488,1468,62,1530,6
2021-12-17,Mendocino,045,87422,8354,8219,699,8918,95
2021-12-17,Merced,047,269075,44057,43929,2198,46127,686
2021-12-17,Modoc,049,8938,598,595,203,798,6
2021-12-17,Mono,051,14174,1984,1956,22,1978,4
2021-12-17,Monterey,053,433212,50828,49343,3412,52755,635
2021-12-17,Napa,055,140530,13730,13581,134,13715,107
2021-12-17,Nevada,057,99092,10143,9991,350,10341,108
2021-12-17,Orange,059,3164182,321875,318149,16664,334813,5844
2021-12-17,Placer,061,380077,39866,39336,3962,43298,485
2021-12-17,Plumas,063,18699,2023,1964,50,2014,13
2021-12-17,Riverside,065,2383286,385340,379354,16853,396207,5439
2021-12-17,Sacramento,067,1510023,168864,167046,5164,172210,2404
2021-12-17,San Benito,069,59416,7929,7894,183,8077,79
2021-12-17,San Bernardino,071,2135413,376286,371658,12000,383658,6017
2021-12-17,San Diego,073,3302833,401640,397130,23439,420569,4399
2021-12-17,San Francisco,075,870044,57546,55562,2533,58095,679
2021-12-17,San Joaquin,077,732212,104714,103698,5679,109377,1858
2021-12-17,San Luis Obispo,079,281455,31354,30873,1388,32261,365
2021-12-17,San Mateo,081,765935,57574,55730,1032,56762,580
2021-12-17,Santa Barbara,083,443738,47313,46776,1647,48423,562
2021-12-17,Santa Clara,085,1922200,156450,154243,1776,156019,1946
2021-12-17,Santa Cruz,087,273765,22175,21805,1051,22856,225
2021-12-17,Shasta,089,179085,22966,22811,3732,26543,429
2021-12-17,Sierra,091,2930,203,199,21,220,0
2021-12-17,Siskiyou,093,43540,3506,3441,1371,4812,58
2021-12-17,Solano,095,438530,48018,47174,1387,48561,369
2021-12-17,Sonoma,097,501317,44282,43658,602,44260,407
2021-12-17,Stanislaus,099,539301,82671,82736,9389,92125,1330
2021-12-17,Sutter,101,95872,14462,14435,411,14846,190
2021-12-17,Tehama,103,63373,8913,8814,1548,10362,136
2021-12-17,Trinity,105,12862,913,823,220,1043,17
2021-12-17,Tulare,107,460477,72039,70922,16424,87346,1120
2021-12-17,Tuolumne,109,53932,7898,7834,115,7949,91
2021-12-17,Ventura,111,848112,103062,101612,4517,106129,1201
2021-12-17,Yolo,113,214977,21128,20793,1230,22023,267
2021-12-17,Yuba,115,75493,10712,10599,403,11002,96
2021-12-16,Alameda,001,1643700,126033,124583,2993,127576,1512
2021-12-16,Alpine,003,1148,108,110,0,110,0
2021-12-16,Amador,005,37829,5837,5821,74,5895,69
2021-12-16,Butte,007,227075,22215,21956,4043,25999,328
2021-12-16,Calaveras,009,45235,4574,4534,64,4598,91
2021-12-16,Colusa,011,21464,2654,2635,684,3319,21
2021-12-16,Contra Costa,013,1133247,104407,103380,2377,105757,1065
2021-12-16,Del Norte,015,27424,3817,3791,56,3847,43
2021-12-16,El Dorado,017,186661,17245,16968,1828,18796,171
2021-12-16,Fresno,019,978130,148485,147038,13280,160318,2335
2021-12-16,Glenn,021,27897,3623,3590,1052,4642,39
2021-12-16,Humboldt,023,135768,9998,9889,725,10614,118
2021-12-16,Imperial,025,180216,36733,36280,3943,40223,790
2021-12-16,Inyo,027,18085,2630,2607,39,2646,47
2021-12-16,Kern,029,883053,134887,133754,24407,158161,1873
2021-12-16,Kings,031,150075,34104,33783,2047,35830,374
2021-12-16,Lake,033,64148,7035,6976,167,7143,115
2021-12-16,Lassen,035,31185,7096,7061,425,7486,55
2021-12-16,Los Angeles,037,10098052,1504282,1484840,57348,1542188,27135
2021-12-16,Madera,039,155013,24783,24575,2357,26932,313
2021-12-16,Marin,041,260295,18826,18537,562,19099,249
2021-12-16,Mariposa,043,17540,1486,1468,62,1530,6
2021-12-16,Mendocino,045,87422,8343,8219,694,8913,95
2021-12-16,Merced,047,269075,44018,43929,2197,46126,686
2021-12-16,Modoc,049,8938,598,595,203,798,6
2021-12-16,Mono,051,14174,1981,1956,22,1978,4
2021-12-16,Monterey,053,433212,50757,49343,3395,52738,635
2021-12-16,Napa,055,140530,13698,13581,134,13715,107
2021-12-16,Nevada,057,99092,10117,9991,350,10341,108
2021-12-16,Orange,059,3164182,321266,318149,16586,334735,5844
2021-12-16,Placer,061,380077,39789,39336,3957,43293,485
2021-12-16,Plumas,063,18699,2023,1964,50,2014,13
2021-12-16,Riverside,065,2383286,384533,379354,16839,396193,5439
2021-12-16,Sacramento,067,1510023,168581,167046,5140,172186,2404
2021-12-16,San Benito,069,59416,7922,7894,183,8077,79
2021-12-16,San Bernardino,071,2135413,375624,371658,11981,383639,6017
2021-12-16,San Diego,073,3302833,400471,397130,23373,420503,4399
2021-12-16,San Francisco,075,870044,57170,55562,2511,58073,679
2021-12-16,San Joaquin,077,732212,104590,103698,5672,109370,1858
2021-12-16,San Luis Obispo,079,281455,31284,30873,1382,32255,365
2021-12-16,San Mateo,081,765935,57374,55730,1029,56759,580
2021-12-16,Santa Barbara,083,443738,47192,46776,1643,48419,562
2021-12-16,Santa Clara,085,1922200,156119,154243,1766,156009,1946
2021-12-16,Santa Cruz,087,273765,22129,21805,1050,22855,225
2021-12-16,Shasta,089,179085,22936,22811,3730,26541,429
2021-12-16,Sierra,091,2930,203,199,21,220,0
2021-12-16,Siskiyou,093,43540,3505,3441,1367,4808,58
2021-12-16,Solano,095,438530,47950,47174,1380,48554,369
2021-12-16,Sonoma,097,501317,44183,43658,600,44258,407
2021-12-16,Stanislaus,099,539301,82584,82736,9375,92111,1330
2021-12-16,Sutter,101,95872,14448,14435,410,14845,190
2021-12-16,Tehama,103,63373,8906,8814,1547,10361,136
2021-12-16,Trinity,105,12862,913,823,220,1043,17
2021-12-16,Tulare,107,460477,71990,70922,16399,87321,1120
2021-12-16,Tuolumne,109,53932,7878,7834,115,7949,91
2021-12-16,Ventura,111,848112,102794,101612,4510,106122,1201
2021-12-16,Yolo,113,214977,21077,20793,1225,22018,267
2021-12-16,Yuba,115,75493,10696,10599,402,11001,96
2021-12-15,Alameda,001,1643700,125708,124342,2982,127324,1509
2021-12-15,Alpine,003,1148,108,109,0,109,0
2021-12-15,Amador,005,37829,5831,5810,74,5884,69
2021-12-15,Butte,007,227075,22191,21922,4042,25964,327
2021-12-15,Calaveras,009,45235,4568,4523,64,4587,89
2021-12-15,Colusa,011,21464,2653,2632,683,3315,21
2021-12-15,Contra Costa,013,1133247,104188,103236,2374,105610,1064
2021-12-15,Del Norte,015,27424,3816,3789,55,3844,43
2021-12-15,El Dorado,017,186661,17215,16936,1822,18758,171
2021-12-15,Fresno,019,978130,148358,146859,13266,160125,2319
2021-12-15,Glenn,021,27897,3623,3589,1052,4641,39
2021-12-15,Humboldt,023,135768,9978,9854,724,10578,118
2021-12-15,Imperial,025,180216,36653,36187,3899,40086,789
2021-12-15,Inyo,027,18085,2625,2606,39,2645,47
2021-12-15,Kern,029,883053,134748,133590,24361,157951,1866
2021-12-15,Kings,031,150075,34075,33716,2043,35759,374
2021-12-15,Lake,033,64148,7027,6968,166,7134,115
2021-12-15,Lassen,035,31185,7096,7062,425,7487,55
2021-12-15,Los Angeles,037,10098052,1500386,1482735,57155,1539890,27116
2021-12-15,Madera,039,155013,24765,24549,2351,26900,313
2021-12-15,Marin,041,260295,18767,18514,557,19071,249
2021-12-15,Mariposa,043,17540,1483,1463,62,1525,6
2021-12-15,Mendocino,045,87422,8338,8209,691,8900,95
2021-12-15,Merced,047,269075,43976,43890,2185,46075,685
2021-12-15,Modoc,049,8938,598,595,203,798,6
2021-12-15,Mono,051,14174,1977,1955,22,1977,4
2021-12-15,Monterey,053,433212,50702,49279,3377,52656,635
2021-12-15,Napa,055,140530,13669,13557,132,13689,107
2021-12-15,Nevada,057,99092,10096,9958,350,10308,107
2021-12-15,Orange,059,3164182,320685,317808,16544,334352,5838
2021-12-15,Placer,061,380077,39733,39264,3947,43211,485
2021-12-15,Plumas,063,18699,2019,1957,50,2007,12
2021-12-15,Riverside,065,2383286,383812,378769,16828,395597,5438
2021-12-15,Sacramento,067,1510023,168273,166793,5120,171913,2401
2021-12-15,San Benito,069,59416,7907,7877,183,8060,79
2021-12-15,San Bernardino,071,2135413,375066,371122,11948,383070,6013
2021-12-15,San Diego,073,3302833,399276,396546,23303,419849,4395
2021-12-15,San Francisco,075,870044,56852,55414,2493,57907,679
2021-12-15,San Joaquin,077,732212,104433,103579,5662,109241,1853
2021-12-15,San Luis Obispo,079,281455,31235,30784,1375,32159,365
2021-12-15,San Mateo,081,765935,57232,55657,1019,56676,580
2021-12-15,Santa Barbara,083,443738,47111,46681,1641,48322,562
2021-12-15,Santa Clara,085,1922200,155808,153928,1746,155674,1944
2021-12-15,Santa Cruz,087,273765,22089,21753,1043,22796,225
2021-12-15,Shasta,089,179085,22921,22778,3726,26504,427
2021-12-15,Sierra,091,2930,203,199,21,220,0
2021-12-15,Siskiyou,093,43540,3504,3434,1366,4800,58
2021-12-15,Solano,095,438530,47879,47098,1374,48472,367
2021-12-15,Sonoma,097,501317,44101,43580,595,44175,407
2021-12-15,Stanislaus,099,539301,82478,82628,9367,91995,1298
2021-12-15,Sutter,101,95872,14428,14428,409,14837,189
2021-12-15,Tehama,103,63373,8899,8806,1546,10352,136
2021-12-15,Trinity,105,12862,912,822,220,1042,17
2021-12-15,Tulare,107,460477,71939,70846,16370,87216,1120
2021-12-15,Tuolumne,109,53932,7869,7818,114,7932,91
2021-12-15,Ventura,111,848112,102579,101447,4504,105951,1199
2021-12-15,Yolo,113,214977,21049,20749,1220,21969,267
2021-12-15,Yuba,115,75493,10685,10587,401,10988,96
2021-12-14,Alameda,001,1643700,125378,124272,2970,127242,1506
2021-12-14,Alpine,003,1148,107,109,0,109,0
2021-12-14,Amador,005,37829,5825,5808,73,5881,69
2021-12-14,Butte,007,227075,22158,21901,4040,25941,326
2021-12-14,Calaveras,009,45235,4556,4517,64,4581,89
2021-12-14,Colusa,011,21464,2651,2628,683,3311,21
2021-12-14,Contra Costa,013,1133247,104004,103135,2370,105505,1064
2021-12-14,Del Norte,015,27424,3813,3788,55,3843,43
2021-12-14,El Dorado,017,186661,17180,16915,1820,18735,170
2021-12-14,Fresno,019,978130,148188,146756,13258,160014,2316
2021-12-14,Glenn,021,27897,3622,3589,1052,4641,39
2021-12-14,Humboldt,023,135768,9966,9836,716,10552,118
2021-12-14,Imperial,025,180216,36580,36049,3856,39905,789
2021-12-14,Inyo,027,18085,2624,2601,39,2640,46
2021-12-14,Kern,029,883053,134610,133498,24312,157810,1863
2021-12-14,Kings,031,150075,34038,33693,2040,35733,373
2021-12-14,Lake,033,64148,7018,6961,166,7127,115
2021-12-14,Lassen,035,31185,7095,7061,425,7486,55
2021-12-14,Los Angeles,037,10098052,1496722,1481131,56977,1538108,27099
2021-12-14,Madera,039,155013,24738,24535,2343,26878,313
2021-12-14,Marin,041,260295,18719,18491,555,19046,249
2021-12-14,Mariposa,043,17540,1480,1463,61,1524,6
2021-12-14,Mendocino,045,87422,8310,8206,689,8895,95
2021-12-14,Merced,047,269075,43930,43870,2183,46053,684
2021-12-14,Modoc,049,8938,597,595,203,798,6
2021-12-14,Mono,051,14174,1970,1955,22,1977,4
2021-12-14,Monterey,053,433212,50618,49237,3366,52603,635
2021-12-14,Napa,055,140530,13640,13528,132,13660,107
2021-12-14,Nevada,057,99092,10070,9956,349,10305,106
2021-12-14,Orange,059,3164182,320133,317465,16490,333955,5827
2021-12-14,Placer,061,380077,39658,39221,3942,43163,482
2021-12-14,Plumas,063,18699,2015,1950,48,1998,12
2021-12-14,Riverside,065,2383286,383121,378227,16811,395038,5427
2021-12-14,Sacramento,067,1510023,167963,166605,5097,171702,2394
2021-12-14,San Benito,069,59416,7888,7871,183,8054,79
2021-12-14,San Bernardino,071,2135413,374438,370604,11918,382522,6013
2021-12-14,San Diego,073,3302833,398137,395876,23252,419128,4393
2021-12-14,San Francisco,075,870044,56536,55278,2482,57760,679
2021-12-14,San Joaquin,077,732212,104287,103488,5645,109133,1848
2021-12-14,San Luis Obispo,079,281455,31175,30753,1371,32124,363
2021-12-14,San Mateo,081,765935,57068,55601,1012,56613,580
2021-12-14,Santa Barbara,083,443738,47009,46648,1637,48285,560
2021-12-14,Santa Clara,085,1922200,155486,153814,1733,155547,1945
2021-12-14,Santa Cruz,087,273765,22024,21737,1038,22775,225
2021-12-14,Shasta,089,179085,22894,22756,3725,26481,427
2021-12-14,Sierra,091,2930,201,199,21,220,0
2021-12-14,Siskiyou,093,43540,3499,3430,1365,4795,58
2021-12-14,Solano,095,438530,47832,47065,1368,48433,367
2021-12-14,Sonoma,097,501317,44018,43538,593,44131,407
2021-12-14,Stanislaus,099,539301,82392,82581,9351,91932,1293
2021-12-14,Sutter,101,95872,14416,14421,408,14829,189
2021-12-14,Tehama,103,63373,8895,8805,1546,10351,134
2021-12-14,Trinity,105,12862,912,821,220,1041,17
2021-12-14,Tulare,107,460477,71867,70803,16340,87143,1120
2021-12-14,Tuolumne,109,53932,7856,7815,114,7929,91
2021-12-14,Ventura,111,848112,102354,101343,4497,105840,1199
2021-12-14,Yolo,113,214977,21015,20734,1207,21941,267
2021-12-14,Yuba,115,75493,10668,10574,401,10975,92
2021-12-13,Alameda,001,1643700,125090,124174,2953,127127,1501
2021-12-13,Alpine,003,1148,107,109,0,109,0
2021-12-13,Amador,005,37829,5821,5797,73,5870,69
2021-12-13,Butte,007,227075,22134,21889,4036,25925,326
2021-12-13,Calaveras,009,45235,4549,4507,63,4570,89
2021-12-13,Colusa,011,21464,2649,2627,683,3310,21
2021-12-13,Contra Costa,013,1133247,103853,103041,2359,105400,1064
2021-12-13,Del Norte,015,27424,3809,3787,55,3842,42
2021-12-13,El Dorado,017,186661,17157,16896,1818,18714,170
2021-12-13,Fresno,019,978130,148037,146641,13248,159889,2312
2021-12-13,Glenn,021,27897,3617,3589,1050,4639,37
2021-12-13,Humboldt,023,135768,9937,9821,712,10533,118
2021-12-13,Imperial,025,180216,36496,35974,3835,39809,787
2021-12-13,Inyo,027,18085,2623,2592,39,2631,46
2021-12-13,Kern,029,883053,134484,133381,24259,157640,1863
2021-12-13,Kings,031,150075,33995,33680,2035,35715,372
2021-12-13,Lake,033,64148,7016,6958,164,7122,115
2021-12-13,Lassen,035,31185,7094,7057,425,7482,55
2021-12-13,Los Angeles,037,10098052,1493939,1480195,56816,1537011,27085
2021-12-13,Madera,039,155013,24709,24527,2338,26865,311
2021-12-13,Marin,041,260295,18659,18471,552,19023,249
2021-12-13,Mariposa,043,17540,1478,1462,61,1523,6
2021-12-13,Mendocino,045,87422,8297,8196,687,8883,95
2021-12-13,Merced,047,269075,43891,43848,2179,46027,682
2021-12-13,Modoc,049,8938,596,595,203,798,6
2021-12-13,Mono,051,14174,1963,1952,22,1974,4
2021-12-13,Monterey,053,433212,50566,49222,3347,52569,631
2021-12-13,Napa,055,140530,13627,13518,132,13650,107
2021-12-13,Nevada,057,99092,10051,9946,348,10294,106
2021-12-13,Orange,059,3164182,319664,317112,16437,333549,5824
2021-12-13,Placer,061,380077,39597,39168,3931,43099,481
2021-12-13,Plumas,063,18699,2011,1943,48,1991,12
2021-12-13,Riverside,065,2383286,382538,377728,16796,394524,5414
2021-12-13,Sacramento,067,1510023,167685,166439,5065,171504,2392
2021-12-13,San Benito,069,59416,7879,7856,183,8039,79
2021-12-13,San Bernardino,071,2135413,373860,370274,11910,382184,6011
2021-12-13,San Diego,073,3302833,397332,395266,23199,418465,4389
2021-12-13,San Francisco,075,870044,56266,55245,2469,57714,678
2021-12-13,San Joaquin,077,732212,104171,103449,5636,109085,1846
2021-12-13,San Luis Obispo,079,281455,31125,30746,1367,32113,363
2021-12-13,San Mateo,081,765935,56909,55569,1003,56572,580
2021-12-13,Santa Barbara,083,443738,46921,46608,1632,48240,560
2021-12-13,Santa Clara,085,1922200,155221,153672,1722,155394,1944
2021-12-13,Santa Cruz,087,273765,21969,21698,1035,22733,225
2021-12-13,Shasta,089,179085,22873,22731,3723,26454,426
2021-12-13,Sierra,091,2930,201,199,21,220,0
2021-12-13,Siskiyou,093,43540,3495,3426,1362,4788,57
2021-12-13,Solano,095,438530,47758,47045,1363,48408,365
2021-12-13,Sonoma,097,501317,43922,43492,591,44083,407
2021-12-13,Stanislaus,099,539301,82276,82507,9328,91835,1282
2021-12-13,Sutter,101,95872,14409,14408,408,14816,188
2021-12-13,Tehama,103,63373,8882,8800,1546,10346,134
2021-12-13,Trinity,105,12862,912,820,220,1040,17
2021-12-13,Tulare,107,460477,71809,70758,16316,87074,1114
2021-12-13,Tuolumne,109,53932,7845,7804,114,7918,91
2021-12-13,Ventura,111,848112,102129,101180,4486,105666,1197
2021-12-13,Yolo,113,214977,20965,20706,1202,21908,267
2021-12-13,Yuba,115,75493,10651,10570,401,10971,92
2021-12-12,Alameda,001,1643700,124808,124075,2941,127016,1503
2021-12-12,Alpine,003,1148,107,109,0,109,0
2021-12-12,Amador,005,37829,5813,5797,72,5869,69
2021-12-12,Butte,007,227075,22110,21874,4030,25904,326
2021-12-12,Calaveras,009,45235,4538,4501,63,4564,89
2021-12-12,Colusa,011,21464,2644,2627,680,3307,21
2021-12-12,Contra Costa,013,1133247,103666,102976,2357,105333,1065
2021-12-12,Del Norte,015,27424,3806,3793,55,3848,42
2021-12-12,El Dorado,017,186661,17121,16890,1810,18700,170
2021-12-12,Fresno,019,978130,147875,146518,13233,159751,2310
2021-12-12,Glenn,021,27897,3614,3589,1050,4639,37
2021-12-12,Humboldt,023,135768,9912,9804,705,10509,118
2021-12-12,Imperial,025,180216,36362,35926,3804,39730,787
2021-12-12,Inyo,027,18085,2618,2592,39,2631,46
2021-12-12,Kern,029,883053,134318,133314,24218,157532,1861
2021-12-12,Kings,031,150075,33944,33661,2033,35694,372
2021-12-12,Lake,033,64148,7009,6955,162,7117,115
2021-12-12,Lassen,035,31185,7093,7057,425,7482,55
2021-12-12,Los Angeles,037,10098052,1491027,1479054,56635,1535689,27074
2021-12-12,Madera,039,155013,24680,24493,2331,26824,311
2021-12-12,Marin,041,260295,18606,18451,548,18999,249
2021-12-12,Mariposa,043,17540,1477,1461,61,1522,6
2021-12-12,Mendocino,045,87422,8284,8190,686,8876,95
2021-12-12,Merced,047,269075,43858,43821,2172,45993,682
2021-12-12,Modoc,049,8938,596,595,202,797,6
2021-12-12,Mono,051,14174,1959,1947,22,1969,4
2021-12-12,Monterey,053,433212,50513,49192,3321,52513,631
2021-12-12,Napa,055,140530,13584,13508,130,13638,107
2021-12-12,Nevada,057,99092,10024,9938,347,10285,106
2021-12-12,Orange,059,3164182,319158,316918,16372,333290,5825
2021-12-12,Placer,061,380077,39532,39139,3925,43064,481
2021-12-12,Plumas,063,18699,2007,1942,46,1988,12
2021-12-12,Riverside,065,2383286,381862,377467,16771,394238,5414
2021-12-12,Sacramento,067,1510023,167418,166291,5044,171335,2392
2021-12-12,San Benito,069,59416,7859,7853,183,8036,79
2021-12-12,San Bernardino,071,2135413,373216,369977,11886,381863,6011
2021-12-12,San Diego,073,3302833,396437,393307,23161,416468,4378
2021-12-12,San Francisco,075,870044,56010,55180,2457,57637,678
2021-12-12,San Joaquin,077,732212,104032,103405,5626,109031,1846
2021-12-12,San Luis Obispo,079,281455,31072,30719,1365,32084,363
2021-12-12,San Mateo,081,765935,56792,55505,999,56504,580
2021-12-12,Santa Barbara,083,443738,46846,46586,1630,48216,560
2021-12-12,Santa Clara,085,1922200,154941,153452,1708,155160,1945
2021-12-12,Santa Cruz,087,273765,21920,21671,1033,22704,225
2021-12-12,Shasta,089,179085,22845,22732,3722,26454,426
2021-12-12,Sierra,091,2930,201,199,21,220,0
2021-12-12,Siskiyou,093,43540,3495,3424,1362,4786,57
2021-12-12,Solano,095,438530,47692,47021,1360,48381,365
2021-12-12,Sonoma,097,501317,43829,43424,588,44012,407
2021-12-12,Stanislaus,099,539301,82178,82460,9315,91775,1282
2021-12-12,Sutter,101,95872,14398,14396,408,14804,189
2021-12-12,Tehama,103,63373,8871,8796,1544,10340,134
2021-12-12,Trinity,105,12862,910,820,220,1040,17
2021-12-12,Tulare,107,460477,71732,70733,16274,87007,1115
2021-12-12,Tuolumne,109,53932,7828,7794,114,7908,91
2021-12-12,Ventura,111,848112,101936,101105,4472,105577,1197
2021-12-12,Yolo,113,214977,20915,20685,1190,21875,267
2021-12-12,Yuba,115,75493,10637,10565,398,10963,92
2021-12-11,Alameda,001,1643700,124672,123572,2939,126511,1496
2021-12-11,Alpine,003,1148,107,109,0,109,0
2021-12-11,Amador,005,37829,5808,5787,72,5859,69
2021-12-11,Butte,007,227075,22096,21819,4028,25847,326
2021-12-11,Calaveras,009,45235,4530,4469,62,4531,89
2021-12-11,Colusa,011,21464,2640,2619,679,3298,21
2021-12-11,Contra Costa,013,1133247,103580,102618,2355,104973,1061
2021-12-11,Del Norte,015,27424,3806,3778,55,3833,42
2021-12-11,El Dorado,017,186661,17101,16796,1809,18605,170
2021-12-11,Fresno,019,978130,147788,145988,13224,159212,2294
2021-12-11,Glenn,021,27897,3613,3585,1050,4635,37
2021-12-11,Humboldt,023,135768,9895,9721,702,10423,118
2021-12-11,Imperial,025,180216,36304,35635,3795,39430,782
2021-12-11,Inyo,027,18085,2613,2576,39,2615,46
2021-12-11,Kern,029,883053,134249,132852,24184,157036,1854
2021-12-11,Kings,031,150075,33931,33530,2031,35561,371
2021-12-11,Lake,033,64148,7008,6932,160,7092,114
2021-12-11,Lassen,035,31185,7092,7049,425,7474,55
2021-12-11,Los Angeles,037,10098052,1489813,1474030,56544,1530574,27031
2021-12-11,Madera,039,155013,24674,24417,2330,26747,311
2021-12-11,Marin,041,260295,18573,18339,545,18884,249
2021-12-11,Mariposa,043,17540,1476,1450,61,1511,6
2021-12-11,Mendocino,045,87422,8277,8130,686,8816,95
2021-12-11,Merced,047,269075,43839,43690,2171,45861,681
2021-12-11,Modoc,049,8938,596,594,202,796,6
2021-12-11,Mono,051,14174,1955,1926,22,1948,4
2021-12-11,Monterey,053,433212,50485,49008,3318,52326,631
2021-12-11,Napa,055,140530,13567,13459,130,13589,107
2021-12-11,Nevada,057,99092,10011,9880,347,10227,106
2021-12-11,Orange,059,3164182,318907,315759,16345,332104,5805
2021-12-11,Placer,061,380077,39474,38959,3918,42877,481
2021-12-11,Plumas,063,18699,2001,1934,46,1980,12
2021-12-11,Riverside,065,2383286,381442,375649,16756,392405,5408
2021-12-11,Sacramento,067,1510023,167287,165530,5037,170567,2386
2021-12-11,San Benito,069,59416,7845,7808,183,7991,79
2021-12-11,San Bernardino,071,2135413,372852,368145,11876,380021,6007
2021-12-11,San Diego,073,3302833,396014,392274,23123,415397,4374
2021-12-11,San Francisco,075,870044,55857,54869,2452,57321,678
2021-12-11,San Joaquin,077,732212,103971,103013,5622,108635,1842
2021-12-11,San Luis Obispo,079,281455,31050,30567,1361,31928,362
2021-12-11,San Mateo,081,765935,56713,55284,997,56281,580
2021-12-11,Santa Barbara,083,443738,46811,46309,1630,47939,559
2021-12-11,Santa Clara,085,1922200,154743,152846,1696,154542,1941
2021-12-11,Santa Cruz,087,273765,21896,21557,1033,22590,225
2021-12-11,Shasta,089,179085,22830,22660,3718,26378,419
2021-12-11,Sierra,091,2930,201,199,21,220,0
2021-12-11,Siskiyou,093,43540,3489,3418,1359,4777,57
2021-12-11,Solano,095,438530,47663,46891,1356,48247,365
2021-12-11,Sonoma,097,501317,43781,43227,588,43815,407
2021-12-11,Stanislaus,099,539301,82129,82133,9306,91439,1264
2021-12-11,Sutter,101,95872,14389,14354,408,14762,187
2021-12-11,Tehama,103,63373,8868,8776,1542,10318,134
2021-12-11,Trinity,105,12862,910,819,220,1039,17
2021-12-11,Tulare,107,460477,71688,70523,16264,86787,1103
2021-12-11,Tuolumne,109,53932,7819,7760,114,7874,91
2021-12-11,Ventura,111,848112,101861,100711,4465,105176,1195
2021-12-11,Yolo,113,214977,20896,20608,1186,21794,267
2021-12-11,Yuba,115,75493,10625,10519,397,10916,92
2021-12-10,Alameda,001,1643700,124548,123572,2931,126503,1496
2021-12-10,Alpine,003,1148,106,109,0,109,0
2021-12-10,Amador,005,37829,5801,5787,72,5859,69
2021-12-10,Butte,007,227075,22083,21819,4026,25845,326
2021-12-10,Calaveras,009,45235,4527,4469,62,4531,89
2021-12-10,Colusa,011,21464,2639,2619,679,3298,21
2021-12-10,Contra Costa,013,1133247,103484,102618,2354,104972,1061
2021-12-10,Del Norte,015,27424,3806,3778,55,3833,42
2021-12-10,El Dorado,017,186661,17088,16796,1809,18605,170
2021-12-10,Fresno,019,978130,147700,145988,13213,159201,2294
2021-12-10,Glenn,021,27897,3613,3585,1050,4635,37
2021-12-10,Humboldt,023,135768,9878,9721,700,10421,118
2021-12-10,Imperial,025,180216,36249,35635,3780,39415,782
2021-12-10,Inyo,027,18085,2610,2576,39,2615,46
2021-12-10,Kern,029,883053,134160,132852,24160,157012,1854
2021-12-10,Kings,031,150075,33916,33530,2029,35559,371
2021-12-10,Lake,033,64148,7001,6932,160,7092,114
2021-12-10,Lassen,035,31185,7091,7049,425,7474,55
2021-12-10,Los Angeles,037,10098052,1488726,1474030,56457,1530487,27031
2021-12-10,Madera,039,155013,24656,24417,2328,26745,311
2021-12-10,Marin,041,260295,18551,18339,545,18884,249
2021-12-10,Mariposa,043,17540,1473,1450,61,1511,6
2021-12-10,Mendocino,045,87422,8270,8130,685,8815,95
2021-12-10,Merced,047,269075,43821,43690,2169,45859,681
2021-12-10,Modoc,049,8938,596,594,202,796,6
2021-12-10,Mono,051,14174,1952,1926,22,1948,4
2021-12-10,Monterey,053,433212,50448,49008,3312,52320,631
2021-12-10,Napa,055,140530,13555,13459,129,13588,107
2021-12-10,Nevada,057,99092,10002,9880,347,10227,106
2021-12-10,Orange,059,3164182,318637,315759,16313,332072,5805
2021-12-10,Placer,061,380077,39431,38959,3915,42874,481
2021-12-10,Plumas,063,18699,1999,1934,46,1980,12
2021-12-10,Riverside,065,2383286,381035,375649,16746,392395,5408
2021-12-10,Sacramento,067,1510023,167134,165530,5035,170565,2386
2021-12-10,San Benito,069,59416,7841,7808,183,7991,79
2021-12-10,San Bernardino,071,2135413,372481,368145,11853,379998,6007
2021-12-10,San Diego,073,3302833,395534,392274,23109,415383,4374
2021-12-10,San Francisco,075,870044,55772,54869,2446,57315,678
2021-12-10,San Joaquin,077,732212,103916,103013,5618,108631,1842
2021-12-10,San Luis Obispo,079,281455,31040,30567,1358,31925,362
2021-12-10,San Mateo,081,765935,56656,55284,994,56278,580
2021-12-10,Santa Barbara,083,443738,46775,46309,1629,47938,559
2021-12-10,Santa Clara,085,1922200,154573,152846,1683,154529,1941
2021-12-10,Santa Cruz,087,273765,21876,21557,1032,22589,225
2021-12-10,Shasta,089,179085,22819,22660,3715,26375,419
2021-12-10,Sierra,091,2930,201,199,21,220,0
2021-12-10,Siskiyou,093,43540,3482,3418,1359,4777,57
2021-12-10,Solano,095,438530,47621,46891,1352,48243,365
2021-12-10,Sonoma,097,501317,43747,43227,587,43814,407
2021-12-10,Stanislaus,099,539301,82063,82133,9300,91433,1264
2021-12-10,Sutter,101,95872,14381,14354,408,14762,187
2021-12-10,Tehama,103,63373,8866,8776,1540,10316,134
2021-12-10,Trinity,105,12862,910,819,220,1039,17
2021-12-10,Tulare,107,460477,71659,70523,16240,86763,1103
2021-12-10,Tuolumne,109,53932,7813,7760,114,7874,91
2021-12-10,Ventura,111,848112,101757,100711,4462,105173,1195
2021-12-10,Yolo,113,214977,20882,20608,1184,21792,267
2021-12-10,Yuba,115,75493,10613,10519,396,10915,92
2021-12-09,Alameda,001,1643700,124404,123572,2926,126498,1496
2021-12-09,Alpine,003,1148,106,109,0,109,0
2021-12-09,Amador,005,37829,5798,5787,71,5858,69
2021-12-09,Butte,007,227075,22063,21819,4022,25841,326
2021-12-09,Calaveras,009,45235,4518,4469,62,4531,89
2021-12-09,Colusa,011,21464,2637,2619,679,3298,21
2021-12-09,Contra Costa,013,1133247,103365,102618,2348,104966,1061
2021-12-09,Del Norte,015,27424,3805,3778,55,3833,42
2021-12-09,El Dorado,017,186661,17060,16796,1804,18600,170
2021-12-09,Fresno,019,978130,147553,145988,13201,159189,2294
2021-12-09,Glenn,021,27897,3613,3585,1050,4635,37
2021-12-09,Humboldt,023,135768,9855,9721,699,10420,118
2021-12-09,Imperial,025,180216,36178,35635,3751,39386,782
2021-12-09,Inyo,027,18085,2608,2576,39,2615,46
2021-12-09,Kern,029,883053,134034,132852,24127,156979,1854
2021-12-09,Kings,031,150075,33889,33530,2026,35556,371
2021-12-09,Lake,033,64148,6993,6932,160,7092,114
2021-12-09,Lassen,035,31185,7089,7049,425,7474,55
2021-12-09,Los Angeles,037,10098052,1487186,1474030,56372,1530402,27031
2021-12-09,Madera,039,155013,24631,24417,2325,26742,311
2021-12-09,Marin,041,260295,18537,18339,543,18882,249
2021-12-09,Mariposa,043,17540,1472,1450,61,1511,6
2021-12-09,Mendocino,045,87422,8257,8130,682,8812,95
2021-12-09,Merced,047,269075,43783,43690,2157,45847,681
2021-12-09,Modoc,049,8938,596,594,202,796,6
2021-12-09,Mono,051,14174,1948,1926,22,1948,4
2021-12-09,Monterey,053,433212,50401,49008,3301,52309,631
2021-12-09,Napa,055,140530,13535,13459,125,13584,107
2021-12-09,Nevada,057,99092,9983,9880,347,10227,106
2021-12-09,Orange,059,3164182,318305,315759,16274,332033,5805
2021-12-09,Placer,061,380077,39387,38959,3902,42861,481
2021-12-09,Plumas,063,18699,1991,1934,46,1980,12
2021-12-09,Riverside,065,2383286,380485,375649,16730,392379,5408
2021-12-09,Sacramento,067,1510023,166913,165530,5020,170550,2386
2021-12-09,San Benito,069,59416,7829,7808,182,7990,79
2021-12-09,San Bernardino,071,2135413,371970,368145,11829,379974,6007
2021-12-09,San Diego,073,3302833,394887,392274,23079,415353,4374
2021-12-09,San Francisco,075,870044,55687,54869,2439,57308,678
2021-12-09,San Joaquin,077,732212,103824,103013,5612,108625,1842
2021-12-09,San Luis Obispo,079,281455,31012,30567,1356,31923,362
2021-12-09,San Mateo,081,765935,56568,55284,992,56276,580
2021-12-09,Santa Barbara,083,443738,46695,46309,1623,47932,559
2021-12-09,Santa Clara,085,1922200,154358,152846,1672,154518,1941
2021-12-09,Santa Cruz,087,273765,21848,21557,1032,22589,225
2021-12-09,Shasta,089,179085,22803,22660,3714,26374,419
2021-12-09,Sierra,091,2930,201,199,21,220,0
2021-12-09,Siskiyou,093,43540,3478,3418,1358,4776,57
2021-12-09,Solano,095,438530,47584,46891,1350,48241,365
2021-12-09,Sonoma,097,501317,43690,43227,585,43812,407
2021-12-09,Stanislaus,099,539301,81993,82133,9285,91418,1264
2021-12-09,Sutter,101,95872,14366,14354,408,14762,187
2021-12-09,Tehama,103,63373,8859,8776,1538,10314,134
2021-12-09,Trinity,105,12862,910,819,220,1039,17
2021-12-09,Tulare,107,460477,71604,70523,16211,86734,1103
2021-12-09,Tuolumne,109,53932,7802,7760,113,7873,91
2021-12-09,Ventura,111,848112,101612,100711,4450,105161,1195
2021-12-09,Yolo,113,214977,20859,20608,1176,21784,267
2021-12-09,Yuba,115,75493,10605,10519,393,10912,92
2021-12-08,Alameda,001,1643700,124254,123438,2916,126354,1496
2021-12-08,Alpine,003,1148,106,108,0,108,0
2021-12-08,Amador,005,37829,5793,5781,71,5852,69
2021-12-08,Butte,007,227075,22046,21780,4019,25799,326
2021-12-08,Calaveras,009,45235,4510,4455,62,4517,89
2021-12-08,Colusa,011,21464,2634,2619,678,3297,21
2021-12-08,Contra Costa,013,1133247,103236,102506,2348,104854,1058
2021-12-08,Del Norte,015,27424,3804,3767,55,3822,42
2021-12-08,El Dorado,017,186661,17028,16757,1804,18561,170
2021-12-08,Fresno,019,978130,147392,145830,13187,159017,2293
2021-12-08,Glenn,021,27897,3613,3584,1046,4630,37
2021-12-08,Humboldt,023,135768,9834,9704,697,10401,117
2021-12-08,Imperial,025,180216,36097,35537,3721,39258,782
2021-12-08,Inyo,027,18085,2605,2570,39,2609,46
2021-12-08,Kern,029,883053,133911,132709,24079,156788,1846
2021-12-08,Kings,031,150075,33854,33468,2025,35493,371
2021-12-08,Lake,033,64148,6987,6927,159,7086,114
2021-12-08,Lassen,035,31185,7088,7041,423,7464,55
2021-12-08,Los Angeles,037,10098052,1485638,1472410,56262,1528672,27018
2021-12-08,Madera,039,155013,24610,24396,2318,26714,311
2021-12-08,Marin,041,260295,18516,18305,540,18845,249
2021-12-08,Mariposa,043,17540,1469,1447,61,1508,6
2021-12-08,Mendocino,045,87422,8244,8118,681,8799,95
2021-12-08,Merced,047,269075,43751,43631,2150,45781,680
2021-12-08,Modoc,049,8938,596,594,202,796,6
2021-12-08,Mono,051,14174,1942,1924,22,1946,4
2021-12-08,Monterey,053,433212,50336,48957,3286,52243,631
2021-12-08,Napa,055,140530,13521,13421,125,13546,107
2021-12-08,Nevada,057,99092,9967,9862,347,10209,106
2021-12-08,Orange,059,3164182,317957,315421,16237,331658,5795
2021-12-08,Placer,061,380077,39336,38934,3898,42832,478
2021-12-08,Plumas,063,18699,1989,1924,46,1970,12
2021-12-08,Riverside,065,2383286,379972,375099,16707,391806,5404
2021-12-08,Sacramento,067,1510023,166658,165278,4993,170271,2373
2021-12-08,San Benito,069,59416,7820,7793,182,7975,79
2021-12-08,San Bernardino,071,2135413,371488,367516,11804,379320,6006
2021-12-08,San Diego,073,3302833,394237,391676,23047,414723,4369
2021-12-08,San Francisco,075,870044,55600,54792,2431,57223,677
2021-12-08,San Joaquin,077,732212,103722,102877,5603,108480,1841
2021-12-08,San Luis Obispo,079,281455,30963,30519,1351,31870,361
2021-12-08,San Mateo,081,765935,56501,55220,986,56206,580
2021-12-08,Santa Barbara,083,443738,46640,46250,1620,47870,558
2021-12-08,Santa Clara,085,1922200,154194,152674,1661,154335,1937
2021-12-08,Santa Cruz,087,273765,21802,21505,1030,22535,224
2021-12-08,Shasta,089,179085,22783,22616,3708,26324,419
2021-12-08,Sierra,091,2930,201,199,21,220,0
2021-12-08,Siskiyou,093,43540,3477,3415,1356,4771,57
2021-12-08,Solano,095,438530,47554,46837,1349,48186,365
2021-12-08,Sonoma,097,501317,43628,43179,584,43763,405
2021-12-08,Stanislaus,099,539301,81911,82038,9272,91310,1264
2021-12-08,Sutter,101,95872,14350,14336,406,14742,187
2021-12-08,Tehama,103,63373,8850,8768,1538,10306,133
2021-12-08,Trinity,105,12862,910,818,220,1038,17
2021-12-08,Tulare,107,460477,71541,70472,16186,86658,1102
2021-12-08,Tuolumne,109,53932,7789,7749,113,7862,91
2021-12-08,Ventura,111,848112,101483,100647,4447,105094,1194
2021-12-08,Yolo,113,214977,20833,20575,1170,21745,267
2021-12-08,Yuba,115,75493,10591,10499,390,10889,92
2021-12-07,Alameda,001,1643700,124078,123325,2908,126233,1497
2021-12-07,Alpine,003,1148,106,108,0,108,0
2021-12-07,Amador,005,37829,5790,5778,70,5848,69
2021-12-07,Butte,007,227075,22021,21761,4013,25774,324
2021-12-07,Calaveras,009,45235,4493,4445,62,4507,88
2021-12-07,Colusa,011,21464,2632,2619,678,3297,21
2021-12-07,Contra Costa,013,1133247,103117,102421,2340,104761,1058
2021-12-07,Del Norte,015,27424,3803,3766,55,3821,42
2021-12-07,El Dorado,017,186661,17002,16742,1801,18543,170
2021-12-07,Fresno,019,978130,147244,145715,13173,158888,2289
2021-12-07,Glenn,021,27897,3612,3579,1046,4625,36
2021-12-07,Humboldt,023,135768,9808,9693,692,10385,117
2021-12-07,Imperial,025,180216,36019,35502,3700,39202,778
2021-12-07,Inyo,027,18085,2602,2567,39,2606,46
2021-12-07,Kern,029,883053,133751,132564,24026,156590,1838
2021-12-07,Kings,031,150075,33822,33441,2022,35463,372
2021-12-07,Lake,033,64148,6982,6925,159,7084,113
2021-12-07,Lassen,035,31185,7086,7040,422,7462,55
2021-12-07,Los Angeles,037,10098052,1483860,1470904,56162,1527066,27007
2021-12-07,Madera,039,155013,24587,24367,2311,26678,311
2021-12-07,Marin,041,260295,18483,18284,534,18818,249
2021-12-07,Mariposa,043,17540,1467,1446,61,1507,6
2021-12-07,Mendocino,045,87422,8225,8107,681,8788,95
2021-12-07,Merced,047,269075,43710,43600,2143,45743,675
2021-12-07,Modoc,049,8938,596,594,201,795,6
2021-12-07,Mono,051,14174,1940,1921,22,1943,4
2021-12-07,Monterey,053,433212,50253,48880,3269,52149,631
2021-12-07,Napa,055,140530,13503,13409,125,13534,107
2021-12-07,Nevada,057,99092,9952,9858,346,10204,105
2021-12-07,Orange,059,3164182,317624,315138,16188,331326,5784
2021-12-07,Placer,061,380077,39260,38860,3894,42754,474
2021-12-07,Plumas,063,18699,1985,1915,46,1961,12
2021-12-07,Riverside,065,2383286,379439,374552,16691,391243,5397
2021-12-07,Sacramento,067,1510023,166411,165148,4979,170127,2375
2021-12-07,San Benito,069,59416,7803,7776,182,7958,78
2021-12-07,San Bernardino,071,2135413,370898,366981,11786,378767,6007
2021-12-07,San Diego,073,3302833,393394,391110,23009,414119,4357
2021-12-07,San Francisco,075,870044,55489,54729,2426,57155,676
2021-12-07,San Joaquin,077,732212,103605,102797,5591,108388,1839
2021-12-07,San Luis Obispo,079,281455,30923,30495,1349,31844,361
2021-12-07,San Mateo,081,765935,56409,55163,980,56143,580
2021-12-07,Santa Barbara,083,443738,46568,46205,1618,47823,556
2021-12-07,Santa Clara,085,1922200,154008,152465,1652,154117,1941
2021-12-07,Santa Cruz,087,273765,21755,21493,1030,22523,224
2021-12-07,Shasta,089,179085,22761,22594,3705,26299,418
2021-12-07,Sierra,091,2930,201,199,21,220,0
2021-12-07,Siskiyou,093,43540,3475,3412,1356,4768,57
2021-12-07,Solano,095,438530,47514,46812,1347,48159,365
2021-12-07,Sonoma,097,501317,43554,43154,583,43737,405
2021-12-07,Stanislaus,099,539301,81834,81980,9261,91241,1258
2021-12-07,Sutter,101,95872,14342,14322,405,14727,186
2021-12-07,Tehama,103,63373,8842,8765,1537,10302,133
2021-12-07,Trinity,105,12862,910,818,220,1038,17
2021-12-07,Tulare,107,460477,71485,70411,16158,86569,1103
2021-12-07,Tuolumne,109,53932,7781,7743,113,7856,91
2021-12-07,Ventura,111,848112,101386,100569,4437,105006,1194
2021-12-07,Yolo,113,214977,20807,20560,1167,21727,263
2021-12-07,Yuba,115,75493,10573,10491,389,10880,91
2021-12-06,Alameda,001,1643700,123914,123227,2905,126132,1496
2021-12-06,Alpine,003,1148,106,108,0,108,0
2021-12-06,Amador,005,37829,5783,5769,69,5838,67
2021-12-06,Butte,007,227075,22003,21732,4010,25742,321
2021-12-06,Calaveras,009,45235,4486,4443,62,4505,88
2021-12-06,Colusa,011,21464,2631,2615,674,3289,21
2021-12-06,Contra Costa,013,1133247,102996,102327,2336,104663,1058
2021-12-06,Del Norte,015,27424,3801,3744,55,3799,42
2021-12-06,El Dorado,017,186661,16977,16726,1799,18525,168
2021-12-06,Fresno,019,978130,147046,145539,13163,158702,2285
2021-12-06,Glenn,021,27897,3609,3577,1045,4622,36
2021-12-06,Humboldt,023,135768,9788,9671,685,10356,117
2021-12-06,Imperial,025,180216,35938,35453,3682,39135,778
2021-12-06,Inyo,027,18085,2596,2562,38,2600,46
2021-12-06,Kern,029,883053,133564,132366,23970,156336,1835
2021-12-06,Kings,031,150075,33789,33399,2017,35416,368
2021-12-06,Lake,033,64148,6978,6922,159,7081,113
2021-12-06,Lassen,035,31185,7081,7032,420,7452,51
2021-12-06,Los Angeles,037,10098052,1482197,1470059,56070,1526129,26993
2021-12-06,Madera,039,155013,24560,24334,2308,26642,307
2021-12-06,Marin,041,260295,18455,18252,532,18784,249
2021-12-06,Mariposa,043,17540,1464,1443,61,1504,6
2021-12-06,Mendocino,045,87422,8212,8079,677,8756,95
2021-12-06,Merced,047,269075,43670,43549,2133,45682,672
2021-12-06,Modoc,049,8938,596,593,201,794,6
2021-12-06,Mono,051,14174,1935,1913,22,1935,4
2021-12-06,Monterey,053,433212,50176,48831,3250,52081,626
2021-12-06,Napa,055,140530,13480,13387,123,13510,107
2021-12-06,Nevada,057,99092,9924,9847,345,10192,105
2021-12-06,Orange,059,3164182,317244,314859,16146,331005,5771
2021-12-06,Placer,061,380077,39202,38785,3889,42674,473
2021-12-06,Plumas,063,18699,1977,1913,46,1959,10
2021-12-06,Riverside,065,2383286,378914,374116,16677,390793,5388
2021-12-06,Sacramento,067,1510023,166135,164926,4958,169884,2367
2021-12-06,San Benito,069,59416,7787,7755,182,7937,78
2021-12-06,San Bernardino,071,2135413,370337,366606,11759,378365,5998
2021-12-06,San Diego,073,3302833,392548,390389,22964,413353,4352
2021-12-06,San Francisco,075,870044,55381,54659,2421,57080,674
2021-12-06,San Joaquin,077,732212,103478,102728,5584,108312,1837
2021-12-06,San Luis Obispo,079,281455,30886,30464,1347,31811,361
2021-12-06,San Mateo,081,765935,56335,55112,977,56089,580
2021-12-06,Santa Barbara,083,443738,46475,46146,1617,47763,556
2021-12-06,Santa Clara,085,1922200,153799,152310,1635,153945,1937
2021-12-06,Santa Cruz,087,273765,21720,21450,1027,22477,224
2021-12-06,Shasta,089,179085,22738,22556,3697,26253,416
2021-12-06,Sierra,091,2930,200,198,21,219,0
2021-12-06,Siskiyou,093,43540,3473,3409,1351,4760,57
2021-12-06,Solano,095,438530,47469,46748,1346,48094,360
2021-12-06,Sonoma,097,501317,43483,43114,575,43689,405
2021-12-06,Stanislaus,099,539301,81740,81889,9227,91116,1241
2021-12-06,Sutter,101,95872,14330,14319,405,14724,186
2021-12-06,Tehama,103,63373,8834,8760,1537,10297,133
2021-12-06,Trinity,105,12862,910,815,219,1034,17
2021-12-06,Tulare,107,460477,71408,70285,16119,86404,1101
2021-12-06,Tuolumne,109,53932,7767,7726,113,7839,91
2021-12-06,Ventura,111,848112,101284,100426,4429,104855,1194
2021-12-06,Yolo,113,214977,20783,20548,1166,21714,263
2021-12-06,Yuba,115,75493,10558,10480,384,10864,91
2021-12-05,Alameda,001,1643700,123729,123104,2898,126002,1496
2021-12-05,Alpine,003,1148,105,108,0,108,0
2021-12-05,Amador,005,37829,5780,5761,69,5830,67
2021-12-05,Butte,007,227075,21970,21720,4004,25724,320
2021-12-05,Calaveras,009,45235,4469,4434,62,4496,88
2021-12-05,Colusa,011,21464,2630,2615,673,3288,21
2021-12-05,Contra Costa,013,1133247,102864,102251,2326,104577,1058
2021-12-05,Del Norte,015,27424,3799,3751,55,3806,42
2021-12-05,El Dorado,017,186661,16939,16717,1794,18511,168
2021-12-05,Fresno,019,978130,146872,145452,13142,158594,2284
2021-12-05,Glenn,021,27897,3607,3577,1044,4621,36
2021-12-05,Humboldt,023,135768,9757,9662,682,10344,117
2021-12-05,Imperial,025,180216,35844,35422,3653,39075,778
2021-12-05,Inyo,027,18085,2589,2559,38,2597,46
2021-12-05,Kern,029,883053,133400,132286,23918,156204,1833
2021-12-05,Kings,031,150075,33726,33360,2017,35377,369
2021-12-05,Lake,033,64148,6973,6919,158,7077,113
2021-12-05,Lassen,035,31185,7079,7031,420,7451,51
2021-12-05,Los Angeles,037,10098052,1480348,1468937,55934,1524871,26991
2021-12-05,Madera,039,155013,24519,24311,2305,26616,307
2021-12-05,Marin,041,260295,18408,18216,524,18740,249
2021-12-05,Mariposa,043,17540,1461,1440,60,1500,6
2021-12-05,Mendocino,045,87422,8193,8069,671,8740,95
2021-12-05,Merced,047,269075,43625,43534,2124,45658,672
2021-12-05,Modoc,049,8938,596,593,201,794,6
2021-12-05,Mono,051,14174,1928,1907,22,1929,4
2021-12-05,Monterey,053,433212,50104,48813,3218,52031,626
2021-12-05,Napa,055,140530,13454,13382,120,13502,107
2021-12-05,Nevada,057,99092,9903,9827,345,10172,105
2021-12-05,Orange,059,3164182,316809,314560,16104,330664,5771
2021-12-05,Placer,061,380077,39144,38738,3880,42618,473
2021-12-05,Plumas,063,18699,1973,1913,45,1958,9
2021-12-05,Riverside,065,2383286,378257,373827,16647,390474,5388
2021-12-05,Sacramento,067,1510023,165830,164721,4940,169661,2367
2021-12-05,San Benito,069,59416,7770,7748,181,7929,78
2021-12-05,San Bernardino,071,2135413,369628,366282,11712,377994,5998
2021-12-05,San Diego,073,3302833,391753,387979,22915,410894,4351
2021-12-05,San Francisco,075,870044,55280,54603,2419,57022,674
2021-12-05,San Joaquin,077,732212,103337,102698,5579,108277,1837
2021-12-05,San Luis Obispo,079,281455,30816,30454,1344,31798,360
2021-12-05,San Mateo,081,765935,56246,55050,967,56017,580
2021-12-05,Santa Barbara,083,443738,46392,46097,1609,47706,555
2021-12-05,Santa Clara,085,1922200,153546,152114,1616,153730,1933
2021-12-05,Santa Cruz,087,273765,21670,21424,1027,22451,224
2021-12-05,Shasta,089,179085,22681,22550,3696,26246,416
2021-12-05,Sierra,091,2930,200,198,21,219,0
2021-12-05,Siskiyou,093,43540,3471,3409,1350,4759,57
2021-12-05,Solano,095,438530,47406,46715,1344,48059,360
2021-12-05,Sonoma,097,501317,43406,43038,570,43608,405
2021-12-05,Stanislaus,099,539301,81607,81847,9217,91064,1241
2021-12-05,Sutter,101,95872,14307,14303,400,14703,186
2021-12-05,Tehama,103,63373,8826,8755,1535,10290,133
2021-12-05,Trinity,105,12862,909,815,219,1034,17
2021-12-05,Tulare,107,460477,71327,70254,16071,86325,1102
2021-12-05,Tuolumne,109,53932,7754,7718,113,7831,91
2021-12-05,Ventura,111,848112,101148,100367,4416,104783,1194
2021-12-05,Yolo,113,214977,20741,20512,1164,21676,263
2021-12-05,Yuba,115,75493,10545,10467,377,10844,91
2021-12-04,Alameda,001,1643700,123616,122508,2895,125403,1494
2021-12-04,Alpine,003,1148,105,108,0,108,0
2021-12-04,Amador,005,37829,5777,5729,69,5798,67
2021-12-04,Butte,007,227075,21951,21638,4000,25638,318
2021-12-04,Calaveras,009,45235,4461,4392,61,4453,88
2021-12-04,Colusa,011,21464,2630,2600,671,3271,21
2021-12-04,Contra Costa,013,1133247,102792,101824,2320,104144,1056
2021-12-04,Del Norte,015,27424,3796,3726,55,3781,42
2021-12-04,El Dorado,017,186661,16930,16621,1793,18414,168
2021-12-04,Fresno,019,978130,146783,144734,13133,157867,2270
2021-12-04,Glenn,021,27897,3607,3559,1044,4603,36
2021-12-04,Humboldt,023,135768,9742,9596,678,10274,117
2021-12-04,Imperial,025,180216,35791,35206,3640,38846,776
2021-12-04,Inyo,027,18085,2584,2538,38,2576,46
2021-12-04,Kern,029,883053,133320,131771,23895,155666,1817
2021-12-04,Kings,031,150075,33702,33183,2016,35199,367
2021-12-04,Lake,033,64148,6964,6903,158,7061,113
2021-12-04,Lassen,035,31185,7078,7014,418,7432,51
2021-12-04,Los Angeles,037,10098052,1479472,1463270,55857,1519127,26952
2021-12-04,Madera,039,155013,24505,24188,2301,26489,307
2021-12-04,Marin,041,260295,18387,18075,523,18598,249
2021-12-04,Mariposa,043,17540,1457,1421,60,1481,6
2021-12-04,Mendocino,045,87422,8188,7981,671,8652,91
2021-12-04,Merced,047,269075,43598,43337,2122,45459,671
2021-12-04,Modoc,049,8938,596,591,201,792,6
2021-12-04,Mono,051,14174,1928,1883,22,1905,4
2021-12-04,Monterey,053,433212,50072,48682,3211,51893,626
2021-12-04,Napa,055,140530,13444,13327,119,13446,106
2021-12-04,Nevada,057,99092,9895,9752,345,10097,105
2021-12-04,Orange,059,3164182,316578,313112,16078,329190,5748
2021-12-04,Placer,061,380077,39104,38460,3874,42334,473
2021-12-04,Plumas,063,18699,1970,1903,45,1948,7
2021-12-04,Riverside,065,2383286,377898,371768,16641,388409,5381
2021-12-04,Sacramento,067,1510023,165686,163900,4932,168832,2365
2021-12-04,San Benito,069,59416,7744,7688,181,7869,78
2021-12-04,San Bernardino,071,2135413,369239,364154,11699,375853,5983
2021-12-04,San Diego,073,3302833,391273,386710,22885,409595,4350
2021-12-04,San Francisco,075,870044,55212,54286,2416,56702,674
2021-12-04,San Joaquin,077,732212,103282,102286,5577,107863,1835
2021-12-04,San Luis Obispo,079,281455,30795,30318,1340,31658,360
2021-12-04,San Mateo,081,765935,56197,54774,964,55738,579
2021-12-04,Santa Barbara,083,443738,46347,45774,1609,47383,555
2021-12-04,Santa Clara,085,1922200,153392,151275,1602,152877,1928
2021-12-04,Santa Cruz,087,273765,21644,21286,1026,22312,224
2021-12-04,Shasta,089,179085,22664,22418,3694,26112,414
2021-12-04,Sierra,091,2930,200,196,21,217,0
2021-12-04,Siskiyou,093,43540,3469,3398,1350,4748,57
2021-12-04,Solano,095,438530,47386,46529,1343,47872,360
2021-12-04,Sonoma,097,501317,43361,42778,567,43345,405
2021-12-04,Stanislaus,099,539301,81536,81462,9210,90672,1231
2021-12-04,Sutter,101,95872,14299,14258,399,14657,186
2021-12-04,Tehama,103,63373,8824,8742,1535,10277,131
2021-12-04,Trinity,105,12862,908,801,219,1020,17
2021-12-04,Tulare,107,460477,71289,70014,16043,86057,1100
2021-12-04,Tuolumne,109,53932,7749,7676,113,7789,91
2021-12-04,Ventura,111,848112,101057,99751,4412,104163,1192
2021-12-04,Yolo,113,214977,20718,20442,1162,21604,261
2021-12-04,Yuba,115,75493,10534,10418,376,10794,91
2021-12-03,Alameda,001,1643700,123523,122508,2885,125393,1494
2021-12-03,Alpine,003,1148,105,108,0,108,0
2021-12-03,Amador,005,37829,5772,5729,68,5797,67
2021-12-03,Butte,007,227075,21938,21638,3995,25633,318
2021-12-03,Calaveras,009,45235,4452,4392,61,4453,88
2021-12-03,Colusa,011,21464,2628,2600,671,3271,21
2021-12-03,Contra Costa,013,1133247,102719,101824,2314,104138,1056
2021-12-03,Del Norte,015,27424,3794,3726,55,3781,42
2021-12-03,El Dorado,017,186661,16900,16621,1791,18412,168
2021-12-03,Fresno,019,978130,146669,144734,13130,157864,2270
2021-12-03,Glenn,021,27897,3606,3559,1043,4602,36
2021-12-03,Humboldt,023,135768,9725,9596,676,10272,117
2021-12-03,Imperial,025,180216,35749,35206,3610,38816,776
2021-12-03,Inyo,027,18085,2577,2538,38,2576,46
2021-12-03,Kern,029,883053,133248,131771,23860,155631,1817
2021-12-03,Kings,031,150075,33675,33183,2016,35199,367
2021-12-03,Lake,033,64148,6964,6903,158,7061,113
2021-12-03,Lassen,035,31185,7076,7014,417,7431,51
2021-12-03,Los Angeles,037,10098052,1478526,1463270,55780,1519050,26952
2021-12-03,Madera,039,155013,24479,24188,2297,26485,307
2021-12-03,Marin,041,260295,18354,18075,519,18594,249
2021-12-03,Mariposa,043,17540,1455,1421,60,1481,6
2021-12-03,Mendocino,045,87422,8181,7981,671,8652,91
2021-12-03,Merced,047,269075,43575,43337,2119,45456,671
2021-12-03,Modoc,049,8938,596,591,201,792,6
2021-12-03,Mono,051,14174,1922,1883,22,1905,4
2021-12-03,Monterey,053,433212,50033,48682,3200,51882,626
2021-12-03,Napa,055,140530,13432,13327,119,13446,106
2021-12-03,Nevada,057,99092,9884,9752,345,10097,105
2021-12-03,Orange,059,3164182,316308,313112,16046,329158,5748
2021-12-03,Placer,061,380077,39067,38460,3867,42327,473
2021-12-03,Plumas,063,18699,1967,1903,45,1948,7
2021-12-03,Riverside,065,2383286,377505,371768,16635,388403,5381
2021-12-03,Sacramento,067,1510023,165506,163900,4918,168818,2365
2021-12-03,San Benito,069,59416,7737,7688,181,7869,78
2021-12-03,San Bernardino,071,2135413,368792,364154,11688,375842,5983
2021-12-03,San Diego,073,3302833,390797,386710,22861,409571,4350
2021-12-03,San Francisco,075,870044,55142,54286,2412,56698,674
2021-12-03,San Joaquin,077,732212,103226,102286,5576,107862,1835
2021-12-03,San Luis Obispo,079,281455,30769,30318,1337,31655,360
2021-12-03,San Mateo,081,765935,56132,54774,961,55735,579
2021-12-03,Santa Barbara,083,443738,46311,45774,1609,47383,555
2021-12-03,Santa Clara,085,1922200,153210,151275,1587,152862,1928
2021-12-03,Santa Cruz,087,273765,21617,21286,1026,22312,224
2021-12-03,Shasta,089,179085,22649,22418,3694,26112,414
2021-12-03,Sierra,091,2930,200,196,21,217,0
2021-12-03,Siskiyou,093,43540,3466,3398,1348,4746,57
2021-12-03,Solano,095,438530,47344,46529,1342,47871,360
2021-12-03,Sonoma,097,501317,43325,42778,565,43343,405
2021-12-03,Stanislaus,099,539301,81479,81462,9201,90663,1231
2021-12-03,Sutter,101,95872,14286,14258,397,14655,186
2021-12-03,Tehama,103,63373,8823,8742,1534,10276,131
2021-12-03,Trinity,105,12862,908,801,219,1020,17
2021-12-03,Tulare,107,460477,71250,70014,16012,86026,1100
2021-12-03,Tuolumne,109,53932,7740,7676,113,7789,91
2021-12-03,Ventura,111,848112,100971,99751,4405,104156,1192
2021-12-03,Yolo,113,214977,20701,20442,1161,21603,261
2021-12-03,Yuba,115,75493,10526,10418,376,10794,91
2021-12-02,Alameda,001,1643700,123365,122508,2878,125386,1494
2021-12-02,Alpine,003,1148,105,108,0,108,0
2021-12-02,Amador,005,37829,5767,5729,67,5796,67
2021-12-02,Butte,007,227075,21913,21638,3990,25628,318
2021-12-02,Calaveras,009,45235,4442,4392,60,4452,88
2021-12-02,Colusa,011,21464,2627,2600,671,3271,21
2021-12-02,Contra Costa,013,1133247,102605,101824,2310,104134,1056
2021-12-02,Del Norte,015,27424,3786,3726,55,3781,42
2021-12-02,El Dorado,017,186661,16879,16621,1789,18410,168
2021-12-02,Fresno,019,978130,146500,144734,13118,157852,2270
2021-12-02,Glenn,021,27897,3606,3559,1040,4599,36
2021-12-02,Humboldt,023,135768,9706,9596,675,10271,117
2021-12-02,Imperial,025,180216,35681,35206,3588,38794,776
2021-12-02,Inyo,027,18085,2572,2538,38,2576,46
2021-12-02,Kern,029,883053,133077,131771,23808,155579,1817
2021-12-02,Kings,031,150075,33622,33183,2014,35197,367
2021-12-02,Lake,033,64148,6960,6903,158,7061,113
2021-12-02,Lassen,035,31185,7072,7014,417,7431,51
2021-12-02,Los Angeles,037,10098052,1477003,1463270,55693,1518963,26952
2021-12-02,Madera,039,155013,24442,24188,2288,26476,307
2021-12-02,Marin,041,260295,18323,18075,515,18590,249
2021-12-02,Mariposa,043,17540,1453,1421,60,1481,6
2021-12-02,Mendocino,045,87422,8165,7981,670,8651,91
2021-12-02,Merced,047,269075,43529,43337,2114,45451,671
2021-12-02,Modoc,049,8938,595,591,201,792,6
2021-12-02,Mono,051,14174,1916,1883,22,1905,4
2021-12-02,Monterey,053,433212,49957,48682,3178,51860,626
2021-12-02,Napa,055,140530,13419,13327,119,13446,106
2021-12-02,Nevada,057,99092,9866,9752,344,10096,105
2021-12-02,Orange,059,3164182,315963,313112,16009,329121,5748
2021-12-02,Placer,061,380077,39001,38460,3862,42322,473
2021-12-02,Plumas,063,18699,1964,1903,45,1948,7
2021-12-02,Riverside,065,2383286,376979,371768,16625,388393,5381
2021-12-02,Sacramento,067,1510023,165279,163900,4908,168808,2365
2021-12-02,San Benito,069,59416,7717,7688,181,7869,78
2021-12-02,San Bernardino,071,2135413,368243,364154,11668,375822,5983
2021-12-02,San Diego,073,3302833,390156,386710,22806,409516,4350
2021-12-02,San Francisco,075,870044,55047,54286,2407,56693,674
2021-12-02,San Joaquin,077,732212,103112,102286,5571,107857,1835
2021-12-02,San Luis Obispo,079,281455,30735,30318,1330,31648,360
2021-12-02,San Mateo,081,765935,56051,54774,953,55727,579
2021-12-02,Santa Barbara,083,443738,46230,45774,1606,47380,555
2021-12-02,Santa Clara,085,1922200,152964,151275,1570,152845,1928
2021-12-02,Santa Cruz,087,273765,21566,21286,1025,22311,224
2021-12-02,Shasta,089,179085,22616,22418,3693,26111,414
2021-12-02,Sierra,091,2930,200,196,21,217,0
2021-12-02,Siskiyou,093,43540,3465,3398,1341,4739,57
2021-12-02,Solano,095,438530,47294,46529,1340,47869,360
2021-12-02,Sonoma,097,501317,43251,42778,565,43343,405
2021-12-02,Stanislaus,099,539301,81387,81462,9193,90655,1231
2021-12-02,Sutter,101,95872,14273,14258,394,14652,186
2021-12-02,Tehama,103,63373,8816,8742,1532,10274,131
2021-12-02,Trinity,105,12862,908,801,219,1020,17
2021-12-02,Tulare,107,460477,71163,70014,15962,85976,1100
2021-12-02,Tuolumne,109,53932,7725,7676,112,7788,91
2021-12-02,Ventura,111,848112,100846,99751,4403,104154,1192
2021-12-02,Yolo,113,214977,20677,20442,1157,21599,261
2021-12-02,Yuba,115,75493,10510,10418,373,10791,91
2021-12-01,Alameda,001,1643700,123214,122298,2869,125167,1492
2021-12-01,Alpine,003,1148,105,108,0,108,0
2021-12-01,Amador,005,37829,5760,5723,67,5790,67
2021-12-01,Butte,007,227075,21895,21600,3985,25585,318
2021-12-01,Calaveras,009,45235,4437,4371,60,4431,88
2021-12-01,Colusa,011,21464,2620,2595,669,3264,20
2021-12-01,Contra Costa,013,1133247,102497,101651,2300,103951,1048
2021-12-01,Del Norte,015,27424,3784,3722,55,3777,42
2021-12-01,El Dorado,017,186661,16858,16575,1787,18362,166
2021-12-01,Fresno,019,978130,146293,144507,13110,157617,2264
2021-12-01,Glenn,021,27897,3599,3556,1039,4595,36
2021-12-01,Humboldt,023,135768,9682,9573,670,10243,117
2021-12-01,Imperial,025,180216,35601,35085,3561,38646,776
2021-12-01,Inyo,027,18085,2568,2533,38,2571,46
2021-12-01,Kern,029,883053,132930,131580,23753,155333,1804
2021-12-01,Kings,031,150075,33572,33112,2013,35125,364
2021-12-01,Lake,033,64148,6952,6896,157,7053,112
2021-12-01,Lassen,035,31185,7067,7008,415,7423,51
2021-12-01,Los Angeles,037,10098052,1475412,1461394,55598,1516992,26928
2021-12-01,Madera,039,155013,24411,24134,2279,26413,307
2021-12-01,Marin,041,260295,18285,18038,509,18547,249
2021-12-01,Mariposa,043,17540,1449,1415,60,1475,6
2021-12-01,Mendocino,045,87422,8151,7966,665,8631,90
2021-12-01,Merced,047,269075,43474,43259,2093,45352,670
2021-12-01,Modoc,049,8938,595,576,201,777,5
2021-12-01,Mono,051,14174,1911,1876,22,1898,4
2021-12-01,Monterey,053,433212,49908,48611,3169,51780,626
2021-12-01,Napa,055,140530,13402,13319,116,13435,107
2021-12-01,Nevada,057,99092,9853,9706,344,10050,105
2021-12-01,Orange,059,3164182,315599,312772,15972,328744,5735
2021-12-01,Placer,061,380077,38946,38373,3856,42229,472
2021-12-01,Plumas,063,18699,1960,1893,45,1938,7
2021-12-01,Riverside,065,2383286,376454,371189,16608,387797,5369
2021-12-01,Sacramento,067,1510023,165066,163616,4891,168507,2360
2021-12-01,San Benito,069,59416,7703,7669,181,7850,78
2021-12-01,San Bernardino,071,2135413,367652,363368,11642,375010,5973
2021-12-01,San Diego,073,3302833,389359,386056,22750,408806,4346
2021-12-01,San Francisco,075,870044,54965,54199,2400,56599,672
2021-12-01,San Joaquin,077,732212,103004,102109,5570,107679,1834
2021-12-01,San Luis Obispo,079,281455,30693,30238,1326,31564,360
2021-12-01,San Mateo,081,765935,55970,54711,950,55661,579
2021-12-01,Santa Barbara,083,443738,46160,45681,1604,47285,554
2021-12-01,Santa Clara,085,1922200,152744,150961,1553,152514,1925
2021-12-01,Santa Cruz,087,273765,21537,21191,1024,22215,224
2021-12-01,Shasta,089,179085,22585,22375,3687,26062,410
2021-12-01,Sierra,091,2930,200,195,21,216,0
2021-12-01,Siskiyou,093,43540,3462,3391,1341,4732,55
2021-12-01,Solano,095,438530,47249,46485,1340,47825,360
2021-12-01,Sonoma,097,501317,43175,42713,564,43277,405
2021-12-01,Stanislaus,099,539301,81294,81330,9180,90510,1231
2021-12-01,Sutter,101,95872,14258,14229,393,14622,186
2021-12-01,Tehama,103,63373,8806,8728,1532,10260,130
2021-12-01,Trinity,105,12862,903,801,219,1020,17
2021-12-01,Tulare,107,460477,71087,69953,15922,85875,1098
2021-12-01,Tuolumne,109,53932,7717,7655,112,7767,91
2021-12-01,Ventura,111,848112,100740,99680,4392,104072,1191
2021-12-01,Yolo,113,214977,20649,20393,1157,21550,260
2021-12-01,Yuba,115,75493,10499,10401,373,10774,89
2021-11-30,Alameda,001,1643700,123043,122196,2860,125056,1489
2021-11-30,Alpine,003,1148,105,108,0,108,0
2021-11-30,Amador,005,37829,5752,5716,67,5783,66
2021-11-30,Butte,007,227075,21866,21565,3974,25539,318
2021-11-30,Calaveras,009,45235,4419,4360,60,4420,88
2021-11-30,Colusa,011,21464,2619,2592,669,3261,21
2021-11-30,Contra Costa,013,1133247,102361,101538,2293,103831,1046
2021-11-30,Del Norte,015,27424,3778,3718,55,3773,42
2021-11-30,El Dorado,017,186661,16830,16558,1781,18339,166
2021-11-30,Fresno,019,978130,146093,144384,13102,157486,2259
2021-11-30,Glenn,021,27897,3595,3555,1038,4593,36
2021-11-30,Humboldt,023,135768,9651,9539,664,10203,116
2021-11-30,Imperial,025,180216,35493,34999,3534,38533,773
2021-11-30,Inyo,027,18085,2559,2530,38,2568,46
2021-11-30,Kern,029,883053,132759,131451,23696,155147,1799
2021-11-30,Kings,031,150075,33520,33074,2009,35083,362
2021-11-30,Lake,033,64148,6946,6892,155,7047,110
2021-11-30,Lassen,035,31185,7063,7003,414,7417,51
2021-11-30,Los Angeles,037,10098052,1473609,1460177,55498,1515675,26913
2021-11-30,Madera,039,155013,24377,24108,2274,26382,307
2021-11-30,Marin,041,260295,18241,18010,507,18517,249
2021-11-30,Mariposa,043,17540,1443,1412,60,1472,6
2021-11-30,Mendocino,045,87422,8122,7960,659,8619,89
2021-11-30,Merced,047,269075,43406,43200,2085,45285,668
2021-11-30,Modoc,049,8938,594,576,201,777,5
2021-11-30,Mono,051,14174,1908,1873,22,1895,4
2021-11-30,Monterey,053,433212,49845,48581,3159,51740,626
2021-11-30,Napa,055,140530,13382,13308,116,13424,105
2021-11-30,Nevada,057,99092,9837,9699,343,10042,105
2021-11-30,Orange,059,3164182,315177,312451,15930,328381,5724
2021-11-30,Placer,061,380077,38843,38324,3848,42172,470
2021-11-30,Plumas,063,18699,1955,1887,44,1931,7
2021-11-30,Riverside,065,2383286,375768,370739,16583,387322,5358
2021-11-30,Sacramento,067,1510023,164785,163420,4869,168289,2353
2021-11-30,San Benito,069,59416,7681,7645,180,7825,78
2021-11-30,San Bernardino,071,2135413,366966,363006,11619,374625,5967
2021-11-30,San Diego,073,3302833,388431,385405,22703,408108,4340
2021-11-30,San Francisco,075,870044,54859,54147,2391,56538,672
2021-11-30,San Joaquin,077,732212,102878,101972,5562,107534,1834
2021-11-30,San Luis Obispo,079,281455,30668,30200,1324,31524,360
2021-11-30,San Mateo,081,765935,55865,54656,940,55596,579
2021-11-30,Santa Barbara,083,443738,46064,45628,1598,47226,553
2021-11-30,Santa Clara,085,1922200,152485,150799,1535,152334,1929
2021-11-30,Santa Cruz,087,273765,21479,21169,1020,22189,224
2021-11-30,Shasta,089,179085,22555,22347,3684,26031,401
2021-11-30,Sierra,091,2930,197,195,21,216,0
2021-11-30,Siskiyou,093,43540,3458,3385,1338,4723,55
2021-11-30,Solano,095,438530,47186,46434,1334,47768,358
2021-11-30,Sonoma,097,501317,43096,42663,561,43224,405
2021-11-30,Stanislaus,099,539301,81194,81276,9153,90429,1227
2021-11-30,Sutter,101,95872,14247,14210,390,14600,186
2021-11-30,Tehama,103,63373,8799,8727,1531,10258,130
2021-11-30,Trinity,105,12862,902,799,219,1018,17
2021-11-30,Tulare,107,460477,71001,69900,15877,85777,1099
2021-11-30,Tuolumne,109,53932,7702,7643,112,7755,91
2021-11-30,Ventura,111,848112,100586,99601,4381,103982,1191
2021-11-30,Yolo,113,214977,20607,20376,1151,21527,260
2021-11-30,Yuba,115,75493,10480,10398,368,10766,89
2021-11-29,Alameda,001,1643700,122885,122136,2851,124987,1489
2021-11-29,Alpine,003,1148,105,108,0,108,0
2021-11-29,Amador,005,37829,5745,5706,67,5773,66
2021-11-29,Butte,007,227075,21838,21544,3966,25510,314
2021-11-29,Calaveras,009,45235,4403,4353,60,4413,88
2021-11-29,Colusa,011,21464,2617,2585,666,3251,20
2021-11-29,Contra Costa,013,1133247,102212,101441,2285,103726,1046
2021-11-29,Del Norte,015,27424,3775,3704,55,3759,42
2021-11-29,El Dorado,017,186661,16812,16534,1776,18310,166
2021-11-29,Fresno,019,978130,145887,144282,13079,157361,2254
2021-11-29,Glenn,021,27897,3592,3555,1037,4592,36
2021-11-29,Humboldt,023,135768,9634,9514,657,10171,115
2021-11-29,Imperial,025,180216,35428,34960,3513,38473,773
2021-11-29,Inyo,027,18085,2554,2529,38,2567,46
2021-11-29,Kern,029,883053,132575,131362,23655,155017,1789
2021-11-29,Kings,031,150075,33467,33059,2005,35064,363
2021-11-29,Lake,033,64148,6934,6889,155,7044,110
2021-11-29,Lassen,035,31185,7060,7003,412,7415,51
2021-11-29,Los Angeles,037,10098052,1471762,1459446,55413,1514859,26889
2021-11-29,Madera,039,155013,24341,24069,2266,26335,307
2021-11-29,Marin,041,260295,18194,17980,502,18482,249
2021-11-29,Mariposa,043,17540,1435,1409,60,1469,6
2021-11-29,Mendocino,045,87422,8105,7954,655,8609,89
2021-11-29,Merced,047,269075,43332,43167,2077,45244,667
2021-11-29,Modoc,049,8938,593,569,201,770,5
2021-11-29,Mono,051,14174,1891,1859,22,1881,4
2021-11-29,Monterey,053,433212,49784,48548,3143,51691,626
2021-11-29,Napa,055,140530,13372,13304,116,13420,104
2021-11-29,Nevada,057,99092,9823,9689,343,10032,105
2021-11-29,Orange,059,3164182,314774,312203,15884,328087,5709
2021-11-29,Placer,061,380077,38778,38261,3843,42104,470
2021-11-29,Plumas,063,18699,1952,1884,44,1928,7
2021-11-29,Riverside,065,2383286,375230,370334,16572,386906,5358
2021-11-29,Sacramento,067,1510023,164537,163282,4837,168119,2342
2021-11-29,San Benito,069,59416,7662,7631,179,7810,77
2021-11-29,San Bernardino,071,2135413,366363,362694,11585,374279,5962
2021-11-29,San Diego,073,3302833,387543,384853,22669,407522,4335
2021-11-29,San Francisco,075,870044,54760,54125,2387,56512,669
2021-11-29,San Joaquin,077,732212,102739,101927,5555,107482,1834
2021-11-29,San Luis Obispo,079,281455,30634,30165,1320,31485,359
2021-11-29,San Mateo,081,765935,55762,54622,936,55558,579
2021-11-29,Santa Barbara,083,443738,45967,45576,1594,47170,549
2021-11-29,Santa Clara,085,1922200,152211,150620,1529,152149,1925
2021-11-29,Santa Cruz,087,273765,21441,21149,1019,22168,224
2021-11-29,Shasta,089,179085,22520,22315,3680,25995,399
2021-11-29,Sierra,091,2930,197,195,21,216,0
2021-11-29,Siskiyou,093,43540,3455,3374,1331,4705,55
2021-11-29,Solano,095,438530,47134,46412,1332,47744,357
2021-11-29,Sonoma,097,501317,43019,42624,558,43182,405
2021-11-29,Stanislaus,099,539301,81112,81227,9135,90362,1223
2021-11-29,Sutter,101,95872,14231,14204,387,14591,186
2021-11-29,Tehama,103,63373,8794,8720,1526,10246,130
2021-11-29,Trinity,105,12862,897,798,219,1017,17
2021-11-29,Tulare,107,460477,70921,69850,15843,85693,1096
2021-11-29,Tuolumne,109,53932,7689,7627,112,7739,90
2021-11-29,Ventura,111,848112,100466,99520,4372,103892,1190
2021-11-29,Yolo,113,214977,20562,20344,1149,21493,257
2021-11-29,Yuba,115,75493,10463,10395,367,10762,89
2021-11-28,Alameda,001,1643700,122666,122082,2845,124927,1491
2021-11-28,Alpine,003,1148,105,108,0,108,0
2021-11-28,Amador,005,37829,5735,5703,67,5770,66
2021-11-28,Butte,007,227075,21797,21530,3964,25494,313
2021-11-28,Calaveras,009,45235,4382,4350,60,4410,88
2021-11-28,Colusa,011,21464,2613,2586,665,3251,19
2021-11-28,Contra Costa,013,1133247,102039,101355,2275,103630,1046
2021-11-28,Del Norte,015,27424,3770,3703,55,3758,42
2021-11-28,El Dorado,017,186661,16771,16527,1775,18302,166
2021-11-28,Fresno,019,978130,145641,144164,13053,157217,2252
2021-11-28,Glenn,021,27897,3589,3547,1035,4582,36
2021-11-28,Humboldt,023,135768,9602,9499,653,10152,115
2021-11-28,Imperial,025,180216,35320,34929,3489,38418,773
2021-11-28,Inyo,027,18085,2547,2531,38,2569,46
2021-11-28,Kern,029,883053,132369,131279,23598,154877,1789
2021-11-28,Kings,031,150075,33394,33057,1999,35056,364
2021-11-28,Lake,033,64148,6924,6885,154,7039,110
2021-11-28,Lassen,035,31185,7051,7002,408,7410,51
2021-11-28,Los Angeles,037,10098052,1469591,1458646,55326,1513972,26878
2021-11-28,Madera,039,155013,24293,24055,2259,26314,307
2021-11-28,Marin,041,260295,18146,17962,498,18460,249
2021-11-28,Mariposa,043,17540,1431,1406,60,1466,6
2021-11-28,Mendocino,045,87422,8075,7943,650,8593,89
2021-11-28,Merced,047,269075,43266,43166,2062,45228,667
2021-11-28,Modoc,049,8938,592,569,201,770,5
2021-11-28,Mono,051,14174,1885,1841,22,1863,4
2021-11-28,Monterey,053,433212,49719,48537,3124,51661,626
2021-11-28,Napa,055,140530,13359,13303,116,13419,104
2021-11-28,Nevada,057,99092,9797,9684,342,10026,105
2021-11-28,Orange,059,3164182,314389,312028,15842,327870,5693
2021-11-28,Placer,061,380077,38696,38240,3824,42064,470
2021-11-28,Plumas,063,18699,1946,1884,43,1927,7
2021-11-28,Riverside,065,2383286,374569,370051,16550,386601,5358
2021-11-28,Sacramento,067,1510023,164180,163170,4814,167984,2335
2021-11-28,San Benito,069,59416,7643,7623,178,7801,77
2021-11-28,San Bernardino,071,2135413,365623,362407,11557,373964,5958
2021-11-28,San Diego,073,3302833,386654,383025,22605,405630,4325
2021-11-28,San Francisco,075,870044,54684,54082,2382,56464,669
2021-11-28,San Joaquin,077,732212,102558,101895,5538,107433,1834
2021-11-28,San Luis Obispo,079,281455,30571,30152,1316,31468,358
2021-11-28,San Mateo,081,765935,55668,54567,932,55499,579
2021-11-28,Santa Barbara,083,443738,45888,45551,1583,47134,549
2021-11-28,Santa Clara,085,1922200,151910,150436,1514,151950,1920
2021-11-28,Santa Cruz,087,273765,21370,21110,1018,22128,224
2021-11-28,Shasta,089,179085,22481,22316,3678,25994,400
2021-11-28,Sierra,091,2930,197,195,21,216,0
2021-11-28,Siskiyou,093,43540,3449,3372,1327,4699,55
2021-11-28,Solano,095,438530,47072,46385,1331,47716,356
2021-11-28,Sonoma,097,501317,42933,42583,555,43138,405
2021-11-28,Stanislaus,099,539301,80993,81181,9113,90294,1223
2021-11-28,Sutter,101,95872,14209,14192,381,14573,186
2021-11-28,Tehama,103,63373,8786,8720,1522,10242,130
2021-11-28,Trinity,105,12862,896,797,219,1016,17
2021-11-28,Tulare,107,460477,70824,69833,15791,85624,1095
2021-11-28,Tuolumne,109,53932,7668,7620,112,7732,90
2021-11-28,Ventura,111,848112,100310,99486,4361,103847,1190
2021-11-28,Yolo,113,214977,20519,20333,1148,21481,257
2021-11-28,Yuba,115,75493,10445,10391,365,10756,89
2021-11-27,Alameda,001,1643700,122568,121618,2842,124460,1477
2021-11-27,Alpine,003,1148,105,106,0,106,0
2021-11-27,Amador,005,37829,5734,5670,67,5737,66
2021-11-27,Butte,007,227075,21774,21384,3959,25343,309
2021-11-27,Calaveras,009,45235,4376,4294,60,4354,85
2021-11-27,Colusa,011,21464,2612,2568,663,3231,19
2021-11-27,Contra Costa,013,1133247,101954,100961,2274,103235,1045
2021-11-27,Del Norte,015,27424,3763,3661,55,3716,42
2021-11-27,El Dorado,017,186661,16737,16399,1774,18173,161
2021-11-27,Fresno,019,978130,145529,143386,13047,156433,2246
2021-11-27,Glenn,021,27897,3585,3532,1034,4566,36
2021-11-27,Humboldt,023,135768,9574,9399,651,10050,115
2021-11-27,Imperial,025,180216,35238,34611,3473,38084,769
2021-11-27,Inyo,027,18085,2544,2506,38,2544,45
2021-11-27,Kern,029,883053,132285,130245,23569,153814,1773
2021-11-27,Kings,031,150075,33372,32891,1996,34887,358
2021-11-27,Lake,033,64148,6921,6836,153,6989,110
2021-11-27,Lassen,035,31185,7049,6959,407,7366,47
2021-11-27,Los Angeles,037,10098052,1468585,1454495,55257,1509752,26817
2021-11-27,Madera,039,155013,24272,23880,2254,26134,296
2021-11-27,Marin,041,260295,18107,17857,493,18350,248
2021-11-27,Mariposa,043,17540,1429,1374,60,1434,6
2021-11-27,Mendocino,045,87422,8056,7871,650,8521,89
2021-11-27,Merced,047,269075,43231,42921,2059,44980,664
2021-11-27,Modoc,049,8938,590,551,201,752,5
2021-11-27,Mono,051,14174,1883,1810,22,1832,4
2021-11-27,Monterey,053,433212,49686,48400,3110,51510,625
2021-11-27,Napa,055,140530,13345,13256,116,13372,104
2021-11-27,Nevada,057,99092,9775,9584,341,9925,103
2021-11-27,Orange,059,3164182,314138,310809,15806,326615,5665
2021-11-27,Placer,061,380077,38635,38001,3818,41819,468
2021-11-27,Plumas,063,18699,1942,1860,43,1903,7
2021-11-27,Riverside,065,2383286,374211,367601,16543,384144,5306
2021-11-27,Sacramento,067,1510023,164022,162328,4811,167139,2335
2021-11-27,San Benito,069,59416,7627,7575,178,7753,77
2021-11-27,San Bernardino,071,2135413,365188,360033,11548,371581,5932
2021-11-27,San Diego,073,3302833,386159,382634,22579,405213,4319
2021-11-27,San Francisco,075,870044,54634,53830,2379,56209,669
2021-11-27,San Joaquin,077,732212,102491,101368,5535,106903,1833
2021-11-27,San Luis Obispo,079,281455,30536,29983,1312,31295,358
2021-11-27,San Mateo,081,765935,55611,54360,929,55289,577
2021-11-27,Santa Barbara,083,443738,45834,45318,1581,46899,548
2021-11-27,Santa Clara,085,1922200,151703,149700,1507,151207,1922
2021-11-27,Santa Cruz,087,273765,21330,20929,1015,21944,222
2021-11-27,Shasta,089,179085,22458,22151,3677,25828,396
2021-11-27,Sierra,091,2930,196,194,21,215,0
2021-11-27,Siskiyou,093,43540,3446,3336,1325,4661,54
2021-11-27,Solano,095,438530,47036,46163,1328,47491,356
2021-11-27,Sonoma,097,501317,42870,42368,555,42923,405
2021-11-27,Stanislaus,099,539301,80925,80782,9096,89878,1220
2021-11-27,Sutter,101,95872,14201,14127,380,14507,181
2021-11-27,Tehama,103,63373,8784,8675,1521,10196,129
2021-11-27,Trinity,105,12862,896,789,219,1008,17
2021-11-27,Tulare,107,460477,70772,69377,15775,85152,1082
2021-11-27,Tuolumne,109,53932,7655,7574,112,7686,90
2021-11-27,Ventura,111,848112,100237,99163,4354,103517,1188
2021-11-27,Yolo,113,214977,20498,20237,1139,21376,257
2021-11-27,Yuba,115,75493,10434,10335,365,10700,88
2021-11-26,Alameda,001,1643700,122457,121618,2840,124458,1477
2021-11-26,Alpine,003,1148,105,106,0,106,0
2021-11-26,Amador,005,37829,5730,5670,67,5737,66
2021-11-26,Butte,007,227075,21751,21384,3954,25338,309
2021-11-26,Calaveras,009,45235,4367,4294,60,4354,85
2021-11-26,Colusa,011,21464,2610,2568,662,3230,19
2021-11-26,Contra Costa,013,1133247,101866,100961,2270,103231,1045
2021-11-26,Del Norte,015,27424,3760,3661,55,3716,42
2021-11-26,El Dorado,017,186661,16720,16399,1771,18170,161
2021-11-26,Fresno,019,978130,145397,143386,13037,156423,2246
2021-11-26,Glenn,021,27897,3582,3532,1034,4566,36
2021-11-26,Humboldt,023,135768,9555,9399,647,10046,115
2021-11-26,Imperial,025,180216,35181,34611,3460,38071,769
2021-11-26,Inyo,027,18085,2544,2506,38,2544,45
2021-11-26,Kern,029,883053,132202,130245,23525,153770,1773
2021-11-26,Kings,031,150075,33348,32891,1994,34885,358
2021-11-26,Lake,033,64148,6919,6836,153,6989,110
2021-11-26,Lassen,035,31185,7043,6959,407,7366,47
2021-11-26,Los Angeles,037,10098052,1467737,1454495,55196,1509691,26817
2021-11-26,Madera,039,155013,24245,23880,2252,26132,296
2021-11-26,Marin,041,260295,18078,17857,493,18350,248
2021-11-26,Mariposa,043,17540,1423,1374,59,1433,6
2021-11-26,Mendocino,045,87422,8046,7871,650,8521,89
2021-11-26,Merced,047,269075,43201,42921,2055,44976,664
2021-11-26,Modoc,049,8938,588,551,201,752,5
2021-11-26,Mono,051,14174,1872,1810,22,1832,4
2021-11-26,Monterey,053,433212,49643,48400,3103,51503,625
2021-11-26,Napa,055,140530,13329,13256,116,13372,104
2021-11-26,Nevada,057,99092,9763,9584,341,9925,103
2021-11-26,Orange,059,3164182,313869,310809,15774,326583,5665
2021-11-26,Placer,061,380077,38590,38001,3810,41811,468
2021-11-26,Plumas,063,18699,1937,1860,43,1903,7
2021-11-26,Riverside,065,2383286,373810,367601,16536,384137,5306
2021-11-26,Sacramento,067,1510023,163909,162328,4806,167134,2335
2021-11-26,San Benito,069,59416,7619,7575,178,7753,77
2021-11-26,San Bernardino,071,2135413,364758,360033,11541,371574,5932
2021-11-26,San Diego,073,3302833,385614,382634,22567,405201,4319
2021-11-26,San Francisco,075,870044,54587,53830,2377,56207,669
2021-11-26,San Joaquin,077,732212,102434,101368,5534,106902,1833
2021-11-26,San Luis Obispo,079,281455,30494,29983,1309,31292,358
2021-11-26,San Mateo,081,765935,55548,54360,928,55288,577
2021-11-26,Santa Barbara,083,443738,45787,45318,1580,46898,548
2021-11-26,Santa Clara,085,1922200,151534,149700,1499,151199,1922
2021-11-26,Santa Cruz,087,273765,21290,20929,1015,21944,222
2021-11-26,Shasta,089,179085,22438,22151,3675,25826,396
2021-11-26,Sierra,091,2930,196,194,21,215,0
2021-11-26,Siskiyou,093,43540,3443,3336,1324,4660,54
2021-11-26,Solano,095,438530,46995,46163,1327,47490,356
2021-11-26,Sonoma,097,501317,42820,42368,553,42921,405
2021-11-26,Stanislaus,099,539301,80852,80782,9085,89867,1220
2021-11-26,Sutter,101,95872,14188,14127,379,14506,181
2021-11-26,Tehama,103,63373,8782,8675,1520,10195,129
2021-11-26,Trinity,105,12862,895,789,219,1008,17
2021-11-26,Tulare,107,460477,70726,69377,15743,85120,1082
2021-11-26,Tuolumne,109,53932,7645,7574,112,7686,90
2021-11-26,Ventura,111,848112,100157,99163,4349,103512,1188
2021-11-26,Yolo,113,214977,20479,20237,1132,21369,257
2021-11-26,Yuba,115,75493,10428,10335,365,10700,88
2021-11-25,Alameda,001,1643700,122349,121618,2835,124453,1477
2021-11-25,Alpine,003,1148,105,106,0,106,0
2021-11-25,Amador,005,37829,5722,5670,67,5737,66
2021-11-25,Butte,007,227075,21733,21384,3952,25336,309
2021-11-25,Calaveras,009,45235,4362,4294,60,4354,85
2021-11-25,Colusa,011,21464,2607,2568,660,3228,19
2021-11-25,Contra Costa,013,1133247,101762,100961,2267,103228,1045
2021-11-25,Del Norte,015,27424,3755,3661,55,3716,42
2021-11-25,El Dorado,017,186661,16701,16399,1771,18170,161
2021-11-25,Fresno,019,978130,145263,143386,13028,156414,2246
2021-11-25,Glenn,021,27897,3579,3532,1033,4565,36
2021-11-25,Humboldt,023,135768,9536,9399,644,10043,115
2021-11-25,Imperial,025,180216,35136,34611,3449,38060,769
2021-11-25,Inyo,027,18085,2542,2506,38,2544,45
2021-11-25,Kern,029,883053,132104,130245,23479,153724,1773
2021-11-25,Kings,031,150075,33320,32891,1993,34884,358
2021-11-25,Lake,033,64148,6912,6836,153,6989,110
2021-11-25,Lassen,035,31185,7041,6959,406,7365,47
2021-11-25,Los Angeles,037,10098052,1466767,1454495,55139,1509634,26817
2021-11-25,Madera,039,155013,24209,23880,2251,26131,296
2021-11-25,Marin,041,260295,18051,17857,487,18344,248
2021-11-25,Mariposa,043,17540,1420,1374,59,1433,6
2021-11-25,Mendocino,045,87422,8028,7871,650,8521,89
2021-11-25,Merced,047,269075,43162,42921,2049,44970,664
2021-11-25,Modoc,049,8938,587,551,201,752,5
2021-11-25,Mono,051,14174,1861,1810,22,1832,4
2021-11-25,Monterey,053,433212,49599,48400,3094,51494,625
2021-11-25,Napa,055,140530,13321,13256,116,13372,104
2021-11-25,Nevada,057,99092,9744,9584,338,9922,103
2021-11-25,Orange,059,3164182,313606,310809,15743,326552,5665
2021-11-25,Placer,061,380077,38544,38001,3804,41805,468
2021-11-25,Plumas,063,18699,1935,1860,43,1903,7
2021-11-25,Riverside,065,2383286,373395,367601,16529,384130,5306
2021-11-25,Sacramento,067,1510023,163730,162328,4800,167128,2335
2021-11-25,San Benito,069,59416,7612,7575,178,7753,77
2021-11-25,San Bernardino,071,2135413,364359,360033,11524,371557,5932
2021-11-25,San Diego,073,3302833,385172,382634,22548,405182,4319
2021-11-25,San Francisco,075,870044,54537,53830,2374,56204,669
2021-11-25,San Joaquin,077,732212,102351,101368,5530,106898,1833
2021-11-25,San Luis Obispo,079,281455,30464,29983,1307,31290,358
2021-11-25,San Mateo,081,765935,55499,54360,926,55286,577
2021-11-25,Santa Barbara,083,443738,45748,45318,1578,46896,548
2021-11-25,Santa Clara,085,1922200,151377,149700,1494,151194,1922
2021-11-25,Santa Cruz,087,273765,21257,20929,1015,21944,222
2021-11-25,Shasta,089,179085,22412,22151,3675,25826,396
2021-11-25,Sierra,091,2930,196,194,21,215,0
2021-11-25,Siskiyou,093,43540,3440,3336,1324,4660,54
2021-11-25,Solano,095,438530,46958,46163,1326,47489,356
2021-11-25,Sonoma,097,501317,42763,42368,549,42917,405
2021-11-25,Stanislaus,099,539301,80786,80782,9071,89853,1220
2021-11-25,Sutter,101,95872,14172,14127,378,14505,181
2021-11-25,Tehama,103,63373,8774,8675,1520,10195,129
2021-11-25,Trinity,105,12862,895,789,219,1008,17
2021-11-25,Tulare,107,460477,70658,69377,15717,85094,1082
2021-11-25,Tuolumne,109,53932,7633,7574,112,7686,90
2021-11-25,Ventura,111,848112,100091,99163,4346,103509,1188
2021-11-25,Yolo,113,214977,20449,20237,1128,21365,257
2021-11-25,Yuba,115,75493,10419,10335,364,10699,88
2021-11-24,Alameda,001,1643700,122286,121618,2831,124449,1477
2021-11-24,Alpine,003,1148,105,106,0,106,0
2021-11-24,Amador,005,37829,5712,5670,67,5737,66
2021-11-24,Butte,007,227075,21717,21384,3951,25335,309
2021-11-24,Calaveras,009,45235,4355,4294,60,4354,85
2021-11-24,Colusa,011,21464,2607,2568,659,3227,19
2021-11-24,Contra Costa,013,1133247,101723,100961,2264,103225,1045
2021-11-24,Del Norte,015,27424,3752,3661,55,3716,42
2021-11-24,El Dorado,017,186661,16690,16399,1770,18169,161
2021-11-24,Fresno,019,978130,145209,143386,13027,156413,2246
2021-11-24,Glenn,021,27897,3574,3532,1032,4564,36
2021-11-24,Humboldt,023,135768,9521,9399,644,10043,115
2021-11-24,Imperial,025,180216,35107,34611,3443,38054,769
2021-11-24,Inyo,027,18085,2539,2506,38,2544,45
2021-11-24,Kern,029,883053,132042,130245,23467,153712,1773
2021-11-24,Kings,031,150075,33306,32891,1992,34883,358
2021-11-24,Lake,033,64148,6908,6836,153,6989,110
2021-11-24,Lassen,035,31185,7041,6959,406,7365,47
2021-11-24,Los Angeles,037,10098052,1466282,1454495,55097,1509592,26817
2021-11-24,Madera,039,155013,24186,23880,2245,26125,296
2021-11-24,Marin,041,260295,18039,17857,485,18342,248
2021-11-24,Mariposa,043,17540,1420,1374,59,1433,6
2021-11-24,Mendocino,045,87422,8016,7871,650,8521,89
2021-11-24,Merced,047,269075,43130,42921,2046,44967,664
2021-11-24,Modoc,049,8938,587,551,201,752,5
2021-11-24,Mono,051,14174,1858,1810,22,1832,4
2021-11-24,Monterey,053,433212,49586,48400,3093,51493,625
2021-11-24,Napa,055,140530,13317,13256,116,13372,104
2021-11-24,Nevada,057,99092,9729,9584,338,9922,103
2021-11-24,Orange,059,3164182,313451,310809,15728,326537,5665
2021-11-24,Placer,061,380077,38511,38001,3802,41803,468
2021-11-24,Plumas,063,18699,1933,1860,43,1903,7
2021-11-24,Riverside,065,2383286,373216,367601,16523,384124,5306
2021-11-24,Sacramento,067,1510023,163659,162328,4800,167128,2335
2021-11-24,San Benito,069,59416,7610,7575,178,7753,77
2021-11-24,San Bernardino,071,2135413,364148,360033,11514,371547,5932
2021-11-24,San Diego,073,3302833,384914,382634,22535,405169,4319
2021-11-24,San Francisco,075,870044,54506,53830,2372,56202,669
2021-11-24,San Joaquin,077,732212,102310,101368,5527,106895,1833
2021-11-24,San Luis Obispo,079,281455,30445,29983,1307,31290,358
2021-11-24,San Mateo,081,765935,55469,54360,925,55285,577
2021-11-24,Santa Barbara,083,443738,45721,45318,1578,46896,548
2021-11-24,Santa Clara,085,1922200,151281,149700,1493,151193,1922
2021-11-24,Santa Cruz,087,273765,21234,20929,1014,21943,222
2021-11-24,Shasta,089,179085,22401,22151,3672,25823,396
2021-11-24,Sierra,091,2930,196,194,21,215,0
2021-11-24,Siskiyou,093,43540,3437,3336,1324,4660,54
2021-11-24,Solano,095,438530,46930,46163,1324,47487,356
2021-11-24,Sonoma,097,501317,42731,42368,547,42915,405
2021-11-24,Stanislaus,099,539301,80749,80782,9066,89848,1220
2021-11-24,Sutter,101,95872,14159,14127,376,14503,181
2021-11-24,Tehama,103,63373,8771,8675,1519,10194,129
2021-11-24,Trinity,105,12862,895,789,219,1008,17
2021-11-24,Tulare,107,460477,70634,69377,15698,85075,1082
2021-11-24,Tuolumne,109,53932,7629,7574,112,7686,90
2021-11-24,Ventura,111,848112,100056,99163,4342,103505,1188
2021-11-24,Yolo,113,214977,20441,20237,1127,21364,257
2021-11-24,Yuba,115,75493,10415,10335,363,10698,88
2021-11-23,Alameda,001,1643700,122167,121618,2825,124443,1477
2021-11-23,Alpine,003,1148,105,106,0,106,0
2021-11-23,Amador,005,37829,5705,5670,67,5737,66
2021-11-23,Butte,007,227075,21688,21384,3947,25331,309
2021-11-23,Calaveras,009,45235,4349,4294,59,4353,85
2021-11-23,Colusa,011,21464,2603,2568,657,3225,19
2021-11-23,Contra Costa,013,1133247,101616,100961,2262,103223,1045
2021-11-23,Del Norte,015,27424,3749,3661,55,3716,42
2021-11-23,El Dorado,017,186661,16659,16399,1767,18166,161
2021-11-23,Fresno,019,978130,145071,143386,13018,156404,2246
2021-11-23,Glenn,021,27897,3569,3532,1032,4564,36
2021-11-23,Humboldt,023,135768,9499,9399,641,10040,115
2021-11-23,Imperial,025,180216,35038,34611,3424,38035,769
2021-11-23,Inyo,027,18085,2535,2506,38,2544,45
2021-11-23,Kern,029,883053,131934,130245,23418,153663,1773
2021-11-23,Kings,031,150075,33264,32891,1991,34882,358
2021-11-23,Lake,033,64148,6903,6836,153,6989,110
2021-11-23,Lassen,035,31185,7038,6959,403,7362,47
2021-11-23,Los Angeles,037,10098052,1465273,1454495,55029,1509524,26817
2021-11-23,Madera,039,155013,24160,23880,2243,26123,296
2021-11-23,Marin,041,260295,18008,17857,482,18339,248
2021-11-23,Mariposa,043,17540,1417,1374,59,1433,6
2021-11-23,Mendocino,045,87422,7995,7871,647,8518,89
2021-11-23,Merced,047,269075,43092,42921,2045,44966,664
2021-11-23,Modoc,049,8938,585,551,201,752,5
2021-11-23,Mono,051,14174,1844,1810,22,1832,4
2021-11-23,Monterey,053,433212,49550,48400,3087,51487,625
2021-11-23,Napa,055,140530,13308,13256,116,13372,104
2021-11-23,Nevada,057,99092,9700,9584,337,9921,103
2021-11-23,Orange,059,3164182,313201,310809,15692,326501,5665
2021-11-23,Placer,061,380077,38452,38001,3785,41786,468
2021-11-23,Plumas,063,18699,1929,1860,43,1903,7
2021-11-23,Riverside,065,2383286,372833,367601,16510,384111,5306
2021-11-23,Sacramento,067,1510023,163472,162328,4789,167117,2335
2021-11-23,San Benito,069,59416,7601,7575,176,7751,77
2021-11-23,San Bernardino,071,2135413,363730,360033,11499,371532,5932
2021-11-23,San Diego,073,3302833,384430,382634,22512,405146,4319
2021-11-23,San Francisco,075,870044,54447,53830,2370,56200,669
2021-11-23,San Joaquin,077,732212,102201,101368,5516,106884,1833
2021-11-23,San Luis Obispo,079,281455,30410,29983,1304,31287,358
2021-11-23,San Mateo,081,765935,55419,54360,924,55284,577
2021-11-23,Santa Barbara,083,443738,45668,45318,1578,46896,548
2021-11-23,Santa Clara,085,1922200,151071,149700,1481,151181,1922
2021-11-23,Santa Cruz,087,273765,21196,20929,1014,21943,222
2021-11-23,Shasta,089,179085,22365,22151,3670,25821,396
2021-11-23,Sierra,091,2930,196,194,21,215,0
2021-11-23,Siskiyou,093,43540,3432,3336,1323,4659,54
2021-11-23,Solano,095,438530,46876,46163,1320,47483,356
2021-11-23,Sonoma,097,501317,42680,42368,544,42912,405
2021-11-23,Stanislaus,099,539301,80679,80782,9054,89836,1220
2021-11-23,Sutter,101,95872,14143,14127,375,14502,181
2021-11-23,Tehama,103,63373,8758,8675,1518,10193,129
2021-11-23,Trinity,105,12862,894,789,219,1008,17
2021-11-23,Tulare,107,460477,70587,69377,15668,85045,1082
2021-11-23,Tuolumne,109,53932,7617,7574,111,7685,90
2021-11-23,Ventura,111,848112,99973,99163,4336,103499,1188
2021-11-23,Yolo,113,214977,20420,20237,1119,21356,257
2021-11-23,Yuba,115,75493,10403,10335,363,10698,88
2021-11-22,Alameda,001,1643700,122054,121566,2823,124389,1475
2021-11-22,Alpine,003,1148,105,106,0,106,0
2021-11-22,Amador,005,37829,5692,5670,67,5737,66
2021-11-22,Butte,007,227075,21649,21363,3942,25305,305
2021-11-22,Calaveras,009,45235,4337,4294,59,4353,84
2021-11-22,Colusa,011,21464,2600,2565,657,3222,19
2021-11-22,Contra Costa,013,1133247,101528,100877,2257,103134,1045
2021-11-22,Del Norte,015,27424,3746,3659,55,3714,42
2021-11-22,El Dorado,017,186661,16636,16378,1764,18142,161
2021-11-22,Fresno,019,978130,144938,143290,13010,156300,2243
2021-11-22,Glenn,021,27897,3564,3530,1031,4561,36
2021-11-22,Humboldt,023,135768,9473,9389,636,10025,115
2021-11-22,Imperial,025,180216,34977,34562,3410,37972,766
2021-11-22,Inyo,027,18085,2529,2501,38,2539,44
2021-11-22,Kern,029,883053,131773,130091,23369,153460,1762
2021-11-22,Kings,031,150075,33227,32867,1986,34853,358
2021-11-22,Lake,033,64148,6898,6837,153,6990,110
2021-11-22,Lassen,035,31185,7036,6954,402,7356,47
2021-11-22,Los Angeles,037,10098052,1464209,1453945,54946,1508891,26800
2021-11-22,Madera,039,155013,24126,23872,2235,26107,296
2021-11-22,Marin,041,260295,17977,17842,480,18322,248
2021-11-22,Mariposa,043,17540,1413,1372,59,1431,6
2021-11-22,Mendocino,045,87422,7979,7859,646,8505,89
2021-11-22,Merced,047,269075,43041,42898,2034,44932,660
2021-11-22,Modoc,049,8938,584,551,201,752,5
2021-11-22,Mono,051,14174,1837,1809,22,1831,4
2021-11-22,Monterey,053,433212,49522,48374,3083,51457,611
2021-11-22,Napa,055,140530,13300,13255,115,13370,104
2021-11-22,Nevada,057,99092,9683,9575,335,9910,96
2021-11-22,Orange,059,3164182,312960,310654,15666,326320,5663
2021-11-22,Placer,061,380077,38407,37956,3777,41733,465
2021-11-22,Plumas,063,18699,1926,1858,43,1901,7
2021-11-22,Riverside,065,2383286,372396,367301,16501,383802,5283
2021-11-22,Sacramento,067,1510023,163280,162222,4780,167002,2328
2021-11-22,San Benito,069,59416,7581,7567,176,7743,77
2021-11-22,San Bernardino,071,2135413,363315,359851,11489,371340,5916
2021-11-22,San Diego,073,3302833,383935,382132,22488,404620,4317
2021-11-22,San Francisco,075,870044,54355,53778,2364,56142,669
2021-11-22,San Joaquin,077,732212,102076,101299,5511,106810,1833
2021-11-22,San Luis Obispo,079,281455,30384,29963,1301,31264,358
2021-11-22,San Mateo,081,765935,55362,54330,922,55252,577
2021-11-22,Santa Barbara,083,443738,45592,45279,1578,46857,546
2021-11-22,Santa Clara,085,1922200,150886,149541,1471,151012,1919
2021-11-22,Santa Cruz,087,273765,21155,20891,1014,21905,222
2021-11-22,Shasta,089,179085,22351,22116,3665,25781,393
2021-11-22,Sierra,091,2930,196,193,21,214,0
2021-11-22,Siskiyou,093,43540,3427,3336,1321,4657,54
2021-11-22,Solano,095,438530,46827,46153,1318,47471,356
2021-11-22,Sonoma,097,501317,42619,42344,543,42887,404
2021-11-22,Stanislaus,099,539301,80591,80718,9044,89762,1209
2021-11-22,Sutter,101,95872,14127,14125,373,14498,181
2021-11-22,Tehama,103,63373,8751,8669,1513,10182,127
2021-11-22,Trinity,105,12862,893,785,219,1004,17
2021-11-22,Tulare,107,460477,70526,69314,15632,84946,1075
2021-11-22,Tuolumne,109,53932,7602,7567,111,7678,90
2021-11-22,Ventura,111,848112,99907,99114,4333,103447,1186
2021-11-22,Yolo,113,214977,20397,20227,1117,21344,257
2021-11-22,Yuba,115,75493,10394,10332,362,10694,88
2021-11-21,Alameda,001,1643700,121922,121443,2819,124262,1475
2021-11-21,Alpine,003,1148,103,106,0,106,0
2021-11-21,Amador,005,37829,5687,5662,66,5728,66
2021-11-21,Butte,007,227075,21607,21342,3937,25279,306
2021-11-21,Calaveras,009,45235,4328,4287,59,4346,84
2021-11-21,Colusa,011,21464,2596,2562,656,3218,19
2021-11-21,Contra Costa,013,1133247,101426,100807,2250,103057,1045
2021-11-21,Del Norte,015,27424,3742,3659,55,3714,42
2021-11-21,El Dorado,017,186661,16609,16370,1758,18128,161
2021-11-21,Fresno,019,978130,144766,143203,12990,156193,2242
2021-11-21,Glenn,021,27897,3560,3529,1031,4560,36
2021-11-21,Humboldt,023,135768,9451,9378,635,10013,115
2021-11-21,Imperial,025,180216,34889,34527,3400,37927,766
2021-11-21,Inyo,027,18085,2522,2501,38,2539,44
2021-11-21,Kern,029,883053,131610,130020,23323,153343,1762
2021-11-21,Kings,031,150075,33189,32843,1982,34825,356
2021-11-21,Lake,033,64148,6891,6834,153,6987,110
2021-11-21,Lassen,035,31185,7027,6953,402,7355,47
2021-11-21,Los Angeles,037,10098052,1463141,1453181,54891,1508072,26793
2021-11-21,Madera,039,155013,24101,23856,2230,26086,296
2021-11-21,Marin,041,260295,17948,17829,477,18306,248
2021-11-21,Mariposa,043,17540,1412,1371,58,1429,6
2021-11-21,Mendocino,045,87422,7973,7846,643,8489,89
2021-11-21,Merced,047,269075,42986,42881,2031,44912,660
2021-11-21,Modoc,049,8938,580,551,201,752,5
2021-11-21,Mono,051,14174,1827,1799,21,1820,4
2021-11-21,Monterey,053,433212,49476,48358,3074,51432,611
2021-11-21,Napa,055,140530,13287,13250,115,13365,104
2021-11-21,Nevada,057,99092,9657,9556,334,9890,96
2021-11-21,Orange,059,3164182,312704,310477,15635,326112,5663
2021-11-21,Placer,061,380077,38325,37929,3776,41705,465
2021-11-21,Plumas,063,18699,1921,1858,43,1901,7
2021-11-21,Riverside,065,2383286,371904,367093,16493,383586,5283
2021-11-21,Sacramento,067,1510023,163063,162087,4770,166857,2327
2021-11-21,San Benito,069,59416,7567,7563,175,7738,77
2021-11-21,San Bernardino,071,2135413,362822,359621,11453,371074,5912
2021-11-21,San Diego,073,3302833,383404,380747,22463,403210,4317
2021-11-21,San Francisco,075,870044,54286,53741,2359,56100,669
2021-11-21,San Joaquin,077,732212,101970,101264,5498,106762,1833
2021-11-21,San Luis Obispo,079,281455,30346,29948,1301,31249,358
2021-11-21,San Mateo,081,765935,55310,54290,920,55210,577
2021-11-21,Santa Barbara,083,443738,45532,45237,1575,46812,546
2021-11-21,Santa Clara,085,1922200,150681,149387,1452,150839,1918
2021-11-21,Santa Cruz,087,273765,21111,20866,1012,21878,222
2021-11-21,Shasta,089,179085,22320,22112,3663,25775,393
2021-11-21,Sierra,091,2930,196,193,21,214,0
2021-11-21,Siskiyou,093,43540,3422,3333,1320,4653,54
2021-11-21,Solano,095,438530,46771,46122,1311,47433,356
2021-11-21,Sonoma,097,501317,42559,42298,542,42840,404
2021-11-21,Stanislaus,099,539301,80496,80687,9029,89716,1209
2021-11-21,Sutter,101,95872,14113,14111,373,14484,181
2021-11-21,Tehama,103,63373,8745,8669,1512,10181,127
2021-11-21,Trinity,105,12862,891,784,217,1001,17
2021-11-21,Tulare,107,460477,70443,69285,15593,84878,1075
2021-11-21,Tuolumne,109,53932,7594,7560,110,7670,90
2021-11-21,Ventura,111,848112,99816,99081,4330,103411,1186
2021-11-21,Yolo,113,214977,20369,20209,1114,21323,257
2021-11-21,Yuba,115,75493,10385,10326,362,10688,88
2021-11-20,Alameda,001,1643700,121829,121059,2813,123872,1473
2021-11-20,Alpine,003,1148,103,105,0,105,0
2021-11-20,Amador,005,37829,5681,5652,65,5717,66
2021-11-20,Butte,007,227075,21592,21265,3933,25198,300
2021-11-20,Calaveras,009,45235,4318,4268,59,4327,84
2021-11-20,Colusa,011,21464,2595,2549,655,3204,19
2021-11-20,Contra Costa,013,1133247,101349,100491,2246,102737,1043
2021-11-20,Del Norte,015,27424,3739,3637,55,3692,42
2021-11-20,El Dorado,017,186661,16588,16308,1756,18064,161
2021-11-20,Fresno,019,978130,144697,142579,12981,155560,2233
2021-11-20,Glenn,021,27897,3559,3526,1030,4556,35
2021-11-20,Humboldt,023,135768,9438,9302,633,9935,115
2021-11-20,Imperial,025,180216,34837,34312,3394,37706,766
2021-11-20,Inyo,027,18085,2521,2467,38,2505,44
2021-11-20,Kern,029,883053,131509,129488,23286,152774,1750
2021-11-20,Kings,031,150075,33179,32720,1982,34702,354
2021-11-20,Lake,033,64148,6888,6808,153,6961,110
2021-11-20,Lassen,035,31185,7026,6931,402,7333,47
2021-11-20,Los Angeles,037,10098052,1462521,1448963,54843,1503806,26741
2021-11-20,Madera,039,155013,24087,23720,2226,25946,296
2021-11-20,Marin,041,260295,17933,17774,477,18251,248
2021-11-20,Mariposa,043,17540,1411,1354,58,1412,6
2021-11-20,Mendocino,045,87422,7965,7773,643,8416,89
2021-11-20,Merced,047,269075,42960,42692,2031,44723,656
2021-11-20,Modoc,049,8938,579,550,201,751,5
2021-11-20,Mono,051,14174,1821,1767,21,1788,4
2021-11-20,Monterey,053,433212,49463,48260,3069,51329,609
2021-11-20,Napa,055,140530,13284,13184,115,13299,103
2021-11-20,Nevada,057,99092,9641,9480,334,9814,92
2021-11-20,Orange,059,3164182,312505,309672,15618,325290,5658
2021-11-20,Placer,061,380077,38285,37800,3771,41571,462
2021-11-20,Plumas,063,18699,1917,1841,43,1884,7
2021-11-20,Riverside,065,2383286,371631,365809,16481,382290,5265
2021-11-20,Sacramento,067,1510023,162959,161533,4766,166299,2316
2021-11-20,San Benito,069,59416,7563,7533,175,7708,77
2021-11-20,San Bernardino,071,2135413,362543,358322,11442,369764,5897
2021-11-20,San Diego,073,3302833,383078,380147,22437,402584,4311
2021-11-20,San Francisco,075,870044,54247,53525,2358,55883,669
2021-11-20,San Joaquin,077,732212,101920,100922,5493,106415,1832
2021-11-20,San Luis Obispo,079,281455,30332,29815,1300,31115,355
2021-11-20,San Mateo,081,765935,55276,54132,919,55051,577
2021-11-20,Santa Barbara,083,443738,45500,45074,1575,46649,544
2021-11-20,Santa Clara,085,1922200,150574,148829,1451,150280,1917
2021-11-20,Santa Cruz,087,273765,21093,20756,1012,21768,222
2021-11-20,Shasta,089,179085,22296,21968,3662,25630,383
2021-11-20,Sierra,091,2930,196,191,21,212,0
2021-11-20,Siskiyou,093,43540,3419,3313,1320,4633,54
2021-11-20,Solano,095,438530,46750,46006,1311,47317,356
2021-11-20,Sonoma,097,501317,42528,42151,542,42693,403
2021-11-20,Stanislaus,099,539301,80450,80412,9025,89437,1205
2021-11-20,Sutter,101,95872,14105,14074,373,14447,181
2021-11-20,Tehama,103,63373,8740,8648,1512,10160,125
2021-11-20,Trinity,105,12862,887,771,217,988,17
2021-11-20,Tulare,107,460477,70404,69074,15572,84646,1054
2021-11-20,Tuolumne,109,53932,7586,7511,110,7621,90
2021-11-20,Ventura,111,848112,99767,98893,4323,103216,1186
2021-11-20,Yolo,113,214977,20361,20139,1110,21249,257
2021-11-20,Yuba,115,75493,10379,10290,361,10651,88
2021-11-19,Alameda,001,1643700,121753,121059,2810,123869,1473
2021-11-19,Alpine,003,1148,103,105,0,105,0
2021-11-19,Amador,005,37829,5671,5652,65,5717,66
2021-11-19,Butte,007,227075,21569,21265,3927,25192,300
2021-11-19,Calaveras,009,45235,4311,4268,59,4327,84
2021-11-19,Colusa,011,21464,2593,2549,654,3203,19
2021-11-19,Contra Costa,013,1133247,101292,100491,2241,102732,1043
2021-11-19,Del Norte,015,27424,3734,3637,55,3692,42
2021-11-19,El Dorado,017,186661,16566,16308,1754,18062,161
2021-11-19,Fresno,019,978130,144580,142579,12972,155551,2233
2021-11-19,Glenn,021,27897,3558,3526,1029,4555,35
2021-11-19,Humboldt,023,135768,9426,9302,630,9932,115
2021-11-19,Imperial,025,180216,34800,34312,3387,37699,766
2021-11-19,Inyo,027,18085,2517,2467,38,2505,44
2021-11-19,Kern,029,883053,131406,129488,23243,152731,1750
2021-11-19,Kings,031,150075,33154,32720,1980,34700,354
2021-11-19,Lake,033,64148,6885,6808,153,6961,110
2021-11-19,Lassen,035,31185,7021,6931,401,7332,47
2021-11-19,Los Angeles,037,10098052,1461831,1448963,54790,1503753,26741
2021-11-19,Madera,039,155013,24066,23720,2221,25941,296
2021-11-19,Marin,041,260295,17915,17774,475,18249,248
2021-11-19,Mariposa,043,17540,1409,1354,58,1412,6
2021-11-19,Mendocino,045,87422,7945,7773,643,8416,89
2021-11-19,Merced,047,269075,42934,42692,2030,44722,656
2021-11-19,Modoc,049,8938,578,550,201,751,5
2021-11-19,Mono,051,14174,1810,1767,21,1788,4
2021-11-19,Monterey,053,433212,49441,48260,3069,51329,609
2021-11-19,Napa,055,140530,13274,13184,114,13298,103
2021-11-19,Nevada,057,99092,9628,9480,334,9814,92
2021-11-19,Orange,059,3164182,312351,309672,15593,325265,5658
2021-11-19,Placer,061,380077,38248,37800,3767,41567,462
2021-11-19,Plumas,063,18699,1913,1841,43,1884,7
2021-11-19,Riverside,065,2383286,371357,365809,16477,382286,5265
2021-11-19,Sacramento,067,1510023,162834,161533,4762,166295,2316
2021-11-19,San Benito,069,59416,7557,7533,173,7706,77
2021-11-19,San Bernardino,071,2135413,362219,358322,11433,369755,5897
2021-11-19,San Diego,073,3302833,382687,380147,22411,402558,4311
2021-11-19,San Francisco,075,870044,54209,53525,2358,55883,669
2021-11-19,San Joaquin,077,732212,101863,100922,5489,106411,1832
2021-11-19,San Luis Obispo,079,281455,30314,29815,1298,31113,355
2021-11-19,San Mateo,081,765935,55228,54132,915,55047,577
2021-11-19,Santa Barbara,083,443738,45463,45074,1575,46649,544
2021-11-19,Santa Clara,085,1922200,150426,148829,1448,150277,1917
2021-11-19,Santa Cruz,087,273765,21066,20756,1009,21765,222
2021-11-19,Shasta,089,179085,22284,21968,3661,25629,383
2021-11-19,Sierra,091,2930,196,191,21,212,0
2021-11-19,Siskiyou,093,43540,3416,3313,1320,4633,54
2021-11-19,Solano,095,438530,46720,46006,1307,47313,356
2021-11-19,Sonoma,097,501317,42495,42151,539,42690,403
2021-11-19,Stanislaus,099,539301,80393,80412,9016,89428,1205
2021-11-19,Sutter,101,95872,14103,14074,373,14447,181
2021-11-19,Tehama,103,63373,8737,8648,1512,10160,125
2021-11-19,Trinity,105,12862,885,771,217,988,17
2021-11-19,Tulare,107,460477,70363,69074,15546,84620,1054
2021-11-19,Tuolumne,109,53932,7575,7511,110,7621,90
2021-11-19,Ventura,111,848112,99702,98893,4320,103213,1186
2021-11-19,Yolo,113,214977,20350,20139,1108,21247,257
2021-11-19,Yuba,115,75493,10376,10290,361,10651,88
2021-11-18,Alameda,001,1643700,121628,121059,2803,123862,1473
2021-11-18,Alpine,003,1148,103,105,0,105,0
2021-11-18,Amador,005,37829,5669,5652,65,5717,66
2021-11-18,Butte,007,227075,21552,21265,3919,25184,300
2021-11-18,Calaveras,009,45235,4304,4268,58,4326,84
2021-11-18,Colusa,011,21464,2585,2549,654,3203,19
2021-11-18,Contra Costa,013,1133247,101190,100491,2233,102724,1043
2021-11-18,Del Norte,015,27424,3731,3637,55,3692,42
2021-11-18,El Dorado,017,186661,16546,16308,1751,18059,161
2021-11-18,Fresno,019,978130,144440,142579,12962,155541,2233
2021-11-18,Glenn,021,27897,3557,3526,1028,4554,35
2021-11-18,Humboldt,023,135768,9409,9302,625,9927,115
2021-11-18,Imperial,025,180216,34745,34312,3371,37683,766
2021-11-18,Inyo,027,18085,2509,2467,38,2505,44
2021-11-18,Kern,029,883053,131260,129488,23196,152684,1750
2021-11-18,Kings,031,150075,33117,32720,1977,34697,354
2021-11-18,Lake,033,64148,6880,6808,153,6961,110
2021-11-18,Lassen,035,31185,7018,6931,396,7327,47
2021-11-18,Los Angeles,037,10098052,1460840,1448963,54729,1503692,26741
2021-11-18,Madera,039,155013,24041,23720,2217,25937,296
2021-11-18,Marin,041,260295,17898,17774,471,18245,248
2021-11-18,Mariposa,043,17540,1406,1354,58,1412,6
2021-11-18,Mendocino,045,87422,7923,7773,634,8407,89
2021-11-18,Merced,047,269075,42877,42692,2028,44720,656
2021-11-18,Modoc,049,8938,566,550,201,751,5
2021-11-18,Mono,051,14174,1802,1767,21,1788,4
2021-11-18,Monterey,053,433212,49416,48260,3064,51324,609
2021-11-18,Napa,055,140530,13262,13184,113,13297,103
2021-11-18,Nevada,057,99092,9604,9480,334,9814,92
2021-11-18,Orange,059,3164182,312114,309672,15573,325245,5658
2021-11-18,Placer,061,380077,38205,37800,3756,41556,462
2021-11-18,Plumas,063,18699,1912,1841,43,1884,7
2021-11-18,Riverside,065,2383286,370984,365809,16464,382273,5265
2021-11-18,Sacramento,067,1510023,162606,161533,4747,166280,2316
2021-11-18,San Benito,069,59416,7547,7533,173,7706,77
2021-11-18,San Bernardino,071,2135413,361787,358322,11414,369736,5897
2021-11-18,San Diego,073,3302833,382189,380147,22395,402542,4311
2021-11-18,San Francisco,075,870044,54157,53525,2354,55879,669
2021-11-18,San Joaquin,077,732212,101770,100922,5480,106402,1832
2021-11-18,San Luis Obispo,079,281455,30284,29815,1297,31112,355
2021-11-18,San Mateo,081,765935,55169,54132,912,55044,577
2021-11-18,Santa Barbara,083,443738,45417,45074,1568,46642,544
2021-11-18,Santa Clara,085,1922200,150239,148829,1440,150269,1917
2021-11-18,Santa Cruz,087,273765,21015,20756,1008,21764,222
2021-11-18,Shasta,089,179085,22248,21968,3656,25624,383
2021-11-18,Sierra,091,2930,195,191,21,212,0
2021-11-18,Siskiyou,093,43540,3416,3313,1316,4629,54
2021-11-18,Solano,095,438530,46678,46006,1304,47310,356
2021-11-18,Sonoma,097,501317,42446,42151,537,42688,403
2021-11-18,Stanislaus,099,539301,80326,80412,9008,89420,1205
2021-11-18,Sutter,101,95872,14092,14074,372,14446,181
2021-11-18,Tehama,103,63373,8732,8648,1512,10160,125
2021-11-18,Trinity,105,12862,884,771,217,988,17
2021-11-18,Tulare,107,460477,70289,69074,15502,84576,1054
2021-11-18,Tuolumne,109,53932,7565,7511,110,7621,90
2021-11-18,Ventura,111,848112,99625,98893,4316,103209,1186
2021-11-18,Yolo,113,214977,20333,20139,1104,21243,257
2021-11-18,Yuba,115,75493,10370,10290,361,10651,88
2021-11-17,Alameda,001,1643700,121506,120913,2802,123715,1472
2021-11-17,Alpine,003,1148,103,105,0,105,0
2021-11-17,Amador,005,37829,5663,5646,65,5711,66
2021-11-17,Butte,007,227075,21526,21230,3916,25146,300
2021-11-17,Calaveras,009,45235,4297,4259,58,4317,84
2021-11-17,Colusa,011,21464,2582,2546,653,3199,19
2021-11-17,Contra Costa,013,1133247,101098,100387,2229,102616,1039
2021-11-17,Del Norte,015,27424,3728,3630,55,3685,42
2021-11-17,El Dorado,017,186661,16526,16269,1750,18019,161
2021-11-17,Fresno,019,978130,144258,142366,12949,155315,2230
2021-11-17,Glenn,021,27897,3555,3527,1026,4553,34
2021-11-17,Humboldt,023,135768,9398,9270,622,9892,115
2021-11-17,Imperial,025,180216,34689,34256,3350,37606,766
2021-11-17,Inyo,027,18085,2503,2457,38,2495,44
2021-11-17,Kern,029,883053,131087,129307,23154,152461,1743
2021-11-17,Kings,031,150075,33090,32669,1973,34642,352
2021-11-17,Lake,033,64148,6876,6795,152,6947,110
2021-11-17,Lassen,035,31185,7016,6918,396,7314,47
2021-11-17,Los Angeles,037,10098052,1459740,1447947,54662,1502609,26721
2021-11-17,Madera,039,155013,24008,23673,2215,25888,287
2021-11-17,Marin,041,260295,17878,17757,469,18226,248
2021-11-17,Mariposa,043,17540,1402,1353,58,1411,6
2021-11-17,Mendocino,045,87422,7915,7735,633,8368,89
2021-11-17,Merced,047,269075,42818,42612,2023,44635,654
2021-11-17,Modoc,049,8938,562,540,201,741,5
2021-11-17,Mono,051,14174,1798,1765,21,1786,5
2021-11-17,Monterey,053,433212,49368,48221,3053,51274,609
2021-11-17,Napa,055,140530,13239,13167,113,13280,103
2021-11-17,Nevada,057,99092,9591,9447,334,9781,92
2021-11-17,Orange,059,3164182,311867,309396,15539,324935,5651
2021-11-17,Placer,061,380077,38157,37725,3748,41473,460
2021-11-17,Plumas,063,18699,1907,1833,43,1876,7
2021-11-17,Riverside,065,2383286,370573,365406,16451,381857,5229
2021-11-17,Sacramento,067,1510023,162436,161269,4740,166009,2302
2021-11-17,San Benito,069,59416,7540,7524,173,7697,77
2021-11-17,San Bernardino,071,2135413,361422,357947,11397,369344,5893
2021-11-17,San Diego,073,3302833,381698,379769,22369,402138,4301
2021-11-17,San Francisco,075,870044,54102,53469,2351,55820,667
2021-11-17,San Joaquin,077,732212,101668,100764,5475,106239,1828
2021-11-17,San Luis Obispo,079,281455,30258,29731,1294,31025,354
2021-11-17,San Mateo,081,765935,55101,54092,909,55001,577
2021-11-17,Santa Barbara,083,443738,45378,45000,1568,46568,542
2021-11-17,Santa Clara,085,1922200,150075,148626,1432,150058,1915
2021-11-17,Santa Cruz,087,273765,20980,20700,1008,21708,222
2021-11-17,Shasta,089,179085,22215,21883,3654,25537,382
2021-11-17,Sierra,091,2930,194,189,21,210,0
2021-11-17,Siskiyou,093,43540,3412,3307,1313,4620,54
2021-11-17,Solano,095,438530,46645,45948,1303,47251,353
2021-11-17,Sonoma,097,501317,42400,42093,534,42627,403
2021-11-17,Stanislaus,099,539301,80237,80276,8998,89274,1199
2021-11-17,Sutter,101,95872,14078,14064,370,14434,181
2021-11-17,Tehama,103,63373,8722,8633,1509,10142,125
2021-11-17,Trinity,105,12862,883,765,217,982,17
2021-11-17,Tulare,107,460477,70218,68977,15475,84452,1047
2021-11-17,Tuolumne,109,53932,7548,7485,110,7595,90
2021-11-17,Ventura,111,848112,99563,98812,4310,103122,1183
2021-11-17,Yolo,113,214977,20314,20100,1101,21201,257
2021-11-17,Yuba,115,75493,10358,10275,357,10632,88
2021-11-16,Alameda,001,1643700,121397,120809,2798,123607,1467
2021-11-16,Alpine,003,1148,103,105,0,105,0
2021-11-16,Amador,005,37829,5657,5644,65,5709,66
2021-11-16,Butte,007,227075,21500,21208,3911,25119,297
2021-11-16,Calaveras,009,45235,4288,4249,58,4307,83
2021-11-16,Colusa,011,21464,2576,2538,653,3191,19
2021-11-16,Contra Costa,013,1133247,100977,100320,2226,102546,1038
2021-11-16,Del Norte,015,27424,3722,3630,55,3685,42
2021-11-16,El Dorado,017,186661,16501,16248,1748,17996,159
2021-11-16,Fresno,019,978130,144072,142200,12927,155127,2218
2021-11-16,Glenn,021,27897,3554,3527,1023,4550,34
2021-11-16,Humboldt,023,135768,9377,9252,618,9870,115
2021-11-16,Imperial,025,180216,34605,34177,3336,37513,766
2021-11-16,Inyo,027,18085,2496,2449,38,2487,42
2021-11-16,Kern,029,883053,130927,129136,23093,152229,1735
2021-11-16,Kings,031,150075,33038,32614,1966,34580,350
2021-11-16,Lake,033,64148,6871,6789,152,6941,110
2021-11-16,Lassen,035,31185,7006,6915,396,7311,47
2021-11-16,Los Angeles,037,10098052,1458566,1446815,54590,1501405,26703
2021-11-16,Madera,039,155013,23970,23642,2209,25851,287
2021-11-16,Marin,041,260295,17859,17736,468,18204,248
2021-11-16,Mariposa,043,17540,1394,1349,57,1406,6
2021-11-16,Mendocino,045,87422,7873,7723,629,8352,89
2021-11-16,Merced,047,269075,42781,42578,2016,44594,653
2021-11-16,Modoc,049,8938,561,539,200,739,5
2021-11-16,Mono,051,14174,1789,1767,21,1788,4
2021-11-16,Monterey,053,433212,49338,48195,3039,51234,609
2021-11-16,Napa,055,140530,13228,13151,113,13264,103
2021-11-16,Nevada,057,99092,9574,9435,333,9768,92
2021-11-16,Orange,059,3164182,311600,309170,15505,324675,5651
2021-11-16,Placer,061,380077,38115,37676,3742,41418,459
2021-11-16,Plumas,063,18699,1898,1832,43,1875,7
2021-11-16,Riverside,065,2383286,370151,365078,16429,381507,5208
2021-11-16,Sacramento,067,1510023,162256,161102,4728,165830,2299
2021-11-16,San Benito,069,59416,7526,7513,173,7686,77
2021-11-16,San Bernardino,071,2135413,361001,357528,11344,368872,5901
2021-11-16,San Diego,073,3302833,381143,379435,22342,401777,4287
2021-11-16,San Francisco,075,870044,54029,53415,2343,55758,667
2021-11-16,San Joaquin,077,732212,101528,100637,5460,106097,1807
2021-11-16,San Luis Obispo,079,281455,30226,29703,1291,30994,356
2021-11-16,San Mateo,081,765935,55039,54034,907,54941,577
2021-11-16,Santa Barbara,083,443738,45310,44932,1565,46497,539
2021-11-16,Santa Clara,085,1922200,149894,148452,1420,149872,1916
2021-11-16,Santa Cruz,087,273765,20935,20684,1006,21690,222
2021-11-16,Shasta,089,179085,22176,21853,3650,25503,379
2021-11-16,Sierra,091,2930,194,189,21,210,0
2021-11-16,Siskiyou,093,43540,3409,3304,1311,4615,54
2021-11-16,Solano,095,438530,46605,45908,1302,47210,351
2021-11-16,Sonoma,097,501317,42351,42056,533,42589,401
2021-11-16,Stanislaus,099,539301,80142,80214,8975,89189,1196
2021-11-16,Sutter,101,95872,14066,14058,369,14427,181
2021-11-16,Tehama,103,63373,8715,8621,1502,10123,125
2021-11-16,Trinity,105,12862,883,762,216,978,17
2021-11-16,Tulare,107,460477,70138,68881,15440,84321,1039
2021-11-16,Tuolumne,109,53932,7538,7478,110,7588,90
2021-11-16,Ventura,111,848112,99488,98731,4307,103038,1183
2021-11-16,Yolo,113,214977,20275,20077,1099,21176,257
2021-11-16,Yuba,115,75493,10350,10262,355,10617,85
2021-11-15,Alameda,001,1643700,121241,120731,2794,123525,1464
2021-11-15,Alpine,003,1148,103,105,0,105,0
2021-11-15,Amador,005,37829,5652,5637,65,5702,66
2021-11-15,Butte,007,227075,21476,21182,3906,25088,296
2021-11-15,Calaveras,009,45235,4274,4237,58,4295,83
2021-11-15,Colusa,011,21464,2569,2535,650,3185,19
2021-11-15,Contra Costa,013,1133247,100871,100251,2223,102474,1038
2021-11-15,Del Norte,015,27424,3717,3630,54,3684,42
2021-11-15,El Dorado,017,186661,16477,16236,1744,17980,159
2021-11-15,Fresno,019,978130,143850,142015,12905,154920,2210
2021-11-15,Glenn,021,27897,3552,3526,1023,4549,34
2021-11-15,Humboldt,023,135768,9355,9230,610,9840,115
2021-11-15,Imperial,025,180216,34532,34130,3320,37450,766
2021-11-15,Inyo,027,18085,2491,2442,38,2480,42
2021-11-15,Kern,029,883053,130718,128928,23023,151951,1730
2021-11-15,Kings,031,150075,33004,32584,1961,34545,348
2021-11-15,Lake,033,64148,6867,6784,152,6936,109
2021-11-15,Lassen,035,31185,6995,6915,394,7309,47
2021-11-15,Los Angeles,037,10098052,1457376,1446114,54527,1500641,26677
2021-11-15,Madera,039,155013,23932,23605,2198,25803,287
2021-11-15,Marin,041,260295,17842,17723,467,18190,248
2021-11-15,Mariposa,043,17540,1393,1347,55,1402,6
2021-11-15,Mendocino,045,87422,7853,7694,623,8317,89
2021-11-15,Merced,047,269075,42724,42552,2005,44557,648
2021-11-15,Modoc,049,8938,560,538,199,737,5
2021-11-15,Mono,051,14174,1784,1763,21,1784,4
2021-11-15,Monterey,053,433212,49306,48154,3033,51187,609
2021-11-15,Napa,055,140530,13220,13143,113,13256,103
2021-11-15,Nevada,057,99092,9545,9420,332,9752,92
2021-11-15,Orange,059,3164182,311323,308859,15480,324339,5646
2021-11-15,Placer,061,380077,38051,37610,3738,41348,452
2021-11-15,Plumas,063,18699,1891,1829,43,1872,7
2021-11-15,Riverside,065,2383286,369705,364750,16410,381160,5199
2021-11-15,Sacramento,067,1510023,162036,160937,4716,165653,2293
2021-11-15,San Benito,069,59416,7521,7511,172,7683,77
2021-11-15,San Bernardino,071,2135413,360576,357306,11325,368631,5898
2021-11-15,San Diego,073,3302833,380606,378845,22317,401162,4284
2021-11-15,San Francisco,075,870044,53962,53374,2340,55714,667
2021-11-15,San Joaquin,077,732212,101374,100587,5449,106036,1799
2021-11-15,San Luis Obispo,079,281455,30183,29669,1279,30948,351
2021-11-15,San Mateo,081,765935,54986,54010,905,54915,576
2021-11-15,Santa Barbara,083,443738,45254,44879,1559,46438,539
2021-11-15,Santa Clara,085,1922200,149677,148313,1413,149726,1914
2021-11-15,Santa Cruz,087,273765,20893,20630,1005,21635,223
2021-11-15,Shasta,089,179085,22131,21779,3645,25424,374
2021-11-15,Sierra,091,2930,194,189,21,210,0
2021-11-15,Siskiyou,093,43540,3402,3302,1309,4611,54
2021-11-15,Solano,095,438530,46566,45885,1297,47182,351
2021-11-15,Sonoma,097,501317,42300,42021,532,42553,401
2021-11-15,Stanislaus,099,539301,80057,80129,8961,89090,1174
2021-11-15,Sutter,101,95872,14053,14043,368,14411,181
2021-11-15,Tehama,103,63373,8709,8615,1501,10116,125
2021-11-15,Trinity,105,12862,881,757,214,971,17
2021-11-15,Tulare,107,460477,70051,68826,15395,84221,1039
2021-11-15,Tuolumne,109,53932,7527,7461,110,7571,90
2021-11-15,Ventura,111,848112,99404,98605,4302,102907,1183
2021-11-15,Yolo,113,214977,20245,20065,1094,21159,255
2021-11-15,Yuba,115,75493,10331,10254,351,10605,85
2021-11-14,Alameda,001,1643700,121067,120629,2790,123419,1461
2021-11-14,Alpine,003,1148,102,105,0,105,0
2021-11-14,Amador,005,37829,5645,5632,64,5696,66
2021-11-14,Butte,007,227075,21444,21146,3897,25043,296
2021-11-14,Calaveras,009,45235,4263,4222,58,4280,83
2021-11-14,Colusa,011,21464,2567,2532,647,3179,19
2021-11-14,Contra Costa,013,1133247,100763,100188,2221,102409,1038
2021-11-14,Del Norte,015,27424,3714,3629,54,3683,42
2021-11-14,El Dorado,017,186661,16435,16212,1739,17951,159
2021-11-14,Fresno,019,978130,143568,141869,12872,154741,2209
2021-11-14,Glenn,021,27897,3550,3521,1023,4544,34
2021-11-14,Humboldt,023,135768,9324,9215,600,9815,115
2021-11-14,Imperial,025,180216,34429,34078,3305,37383,766
2021-11-14,Inyo,027,18085,2479,2441,38,2479,42
2021-11-14,Kern,029,883053,130478,128842,22953,151795,1730
2021-11-14,Kings,031,150075,32947,32545,1954,34499,349
2021-11-14,Lake,033,64148,6859,6777,152,6929,109
2021-11-14,Lassen,035,31185,6985,6911,393,7304,47
2021-11-14,Los Angeles,037,10098052,1456008,1445284,54451,1499735,26667
2021-11-14,Madera,039,155013,23882,23566,2189,25755,287
2021-11-14,Marin,041,260295,17827,17712,467,18179,247
2021-11-14,Mariposa,043,17540,1383,1337,51,1388,6
2021-11-14,Mendocino,045,87422,7820,7684,618,8302,89
2021-11-14,Merced,047,269075,42634,42513,1999,44512,648
2021-11-14,Modoc,049,8938,558,538,199,737,5
2021-11-14,Mono,051,14174,1772,1760,21,1781,4
2021-11-14,Monterey,053,433212,49251,48135,3015,51150,609
2021-11-14,Napa,055,140530,13202,13132,113,13245,103
2021-11-14,Nevada,057,99092,9517,9408,332,9740,92
2021-11-14,Orange,059,3164182,311004,308699,15459,324158,5646
2021-11-14,Placer,061,380077,37971,37569,3728,41297,452
2021-11-14,Plumas,063,18699,1888,1829,42,1871,7
2021-11-14,Riverside,065,2383286,369207,364490,16393,380883,5199
2021-11-14,Sacramento,067,1510023,161799,160761,4699,165460,2295
2021-11-14,San Benito,069,59416,7510,7507,171,7678,77
2021-11-14,San Bernardino,071,2135413,359995,357014,11308,368322,5897
2021-11-14,San Diego,073,3302833,380009,377633,22286,399919,4280
2021-11-14,San Francisco,075,870044,53886,53338,2335,55673,667
2021-11-14,San Joaquin,077,732212,101246,100518,5444,105962,1799
2021-11-14,San Luis Obispo,079,281455,30102,29645,1275,30920,352
2021-11-14,San Mateo,081,765935,54933,53978,903,54881,576
2021-11-14,Santa Barbara,083,443738,45175,44842,1556,46398,539
2021-11-14,Santa Clara,085,1922200,149479,148152,1405,149557,1913
2021-11-14,Santa Cruz,087,273765,20839,20609,1003,21612,223
2021-11-14,Shasta,089,179085,22079,21771,3632,25403,373
2021-11-14,Sierra,091,2930,194,189,21,210,0
2021-11-14,Siskiyou,093,43540,3393,3302,1308,4610,54
2021-11-14,Solano,095,438530,46511,45860,1290,47150,351
2021-11-14,Sonoma,097,501317,42234,41974,530,42504,401
2021-11-14,Stanislaus,099,539301,79921,80076,8943,89019,1174
2021-11-14,Sutter,101,95872,14036,14031,363,14394,181
2021-11-14,Tehama,103,63373,8699,8607,1499,10106,125
2021-11-14,Trinity,105,12862,878,754,212,966,17
2021-11-14,Tulare,107,460477,69933,68772,15337,84109,1037
2021-11-14,Tuolumne,109,53932,7509,7439,109,7548,90
2021-11-14,Ventura,111,848112,99289,98550,4301,102851,1183
2021-11-14,Yolo,113,214977,20218,20040,1088,21128,255
2021-11-14,Yuba,115,75493,10324,10238,350,10588,85
2021-11-13,Alameda,001,1643700,120997,120407,2789,123196,1454
2021-11-13,Alpine,003,1148,102,105,0,105,0
2021-11-13,Amador,005,37829,5644,5614,64,5678,66
2021-11-13,Butte,007,227075,21423,21104,3894,24998,296
2021-11-13,Calaveras,009,45235,4252,4203,58,4261,83
2021-11-13,Colusa,011,21464,2565,2522,647,3169,19
2021-11-13,Contra Costa,013,1133247,100691,100004,2215,102219,1028
2021-11-13,Del Norte,015,27424,3714,3629,54,3683,42
2021-11-13,El Dorado,017,186661,16422,16163,1736,17899,159
2021-11-13,Fresno,019,978130,143461,141452,12858,154310,2205
2021-11-13,Glenn,021,27897,3550,3514,1022,4536,34
2021-11-13,Humboldt,023,135768,9308,9177,595,9772,115
2021-11-13,Imperial,025,180216,34379,33990,3288,37278,766
2021-11-13,Inyo,027,18085,2473,2436,38,2474,42
2021-11-13,Kern,029,883053,130376,128472,22909,151381,1719
2021-11-13,Kings,031,150075,32930,32452,1953,34405,347
2021-11-13,Lake,033,64148,6854,6769,152,6921,109
2021-11-13,Lassen,035,31185,6980,6897,393,7290,47
2021-11-13,Los Angeles,037,10098052,1455352,1443088,54412,1497500,26649
2021-11-13,Madera,039,155013,23851,23462,2184,25646,287
2021-11-13,Marin,041,260295,17814,17684,465,18149,247
2021-11-13,Mariposa,043,17540,1380,1323,51,1374,6
2021-11-13,Mendocino,045,87422,7801,7652,617,8269,89
2021-11-13,Merced,047,269075,42596,42411,1996,44407,644
2021-11-13,Modoc,049,8938,557,536,199,735,5
2021-11-13,Mono,051,14174,1768,1750,21,1771,4
2021-11-13,Monterey,053,433212,49225,48087,3013,51100,609
2021-11-13,Napa,055,140530,13194,13110,113,13223,103
2021-11-13,Nevada,057,99092,9497,9369,330,9699,92
2021-11-13,Orange,059,3164182,310837,308211,15431,323642,5641
2021-11-13,Placer,061,380077,37921,37453,3725,41178,445
2021-11-13,Plumas,063,18699,1885,1828,42,1870,8
2021-11-13,Riverside,065,2383286,368901,363801,16386,380187,5187
2021-11-13,Sacramento,067,1510023,161662,160397,4687,165084,2291
2021-11-13,San Benito,069,59416,7497,7491,170,7661,77
2021-11-13,San Bernardino,071,2135413,359742,356325,11301,367626,5873
2021-11-13,San Diego,073,3302833,379679,377633,22258,399891,4280
2021-11-13,San Francisco,075,870044,53854,53195,2334,55529,667
2021-11-13,San Joaquin,077,732212,101189,100263,5435,105698,1799
2021-11-13,San Luis Obispo,079,281455,30072,29589,1273,30862,351
2021-11-13,San Mateo,081,765935,54895,53853,902,54755,574
2021-11-13,Santa Barbara,083,443738,45142,44734,1556,46290,537
2021-11-13,Santa Clara,085,1922200,149359,147821,1400,149221,1905
2021-11-13,Santa Cruz,087,273765,20824,20565,1002,21567,223
2021-11-13,Shasta,089,179085,22048,21713,3628,25341,366
2021-11-13,Sierra,091,2930,193,188,21,209,0
2021-11-13,Siskiyou,093,43540,3384,3299,1307,4606,54
2021-11-13,Solano,095,438530,46482,45774,1286,47060,350
2021-11-13,Sonoma,097,501317,42200,41882,529,42411,399
2021-11-13,Stanislaus,099,539301,79846,79872,8929,88801,1174
2021-11-13,Sutter,101,95872,14026,14017,362,14379,181
2021-11-13,Tehama,103,63373,8693,8592,1495,10087,125
2021-11-13,Trinity,105,12862,877,749,212,961,17
2021-11-13,Tulare,107,460477,69868,68619,15314,83933,1033
2021-11-13,Tuolumne,109,53932,7491,7392,109,7501,90
2021-11-13,Ventura,111,848112,99231,98452,4298,102750,1183
2021-11-13,Yolo,113,214977,20204,20009,1083,21092,255
2021-11-13,Yuba,115,75493,10314,10218,348,10566,85
2021-11-12,Alameda,001,1643700,120913,120407,2786,123193,1454
2021-11-12,Alpine,003,1148,102,105,0,105,0
2021-11-12,Amador,005,37829,5640,5614,63,5677,66
2021-11-12,Butte,007,227075,21405,21104,3890,24994,296
2021-11-12,Calaveras,009,45235,4241,4203,58,4261,83
2021-11-12,Colusa,011,21464,2561,2522,646,3168,19
2021-11-12,Contra Costa,013,1133247,100637,100004,2214,102218,1028
2021-11-12,Del Norte,015,27424,3714,3629,54,3683,42
2021-11-12,El Dorado,017,186661,16403,16163,1735,17898,159
2021-11-12,Fresno,019,978130,143318,141452,12845,154297,2205
2021-11-12,Glenn,021,27897,3547,3514,1021,4535,34
2021-11-12,Humboldt,023,135768,9301,9177,593,9770,115
2021-11-12,Imperial,025,180216,34353,33990,3278,37268,766
2021-11-12,Inyo,027,18085,2469,2436,38,2474,42
2021-11-12,Kern,029,883053,130239,128472,22877,151349,1719
2021-11-12,Kings,031,150075,32904,32452,1951,34403,347
2021-11-12,Lake,033,64148,6850,6769,152,6921,109
2021-11-12,Lassen,035,31185,6976,6897,392,7289,47
2021-11-12,Los Angeles,037,10098052,1454625,1443088,54367,1497455,26649
2021-11-12,Madera,039,155013,23822,23462,2179,25641,287
2021-11-12,Marin,041,260295,17798,17684,464,18148,247
2021-11-12,Mariposa,043,17540,1373,1323,51,1374,6
2021-11-12,Mendocino,045,87422,7789,7652,614,8266,89
2021-11-12,Merced,047,269075,42567,42411,1994,44405,644
2021-11-12,Modoc,049,8938,556,536,199,735,5
2021-11-12,Mono,051,14174,1766,1750,21,1771,4
2021-11-12,Monterey,053,433212,49193,48087,3007,51094,609
2021-11-12,Napa,055,140530,13185,13110,113,13223,103
2021-11-12,Nevada,057,99092,9483,9369,329,9698,92
2021-11-12,Orange,059,3164182,310649,308211,15413,323624,5641
2021-11-12,Placer,061,380077,37882,37453,3722,41175,445
2021-11-12,Plumas,063,18699,1879,1828,42,1870,8
2021-11-12,Riverside,065,2383286,368634,363801,16382,380183,5187
2021-11-12,Sacramento,067,1510023,161503,160397,4682,165079,2291
2021-11-12,San Benito,069,59416,7497,7491,170,7661,77
2021-11-12,San Bernardino,071,2135413,359433,356325,11291,367616,5873
2021-11-12,San Diego,073,3302833,379312,377633,22236,399869,4280
2021-11-12,San Francisco,075,870044,53820,53195,2330,55525,667
2021-11-12,San Joaquin,077,732212,101144,100263,5428,105691,1799
2021-11-12,San Luis Obispo,079,281455,30043,29589,1272,30861,351
2021-11-12,San Mateo,081,765935,54845,53853,899,54752,574
2021-11-12,Santa Barbara,083,443738,45087,44734,1555,46289,537
2021-11-12,Santa Clara,085,1922200,149217,147821,1396,149217,1905
2021-11-12,Santa Cruz,087,273765,20796,20565,1000,21565,223
2021-11-12,Shasta,089,179085,22015,21713,3625,25338,366
2021-11-12,Sierra,091,2930,192,188,21,209,0
2021-11-12,Siskiyou,093,43540,3383,3299,1305,4604,54
2021-11-12,Solano,095,438530,46455,45774,1282,47056,350
2021-11-12,Sonoma,097,501317,42160,41882,529,42411,399
2021-11-12,Stanislaus,099,539301,79794,79872,8921,88793,1174
2021-11-12,Sutter,101,95872,14019,14017,362,14379,181
2021-11-12,Tehama,103,63373,8689,8592,1494,10086,125
2021-11-12,Trinity,105,12862,870,749,212,961,17
2021-11-12,Tulare,107,460477,69826,68619,15279,83898,1033
2021-11-12,Tuolumne,109,53932,7478,7392,108,7500,90
2021-11-12,Ventura,111,848112,99166,98452,4297,102749,1183
2021-11-12,Yolo,113,214977,20190,20009,1077,21086,255
2021-11-12,Yuba,115,75493,10305,10218,347,10565,85
2021-11-11,Alameda,001,1643700,120799,120147,2778,122925,1453
2021-11-11,Alpine,003,1148,102,105,0,105,0
2021-11-11,Amador,005,37829,5637,5603,62,5665,66
2021-11-11,Butte,007,227075,21362,21047,3883,24930,293
2021-11-11,Calaveras,009,45235,4223,4179,58,4237,83
2021-11-11,Colusa,011,21464,2553,2518,644,3162,19
2021-11-11,Contra Costa,013,1133247,100533,99808,2210,102018,1028
2021-11-11,Del Norte,015,27424,3712,3622,54,3676,42
2021-11-11,El Dorado,017,186661,16369,16085,1732,17817,159
2021-11-11,Fresno,019,978130,143113,140833,12811,153644,2202
2021-11-11,Glenn,021,27897,3545,3503,1020,4523,34
2021-11-11,Humboldt,023,135768,9278,9125,590,9715,115
2021-11-11,Imperial,025,180216,34284,33844,3256,37100,766
2021-11-11,Inyo,027,18085,2464,2428,38,2466,42
2021-11-11,Kern,029,883053,130054,128023,22814,150837,1709
2021-11-11,Kings,031,150075,32854,32318,1949,34267,345
2021-11-11,Lake,033,64148,6843,6745,152,6897,107
2021-11-11,Lassen,035,31185,6970,6875,392,7267,47
2021-11-11,Los Angeles,037,10098052,1453530,1440436,54309,1494745,26614
2021-11-11,Madera,039,155013,23774,23316,2171,25487,287
2021-11-11,Marin,041,260295,17788,17639,464,18103,247
2021-11-11,Mariposa,043,17540,1363,1317,51,1368,6
2021-11-11,Mendocino,045,87422,7774,7612,605,8217,89
2021-11-11,Merced,047,269075,42511,42292,1991,44283,643
2021-11-11,Modoc,049,8938,554,536,199,735,5
2021-11-11,Mono,051,14174,1762,1743,21,1764,4
2021-11-11,Monterey,053,433212,49158,48008,2995,51003,609
2021-11-11,Napa,055,140530,13177,13075,113,13188,103
2021-11-11,Nevada,057,99092,9461,9308,329,9637,92
2021-11-11,Orange,059,3164182,310376,307674,15376,323050,5633
2021-11-11,Placer,061,380077,37831,37333,3714,41047,440
2021-11-11,Plumas,063,18699,1875,1814,42,1856,7
2021-11-11,Riverside,065,2383286,368200,362930,16364,379294,5175
2021-11-11,Sacramento,067,1510023,161291,159962,4663,164625,2289
2021-11-11,San Benito,069,59416,7489,7473,170,7643,76
2021-11-11,San Bernardino,071,2135413,359003,355413,11278,366691,5849
2021-11-11,San Diego,073,3302833,378803,376428,22213,398641,4272
2021-11-11,San Francisco,075,870044,53761,53063,2329,55392,666
2021-11-11,San Joaquin,077,732212,101049,99937,5412,105349,1799
2021-11-11,San Luis Obispo,079,281455,29992,29532,1270,30802,351
2021-11-11,San Mateo,081,765935,54796,53722,894,54616,574
2021-11-11,Santa Barbara,083,443738,45030,44603,1552,46155,534
2021-11-11,Santa Clara,085,1922200,149035,147458,1390,148848,1901
2021-11-11,Santa Cruz,087,273765,20751,20479,1000,21479,222
2021-11-11,Shasta,089,179085,21968,21600,3623,25223,364
2021-11-11,Sierra,091,2930,191,186,21,207,0
2021-11-11,Siskiyou,093,43540,3377,3297,1304,4601,53
2021-11-11,Solano,095,438530,46418,45679,1281,46960,350
2021-11-11,Sonoma,097,501317,42123,41774,529,42303,395
2021-11-11,Stanislaus,099,539301,79712,79570,8905,88475,1166
2021-11-11,Sutter,101,95872,14005,13993,361,14354,181
2021-11-11,Tehama,103,63373,8677,8565,1492,10057,125
2021-11-11,Trinity,105,12862,869,748,212,960,17
2021-11-11,Tulare,107,460477,69733,68367,15243,83610,1028
2021-11-11,Tuolumne,109,53932,7465,7354,108,7462,90
2021-11-11,Ventura,111,848112,99088,98297,4290,102587,1182
2021-11-11,Yolo,113,214977,20163,19946,1075,21021,255
2021-11-11,Yuba,115,75493,10289,10191,347,10538,85
2021-11-10,Alameda,001,1643700,120690,120147,2769,122916,1453
2021-11-10,Alpine,003,1148,102,105,0,105,0
2021-11-10,Amador,005,37829,5631,5603,62,5665,66
2021-11-10,Butte,007,227075,21335,21047,3879,24926,293
2021-11-10,Calaveras,009,45235,4212,4179,58,4237,83
2021-11-10,Colusa,011,21464,2547,2518,644,3162,19
2021-11-10,Contra Costa,013,1133247,100450,99808,2206,102014,1028
2021-11-10,Del Norte,015,27424,3711,3622,54,3676,42
2021-11-10,El Dorado,017,186661,16353,16085,1731,17816,159
2021-11-10,Fresno,019,978130,142935,140833,12798,153631,2202
2021-11-10,Glenn,021,27897,3545,3503,1019,4522,34
2021-11-10,Humboldt,023,135768,9260,9125,590,9715,115
2021-11-10,Imperial,025,180216,34236,33844,3237,37081,766
2021-11-10,Inyo,027,18085,2457,2428,38,2466,42
2021-11-10,Kern,029,883053,129904,128023,22759,150782,1709
2021-11-10,Kings,031,150075,32821,32318,1947,34265,345
2021-11-10,Lake,033,64148,6833,6745,152,6897,107
2021-11-10,Lassen,035,31185,6965,6875,392,7267,47
2021-11-10,Los Angeles,037,10098052,1452580,1440436,54251,1494687,26614
2021-11-10,Madera,039,155013,23724,23316,2165,25481,287
2021-11-10,Marin,041,260295,17775,17639,462,18101,247
2021-11-10,Mariposa,043,17540,1357,1317,51,1368,6
2021-11-10,Mendocino,045,87422,7762,7612,604,8216,89
2021-11-10,Merced,047,269075,42476,42292,1989,44281,643
2021-11-10,Modoc,049,8938,553,536,198,734,5
2021-11-10,Mono,051,14174,1760,1743,21,1764,4
2021-11-10,Monterey,053,433212,49124,48008,2984,50992,609
2021-11-10,Napa,055,140530,13163,13075,112,13187,103
2021-11-10,Nevada,057,99092,9454,9308,327,9635,92
2021-11-10,Orange,059,3164182,310113,307674,15344,323018,5633
2021-11-10,Placer,061,380077,37785,37333,3707,41040,440
2021-11-10,Plumas,063,18699,1869,1814,41,1855,7
2021-11-10,Riverside,065,2383286,367819,362930,16358,379288,5175
2021-11-10,Sacramento,067,1510023,161136,159962,4653,164615,2289
2021-11-10,San Benito,069,59416,7481,7473,170,7643,76
2021-11-10,San Bernardino,071,2135413,358662,355413,11271,366684,5849
2021-11-10,San Diego,073,3302833,378399,376428,22191,398619,4272
2021-11-10,San Francisco,075,870044,53700,53063,2326,55389,666
2021-11-10,San Joaquin,077,732212,100943,99937,5407,105344,1799
2021-11-10,San Luis Obispo,079,281455,29961,29532,1269,30801,351
2021-11-10,San Mateo,081,765935,54743,53722,893,54615,574
2021-11-10,Santa Barbara,083,443738,44992,44603,1551,46154,534
2021-11-10,Santa Clara,085,1922200,148888,147458,1384,148842,1901
2021-11-10,Santa Cruz,087,273765,20724,20479,999,21478,222
2021-11-10,Shasta,089,179085,21932,21600,3621,25221,364
2021-11-10,Sierra,091,2930,190,186,21,207,0
2021-11-10,Siskiyou,093,43540,3375,3297,1304,4601,53
2021-11-10,Solano,095,438530,46388,45679,1279,46958,350
2021-11-10,Sonoma,097,501317,42072,41774,529,42303,395
2021-11-10,Stanislaus,099,539301,79610,79570,8889,88459,1166
2021-11-10,Sutter,101,95872,13997,13993,361,14354,181
2021-11-10,Tehama,103,63373,8665,8565,1486,10051,125
2021-11-10,Trinity,105,12862,865,748,211,959,17
2021-11-10,Tulare,107,460477,69673,68367,15204,83571,1028
2021-11-10,Tuolumne,109,53932,7441,7354,108,7462,90
2021-11-10,Ventura,111,848112,99017,98297,4290,102587,1182
2021-11-10,Yolo,113,214977,20144,19946,1074,21020,255
2021-11-10,Yuba,115,75493,10280,10191,347,10538,85
2021-11-09,Alameda,001,1643700,120553,120051,2760,122811,1450
2021-11-09,Alpine,003,1148,102,105,0,105,0
2021-11-09,Amador,005,37829,5625,5596,62,5658,66
2021-11-09,Butte,007,227075,21312,21022,3875,24897,291
2021-11-09,Calaveras,009,45235,4208,4174,58,4232,84
2021-11-09,Colusa,011,21464,2542,2517,643,3160,19
2021-11-09,Contra Costa,013,1133247,100355,99732,2198,101930,1028
2021-11-09,Del Norte,015,27424,3710,3620,54,3674,42
2021-11-09,El Dorado,017,186661,16315,16073,1726,17799,160
2021-11-09,Fresno,019,978130,142689,140666,12783,153449,2188
2021-11-09,Glenn,021,27897,3540,3499,1018,4517,34
2021-11-09,Humboldt,023,135768,9239,9112,585,9697,115
2021-11-09,Imperial,025,180216,34183,33751,3223,36974,766
2021-11-09,Inyo,027,18085,2453,2404,38,2442,42
2021-11-09,Kern,029,883053,129658,127901,22697,150598,1694
2021-11-09,Kings,031,150075,32754,32279,1943,34222,344
2021-11-09,Lake,033,64148,6824,6743,152,6895,106
2021-11-09,Lassen,035,31185,6953,6846,392,7238,47
2021-11-09,Los Angeles,037,10098052,1451318,1439125,54189,1493314,26581
2021-11-09,Madera,039,155013,23674,23285,2156,25441,287
2021-11-09,Marin,041,260295,17756,17630,460,18090,247
2021-11-09,Mariposa,043,17540,1349,1317,51,1368,5
2021-11-09,Mendocino,045,87422,7739,7598,598,8196,85
2021-11-09,Merced,047,269075,42435,42251,1983,44234,613
2021-11-09,Modoc,049,8938,552,536,196,732,5
2021-11-09,Mono,051,14174,1755,1738,21,1759,4
2021-11-09,Monterey,053,433212,49088,47975,2960,50935,609
2021-11-09,Napa,055,140530,13145,13051,112,13163,103
2021-11-09,Nevada,057,99092,9435,9288,327,9615,92
2021-11-09,Orange,059,3164182,309829,307412,15317,322729,5621
2021-11-09,Placer,061,380077,37730,37291,3690,40981,440
2021-11-09,Plumas,063,18699,1867,1802,41,1843,7
2021-11-09,Riverside,065,2383286,367353,362557,16344,378901,5160
2021-11-09,Sacramento,067,1510023,160894,159856,4644,164500,2286
2021-11-09,San Benito,069,59416,7471,7471,169,7640,76
2021-11-09,San Bernardino,071,2135413,358214,354972,11254,366226,5839
2021-11-09,San Diego,073,3302833,377904,375997,22165,398162,4272
2021-11-09,San Francisco,075,870044,53626,52996,2320,55316,666
2021-11-09,San Joaquin,077,732212,100769,99848,5394,105242,1794
2021-11-09,San Luis Obispo,079,281455,29919,29488,1268,30756,350
2021-11-09,San Mateo,081,765935,54696,53697,884,54581,574
2021-11-09,Santa Barbara,083,443738,44925,44579,1544,46123,533
2021-11-09,Santa Clara,085,1922200,148682,147281,1377,148658,1901
2021-11-09,Santa Cruz,087,273765,20690,20463,998,21461,222
2021-11-09,Shasta,089,179085,21877,21558,3616,25174,364
2021-11-09,Sierra,091,2930,190,186,21,207,0
2021-11-09,Siskiyou,093,43540,3373,3295,1302,4597,52
2021-11-09,Solano,095,438530,46333,45639,1278,46917,350
2021-11-09,Sonoma,097,501317,42015,41727,527,42254,395
2021-11-09,Stanislaus,099,539301,79504,79505,8872,88377,1165
2021-11-09,Sutter,101,95872,13982,13988,359,14347,180
2021-11-09,Tehama,103,63373,8647,8555,1484,10039,125
2021-11-09,Trinity,105,12862,864,746,211,957,17
2021-11-09,Tulare,107,460477,69567,68298,15165,83463,1024
2021-11-09,Tuolumne,109,53932,7421,7347,108,7455,90
2021-11-09,Ventura,111,848112,98939,98202,4285,102487,1182
2021-11-09,Yolo,113,214977,20120,19931,1070,21001,255
2021-11-09,Yuba,115,75493,10263,10175,341,10516,85
2021-11-08,Alameda,001,1643700,120410,119983,2754,122737,1447
2021-11-08,Alpine,003,1148,102,105,0,105,0
2021-11-08,Amador,005,37829,5619,5590,62,5652,66
2021-11-08,Butte,007,227075,21284,21000,3866,24866,288
2021-11-08,Calaveras,009,45235,4200,4166,58,4224,82
2021-11-08,Colusa,011,21464,2541,2514,642,3156,19
2021-11-08,Contra Costa,013,1133247,100251,99669,2194,101863,1028
2021-11-08,Del Norte,015,27424,3706,3619,54,3673,42
2021-11-08,El Dorado,017,186661,16296,16055,1721,17776,156
2021-11-08,Fresno,019,978130,142388,140466,12761,153227,2179
2021-11-08,Glenn,021,27897,3538,3496,1014,4510,34
2021-11-08,Humboldt,023,135768,9213,9095,575,9670,109
2021-11-08,Imperial,025,180216,34103,33690,3205,36895,766
2021-11-08,Inyo,027,18085,2446,2398,38,2436,41
2021-11-08,Kern,029,883053,129422,127722,22614,150336,1692
2021-11-08,Kings,031,150075,32708,32248,1942,34190,344
2021-11-08,Lake,033,64148,6818,6737,152,6889,106
2021-11-08,Lassen,035,31185,6946,6830,390,7220,46
2021-11-08,Los Angeles,037,10098052,1449973,1438322,54131,1492453,26575
2021-11-08,Madera,039,155013,23625,23253,2145,25398,287
2021-11-08,Marin,041,260295,17739,17617,457,18074,247
2021-11-08,Mariposa,043,17540,1341,1316,50,1366,5
2021-11-08,Mendocino,045,87422,7726,7581,592,8173,85
2021-11-08,Merced,047,269075,42365,42224,1973,44197,607
2021-11-08,Modoc,049,8938,551,529,196,725,5
2021-11-08,Mono,051,14174,1751,1739,21,1760,4
2021-11-08,Monterey,053,433212,49047,47942,2940,50882,602
2021-11-08,Napa,055,140530,13131,13045,112,13157,103
2021-11-08,Nevada,057,99092,9416,9278,325,9603,92
2021-11-08,Orange,059,3164182,309557,307156,15286,322442,5616
2021-11-08,Placer,061,380077,37676,37250,3687,40937,439
2021-11-08,Plumas,063,18699,1866,1788,40,1828,7
2021-11-08,Riverside,065,2383286,366898,362201,16330,378531,5152
2021-11-08,Sacramento,067,1510023,160678,159735,4623,164358,2275
2021-11-08,San Benito,069,59416,7469,7461,169,7630,75
2021-11-08,San Bernardino,071,2135413,357703,354741,11236,365977,5836
2021-11-08,San Diego,073,3302833,377342,375557,22118,397675,4259
2021-11-08,San Francisco,075,870044,53573,52942,2314,55256,666
2021-11-08,San Joaquin,077,732212,100653,99736,5392,105128,1794
2021-11-08,San Luis Obispo,079,281455,29867,29464,1263,30727,350
2021-11-08,San Mateo,081,765935,54623,53658,879,54537,574
2021-11-08,Santa Barbara,083,443738,44871,44548,1543,46091,532
2021-11-08,Santa Clara,085,1922200,148456,147183,1371,148554,1899
2021-11-08,Santa Cruz,087,273765,20661,20435,998,21433,222
2021-11-08,Shasta,089,179085,21830,21504,3610,25114,354
2021-11-08,Sierra,091,2930,190,183,21,204,0
2021-11-08,Siskiyou,093,43540,3369,3290,1291,4581,50
2021-11-08,Solano,095,438530,46292,45613,1274,46887,350
2021-11-08,Sonoma,097,501317,41947,41669,526,42195,395
2021-11-08,Stanislaus,099,539301,79352,79417,8858,88275,1150
2021-11-08,Sutter,101,95872,13974,13976,355,14331,180
2021-11-08,Tehama,103,63373,8638,8534,1484,10018,123
2021-11-08,Trinity,105,12862,864,743,210,953,13
2021-11-08,Tulare,107,460477,69450,68199,15127,83326,1020
2021-11-08,Tuolumne,109,53932,7402,7328,107,7435,90
2021-11-08,Ventura,111,848112,98846,98144,4283,102427,1182
2021-11-08,Yolo,113,214977,20082,19916,1065,20981,255
2021-11-08,Yuba,115,75493,10252,10172,338,10510,83
2021-11-07,Alameda,001,1643700,120253,119902,2748,122650,1444
2021-11-07,Alpine,003,1148,102,105,0,105,0
2021-11-07,Amador,005,37829,5611,5580,60,5640,66
2021-11-07,Butte,007,227075,21243,20969,3857,24826,288
2021-11-07,Calaveras,009,45235,4173,4158,57,4215,82
2021-11-07,Colusa,011,21464,2535,2511,640,3151,19
2021-11-07,Contra Costa,013,1133247,100140,99596,2185,101781,1028
2021-11-07,Del Norte,015,27424,3704,3617,54,3671,42
2021-11-07,El Dorado,017,186661,16259,16040,1718,17758,156
2021-11-07,Fresno,019,978130,142046,140263,12734,152997,2179
2021-11-07,Glenn,021,27897,3531,3493,1013,4506,34
2021-11-07,Humboldt,023,135768,9189,9074,571,9645,109
2021-11-07,Imperial,025,180216,34030,33674,3186,36860,766
2021-11-07,Inyo,027,18085,2433,2394,38,2432,41
2021-11-07,Kern,029,883053,129150,127583,22523,150106,1692
2021-11-07,Kings,031,150075,32617,32221,1939,34160,343
2021-11-07,Lake,033,64148,6802,6734,151,6885,106
2021-11-07,Lassen,035,31185,6938,6819,386,7205,46
2021-11-07,Los Angeles,037,10098052,1448479,1437314,54056,1491370,26573
2021-11-07,Madera,039,155013,23580,23225,2137,25362,287
2021-11-07,Marin,041,260295,17719,17594,456,18050,247
2021-11-07,Mariposa,043,17540,1339,1306,50,1356,5
2021-11-07,Mendocino,045,87422,7698,7567,588,8155,85
2021-11-07,Merced,047,269075,42287,42186,1942,44128,607
2021-11-07,Modoc,049,8938,548,528,195,723,5
2021-11-07,Mono,051,14174,1745,1739,21,1760,4
2021-11-07,Monterey,053,433212,48995,47924,2936,50860,602
2021-11-07,Napa,055,140530,13110,13041,112,13153,103
2021-11-07,Nevada,057,99092,9368,9254,325,9579,92
2021-11-07,Orange,059,3164182,309233,306954,15248,322202,5616
2021-11-07,Placer,061,380077,37600,37202,3672,40874,439
2021-11-07,Plumas,063,18699,1859,1787,39,1826,7
2021-11-07,Riverside,065,2383286,366361,361960,16310,378270,5152
2021-11-07,Sacramento,067,1510023,160446,159549,4606,164155,2277
2021-11-07,San Benito,069,59416,7456,7460,169,7629,75
2021-11-07,San Bernardino,071,2135413,357192,354488,11213,365701,5832
2021-11-07,San Diego,073,3302833,376761,375165,22085,397250,4250
2021-11-07,San Francisco,075,870044,53489,52868,2308,55176,666
2021-11-07,San Joaquin,077,732212,100468,99696,5386,105082,1794
2021-11-07,San Luis Obispo,079,281455,29817,29454,1259,30713,350
2021-11-07,San Mateo,081,765935,54564,53600,877,54477,574
2021-11-07,Santa Barbara,083,443738,44808,44501,1542,46043,532
2021-11-07,Santa Clara,085,1922200,148252,147054,1358,148412,1898
2021-11-07,Santa Cruz,087,273765,20603,20397,997,21394,222
2021-11-07,Shasta,089,179085,21782,21479,3604,25083,354
2021-11-07,Sierra,091,2930,188,183,21,204,0
2021-11-07,Siskiyou,093,43540,3363,3289,1289,4578,51
2021-11-07,Solano,095,438530,46237,45582,1267,46849,350
2021-11-07,Sonoma,097,501317,41897,41630,525,42155,395
2021-11-07,Stanislaus,099,539301,79197,79351,8836,88187,1150
2021-11-07,Sutter,101,95872,13961,13964,352,14316,180
2021-11-07,Tehama,103,63373,8613,8528,1482,10010,121
2021-11-07,Trinity,105,12862,863,742,209,951,13
2021-11-07,Tulare,107,460477,69297,68145,15084,83229,1020
2021-11-07,Tuolumne,109,53932,7384,7300,105,7405,90
2021-11-07,Ventura,111,848112,98755,98085,4281,102366,1182
2021-11-07,Yolo,113,214977,20062,19899,1060,20959,255
2021-11-07,Yuba,115,75493,10235,10162,333,10495,83
2021-11-06,Alameda,001,1643700,120189,119499,2745,122244,1436
2021-11-06,Alpine,003,1148,102,105,0,105,0
2021-11-06,Amador,005,37829,5605,5557,60,5617,66
2021-11-06,Butte,007,227075,21223,20796,3853,24649,288
2021-11-06,Calaveras,009,45235,4165,4105,57,4162,82
2021-11-06,Colusa,011,21464,2534,2501,639,3140,19
2021-11-06,Contra Costa,013,1133247,100085,99282,2183,101465,1025
2021-11-06,Del Norte,015,27424,3701,3607,54,3661,42
2021-11-06,El Dorado,017,186661,16242,15958,1718,17676,156
2021-11-06,Fresno,019,978130,141928,139249,12729,151978,2170
2021-11-06,Glenn,021,27897,3528,3479,1013,4492,33
2021-11-06,Humboldt,023,135768,9177,8972,567,9539,109
2021-11-06,Imperial,025,180216,33986,33471,3180,36651,766
2021-11-06,Inyo,027,18085,2427,2353,38,2391,41
2021-11-06,Kern,029,883053,129016,126848,22471,149319,1684
2021-11-06,Kings,031,150075,32584,32018,1934,33952,342
2021-11-06,Lake,033,64148,6800,6695,151,6846,106
2021-11-06,Lassen,035,31185,6933,6796,385,7181,46
2021-11-06,Los Angeles,037,10098052,1447708,1433081,54013,1487094,26533
2021-11-06,Madera,039,155013,23544,22994,2127,25121,287
2021-11-06,Marin,041,260295,17700,17520,453,17973,247
2021-11-06,Mariposa,043,17540,1337,1282,50,1332,5
2021-11-06,Mendocino,045,87422,7676,7486,588,8074,85
2021-11-06,Merced,047,269075,42263,41958,1934,43892,604
2021-11-06,Modoc,049,8938,547,523,195,718,5
2021-11-06,Mono,051,14174,1743,1725,21,1746,4
2021-11-06,Monterey,053,433212,48963,47830,2926,50756,602
2021-11-06,Napa,055,140530,13100,12950,112,13062,103
2021-11-06,Nevada,057,99092,9346,9169,324,9493,91
2021-11-06,Orange,059,3164182,309026,306049,15222,321271,5611
2021-11-06,Placer,061,380077,37559,36967,3669,40636,438
2021-11-06,Plumas,063,18699,1855,1755,38,1793,7
2021-11-06,Riverside,065,2383286,366043,360584,16302,376886,5138
2021-11-06,Sacramento,067,1510023,160353,158766,4601,163367,2263
2021-11-06,San Benito,069,59416,7449,7429,169,7598,75
2021-11-06,San Bernardino,071,2135413,356922,353142,11209,364351,5813
2021-11-06,San Diego,073,3302833,376425,373423,22067,395490,4246
2021-11-06,San Francisco,075,870044,53436,52556,2305,54861,666
2021-11-06,San Joaquin,077,732212,100410,99372,5385,104757,1782
2021-11-06,San Luis Obispo,079,281455,29789,29335,1255,30590,350
2021-11-06,San Mateo,081,765935,54529,53442,876,54318,574
2021-11-06,Santa Barbara,083,443738,44772,44301,1541,45842,532
2021-11-06,Santa Clara,085,1922200,148107,146519,1353,147872,1894
2021-11-06,Santa Cruz,087,273765,20584,20311,995,21306,222
2021-11-06,Shasta,089,179085,21763,21281,3599,24880,349
2021-11-06,Sierra,091,2930,188,181,21,202,0
2021-11-06,Siskiyou,093,43540,3363,3279,1287,4566,48
2021-11-06,Solano,095,438530,46207,45465,1266,46731,350
2021-11-06,Sonoma,097,501317,41847,41398,524,41922,395
2021-11-06,Stanislaus,099,539301,79129,78902,8828,87730,1193
2021-11-06,Sutter,101,95872,13957,13908,351,14259,180
2021-11-06,Tehama,103,63373,8602,8474,1480,9954,120
2021-11-06,Trinity,105,12862,860,732,209,941,11
2021-11-06,Tulare,107,460477,69247,67767,15055,82822,1010
2021-11-06,Tuolumne,109,53932,7372,7245,105,7350,90
2021-11-06,Ventura,111,848112,98688,97770,4276,102046,1180
2021-11-06,Yolo,113,214977,20045,19827,1056,20883,255
2021-11-06,Yuba,115,75493,10221,10107,333,10440,83
2021-11-05,Alameda,001,1643700,120105,119499,2743,122242,1436
2021-11-05,Alpine,003,1148,102,105,0,105,0
2021-11-05,Amador,005,37829,5600,5557,60,5617,66
2021-11-05,Butte,007,227075,21210,20796,3852,24648,288
2021-11-05,Calaveras,009,45235,4160,4105,57,4162,82
2021-11-05,Colusa,011,21464,2534,2501,638,3139,19
2021-11-05,Contra Costa,013,1133247,100020,99282,2181,101463,1025
2021-11-05,Del Norte,015,27424,3699,3607,54,3661,42
2021-11-05,El Dorado,017,186661,16225,15958,1712,17670,156
2021-11-05,Fresno,019,978130,141750,139249,12719,151968,2170
2021-11-05,Glenn,021,27897,3528,3479,1012,4491,33
2021-11-05,Humboldt,023,135768,9163,8972,567,9539,109
2021-11-05,Imperial,025,180216,33950,33471,3177,36648,766
2021-11-05,Inyo,027,18085,2419,2353,38,2391,41
2021-11-05,Kern,029,883053,128889,126848,22416,149264,1684
2021-11-05,Kings,031,150075,32560,32018,1933,33951,342
2021-11-05,Lake,033,64148,6794,6695,151,6846,106
2021-11-05,Lassen,035,31185,6929,6796,384,7180,46
2021-11-05,Los Angeles,037,10098052,1446886,1433081,53975,1487056,26533
2021-11-05,Madera,039,155013,23506,22994,2126,25120,287
2021-11-05,Marin,041,260295,17678,17520,452,17972,247
2021-11-05,Mariposa,043,17540,1334,1282,49,1331,5
2021-11-05,Mendocino,045,87422,7665,7486,587,8073,85
2021-11-05,Merced,047,269075,42237,41958,1925,43883,604
2021-11-05,Modoc,049,8938,547,523,195,718,5
2021-11-05,Mono,051,14174,1742,1725,21,1746,4
2021-11-05,Monterey,053,433212,48933,47830,2924,50754,602
2021-11-05,Napa,055,140530,13078,12950,112,13062,103
2021-11-05,Nevada,057,99092,9333,9169,324,9493,91
2021-11-05,Orange,059,3164182,308829,306049,15200,321249,5611
2021-11-05,Placer,061,380077,37532,36967,3660,40627,438
2021-11-05,Plumas,063,18699,1847,1755,38,1793,7
2021-11-05,Riverside,065,2383286,365702,360584,16292,376876,5138
2021-11-05,Sacramento,067,1510023,160231,158766,4595,163361,2263
2021-11-05,San Benito,069,59416,7447,7429,168,7597,75
2021-11-05,San Bernardino,071,2135413,356591,353142,11199,364341,5813
2021-11-05,San Diego,073,3302833,376072,373423,22055,395478,4246
2021-11-05,San Francisco,075,870044,53385,52556,2302,54858,666
2021-11-05,San Joaquin,077,732212,100357,99372,5376,104748,1782
2021-11-05,San Luis Obispo,079,281455,29766,29335,1255,30590,350
2021-11-05,San Mateo,081,765935,54487,53442,874,54316,574
2021-11-05,Santa Barbara,083,443738,44727,44301,1540,45841,532
2021-11-05,Santa Clara,085,1922200,147970,146519,1352,147871,1894
2021-11-05,Santa Cruz,087,273765,20560,20311,994,21305,222
2021-11-05,Shasta,089,179085,21731,21281,3594,24875,349
2021-11-05,Sierra,091,2930,188,181,21,202,0
2021-11-05,Siskiyou,093,43540,3358,3279,1286,4565,48
2021-11-05,Solano,095,438530,46162,45465,1264,46729,350
2021-11-05,Sonoma,097,501317,41807,41398,524,41922,395
2021-11-05,Stanislaus,099,539301,79071,78902,8816,87718,1193
2021-11-05,Sutter,101,95872,13949,13908,350,14258,180
2021-11-05,Tehama,103,63373,8595,8474,1479,9953,120
2021-11-05,Trinity,105,12862,860,732,209,941,11
2021-11-05,Tulare,107,460477,69175,67767,15018,82785,1010
2021-11-05,Tuolumne,109,53932,7355,7245,104,7349,90
2021-11-05,Ventura,111,848112,98648,97770,4273,102043,1180
2021-11-05,Yolo,113,214977,20034,19827,1055,20882,255
2021-11-05,Yuba,115,75493,10208,10107,331,10438,83
2021-11-04,Alameda,001,1643700,119989,119499,2737,122236,1436
2021-11-04,Alpine,003,1148,102,105,0,105,0
2021-11-04,Amador,005,37829,5592,5557,60,5617,66
2021-11-04,Butte,007,227075,21168,20796,3841,24637,288
2021-11-04,Calaveras,009,45235,4146,4105,55,4160,82
2021-11-04,Colusa,011,21464,2528,2501,637,3138,19
2021-11-04,Contra Costa,013,1133247,99929,99282,2176,101458,1025
2021-11-04,Del Norte,015,27424,3696,3607,54,3661,42
2021-11-04,El Dorado,017,186661,16199,15958,1708,17666,156
2021-11-04,Fresno,019,978130,141468,139249,12710,151959,2170
2021-11-04,Glenn,021,27897,3523,3479,1011,4490,33
2021-11-04,Humboldt,023,135768,9138,8972,564,9536,109
2021-11-04,Imperial,025,180216,33893,33471,3168,36639,766
2021-11-04,Inyo,027,18085,2411,2353,38,2391,41
2021-11-04,Kern,029,883053,128657,126848,22348,149196,1684
2021-11-04,Kings,031,150075,32481,32018,1924,33942,342
2021-11-04,Lake,033,64148,6784,6695,149,6844,106
2021-11-04,Lassen,035,31185,6919,6796,379,7175,46
2021-11-04,Los Angeles,037,10098052,1445567,1433081,53894,1486975,26533
2021-11-04,Madera,039,155013,23451,22994,2115,25109,287
2021-11-04,Marin,041,260295,17666,17520,450,17970,247
2021-11-04,Mariposa,043,17540,1327,1282,49,1331,5
2021-11-04,Mendocino,045,87422,7652,7486,581,8067,85
2021-11-04,Merced,047,269075,42183,41958,1921,43879,604
2021-11-04,Modoc,049,8938,546,523,195,718,5
2021-11-04,Mono,051,14174,1737,1725,21,1746,4
2021-11-04,Monterey,053,433212,48889,47830,2908,50738,602
2021-11-04,Napa,055,140530,13057,12950,112,13062,103
2021-11-04,Nevada,057,99092,9302,9169,323,9492,91
2021-11-04,Orange,059,3164182,308581,306049,15182,321231,5611
2021-11-04,Placer,061,380077,37460,36967,3651,40618,438
2021-11-04,Plumas,063,18699,1839,1755,34,1789,7
2021-11-04,Riverside,065,2383286,365304,360584,16283,376867,5138
2021-11-04,Sacramento,067,1510023,159997,158766,4575,163341,2263
2021-11-04,San Benito,069,59416,7441,7429,168,7597,75
2021-11-04,San Bernardino,071,2135413,356152,353142,11191,364333,5813
2021-11-04,San Diego,073,3302833,375603,373423,22034,395457,4246
2021-11-04,San Francisco,075,870044,53304,52556,2298,54854,666
2021-11-04,San Joaquin,077,732212,100250,99372,5364,104736,1782
2021-11-04,San Luis Obispo,079,281455,29742,29335,1249,30584,350
2021-11-04,San Mateo,081,765935,54428,53442,868,54310,574
2021-11-04,Santa Barbara,083,443738,44671,44301,1540,45841,532
2021-11-04,Santa Clara,085,1922200,147816,146519,1348,147867,1894
2021-11-04,Santa Cruz,087,273765,20525,20311,994,21305,222
2021-11-04,Shasta,089,179085,21673,21281,3588,24869,349
2021-11-04,Sierra,091,2930,186,181,21,202,0
2021-11-04,Siskiyou,093,43540,3354,3279,1279,4558,48
2021-11-04,Solano,095,438530,46120,45465,1263,46728,350
2021-11-04,Sonoma,097,501317,41747,41398,524,41922,395
2021-11-04,Stanislaus,099,539301,78933,78902,8808,87710,1193
2021-11-04,Sutter,101,95872,13938,13908,348,14256,180
2021-11-04,Tehama,103,63373,8586,8474,1475,9949,120
2021-11-04,Trinity,105,12862,859,732,209,941,11
2021-11-04,Tulare,107,460477,69060,67767,14972,82739,1010
2021-11-04,Tuolumne,109,53932,7333,7245,102,7347,90
2021-11-04,Ventura,111,848112,98560,97770,4270,102040,1180
2021-11-04,Yolo,113,214977,20009,19827,1050,20877,255
2021-11-04,Yuba,115,75493,10194,10107,329,10436,83
2021-11-03,Alameda,001,1643700,119848,119356,2733,122089,1428
2021-11-03,Alpine,003,1148,102,105,0,105,0
2021-11-03,Amador,005,37829,5586,5545,59,5604,66
2021-11-03,Butte,007,227075,21123,20769,3832,24601,284
2021-11-03,Calaveras,009,45235,4128,4087,54,4141,82
2021-11-03,Colusa,011,21464,2522,2499,637,3136,20
2021-11-03,Contra Costa,013,1133247,99830,99168,2171,101339,1025
2021-11-03,Del Norte,015,27424,3694,3600,53,3653,42
2021-11-03,El Dorado,017,186661,16172,15915,1704,17619,156
2021-11-03,Fresno,019,978130,141106,138873,12688,151561,2166
2021-11-03,Glenn,021,27897,3519,3470,1011,4481,33
2021-11-03,Humboldt,023,135768,9121,8949,559,9508,109
2021-11-03,Imperial,025,180216,33821,33402,3158,36560,766
2021-11-03,Inyo,027,18085,2390,2344,38,2382,41
2021-11-03,Kern,029,883053,128397,126523,22248,148771,1681
2021-11-03,Kings,031,150075,32427,31923,1917,33840,341
2021-11-03,Lake,033,64148,6768,6685,149,6834,106
2021-11-03,Lassen,035,31185,6902,6782,374,7156,46
2021-11-03,Los Angeles,037,10098052,1444213,1431209,53811,1485020,26517
2021-11-03,Madera,039,155013,23383,22893,2106,24999,287
2021-11-03,Marin,041,260295,17645,17491,446,17937,247
2021-11-03,Mariposa,043,17540,1317,1276,49,1325,5
2021-11-03,Mendocino,045,87422,7636,7457,573,8030,84
2021-11-03,Merced,047,269075,42122,41849,1911,43760,597
2021-11-03,Modoc,049,8938,546,521,193,714,5
2021-11-03,Mono,051,14174,1733,1719,21,1740,4
2021-11-03,Monterey,053,433212,48839,47794,2895,50689,601
2021-11-03,Napa,055,140530,13045,12937,111,13048,103
2021-11-03,Nevada,057,99092,9275,9131,322,9453,91
2021-11-03,Orange,059,3164182,308270,305661,15150,320811,5607
2021-11-03,Placer,061,380077,37390,36868,3646,40514,438
2021-11-03,Plumas,063,18699,1828,1739,33,1772,7
2021-11-03,Riverside,065,2383286,364846,360060,16279,376339,5131
2021-11-03,Sacramento,067,1510023,159773,158311,4565,162876,2259
2021-11-03,San Benito,069,59416,7433,7419,168,7587,75
2021-11-03,San Bernardino,071,2135413,355678,352225,11171,363396,5813
2021-11-03,San Diego,073,3302833,375103,372951,22011,394962,4241
2021-11-03,San Francisco,075,870044,53212,52493,2293,54786,663
2021-11-03,San Joaquin,077,732212,100138,99188,5354,104542,1776
2021-11-03,San Luis Obispo,079,281455,29700,29276,1243,30519,348
2021-11-03,San Mateo,081,765935,54364,53396,862,54258,571
2021-11-03,Santa Barbara,083,443738,44614,44220,1537,45757,531
2021-11-03,Santa Clara,085,1922200,147646,146259,1341,147600,1897
2021-11-03,Santa Cruz,087,273765,20490,20275,994,21269,222
2021-11-03,Shasta,089,179085,21615,21215,3581,24796,346
2021-11-03,Sierra,091,2930,184,180,21,201,0
2021-11-03,Siskiyou,093,43540,3350,3276,1277,4553,46
2021-11-03,Solano,095,438530,46093,45411,1261,46672,351
2021-11-03,Sonoma,097,501317,41670,41326,522,41848,395
2021-11-03,Stanislaus,099,539301,78802,78736,8792,87528,1193
2021-11-03,Sutter,101,95872,13925,13876,346,14222,179
2021-11-03,Tehama,103,63373,8574,8438,1475,9913,118
2021-11-03,Trinity,105,12862,858,730,209,939,11
2021-11-03,Tulare,107,460477,68932,67588,14931,82519,1007
2021-11-03,Tuolumne,109,53932,7315,7218,100,7318,90
2021-11-03,Ventura,111,848112,98452,97682,4266,101948,1178
2021-11-03,Yolo,113,214977,19991,19758,1042,20800,250
2021-11-03,Yuba,115,75493,10182,10092,329,10421,83
2021-11-02,Alameda,001,1643700,119703,119241,2727,121968,1425
2021-11-02,Alpine,003,1148,101,105,0,105,0
2021-11-02,Amador,005,37829,5581,5535,59,5594,66
2021-11-02,Butte,007,227075,21079,20744,3820,24564,282
2021-11-02,Calaveras,009,45235,4105,4075,54,4129,82
2021-11-02,Colusa,011,21464,2517,2497,636,3133,19
2021-11-02,Contra Costa,013,1133247,99726,99080,2159,101239,1025
2021-11-02,Del Norte,015,27424,3692,3596,53,3649,42
2021-11-02,El Dorado,017,186661,16143,15883,1704,17587,154
2021-11-02,Fresno,019,978130,140782,138644,12657,151301,2158
2021-11-02,Glenn,021,27897,3511,3469,1008,4477,33
2021-11-02,Humboldt,023,135768,9079,8937,558,9495,109
2021-11-02,Imperial,025,180216,33748,33371,3146,36517,766
2021-11-02,Inyo,027,18085,2383,2324,38,2362,41
2021-11-02,Kern,029,883053,128142,126311,22128,148439,1665
2021-11-02,Kings,031,150075,32368,31896,1912,33808,339
2021-11-02,Lake,033,64148,6763,6681,148,6829,106
2021-11-02,Lassen,035,31185,6890,6777,371,7148,45
2021-11-02,Los Angeles,037,10098052,1442766,1429601,53735,1483336,26496
2021-11-02,Madera,039,155013,23302,22837,2095,24932,287
2021-11-02,Marin,041,260295,17617,17482,446,17928,247
2021-11-02,Mariposa,043,17540,1306,1270,48,1318,5
2021-11-02,Mendocino,045,87422,7612,7447,561,8008,84
2021-11-02,Merced,047,269075,42055,41785,1903,43688,596
2021-11-02,Modoc,049,8938,543,520,192,712,5
2021-11-02,Mono,051,14174,1729,1718,21,1739,4
2021-11-02,Monterey,053,433212,48788,47775,2877,50652,599
2021-11-02,Napa,055,140530,13027,12930,111,13041,104
2021-11-02,Nevada,057,99092,9245,9122,321,9443,91
2021-11-02,Orange,059,3164182,307954,305369,15105,320474,5600
2021-11-02,Placer,061,380077,37318,36817,3631,40448,438
2021-11-02,Plumas,063,18699,1817,1721,33,1754,7
2021-11-02,Riverside,065,2383286,364392,359586,16260,375846,5116
2021-11-02,Sacramento,067,1510023,159517,158112,4543,162655,2250
2021-11-02,San Benito,069,59416,7417,7407,168,7575,75
2021-11-02,San Bernardino,071,2135413,355204,351832,11117,362949,5813
2021-11-02,San Diego,073,3302833,374518,372440,21981,394421,4232
2021-11-02,San Francisco,075,870044,53093,52450,2289,54739,663
2021-11-02,San Joaquin,077,732212,100004,99076,5343,104419,1772
2021-11-02,San Luis Obispo,079,281455,29667,29224,1239,30463,348
2021-11-02,San Mateo,081,765935,54292,53351,859,54210,571
2021-11-02,Santa Barbara,083,443738,44558,44177,1534,45711,531
2021-11-02,Santa Clara,085,1922200,147452,146115,1334,147449,1896
2021-11-02,Santa Cruz,087,273765,20457,20266,993,21259,222
2021-11-02,Shasta,089,179085,21541,21127,3571,24698,344
2021-11-02,Sierra,091,2930,184,180,20,200,0
2021-11-02,Siskiyou,093,43540,3348,3272,1274,4546,46
2021-11-02,Solano,095,438530,46053,45378,1255,46633,350
2021-11-02,Sonoma,097,501317,41589,41288,521,41809,395
2021-11-02,Stanislaus,099,539301,78647,78629,8772,87401,1193
2021-11-02,Sutter,101,95872,13905,13868,346,14214,179
2021-11-02,Tehama,103,63373,8558,8422,1472,9894,116
2021-11-02,Trinity,105,12862,858,729,209,938,11
2021-11-02,Tulare,107,460477,68807,67502,14883,82385,1002
2021-11-02,Tuolumne,109,53932,7294,7204,98,7302,90
2021-11-02,Ventura,111,848112,98347,97574,4262,101836,1178
2021-11-02,Yolo,113,214977,19961,19736,1040,20776,250
2021-11-02,Yuba,115,75493,10159,10080,327,10407,83
2021-11-01,Alameda,001,1643700,119564,119159,2725,121884,1421
2021-11-01,Alpine,003,1148,101,105,0,105,0
2021-11-01,Amador,005,37829,5579,5532,59,5591,64
2021-11-01,Butte,007,227075,21029,20710,3814,24524,281
2021-11-01,Calaveras,009,45235,4095,4059,53,4112,82
2021-11-01,Colusa,011,21464,2515,2494,633,3127,19
2021-11-01,Contra Costa,013,1133247,99602,99011,2151,101162,1025
2021-11-01,Del Norte,015,27424,3690,3594,53,3647,42
2021-11-01,El Dorado,017,186661,16119,15858,1699,17557,154
2021-11-01,Fresno,019,978130,140406,138421,12621,151042,2149
2021-11-01,Glenn,021,27897,3503,3461,1006,4467,33
2021-11-01,Humboldt,023,135768,9051,8929,555,9484,108
2021-11-01,Imperial,025,180216,33698,33342,3137,36479,766
2021-11-01,Inyo,027,18085,2371,2307,38,2345,41
2021-11-01,Kern,029,883053,127842,126092,22013,148105,1660
2021-11-01,Kings,031,150075,32315,31866,1908,33774,337
2021-11-01,Lake,033,64148,6752,6676,147,6823,106
2021-11-01,Lassen,035,31185,6875,6775,368,7143,42
2021-11-01,Los Angeles,037,10098052,1441383,1428891,53644,1482535,26483
2021-11-01,Madera,039,155013,23223,22801,2090,24891,283
2021-11-01,Marin,041,260295,17597,17460,445,17905,247
2021-11-01,Mariposa,043,17540,1298,1266,47,1313,5
2021-11-01,Mendocino,045,87422,7579,7422,543,7965,84
2021-11-01,Merced,047,269075,41964,41740,1901,43641,594
2021-11-01,Modoc,049,8938,538,520,190,710,5
2021-11-01,Mono,051,14174,1725,1714,21,1735,3
2021-11-01,Monterey,053,433212,48745,47756,2865,50621,597
2021-11-01,Napa,055,140530,13000,12916,110,13026,101
2021-11-01,Nevada,057,99092,9222,9108,320,9428,91
2021-11-01,Orange,059,3164182,307612,305192,15064,320256,5596
2021-11-01,Placer,061,380077,37235,36747,3619,40366,435
2021-11-01,Plumas,063,18699,1798,1719,33,1752,7
2021-11-01,Riverside,065,2383286,363890,359263,16238,375501,5115
2021-11-01,Sacramento,067,1510023,159245,157893,4520,162413,2239
2021-11-01,San Benito,069,59416,7407,7406,167,7573,73
2021-11-01,San Bernardino,071,2135413,354715,351620,11097,362717,5815
2021-11-01,San Diego,073,3302833,373953,372043,21963,394006,4232
2021-11-01,San Francisco,075,870044,53008,52418,2282,54700,661
2021-11-01,San Joaquin,077,732212,99841,98969,5336,104305,1772
2021-11-01,San Luis Obispo,079,281455,29623,29199,1234,30433,343
2021-11-01,San Mateo,081,765935,54225,53314,855,54169,571
2021-11-01,Santa Barbara,083,443738,44491,44146,1530,45676,529
2021-11-01,Santa Clara,085,1922200,147255,145978,1329,147307,1907
2021-11-01,Santa Cruz,087,273765,20422,20238,993,21231,221
2021-11-01,Shasta,089,179085,21488,21104,3564,24668,338
2021-11-01,Sierra,091,2930,184,180,20,200,0
2021-11-01,Siskiyou,093,43540,3341,3272,1269,4541,46
2021-11-01,Solano,095,438530,45999,45358,1255,46613,350
2021-11-01,Sonoma,097,501317,41516,41234,520,41754,395
2021-11-01,Stanislaus,099,539301,78517,78534,8757,87291,1193
2021-11-01,Sutter,101,95872,13881,13852,344,14196,179
2021-11-01,Tehama,103,63373,8530,8412,1469,9881,116
2021-11-01,Trinity,105,12862,856,727,209,936,11
2021-11-01,Tulare,107,460477,68664,67388,14831,82219,1002
2021-11-01,Tuolumne,109,53932,7278,7175,97,7272,90
2021-11-01,Ventura,111,848112,98257,97507,4260,101767,1178
2021-11-01,Yolo,113,214977,19941,19708,1033,20741,250
2021-11-01,Yuba,115,75493,10141,10066,325,10391,83
2021-10-31,Alameda,001,1643700,119419,119071,2722,121793,1419
2021-10-31,Alpine,003,1148,101,105,0,105,0
2021-10-31,Amador,005,37829,5568,5518,59,5577,64
2021-10-31,Butte,007,227075,20968,20689,3802,24491,281
2021-10-31,Calaveras,009,45235,4077,4052,52,4104,82
2021-10-31,Colusa,011,21464,2513,2493,630,3123,18
2021-10-31,Contra Costa,013,1133247,99474,98936,2149,101085,1025
2021-10-31,Del Norte,015,27424,3684,3591,53,3644,42
2021-10-31,El Dorado,017,186661,16073,15841,1696,17537,154
2021-10-31,Fresno,019,978130,140002,138165,12584,150749,2147
2021-10-31,Glenn,021,27897,3498,3459,1006,4465,33
2021-10-31,Humboldt,023,135768,9003,8919,549,9468,108
2021-10-31,Imperial,025,180216,33623,33334,3125,36459,766
2021-10-31,Inyo,027,18085,2352,2309,38,2347,41
2021-10-31,Kern,029,883053,127473,125917,21889,147806,1666
2021-10-31,Kings,031,150075,32229,31814,1896,33710,338
2021-10-31,Lake,033,64148,6741,6665,145,6810,106
2021-10-31,Lassen,035,31185,6860,6768,363,7131,42
2021-10-31,Los Angeles,037,10098052,1439832,1427933,53562,1481495,26474
2021-10-31,Madera,039,155013,23127,22744,2077,24821,283
2021-10-31,Marin,041,260295,17569,17443,444,17887,247
2021-10-31,Mariposa,043,17540,1292,1257,46,1303,5
2021-10-31,Mendocino,045,87422,7538,7403,526,7929,84
2021-10-31,Merced,047,269075,41871,41699,1881,43580,589
2021-10-31,Modoc,049,8938,532,517,187,704,5
2021-10-31,Mono,051,14174,1721,1711,21,1732,3
2021-10-31,Monterey,053,433212,48704,47744,2847,50591,596
2021-10-31,Napa,055,140530,12982,12906,108,13014,101
2021-10-31,Nevada,057,99092,9185,9084,315,9399,91
2021-10-31,Orange,059,3164182,307264,305032,14981,320013,5596
2021-10-31,Placer,061,380077,37138,36698,3606,40304,435
2021-10-31,Plumas,063,18699,1780,1716,33,1749,7
2021-10-31,Riverside,065,2383286,363311,359005,16224,375229,5104
2021-10-31,Sacramento,067,1510023,158893,157667,4507,162174,2243
2021-10-31,San Benito,069,59416,7398,7397,165,7562,73
2021-10-31,San Bernardino,071,2135413,354183,351411,11083,362494,5810
2021-10-31,San Diego,073,3302833,373400,371603,21932,393535,4218
2021-10-31,San Francisco,075,870044,52899,52370,2276,54646,661
2021-10-31,San Joaquin,077,732212,99678,98893,5321,104214,1772
2021-10-31,San Luis Obispo,079,281455,29570,29176,1233,30409,343
2021-10-31,San Mateo,081,765935,54166,53284,853,54137,571
2021-10-31,Santa Barbara,083,443738,44421,44113,1525,45638,529
2021-10-31,Santa Clara,085,1922200,147040,145829,1315,147144,1908
2021-10-31,Santa Cruz,087,273765,20387,20218,992,21210,221
2021-10-31,Shasta,089,179085,21405,21086,3552,24638,338
2021-10-31,Sierra,091,2930,184,180,20,200,0
2021-10-31,Siskiyou,093,43540,3335,3271,1268,4539,46
2021-10-31,Solano,095,438530,45951,45310,1248,46558,350
2021-10-31,Sonoma,097,501317,41446,41183,517,41700,395
2021-10-31,Stanislaus,099,539301,78328,78426,8740,87166,1193
2021-10-31,Sutter,101,95872,13862,13838,341,14179,179
2021-10-31,Tehama,103,63373,8499,8391,1465,9856,116
2021-10-31,Trinity,105,12862,856,724,209,933,11
2021-10-31,Tulare,107,460477,68469,67310,14743,82053,1002
2021-10-31,Tuolumne,109,53932,7249,7141,96,7237,90
2021-10-31,Ventura,111,848112,98135,97460,4255,101715,1178
2021-10-31,Yolo,113,214977,19897,19662,1027,20689,250
2021-10-31,Yuba,115,75493,10123,10051,315,10366,83
2021-10-30,Alameda,001,1643700,119359,118632,2719,121351,1419
2021-10-30,Alpine,003,1148,101,105,0,105,0
2021-10-30,Amador,005,37829,5559,5480,58,5538,64
2021-10-30,Butte,007,227075,20953,20516,3795,24311,277
2021-10-30,Calaveras,009,45235,4070,3992,52,4044,82
2021-10-30,Colusa,011,21464,2513,2484,629,3113,19
2021-10-30,Contra Costa,013,1133247,99412,98562,2148,100710,1024
2021-10-30,Del Norte,015,27424,3681,3574,53,3627,42
2021-10-30,El Dorado,017,186661,16057,15752,1692,17444,154
2021-10-30,Fresno,019,978130,139856,136901,12572,149473,2131
2021-10-30,Glenn,021,27897,3494,3442,1006,4448,33
2021-10-30,Humboldt,023,135768,8988,8871,547,9418,105
2021-10-30,Imperial,025,180216,33577,33156,3121,36277,766
2021-10-30,Inyo,027,18085,2349,2249,38,2287,41
2021-10-30,Kern,029,883053,127321,124892,21820,146712,1653
2021-10-30,Kings,031,150075,32195,31578,1892,33470,337
2021-10-30,Lake,033,64148,6736,6610,145,6755,106
2021-10-30,Lassen,035,31185,6854,6719,361,7080,42
2021-10-30,Los Angeles,037,10098052,1439110,1424257,53509,1477766,26625
2021-10-30,Madera,039,155013,23083,22524,2072,24596,283
2021-10-30,Marin,041,260295,17554,17380,442,17822,247
2021-10-30,Mariposa,043,17540,1289,1228,46,1274,5
2021-10-30,Mendocino,045,87422,7515,7338,524,7862,84
2021-10-30,Merced,047,269075,41831,41428,1879,43307,586
2021-10-30,Modoc,049,8938,530,513,186,699,5
2021-10-30,Mono,051,14174,1721,1684,21,1705,3
2021-10-30,Monterey,053,433212,48687,47649,2841,50490,588
2021-10-30,Napa,055,140530,12968,12863,107,12970,101
2021-10-30,Nevada,057,99092,9166,9015,315,9330,91
2021-10-30,Orange,059,3164182,307085,304120,14959,319079,5588
2021-10-30,Placer,061,380077,37092,36400,3600,40000,434
2021-10-30,Plumas,063,18699,1775,1695,33,1728,7
2021-10-30,Riverside,065,2383286,363009,357645,16216,373861,5088
2021-10-30,Sacramento,067,1510023,158735,157125,4498,161623,2233
2021-10-30,San Benito,069,59416,7391,7362,165,7527,71
2021-10-30,San Bernardino,071,2135413,353906,350076,11069,361145,5777
2021-10-30,San Diego,073,3302833,373037,370006,21910,391916,4213
2021-10-30,San Francisco,075,870044,52870,52161,2274,54435,661
2021-10-30,San Joaquin,077,732212,99622,98314,5320,103634,1768
2021-10-30,San Luis Obispo,079,281455,29538,29053,1230,30283,341
2021-10-30,San Mateo,081,765935,54127,53083,853,53936,571
2021-10-30,Santa Barbara,083,443738,44386,43972,1524,45496,528
2021-10-30,Santa Clara,085,1922200,146935,145262,1311,146573,1903
2021-10-30,Santa Cruz,087,273765,20369,20134,990,21124,221
2021-10-30,Shasta,089,179085,21361,20878,3546,24424,332
2021-10-30,Sierra,091,2930,184,175,20,195,0
2021-10-30,Siskiyou,093,43540,3334,3257,1265,4522,46
2021-10-30,Solano,095,438530,45930,45146,1246,46392,346
2021-10-30,Sonoma,097,501317,41407,40924,517,41441,393
2021-10-30,Stanislaus,099,539301,78258,77871,8733,86604,1191
2021-10-30,Sutter,101,95872,13848,13773,341,14114,178
2021-10-30,Tehama,103,63373,8488,8307,1460,9767,114
2021-10-30,Trinity,105,12862,854,708,208,916,11
2021-10-30,Tulare,107,460477,68398,66745,14699,81444,995
2021-10-30,Tuolumne,109,53932,7225,7050,95,7145,90
2021-10-30,Ventura,111,848112,98086,97182,4252,101434,1174
2021-10-30,Yolo,113,214977,19878,19568,1025,20593,250
2021-10-30,Yuba,115,75493,10112,9969,315,10284,82
2021-10-29,Alameda,001,1643700,119279,118632,2714,121346,1419
2021-10-29,Alpine,003,1148,101,105,0,105,0
2021-10-29,Amador,005,37829,5548,5480,58,5538,64
2021-10-29,Butte,007,227075,20929,20516,3784,24300,277
2021-10-29,Calaveras,009,45235,4063,3992,52,4044,82
2021-10-29,Colusa,011,21464,2513,2484,627,3111,19
2021-10-29,Contra Costa,013,1133247,99344,98562,2146,100708,1024
2021-10-29,Del Norte,015,27424,3674,3574,53,3627,42
2021-10-29,El Dorado,017,186661,16043,15752,1692,17444,154
2021-10-29,Fresno,019,978130,139642,136901,12558,149459,2131
2021-10-29,Glenn,021,27897,3493,3442,1005,4447,33
2021-10-29,Humboldt,023,135768,8983,8871,546,9417,105
2021-10-29,Imperial,025,180216,33550,33156,3118,36274,766
2021-10-29,Inyo,027,18085,2346,2249,38,2287,41
2021-10-29,Kern,029,883053,127144,124892,21730,146622,1653
2021-10-29,Kings,031,150075,32161,31578,1890,33468,337
2021-10-29,Lake,033,64148,6727,6610,142,6752,106
2021-10-29,Lassen,035,31185,6845,6719,358,7077,42
2021-10-29,Los Angeles,037,10098052,1438270,1424257,53465,1477722,26625
2021-10-29,Madera,039,155013,23031,22524,2067,24591,283
2021-10-29,Marin,041,260295,17538,17380,441,17821,247
2021-10-29,Mariposa,043,17540,1285,1228,46,1274,5
2021-10-29,Mendocino,045,87422,7507,7338,524,7862,84
2021-10-29,Merced,047,269075,41781,41428,1873,43301,586
2021-10-29,Modoc,049,8938,528,513,185,698,5
2021-10-29,Mono,051,14174,1719,1684,21,1705,3
2021-10-29,Monterey,053,433212,48664,47649,2841,50490,588
2021-10-29,Napa,055,140530,12947,12863,107,12970,101
2021-10-29,Nevada,057,99092,9154,9015,315,9330,91
2021-10-29,Orange,059,3164182,306861,304120,14939,319059,5588
2021-10-29,Placer,061,380077,37056,36400,3590,39990,434
2021-10-29,Plumas,063,18699,1769,1695,33,1728,7
2021-10-29,Riverside,065,2383286,362675,357645,16211,373856,5088
2021-10-29,Sacramento,067,1510023,158546,157125,4489,161614,2233
2021-10-29,San Benito,069,59416,7388,7362,165,7527,71
2021-10-29,San Bernardino,071,2135413,353605,350076,11058,361134,5777
2021-10-29,San Diego,073,3302833,372665,370006,21882,391888,4213
2021-10-29,San Francisco,075,870044,52810,52161,2268,54429,661
2021-10-29,San Joaquin,077,732212,99563,98314,5315,103629,1768
2021-10-29,San Luis Obispo,079,281455,29512,29053,1228,30281,341
2021-10-29,San Mateo,081,765935,54084,53083,851,53934,571
2021-10-29,Santa Barbara,083,443738,44346,43972,1521,45493,528
2021-10-29,Santa Clara,085,1922200,146821,145262,1304,146566,1903
2021-10-29,Santa Cruz,087,273765,20362,20134,989,21123,221
2021-10-29,Shasta,089,179085,21323,20878,3540,24418,332
2021-10-29,Sierra,091,2930,182,175,20,195,0
2021-10-29,Siskiyou,093,43540,3334,3257,1264,4521,46
2021-10-29,Solano,095,438530,45893,45146,1245,46391,346
2021-10-29,Sonoma,097,501317,41386,40924,517,41441,393
2021-10-29,Stanislaus,099,539301,78173,77871,8721,86592,1191
2021-10-29,Sutter,101,95872,13829,13773,341,14114,178
2021-10-29,Tehama,103,63373,8475,8307,1459,9766,114
2021-10-29,Trinity,105,12862,853,708,208,916,11
2021-10-29,Tulare,107,460477,68293,66745,14656,81401,995
2021-10-29,Tuolumne,109,53932,7212,7050,95,7145,90
2021-10-29,Ventura,111,848112,98031,97182,4248,101430,1174
2021-10-29,Yolo,113,214977,19859,19568,1020,20588,250
2021-10-29,Yuba,115,75493,10104,9969,311,10280,82
2021-10-28,Alameda,001,1643700,119158,118632,2707,121339,1419
2021-10-28,Alpine,003,1148,101,105,0,105,0
2021-10-28,Amador,005,37829,5535,5480,58,5538,64
2021-10-28,Butte,007,227075,20886,20516,3772,24288,277
2021-10-28,Calaveras,009,45235,4050,3992,52,4044,82
2021-10-28,Colusa,011,21464,2510,2484,626,3110,19
2021-10-28,Contra Costa,013,1133247,99214,98562,2142,100704,1024
2021-10-28,Del Norte,015,27424,3673,3574,53,3627,42
2021-10-28,El Dorado,017,186661,16017,15752,1689,17441,154
2021-10-28,Fresno,019,978130,139309,136901,12527,149428,2131
2021-10-28,Glenn,021,27897,3490,3442,1003,4445,33
2021-10-28,Humboldt,023,135768,8967,8871,541,9412,105
2021-10-28,Imperial,025,180216,33484,33156,3111,36267,766
2021-10-28,Inyo,027,18085,2329,2249,38,2287,41
2021-10-28,Kern,029,883053,126897,124892,21617,146509,1653
2021-10-28,Kings,031,150075,32092,31578,1885,33463,337
2021-10-28,Lake,033,64148,6717,6610,142,6752,106
2021-10-28,Lassen,035,31185,6835,6719,355,7074,42
2021-10-28,Los Angeles,037,10098052,1437132,1424257,53391,1477648,26625
2021-10-28,Madera,039,155013,22977,22524,2056,24580,283
2021-10-28,Marin,041,260295,17520,17380,440,17820,247
2021-10-28,Mariposa,043,17540,1281,1228,46,1274,5
2021-10-28,Mendocino,045,87422,7494,7338,513,7851,84
2021-10-28,Merced,047,269075,41696,41428,1863,43291,586
2021-10-28,Modoc,049,8938,527,513,185,698,5
2021-10-28,Mono,051,14174,1713,1684,21,1705,3
2021-10-28,Monterey,053,433212,48633,47649,2824,50473,588
2021-10-28,Napa,055,140530,12938,12863,106,12969,101
2021-10-28,Nevada,057,99092,9136,9015,315,9330,91
2021-10-28,Orange,059,3164182,306575,304120,14876,318996,5588
2021-10-28,Placer,061,380077,36977,36400,3581,39981,434
2021-10-28,Plumas,063,18699,1761,1695,33,1728,7
2021-10-28,Riverside,065,2383286,362237,357645,16188,373833,5088
2021-10-28,Sacramento,067,1510023,158280,157125,4478,161603,2233
2021-10-28,San Benito,069,59416,7380,7362,165,7527,71
2021-10-28,San Bernardino,071,2135413,353190,350076,11035,361111,5777
2021-10-28,San Diego,073,3302833,372209,370006,21859,391865,4213
2021-10-28,San Francisco,075,870044,52764,52161,2261,54422,661
2021-10-28,San Joaquin,077,732212,99435,98314,5314,103628,1768
2021-10-28,San Luis Obispo,079,281455,29483,29053,1225,30278,341
2021-10-28,San Mateo,081,765935,54039,53083,849,53932,571
2021-10-28,Santa Barbara,083,443738,44307,43972,1519,45491,528
2021-10-28,Santa Clara,085,1922200,146664,145262,1299,146561,1903
2021-10-28,Santa Cruz,087,273765,20338,20134,989,21123,221
2021-10-28,Shasta,089,179085,21249,20878,3533,24411,332
2021-10-28,Sierra,091,2930,181,175,20,195,0
2021-10-28,Siskiyou,093,43540,3333,3257,1264,4521,46
2021-10-28,Solano,095,438530,45854,45146,1244,46390,346
2021-10-28,Sonoma,097,501317,41318,40924,516,41440,393
2021-10-28,Stanislaus,099,539301,78020,77871,8705,86576,1191
2021-10-28,Sutter,101,95872,13816,13773,337,14110,178
2021-10-28,Tehama,103,63373,8438,8307,1456,9763,114
2021-10-28,Trinity,105,12862,850,708,208,916,11
2021-10-28,Tulare,107,460477,68154,66745,14600,81345,995
2021-10-28,Tuolumne,109,53932,7181,7050,95,7145,90
2021-10-28,Ventura,111,848112,97946,97182,4245,101427,1174
2021-10-28,Yolo,113,214977,19821,19568,1016,20584,250
2021-10-28,Yuba,115,75493,10075,9969,308,10277,82
2021-10-27,Alameda,001,1643700,119036,118487,2705,121192,1414
2021-10-27,Alpine,003,1148,101,105,0,105,0
2021-10-27,Amador,005,37829,5523,5470,57,5527,64
2021-10-27,Butte,007,227075,20841,20446,3757,24203,274
2021-10-27,Calaveras,009,45235,4032,3970,51,4021,82
2021-10-27,Colusa,011,21464,2509,2480,625,3105,18
2021-10-27,Contra Costa,013,1133247,99106,98442,2130,100572,1018
2021-10-27,Del Norte,015,27424,3666,3571,52,3623,42
2021-10-27,El Dorado,017,186661,15986,15723,1684,17407,154
2021-10-27,Fresno,019,978130,138927,136447,12493,148940,2128
2021-10-27,Glenn,021,27897,3488,3435,1002,4437,33
2021-10-27,Humboldt,023,135768,8947,8851,539,9390,105
2021-10-27,Imperial,025,180216,33444,33068,3106,36174,766
2021-10-27,Inyo,027,18085,2309,2236,38,2274,41
2021-10-27,Kern,029,883053,126628,124557,21517,146074,1647
2021-10-27,Kings,031,150075,32026,31437,1879,33316,335
2021-10-27,Lake,033,64148,6691,6589,142,6731,105
2021-10-27,Lassen,035,31185,6822,6706,353,7059,42
2021-10-27,Los Angeles,037,10098052,1435903,1422615,53333,1475948,26604
2021-10-27,Madera,039,155013,22893,22413,2032,24445,283
2021-10-27,Marin,041,260295,17505,17362,440,17802,247
2021-10-27,Mariposa,043,17540,1268,1228,46,1274,5
2021-10-27,Mendocino,045,87422,7480,7321,506,7827,84
2021-10-27,Merced,047,269075,41599,41310,1849,43159,583
2021-10-27,Modoc,049,8938,523,513,185,698,5
2021-10-27,Mono,051,14174,1710,1682,21,1703,3
2021-10-27,Monterey,053,433212,48596,47610,2803,50413,588
2021-10-27,Napa,055,140530,12923,12856,106,12962,101
2021-10-27,Nevada,057,99092,9118,8987,314,9301,90
2021-10-27,Orange,059,3164182,306253,303825,14827,318652,5584
2021-10-27,Placer,061,380077,36912,36296,3574,39870,434
2021-10-27,Plumas,063,18699,1753,1686,33,1719,7
2021-10-27,Riverside,065,2383286,361807,357152,16180,373332,5081
2021-10-27,Sacramento,067,1510023,158012,156830,4457,161287,2230
2021-10-27,San Benito,069,59416,7373,7337,165,7502,71
2021-10-27,San Bernardino,071,2135413,352766,349624,11013,360637,5770
2021-10-27,San Diego,073,3302833,371652,369579,21835,391414,4207
2021-10-27,San Francisco,075,870044,52713,52108,2257,54365,655
2021-10-27,San Joaquin,077,732212,99278,98168,5299,103467,1753
2021-10-27,San Luis Obispo,079,281455,29444,29002,1223,30225,341
2021-10-27,San Mateo,081,765935,53984,53032,841,53873,571
2021-10-27,Santa Barbara,083,443738,44254,43901,1516,45417,527
2021-10-27,Santa Clara,085,1922200,146487,145081,1291,146372,1902
2021-10-27,Santa Cruz,087,273765,20311,20091,987,21078,221
2021-10-27,Shasta,089,179085,21174,20813,3525,24338,331
2021-10-27,Sierra,091,2930,180,176,20,196,0
2021-10-27,Siskiyou,093,43540,3330,3256,1260,4516,46
2021-10-27,Solano,095,438530,45809,45089,1237,46326,346
2021-10-27,Sonoma,097,501317,41242,40829,514,41343,393
2021-10-27,Stanislaus,099,539301,77860,77687,8690,86377,1191
2021-10-27,Sutter,101,95872,13802,13754,337,14091,177
2021-10-27,Tehama,103,63373,8416,8265,1454,9719,113
2021-10-27,Trinity,105,12862,850,706,207,913,11
2021-10-27,Tulare,107,460477,68000,66568,14544,81112,991
2021-10-27,Tuolumne,109,53932,7154,7009,94,7103,90
2021-10-27,Ventura,111,848112,97854,97108,4240,101348,1172
2021-10-27,Yolo,113,214977,19792,19517,1009,20526,250
2021-10-27,Yuba,115,75493,10054,9945,306,10251,82
2021-10-26,Alameda,001,1643700,118901,118360,2703,121063,1407
2021-10-26,Alpine,003,1148,101,105,0,105,0
2021-10-26,Amador,005,37829,5515,5465,56,5521,64
2021-10-26,Butte,007,227075,20781,20387,3740,24127,274
2021-10-26,Calaveras,009,45235,4021,3966,51,4017,81
2021-10-26,Colusa,011,21464,2507,2478,624,3102,18
2021-10-26,Contra Costa,013,1133247,98984,98352,2119,100471,1017
2021-10-26,Del Norte,015,27424,3661,3563,52,3615,42
2021-10-26,El Dorado,017,186661,15957,15690,1675,17365,153
2021-10-26,Fresno,019,978130,138478,136211,12448,148659,2122
2021-10-26,Glenn,021,27897,3473,3431,999,4430,33
2021-10-26,Humboldt,023,135768,8929,8830,533,9363,105
2021-10-26,Imperial,025,180216,33379,33012,3101,36113,766
2021-10-26,Inyo,027,18085,2294,2200,38,2238,41
2021-10-26,Kern,029,883053,126285,124351,21399,145750,1645
2021-10-26,Kings,031,150075,31959,31382,1872,33254,336
2021-10-26,Lake,033,64148,6681,6584,140,6724,105
2021-10-26,Lassen,035,31185,6801,6689,351,7040,42
2021-10-26,Los Angeles,037,10098052,1434561,1421795,53263,1475058,26599
2021-10-26,Madera,039,155013,22803,22363,2021,24384,283
2021-10-26,Marin,041,260295,17488,17354,439,17793,244
2021-10-26,Mariposa,043,17540,1263,1225,45,1270,5
2021-10-26,Mendocino,045,87422,7451,7308,490,7798,83
2021-10-26,Merced,047,269075,41521,41267,1842,43109,583
2021-10-26,Modoc,049,8938,523,513,185,698,5
2021-10-26,Mono,051,14174,1705,1680,21,1701,3
2021-10-26,Monterey,053,433212,48557,47572,2793,50365,588
2021-10-26,Napa,055,140530,12911,12849,106,12955,101
2021-10-26,Nevada,057,99092,9087,8971,313,9284,90
2021-10-26,Orange,059,3164182,305983,303533,14788,318321,5580
2021-10-26,Placer,061,380077,36815,36245,3568,39813,434
2021-10-26,Plumas,063,18699,1744,1645,33,1678,7
2021-10-26,Riverside,065,2383286,361317,356775,16170,372945,5068
2021-10-26,Sacramento,067,1510023,157711,156643,4440,161083,2228
2021-10-26,San Benito,069,59416,7350,7325,165,7490,71
2021-10-26,San Bernardino,071,2135413,352338,349346,10998,360344,5764
2021-10-26,San Diego,073,3302833,371135,369043,21805,390848,4198
2021-10-26,San Francisco,075,870044,52639,52063,2254,54317,655
2021-10-26,San Joaquin,077,732212,99099,98036,5284,103320,1748
2021-10-26,San Luis Obispo,079,281455,29405,28928,1217,30145,337
2021-10-26,San Mateo,081,765935,53912,52974,838,53812,571
2021-10-26,Santa Barbara,083,443738,44208,43835,1515,45350,525
2021-10-26,Santa Clara,085,1922200,146287,144932,1285,146217,1903
2021-10-26,Santa Cruz,087,273765,20280,20067,987,21054,221
2021-10-26,Shasta,089,179085,21113,20725,3507,24232,330
2021-10-26,Sierra,091,2930,180,169,20,189,0
2021-10-26,Siskiyou,093,43540,3324,3254,1258,4512,46
2021-10-26,Solano,095,438530,45753,45044,1236,46280,344
2021-10-26,Sonoma,097,501317,41160,40794,512,41306,393
2021-10-26,Stanislaus,099,539301,77686,77552,8665,86217,1157
2021-10-26,Sutter,101,95872,13773,13739,336,14075,176
2021-10-26,Tehama,103,63373,8388,8247,1449,9696,112
2021-10-26,Trinity,105,12862,846,705,207,912,11
2021-10-26,Tulare,107,460477,67840,66476,14487,80963,991
2021-10-26,Tuolumne,109,53932,7128,6995,92,7087,90
2021-10-26,Ventura,111,848112,97745,97014,4237,101251,1170
2021-10-26,Yolo,113,214977,19763,19490,1006,20496,248
2021-10-26,Yuba,115,75493,10036,9927,301,10228,82
2021-10-25,Alameda,001,1643700,118757,118319,2702,121021,1404
2021-10-25,Alpine,003,1148,101,105,0,105,0
2021-10-25,Amador,005,37829,5501,5455,56,5511,64
2021-10-25,Butte,007,227075,20708,20331,3732,24063,273
2021-10-25,Calaveras,009,45235,3991,3942,50,3992,82
2021-10-25,Colusa,011,21464,2505,2471,622,3093,18
2021-10-25,Contra Costa,013,1133247,98867,98267,2115,100382,1017
2021-10-25,Del Norte,015,27424,3654,3562,52,3614,42
2021-10-25,El Dorado,017,186661,15922,15663,1673,17336,149
2021-10-25,Fresno,019,978130,138044,135974,12413,148387,2112
2021-10-25,Glenn,021,27897,3470,3421,998,4419,33
2021-10-25,Humboldt,023,135768,8906,8825,528,9353,105
2021-10-25,Imperial,025,180216,33318,32968,3090,36058,766
2021-10-25,Inyo,027,18085,2276,2183,38,2221,41
2021-10-25,Kern,029,883053,125933,124078,21260,145338,1649
2021-10-25,Kings,031,150075,31870,31329,1863,33192,335
2021-10-25,Lake,033,64148,6668,6571,140,6711,105
2021-10-25,Lassen,035,31185,6790,6688,349,7037,42
2021-10-25,Los Angeles,037,10098052,1433206,1421061,53197,1474258,26579
2021-10-25,Madera,039,155013,22749,22325,2014,24339,281
2021-10-25,Marin,041,260295,17466,17334,437,17771,244
2021-10-25,Mariposa,043,17540,1249,1220,45,1265,5
2021-10-25,Mendocino,045,87422,7421,7296,486,7782,82
2021-10-25,Merced,047,269075,41453,41207,1815,43022,583
2021-10-25,Modoc,049,8938,521,512,183,695,5
2021-10-25,Mono,051,14174,1697,1677,21,1698,3
2021-10-25,Monterey,053,433212,48524,47547,2791,50338,587
2021-10-25,Napa,055,140530,12898,12841,106,12947,100
2021-10-25,Nevada,057,99092,9061,8958,313,9271,90
2021-10-25,Orange,059,3164182,305685,303279,14751,318030,5574
2021-10-25,Placer,061,380077,36707,36153,3558,39711,431
2021-10-25,Plumas,063,18699,1732,1641,33,1674,7
2021-10-25,Riverside,065,2383286,360890,356381,16155,372536,5056
2021-10-25,Sacramento,067,1510023,157407,156516,4417,160933,2235
2021-10-25,San Benito,069,59416,7337,7314,164,7478,71
2021-10-25,San Bernardino,071,2135413,351832,349075,10986,360061,5748
2021-10-25,San Diego,073,3302833,370566,368386,21777,390163,4196
2021-10-25,San Francisco,075,870044,52566,52041,2248,54289,649
2021-10-25,San Joaquin,077,732212,98896,97980,5275,103255,1740
2021-10-25,San Luis Obispo,079,281455,29357,28907,1212,30119,336
2021-10-25,San Mateo,081,765935,53851,52927,834,53761,571
2021-10-25,Santa Barbara,083,443738,44149,43775,1515,45290,525
2021-10-25,Santa Clara,085,1922200,146096,144895,1280,146175,1901
2021-10-25,Santa Cruz,087,273765,20251,20053,986,21039,221
2021-10-25,Shasta,089,179085,21041,20666,3500,24166,326
2021-10-25,Sierra,091,2930,180,168,20,188,0
2021-10-25,Siskiyou,093,43540,3320,3248,1253,4501,46
2021-10-25,Solano,095,438530,45692,45022,1234,46256,344
2021-10-25,Sonoma,097,501317,41087,40746,510,41256,393
2021-10-25,Stanislaus,099,539301,77494,77452,8637,86089,1145
2021-10-25,Sutter,101,95872,13760,13721,333,14054,176
2021-10-25,Tehama,103,63373,8361,8224,1445,9669,111
2021-10-25,Trinity,105,12862,841,699,206,905,11
2021-10-25,Tulare,107,460477,67645,66357,14425,80782,986
2021-10-25,Tuolumne,109,53932,7094,6952,91,7043,90
2021-10-25,Ventura,111,848112,97654,96932,4234,101166,1167
2021-10-25,Yolo,113,214977,19714,19457,1002,20459,248
2021-10-25,Yuba,115,75493,10020,9924,297,10221,82
2021-10-24,Alameda,001,1643700,118624,117816,2697,120513,1397
2021-10-24,Alpine,003,1148,101,105,0,105,0
2021-10-24,Amador,005,37829,5496,5412,56,5468,64
2021-10-24,Butte,007,227075,20636,20101,3720,23821,273
2021-10-24,Calaveras,009,45235,3972,3865,49,3914,81
2021-10-24,Colusa,011,21464,2501,2458,619,3077,18
2021-10-24,Contra Costa,013,1133247,98749,97855,2106,99961,1008
2021-10-24,Del Norte,015,27424,3650,3540,52,3592,42
2021-10-24,El Dorado,017,186661,15886,15540,1669,17209,149
2021-10-24,Fresno,019,978130,137607,134466,12364,146830,2094
2021-10-24,Glenn,021,27897,3463,3399,996,4395,33
2021-10-24,Humboldt,023,135768,8893,8753,522,9275,105
2021-10-24,Imperial,025,180216,33240,32777,3084,35861,766
2021-10-24,Inyo,027,18085,2244,2108,38,2146,41
2021-10-24,Kern,029,883053,125599,122939,21144,144083,1636
2021-10-24,Kings,031,150075,31741,30942,1848,32790,325
2021-10-24,Lake,033,64148,6645,6501,139,6640,105
2021-10-24,Lassen,035,31185,6773,6632,348,6980,27
2021-10-24,Los Angeles,037,10098052,1431771,1415919,53129,1469048,26527
2021-10-24,Madera,039,155013,22672,22062,2002,24064,281
2021-10-24,Marin,041,260295,17450,17264,436,17700,244
2021-10-24,Mariposa,043,17540,1246,1184,45,1229,5
2021-10-24,Mendocino,045,87422,7397,7220,476,7696,82
2021-10-24,Merced,047,269075,41332,40808,1809,42617,581
2021-10-24,Modoc,049,8938,520,507,183,690,5
2021-10-24,Mono,051,14174,1692,1655,21,1676,3
2021-10-24,Monterey,053,433212,48476,47456,2781,50237,586
2021-10-24,Napa,055,140530,12887,12789,106,12895,100
2021-10-24,Nevada,057,99092,9038,8861,310,9171,90
2021-10-24,Orange,059,3164182,305335,302237,14714,316951,5546
2021-10-24,Placer,061,380077,36603,35822,3544,39366,426
2021-10-24,Plumas,063,18699,1722,1623,32,1655,7
2021-10-24,Riverside,065,2383286,360416,354688,16135,370823,5041
2021-10-24,Sacramento,067,1510023,157066,155125,4394,159519,2232
2021-10-24,San Benito,069,59416,7317,7280,164,7444,71
2021-10-24,San Bernardino,071,2135413,351276,347681,10974,358655,5688
2021-10-24,San Diego,073,3302833,369983,366085,21746,387831,4183
2021-10-24,San Francisco,075,870044,52503,51820,2242,54062,649
2021-10-24,San Joaquin,077,732212,98723,97440,5269,102709,1721
2021-10-24,San Luis Obispo,079,281455,29296,28755,1205,29960,333
2021-10-24,San Mateo,081,765935,53779,52719,834,53553,571
2021-10-24,Santa Barbara,083,443738,44082,43552,1513,45065,523
2021-10-24,Santa Clara,085,1922200,145905,144276,1270,145546,1897
2021-10-24,Santa Cruz,087,273765,20213,19967,985,20952,221
2021-10-24,Shasta,089,179085,20942,20386,3494,23880,321
2021-10-24,Sierra,091,2930,180,168,20,188,0
2021-10-24,Siskiyou,093,43540,3313,3231,1249,4480,46
2021-10-24,Solano,095,438530,45642,44861,1229,46090,341
2021-10-24,Sonoma,097,501317,41004,40476,510,40986,393
2021-10-24,Stanislaus,099,539301,77303,76812,8626,85438,1145
2021-10-24,Sutter,101,95872,13733,13616,325,13941,175
2021-10-24,Tehama,103,63373,8313,8105,1434,9539,110
2021-10-24,Trinity,105,12862,837,696,204,900,11
2021-10-24,Tulare,107,460477,67472,65585,14354,79939,978
2021-10-24,Tuolumne,109,53932,7054,6840,89,6929,90
2021-10-24,Ventura,111,848112,97547,96664,4233,100897,1167
2021-10-24,Yolo,113,214977,19665,19280,1000,20280,248
2021-10-24,Yuba,115,75493,9995,9838,296,10134,82
2021-10-23,Alameda,001,1643700,118536,117816,2692,120508,1397
2021-10-23,Alpine,003,1148,101,105,0,105,0
2021-10-23,Amador,005,37829,5489,5412,56,5468,64
2021-10-23,Butte,007,227075,20599,20101,3712,23813,273
2021-10-23,Calaveras,009,45235,3965,3865,48,3913,81
2021-10-23,Colusa,011,21464,2499,2458,618,3076,18
2021-10-23,Contra Costa,013,1133247,98697,97855,2102,99957,1008
2021-10-23,Del Norte,015,27424,3648,3540,52,3592,42
2021-10-23,El Dorado,017,186661,15860,15540,1667,17207,149
2021-10-23,Fresno,019,978130,137429,134466,12351,146817,2094
2021-10-23,Glenn,021,27897,3461,3399,995,4394,33
2021-10-23,Humboldt,023,135768,8879,8753,517,9270,105
2021-10-23,Imperial,025,180216,33193,32777,3080,35857,766
2021-10-23,Inyo,027,18085,2233,2108,38,2146,41
2021-10-23,Kern,029,883053,125439,122939,21057,143996,1636
2021-10-23,Kings,031,150075,31695,30942,1846,32788,325
2021-10-23,Lake,033,64148,6640,6501,139,6640,105
2021-10-23,Lassen,035,31185,6770,6632,346,6978,27
2021-10-23,Los Angeles,037,10098052,1431089,1415919,53075,1468994,26527
2021-10-23,Madera,039,155013,22623,22062,1994,24056,281
2021-10-23,Marin,041,260295,17433,17264,436,17700,244
2021-10-23,Mariposa,043,17540,1243,1184,44,1228,5
2021-10-23,Mendocino,045,87422,7390,7220,475,7695,82
2021-10-23,Merced,047,269075,41291,40808,1804,42612,581
2021-10-23,Modoc,049,8938,518,507,183,690,5
2021-10-23,Mono,051,14174,1686,1655,21,1676,3
2021-10-23,Monterey,053,433212,48459,47456,2777,50233,586
2021-10-23,Napa,055,140530,12882,12789,106,12895,100
2021-10-23,Nevada,057,99092,9027,8861,308,9169,90
2021-10-23,Orange,059,3164182,305149,302237,14699,316936,5546
2021-10-23,Placer,061,380077,36541,35822,3538,39360,426
2021-10-23,Plumas,063,18699,1721,1623,32,1655,7
2021-10-23,Riverside,065,2383286,360095,354688,16128,370816,5041
2021-10-23,Sacramento,067,1510023,156937,155125,4386,159511,2232
2021-10-23,San Benito,069,59416,7307,7280,164,7444,71
2021-10-23,San Bernardino,071,2135413,351006,347681,10966,358647,5688
2021-10-23,San Diego,073,3302833,369642,366085,21715,387800,4183
2021-10-23,San Francisco,075,870044,52467,51820,2241,54061,649
2021-10-23,San Joaquin,077,732212,98655,97440,5260,102700,1721
2021-10-23,San Luis Obispo,079,281455,29259,28755,1203,29958,333
2021-10-23,San Mateo,081,765935,53741,52719,833,53552,571
2021-10-23,Santa Barbara,083,443738,44051,43552,1511,45063,523
2021-10-23,Santa Clara,085,1922200,145797,144276,1266,145542,1897
2021-10-23,Santa Cruz,087,273765,20201,19967,985,20952,221
2021-10-23,Shasta,089,179085,20906,20386,3482,23868,321
2021-10-23,Sierra,091,2930,179,168,20,188,0
2021-10-23,Siskiyou,093,43540,3311,3231,1249,4480,46
2021-10-23,Solano,095,438530,45617,44861,1226,46087,341
2021-10-23,Sonoma,097,501317,40964,40476,510,40986,393
2021-10-23,Stanislaus,099,539301,77214,76812,8606,85418,1145
2021-10-23,Sutter,101,95872,13727,13616,324,13940,175
2021-10-23,Tehama,103,63373,8301,8105,1433,9538,110
2021-10-23,Trinity,105,12862,836,696,204,900,11
2021-10-23,Tulare,107,460477,67384,65585,14295,79880,978
2021-10-23,Tuolumne,109,53932,7033,6840,89,6929,90
2021-10-23,Ventura,111,848112,97486,96664,4233,100897,1167
2021-10-23,Yolo,113,214977,19648,19280,997,20277,248
2021-10-23,Yuba,115,75493,9987,9838,296,10134,82
2021-10-22,Alameda,001,1643700,118454,117816,2689,120505,1397
2021-10-22,Alpine,003,1148,101,105,0,105,0
2021-10-22,Amador,005,37829,5478,5412,56,5468,64
2021-10-22,Butte,007,227075,20567,20101,3708,23809,273
2021-10-22,Calaveras,009,45235,3957,3865,48,3913,81
2021-10-22,Colusa,011,21464,2496,2458,618,3076,18
2021-10-22,Contra Costa,013,1133247,98606,97855,2100,99955,1008
2021-10-22,Del Norte,015,27424,3644,3540,52,3592,42
2021-10-22,El Dorado,017,186661,15847,15540,1665,17205,149
2021-10-22,Fresno,019,978130,137214,134466,12329,146795,2094
2021-10-22,Glenn,021,27897,3451,3399,995,4394,33
2021-10-22,Humboldt,023,135768,8865,8753,516,9269,105
2021-10-22,Imperial,025,180216,33150,32777,3080,35857,766
2021-10-22,Inyo,027,18085,2220,2108,38,2146,41
2021-10-22,Kern,029,883053,125252,122939,20984,143923,1636
2021-10-22,Kings,031,150075,31660,30942,1845,32787,325
2021-10-22,Lake,033,64148,6630,6501,139,6640,105
2021-10-22,Lassen,035,31185,6763,6632,343,6975,27
2021-10-22,Los Angeles,037,10098052,1430326,1415919,53016,1468935,26527
2021-10-22,Madera,039,155013,22573,22062,1982,24044,281
2021-10-22,Marin,041,260295,17421,17264,436,17700,244
2021-10-22,Mariposa,043,17540,1240,1184,44,1228,5
2021-10-22,Mendocino,045,87422,7376,7220,474,7694,82
2021-10-22,Merced,047,269075,41254,40808,1797,42605,581
2021-10-22,Modoc,049,8938,518,507,183,690,5
2021-10-22,Mono,051,14174,1684,1655,21,1676,3
2021-10-22,Monterey,053,433212,48426,47456,2775,50231,586
2021-10-22,Napa,055,140530,12876,12789,106,12895,100
2021-10-22,Nevada,057,99092,9010,8861,307,9168,90
2021-10-22,Orange,059,3164182,304933,302237,14669,316906,5546
2021-10-22,Placer,061,380077,36513,35822,3529,39351,426
2021-10-22,Plumas,063,18699,1715,1623,32,1655,7
2021-10-22,Riverside,065,2383286,359784,354688,16123,370811,5041
2021-10-22,Sacramento,067,1510023,156750,155125,4377,159502,2232
2021-10-22,San Benito,069,59416,7302,7280,164,7444,71
2021-10-22,San Bernardino,071,2135413,350677,347681,10951,358632,5688
2021-10-22,San Diego,073,3302833,369244,366085,21697,387782,4183
2021-10-22,San Francisco,075,870044,52431,51820,2234,54054,649
2021-10-22,San Joaquin,077,732212,98596,97440,5257,102697,1721
2021-10-22,San Luis Obispo,079,281455,29229,28755,1203,29958,333
2021-10-22,San Mateo,081,765935,53690,52719,827,53546,571
2021-10-22,Santa Barbara,083,443738,44010,43552,1511,45063,523
2021-10-22,Santa Clara,085,1922200,145641,144276,1259,145535,1897
2021-10-22,Santa Cruz,087,273765,20179,19967,985,20952,221
2021-10-22,Shasta,089,179085,20873,20386,3479,23865,321
2021-10-22,Sierra,091,2930,178,168,19,187,0
2021-10-22,Siskiyou,093,43540,3309,3231,1246,4477,46
2021-10-22,Solano,095,438530,45582,44861,1222,46083,341
2021-10-22,Sonoma,097,501317,40907,40476,510,40986,393
2021-10-22,Stanislaus,099,539301,77111,76812,8589,85401,1145
2021-10-22,Sutter,101,95872,13712,13616,324,13940,175
2021-10-22,Tehama,103,63373,8279,8105,1428,9533,110
2021-10-22,Trinity,105,12862,835,696,204,900,11
2021-10-22,Tulare,107,460477,67298,65585,14242,79827,978
2021-10-22,Tuolumne,109,53932,6998,6840,89,6929,90
2021-10-22,Ventura,111,848112,97433,96664,4227,100891,1167
2021-10-22,Yolo,113,214977,19621,19280,995,20275,248
2021-10-22,Yuba,115,75493,9973,9838,294,10132,82
2021-10-21,Alameda,001,1643700,118339,117816,2684,120500,1397
2021-10-21,Alpine,003,1148,101,105,0,105,0
2021-10-21,Amador,005,37829,5470,5412,56,5468,64
2021-10-21,Butte,007,227075,20483,20101,3694,23795,273
2021-10-21,Calaveras,009,45235,3938,3865,48,3913,81
2021-10-21,Colusa,011,21464,2492,2458,614,3072,18
2021-10-21,Contra Costa,013,1133247,98489,97855,2095,99950,1008
2021-10-21,Del Norte,015,27424,3638,3540,51,3591,42
2021-10-21,El Dorado,017,186661,15818,15540,1658,17198,149
2021-10-21,Fresno,019,978130,136864,134466,12285,146751,2094
2021-10-21,Glenn,021,27897,3447,3399,992,4391,33
2021-10-21,Humboldt,023,135768,8851,8753,512,9265,105
2021-10-21,Imperial,025,180216,33095,32777,3076,35853,766
2021-10-21,Inyo,027,18085,2198,2108,38,2146,41
2021-10-21,Kern,029,883053,125004,122939,20875,143814,1636
2021-10-21,Kings,031,150075,31562,30942,1839,32781,325
2021-10-21,Lake,033,64148,6616,6501,138,6639,105
2021-10-21,Lassen,035,31185,6750,6632,339,6971,27
2021-10-21,Los Angeles,037,10098052,1429206,1415919,52967,1468886,26527
2021-10-21,Madera,039,155013,22515,22062,1972,24034,281
2021-10-21,Marin,041,260295,17403,17264,436,17700,244
2021-10-21,Mariposa,043,17540,1234,1184,43,1227,5
2021-10-21,Mendocino,045,87422,7358,7220,467,7687,82
2021-10-21,Merced,047,269075,41157,40808,1786,42594,581
2021-10-21,Modoc,049,8938,518,507,183,690,5
2021-10-21,Mono,051,14174,1675,1655,21,1676,3
2021-10-21,Monterey,053,433212,48392,47456,2764,50220,586
2021-10-21,Napa,055,140530,12864,12789,106,12895,100
2021-10-21,Nevada,057,99092,8985,8861,307,9168,90
2021-10-21,Orange,059,3164182,304661,302237,14633,316870,5546
2021-10-21,Placer,061,380077,36424,35822,3516,39338,426
2021-10-21,Plumas,063,18699,1701,1623,32,1655,7
2021-10-21,Riverside,065,2383286,359339,354688,16113,370801,5041
2021-10-21,Sacramento,067,1510023,156431,155125,4351,159476,2232
2021-10-21,San Benito,069,59416,7295,7280,162,7442,71
2021-10-21,San Bernardino,071,2135413,350298,347681,10917,358598,5688
2021-10-21,San Diego,073,3302833,368732,366085,21667,387752,4183
2021-10-21,San Francisco,075,870044,52376,51820,2233,54053,649
2021-10-21,San Joaquin,077,732212,98457,97440,5250,102690,1721
2021-10-21,San Luis Obispo,079,281455,29187,28755,1201,29956,333
2021-10-21,San Mateo,081,765935,53643,52719,826,53545,571
2021-10-21,Santa Barbara,083,443738,43944,43552,1509,45061,523
2021-10-21,Santa Clara,085,1922200,145470,144276,1255,145531,1897
2021-10-21,Santa Cruz,087,273765,20155,19967,983,20950,221
2021-10-21,Shasta,089,179085,20812,20386,3464,23850,321
2021-10-21,Sierra,091,2930,177,168,18,186,0
2021-10-21,Siskiyou,093,43540,3304,3231,1244,4475,46
2021-10-21,Solano,095,438530,45530,44861,1220,46081,341
2021-10-21,Sonoma,097,501317,40838,40476,508,40984,393
2021-10-21,Stanislaus,099,539301,76942,76812,8578,85390,1145
2021-10-21,Sutter,101,95872,13684,13616,320,13936,175
2021-10-21,Tehama,103,63373,8252,8105,1421,9526,110
2021-10-21,Trinity,105,12862,833,696,204,900,11
2021-10-21,Tulare,107,460477,67109,65585,14173,79758,978
2021-10-21,Tuolumne,109,53932,6960,6840,88,6928,90
2021-10-21,Ventura,111,848112,97342,96664,4225,100889,1167
2021-10-21,Yolo,113,214977,19574,19280,993,20273,248
2021-10-21,Yuba,115,75493,9949,9838,293,10131,82
2021-10-20,Alameda,001,1643700,118219,117654,2684,120338,1390
2021-10-20,Alpine,003,1148,101,103,0,103,0
2021-10-20,Amador,005,37829,5462,5379,56,5435,64
2021-10-20,Butte,007,227075,20428,20021,3678,23699,270
2021-10-20,Calaveras,009,45235,3918,3844,47,3891,81
2021-10-20,Colusa,011,21464,2488,2454,612,3066,18
2021-10-20,Contra Costa,013,1133247,98373,97721,2091,99812,1008
2021-10-20,Del Norte,015,27424,3634,3536,51,3587,42
2021-10-20,El Dorado,017,186661,15788,15502,1655,17157,149
2021-10-20,Fresno,019,978130,136464,134025,12248,146273,2084
2021-10-20,Glenn,021,27897,3439,3382,991,4373,33
2021-10-20,Humboldt,023,135768,8829,8727,510,9237,105
2021-10-20,Imperial,025,180216,33021,32705,3068,35773,766
2021-10-20,Inyo,027,18085,2178,2077,37,2114,40
2021-10-20,Kern,029,883053,124710,122630,20756,143386,1623
2021-10-20,Kings,031,150075,31485,30805,1829,32634,322
2021-10-20,Lake,033,64148,6594,6475,137,6612,104
2021-10-20,Lassen,035,31185,6735,6622,339,6961,27
2021-10-20,Los Angeles,037,10098052,1428088,1414931,52897,1467828,26506
2021-10-20,Madera,039,155013,22445,21983,1963,23946,281
2021-10-20,Marin,041,260295,17382,17250,434,17684,244
2021-10-20,Mariposa,043,17540,1227,1174,43,1217,5
2021-10-20,Mendocino,045,87422,7330,7189,464,7653,82
2021-10-20,Merced,047,269075,41076,40685,1770,42455,581
2021-10-20,Modoc,049,8938,518,504,183,687,5
2021-10-20,Mono,051,14174,1675,1653,21,1674,3
2021-10-20,Monterey,053,433212,48360,47430,2755,50185,587
2021-10-20,Napa,055,140530,12850,12773,105,12878,100
2021-10-20,Nevada,057,99092,8957,8836,307,9143,90
2021-10-20,Orange,059,3164182,304375,301957,14611,316568,5534
2021-10-20,Placer,061,380077,36335,35729,3507,39236,425
2021-10-20,Plumas,063,18699,1694,1604,32,1636,7
2021-10-20,Riverside,065,2383286,358895,354311,16096,370407,5030
2021-10-20,Sacramento,067,1510023,156132,154822,4328,159150,2222
2021-10-20,San Benito,069,59416,7292,7275,160,7435,71
2021-10-20,San Bernardino,071,2135413,349898,347217,10886,358103,5663
2021-10-20,San Diego,073,3302833,368223,365698,21648,387346,4178
2021-10-20,San Francisco,075,870044,52327,51755,2232,53987,646
2021-10-20,San Joaquin,077,732212,98312,97246,5242,102488,1721
2021-10-20,San Luis Obispo,079,281455,29142,28727,1197,29924,332
2021-10-20,San Mateo,081,765935,53572,52663,818,53481,571
2021-10-20,Santa Barbara,083,443738,43881,43489,1508,44997,523
2021-10-20,Santa Clara,085,1922200,145335,144124,1250,145374,1896
2021-10-20,Santa Cruz,087,273765,20142,19951,983,20934,219
2021-10-20,Shasta,089,179085,20750,20313,3437,23750,320
2021-10-20,Sierra,091,2930,177,168,18,186,0
2021-10-20,Siskiyou,093,43540,3304,3224,1238,4462,46
2021-10-20,Solano,095,438530,45498,44819,1218,46037,341
2021-10-20,Sonoma,097,501317,40791,40404,508,40912,393
2021-10-20,Stanislaus,099,539301,76792,76631,8559,85190,1145
2021-10-20,Sutter,101,95872,13660,13592,314,13906,175
2021-10-20,Tehama,103,63373,8221,8081,1410,9491,110
2021-10-20,Trinity,105,12862,833,693,203,896,11
2021-10-20,Tulare,107,460477,66934,65413,14129,79542,967
2021-10-20,Tuolumne,109,53932,6937,6803,88,6891,89
2021-10-20,Ventura,111,848112,97260,96610,4221,100831,1166
2021-10-20,Yolo,113,214977,19529,19236,991,20227,248
2021-10-20,Yuba,115,75493,9932,9808,290,10098,82
2021-10-19,Alameda,001,1643700,118098,117542,2678,120220,1383
2021-10-19,Alpine,003,1148,101,103,0,103,0
2021-10-19,Amador,005,37829,5446,5367,56,5423,64
2021-10-19,Butte,007,227075,20375,19974,3670,23644,268
2021-10-19,Calaveras,009,45235,3901,3826,46,3872,80
2021-10-19,Colusa,011,21464,2485,2447,610,3057,18
2021-10-19,Contra Costa,013,1133247,98282,97613,2086,99699,1004
2021-10-19,Del Norte,015,27424,3627,3531,51,3582,42
2021-10-19,El Dorado,017,186661,15763,15478,1650,17128,149
2021-10-19,Fresno,019,978130,136100,133813,12200,146013,2073
2021-10-19,Glenn,021,27897,3436,3380,989,4369,33
2021-10-19,Humboldt,023,135768,8805,8714,504,9218,105
2021-10-19,Imperial,025,180216,32955,32632,3064,35696,764
2021-10-19,Inyo,027,18085,2147,2045,37,2082,40
2021-10-19,Kern,029,883053,124393,122391,20632,143023,1613
2021-10-19,Kings,031,150075,31392,30757,1822,32579,322
2021-10-19,Lake,033,64148,6590,6465,137,6602,104
2021-10-19,Lassen,035,31185,6729,6612,335,6947,27
2021-10-19,Los Angeles,037,10098052,1426841,1413882,52824,1466706,26473
2021-10-19,Madera,039,155013,22382,21950,1955,23905,281
2021-10-19,Marin,041,260295,17368,17241,431,17672,244
2021-10-19,Mariposa,043,17540,1221,1171,41,1212,5
2021-10-19,Mendocino,045,87422,7315,7172,461,7633,82
2021-10-19,Merced,047,269075,40961,40628,1749,42377,580
2021-10-19,Modoc,049,8938,516,502,183,685,5
2021-10-19,Mono,051,14174,1671,1651,21,1672,3
2021-10-19,Monterey,053,433212,48323,47412,2744,50156,583
2021-10-19,Napa,055,140530,12843,12769,105,12874,100
2021-10-19,Nevada,057,99092,8936,8829,306,9135,90
2021-10-19,Orange,059,3164182,304118,301700,14578,316278,5527
2021-10-19,Placer,061,380077,36214,35663,3492,39155,422
2021-10-19,Plumas,063,18699,1676,1586,32,1618,8
2021-10-19,Riverside,065,2383286,358473,353891,16089,369980,5020
2021-10-19,Sacramento,067,1510023,155826,154570,4302,158872,2227
2021-10-19,San Benito,069,59416,7277,7264,160,7424,71
2021-10-19,San Bernardino,071,2135413,349495,346814,10857,357671,5627
2021-10-19,San Diego,073,3302833,367642,365285,21617,386902,4170
2021-10-19,San Francisco,075,870044,52264,51704,2230,53934,645
2021-10-19,San Joaquin,077,732212,98145,97105,5231,102336,1721
2021-10-19,San Luis Obispo,079,281455,29094,28670,1194,29864,332
2021-10-19,San Mateo,081,765935,53514,52617,816,53433,571
2021-10-19,Santa Barbara,083,443738,43814,43413,1507,44920,522
2021-10-19,Santa Clara,085,1922200,145162,143989,1243,145232,1898
2021-10-19,Santa Cruz,087,273765,20118,19895,981,20876,218
2021-10-19,Shasta,089,179085,20674,20209,3429,23638,319
2021-10-19,Sierra,091,2930,174,168,18,186,0
2021-10-19,Siskiyou,093,43540,3300,3216,1233,4449,46
2021-10-19,Solano,095,438530,45456,44782,1212,45994,341
2021-10-19,Sonoma,097,501317,40717,40379,507,40886,392
2021-10-19,Stanislaus,099,539301,76650,76526,8547,85073,1145
2021-10-19,Sutter,101,95872,13636,13569,313,13882,174
2021-10-19,Tehama,103,63373,8191,8057,1394,9451,108
2021-10-19,Trinity,105,12862,826,691,203,894,11
2021-10-19,Tulare,107,460477,66747,65253,14061,79314,958
2021-10-19,Tuolumne,109,53932,6908,6782,87,6869,89
2021-10-19,Ventura,111,848112,97184,96539,4216,100755,1166
2021-10-19,Yolo,113,214977,19483,19206,987,20193,248
2021-10-19,Yuba,115,75493,9914,9796,289,10085,82
2021-10-18,Alameda,001,1643700,117961,117506,2668,120174,1381
2021-10-18,Alpine,003,1148,101,103,0,103,0
2021-10-18,Amador,005,37829,5435,5345,56,5401,64
2021-10-18,Butte,007,227075,20324,19921,3658,23579,265
2021-10-18,Calaveras,009,45235,3876,3819,45,3864,80
2021-10-18,Colusa,011,21464,2484,2444,608,3052,18
2021-10-18,Contra Costa,013,1133247,98171,97585,2082,99667,995
2021-10-18,Del Norte,015,27424,3620,3529,51,3580,41
2021-10-18,El Dorado,017,186661,15733,15452,1648,17100,149
2021-10-18,Fresno,019,978130,135698,133688,12158,145846,2063
2021-10-18,Glenn,021,27897,3432,3370,985,4355,32
2021-10-18,Humboldt,023,135768,8785,8699,496,9195,104
2021-10-18,Imperial,025,180216,32864,32558,3064,35622,764
2021-10-18,Inyo,027,18085,2129,2020,37,2057,40
2021-10-18,Kern,029,883053,124094,122231,20538,142769,1605
2021-10-18,Kings,031,150075,31278,30698,1809,32507,320
2021-10-18,Lake,033,64148,6571,6455,133,6588,104
2021-10-18,Lassen,035,31185,6709,6607,332,6939,26
2021-10-18,Los Angeles,037,10098052,1425596,1413291,52748,1466039,26446
2021-10-18,Madera,039,155013,22328,21909,1942,23851,277
2021-10-18,Marin,041,260295,17348,17232,428,17660,244
2021-10-18,Mariposa,043,17540,1213,1160,41,1201,5
2021-10-18,Mendocino,045,87422,7296,7156,453,7609,82
2021-10-18,Merced,047,269075,40838,40573,1739,42312,579
2021-10-18,Modoc,049,8938,516,498,183,681,5
2021-10-18,Mono,051,14174,1665,1648,20,1668,3
2021-10-18,Monterey,053,433212,48301,47389,2739,50128,583
2021-10-18,Napa,055,140530,12828,12762,105,12867,100
2021-10-18,Nevada,057,99092,8917,8816,306,9122,90
2021-10-18,Orange,059,3164182,303779,301573,14543,316116,5524
2021-10-18,Placer,061,380077,36137,35598,3488,39086,420
2021-10-18,Plumas,063,18699,1668,1579,32,1611,6
2021-10-18,Riverside,065,2383286,358058,353699,16075,369774,5008
2021-10-18,Sacramento,067,1510023,155521,154428,4272,158700,2203
2021-10-18,San Benito,069,59416,7265,7253,160,7413,71
2021-10-18,San Bernardino,071,2135413,349075,346742,10843,357585,5606
2021-10-18,San Diego,073,3302833,367086,364948,21579,386527,4169
2021-10-18,San Francisco,075,870044,52201,51671,2224,53895,644
2021-10-18,San Joaquin,077,732212,97980,97041,5221,102262,1721
2021-10-18,San Luis Obispo,079,281455,29055,28644,1191,29835,331
2021-10-18,San Mateo,081,765935,53449,52594,815,53409,571
2021-10-18,Santa Barbara,083,443738,43755,43386,1505,44891,522
2021-10-18,Santa Clara,085,1922200,145007,143891,1235,145126,1895
2021-10-18,Santa Cruz,087,273765,20104,19876,979,20855,218
2021-10-18,Shasta,089,179085,20594,20146,3418,23564,313
2021-10-18,Sierra,091,2930,174,166,18,184,0
2021-10-18,Siskiyou,093,43540,3297,3210,1225,4435,42
2021-10-18,Solano,095,438530,45412,44758,1209,45967,339
2021-10-18,Sonoma,097,501317,40653,40349,504,40853,392
2021-10-18,Stanislaus,099,539301,76485,76466,8533,84999,1145
2021-10-18,Sutter,101,95872,13602,13557,311,13868,172
2021-10-18,Tehama,103,63373,8156,8042,1382,9424,107
2021-10-18,Trinity,105,12862,825,688,203,891,11
2021-10-18,Tulare,107,460477,66572,65171,13997,79168,958
2021-10-18,Tuolumne,109,53932,6879,6755,87,6842,89
2021-10-18,Ventura,111,848112,97089,96506,4213,100719,1165
2021-10-18,Yolo,113,214977,19445,19197,984,20181,248
2021-10-18,Yuba,115,75493,9887,9782,287,10069,82
2021-10-17,Alameda,001,1643700,117810,117423,2663,120086,1376
2021-10-17,Alpine,003,1148,101,103,0,103,0
2021-10-17,Amador,005,37829,5412,5341,56,5397,64
2021-10-17,Butte,007,227075,20240,19897,3648,23545,265
2021-10-17,Calaveras,009,45235,3860,3805,45,3850,80
2021-10-17,Colusa,011,21464,2479,2442,601,3043,18
2021-10-17,Contra Costa,013,1133247,98050,97485,2071,99556,995
2021-10-17,Del Norte,015,27424,3615,3526,51,3577,41
2021-10-17,El Dorado,017,186661,15675,15438,1641,17079,149
2021-10-17,Fresno,019,978130,135231,133429,12115,145544,2063
2021-10-17,Glenn,021,27897,3422,3364,980,4344,32
2021-10-17,Humboldt,023,135768,8765,8690,493,9183,104
2021-10-17,Imperial,025,180216,32782,32520,3057,35577,764
2021-10-17,Inyo,027,18085,2101,2000,37,2037,40
2021-10-17,Kern,029,883053,123744,122085,20440,142525,1603
2021-10-17,Kings,031,150075,31165,30636,1801,32437,315
2021-10-17,Lake,033,64148,6555,6437,133,6570,104
2021-10-17,Lassen,035,31185,6697,6605,328,6933,26
2021-10-17,Los Angeles,037,10098052,1424256,1412371,52673,1465044,26443
2021-10-17,Madera,039,155013,22266,21869,1931,23800,277
2021-10-17,Marin,041,260295,17326,17211,428,17639,243
2021-10-17,Mariposa,043,17540,1206,1150,41,1191,5
2021-10-17,Mendocino,045,87422,7267,7148,447,7595,82
2021-10-17,Merced,047,269075,40712,40531,1723,42254,579
2021-10-17,Modoc,049,8938,513,498,181,679,5
2021-10-17,Mono,051,14174,1663,1640,19,1659,3
2021-10-17,Monterey,053,433212,48260,47369,2729,50098,583
2021-10-17,Napa,055,140530,12813,12753,102,12855,100
2021-10-17,Nevada,057,99092,8900,8794,305,9099,90
2021-10-17,Orange,059,3164182,303464,301414,14510,315924,5524
2021-10-17,Placer,061,380077,36037,35559,3473,39032,420
2021-10-17,Plumas,063,18699,1644,1571,31,1602,6
2021-10-17,Riverside,065,2383286,357574,353500,16061,369561,5008
2021-10-17,Sacramento,067,1510023,155121,154080,4255,158335,2213
2021-10-17,San Benito,069,59416,7256,7250,159,7409,71
2021-10-17,San Bernardino,071,2135413,348640,346524,10823,357347,5597
2021-10-17,San Diego,073,3302833,366495,364675,21551,386226,4163
2021-10-17,San Francisco,075,870044,52129,51625,2215,53840,644
2021-10-17,San Joaquin,077,732212,97807,96950,5212,102162,1721
2021-10-17,San Luis Obispo,079,281455,29003,28604,1183,29787,331
2021-10-17,San Mateo,081,765935,53397,52541,811,53352,571
2021-10-17,Santa Barbara,083,443738,43692,43344,1504,44848,522
2021-10-17,Santa Clara,085,1922200,144830,143768,1226,144994,1895
2021-10-17,Santa Cruz,087,273765,20076,19861,977,20838,218
2021-10-17,Shasta,089,179085,20504,20116,3408,23524,312
2021-10-17,Sierra,091,2930,172,165,18,183,0
2021-10-17,Siskiyou,093,43540,3289,3204,1222,4426,42
2021-10-17,Solano,095,438530,45355,44722,1208,45930,340
2021-10-17,Sonoma,097,501317,40577,40306,503,40809,392
2021-10-17,Stanislaus,099,539301,76287,76354,8519,84873,1145
2021-10-17,Sutter,101,95872,13585,13543,309,13852,172
2021-10-17,Tehama,103,63373,8124,8015,1366,9381,107
2021-10-17,Trinity,105,12862,822,686,202,888,11
2021-10-17,Tulare,107,460477,66389,65057,13925,78982,958
2021-10-17,Tuolumne,109,53932,6845,6735,86,6821,89
2021-10-17,Ventura,111,848112,96989,96458,4210,100668,1165
2021-10-17,Yolo,113,214977,19403,19171,975,20146,248
2021-10-17,Yuba,115,75493,9861,9771,285,10056,82
2021-10-16,Alameda,001,1643700,117719,117027,2661,119688,1365
2021-10-16,Alpine,003,1148,100,102,0,102,0
2021-10-16,Amador,005,37829,5405,5310,56,5366,64
2021-10-16,Butte,007,227075,20209,19612,3639,23251,260
2021-10-16,Calaveras,009,45235,3853,3771,45,3816,80
2021-10-16,Colusa,011,21464,2475,2431,598,3029,18
2021-10-16,Contra Costa,013,1133247,97958,97107,2064,99171,982
2021-10-16,Del Norte,015,27424,3612,3516,51,3567,41
2021-10-16,El Dorado,017,186661,15654,15315,1639,16954,149
2021-10-16,Fresno,019,978130,135077,132433,12098,144531,2051
2021-10-16,Glenn,021,27897,3416,3331,980,4311,26
2021-10-16,Humboldt,023,135768,8753,8621,488,9109,104
2021-10-16,Imperial,025,180216,32767,32368,3055,35423,764
2021-10-16,Inyo,027,18085,2087,1932,37,1969,39
2021-10-16,Kern,029,883053,123588,121354,20359,141713,1590
2021-10-16,Kings,031,150075,31119,30418,1798,32216,314
2021-10-16,Lake,033,64148,6544,6378,133,6511,104
2021-10-16,Lassen,035,31185,6688,6559,324,6883,26
2021-10-16,Los Angeles,037,10098052,1423601,1409418,52619,1462037,26398
2021-10-16,Madera,039,155013,22222,21707,1927,23634,277
2021-10-16,Marin,041,260295,17316,17148,428,17576,243
2021-10-16,Mariposa,043,17540,1203,1096,41,1137,5
2021-10-16,Mendocino,045,87422,7256,7099,447,7546,82
2021-10-16,Merced,047,269075,40680,40265,1721,41986,577
2021-10-16,Modoc,049,8938,510,492,181,673,5
2021-10-16,Mono,051,14174,1659,1628,19,1647,3
2021-10-16,Monterey,053,433212,48243,47293,2721,50014,582
2021-10-16,Napa,055,140530,12802,12706,102,12808,100
2021-10-16,Nevada,057,99092,8880,8739,305,9044,90
2021-10-16,Orange,059,3164182,303288,300722,14485,315207,5509
2021-10-16,Placer,061,380077,35953,35343,3467,38810,412
2021-10-16,Plumas,063,18699,1639,1542,30,1572,6
2021-10-16,Riverside,065,2383286,357304,352435,16049,368484,4990
2021-10-16,Sacramento,067,1510023,154922,153264,4251,157515,2192
2021-10-16,San Benito,069,59416,7243,7210,158,7368,71
2021-10-16,San Bernardino,071,2135413,348432,345418,10815,356233,5566
2021-10-16,San Diego,073,3302833,366179,363109,21535,384644,4151
2021-10-16,San Francisco,075,870044,52082,51436,2211,53647,645
2021-10-16,San Joaquin,077,732212,97735,96507,5209,101716,1708
2021-10-16,San Luis Obispo,079,281455,28977,28460,1182,29642,329
2021-10-16,San Mateo,081,765935,53348,52399,810,53209,569
2021-10-16,Santa Barbara,083,443738,43656,43175,1503,44678,521
2021-10-16,Santa Clara,085,1922200,144730,143282,1218,144500,1890
2021-10-16,Santa Cruz,087,273765,20061,19794,976,20770,218
2021-10-16,Shasta,089,179085,20454,19932,3397,23329,309
2021-10-16,Sierra,091,2930,170,160,18,178,0
2021-10-16,Siskiyou,093,43540,3287,3173,1215,4388,42
2021-10-16,Solano,095,438530,45329,44585,1204,45789,334
2021-10-16,Sonoma,097,501317,40537,40195,503,40698,390
2021-10-16,Stanislaus,099,539301,76201,75868,8509,84377,1142
2021-10-16,Sutter,101,95872,13566,13471,308,13779,169
2021-10-16,Tehama,103,63373,8111,7907,1361,9268,104
2021-10-16,Trinity,105,12862,822,679,202,881,11
2021-10-16,Tulare,107,460477,66251,64489,13894,78383,951
2021-10-16,Tuolumne,109,53932,6813,6666,86,6752,89
2021-10-16,Ventura,111,848112,96957,96181,4205,100386,1164
2021-10-16,Yolo,113,214977,19376,19078,969,20047,247
2021-10-16,Yuba,115,75493,9837,9705,282,9987,82
2021-10-15,Alameda,001,1643700,117647,117027,2657,119684,1365
2021-10-15,Alpine,003,1148,100,102,0,102,0
2021-10-15,Amador,005,37829,5381,5310,56,5366,64
2021-10-15,Butte,007,227075,20173,19612,3632,23244,260
2021-10-15,Calaveras,009,45235,3847,3771,45,3816,80
2021-10-15,Colusa,011,21464,2473,2431,595,3026,18
2021-10-15,Contra Costa,013,1133247,97876,97107,2061,99168,982
2021-10-15,Del Norte,015,27424,3610,3516,51,3567,41
2021-10-15,El Dorado,017,186661,15634,15315,1634,16949,149
2021-10-15,Fresno,019,978130,134824,132433,12089,144522,2051
2021-10-15,Glenn,021,27897,3410,3331,979,4310,26
2021-10-15,Humboldt,023,135768,8744,8621,486,9107,104
2021-10-15,Imperial,025,180216,32720,32368,3051,35419,764
2021-10-15,Inyo,027,18085,2069,1932,37,1969,39
2021-10-15,Kern,029,883053,123452,121354,20285,141639,1590
2021-10-15,Kings,031,150075,31064,30418,1794,32212,314
2021-10-15,Lake,033,64148,6535,6378,133,6511,104
2021-10-15,Lassen,035,31185,6676,6559,323,6882,26
2021-10-15,Los Angeles,037,10098052,1422908,1409418,52571,1461989,26398
2021-10-15,Madera,039,155013,22178,21707,1919,23626,277
2021-10-15,Marin,041,260295,17305,17148,428,17576,243
2021-10-15,Mariposa,043,17540,1195,1096,41,1137,5
2021-10-15,Mendocino,045,87422,7241,7099,447,7546,82
2021-10-15,Merced,047,269075,40650,40265,1718,41983,577
2021-10-15,Modoc,049,8938,509,492,181,673,5
2021-10-15,Mono,051,14174,1656,1628,19,1647,3
2021-10-15,Monterey,053,433212,48221,47293,2719,50012,582
2021-10-15,Napa,055,140530,12798,12706,102,12808,100
2021-10-15,Nevada,057,99092,8865,8739,305,9044,90
2021-10-15,Orange,059,3164182,303119,300722,14467,315189,5509
2021-10-15,Placer,061,380077,35899,35343,3461,38804,412
2021-10-15,Plumas,063,18699,1631,1542,30,1572,6
2021-10-15,Riverside,065,2383286,357062,352435,16044,368479,4990
2021-10-15,Sacramento,067,1510023,154735,153264,4241,157505,2192
2021-10-15,San Benito,069,59416,7240,7210,158,7368,71
2021-10-15,San Bernardino,071,2135413,348200,345418,10812,356230,5566
2021-10-15,San Diego,073,3302833,365819,363109,21510,384619,4151
2021-10-15,San Francisco,075,870044,52041,51436,2204,53640,645
2021-10-15,San Joaquin,077,732212,97657,96507,5202,101709,1708
2021-10-15,San Luis Obispo,079,281455,28956,28460,1180,29640,329
2021-10-15,San Mateo,081,765935,53304,52399,809,53208,569
2021-10-15,Santa Barbara,083,443738,43618,43175,1503,44678,521
2021-10-15,Santa Clara,085,1922200,144608,143282,1210,144492,1890
2021-10-15,Santa Cruz,087,273765,20050,19794,976,20770,218
2021-10-15,Shasta,089,179085,20398,19932,3389,23321,309
2021-10-15,Sierra,091,2930,170,160,18,178,0
2021-10-15,Siskiyou,093,43540,3286,3173,1212,4385,42
2021-10-15,Solano,095,438530,45303,44585,1204,45789,334
2021-10-15,Sonoma,097,501317,40503,40195,502,40697,390
2021-10-15,Stanislaus,099,539301,76121,75868,8493,84361,1142
2021-10-15,Sutter,101,95872,13549,13471,306,13777,169
2021-10-15,Tehama,103,63373,8090,7907,1355,9262,104
2021-10-15,Trinity,105,12862,822,679,202,881,11
2021-10-15,Tulare,107,460477,66172,64489,13857,78346,951
2021-10-15,Tuolumne,109,53932,6790,6666,84,6750,89
2021-10-15,Ventura,111,848112,96915,96181,4202,100383,1164
2021-10-15,Yolo,113,214977,19361,19078,965,20043,247
2021-10-15,Yuba,115,75493,9827,9705,281,9986,82
2021-10-14,Alameda,001,1643700,117538,117027,2652,119679,1365
2021-10-14,Alpine,003,1148,100,102,0,102,0
2021-10-14,Amador,005,37829,5370,5310,56,5366,64
2021-10-14,Butte,007,227075,20121,19612,3626,23238,260
2021-10-14,Calaveras,009,45235,3834,3771,44,3815,80
2021-10-14,Colusa,011,21464,2471,2431,593,3024,18
2021-10-14,Contra Costa,013,1133247,97742,97107,2054,99161,982
2021-10-14,Del Norte,015,27424,3604,3516,51,3567,41
2021-10-14,El Dorado,017,186661,15596,15315,1631,16946,149
2021-10-14,Fresno,019,978130,134529,132433,12060,144493,2051
2021-10-14,Glenn,021,27897,3405,3331,978,4309,26
2021-10-14,Humboldt,023,135768,8727,8621,483,9104,104
2021-10-14,Imperial,025,180216,32657,32368,3044,35412,764
2021-10-14,Inyo,027,18085,2050,1932,37,1969,39
2021-10-14,Kern,029,883053,123180,121354,20186,141540,1590
2021-10-14,Kings,031,150075,30999,30418,1786,32204,314
2021-10-14,Lake,033,64148,6514,6378,132,6510,104
2021-10-14,Lassen,035,31185,6670,6559,322,6881,26
2021-10-14,Los Angeles,037,10098052,1421916,1409418,52521,1461939,26398
2021-10-14,Madera,039,155013,22113,21707,1913,23620,277
2021-10-14,Marin,041,260295,17300,17148,426,17574,243
2021-10-14,Mariposa,043,17540,1182,1096,40,1136,5
2021-10-14,Mendocino,045,87422,7227,7099,445,7544,82
2021-10-14,Merced,047,269075,40562,40265,1704,41969,577
2021-10-14,Modoc,049,8938,509,492,181,673,5
2021-10-14,Mono,051,14174,1649,1628,19,1647,3
2021-10-14,Monterey,053,433212,48195,47293,2714,50007,582
2021-10-14,Napa,055,140530,12783,12706,102,12808,100
2021-10-14,Nevada,057,99092,8838,8739,303,9042,90
2021-10-14,Orange,059,3164182,302911,300722,14450,315172,5509
2021-10-14,Placer,061,380077,35832,35343,3447,38790,412
2021-10-14,Plumas,063,18699,1616,1542,30,1572,6
2021-10-14,Riverside,065,2383286,356665,352435,16033,368468,4990
2021-10-14,Sacramento,067,1510023,154484,153264,4221,157485,2192
2021-10-14,San Benito,069,59416,7229,7210,158,7368,71
2021-10-14,San Bernardino,071,2135413,347843,345418,10805,356223,5566
2021-10-14,San Diego,073,3302833,365379,363109,21483,384592,4151
2021-10-14,San Francisco,075,870044,51985,51436,2200,53636,645
2021-10-14,San Joaquin,077,732212,97528,96507,5193,101700,1708
2021-10-14,San Luis Obispo,079,281455,28911,28460,1176,29636,329
2021-10-14,San Mateo,081,765935,53256,52399,808,53207,569
2021-10-14,Santa Barbara,083,443738,43562,43175,1498,44673,521
2021-10-14,Santa Clara,085,1922200,144467,143282,1204,144486,1890
2021-10-14,Santa Cruz,087,273765,20027,19794,976,20770,218
2021-10-14,Shasta,089,179085,20341,19932,3377,23309,309
2021-10-14,Sierra,091,2930,169,160,18,178,0
2021-10-14,Siskiyou,093,43540,3283,3173,1204,4377,42
2021-10-14,Solano,095,438530,45253,44585,1196,45781,334
2021-10-14,Sonoma,097,501317,40453,40195,499,40694,390
2021-10-14,Stanislaus,099,539301,75975,75868,8480,84348,1142
2021-10-14,Sutter,101,95872,13529,13471,305,13776,169
2021-10-14,Tehama,103,63373,8059,7907,1348,9255,104
2021-10-14,Trinity,105,12862,821,679,201,880,11
2021-10-14,Tulare,107,460477,65987,64489,13810,78299,951
2021-10-14,Tuolumne,109,53932,6758,6666,83,6749,89
2021-10-14,Ventura,111,848112,96847,96181,4196,100377,1164
2021-10-14,Yolo,113,214977,19328,19078,958,20036,247
2021-10-14,Yuba,115,75493,9813,9705,272,9977,82
2021-10-13,Alameda,001,1643700,117432,116914,2646,119560,1360
2021-10-13,Alpine,003,1148,100,102,0,102,0
2021-10-13,Amador,005,37829,5356,5305,56,5361,63
2021-10-13,Butte,007,227075,20046,19546,3621,23167,257
2021-10-13,Calaveras,009,45235,3813,3756,42,3798,79
2021-10-13,Colusa,011,21464,2464,2430,589,3019,18
2021-10-13,Contra Costa,013,1133247,97626,96975,2053,99028,969
2021-10-13,Del Norte,015,27424,3599,3512,51,3563,39
2021-10-13,El Dorado,017,186661,15572,15302,1626,16928,149
2021-10-13,Fresno,019,978130,134195,132055,12029,144084,2048
2021-10-13,Glenn,021,27897,3400,3327,974,4301,26
2021-10-13,Humboldt,023,135768,8716,8604,479,9083,102
2021-10-13,Imperial,025,180216,32597,32317,3042,35359,762
2021-10-13,Inyo,027,18085,2013,1907,37,1944,39
2021-10-13,Kern,029,883053,122936,120956,20094,141050,1586
2021-10-13,Kings,031,150075,30918,30246,1779,32025,312
2021-10-13,Lake,033,64148,6494,6371,132,6503,103
2021-10-13,Lassen,035,31185,6659,6535,316,6851,25
2021-10-13,Los Angeles,037,10098052,1420864,1408384,52465,1460849,26379
2021-10-13,Madera,039,155013,22060,21609,1899,23508,277
2021-10-13,Marin,041,260295,17276,17137,425,17562,243
2021-10-13,Mariposa,043,17540,1168,1090,40,1130,5
2021-10-13,Mendocino,045,87422,7211,7088,437,7525,82
2021-10-13,Merced,047,269075,40477,40164,1693,41857,577
2021-10-13,Modoc,049,8938,507,490,179,669,5
2021-10-13,Mono,051,14174,1649,1612,19,1631,3
2021-10-13,Monterey,053,433212,48176,47273,2707,49980,582
2021-10-13,Napa,055,140530,12772,12695,100,12795,100
2021-10-13,Nevada,057,99092,8816,8725,303,9028,90
2021-10-13,Orange,059,3164182,302703,300468,14434,314902,5503
2021-10-13,Placer,061,380077,35765,35254,3438,38692,412
2021-10-13,Plumas,063,18699,1602,1514,30,1544,6
2021-10-13,Riverside,065,2383286,356335,352044,16020,368064,4978
2021-10-13,Sacramento,067,1510023,154235,153141,4200,157341,2182
2021-10-13,San Benito,069,59416,7223,7196,157,7353,71
2021-10-13,San Bernardino,071,2135413,347517,344951,10788,355739,5562
2021-10-13,San Diego,073,3302833,364948,362564,21461,384025,4141
2021-10-13,San Francisco,075,870044,51942,51379,2196,53575,644
2021-10-13,San Joaquin,077,732212,97385,96343,5189,101532,1696
2021-10-13,San Luis Obispo,079,281455,28873,28397,1173,29570,330
2021-10-13,San Mateo,081,765935,53204,52352,804,53156,569
2021-10-13,Santa Barbara,083,443738,43510,43109,1498,44607,518
2021-10-13,Santa Clara,085,1922200,144329,143064,1203,144267,1886
2021-10-13,Santa Cruz,087,273765,20001,19763,975,20738,217
2021-10-13,Shasta,089,179085,20271,19802,3357,23159,307
2021-10-13,Sierra,091,2930,169,155,18,173,0
2021-10-13,Siskiyou,093,43540,3275,3173,1203,4376,42
2021-10-13,Solano,095,438530,45214,44558,1193,45751,334
2021-10-13,Sonoma,097,501317,40397,40122,499,40621,390
2021-10-13,Stanislaus,099,539301,75833,75698,8470,84168,1136
2021-10-13,Sutter,101,95872,13499,13458,303,13761,169
2021-10-13,Tehama,103,63373,8023,7849,1342,9191,103
2021-10-13,Trinity,105,12862,818,677,201,878,11
2021-10-13,Tulare,107,460477,65806,64297,13756,78053,945
2021-10-13,Tuolumne,109,53932,6744,6644,82,6726,89
2021-10-13,Ventura,111,848112,96773,96099,4190,100289,1162
2021-10-13,Yolo,113,214977,19300,19023,956,19979,247
2021-10-13,Yuba,115,75493,9788,9690,259,9949,80
2021-10-12,Alameda,001,1643700,117329,116813,2642,119455,1357
2021-10-12,Alpine,003,1148,100,102,0,102,0
2021-10-12,Amador,005,37829,5345,5301,56,5357,63
2021-10-12,Butte,007,227075,19974,19506,3610,23116,256
2021-10-12,Calaveras,009,45235,3798,3750,42,3792,75
2021-10-12,Colusa,011,21464,2461,2428,587,3015,18
2021-10-12,Contra Costa,013,1133247,97513,96894,2044,98938,960
2021-10-12,Del Norte,015,27424,3593,3511,51,3562,39
2021-10-12,El Dorado,017,186661,15538,15287,1624,16911,148
2021-10-12,Fresno,019,978130,133834,131848,11998,143846,2042
2021-10-12,Glenn,021,27897,3386,3321,973,4294,26
2021-10-12,Humboldt,023,135768,8689,8587,473,9060,102
2021-10-12,Imperial,025,180216,32545,32267,3040,35307,762
2021-10-12,Inyo,027,18085,1981,1889,37,1926,39
2021-10-12,Kern,029,883053,122649,120826,19985,140811,1580
2021-10-12,Kings,031,150075,30844,30200,1768,31968,312
2021-10-12,Lake,033,64148,6479,6372,130,6502,97
2021-10-12,Lassen,035,31185,6649,6526,315,6841,25
2021-10-12,Los Angeles,037,10098052,1419804,1407462,52419,1459881,26362
2021-10-12,Madera,039,155013,21989,21574,1886,23460,277
2021-10-12,Marin,041,260295,17253,17126,425,17551,242
2021-10-12,Mariposa,043,17540,1154,1088,40,1128,5
2021-10-12,Mendocino,045,87422,7182,7077,434,7511,82
2021-10-12,Merced,047,269075,40398,40113,1687,41800,567
2021-10-12,Modoc,049,8938,502,485,178,663,5
2021-10-12,Mono,051,14174,1647,1608,19,1627,3
2021-10-12,Monterey,053,433212,48145,47254,2699,49953,582
2021-10-12,Napa,055,140530,12758,12671,100,12771,97
2021-10-12,Nevada,057,99092,8804,8720,302,9022,89
2021-10-12,Orange,059,3164182,302448,300256,14408,314664,5499
2021-10-12,Placer,061,380077,35702,35214,3430,38644,404
2021-10-12,Plumas,063,18699,1588,1488,29,1517,6
2021-10-12,Riverside,065,2383286,356009,351771,16006,367777,4973
2021-10-12,Sacramento,067,1510023,153930,152935,4175,157110,2170
2021-10-12,San Benito,069,59416,7209,7193,157,7350,71
2021-10-12,San Bernardino,071,2135413,347206,344788,10778,355566,5563
2021-10-12,San Diego,073,3302833,364435,362256,21432,383688,4137
2021-10-12,San Francisco,075,870044,51878,51301,2195,53496,643
2021-10-12,San Joaquin,077,732212,97248,96237,5184,101421,1690
2021-10-12,San Luis Obispo,079,281455,28826,28379,1172,29551,327
2021-10-12,San Mateo,081,765935,53153,52328,803,53131,569
2021-10-12,Santa Barbara,083,443738,43449,43076,1498,44574,515
2021-10-12,Santa Clara,085,1922200,144176,142954,1201,144155,1882
2021-10-12,Santa Cruz,087,273765,19976,19757,975,20732,218
2021-10-12,Shasta,089,179085,20197,19731,3336,23067,304
2021-10-12,Sierra,091,2930,169,153,18,171,0
2021-10-12,Siskiyou,093,43540,3264,3166,1197,4363,42
2021-10-12,Solano,095,438530,45172,44516,1187,45703,329
2021-10-12,Sonoma,097,501317,40356,40105,498,40603,390
2021-10-12,Stanislaus,099,539301,75681,75589,8458,84047,1126
2021-10-12,Sutter,101,95872,13476,13436,299,13735,168
2021-10-12,Tehama,103,63373,7991,7820,1338,9158,103
2021-10-12,Trinity,105,12862,815,676,201,877,11
2021-10-12,Tulare,107,460477,65621,64216,13701,77917,944
2021-10-12,Tuolumne,109,53932,6727,6637,81,6718,89
2021-10-12,Ventura,111,848112,96672,96022,4185,100207,1160
2021-10-12,Yolo,113,214977,19273,18987,948,19935,247
2021-10-12,Yuba,115,75493,9773,9676,255,9931,70
2021-10-11,Alameda,001,1643700,117187,116759,2641,119400,1358
2021-10-11,Alpine,003,1148,100,102,0,102,0
2021-10-11,Amador,005,37829,5333,5286,56,5342,62
2021-10-11,Butte,007,227075,19915,19452,3605,23057,253
2021-10-11,Calaveras,009,45235,3777,3750,42,3792,75
2021-10-11,Colusa,011,21464,2457,2427,579,3006,18
2021-10-11,Contra Costa,013,1133247,97377,96832,2039,98871,960
2021-10-11,Del Norte,015,27424,3590,3510,47,3557,39
2021-10-11,El Dorado,017,186661,15509,15273,1620,16893,146
2021-10-11,Fresno,019,978130,133504,131703,11963,143666,2036
2021-10-11,Glenn,021,27897,3369,3308,971,4279,26
2021-10-11,Humboldt,023,135768,8664,8571,466,9037,101
2021-10-11,Imperial,025,180216,32495,32207,3034,35241,762
2021-10-11,Inyo,027,18085,1958,1862,36,1898,39
2021-10-11,Kern,029,883053,122413,120684,19890,140574,1575
2021-10-11,Kings,031,150075,30755,30180,1758,31938,309
2021-10-11,Lake,033,64148,6463,6361,126,6487,97
2021-10-11,Lassen,035,31185,6629,6499,312,6811,25
2021-10-11,Los Angeles,037,10098052,1418757,1406826,52368,1459194,26346
2021-10-11,Madera,039,155013,21931,21555,1869,23424,272
2021-10-11,Marin,041,260295,17235,17121,421,17542,242
2021-10-11,Mariposa,043,17540,1124,1083,39,1122,5
2021-10-11,Mendocino,045,87422,7166,7064,430,7494,82
2021-10-11,Merced,047,269075,40282,40064,1662,41726,566
2021-10-11,Modoc,049,8938,499,482,175,657,5
2021-10-11,Mono,051,14174,1637,1604,19,1623,3
2021-10-11,Monterey,053,433212,48116,47241,2692,49933,580
2021-10-11,Napa,055,140530,12735,12654,98,12752,96
2021-10-11,Nevada,057,99092,8784,8716,301,9017,90
2021-10-11,Orange,059,3164182,302219,299941,14378,314319,5499
2021-10-11,Placer,061,380077,35633,35173,3413,38586,404
2021-10-11,Plumas,063,18699,1570,1469,27,1496,6
2021-10-11,Riverside,065,2383286,355664,351444,16001,367445,4973
2021-10-11,Sacramento,067,1510023,153641,152681,4144,156825,2169
2021-10-11,San Benito,069,59416,7188,7184,155,7339,71
2021-10-11,San Bernardino,071,2135413,346822,344594,10770,355364,5549
2021-10-11,San Diego,073,3302833,363923,361712,21400,383112,4124
2021-10-11,San Francisco,075,870044,51807,51275,2192,53467,643
2021-10-11,San Joaquin,077,732212,97093,96152,5173,101325,1681
2021-10-11,San Luis Obispo,079,281455,28778,28355,1167,29522,327
2021-10-11,San Mateo,081,765935,53105,52298,803,53101,569
2021-10-11,Santa Barbara,083,443738,43402,43018,1497,44515,515
2021-10-11,Santa Clara,085,1922200,144015,142836,1197,144033,1882
2021-10-11,Santa Cruz,087,273765,19952,19745,974,20719,217
2021-10-11,Shasta,089,179085,20118,19662,3320,22982,295
2021-10-11,Sierra,091,2930,166,147,17,164,0
2021-10-11,Siskiyou,093,43540,3257,3159,1193,4352,42
2021-10-11,Solano,095,438530,45123,44474,1184,45658,329
2021-10-11,Sonoma,097,501317,40311,40067,498,40565,390
2021-10-11,Stanislaus,099,539301,75510,75478,8437,83915,1118
2021-10-11,Sutter,101,95872,13457,13427,297,13724,165
2021-10-11,Tehama,103,63373,7950,7795,1329,9124,102
2021-10-11,Trinity,105,12862,809,675,200,875,11
2021-10-11,Tulare,107,460477,65442,64094,13635,77729,942
2021-10-11,Tuolumne,109,53932,6689,6602,81,6683,89
2021-10-11,Ventura,111,848112,96575,95876,4178,100054,1160
2021-10-11,Yolo,113,214977,19226,18977,945,19922,247
2021-10-11,Yuba,115,75493,9756,9657,243,9900,69
2021-10-10,Alameda,001,1643700,117068,116679,2637,119316,1358
2021-10-10,Alpine,003,1148,100,102,0,102,0
2021-10-10,Amador,005,37829,5319,5278,56,5334,62
2021-10-10,Butte,007,227075,19850,19430,3589,23019,253
2021-10-10,Calaveras,009,45235,3765,3747,42,3789,75
2021-10-10,Colusa,011,21464,2456,2425,578,3003,18
2021-10-10,Contra Costa,013,1133247,97278,96760,2033,98793,960
2021-10-10,Del Norte,015,27424,3586,3507,47,3554,39
2021-10-10,El Dorado,017,186661,15479,15250,1614,16864,146
2021-10-10,Fresno,019,978130,133174,131434,11932,143366,2035
2021-10-10,Glenn,021,27897,3364,3297,969,4266,26
2021-10-10,Humboldt,023,135768,8643,8554,462,9016,101
2021-10-10,Imperial,025,180216,32420,32167,3033,35200,762
2021-10-10,Inyo,027,18085,1937,1857,36,1893,39
2021-10-10,Kern,029,883053,122087,120552,19787,140339,1573
2021-10-10,Kings,031,150075,30666,30122,1748,31870,308
2021-10-10,Lake,033,64148,6447,6349,125,6474,97
2021-10-10,Lassen,035,31185,6609,6495,311,6806,26
2021-10-10,Los Angeles,037,10098052,1417568,1406034,52294,1458328,26338
2021-10-10,Madera,039,155013,21885,21486,1860,23346,272
2021-10-10,Marin,041,260295,17218,17112,421,17533,242
2021-10-10,Mariposa,043,17540,1121,1074,39,1113,5
2021-10-10,Mendocino,045,87422,7151,7060,422,7482,81
2021-10-10,Merced,047,269075,40199,40036,1643,41679,566
2021-10-10,Modoc,049,8938,499,482,175,657,5
2021-10-10,Mono,051,14174,1636,1596,19,1615,3
2021-10-10,Monterey,053,433212,48086,47228,2691,49919,580
2021-10-10,Napa,055,140530,12712,12641,98,12739,96
2021-10-10,Nevada,057,99092,8772,8689,301,8990,90
2021-10-10,Orange,059,3164182,301957,299787,14350,314137,5499
2021-10-10,Placer,061,380077,35540,35128,3401,38529,404
2021-10-10,Plumas,063,18699,1554,1468,25,1493,6
2021-10-10,Riverside,065,2383286,355290,351248,15983,367231,4973
2021-10-10,Sacramento,067,1510023,153375,152405,4127,156532,2178
2021-10-10,San Benito,069,59416,7183,7180,154,7334,71
2021-10-10,San Bernardino,071,2135413,346509,344423,10762,355185,5551
2021-10-10,San Diego,073,3302833,363407,361038,21353,382391,4113
2021-10-10,San Francisco,075,870044,51760,51216,2190,53406,643
2021-10-10,San Joaquin,077,732212,96922,96084,5159,101243,1681
2021-10-10,San Luis Obispo,079,281455,28734,28343,1167,29510,326
2021-10-10,San Mateo,081,765935,53063,52273,802,53075,569
2021-10-10,Santa Barbara,083,443738,43355,42987,1496,44483,515
2021-10-10,Santa Clara,085,1922200,143850,142768,1190,143958,1881
2021-10-10,Santa Cruz,087,273765,19932,19727,974,20701,217
2021-10-10,Shasta,089,179085,20030,19635,3311,22946,296
2021-10-10,Sierra,091,2930,164,147,17,164,0
2021-10-10,Siskiyou,093,43540,3243,3155,1186,4341,42
2021-10-10,Solano,095,438530,45067,44431,1184,45615,329
2021-10-10,Sonoma,097,501317,40259,40027,498,40525,390
2021-10-10,Stanislaus,099,539301,75332,75403,8423,83826,1118
2021-10-10,Sutter,101,95872,13433,13412,292,13704,165
2021-10-10,Tehama,103,63373,7912,7764,1320,9084,102
2021-10-10,Trinity,105,12862,808,669,199,868,11
2021-10-10,Tulare,107,460477,65270,63930,13586,77516,940
2021-10-10,Tuolumne,109,53932,6665,6580,80,6660,89
2021-10-10,Ventura,111,848112,96486,95829,4178,100007,1160
2021-10-10,Yolo,113,214977,19194,18952,940,19892,247
2021-10-10,Yuba,115,75493,9740,9641,238,9879,69
2021-10-09,Alameda,001,1643700,116970,116253,2635,118888,1356
2021-10-09,Alpine,003,1148,99,102,0,102,0
2021-10-09,Amador,005,37829,5317,5237,55,5292,62
2021-10-09,Butte,007,227075,19819,19277,3585,22862,250
2021-10-09,Calaveras,009,45235,3761,3716,42,3758,75
2021-10-09,Colusa,011,21464,2452,2419,577,2996,18
2021-10-09,Contra Costa,013,1133247,97209,96378,2027,98405,958
2021-10-09,Del Norte,015,27424,3585,3495,47,3542,39
2021-10-09,El Dorado,017,186661,15461,15153,1611,16764,144
2021-10-09,Fresno,019,978130,133042,130508,11914,142422,2018
2021-10-09,Glenn,021,27897,3360,3277,967,4244,26
2021-10-09,Humboldt,023,135768,8629,8448,460,8908,97
2021-10-09,Imperial,025,180216,32386,31989,3031,35020,760
2021-10-09,Inyo,027,18085,1928,1808,36,1844,39
2021-10-09,Kern,029,883053,121946,119795,19760,139555,1559
2021-10-09,Kings,031,150075,30617,29894,1746,31640,308
2021-10-09,Lake,033,64148,6428,6283,124,6407,97
2021-10-09,Lassen,035,31185,6604,6442,310,6752,25
2021-10-09,Los Angeles,037,10098052,1416980,1402810,52257,1455067,26280
2021-10-09,Madera,039,155013,21852,21313,1846,23159,271
2021-10-09,Marin,041,260295,17213,17049,419,17468,242
2021-10-09,Mariposa,043,17540,1114,1042,38,1080,5
2021-10-09,Mendocino,045,87422,7144,7011,421,7432,82
2021-10-09,Merced,047,269075,40156,39784,1643,41427,565
2021-10-09,Modoc,049,8938,497,477,174,651,5
2021-10-09,Mono,051,14174,1633,1577,19,1596,3
2021-10-09,Monterey,053,433212,48074,47168,2688,49856,577
2021-10-09,Napa,055,140530,12708,12586,98,12684,96
2021-10-09,Nevada,057,99092,8761,8613,300,8913,90
2021-10-09,Orange,059,3164182,301776,299089,14331,313420,5457
2021-10-09,Placer,061,380077,35502,34877,3394,38271,393
2021-10-09,Plumas,063,18699,1543,1418,25,1443,6
2021-10-09,Riverside,065,2383286,355038,350082,15967,366049,4965
2021-10-09,Sacramento,067,1510023,153165,151566,4114,155680,2160
2021-10-09,San Benito,069,59416,7175,7123,154,7277,71
2021-10-09,San Bernardino,071,2135413,346323,343452,10758,354210,5556
2021-10-09,San Diego,073,3302833,363101,359909,21348,381257,4111
2021-10-09,San Francisco,075,870044,51712,50960,2183,53143,643
2021-10-09,San Joaquin,077,732212,96856,95606,5154,100760,1669
2021-10-09,San Luis Obispo,079,281455,28717,28197,1165,29362,324
2021-10-09,San Mateo,081,765935,53032,52121,801,52922,569
2021-10-09,Santa Barbara,083,443738,43328,42735,1496,44231,514
2021-10-09,Santa Clara,085,1922200,143726,142298,1184,143482,1873
2021-10-09,Santa Cruz,087,273765,19922,19635,973,20608,217
2021-10-09,Shasta,089,179085,19979,19437,3306,22743,290
2021-10-09,Sierra,091,2930,161,141,17,158,0
2021-10-09,Siskiyou,093,43540,3242,3124,1185,4309,42
2021-10-09,Solano,095,438530,45050,44265,1183,45448,329
2021-10-09,Sonoma,097,501317,40215,39848,498,40346,387
2021-10-09,Stanislaus,099,539301,75242,74899,8412,83311,1114
2021-10-09,Sutter,101,95872,13424,13314,290,13604,165
2021-10-09,Tehama,103,63373,7901,7670,1315,8985,99
2021-10-09,Trinity,105,12862,807,660,199,859,11
2021-10-09,Tulare,107,460477,65162,63398,13565,76963,932
2021-10-09,Tuolumne,109,53932,6646,6521,80,6601,89
2021-10-09,Ventura,111,848112,96432,95542,4175,99717,1158
2021-10-09,Yolo,113,214977,19172,18850,938,19788,247
2021-10-09,Yuba,115,75493,9728,9551,237,9788,69
2021-10-08,Alameda,001,1643700,116889,116253,2631,118884,1356
2021-10-08,Alpine,003,1148,99,102,0,102,0
2021-10-08,Amador,005,37829,5304,5237,55,5292,62
2021-10-08,Butte,007,227075,19790,19277,3581,22858,250
2021-10-08,Calaveras,009,45235,3756,3716,42,3758,75
2021-10-08,Colusa,011,21464,2450,2419,577,2996,18
2021-10-08,Contra Costa,013,1133247,97165,96378,2022,98400,958
2021-10-08,Del Norte,015,27424,3584,3495,47,3542,39
2021-10-08,El Dorado,017,186661,15441,15153,1607,16760,144
2021-10-08,Fresno,019,978130,132846,130508,11893,142401,2018
2021-10-08,Glenn,021,27897,3352,3277,965,4242,26
2021-10-08,Humboldt,023,135768,8618,8448,457,8905,97
2021-10-08,Imperial,025,180216,32357,31989,3027,35016,760
2021-10-08,Inyo,027,18085,1910,1808,36,1844,39
2021-10-08,Kern,029,883053,121809,119795,19718,139513,1559
2021-10-08,Kings,031,150075,30523,29894,1745,31639,308
2021-10-08,Lake,033,64148,6420,6283,124,6407,97
2021-10-08,Lassen,035,31185,6590,6442,307,6749,25
2021-10-08,Los Angeles,037,10098052,1416320,1402810,52223,1455033,26280
2021-10-08,Madera,039,155013,21793,21313,1839,23152,271
2021-10-08,Marin,041,260295,17202,17049,418,17467,242
2021-10-08,Mariposa,043,17540,1107,1042,36,1078,5
2021-10-08,Mendocino,045,87422,7131,7011,421,7432,82
2021-10-08,Merced,047,269075,40124,39784,1640,41424,565
2021-10-08,Modoc,049,8938,495,477,174,651,5
2021-10-08,Mono,051,14174,1630,1577,19,1596,3
2021-10-08,Monterey,053,433212,48047,47168,2686,49854,577
2021-10-08,Napa,055,140530,12692,12586,98,12684,96
2021-10-08,Nevada,057,99092,8748,8613,300,8913,90
2021-10-08,Orange,059,3164182,301629,299089,14311,313400,5457
2021-10-08,Placer,061,380077,35464,34877,3387,38264,393
2021-10-08,Plumas,063,18699,1531,1418,25,1443,6
2021-10-08,Riverside,065,2383286,354769,350082,15956,366038,4965
2021-10-08,Sacramento,067,1510023,153000,151566,4100,155666,2160
2021-10-08,San Benito,069,59416,7171,7123,152,7275,71
2021-10-08,San Bernardino,071,2135413,346114,343452,10750,354202,5556
2021-10-08,San Diego,073,3302833,362775,359909,21329,381238,4111
2021-10-08,San Francisco,075,870044,51665,50960,2176,53136,643
2021-10-08,San Joaquin,077,732212,96788,95606,5148,100754,1669
2021-10-08,San Luis Obispo,079,281455,28690,28197,1164,29361,324
2021-10-08,San Mateo,081,765935,53004,52121,801,52922,569
2021-10-08,Santa Barbara,083,443738,43293,42735,1495,44230,514
2021-10-08,Santa Clara,085,1922200,143613,142298,1179,143477,1873
2021-10-08,Santa Cruz,087,273765,19907,19635,973,20608,217
2021-10-08,Shasta,089,179085,19937,19437,3300,22737,290
2021-10-08,Sierra,091,2930,159,141,15,156,0
2021-10-08,Siskiyou,093,43540,3234,3124,1184,4308,42
2021-10-08,Solano,095,438530,45011,44265,1183,45448,329
2021-10-08,Sonoma,097,501317,40179,39848,498,40346,387
2021-10-08,Stanislaus,099,539301,75173,74899,8403,83302,1114
2021-10-08,Sutter,101,95872,13410,13314,288,13602,165
2021-10-08,Tehama,103,63373,7884,7670,1313,8983,99
2021-10-08,Trinity,105,12862,806,660,199,859,11
2021-10-08,Tulare,107,460477,65044,63398,13533,76931,932
2021-10-08,Tuolumne,109,53932,6623,6521,80,6601,89
2021-10-08,Ventura,111,848112,96381,95542,4169,99711,1158
2021-10-08,Yolo,113,214977,19159,18850,934,19784,247
2021-10-08,Yuba,115,75493,9708,9551,236,9787,69
2021-10-07,Alameda,001,1643700,116769,116253,2630,118883,1356
2021-10-07,Alpine,003,1148,99,102,0,102,0
2021-10-07,Amador,005,37829,5297,5237,55,5292,62
2021-10-07,Butte,007,227075,19741,19277,3570,22847,250
2021-10-07,Calaveras,009,45235,3744,3716,42,3758,75
2021-10-07,Colusa,011,21464,2447,2419,571,2990,18
2021-10-07,Contra Costa,013,1133247,97042,96378,2019,98397,958
2021-10-07,Del Norte,015,27424,3581,3495,47,3542,39
2021-10-07,El Dorado,017,186661,15404,15153,1603,16756,144
2021-10-07,Fresno,019,978130,132572,130508,11869,142377,2018
2021-10-07,Glenn,021,27897,3345,3277,962,4239,26
2021-10-07,Humboldt,023,135768,8592,8448,454,8902,97
2021-10-07,Imperial,025,180216,32286,31989,3014,35003,760
2021-10-07,Inyo,027,18085,1891,1808,36,1844,39
2021-10-07,Kern,029,883053,121578,119795,19653,139448,1559
2021-10-07,Kings,031,150075,30458,29894,1739,31633,308
2021-10-07,Lake,033,64148,6409,6283,124,6407,97
2021-10-07,Lassen,035,31185,6572,6442,305,6747,25
2021-10-07,Los Angeles,037,10098052,1415364,1402810,52178,1454988,26280
2021-10-07,Madera,039,155013,21720,21313,1825,23138,271
2021-10-07,Marin,041,260295,17184,17049,418,17467,242
2021-10-07,Mariposa,043,17540,1099,1042,36,1078,5
2021-10-07,Mendocino,045,87422,7121,7011,417,7428,82
2021-10-07,Merced,047,269075,40057,39784,1623,41407,565
2021-10-07,Modoc,049,8938,492,477,173,650,5
2021-10-07,Mono,051,14174,1622,1577,19,1596,3
2021-10-07,Monterey,053,433212,48022,47168,2677,49845,577
2021-10-07,Napa,055,140530,12677,12586,98,12684,96
2021-10-07,Nevada,057,99092,8720,8613,300,8913,90
2021-10-07,Orange,059,3164182,301403,299089,14297,313386,5457
2021-10-07,Placer,061,380077,35402,34877,3380,38257,393
2021-10-07,Plumas,063,18699,1514,1418,25,1443,6
2021-10-07,Riverside,065,2383286,354437,350082,15944,366026,4965
2021-10-07,Sacramento,067,1510023,152718,151566,4073,155639,2160
2021-10-07,San Benito,069,59416,7155,7123,150,7273,71
2021-10-07,San Bernardino,071,2135413,345840,343452,10742,354194,5556
2021-10-07,San Diego,073,3302833,362380,359909,21308,381217,4111
2021-10-07,San Francisco,075,870044,51594,50960,2173,53133,643
2021-10-07,San Joaquin,077,732212,96634,95606,5140,100746,1669
2021-10-07,San Luis Obispo,079,281455,28639,28197,1162,29359,324
2021-10-07,San Mateo,081,765935,52964,52121,800,52921,569
2021-10-07,Santa Barbara,083,443738,43225,42735,1489,44224,514
2021-10-07,Santa Clara,085,1922200,143464,142298,1173,143471,1873
2021-10-07,Santa Cruz,087,273765,19887,19635,972,20607,217
2021-10-07,Shasta,089,179085,19848,19437,3285,22722,290
2021-10-07,Sierra,091,2930,158,141,15,156,0
2021-10-07,Siskiyou,093,43540,3230,3124,1179,4303,42
2021-10-07,Solano,095,438530,44966,44265,1179,45444,329
2021-10-07,Sonoma,097,501317,40142,39848,496,40344,387
2021-10-07,Stanislaus,099,539301,75011,74899,8378,83277,1114
2021-10-07,Sutter,101,95872,13388,13314,285,13599,165
2021-10-07,Tehama,103,63373,7851,7670,1307,8977,99
2021-10-07,Trinity,105,12862,804,660,199,859,11
2021-10-07,Tulare,107,460477,64877,63398,13497,76895,932
2021-10-07,Tuolumne,109,53932,6601,6521,80,6601,89
2021-10-07,Ventura,111,848112,96308,95542,4166,99708,1158
2021-10-07,Yolo,113,214977,19126,18850,930,19780,247
2021-10-07,Yuba,115,75493,9682,9551,229,9780,69
2021-10-06,Alameda,001,1643700,116632,116058,2624,118682,1353
2021-10-06,Alpine,003,1148,99,102,0,102,0
2021-10-06,Amador,005,37829,5294,5205,55,5260,62
2021-10-06,Butte,007,227075,19679,19208,3563,22771,247
2021-10-06,Calaveras,009,45235,3735,3669,42,3711,75
2021-10-06,Colusa,011,21464,2445,2414,564,2978,18
2021-10-06,Contra Costa,013,1133247,96917,96184,2015,98199,953
2021-10-06,Del Norte,015,27424,3578,3490,44,3534,39
2021-10-06,El Dorado,017,186661,15378,15078,1600,16678,140
2021-10-06,Fresno,019,978130,132282,130074,11844,141918,2008
2021-10-06,Glenn,021,27897,3336,3270,960,4230,26
2021-10-06,Humboldt,023,135768,8577,8416,448,8864,94
2021-10-06,Imperial,025,180216,32233,31930,3004,34934,760
2021-10-06,Inyo,027,18085,1876,1806,36,1842,39
2021-10-06,Kern,029,883053,121321,119491,19562,139053,1552
2021-10-06,Kings,031,150075,30392,29785,1731,31516,308
2021-10-06,Lake,033,64148,6395,6271,124,6395,97
2021-10-06,Lassen,035,31185,6556,6429,304,6733,25
2021-10-06,Los Angeles,037,10098052,1414408,1401675,52129,1453804,26252
2021-10-06,Madera,039,155013,21665,21230,1815,23045,269
2021-10-06,Marin,041,260295,17175,17042,415,17457,242
2021-10-06,Mariposa,043,17540,1092,1036,36,1072,5
2021-10-06,Mendocino,045,87422,7112,6986,415,7401,81
2021-10-06,Merced,047,269075,39982,39666,1611,41277,563
2021-10-06,Modoc,049,8938,492,477,171,648,5
2021-10-06,Mono,051,14174,1610,1568,19,1587,3
2021-10-06,Monterey,053,433212,47989,47136,2672,49808,577
2021-10-06,Napa,055,140530,12653,12552,97,12649,96
2021-10-06,Nevada,057,99092,8704,8582,299,8881,90
2021-10-06,Orange,059,3164182,301165,298785,14285,313070,5448
2021-10-06,Placer,061,380077,35351,34764,3374,38138,390
2021-10-06,Plumas,063,18699,1491,1383,25,1408,6
2021-10-06,Riverside,065,2383286,354081,349645,15923,365568,4953
2021-10-06,Sacramento,067,1510023,152465,151164,4042,155206,2141
2021-10-06,San Benito,069,59416,7140,7108,150,7258,69
2021-10-06,San Bernardino,071,2135413,345549,343022,10735,353757,5551
2021-10-06,San Diego,073,3302833,361888,359564,21282,380846,4104
2021-10-06,San Francisco,075,870044,51531,50894,2170,53064,641
2021-10-06,San Joaquin,077,732212,96500,95418,5128,100546,1658
2021-10-06,San Luis Obispo,079,281455,28589,28170,1156,29326,323
2021-10-06,San Mateo,081,765935,52914,52056,795,52851,569
2021-10-06,Santa Barbara,083,443738,43142,42687,1487,44174,513
2021-10-06,Santa Clara,085,1922200,143313,142124,1168,143292,1872
2021-10-06,Santa Cruz,087,273765,19858,19604,970,20574,217
2021-10-06,Shasta,089,179085,19773,19325,3272,22597,287
2021-10-06,Sierra,091,2930,156,138,15,153,0
2021-10-06,Siskiyou,093,43540,3220,3116,1172,4288,42
2021-10-06,Solano,095,438530,44932,44185,1178,45363,328
2021-10-06,Sonoma,097,501317,40092,39787,495,40282,383
2021-10-06,Stanislaus,099,539301,74869,74699,8365,83064,1114
2021-10-06,Sutter,101,95872,13367,13284,283,13567,164
2021-10-06,Tehama,103,63373,7815,7629,1299,8928,99
2021-10-06,Trinity,105,12862,801,656,199,855,11
2021-10-06,Tulare,107,460477,64698,63198,13441,76639,926
2021-10-06,Tuolumne,109,53932,6576,6486,80,6566,89
2021-10-06,Ventura,111,848112,96217,95449,4158,99607,1158
2021-10-06,Yolo,113,214977,19094,18815,926,19741,247
2021-10-06,Yuba,115,75493,9658,9520,228,9748,69
2021-10-05,Alameda,001,1643700,116488,115968,2619,118587,1350
2021-10-05,Alpine,003,1148,99,102,0,102,0
2021-10-05,Amador,005,37829,5273,5194,54,5248,61
2021-10-05,Butte,007,227075,19630,19137,3548,22685,246
2021-10-05,Calaveras,009,45235,3719,3657,42,3699,73
2021-10-05,Colusa,011,21464,2438,2414,563,2977,18
2021-10-05,Contra Costa,013,1133247,96800,96108,2010,98118,941
2021-10-05,Del Norte,015,27424,3576,3485,43,3528,39
2021-10-05,El Dorado,017,186661,15339,15052,1597,16649,140
2021-10-05,Fresno,019,978130,131942,129957,11808,141765,1987
2021-10-05,Glenn,021,27897,3325,3270,955,4225,26
2021-10-05,Humboldt,023,135768,8546,8398,444,8842,94
2021-10-05,Imperial,025,180216,32186,31909,2999,34908,759
2021-10-05,Inyo,027,18085,1859,1800,36,1836,39
2021-10-05,Kern,029,883053,121056,119260,19462,138722,1540
2021-10-05,Kings,031,150075,30317,29749,1726,31475,301
2021-10-05,Lake,033,64148,6374,6264,123,6387,97
2021-10-05,Lassen,035,31185,6537,6417,302,6719,25
2021-10-05,Los Angeles,037,10098052,1413266,1400300,52075,1452375,26223
2021-10-05,Madera,039,155013,21607,21183,1803,22986,269
2021-10-05,Marin,041,260295,17163,17024,415,17439,242
2021-10-05,Mariposa,043,17540,1073,1033,33,1066,5
2021-10-05,Mendocino,045,87422,7096,6972,408,7380,79
2021-10-05,Merced,047,269075,39916,39608,1603,41211,562
2021-10-05,Modoc,049,8938,488,475,170,645,5
2021-10-05,Mono,051,14174,1602,1565,19,1584,3
2021-10-05,Monterey,053,433212,47972,47087,2662,49749,573
2021-10-05,Napa,055,140530,12629,12533,97,12630,96
2021-10-05,Nevada,057,99092,8674,8576,299,8875,90
2021-10-05,Orange,059,3164182,300888,298589,14253,312842,5441
2021-10-05,Placer,061,380077,35271,34728,3367,38095,382
2021-10-05,Plumas,063,18699,1466,1357,25,1382,6
2021-10-05,Riverside,065,2383286,353721,349365,15908,365273,4942
2021-10-05,Sacramento,067,1510023,152190,151111,4014,155125,2126
2021-10-05,San Benito,069,59416,7122,7103,148,7251,69
2021-10-05,San Bernardino,071,2135413,345222,342711,10728,353439,5557
2021-10-05,San Diego,073,3302833,361313,359194,21255,380449,4092
2021-10-05,San Francisco,075,870044,51434,50826,2167,52993,641
2021-10-05,San Joaquin,077,732212,96347,95276,5102,100378,1651
2021-10-05,San Luis Obispo,079,281455,28545,28113,1154,29267,324
2021-10-05,San Mateo,081,765935,52867,52008,795,52803,569
2021-10-05,Santa Barbara,083,443738,43064,42595,1483,44078,511
2021-10-05,Santa Clara,085,1922200,143153,141971,1161,143132,1873
2021-10-05,Santa Cruz,087,273765,19816,19582,970,20552,216
2021-10-05,Shasta,089,179085,19699,19285,3259,22544,286
2021-10-05,Sierra,091,2930,152,136,15,151,0
2021-10-05,Siskiyou,093,43540,3206,3107,1172,4279,42
2021-10-05,Solano,095,438530,44861,44149,1177,45326,325
2021-10-05,Sonoma,097,501317,40037,39756,490,40246,383
2021-10-05,Stanislaus,099,539301,74707,74599,8348,82947,1114
2021-10-05,Sutter,101,95872,13339,13270,282,13552,164
2021-10-05,Tehama,103,63373,7786,7607,1290,8897,98
2021-10-05,Trinity,105,12862,798,655,199,854,11
2021-10-05,Tulare,107,460477,64491,63093,13388,76481,920
2021-10-05,Tuolumne,109,53932,6561,6473,79,6552,89
2021-10-05,Ventura,111,848112,96111,95351,4157,99508,1155
2021-10-05,Yolo,113,214977,19058,18782,920,19702,245
2021-10-05,Yuba,115,75493,9626,9504,225,9729,69
2021-10-04,Alameda,001,1643700,116324,115845,2616,118461,1347
2021-10-04,Alpine,003,1148,99,102,0,102,0
2021-10-04,Amador,005,37829,5263,5163,53,5216,61
2021-10-04,Butte,007,227075,19552,19081,3537,22618,245
2021-10-04,Calaveras,009,45235,3710,3641,42,3683,73
2021-10-04,Colusa,011,21464,2437,2414,561,2975,18
2021-10-04,Contra Costa,013,1133247,96659,95958,2005,97963,937
2021-10-04,Del Norte,015,27424,3574,3485,39,3524,39
2021-10-04,El Dorado,017,186661,15292,15031,1590,16621,138
2021-10-04,Fresno,019,978130,131632,129665,11778,141443,1978
2021-10-04,Glenn,021,27897,3318,3270,952,4222,26
2021-10-04,Humboldt,023,135768,8514,8355,437,8792,94
2021-10-04,Imperial,025,180216,32137,31866,2992,34858,757
2021-10-04,Inyo,027,18085,1847,1792,34,1826,39
2021-10-04,Kern,029,883053,120765,118984,19342,138326,1531
2021-10-04,Kings,031,150075,30224,29702,1723,31425,303
2021-10-04,Lake,033,64148,6361,6248,123,6371,97
2021-10-04,Lassen,035,31185,6520,6405,302,6707,25
2021-10-04,Los Angeles,037,10098052,1412147,1399604,52018,1451622,26186
2021-10-04,Madera,039,155013,21543,21126,1791,22917,266
2021-10-04,Marin,041,260295,17147,17008,414,17422,242
2021-10-04,Mariposa,043,17540,1061,1024,33,1057,5
2021-10-04,Mendocino,045,87422,7078,6947,405,7352,79
2021-10-04,Merced,047,269075,39800,39565,1587,41152,558
2021-10-04,Modoc,049,8938,485,473,170,643,5
2021-10-04,Mono,051,14174,1594,1561,19,1580,3
2021-10-04,Monterey,053,433212,47951,47058,2655,49713,571
2021-10-04,Napa,055,140530,12605,12506,97,12603,96
2021-10-04,Nevada,057,99092,8654,8563,299,8862,90
2021-10-04,Orange,059,3164182,300592,298165,14221,312386,5438
2021-10-04,Placer,061,380077,35189,34630,3340,37970,379
2021-10-04,Plumas,063,18699,1444,1329,25,1354,6
2021-10-04,Riverside,065,2383286,353341,348828,15898,364726,4923
2021-10-04,Sacramento,067,1510023,151867,150887,3987,154874,2115
2021-10-04,San Benito,069,59416,7109,7099,148,7247,69
2021-10-04,San Bernardino,071,2135413,344862,342418,10716,353134,5551
2021-10-04,San Diego,073,3302833,360747,358525,21224,379749,4090
2021-10-04,San Francisco,075,870044,51339,50798,2163,52961,638
2021-10-04,San Joaquin,077,732212,96150,95198,5082,100280,1649
2021-10-04,San Luis Obispo,079,281455,28500,28090,1148,29238,323
2021-10-04,San Mateo,081,765935,52807,51958,794,52752,569
2021-10-04,Santa Barbara,083,443738,42979,42585,1482,44067,511
2021-10-04,Santa Clara,085,1922200,143008,141840,1155,142995,1869
2021-10-04,Santa Cruz,087,273765,19787,19559,969,20528,216
2021-10-04,Shasta,089,179085,19592,19170,3245,22415,279
2021-10-04,Sierra,091,2930,145,136,14,150,0
2021-10-04,Siskiyou,093,43540,3197,3103,1157,4260,42
2021-10-04,Solano,095,438530,44802,44092,1173,45265,322
2021-10-04,Sonoma,097,501317,39971,39720,490,40210,381
2021-10-04,Stanislaus,099,539301,74556,74444,8329,82773,1106
2021-10-04,Sutter,101,95872,13310,13261,281,13542,164
2021-10-04,Tehama,103,63373,7745,7585,1284,8869,95
2021-10-04,Trinity,105,12862,797,649,198,847,11
2021-10-04,Tulare,107,460477,64304,62957,13320,76277,920
2021-10-04,Tuolumne,109,53932,6535,6442,79,6521,89
2021-10-04,Ventura,111,848112,96019,95170,4151,99321,1153
2021-10-04,Yolo,113,214977,19014,18761,916,19677,242
2021-10-04,Yuba,115,75493,9587,9481,223,9704,68
2021-10-03,Alameda,001,1643700,116180,115751,2606,118357,1349
2021-10-03,Alpine,003,1148,99,102,0,102,0
2021-10-03,Amador,005,37829,5245,5160,51,5211,61
2021-10-03,Butte,007,227075,19479,19066,3520,22586,245
2021-10-03,Calaveras,009,45235,3693,3632,42,3674,73
2021-10-03,Colusa,011,21464,2436,2413,558,2971,18
2021-10-03,Contra Costa,013,1133247,96527,95890,1998,97888,937
2021-10-03,Del Norte,015,27424,3568,3483,38,3521,39
2021-10-03,El Dorado,017,186661,15233,15014,1583,16597,139
2021-10-03,Fresno,019,978130,131251,129365,11737,141102,1978
2021-10-03,Glenn,021,27897,3311,3266,944,4210,26
2021-10-03,Humboldt,023,135768,8468,8352,433,8785,94
2021-10-03,Imperial,025,180216,32070,31844,2984,34828,757
2021-10-03,Inyo,027,18085,1826,1788,34,1822,39
2021-10-03,Kern,029,883053,120460,118851,19220,138071,1535
2021-10-03,Kings,031,150075,30125,29623,1716,31339,300
2021-10-03,Lake,033,64148,6335,6239,123,6362,97
2021-10-03,Lassen,035,31185,6498,6400,300,6700,25
2021-10-03,Los Angeles,037,10098052,1410885,1398790,51964,1450754,26179
2021-10-03,Madera,039,155013,21471,21066,1781,22847,266
2021-10-03,Marin,041,260295,17124,16995,409,17404,242
2021-10-03,Mariposa,043,17540,1054,1011,33,1044,5
2021-10-03,Mendocino,045,87422,7058,6939,397,7336,79
2021-10-03,Merced,047,269075,39693,39516,1567,41083,558
2021-10-03,Modoc,049,8938,484,472,169,641,5
2021-10-03,Mono,051,14174,1590,1554,19,1573,3
2021-10-03,Monterey,053,433212,47926,47049,2644,49693,571
2021-10-03,Napa,055,140530,12577,12489,95,12584,96
2021-10-03,Nevada,057,99092,8619,8545,299,8844,90
2021-10-03,Orange,059,3164182,300310,298027,14201,312228,5447
2021-10-03,Placer,061,380077,35051,34596,3324,37920,379
2021-10-03,Plumas,063,18699,1416,1328,25,1353,6
2021-10-03,Riverside,065,2383286,352910,348593,15878,364471,4924
2021-10-03,Sacramento,067,1510023,151579,150664,3958,154622,2120
2021-10-03,San Benito,069,59416,7100,7095,148,7243,69
2021-10-03,San Bernardino,071,2135413,344445,342302,10709,353011,5555
2021-10-03,San Diego,073,3302833,360167,358153,21192,379345,4081
2021-10-03,San Francisco,075,870044,51252,50733,2160,52893,638
2021-10-03,San Joaquin,077,732212,95961,95133,5074,100207,1649
2021-10-03,San Luis Obispo,079,281455,28433,28065,1143,29208,325
2021-10-03,San Mateo,081,765935,52740,51923,793,52716,569
2021-10-03,Santa Barbara,083,443738,42883,42550,1474,44024,511
2021-10-03,Santa Clara,085,1922200,142838,141737,1147,142884,1869
2021-10-03,Santa Cruz,087,273765,19747,19548,967,20515,216
2021-10-03,Shasta,089,179085,19487,19132,3217,22349,279
2021-10-03,Sierra,091,2930,142,136,14,150,0
2021-10-03,Siskiyou,093,43540,3184,3096,1147,4243,42
2021-10-03,Solano,095,438530,44738,44051,1170,45221,322
2021-10-03,Sonoma,097,501317,39905,39679,490,40169,381
2021-10-03,Stanislaus,099,539301,74368,74366,8311,82677,1106
2021-10-03,Sutter,101,95872,13295,13248,277,13525,164
2021-10-03,Tehama,103,63373,7702,7564,1279,8843,94
2021-10-03,Trinity,105,12862,793,647,196,843,11
2021-10-03,Tulare,107,460477,64101,62860,13248,76108,924
2021-10-03,Tuolumne,109,53932,6506,6430,77,6507,89
2021-10-03,Ventura,111,848112,95914,95108,4148,99256,1153
2021-10-03,Yolo,113,214977,18985,18720,908,19628,242
2021-10-03,Yuba,115,75493,9570,9462,222,9684,68
2021-10-02,Alameda,001,1643700,116072,115185,2602,117787,1343
2021-10-02,Alpine,003,1148,99,102,0,102,0
2021-10-02,Amador,005,37829,5236,5105,51,5156,61
2021-10-02,Butte,007,227075,19449,18911,3513,22424,243
2021-10-02,Calaveras,009,45235,3686,3585,42,3627,72
2021-10-02,Colusa,011,21464,2435,2403,556,2959,18
2021-10-02,Contra Costa,013,1133247,96456,95369,1994,97363,933
2021-10-02,Del Norte,015,27424,3563,3468,38,3506,39
2021-10-02,El Dorado,017,186661,15207,14887,1582,16469,136
2021-10-02,Fresno,019,978130,131080,128450,11724,140174,1964
2021-10-02,Glenn,021,27897,3306,3234,944,4178,26
2021-10-02,Humboldt,023,135768,8450,8244,433,8677,94
2021-10-02,Imperial,025,180216,32035,31674,2981,34655,757
2021-10-02,Inyo,027,18085,1817,1746,34,1780,39
2021-10-02,Kern,029,883053,120327,117962,19139,137101,1524
2021-10-02,Kings,031,150075,30076,29339,1712,31051,301
2021-10-02,Lake,033,64148,6326,6191,123,6314,97
2021-10-02,Lassen,035,31185,6493,6360,300,6660,25
2021-10-02,Los Angeles,037,10098052,1410274,1395070,51928,1446998,26126
2021-10-02,Madera,039,155013,21446,20931,1772,22703,266
2021-10-02,Marin,041,260295,17119,16936,406,17342,242
2021-10-02,Mariposa,043,17540,1052,967,33,1000,5
2021-10-02,Mendocino,045,87422,7048,6869,397,7266,78
2021-10-02,Merced,047,269075,39666,39196,1563,40759,552
2021-10-02,Modoc,049,8938,482,468,169,637,5
2021-10-02,Mono,051,14174,1588,1540,19,1559,3
2021-10-02,Monterey,053,433212,47871,46964,2643,49607,571
2021-10-02,Napa,055,140530,12566,12433,95,12528,96
2021-10-02,Nevada,057,99092,8608,8474,298,8772,87
2021-10-02,Orange,059,3164182,300145,297307,14181,311488,5435
2021-10-02,Placer,061,380077,34985,34377,3315,37692,381
2021-10-02,Plumas,063,18699,1405,1298,25,1323,6
2021-10-02,Riverside,065,2383286,352669,347227,15867,363094,4895
2021-10-02,Sacramento,067,1510023,151406,149897,3950,153847,2099
2021-10-02,San Benito,069,59416,7093,7055,148,7203,69
2021-10-02,San Bernardino,071,2135413,344258,341212,10657,351869,5540
2021-10-02,San Diego,073,3302833,359850,356454,21170,377624,4078
2021-10-02,San Francisco,075,870044,51203,50393,2155,52548,634
2021-10-02,San Joaquin,077,732212,95896,94599,5068,99667,1646
2021-10-02,San Luis Obispo,079,281455,28409,27915,1143,29058,323
2021-10-02,San Mateo,081,765935,52699,51767,789,52556,573
2021-10-02,Santa Barbara,083,443738,42843,42423,1474,43897,508
2021-10-02,Santa Clara,085,1922200,142724,141231,1143,142374,1862
2021-10-02,Santa Cruz,087,273765,19730,19461,966,20427,214
2021-10-02,Shasta,089,179085,19441,18912,3211,22123,270
2021-10-02,Sierra,091,2930,141,131,14,145,0
2021-10-02,Siskiyou,093,43540,3183,3053,1144,4197,42
2021-10-02,Solano,095,438530,44693,43800,1169,44969,321
2021-10-02,Sonoma,097,501317,39871,39497,489,39986,382
2021-10-02,Stanislaus,099,539301,74282,73859,8298,82157,1099
2021-10-02,Sutter,101,95872,13286,13160,276,13436,160
2021-10-02,Tehama,103,63373,7687,7453,1279,8732,93
2021-10-02,Trinity,105,12862,790,625,196,821,10
2021-10-02,Tulare,107,460477,64025,62247,13222,75469,908
2021-10-02,Tuolumne,109,53932,6492,6369,77,6446,89
2021-10-02,Ventura,111,848112,95842,94854,4143,98997,1148
2021-10-02,Yolo,113,214977,18960,18640,904,19544,242
2021-10-02,Yuba,115,75493,9551,9370,221,9591,66
2021-10-01,Alameda,001,1643700,115996,115185,2596,117781,1343
2021-10-01,Alpine,003,1148,99,102,0,102,0
2021-10-01,Amador,005,37829,5216,5105,51,5156,61
2021-10-01,Butte,007,227075,19408,18911,3506,22417,243
2021-10-01,Calaveras,009,45235,3676,3585,42,3627,72
2021-10-01,Colusa,011,21464,2433,2403,556,2959,18
2021-10-01,Contra Costa,013,1133247,96360,95369,1990,97359,933
2021-10-01,Del Norte,015,27424,3560,3468,37,3505,39
2021-10-01,El Dorado,017,186661,15190,14887,1578,16465,136
2021-10-01,Fresno,019,978130,130892,128450,11714,140164,1964
2021-10-01,Glenn,021,27897,3304,3234,943,4177,26
2021-10-01,Humboldt,023,135768,8433,8244,433,8677,94
2021-10-01,Imperial,025,180216,32016,31674,2972,34646,757
2021-10-01,Inyo,027,18085,1808,1746,34,1780,39
2021-10-01,Kern,029,883053,120174,117962,19083,137045,1524
2021-10-01,Kings,031,150075,30042,29339,1707,31046,301
2021-10-01,Lake,033,64148,6316,6191,123,6314,97
2021-10-01,Lassen,035,31185,6482,6360,299,6659,25
2021-10-01,Los Angeles,037,10098052,1409510,1395070,51884,1446954,26126
2021-10-01,Madera,039,155013,21396,20931,1763,22694,266
2021-10-01,Marin,041,260295,17104,16936,405,17341,242
2021-10-01,Mariposa,043,17540,1045,967,33,1000,5
2021-10-01,Mendocino,045,87422,7036,6869,397,7266,78
2021-10-01,Merced,047,269075,39622,39196,1554,40750,552
2021-10-01,Modoc,049,8938,481,468,169,637,5
2021-10-01,Mono,051,14174,1585,1540,19,1559,3
2021-10-01,Monterey,053,433212,47850,46964,2640,49604,571
2021-10-01,Napa,055,140530,12556,12433,94,12527,96
2021-10-01,Nevada,057,99092,8594,8474,297,8771,87
2021-10-01,Orange,059,3164182,299961,297307,14161,311468,5435
2021-10-01,Placer,061,380077,34951,34377,3311,37688,381
2021-10-01,Plumas,063,18699,1396,1298,25,1323,6
2021-10-01,Riverside,065,2383286,352376,347227,15860,363087,4895
2021-10-01,Sacramento,067,1510023,151254,149897,3939,153836,2099
2021-10-01,San Benito,069,59416,7091,7055,146,7201,69
2021-10-01,San Bernardino,071,2135413,344058,341212,10654,351866,5540
2021-10-01,San Diego,073,3302833,359490,356454,21149,377603,4078
2021-10-01,San Francisco,075,870044,51162,50393,2154,52547,634
2021-10-01,San Joaquin,077,732212,95826,94599,5064,99663,1646
2021-10-01,San Luis Obispo,079,281455,28385,27915,1140,29055,323
2021-10-01,San Mateo,081,765935,52659,51767,786,52553,573
2021-10-01,Santa Barbara,083,443738,42807,42423,1474,43897,508
2021-10-01,Santa Clara,085,1922200,142631,141231,1138,142369,1862
2021-10-01,Santa Cruz,087,273765,19710,19461,965,20426,214
2021-10-01,Shasta,089,179085,19387,18912,3204,22116,270
2021-10-01,Sierra,091,2930,141,131,14,145,0
2021-10-01,Siskiyou,093,43540,3182,3053,1141,4194,42
2021-10-01,Solano,095,438530,44641,43800,1163,44963,321
2021-10-01,Sonoma,097,501317,39839,39497,488,39985,382
2021-10-01,Stanislaus,099,539301,74198,73859,8287,82146,1099
2021-10-01,Sutter,101,95872,13270,13160,274,13434,160
2021-10-01,Tehama,103,63373,7675,7453,1277,8730,93
2021-10-01,Trinity,105,12862,788,625,196,821,10
2021-10-01,Tulare,107,460477,63922,62247,13187,75434,908
2021-10-01,Tuolumne,109,53932,6475,6369,77,6446,89
2021-10-01,Ventura,111,848112,95775,94854,4138,98992,1148
2021-10-01,Yolo,113,214977,18936,18640,902,19542,242
2021-10-01,Yuba,115,75493,9529,9370,221,9591,66
2021-09-30,Alameda,001,1643700,115851,115185,2593,117778,1343
2021-09-30,Alpine,003,1148,99,102,0,102,0
2021-09-30,Amador,005,37829,5204,5105,51,5156,61
2021-09-30,Butte,007,227075,19359,18911,3497,22408,243
2021-09-30,Calaveras,009,45235,3662,3585,42,3627,72
2021-09-30,Colusa,011,21464,2430,2403,555,2958,18
2021-09-30,Contra Costa,013,1133247,96255,95369,1985,97354,933
2021-09-30,Del Norte,015,27424,3556,3468,34,3502,39
2021-09-30,El Dorado,017,186661,15164,14887,1570,16457,136
2021-09-30,Fresno,019,978130,130616,128450,11680,140130,1964
2021-09-30,Glenn,021,27897,3294,3234,940,4174,26
2021-09-30,Humboldt,023,135768,8401,8244,427,8671,94
2021-09-30,Imperial,025,180216,31964,31674,2970,34644,757
2021-09-30,Inyo,027,18085,1798,1746,34,1780,39
2021-09-30,Kern,029,883053,119930,117962,19002,136964,1524
2021-09-30,Kings,031,150075,29952,29339,1703,31042,301
2021-09-30,Lake,033,64148,6298,6191,123,6314,97
2021-09-30,Lassen,035,31185,6468,6360,299,6659,25
2021-09-30,Los Angeles,037,10098052,1408302,1395070,51824,1446894,26126
2021-09-30,Madera,039,155013,21313,20931,1748,22679,266
2021-09-30,Marin,041,260295,17084,16936,404,17340,242
2021-09-30,Mariposa,043,17540,1023,967,33,1000,5
2021-09-30,Mendocino,045,87422,7027,6869,388,7257,78
2021-09-30,Merced,047,269075,39526,39196,1550,40746,552
2021-09-30,Modoc,049,8938,481,468,168,636,5
2021-09-30,Mono,051,14174,1577,1540,19,1559,3
2021-09-30,Monterey,053,433212,47820,46964,2629,49593,571
2021-09-30,Napa,055,140530,12536,12433,94,12527,96
2021-09-30,Nevada,057,99092,8577,8474,296,8770,87
2021-09-30,Orange,059,3164182,299689,297307,14123,311430,5435
2021-09-30,Placer,061,380077,34897,34377,3291,37668,381
2021-09-30,Plumas,063,18699,1378,1298,25,1323,6
2021-09-30,Riverside,065,2383286,351942,347227,15839,363066,4895
2021-09-30,Sacramento,067,1510023,150993,149897,3913,153810,2099
2021-09-30,San Benito,069,59416,7085,7055,146,7201,69
2021-09-30,San Bernardino,071,2135413,343746,341212,10640,351852,5540
2021-09-30,San Diego,073,3302833,359009,356454,21123,377577,4078
2021-09-30,San Francisco,075,870044,51085,50393,2150,52543,634
2021-09-30,San Joaquin,077,732212,95696,94599,5056,99655,1646
2021-09-30,San Luis Obispo,079,281455,28337,27915,1136,29051,323
2021-09-30,San Mateo,081,765935,52610,51767,783,52550,573
2021-09-30,Santa Barbara,083,443738,42750,42423,1473,43896,508
2021-09-30,Santa Clara,085,1922200,142481,141231,1135,142366,1862
2021-09-30,Santa Cruz,087,273765,19670,19461,964,20425,214
2021-09-30,Shasta,089,179085,19325,18912,3189,22101,270
2021-09-30,Sierra,091,2930,140,131,14,145,0
2021-09-30,Siskiyou,093,43540,3174,3053,1136,4189,42
2021-09-30,Solano,095,438530,44587,43800,1160,44960,321
2021-09-30,Sonoma,097,501317,39790,39497,488,39985,382
2021-09-30,Stanislaus,099,539301,74038,73859,8268,82127,1099
2021-09-30,Sutter,101,95872,13249,13160,274,13434,160
2021-09-30,Tehama,103,63373,7638,7453,1265,8718,93
2021-09-30,Trinity,105,12862,784,625,196,821,10
2021-09-30,Tulare,107,460477,63746,62247,13130,75377,908
2021-09-30,Tuolumne,109,53932,6452,6369,77,6446,89
2021-09-30,Ventura,111,848112,95670,94854,4131,98985,1148
2021-09-30,Yolo,113,214977,18897,18640,899,19539,242
2021-09-30,Yuba,115,75493,9506,9370,220,9590,66
2021-09-29,Alameda,001,1643700,115706,114998,2590,117588,1339
2021-09-29,Alpine,003,1148,99,101,0,101,0
2021-09-29,Amador,005,37829,5182,5058,51,5109,61
2021-09-29,Butte,007,227075,19305,18835,3490,22325,242
2021-09-29,Calaveras,009,45235,3645,3553,41,3594,72
2021-09-29,Colusa,011,21464,2428,2401,555,2956,18
2021-09-29,Contra Costa,013,1133247,96141,95213,1977,97190,929
2021-09-29,Del Norte,015,27424,3550,3467,34,3501,39
2021-09-29,El Dorado,017,186661,15130,14834,1563,16397,136
2021-09-29,Fresno,019,978130,130316,128068,11659,139727,1957
2021-09-29,Glenn,021,27897,3289,3213,938,4151,26
2021-09-29,Humboldt,023,135768,8378,8203,426,8629,94
2021-09-29,Imperial,025,180216,31898,31600,2965,34565,757
2021-09-29,Inyo,027,18085,1788,1740,33,1773,39
2021-09-29,Kern,029,883053,119695,117605,18926,136531,1513
2021-09-29,Kings,031,150075,29870,29195,1688,30883,299
2021-09-29,Lake,033,64148,6278,6164,123,6287,97
2021-09-29,Lassen,035,31185,6454,6347,299,6646,25
2021-09-29,Los Angeles,037,10098052,1407083,1393617,51754,1445371,26098
2021-09-29,Madera,039,155013,21269,20818,1732,22550,266
2021-09-29,Marin,041,260295,17066,16921,402,17323,242
2021-09-29,Mariposa,043,17540,1008,963,33,996,5
2021-09-29,Mendocino,045,87422,7015,6821,380,7201,78
2021-09-29,Merced,047,269075,39432,39026,1539,40565,552
2021-09-29,Modoc,049,8938,479,468,168,636,5
2021-09-29,Mono,051,14174,1575,1527,19,1546,3
2021-09-29,Monterey,053,433212,47782,46917,2615,49532,571
2021-09-29,Napa,055,140530,12516,12416,91,12507,96
2021-09-29,Nevada,057,99092,8564,8434,296,8730,87
2021-09-29,Orange,059,3164182,299421,296936,14087,311023,5429
2021-09-29,Placer,061,380077,34833,34271,3269,37540,379
2021-09-29,Plumas,063,18699,1359,1289,25,1314,6
2021-09-29,Riverside,065,2383286,351508,346558,15826,362384,4886
2021-09-29,Sacramento,067,1510023,150742,149686,3903,153589,2099
2021-09-29,San Benito,069,59416,7074,7039,146,7185,69
2021-09-29,San Bernardino,071,2135413,343426,340672,10625,351297,5539
2021-09-29,San Diego,073,3302833,358522,355899,21093,376992,4066
2021-09-29,San Francisco,075,870044,51001,50286,2146,52432,629
2021-09-29,San Joaquin,077,732212,95538,94356,5034,99390,1645
2021-09-29,San Luis Obispo,079,281455,28291,27800,1130,28930,323
2021-09-29,San Mateo,081,765935,52550,51673,781,52454,573
2021-09-29,Santa Barbara,083,443738,42678,42328,1470,43798,507
2021-09-29,Santa Clara,085,1922200,142346,141036,1129,142165,1861
2021-09-29,Santa Cruz,087,273765,19652,19425,963,20388,214
2021-09-29,Shasta,089,179085,19259,18805,3178,21983,271
2021-09-29,Sierra,091,2930,136,130,14,144,0
2021-09-29,Siskiyou,093,43540,3161,3043,1129,4172,42
2021-09-29,Solano,095,438530,44531,43724,1153,44877,321
2021-09-29,Sonoma,097,501317,39729,39426,486,39912,370
2021-09-29,Stanislaus,099,539301,73907,73634,8257,81891,1096
2021-09-29,Sutter,101,95872,13222,13135,271,13406,155
2021-09-29,Tehama,103,63373,7608,7409,1250,8659,88
2021-09-29,Trinity,105,12862,780,616,196,812,10
2021-09-29,Tulare,107,460477,63572,62046,13071,75117,908
2021-09-29,Tuolumne,109,53932,6435,6336,77,6413,89
2021-09-29,Ventura,111,848112,95580,94753,4127,98880,1144
2021-09-29,Yolo,113,214977,18864,18587,894,19481,239
2021-09-29,Yuba,115,75493,9475,9351,216,9567,66
2021-09-28,Alameda,001,1643700,115548,114869,2584,117453,1333
2021-09-28,Alpine,003,1148,99,101,0,101,0
2021-09-28,Amador,005,37829,5160,5049,51,5100,61
2021-09-28,Butte,007,227075,19256,18764,3475,22239,241
2021-09-28,Calaveras,009,45235,3625,3530,41,3571,72
2021-09-28,Colusa,011,21464,2425,2399,553,2952,18
2021-09-28,Contra Costa,013,1133247,96000,95115,1972,97087,929
2021-09-28,Del Norte,015,27424,3547,3462,34,3496,39
2021-09-28,El Dorado,017,186661,15084,14793,1559,16352,133
2021-09-28,Fresno,019,978130,129971,127877,11625,139502,1948
2021-09-28,Glenn,021,27897,3284,3205,937,4142,26
2021-09-28,Humboldt,023,135768,8338,8159,423,8582,91
2021-09-28,Imperial,025,180216,31853,31543,2961,34504,757
2021-09-28,Inyo,027,18085,1774,1708,32,1740,39
2021-09-28,Kern,029,883053,119426,117420,18831,136251,1506
2021-09-28,Kings,031,150075,29768,29141,1680,30821,295
2021-09-28,Lake,033,64148,6263,6155,123,6278,95
2021-09-28,Lassen,035,31185,6448,6340,295,6635,25
2021-09-28,Los Angeles,037,10098052,1405794,1392445,51686,1444131,26068
2021-09-28,Madera,039,155013,21215,20764,1717,22481,266
2021-09-28,Marin,041,260295,17047,16887,400,17287,242
2021-09-28,Mariposa,043,17540,1003,952,33,985,5
2021-09-28,Mendocino,045,87422,6993,6804,378,7182,78
2021-09-28,Merced,047,269075,39346,38953,1526,40479,551
2021-09-28,Modoc,049,8938,478,467,168,635,5
2021-09-28,Mono,051,14174,1565,1527,19,1546,3
2021-09-28,Monterey,053,433212,47745,46859,2606,49465,571
2021-09-28,Napa,055,140530,12499,12388,90,12478,96
2021-09-28,Nevada,057,99092,8541,8409,295,8704,84
2021-09-28,Orange,059,3164182,299168,296596,14058,310654,5421
2021-09-28,Placer,061,380077,34768,34187,3251,37438,370
2021-09-28,Plumas,063,18699,1350,1276,25,1301,6
2021-09-28,Riverside,065,2383286,351049,346096,15805,361901,4874
2021-09-28,Sacramento,067,1510023,150452,149310,3881,153191,2086
2021-09-28,San Benito,069,59416,7057,7028,145,7173,69
2021-09-28,San Bernardino,071,2135413,343079,340342,10608,350950,5540
2021-09-28,San Diego,073,3302833,357975,355373,21061,376434,4054
2021-09-28,San Francisco,075,870044,50900,50234,2145,52379,627
2021-09-28,San Joaquin,077,732212,95385,94194,5021,99215,1639
2021-09-28,San Luis Obispo,079,281455,28257,27755,1125,28880,321
2021-09-28,San Mateo,081,765935,52505,51620,781,52401,571
2021-09-28,Santa Barbara,083,443738,42605,42226,1469,43695,506
2021-09-28,Santa Clara,085,1922200,142185,140886,1120,142006,1858
2021-09-28,Santa Cruz,087,273765,19611,19324,962,20286,214
2021-09-28,Shasta,089,179085,19198,18701,3164,21865,267
2021-09-28,Sierra,091,2930,135,130,13,143,0
2021-09-28,Siskiyou,093,43540,3149,3032,1126,4158,42
2021-09-28,Solano,095,438530,44458,43652,1150,44802,316
2021-09-28,Sonoma,097,501317,39682,39395,485,39880,370
2021-09-28,Stanislaus,099,539301,73736,73528,8245,81773,1094
2021-09-28,Sutter,101,95872,13203,13102,267,13369,155
2021-09-28,Tehama,103,63373,7590,7382,1235,8617,88
2021-09-28,Trinity,105,12862,777,613,196,809,10
2021-09-28,Tulare,107,460477,63411,61916,13013,74929,905
2021-09-28,Tuolumne,109,53932,6409,6308,77,6385,89
2021-09-28,Ventura,111,848112,95454,94632,4124,98756,1143
2021-09-28,Yolo,113,214977,18838,18564,890,19454,239
2021-09-28,Yuba,115,75493,9456,9323,215,9538,66
2021-09-27,Alameda,001,1643700,115354,114731,2575,117306,1327
2021-09-27,Alpine,003,1148,99,101,0,101,0
2021-09-27,Amador,005,37829,5146,5017,51,5068,59
2021-09-27,Butte,007,227075,19196,18687,3458,22145,239
2021-09-27,Calaveras,009,45235,3605,3514,40,3554,70
2021-09-27,Colusa,011,21464,2424,2393,552,2945,18
2021-09-27,Contra Costa,013,1133247,95869,94979,1963,96942,924
2021-09-27,Del Norte,015,27424,3545,3468,32,3500,37
2021-09-27,El Dorado,017,186661,15045,14764,1552,16316,132
2021-09-27,Fresno,019,978130,129651,127475,11592,139067,1942
2021-09-27,Glenn,021,27897,3271,3189,933,4122,26
2021-09-27,Humboldt,023,135768,8298,8118,423,8541,91
2021-09-27,Imperial,025,180216,31790,31491,2954,34445,756
2021-09-27,Inyo,027,18085,1762,1698,32,1730,39
2021-09-27,Kern,029,883053,119151,117064,18736,135800,1503
2021-09-27,Kings,031,150075,29670,28998,1668,30666,297
2021-09-27,Lake,033,64148,6243,6126,122,6248,95
2021-09-27,Lassen,035,31185,6433,6327,291,6618,25
2021-09-27,Los Angeles,037,10098052,1404457,1391538,51618,1443156,26040
2021-09-27,Madera,039,155013,21150,20691,1709,22400,262
2021-09-27,Marin,041,260295,17026,16861,399,17260,242
2021-09-27,Mariposa,043,17540,993,931,33,964,5
2021-09-27,Mendocino,045,87422,6967,6761,371,7132,74
2021-09-27,Merced,047,269075,39246,38840,1520,40360,548
2021-09-27,Modoc,049,8938,477,465,166,631,5
2021-09-27,Mono,051,14174,1553,1525,19,1544,3
2021-09-27,Monterey,053,433212,47702,46811,2595,49406,571
2021-09-27,Napa,055,140530,12475,12354,89,12443,95
2021-09-27,Nevada,057,99092,8517,8379,292,8671,84
2021-09-27,Orange,059,3164182,298862,296334,14028,310362,5409
2021-09-27,Placer,061,380077,34681,34087,3246,37333,370
2021-09-27,Plumas,063,18699,1340,1269,25,1294,6
2021-09-27,Riverside,065,2383286,350607,345529,15795,361324,4864
2021-09-27,Sacramento,067,1510023,150135,149096,3859,152955,2076
2021-09-27,San Benito,069,59416,7040,7017,145,7162,67
2021-09-27,San Bernardino,071,2135413,342663,339952,10584,350536,5544
2021-09-27,San Diego,073,3302833,357323,354755,21036,375791,4054
2021-09-27,San Francisco,075,870044,50816,50157,2142,52299,622
2021-09-27,San Joaquin,077,732212,95200,94085,5018,99103,1633
2021-09-27,San Luis Obispo,079,281455,28202,27674,1122,28796,320
2021-09-27,San Mateo,081,765935,52429,51552,781,52333,571
2021-09-27,Santa Barbara,083,443738,42538,42012,1465,43477,505
2021-09-27,Santa Clara,085,1922200,142004,140802,1110,141912,1853
2021-09-27,Santa Cruz,087,273765,19587,19292,961,20253,214
2021-09-27,Shasta,089,179085,19117,18599,3137,21736,267
2021-09-27,Sierra,091,2930,135,128,13,141,0
2021-09-27,Siskiyou,093,43540,3137,3015,1121,4136,42
2021-09-27,Solano,095,438530,44383,43582,1144,44726,314
2021-09-27,Sonoma,097,501317,39628,39347,485,39832,370
2021-09-27,Stanislaus,099,539301,73582,73370,8225,81595,1091
2021-09-27,Sutter,101,95872,13172,13082,264,13346,155
2021-09-27,Tehama,103,63373,7550,7345,1226,8571,88
2021-09-27,Trinity,105,12862,766,605,195,800,9
2021-09-27,Tulare,107,460477,63212,61708,12942,74650,904
2021-09-27,Tuolumne,109,53932,6388,6264,77,6341,89
2021-09-27,Ventura,111,848112,95329,94477,4120,98597,1138
2021-09-27,Yolo,113,214977,18804,18524,889,19413,239
2021-09-27,Yuba,115,75493,9419,9292,211,9503,64
2021-09-26,Alameda,001,1643700,115159,114601,2568,117169,1326
2021-09-26,Alpine,003,1148,99,101,0,101,0
2021-09-26,Amador,005,37829,5114,5001,50,5051,59
2021-09-26,Butte,007,227075,19121,18634,3439,22073,238
2021-09-26,Calaveras,009,45235,3583,3505,40,3545,70
2021-09-26,Colusa,011,21464,2419,2392,550,2942,18
2021-09-26,Contra Costa,013,1133247,95694,94877,1950,96827,924
2021-09-26,Del Norte,015,27424,3540,3466,31,3497,37
2021-09-26,El Dorado,017,186661,15003,14738,1544,16282,132
2021-09-26,Fresno,019,978130,129294,127235,11546,138781,1939
2021-09-26,Glenn,021,27897,3263,3182,929,4111,26
2021-09-26,Humboldt,023,135768,8261,8098,422,8520,91
2021-09-26,Imperial,025,180216,31730,31462,2953,34415,756
2021-09-26,Inyo,027,18085,1747,1685,32,1717,39
2021-09-26,Kern,029,883053,118813,116927,18626,135553,1502
2021-09-26,Kings,031,150075,29569,28930,1657,30587,293
2021-09-26,Lake,033,64148,6226,6113,122,6235,95
2021-09-26,Lassen,035,31185,6423,6319,286,6605,25
2021-09-26,Los Angeles,037,10098052,1402967,1390577,51550,1442127,26035
2021-09-26,Madera,039,155013,21075,20629,1690,22319,262
2021-09-26,Marin,041,260295,17003,16860,399,17259,242
2021-09-26,Mariposa,043,17540,987,929,33,962,5
2021-09-26,Mendocino,045,87422,6933,6744,356,7100,74
2021-09-26,Merced,047,269075,39085,38717,1512,40229,548
2021-09-26,Modoc,049,8938,477,465,165,630,5
2021-09-26,Mono,051,14174,1549,1516,19,1535,3
2021-09-26,Monterey,053,433212,47655,46792,2582,49374,571
2021-09-26,Napa,055,140530,12451,12340,88,12428,95
2021-09-26,Nevada,057,99092,8486,8356,287,8643,84
2021-09-26,Orange,059,3164182,298523,296085,13995,310080,5409
2021-09-26,Placer,061,380077,34587,34043,3237,37280,370
2021-09-26,Plumas,063,18699,1322,1268,25,1293,6
2021-09-26,Riverside,065,2383286,350075,345257,15781,361038,4864
2021-09-26,Sacramento,067,1510023,149729,148745,3840,152585,2071
2021-09-26,San Benito,069,59416,7023,7012,144,7156,67
2021-09-26,San Bernardino,071,2135413,342206,339771,10570,350341,5545
2021-09-26,San Diego,073,3302833,356701,354414,20995,375409,4051
2021-09-26,San Francisco,075,870044,50690,50092,2133,52225,622
2021-09-26,San Joaquin,077,732212,94996,93935,5004,98939,1633
2021-09-26,San Luis Obispo,079,281455,28128,27624,1117,28741,319
2021-09-26,San Mateo,081,765935,52360,51496,779,52275,571
2021-09-26,Santa Barbara,083,443738,42452,41946,1462,43408,505
2021-09-26,Santa Clara,085,1922200,141803,140667,1107,141774,1852
2021-09-26,Santa Cruz,087,273765,19562,19279,961,20240,214
2021-09-26,Shasta,089,179085,19008,18566,3114,21680,266
2021-09-26,Sierra,091,2930,135,128,13,141,0
2021-09-26,Siskiyou,093,43540,3123,2998,1111,4109,42
2021-09-26,Solano,095,438530,44316,43537,1143,44680,314
2021-09-26,Sonoma,097,501317,39569,39302,485,39787,370
2021-09-26,Stanislaus,099,539301,73382,73243,8197,81440,1091
2021-09-26,Sutter,101,95872,13135,13045,263,13308,155
2021-09-26,Tehama,103,63373,7493,7323,1215,8538,88
2021-09-26,Trinity,105,12862,763,591,195,786,9
2021-09-26,Tulare,107,460477,62991,61560,12865,74425,904
2021-09-26,Tuolumne,109,53932,6360,6236,75,6311,89
2021-09-26,Ventura,111,848112,95215,94391,4113,98504,1138
2021-09-26,Yolo,113,214977,18767,18496,881,19377,239
2021-09-26,Yuba,115,75493,9392,9275,211,9486,64
2021-09-25,Alameda,001,1643700,115080,114014,2565,116579,1324
2021-09-25,Alpine,003,1148,99,101,0,101,0
2021-09-25,Amador,005,37829,5100,4934,50,4984,59
2021-09-25,Butte,007,227075,19092,18396,3431,21827,236
2021-09-25,Calaveras,009,45235,3580,3461,40,3501,70
2021-09-25,Colusa,011,21464,2416,2387,548,2935,16
2021-09-25,Contra Costa,013,1133247,95623,94337,1946,96283,924
2021-09-25,Del Norte,015,27424,3539,3404,31,3435,35
2021-09-25,El Dorado,017,186661,14980,14641,1540,16181,130
2021-09-25,Fresno,019,978130,129149,126299,11530,137829,1927
2021-09-25,Glenn,021,27897,3258,3144,928,4072,25
2021-09-25,Humboldt,023,135768,8242,8014,420,8434,88
2021-09-25,Imperial,025,180216,31703,31280,2953,34233,755
2021-09-25,Inyo,027,18085,1739,1657,32,1689,39
2021-09-25,Kern,029,883053,118658,116021,18559,134580,1485
2021-09-25,Kings,031,150075,29518,28636,1654,30290,293
2021-09-25,Lake,033,64148,6221,6046,120,6166,92
2021-09-25,Lassen,035,31185,6411,6248,285,6533,25
2021-09-25,Los Angeles,037,10098052,1402257,1386417,51509,1437926,25964
2021-09-25,Madera,039,155013,21050,20432,1684,22116,262
2021-09-25,Marin,041,260295,16994,16802,397,17199,242
2021-09-25,Mariposa,043,17540,982,906,33,939,5
2021-09-25,Mendocino,045,87422,6914,6657,355,7012,74
2021-09-25,Merced,047,269075,39039,38393,1510,39903,546
2021-09-25,Modoc,049,8938,477,460,165,625,5
2021-09-25,Mono,051,14174,1546,1501,19,1520,3
2021-09-25,Monterey,053,433212,47625,46653,2580,49233,567
2021-09-25,Napa,055,140530,12431,12266,88,12354,95
2021-09-25,Nevada,057,99092,8469,8285,287,8572,84
2021-09-25,Orange,059,3164182,298350,294514,13978,308492,5374
2021-09-25,Placer,061,380077,34523,33764,3235,36999,367
2021-09-25,Plumas,063,18699,1318,1238,25,1263,6
2021-09-25,Riverside,065,2383286,349752,343463,15773,359236,4843
2021-09-25,Sacramento,067,1510023,149554,147728,3832,151560,2049
2021-09-25,San Benito,069,59416,7018,6965,144,7109,67
2021-09-25,San Bernardino,071,2135413,341969,338413,10557,348970,5540
2021-09-25,San Diego,073,3302833,356356,352017,20969,372986,4039
2021-09-25,San Francisco,075,870044,50646,49840,2132,51972,615
2021-09-25,San Joaquin,077,732212,94910,93273,5002,98275,1628
2021-09-25,San Luis Obispo,079,281455,28090,27447,1113,28560,318
2021-09-25,San Mateo,081,765935,52296,51266,777,52043,568
2021-09-25,Santa Barbara,083,443738,42394,41728,1462,43190,505
2021-09-25,Santa Clara,085,1922200,141697,140023,1105,141128,1844
2021-09-25,Santa Cruz,087,273765,19546,19200,959,20159,214
2021-09-25,Shasta,089,179085,18957,18256,3105,21361,262
2021-09-25,Sierra,091,2930,134,127,13,140,0
2021-09-25,Siskiyou,093,43540,3116,2956,1101,4057,41
2021-09-25,Solano,095,438530,44275,43331,1140,44471,312
2021-09-25,Sonoma,097,501317,39528,39112,485,39597,369
2021-09-25,Stanislaus,099,539301,73272,72628,8183,80811,1091
2021-09-25,Sutter,101,95872,13117,12976,260,13236,154
2021-09-25,Tehama,103,63373,7477,7200,1213,8413,86
2021-09-25,Trinity,105,12862,763,576,195,771,9
2021-09-25,Tulare,107,460477,62909,60909,12822,73731,898
2021-09-25,Tuolumne,109,53932,6348,6168,75,6243,89
2021-09-25,Ventura,111,848112,95148,94059,4109,98168,1129
2021-09-25,Yolo,113,214977,18745,18393,880,19273,239
2021-09-25,Yuba,115,75493,9372,9191,211,9402,61
2021-09-24,Alameda,001,1643700,114975,114014,2561,116575,1324
2021-09-24,Alpine,003,1148,99,101,0,101,0
2021-09-24,Amador,005,37829,5070,4934,50,4984,59
2021-09-24,Butte,007,227075,19039,18396,3420,21816,236
2021-09-24,Calaveras,009,45235,3573,3461,39,3500,70
2021-09-24,Colusa,011,21464,2413,2387,547,2934,16
2021-09-24,Contra Costa,013,1133247,95513,94337,1942,96279,924
2021-09-24,Del Norte,015,27424,3536,3404,31,3435,35
2021-09-24,El Dorado,017,186661,14962,14641,1538,16179,130
2021-09-24,Fresno,019,978130,128951,126299,11518,137817,1927
2021-09-24,Glenn,021,27897,3250,3144,928,4072,25
2021-09-24,Humboldt,023,135768,8223,8014,417,8431,88
2021-09-24,Imperial,025,180216,31665,31280,2951,34231,755
2021-09-24,Inyo,027,18085,1730,1657,32,1689,39
2021-09-24,Kern,029,883053,118522,116021,18493,134514,1485
2021-09-24,Kings,031,150075,29477,28636,1650,30286,293
2021-09-24,Lake,033,64148,6213,6046,120,6166,92
2021-09-24,Lassen,035,31185,6403,6248,284,6532,25
2021-09-24,Los Angeles,037,10098052,1401370,1386417,51468,1437885,25964
2021-09-24,Madera,039,155013,21019,20432,1675,22107,262
2021-09-24,Marin,041,260295,16980,16802,396,17198,242
2021-09-24,Mariposa,043,17540,970,906,33,939,5
2021-09-24,Mendocino,045,87422,6901,6657,355,7012,74
2021-09-24,Merced,047,269075,38995,38393,1510,39903,546
2021-09-24,Modoc,049,8938,477,460,164,624,5
2021-09-24,Mono,051,14174,1541,1501,19,1520,3
2021-09-24,Monterey,053,433212,47604,46653,2572,49225,567
2021-09-24,Napa,055,140530,12412,12266,88,12354,95
2021-09-24,Nevada,057,99092,8455,8285,284,8569,84
2021-09-24,Orange,059,3164182,298143,294514,13960,308474,5374
2021-09-24,Placer,061,380077,34468,33764,3223,36987,367
2021-09-24,Plumas,063,18699,1314,1238,25,1263,6
2021-09-24,Riverside,065,2383286,349418,343463,15766,359229,4843
2021-09-24,Sacramento,067,1510023,149369,147728,3828,151556,2049
2021-09-24,San Benito,069,59416,7012,6965,144,7109,67
2021-09-24,San Bernardino,071,2135413,341701,338413,10547,348960,5540
2021-09-24,San Diego,073,3302833,356005,352017,20954,372971,4039
2021-09-24,San Francisco,075,870044,50582,49840,2125,51965,615
2021-09-24,San Joaquin,077,732212,94797,93273,5000,98273,1628
2021-09-24,San Luis Obispo,079,281455,28059,27447,1108,28555,318
2021-09-24,San Mateo,081,765935,52236,51266,776,52042,568
2021-09-24,Santa Barbara,083,443738,42354,41728,1461,43189,505
2021-09-24,Santa Clara,085,1922200,141585,140023,1104,141127,1844
2021-09-24,Santa Cruz,087,273765,19523,19200,958,20158,214
2021-09-24,Shasta,089,179085,18903,18256,3091,21347,262
2021-09-24,Sierra,091,2930,133,127,13,140,0
2021-09-24,Siskiyou,093,43540,3107,2956,1095,4051,41
2021-09-24,Solano,095,438530,44238,43331,1138,44469,312
2021-09-24,Sonoma,097,501317,39495,39112,485,39597,369
2021-09-24,Stanislaus,099,539301,73156,72628,8168,80796,1091
2021-09-24,Sutter,101,95872,13098,12976,259,13235,154
2021-09-24,Tehama,103,63373,7465,7200,1208,8408,86
2021-09-24,Trinity,105,12862,760,576,195,771,9
2021-09-24,Tulare,107,460477,62818,60909,12780,73689,898
2021-09-24,Tuolumne,109,53932,6319,6168,75,6243,89
2021-09-24,Ventura,111,848112,95070,94059,4102,98161,1129
2021-09-24,Yolo,113,214977,18713,18393,876,19269,239
2021-09-24,Yuba,115,75493,9353,9191,211,9402,61
2021-09-23,Alameda,001,1643700,114818,114014,2555,116569,1324
2021-09-23,Alpine,003,1148,99,101,0,101,0
2021-09-23,Amador,005,37829,5057,4934,50,4984,59
2021-09-23,Butte,007,227075,18977,18396,3395,21791,236
2021-09-23,Calaveras,009,45235,3552,3461,39,3500,70
2021-09-23,Colusa,011,21464,2411,2387,544,2931,16
2021-09-23,Contra Costa,013,1133247,95372,94337,1935,96272,924
2021-09-23,Del Norte,015,27424,3527,3404,30,3434,35
2021-09-23,El Dorado,017,186661,14936,14641,1532,16173,130
2021-09-23,Fresno,019,978130,128654,126299,11499,137798,1927
2021-09-23,Glenn,021,27897,3236,3144,925,4069,25
2021-09-23,Humboldt,023,135768,8199,8014,415,8429,88
2021-09-23,Imperial,025,180216,31629,31280,2951,34231,755
2021-09-23,Inyo,027,18085,1716,1657,32,1689,39
2021-09-23,Kern,029,883053,118264,116021,18413,134434,1485
2021-09-23,Kings,031,150075,29373,28636,1641,30277,293
2021-09-23,Lake,033,64148,6203,6046,120,6166,92
2021-09-23,Lassen,035,31185,6394,6248,279,6527,25
2021-09-23,Los Angeles,037,10098052,1400175,1386417,51404,1437821,25964
2021-09-23,Madera,039,155013,20935,20432,1671,22103,262
2021-09-23,Marin,041,260295,16965,16802,393,17195,242
2021-09-23,Mariposa,043,17540,957,906,33,939,5
2021-09-23,Mendocino,045,87422,6878,6657,350,7007,74
2021-09-23,Merced,047,269075,38891,38393,1503,39896,546
2021-09-23,Modoc,049,8938,476,460,164,624,5
2021-09-23,Mono,051,14174,1538,1501,19,1520,3
2021-09-23,Monterey,053,433212,47555,46653,2561,49214,567
2021-09-23,Napa,055,140530,12395,12266,88,12354,95
2021-09-23,Nevada,057,99092,8428,8285,284,8569,84
2021-09-23,Orange,059,3164182,297846,294514,13936,308450,5374
2021-09-23,Placer,061,380077,34392,33764,3217,36981,367
2021-09-23,Plumas,063,18699,1297,1238,24,1262,6
2021-09-23,Riverside,065,2383286,348965,343463,15759,359222,4843
2021-09-23,Sacramento,067,1510023,149046,147728,3809,151537,2049
2021-09-23,San Benito,069,59416,7001,6965,144,7109,67
2021-09-23,San Bernardino,071,2135413,341336,338413,10532,348945,5540
2021-09-23,San Diego,073,3302833,355549,352017,20915,372932,4039
2021-09-23,San Francisco,075,870044,50509,49840,2123,51963,615
2021-09-23,San Joaquin,077,732212,94624,93273,4985,98258,1628
2021-09-23,San Luis Obispo,079,281455,28016,27447,1106,28553,318
2021-09-23,San Mateo,081,765935,52161,51266,775,52041,568
2021-09-23,Santa Barbara,083,443738,42276,41728,1458,43186,505
2021-09-23,Santa Clara,085,1922200,141433,140023,1097,141120,1844
2021-09-23,Santa Cruz,087,273765,19492,19200,958,20158,214
2021-09-23,Shasta,089,179085,18823,18256,3074,21330,262
2021-09-23,Sierra,091,2930,133,127,13,140,0
2021-09-23,Siskiyou,093,43540,3103,2956,1084,4040,41
2021-09-23,Solano,095,438530,44170,43331,1135,44466,312
2021-09-23,Sonoma,097,501317,39436,39112,482,39594,369
2021-09-23,Stanislaus,099,539301,72999,72628,8136,80764,1091
2021-09-23,Sutter,101,95872,13069,12976,259,13235,154
2021-09-23,Tehama,103,63373,7424,7200,1203,8403,86
2021-09-23,Trinity,105,12862,746,576,194,770,9
2021-09-23,Tulare,107,460477,62641,60909,12726,73635,898
2021-09-23,Tuolumne,109,53932,6294,6168,74,6242,89
2021-09-23,Ventura,111,848112,94966,94059,4095,98154,1129
2021-09-23,Yolo,113,214977,18682,18393,871,19264,239
2021-09-23,Yuba,115,75493,9324,9191,210,9401,61
2021-09-22,Alameda,001,1643700,114662,113862,2551,116413,1322
2021-09-22,Alpine,003,1148,99,100,0,100,0
2021-09-22,Amador,005,37829,5041,4915,50,4965,59
2021-09-22,Butte,007,227075,18916,18337,3377,21714,235
2021-09-22,Calaveras,009,45235,3536,3448,39,3487,70
2021-09-22,Colusa,011,21464,2406,2384,543,2927,16
2021-09-22,Contra Costa,013,1133247,95186,94209,1926,96135,924
2021-09-22,Del Norte,015,27424,3516,3386,29,3415,35
2021-09-22,El Dorado,017,186661,14900,14605,1526,16131,127
2021-09-22,Fresno,019,978130,128398,126006,11484,137490,1908
2021-09-22,Glenn,021,27897,3229,3138,924,4062,25
2021-09-22,Humboldt,023,135768,8177,7998,407,8405,80
2021-09-22,Imperial,025,180216,31577,31243,2944,34187,755
2021-09-22,Inyo,027,18085,1706,1651,32,1683,39
2021-09-22,Kern,029,883053,118023,115757,18291,134048,1477
2021-09-22,Kings,031,150075,29288,28589,1635,30224,292
2021-09-22,Lake,033,64148,6191,6035,120,6155,93
2021-09-22,Lassen,035,31185,6374,6209,275,6484,25
2021-09-22,Los Angeles,037,10098052,1398852,1384719,51349,1436068,25930
2021-09-22,Madera,039,155013,20878,20382,1661,22043,262
2021-09-22,Marin,041,260295,16954,16782,390,17172,242
2021-09-22,Mariposa,043,17540,951,901,33,934,5
2021-09-22,Mendocino,045,87422,6852,6624,344,6968,70
2021-09-22,Merced,047,269075,38758,38305,1501,39806,541
2021-09-22,Modoc,049,8938,473,458,164,622,5
2021-09-22,Mono,051,14174,1529,1496,18,1514,3
2021-09-22,Monterey,053,433212,47504,46615,2554,49169,566
2021-09-22,Napa,055,140530,12372,12248,87,12335,95
2021-09-22,Nevada,057,99092,8405,8273,281,8554,84
2021-09-22,Orange,059,3164182,297570,294214,13919,308133,5366
2021-09-22,Placer,061,380077,34304,33661,3204,36865,367
2021-09-22,Plumas,063,18699,1284,1230,24,1254,6
2021-09-22,Riverside,065,2383286,348430,342946,15734,358680,4830
2021-09-22,Sacramento,067,1510023,148741,147533,3780,151313,2043
2021-09-22,San Benito,069,59416,6990,6961,142,7103,67
2021-09-22,San Bernardino,071,2135413,340941,337938,10523,348461,5528
2021-09-22,San Diego,073,3302833,355098,351132,20891,372023,4027
2021-09-22,San Francisco,075,870044,50424,49734,2118,51852,610
2021-09-22,San Joaquin,077,732212,94392,93010,4961,97971,1626
2021-09-22,San Luis Obispo,079,281455,27966,27398,1102,28500,315
2021-09-22,San Mateo,081,765935,52088,51197,771,51968,568
2021-09-22,Santa Barbara,083,443738,42213,41678,1457,43135,504
2021-09-22,Santa Clara,085,1922200,141270,139803,1090,140893,1844
2021-09-22,Santa Cruz,087,273765,19454,19177,958,20135,214
2021-09-22,Shasta,089,179085,18733,18153,3063,21216,260
2021-09-22,Sierra,091,2930,133,127,13,140,0
2021-09-22,Siskiyou,093,43540,3086,2947,1074,4021,41
2021-09-22,Solano,095,438530,44105,43269,1134,44403,312
2021-09-22,Sonoma,097,501317,39383,39063,481,39544,369
2021-09-22,Stanislaus,099,539301,72834,72355,8117,80472,1091
2021-09-22,Sutter,101,95872,13049,12960,256,13216,153
2021-09-22,Tehama,103,63373,7397,7173,1200,8373,86
2021-09-22,Trinity,105,12862,745,572,194,766,9
2021-09-22,Tulare,107,460477,62430,60776,12657,73433,896
2021-09-22,Tuolumne,109,53932,6273,6155,73,6228,89
2021-09-22,Ventura,111,848112,94861,93978,4090,98068,1122
2021-09-22,Yolo,113,214977,18643,18342,864,19206,239
2021-09-22,Yuba,115,75493,9295,9169,205,9374,61
2021-09-21,Alameda,001,1643700,114508,113765,2551,116316,1321
2021-09-21,Alpine,003,1148,99,100,0,100,0
2021-09-21,Amador,005,37829,5019,4897,50,4947,59
2021-09-21,Butte,007,227075,18820,18229,3337,21566,232
2021-09-21,Calaveras,009,45235,3519,3437,39,3476,70
2021-09-21,Colusa,011,21464,2403,2378,542,2920,16
2021-09-21,Contra Costa,013,1133247,94992,94101,1912,96013,924
2021-09-21,Del Norte,015,27424,3504,3378,29,3407,34
2021-09-21,El Dorado,017,186661,14870,14578,1519,16097,127
2021-09-21,Fresno,019,978130,128047,125789,11457,137246,1892
2021-09-21,Glenn,021,27897,3222,3134,920,4054,25
2021-09-21,Humboldt,023,135768,8145,7955,402,8357,80
2021-09-21,Imperial,025,180216,31521,31185,2942,34127,755
2021-09-21,Inyo,027,18085,1696,1646,32,1678,39
2021-09-21,Kern,029,883053,117730,115534,18178,133712,1467
2021-09-21,Kings,031,150075,29200,28545,1627,30172,291
2021-09-21,Lake,033,64148,6168,6013,120,6133,90
2021-09-21,Lassen,035,31185,6356,6159,271,6430,25
2021-09-21,Los Angeles,037,10098052,1397397,1383277,51294,1434571,25893
2021-09-21,Madera,039,155013,20818,20317,1651,21968,262
2021-09-21,Marin,041,260295,16939,16748,389,17137,242
2021-09-21,Mariposa,043,17540,946,894,32,926,5
2021-09-21,Mendocino,045,87422,6814,6580,333,6913,68
2021-09-21,Merced,047,269075,38636,38225,1497,39722,539
2021-09-21,Modoc,049,8938,470,458,164,622,5
2021-09-21,Mono,051,14174,1527,1495,17,1512,3
2021-09-21,Monterey,053,433212,47436,46583,2542,49125,565
2021-09-21,Napa,055,140530,12351,12238,87,12325,95
2021-09-21,Nevada,057,99092,8378,8259,273,8532,84
2021-09-21,Orange,059,3164182,297239,293898,13889,307787,5357
2021-09-21,Placer,061,380077,34203,33609,3193,36802,365
2021-09-21,Plumas,063,18699,1277,1225,24,1249,5
2021-09-21,Riverside,065,2383286,347870,342460,15710,358170,4817
2021-09-21,Sacramento,067,1510023,148360,147378,3752,151130,2027
2021-09-21,San Benito,069,59416,6979,6950,141,7091,67
2021-09-21,San Bernardino,071,2135413,340502,337387,10506,347893,5520
2021-09-21,San Diego,073,3302833,354492,350265,20865,371130,4021
2021-09-21,San Francisco,075,870044,50327,49653,2114,51767,609
2021-09-21,San Joaquin,077,732212,94158,92762,4950,97712,1621
2021-09-21,San Luis Obispo,079,281455,27907,27318,1098,28416,314
2021-09-21,San Mateo,081,765935,52019,51136,771,51907,568
2021-09-21,Santa Barbara,083,443738,42144,41644,1453,43097,503
2021-09-21,Santa Clara,085,1922200,141053,139657,1086,140743,1843
2021-09-21,Santa Cruz,087,273765,19424,19140,957,20097,212
2021-09-21,Shasta,089,179085,18605,18027,3039,21066,258
2021-09-21,Sierra,091,2930,133,127,13,140,0
2021-09-21,Siskiyou,093,43540,3072,2927,1060,3987,36
2021-09-21,Solano,095,438530,44029,43220,1134,44354,311
2021-09-21,Sonoma,097,501317,39330,39042,481,39523,369
2021-09-21,Stanislaus,099,539301,72650,72211,8097,80308,1091
2021-09-21,Sutter,101,95872,13026,12930,253,13183,153
2021-09-21,Tehama,103,63373,7351,7151,1196,8347,85
2021-09-21,Trinity,105,12862,734,572,192,764,9
2021-09-21,Tulare,107,460477,62215,60607,12596,73203,896
2021-09-21,Tuolumne,109,53932,6240,6139,73,6212,89
2021-09-21,Ventura,111,848112,94756,93818,4082,97900,1120
2021-09-21,Yolo,113,214977,18607,18313,861,19174,239
2021-09-21,Yuba,115,75493,9267,9135,205,9340,61
2021-09-20,Alameda,001,1643700,114327,113637,2547,116184,1320
2021-09-20,Alpine,003,1148,99,100,0,100,0
2021-09-20,Amador,005,37829,5001,4883,49,4932,59
2021-09-20,Butte,007,227075,18738,18135,3322,21457,231
2021-09-20,Calaveras,009,45235,3497,3395,38,3433,66
2021-09-20,Colusa,011,21464,2401,2376,539,2915,16
2021-09-20,Contra Costa,013,1133247,94842,93919,1906,95825,924
2021-09-20,Del Norte,015,27424,3496,3374,28,3402,34
2021-09-20,El Dorado,017,186661,14837,14545,1507,16052,127
2021-09-20,Fresno,019,978130,127634,125287,11431,136718,1889
2021-09-20,Glenn,021,27897,3211,3112,917,4029,25
2021-09-20,Humboldt,023,135768,8110,7938,397,8335,80
2021-09-20,Imperial,025,180216,31438,31146,2941,34087,755
2021-09-20,Inyo,027,18085,1688,1641,31,1672,39
2021-09-20,Kern,029,883053,117391,115271,18047,133318,1459
2021-09-20,Kings,031,150075,29113,28471,1621,30092,285
2021-09-20,Lake,033,64148,6153,5984,119,6103,87
2021-09-20,Lassen,035,31185,6326,6132,271,6403,25
2021-09-20,Los Angeles,037,10098052,1395873,1382206,51214,1433420,25858
2021-09-20,Madera,039,155013,20765,20203,1644,21847,257
2021-09-20,Marin,041,260295,16914,16732,387,17119,242
2021-09-20,Mariposa,043,17540,935,887,32,919,5
2021-09-20,Mendocino,045,87422,6780,6568,328,6896,67
2021-09-20,Merced,047,269075,38525,38144,1486,39630,536
2021-09-20,Modoc,049,8938,469,457,162,619,5
2021-09-20,Mono,051,14174,1521,1480,17,1497,3
2021-09-20,Monterey,053,433212,47394,46506,2524,49030,565
2021-09-20,Napa,055,140530,12326,12209,86,12295,95
2021-09-20,Nevada,057,99092,8358,8228,271,8499,84
2021-09-20,Orange,059,3164182,296895,293642,13862,307504,5354
2021-09-20,Placer,061,380077,34113,33531,3178,36709,364
2021-09-20,Plumas,063,18699,1272,1211,24,1235,5
2021-09-20,Riverside,065,2383286,347369,341961,15697,357658,4802
2021-09-20,Sacramento,067,1510023,147987,147016,3719,150735,2016
2021-09-20,San Benito,069,59416,6970,6947,140,7087,67
2021-09-20,San Bernardino,071,2135413,340101,337059,10490,347549,5507
2021-09-20,San Diego,073,3302833,353820,349579,20828,370407,4009
2021-09-20,San Francisco,075,870044,50220,49559,2113,51672,605
2021-09-20,San Joaquin,077,732212,93915,92614,4937,97551,1615
2021-09-20,San Luis Obispo,079,281455,27831,27259,1090,28349,313
2021-09-20,San Mateo,081,765935,51932,51100,768,51868,567
2021-09-20,Santa Barbara,083,443738,42045,41589,1449,43038,500
2021-09-20,Santa Clara,085,1922200,140853,139578,1084,140662,1841
2021-09-20,Santa Cruz,087,273765,19392,19121,957,20078,211
2021-09-20,Shasta,089,179085,18506,17893,3009,20902,258
2021-09-20,Sierra,091,2930,131,126,13,139,0
2021-09-20,Siskiyou,093,43540,3050,2902,1047,3949,35
2021-09-20,Solano,095,438530,43961,43152,1126,44278,312
2021-09-20,Sonoma,097,501317,39284,38991,481,39472,369
2021-09-20,Stanislaus,099,539301,72451,72031,8078,80109,1091
2021-09-20,Sutter,101,95872,12990,12896,248,13144,153
2021-09-20,Tehama,103,63373,7319,7121,1184,8305,84
2021-09-20,Trinity,105,12862,728,568,191,759,7
2021-09-20,Tulare,107,460477,62013,60302,12543,72845,896
2021-09-20,Tuolumne,109,53932,6214,6113,73,6186,89
2021-09-20,Ventura,111,848112,94643,93700,4076,97776,1120
2021-09-20,Yolo,113,214977,18561,18287,859,19146,239
2021-09-20,Yuba,115,75493,9232,9107,203,9310,61
2021-09-19,Alameda,001,1643700,114113,113446,2542,115988,1320
2021-09-19,Alpine,003,1148,99,100,0,100,0
2021-09-19,Amador,005,37829,4961,4875,48,4923,59
2021-09-19,Butte,007,227075,18644,18063,3293,21356,230
2021-09-19,Calaveras,009,45235,3473,3390,35,3425,66
2021-09-19,Colusa,011,21464,2399,2375,537,2912,16
2021-09-19,Contra Costa,013,1133247,94656,93788,1896,95684,924
2021-09-19,Del Norte,015,27424,3470,3344,27,3371,34
2021-09-19,El Dorado,017,186661,14784,14512,1501,16013,127
2021-09-19,Fresno,019,978130,127229,124985,11386,136371,1888
2021-09-19,Glenn,021,27897,3202,3102,914,4016,25
2021-09-19,Humboldt,023,135768,8064,7914,395,8309,80
2021-09-19,Imperial,025,180216,31369,31122,2938,34060,755
2021-09-19,Inyo,027,18085,1679,1639,31,1670,39
2021-09-19,Kern,029,883053,117079,115074,17941,133015,1459
2021-09-19,Kings,031,150075,28986,28416,1612,30028,284
2021-09-19,Lake,033,64148,6122,5962,119,6081,87
2021-09-19,Lassen,035,31185,6306,6129,265,6394,25
2021-09-19,Los Angeles,037,10098052,1393894,1381200,51120,1432320,25852
2021-09-19,Madera,039,155013,20687,20161,1634,21795,257
2021-09-19,Marin,041,260295,16885,16711,385,17096,242
2021-09-19,Mariposa,043,17540,927,881,32,913,5
2021-09-19,Mendocino,045,87422,6735,6538,322,6860,67
2021-09-19,Merced,047,269075,38368,38068,1477,39545,535
2021-09-19,Modoc,049,8938,466,457,160,617,5
2021-09-19,Mono,051,14174,1516,1480,17,1497,3
2021-09-19,Monterey,053,433212,47339,46486,2521,49007,565
2021-09-19,Napa,055,140530,12305,12190,84,12274,95
2021-09-19,Nevada,057,99092,8330,8203,269,8472,84
2021-09-19,Orange,059,3164182,296527,293258,13840,307098,5354
2021-09-19,Placer,061,380077,34000,33406,3160,36566,364
2021-09-19,Plumas,063,18699,1264,1211,24,1235,5
2021-09-19,Riverside,065,2383286,346776,341566,15688,357254,4804
2021-09-19,Sacramento,067,1510023,147627,146603,3675,150278,2012
2021-09-19,San Benito,069,59416,6951,6942,140,7082,67
2021-09-19,San Bernardino,071,2135413,339605,336688,10479,347167,5506
2021-09-19,San Diego,073,3302833,353117,349225,20791,370016,4006
2021-09-19,San Francisco,075,870044,50113,49458,2104,51562,605
2021-09-19,San Joaquin,077,732212,93619,92467,4926,97393,1615
2021-09-19,San Luis Obispo,079,281455,27730,27208,1081,28289,313
2021-09-19,San Mateo,081,765935,51834,51028,767,51795,567
2021-09-19,Santa Barbara,083,443738,41939,41512,1449,42961,500
2021-09-19,Santa Clara,085,1922200,140666,139410,1079,140489,1841
2021-09-19,Santa Cruz,087,273765,19353,19096,957,20053,211
2021-09-19,Shasta,089,179085,18392,17813,2974,20787,258
2021-09-19,Sierra,091,2930,130,126,13,139,0
2021-09-19,Siskiyou,093,43540,3024,2882,1038,3920,35
2021-09-19,Solano,095,438530,43872,43056,1121,44177,312
2021-09-19,Sonoma,097,501317,39212,38956,477,39433,369
2021-09-19,Stanislaus,099,539301,72206,71830,8053,79883,1091
2021-09-19,Sutter,101,95872,12963,12868,241,13109,153
2021-09-19,Tehama,103,63373,7265,7081,1175,8256,84
2021-09-19,Trinity,105,12862,717,562,189,751,7
2021-09-19,Tulare,107,460477,61752,60160,12450,72610,896
2021-09-19,Tuolumne,109,53932,6173,6097,73,6170,89
2021-09-19,Ventura,111,848112,94481,93491,4067,97558,1120
2021-09-19,Yolo,113,214977,18512,18238,853,19091,239
2021-09-19,Yuba,115,75493,9206,9087,202,9289,61
2021-09-18,Alameda,001,1643700,114013,113300,2541,115841,1320
2021-09-18,Alpine,003,1148,99,100,0,100,0
2021-09-18,Amador,005,37829,4951,4850,48,4898,59
2021-09-18,Butte,007,227075,18605,17961,3277,21238,230
2021-09-18,Calaveras,009,45235,3468,3361,34,3395,66
2021-09-18,Colusa,011,21464,2399,2373,536,2909,16
2021-09-18,Contra Costa,013,1133247,94566,93656,1892,95548,924
2021-09-18,Del Norte,015,27424,3462,3326,25,3351,34
2021-09-18,El Dorado,017,186661,14761,14472,1498,15970,127
2021-09-18,Fresno,019,978130,127087,124771,11368,136139,1889
2021-09-18,Glenn,021,27897,3193,3086,911,3997,25
2021-09-18,Humboldt,023,135768,8050,7881,394,8275,80
2021-09-18,Imperial,025,180216,31345,31096,2937,34033,755
2021-09-18,Inyo,027,18085,1673,1636,31,1667,39
2021-09-18,Kern,029,883053,116924,114781,17877,132658,1459
2021-09-18,Kings,031,150075,28938,28330,1607,29937,285
2021-09-18,Lake,033,64148,6105,5936,119,6055,87
2021-09-18,Lassen,035,31185,6296,6121,263,6384,25
2021-09-18,Los Angeles,037,10098052,1393133,1379880,51070,1430950,25849
2021-09-18,Madera,039,155013,20643,20126,1624,21750,257
2021-09-18,Marin,041,260295,16868,16685,384,17069,242
2021-09-18,Mariposa,043,17540,924,871,32,903,5
2021-09-18,Mendocino,045,87422,6714,6523,322,6845,67
2021-09-18,Merced,047,269075,38332,37977,1471,39448,535
2021-09-18,Modoc,049,8938,466,457,159,616,5
2021-09-18,Mono,051,14174,1513,1480,17,1497,3
2021-09-18,Monterey,053,433212,47301,46466,2518,48984,565
2021-09-18,Napa,055,140530,12293,12168,84,12252,95
2021-09-18,Nevada,057,99092,8313,8183,269,8452,84
2021-09-18,Orange,059,3164182,296333,293005,13826,306831,5354
2021-09-18,Placer,061,380077,33928,33309,3157,36466,364
2021-09-18,Plumas,063,18699,1263,1204,24,1228,5
2021-09-18,Riverside,065,2383286,346392,341136,15674,356810,4802
2021-09-18,Sacramento,067,1510023,147445,146162,3666,149828,2016
2021-09-18,San Benito,069,59416,6947,6937,140,7077,67
2021-09-18,San Bernardino,071,2135413,339332,336380,10466,346846,5501
2021-09-18,San Diego,073,3302833,352726,348848,20778,369626,4006
2021-09-18,San Francisco,075,870044,50050,49359,2099,51458,605
2021-09-18,San Joaquin,077,732212,93508,92242,4914,97156,1615
2021-09-18,San Luis Obispo,079,281455,27693,27181,1078,28259,313
2021-09-18,San Mateo,081,765935,51784,50961,765,51726,567
2021-09-18,Santa Barbara,083,443738,41874,41465,1449,42914,500
2021-09-18,Santa Clara,085,1922200,140546,139233,1076,140309,1841
2021-09-18,Santa Cruz,087,273765,19333,19079,957,20036,211
2021-09-18,Shasta,089,179085,18329,17777,2958,20735,258
2021-09-18,Sierra,091,2930,129,125,13,138,0
2021-09-18,Siskiyou,093,43540,3021,2875,1032,3907,35
2021-09-18,Solano,095,438530,43832,42966,1118,44084,312
2021-09-18,Sonoma,097,501317,39177,38891,475,39366,369
2021-09-18,Stanislaus,099,539301,72061,71587,8031,79618,1091
2021-09-18,Sutter,101,95872,12949,12829,241,13070,153
2021-09-18,Tehama,103,63373,7251,7055,1168,8223,84
2021-09-18,Trinity,105,12862,715,561,189,750,7
2021-09-18,Tulare,107,460477,61676,60003,12400,72403,896
2021-09-18,Tuolumne,109,53932,6158,6069,73,6142,89
2021-09-18,Ventura,111,848112,94413,93424,4062,97486,1120
2021-09-18,Yolo,113,214977,18485,18213,848,19061,239
2021-09-18,Yuba,115,75493,9192,9061,201,9262,61
2021-09-17,Alameda,001,1643700,113887,113070,2539,115609,1320
2021-09-17,Alpine,003,1148,99,99,0,99,0
2021-09-17,Amador,005,37829,4935,4835,47,4882,58
2021-09-17,Butte,007,227075,18553,17870,3268,21138,230
2021-09-17,Calaveras,009,45235,3456,3338,33,3371,66
2021-09-17,Colusa,011,21464,2398,2369,531,2900,16
2021-09-17,Contra Costa,013,1133247,94464,93485,1889,95374,924
2021-09-17,Del Norte,015,27424,3457,3311,23,3334,34
2021-09-17,El Dorado,017,186661,14742,14421,1496,15917,127
2021-09-17,Fresno,019,978130,126868,124296,11352,135648,1882
2021-09-17,Glenn,021,27897,3176,3072,907,3979,25
2021-09-17,Humboldt,023,135768,8029,7850,394,8244,80
2021-09-17,Imperial,025,180216,31319,31031,2936,33967,755
2021-09-17,Inyo,027,18085,1665,1634,31,1665,39
2021-09-17,Kern,029,883053,116733,114303,17780,132083,1456
2021-09-17,Kings,031,150075,28873,28240,1605,29845,281
2021-09-17,Lake,033,64148,6092,5915,119,6034,87
2021-09-17,Lassen,035,31185,6281,6080,261,6341,25
2021-09-17,Los Angeles,037,10098052,1392154,1377905,51004,1428909,25820
2021-09-17,Madera,039,155013,20592,20040,1612,21652,257
2021-09-17,Marin,041,260295,16855,16658,382,17040,242
2021-09-17,Mariposa,043,17540,922,869,32,901,5
2021-09-17,Mendocino,045,87422,6695,6498,322,6820,67
2021-09-17,Merced,047,269075,38285,37803,1469,39272,533
2021-09-17,Modoc,049,8938,466,456,159,615,5
2021-09-17,Mono,051,14174,1509,1457,17,1474,3
2021-09-17,Monterey,053,433212,47278,46421,2517,48938,564
2021-09-17,Napa,055,140530,12272,12153,84,12237,95
2021-09-17,Nevada,057,99092,8298,8157,269,8426,84
2021-09-17,Orange,059,3164182,296114,292685,13808,306493,5346
2021-09-17,Placer,061,380077,33868,33188,3147,36335,362
2021-09-17,Plumas,063,18699,1254,1192,23,1215,5
2021-09-17,Riverside,065,2383286,345992,340445,15663,356108,4792
2021-09-17,Sacramento,067,1510023,147246,145985,3655,149640,1999
2021-09-17,San Benito,069,59416,6944,6929,140,7069,67
2021-09-17,San Bernardino,071,2135413,338973,335810,10459,346269,5488
2021-09-17,San Diego,073,3302833,352302,348098,20761,368859,4002
2021-09-17,San Francisco,075,870044,49998,49249,2094,51343,605
2021-09-17,San Joaquin,077,732212,93370,91977,4903,96880,1610
2021-09-17,San Luis Obispo,079,281455,27659,27102,1067,28169,311
2021-09-17,San Mateo,081,765935,51731,50854,764,51618,564
2021-09-17,Santa Barbara,083,443738,41811,41354,1448,42802,498
2021-09-17,Santa Clara,085,1922200,140397,138939,1075,140014,1838
2021-09-17,Santa Cruz,087,273765,19309,19039,957,19996,211
2021-09-17,Shasta,089,179085,18259,17617,2945,20562,254
2021-09-17,Sierra,091,2930,129,124,13,137,0
2021-09-17,Siskiyou,093,43540,3006,2852,1032,3884,35
2021-09-17,Solano,095,438530,43769,42898,1114,44012,312
2021-09-17,Sonoma,097,501317,39140,38808,474,39282,369
2021-09-17,Stanislaus,099,539301,71954,71408,8013,79421,1091
2021-09-17,Sutter,101,95872,12933,12799,238,13037,153
2021-09-17,Tehama,103,63373,7228,7020,1156,8176,84
2021-09-17,Trinity,105,12862,710,556,188,744,7
2021-09-17,Tulare,107,460477,61561,59689,12365,72054,895
2021-09-17,Tuolumne,109,53932,6139,6047,73,6120,89
2021-09-17,Ventura,111,848112,94301,93273,4060,97333,1116
2021-09-17,Yolo,113,214977,18454,18177,844,19021,239
2021-09-17,Yuba,115,75493,9165,9019,200,9219,61
2021-09-16,Alameda,001,1643700,113712,112770,2536,115306,1318
2021-09-16,Alpine,003,1148,99,99,0,99,0
2021-09-16,Amador,005,37829,4915,4819,47,4866,58
2021-09-16,Butte,007,227075,18478,17750,3252,21002,230
2021-09-16,Calaveras,009,45235,3425,3313,33,3346,66
2021-09-16,Colusa,011,21464,2396,2363,529,2892,16
2021-09-16,Contra Costa,013,1133247,94292,93213,1881,95094,917
2021-09-16,Del Norte,015,27424,3439,3285,23,3308,34
2021-09-16,El Dorado,017,186661,14701,14372,1488,15860,127
2021-09-16,Fresno,019,978130,126511,123853,11311,135164,1868
2021-09-16,Glenn,021,27897,3166,3068,905,3973,24
2021-09-16,Humboldt,023,135768,7996,7809,386,8195,80
2021-09-16,Imperial,025,180216,31276,30966,2928,33894,753
2021-09-16,Inyo,027,18085,1663,1623,31,1654,39
2021-09-16,Kern,029,883053,116461,113828,17713,131541,1448
2021-09-16,Kings,031,150075,28787,28114,1597,29711,280
2021-09-16,Lake,033,64148,6068,5890,116,6006,87
2021-09-16,Lassen,035,31185,6246,6028,256,6284,25
2021-09-16,Los Angeles,037,10098052,1390761,1376277,50939,1427216,25796
2021-09-16,Madera,039,155013,20514,19974,1607,21581,257
2021-09-16,Marin,041,260295,16828,16625,381,17006,242
2021-09-16,Mariposa,043,17540,916,849,32,881,6
2021-09-16,Mendocino,045,87422,6657,6445,311,6756,67
2021-09-16,Merced,047,269075,38178,37675,1467,39142,532
2021-09-16,Modoc,049,8938,464,455,159,614,5
2021-09-16,Mono,051,14174,1503,1449,17,1466,3
2021-09-16,Monterey,053,433212,47224,46342,2511,48853,562
2021-09-16,Napa,055,140530,12247,12115,80,12195,95
2021-09-16,Nevada,057,99092,8271,8121,268,8389,84
2021-09-16,Orange,059,3164182,295768,292183,13788,305971,5340
2021-09-16,Placer,061,380077,33772,33037,3127,36164,354
2021-09-16,Plumas,063,18699,1245,1178,23,1201,5
2021-09-16,Riverside,065,2383286,345462,339770,15649,355419,4786
2021-09-16,Sacramento,067,1510023,146890,145754,3623,149377,1996
2021-09-16,San Benito,069,59416,6932,6913,139,7052,67
2021-09-16,San Bernardino,071,2135413,338548,335129,10452,345581,5474
2021-09-16,San Diego,073,3302833,351688,347472,20722,368194,3994
2021-09-16,San Francisco,075,870044,49912,49133,2086,51219,605
2021-09-16,San Joaquin,077,732212,93132,91650,4860,96510,1608
2021-09-16,San Luis Obispo,079,281455,27586,27044,1063,28107,310
2021-09-16,San Mateo,081,765935,51654,50773,762,51535,564
2021-09-16,Santa Barbara,083,443738,41745,41272,1445,42717,497
2021-09-16,Santa Clara,085,1922200,140243,138685,1071,139756,1835
2021-09-16,Santa Cruz,087,273765,19282,19011,957,19968,211
2021-09-16,Shasta,089,179085,18134,17438,2912,20350,251
2021-09-16,Sierra,091,2930,129,123,13,136,0
2021-09-16,Siskiyou,093,43540,2986,2819,1025,3844,35
2021-09-16,Solano,095,438530,43697,42792,1105,43897,312
2021-09-16,Sonoma,097,501317,39077,38707,473,39180,369
2021-09-16,Stanislaus,099,539301,71721,71105,7997,79102,1091
2021-09-16,Sutter,101,95872,12889,12729,233,12962,152
2021-09-16,Tehama,103,63373,7188,6953,1145,8098,83
2021-09-16,Trinity,105,12862,707,547,187,734,7
2021-09-16,Tulare,107,460477,61339,59459,12292,71751,894
2021-09-16,Tuolumne,109,53932,6119,5999,72,6071,89
2021-09-16,Ventura,111,848112,94161,93087,4056,97143,1110
2021-09-16,Yolo,113,214977,18422,18135,842,18977,239
2021-09-16,Yuba,115,75493,9131,8981,197,9178,61
2021-09-15,Alameda,001,1643700,113547,112498,2529,115027,1317
2021-09-15,Alpine,003,1148,99,99,0,99,0
2021-09-15,Amador,005,37829,4907,4792,47,4839,58
2021-09-15,Butte,007,227075,18380,17664,3232,20896,228
2021-09-15,Calaveras,009,45235,3396,3293,31,3324,66
2021-09-15,Colusa,011,21464,2394,2352,526,2878,16
2021-09-15,Contra Costa,013,1133247,94111,92989,1870,94859,913
2021-09-15,Del Norte,015,27424,3426,3271,21,3292,34
2021-09-15,El Dorado,017,186661,14675,14309,1478,15787,127
2021-09-15,Fresno,019,978130,126132,123370,11255,134625,1867
2021-09-15,Glenn,021,27897,3154,3051,900,3951,20
2021-09-15,Humboldt,023,135768,7960,7754,381,8135,52
2021-09-15,Imperial,025,180216,31221,30891,2923,33814,753
2021-09-15,Inyo,027,18085,1659,1614,31,1645,39
2021-09-15,Kern,029,883053,116114,113546,17615,131161,1434
2021-09-15,Kings,031,150075,28708,27991,1589,29580,279
2021-09-15,Lake,033,64148,6035,5852,115,5967,85
2021-09-15,Lassen,035,31185,6186,6018,251,6269,25
2021-09-15,Los Angeles,037,10098052,1389260,1374307,50870,1425177,25767
2021-09-15,Madera,039,155013,20439,19880,1600,21480,257
2021-09-15,Marin,041,260295,16793,16592,376,16968,242
2021-09-15,Mariposa,043,17540,904,843,32,875,5
2021-09-15,Mendocino,045,87422,6627,6399,306,6705,66
2021-09-15,Merced,047,269075,38070,37508,1465,38973,529
2021-09-15,Modoc,049,8938,464,454,159,613,5
2021-09-15,Mono,051,14174,1497,1445,17,1462,3
2021-09-15,Monterey,053,433212,47154,46317,2500,48817,562
2021-09-15,Napa,055,140530,12226,12082,80,12162,95
2021-09-15,Nevada,057,99092,8249,8081,265,8346,84
2021-09-15,Orange,059,3164182,295444,291834,13769,305603,5328
2021-09-15,Placer,061,380077,33660,32860,3106,35966,352
2021-09-15,Plumas,063,18699,1240,1164,22,1186,5
2021-09-15,Riverside,065,2383286,344879,339077,15625,354702,4769
2021-09-15,Sacramento,067,1510023,146464,145202,3592,148794,1981
2021-09-15,San Benito,069,59416,6929,6902,139,7041,67
2021-09-15,San Bernardino,071,2135413,338086,334556,10438,344994,5470
2021-09-15,San Diego,073,3302833,351069,346933,20694,367627,3983
2021-09-15,San Francisco,075,870044,49801,48999,2081,51080,605
2021-09-15,San Joaquin,077,732212,92856,91322,4820,96142,1607
2021-09-15,San Luis Obispo,079,281455,27503,26943,1057,28000,306
2021-09-15,San Mateo,081,765935,51572,50691,759,51450,564
2021-09-15,Santa Barbara,083,443738,41642,41077,1440,42517,497
2021-09-15,Santa Clara,085,1922200,140069,138410,1066,139476,1833
2021-09-15,Santa Cruz,087,273765,19244,18984,955,19939,210
2021-09-15,Shasta,089,179085,18023,17317,2891,20208,250
2021-09-15,Sierra,091,2930,129,123,13,136,0
2021-09-15,Siskiyou,093,43540,2966,2804,995,3799,35
2021-09-15,Solano,095,438530,43625,42682,1100,43782,312
2021-09-15,Sonoma,097,501317,39020,38629,473,39102,369
2021-09-15,Stanislaus,099,539301,71497,70852,7975,78827,1091
2021-09-15,Sutter,101,95872,12856,12699,228,12927,151
2021-09-15,Tehama,103,63373,7147,6894,1136,8030,79
2021-09-15,Trinity,105,12862,705,541,185,726,7
2021-09-15,Tulare,107,460477,61080,59149,12231,71380,890
2021-09-15,Tuolumne,109,53932,6093,5969,72,6041,89
2021-09-15,Ventura,111,848112,94018,92960,4049,97009,1109
2021-09-15,Yolo,113,214977,18388,18064,836,18900,239
2021-09-15,Yuba,115,75493,9097,8953,197,9150,61
2021-09-14,Alameda,001,1643700,113339,112329,2526,114855,1316
2021-09-14,Alpine,003,1148,99,98,0,98,0
2021-09-14,Amador,005,37829,4887,4790,47,4837,57
2021-09-14,Butte,007,227075,18246,17516,3208,20724,226
2021-09-14,Calaveras,009,45235,3376,3280,28,3308,66
2021-09-14,Colusa,011,21464,2390,2344,523,2867,16
2021-09-14,Contra Costa,013,1133247,93913,92822,1862,94684,908
2021-09-14,Del Norte,015,27424,3410,3252,21,3273,32
2021-09-14,El Dorado,017,186661,14622,14247,1470,15717,123
2021-09-14,Fresno,019,978130,125657,123151,11203,134354,1856
2021-09-14,Glenn,021,27897,3137,3045,896,3941,20
2021-09-14,Humboldt,023,135768,7926,7717,376,8093,52
2021-09-14,Imperial,025,180216,31172,30845,2920,33765,752
2021-09-14,Inyo,027,18085,1650,1605,30,1635,39
2021-09-14,Kern,029,883053,115731,113250,17492,130742,1428
2021-09-14,Kings,031,150075,28632,27955,1581,29536,278
2021-09-14,Lake,033,64148,6003,5845,115,5960,83
2021-09-14,Lassen,035,31185,6172,5977,246,6223,25
2021-09-14,Los Angeles,037,10098052,1387423,1372831,50788,1423619,25729
2021-09-14,Madera,039,155013,20357,19800,1589,21389,254
2021-09-14,Marin,041,260295,16765,16584,374,16958,242
2021-09-14,Mariposa,043,17540,893,834,31,865,5
2021-09-14,Mendocino,045,87422,6591,6372,295,6667,65
2021-09-14,Merced,047,269075,37920,37430,1461,38891,526
2021-09-14,Modoc,049,8938,463,453,159,612,5
2021-09-14,Mono,051,14174,1493,1440,17,1457,4
2021-09-14,Monterey,053,433212,47113,46224,2489,48713,558
2021-09-14,Napa,055,140530,12193,12070,79,12149,91
2021-09-14,Nevada,057,99092,8215,8056,265,8321,83
2021-09-14,Orange,059,3164182,295051,291423,13745,305168,5319
2021-09-14,Placer,061,380077,33528,32735,3086,35821,350
2021-09-14,Plumas,063,18699,1225,1148,22,1170,5
2021-09-14,Riverside,065,2383286,344238,338534,15594,354128,4748
2021-09-14,Sacramento,067,1510023,146079,145051,3544,148595,1977
2021-09-14,San Benito,069,59416,6919,6887,139,7026,64
2021-09-14,San Bernardino,071,2135413,337588,333968,10413,344381,5465
2021-09-14,San Diego,073,3302833,350409,346204,20643,366847,3966
2021-09-14,San Francisco,075,870044,49667,48998,2079,51077,603
2021-09-14,San Joaquin,077,732212,92617,91128,4811,95939,1596
2021-09-14,San Luis Obispo,079,281455,27430,26845,1052,27897,304
2021-09-14,San Mateo,081,765935,51475,50602,756,51358,564
2021-09-14,Santa Barbara,083,443738,41546,40783,1431,42214,495
2021-09-14,Santa Clara,085,1922200,139834,138321,1063,139384,1828
2021-09-14,Santa Cruz,087,273765,19204,18965,953,19918,210
2021-09-14,Shasta,089,179085,17892,17152,2870,20022,246
2021-09-14,Sierra,091,2930,129,123,13,136,0
2021-09-14,Siskiyou,093,43540,2942,2756,978,3734,35
2021-09-14,Solano,095,438530,43542,42599,1097,43696,307
2021-09-14,Sonoma,097,501317,38951,38595,469,39064,369
2021-09-14,Stanislaus,099,539301,71237,70697,7947,78644,1091
2021-09-14,Sutter,101,95872,12814,12670,221,12891,149
2021-09-14,Tehama,103,63373,7093,6859,1128,7987,80
2021-09-14,Trinity,105,12862,699,538,184,722,7
2021-09-14,Tulare,107,460477,60827,58961,12160,71121,888
2021-09-14,Tuolumne,109,53932,6072,5951,70,6021,89
2021-09-14,Ventura,111,848112,93833,92841,4032,96873,1107
2021-09-14,Yolo,113,214977,18344,18039,831,18870,239
2021-09-14,Yuba,115,75493,9061,8928,197,9125,61
2021-09-13,Alameda,001,1643700,113125,112159,2521,114680,1309
2021-09-13,Alpine,003,1148,98,98,0,98,0
2021-09-13,Amador,005,37829,4869,4761,47,4808,56
2021-09-13,Butte,007,227075,18121,17393,3180,20573,225
2021-09-13,Calaveras,009,45235,3350,3253,27,3280,65
2021-09-13,Colusa,011,21464,2381,2346,519,2865,16
2021-09-13,Contra Costa,013,1133247,93668,92658,1857,94515,908
2021-09-13,Del Norte,015,27424,3374,3232,21,3253,28
2021-09-13,El Dorado,017,186661,14561,14194,1462,15656,119
2021-09-13,Fresno,019,978130,125190,122650,11137,133787,1853
2021-09-13,Glenn,021,27897,3123,3026,890,3916,20
2021-09-13,Humboldt,023,135768,7893,7659,373,8032,52
2021-09-13,Imperial,025,180216,31119,30802,2917,33719,751
2021-09-13,Inyo,027,18085,1643,1602,30,1632,39
2021-09-13,Kern,029,883053,115348,112930,17370,130300,1424
2021-09-13,Kings,031,150075,28522,27858,1569,29427,275
2021-09-13,Lake,033,64148,5981,5809,115,5924,82
2021-09-13,Lassen,035,31185,6137,5953,245,6198,25
2021-09-13,Los Angeles,037,10098052,1385559,1371423,50721,1422144,25703
2021-09-13,Madera,039,155013,20287,19735,1574,21309,252
2021-09-13,Marin,041,260295,16729,16557,373,16930,242
2021-09-13,Mariposa,043,17540,879,825,31,856,5
2021-09-13,Mendocino,045,87422,6556,6323,286,6609,61
2021-09-13,Merced,047,269075,37770,37291,1456,38747,521
2021-09-13,Modoc,049,8938,462,451,159,610,5
2021-09-13,Mono,051,14174,1487,1435,17,1452,3
2021-09-13,Monterey,053,433212,47022,46188,2476,48664,558
2021-09-13,Napa,055,140530,12175,12039,79,12118,91
2021-09-13,Nevada,057,99092,8189,8021,263,8284,83
2021-09-13,Orange,059,3164182,294619,291128,13724,304852,5312
2021-09-13,Placer,061,380077,33363,32617,3069,35686,343
2021-09-13,Plumas,063,18699,1216,1142,22,1164,5
2021-09-13,Riverside,065,2383286,343593,337876,15576,353452,4731
2021-09-13,Sacramento,067,1510023,145592,144537,3511,148048,1956
2021-09-13,San Benito,069,59416,6904,6867,138,7005,64
2021-09-13,San Bernardino,071,2135413,337097,333613,10388,344001,5441
2021-09-13,San Diego,073,3302833,349622,345647,20591,366238,3961
2021-09-13,San Francisco,075,870044,49538,48914,2073,50987,603
2021-09-13,San Joaquin,077,732212,92332,90966,4793,95759,1581
2021-09-13,San Luis Obispo,079,281455,27333,26805,1049,27854,300
2021-09-13,San Mateo,081,765935,51383,50525,751,51276,564
2021-09-13,Santa Barbara,083,443738,41427,40661,1424,42085,494
2021-09-13,Santa Clara,085,1922200,139589,138152,1058,139210,1820
2021-09-13,Santa Cruz,087,273765,19164,18917,952,19869,210
2021-09-13,Shasta,089,179085,17762,17033,2830,19863,243
2021-09-13,Sierra,091,2930,129,123,13,136,0
2021-09-13,Siskiyou,093,43540,2927,2745,966,3711,35
2021-09-13,Solano,095,438530,43438,42501,1094,43595,306
2021-09-13,Sonoma,097,501317,38884,38513,466,38979,368
2021-09-13,Stanislaus,099,539301,70983,70477,7911,78388,1091
2021-09-13,Sutter,101,95872,12756,12624,217,12841,145
2021-09-13,Tehama,103,63373,7030,6803,1116,7919,79
2021-09-13,Trinity,105,12862,697,533,182,715,7
2021-09-13,Tulare,107,460477,60544,58768,12100,70868,887
2021-09-13,Tuolumne,109,53932,6041,5909,70,5979,89
2021-09-13,Ventura,111,848112,93671,92679,4025,96704,1107
2021-09-13,Yolo,113,214977,18299,17974,825,18799,239
2021-09-13,Yuba,115,75493,9016,8884,196,9080,61
2021-09-12,Alameda,001,1643700,112863,111961,2518,114479,1309
2021-09-12,Alpine,003,1148,98,98,0,98,0
2021-09-12,Amador,005,37829,4848,4752,47,4799,56
2021-09-12,Butte,007,227075,17976,17257,3132,20389,221
2021-09-12,Calaveras,009,45235,3319,3236,23,3259,65
2021-09-12,Colusa,011,21464,2378,2344,518,2862,16
2021-09-12,Contra Costa,013,1133247,93400,92498,1845,94343,908
2021-09-12,Del Norte,015,27424,3339,3200,21,3221,28
2021-09-12,El Dorado,017,186661,14488,14167,1446,15613,119
2021-09-12,Fresno,019,978130,124673,122407,11080,133487,1853
2021-09-12,Glenn,021,27897,3106,3016,884,3900,20
2021-09-12,Humboldt,023,135768,7823,7636,362,7998,52
2021-09-12,Imperial,025,180216,31056,30790,2912,33702,751
2021-09-12,Inyo,027,18085,1633,1596,30,1626,39
2021-09-12,Kern,029,883053,114936,112602,17211,129813,1424
2021-09-12,Kings,031,150075,28411,27764,1552,29316,274
2021-09-12,Lake,033,64148,5941,5781,113,5894,82
2021-09-12,Lassen,035,31185,6100,5943,236,6179,25
2021-09-12,Los Angeles,037,10098052,1383500,1365968,50649,1416617,25630
2021-09-12,Madera,039,155013,20200,19691,1562,21253,252
2021-09-12,Marin,041,260295,16706,16526,373,16899,242
2021-09-12,Mariposa,043,17540,868,811,29,840,5
2021-09-12,Mendocino,045,87422,6516,6283,277,6560,61
2021-09-12,Merced,047,269075,37598,37172,1445,38617,521
2021-09-12,Modoc,049,8938,462,451,158,609,5
2021-09-12,Mono,051,14174,1480,1431,17,1448,3
2021-09-12,Monterey,053,433212,46923,46167,2466,48633,558
2021-09-12,Napa,055,140530,12145,12011,79,12090,91
2021-09-12,Nevada,057,99092,8149,7987,262,8249,83
2021-09-12,Orange,059,3164182,294155,290718,13703,304421,5312
2021-09-12,Placer,061,380077,33214,32520,3047,35567,343
2021-09-12,Plumas,063,18699,1197,1138,22,1160,5
2021-09-12,Riverside,065,2383286,342909,337332,15542,352874,4731
2021-09-12,Sacramento,067,1510023,145086,144030,3472,147502,1959
2021-09-12,San Benito,069,59416,6885,6852,137,6989,64
2021-09-12,San Bernardino,071,2135413,336486,333049,10375,343424,5439
2021-09-12,San Diego,073,3302833,348812,345058,20515,365573,3942
2021-09-12,San Francisco,075,870044,49427,48819,2066,50885,603
2021-09-12,San Joaquin,077,732212,92003,90730,4785,95515,1581
2021-09-12,San Luis Obispo,079,281455,27214,26729,1036,27765,299
2021-09-12,San Mateo,081,765935,51273,50432,747,51179,564
2021-09-12,Santa Barbara,083,443738,41315,40600,1417,42017,494
2021-09-12,Santa Clara,085,1922200,139332,137899,1055,138954,1820
2021-09-12,Santa Cruz,087,273765,19131,18892,951,19843,210
2021-09-12,Shasta,089,179085,17597,16957,2772,19729,243
2021-09-12,Sierra,091,2930,129,123,13,136,0
2021-09-12,Siskiyou,093,43540,2899,2730,951,3681,35
2021-09-12,Solano,095,438530,43332,42409,1091,43500,306
2021-09-12,Sonoma,097,501317,38804,38456,464,38920,368
2021-09-12,Stanislaus,099,539301,70684,70184,7872,78056,1091
2021-09-12,Sutter,101,95872,12714,12589,211,12800,145
2021-09-12,Tehama,103,63373,6966,6732,1104,7836,79
2021-09-12,Trinity,105,12862,693,529,180,709,7
2021-09-12,Tulare,107,460477,60191,58582,12040,70622,887
2021-09-12,Tuolumne,109,53932,6008,5888,70,5958,89
2021-09-12,Ventura,111,848112,93544,92496,4019,96515,1107
2021-09-12,Yolo,113,214977,18233,17943,817,18760,239
2021-09-12,Yuba,115,75493,8981,8842,196,9038,61
2021-09-11,Alameda,001,1643700,112739,111715,2516,114231,1309
2021-09-11,Alpine,003,1148,98,98,0,98,0
2021-09-11,Amador,005,37829,4835,4728,46,4774,56
2021-09-11,Butte,007,227075,17893,17218,3105,20323,221
2021-09-11,Calaveras,009,45235,3311,3208,22,3230,65
2021-09-11,Colusa,011,21464,2377,2338,515,2853,16
2021-09-11,Contra Costa,013,1133247,93281,92269,1841,94110,908
2021-09-11,Del Norte,015,27424,3323,3184,21,3205,28
2021-09-11,El Dorado,017,186661,14469,14117,1439,15556,119
2021-09-11,Fresno,019,978130,124494,122224,11055,133279,1853
2021-09-11,Glenn,021,27897,3096,3007,881,3888,20
2021-09-11,Humboldt,023,135768,7801,7615,359,7974,52
2021-09-11,Imperial,025,180216,31031,30760,2909,33669,751
2021-09-11,Inyo,027,18085,1630,1590,30,1620,39
2021-09-11,Kern,029,883053,114686,112205,17097,129302,1424
2021-09-11,Kings,031,150075,28362,27631,1546,29177,275
2021-09-11,Lake,033,64148,5920,5761,113,5874,82
2021-09-11,Lassen,035,31185,6085,5930,232,6162,25
2021-09-11,Los Angeles,037,10098052,1382529,1365831,50585,1416416,25630
2021-09-11,Madera,039,155013,20147,19648,1557,21205,252
2021-09-11,Marin,041,260295,16678,16496,372,16868,242
2021-09-11,Mariposa,043,17540,863,799,29,828,5
2021-09-11,Mendocino,045,87422,6492,6257,277,6534,61
2021-09-11,Merced,047,269075,37544,37042,1442,38484,521
2021-09-11,Modoc,049,8938,462,449,158,607,5
2021-09-11,Mono,051,14174,1474,1431,17,1448,3
2021-09-11,Monterey,053,433212,46886,46140,2463,48603,558
2021-09-11,Napa,055,140530,12122,11991,79,12070,91
2021-09-11,Nevada,057,99092,8134,7967,262,8229,83
2021-09-11,Orange,059,3164182,293853,290429,13687,304116,5306
2021-09-11,Placer,061,380077,33131,32414,3036,35450,344
2021-09-11,Plumas,063,18699,1190,1112,22,1134,5
2021-09-11,Riverside,065,2383286,342471,336585,15529,352114,4731
2021-09-11,Sacramento,067,1510023,144785,143557,3460,147017,1955
2021-09-11,San Benito,069,59416,6872,6844,137,6981,64
2021-09-11,San Bernardino,071,2135413,336143,332512,10361,342873,5430
2021-09-11,San Diego,073,3302833,348328,344355,20491,364846,3942
2021-09-11,San Francisco,075,870044,49372,48660,2061,50721,603
2021-09-11,San Joaquin,077,732212,91860,90482,4778,95260,1581
2021-09-11,San Luis Obispo,079,281455,27168,26651,1035,27686,299
2021-09-11,San Mateo,081,765935,51201,50341,746,51087,564
2021-09-11,Santa Barbara,083,443738,41242,40451,1417,41868,494
2021-09-11,Santa Clara,085,1922200,139180,137659,1052,138711,1820
2021-09-11,Santa Cruz,087,273765,19102,18865,951,19816,210
2021-09-11,Shasta,089,179085,17503,16877,2752,19629,243
2021-09-11,Sierra,091,2930,129,123,13,136,0
2021-09-11,Siskiyou,093,43540,2882,2717,948,3665,35
2021-09-11,Solano,095,438530,43281,42344,1088,43432,306
2021-09-11,Sonoma,097,501317,38757,38399,462,38861,368
2021-09-11,Stanislaus,099,539301,70559,69974,7859,77833,1091
2021-09-11,Sutter,101,95872,12688,12538,208,12746,145
2021-09-11,Tehama,103,63373,6945,6703,1096,7799,79
2021-09-11,Trinity,105,12862,686,526,180,706,7
2021-09-11,Tulare,107,460477,60079,58321,11994,70315,889
2021-09-11,Tuolumne,109,53932,5989,5879,67,5946,89
2021-09-11,Ventura,111,848112,93462,92328,4014,96342,1107
2021-09-11,Yolo,113,214977,18209,17906,813,18719,239
2021-09-11,Yuba,115,75493,8956,8813,196,9009,61
2021-09-10,Alameda,001,1643700,112548,111386,2515,113901,1306
2021-09-10,Alpine,003,1148,97,97,0,97,0
2021-09-10,Amador,005,37829,4823,4706,46,4752,56
2021-09-10,Butte,007,227075,17818,17051,3087,20138,222
2021-09-10,Calaveras,009,45235,3303,3183,22,3205,65
2021-09-10,Colusa,011,21464,2373,2327,512,2839,16
2021-09-10,Contra Costa,013,1133247,93158,92024,1839,93863,908
2021-09-10,Del Norte,015,27424,3308,3128,20,3148,28
2021-09-10,El Dorado,017,186661,14439,14051,1435,15486,119
2021-09-10,Fresno,019,978130,124171,121659,11026,132685,1846
2021-09-10,Glenn,021,27897,3089,2977,880,3857,20
2021-09-10,Humboldt,023,135768,7769,7543,355,7898,52
2021-09-10,Imperial,025,180216,31008,30716,2907,33623,751
2021-09-10,Inyo,027,18085,1626,1590,30,1620,39
2021-09-10,Kern,029,883053,114432,111832,16981,128813,1419
2021-09-10,Kings,031,150075,28288,27473,1539,29012,274
2021-09-10,Lake,033,64148,5904,5713,111,5824,79
2021-09-10,Lassen,035,31185,6077,5914,229,6143,25
2021-09-10,Los Angeles,037,10098052,1381326,1365709,50520,1416229,25630
2021-09-10,Madera,039,155013,20101,19520,1550,21070,252
2021-09-10,Marin,041,260295,16658,16458,369,16827,242
2021-09-10,Mariposa,043,17540,858,795,29,824,5
2021-09-10,Mendocino,045,87422,6460,6184,276,6460,61
2021-09-10,Merced,047,269075,37492,36884,1441,38325,521
2021-09-10,Modoc,049,8938,462,448,158,606,5
2021-09-10,Mono,051,14174,1469,1422,17,1439,3
2021-09-10,Monterey,053,433212,46842,46084,2461,48545,557
2021-09-10,Napa,055,140530,12097,11948,79,12027,90
2021-09-10,Nevada,057,99092,8116,7932,261,8193,83
2021-09-10,Orange,059,3164182,293545,290022,13677,303699,5302
2021-09-10,Placer,061,380077,33029,32264,3023,35287,343
2021-09-10,Plumas,063,18699,1182,1111,22,1133,5
2021-09-10,Riverside,065,2383286,341998,335988,15522,351510,4720
2021-09-10,Sacramento,067,1510023,144442,143244,3452,146696,1950
2021-09-10,San Benito,069,59416,6868,6824,137,6961,64
2021-09-10,San Bernardino,071,2135413,335724,331894,10352,342246,5422
2021-09-10,San Diego,073,3302833,347781,343173,20454,363627,3941
2021-09-10,San Francisco,075,870044,49293,48518,2054,50572,602
2021-09-10,San Joaquin,077,732212,91680,90208,4772,94980,1573
2021-09-10,San Luis Obispo,079,281455,27135,26526,1033,27559,299
2021-09-10,San Mateo,081,765935,51134,50251,745,50996,564
2021-09-10,Santa Barbara,083,443738,41189,40321,1414,41735,492
2021-09-10,Santa Clara,085,1922200,138996,137337,1051,138388,1817
2021-09-10,Santa Cruz,087,273765,19083,18785,950,19735,210
2021-09-10,Shasta,089,179085,17409,16667,2724,19391,242
2021-09-10,Sierra,091,2930,129,117,13,130,0
2021-09-10,Siskiyou,093,43540,2870,2702,944,3646,35
2021-09-10,Solano,095,438530,43207,42230,1081,43311,305
2021-09-10,Sonoma,097,501317,38699,38271,461,38732,368
2021-09-10,Stanislaus,099,539301,70403,69617,7835,77452,1091
2021-09-10,Sutter,101,95872,12654,12468,208,12676,145
2021-09-10,Tehama,103,63373,6912,6652,1090,7742,77
2021-09-10,Trinity,105,12862,682,524,180,704,7
2021-09-10,Tulare,107,460477,59931,57930,11947,69877,883
2021-09-10,Tuolumne,109,53932,5970,5842,67,5909,89
2021-09-10,Ventura,111,848112,93365,92145,4010,96155,1104
2021-09-10,Yolo,113,214977,18184,17825,808,18633,239
2021-09-10,Yuba,115,75493,8937,8760,195,8955,62
2021-09-09,Alameda,001,1643700,112329,111014,2511,113525,1306
2021-09-09,Alpine,003,1148,97,94,0,94,0
2021-09-09,Amador,005,37829,4802,4698,45,4743,56
2021-09-09,Butte,007,227075,17671,16874,3060,19934,221
2021-09-09,Calaveras,009,45235,3269,3165,22,3187,65
2021-09-09,Colusa,011,21464,2366,2321,511,2832,16
2021-09-09,Contra Costa,013,1133247,92948,91687,1834,93521,904
2021-09-09,Del Norte,015,27424,3285,3102,20,3122,28
2021-09-09,El Dorado,017,186661,14382,13970,1425,15395,119
2021-09-09,Fresno,019,978130,123695,121040,10980,132020,1838
2021-09-09,Glenn,021,27897,3077,2947,876,3823,20
2021-09-09,Humboldt,023,135768,7719,7471,349,7820,52
2021-09-09,Imperial,025,180216,30970,30661,2904,33565,751
2021-09-09,Inyo,027,18085,1619,1586,30,1616,39
2021-09-09,Kern,029,883053,114085,111390,16825,128215,1414
2021-09-09,Kings,031,150075,28187,27282,1528,28810,273
2021-09-09,Lake,033,64148,5880,5638,109,5747,79
2021-09-09,Lassen,035,31185,6027,5860,223,6083,25
2021-09-09,Los Angeles,037,10098052,1379459,1363735,50446,1414181,25583
2021-09-09,Madera,039,155013,20028,19401,1537,20938,252
2021-09-09,Marin,041,260295,16635,16416,366,16782,242
2021-09-09,Mariposa,043,17540,845,779,28,807,5
2021-09-09,Mendocino,045,87422,6426,6089,267,6356,61
2021-09-09,Merced,047,269075,37338,36634,1428,38062,516
2021-09-09,Modoc,049,8938,462,448,158,606,5
2021-09-09,Mono,051,14174,1459,1420,17,1437,3
2021-09-09,Monterey,053,433212,46788,45991,2450,48441,556
2021-09-09,Napa,055,140530,12065,11878,79,11957,90
2021-09-09,Nevada,057,99092,8078,7855,261,8116,82
2021-09-09,Orange,059,3164182,293136,289109,13646,302755,5299
2021-09-09,Placer,061,380077,32911,32048,3008,35056,342
2021-09-09,Plumas,063,18699,1171,1098,22,1120,5
2021-09-09,Riverside,065,2383286,341359,334774,15504,350278,4701
2021-09-09,Sacramento,067,1510023,143962,142728,3407,146135,1929
2021-09-09,San Benito,069,59416,6858,6820,136,6956,64
2021-09-09,San Bernardino,071,2135413,335153,331040,10339,341379,5417
2021-09-09,San Diego,073,3302833,347067,342149,20397,362546,3929
2021-09-09,San Francisco,075,870044,49179,48404,2045,50449,597
2021-09-09,San Joaquin,077,732212,91407,89874,4754,94628,1570
2021-09-09,San Luis Obispo,079,281455,27053,26472,1030,27502,296
2021-09-09,San Mateo,081,765935,51013,50143,742,50885,561
2021-09-09,Santa Barbara,083,443738,41083,40180,1410,41590,490
2021-09-09,Santa Clara,085,1922200,138773,137017,1046,138063,1816
2021-09-09,Santa Cruz,087,273765,19037,18728,950,19678,210
2021-09-09,Shasta,089,179085,17263,16401,2683,19084,238
2021-09-09,Sierra,091,2930,129,115,13,128,0
2021-09-09,Siskiyou,093,43540,2847,2683,930,3613,35
2021-09-09,Solano,095,438530,43091,42081,1077,43158,303
2021-09-09,Sonoma,097,501317,38631,38171,460,38631,360
2021-09-09,Stanislaus,099,539301,70124,69178,7803,76981,1074
2021-09-09,Sutter,101,95872,12599,12396,206,12602,144
2021-09-09,Tehama,103,63373,6858,6554,1085,7639,75
2021-09-09,Trinity,105,12862,676,523,178,701,6
2021-09-09,Tulare,107,460477,59689,57564,11888,69452,879
2021-09-09,Tuolumne,109,53932,5942,5802,66,5868,89
2021-09-09,Ventura,111,848112,93220,91610,4001,95611,1098
2021-09-09,Yolo,113,214977,18126,17724,805,18529,239
2021-09-09,Yuba,115,75493,8892,8707,192,8899,55
2021-09-08,Alameda,001,1643700,112083,110781,2509,113290,1305
2021-09-08,Alpine,003,1148,97,94,0,94,0
2021-09-08,Amador,005,37829,4790,4693,45,4738,56
2021-09-08,Butte,007,227075,17536,16775,3041,19816,220
2021-09-08,Calaveras,009,45235,3251,3157,22,3179,63
2021-09-08,Colusa,011,21464,2364,2308,511,2819,16
2021-09-08,Contra Costa,013,1133247,92668,91471,1829,93300,900
2021-09-08,Del Norte,015,27424,3262,3085,20,3105,25
2021-09-08,El Dorado,017,186661,14302,13928,1405,15333,119
2021-09-08,Fresno,019,978130,123198,120644,10917,131561,1831
2021-09-08,Glenn,021,27897,3062,2942,867,3809,20
2021-09-08,Humboldt,023,135768,7674,7438,341,7779,52
2021-09-08,Imperial,025,180216,30937,30609,2891,33500,751
2021-09-08,Inyo,027,18085,1608,1580,30,1610,39
2021-09-08,Kern,029,883053,113687,110933,16687,127620,1409
2021-09-08,Kings,031,150075,28058,27235,1514,28749,267
2021-09-08,Lake,033,64148,5849,5618,107,5725,79
2021-09-08,Lassen,035,31185,6009,5848,216,6064,25
2021-09-08,Los Angeles,037,10098052,1377390,1362029,50358,1412387,25533
2021-09-08,Madera,039,155013,19968,19352,1524,20876,252
2021-09-08,Marin,041,260295,16607,16386,365,16751,242
2021-09-08,Mariposa,043,17540,833,777,27,804,5
2021-09-08,Mendocino,045,87422,6382,6069,258,6327,61
2021-09-08,Merced,047,269075,37177,36500,1416,37916,516
2021-09-08,Modoc,049,8938,462,448,158,606,5
2021-09-08,Mono,051,14174,1453,1418,17,1435,3
2021-09-08,Monterey,053,433212,46739,45959,2444,48403,554
2021-09-08,Napa,055,140530,12030,11842,77,11919,90
2021-09-08,Nevada,057,99092,8043,7843,260,8103,82
2021-09-08,Orange,059,3164182,292727,288511,13623,302134,5290
2021-09-08,Placer,061,380077,32774,31852,2991,34843,337
2021-09-08,Plumas,063,18699,1164,1072,22,1094,5
2021-09-08,Riverside,065,2383286,340600,334037,15479,349516,4683
2021-09-08,Sacramento,067,1510023,143483,142448,3359,145807,1921
2021-09-08,San Benito,069,59416,6840,6800,136,6936,64
2021-09-08,San Bernardino,071,2135413,334547,330279,10322,340601,5411
2021-09-08,San Diego,073,3302833,346150,341437,20346,361783,3926
2021-09-08,San Francisco,075,870044,49041,48263,2041,50304,589
2021-09-08,San Joaquin,077,732212,91127,89631,4730,94361,1561
2021-09-08,San Luis Obispo,079,281455,26959,26303,1025,27328,294
2021-09-08,San Mateo,081,765935,50908,50051,742,50793,561
2021-09-08,Santa Barbara,083,443738,40971,40000,1406,41406,490
2021-09-08,Santa Clara,085,1922200,138540,136836,1042,137878,1810
2021-09-08,Santa Cruz,087,273765,19000,18699,950,19649,210
2021-09-08,Shasta,089,179085,17108,16227,2636,18863,234
2021-09-08,Sierra,091,2930,129,113,13,126,0
2021-09-08,Siskiyou,093,43540,2814,2643,919,3562,35
2021-09-08,Solano,095,438530,42999,41971,1074,43045,302
2021-09-08,Sonoma,097,501317,38547,38075,459,38534,360
2021-09-08,Stanislaus,099,539301,69892,68945,7764,76709,1074
2021-09-08,Sutter,101,95872,12534,12349,203,12552,144
2021-09-08,Tehama,103,63373,6791,6520,1067,7587,75
2021-09-08,Trinity,105,12862,673,520,174,694,6
2021-09-08,Tulare,107,460477,59365,57425,11833,69258,876
2021-09-08,Tuolumne,109,53932,5910,5783,64,5847,89
2021-09-08,Ventura,111,848112,93068,91345,3983,95328,1096
2021-09-08,Yolo,113,214977,18045,17680,800,18480,239
2021-09-08,Yuba,115,75493,8850,8675,190,8865,55
2021-09-07,Alameda,001,1643700,111783,110550,2502,113052,1301
2021-09-07,Alpine,003,1148,96,94,0,94,0
2021-09-07,Amador,005,37829,4763,4679,45,4724,53
2021-09-07,Butte,007,227075,17380,16723,3004,19727,220
2021-09-07,Calaveras,009,45235,3210,3140,20,3160,63
2021-09-07,Colusa,011,21464,2354,2306,509,2815,16
2021-09-07,Contra Costa,013,1133247,92404,91167,1823,92990,891
2021-09-07,Del Norte,015,27424,3248,3081,20,3101,24
2021-09-07,El Dorado,017,186661,14230,13892,1390,15282,119
2021-09-07,Fresno,019,978130,122640,120268,10824,131092,1828
2021-09-07,Glenn,021,27897,3050,2937,861,3798,20
2021-09-07,Humboldt,023,135768,7614,7397,324,7721,52
2021-09-07,Imperial,025,180216,30897,30584,2883,33467,751
2021-09-07,Inyo,027,18085,1602,1579,29,1608,39
2021-09-07,Kern,029,883053,113255,110674,16529,127203,1408
2021-09-07,Kings,031,150075,27934,27169,1496,28665,267
2021-09-07,Lake,033,64148,5806,5597,99,5696,78
2021-09-07,Lassen,035,31185,5991,5842,210,6052,21
2021-09-07,Los Angeles,037,10098052,1375160,1360407,50267,1410674,25486
2021-09-07,Madera,039,155013,19881,19316,1516,20832,249
2021-09-07,Marin,041,260295,16568,16363,365,16728,242
2021-09-07,Mariposa,043,17540,817,771,27,798,5
2021-09-07,Mendocino,045,87422,6322,6036,248,6284,61
2021-09-07,Merced,047,269075,37003,36400,1410,37810,513
2021-09-07,Modoc,049,8938,460,449,158,607,5
2021-09-07,Mono,051,14174,1444,1416,17,1433,3
2021-09-07,Monterey,053,433212,46656,45911,2432,48343,543
2021-09-07,Napa,055,140530,11989,11814,77,11891,90
2021-09-07,Nevada,057,99092,8016,7829,260,8089,82
2021-09-07,Orange,059,3164182,292298,288225,13592,301817,5274
2021-09-07,Placer,061,380077,32621,31710,2963,34673,337
2021-09-07,Plumas,063,18699,1149,1071,22,1093,5
2021-09-07,Riverside,065,2383286,339813,333390,15460,348850,4666
2021-09-07,Sacramento,067,1510023,142945,142364,3313,145677,1905
2021-09-07,San Benito,069,59416,6822,6786,136,6922,64
2021-09-07,San Bernardino,071,2135413,333798,329962,10297,340259,5407
2021-09-07,San Diego,073,3302833,345152,340709,20280,360989,3922
2021-09-07,San Francisco,075,870044,48901,48175,2036,50211,589
2021-09-07,San Joaquin,077,732212,90791,89468,4716,94184,1548
2021-09-07,San Luis Obispo,079,281455,26842,26253,1016,27269,287
2021-09-07,San Mateo,081,765935,50813,49913,741,50654,561
2021-09-07,Santa Barbara,083,443738,40845,39957,1401,41358,489
2021-09-07,Santa Clara,085,1922200,138252,136631,1037,137668,1807
2021-09-07,Santa Cruz,087,273765,18951,18669,948,19617,210
2021-09-07,Shasta,089,179085,16952,16096,2584,18680,226
2021-09-07,Sierra,091,2930,129,111,13,124,0
2021-09-07,Siskiyou,093,43540,2788,2607,902,3509,34
2021-09-07,Solano,095,438530,42869,41862,1070,42932,300
2021-09-07,Sonoma,097,501317,38463,38013,457,38470,358
2021-09-07,Stanislaus,099,539301,69621,68831,7737,76568,1074
2021-09-07,Sutter,101,95872,12460,12310,197,12507,138
2021-09-07,Tehama,103,63373,6739,6482,1047,7529,74
2021-09-07,Trinity,105,12862,667,517,174,691,6
2021-09-07,Tulare,107,460477,59015,57228,11755,68983,874
2021-09-07,Tuolumne,109,53932,5873,5759,64,5823,88
2021-09-07,Ventura,111,848112,92857,91246,3973,95219,1093
2021-09-07,Yolo,113,214977,17976,17653,795,18448,235
2021-09-07,Yuba,115,75493,8807,8642,185,8827,55
2021-09-06,Alameda,001,1643700,111472,110357,2494,112851,1301
2021-09-06,Alpine,003,1148,94,94,0,94,0
2021-09-06,Amador,005,37829,4747,4648,44,4692,53
2021-09-06,Butte,007,227075,17188,16588,2961,19549,218
2021-09-06,Calaveras,009,45235,3188,3122,20,3142,63
2021-09-06,Colusa,011,21464,2347,2306,505,2811,16
2021-09-06,Contra Costa,013,1133247,92108,90971,1813,92784,891
2021-09-06,Del Norte,015,27424,3207,3037,19,3056,24
2021-09-06,El Dorado,017,186661,14161,13848,1374,15222,119
2021-09-06,Fresno,019,978130,122067,119738,10749,130487,1828
2021-09-06,Glenn,021,27897,3021,2912,853,3765,20
2021-09-06,Humboldt,023,135768,7538,7320,306,7626,52
2021-09-06,Imperial,025,180216,30834,30576,2877,33453,751
2021-09-06,Inyo,027,18085,1593,1578,17,1595,39
2021-09-06,Kern,029,883053,112741,110347,16341,126688,1408
2021-09-06,Kings,031,150075,27791,27094,1481,28575,264
2021-09-06,Lake,033,64148,5742,5548,92,5640,78
2021-09-06,Lassen,035,31185,5965,5822,200,6022,21
2021-09-06,Los Angeles,037,10098052,1372785,1359348,50152,1409500,25477
2021-09-06,Madera,039,155013,19778,19191,1493,20684,249
2021-09-06,Marin,041,260295,16528,16356,365,16721,242
2021-09-06,Mariposa,043,17540,805,764,27,791,5
2021-09-06,Mendocino,045,87422,6252,5984,235,6219,61
2021-09-06,Merced,047,269075,36789,36300,1396,37696,513
2021-09-06,Modoc,049,8938,457,449,158,607,5
2021-09-06,Mono,051,14174,1440,1416,17,1433,3
2021-09-06,Monterey,053,433212,46562,45833,2416,48249,541
2021-09-06,Napa,055,140530,11946,11792,76,11868,90
2021-09-06,Nevada,057,99092,7968,7748,258,8006,82
2021-09-06,Orange,059,3164182,291804,287948,13541,301489,5274
2021-09-06,Placer,061,380077,32444,31595,2925,34520,337
2021-09-06,Plumas,063,18699,1128,1068,19,1087,5
2021-09-06,Riverside,065,2383286,338997,333052,15440,348492,4666
2021-09-06,Sacramento,067,1510023,142310,141730,3245,144975,1905
2021-09-06,San Benito,069,59416,6799,6777,133,6910,64
2021-09-06,San Bernardino,071,2135413,332914,329693,10267,339960,5398
2021-09-06,San Diego,073,3302833,344153,340222,20183,360405,3922
2021-09-06,San Francisco,075,870044,48766,48120,2031,50151,589
2021-09-06,San Joaquin,077,732212,90447,89293,4690,93983,1548
2021-09-06,San Luis Obispo,079,281455,26713,26183,1012,27195,286
2021-09-06,San Mateo,081,765935,50683,49859,739,50598,561
2021-09-06,Santa Barbara,083,443738,40714,39876,1392,41268,489
2021-09-06,Santa Clara,085,1922200,137960,136458,1035,137493,1807
2021-09-06,Santa Cruz,087,273765,18902,18615,945,19560,210
2021-09-06,Shasta,089,179085,16771,15985,2530,18515,226
2021-09-06,Sierra,091,2930,129,109,13,122,0
2021-09-06,Siskiyou,093,43540,2744,2595,868,3463,34
2021-09-06,Solano,095,438530,42721,41774,1064,42838,300
2021-09-06,Sonoma,097,501317,38342,37929,456,38385,358
2021-09-06,Stanislaus,099,539301,69279,68596,7693,76289,1074
2021-09-06,Sutter,101,95872,12398,12238,188,12426,138
2021-09-06,Tehama,103,63373,6677,6413,1020,7433,74
2021-09-06,Trinity,105,12862,664,515,172,687,6
2021-09-06,Tulare,107,460477,58656,57068,11675,68743,874
2021-09-06,Tuolumne,109,53932,5837,5697,64,5761,88
2021-09-06,Ventura,111,848112,92680,91132,3961,95093,1093
2021-09-06,Yolo,113,214977,17890,17576,790,18366,235
2021-09-06,Yuba,115,75493,8757,8584,181,8765,55
2021-09-05,Alameda,001,1643700,111279,110173,2491,112664,1301
2021-09-05,Alpine,003,1148,94,94,0,94,0
2021-09-05,Amador,005,37829,4735,4642,44,4686,53
2021-09-05,Butte,007,227075,17098,16504,2933,19437,218
2021-09-05,Calaveras,009,45235,3182,3106,20,3126,63
2021-09-05,Colusa,011,21464,2339,2305,503,2808,16
2021-09-05,Contra Costa,013,1133247,91923,90862,1808,92670,891
2021-09-05,Del Norte,015,27424,3187,3023,19,3042,24
2021-09-05,El Dorado,017,186661,14132,13827,1361,15188,119
2021-09-05,Fresno,019,978130,121768,119384,10708,130092,1828
2021-09-05,Glenn,021,27897,3007,2899,851,3750,20
2021-09-05,Humboldt,023,135768,7505,7312,303,7615,52
2021-09-05,Imperial,025,180216,30805,30548,2875,33423,751
2021-09-05,Inyo,027,18085,1590,1572,17,1589,39
2021-09-05,Kern,029,883053,112441,110073,16182,126255,1408
2021-09-05,Kings,031,150075,27714,26989,1477,28466,264
2021-09-05,Lake,033,64148,5722,5525,92,5617,78
2021-09-05,Lassen,035,31185,5943,5820,196,6016,21
2021-09-05,Los Angeles,037,10098052,1371490,1357748,50084,1407832,25465
2021-09-05,Madera,039,155013,19737,19155,1482,20637,249
2021-09-05,Marin,041,260295,16509,16342,364,16706,242
2021-09-05,Mariposa,043,17540,801,761,27,788,5
2021-09-05,Mendocino,045,87422,6218,5965,235,6200,61
2021-09-05,Merced,047,269075,36714,36243,1394,37637,513
2021-09-05,Modoc,049,8938,457,447,158,605,5
2021-09-05,Mono,051,14174,1440,1416,17,1433,3
2021-09-05,Monterey,053,433212,46534,45795,2407,48202,540
2021-09-05,Napa,055,140530,11921,11770,76,11846,90
2021-09-05,Nevada,057,99092,7946,7722,257,7979,82
2021-09-05,Orange,059,3164182,291516,287614,13524,301138,5274
2021-09-05,Placer,061,380077,32316,31487,2911,34398,337
2021-09-05,Plumas,063,18699,1121,1067,19,1086,5
2021-09-05,Riverside,065,2383286,338542,332604,15428,348032,4654
2021-09-05,Sacramento,067,1510023,141873,141276,3228,144504,1905
2021-09-05,San Benito,069,59416,6798,6764,133,6897,64
2021-09-05,San Bernardino,071,2135413,332530,329062,10251,339313,5392
2021-09-05,San Diego,073,3302833,343601,339427,20142,359569,3914
2021-09-05,San Francisco,075,870044,48688,48035,2027,50062,589
2021-09-05,San Joaquin,077,732212,90281,89121,4673,93794,1548
2021-09-05,San Luis Obispo,079,281455,26663,26098,1011,27109,285
2021-09-05,San Mateo,081,765935,50615,49809,735,50544,561
2021-09-05,Santa Barbara,083,443738,40647,39762,1390,41152,489
2021-09-05,Santa Clara,085,1922200,137750,136146,1033,137179,1807
2021-09-05,Santa Cruz,087,273765,18882,18588,943,19531,210
2021-09-05,Shasta,089,179085,16689,15960,2504,18464,226
2021-09-05,Sierra,091,2930,128,109,13,122,0
2021-09-05,Siskiyou,093,43540,2727,2585,854,3439,34
2021-09-05,Solano,095,438530,42626,41687,1059,42746,300
2021-09-05,Sonoma,097,501317,38257,37881,455,38336,358
2021-09-05,Stanislaus,099,539301,69139,68434,7669,76103,1074
2021-09-05,Sutter,101,95872,12368,12179,182,12361,138
2021-09-05,Tehama,103,63373,6650,6400,1014,7414,74
2021-09-05,Trinity,105,12862,658,505,171,676,6
2021-09-05,Tulare,107,460477,58487,56915,11631,68546,874
2021-09-05,Tuolumne,109,53932,5825,5688,64,5752,88
2021-09-05,Ventura,111,848112,92544,91004,3957,94961,1093
2021-09-05,Yolo,113,214977,17853,17557,785,18342,235
2021-09-05,Yuba,115,75493,8730,8521,179,8700,55
2021-09-04,Alameda,001,1643700,111156,109944,2484,112428,1301
2021-09-04,Alpine,003,1148,94,94,0,94,0
2021-09-04,Amador,005,37829,4717,4637,43,4680,53
2021-09-04,Butte,007,227075,17040,16403,2918,19321,218
2021-09-04,Calaveras,009,45235,3170,3087,19,3106,63
2021-09-04,Colusa,011,21464,2337,2301,503,2804,16
2021-09-04,Contra Costa,013,1133247,91806,90623,1805,92428,891
2021-09-04,Del Norte,015,27424,3176,2984,19,3003,24
2021-09-04,El Dorado,017,186661,14106,13782,1353,15135,119
2021-09-04,Fresno,019,978130,121573,119033,10687,129720,1828
2021-09-04,Glenn,021,27897,2997,2878,845,3723,20
2021-09-04,Humboldt,023,135768,7474,7298,297,7595,52
2021-09-04,Imperial,025,180216,30782,30526,2873,33399,751
2021-09-04,Inyo,027,18085,1588,1571,17,1588,39
2021-09-04,Kern,029,883053,112198,109751,16052,125803,1408
2021-09-04,Kings,031,150075,27627,26896,1471,28367,263
2021-09-04,Lake,033,64148,5704,5507,92,5599,78
2021-09-04,Lassen,035,31185,5928,5814,188,6002,21
2021-09-04,Los Angeles,037,10098052,1370536,1355634,50025,1405659,25454
2021-09-04,Madera,039,155013,19704,19112,1475,20587,249
2021-09-04,Marin,041,260295,16493,16319,363,16682,242
2021-09-04,Mariposa,043,17540,796,759,27,786,5
2021-09-04,Mendocino,045,87422,6182,5933,235,6168,61
2021-09-04,Merced,047,269075,36670,36083,1389,37472,513
2021-09-04,Modoc,049,8938,457,447,158,605,5
2021-09-04,Mono,051,14174,1437,1417,17,1434,3
2021-09-04,Monterey,053,433212,46503,45756,2403,48159,540
2021-09-04,Napa,055,140530,11896,11760,74,11834,90
2021-09-04,Nevada,057,99092,7931,7691,256,7947,82
2021-09-04,Orange,059,3164182,291253,287244,13503,300747,5274
2021-09-04,Placer,061,380077,32212,31374,2894,34268,337
2021-09-04,Plumas,063,18699,1113,1067,19,1086,5
2021-09-04,Riverside,065,2383286,338072,331958,15416,347374,4654
2021-09-04,Sacramento,067,1510023,141580,140735,3220,143955,1896
2021-09-04,San Benito,069,59416,6789,6758,133,6891,64
2021-09-04,San Bernardino,071,2135413,332198,328425,10237,338662,5393
2021-09-04,San Diego,073,3302833,343166,338748,20120,358868,3914
2021-09-04,San Francisco,075,870044,48613,47937,2019,49956,589
2021-09-04,San Joaquin,077,732212,90166,88846,4665,93511,1548
2021-09-04,San Luis Obispo,079,281455,26631,26020,1011,27031,285
2021-09-04,San Mateo,081,765935,50561,49721,735,50456,560
2021-09-04,Santa Barbara,083,443738,40581,39667,1388,41055,489
2021-09-04,Santa Clara,085,1922200,137565,135845,1030,136875,1806
2021-09-04,Santa Cruz,087,273765,18864,18579,939,19518,210
2021-09-04,Shasta,089,179085,16612,15924,2478,18402,226
2021-09-04,Sierra,091,2930,126,108,13,121,0
2021-09-04,Siskiyou,093,43540,2701,2563,843,3406,34
2021-09-04,Solano,095,438530,42553,41614,1057,42671,300
2021-09-04,Sonoma,097,501317,38224,37809,455,38264,358
2021-09-04,Stanislaus,099,539301,68992,68210,7644,75854,1074
2021-09-04,Sutter,101,95872,12327,12137,181,12318,138
2021-09-04,Tehama,103,63373,6625,6367,996,7363,74
2021-09-04,Trinity,105,12862,656,497,171,668,6
2021-09-04,Tulare,107,460477,58379,56719,11588,68307,874
2021-09-04,Tuolumne,109,53932,5806,5667,62,5729,88
2021-09-04,Ventura,111,848112,92409,90904,3954,94858,1090
2021-09-04,Yolo,113,214977,17817,17522,781,18303,235
2021-09-04,Yuba,115,75493,8701,8475,178,8653,55
2021-09-03,Alameda,001,1643700,110995,109636,2481,112117,1301
2021-09-03,Alpine,003,1148,94,94,0,94,0
2021-09-03,Amador,005,37829,4695,4614,43,4657,53
2021-09-03,Butte,007,227075,16949,16259,2892,19151,215
2021-09-03,Calaveras,009,45235,3160,3069,19,3088,63
2021-09-03,Colusa,011,21464,2332,2295,502,2797,16
2021-09-03,Contra Costa,013,1133247,91654,90299,1802,92101,886
2021-09-03,Del Norte,015,27424,3148,2943,18,2961,24
2021-09-03,El Dorado,017,186661,14073,13710,1348,15058,119
2021-09-03,Fresno,019,978130,121237,118508,10665,129173,1822
2021-09-03,Glenn,021,27897,2988,2867,838,3705,20
2021-09-03,Humboldt,023,135768,7449,7194,292,7486,52
2021-09-03,Imperial,025,180216,30759,30475,2868,33343,751
2021-09-03,Inyo,027,18085,1583,1567,17,1584,39
2021-09-03,Kern,029,883053,111982,109296,15941,125237,1407
2021-09-03,Kings,031,150075,27543,26753,1468,28221,263
2021-09-03,Lake,033,64148,5684,5479,90,5569,78
2021-09-03,Lassen,035,31185,5911,5789,184,5973,21
2021-09-03,Los Angeles,037,10098052,1369205,1351185,49959,1401144,25384
2021-09-03,Madera,039,155013,19619,19021,1469,20490,247
2021-09-03,Marin,041,260295,16471,16293,362,16655,242
2021-09-03,Mariposa,043,17540,789,753,25,778,5
2021-09-03,Mendocino,045,87422,6147,5891,235,6126,61
2021-09-03,Merced,047,269075,36616,35941,1380,37321,512
2021-09-03,Modoc,049,8938,457,445,158,603,5
2021-09-03,Mono,051,14174,1436,1410,17,1427,3
2021-09-03,Monterey,053,433212,46465,45707,2399,48106,540
2021-09-03,Napa,055,140530,11875,11733,74,11807,89
2021-09-03,Nevada,057,99092,7897,7632,256,7888,82
2021-09-03,Orange,059,3164182,290936,286818,13476,300294,5253
2021-09-03,Placer,061,380077,32105,31238,2870,34108,335
2021-09-03,Plumas,063,18699,1102,1057,19,1076,5
2021-09-03,Riverside,065,2383286,337540,331011,15400,346411,4653
2021-09-03,Sacramento,067,1510023,141216,139982,3202,143184,1886
2021-09-03,San Benito,069,59416,6783,6746,133,6879,64
2021-09-03,San Bernardino,071,2135413,331782,327599,10227,337826,5381
2021-09-03,San Diego,073,3302833,342546,337627,20087,357714,3911
2021-09-03,San Francisco,075,870044,48537,47822,2013,49835,589
2021-09-03,San Joaquin,077,732212,90013,88366,4657,93023,1540
2021-09-03,San Luis Obispo,079,281455,26555,25917,1009,26926,283
2021-09-03,San Mateo,081,765935,50466,49617,733,50350,560
2021-09-03,Santa Barbara,083,443738,40514,39507,1385,40892,489
2021-09-03,Santa Clara,085,1922200,137363,135522,1026,136548,1801
2021-09-03,Santa Cruz,087,273765,18839,18532,939,19471,210
2021-09-03,Shasta,089,179085,16537,15778,2454,18232,226
2021-09-03,Sierra,091,2930,124,105,13,118,0
2021-09-03,Siskiyou,093,43540,2689,2529,830,3359,34
2021-09-03,Solano,095,438530,42457,41457,1054,42511,300
2021-09-03,Sonoma,097,501317,38161,37699,455,38154,358
2021-09-03,Stanislaus,099,539301,68817,67887,7618,75505,1074
2021-09-03,Sutter,101,95872,12288,12073,180,12253,139
2021-09-03,Tehama,103,63373,6586,6334,989,7323,72
2021-09-03,Trinity,105,12862,654,490,167,657,6
2021-09-03,Tulare,107,460477,58253,56401,11536,67937,872
2021-09-03,Tuolumne,109,53932,5764,5630,62,5692,88
2021-09-03,Ventura,111,848112,92275,90742,3950,94692,1088
2021-09-03,Yolo,113,214977,17794,17446,776,18222,235
2021-09-03,Yuba,115,75493,8670,8412,178,8590,55
2021-09-02,Alameda,001,1643700,110735,109377,2478,111855,1301
2021-09-02,Alpine,003,1148,93,92,0,92,0
2021-09-02,Amador,005,37829,4679,4606,43,4649,53
2021-09-02,Butte,007,227075,16822,16154,2873,19027,215
2021-09-02,Calaveras,009,45235,3147,3042,19,3061,62
2021-09-02,Colusa,011,21464,2328,2290,502,2792,16
2021-09-02,Contra Costa,013,1133247,91472,90038,1791,91829,886
2021-09-02,Del Norte,015,27424,3117,2891,18,2909,24
2021-09-02,El Dorado,017,186661,14014,13641,1323,14964,119
2021-09-02,Fresno,019,978130,120749,117974,10611,128585,1804
2021-09-02,Glenn,021,27897,2972,2855,832,3687,20
2021-09-02,Humboldt,023,135768,7402,7141,281,7422,52
2021-09-02,Imperial,025,180216,30715,30449,2863,33312,751
2021-09-02,Inyo,027,18085,1578,1564,16,1580,39
2021-09-02,Kern,029,883053,111570,108930,15797,124727,1404
2021-09-02,Kings,031,150075,27450,26638,1458,28096,263
2021-09-02,Lake,033,64148,5654,5432,86,5518,78
2021-09-02,Lassen,035,31185,5897,5747,177,5924,21
2021-09-02,Los Angeles,037,10098052,1367349,1351105,49866,1400971,25382
2021-09-02,Madera,039,155013,19528,18937,1451,20388,247
2021-09-02,Marin,041,260295,16458,16244,360,16604,242
2021-09-02,Mariposa,043,17540,782,745,22,767,5
2021-09-02,Mendocino,045,87422,6105,5848,232,6080,61
2021-09-02,Merced,047,269075,36453,35820,1373,37193,508
2021-09-02,Modoc,049,8938,457,437,158,595,5
2021-09-02,Mono,051,14174,1436,1409,17,1426,3
2021-09-02,Monterey,053,433212,46399,45648,2384,48032,539
2021-09-02,Napa,055,140530,11846,11684,74,11758,88
2021-09-02,Nevada,057,99092,7845,7575,255,7830,82
2021-09-02,Orange,059,3164182,290476,286326,13442,299768,5240
2021-09-02,Placer,061,380077,31968,31067,2841,33908,330
2021-09-02,Plumas,063,18699,1091,1045,18,1063,5
2021-09-02,Riverside,065,2383286,336825,330190,15376,345566,4644
2021-09-02,Sacramento,067,1510023,140635,139274,3163,142437,1882
2021-09-02,San Benito,069,59416,6778,6734,132,6866,64
2021-09-02,San Bernardino,071,2135413,331175,326940,10154,337094,5369
2021-09-02,San Diego,073,3302833,341588,336382,20034,356416,3909
2021-09-02,San Francisco,075,870044,48429,47674,2009,49683,587
2021-09-02,San Joaquin,077,732212,89729,88056,4633,92689,1540
2021-09-02,San Luis Obispo,079,281455,26469,25851,1004,26855,283
2021-09-02,San Mateo,081,765935,50365,49490,731,50221,558
2021-09-02,Santa Barbara,083,443738,40424,39386,1372,40758,486
2021-09-02,Santa Clara,085,1922200,137062,135216,1020,136236,1799
2021-09-02,Santa Cruz,087,273765,18805,18473,936,19409,210
2021-09-02,Shasta,089,179085,16399,15670,2425,18095,224
2021-09-02,Sierra,091,2930,124,105,13,118,0
2021-09-02,Siskiyou,093,43540,2668,2513,802,3315,34
2021-09-02,Solano,095,438530,42351,41293,1051,42344,294
2021-09-02,Sonoma,097,501317,38080,37558,455,38013,352
2021-09-02,Stanislaus,099,539301,68576,67576,7598,75174,1074
2021-09-02,Sutter,101,95872,12219,11995,176,12171,138
2021-09-02,Tehama,103,63373,6528,6265,970,7235,72
2021-09-02,Trinity,105,12862,650,484,165,649,6
2021-09-02,Tulare,107,460477,58023,56105,11485,67590,872
2021-09-02,Tuolumne,109,53932,5708,5578,62,5640,88
2021-09-02,Ventura,111,848112,92092,90610,3945,94555,1084
2021-09-02,Yolo,113,214977,17724,17357,765,18122,235
2021-09-02,Yuba,115,75493,8610,8363,178,8541,55
2021-09-01,Alameda,001,1643700,110468,109075,2473,111548,1299
2021-09-01,Alpine,003,1148,93,92,0,92,0
2021-09-01,Amador,005,37829,4663,4599,42,4641,53
2021-09-01,Butte,007,227075,16707,16046,2845,18891,215
2021-09-01,Calaveras,009,45235,3135,3023,19,3042,59
2021-09-01,Colusa,011,21464,2323,2281,501,2782,16
2021-09-01,Contra Costa,013,1133247,91237,89834,1784,91618,877
2021-09-01,Del Norte,015,27424,3084,2860,18,2878,24
2021-09-01,El Dorado,017,186661,13958,13577,1294,14871,119
2021-09-01,Fresno,019,978130,120258,117492,10542,128034,1800
2021-09-01,Glenn,021,27897,2947,2846,824,3670,20
2021-09-01,Humboldt,023,135768,7355,7090,274,7364,52
2021-09-01,Imperial,025,180216,30677,30393,2858,33251,750
2021-09-01,Inyo,027,18085,1574,1561,15,1576,39
2021-09-01,Kern,029,883053,111139,108449,15659,124108,1400
2021-09-01,Kings,031,150075,27337,26443,1447,27890,263
2021-09-01,Lake,033,64148,5613,5396,81,5477,77
2021-09-01,Lassen,035,31185,5875,5731,173,5904,21
2021-09-01,Los Angeles,037,10098052,1365085,1348589,49763,1398352,25341
2021-09-01,Madera,039,155013,19450,18852,1436,20288,247
2021-09-01,Marin,041,260295,16436,16224,355,16579,240
2021-09-01,Mariposa,043,17540,774,735,22,757,5
2021-09-01,Mendocino,045,87422,6062,5821,227,6048,59
2021-09-01,Merced,047,269075,36276,35686,1363,37049,500
2021-09-01,Modoc,049,8938,451,436,156,592,5
2021-09-01,Mono,051,14174,1436,1400,17,1417,3
2021-09-01,Monterey,053,433212,46319,45590,2369,47959,539
2021-09-01,Napa,055,140530,11813,11653,74,11727,88
2021-09-01,Nevada,057,99092,7792,7508,254,7762,82
2021-09-01,Orange,059,3164182,290001,285840,13405,299245,5233
2021-09-01,Placer,061,380077,31813,30902,2827,33729,330
2021-09-01,Plumas,063,18699,1083,1033,18,1051,5
2021-09-01,Riverside,065,2383286,336009,329388,15346,344734,4634
2021-09-01,Sacramento,067,1510023,140027,138499,3118,141617,1875
2021-09-01,San Benito,069,59416,6761,6716,132,6848,64
2021-09-01,San Bernardino,071,2135413,330526,326250,10125,336375,5364
2021-09-01,San Diego,073,3302833,340566,335302,19978,355280,3908
2021-09-01,San Francisco,075,870044,48321,47538,2002,49540,584
2021-09-01,San Joaquin,077,732212,89407,87640,4610,92250,1540
2021-09-01,San Luis Obispo,079,281455,26373,25691,999,26690,283
2021-09-01,San Mateo,081,765935,50245,49394,725,50119,558
2021-09-01,Santa Barbara,083,443738,40306,39263,1356,40619,483
2021-09-01,Santa Clara,085,1922200,136794,134855,1014,135869,1796
2021-09-01,Santa Cruz,087,273765,18758,18453,934,19387,210
2021-09-01,Shasta,089,179085,16267,15552,2385,17937,221
2021-09-01,Sierra,091,2930,123,98,13,111,0
2021-09-01,Siskiyou,093,43540,2638,2482,782,3264,34
2021-09-01,Solano,095,438530,42200,41194,1045,42239,293
2021-09-01,Sonoma,097,501317,37986,37454,454,37908,352
2021-09-01,Stanislaus,099,539301,68291,67287,7567,74854,1075
2021-09-01,Sutter,101,95872,12155,11945,169,12114,136
2021-09-01,Tehama,103,63373,6494,6228,953,7181,72
2021-09-01,Trinity,105,12862,649,482,162,644,5
2021-09-01,Tulare,107,460477,57740,55768,11448,67216,870
2021-09-01,Tuolumne,109,53932,5669,5553,62,5615,88
2021-09-01,Ventura,111,848112,91877,90471,3929,94400,1089
2021-09-01,Yolo,113,214977,17668,17264,759,18023,235
2021-09-01,Yuba,115,75493,8548,8308,178,8486,55
2021-08-31,Alameda,001,1643700,110172,108837,2467,111304,1297
2021-08-31,Alpine,003,1148,91,92,0,92,0
2021-08-31,Amador,005,37829,4642,4555,42,4597,53
2021-08-31,Butte,007,227075,16566,15896,2804,18700,216
2021-08-31,Calaveras,009,45235,3095,3008,19,3027,59
2021-08-31,Colusa,011,21464,2321,2275,499,2774,16
2021-08-31,Contra Costa,013,1133247,90942,89546,1772,91318,871
2021-08-31,Del Norte,015,27424,3048,2830,18,2848,19
2021-08-31,El Dorado,017,186661,13887,13539,1276,14815,119
2021-08-31,Fresno,019,978130,119683,117155,10463,127618,1801
2021-08-31,Glenn,021,27897,2931,2829,814,3643,20
2021-08-31,Humboldt,023,135768,7280,7030,261,7291,52
2021-08-31,Imperial,025,180216,30640,30348,2850,33198,750
2021-08-31,Inyo,027,18085,1570,1550,15,1565,39
2021-08-31,Kern,029,883053,110637,108151,15480,123631,1393
2021-08-31,Kings,031,150075,27195,26405,1433,27838,260
2021-08-31,Lake,033,64148,5569,5359,80,5439,74
2021-08-31,Lassen,035,31185,5849,5702,170,5872,21
2021-08-31,Los Angeles,037,10098052,1362494,1346686,49685,1396371,25303
2021-08-31,Madera,039,155013,19360,18811,1419,20230,247
2021-08-31,Marin,041,260295,16407,16215,352,16567,240
2021-08-31,Mariposa,043,17540,766,732,22,754,5
2021-08-31,Mendocino,045,87422,6020,5777,226,6003,59
2021-08-31,Merced,047,269075,36106,35512,1358,36870,498
2021-08-31,Modoc,049,8938,450,436,156,592,5
2021-08-31,Mono,051,14174,1424,1398,17,1415,3
2021-08-31,Monterey,053,433212,46235,45550,2356,47906,539
2021-08-31,Napa,055,140530,11766,11618,74,11692,88
2021-08-31,Nevada,057,99092,7726,7460,254,7714,82
2021-08-31,Orange,059,3164182,289403,285310,13373,298683,5229
2021-08-31,Placer,061,380077,31623,30745,2790,33535,325
2021-08-31,Plumas,063,18699,1079,1018,17,1035,5
2021-08-31,Riverside,065,2383286,335035,328556,15313,343869,4627
2021-08-31,Sacramento,067,1510023,139343,137879,3086,140965,1863
2021-08-31,San Benito,069,59416,6749,6694,130,6824,64
2021-08-31,San Bernardino,071,2135413,329779,325446,10105,335551,5350
2021-08-31,San Diego,073,3302833,339313,334377,19920,354297,3888
2021-08-31,San Francisco,075,870044,48171,47440,1991,49431,581
2021-08-31,San Joaquin,077,732212,88963,87365,4595,91960,1540
2021-08-31,San Luis Obispo,079,281455,26250,25518,995,26513,282
2021-08-31,San Mateo,081,765935,50133,49299,725,50024,556
2021-08-31,Santa Barbara,083,443738,40156,39091,1350,40441,481
2021-08-31,Santa Clara,085,1922200,136443,134637,1007,135644,1793
2021-08-31,Santa Cruz,087,273765,18720,18419,931,19350,210
2021-08-31,Shasta,089,179085,16115,15368,2358,17726,220
2021-08-31,Sierra,091,2930,120,95,13,108,0
2021-08-31,Siskiyou,093,43540,2618,2435,766,3201,33
2021-08-31,Solano,095,438530,42061,41067,1039,42106,289
2021-08-31,Sonoma,097,501317,37890,37379,453,37832,352
2021-08-31,Stanislaus,099,539301,67936,67004,7532,74536,1075
2021-08-31,Sutter,101,95872,12090,11901,165,12066,136
2021-08-31,Tehama,103,63373,6433,6169,922,7091,72
2021-08-31,Trinity,105,12862,643,480,162,642,3
2021-08-31,Tulare,107,460477,57406,55567,11378,66945,870
2021-08-31,Tuolumne,109,53932,5633,5516,62,5578,88
2021-08-31,Ventura,111,848112,91658,90292,3917,94209,1081
2021-08-31,Yolo,113,214977,17587,17205,751,17956,234
2021-08-31,Yuba,115,75493,8494,8253,178,8431,54
2021-08-30,Alameda,001,1643700,109851,107734,2456,110190,1296
2021-08-30,Alpine,003,1148,91,92,0,92,0
2021-08-30,Amador,005,37829,4631,4507,42,4549,53
2021-08-30,Butte,007,227075,16415,15719,2770,18489,214
2021-08-30,Calaveras,009,45235,3080,2975,19,2994,59
2021-08-30,Colusa,011,21464,2312,2271,496,2767,16
2021-08-30,Contra Costa,013,1133247,90682,87679,1762,89441,872
2021-08-30,Del Norte,015,27424,3006,2796,17,2813,11
2021-08-30,El Dorado,017,186661,13818,13217,1259,14476,119
2021-08-30,Fresno,019,978130,119111,115867,10391,126258,1790
2021-08-30,Glenn,021,27897,2920,2804,808,3612,20
2021-08-30,Humboldt,023,135768,7226,6930,255,7185,52
2021-08-30,Imperial,025,180216,30602,30311,2845,33156,750
2021-08-30,Inyo,027,18085,1565,1544,15,1559,39
2021-08-30,Kern,029,883053,110158,107615,15318,122933,1389
2021-08-30,Kings,031,150075,27079,26236,1418,27654,259
2021-08-30,Lake,033,64148,5534,5323,77,5400,74
2021-08-30,Lassen,035,31185,5827,5667,164,5831,21
2021-08-30,Los Angeles,037,10098052,1360033,1344949,49600,1394549,25269
2021-08-30,Madera,039,155013,19278,18622,1399,20021,247
2021-08-30,Marin,041,260295,16376,16160,352,16512,240
2021-08-30,Mariposa,043,17540,760,715,21,736,5
2021-08-30,Mendocino,045,87422,5986,5721,222,5943,55
2021-08-30,Merced,047,269075,35978,35335,1354,36689,497
2021-08-30,Modoc,049,8938,448,436,155,591,5
2021-08-30,Mono,051,14174,1423,1390,17,1407,3
2021-08-30,Monterey,053,433212,46173,45463,2339,47802,539
2021-08-30,Napa,055,140530,11717,11579,72,11651,87
2021-08-30,Nevada,057,99092,7667,7356,251,7607,82
2021-08-30,Orange,059,3164182,288822,284750,13324,298074,5223
2021-08-30,Placer,061,380077,31458,29825,2767,32592,319
2021-08-30,Plumas,063,18699,1062,998,17,1015,5
2021-08-30,Riverside,065,2383286,334139,327593,15282,342875,4623
2021-08-30,Sacramento,067,1510023,138685,134571,3040,137611,1847
2021-08-30,San Benito,069,59416,6740,6663,130,6793,64
2021-08-30,San Bernardino,071,2135413,329102,324870,10075,334945,5348
2021-08-30,San Diego,073,3302833,338042,333011,19840,352851,3885
2021-08-30,San Francisco,075,870044,48032,46966,1978,48944,581
2021-08-30,San Joaquin,077,732212,88632,86203,4574,90777,1528
2021-08-30,San Luis Obispo,079,281455,26125,25422,988,26410,280
2021-08-30,San Mateo,081,765935,50007,48839,719,49558,554
2021-08-30,Santa Barbara,083,443738,40004,38998,1345,40343,481
2021-08-30,Santa Clara,085,1922200,136122,133281,1000,134281,1789
2021-08-30,Santa Cruz,087,273765,18666,18326,927,19253,210
2021-08-30,Shasta,089,179085,15986,15238,2319,17557,217
2021-08-30,Sierra,091,2930,118,91,13,104,0
2021-08-30,Siskiyou,093,43540,2605,2411,755,3166,33
2021-08-30,Solano,095,438530,41900,39986,1035,41021,290
2021-08-30,Sonoma,097,501317,37785,36764,453,37217,352
2021-08-30,Stanislaus,099,539301,67596,66173,7501,73674,1074
2021-08-30,Sutter,101,95872,12020,11791,158,11949,136
2021-08-30,Tehama,103,63373,6354,6085,898,6983,71
2021-08-30,Trinity,105,12862,632,468,159,627,3
2021-08-30,Tulare,107,460477,57094,55140,11303,66443,870
2021-08-30,Tuolumne,109,53932,5586,5492,62,5554,74
2021-08-30,Ventura,111,848112,91442,90149,3905,94054,1082
2021-08-30,Yolo,113,214977,17525,17071,747,17818,231
2021-08-30,Yuba,115,75493,8420,8129,177,8306,54
2021-08-29,Alameda,001,1643700,109512,107494,2445,109939,1296
2021-08-29,Alpine,003,1148,91,92,0,92,0
2021-08-29,Amador,005,37829,4617,4501,42,4543,53
2021-08-29,Butte,007,227075,16245,15602,2733,18335,214
2021-08-29,Calaveras,009,45235,3048,2970,19,2989,59
2021-08-29,Colusa,011,21464,2305,2260,490,2750,16
2021-08-29,Contra Costa,013,1133247,90386,87439,1757,89196,872
2021-08-29,Del Norte,015,27424,2963,2752,17,2769,11
2021-08-29,El Dorado,017,186661,13762,13166,1248,14414,119
2021-08-29,Fresno,019,978130,118515,115502,10322,125824,1790
2021-08-29,Glenn,021,27897,2902,2778,801,3579,20
2021-08-29,Humboldt,023,135768,7182,6922,240,7162,52
2021-08-29,Imperial,025,180216,30541,30293,2834,33127,750
2021-08-29,Inyo,027,18085,1555,1543,14,1557,39
2021-08-29,Kern,029,883053,109707,107324,15148,122472,1389
2021-08-29,Kings,031,150075,26925,26143,1404,27547,259
2021-08-29,Lake,033,64148,5494,5293,67,5360,74
2021-08-29,Lassen,035,31185,5804,5666,160,5826,21
2021-08-29,Los Angeles,037,10098052,1357284,1342541,49489,1392030,25263
2021-08-29,Madera,039,155013,19191,18594,1383,19977,247
2021-08-29,Marin,041,260295,16345,16134,350,16484,240
2021-08-29,Mariposa,043,17540,754,709,19,728,5
2021-08-29,Mendocino,045,87422,5928,5689,209,5898,55
2021-08-29,Merced,047,269075,35739,35250,1342,36592,497
2021-08-29,Modoc,049,8938,445,436,155,591,5
2021-08-29,Mono,051,14174,1416,1387,17,1404,3
2021-08-29,Monterey,053,433212,46067,45424,2316,47740,539
2021-08-29,Napa,055,140530,11686,11552,72,11624,87
2021-08-29,Nevada,057,99092,7610,7294,250,7544,82
2021-08-29,Orange,059,3164182,288193,284432,13282,297714,5223
2021-08-29,Placer,061,380077,31286,29674,2726,32400,319
2021-08-29,Plumas,063,18699,1051,996,17,1013,5
2021-08-29,Riverside,065,2383286,333282,326987,15261,342248,4623
2021-08-29,Sacramento,067,1510023,137932,133981,2991,136972,1843
2021-08-29,San Benito,069,59416,6715,6646,130,6776,64
2021-08-29,San Bernardino,071,2135413,328317,324266,10041,334307,5347
2021-08-29,San Diego,073,3302833,336936,332014,19745,351759,3880
2021-08-29,San Francisco,075,870044,47897,46885,1966,48851,581
2021-08-29,San Joaquin,077,732212,88183,85922,4554,90476,1528
2021-08-29,San Luis Obispo,079,281455,25927,25288,980,26268,280
2021-08-29,San Mateo,081,765935,49894,48737,714,49451,554
2021-08-29,Santa Barbara,083,443738,39838,38900,1341,40241,481
2021-08-29,Santa Clara,085,1922200,135769,132979,994,133973,1789
2021-08-29,Santa Cruz,087,273765,18619,18285,925,19210,210
2021-08-29,Shasta,089,179085,15832,15198,2292,17490,217
2021-08-29,Sierra,091,2930,116,91,13,104,0
2021-08-29,Siskiyou,093,43540,2558,2407,735,3142,33
2021-08-29,Solano,095,438530,41746,39887,1028,40915,290
2021-08-29,Sonoma,097,501317,37650,36650,449,37099,352
2021-08-29,Stanislaus,099,539301,67251,65956,7465,73421,1074
2021-08-29,Sutter,101,95872,11961,11719,151,11870,136
2021-08-29,Tehama,103,63373,6283,6040,875,6915,71
2021-08-29,Trinity,105,12862,629,468,156,624,3
2021-08-29,Tulare,107,460477,56761,54974,11219,66193,870
2021-08-29,Tuolumne,109,53932,5561,5478,61,5539,74
2021-08-29,Ventura,111,848112,91184,90114,3896,94010,1082
2021-08-29,Yolo,113,214977,17425,17015,734,17749,231
2021-08-29,Yuba,115,75493,8356,8042,177,8219,54
2021-08-28,Alameda,001,1643700,109347,107007,2436,109443,1296
2021-08-28,Alpine,003,1148,91,92,0,92,0
2021-08-28,Amador,005,37829,4598,4484,41,4525,53
2021-08-28,Butte,007,227075,16185,15487,2705,18192,214
2021-08-28,Calaveras,009,45235,3038,2926,19,2945,59
2021-08-28,Colusa,011,21464,2301,2252,488,2740,16
2021-08-28,Contra Costa,013,1133247,90174,86938,1754,88692,872
2021-08-28,Del Norte,015,27424,2936,2734,16,2750,11
2021-08-28,El Dorado,017,186661,13723,13089,1242,14331,119
2021-08-28,Fresno,019,978130,118274,115079,10291,125370,1792
2021-08-28,Glenn,021,27897,2893,2773,794,3567,20
2021-08-28,Humboldt,023,135768,7147,6887,235,7122,52
2021-08-28,Imperial,025,180216,30514,30260,2831,33091,750
2021-08-28,Inyo,027,18085,1553,1539,14,1553,39
2021-08-28,Kern,029,883053,109469,107012,15008,122020,1389
2021-08-28,Kings,031,150075,26858,26059,1401,27460,257
2021-08-28,Lake,033,64148,5471,5267,63,5330,74
2021-08-28,Lassen,035,31185,5789,5665,159,5824,21
2021-08-28,Los Angeles,037,10098052,1356072,1337097,49417,1386514,25234
2021-08-28,Madera,039,155013,19140,18553,1369,19922,247
2021-08-28,Marin,041,260295,16330,16106,350,16456,240
2021-08-28,Mariposa,043,17540,752,704,19,723,5
2021-08-28,Mendocino,045,87422,5903,5658,209,5867,55
2021-08-28,Merced,047,269075,35687,35108,1339,36447,497
2021-08-28,Modoc,049,8938,445,436,154,590,5
2021-08-28,Mono,051,14174,1413,1385,17,1402,3
2021-08-28,Monterey,053,433212,46025,45394,2311,47705,539
2021-08-28,Napa,055,140530,11663,11512,71,11583,88
2021-08-28,Nevada,057,99092,7586,7238,248,7486,82
2021-08-28,Orange,059,3164182,287835,283953,13234,297187,5222
2021-08-28,Placer,061,380077,31177,29428,2713,32141,319
2021-08-28,Plumas,063,18699,1044,991,17,1008,5
2021-08-28,Riverside,065,2383286,332694,326222,15251,341473,4623
2021-08-28,Sacramento,067,1510023,137541,132985,2975,135960,1844
2021-08-28,San Benito,069,59416,6708,6636,130,6766,64
2021-08-28,San Bernardino,071,2135413,327870,323672,10033,333705,5348
2021-08-28,San Diego,073,3302833,336352,331330,19709,351039,3880
2021-08-28,San Francisco,075,870044,47825,46654,1959,48613,581
2021-08-28,San Joaquin,077,732212,88013,85481,4545,90026,1527
2021-08-28,San Luis Obispo,079,281455,25860,25138,975,26113,280
2021-08-28,San Mateo,081,765935,49820,48575,710,49285,554
2021-08-28,Santa Barbara,083,443738,39767,38780,1341,40121,481
2021-08-28,Santa Clara,085,1922200,135562,132488,992,133480,1789
2021-08-28,Santa Cruz,087,273765,18601,18240,922,19162,210
2021-08-28,Shasta,089,179085,15729,15147,2274,17421,217
2021-08-28,Sierra,091,2930,112,91,13,104,0
2021-08-28,Siskiyou,093,43540,2550,2402,724,3126,33
2021-08-28,Solano,095,438530,41697,39610,1027,40637,290
2021-08-28,Sonoma,097,501317,37577,36466,447,36913,352
2021-08-28,Stanislaus,099,539301,67093,65670,7448,73118,1074
2021-08-28,Sutter,101,95872,11940,11669,150,11819,136
2021-08-28,Tehama,103,63373,6258,6004,864,6868,71
2021-08-28,Trinity,105,12862,625,463,155,618,3
2021-08-28,Tulare,107,460477,56631,54746,11177,65923,870
2021-08-28,Tuolumne,109,53932,5545,5469,61,5530,74
2021-08-28,Ventura,111,848112,91066,89934,3894,93828,1081
2021-08-28,Yolo,113,214977,17389,16907,727,17634,231
2021-08-28,Yuba,115,75493,8325,7985,176,8161,55
2021-08-27,Alameda,001,1643700,109136,106622,2434,109056,1296
2021-08-27,Alpine,003,1148,91,92,0,92,0
2021-08-27,Amador,005,37829,4582,4458,40,4498,53
2021-08-27,Butte,007,227075,16105,15277,2683,17960,214
2021-08-27,Calaveras,009,45235,3024,2903,19,2922,59
2021-08-27,Colusa,011,21464,2295,2240,486,2726,16
2021-08-27,Contra Costa,013,1133247,89976,86386,1751,88137,872
2021-08-27,Del Norte,015,27424,2904,2695,16,2711,11
2021-08-27,El Dorado,017,186661,13684,12968,1238,14206,119
2021-08-27,Fresno,019,978130,117840,114481,10269,124750,1774
2021-08-27,Glenn,021,27897,2875,2754,785,3539,20
2021-08-27,Humboldt,023,135768,7114,6782,232,7014,52
2021-08-27,Imperial,025,180216,30494,30201,2829,33030,750
2021-08-27,Inyo,027,18085,1552,1529,14,1543,39
2021-08-27,Kern,029,883053,109175,106570,14898,121468,1385
2021-08-27,Kings,031,150075,26779,25957,1399,27356,257
2021-08-27,Lake,033,64148,5446,5228,62,5290,74
2021-08-27,Lassen,035,31185,5773,5646,154,5800,21
2021-08-27,Los Angeles,037,10098052,1354545,1337006,49354,1386360,25230
2021-08-27,Madera,039,155013,19084,18476,1356,19832,247
2021-08-27,Marin,041,260295,16314,16055,348,16403,240
2021-08-27,Mariposa,043,17540,746,690,19,709,5
2021-08-27,Mendocino,045,87422,5872,5602,208,5810,55
2021-08-27,Merced,047,269075,35633,34906,1330,36236,495
2021-08-27,Modoc,049,8938,445,434,154,588,5
2021-08-27,Mono,051,14174,1408,1385,17,1402,3
2021-08-27,Monterey,053,433212,45976,45337,2303,47640,539
2021-08-27,Napa,055,140530,11629,11460,71,11531,87
2021-08-27,Nevada,057,99092,7546,7169,246,7415,82
2021-08-27,Orange,059,3164182,287474,283407,13195,296602,5206
2021-08-27,Placer,061,380077,31047,29157,2694,31851,320
2021-08-27,Plumas,063,18699,1038,984,17,1001,5
2021-08-27,Riverside,065,2383286,332176,325379,15236,340615,4622
2021-08-27,Sacramento,067,1510023,137106,131921,2962,134883,1838
2021-08-27,San Benito,069,59416,6702,6622,130,6752,64
2021-08-27,San Bernardino,071,2135413,327345,322893,10015,332908,5342
2021-08-27,San Diego,073,3302833,335571,330162,19655,349817,3877
2021-08-27,San Francisco,075,870044,47749,46456,1941,48397,581
2021-08-27,San Joaquin,077,732212,87830,84949,4526,89475,1524
2021-08-27,San Luis Obispo,079,281455,25811,24952,972,25924,280
2021-08-27,San Mateo,081,765935,49745,48424,706,49130,553
2021-08-27,Santa Barbara,083,443738,39675,38675,1339,40014,480
2021-08-27,Santa Clara,085,1922200,135332,132011,989,133000,1783
2021-08-27,Santa Cruz,087,273765,18562,18163,918,19081,210
2021-08-27,Shasta,089,179085,15649,14996,2258,17254,217
2021-08-27,Sierra,091,2930,111,91,13,104,0
2021-08-27,Siskiyou,093,43540,2535,2358,710,3068,33
2021-08-27,Solano,095,438530,41583,39347,1023,40370,287
2021-08-27,Sonoma,097,501317,37506,36326,446,36772,342
2021-08-27,Stanislaus,099,539301,66884,65167,7411,72578,1061
2021-08-27,Sutter,101,95872,11894,11590,148,11738,135
2021-08-27,Tehama,103,63373,6226,5964,849,6813,71
2021-08-27,Trinity,105,12862,625,458,154,612,3
2021-08-27,Tulare,107,460477,56496,54443,11132,65575,870
2021-08-27,Tuolumne,109,53932,5513,5438,61,5499,74
2021-08-27,Ventura,111,848112,90937,89774,3890,93664,1076
2021-08-27,Yolo,113,214977,17346,16805,722,17527,231
2021-08-27,Yuba,115,75493,8268,7926,176,8102,54
2021-08-26,Alameda,001,1643700,108867,106146,2425,108571,1296
2021-08-26,Alpine,003,1148,91,92,0,92,0
2021-08-26,Amador,005,37829,4567,4442,39,4481,53
2021-08-26,Butte,007,227075,15970,15159,2645,17804,214
2021-08-26,Calaveras,009,45235,3013,2873,19,2892,59
2021-08-26,Colusa,011,21464,2288,2234,482,2716,16
2021-08-26,Contra Costa,013,1133247,89616,85808,1745,87553,866
2021-08-26,Del Norte,015,27424,2868,2625,16,2641,8
2021-08-26,El Dorado,017,186661,13615,12863,1224,14087,118
2021-08-26,Fresno,019,978130,117339,113854,10216,124070,1770
2021-08-26,Glenn,021,27897,2857,2740,776,3516,20
2021-08-26,Humboldt,023,135768,7056,6695,222,6917,53
2021-08-26,Imperial,025,180216,30445,30121,2822,32943,748
2021-08-26,Inyo,027,18085,1542,1521,13,1534,39
2021-08-26,Kern,029,883053,108747,106051,14756,120807,1380
2021-08-26,Kings,031,150075,26656,25838,1391,27229,260
2021-08-26,Lake,033,64148,5400,5196,59,5255,74
2021-08-26,Lassen,035,31185,5761,5626,152,5778,21
2021-08-26,Los Angeles,037,10098052,1352269,1334372,49261,1383633,25199
2021-08-26,Madera,039,155013,19014,18393,1343,19736,247
2021-08-26,Marin,041,260295,16285,15983,345,16328,240
2021-08-26,Mariposa,043,17540,736,677,19,696,5
2021-08-26,Mendocino,045,87422,5833,5533,203,5736,55
2021-08-26,Merced,047,269075,35466,34755,1309,36064,495
2021-08-26,Modoc,049,8938,445,433,154,587,5
2021-08-26,Mono,051,14174,1404,1385,17,1402,3
2021-08-26,Monterey,053,433212,45903,45265,2292,47557,539
2021-08-26,Napa,055,140530,11607,11394,70,11464,87
2021-08-26,Nevada,057,99092,7488,7086,243,7329,80
2021-08-26,Orange,059,3164182,286982,282814,13171,295985,5200
2021-08-26,Placer,061,380077,30877,28898,2668,31566,319
2021-08-26,Plumas,063,18699,1031,971,16,987,5
2021-08-26,Riverside,065,2383286,331385,324486,15216,339702,4615
2021-08-26,Sacramento,067,1510023,136572,130977,2921,133898,1827
2021-08-26,San Benito,069,59416,6692,6604,130,6734,64
2021-08-26,San Bernardino,071,2135413,326688,322100,9992,332092,5339
2021-08-26,San Diego,073,3302833,334544,328276,19589,347865,3869
2021-08-26,San Francisco,075,870044,47622,46288,1936,48224,581
2021-08-26,San Joaquin,077,732212,87452,84429,4505,88934,1513
2021-08-26,San Luis Obispo,079,281455,25661,24831,965,25796,278
2021-08-26,San Mateo,081,765935,49617,48263,704,48967,553
2021-08-26,Santa Barbara,083,443738,39590,38566,1338,39904,479
2021-08-26,Santa Clara,085,1922200,135007,131443,985,132428,1782
2021-08-26,Santa Cruz,087,273765,18502,18072,916,18988,210
2021-08-26,Shasta,089,179085,15527,14891,2230,17121,217
2021-08-26,Sierra,091,2930,109,90,13,103,0
2021-08-26,Siskiyou,093,43540,2513,2342,697,3039,33
2021-08-26,Solano,095,438530,41434,39027,1015,40042,286
2021-08-26,Sonoma,097,501317,37417,36102,446,36548,337
2021-08-26,Stanislaus,099,539301,66584,64785,7370,72155,1061
2021-08-26,Sutter,101,95872,11834,11499,145,11644,135
2021-08-26,Tehama,103,63373,6168,5913,836,6749,68
2021-08-26,Trinity,105,12862,620,450,152,602,3
2021-08-26,Tulare,107,460477,56239,54157,11086,65243,870
2021-08-26,Tuolumne,109,53932,5493,5387,61,5448,74
2021-08-26,Ventura,111,848112,90751,89595,3881,93476,1080
2021-08-26,Yolo,113,214977,17281,16727,711,17438,231
2021-08-26,Yuba,115,75493,8195,7834,174,8008,54
2021-08-25,Alameda,001,1643700,108543,105636,2418,108054,1296
2021-08-25,Alpine,003,1148,91,92,0,92,0
2021-08-25,Amador,005,37829,4552,4415,39,4454,53
2021-08-25,Butte,007,227075,15862,15039,2604,17643,214
2021-08-25,Calaveras,009,45235,2994,2851,19,2870,59
2021-08-25,Colusa,011,21464,2281,2227,473,2700,16
2021-08-25,Contra Costa,013,1133247,89232,85322,1739,87061,863
2021-08-25,Del Norte,015,27424,2823,2573,16,2589,8
2021-08-25,El Dorado,017,186661,13555,12787,1209,13996,118
2021-08-25,Fresno,019,978130,116798,113384,10174,123558,1761
2021-08-25,Glenn,021,27897,2839,2728,761,3489,20
2021-08-25,Humboldt,023,135768,6987,6653,213,6866,52
2021-08-25,Imperial,025,180216,30408,30085,2816,32901,748
2021-08-25,Inyo,027,18085,1538,1518,13,1531,39
2021-08-25,Kern,029,883053,108316,105687,14601,120288,1379
2021-08-25,Kings,031,150075,26549,25676,1385,27061,258
2021-08-25,Lake,033,64148,5370,5163,56,5219,74
2021-08-25,Lassen,035,31185,5744,5583,151,5734,21
2021-08-25,Los Angeles,037,10098052,1349670,1331400,49163,1380563,25170
2021-08-25,Madera,039,155013,18950,18311,1321,19632,247
2021-08-25,Marin,041,260295,16263,15938,339,16277,240
2021-08-25,Mariposa,043,17540,730,676,19,695,5
2021-08-25,Mendocino,045,87422,5799,5486,197,5683,53
2021-08-25,Merced,047,269075,35334,34600,1296,35896,492
2021-08-25,Modoc,049,8938,445,433,154,587,5
2021-08-25,Mono,051,14174,1400,1382,17,1399,3
2021-08-25,Monterey,053,433212,45829,45196,2277,47473,539
2021-08-25,Napa,055,140530,11573,11348,69,11417,87
2021-08-25,Nevada,057,99092,7422,7000,242,7242,77
2021-08-25,Orange,059,3164182,286456,282061,13137,295198,5193
2021-08-25,Placer,061,380077,30701,28740,2636,31376,319
2021-08-25,Plumas,063,18699,1016,962,16,978,5
2021-08-25,Riverside,065,2383286,330541,323548,15194,338742,4610
2021-08-25,Sacramento,067,1510023,135892,130046,2883,132929,1827
2021-08-25,San Benito,069,59416,6671,6587,129,6716,64
2021-08-25,San Bernardino,071,2135413,325996,321228,9971,331199,5337
2021-08-25,San Diego,073,3302833,333276,327166,19504,346670,3859
2021-08-25,San Francisco,075,870044,47473,46107,1931,48038,578
2021-08-25,San Joaquin,077,732212,87068,84002,4488,88490,1510
2021-08-25,San Luis Obispo,079,281455,25469,24607,961,25568,276
2021-08-25,San Mateo,081,765935,49494,48153,701,48854,553
2021-08-25,Santa Barbara,083,443738,39461,38450,1338,39788,479
2021-08-25,Santa Clara,085,1922200,134639,130995,983,131978,1783
2021-08-25,Santa Cruz,087,273765,18442,17987,913,18900,210
2021-08-25,Shasta,089,179085,15401,14752,2198,16950,217
2021-08-25,Sierra,091,2930,106,90,13,103,0
2021-08-25,Siskiyou,093,43540,2468,2322,679,3001,33
2021-08-25,Solano,095,438530,41262,38848,1003,39851,286
2021-08-25,Sonoma,097,501317,37293,35986,443,36429,336
2021-08-25,Stanislaus,099,539301,66302,64441,7338,71779,1061
2021-08-25,Sutter,101,95872,11766,11451,141,11592,134
2021-08-25,Tehama,103,63373,6109,5861,819,6680,68
2021-08-25,Trinity,105,12862,614,450,151,601,3
2021-08-25,Tulare,107,460477,55955,53877,11016,64893,866
2021-08-25,Tuolumne,109,53932,5467,5354,61,5415,74
2021-08-25,Ventura,111,848112,90567,89379,3867,93246,1068
2021-08-25,Yolo,113,214977,17216,16667,701,17368,231
2021-08-25,Yuba,115,75493,8129,7771,173,7944,54
2021-08-24,Alameda,001,1643700,108231,105319,2406,107725,1296
2021-08-24,Alpine,003,1148,91,92,0,92,0
2021-08-24,Amador,005,37829,4533,4380,39,4419,50
2021-08-24,Butte,007,227075,15708,14964,2571,17535,214
2021-08-24,Calaveras,009,45235,2955,2811,19,2830,59
2021-08-24,Colusa,011,21464,2273,2221,468,2689,16
2021-08-24,Contra Costa,013,1133247,88869,84963,1734,86697,857
2021-08-24,Del Norte,015,27424,2796,2543,16,2559,8
2021-08-24,El Dorado,017,186661,13478,12732,1194,13926,118
2021-08-24,Fresno,019,978130,116192,113024,10111,123135,1761
2021-08-24,Glenn,021,27897,2824,2717,754,3471,20
2021-08-24,Humboldt,023,135768,6924,6585,200,6785,52
2021-08-24,Imperial,025,180216,30347,30045,2811,32856,748
2021-08-24,Inyo,027,18085,1533,1512,13,1525,39
2021-08-24,Kern,029,883053,107852,105399,14437,119836,1375
2021-08-24,Kings,031,150075,26428,25629,1370,26999,258
2021-08-24,Lake,033,64148,5335,5135,56,5191,72
2021-08-24,Lassen,035,31185,5728,5576,149,5725,21
2021-08-24,Los Angeles,037,10098052,1346804,1328777,49057,1377834,25135
2021-08-24,Madera,039,155013,18874,18251,1304,19555,247
2021-08-24,Marin,041,260295,16227,15900,335,16235,240
2021-08-24,Mariposa,043,17540,723,670,19,689,5
2021-08-24,Mendocino,045,87422,5756,5416,190,5606,52
2021-08-24,Merced,047,269075,35166,34490,1285,35775,491
2021-08-24,Modoc,049,8938,445,432,154,586,5
2021-08-24,Mono,051,14174,1398,1382,17,1399,3
2021-08-24,Monterey,053,433212,45763,45126,2260,47386,539
2021-08-24,Napa,055,140530,11540,11299,68,11367,85
2021-08-24,Nevada,057,99092,7352,6981,240,7221,77
2021-08-24,Orange,059,3164182,285856,281461,13113,294574,5187
2021-08-24,Placer,061,380077,30496,28618,2597,31215,318
2021-08-24,Plumas,063,18699,1006,953,16,969,5
2021-08-24,Riverside,065,2383286,329668,322620,15165,337785,4605
2021-08-24,Sacramento,067,1510023,135208,129542,2837,132379,1812
2021-08-24,San Benito,069,59416,6658,6576,129,6705,64
2021-08-24,San Bernardino,071,2135413,325239,320300,9941,330241,5328
2021-08-24,San Diego,073,3302833,331833,325823,19395,345218,3851
2021-08-24,San Francisco,075,870044,47298,46010,1921,47931,574
2021-08-24,San Joaquin,077,732212,86628,83684,4451,88135,1508
2021-08-24,San Luis Obispo,079,281455,25292,24443,950,25393,274
2021-08-24,San Mateo,081,765935,49345,48050,699,48749,553
2021-08-24,Santa Barbara,083,443738,39330,38307,1337,39644,478
2021-08-24,Santa Clara,085,1922200,134215,130763,979,131742,1779
2021-08-24,Santa Cruz,087,273765,18367,17928,907,18835,209
2021-08-24,Shasta,089,179085,15293,14664,2167,16831,217
2021-08-24,Sierra,091,2930,103,90,13,103,0
2021-08-24,Siskiyou,093,43540,2446,2294,664,2958,33
2021-08-24,Solano,095,438530,41053,38724,991,39715,283
2021-08-24,Sonoma,097,501317,37165,35849,441,36290,336
2021-08-24,Stanislaus,099,539301,65973,64195,7284,71479,1058
2021-08-24,Sutter,101,95872,11699,11384,138,11522,134
2021-08-24,Tehama,103,63373,6063,5826,805,6631,67
2021-08-24,Trinity,105,12862,603,446,143,589,3
2021-08-24,Tulare,107,460477,55604,53702,10926,64628,856
2021-08-24,Tuolumne,109,53932,5436,5287,61,5348,74
2021-08-24,Ventura,111,848112,90383,89167,3856,93023,1068
2021-08-24,Yolo,113,214977,17138,16492,688,17180,231
2021-08-24,Yuba,115,75493,8046,7723,171,7894,54
2021-08-23,Alameda,001,1643700,107821,104922,2393,107315,1294
2021-08-23,Alpine,003,1148,91,91,0,91,0
2021-08-23,Amador,005,37829,4519,4369,39,4408,50
2021-08-23,Butte,007,227075,15562,14847,2533,17380,211
2021-08-23,Calaveras,009,45235,2928,2803,19,2822,59
2021-08-23,Colusa,011,21464,2269,2206,465,2671,16
2021-08-23,Contra Costa,013,1133247,88490,84651,1727,86378,857
2021-08-23,Del Norte,015,27424,2750,2499,16,2515,8
2021-08-23,El Dorado,017,186661,13375,12684,1172,13856,118
2021-08-23,Fresno,019,978130,115630,112445,10061,122506,1759
2021-08-23,Glenn,021,27897,2808,2696,744,3440,20
2021-08-23,Humboldt,023,135768,6851,6498,186,6684,52
2021-08-23,Imperial,025,180216,30296,30011,2808,32819,748
2021-08-23,Inyo,027,18085,1526,1509,13,1522,39
2021-08-23,Kern,029,883053,107397,104995,14283,119278,1375
2021-08-23,Kings,031,150075,26297,25465,1364,26829,257
2021-08-23,Lake,033,64148,5295,5099,54,5153,69
2021-08-23,Lassen,035,31185,5716,5562,149,5711,21
2021-08-23,Los Angeles,037,10098052,1343834,1326412,48927,1375339,25096
2021-08-23,Madera,039,155013,18788,18155,1289,19444,246
2021-08-23,Marin,041,260295,16179,15856,331,16187,240
2021-08-23,Mariposa,043,17540,712,645,19,664,5
2021-08-23,Mendocino,045,87422,5689,5374,183,5557,51
2021-08-23,Merced,047,269075,34984,34322,1280,35602,488
2021-08-23,Modoc,049,8938,442,431,153,584,6
2021-08-23,Mono,051,14174,1394,1384,17,1401,3
2021-08-23,Monterey,053,433212,45663,45047,2250,47297,538
2021-08-23,Napa,055,140530,11502,11257,68,11325,85
2021-08-23,Nevada,057,99092,7271,6930,238,7168,77
2021-08-23,Orange,059,3164182,285224,280891,13080,293971,5181
2021-08-23,Placer,061,380077,30296,28540,2559,31099,314
2021-08-23,Plumas,063,18699,998,934,16,950,5
2021-08-23,Riverside,065,2383286,328755,321650,15139,336789,4598
2021-08-23,Sacramento,067,1510023,134420,128969,2770,131739,1807
2021-08-23,San Benito,069,59416,6640,6562,127,6689,64
2021-08-23,San Bernardino,071,2135413,324434,319577,9902,329479,5324
2021-08-23,San Diego,073,3302833,330400,324536,19272,343808,3848
2021-08-23,San Francisco,075,870044,47143,45945,1912,47857,573
2021-08-23,San Joaquin,077,732212,86195,83466,4418,87884,1499
2021-08-23,San Luis Obispo,079,281455,25110,24317,948,25265,274
2021-08-23,San Mateo,081,765935,49207,47935,696,48631,553
2021-08-23,Santa Barbara,083,443738,39151,38181,1335,39516,478
2021-08-23,Santa Clara,085,1922200,133815,130489,975,131464,1778
2021-08-23,Santa Cruz,087,273765,18310,17871,906,18777,209
2021-08-23,Shasta,089,179085,15166,14537,2129,16666,216
2021-08-23,Sierra,091,2930,103,90,13,103,0
2021-08-23,Siskiyou,093,43540,2425,2274,643,2917,33
2021-08-23,Solano,095,438530,40899,38612,982,39594,283
2021-08-23,Sonoma,097,501317,37045,35769,440,36209,336
2021-08-23,Stanislaus,099,539301,65639,63922,7245,71167,1058
2021-08-23,Sutter,101,95872,11610,11314,130,11444,133
2021-08-23,Tehama,103,63373,6009,5805,789,6594,67
2021-08-23,Trinity,105,12862,600,435,140,575,3
2021-08-23,Tulare,107,460477,55297,53370,10854,64224,856
2021-08-23,Tuolumne,109,53932,5394,5240,61,5301,73
2021-08-23,Ventura,111,848112,90165,88960,3844,92804,1063
2021-08-23,Yolo,113,214977,17050,16445,674,17119,226
2021-08-23,Yuba,115,75493,7975,7653,169,7822,54
2021-08-22,Alameda,001,1643700,107374,104539,2366,106905,1294
2021-08-22,Alpine,003,1148,91,91,0,91,0
2021-08-22,Amador,005,37829,4489,4349,39,4388,50
2021-08-22,Butte,007,227075,15422,14791,2499,17290,211
2021-08-22,Calaveras,009,45235,2890,2771,19,2790,59
2021-08-22,Colusa,011,21464,2262,2201,459,2660,16
2021-08-22,Contra Costa,013,1133247,87948,84371,1714,86085,857
2021-08-22,Del Norte,015,27424,2690,2455,16,2471,8
2021-08-22,El Dorado,017,186661,13271,12629,1152,13781,118
2021-08-22,Fresno,019,978130,115031,112057,9993,122050,1759
2021-08-22,Glenn,021,27897,2781,2678,731,3409,20
2021-08-22,Humboldt,023,135768,6773,6483,168,6651,52
2021-08-22,Imperial,025,180216,30238,29993,2803,32796,748
2021-08-22,Inyo,027,18085,1520,1505,13,1518,39
2021-08-22,Kern,029,883053,106871,104691,14131,118822,1375
2021-08-22,Kings,031,150075,26139,25391,1347,26738,257
2021-08-22,Lake,033,64148,5250,5069,51,5120,69
2021-08-22,Lassen,035,31185,5684,5556,145,5701,21
2021-08-22,Los Angeles,037,10098052,1340513,1324151,48798,1372949,25089
2021-08-22,Madera,039,155013,18669,18120,1275,19395,246
2021-08-22,Marin,041,260295,16127,15822,323,16145,240
2021-08-22,Mariposa,043,17540,702,638,17,655,5
2021-08-22,Mendocino,045,87422,5630,5336,183,5519,51
2021-08-22,Merced,047,269075,34781,34234,1267,35501,488
2021-08-22,Modoc,049,8938,440,431,153,584,6
2021-08-22,Mono,051,14174,1392,1378,17,1395,3
2021-08-22,Monterey,053,433212,45564,45017,2236,47253,538
2021-08-22,Napa,055,140530,11457,11231,68,11299,85
2021-08-22,Nevada,057,99092,7197,6864,236,7100,77
2021-08-22,Orange,059,3164182,284530,280390,13036,293426,5181
2021-08-22,Placer,061,380077,30088,28395,2523,30918,314
2021-08-22,Plumas,063,18699,980,923,15,938,5
2021-08-22,Riverside,065,2383286,327734,320836,15092,335928,4594
2021-08-22,Sacramento,067,1510023,133645,128231,2730,130961,1802
2021-08-22,San Benito,069,59416,6624,6550,127,6677,64
2021-08-22,San Bernardino,071,2135413,323466,318839,9867,328706,5324
2021-08-22,San Diego,073,3302833,329078,323591,19166,342757,3848
2021-08-22,San Francisco,075,870044,46977,45831,1903,47734,573
2021-08-22,San Joaquin,077,732212,85737,83121,4383,87504,1498
2021-08-22,San Luis Obispo,079,281455,24904,24250,941,25191,274
2021-08-22,San Mateo,081,765935,49031,47821,691,48512,553
2021-08-22,Santa Barbara,083,443738,38970,38099,1327,39426,478
2021-08-22,Santa Clara,085,1922200,133398,130189,968,131157,1778
2021-08-22,Santa Cruz,087,273765,18252,17823,901,18724,209
2021-08-22,Shasta,089,179085,15029,14478,2093,16571,216
2021-08-22,Sierra,091,2930,103,87,13,100,0
2021-08-22,Siskiyou,093,43540,2396,2261,625,2886,33
2021-08-22,Solano,095,438530,40701,38489,969,39458,283
2021-08-22,Sonoma,097,501317,36888,35676,438,36114,336
2021-08-22,Stanislaus,099,539301,65286,63683,7155,70838,1058
2021-08-22,Sutter,101,95872,11528,11251,126,11377,133
2021-08-22,Tehama,103,63373,5963,5791,770,6561,67
2021-08-22,Trinity,105,12862,593,433,138,571,3
2021-08-22,Tulare,107,460477,54978,53220,10771,63991,856
2021-08-22,Tuolumne,109,53932,5352,5214,61,5275,73
2021-08-22,Ventura,111,848112,89956,88791,3827,92618,1063
2021-08-22,Yolo,113,214977,16947,16374,666,17040,226
2021-08-22,Yuba,115,75493,7902,7626,168,7794,54
2021-08-21,Alameda,001,1643700,107172,104281,2359,106640,1294
2021-08-21,Alpine,003,1148,91,91,0,91,0
2021-08-21,Amador,005,37829,4479,4338,38,4376,50
2021-08-21,Butte,007,227075,15354,14714,2480,17194,211
2021-08-21,Calaveras,009,45235,2874,2744,19,2763,59
2021-08-21,Colusa,011,21464,2256,2192,455,2647,16
2021-08-21,Contra Costa,013,1133247,87689,84136,1706,85842,857
2021-08-21,Del Norte,015,27424,2667,2409,16,2425,8
2021-08-21,El Dorado,017,186661,13227,12590,1148,13738,118
2021-08-21,Fresno,019,978130,114831,111765,9981,121746,1759
2021-08-21,Glenn,021,27897,2768,2654,723,3377,20
2021-08-21,Humboldt,023,135768,6735,6446,163,6609,52
2021-08-21,Imperial,025,180216,30195,29976,2800,32776,748
2021-08-21,Inyo,027,18085,1517,1500,13,1513,39
2021-08-21,Kern,029,883053,106616,104443,14008,118451,1375
2021-08-21,Kings,031,150075,26068,25313,1342,26655,257
2021-08-21,Lake,033,64148,5230,5055,49,5104,69
2021-08-21,Lassen,035,31185,5670,5553,145,5698,21
2021-08-21,Los Angeles,037,10098052,1339215,1321308,48706,1370014,25080
2021-08-21,Madera,039,155013,18631,18067,1269,19336,246
2021-08-21,Marin,041,260295,16093,15775,321,16096,240
2021-08-21,Mariposa,043,17540,692,634,17,651,5
2021-08-21,Mendocino,045,87422,5584,5307,182,5489,51
2021-08-21,Merced,047,269075,34676,34148,1262,35410,488
2021-08-21,Modoc,049,8938,440,430,153,583,6
2021-08-21,Mono,051,14174,1392,1378,17,1395,3
2021-08-21,Monterey,053,433212,45517,44969,2229,47198,538
2021-08-21,Napa,055,140530,11422,11211,68,11279,85
2021-08-21,Nevada,057,99092,7153,6810,235,7045,77
2021-08-21,Orange,059,3164182,284078,279855,13002,292857,5181
2021-08-21,Placer,061,380077,29950,28289,2499,30788,314
2021-08-21,Plumas,063,18699,976,916,14,930,5
2021-08-21,Riverside,065,2383286,327154,320086,15079,335165,4594
2021-08-21,Sacramento,067,1510023,133150,127751,2719,130470,1809
2021-08-21,San Benito,069,59416,6614,6542,126,6668,64
2021-08-21,San Bernardino,071,2135413,323017,318293,9846,328139,5324
2021-08-21,San Diego,073,3302833,328422,322620,19117,341737,3848
2021-08-21,San Francisco,075,870044,46875,45637,1896,47533,573
2021-08-21,San Joaquin,077,732212,85520,82825,4367,87192,1498
2021-08-21,San Luis Obispo,079,281455,24846,24169,941,25110,273
2021-08-21,San Mateo,081,765935,48936,47685,691,48376,553
2021-08-21,Santa Barbara,083,443738,38888,37951,1323,39274,478
2021-08-21,Santa Clara,085,1922200,133133,129911,964,130875,1778
2021-08-21,Santa Cruz,087,273765,18215,17763,896,18659,209
2021-08-21,Shasta,089,179085,14955,14417,2079,16496,217
2021-08-21,Sierra,091,2930,98,85,13,98,0
2021-08-21,Siskiyou,093,43540,2382,2246,614,2860,33
2021-08-21,Solano,095,438530,40590,38423,959,39382,281
2021-08-21,Sonoma,097,501317,36801,35582,437,36019,336
2021-08-21,Stanislaus,099,539301,65104,63512,7138,70650,1058
2021-08-21,Sutter,101,95872,11483,11204,124,11328,133
2021-08-21,Tehama,103,63373,5938,5757,763,6520,67
2021-08-21,Trinity,105,12862,588,431,136,567,3
2021-08-21,Tulare,107,460477,54834,53045,10728,63773,857
2021-08-21,Tuolumne,109,53932,5321,5193,61,5254,73
2021-08-21,Ventura,111,848112,89811,88558,3812,92370,1063
2021-08-21,Yolo,113,214977,16900,16322,660,16982,226
2021-08-21,Yuba,115,75493,7856,7580,167,7747,54
2021-08-20,Alameda,001,1643700,106935,103812,2351,106163,1294
2021-08-20,Alpine,003,1148,91,91,0,91,0
2021-08-20,Amador,005,37829,4453,4323,38,4361,50
2021-08-20,Butte,007,227075,15281,14617,2458,17075,211
2021-08-20,Calaveras,009,45235,2854,2717,19,2736,59
2021-08-20,Colusa,011,21464,2251,2178,453,2631,16
2021-08-20,Contra Costa,013,1133247,87414,83721,1699,85420,857
2021-08-20,Del Norte,015,27424,2635,2316,16,2332,8
2021-08-20,El Dorado,017,186661,13189,12495,1140,13635,118
2021-08-20,Fresno,019,978130,114474,111315,9947,121262,1759
2021-08-20,Glenn,021,27897,2761,2642,713,3355,20
2021-08-20,Humboldt,023,135768,6683,6349,158,6507,52
2021-08-20,Imperial,025,180216,30172,29934,2800,32734,747
2021-08-20,Inyo,027,18085,1511,1495,13,1508,39
2021-08-20,Kern,029,883053,106332,104048,13882,117930,1373
2021-08-20,Kings,031,150075,26002,25241,1340,26581,256
2021-08-20,Lake,033,64148,5215,5024,46,5070,69
2021-08-20,Lassen,035,31185,5650,5539,145,5684,21
2021-08-20,Los Angeles,037,10098052,1337337,1317541,48605,1366146,25049
2021-08-20,Madera,039,155013,18582,18018,1254,19272,246
2021-08-20,Marin,041,260295,16075,15727,317,16044,240
2021-08-20,Mariposa,043,17540,687,630,17,647,5
2021-08-20,Mendocino,045,87422,5538,5241,181,5422,51
2021-08-20,Merced,047,269075,34612,34035,1252,35287,486
2021-08-20,Modoc,049,8938,440,429,153,582,6
2021-08-20,Mono,051,14174,1391,1368,17,1385,3
2021-08-20,Monterey,053,433212,45479,44890,2223,47113,538
2021-08-20,Napa,055,140530,11390,11152,68,11220,83
2021-08-20,Nevada,057,99092,7111,6753,229,6982,77
2021-08-20,Orange,059,3164182,283633,279193,12981,292174,5179
2021-08-20,Placer,061,380077,29855,28156,2470,30626,313
2021-08-20,Plumas,063,18699,966,908,14,922,5
2021-08-20,Riverside,065,2383286,326458,319072,15048,334120,4594
2021-08-20,Sacramento,067,1510023,132674,127226,2702,129928,1797
2021-08-20,San Benito,069,59416,6600,6508,126,6634,64
2021-08-20,San Bernardino,071,2135413,322404,317372,9817,327189,5322
2021-08-20,San Diego,073,3302833,327513,321102,19047,340149,3846
2021-08-20,San Francisco,075,870044,46778,45432,1881,47313,573
2021-08-20,San Joaquin,077,732212,85289,82419,4348,86767,1496
2021-08-20,San Luis Obispo,079,281455,24768,23986,937,24923,273
2021-08-20,San Mateo,081,765935,48823,47561,688,48249,551
2021-08-20,Santa Barbara,083,443738,38803,37794,1318,39112,477
2021-08-20,Santa Clara,085,1922200,132850,129510,959,130469,1774
2021-08-20,Santa Cruz,087,273765,18175,17701,893,18594,209
2021-08-20,Shasta,089,179085,14875,14277,2061,16338,215
2021-08-20,Sierra,091,2930,97,83,13,96,0
2021-08-20,Siskiyou,093,43540,2366,2226,609,2835,33
2021-08-20,Solano,095,438530,40449,38214,948,39162,277
2021-08-20,Sonoma,097,501317,36733,35416,436,35852,336
2021-08-20,Stanislaus,099,539301,64915,63219,7114,70333,1047
2021-08-20,Sutter,101,95872,11427,11136,123,11259,133
2021-08-20,Tehama,103,63373,5922,5730,751,6481,66
2021-08-20,Trinity,105,12862,588,422,135,557,3
2021-08-20,Tulare,107,460477,54704,52855,10685,63540,856
2021-08-20,Tuolumne,109,53932,5297,5153,60,5213,73
2021-08-20,Ventura,111,848112,89643,88285,3809,92094,1061
2021-08-20,Yolo,113,214977,16845,16236,654,16890,225
2021-08-20,Yuba,115,75493,7815,7523,167,7690,54
2021-08-19,Alameda,001,1643700,106488,103276,2329,105605,1294
2021-08-19,Alpine,003,1148,91,91,0,91,0
2021-08-19,Amador,005,37829,4446,4317,38,4355,50
2021-08-19,Butte,007,227075,15147,14518,2430,16948,211
2021-08-19,Calaveras,009,45235,2832,2673,19,2692,59
2021-08-19,Colusa,011,21464,2242,2167,448,2615,16
2021-08-19,Contra Costa,013,1133247,86976,83296,1686,84982,852
2021-08-19,Del Norte,015,27424,2585,2257,16,2273,8
2021-08-19,El Dorado,017,186661,13103,12410,1121,13531,118
2021-08-19,Fresno,019,978130,114035,110947,9893,120840,1759
2021-08-19,Glenn,021,27897,2743,2629,706,3335,20
2021-08-19,Humboldt,023,135768,6622,6246,152,6398,52
2021-08-19,Imperial,025,180216,30126,29865,2795,32660,747
2021-08-19,Inyo,027,18085,1504,1494,13,1507,39
2021-08-19,Kern,029,883053,105936,103731,13741,117472,1371
2021-08-19,Kings,031,150075,25871,25128,1328,26456,256
2021-08-19,Lake,033,64148,5183,4991,42,5033,69
2021-08-19,Lassen,035,31185,5632,5520,144,5664,21
2021-08-19,Los Angeles,037,10098052,1334352,1314453,48464,1362917,25020
2021-08-19,Madera,039,155013,18520,17947,1239,19186,246
2021-08-19,Marin,041,260295,16042,15672,314,15986,240
2021-08-19,Mariposa,043,17540,672,618,17,635,5
2021-08-19,Mendocino,045,87422,5505,5167,178,5345,51
2021-08-19,Merced,047,269075,34477,33851,1239,35090,486
2021-08-19,Modoc,049,8938,440,427,153,580,6
2021-08-19,Mono,051,14174,1387,1349,17,1366,3
2021-08-19,Monterey,053,433212,45406,44821,2213,47034,538
2021-08-19,Napa,055,140530,11338,11104,68,11172,83
2021-08-19,Nevada,057,99092,7047,6695,227,6922,77
2021-08-19,Orange,059,3164182,282996,278562,12930,291492,5172
2021-08-19,Placer,061,380077,29675,27953,2453,30406,313
2021-08-19,Plumas,063,18699,953,896,14,910,5
2021-08-19,Riverside,065,2383286,325430,318056,15019,333075,4589
2021-08-19,Sacramento,067,1510023,131970,126720,2667,129387,1801
2021-08-19,San Benito,069,59416,6583,6493,125,6618,64
2021-08-19,San Bernardino,071,2135413,321580,316398,9794,326192,5318
2021-08-19,San Diego,073,3302833,326262,319582,18949,338531,3839
2021-08-19,San Francisco,075,870044,46615,45220,1868,47088,571
2021-08-19,San Joaquin,077,732212,84840,82047,4299,86346,1491
2021-08-19,San Luis Obispo,079,281455,24630,23878,930,24808,271
2021-08-19,San Mateo,081,765935,48691,47431,687,48118,551
2021-08-19,Santa Barbara,083,443738,38658,37693,1315,39008,477
2021-08-19,Santa Clara,085,1922200,132460,129133,952,130085,1774
2021-08-19,Santa Cruz,087,273765,18112,17644,886,18530,209
2021-08-19,Shasta,089,179085,14751,14200,2038,16238,214
2021-08-19,Sierra,091,2930,93,83,13,96,0
2021-08-19,Siskiyou,093,43540,2351,2218,597,2815,33
2021-08-19,Solano,095,438530,40291,38025,937,38962,273
2021-08-19,Sonoma,097,501317,36645,35233,435,35668,336
2021-08-19,Stanislaus,099,539301,64571,62928,7070,69998,1047
2021-08-19,Sutter,101,95872,11342,11057,122,11179,133
2021-08-19,Tehama,103,63373,5886,5683,725,6408,66
2021-08-19,Trinity,105,12862,584,414,133,547,3
2021-08-19,Tulare,107,460477,54472,52685,10622,63307,856
2021-08-19,Tuolumne,109,53932,5261,5112,59,5171,64
2021-08-19,Ventura,111,848112,89440,88073,3795,91868,1060
2021-08-19,Yolo,113,214977,16760,16153,646,16799,225
2021-08-19,Yuba,115,75493,7762,7458,166,7624,51
2021-08-18,Alameda,001,1643700,106084,102696,2307,105003,1294
2021-08-18,Alpine,003,1148,90,91,0,91,0
2021-08-18,Amador,005,37829,4430,4279,37,4316,50
2021-08-18,Butte,007,227075,15037,14426,2402,16828,208
2021-08-18,Calaveras,009,45235,2795,2643,18,2661,59
2021-08-18,Colusa,011,21464,2234,2160,444,2604,16
2021-08-18,Contra Costa,013,1133247,86477,82767,1680,84447,851
2021-08-18,Del Norte,015,27424,2528,2219,16,2235,8
2021-08-18,El Dorado,017,186661,13013,12306,1107,13413,118
2021-08-18,Fresno,019,978130,113580,110523,9832,120355,1759
2021-08-18,Glenn,021,27897,2710,2623,698,3321,20
2021-08-18,Humboldt,023,135768,6551,6195,147,6342,52
2021-08-18,Imperial,025,180216,30093,29821,2793,32614,746
2021-08-18,Inyo,027,18085,1501,1494,13,1507,39
2021-08-18,Kern,029,883053,105589,103440,13647,117087,1370
2021-08-18,Kings,031,150075,25762,24984,1320,26304,256
2021-08-18,Lake,033,64148,5142,4957,41,4998,69
2021-08-18,Lassen,035,31185,5613,5506,143,5649,21
2021-08-18,Los Angeles,037,10098052,1331199,1311477,48332,1359809,24984
2021-08-18,Madera,039,155013,18461,17871,1226,19097,246
2021-08-18,Marin,041,260295,16004,15610,311,15921,240
2021-08-18,Mariposa,043,17540,659,615,16,631,5
2021-08-18,Mendocino,045,87422,5454,5129,176,5305,51
2021-08-18,Merced,047,269075,34313,33708,1228,34936,484
2021-08-18,Modoc,049,8938,440,427,152,579,6
2021-08-18,Mono,051,14174,1384,1344,17,1361,3
2021-08-18,Monterey,053,433212,45322,44735,2196,46931,532
2021-08-18,Napa,055,140530,11299,11060,67,11127,83
2021-08-18,Nevada,057,99092,6981,6633,227,6860,76
2021-08-18,Orange,059,3164182,282359,277795,12878,290673,5168
2021-08-18,Placer,061,380077,29448,27741,2425,30166,312
2021-08-18,Plumas,063,18699,944,874,14,888,5
2021-08-18,Riverside,065,2383286,324432,317107,14986,332093,4585
2021-08-18,Sacramento,067,1510023,131208,125599,2635,128234,1781
2021-08-18,San Benito,069,59416,6572,6481,124,6605,64
2021-08-18,San Bernardino,071,2135413,320781,315477,9775,325252,5304
2021-08-18,San Diego,073,3302833,324922,318152,18883,337035,3834
2021-08-18,San Francisco,075,870044,46413,44957,1859,46816,568
2021-08-18,San Joaquin,077,732212,84387,81601,4268,85869,1491
2021-08-18,San Luis Obispo,079,281455,24480,23726,917,24643,270
2021-08-18,San Mateo,081,765935,48527,47255,686,47941,551
2021-08-18,Santa Barbara,083,443738,38527,37599,1309,38908,475
2021-08-18,Santa Clara,085,1922200,132096,128563,949,129512,1773
2021-08-18,Santa Cruz,087,273765,18057,17566,882,18448,209
2021-08-18,Shasta,089,179085,14652,14087,2019,16106,213
2021-08-18,Sierra,091,2930,92,83,13,96,0
2021-08-18,Siskiyou,093,43540,2322,2204,585,2789,33
2021-08-18,Solano,095,438530,40085,37812,922,38734,271
2021-08-18,Sonoma,097,501317,36501,35063,434,35497,333
2021-08-18,Stanislaus,099,539301,64240,62613,7027,69640,1047
2021-08-18,Sutter,101,95872,11270,11004,117,11121,130
2021-08-18,Tehama,103,63373,5851,5653,715,6368,66
2021-08-18,Trinity,105,12862,577,409,130,539,3
2021-08-18,Tulare,107,460477,54232,52486,10553,63039,856
2021-08-18,Tuolumne,109,53932,5225,5081,57,5138,64
2021-08-18,Ventura,111,848112,89208,87835,3785,91620,1055
2021-08-18,Yolo,113,214977,16677,16047,628,16675,225
2021-08-18,Yuba,115,75493,7697,7391,166,7557,51
2021-08-17,Alameda,001,1643700,105687,102379,2292,104671,1290
2021-08-17,Alpine,003,1148,90,91,0,91,0
2021-08-17,Amador,005,37829,4401,4266,37,4303,50
2021-08-17,Butte,007,227075,14930,14357,2367,16724,206
2021-08-17,Calaveras,009,45235,2761,2624,18,2642,59
2021-08-17,Colusa,011,21464,2225,2156,440,2596,16
2021-08-17,Contra Costa,013,1133247,86030,82482,1670,84152,848
2021-08-17,Del Norte,015,27424,2474,2188,16,2204,8
2021-08-17,El Dorado,017,186661,12926,12242,1094,13336,118
2021-08-17,Fresno,019,978130,113096,110263,9769,120032,1755
2021-08-17,Glenn,021,27897,2696,2608,689,3297,20
2021-08-17,Humboldt,023,135768,6471,6155,145,6300,52
2021-08-17,Imperial,025,180216,30042,29768,2789,32557,746
2021-08-17,Inyo,027,18085,1498,1492,13,1505,39
2021-08-17,Kern,029,883053,105195,103048,13525,116573,1367
2021-08-17,Kings,031,150075,25657,24930,1309,26239,254
2021-08-17,Lake,033,64148,5099,4930,35,4965,68
2021-08-17,Lassen,035,31185,5596,5499,141,5640,21
2021-08-17,Los Angeles,037,10098052,1327633,1307999,48203,1356202,24952
2021-08-17,Madera,039,155013,18387,17838,1208,19046,246
2021-08-17,Marin,041,260295,15948,15570,311,15881,240
2021-08-17,Mariposa,043,17540,651,609,15,624,5
2021-08-17,Mendocino,045,87422,5399,5097,176,5273,51
2021-08-17,Merced,047,269075,34163,33508,1217,34725,482
2021-08-17,Modoc,049,8938,437,424,150,574,6
2021-08-17,Mono,051,14174,1379,1341,17,1358,3
2021-08-17,Monterey,053,433212,45238,44672,2186,46858,528
2021-08-17,Napa,055,140530,11258,11007,66,11073,83
2021-08-17,Nevada,057,99092,6906,6605,225,6830,75
2021-08-17,Orange,059,3164182,281713,277121,12842,289963,5164
2021-08-17,Placer,061,380077,29233,27634,2396,30030,312
2021-08-17,Plumas,063,18699,932,860,14,874,5
2021-08-17,Riverside,065,2383286,323420,316051,14943,330994,4582
2021-08-17,Sacramento,067,1510023,130414,125151,2593,127744,1774
2021-08-17,San Benito,069,59416,6553,6470,124,6594,64
2021-08-17,San Bernardino,071,2135413,319842,314402,9735,324137,5302
2021-08-17,San Diego,073,3302833,323312,317058,18785,335843,3824
2021-08-17,San Francisco,075,870044,46213,44820,1853,46673,567
2021-08-17,San Joaquin,077,732212,83919,81300,4234,85534,1489
2021-08-17,San Luis Obispo,079,281455,24324,23556,914,24470,268
2021-08-17,San Mateo,081,765935,48372,47127,681,47808,551
2021-08-17,Santa Barbara,083,443738,38368,37478,1302,38780,475
2021-08-17,Santa Clara,085,1922200,131693,128354,943,129297,1773
2021-08-17,Santa Cruz,087,273765,17972,17528,881,18409,209
2021-08-17,Shasta,089,179085,14521,14012,2000,16012,214
2021-08-17,Sierra,091,2930,91,82,13,95,0
2021-08-17,Siskiyou,093,43540,2306,2183,572,2755,33
2021-08-17,Solano,095,438530,39856,37662,909,38571,269
2021-08-17,Sonoma,097,501317,36353,34943,430,35373,333
2021-08-17,Stanislaus,099,539301,63899,62385,6968,69353,1047
2021-08-17,Sutter,101,95872,11198,10973,117,11090,130
2021-08-17,Tehama,103,63373,5817,5612,693,6305,66
2021-08-17,Trinity,105,12862,572,406,128,534,3
2021-08-17,Tulare,107,460477,53964,52362,10488,62850,856
2021-08-17,Tuolumne,109,53932,5182,5042,56,5098,64
2021-08-17,Ventura,111,848112,88970,87601,3764,91365,1053
2021-08-17,Yolo,113,214977,16588,15975,614,16589,225
2021-08-17,Yuba,115,75493,7626,7355,166,7521,51
2021-08-16,Alameda,001,1643700,105190,102052,2284,104336,1287
2021-08-16,Alpine,003,1148,90,91,0,91,0
2021-08-16,Amador,005,37829,4391,4235,37,4272,50
2021-08-16,Butte,007,227075,14810,14283,2331,16614,206
2021-08-16,Calaveras,009,45235,2701,2609,17,2626,57
2021-08-16,Colusa,011,21464,2214,2147,436,2583,16
2021-08-16,Contra Costa,013,1133247,85488,82070,1660,83730,848
2021-08-16,Del Norte,015,27424,2397,2125,16,2141,8
2021-08-16,El Dorado,017,186661,12825,12139,1081,13220,118
2021-08-16,Fresno,019,978130,112598,109623,9717,119340,1753
2021-08-16,Glenn,021,27897,2677,2593,683,3276,20
2021-08-16,Humboldt,023,135768,6400,6064,124,6188,52
2021-08-16,Imperial,025,180216,30001,29737,2775,32512,746
2021-08-16,Inyo,027,18085,1495,1490,13,1503,39
2021-08-16,Kern,029,883053,104820,102690,13409,116099,1367
2021-08-16,Kings,031,150075,25554,24817,1300,26117,254
2021-08-16,Lake,033,64148,5072,4898,34,4932,68
2021-08-16,Lassen,035,31185,5580,5481,133,5614,21
2021-08-16,Los Angeles,037,10098052,1324252,1305330,48061,1353391,24923
2021-08-16,Madera,039,155013,18312,17756,1187,18943,246
2021-08-16,Marin,041,260295,15889,15497,310,15807,239
2021-08-16,Mariposa,043,17540,634,597,15,612,5
2021-08-16,Mendocino,045,87422,5343,5037,174,5211,49
2021-08-16,Merced,047,269075,33962,33364,1204,34568,481
2021-08-16,Modoc,049,8938,435,421,149,570,5
2021-08-16,Mono,051,14174,1374,1339,17,1356,3
2021-08-16,Monterey,053,433212,45159,44595,2174,46769,527
2021-08-16,Napa,055,140530,11229,10946,66,11012,83
2021-08-16,Nevada,057,99092,6851,6535,224,6759,74
2021-08-16,Orange,059,3164182,280919,275985,12796,288781,5161
2021-08-16,Placer,061,380077,29050,27384,2364,29748,306
2021-08-16,Plumas,063,18699,921,851,14,865,5
2021-08-16,Riverside,065,2383286,322329,314774,14906,329680,4582
2021-08-16,Sacramento,067,1510023,129603,124554,2550,127104,1762
2021-08-16,San Benito,069,59416,6529,6452,124,6576,64
2021-08-16,San Bernardino,071,2135413,318875,313617,9708,323325,5301
2021-08-16,San Diego,073,3302833,321714,315348,18645,333993,3824
2021-08-16,San Francisco,075,870044,46009,44681,1846,46527,567
2021-08-16,San Joaquin,077,732212,83415,81087,4206,85293,1488
2021-08-16,San Luis Obispo,079,281455,24174,23452,906,24358,265
2021-08-16,San Mateo,081,765935,48189,47024,675,47699,548
2021-08-16,Santa Barbara,083,443738,38197,37358,1297,38655,475
2021-08-16,Santa Clara,085,1922200,131229,127978,939,128917,1773
2021-08-16,Santa Cruz,087,273765,17908,17491,875,18366,209
2021-08-16,Shasta,089,179085,14432,13862,1984,15846,211
2021-08-16,Sierra,091,2930,88,82,13,95,0
2021-08-16,Siskiyou,093,43540,2289,2169,552,2721,33
2021-08-16,Solano,095,438530,39575,37436,897,38333,263
2021-08-16,Sonoma,097,501317,36185,34844,427,35271,333
2021-08-16,Stanislaus,099,539301,63560,62033,6916,68949,1039
2021-08-16,Sutter,101,95872,11129,10902,116,11018,130
2021-08-16,Tehama,103,63373,5754,5565,688,6253,66
2021-08-16,Trinity,105,12862,566,400,127,527,3
2021-08-16,Tulare,107,460477,53721,52162,10420,62582,856
2021-08-16,Tuolumne,109,53932,5143,4984,55,5039,64
2021-08-16,Ventura,111,848112,88725,86954,3746,90700,1052
2021-08-16,Yolo,113,214977,16487,15922,606,16528,225
2021-08-16,Yuba,115,75493,7542,7314,165,7479,51
2021-08-15,Alameda,001,1643700,104706,101660,2267,103927,1287
2021-08-15,Alpine,003,1148,90,91,0,91,0
2021-08-15,Amador,005,37829,4363,4231,37,4268,49
2021-08-15,Butte,007,227075,14685,14263,2308,16571,206
2021-08-15,Calaveras,009,45235,2659,2599,17,2616,57
2021-08-15,Colusa,011,21464,2202,2140,426,2566,16
2021-08-15,Contra Costa,013,1133247,85005,81781,1645,83426,848
2021-08-15,Del Norte,015,27424,2330,2060,16,2076,8
2021-08-15,El Dorado,017,186661,12690,12057,1064,13121,118
2021-08-15,Fresno,019,978130,112119,109382,9651,119033,1753
2021-08-15,Glenn,021,27897,2654,2592,671,3263,20
2021-08-15,Humboldt,023,135768,6326,6024,118,6142,52
2021-08-15,Imperial,025,180216,29935,29711,2771,32482,746
2021-08-15,Inyo,027,18085,1494,1489,13,1502,39
2021-08-15,Kern,029,883053,104376,102524,13297,115821,1367
2021-08-15,Kings,031,150075,25409,24736,1290,26026,254
2021-08-15,Lake,033,64148,5013,4886,33,4919,68
2021-08-15,Lassen,035,31185,5563,5482,132,5614,21
2021-08-15,Los Angeles,037,10098052,1320715,1302882,47892,1350774,24918
2021-08-15,Madera,039,155013,18224,17714,1171,18885,246
2021-08-15,Marin,041,260295,15830,15461,308,15769,239
2021-08-15,Mariposa,043,17540,627,591,14,605,5
2021-08-15,Mendocino,045,87422,5286,5022,168,5190,49
2021-08-15,Merced,047,269075,33718,33305,1193,34498,481
2021-08-15,Modoc,049,8938,433,421,149,570,5
2021-08-15,Mono,051,14174,1370,1334,17,1351,3
2021-08-15,Monterey,053,433212,45037,44567,2153,46720,527
2021-08-15,Napa,055,140530,11174,10919,66,10985,83
2021-08-15,Nevada,057,99092,6766,6486,224,6710,74
2021-08-15,Orange,059,3164182,280148,275447,12756,288203,5161
2021-08-15,Placer,061,380077,28828,27220,2316,29536,306
2021-08-15,Plumas,063,18699,909,850,14,864,5
2021-08-15,Riverside,065,2383286,321191,314133,14879,329012,4582
2021-08-15,Sacramento,067,1510023,128787,123924,2518,126442,1761
2021-08-15,San Benito,069,59416,6511,6446,123,6569,64
2021-08-15,San Bernardino,071,2135413,317803,313120,9677,322797,5301
2021-08-15,San Diego,073,3302833,320242,314247,18518,332765,3824
2021-08-15,San Francisco,075,870044,45785,44531,1831,46362,567
2021-08-15,San Joaquin,077,732212,82928,80832,4167,84999,1488
2021-08-15,San Luis Obispo,079,281455,23978,23404,896,24300,265
2021-08-15,San Mateo,081,765935,48002,46897,669,47566,548
2021-08-15,Santa Barbara,083,443738,38025,37276,1290,38566,475
2021-08-15,Santa Clara,085,1922200,130796,127715,933,128648,1773
2021-08-15,Santa Cruz,087,273765,17838,17440,868,18308,209
2021-08-15,Shasta,089,179085,14329,13835,1959,15794,211
2021-08-15,Sierra,091,2930,87,82,12,94,0
2021-08-15,Siskiyou,093,43540,2268,2169,538,2707,33
2021-08-15,Solano,095,438530,39319,37320,886,38206,263
2021-08-15,Sonoma,097,501317,35989,34706,419,35125,333
2021-08-15,Stanislaus,099,539301,63190,61795,6839,68634,1039
2021-08-15,Sutter,101,95872,11038,10863,116,10979,130
2021-08-15,Tehama,103,63373,5705,5550,682,6232,66
2021-08-15,Trinity,105,12862,562,400,126,526,3
2021-08-15,Tulare,107,460477,53465,52046,10361,62407,856
2021-08-15,Tuolumne,109,53932,5105,4934,53,4987,64
2021-08-15,Ventura,111,848112,88420,86797,3732,90529,1052
2021-08-15,Yolo,113,214977,16390,15873,596,16469,225
2021-08-15,Yuba,115,75493,7465,7265,164,7429,51
2021-08-14,Alameda,001,1643700,104489,101305,2263,103568,1287
2021-08-14,Alpine,003,1148,90,91,0,91,0
2021-08-14,Amador,005,37829,4345,4206,37,4243,49
2021-08-14,Butte,007,227075,14649,14192,2292,16484,206
2021-08-14,Calaveras,009,45235,2652,2579,17,2596,57
2021-08-14,Colusa,011,21464,2191,2134,422,2556,16
2021-08-14,Contra Costa,013,1133247,84757,81458,1637,83095,848
2021-08-14,Del Norte,015,27424,2303,2015,16,2031,8
2021-08-14,El Dorado,017,186661,12654,12019,1056,13075,118
2021-08-14,Fresno,019,978130,111957,109056,9621,118677,1753
2021-08-14,Glenn,021,27897,2643,2583,668,3251,20
2021-08-14,Humboldt,023,135768,6273,5998,115,6113,52
2021-08-14,Imperial,025,180216,29908,29671,2771,32442,746
2021-08-14,Inyo,027,18085,1492,1487,13,1500,39
2021-08-14,Kern,029,883053,104181,102306,13201,115507,1367
2021-08-14,Kings,031,150075,25311,24647,1282,25929,254
2021-08-14,Lake,033,64148,4996,4850,32,4882,68
2021-08-14,Lassen,035,31185,5556,5475,131,5606,21
2021-08-14,Los Angeles,037,10098052,1318946,1299346,47753,1347099,24911
2021-08-14,Madera,039,155013,18177,17691,1166,18857,246
2021-08-14,Marin,041,260295,15796,15441,308,15749,239
2021-08-14,Mariposa,043,17540,623,584,14,598,5
2021-08-14,Mendocino,045,87422,5250,4977,165,5142,49
2021-08-14,Merced,047,269075,33654,33234,1187,34421,481
2021-08-14,Modoc,049,8938,433,421,149,570,5
2021-08-14,Mono,051,14174,1365,1332,17,1349,3
2021-08-14,Monterey,053,433212,44992,44514,2150,46664,527
2021-08-14,Napa,055,140530,11144,10878,65,10943,83
2021-08-14,Nevada,057,99092,6731,6419,223,6642,74
2021-08-14,Orange,059,3164182,279714,274732,12729,287461,5161
2021-08-14,Placer,061,380077,28682,27115,2292,29407,306
2021-08-14,Plumas,063,18699,899,849,14,863,5
2021-08-14,Riverside,065,2383286,320475,313264,14858,328122,4582
2021-08-14,Sacramento,067,1510023,128293,123438,2500,125938,1758
2021-08-14,San Benito,069,59416,6498,6428,123,6551,64
2021-08-14,San Bernardino,071,2135413,317251,312142,9656,321798,5301
2021-08-14,San Diego,073,3302833,319571,313589,18450,332039,3824
2021-08-14,San Francisco,075,870044,45656,44353,1812,46165,567
2021-08-14,San Joaquin,077,732212,82712,80585,4152,84737,1488
2021-08-14,San Luis Obispo,079,281455,23917,23328,893,24221,265
2021-08-14,San Mateo,081,765935,47883,46792,665,47457,548
2021-08-14,Santa Barbara,083,443738,37931,37118,1288,38406,475
2021-08-14,Santa Clara,085,1922200,130517,127432,930,128362,1772
2021-08-14,Santa Cruz,087,273765,17799,17384,867,18251,209
2021-08-14,Shasta,089,179085,14254,13813,1938,15751,211
2021-08-14,Sierra,091,2930,86,81,12,93,0
2021-08-14,Siskiyou,093,43540,2258,2160,528,2688,33
2021-08-14,Solano,095,438530,39232,37237,874,38111,263
2021-08-14,Sonoma,097,501317,35866,34606,417,35023,333
2021-08-14,Stanislaus,099,539301,63014,61564,6795,68359,1039
2021-08-14,Sutter,101,95872,10993,10808,115,10923,130
2021-08-14,Tehama,103,63373,5681,5530,678,6208,66
2021-08-14,Trinity,105,12862,556,399,126,525,3
2021-08-14,Tulare,107,460477,53329,51951,10316,62267,856
2021-08-14,Tuolumne,109,53932,5070,4924,53,4977,64
2021-08-14,Ventura,111,848112,88264,86569,3712,90281,1052
2021-08-14,Yolo,113,214977,16345,15815,587,16402,225
2021-08-14,Yuba,115,75493,7416,7223,164,7387,51
2021-08-13,Alameda,001,1643700,104193,100930,2255,103185,1284
2021-08-13,Alpine,003,1148,90,91,0,91,0
2021-08-13,Amador,005,37829,4317,4169,37,4206,49
2021-08-13,Butte,007,227075,14579,14100,2276,16376,206
2021-08-13,Calaveras,009,45235,2646,2564,17,2581,57
2021-08-13,Colusa,011,21464,2184,2123,417,2540,16
2021-08-13,Contra Costa,013,1133247,84446,81046,1630,82676,848
2021-08-13,Del Norte,015,27424,2262,1973,16,1989,8
2021-08-13,El Dorado,017,186661,12614,11951,1044,12995,118
2021-08-13,Fresno,019,978130,111665,108638,9596,118234,1753
2021-08-13,Glenn,021,27897,2632,2574,665,3239,20
2021-08-13,Humboldt,023,135768,6226,5882,112,5994,52
2021-08-13,Imperial,025,180216,29881,29654,2770,32424,745
2021-08-13,Inyo,027,18085,1491,1484,13,1497,39
2021-08-13,Kern,029,883053,103972,102029,13092,115121,1364
2021-08-13,Kings,031,150075,25226,24531,1275,25806,253
2021-08-13,Lake,033,64148,4973,4811,31,4842,68
2021-08-13,Lassen,035,31185,5548,5455,130,5585,21
2021-08-13,Los Angeles,037,10098052,1316623,1295406,47616,1343022,24891
2021-08-13,Madera,039,155013,18128,17614,1157,18771,246
2021-08-13,Marin,041,260295,15765,15380,308,15688,239
2021-08-13,Mariposa,043,17540,617,577,14,591,5
2021-08-13,Mendocino,045,87422,5197,4924,163,5087,49
2021-08-13,Merced,047,269075,33607,33111,1181,34292,480
2021-08-13,Modoc,049,8938,432,421,148,569,5
2021-08-13,Mono,051,14174,1362,1331,17,1348,3
2021-08-13,Monterey,053,433212,44932,44450,2148,46598,527
2021-08-13,Napa,055,140530,11108,10830,65,10895,83
2021-08-13,Nevada,057,99092,6690,6356,222,6578,74
2021-08-13,Orange,059,3164182,279220,274004,12680,286684,5159
2021-08-13,Placer,061,380077,28581,26987,2265,29252,306
2021-08-13,Plumas,063,18699,885,842,14,856,5
2021-08-13,Riverside,065,2383286,319736,312408,14833,327241,4581
2021-08-13,Sacramento,067,1510023,127823,122868,2475,125343,1758
2021-08-13,San Benito,069,59416,6492,6422,121,6543,64
2021-08-13,San Bernardino,071,2135413,316583,311378,9637,321015,5301
2021-08-13,San Diego,073,3302833,318525,312293,18371,330664,3821
2021-08-13,San Francisco,075,870044,45520,44196,1789,45985,567
2021-08-13,San Joaquin,077,732212,82495,80232,4136,84368,1481
2021-08-13,San Luis Obispo,079,281455,23854,23226,890,24116,265
2021-08-13,San Mateo,081,765935,47764,46660,664,47324,548
2021-08-13,Santa Barbara,083,443738,37846,37023,1284,38307,474
2021-08-13,Santa Clara,085,1922200,130230,126958,924,127882,1769
2021-08-13,Santa Cruz,087,273765,17759,17332,860,18192,209
2021-08-13,Shasta,089,179085,14191,13698,1924,15622,211
2021-08-13,Sierra,091,2930,85,81,12,93,0
2021-08-13,Siskiyou,093,43540,2249,2147,524,2671,33
2021-08-13,Solano,095,438530,39098,37104,866,37970,264
2021-08-13,Sonoma,097,501317,35761,34464,417,34881,333
2021-08-13,Stanislaus,099,539301,62842,61294,6754,68048,1039
2021-08-13,Sutter,101,95872,10949,10751,114,10865,130
2021-08-13,Tehama,103,63373,5657,5496,676,6172,66
2021-08-13,Trinity,105,12862,552,392,126,518,3
2021-08-13,Tulare,107,460477,53225,51770,10243,62013,856
2021-08-13,Tuolumne,109,53932,5037,4899,52,4951,64
2021-08-13,Ventura,111,848112,88106,86368,3699,90067,1052
2021-08-13,Yolo,113,214977,16291,15761,577,16338,225
2021-08-13,Yuba,115,75493,7378,7184,164,7348,51
2021-08-12,Alameda,001,1643700,103703,100472,2242,102714,1284
2021-08-12,Alpine,003,1148,90,91,0,91,0
2021-08-12,Amador,005,37829,4287,4161,36,4197,49
2021-08-12,Butte,007,227075,14509,14006,2258,16264,206
2021-08-12,Calaveras,009,45235,2630,2531,17,2548,57
2021-08-12,Colusa,011,21464,2179,2111,416,2527,17
2021-08-12,Contra Costa,013,1133247,83963,80738,1615,82353,846
2021-08-12,Del Norte,015,27424,2190,1923,16,1939,8
2021-08-12,El Dorado,017,186661,12500,11880,1035,12915,118
2021-08-12,Fresno,019,978130,111243,108193,9528,117721,1753
2021-08-12,Glenn,021,27897,2624,2559,653,3212,20
2021-08-12,Humboldt,023,135768,6157,5845,108,5953,52
2021-08-12,Imperial,025,180216,29825,29585,2764,32349,745
2021-08-12,Inyo,027,18085,1489,1483,13,1496,39
2021-08-12,Kern,029,883053,103683,101698,13013,114711,1364
2021-08-12,Kings,031,150075,25126,24423,1267,25690,252
2021-08-12,Lake,033,64148,4947,4774,31,4805,68
2021-08-12,Lassen,035,31185,5526,5428,129,5557,21
2021-08-12,Los Angeles,037,10098052,1313432,1291875,47481,1339356,24874
2021-08-12,Madera,039,155013,18064,17564,1145,18709,246
2021-08-12,Marin,041,260295,15716,15277,305,15582,239
2021-08-12,Mariposa,043,17540,608,568,13,581,5
2021-08-12,Mendocino,045,87422,5167,4873,157,5030,49
2021-08-12,Merced,047,269075,33483,32960,1174,34134,480
2021-08-12,Modoc,049,8938,431,423,148,571,5
2021-08-12,Mono,051,14174,1357,1325,17,1342,3
2021-08-12,Monterey,053,433212,44856,44383,2133,46516,527
2021-08-12,Napa,055,140530,11059,10780,64,10844,83
2021-08-12,Nevada,057,99092,6629,6283,222,6505,74
2021-08-12,Orange,059,3164182,278542,273167,12622,285789,5158
2021-08-12,Placer,061,380077,28382,26856,2242,29098,306
2021-08-12,Plumas,063,18699,877,829,14,843,5
2021-08-12,Riverside,065,2383286,318727,311304,14801,326105,4575
2021-08-12,Sacramento,067,1510023,127052,122222,2445,124667,1758
2021-08-12,San Benito,069,59416,6475,6398,119,6517,64
2021-08-12,San Bernardino,071,2135413,315709,310420,9607,320027,5297
2021-08-12,San Diego,073,3302833,317155,310596,18282,328878,3821
2021-08-12,San Francisco,075,870044,45313,43774,1776,45550,564
2021-08-12,San Joaquin,077,732212,82100,79945,4112,84057,1479
2021-08-12,San Luis Obispo,079,281455,23754,23101,877,23978,264
2021-08-12,San Mateo,081,765935,47620,46435,661,47096,548
2021-08-12,Santa Barbara,083,443738,37709,36881,1276,38157,473
2021-08-12,Santa Clara,085,1922200,129781,126614,918,127532,1769
2021-08-12,Santa Cruz,087,273765,17695,17261,859,18120,209
2021-08-12,Shasta,089,179085,14105,13621,1897,15518,211
2021-08-12,Sierra,091,2930,85,81,12,93,0
2021-08-12,Siskiyou,093,43540,2242,2134,515,2649,33
2021-08-12,Solano,095,438530,38869,36980,857,37837,262
2021-08-12,Sonoma,097,501317,35613,34299,414,34713,333
2021-08-12,Stanislaus,099,539301,62577,61026,6695,67721,1039
2021-08-12,Sutter,101,95872,10888,10695,112,10807,130
2021-08-12,Tehama,103,63373,5627,5462,667,6129,66
2021-08-12,Trinity,105,12862,548,386,125,511,3
2021-08-12,Tulare,107,460477,53080,51632,10194,61826,856
2021-08-12,Tuolumne,109,53932,4990,4845,50,4895,64
2021-08-12,Ventura,111,848112,87869,86106,3675,89781,1052
2021-08-12,Yolo,113,214977,16219,15686,563,16249,224
2021-08-12,Yuba,115,75493,7330,7128,163,7291,51
2021-08-11,Alameda,001,1643700,103192,100040,2239,102279,1281
2021-08-11,Alpine,003,1148,90,91,0,91,0
2021-08-11,Amador,005,37829,4263,4127,36,4163,49
2021-08-11,Butte,007,227075,14408,13905,2233,16138,206
2021-08-11,Calaveras,009,45235,2608,2505,17,2522,57
2021-08-11,Colusa,011,21464,2169,2101,414,2515,16
2021-08-11,Contra Costa,013,1133247,83463,80275,1597,81872,843
2021-08-11,Del Norte,015,27424,2131,1893,16,1909,8
2021-08-11,El Dorado,017,186661,12389,11799,1023,12822,119
2021-08-11,Fresno,019,978130,110789,107773,9482,117255,1751
2021-08-11,Glenn,021,27897,2615,2547,643,3190,20
2021-08-11,Humboldt,023,135768,6110,5765,107,5872,52
2021-08-11,Imperial,025,180216,29782,29565,2760,32325,745
2021-08-11,Inyo,027,18085,1489,1483,13,1496,39
2021-08-11,Kern,029,883053,103369,101448,12906,114354,1363
2021-08-11,Kings,031,150075,25013,24304,1258,25562,250
2021-08-11,Lake,033,64148,4910,4713,30,4743,68
2021-08-11,Lassen,035,31185,5517,5408,127,5535,21
2021-08-11,Los Angeles,037,10098052,1310104,1288238,47295,1335533,24851
2021-08-11,Madera,039,155013,18014,17511,1134,18645,245
2021-08-11,Marin,041,260295,15667,15235,305,15540,239
2021-08-11,Mariposa,043,17540,598,554,12,566,5
2021-08-11,Mendocino,045,87422,5098,4796,148,4944,49
2021-08-11,Merced,047,269075,33350,32802,1170,33972,479
2021-08-11,Modoc,049,8938,431,421,148,569,5
2021-08-11,Mono,051,14174,1352,1320,17,1337,3
2021-08-11,Monterey,053,433212,44757,44314,2115,46429,527
2021-08-11,Napa,055,140530,11018,10732,64,10796,83
2021-08-11,Nevada,057,99092,6576,6172,219,6391,74
2021-08-11,Orange,059,3164182,277685,272212,12577,284789,5155
2021-08-11,Placer,061,380077,28170,26687,2216,28903,305
2021-08-11,Plumas,063,18699,868,824,14,838,5
2021-08-11,Riverside,065,2383286,317734,310265,14766,325031,4570
2021-08-11,Sacramento,067,1510023,126259,121603,2406,124009,1757
2021-08-11,San Benito,069,59416,6462,6381,119,6500,64
2021-08-11,San Bernardino,071,2135413,314815,309498,9588,319086,5296
2021-08-11,San Diego,073,3302833,315685,309406,18178,327584,3818
2021-08-11,San Francisco,075,870044,45088,43555,1768,45323,564
2021-08-11,San Joaquin,077,732212,81693,79641,4085,83726,1478
2021-08-11,San Luis Obispo,079,281455,23650,22920,870,23790,264
2021-08-11,San Mateo,081,765935,47452,46300,658,46958,548
2021-08-11,Santa Barbara,083,443738,37546,36699,1268,37967,472
2021-08-11,Santa Clara,085,1922200,129300,126301,910,127211,1769
2021-08-11,Santa Cruz,087,273765,17630,17191,856,18047,209
2021-08-11,Shasta,089,179085,14031,13546,1882,15428,211
2021-08-11,Sierra,091,2930,84,81,12,93,0
2021-08-11,Siskiyou,093,43540,2228,2124,508,2632,33
2021-08-11,Solano,095,438530,38634,36862,843,37705,262
2021-08-11,Sonoma,097,501317,35434,34188,409,34597,333
2021-08-11,Stanislaus,099,539301,62246,60767,6665,67432,1037
2021-08-11,Sutter,101,95872,10816,10628,112,10740,130
2021-08-11,Tehama,103,63373,5598,5410,651,6061,66
2021-08-11,Trinity,105,12862,546,385,125,510,3
2021-08-11,Tulare,107,460477,52912,51464,10149,61613,854
2021-08-11,Tuolumne,109,53932,4958,4794,50,4844,64
2021-08-11,Ventura,111,848112,87617,85863,3654,89517,1051
2021-08-11,Yolo,113,214977,16144,15593,547,16140,218
2021-08-11,Yuba,115,75493,7271,7063,162,7225,53
2021-08-10,Alameda,001,1643700,102718,99771,2232,102003,1281
2021-08-10,Alpine,003,1148,90,91,0,91,0
2021-08-10,Amador,005,37829,4247,4093,36,4129,49
2021-08-10,Butte,007,227075,14324,13853,2212,16065,205
2021-08-10,Calaveras,009,45235,2584,2491,15,2506,57
2021-08-10,Colusa,011,21464,2156,2088,405,2493,16
2021-08-10,Contra Costa,013,1133247,82919,80018,1587,81605,840
2021-08-10,Del Norte,015,27424,2087,1870,16,1886,8
2021-08-10,El Dorado,017,186661,12288,11734,1011,12745,117
2021-08-10,Fresno,019,978130,110333,107616,9427,117043,1747
2021-08-10,Glenn,021,27897,2602,2538,633,3171,20
2021-08-10,Humboldt,023,135768,6056,5718,104,5822,52
2021-08-10,Imperial,025,180216,29747,29522,2753,32275,745
2021-08-10,Inyo,027,18085,1489,1482,13,1495,39
2021-08-10,Kern,029,883053,103041,101254,12810,114064,1359
2021-08-10,Kings,031,150075,24887,24252,1242,25494,251
2021-08-10,Lake,033,64148,4869,4700,30,4730,67
2021-08-10,Lassen,035,31185,5499,5401,127,5528,21
2021-08-10,Los Angeles,037,10098052,1306348,1285140,47130,1332270,24821
2021-08-10,Madera,039,155013,17941,17481,1124,18605,245
2021-08-10,Marin,041,260295,15620,15194,305,15499,239
2021-08-10,Mariposa,043,17540,585,550,12,562,5
2021-08-10,Mendocino,045,87422,5053,4775,144,4919,49
2021-08-10,Merced,047,269075,33203,32721,1161,33882,477
2021-08-10,Modoc,049,8938,430,421,148,569,5
2021-08-10,Mono,051,14174,1347,1320,17,1337,3
2021-08-10,Monterey,053,433212,44695,44259,2100,46359,527
2021-08-10,Napa,055,140530,10962,10703,63,10766,83
2021-08-10,Nevada,057,99092,6511,6151,218,6369,73
2021-08-10,Orange,059,3164182,276805,271688,12530,284218,5155
2021-08-10,Placer,061,380077,27951,26561,2174,28735,305
2021-08-10,Plumas,063,18699,859,816,14,830,5
2021-08-10,Riverside,065,2383286,316619,309529,14740,324269,4564
2021-08-10,Sacramento,067,1510023,125406,121159,2376,123535,1755
2021-08-10,San Benito,069,59416,6448,6371,119,6490,64
2021-08-10,San Bernardino,071,2135413,313891,308672,9570,318242,5295
2021-08-10,San Diego,073,3302833,314043,308288,18086,326374,3815
2021-08-10,San Francisco,075,870044,44834,43389,1753,45142,564
2021-08-10,San Joaquin,077,732212,81295,79391,4067,83458,1478
2021-08-10,San Luis Obispo,079,281455,23524,22776,868,23644,264
2021-08-10,San Mateo,081,765935,47280,46184,656,46840,548
2021-08-10,Santa Barbara,083,443738,37381,36574,1261,37835,472
2021-08-10,Santa Clara,085,1922200,128837,126019,903,126922,1770
2021-08-10,Santa Cruz,087,273765,17547,17142,854,17996,209
2021-08-10,Shasta,089,179085,13953,13461,1859,15320,211
2021-08-10,Sierra,091,2930,84,76,12,88,0
2021-08-10,Siskiyou,093,43540,2219,2088,501,2589,33
2021-08-10,Solano,095,438530,38388,36767,832,37599,262
2021-08-10,Sonoma,097,501317,35289,34054,406,34460,333
2021-08-10,Stanislaus,099,539301,61900,60605,6628,67233,1037
2021-08-10,Sutter,101,95872,10751,10569,112,10681,130
2021-08-10,Tehama,103,63373,5569,5392,646,6038,66
2021-08-10,Trinity,105,12862,546,384,125,509,3
2021-08-10,Tulare,107,460477,52747,51390,10097,61487,854
2021-08-10,Tuolumne,109,53932,4929,4780,48,4828,64
2021-08-10,Ventura,111,848112,87327,85714,3633,89347,1051
2021-08-10,Yolo,113,214977,16057,15568,537,16105,218
2021-08-10,Yuba,115,75493,7222,7028,162,7190,50
2021-08-09,Alameda,001,1643700,102165,99496,2228,101724,1276
2021-08-09,Alpine,003,1148,90,91,0,91,0
2021-08-09,Amador,005,37829,4221,4078,36,4114,48
2021-08-09,Butte,007,227075,14225,13813,2183,15996,205
2021-08-09,Calaveras,009,45235,2559,2472,15,2487,57
2021-08-09,Colusa,011,21464,2146,2075,398,2473,16
2021-08-09,Contra Costa,013,1133247,82376,79740,1575,81315,840
2021-08-09,Del Norte,015,27424,2019,1848,16,1864,8
2021-08-09,El Dorado,017,186661,12181,11672,998,12670,117
2021-08-09,Fresno,019,978130,109839,107310,9389,116699,1747
2021-08-09,Glenn,021,27897,2591,2532,621,3153,20
2021-08-09,Humboldt,023,135768,5965,5632,102,5734,52
2021-08-09,Imperial,025,180216,29702,29512,2749,32261,745
2021-08-09,Inyo,027,18085,1489,1481,13,1494,39
2021-08-09,Kern,029,883053,102729,101069,12724,113793,1359
2021-08-09,Kings,031,150075,24780,24155,1228,25383,250
2021-08-09,Lake,033,64148,4834,4670,28,4698,66
2021-08-09,Lassen,035,31185,5477,5393,126,5519,21
2021-08-09,Los Angeles,037,10098052,1302335,1282891,46927,1329818,24798
2021-08-09,Madera,039,155013,17882,17429,1104,18533,245
2021-08-09,Marin,041,260295,15567,15154,304,15458,239
2021-08-09,Mariposa,043,17540,572,545,12,557,5
2021-08-09,Mendocino,045,87422,5002,4732,136,4868,49
2021-08-09,Merced,047,269075,33057,32666,1154,33820,477
2021-08-09,Modoc,049,8938,430,419,148,567,5
2021-08-09,Mono,051,14174,1344,1337,17,1354,3
2021-08-09,Monterey,053,433212,44623,44190,2085,46275,527
2021-08-09,Napa,055,140530,10915,10679,63,10742,83
2021-08-09,Nevada,057,99092,6439,6088,217,6305,73
2021-08-09,Orange,059,3164182,275765,271036,12475,283511,5153
2021-08-09,Placer,061,380077,27728,26457,2143,28600,305
2021-08-09,Plumas,063,18699,842,803,14,817,5
2021-08-09,Riverside,065,2383286,315543,308678,14722,323400,4562
2021-08-09,Sacramento,067,1510023,124571,120812,2351,123163,1748
2021-08-09,San Benito,069,59416,6428,6359,117,6476,63
2021-08-09,San Bernardino,071,2135413,312906,308038,9547,317585,5295
2021-08-09,San Diego,073,3302833,312383,306855,17987,324842,3811
2021-08-09,San Francisco,075,870044,44588,43261,1737,44998,564
2021-08-09,San Joaquin,077,732212,80912,79198,4049,83247,1469
2021-08-09,San Luis Obispo,079,281455,23385,22695,859,23554,264
2021-08-09,San Mateo,081,765935,47108,46040,653,46693,548
2021-08-09,Santa Barbara,083,443738,37197,36474,1253,37727,470
2021-08-09,Santa Clara,085,1922200,128334,125791,894,126685,2187
2021-08-09,Santa Cruz,087,273765,17485,17082,854,17936,209
2021-08-09,Shasta,089,179085,13836,13397,1848,15245,210
2021-08-09,Sierra,091,2930,83,75,12,87,0
2021-08-09,Siskiyou,093,43540,2207,2047,486,2533,32
2021-08-09,Solano,095,438530,38112,36653,830,37483,262
2021-08-09,Sonoma,097,501317,35108,33933,404,34337,333
2021-08-09,Stanislaus,099,539301,61621,60410,6579,66989,1037
2021-08-09,Sutter,101,95872,10702,10525,109,10634,129
2021-08-09,Tehama,103,63373,5527,5373,645,6018,66
2021-08-09,Trinity,105,12862,544,378,123,501,3
2021-08-09,Tulare,107,460477,52586,51274,10035,61309,854
2021-08-09,Tuolumne,109,53932,4887,4745,48,4793,64
2021-08-09,Ventura,111,848112,87055,85514,3622,89136,1047
2021-08-09,Yolo,113,214977,15979,15521,516,16037,218
2021-08-09,Yuba,115,75493,7163,6994,162,7156,50
2021-08-08,Alameda,001,1643700,101614,99135,2222,101357,1276
2021-08-08,Alpine,003,1148,90,91,0,91,0
2021-08-08,Amador,005,37829,4187,4057,35,4092,48
2021-08-08,Butte,007,227075,14143,13791,2163,15954,205
2021-08-08,Calaveras,009,45235,2526,2462,15,2477,57
2021-08-08,Colusa,011,21464,2129,2070,391,2461,16
2021-08-08,Contra Costa,013,1133247,81852,79454,1568,81022,840
2021-08-08,Del Norte,015,27424,1973,1810,16,1826,8
2021-08-08,El Dorado,017,186661,12060,11631,987,12618,117
2021-08-08,Fresno,019,978130,109396,107078,9352,116430,1747
2021-08-08,Glenn,021,27897,2583,2527,614,3141,20
2021-08-08,Humboldt,023,135768,5876,5571,102,5673,52
2021-08-08,Imperial,025,180216,29678,29485,2739,32224,745
2021-08-08,Inyo,027,18085,1489,1481,13,1494,39
2021-08-08,Kern,029,883053,102409,100909,12612,113521,1359
2021-08-08,Kings,031,150075,24666,24095,1219,25314,250
2021-08-08,Lake,033,64148,4784,4636,27,4663,66
2021-08-08,Lassen,035,31185,5462,5391,125,5516,21
2021-08-08,Los Angeles,037,10098052,1298083,1279982,46743,1326725,24793
2021-08-08,Madera,039,155013,17803,17398,1087,18485,245
2021-08-08,Marin,041,260295,15514,15124,302,15426,239
2021-08-08,Mariposa,043,17540,568,538,12,550,5
2021-08-08,Mendocino,045,87422,4940,4702,123,4825,49
2021-08-08,Merced,047,269075,32910,32634,1145,33779,477
2021-08-08,Modoc,049,8938,429,419,147,566,5
2021-08-08,Mono,051,14174,1340,1336,17,1353,3
2021-08-08,Monterey,053,433212,44553,44171,2074,46245,527
2021-08-08,Napa,055,140530,10879,10668,63,10731,83
2021-08-08,Nevada,057,99092,6355,6009,215,6224,73
2021-08-08,Orange,059,3164182,274852,270532,12433,282965,5153
2021-08-08,Placer,061,380077,27519,26332,2102,28434,305
2021-08-08,Plumas,063,18699,833,803,14,817,5
2021-08-08,Riverside,065,2383286,314422,308042,14699,322741,4562
2021-08-08,Sacramento,067,1510023,123743,120109,2339,122448,1744
2021-08-08,San Benito,069,59416,6411,6350,116,6466,63
2021-08-08,San Bernardino,071,2135413,311764,307378,9518,316896,5295
2021-08-08,San Diego,073,3302833,311042,305983,17889,323872,3811
2021-08-08,San Francisco,075,870044,44328,43098,1714,44812,564
2021-08-08,San Joaquin,077,732212,80463,79002,4033,83035,1469
2021-08-08,San Luis Obispo,079,281455,23211,22668,851,23519,263
2021-08-08,San Mateo,081,765935,46918,45927,650,46577,548
2021-08-08,Santa Barbara,083,443738,37020,36417,1246,37663,470
2021-08-08,Santa Clara,085,1922200,127883,125553,889,126442,2187
2021-08-08,Santa Cruz,087,273765,17414,17035,849,17884,209
2021-08-08,Shasta,089,179085,13751,13381,1837,15218,210
2021-08-08,Sierra,091,2930,83,74,12,86,0
2021-08-08,Siskiyou,093,43540,2191,2041,481,2522,32
2021-08-08,Solano,095,438530,37860,36551,826,37377,262
2021-08-08,Sonoma,097,501317,34864,33805,403,34208,333
2021-08-08,Stanislaus,099,539301,61295,60269,6534,66803,1037
2021-08-08,Sutter,101,95872,10642,10481,108,10589,129
2021-08-08,Tehama,103,63373,5491,5359,642,6001,66
2021-08-08,Trinity,105,12862,539,378,123,501,3
2021-08-08,Tulare,107,460477,52407,51220,9976,61196,854
2021-08-08,Tuolumne,109,53932,4848,4731,48,4779,64
2021-08-08,Ventura,111,848112,86764,85382,3612,88994,1047
2021-08-08,Yolo,113,214977,15887,15477,509,15986,218
2021-08-08,Yuba,115,75493,7124,6967,162,7129,50
2021-08-07,Alameda,001,1643700,101365,98812,2216,101028,1276
2021-08-07,Alpine,003,1148,90,91,0,91,0
2021-08-07,Amador,005,37829,4170,4041,34,4075,48
2021-08-07,Butte,007,227075,14091,13714,2151,15865,205
2021-08-07,Calaveras,009,45235,2516,2446,15,2461,57
2021-08-07,Colusa,011,21464,2124,2067,382,2449,16
2021-08-07,Contra Costa,013,1133247,81556,79168,1565,80733,840
2021-08-07,Del Norte,015,27424,1941,1791,16,1807,8
2021-08-07,El Dorado,017,186661,12012,11575,980,12555,117
2021-08-07,Fresno,019,978130,109193,106861,9326,116187,1747
2021-08-07,Glenn,021,27897,2575,2515,613,3128,20
2021-08-07,Humboldt,023,135768,5826,5510,99,5609,52
2021-08-07,Imperial,025,180216,29659,29470,2739,32209,745
2021-08-07,Inyo,027,18085,1487,1476,13,1489,39
2021-08-07,Kern,029,883053,102251,100693,12557,113250,1359
2021-08-07,Kings,031,150075,24605,24048,1213,25261,250
2021-08-07,Lake,033,64148,4763,4613,27,4640,66
2021-08-07,Lassen,035,31185,5458,5386,125,5511,21
2021-08-07,Los Angeles,037,10098052,1296045,1276853,46597,1323450,24786
2021-08-07,Madera,039,155013,17768,17366,1083,18449,245
2021-08-07,Marin,041,260295,15480,15085,301,15386,239
2021-08-07,Mariposa,043,17540,565,530,12,542,5
2021-08-07,Mendocino,045,87422,4904,4690,121,4811,49
2021-08-07,Merced,047,269075,32846,32569,1142,33711,477
2021-08-07,Modoc,049,8938,429,419,147,566,5
2021-08-07,Mono,051,14174,1337,1329,17,1346,3
2021-08-07,Monterey,053,433212,44501,44124,2069,46193,527
2021-08-07,Napa,055,140530,10858,10658,62,10720,83
2021-08-07,Nevada,057,99092,6305,5967,213,6180,73
2021-08-07,Orange,059,3164182,274260,269900,12403,282303,5153
2021-08-07,Placer,061,380077,27330,26244,2094,28338,305
2021-08-07,Plumas,063,18699,828,801,14,815,5
2021-08-07,Riverside,065,2383286,313750,307326,14692,322018,4562
2021-08-07,Sacramento,067,1510023,123242,119636,2335,121971,1744
2021-08-07,San Benito,069,59416,6401,6332,116,6448,63
2021-08-07,San Bernardino,071,2135413,311174,306663,9501,316164,5295
2021-08-07,San Diego,073,3302833,310287,304974,17854,322828,3811
2021-08-07,San Francisco,075,870044,44157,42926,1696,44622,564
2021-08-07,San Joaquin,077,732212,80299,78769,4018,82787,1469
2021-08-07,San Luis Obispo,079,281455,23142,22579,850,23429,263
2021-08-07,San Mateo,081,765935,46790,45804,648,46452,548
2021-08-07,Santa Barbara,083,443738,36924,36303,1240,37543,470
2021-08-07,Santa Clara,085,1922200,127612,125196,884,126080,2188
2021-08-07,Santa Cruz,087,273765,17371,16994,847,17841,209
2021-08-07,Shasta,089,179085,13695,13361,1830,15191,210
2021-08-07,Sierra,091,2930,83,74,12,86,0
2021-08-07,Siskiyou,093,43540,2179,2039,479,2518,32
2021-08-07,Solano,095,438530,37744,36458,818,37276,262
2021-08-07,Sonoma,097,501317,34742,33716,403,34119,333
2021-08-07,Stanislaus,099,539301,61124,60093,6504,66597,1037
2021-08-07,Sutter,101,95872,10605,10447,108,10555,129
2021-08-07,Tehama,103,63373,5480,5343,637,5980,66
2021-08-07,Trinity,105,12862,535,377,122,499,3
2021-08-07,Tulare,107,460477,52321,51133,9938,61071,854
2021-08-07,Tuolumne,109,53932,4818,4721,48,4769,64
2021-08-07,Ventura,111,848112,86584,85232,3598,88830,1047
2021-08-07,Yolo,113,214977,15843,15423,502,15925,218
2021-08-07,Yuba,115,75493,7099,6937,160,7097,50
2021-08-06,Alameda,001,1643700,101036,98487,2210,100697,1275
2021-08-06,Alpine,003,1148,90,91,0,91,0
2021-08-06,Amador,005,37829,4149,4002,34,4036,48
2021-08-06,Butte,007,227075,14041,13626,2136,15762,205
2021-08-06,Calaveras,009,45235,2505,2419,15,2434,57
2021-08-06,Colusa,011,21464,2117,2045,376,2421,16
2021-08-06,Contra Costa,013,1133247,81261,78796,1560,80356,840
2021-08-06,Del Norte,015,27424,1914,1755,15,1770,8
2021-08-06,El Dorado,017,186661,11962,11498,968,12466,117
2021-08-06,Fresno,019,978130,108929,106542,9299,115841,1747
2021-08-06,Glenn,021,27897,2560,2504,610,3114,20
2021-08-06,Humboldt,023,135768,5775,5421,96,5517,52
2021-08-06,Imperial,025,180216,29648,29404,2735,32139,745
2021-08-06,Inyo,027,18085,1484,1471,13,1484,39
2021-08-06,Kern,029,883053,102074,100427,12472,112899,1359
2021-08-06,Kings,031,150075,24550,23974,1209,25183,250
2021-08-06,Lake,033,64148,4740,4557,27,4584,66
2021-08-06,Lassen,035,31185,5436,5368,125,5493,21
2021-08-06,Los Angeles,037,10098052,1293554,1273081,46445,1319526,24772
2021-08-06,Madera,039,155013,17729,17324,1074,18398,245
2021-08-06,Marin,041,260295,15447,15051,301,15352,239
2021-08-06,Mariposa,043,17540,556,511,12,523,5
2021-08-06,Mendocino,045,87422,4862,4649,120,4769,49
2021-08-06,Merced,047,269075,32786,32456,1139,33595,477
2021-08-06,Modoc,049,8938,429,419,147,566,5
2021-08-06,Mono,051,14174,1336,1328,17,1345,3
2021-08-06,Monterey,053,433212,44433,44058,2056,46114,527
2021-08-06,Napa,055,140530,10831,10620,62,10682,83
2021-08-06,Nevada,057,99092,6249,5874,213,6087,73
2021-08-06,Orange,059,3164182,273695,269077,12386,281463,5151
2021-08-06,Placer,061,380077,27207,26086,2073,28159,305
2021-08-06,Plumas,063,18699,819,795,14,809,5
2021-08-06,Riverside,065,2383286,313040,306304,14681,320985,4562
2021-08-06,Sacramento,067,1510023,122750,119169,2316,121485,1740
2021-08-06,San Benito,069,59416,6384,6315,116,6431,63
2021-08-06,San Bernardino,071,2135413,310473,305806,9492,315298,5286
2021-08-06,San Diego,073,3302833,309248,303691,17805,321496,3810
2021-08-06,San Francisco,075,870044,44000,42659,1678,44337,565
2021-08-06,San Joaquin,077,732212,80149,78405,4006,82411,1469
2021-08-06,San Luis Obispo,079,281455,23074,22472,845,23317,263
2021-08-06,San Mateo,081,765935,46638,45665,643,46308,548
2021-08-06,Santa Barbara,083,443738,36835,36208,1236,37444,470
2021-08-06,Santa Clara,085,1922200,127322,124767,879,125646,2185
2021-08-06,Santa Cruz,087,273765,17327,16924,843,17767,207
2021-08-06,Shasta,089,179085,13629,13284,1824,15108,210
2021-08-06,Sierra,091,2930,83,73,12,85,0
2021-08-06,Siskiyou,093,43540,2169,2030,475,2505,32
2021-08-06,Solano,095,438530,37634,36351,809,37160,262
2021-08-06,Sonoma,097,501317,34656,33594,402,33996,333
2021-08-06,Stanislaus,099,539301,60986,59854,6484,66338,1037
2021-08-06,Sutter,101,95872,10562,10391,108,10499,128
2021-08-06,Tehama,103,63373,5456,5325,635,5960,66
2021-08-06,Trinity,105,12862,534,371,121,492,3
2021-08-06,Tulare,107,460477,52220,51018,9891,60909,854
2021-08-06,Tuolumne,109,53932,4791,4674,48,4722,64
2021-08-06,Ventura,111,848112,86413,85046,3586,88632,1047
2021-08-06,Yolo,113,214977,15790,15299,497,15796,218
2021-08-06,Yuba,115,75493,7076,6904,160,7064,50
2021-08-05,Alameda,001,1643700,100551,98052,2205,100257,1275
2021-08-05,Alpine,003,1148,90,91,0,91,0
2021-08-05,Amador,005,37829,4129,3992,34,4026,48
2021-08-05,Butte,007,227075,13980,13564,2113,15677,206
2021-08-05,Calaveras,009,45235,2486,2397,15,2412,57
2021-08-05,Colusa,011,21464,2105,2036,372,2408,16
2021-08-05,Contra Costa,013,1133247,80834,78514,1553,80067,840
2021-08-05,Del Norte,015,27424,1887,1731,15,1746,8
2021-08-05,El Dorado,017,186661,11877,11408,957,12365,117
2021-08-05,Fresno,019,978130,108557,106219,9263,115482,1747
2021-08-05,Glenn,021,27897,2554,2494,607,3101,20
2021-08-05,Humboldt,023,135768,5701,5328,95,5423,52
2021-08-05,Imperial,025,180216,29617,29383,2731,32114,745
2021-08-05,Inyo,027,18085,1480,1468,13,1481,38
2021-08-05,Kern,029,883053,101852,100091,12387,112478,1358
2021-08-05,Kings,031,150075,24466,23906,1204,25110,249
2021-08-05,Lake,033,64148,4701,4490,25,4515,66
2021-08-05,Lassen,035,31185,5428,5344,125,5469,21
2021-08-05,Los Angeles,037,10098052,1290334,1269445,46314,1315759,24756
2021-08-05,Madera,039,155013,17688,17301,1066,18367,245
2021-08-05,Marin,041,260295,15403,15005,297,15302,239
2021-08-05,Mariposa,043,17540,545,504,11,515,5
2021-08-05,Mendocino,045,87422,4819,4597,111,4708,49
2021-08-05,Merced,047,269075,32719,32381,1128,33509,477
2021-08-05,Modoc,049,8938,428,418,147,565,5
2021-08-05,Mono,051,14174,1328,1309,17,1326,3
2021-08-05,Monterey,053,433212,44376,43992,2038,46030,527
2021-08-05,Napa,055,140530,10795,10591,60,10651,83
2021-08-05,Nevada,057,99092,6167,5778,210,5988,73
2021-08-05,Orange,059,3164182,272914,268329,12360,280689,5149
2021-08-05,Placer,061,380077,27007,25965,2046,28011,305
2021-08-05,Plumas,063,18699,810,787,14,801,5
2021-08-05,Riverside,065,2383286,312123,305415,14655,320070,4562
2021-08-05,Sacramento,067,1510023,122041,118590,2303,120893,1739
2021-08-05,San Benito,069,59416,6366,6305,116,6421,63
2021-08-05,San Bernardino,071,2135413,309636,304956,9471,314427,5284
2021-08-05,San Diego,073,3302833,307976,302220,17723,319943,3806
2021-08-05,San Francisco,075,870044,43789,42301,1669,43970,564
2021-08-05,San Joaquin,077,732212,79787,78151,3988,82139,1468
2021-08-05,San Luis Obispo,079,281455,22959,22362,839,23201,263
2021-08-05,San Mateo,081,765935,46465,45554,641,46195,548
2021-08-05,Santa Barbara,083,443738,36728,36112,1233,37345,470
2021-08-05,Santa Clara,085,1922200,126989,124490,879,125369,2185
2021-08-05,Santa Cruz,087,273765,17283,16867,840,17707,207
2021-08-05,Shasta,089,179085,13571,13217,1816,15033,210
2021-08-05,Sierra,091,2930,78,73,12,85,0
2021-08-05,Siskiyou,093,43540,2148,2024,466,2490,32
2021-08-05,Solano,095,438530,37453,36250,802,37052,262
2021-08-05,Sonoma,097,501317,34521,33455,401,33856,330
2021-08-05,Stanislaus,099,539301,60764,59692,6445,66137,1037
2021-08-05,Sutter,101,95872,10507,10349,108,10457,127
2021-08-05,Tehama,103,63373,5438,5305,632,5937,66
2021-08-05,Trinity,105,12862,528,367,121,488,3
2021-08-05,Tulare,107,460477,52103,50889,9837,60726,854
2021-08-05,Tuolumne,109,53932,4761,4619,48,4667,64
2021-08-05,Ventura,111,848112,86162,84837,3572,88409,1047
2021-08-05,Yolo,113,214977,15723,15250,487,15737,218
2021-08-05,Yuba,115,75493,7033,6872,158,7030,50
2021-08-04,Alameda,001,1643700,100050,97477,2194,99671,1274
2021-08-04,Alpine,003,1148,90,91,0,91,0
2021-08-04,Amador,005,37829,4099,3962,33,3995,48
2021-08-04,Butte,007,227075,13912,13509,2096,15605,205
2021-08-04,Calaveras,009,45235,2461,2374,15,2389,57
2021-08-04,Colusa,011,21464,2093,2025,366,2391,16
2021-08-04,Contra Costa,013,1133247,80317,77966,1548,79514,840
2021-08-04,Del Norte,015,27424,1864,1701,15,1716,8
2021-08-04,El Dorado,017,186661,11797,11319,946,12265,117
2021-08-04,Fresno,019,978130,108189,105899,9224,115123,1747
2021-08-04,Glenn,021,27897,2546,2487,605,3092,20
2021-08-04,Humboldt,023,135768,5625,5271,94,5365,52
2021-08-04,Imperial,025,180216,29569,29375,2729,32104,745
2021-08-04,Inyo,027,18085,1479,1465,13,1478,38
2021-08-04,Kern,029,883053,101602,99868,12304,112172,1358
2021-08-04,Kings,031,150075,24394,23840,1196,25036,250
2021-08-04,Lake,033,64148,4671,4423,20,4443,65
2021-08-04,Lassen,035,31185,5420,5340,125,5465,21
2021-08-04,Los Angeles,037,10098052,1286840,1265788,46155,1311943,24737
2021-08-04,Madera,039,155013,17653,17251,1059,18310,245
2021-08-04,Marin,041,260295,15356,14950,295,15245,239
2021-08-04,Mariposa,043,17540,530,497,11,508,5
2021-08-04,Mendocino,045,87422,4795,4560,107,4667,49
2021-08-04,Merced,047,269075,32581,32274,1123,33397,476
2021-08-04,Modoc,049,8938,428,416,147,563,5
2021-08-04,Mono,051,14174,1324,1307,17,1324,3
2021-08-04,Monterey,053,433212,44311,43926,2027,45953,526
2021-08-04,Napa,055,140530,10758,10544,60,10604,82
2021-08-04,Nevada,057,99092,6103,5702,209,5911,73
2021-08-04,Orange,059,3164182,272040,267199,12323,279522,5146
2021-08-04,Placer,061,380077,26790,25688,2026,27714,305
2021-08-04,Plumas,063,18699,804,784,14,798,5
2021-08-04,Riverside,065,2383286,311198,304272,14630,318902,4562
2021-08-04,Sacramento,067,1510023,121284,117882,2277,120159,1736
2021-08-04,San Benito,069,59416,6351,6300,116,6416,63
2021-08-04,San Bernardino,071,2135413,308780,304164,9452,313616,5285
2021-08-04,San Diego,073,3302833,306463,301100,17656,318756,3805
2021-08-04,San Francisco,075,870044,43534,41913,1657,43570,562
2021-08-04,San Joaquin,077,732212,79430,77846,3976,81822,1466
2021-08-04,San Luis Obispo,079,281455,22850,22245,833,23078,262
2021-08-04,San Mateo,081,765935,46293,45392,640,46032,548
2021-08-04,Santa Barbara,083,443738,36599,36013,1225,37238,470
2021-08-04,Santa Clara,085,1922200,126598,124127,872,124999,2183
2021-08-04,Santa Cruz,087,273765,17221,16820,833,17653,208
2021-08-04,Shasta,089,179085,13520,13134,1805,14939,211
2021-08-04,Sierra,091,2930,78,73,12,85,0
2021-08-04,Siskiyou,093,43540,2128,2010,462,2472,32
2021-08-04,Solano,095,438530,37252,36025,793,36818,262
2021-08-04,Sonoma,097,501317,34349,33311,399,33710,330
2021-08-04,Stanislaus,099,539301,60538,59396,6407,65803,1037
2021-08-04,Sutter,101,95872,10470,10294,108,10402,127
2021-08-04,Tehama,103,63373,5412,5281,626,5907,66
2021-08-04,Trinity,105,12862,526,362,118,480,3
2021-08-04,Tulare,107,460477,51993,50797,9793,60590,855
2021-08-04,Tuolumne,109,53932,4736,4584,48,4632,64
2021-08-04,Ventura,111,848112,85904,84406,3550,87956,1047
2021-08-04,Yolo,113,214977,15643,15189,474,15663,215
2021-08-04,Yuba,115,75493,6993,6827,157,6984,50
2021-08-03,Alameda,001,1643700,99602,97275,2189,99464,1270
2021-08-03,Alpine,003,1148,90,91,0,91,0
2021-08-03,Amador,005,37829,4063,3953,33,3986,48
2021-08-03,Butte,007,227075,13844,13468,2081,15549,205
2021-08-03,Calaveras,009,45235,2439,2356,15,2371,57
2021-08-03,Colusa,011,21464,2080,2023,360,2383,16
2021-08-03,Contra Costa,013,1133247,79835,77739,1541,79280,836
2021-08-03,Del Norte,015,27424,1832,1691,14,1705,8
2021-08-03,El Dorado,017,186661,11704,11255,936,12191,117
2021-08-03,Fresno,019,978130,107827,105732,9193,114925,1746
2021-08-03,Glenn,021,27897,2539,2481,599,3080,20
2021-08-03,Humboldt,023,135768,5560,5199,89,5288,52
2021-08-03,Imperial,025,180216,29547,29333,2722,32055,745
2021-08-03,Inyo,027,18085,1476,1459,13,1472,38
2021-08-03,Kern,029,883053,101340,99708,12225,111933,1358
2021-08-03,Kings,031,150075,24306,23780,1189,24969,249
2021-08-03,Lake,033,64148,4615,4408,16,4424,66
2021-08-03,Lassen,035,31185,5410,5341,125,5466,21
2021-08-03,Los Angeles,037,10098052,1283097,1262678,45977,1308655,24721
2021-08-03,Madera,039,155013,17612,17220,1044,18264,245
2021-08-03,Marin,041,260295,15307,14906,292,15198,243
2021-08-03,Mariposa,043,17540,519,495,11,506,5
2021-08-03,Mendocino,045,87422,4746,4546,106,4652,49
2021-08-03,Merced,047,269075,32498,32197,1121,33318,476
2021-08-03,Modoc,049,8938,428,416,147,563,5
2021-08-03,Mono,051,14174,1319,1303,17,1320,3
2021-08-03,Monterey,053,433212,44248,43872,2014,45886,525
2021-08-03,Napa,055,140530,10715,10527,59,10586,82
2021-08-03,Nevada,057,99092,6022,5685,208,5893,73
2021-08-03,Orange,059,3164182,271301,266649,12293,278942,5146
2021-08-03,Placer,061,380077,26589,25624,2002,27626,305
2021-08-03,Plumas,063,18699,797,779,14,793,5
2021-08-03,Riverside,065,2383286,310274,303499,14603,318102,4562
2021-08-03,Sacramento,067,1510023,120539,117591,2257,119848,1732
2021-08-03,San Benito,069,59416,6336,6284,115,6399,63
2021-08-03,San Bernardino,071,2135413,307860,303386,9434,312820,5265
2021-08-03,San Diego,073,3302833,305024,300189,17546,317735,3803
2021-08-03,San Francisco,075,870044,43252,41758,1637,43395,562
2021-08-03,San Joaquin,077,732212,79079,77615,3955,81570,1461
2021-08-03,San Luis Obispo,079,281455,22710,22166,826,22992,264
2021-08-03,San Mateo,081,765935,46101,45255,635,45890,548
2021-08-03,Santa Barbara,083,443738,36480,35912,1219,37131,469
2021-08-03,Santa Clara,085,1922200,126177,123914,866,124780,2183
2021-08-03,Santa Cruz,087,273765,17155,16778,830,17608,207
2021-08-03,Shasta,089,179085,13445,13091,1794,14885,211
2021-08-03,Sierra,091,2930,78,72,12,84,0
2021-08-03,Siskiyou,093,43540,2117,1998,457,2455,32
2021-08-03,Solano,095,438530,37032,35953,781,36734,261
2021-08-03,Sonoma,097,501317,34168,33243,398,33641,330
2021-08-03,Stanislaus,099,539301,60316,59282,6388,65670,1037
2021-08-03,Sutter,101,95872,10430,10263,107,10370,127
2021-08-03,Tehama,103,63373,5385,5269,621,5890,66
2021-08-03,Trinity,105,12862,523,361,115,476,3
2021-08-03,Tulare,107,460477,51898,50729,9747,60476,854
2021-08-03,Tuolumne,109,53932,4701,4563,48,4611,64
2021-08-03,Ventura,111,848112,85660,84270,3529,87799,1046
2021-08-03,Yolo,113,214977,15551,15149,459,15608,215
2021-08-03,Yuba,115,75493,6956,6781,155,6936,50
2021-08-02,Alameda,001,1643700,99044,96954,2185,99139,1270
2021-08-02,Alpine,003,1148,90,91,0,91,0
2021-08-02,Amador,005,37829,4043,3927,33,3960,48
2021-08-02,Butte,007,227075,13764,13442,2062,15504,205
2021-08-02,Calaveras,009,45235,2414,2347,15,2362,57
2021-08-02,Colusa,011,21464,2068,2019,357,2376,16
2021-08-02,Contra Costa,013,1133247,79326,77516,1527,79043,836
2021-08-02,Del Norte,015,27424,1802,1653,14,1667,8
2021-08-02,El Dorado,017,186661,11601,11226,922,12148,116
2021-08-02,Fresno,019,978130,107481,105471,9156,114627,1744
2021-08-02,Glenn,021,27897,2531,2477,596,3073,20
2021-08-02,Humboldt,023,135768,5477,5161,87,5248,52
2021-08-02,Imperial,025,180216,29514,29302,2719,32021,743
2021-08-02,Inyo,027,18085,1470,1455,13,1468,38
2021-08-02,Kern,029,883053,101085,99556,12134,111690,1357
2021-08-02,Kings,031,150075,24236,23722,1183,24905,249
2021-08-02,Lake,033,64148,4572,4375,16,4391,66
2021-08-02,Lassen,035,31185,5387,5338,123,5461,21
2021-08-02,Los Angeles,037,10098052,1279375,1260807,45771,1306578,24705
2021-08-02,Madera,039,155013,17568,17158,1031,18189,245
2021-08-02,Marin,041,260295,15264,14859,291,15150,239
2021-08-02,Mariposa,043,17540,510,490,11,501,5
2021-08-02,Mendocino,045,87422,4706,4512,103,4615,49
2021-08-02,Merced,047,269075,32400,32163,1114,33277,474
2021-08-02,Modoc,049,8938,428,415,147,562,5
2021-08-02,Mono,051,14174,1312,1296,17,1313,3
2021-08-02,Monterey,053,433212,44188,43842,2006,45848,525
2021-08-02,Napa,055,140530,10672,10490,56,10546,82
2021-08-02,Nevada,057,99092,5951,5611,207,5818,73
2021-08-02,Orange,059,3164182,270387,266050,12248,278298,5146
2021-08-02,Placer,061,380077,26442,25516,1968,27484,306
2021-08-02,Plumas,063,18699,790,762,14,776,5
2021-08-02,Riverside,065,2383286,309336,302756,14588,317344,4562
2021-08-02,Sacramento,067,1510023,119842,117183,2237,119420,1728
2021-08-02,San Benito,069,59416,6317,6276,114,6390,63
2021-08-02,San Bernardino,071,2135413,306985,303000,9401,312401,5253
2021-08-02,San Diego,073,3302833,303544,299021,17466,316487,3798
2021-08-02,San Francisco,075,870044,42966,41553,1614,43167,562
2021-08-02,San Joaquin,077,732212,78736,77447,3930,81377,1461
2021-08-02,San Luis Obispo,079,281455,22616,22093,819,22912,261
2021-08-02,San Mateo,081,765935,45924,45154,623,45777,548
2021-08-02,Santa Barbara,083,443738,36342,35851,1213,37064,469
2021-08-02,Santa Clara,085,1922200,125707,123655,858,124513,2183
2021-08-02,Santa Cruz,087,273765,17097,16746,826,17572,207
2021-08-02,Shasta,089,179085,13383,13049,1780,14829,212
2021-08-02,Sierra,091,2930,78,71,12,83,0
2021-08-02,Siskiyou,093,43540,2106,1992,443,2435,31
2021-08-02,Solano,095,438530,36784,35852,768,36620,260
2021-08-02,Sonoma,097,501317,33942,33132,393,33525,330
2021-08-02,Stanislaus,099,539301,60097,59160,6361,65521,1037
2021-08-02,Sutter,101,95872,10384,10220,107,10327,127
2021-08-02,Tehama,103,63373,5362,5260,617,5877,66
2021-08-02,Trinity,105,12862,518,359,114,473,3
2021-08-02,Tulare,107,460477,51797,50640,9675,60315,854
2021-08-02,Tuolumne,109,53932,4634,4524,48,4572,64
2021-08-02,Ventura,111,848112,85475,84143,3506,87649,1044
2021-08-02,Yolo,113,214977,15453,15072,442,15514,215
2021-08-02,Yuba,115,75493,6914,6743,152,6895,50
2021-08-01,Alameda,001,1643700,98511,96775,2179,98954,1270
2021-08-01,Alpine,003,1148,90,91,0,91,0
2021-08-01,Amador,005,37829,4005,3923,33,3956,48
2021-08-01,Butte,007,227075,13686,13406,2045,15451,205
2021-08-01,Calaveras,009,45235,2390,2341,15,2356,57
2021-08-01,Colusa,011,21464,2057,2014,355,2369,16
2021-08-01,Contra Costa,013,1133247,78891,77360,1520,78880,836
2021-08-01,Del Norte,015,27424,1770,1642,14,1656,8
2021-08-01,El Dorado,017,186661,11501,11189,911,12100,116
2021-08-01,Fresno,019,978130,107155,105339,9111,114450,1744
2021-08-01,Glenn,021,27897,2525,2476,593,3069,20
2021-08-01,Humboldt,023,135768,5400,5118,83,5201,52
2021-08-01,Imperial,025,180216,29479,29297,2715,32012,743
2021-08-01,Inyo,027,18085,1468,1454,13,1467,38
2021-08-01,Kern,029,883053,100807,99396,12059,111455,1357
2021-08-01,Kings,031,150075,24149,23700,1178,24878,249
2021-08-01,Lake,033,64148,4493,4356,16,4372,66
2021-08-01,Lassen,035,31185,5374,5336,121,5457,21
2021-08-01,Los Angeles,037,10098052,1275685,1258461,45546,1304007,24700
2021-08-01,Madera,039,155013,17512,17146,1026,18172,245
2021-08-01,Marin,041,260295,15187,14844,290,15134,239
2021-08-01,Mariposa,043,17540,503,482,11,493,5
2021-08-01,Mendocino,045,87422,4660,4476,99,4575,49
2021-08-01,Merced,047,269075,32309,32144,1108,33252,474
2021-08-01,Modoc,049,8938,426,413,147,560,5
2021-08-01,Mono,051,14174,1309,1294,17,1311,3
2021-08-01,Monterey,053,433212,44141,43808,1993,45801,525
2021-08-01,Napa,055,140530,10624,10473,54,10527,82
2021-08-01,Nevada,057,99092,5864,5561,206,5767,73
2021-08-01,Orange,059,3164182,269573,265467,12205,277672,5146
2021-08-01,Placer,061,380077,26227,25464,1938,27402,306
2021-08-01,Plumas,063,18699,784,761,14,775,5
2021-08-01,Riverside,065,2383286,308403,302256,14570,316826,4562
2021-08-01,Sacramento,067,1510023,119107,116923,2223,119146,1727
2021-08-01,San Benito,069,59416,6300,6271,114,6385,63
2021-08-01,San Bernardino,071,2135413,306050,302542,9390,311932,5248
2021-08-01,San Diego,073,3302833,302358,298002,17401,315403,3798
2021-08-01,San Francisco,075,870044,42628,41432,1601,43033,562
2021-08-01,San Joaquin,077,732212,78369,77338,3905,81243,1461
2021-08-01,San Luis Obispo,079,281455,22514,22083,814,22897,261
2021-08-01,San Mateo,081,765935,45742,45036,616,45652,548
2021-08-01,Santa Barbara,083,443738,36218,35809,1209,37018,469
2021-08-01,Santa Clara,085,1922200,125295,123511,850,124361,2183
2021-08-01,Santa Cruz,087,273765,17018,16709,819,17528,207
2021-08-01,Shasta,089,179085,13312,13036,1771,14807,212
2021-08-01,Sierra,091,2930,76,71,12,83,0
2021-08-01,Siskiyou,093,43540,2100,1989,437,2426,31
2021-08-01,Solano,095,438530,36549,35800,759,36559,260
2021-08-01,Sonoma,097,501317,33750,33076,390,33466,330
2021-08-01,Stanislaus,099,539301,59860,59078,6329,65407,1037
2021-08-01,Sutter,101,95872,10329,10198,104,10302,127
2021-08-01,Tehama,103,63373,5345,5252,613,5865,66
2021-08-01,Trinity,105,12862,515,359,113,472,3
2021-08-01,Tulare,107,460477,51640,50600,9614,60214,854
2021-08-01,Tuolumne,109,53932,4596,4489,48,4537,64
2021-08-01,Ventura,111,848112,85245,84040,3491,87531,1044
2021-08-01,Yolo,113,214977,15381,15042,432,15474,215
2021-08-01,Yuba,115,75493,6877,6721,151,6872,50
2021-07-31,Alameda,001,1643700,98179,95279,2174,97453,1265
2021-07-31,Alpine,003,1148,90,89,0,89,0
2021-07-31,Amador,005,37829,3985,3877,33,3910,48
2021-07-31,Butte,007,227075,13652,13235,2025,15260,205
2021-07-31,Calaveras,009,45235,2381,2294,15,2309,57
2021-07-31,Colusa,011,21464,2051,2006,353,2359,16
2021-07-31,Contra Costa,013,1133247,78612,75866,1518,77384,832
2021-07-31,Del Norte,015,27424,1744,1576,14,1590,8
2021-07-31,El Dorado,017,186661,11448,11017,905,11922,116
2021-07-31,Fresno,019,978130,106996,104639,9098,113737,1744
2021-07-31,Glenn,021,27897,2520,2465,588,3053,20
2021-07-31,Humboldt,023,135768,5345,4978,82,5060,52
2021-07-31,Imperial,025,180216,29462,29164,2712,31876,743
2021-07-31,Inyo,027,18085,1465,1442,13,1455,38
2021-07-31,Kern,029,883053,100642,98903,12000,110903,1357
2021-07-31,Kings,031,150075,24096,23548,1173,24721,248
2021-07-31,Lake,033,64148,4468,4238,16,4254,66
2021-07-31,Lassen,035,31185,5367,5320,121,5441,21
2021-07-31,Los Angeles,037,10098052,1273482,1248545,45404,1293949,24691
2021-07-31,Madera,039,155013,17479,17058,1020,18078,245
2021-07-31,Marin,041,260295,15143,14701,289,14990,239
2021-07-31,Mariposa,043,17540,494,470,11,481,5
2021-07-31,Mendocino,045,87422,4635,4400,96,4496,49
2021-07-31,Merced,047,269075,32261,31959,1103,33062,474
2021-07-31,Modoc,049,8938,426,413,147,560,5
2021-07-31,Mono,051,14174,1307,1287,17,1304,3
2021-07-31,Monterey,053,433212,44101,43720,1983,45703,525
2021-07-31,Napa,055,140530,10604,10401,53,10454,82
2021-07-31,Nevada,057,99092,5825,5373,205,5578,72
2021-07-31,Orange,059,3164182,268999,263446,12187,275633,5144
2021-07-31,Placer,061,380077,26094,25104,1931,27035,306
2021-07-31,Plumas,063,18699,781,743,14,757,5
2021-07-31,Riverside,065,2383286,307787,300315,14560,314875,4554
2021-07-31,Sacramento,067,1510023,118695,115259,2217,117476,1720
2021-07-31,San Benito,069,59416,6289,6251,114,6365,63
2021-07-31,San Bernardino,071,2135413,305475,300726,9387,310113,5240
2021-07-31,San Diego,073,3302833,301685,295054,17355,312409,3798
2021-07-31,San Francisco,075,870044,42400,40412,1581,41993,562
2021-07-31,San Joaquin,077,732212,78204,76575,3892,80467,1443
2021-07-31,San Luis Obispo,079,281455,22460,21922,812,22734,260
2021-07-31,San Mateo,081,765935,45585,44622,611,45233,548
2021-07-31,Santa Barbara,083,443738,36137,35531,1208,36739,467
2021-07-31,Santa Clara,085,1922200,125040,122614,848,123462,2099
2021-07-31,Santa Cruz,087,273765,16979,16576,818,17394,207
2021-07-31,Shasta,089,179085,13275,12918,1763,14681,212
2021-07-31,Sierra,091,2930,76,68,12,80,0
2021-07-31,Siskiyou,093,43540,2091,1976,431,2407,31
2021-07-31,Solano,095,438530,36448,35340,752,36092,263
2021-07-31,Sonoma,097,501317,33624,32601,390,32991,329
2021-07-31,Stanislaus,099,539301,59701,58586,6307,64893,1035
2021-07-31,Sutter,101,95872,10295,10068,103,10171,127
2021-07-31,Tehama,103,63373,5330,5216,610,5826,66
2021-07-31,Trinity,105,12862,514,354,112,466,3
2021-07-31,Tulare,107,460477,51550,50409,9561,59970,854
2021-07-31,Tuolumne,109,53932,4557,4362,48,4410,64
2021-07-31,Ventura,111,848112,85084,83509,3475,86984,1044
2021-07-31,Yolo,113,214977,15333,14863,421,15284,215
2021-07-31,Yuba,115,75493,6854,6615,147,6762,50
2021-07-30,Alameda,001,1643700,97848,95279,2170,97449,1265
2021-07-30,Alpine,003,1148,90,89,0,89,0
2021-07-30,Amador,005,37829,3962,3877,33,3910,48
2021-07-30,Butte,007,227075,13597,13235,2012,15247,205
2021-07-30,Calaveras,009,45235,2371,2294,15,2309,57
2021-07-30,Colusa,011,21464,2047,2006,351,2357,16
2021-07-30,Contra Costa,013,1133247,78366,75866,1514,77380,832
2021-07-30,Del Norte,015,27424,1726,1576,14,1590,8
2021-07-30,El Dorado,017,186661,11414,11017,899,11916,116
2021-07-30,Fresno,019,978130,106802,104639,9086,113725,1744
2021-07-30,Glenn,021,27897,2515,2465,587,3052,20
2021-07-30,Humboldt,023,135768,5282,4978,79,5057,52
2021-07-30,Imperial,025,180216,29448,29164,2709,31873,743
2021-07-30,Inyo,027,18085,1464,1442,13,1455,38
2021-07-30,Kern,029,883053,100518,98903,11953,110856,1357
2021-07-30,Kings,031,150075,24056,23548,1169,24717,248
2021-07-30,Lake,033,64148,4440,4238,16,4254,66
2021-07-30,Lassen,035,31185,5363,5320,121,5441,21
2021-07-30,Los Angeles,037,10098052,1271151,1248545,45255,1293800,24691
2021-07-30,Madera,039,155013,17437,17058,1017,18075,245
2021-07-30,Marin,041,260295,15109,14701,289,14990,239
2021-07-30,Mariposa,043,17540,490,470,11,481,5
2021-07-30,Mendocino,045,87422,4605,4400,95,4495,49
2021-07-30,Merced,047,269075,32220,31959,1099,33058,474
2021-07-30,Modoc,049,8938,424,413,147,560,5
2021-07-30,Mono,051,14174,1302,1287,17,1304,3
2021-07-30,Monterey,053,433212,44067,43720,1974,45694,525
2021-07-30,Napa,055,140530,10582,10401,52,10453,82
2021-07-30,Nevada,057,99092,5768,5373,205,5578,72
2021-07-30,Orange,059,3164182,268374,263446,12161,275607,5144
2021-07-30,Placer,061,380077,26005,25104,1913,27017,306
2021-07-30,Plumas,063,18699,776,743,14,757,5
2021-07-30,Riverside,065,2383286,307150,300315,14550,314865,4554
2021-07-30,Sacramento,067,1510023,118243,115259,2213,117472,1720
2021-07-30,San Benito,069,59416,6282,6251,114,6365,63
2021-07-30,San Bernardino,071,2135413,304962,300726,9380,310106,5240
2021-07-30,San Diego,073,3302833,300911,295054,17297,312351,3798
2021-07-30,San Francisco,075,870044,42187,40412,1567,41979,562
2021-07-30,San Joaquin,077,732212,78050,76575,3887,80462,1443
2021-07-30,San Luis Obispo,079,281455,22422,21922,808,22730,260
2021-07-30,San Mateo,081,765935,45460,44622,598,45220,548
2021-07-30,Santa Barbara,083,443738,36068,35531,1202,36733,467
2021-07-30,Santa Clara,085,1922200,124817,122614,846,123460,2099
2021-07-30,Santa Cruz,087,273765,16953,16576,816,17392,207
2021-07-30,Shasta,089,179085,13230,12918,1763,14681,212
2021-07-30,Sierra,091,2930,75,68,12,80,0
2021-07-30,Siskiyou,093,43540,2082,1976,430,2406,31
2021-07-30,Solano,095,438530,36357,35340,736,36076,263
2021-07-30,Sonoma,097,501317,33529,32601,390,32991,329
2021-07-30,Stanislaus,099,539301,59557,58586,6287,64873,1035
2021-07-30,Sutter,101,95872,10260,10068,103,10171,127
2021-07-30,Tehama,103,63373,5320,5216,610,5826,66
2021-07-30,Trinity,105,12862,514,354,112,466,3
2021-07-30,Tulare,107,460477,51507,50409,9526,59935,854
2021-07-30,Tuolumne,109,53932,4539,4362,48,4410,64
2021-07-30,Ventura,111,848112,84920,83509,3460,86969,1044
2021-07-30,Yolo,113,214977,15272,14863,417,15280,215
2021-07-30,Yuba,115,75493,6818,6615,146,6761,50
2021-07-29,Alameda,001,1643700,97434,95279,2164,97443,1265
2021-07-29,Alpine,003,1148,90,89,0,89,0
2021-07-29,Amador,005,37829,3943,3877,33,3910,48
2021-07-29,Butte,007,227075,13548,13235,2004,15239,205
2021-07-29,Calaveras,009,45235,2356,2294,15,2309,57
2021-07-29,Colusa,011,21464,2040,2006,351,2357,16
2021-07-29,Contra Costa,013,1133247,77926,75866,1512,77378,832
2021-07-29,Del Norte,015,27424,1702,1576,14,1590,8
2021-07-29,El Dorado,017,186661,11350,11017,887,11904,116
2021-07-29,Fresno,019,978130,106538,104639,9060,113699,1744
2021-07-29,Glenn,021,27897,2505,2465,586,3051,20
2021-07-29,Humboldt,023,135768,5222,4978,77,5055,52
2021-07-29,Imperial,025,180216,29403,29164,2707,31871,743
2021-07-29,Inyo,027,18085,1460,1442,13,1455,38
2021-07-29,Kern,029,883053,100311,98903,11876,110779,1357
2021-07-29,Kings,031,150075,24010,23548,1165,24713,248
2021-07-29,Lake,033,64148,4405,4238,16,4254,66
2021-07-29,Lassen,035,31185,5355,5320,118,5438,21
2021-07-29,Los Angeles,037,10098052,1268054,1248545,45073,1293618,24691
2021-07-29,Madera,039,155013,17390,17058,1013,18071,245
2021-07-29,Marin,041,260295,15066,14701,289,14990,239
2021-07-29,Mariposa,043,17540,486,470,11,481,5
2021-07-29,Mendocino,045,87422,4582,4400,93,4493,49
2021-07-29,Merced,047,269075,32165,31959,1099,33058,474
2021-07-29,Modoc,049,8938,424,413,147,560,5
2021-07-29,Mono,051,14174,1300,1287,17,1304,3
2021-07-29,Monterey,053,433212,44018,43720,1964,45684,525
2021-07-29,Napa,055,140530,10550,10401,50,10451,82
2021-07-29,Nevada,057,99092,5716,5373,204,5577,72
2021-07-29,Orange,059,3164182,267662,263446,12129,275575,5144
2021-07-29,Placer,061,380077,25882,25104,1898,27002,306
2021-07-29,Plumas,063,18699,768,743,14,757,5
2021-07-29,Riverside,065,2383286,306445,300315,14526,314841,4554
2021-07-29,Sacramento,067,1510023,117688,115259,2200,117459,1720
2021-07-29,San Benito,069,59416,6271,6251,114,6365,63
2021-07-29,San Bernardino,071,2135413,304325,300726,9371,310097,5240
2021-07-29,San Diego,073,3302833,299854,295054,17229,312283,3798
2021-07-29,San Francisco,075,870044,41939,40412,1546,41958,562
2021-07-29,San Joaquin,077,732212,77795,76575,3879,80454,1443
2021-07-29,San Luis Obispo,079,281455,22367,21922,806,22728,260
2021-07-29,San Mateo,081,765935,45333,44622,588,45210,548
2021-07-29,Santa Barbara,083,443738,35982,35531,1201,36732,467
2021-07-29,Santa Clara,085,1922200,124520,122614,843,123457,2099
2021-07-29,Santa Cruz,087,273765,16900,16576,814,17390,207
2021-07-29,Shasta,089,179085,13176,12918,1754,14672,212
2021-07-29,Sierra,091,2930,75,68,12,80,0
2021-07-29,Siskiyou,093,43540,2077,1976,428,2404,31
2021-07-29,Solano,095,438530,36197,35340,726,36066,263
2021-07-29,Sonoma,097,501317,33355,32601,388,32989,329
2021-07-29,Stanislaus,099,539301,59385,58586,6272,64858,1035
2021-07-29,Sutter,101,95872,10214,10068,102,10170,127
2021-07-29,Tehama,103,63373,5307,5216,604,5820,66
2021-07-29,Trinity,105,12862,512,354,111,465,3
2021-07-29,Tulare,107,460477,51417,50409,9486,59895,854
2021-07-29,Tuolumne,109,53932,4499,4362,47,4409,64
2021-07-29,Ventura,111,848112,84754,83509,3453,86962,1044
2021-07-29,Yolo,113,214977,15204,14863,403,15266,215
2021-07-29,Yuba,115,75493,6769,6615,143,6758,50
2021-07-28,Alameda,001,1643700,96973,94965,2157,97122,1262
2021-07-28,Alpine,003,1148,90,89,0,89,0
2021-07-28,Amador,005,37829,3929,3870,33,3903,48
2021-07-28,Butte,007,227075,13491,13184,1991,15175,205
2021-07-28,Calaveras,009,45235,2335,2289,15,2304,57
2021-07-28,Colusa,011,21464,2037,2001,350,2351,16
2021-07-28,Contra Costa,013,1133247,77437,75487,1504,76991,832
2021-07-28,Del Norte,015,27424,1669,1545,14,1559,8
2021-07-28,El Dorado,017,186661,11300,10967,878,11845,116
2021-07-28,Fresno,019,978130,106289,104458,9040,113498,1744
2021-07-28,Glenn,021,27897,2502,2464,583,3047,20
2021-07-28,Humboldt,023,135768,5171,4946,76,5022,52
2021-07-28,Imperial,025,180216,29356,29096,2707,31803,743
2021-07-28,Inyo,027,18085,1454,1439,12,1451,38
2021-07-28,Kern,029,883053,100155,98781,11830,110611,1352
2021-07-28,Kings,031,150075,23946,23503,1155,24658,248
2021-07-28,Lake,033,64148,4359,4191,15,4206,65
2021-07-28,Lassen,035,31185,5347,5318,118,5436,21
2021-07-28,Los Angeles,037,10098052,1264878,1245485,44888,1290373,24673
2021-07-28,Madera,039,155013,17349,17024,1007,18031,245
2021-07-28,Marin,041,260295,15011,14652,289,14941,239
2021-07-28,Mariposa,043,17540,479,469,11,480,5
2021-07-28,Mendocino,045,87422,4554,4377,93,4470,49
2021-07-28,Merced,047,269075,32109,31886,1095,32981,474
2021-07-28,Modoc,049,8938,422,413,147,560,5
2021-07-28,Mono,051,14174,1299,1286,17,1303,3
2021-07-28,Monterey,053,433212,43971,43668,1955,45623,524
2021-07-28,Napa,055,140530,10510,10376,48,10424,82
2021-07-28,Nevada,057,99092,5662,5320,204,5524,72
2021-07-28,Orange,059,3164182,266870,262735,12100,274835,5143
2021-07-28,Placer,061,380077,25735,24978,1883,26861,306
2021-07-28,Plumas,063,18699,763,754,14,768,5
2021-07-28,Riverside,065,2383286,305678,299611,14507,314118,4554
2021-07-28,Sacramento,067,1510023,117036,114665,2181,116846,1714
2021-07-28,San Benito,069,59416,6260,6236,114,6350,63
2021-07-28,San Bernardino,071,2135413,303703,300121,9359,309480,5236
2021-07-28,San Diego,073,3302833,298580,294176,17156,311332,3798
2021-07-28,San Francisco,075,870044,41635,40144,1520,41664,561
2021-07-28,San Joaquin,077,732212,77544,76312,3849,80161,1443
2021-07-28,San Luis Obispo,079,281455,22308,21865,805,22670,260
2021-07-28,San Mateo,081,765935,45183,44477,579,45056,547
2021-07-28,Santa Barbara,083,443738,35907,35431,1196,36627,467
2021-07-28,Santa Clara,085,1922200,124258,122345,841,123186,2099
2021-07-28,Santa Cruz,087,273765,16862,16551,813,17364,207
2021-07-28,Shasta,089,179085,13131,12882,1744,14626,212
2021-07-28,Sierra,091,2930,71,67,12,79,0
2021-07-28,Siskiyou,093,43540,2068,1971,425,2396,31
2021-07-28,Solano,095,438530,36023,35204,719,35923,262
2021-07-28,Sonoma,097,501317,33212,32434,385,32819,328
2021-07-28,Stanislaus,099,539301,59188,58427,6256,64683,1035
2021-07-28,Sutter,101,95872,10182,10033,101,10134,126
2021-07-28,Tehama,103,63373,5295,5209,601,5810,66
2021-07-28,Trinity,105,12862,511,352,111,463,3
2021-07-28,Tulare,107,460477,51329,50363,9439,59802,854
2021-07-28,Tuolumne,109,53932,4460,4313,47,4360,64
2021-07-28,Ventura,111,848112,84558,83360,3437,86797,1043
2021-07-28,Yolo,113,214977,15132,14801,394,15195,215
2021-07-28,Yuba,115,75493,6736,6591,142,6733,51
2021-07-27,Alameda,001,1643700,96570,94682,2149,96831,1256
2021-07-27,Alpine,003,1148,90,89,0,89,0
2021-07-27,Amador,005,37829,3913,3861,33,3894,48
2021-07-27,Butte,007,227075,13443,13127,1980,15107,205
2021-07-27,Calaveras,009,45235,2324,2280,15,2295,57
2021-07-27,Colusa,011,21464,2028,1999,349,2348,16
2021-07-27,Contra Costa,013,1133247,76952,75227,1500,76727,830
2021-07-27,Del Norte,015,27424,1649,1538,14,1552,8
2021-07-27,El Dorado,017,186661,11240,10941,868,11809,116
2021-07-27,Fresno,019,978130,105996,104288,9017,113305,1746
2021-07-27,Glenn,021,27897,2494,2460,581,3041,20
2021-07-27,Humboldt,023,135768,5117,4925,75,5000,52
2021-07-27,Imperial,025,180216,29311,29048,2706,31754,743
2021-07-27,Inyo,027,18085,1452,1430,12,1442,38
2021-07-27,Kern,029,883053,99985,98724,11775,110499,1352
2021-07-27,Kings,031,150075,23889,23463,1145,24608,248
2021-07-27,Lake,033,64148,4320,4157,15,4172,65
2021-07-27,Lassen,035,31185,5341,5315,118,5433,21
2021-07-27,Los Angeles,037,10098052,1261412,1243336,44681,1288017,24658
2021-07-27,Madera,039,155013,17296,16998,1001,17999,245
2021-07-27,Marin,041,260295,14963,14631,286,14917,239
2021-07-27,Mariposa,043,17540,476,468,11,479,5
2021-07-27,Mendocino,045,87422,4531,4371,93,4464,49
2021-07-27,Merced,047,269075,32042,31825,1092,32917,473
2021-07-27,Modoc,049,8938,421,413,147,560,5
2021-07-27,Mono,051,14174,1295,1288,17,1305,3
2021-07-27,Monterey,053,433212,43931,43646,1944,45590,523
2021-07-27,Napa,055,140530,10480,10354,48,10402,82
2021-07-27,Nevada,057,99092,5585,5305,202,5507,72
2021-07-27,Orange,059,3164182,266127,262193,12074,274267,5143
2021-07-27,Placer,061,380077,25576,24916,1857,26773,306
2021-07-27,Plumas,063,18699,760,752,14,766,5
2021-07-27,Riverside,065,2383286,304949,299160,14488,313648,4554
2021-07-27,Sacramento,067,1510023,116433,114413,2172,116585,1710
2021-07-27,San Benito,069,59416,6251,6229,114,6343,63
2021-07-27,San Bernardino,071,2135413,303017,299593,9337,308930,5236
2021-07-27,San Diego,073,3302833,297491,293408,17077,310485,3798
2021-07-27,San Francisco,075,870044,41279,39939,1502,41441,561
2021-07-27,San Joaquin,077,732212,77281,76166,3830,79996,1442
2021-07-27,San Luis Obispo,079,281455,22253,21803,796,22599,260
2021-07-27,San Mateo,081,765935,45032,44378,576,44954,547
2021-07-27,Santa Barbara,083,443738,35812,35355,1194,36549,467
2021-07-27,Santa Clara,085,1922200,123964,122154,839,122993,2099
2021-07-27,Santa Cruz,087,273765,16816,16523,812,17335,207
2021-07-27,Shasta,089,179085,13081,12846,1731,14577,212
2021-07-27,Sierra,091,2930,71,65,12,77,0
2021-07-27,Siskiyou,093,43540,2063,1964,422,2386,31
2021-07-27,Solano,095,438530,35891,35093,709,35802,261
2021-07-27,Sonoma,097,501317,33068,32367,383,32750,328
2021-07-27,Stanislaus,099,539301,59020,58333,6228,64561,1033
2021-07-27,Sutter,101,95872,10141,9998,101,10099,115
2021-07-27,Tehama,103,63373,5273,5192,599,5791,66
2021-07-27,Trinity,105,12862,510,351,111,462,3
2021-07-27,Tulare,107,460477,51263,50324,9408,59732,854
2021-07-27,Tuolumne,109,53932,4408,4282,47,4329,64
2021-07-27,Ventura,111,848112,84350,83189,3425,86614,1043
2021-07-27,Yolo,113,214977,15058,14759,388,15147,215
2021-07-27,Yuba,115,75493,6714,6564,140,6704,51
2021-07-26,Alameda,001,1643700,96124,94436,2145,96581,1259
2021-07-26,Alpine,003,1148,90,89,0,89,0
2021-07-26,Amador,005,37829,3903,3854,33,3887,48
2021-07-26,Butte,007,227075,13388,13082,1969,15051,203
2021-07-26,Calaveras,009,45235,2318,2276,15,2291,57
2021-07-26,Colusa,011,21464,2021,1996,347,2343,16
2021-07-26,Contra Costa,013,1133247,76455,74854,1493,76347,830
2021-07-26,Del Norte,015,27424,1628,1530,14,1544,8
2021-07-26,El Dorado,017,186661,11176,10899,865,11764,116
2021-07-26,Fresno,019,978130,105792,104143,8994,113137,1742
2021-07-26,Glenn,021,27897,2492,2461,580,3041,20
2021-07-26,Humboldt,023,135768,5078,4906,73,4979,52
2021-07-26,Imperial,025,180216,29271,29034,2706,31740,743
2021-07-26,Inyo,027,18085,1447,1429,12,1441,38
2021-07-26,Kern,029,883053,99819,98633,11710,110343,1351
2021-07-26,Kings,031,150075,23840,23426,1141,24567,247
2021-07-26,Lake,033,64148,4299,4133,15,4148,65
2021-07-26,Lassen,035,31185,5337,5314,118,5432,21
2021-07-26,Los Angeles,037,10098052,1258065,1241527,44510,1286037,24647
2021-07-26,Madera,039,155013,17268,16971,994,17965,245
2021-07-26,Marin,041,260295,14906,14579,285,14864,239
2021-07-26,Mariposa,043,17540,475,467,11,478,5
2021-07-26,Mendocino,045,87422,4510,4354,93,4447,49
2021-07-26,Merced,047,269075,31951,31774,1088,32862,473
2021-07-26,Modoc,049,8938,421,413,147,560,5
2021-07-26,Mono,051,14174,1294,1286,17,1303,3
2021-07-26,Monterey,053,433212,43888,43595,1932,45527,521
2021-07-26,Napa,055,140530,10457,10332,48,10380,82
2021-07-26,Nevada,057,99092,5499,5280,202,5482,72
2021-07-26,Orange,059,3164182,265488,261803,12054,273857,5142
2021-07-26,Placer,061,380077,25440,24842,1836,26678,304
2021-07-26,Plumas,063,18699,756,750,14,764,5
2021-07-26,Riverside,065,2383286,304257,298626,14474,313100,4553
2021-07-26,Sacramento,067,1510023,115834,113986,2156,116142,1705
2021-07-26,San Benito,069,59416,6245,6222,114,6336,63
2021-07-26,San Bernardino,071,2135413,302403,299238,9324,308562,5237
2021-07-26,San Diego,073,3302833,296383,292688,16995,309683,3793
2021-07-26,San Francisco,075,870044,40918,39800,1476,41276,561
2021-07-26,San Joaquin,077,732212,77046,76033,3826,79859,1440
2021-07-26,San Luis Obispo,079,281455,22204,21752,793,22545,260
2021-07-26,San Mateo,081,765935,44884,44297,568,44865,547
2021-07-26,Santa Barbara,083,443738,35739,35311,1182,36493,467
2021-07-26,Santa Clara,085,1922200,123655,121978,830,122808,2099
2021-07-26,Santa Cruz,087,273765,16776,16493,809,17302,207
2021-07-26,Shasta,089,179085,13032,12819,1720,14539,211
2021-07-26,Sierra,091,2930,70,65,12,77,0
2021-07-26,Siskiyou,093,43540,2060,1962,420,2382,31
2021-07-26,Solano,095,438530,35736,34990,702,35692,259
2021-07-26,Sonoma,097,501317,32932,32283,381,32664,328
2021-07-26,Stanislaus,099,539301,58875,58219,6209,64428,1033
2021-07-26,Sutter,101,95872,10101,9963,98,10061,115
2021-07-26,Tehama,103,63373,5263,5183,595,5778,66
2021-07-26,Trinity,105,12862,510,351,110,461,3
2021-07-26,Tulare,107,460477,51197,50265,9379,59644,854
2021-07-26,Tuolumne,109,53932,4378,4271,46,4317,64
2021-07-26,Ventura,111,848112,84177,83072,3410,86482,1041
2021-07-26,Yolo,113,214977,14997,14727,376,15103,215
2021-07-26,Yuba,115,75493,6680,6538,138,6676,51
2021-07-25,Alameda,001,1643700,95632,94146,2139,96285,1259
2021-07-25,Alpine,003,1148,88,89,0,89,0
2021-07-25,Amador,005,37829,3888,3848,33,3881,48
2021-07-25,Butte,007,227075,13349,13074,1959,15033,203
2021-07-25,Calaveras,009,45235,2308,2275,15,2290,57
2021-07-25,Colusa,011,21464,2012,1996,343,2339,16
2021-07-25,Contra Costa,013,1133247,75970,74634,1479,76113,830
2021-07-25,Del Norte,015,27424,1607,1526,14,1540,8
2021-07-25,El Dorado,017,186661,11119,10878,861,11739,116
2021-07-25,Fresno,019,978130,105551,104019,8978,112997,1742
2021-07-25,Glenn,021,27897,2483,2461,578,3039,20
2021-07-25,Humboldt,023,135768,5019,4892,72,4964,52
2021-07-25,Imperial,025,180216,29235,29037,2706,31743,743
2021-07-25,Inyo,027,18085,1442,1427,12,1439,38
2021-07-25,Kern,029,883053,99647,98503,11639,110142,1351
2021-07-25,Kings,031,150075,23786,23396,1137,24533,247
2021-07-25,Lake,033,64148,4246,4109,14,4123,65
2021-07-25,Lassen,035,31185,5332,5314,118,5432,21
2021-07-25,Los Angeles,037,10098052,1254645,1239596,44316,1283912,24643
2021-07-25,Madera,039,155013,17231,16947,987,17934,245
2021-07-25,Marin,041,260295,14856,14558,282,14840,239
2021-07-25,Mariposa,043,17540,472,465,11,476,5
2021-07-25,Mendocino,045,87422,4481,4335,91,4426,49
2021-07-25,Merced,047,269075,31878,31760,1086,32846,473
2021-07-25,Modoc,049,8938,421,413,147,560,5
2021-07-25,Mono,051,14174,1291,1286,17,1303,3
2021-07-25,Monterey,053,433212,43850,43590,1924,45514,521
2021-07-25,Napa,055,140530,10421,10316,47,10363,82
2021-07-25,Nevada,057,99092,5434,5256,199,5455,72
2021-07-25,Orange,059,3164182,264780,261351,12031,273382,5142
2021-07-25,Placer,061,380077,25318,24755,1815,26570,304
2021-07-25,Plumas,063,18699,754,750,14,764,5
2021-07-25,Riverside,065,2383286,303493,298181,14457,312638,4553
2021-07-25,Sacramento,067,1510023,115284,113611,2141,115752,1704
2021-07-25,San Benito,069,59416,6238,6217,114,6331,63
2021-07-25,San Bernardino,071,2135413,301745,298982,9317,308299,5237
2021-07-25,San Diego,073,3302833,295321,290626,16921,307547,3793
2021-07-25,San Francisco,075,870044,40568,39663,1451,41114,561
2021-07-25,San Joaquin,077,732212,76790,75926,3807,79733,1440
2021-07-25,San Luis Obispo,079,281455,22131,21741,790,22531,260
2021-07-25,San Mateo,081,765935,44722,44189,562,44751,547
2021-07-25,Santa Barbara,083,443738,35659,35261,1179,36440,467
2021-07-25,Santa Clara,085,1922200,123325,121800,825,122625,2099
2021-07-25,Santa Cruz,087,273765,16729,16474,808,17282,207
2021-07-25,Shasta,089,179085,12985,12815,1715,14530,211
2021-07-25,Sierra,091,2930,70,65,12,77,0
2021-07-25,Siskiyou,093,43540,2052,1963,417,2380,31
2021-07-25,Solano,095,438530,35544,34863,699,35562,259
2021-07-25,Sonoma,097,501317,32807,32202,378,32580,328
2021-07-25,Stanislaus,099,539301,58709,58154,6204,64358,1033
2021-07-25,Sutter,101,95872,10048,9937,96,10033,115
2021-07-25,Tehama,103,63373,5247,5181,594,5775,66
2021-07-25,Trinity,105,12862,508,351,108,459,3
2021-07-25,Tulare,107,460477,51122,50221,9341,59562,854
2021-07-25,Tuolumne,109,53932,4327,4267,46,4313,64
2021-07-25,Ventura,111,848112,83963,82986,3387,86373,1041
2021-07-25,Yolo,113,214977,14936,14693,362,15055,215
2021-07-25,Yuba,115,75493,6647,6519,138,6657,51
2021-07-24,Alameda,001,1643700,95350,93170,2135,95305,1259
2021-07-24,Alpine,003,1148,88,89,0,89,0
2021-07-24,Amador,005,37829,3879,3816,33,3849,48
2021-07-24,Butte,007,227075,13320,12982,1957,14939,203
2021-07-24,Calaveras,009,45235,2303,2267,15,2282,57
2021-07-24,Colusa,011,21464,2011,1992,341,2333,16
2021-07-24,Contra Costa,013,1133247,75742,73682,1476,75158,830
2021-07-24,Del Norte,015,27424,1596,1497,14,1511,8
2021-07-24,El Dorado,017,186661,11085,10773,858,11631,116
2021-07-24,Fresno,019,978130,105433,103637,8968,112605,1736
2021-07-24,Glenn,021,27897,2481,2457,578,3035,20
2021-07-24,Humboldt,023,135768,4984,4780,71,4851,52
2021-07-24,Imperial,025,180216,29215,28996,2706,31702,742
2021-07-24,Inyo,027,18085,1439,1424,12,1436,38
2021-07-24,Kern,029,883053,99569,98261,11617,109878,1350
2021-07-24,Kings,031,150075,23755,23304,1134,24438,246
2021-07-24,Lake,033,64148,4223,3963,14,3977,64
2021-07-24,Lassen,035,31185,5331,5311,118,5429,21
2021-07-24,Los Angeles,037,10098052,1252869,1232164,44187,1276351,24623
2021-07-24,Madera,039,155013,17207,16885,985,17870,245
2021-07-24,Marin,041,260295,14817,14454,282,14736,238
2021-07-24,Mariposa,043,17540,472,453,11,464,5
2021-07-24,Mendocino,045,87422,4456,4293,91,4384,49
2021-07-24,Merced,047,269075,31856,31661,1085,32746,473
2021-07-24,Modoc,049,8938,421,413,147,560,5
2021-07-24,Mono,051,14174,1289,1284,17,1301,3
2021-07-24,Monterey,053,433212,43825,43525,1917,45442,521
2021-07-24,Napa,055,140530,10405,10230,47,10277,81
2021-07-24,Nevada,057,99092,5402,5183,199,5382,72
2021-07-24,Orange,059,3164182,264315,259973,12019,271992,5141
2021-07-24,Placer,061,380077,25235,24530,1810,26340,303
2021-07-24,Plumas,063,18699,753,737,14,751,4
2021-07-24,Riverside,065,2383286,303025,296912,14447,311359,4552
2021-07-24,Sacramento,067,1510023,114970,112438,2137,114575,1698
2021-07-24,San Benito,069,59416,6234,6200,113,6313,63
2021-07-24,San Bernardino,071,2135413,301353,297899,9308,307207,5236
2021-07-24,San Diego,073,3302833,294855,289368,16893,306261,3788
2021-07-24,San Francisco,075,870044,40394,38954,1435,40389,561
2021-07-24,San Joaquin,077,732212,76662,75461,3796,79257,1436
2021-07-24,San Luis Obispo,079,281455,22100,21616,788,22404,260
2021-07-24,San Mateo,081,765935,44605,43880,556,44436,542
2021-07-24,Santa Barbara,083,443738,35600,35071,1175,36246,465
2021-07-24,Santa Clara,085,1922200,123113,121092,824,121916,2099
2021-07-24,Santa Cruz,087,273765,16706,16416,808,17224,207
2021-07-24,Shasta,089,179085,12957,12759,1712,14471,211
2021-07-24,Sierra,091,2930,69,64,12,76,0
2021-07-24,Siskiyou,093,43540,2052,1951,417,2368,31
2021-07-24,Solano,095,438530,35452,34499,690,35189,259
2021-07-24,Sonoma,097,501317,32682,31928,376,32304,327
2021-07-24,Stanislaus,099,539301,58617,57879,6194,64073,1030
2021-07-24,Sutter,101,95872,10021,9890,96,9986,115
2021-07-24,Tehama,103,63373,5240,5166,592,5758,65
2021-07-24,Trinity,105,12862,508,345,108,453,3
2021-07-24,Tulare,107,460477,51079,50104,9324,59428,854
2021-07-24,Tuolumne,109,53932,4301,4216,46,4262,64
2021-07-24,Ventura,111,848112,83836,82687,3371,86058,1041
2021-07-24,Yolo,113,214977,14898,14557,358,14915,214
2021-07-24,Yuba,115,75493,6628,6449,138,6587,51
2021-07-23,Alameda,001,1643700,95097,93170,2131,95301,1259
2021-07-23,Alpine,003,1148,88,89,0,89,0
2021-07-23,Amador,005,37829,3872,3816,33,3849,48
2021-07-23,Butte,007,227075,13291,12982,1949,14931,203
2021-07-23,Calaveras,009,45235,2293,2267,15,2282,57
2021-07-23,Colusa,011,21464,2010,1992,341,2333,16
2021-07-23,Contra Costa,013,1133247,75482,73682,1467,75149,830
2021-07-23,Del Norte,015,27424,1588,1497,14,1511,8
2021-07-23,El Dorado,017,186661,11056,10773,854,11627,116
2021-07-23,Fresno,019,978130,105301,103637,8958,112595,1736
2021-07-23,Glenn,021,27897,2479,2457,575,3032,20
2021-07-23,Humboldt,023,135768,4962,4780,68,4848,52
2021-07-23,Imperial,025,180216,29203,28996,2706,31702,742
2021-07-23,Inyo,027,18085,1436,1424,12,1436,38
2021-07-23,Kern,029,883053,99487,98261,11592,109853,1350
2021-07-23,Kings,031,150075,23724,23304,1131,24435,246
2021-07-23,Lake,033,64148,4194,3963,14,3977,64
2021-07-23,Lassen,035,31185,5329,5311,118,5429,21
2021-07-23,Los Angeles,037,10098052,1250928,1232164,44078,1276242,24623
2021-07-23,Madera,039,155013,17177,16885,980,17865,245
2021-07-23,Marin,041,260295,14780,14454,280,14734,238
2021-07-23,Mariposa,043,17540,469,453,11,464,5
2021-07-23,Mendocino,045,87422,4443,4293,91,4384,49
2021-07-23,Merced,047,269075,31831,31661,1085,32746,473
2021-07-23,Modoc,049,8938,421,413,147,560,5
2021-07-23,Mono,051,14174,1288,1284,17,1301,3
2021-07-23,Monterey,053,433212,43799,43525,1917,45442,521
2021-07-23,Napa,055,140530,10384,10230,47,10277,81
2021-07-23,Nevada,057,99092,5358,5183,199,5382,72
2021-07-23,Orange,059,3164182,263865,259973,11996,271969,5141
2021-07-23,Placer,061,380077,25155,24530,1794,26324,303
2021-07-23,Plumas,063,18699,751,737,14,751,4
2021-07-23,Riverside,065,2383286,302560,296912,14435,311347,4552
2021-07-23,Sacramento,067,1510023,114616,112438,2135,114573,1698
2021-07-23,San Benito,069,59416,6228,6200,113,6313,63
2021-07-23,San Bernardino,071,2135413,300970,297899,9299,307198,5236
2021-07-23,San Diego,073,3302833,294247,289368,16845,306213,3788
2021-07-23,San Francisco,075,870044,40208,38954,1423,40377,561
2021-07-23,San Joaquin,077,732212,76558,75461,3781,79242,1436
2021-07-23,San Luis Obispo,079,281455,22061,21616,788,22404,260
2021-07-23,San Mateo,081,765935,44501,43880,552,44432,542
2021-07-23,Santa Barbara,083,443738,35535,35071,1174,36245,465
2021-07-23,Santa Clara,085,1922200,122894,121092,821,121913,2099
2021-07-23,Santa Cruz,087,273765,16681,16416,808,17224,207
2021-07-23,Shasta,089,179085,12930,12759,1709,14468,211
2021-07-23,Sierra,091,2930,69,64,12,76,0
2021-07-23,Siskiyou,093,43540,2050,1951,417,2368,31
2021-07-23,Solano,095,438530,35360,34499,686,35185,259
2021-07-23,Sonoma,097,501317,32587,31928,375,32303,327
2021-07-23,Stanislaus,099,539301,58541,57879,6185,64064,1030
2021-07-23,Sutter,101,95872,9992,9890,96,9986,115
2021-07-23,Tehama,103,63373,5231,5166,592,5758,65
2021-07-23,Trinity,105,12862,507,345,107,452,3
2021-07-23,Tulare,107,460477,51033,50104,9303,59407,854
2021-07-23,Tuolumne,109,53932,4279,4216,46,4262,64
2021-07-23,Ventura,111,848112,83674,82687,3353,86040,1041
2021-07-23,Yolo,113,214977,14861,14557,351,14908,214
2021-07-23,Yuba,115,75493,6602,6449,137,6586,51
2021-07-22,Alameda,001,1643700,94744,93170,2127,95297,1259
2021-07-22,Alpine,003,1148,88,89,0,89,0
2021-07-22,Amador,005,37829,3863,3816,33,3849,48
2021-07-22,Butte,007,227075,13257,12982,1940,14922,203
2021-07-22,Calaveras,009,45235,2283,2267,15,2282,57
2021-07-22,Colusa,011,21464,2008,1992,338,2330,16
2021-07-22,Contra Costa,013,1133247,75143,73682,1462,75144,830
2021-07-22,Del Norte,015,27424,1571,1497,14,1511,8
2021-07-22,El Dorado,017,186661,11020,10773,846,11619,116
2021-07-22,Fresno,019,978130,105172,103637,8948,112585,1736
2021-07-22,Glenn,021,27897,2475,2457,575,3032,20
2021-07-22,Humboldt,023,135768,4931,4780,66,4846,52
2021-07-22,Imperial,025,180216,29173,28996,2706,31702,742
2021-07-22,Inyo,027,18085,1434,1424,12,1436,38
2021-07-22,Kern,029,883053,99372,98261,11551,109812,1350
2021-07-22,Kings,031,150075,23685,23304,1129,24433,246
2021-07-22,Lake,033,64148,4143,3963,14,3977,64
2021-07-22,Lassen,035,31185,5326,5311,118,5429,21
2021-07-22,Los Angeles,037,10098052,1248494,1232164,43897,1276061,24623
2021-07-22,Madera,039,155013,17142,16885,978,17863,245
2021-07-22,Marin,041,260295,14739,14454,279,14733,238
2021-07-22,Mariposa,043,17540,462,453,11,464,5
2021-07-22,Mendocino,045,87422,4430,4293,90,4383,49
2021-07-22,Merced,047,269075,31789,31661,1084,32745,473
2021-07-22,Modoc,049,8938,421,413,147,560,5
2021-07-22,Mono,051,14174,1287,1284,17,1301,3
2021-07-22,Monterey,053,433212,43771,43525,1911,45436,521
2021-07-22,Napa,055,140530,10366,10230,47,10277,81
2021-07-22,Nevada,057,99092,5332,5183,198,5381,72
2021-07-22,Orange,059,3164182,263312,259973,11987,271960,5141
2021-07-22,Placer,061,380077,25061,24530,1783,26313,303
2021-07-22,Plumas,063,18699,750,737,14,751,4
2021-07-22,Riverside,065,2383286,302052,296912,14414,311326,4552
2021-07-22,Sacramento,067,1510023,114178,112438,2126,114564,1698
2021-07-22,San Benito,069,59416,6221,6200,113,6313,63
2021-07-22,San Bernardino,071,2135413,300567,297899,9284,307183,5236
2021-07-22,San Diego,073,3302833,293517,289368,16785,306153,3788
2021-07-22,San Francisco,075,870044,39995,38954,1411,40365,561
2021-07-22,San Joaquin,077,732212,76415,75461,3769,79230,1436
2021-07-22,San Luis Obispo,079,281455,22023,21616,784,22400,260
2021-07-22,San Mateo,081,765935,44389,43880,547,44427,542
2021-07-22,Santa Barbara,083,443738,35469,35071,1172,36243,465
2021-07-22,Santa Clara,085,1922200,122653,121092,818,121910,2099
2021-07-22,Santa Cruz,087,273765,16644,16416,807,17223,207
2021-07-22,Shasta,089,179085,12906,12759,1705,14464,211
2021-07-22,Sierra,091,2930,67,64,12,76,0
2021-07-22,Siskiyou,093,43540,2047,1951,417,2368,31
2021-07-22,Solano,095,438530,35214,34499,679,35178,259
2021-07-22,Sonoma,097,501317,32477,31928,373,32301,327
2021-07-22,Stanislaus,099,539301,58413,57879,6173,64052,1030
2021-07-22,Sutter,101,95872,9971,9890,96,9986,115
2021-07-22,Tehama,103,63373,5225,5166,592,5758,65
2021-07-22,Trinity,105,12862,507,345,107,452,3
2021-07-22,Tulare,107,460477,50990,50104,9275,59379,854
2021-07-22,Tuolumne,109,53932,4267,4216,46,4262,64
2021-07-22,Ventura,111,848112,83540,82687,3340,86027,1041
2021-07-22,Yolo,113,214977,14823,14557,351,14908,214
2021-07-22,Yuba,115,75493,6571,6449,134,6583,51
2021-07-21,Alameda,001,1643700,94424,92840,2124,94964,1256
2021-07-21,Alpine,003,1148,88,89,0,89,0
2021-07-21,Amador,005,37829,3850,3813,33,3846,48
2021-07-21,Butte,007,227075,13216,12939,1935,14874,203
2021-07-21,Calaveras,009,45235,2279,2257,15,2272,57
2021-07-21,Colusa,011,21464,2004,1988,337,2325,16
2021-07-21,Contra Costa,013,1133247,74879,73320,1453,74773,827
2021-07-21,Del Norte,015,27424,1561,1492,14,1506,8
2021-07-21,El Dorado,017,186661,10983,10742,842,11584,116
2021-07-21,Fresno,019,978130,105024,103504,8939,112443,1736
2021-07-21,Glenn,021,27897,2473,2455,574,3029,20
2021-07-21,Humboldt,023,135768,4899,4763,64,4827,52
2021-07-21,Imperial,025,180216,29161,28964,2703,31667,742
2021-07-21,Inyo,027,18085,1434,1423,12,1435,38
2021-07-21,Kern,029,883053,99254,98152,11510,109662,1350
2021-07-21,Kings,031,150075,23657,23270,1125,24395,246
2021-07-21,Lake,033,64148,4077,3896,14,3910,64
2021-07-21,Lassen,035,31185,5323,5310,118,5428,21
2021-07-21,Los Angeles,037,10098052,1245982,1229598,43759,1273357,24609
2021-07-21,Madera,039,155013,17118,16858,976,17834,245
2021-07-21,Marin,041,260295,14690,14427,279,14706,238
2021-07-21,Mariposa,043,17540,458,449,11,460,5
2021-07-21,Mendocino,045,87422,4412,4274,90,4364,49
2021-07-21,Merced,047,269075,31750,31607,1080,32687,473
2021-07-21,Modoc,049,8938,421,413,147,560,5
2021-07-21,Mono,051,14174,1284,1282,17,1299,3
2021-07-21,Monterey,053,433212,43741,43502,1908,45410,515
2021-07-21,Napa,055,140530,10340,10209,47,10256,81
2021-07-21,Nevada,057,99092,5297,5152,198,5350,72
2021-07-21,Orange,059,3164182,262759,259615,11957,271572,5139
2021-07-21,Placer,061,380077,24952,24441,1772,26213,303
2021-07-21,Plumas,063,18699,750,736,14,750,4
2021-07-21,Riverside,065,2383286,301539,296419,14397,310816,4552
2021-07-21,Sacramento,067,1510023,113756,112043,2115,114158,1696
2021-07-21,San Benito,069,59416,6211,6196,113,6309,63
2021-07-21,San Bernardino,071,2135413,300111,297519,9276,306795,5230
2021-07-21,San Diego,073,3302833,292668,288682,16722,305404,3787
2021-07-21,San Francisco,075,870044,39770,38699,1406,40105,559
2021-07-21,San Joaquin,077,732212,76226,75288,3757,79045,1434
2021-07-21,San Luis Obispo,079,281455,21986,21579,781,22360,260
2021-07-21,San Mateo,081,765935,44297,43755,543,44298,542
2021-07-21,Santa Barbara,083,443738,35410,34998,1156,36154,465
2021-07-21,Santa Clara,085,1922200,122443,120838,816,121654,2099
2021-07-21,Santa Cruz,087,273765,16610,16407,807,17214,207
2021-07-21,Shasta,089,179085,12873,12751,1702,14453,211
2021-07-21,Sierra,091,2930,67,64,12,76,0
2021-07-21,Siskiyou,093,43540,2045,1943,415,2358,31
2021-07-21,Solano,095,438530,35056,34374,674,35048,258
2021-07-21,Sonoma,097,501317,32361,31789,373,32162,327
2021-07-21,Stanislaus,099,539301,58311,57774,6163,63937,1028
2021-07-21,Sutter,101,95872,9947,9862,96,9958,113
2021-07-21,Tehama,103,63373,5221,5161,592,5753,65
2021-07-21,Trinity,105,12862,505,345,106,451,3
2021-07-21,Tulare,107,460477,50930,50066,9250,59316,854
2021-07-21,Tuolumne,109,53932,4230,4156,46,4202,64
2021-07-21,Ventura,111,848112,83418,82573,3328,85901,1041
2021-07-21,Yolo,113,214977,14781,14525,350,14875,213
2021-07-21,Yuba,115,75493,6543,6425,134,6559,52
2021-07-20,Alameda,001,1643700,94052,92625,2110,94735,1256
2021-07-20,Alpine,003,1148,88,89,0,89,0
2021-07-20,Amador,005,37829,3839,3807,33,3840,48
2021-07-20,Butte,007,227075,13179,12916,1930,14846,203
2021-07-20,Calaveras,009,45235,2276,2249,15,2264,57
2021-07-20,Colusa,011,21464,2004,1985,337,2322,16
2021-07-20,Contra Costa,013,1133247,74595,73143,1435,74578,825
2021-07-20,Del Norte,015,27424,1551,1490,14,1504,8
2021-07-20,El Dorado,017,186661,10943,10727,838,11565,116
2021-07-20,Fresno,019,978130,104889,103438,8920,112358,1736
2021-07-20,Glenn,021,27897,2473,2453,574,3027,20
2021-07-20,Humboldt,023,135768,4854,4735,62,4797,52
2021-07-20,Imperial,025,180216,29141,28933,2703,31636,742
2021-07-20,Inyo,027,18085,1430,1420,12,1432,36
2021-07-20,Kern,029,883053,99141,98082,11482,109564,1350
2021-07-20,Kings,031,150075,23616,23254,1120,24374,246
2021-07-20,Lake,033,64148,4052,3871,14,3885,64
2021-07-20,Lassen,035,31185,5323,5306,118,5424,21
2021-07-20,Los Angeles,037,10098052,1243186,1227404,43594,1270998,24603
2021-07-20,Madera,039,155013,17097,16856,972,17828,245
2021-07-20,Marin,041,260295,14654,14396,276,14672,234
2021-07-20,Mariposa,043,17540,456,448,11,459,5
2021-07-20,Mendocino,045,87422,4395,4259,90,4349,49
2021-07-20,Merced,047,269075,31711,31578,1073,32651,473
2021-07-20,Modoc,049,8938,421,413,147,560,5
2021-07-20,Mono,051,14174,1280,1281,17,1298,3
2021-07-20,Monterey,053,433212,43710,43481,1905,45386,515
2021-07-20,Napa,055,140530,10317,10191,47,10238,81
2021-07-20,Nevada,057,99092,5278,5148,197,5345,72
2021-07-20,Orange,059,3164182,262202,259303,11927,271230,5139
2021-07-20,Placer,061,380077,24860,24408,1750,26158,303
2021-07-20,Plumas,063,18699,748,736,14,750,4
2021-07-20,Riverside,065,2383286,301004,296118,14383,310501,4543
2021-07-20,Sacramento,067,1510023,113316,111796,2085,113881,1695
2021-07-20,San Benito,069,59416,6204,6196,113,6309,63
2021-07-20,San Bernardino,071,2135413,299702,297222,9251,306473,5231
2021-07-20,San Diego,073,3302833,291742,288209,16626,304835,3786
2021-07-20,San Francisco,075,870044,39512,38536,1395,39931,558
2021-07-20,San Joaquin,077,732212,76054,75198,3744,78942,1433
2021-07-20,San Luis Obispo,079,281455,21940,21556,780,22336,259
2021-07-20,San Mateo,081,765935,44178,43670,542,44212,542
2021-07-20,Santa Barbara,083,443738,35340,34935,1150,36085,462
2021-07-20,Santa Clara,085,1922200,122186,120704,814,121518,2098
2021-07-20,Santa Cruz,087,273765,16581,16399,807,17206,207
2021-07-20,Shasta,089,179085,12847,12734,1698,14432,211
2021-07-20,Sierra,091,2930,67,64,12,76,0
2021-07-20,Siskiyou,093,43540,2041,1931,414,2345,31
2021-07-20,Solano,095,438530,34921,34337,667,35004,258
2021-07-20,Sonoma,097,501317,32242,31763,372,32135,326
2021-07-20,Stanislaus,099,539301,58196,57706,6158,63864,1028
2021-07-20,Sutter,101,95872,9920,9854,93,9947,114
2021-07-20,Tehama,103,63373,5219,5153,592,5745,65
2021-07-20,Trinity,105,12862,503,344,105,449,3
2021-07-20,Tulare,107,460477,50888,50047,9233,59280,854
2021-07-20,Tuolumne,109,53932,4211,4156,46,4202,64
2021-07-20,Ventura,111,848112,83265,82504,3313,85817,1041
2021-07-20,Yolo,113,214977,14716,14495,347,14842,213
2021-07-20,Yuba,115,75493,6518,6393,131,6524,52
2021-07-19,Alameda,001,1643700,93678,92357,2094,94451,1256
2021-07-19,Alpine,003,1148,88,89,0,89,0
2021-07-19,Amador,005,37829,3835,3802,33,3835,48
2021-07-19,Butte,007,227075,13135,12901,1925,14826,202
2021-07-19,Calaveras,009,45235,2272,2245,15,2260,57
2021-07-19,Colusa,011,21464,2002,1981,337,2318,16
2021-07-19,Contra Costa,013,1133247,74283,72935,1415,74350,825
2021-07-19,Del Norte,015,27424,1538,1484,14,1498,8
2021-07-19,El Dorado,017,186661,10913,10703,830,11533,114
2021-07-19,Fresno,019,978130,104759,103350,8907,112257,1731
2021-07-19,Glenn,021,27897,2473,2452,573,3025,20
2021-07-19,Humboldt,023,135768,4824,4719,60,4779,52
2021-07-19,Imperial,025,180216,29114,28888,2702,31590,742
2021-07-19,Inyo,027,18085,1429,1417,12,1429,36
2021-07-19,Kern,029,883053,99027,97999,11449,109448,1349
2021-07-19,Kings,031,150075,23586,23221,1114,24335,246
2021-07-19,Lake,033,64148,4016,3848,14,3862,64
2021-07-19,Lassen,035,31185,5322,5305,118,5423,21
2021-07-19,Los Angeles,037,10098052,1240583,1225946,43405,1269351,24600
2021-07-19,Madera,039,155013,17074,16846,969,17815,244
2021-07-19,Marin,041,260295,14619,14369,273,14642,234
2021-07-19,Mariposa,043,17540,450,447,11,458,5
2021-07-19,Mendocino,045,87422,4377,4251,90,4341,49
2021-07-19,Merced,047,269075,31647,31565,1066,32631,472
2021-07-19,Modoc,049,8938,420,413,147,560,5
2021-07-19,Mono,051,14174,1278,1280,17,1297,3
2021-07-19,Monterey,053,433212,43686,43436,1904,45340,515
2021-07-19,Napa,055,140530,10292,10180,45,10225,81
2021-07-19,Nevada,057,99092,5250,5133,196,5329,72
2021-07-19,Orange,059,3164182,261679,258927,11895,270822,5138
2021-07-19,Placer,061,380077,24761,24359,1728,26087,303
2021-07-19,Plumas,063,18699,748,730,14,744,4
2021-07-19,Riverside,065,2383286,300514,295736,14345,310081,4543
2021-07-19,Sacramento,067,1510023,112952,111470,2061,113531,1696
2021-07-19,San Benito,069,59416,6201,6193,113,6306,63
2021-07-19,San Bernardino,071,2135413,299329,296929,9232,306161,5235
2021-07-19,San Diego,073,3302833,290842,287695,16521,304216,3786
2021-07-19,San Francisco,075,870044,39239,38463,1382,39845,560
2021-07-19,San Joaquin,077,732212,75889,75086,3739,78825,1431
2021-07-19,San Luis Obispo,079,281455,21895,21531,776,22307,259
2021-07-19,San Mateo,081,765935,44036,43563,533,44096,542
2021-07-19,Santa Barbara,083,443738,35268,34904,1148,36052,461
2021-07-19,Santa Clara,085,1922200,121928,120554,813,121367,2098
2021-07-19,Santa Cruz,087,273765,16565,16387,807,17194,207
2021-07-19,Shasta,089,179085,12829,12723,1696,14419,209
2021-07-19,Sierra,091,2930,66,64,12,76,0
2021-07-19,Siskiyou,093,43540,2036,1927,412,2339,31
2021-07-19,Solano,095,438530,34746,34262,656,34918,261
2021-07-19,Sonoma,097,501317,32121,31713,371,32084,325
2021-07-19,Stanislaus,099,539301,58095,57644,6148,63792,1027
2021-07-19,Sutter,101,95872,9904,9834,93,9927,114
2021-07-19,Tehama,103,63373,5213,5152,590,5742,65
2021-07-19,Trinity,105,12862,503,344,104,448,3
2021-07-19,Tulare,107,460477,50841,49994,9217,59211,855
2021-07-19,Tuolumne,109,53932,4201,4151,46,4197,64
2021-07-19,Ventura,111,848112,83169,82409,3291,85700,1041
2021-07-19,Yolo,113,214977,14683,14439,345,14784,213
2021-07-19,Yuba,115,75493,6494,6370,131,6501,52
2021-07-18,Alameda,001,1643700,93319,92162,2082,94244,1256
2021-07-18,Alpine,003,1148,88,89,0,89,0
2021-07-18,Amador,005,37829,3824,3799,33,3832,48
2021-07-18,Butte,007,227075,13092,12888,1920,14808,202
2021-07-18,Calaveras,009,45235,2269,2243,15,2258,57
2021-07-18,Colusa,011,21464,2002,1981,336,2317,16
2021-07-18,Contra Costa,013,1133247,73967,72849,1397,74246,825
2021-07-18,Del Norte,015,27424,1529,1482,14,1496,8
2021-07-18,El Dorado,017,186661,10876,10687,822,11509,114
2021-07-18,Fresno,019,978130,104605,103298,8889,112187,1731
2021-07-18,Glenn,021,27897,2472,2452,572,3024,20
2021-07-18,Humboldt,023,135768,4788,4714,60,4774,52
2021-07-18,Imperial,025,180216,29077,28877,2701,31578,742
2021-07-18,Inyo,027,18085,1425,1417,12,1429,36
2021-07-18,Kern,029,883053,98901,97963,11407,109370,1349
2021-07-18,Kings,031,150075,23565,23203,1110,24313,246
2021-07-18,Lake,033,64148,3980,3825,14,3839,64
2021-07-18,Lassen,035,31185,5322,5305,118,5423,21
2021-07-18,Los Angeles,037,10098052,1237897,1224691,43215,1267906,24598
2021-07-18,Madera,039,155013,17049,16838,965,17803,244
2021-07-18,Marin,041,260295,14583,14358,271,14629,234
2021-07-18,Mariposa,043,17540,449,447,11,458,5
2021-07-18,Mendocino,045,87422,4356,4246,90,4336,49
2021-07-18,Merced,047,269075,31616,31537,1064,32601,471
2021-07-18,Modoc,049,8938,420,413,147,560,5
2021-07-18,Mono,051,14174,1277,1280,17,1297,3
2021-07-18,Monterey,053,433212,43668,43422,1894,45316,515
2021-07-18,Napa,055,140530,10275,10174,42,10216,81
2021-07-18,Nevada,057,99092,5224,5124,196,5320,72
2021-07-18,Orange,059,3164182,261195,258724,11867,270591,5138
2021-07-18,Placer,061,380077,24694,24313,1701,26014,303
2021-07-18,Plumas,063,18699,748,730,14,744,4
2021-07-18,Riverside,065,2383286,300022,295522,14303,309825,4543
2021-07-18,Sacramento,067,1510023,112521,111255,2028,113283,1696
2021-07-18,San Benito,069,59416,6193,6191,113,6304,63
2021-07-18,San Bernardino,071,2135413,298855,296739,9217,305956,5233
2021-07-18,San Diego,073,3302833,290026,286287,16437,302724,3786
2021-07-18,San Francisco,075,870044,39003,38367,1371,39738,560
2021-07-18,San Joaquin,077,732212,75712,74997,3726,78723,1431
2021-07-18,San Luis Obispo,079,281455,21860,21527,773,22300,259
2021-07-18,San Mateo,081,765935,43923,43506,527,44033,542
2021-07-18,Santa Barbara,083,443738,35203,34880,1146,36026,461
2021-07-18,Santa Clara,085,1922200,121714,120438,806,121244,2098
2021-07-18,Santa Cruz,087,273765,16533,16372,806,17178,207
2021-07-18,Shasta,089,179085,12804,12714,1692,14406,209
2021-07-18,Sierra,091,2930,66,64,12,76,0
2021-07-18,Siskiyou,093,43540,2030,1927,407,2334,31
2021-07-18,Solano,095,438530,34618,34215,652,34867,261
2021-07-18,Sonoma,097,501317,32016,31675,370,32045,325
2021-07-18,Stanislaus,099,539301,57984,57600,6123,63723,1028
2021-07-18,Sutter,101,95872,9872,9826,93,9919,114
2021-07-18,Tehama,103,63373,5210,5150,589,5739,65
2021-07-18,Trinity,105,12862,503,344,104,448,3
2021-07-18,Tulare,107,460477,50788,49985,9194,59179,855
2021-07-18,Tuolumne,109,53932,4183,4149,46,4195,64
2021-07-18,Ventura,111,848112,83055,82361,3267,85628,1041
2021-07-18,Yolo,113,214977,14624,14425,339,14764,213
2021-07-18,Yuba,115,75493,6453,6357,131,6488,52
2021-07-17,Alameda,001,1643700,93102,91346,2070,93416,1255
2021-07-17,Alpine,003,1148,88,89,0,89,0
2021-07-17,Amador,005,37829,3815,3785,33,3818,48
2021-07-17,Butte,007,227075,13077,12824,1916,14740,202
2021-07-17,Calaveras,009,45235,2263,2237,15,2252,57
2021-07-17,Colusa,011,21464,1999,1976,336,2312,16
2021-07-17,Contra Costa,013,1133247,73785,72254,1384,73638,824
2021-07-17,Del Norte,015,27424,1521,1475,14,1489,8
2021-07-17,El Dorado,017,186661,10849,10622,818,11440,114
2021-07-17,Fresno,019,978130,104532,103055,8875,111930,1730
2021-07-17,Glenn,021,27897,2471,2451,572,3023,20
2021-07-17,Humboldt,023,135768,4775,4654,59,4713,52
2021-07-17,Imperial,025,180216,29061,28840,2701,31541,742
2021-07-17,Inyo,027,18085,1425,1416,12,1428,36
2021-07-17,Kern,029,883053,98844,97796,11371,109167,1348
2021-07-17,Kings,031,150075,23545,23163,1109,24272,246
2021-07-17,Lake,033,64148,3955,3760,14,3774,64
2021-07-17,Lassen,035,31185,5322,5302,118,5420,21
2021-07-17,Los Angeles,037,10098052,1236362,1219733,43073,1262806,24582
2021-07-17,Madera,039,155013,17041,16804,965,17769,240
2021-07-17,Marin,041,260295,14565,14297,269,14566,234
2021-07-17,Mariposa,043,17540,449,445,11,456,5
2021-07-17,Mendocino,045,87422,4344,4209,90,4299,49
2021-07-17,Merced,047,269075,31595,31451,1060,32511,471
2021-07-17,Modoc,049,8938,420,412,147,559,5
2021-07-17,Mono,051,14174,1275,1277,17,1294,3
2021-07-17,Monterey,053,433212,43645,43367,1889,45256,515
2021-07-17,Napa,055,140530,10259,10129,42,10171,81
2021-07-17,Nevada,057,99092,5209,5066,196,5262,72
2021-07-17,Orange,059,3164182,260888,257805,11828,269633,5136
2021-07-17,Placer,061,380077,24627,24169,1687,25856,303
2021-07-17,Plumas,063,18699,743,721,14,735,4
2021-07-17,Riverside,065,2383286,299716,294751,14271,309022,4542
2021-07-17,Sacramento,067,1510023,112286,110432,2008,112440,1694
2021-07-17,San Benito,069,59416,6187,6181,113,6294,63
2021-07-17,San Bernardino,071,2135413,298618,296048,9198,305246,5218
2021-07-17,San Diego,073,3302833,289619,285698,16369,302067,3786
2021-07-17,San Francisco,075,870044,38882,37978,1368,39346,560
2021-07-17,San Joaquin,077,732212,75625,74695,3720,78415,1430
2021-07-17,San Luis Obispo,079,281455,21833,21462,773,22235,258
2021-07-17,San Mateo,081,765935,43852,43324,526,43850,542
2021-07-17,Santa Barbara,083,443738,35162,34769,1143,35912,461
2021-07-17,Santa Clara,085,1922200,121542,119980,803,120783,2097
2021-07-17,Santa Cruz,087,273765,16526,16337,806,17143,207
2021-07-17,Shasta,089,179085,12789,12683,1687,14370,210
2021-07-17,Sierra,091,2930,66,62,12,74,0
2021-07-17,Siskiyou,093,43540,2025,1922,404,2326,29
2021-07-17,Solano,095,438530,34553,34015,644,34659,263
2021-07-17,Sonoma,097,501317,31948,31536,369,31905,322
2021-07-17,Stanislaus,099,539301,57907,57400,6109,63509,1028
2021-07-17,Sutter,101,95872,9862,9778,93,9871,114
2021-07-17,Tehama,103,63373,5207,5145,589,5734,64
2021-07-17,Trinity,105,12862,502,341,104,445,3
2021-07-17,Tulare,107,460477,50767,49937,9182,59119,854
2021-07-17,Tuolumne,109,53932,4173,4131,46,4177,64
2021-07-17,Ventura,111,848112,82986,82125,3256,85381,1041
2021-07-17,Yolo,113,214977,14592,14356,332,14688,213
2021-07-17,Yuba,115,75493,6442,6309,131,6440,52
2021-07-16,Alameda,001,1643700,92860,91346,2059,93405,1255
2021-07-16,Alpine,003,1148,88,89,0,89,0
2021-07-16,Amador,005,37829,3812,3785,33,3818,48
2021-07-16,Butte,007,227075,13052,12824,1913,14737,202
2021-07-16,Calaveras,009,45235,2262,2237,15,2252,57
2021-07-16,Colusa,011,21464,1997,1976,335,2311,16
2021-07-16,Contra Costa,013,1133247,73597,72254,1380,73634,824
2021-07-16,Del Norte,015,27424,1519,1475,14,1489,8
2021-07-16,El Dorado,017,186661,10830,10622,817,11439,114
2021-07-16,Fresno,019,978130,104480,103055,8855,111910,1730
2021-07-16,Glenn,021,27897,2471,2451,572,3023,20
2021-07-16,Humboldt,023,135768,4753,4654,59,4713,52
2021-07-16,Imperial,025,180216,29049,28840,2701,31541,742
2021-07-16,Inyo,027,18085,1423,1416,12,1428,36
2021-07-16,Kern,029,883053,98782,97796,11331,109127,1348
2021-07-16,Kings,031,150075,23520,23163,1108,24271,246
2021-07-16,Lake,033,64148,3928,3760,14,3774,64
2021-07-16,Lassen,035,31185,5321,5302,118,5420,21
2021-07-16,Los Angeles,037,10098052,1234860,1219733,42927,1262660,24582
2021-07-16,Madera,039,155013,17023,16804,965,17769,240
2021-07-16,Marin,041,260295,14541,14297,266,14563,234
2021-07-16,Mariposa,043,17540,449,445,11,456,5
2021-07-16,Mendocino,045,87422,4335,4209,89,4298,49
2021-07-16,Merced,047,269075,31573,31451,1058,32509,471
2021-07-16,Modoc,049,8938,420,412,147,559,5
2021-07-16,Mono,051,14174,1274,1277,17,1294,3
2021-07-16,Monterey,053,433212,43623,43367,1888,45255,515
2021-07-16,Napa,055,140530,10235,10129,41,10170,81
2021-07-16,Nevada,057,99092,5199,5066,196,5262,72
2021-07-16,Orange,059,3164182,260615,257805,11787,269592,5136
2021-07-16,Placer,061,380077,24574,24169,1682,25851,303
2021-07-16,Plumas,063,18699,742,721,14,735,4
2021-07-16,Riverside,065,2383286,299440,294751,14245,308996,4542
2021-07-16,Sacramento,067,1510023,112069,110432,1995,112427,1694
2021-07-16,San Benito,069,59416,6185,6181,113,6294,63
2021-07-16,San Bernardino,071,2135413,298342,296048,9181,305229,5218
2021-07-16,San Diego,073,3302833,289177,285698,16322,302020,3786
2021-07-16,San Francisco,075,870044,38765,37978,1363,39341,560
2021-07-16,San Joaquin,077,732212,75531,74695,3717,78412,1430
2021-07-16,San Luis Obispo,079,281455,21816,21462,773,22235,258
2021-07-16,San Mateo,081,765935,43799,43324,525,43849,542
2021-07-16,Santa Barbara,083,443738,35124,34769,1143,35912,461
2021-07-16,Santa Clara,085,1922200,121395,119980,796,120776,2097
2021-07-16,Santa Cruz,087,273765,16513,16337,806,17143,207
2021-07-16,Shasta,089,179085,12779,12683,1686,14369,210
2021-07-16,Sierra,091,2930,66,62,12,74,0
2021-07-16,Siskiyou,093,43540,2023,1922,402,2324,29
2021-07-16,Solano,095,438530,34486,34015,636,34651,263
2021-07-16,Sonoma,097,501317,31896,31536,366,31902,322
2021-07-16,Stanislaus,099,539301,57857,57400,6099,63499,1028
2021-07-16,Sutter,101,95872,9850,9778,93,9871,114
2021-07-16,Tehama,103,63373,5205,5145,589,5734,64
2021-07-16,Trinity,105,12862,502,341,103,444,3
2021-07-16,Tulare,107,460477,50743,49937,9172,59109,854
2021-07-16,Tuolumne,109,53932,4167,4131,46,4177,64
2021-07-16,Ventura,111,848112,82921,82125,3249,85374,1041
2021-07-16,Yolo,113,214977,14566,14356,329,14685,213
2021-07-16,Yuba,115,75493,6420,6309,130,6439,52
2021-07-15,Alameda,001,1643700,92563,91346,2049,93395,1255
2021-07-15,Alpine,003,1148,88,89,0,89,0
2021-07-15,Amador,005,37829,3809,3785,33,3818,48
2021-07-15,Butte,007,227075,13026,12824,1911,14735,202
2021-07-15,Calaveras,009,45235,2259,2237,15,2252,57
2021-07-15,Colusa,011,21464,1996,1976,334,2310,16
2021-07-15,Contra Costa,013,1133247,73384,72254,1373,73627,824
2021-07-15,Del Norte,015,27424,1516,1475,14,1489,8
2021-07-15,El Dorado,017,186661,10803,10622,815,11437,114
2021-07-15,Fresno,019,978130,104383,103055,8835,111890,1730
2021-07-15,Glenn,021,27897,2471,2451,572,3023,20
2021-07-15,Humboldt,023,135768,4735,4654,58,4712,52
2021-07-15,Imperial,025,180216,29026,28840,2701,31541,742
2021-07-15,Inyo,027,18085,1423,1416,12,1428,36
2021-07-15,Kern,029,883053,98712,97796,11303,109099,1348
2021-07-15,Kings,031,150075,23482,23163,1105,24268,246
2021-07-15,Lake,033,64148,3889,3760,14,3774,64
2021-07-15,Lassen,035,31185,5320,5302,118,5420,21
2021-07-15,Los Angeles,037,10098052,1232875,1219733,42769,1262502,24582
2021-07-15,Madera,039,155013,17001,16804,961,17765,240
2021-07-15,Marin,041,260295,14516,14297,266,14563,234
2021-07-15,Mariposa,043,17540,449,445,11,456,5
2021-07-15,Mendocino,045,87422,4327,4209,88,4297,49
2021-07-15,Merced,047,269075,31543,31451,1058,32509,471
2021-07-15,Modoc,049,8938,420,412,147,559,5
2021-07-15,Mono,051,14174,1274,1277,17,1294,3
2021-07-15,Monterey,053,433212,43594,43367,1885,45252,515
2021-07-15,Napa,055,140530,10210,10129,40,10169,81
2021-07-15,Nevada,057,99092,5182,5066,195,5261,72
2021-07-15,Orange,059,3164182,260264,257805,11756,269561,5136
2021-07-15,Placer,061,380077,24514,24169,1665,25834,303
2021-07-15,Plumas,063,18699,741,721,14,735,4
2021-07-15,Riverside,065,2383286,299119,294751,14230,308981,4542
2021-07-15,Sacramento,067,1510023,111765,110432,1978,112410,1694
2021-07-15,San Benito,069,59416,6183,6181,113,6294,63
2021-07-15,San Bernardino,071,2135413,298035,296048,9167,305215,5218
2021-07-15,San Diego,073,3302833,288539,285698,16244,301942,3786
2021-07-15,San Francisco,075,870044,38613,37978,1355,39333,560
2021-07-15,San Joaquin,077,732212,75414,74695,3712,78407,1430
2021-07-15,San Luis Obispo,079,281455,21784,21462,773,22235,258
2021-07-15,San Mateo,081,765935,43694,43324,520,43844,542
2021-07-15,Santa Barbara,083,443738,35068,34769,1142,35911,461
2021-07-15,Santa Clara,085,1922200,121273,119980,793,120773,2097
2021-07-15,Santa Cruz,087,273765,16500,16337,806,17143,207
2021-07-15,Shasta,089,179085,12771,12683,1682,14365,210
2021-07-15,Sierra,091,2930,66,62,12,74,0
2021-07-15,Siskiyou,093,43540,2022,1922,402,2324,29
2021-07-15,Solano,095,438530,34411,34015,630,34645,263
2021-07-15,Sonoma,097,501317,31835,31536,366,31902,322
2021-07-15,Stanislaus,099,539301,57788,57400,6086,63486,1028
2021-07-15,Sutter,101,95872,9830,9778,92,9870,114
2021-07-15,Tehama,103,63373,5199,5145,588,5733,64
2021-07-15,Trinity,105,12862,502,341,103,444,3
2021-07-15,Tulare,107,460477,50723,49937,9155,59092,854
2021-07-15,Tuolumne,109,53932,4155,4131,46,4177,64
2021-07-15,Ventura,111,848112,82845,82125,3244,85369,1041
2021-07-15,Yolo,113,214977,14539,14356,328,14684,213
2021-07-15,Yuba,115,75493,6405,6309,129,6438,52
2021-07-14,Alameda,001,1643700,92303,91092,2032,93124,1255
2021-07-14,Alpine,003,1148,88,89,0,89,0
2021-07-14,Amador,005,37829,3801,3784,33,3817,48
2021-07-14,Butte,007,227075,12999,12813,1904,14717,202
2021-07-14,Calaveras,009,45235,2252,2234,15,2249,57
2021-07-14,Colusa,011,21464,1993,1974,334,2308,16
2021-07-14,Contra Costa,013,1133247,73156,72091,1361,73452,823
2021-07-14,Del Norte,015,27424,1515,1472,14,1486,8
2021-07-14,El Dorado,017,186661,10777,10598,812,11410,114
2021-07-14,Fresno,019,978130,104303,102966,8824,111790,1728
2021-07-14,Glenn,021,27897,2471,2449,572,3021,20
2021-07-14,Humboldt,023,135768,4711,4644,56,4700,52
2021-07-14,Imperial,025,180216,28997,28822,2701,31523,742
2021-07-14,Inyo,027,18085,1422,1415,12,1427,36
2021-07-14,Kern,029,883053,98648,97736,11278,109014,1346
2021-07-14,Kings,031,150075,23469,23142,1105,24247,246
2021-07-14,Lake,033,64148,3856,3739,14,3753,63
2021-07-14,Lassen,035,31185,5319,5298,118,5416,21
2021-07-14,Los Angeles,037,10098052,1230859,1218265,42628,1260893,24578
2021-07-14,Madera,039,155013,16989,16786,959,17745,240
2021-07-14,Marin,041,260295,14482,14269,264,14533,233
2021-07-14,Mariposa,043,17540,447,445,11,456,5
2021-07-14,Mendocino,045,87422,4314,4193,88,4281,49
2021-07-14,Merced,047,269075,31506,31412,1055,32467,471
2021-07-14,Modoc,049,8938,420,412,147,559,4
2021-07-14,Mono,051,14174,1274,1278,17,1295,3
2021-07-14,Monterey,053,433212,43570,43347,1883,45230,504
2021-07-14,Napa,055,140530,10188,10121,40,10161,81
2021-07-14,Nevada,057,99092,5162,5058,195,5253,72
2021-07-14,Orange,059,3164182,259947,257558,11726,269284,5137
2021-07-14,Placer,061,380077,24461,24125,1653,25778,303
2021-07-14,Plumas,063,18699,734,719,14,733,4
2021-07-14,Riverside,065,2383286,298795,294511,14214,308725,4542
2021-07-14,Sacramento,067,1510023,111437,110193,1954,112147,1688
2021-07-14,San Benito,069,59416,6180,6177,113,6290,63
2021-07-14,San Bernardino,071,2135413,297735,295820,9152,304972,5193
2021-07-14,San Diego,073,3302833,287967,285269,16164,301433,3786
2021-07-14,San Francisco,075,870044,38474,37836,1350,39186,559
2021-07-14,San Joaquin,077,732212,75322,74599,3703,78302,1416
2021-07-14,San Luis Obispo,079,281455,21762,21444,771,22215,258
2021-07-14,San Mateo,081,765935,43595,43249,516,43765,542
2021-07-14,Santa Barbara,083,443738,35026,34719,1140,35859,461
2021-07-14,Santa Clara,085,1922200,121123,119844,790,120634,2098
2021-07-14,Santa Cruz,087,273765,16488,16326,806,17132,207
2021-07-14,Shasta,089,179085,12751,12669,1679,14348,209
2021-07-14,Sierra,091,2930,66,62,12,74,0
2021-07-14,Siskiyou,093,43540,2015,1922,399,2321,29
2021-07-14,Solano,095,438530,34338,33948,630,34578,268
2021-07-14,Sonoma,097,501317,31783,31470,366,31836,322
2021-07-14,Stanislaus,099,539301,57713,57340,6074,63414,1028
2021-07-14,Sutter,101,95872,9808,9766,92,9858,114
2021-07-14,Tehama,103,63373,5197,5142,588,5730,64
2021-07-14,Trinity,105,12862,502,341,103,444,3
2021-07-14,Tulare,107,460477,50706,49908,9141,59049,853
2021-07-14,Tuolumne,109,53932,4152,4128,45,4173,64
2021-07-14,Ventura,111,848112,82751,82041,3233,85274,1040
2021-07-14,Yolo,113,214977,14506,14332,325,14657,213
2021-07-14,Yuba,115,75493,6387,6294,129,6423,52
2021-07-13,Alameda,001,1643700,92038,90874,2022,92896,1255
2021-07-13,Alpine,003,1148,88,89,0,89,0
2021-07-13,Amador,005,37829,3794,3783,33,3816,48
2021-07-13,Butte,007,227075,12985,12802,1903,14705,202
2021-07-13,Calaveras,009,45235,2248,2230,15,2245,57
2021-07-13,Colusa,011,21464,1991,1972,331,2303,16
2021-07-13,Contra Costa,013,1133247,72931,71963,1352,73315,823
2021-07-13,Del Norte,015,27424,1511,1471,14,1485,8
2021-07-13,El Dorado,017,186661,10760,10581,810,11391,114
2021-07-13,Fresno,019,978130,104228,102909,8814,111723,1727
2021-07-13,Glenn,021,27897,2469,2448,572,3020,20
2021-07-13,Humboldt,023,135768,4696,4634,56,4690,51
2021-07-13,Imperial,025,180216,28986,28792,2701,31493,741
2021-07-13,Inyo,027,18085,1421,1415,12,1427,36
2021-07-13,Kern,029,883053,98559,97698,11239,108937,1346
2021-07-13,Kings,031,150075,23451,23132,1105,24237,246
2021-07-13,Lake,033,64148,3829,3719,13,3732,63
2021-07-13,Lassen,035,31185,5317,5292,118,5410,21
2021-07-13,Los Angeles,037,10098052,1229008,1217184,42458,1259642,24569
2021-07-13,Madera,039,155013,16979,16773,955,17728,240
2021-07-13,Marin,041,260295,14453,14254,263,14517,233
2021-07-13,Mariposa,043,17540,446,443,11,454,5
2021-07-13,Mendocino,045,87422,4307,4185,88,4273,49
2021-07-13,Merced,047,269075,31485,31379,1052,32431,471
2021-07-13,Modoc,049,8938,420,411,147,558,4
2021-07-13,Mono,051,14174,1273,1277,17,1294,3
2021-07-13,Monterey,053,433212,43552,43333,1879,45212,504
2021-07-13,Napa,055,140530,10167,10118,40,10158,81
2021-07-13,Nevada,057,99092,5137,5053,195,5248,72
2021-07-13,Orange,059,3164182,259617,257339,11698,269037,5136
2021-07-13,Placer,061,380077,24415,24091,1640,25731,303
2021-07-13,Plumas,063,18699,733,716,14,730,4
2021-07-13,Riverside,065,2383286,298472,294302,14187,308489,4541
2021-07-13,Sacramento,067,1510023,111127,109990,1931,111921,1687
2021-07-13,San Benito,069,59416,6178,6173,113,6286,63
2021-07-13,San Bernardino,071,2135413,297458,295596,9130,304726,5183
2021-07-13,San Diego,073,3302833,287419,284997,16085,301082,3785
2021-07-13,San Francisco,075,870044,38330,37725,1344,39069,559
2021-07-13,San Joaquin,077,732212,75206,74500,3700,78200,1417
2021-07-13,San Luis Obispo,079,281455,21736,21423,768,22191,258
2021-07-13,San Mateo,081,765935,43526,43180,515,43695,542
2021-07-13,Santa Barbara,083,443738,34976,34679,1137,35816,461
2021-07-13,Santa Clara,085,1922200,120970,119727,786,120513,2098
2021-07-13,Santa Cruz,087,273765,16479,16315,804,17119,207
2021-07-13,Shasta,089,179085,12738,12659,1672,14331,209
2021-07-13,Sierra,091,2930,66,62,12,74,0
2021-07-13,Siskiyou,093,43540,2014,1916,397,2313,29
2021-07-13,Solano,095,438530,34273,33918,624,34542,268
2021-07-13,Sonoma,097,501317,31724,31431,366,31797,322
2021-07-13,Stanislaus,099,539301,57643,57282,6059,63341,1028
2021-07-13,Sutter,101,95872,9790,9752,91,9843,114
2021-07-13,Tehama,103,63373,5190,5144,588,5732,64
2021-07-13,Trinity,105,12862,502,341,102,443,3
2021-07-13,Tulare,107,460477,50681,49891,9125,59016,853
2021-07-13,Tuolumne,109,53932,4144,4122,44,4166,64
2021-07-13,Ventura,111,848112,82666,81982,3208,85190,1040
2021-07-13,Yolo,113,214977,14478,14320,318,14638,213
2021-07-13,Yuba,115,75493,6370,6279,129,6408,52
2021-07-12,Alameda,001,1643700,91779,90720,2015,92735,1254
2021-07-12,Alpine,003,1148,88,89,0,89,0
2021-07-12,Amador,005,37829,3787,3781,33,3814,47
2021-07-12,Butte,007,227075,12965,12796,1901,14697,202
2021-07-12,Calaveras,009,45235,2246,2228,15,2243,57
2021-07-12,Colusa,011,21464,1987,1971,330,2301,16
2021-07-12,Contra Costa,013,1133247,72728,71833,1347,73180,823
2021-07-12,Del Norte,015,27424,1508,1469,14,1483,8
2021-07-12,El Dorado,017,186661,10731,10569,808,11377,114
2021-07-12,Fresno,019,978130,104134,102853,8802,111655,1728
2021-07-12,Glenn,021,27897,2469,2446,572,3018,20
2021-07-12,Humboldt,023,135768,4680,4621,56,4677,51
2021-07-12,Imperial,025,180216,28956,28789,2701,31490,741
2021-07-12,Inyo,027,18085,1421,1415,12,1427,36
2021-07-12,Kern,029,883053,98490,97660,11214,108874,1346
2021-07-12,Kings,031,150075,23431,23124,1103,24227,246
2021-07-12,Lake,033,64148,3808,3706,13,3719,63
2021-07-12,Lassen,035,31185,5316,5292,118,5410,21
2021-07-12,Los Angeles,037,10098052,1227211,1216230,42325,1258555,24559
2021-07-12,Madera,039,155013,16968,16772,955,17727,240
2021-07-12,Marin,041,260295,14428,14238,262,14500,233
2021-07-12,Mariposa,043,17540,446,442,11,453,5
2021-07-12,Mendocino,045,87422,4296,4175,88,4263,49
2021-07-12,Merced,047,269075,31454,31374,1051,32425,471
2021-07-12,Modoc,049,8938,419,411,147,558,4
2021-07-12,Mono,051,14174,1271,1275,17,1292,3
2021-07-12,Monterey,053,433212,43531,43315,1875,45190,504
2021-07-12,Napa,055,140530,10149,10104,39,10143,81
2021-07-12,Nevada,057,99092,5114,5046,195,5241,72
2021-07-12,Orange,059,3164182,259264,257171,11675,268846,5136
2021-07-12,Placer,061,380077,24364,24052,1634,25686,302
2021-07-12,Plumas,063,18699,733,716,14,730,4
2021-07-12,Riverside,065,2383286,298164,294108,14158,308266,4541
2021-07-12,Sacramento,067,1510023,110912,109849,1906,111755,1685
2021-07-12,San Benito,069,59416,6175,6166,113,6279,63
2021-07-12,San Bernardino,071,2135413,297186,295447,9115,304562,5171
2021-07-12,San Diego,073,3302833,286950,284648,16009,300657,3785
2021-07-12,San Francisco,075,870044,38184,37656,1341,38997,559
2021-07-12,San Joaquin,077,732212,75112,74424,3690,78114,1415
2021-07-12,San Luis Obispo,079,281455,21717,21408,767,22175,258
2021-07-12,San Mateo,081,765935,43432,43138,508,43646,542
2021-07-12,Santa Barbara,083,443738,34933,34664,1135,35799,461
2021-07-12,Santa Clara,085,1922200,120805,119634,783,120417,2098
2021-07-12,Santa Cruz,087,273765,16454,16310,803,17113,207
2021-07-12,Shasta,089,179085,12731,12648,1669,14317,208
2021-07-12,Sierra,091,2930,66,62,12,74,0
2021-07-12,Siskiyou,093,43540,2009,1916,392,2308,29
2021-07-12,Solano,095,438530,34183,33859,615,34474,268
2021-07-12,Sonoma,097,501317,31676,31377,365,31742,322
2021-07-12,Stanislaus,099,539301,57574,57243,6052,63295,1028
2021-07-12,Sutter,101,95872,9773,9736,90,9826,114
2021-07-12,Tehama,103,63373,5185,5138,587,5725,63
2021-07-12,Trinity,105,12862,498,340,100,440,3
2021-07-12,Tulare,107,460477,50653,49882,9112,58994,853
2021-07-12,Tuolumne,109,53932,4140,4116,44,4160,64
2021-07-12,Ventura,111,848112,82565,81919,3187,85106,1040
2021-07-12,Yolo,113,214977,14450,14303,314,14617,213
2021-07-12,Yuba,115,75493,6355,6266,129,6395,52
2021-07-11,Alameda,001,1643700,91449,90597,2003,92600,1254
2021-07-11,Alpine,003,1148,88,89,0,89,0
2021-07-11,Amador,005,37829,3785,3779,33,3812,47
2021-07-11,Butte,007,227075,12943,12794,1895,14689,202
2021-07-11,Calaveras,009,45235,2244,2226,14,2240,57
2021-07-11,Colusa,011,21464,1986,1971,329,2300,16
2021-07-11,Contra Costa,013,1133247,72518,71744,1340,73084,823
2021-07-11,Del Norte,015,27424,1504,1467,13,1480,8
2021-07-11,El Dorado,017,186661,10702,10554,806,11360,114
2021-07-11,Fresno,019,978130,104039,102813,8782,111595,1728
2021-07-11,Glenn,021,27897,2468,2446,572,3018,20
2021-07-11,Humboldt,023,135768,4667,4611,55,4666,51
2021-07-11,Imperial,025,180216,28938,28787,2700,31487,741
2021-07-11,Inyo,027,18085,1419,1415,12,1427,36
2021-07-11,Kern,029,883053,98417,97637,11198,108835,1346
2021-07-11,Kings,031,150075,23400,23116,1100,24216,246
2021-07-11,Lake,033,64148,3777,3699,13,3712,63
2021-07-11,Lassen,035,31185,5313,5291,118,5409,21
2021-07-11,Los Angeles,037,10098052,1225454,1215182,42169,1257351,24558
2021-07-11,Madera,039,155013,16949,16766,954,17720,240
2021-07-11,Marin,041,260295,14402,14231,262,14493,233
2021-07-11,Mariposa,043,17540,445,442,11,453,5
2021-07-11,Mendocino,045,87422,4276,4167,88,4255,49
2021-07-11,Merced,047,269075,31430,31366,1046,32412,471
2021-07-11,Modoc,049,8938,418,411,147,558,4
2021-07-11,Mono,051,14174,1271,1275,17,1292,3
2021-07-11,Monterey,053,433212,43512,43307,1871,45178,504
2021-07-11,Napa,055,140530,10145,10100,39,10139,81
2021-07-11,Nevada,057,99092,5103,5035,194,5229,72
2021-07-11,Orange,059,3164182,258951,257009,11647,268656,5136
2021-07-11,Placer,061,380077,24307,24017,1622,25639,302
2021-07-11,Plumas,063,18699,733,716,14,730,4
2021-07-11,Riverside,065,2383286,297900,293969,14140,308109,4541
2021-07-11,Sacramento,067,1510023,110633,109696,1896,111592,1685
2021-07-11,San Benito,069,59416,6170,6163,113,6276,63
2021-07-11,San Bernardino,071,2135413,296881,295342,9090,304432,5167
2021-07-11,San Diego,073,3302833,286536,283819,15923,299742,3784
2021-07-11,San Francisco,075,870044,38055,37596,1335,38931,559
2021-07-11,San Joaquin,077,732212,74995,74376,3673,78049,1415
2021-07-11,San Luis Obispo,079,281455,21684,21403,766,22169,258
2021-07-11,San Mateo,081,765935,43353,43107,502,43609,542
2021-07-11,Santa Barbara,083,443738,34886,34646,1135,35781,461
2021-07-11,Santa Clara,085,1922200,120651,119549,782,120331,2098
2021-07-11,Santa Cruz,087,273765,16438,16303,803,17106,207
2021-07-11,Shasta,089,179085,12714,12647,1667,14314,208
2021-07-11,Sierra,091,2930,66,62,12,74,0
2021-07-11,Siskiyou,093,43540,2005,1915,390,2305,29
2021-07-11,Solano,095,438530,34101,33837,611,34448,268
2021-07-11,Sonoma,097,501317,31594,31352,365,31717,322
2021-07-11,Stanislaus,099,539301,57508,57230,6041,63271,1028
2021-07-11,Sutter,101,95872,9759,9728,90,9818,114
2021-07-11,Tehama,103,63373,5182,5138,587,5725,63
2021-07-11,Trinity,105,12862,497,340,100,440,3
2021-07-11,Tulare,107,460477,50628,49877,9094,58971,853
2021-07-11,Tuolumne,109,53932,4134,4116,44,4160,64
2021-07-11,Ventura,111,848112,82492,81875,3167,85042,1040
2021-07-11,Yolo,113,214977,14425,14285,308,14593,213
2021-07-11,Yuba,115,75493,6344,6260,129,6389,52
2021-07-10,Alameda,001,1643700,91298,90090,1999,92089,1252
2021-07-10,Alpine,003,1148,88,89,0,89,0
2021-07-10,Amador,005,37829,3779,3773,33,3806,47
2021-07-10,Butte,007,227075,12933,12764,1892,14656,202
2021-07-10,Calaveras,009,45235,2243,2214,14,2228,57
2021-07-10,Colusa,011,21464,1984,1969,329,2298,16
2021-07-10,Contra Costa,013,1133247,72418,71376,1339,72715,821
2021-07-10,Del Norte,015,27424,1502,1451,13,1464,8
2021-07-10,El Dorado,017,186661,10685,10508,803,11311,114
2021-07-10,Fresno,019,978130,104006,102675,8775,111450,1730
2021-07-10,Glenn,021,27897,2465,2440,571,3011,20
2021-07-10,Humboldt,023,135768,4658,4574,55,4629,51
2021-07-10,Imperial,025,180216,28925,28729,2700,31429,741
2021-07-10,Inyo,027,18085,1418,1415,12,1427,36
2021-07-10,Kern,029,883053,98377,97538,11181,108719,1346
2021-07-10,Kings,031,150075,23393,23090,1099,24189,246
2021-07-10,Lake,033,64148,3760,3667,13,3680,63
2021-07-10,Lassen,035,31185,5313,5290,118,5408,21
2021-07-10,Los Angeles,037,10098052,1224427,1212043,42067,1254110,24542
2021-07-10,Madera,039,155013,16943,16744,951,17695,241
2021-07-10,Marin,041,260295,14388,14194,262,14456,233
2021-07-10,Mariposa,043,17540,445,442,11,453,5
2021-07-10,Mendocino,045,87422,4269,4153,87,4240,49
2021-07-10,Merced,047,269075,31417,31328,1046,32374,470
2021-07-10,Modoc,049,8938,418,410,147,557,4
2021-07-10,Mono,051,14174,1271,1275,17,1292,3
2021-07-10,Monterey,053,433212,43498,43251,1869,45120,499
2021-07-10,Napa,055,140530,10133,10077,39,10116,81
2021-07-10,Nevada,057,99092,5094,5000,194,5194,72
2021-07-10,Orange,059,3164182,258773,256438,11631,268069,5135
2021-07-10,Placer,061,380077,24278,23916,1612,25528,302
2021-07-10,Plumas,063,18699,732,717,14,731,4
2021-07-10,Riverside,065,2383286,297710,293474,14127,307601,4541
2021-07-10,Sacramento,067,1510023,110484,109091,1891,110982,1682
2021-07-10,San Benito,069,59416,6165,6141,113,6254,63
2021-07-10,San Bernardino,071,2135413,296693,294932,9078,304010,5117
2021-07-10,San Diego,073,3302833,286246,283577,15870,299447,3783
2021-07-10,San Francisco,075,870044,37972,37338,1332,38670,559
2021-07-10,San Joaquin,077,732212,74938,74150,3667,77817,1412
2021-07-10,San Luis Obispo,079,281455,21673,21375,765,22140,258
2021-07-10,San Mateo,081,765935,43301,42948,500,43448,542
2021-07-10,Santa Barbara,083,443738,34859,34595,1135,35730,460
2021-07-10,Santa Clara,085,1922200,120548,119330,779,120109,2094
2021-07-10,Santa Cruz,087,273765,16431,16286,803,17089,207
2021-07-10,Shasta,089,179085,12701,12623,1662,14285,206
2021-07-10,Sierra,091,2930,66,61,12,73,0
2021-07-10,Siskiyou,093,43540,2003,1909,387,2296,29
2021-07-10,Solano,095,438530,34059,33678,605,34283,268
2021-07-10,Sonoma,097,501317,31543,31231,365,31596,317
2021-07-10,Stanislaus,099,539301,57472,57104,6031,63135,1026
2021-07-10,Sutter,101,95872,9747,9692,90,9782,114
2021-07-10,Tehama,103,63373,5179,5131,587,5718,63
2021-07-10,Trinity,105,12862,497,341,100,441,3
2021-07-10,Tulare,107,460477,50618,49850,9088,58938,853
2021-07-10,Tuolumne,109,53932,4132,4114,44,4158,64
2021-07-10,Ventura,111,848112,82447,81713,3149,84862,1039
2021-07-10,Yolo,113,214977,14404,14250,305,14555,213
2021-07-10,Yuba,115,75493,6334,6238,129,6367,52
2021-07-09,Alameda,001,1643700,91139,90090,1994,92084,1252
2021-07-09,Alpine,003,1148,88,89,0,89,0
2021-07-09,Amador,005,37829,3778,3773,33,3806,47
2021-07-09,Butte,007,227075,12921,12764,1890,14654,202
2021-07-09,Calaveras,009,45235,2241,2214,14,2228,57
2021-07-09,Colusa,011,21464,1983,1969,329,2298,16
2021-07-09,Contra Costa,013,1133247,72292,71376,1337,72713,821
2021-07-09,Del Norte,015,27424,1497,1451,13,1464,8
2021-07-09,El Dorado,017,186661,10670,10508,802,11310,114
2021-07-09,Fresno,019,978130,103950,102675,8768,111443,1730
2021-07-09,Glenn,021,27897,2464,2440,569,3009,20
2021-07-09,Humboldt,023,135768,4639,4574,55,4629,51
2021-07-09,Imperial,025,180216,28917,28729,2699,31428,741
2021-07-09,Inyo,027,18085,1417,1415,12,1427,36
2021-07-09,Kern,029,883053,98339,97538,11169,108707,1346
2021-07-09,Kings,031,150075,23382,23090,1098,24188,246
2021-07-09,Lake,033,64148,3746,3667,13,3680,63
2021-07-09,Lassen,035,31185,5311,5290,117,5407,21
2021-07-09,Los Angeles,037,10098052,1223423,1212043,41996,1254039,24542
2021-07-09,Madera,039,155013,16933,16744,950,17694,241
2021-07-09,Marin,041,260295,14367,14194,261,14455,233
2021-07-09,Mariposa,043,17540,445,442,11,453,5
2021-07-09,Mendocino,045,87422,4262,4153,87,4240,49
2021-07-09,Merced,047,269075,31402,31328,1046,32374,470
2021-07-09,Modoc,049,8938,418,410,147,557,4
2021-07-09,Mono,051,14174,1271,1275,17,1292,3
2021-07-09,Monterey,053,433212,43489,43251,1869,45120,499
2021-07-09,Napa,055,140530,10126,10077,39,10116,81
2021-07-09,Nevada,057,99092,5085,5000,194,5194,72
2021-07-09,Orange,059,3164182,258567,256438,11617,268055,5135
2021-07-09,Placer,061,380077,24256,23916,1606,25522,302
2021-07-09,Plumas,063,18699,730,717,14,731,4
2021-07-09,Riverside,065,2383286,297524,293474,14114,307588,4541
2021-07-09,Sacramento,067,1510023,110330,109091,1882,110973,1682
2021-07-09,San Benito,069,59416,6163,6141,113,6254,63
2021-07-09,San Bernardino,071,2135413,296541,294932,9071,304003,5117
2021-07-09,San Diego,073,3302833,285957,283577,15822,299399,3783
2021-07-09,San Francisco,075,870044,37892,37338,1325,38663,559
2021-07-09,San Joaquin,077,732212,74864,74150,3660,77810,1412
2021-07-09,San Luis Obispo,079,281455,21661,21375,765,22140,258
2021-07-09,San Mateo,081,765935,43257,42948,496,43444,542
2021-07-09,Santa Barbara,083,443738,34838,34595,1134,35729,460
2021-07-09,Santa Clara,085,1922200,120437,119330,779,120109,2094
2021-07-09,Santa Cruz,087,273765,16428,16286,803,17089,207
2021-07-09,Shasta,089,179085,12695,12623,1657,14280,206
2021-07-09,Sierra,091,2930,66,61,12,73,0
2021-07-09,Siskiyou,093,43540,2001,1909,386,2295,29
2021-07-09,Solano,095,438530,34023,33678,601,34279,268
2021-07-09,Sonoma,097,501317,31507,31231,365,31596,317
2021-07-09,Stanislaus,099,539301,57443,57104,6029,63133,1026
2021-07-09,Sutter,101,95872,9738,9692,90,9782,114
2021-07-09,Tehama,103,63373,5177,5131,587,5718,63
2021-07-09,Trinity,105,12862,496,341,97,438,3
2021-07-09,Tulare,107,460477,50605,49850,9082,58932,853
2021-07-09,Tuolumne,109,53932,4128,4114,44,4158,64
2021-07-09,Ventura,111,848112,82392,81713,3140,84853,1039
2021-07-09,Yolo,113,214977,14389,14250,301,14551,213
2021-07-09,Yuba,115,75493,6321,6238,129,6367,52
2021-07-08,Alameda,001,1643700,90932,90090,1991,92081,1252
2021-07-08,Alpine,003,1148,88,89,0,89,0
2021-07-08,Amador,005,37829,3776,3773,33,3806,47
2021-07-08,Butte,007,227075,12908,12764,1887,14651,202
2021-07-08,Calaveras,009,45235,2238,2214,13,2227,57
2021-07-08,Colusa,011,21464,1983,1969,329,2298,16
2021-07-08,Contra Costa,013,1133247,72164,71376,1332,72708,821
2021-07-08,Del Norte,015,27424,1495,1451,13,1464,8
2021-07-08,El Dorado,017,186661,10653,10508,795,11303,114
2021-07-08,Fresno,019,978130,103888,102675,8757,111432,1730
2021-07-08,Glenn,021,27897,2464,2440,569,3009,20
2021-07-08,Humboldt,023,135768,4623,4574,54,4628,51
2021-07-08,Imperial,025,180216,28905,28729,2698,31427,741
2021-07-08,Inyo,027,18085,1417,1415,12,1427,36
2021-07-08,Kern,029,883053,98291,97538,11154,108692,1346
2021-07-08,Kings,031,150075,23373,23090,1098,24188,246
2021-07-08,Lake,033,64148,3732,3667,13,3680,63
2021-07-08,Lassen,035,31185,5308,5290,117,5407,21
2021-07-08,Los Angeles,037,10098052,1222210,1212043,41902,1253945,24542
2021-07-08,Madera,039,155013,16917,16744,950,17694,241
2021-07-08,Marin,041,260295,14353,14194,261,14455,233
2021-07-08,Mariposa,043,17540,444,442,11,453,5
2021-07-08,Mendocino,045,87422,4259,4153,87,4240,49
2021-07-08,Merced,047,269075,31388,31328,1044,32372,470
2021-07-08,Modoc,049,8938,418,410,147,557,4
2021-07-08,Mono,051,14174,1271,1275,17,1292,3
2021-07-08,Monterey,053,433212,43469,43251,1863,45114,499
2021-07-08,Napa,055,140530,10122,10077,39,10116,81
2021-07-08,Nevada,057,99092,5079,5000,194,5194,72
2021-07-08,Orange,059,3164182,258372,256438,11595,268033,5135
2021-07-08,Placer,061,380077,24217,23916,1598,25514,302
2021-07-08,Plumas,063,18699,729,717,14,731,4
2021-07-08,Riverside,065,2383286,297323,293474,14098,307572,4541
2021-07-08,Sacramento,067,1510023,110108,109091,1877,110968,1682
2021-07-08,San Benito,069,59416,6160,6141,113,6254,63
2021-07-08,San Bernardino,071,2135413,296366,294932,9062,303994,5117
2021-07-08,San Diego,073,3302833,285630,283577,15774,299351,3783
2021-07-08,San Francisco,075,870044,37812,37338,1321,38659,559
2021-07-08,San Joaquin,077,732212,74776,74150,3647,77797,1412
2021-07-08,San Luis Obispo,079,281455,21649,21375,762,22137,258
2021-07-08,San Mateo,081,765935,43206,42948,495,43443,542
2021-07-08,Santa Barbara,083,443738,34811,34595,1132,35727,460
2021-07-08,Santa Clara,085,1922200,120344,119330,778,120108,2094
2021-07-08,Santa Cruz,087,273765,16422,16286,803,17089,207
2021-07-08,Shasta,089,179085,12689,12623,1653,14276,206
2021-07-08,Sierra,091,2930,66,61,12,73,0
2021-07-08,Siskiyou,093,43540,1996,1909,383,2292,29
2021-07-08,Solano,095,438530,33968,33678,595,34273,268
2021-07-08,Sonoma,097,501317,31476,31231,364,31595,317
2021-07-08,Stanislaus,099,539301,57416,57104,6025,63129,1026
2021-07-08,Sutter,101,95872,9724,9692,88,9780,114
2021-07-08,Tehama,103,63373,5174,5131,586,5717,63
2021-07-08,Trinity,105,12862,496,341,97,438,3
2021-07-08,Tulare,107,460477,50587,49850,9075,58925,853
2021-07-08,Tuolumne,109,53932,4126,4114,44,4158,64
2021-07-08,Ventura,111,848112,82328,81713,3124,84837,1039
2021-07-08,Yolo,113,214977,14369,14250,299,14549,213
2021-07-08,Yuba,115,75493,6313,6238,129,6367,52
2021-07-07,Alameda,001,1643700,90747,89995,1985,91980,1253
2021-07-07,Alpine,003,1148,88,89,0,89,0
2021-07-07,Amador,005,37829,3771,3770,33,3803,47
2021-07-07,Butte,007,227075,12895,12750,1882,14632,202
2021-07-07,Calaveras,009,45235,2231,2212,13,2225,57
2021-07-07,Colusa,011,21464,1979,1969,329,2298,16
2021-07-07,Contra Costa,013,1133247,72017,71308,1330,72638,821
2021-07-07,Del Norte,015,27424,1490,1446,13,1459,8
2021-07-07,El Dorado,017,186661,10633,10494,793,11287,114
2021-07-07,Fresno,019,978130,103838,102639,8750,111389,1729
2021-07-07,Glenn,021,27897,2464,2441,569,3010,20
2021-07-07,Humboldt,023,135768,4609,4566,54,4620,51
2021-07-07,Imperial,025,180216,28898,28701,2698,31399,740
2021-07-07,Inyo,027,18085,1416,1415,12,1427,36
2021-07-07,Kern,029,883053,98247,97507,11139,108646,1348
2021-07-07,Kings,031,150075,23360,23085,1095,24180,245
2021-07-07,Lake,033,64148,3713,3660,13,3673,63
2021-07-07,Lassen,035,31185,5308,5286,117,5403,21
2021-07-07,Los Angeles,037,10098052,1221030,1211316,41798,1253114,24531
2021-07-07,Madera,039,155013,16906,16733,948,17681,241
2021-07-07,Marin,041,260295,14334,14183,260,14443,233
2021-07-07,Mariposa,043,17540,442,442,11,453,5
2021-07-07,Mendocino,045,87422,4250,4145,87,4232,49
2021-07-07,Merced,047,269075,31373,31317,1044,32361,470
2021-07-07,Modoc,049,8938,418,410,147,557,4
2021-07-07,Mono,051,14174,1270,1274,17,1291,3
2021-07-07,Monterey,053,433212,43445,43233,1861,45094,494
2021-07-07,Napa,055,140530,10111,10078,39,10117,81
2021-07-07,Nevada,057,99092,5072,4996,194,5190,72
2021-07-07,Orange,059,3164182,258146,256301,11574,267875,5132
2021-07-07,Placer,061,380077,24181,23901,1588,25489,302
2021-07-07,Plumas,063,18699,729,710,14,724,4
2021-07-07,Riverside,065,2383286,297109,293331,14088,307419,4538
2021-07-07,Sacramento,067,1510023,109918,108954,1869,110823,1682
2021-07-07,San Benito,069,59416,6155,6137,113,6250,63
2021-07-07,San Bernardino,071,2135413,296196,294787,9055,303842,5087
2021-07-07,San Diego,073,3302833,285310,283377,15734,299111,3782
2021-07-07,San Francisco,075,870044,37720,37284,1318,38602,558
2021-07-07,San Joaquin,077,732212,74700,74095,3632,77727,1410
2021-07-07,San Luis Obispo,079,281455,21640,21360,760,22120,258
2021-07-07,San Mateo,081,765935,43152,42908,492,43400,542
2021-07-07,Santa Barbara,083,443738,34785,34582,1132,35714,460
2021-07-07,Santa Clara,085,1922200,120246,119250,777,120027,2094
2021-07-07,Santa Cruz,087,273765,16413,16279,802,17081,207
2021-07-07,Shasta,089,179085,12681,12613,1650,14263,206
2021-07-07,Sierra,091,2930,66,60,12,72,0
2021-07-07,Siskiyou,093,43540,1990,1908,379,2287,29
2021-07-07,Solano,095,438530,33919,33659,588,34247,268
2021-07-07,Sonoma,097,501317,31430,31172,364,31536,316
2021-07-07,Stanislaus,099,539301,57384,57102,6020,63122,1028
2021-07-07,Sutter,101,95872,9714,9683,88,9771,114
2021-07-07,Tehama,103,63373,5173,5129,586,5715,63
2021-07-07,Trinity,105,12862,496,341,97,438,3
2021-07-07,Tulare,107,460477,50583,49835,9066,58901,853
2021-07-07,Tuolumne,109,53932,4122,4115,43,4158,64
2021-07-07,Ventura,111,848112,82284,81608,3110,84718,1036
2021-07-07,Yolo,113,214977,14358,14236,296,14532,213
2021-07-07,Yuba,115,75493,6297,6233,129,6362,51
2021-07-06,Alameda,001,1643700,90551,89918,1977,91895,1253
2021-07-06,Alpine,003,1148,88,89,0,89,0
2021-07-06,Amador,005,37829,3770,3768,32,3800,47
2021-07-06,Butte,007,227075,12882,12744,1879,14623,201
2021-07-06,Calaveras,009,45235,2231,2211,13,2224,55
2021-07-06,Colusa,011,21464,1978,1967,326,2293,16
2021-07-06,Contra Costa,013,1133247,71888,71262,1327,72589,820
2021-07-06,Del Norte,015,27424,1486,1445,13,1458,8
2021-07-06,El Dorado,017,186661,10615,10484,791,11275,113
2021-07-06,Fresno,019,978130,103786,102616,8738,111354,1727
2021-07-06,Glenn,021,27897,2463,2438,569,3007,20
2021-07-06,Humboldt,023,135768,4595,4565,53,4618,49
2021-07-06,Imperial,025,180216,28883,28693,2696,31389,739
2021-07-06,Inyo,027,18085,1416,1412,12,1424,36
2021-07-06,Kern,029,883053,98205,97491,11128,108619,1346
2021-07-06,Kings,031,150075,23352,23077,1094,24171,245
2021-07-06,Lake,033,64148,3703,3659,13,3672,63
2021-07-06,Lassen,035,31185,5307,5288,116,5404,21
2021-07-06,Los Angeles,037,10098052,1219813,1210965,41700,1252665,24525
2021-07-06,Madera,039,155013,16894,16730,948,17678,241
2021-07-06,Marin,041,260295,14320,14181,260,14441,233
2021-07-06,Mariposa,043,17540,442,442,11,453,5
2021-07-06,Mendocino,045,87422,4243,4143,87,4230,49
2021-07-06,Merced,047,269075,31356,31317,1043,32360,470
2021-07-06,Modoc,049,8938,418,411,147,558,4
2021-07-06,Mono,051,14174,1269,1274,17,1291,3
2021-07-06,Monterey,053,433212,43423,43224,1859,45083,494
2021-07-06,Napa,055,140530,10100,10081,39,10120,81
2021-07-06,Nevada,057,99092,5063,4988,194,5182,72
2021-07-06,Orange,059,3164182,257902,256227,11557,267784,5129
2021-07-06,Placer,061,380077,24140,23876,1582,25458,302
2021-07-06,Plumas,063,18699,728,708,14,722,4
2021-07-06,Riverside,065,2383286,296907,293227,14070,307297,4539
2021-07-06,Sacramento,067,1510023,109707,108850,1861,110711,1679
2021-07-06,San Benito,069,59416,6151,6137,113,6250,63
2021-07-06,San Bernardino,071,2135413,296017,294712,9042,303754,5056
2021-07-06,San Diego,073,3302833,284952,283278,15675,298953,3782
2021-07-06,San Francisco,075,870044,37605,37251,1317,38568,558
2021-07-06,San Joaquin,077,732212,74630,74019,3620,77639,1410
2021-07-06,San Luis Obispo,079,281455,21623,21354,758,22112,257
2021-07-06,San Mateo,081,765935,43077,42895,492,43387,541
2021-07-06,Santa Barbara,083,443738,34766,34572,1131,35703,460
2021-07-06,Santa Clara,085,1922200,120128,119194,774,119968,2095
2021-07-06,Santa Cruz,087,273765,16408,16274,801,17075,207
2021-07-06,Shasta,089,179085,12671,12606,1648,14254,205
2021-07-06,Sierra,091,2930,65,60,12,72,0
2021-07-06,Siskiyou,093,43540,1987,1905,375,2280,29
2021-07-06,Solano,095,438530,33868,33619,585,34204,268
2021-07-06,Sonoma,097,501317,31367,31130,363,31493,316
2021-07-06,Stanislaus,099,539301,57336,57120,6009,63129,1029
2021-07-06,Sutter,101,95872,9705,9674,87,9761,114
2021-07-06,Tehama,103,63373,5170,5126,585,5711,63
2021-07-06,Trinity,105,12862,496,341,97,438,3
2021-07-06,Tulare,107,460477,50568,49826,9056,58882,853
2021-07-06,Tuolumne,109,53932,4120,4113,43,4156,64
2021-07-06,Ventura,111,848112,82244,81534,3085,84619,1033
2021-07-06,Yolo,113,214977,14336,14227,293,14520,213
2021-07-06,Yuba,115,75493,6286,6231,129,6360,51
2021-07-05,Alameda,001,1643700,90373,89892,1972,91864,1253
2021-07-05,Alpine,003,1148,88,89,0,89,0
2021-07-05,Amador,005,37829,3768,3768,32,3800,47
2021-07-05,Butte,007,227075,12874,12740,1870,14610,201
2021-07-05,Calaveras,009,45235,2229,2211,13,2224,55
2021-07-05,Colusa,011,21464,1976,1966,325,2291,16
2021-07-05,Contra Costa,013,1133247,71760,71235,1327,72562,820
2021-07-05,Del Norte,015,27424,1482,1446,13,1459,8
2021-07-05,El Dorado,017,186661,10590,10481,791,11272,113
2021-07-05,Fresno,019,978130,103727,102592,8723,111315,1727
2021-07-05,Glenn,021,27897,2460,2438,568,3006,20
2021-07-05,Humboldt,023,135768,4581,4563,53,4616,49
2021-07-05,Imperial,025,180216,28864,28689,2696,31385,739
2021-07-05,Inyo,027,18085,1416,1412,12,1424,36
2021-07-05,Kern,029,883053,98157,97479,11107,108586,1346
2021-07-05,Kings,031,150075,23344,23065,1091,24156,245
2021-07-05,Lake,033,64148,3685,3645,13,3658,63
2021-07-05,Lassen,035,31185,5304,5288,115,5403,21
2021-07-05,Los Angeles,037,10098052,1218617,1210653,41598,1252251,24522
2021-07-05,Madera,039,155013,16883,16722,947,17669,241
2021-07-05,Marin,041,260295,14299,14178,260,14438,233
2021-07-05,Mariposa,043,17540,442,441,11,452,5
2021-07-05,Mendocino,045,87422,4238,4139,87,4226,49
2021-07-05,Merced,047,269075,31336,31312,1043,32355,470
2021-07-05,Modoc,049,8938,418,410,147,557,4
2021-07-05,Mono,051,14174,1269,1273,17,1290,3
2021-07-05,Monterey,053,433212,43403,43218,1854,45072,494
2021-07-05,Napa,055,140530,10094,10074,39,10113,81
2021-07-05,Nevada,057,99092,5045,4980,193,5173,72
2021-07-05,Orange,059,3164182,257701,256173,11539,267712,5129
2021-07-05,Placer,061,380077,24093,23867,1574,25441,302
2021-07-05,Plumas,063,18699,727,708,14,722,4
2021-07-05,Riverside,065,2383286,296716,293193,14058,307251,4539
2021-07-05,Sacramento,067,1510023,109525,108758,1852,110610,1679
2021-07-05,San Benito,069,59416,6144,6137,113,6250,63
2021-07-05,San Bernardino,071,2135413,295855,294647,9035,303682,5037
2021-07-05,San Diego,073,3302833,284589,282834,15631,298465,3782
2021-07-05,San Francisco,075,870044,37518,37237,1312,38549,558
2021-07-05,San Joaquin,077,732212,74560,73999,3615,77614,1410
2021-07-05,San Luis Obispo,079,281455,21610,21351,757,22108,257
2021-07-05,San Mateo,081,765935,43025,42876,489,43365,541
2021-07-05,Santa Barbara,083,443738,34746,34569,1131,35700,460
2021-07-05,Santa Clara,085,1922200,120022,119184,772,119956,2095
2021-07-05,Santa Cruz,087,273765,16399,16273,800,17073,208
2021-07-05,Shasta,089,179085,12662,12603,1646,14249,205
2021-07-05,Sierra,091,2930,65,60,12,72,0
2021-07-05,Siskiyou,093,43540,1985,1904,374,2278,29
2021-07-05,Solano,095,438530,33798,33612,579,34191,268
2021-07-05,Sonoma,097,501317,31314,31116,363,31479,316
2021-07-05,Stanislaus,099,539301,57306,57109,5998,63107,1029
2021-07-05,Sutter,101,95872,9693,9667,87,9754,114
2021-07-05,Tehama,103,63373,5169,5125,585,5710,63
2021-07-05,Trinity,105,12862,495,341,96,437,3
2021-07-05,Tulare,107,460477,50550,49818,9053,58871,853
2021-07-05,Tuolumne,109,53932,4116,4112,43,4155,64
2021-07-05,Ventura,111,848112,82193,81519,3066,84585,1033
2021-07-05,Yolo,113,214977,14316,14225,285,14510,213
2021-07-05,Yuba,115,75493,6278,6223,129,6352,51
2021-07-04,Alameda,001,1643700,90209,89683,1969,91652,1253
2021-07-04,Alpine,003,1148,88,89,0,89,0
2021-07-04,Amador,005,37829,3767,3758,32,3790,46
2021-07-04,Butte,007,227075,12864,12684,1870,14554,201
2021-07-04,Calaveras,009,45235,2225,2200,13,2213,55
2021-07-04,Colusa,011,21464,1976,1969,325,2294,15
2021-07-04,Contra Costa,013,1133247,71654,70941,1322,72263,818
2021-07-04,Del Norte,015,27424,1479,1439,13,1452,8
2021-07-04,El Dorado,017,186661,10581,10433,790,11223,113
2021-07-04,Fresno,019,978130,103681,102512,8708,111220,1727
2021-07-04,Glenn,021,27897,2458,2442,567,3009,20
2021-07-04,Humboldt,023,135768,4573,4530,53,4583,49
2021-07-04,Imperial,025,180216,28858,28661,2696,31357,739
2021-07-04,Inyo,027,18085,1416,1412,12,1424,35
2021-07-04,Kern,029,883053,98138,97421,11098,108519,1347
2021-07-04,Kings,031,150075,23336,23051,1091,24142,245
2021-07-04,Lake,033,64148,3675,3623,13,3636,62
2021-07-04,Lassen,035,31185,5303,5277,115,5392,20
2021-07-04,Los Angeles,037,10098052,1217756,1208705,41513,1250218,24506
2021-07-04,Madera,039,155013,16871,16696,946,17642,240
2021-07-04,Marin,041,260295,14284,14143,260,14403,233
2021-07-04,Mariposa,043,17540,442,441,11,452,5
2021-07-04,Mendocino,045,87422,4228,4122,87,4209,49
2021-07-04,Merced,047,269075,31325,31297,1043,32340,469
2021-07-04,Modoc,049,8938,418,410,147,557,4
2021-07-04,Mono,051,14174,1269,1275,17,1292,3
2021-07-04,Monterey,053,433212,43387,43212,1853,45065,492
2021-07-04,Napa,055,140530,10086,10045,38,10083,81
2021-07-04,Nevada,057,99092,5035,4966,193,5159,72
2021-07-04,Orange,059,3164182,257526,255823,11519,267342,5126
2021-07-04,Placer,061,380077,24056,23764,1568,25332,299
2021-07-04,Plumas,063,18699,727,707,14,721,4
2021-07-04,Riverside,065,2383286,296556,293260,14052,307312,4536
2021-07-04,Sacramento,067,1510023,109355,108257,1846,110103,1676
2021-07-04,San Benito,069,59416,6137,6108,113,6221,63
2021-07-04,San Bernardino,071,2135413,295687,294294,9028,303322,5003
2021-07-04,San Diego,073,3302833,284364,282692,15594,298286,3780
2021-07-04,San Francisco,075,870044,37459,37107,1306,38413,558
2021-07-04,San Joaquin,077,732212,74494,73841,3607,77448,1409
2021-07-04,San Luis Obispo,079,281455,21604,21330,756,22086,256
2021-07-04,San Mateo,081,765935,42991,42691,489,43180,541
2021-07-04,Santa Barbara,083,443738,34723,34526,1130,35656,456
2021-07-04,Santa Clara,085,1922200,119932,118966,771,119737,2090
2021-07-04,Santa Cruz,087,273765,16388,16254,800,17054,208
2021-07-04,Shasta,089,179085,12658,12582,1645,14227,204
2021-07-04,Sierra,091,2930,64,60,12,72,0
2021-07-04,Siskiyou,093,43540,1981,1899,373,2272,29
2021-07-04,Solano,095,438530,33757,33486,577,34063,268
2021-07-04,Sonoma,097,501317,31284,31000,363,31363,316
2021-07-04,Stanislaus,099,539301,57291,57018,5992,63010,1018
2021-07-04,Sutter,101,95872,9682,9644,87,9731,114
2021-07-04,Tehama,103,63373,5165,5124,585,5709,63
2021-07-04,Trinity,105,12862,494,341,96,437,3
2021-07-04,Tulare,107,460477,50540,49789,9050,58839,853
2021-07-04,Tuolumne,109,53932,4108,4113,43,4156,64
2021-07-04,Ventura,111,848112,82135,81425,3055,84480,1033
2021-07-04,Yolo,113,214977,14295,14188,282,14470,213
2021-07-04,Yuba,115,75493,6270,6197,129,6326,51
2021-07-03,Alameda,001,1643700,90122,89683,1961,91644,1253
2021-07-03,Alpine,003,1148,88,89,0,89,0
2021-07-03,Amador,005,37829,3767,3758,32,3790,46
2021-07-03,Butte,007,227075,12860,12684,1869,14553,201
2021-07-03,Calaveras,009,45235,2223,2200,13,2213,55
2021-07-03,Colusa,011,21464,1975,1969,325,2294,15
2021-07-03,Contra Costa,013,1133247,71594,70941,1319,72260,818
2021-07-03,Del Norte,015,27424,1476,1439,13,1452,8
2021-07-03,El Dorado,017,186661,10575,10433,788,11221,113
2021-07-03,Fresno,019,978130,103657,102512,8699,111211,1727
2021-07-03,Glenn,021,27897,2458,2442,567,3009,20
2021-07-03,Humboldt,023,135768,4568,4530,53,4583,49
2021-07-03,Imperial,025,180216,28848,28661,2696,31357,739
2021-07-03,Inyo,027,18085,1416,1412,12,1424,35
2021-07-03,Kern,029,883053,98118,97421,11090,108511,1347
2021-07-03,Kings,031,150075,23336,23051,1090,24141,245
2021-07-03,Lake,033,64148,3665,3623,13,3636,62
2021-07-03,Lassen,035,31185,5302,5277,115,5392,20
2021-07-03,Los Angeles,037,10098052,1217327,1208705,41482,1250187,24506
2021-07-03,Madera,039,155013,16862,16696,943,17639,240
2021-07-03,Marin,041,260295,14280,14143,260,14403,233
2021-07-03,Mariposa,043,17540,442,441,11,452,5
2021-07-03,Mendocino,045,87422,4227,4122,87,4209,49
2021-07-03,Merced,047,269075,31312,31297,1042,32339,469
2021-07-03,Modoc,049,8938,417,410,147,557,4
2021-07-03,Mono,051,14174,1268,1275,17,1292,3
2021-07-03,Monterey,053,433212,43375,43212,1851,45063,492
2021-07-03,Napa,055,140530,10081,10045,38,10083,81
2021-07-03,Nevada,057,99092,5021,4966,193,5159,72
2021-07-03,Orange,059,3164182,257442,255823,11512,267335,5126
2021-07-03,Placer,061,380077,24037,23764,1565,25329,299
2021-07-03,Plumas,063,18699,727,707,14,721,4
2021-07-03,Riverside,065,2383286,296464,293260,14048,307308,4536
2021-07-03,Sacramento,067,1510023,109281,108257,1843,110100,1676
2021-07-03,San Benito,069,59416,6130,6108,113,6221,63
2021-07-03,San Bernardino,071,2135413,295597,294294,9025,303319,5003
2021-07-03,San Diego,073,3302833,284233,282692,15575,298267,3780
2021-07-03,San Francisco,075,870044,37418,37107,1303,38410,558
2021-07-03,San Joaquin,077,732212,74458,73841,3602,77443,1409
2021-07-03,San Luis Obispo,079,281455,21592,21330,756,22086,256
2021-07-03,San Mateo,081,765935,42966,42691,488,43179,541
2021-07-03,Santa Barbara,083,443738,34714,34526,1129,35655,456
2021-07-03,Santa Clara,085,1922200,119885,118966,771,119737,2090
2021-07-03,Santa Cruz,087,273765,16381,16254,800,17054,208
2021-07-03,Shasta,089,179085,12654,12582,1643,14225,204
2021-07-03,Sierra,091,2930,64,60,12,72,0
2021-07-03,Siskiyou,093,43540,1980,1899,372,2271,29
2021-07-03,Solano,095,438530,33713,33486,577,34063,268
2021-07-03,Sonoma,097,501317,31250,31000,363,31363,316
2021-07-03,Stanislaus,099,539301,57280,57018,5985,63003,1018
2021-07-03,Sutter,101,95872,9672,9644,87,9731,114
2021-07-03,Tehama,103,63373,5163,5124,585,5709,63
2021-07-03,Trinity,105,12862,494,341,96,437,3
2021-07-03,Tulare,107,460477,50534,49789,9044,58833,853
2021-07-03,Tuolumne,109,53932,4107,4113,43,4156,64
2021-07-03,Ventura,111,848112,82105,81425,3047,84472,1033
2021-07-03,Yolo,113,214977,14285,14188,279,14467,213
2021-07-03,Yuba,115,75493,6264,6197,129,6326,51
2021-07-02,Alameda,001,1643700,90038,89683,1960,91643,1253
2021-07-02,Alpine,003,1148,88,89,0,89,0
2021-07-02,Amador,005,37829,3765,3758,32,3790,46
2021-07-02,Butte,007,227075,12853,12684,1869,14553,201
2021-07-02,Calaveras,009,45235,2221,2200,13,2213,55
2021-07-02,Colusa,011,21464,1974,1969,324,2293,15
2021-07-02,Contra Costa,013,1133247,71524,70941,1315,72256,818
2021-07-02,Del Norte,015,27424,1476,1439,13,1452,8
2021-07-02,El Dorado,017,186661,10567,10433,788,11221,113
2021-07-02,Fresno,019,978130,103629,102512,8693,111205,1727
2021-07-02,Glenn,021,27897,2457,2442,566,3008,20
2021-07-02,Humboldt,023,135768,4565,4530,52,4582,49
2021-07-02,Imperial,025,180216,28842,28661,2695,31356,739
2021-07-02,Inyo,027,18085,1416,1412,12,1424,35
2021-07-02,Kern,029,883053,98100,97421,11082,108503,1347
2021-07-02,Kings,031,150075,23326,23051,1090,24141,245
2021-07-02,Lake,033,64148,3659,3623,13,3636,62
2021-07-02,Lassen,035,31185,5302,5277,115,5392,20
2021-07-02,Los Angeles,037,10098052,1216853,1208705,41444,1250149,24506
2021-07-02,Madera,039,155013,16853,16696,942,17638,240
2021-07-02,Marin,041,260295,14276,14143,260,14403,233
2021-07-02,Mariposa,043,17540,442,441,11,452,5
2021-07-02,Mendocino,045,87422,4223,4122,86,4208,49
2021-07-02,Merced,047,269075,31303,31297,1042,32339,469
2021-07-02,Modoc,049,8938,417,410,147,557,4
2021-07-02,Mono,051,14174,1267,1275,17,1292,3
2021-07-02,Monterey,053,433212,43367,43212,1850,45062,492
2021-07-02,Napa,055,140530,10076,10045,38,10083,81
2021-07-02,Nevada,057,99092,5012,4966,193,5159,72
2021-07-02,Orange,059,3164182,257331,255823,11505,267328,5126
2021-07-02,Placer,061,380077,24020,23764,1558,25322,299
2021-07-02,Plumas,063,18699,727,707,14,721,4
2021-07-02,Riverside,065,2383286,296366,293260,14043,307303,4536
2021-07-02,Sacramento,067,1510023,109203,108257,1842,110099,1676
2021-07-02,San Benito,069,59416,6127,6108,113,6221,63
2021-07-02,San Bernardino,071,2135413,295510,294294,9023,303317,5003
2021-07-02,San Diego,073,3302833,284088,282692,15549,298241,3780
2021-07-02,San Francisco,075,870044,37370,37107,1301,38408,558
2021-07-02,San Joaquin,077,732212,74426,73841,3596,77437,1409
2021-07-02,San Luis Obispo,079,281455,21586,21330,755,22085,256
2021-07-02,San Mateo,081,765935,42930,42691,488,43179,541
2021-07-02,Santa Barbara,083,443738,34704,34526,1129,35655,456
2021-07-02,Santa Clara,085,1922200,119807,118966,771,119737,2090
2021-07-02,Santa Cruz,087,273765,16377,16254,800,17054,208
2021-07-02,Shasta,089,179085,12650,12582,1643,14225,204
2021-07-02,Sierra,091,2930,63,60,12,72,0
2021-07-02,Siskiyou,093,43540,1977,1899,371,2270,29
2021-07-02,Solano,095,438530,33688,33486,577,34063,268
2021-07-02,Sonoma,097,501317,31227,31000,363,31363,316
2021-07-02,Stanislaus,099,539301,57263,57018,5984,63002,1018
2021-07-02,Sutter,101,95872,9668,9644,87,9731,114
2021-07-02,Tehama,103,63373,5161,5124,583,5707,63
2021-07-02,Trinity,105,12862,494,341,96,437,3
2021-07-02,Tulare,107,460477,50524,49789,9036,58825,853
2021-07-02,Tuolumne,109,53932,4104,4113,43,4156,64
2021-07-02,Ventura,111,848112,82062,81425,3039,84464,1033
2021-07-02,Yolo,113,214977,14269,14188,277,14465,213
2021-07-02,Yuba,115,75493,6256,6197,129,6326,51
2021-07-01,Alameda,001,1643700,89938,89683,1958,91641,1253
2021-07-01,Alpine,003,1148,88,89,0,89,0
2021-07-01,Amador,005,37829,3764,3758,32,3790,46
2021-07-01,Butte,007,227075,12841,12684,1867,14551,201
2021-07-01,Calaveras,009,45235,2219,2200,13,2213,55
2021-07-01,Colusa,011,21464,1974,1969,322,2291,15
2021-07-01,Contra Costa,013,1133247,71452,70941,1315,72256,818
2021-07-01,Del Norte,015,27424,1475,1439,13,1452,8
2021-07-01,El Dorado,017,186661,10555,10433,788,11221,113
2021-07-01,Fresno,019,978130,103590,102512,8688,111200,1727
2021-07-01,Glenn,021,27897,2457,2442,566,3008,20
2021-07-01,Humboldt,023,135768,4563,4530,52,4582,49
2021-07-01,Imperial,025,180216,28825,28661,2695,31356,739
2021-07-01,Inyo,027,18085,1416,1412,12,1424,35
2021-07-01,Kern,029,883053,98074,97421,11072,108493,1347
2021-07-01,Kings,031,150075,23312,23051,1090,24141,245
2021-07-01,Lake,033,64148,3656,3623,13,3636,62
2021-07-01,Lassen,035,31185,5300,5277,115,5392,20
2021-07-01,Los Angeles,037,10098052,1216249,1208705,41389,1250094,24506
2021-07-01,Madera,039,155013,16844,16696,941,17637,240
2021-07-01,Marin,041,260295,14272,14143,260,14403,233
2021-07-01,Mariposa,043,17540,442,441,11,452,5
2021-07-01,Mendocino,045,87422,4219,4122,85,4207,49
2021-07-01,Merced,047,269075,31297,31297,1042,32339,469
2021-07-01,Modoc,049,8938,417,410,147,557,4
2021-07-01,Mono,051,14174,1266,1275,17,1292,3
2021-07-01,Monterey,053,433212,43359,43212,1847,45059,492
2021-07-01,Napa,055,140530,10069,10045,38,10083,81
2021-07-01,Nevada,057,99092,5007,4966,193,5159,72
2021-07-01,Orange,059,3164182,257210,255823,11486,267309,5126
2021-07-01,Placer,061,380077,24001,23764,1555,25319,299
2021-07-01,Plumas,063,18699,724,707,12,719,4
2021-07-01,Riverside,065,2383286,296257,293260,14035,307295,4536
2021-07-01,Sacramento,067,1510023,109077,108257,1835,110092,1676
2021-07-01,San Benito,069,59416,6123,6108,113,6221,63
2021-07-01,San Bernardino,071,2135413,295389,294294,9018,303312,5003
2021-07-01,San Diego,073,3302833,283910,282692,15512,298204,3780
2021-07-01,San Francisco,075,870044,37334,37107,1299,38406,558
2021-07-01,San Joaquin,077,732212,74375,73841,3592,77433,1409
2021-07-01,San Luis Obispo,079,281455,21571,21330,754,22084,256
2021-07-01,San Mateo,081,765935,42902,42691,487,43178,541
2021-07-01,Santa Barbara,083,443738,34691,34526,1129,35655,456
2021-07-01,Santa Clara,085,1922200,119758,118966,771,119737,2090
2021-07-01,Santa Cruz,087,273765,16372,16254,800,17054,208
2021-07-01,Shasta,089,179085,12642,12582,1642,14224,204
2021-07-01,Sierra,091,2930,63,60,12,72,0
2021-07-01,Siskiyou,093,43540,1977,1899,371,2270,29
2021-07-01,Solano,095,438530,33647,33486,576,34062,268
2021-07-01,Sonoma,097,501317,31183,31000,363,31363,316
2021-07-01,Stanislaus,099,539301,57245,57018,5980,62998,1018
2021-07-01,Sutter,101,95872,9659,9644,87,9731,114
2021-07-01,Tehama,103,63373,5161,5124,582,5706,63
2021-07-01,Trinity,105,12862,494,341,96,437,3
2021-07-01,Tulare,107,460477,50515,49789,9029,58818,853
2021-07-01,Tuolumne,109,53932,4097,4113,43,4156,64
2021-07-01,Ventura,111,848112,82031,81425,3029,84454,1033
2021-07-01,Yolo,113,214977,14253,14188,275,14463,213
2021-07-01,Yuba,115,75493,6249,6197,129,6326,51
2021-06-30,Alameda,001,1643700,89859,89597,1954,91551,1256
2021-06-30,Alpine,003,1148,88,89,0,89,0
2021-06-30,Amador,005,37829,3762,3756,32,3788,46
2021-06-30,Butte,007,227075,12834,12676,1858,14534,201
2021-06-30,Calaveras,009,45235,2213,2198,13,2211,55
2021-06-30,Colusa,011,21464,1972,1967,319,2286,15
2021-06-30,Contra Costa,013,1133247,71387,70869,1312,72181,818
2021-06-30,Del Norte,015,27424,1470,1435,13,1448,8
2021-06-30,El Dorado,017,186661,10535,10420,788,11208,113
2021-06-30,Fresno,019,978130,103553,102490,8685,111175,1727
2021-06-30,Glenn,021,27897,2455,2440,566,3006,20
2021-06-30,Humboldt,023,135768,4547,4522,50,4572,49
2021-06-30,Imperial,025,180216,28817,28651,2695,31346,739
2021-06-30,Inyo,027,18085,1416,1409,12,1421,35
2021-06-30,Kern,029,883053,98033,97267,11060,108327,1348
2021-06-30,Kings,031,150075,23307,23038,1089,24127,245
2021-06-30,Lake,033,64148,3643,3601,13,3614,56
2021-06-30,Lassen,035,31185,5295,5269,115,5384,20
2021-06-30,Los Angeles,037,10098052,1215575,1208246,41344,1249590,24499
2021-06-30,Madera,039,155013,16836,16688,939,17627,240
2021-06-30,Marin,041,260295,14263,14133,259,14392,232
2021-06-30,Mariposa,043,17540,441,441,11,452,5
2021-06-30,Mendocino,045,87422,4209,4115,85,4200,49
2021-06-30,Merced,047,269075,31287,31286,1042,32328,469
2021-06-30,Modoc,049,8938,417,410,147,557,4
2021-06-30,Mono,051,14174,1266,1275,17,1292,3
2021-06-30,Monterey,053,433212,43354,43209,1845,45054,492
2021-06-30,Napa,055,140530,10061,10039,38,10077,81
2021-06-30,Nevada,057,99092,4996,4958,193,5151,72
2021-06-30,Orange,059,3164182,257083,255764,11476,267240,5125
2021-06-30,Placer,061,380077,23977,23721,1552,25273,299
2021-06-30,Plumas,063,18699,724,705,12,717,4
2021-06-30,Riverside,065,2383286,296143,293280,14027,307307,4535
2021-06-30,Sacramento,067,1510023,108938,108137,1831,109968,1676
2021-06-30,San Benito,069,59416,6119,6105,113,6218,63
2021-06-30,San Bernardino,071,2135413,295229,294211,9013,303224,4975
2021-06-30,San Diego,073,3302833,283774,282583,15484,298067,3780
2021-06-30,San Francisco,075,870044,37285,37065,1294,38359,558
2021-06-30,San Joaquin,077,732212,74313,73777,3591,77368,1409
2021-06-30,San Luis Obispo,079,281455,21558,21326,753,22079,256
2021-06-30,San Mateo,081,765935,42865,42599,486,43085,537
2021-06-30,Santa Barbara,083,443738,34675,34521,1129,35650,456
2021-06-30,Santa Clara,085,1922200,119711,118930,768,119698,2090
2021-06-30,Santa Cruz,087,273765,16366,16250,800,17050,208
2021-06-30,Shasta,089,179085,12636,12564,1642,14206,204
2021-06-30,Sierra,091,2930,63,60,12,72,0
2021-06-30,Siskiyou,093,43540,1975,1900,368,2268,29
2021-06-30,Solano,095,438530,33608,33453,574,34027,268
2021-06-30,Sonoma,097,501317,31153,30947,363,31310,316
2021-06-30,Stanislaus,099,539301,57228,56997,5979,62976,1018
2021-06-30,Sutter,101,95872,9649,9638,87,9725,114
2021-06-30,Tehama,103,63373,5159,5124,582,5706,63
2021-06-30,Trinity,105,12862,494,341,96,437,3
2021-06-30,Tulare,107,460477,50504,49764,9018,58782,853
2021-06-30,Tuolumne,109,53932,4094,4112,43,4155,64
2021-06-30,Ventura,111,848112,81988,81392,3024,84416,1032
2021-06-30,Yolo,113,214977,14247,14178,272,14450,213
2021-06-30,Yuba,115,75493,6242,6191,129,6320,51
2021-06-29,Alameda,001,1643700,89753,89519,1952,91471,1257
2021-06-29,Alpine,003,1148,88,89,0,89,0
2021-06-29,Amador,005,37829,3758,3754,32,3786,46
2021-06-29,Butte,007,227075,12826,12669,1858,14527,201
2021-06-29,Calaveras,009,45235,2207,2198,13,2211,55
2021-06-29,Colusa,011,21464,1970,1967,319,2286,15
2021-06-29,Contra Costa,013,1133247,71313,70775,1311,72086,817
2021-06-29,Del Norte,015,27424,1469,1435,13,1448,8
2021-06-29,El Dorado,017,186661,10522,10403,784,11187,113
2021-06-29,Fresno,019,978130,103520,102464,8682,111146,1725
2021-06-29,Glenn,021,27897,2454,2439,566,3005,20
2021-06-29,Humboldt,023,135768,4543,4514,49,4563,49
2021-06-29,Imperial,025,180216,28808,28645,2694,31339,737
2021-06-29,Inyo,027,18085,1416,1408,12,1420,35
2021-06-29,Kern,029,883053,98012,97173,11054,108227,1347
2021-06-29,Kings,031,150075,23298,23035,1088,24123,245
2021-06-29,Lake,033,64148,3637,3594,13,3607,56
2021-06-29,Lassen,035,31185,5288,5268,115,5383,20
2021-06-29,Los Angeles,037,10098052,1214960,1207895,41316,1249211,24498
2021-06-29,Madera,039,155013,16832,16680,938,17618,240
2021-06-29,Marin,041,260295,14251,14127,259,14386,232
2021-06-29,Mariposa,043,17540,441,441,11,452,5
2021-06-29,Mendocino,045,87422,4205,4107,84,4191,49
2021-06-29,Merced,047,269075,31275,31277,1042,32319,469
2021-06-29,Modoc,049,8938,416,408,147,555,3
2021-06-29,Mono,051,14174,1266,1275,17,1292,3
2021-06-29,Monterey,053,433212,43344,43196,1843,45039,471
2021-06-29,Napa,055,140530,10055,10033,38,10071,81
2021-06-29,Nevada,057,99092,4989,4952,193,5145,72
2021-06-29,Orange,059,3164182,256983,255686,11461,267147,5124
2021-06-29,Placer,061,380077,23957,23693,1550,25243,299
2021-06-29,Plumas,063,18699,724,704,12,716,4
2021-06-29,Riverside,065,2383286,296044,292962,14020,306982,4524
2021-06-29,Sacramento,067,1510023,108785,108067,1828,109895,1677
2021-06-29,San Benito,069,59416,6108,6099,113,6212,63
2021-06-29,San Bernardino,071,2135413,295117,294118,9012,303130,4940
2021-06-29,San Diego,073,3302833,283618,282499,15457,297956,3780
2021-06-29,San Francisco,075,870044,37247,37041,1291,38332,558
2021-06-29,San Joaquin,077,732212,74265,73724,3588,77312,1409
2021-06-29,San Luis Obispo,079,281455,21548,21324,752,22076,256
2021-06-29,San Mateo,081,765935,42831,42540,486,43026,540
2021-06-29,Santa Barbara,083,443738,34665,34507,1128,35635,455
2021-06-29,Santa Clara,085,1922200,119657,118893,767,119660,2090
2021-06-29,Santa Cruz,087,273765,16360,16249,800,17049,208
2021-06-29,Shasta,089,179085,12624,12564,1641,14205,204
2021-06-29,Sierra,091,2930,63,59,12,71,0
2021-06-29,Siskiyou,093,43540,1972,1897,364,2261,29
2021-06-29,Solano,095,438530,33575,33440,572,34012,268
2021-06-29,Sonoma,097,501317,31111,30950,361,31311,316
2021-06-29,Stanislaus,099,539301,57207,56980,5972,62952,1018
2021-06-29,Sutter,101,95872,9638,9634,87,9721,114
2021-06-29,Tehama,103,63373,5159,5124,582,5706,63
2021-06-29,Trinity,105,12862,494,341,96,437,3
2021-06-29,Tulare,107,460477,50491,49751,9013,58764,852
2021-06-29,Tuolumne,109,53932,4092,4111,43,4154,64
2021-06-29,Ventura,111,848112,81950,81363,3018,84381,1032
2021-06-29,Yolo,113,214977,14235,14171,271,14442,213
2021-06-29,Yuba,115,75493,6232,6188,129,6317,51
2021-06-28,Alameda,001,1643700,89659,89638,1949,91587,1259
2021-06-28,Alpine,003,1148,88,89,0,89,0
2021-06-28,Amador,005,37829,3757,3753,32,3785,46
2021-06-28,Butte,007,227075,12817,12697,1856,14553,198
2021-06-28,Calaveras,009,45235,2204,2203,13,2216,55
2021-06-28,Colusa,011,21464,1968,1974,319,2293,15
2021-06-28,Contra Costa,013,1133247,71239,70807,1309,72116,816
2021-06-28,Del Norte,015,27424,1469,1436,13,1449,8
2021-06-28,El Dorado,017,186661,10512,10422,780,11202,115
2021-06-28,Fresno,019,978130,103489,103121,8680,111801,1727
2021-06-28,Glenn,021,27897,2454,2439,566,3005,20
2021-06-28,Humboldt,023,135768,4536,4520,48,4568,49
2021-06-28,Imperial,025,180216,28800,28981,2693,31674,741
2021-06-28,Inyo,027,18085,1413,1407,12,1419,35
2021-06-28,Kern,029,883053,97993,97252,11049,108301,1348
2021-06-28,Kings,031,150075,23292,23134,1088,24222,246
2021-06-28,Lake,033,64148,3629,3591,13,3604,56
2021-06-28,Lassen,035,31185,5286,5268,115,5383,20
2021-06-28,Los Angeles,037,10098052,1214441,1207714,41281,1248995,24496
2021-06-28,Madera,039,155013,16821,16683,937,17620,240
2021-06-28,Marin,041,260295,14236,14186,259,14445,232
2021-06-28,Mariposa,043,17540,441,440,11,451,5
2021-06-28,Mendocino,045,87422,4196,4102,83,4185,49
2021-06-28,Merced,047,269075,31263,31277,1042,32319,469
2021-06-28,Modoc,049,8938,416,411,146,557,3
2021-06-28,Mono,051,14174,1266,1276,17,1293,3
2021-06-28,Monterey,053,433212,43340,43202,1842,45044,462
2021-06-28,Napa,055,140530,10046,10050,37,10087,81
2021-06-28,Nevada,057,99092,4985,4951,193,5144,72
2021-06-28,Orange,059,3164182,256893,255755,11447,267202,5123
2021-06-28,Placer,061,380077,23937,23756,1546,25302,299
2021-06-28,Plumas,063,18699,722,704,12,716,4
2021-06-28,Riverside,065,2383286,295918,292647,14008,306655,4507
2021-06-28,Sacramento,067,1510023,108653,108342,1823,110165,1675
2021-06-28,San Benito,069,59416,6106,6101,113,6214,63
2021-06-28,San Bernardino,071,2135413,295016,294151,9007,303158,4928
2021-06-28,San Diego,073,3302833,283454,282417,15428,297845,3780
2021-06-28,San Francisco,075,870044,37211,37372,1289,38661,559
2021-06-28,San Joaquin,077,732212,74218,73973,3585,77558,1411
2021-06-28,San Luis Obispo,079,281455,21544,21340,751,22091,256
2021-06-28,San Mateo,081,765935,42797,42927,485,43412,540
2021-06-28,Santa Barbara,083,443738,34658,34534,1126,35660,455
2021-06-28,Santa Clara,085,1922200,119593,120377,766,121143,2103
2021-06-28,Santa Cruz,087,273765,16355,16245,800,17045,208
2021-06-28,Shasta,089,179085,12620,12642,1639,14281,203
2021-06-28,Sierra,091,2930,63,58,12,70,0
2021-06-28,Siskiyou,093,43540,1971,1896,364,2260,29
2021-06-28,Solano,095,438530,33539,33524,570,34094,267
2021-06-28,Sonoma,097,501317,31074,31137,360,31497,315
2021-06-28,Stanislaus,099,539301,57189,57047,5968,63015,1018
2021-06-28,Sutter,101,95872,9634,9682,87,9769,114
2021-06-28,Tehama,103,63373,5157,5122,582,5704,63
2021-06-28,Trinity,105,12862,494,341,96,437,3
2021-06-28,Tulare,107,460477,50481,49751,9009,58760,850
2021-06-28,Tuolumne,109,53932,4084,4121,43,4164,64
2021-06-28,Ventura,111,848112,81893,81393,3013,84406,1032
2021-06-28,Yolo,113,214977,14226,14199,268,14467,213
2021-06-28,Yuba,115,75493,6227,6207,129,6336,51
2021-06-27,Alameda,001,1643700,89572,89611,1945,91556,1259
2021-06-27,Alpine,003,1148,88,89,0,89,0
2021-06-27,Amador,005,37829,3756,3752,32,3784,46
2021-06-27,Butte,007,227075,12808,12696,1855,14551,198
2021-06-27,Calaveras,009,45235,2203,2203,13,2216,55
2021-06-27,Colusa,011,21464,1968,1974,319,2293,15
2021-06-27,Contra Costa,013,1133247,71153,70762,1305,72067,816
2021-06-27,Del Norte,015,27424,1466,1436,13,1449,8
2021-06-27,El Dorado,017,186661,10500,10418,777,11195,115
2021-06-27,Fresno,019,978130,103460,103110,8677,111787,1727
2021-06-27,Glenn,021,27897,2453,2439,565,3004,20
2021-06-27,Humboldt,023,135768,4524,4513,45,4558,49
2021-06-27,Imperial,025,180216,28786,28987,2693,31680,741
2021-06-27,Inyo,027,18085,1413,1407,12,1419,35
2021-06-27,Kern,029,883053,97967,97249,11042,108291,1348
2021-06-27,Kings,031,150075,23282,23132,1088,24220,246
2021-06-27,Lake,033,64148,3622,3581,13,3594,56
2021-06-27,Lassen,035,31185,5285,5265,115,5380,20
2021-06-27,Los Angeles,037,10098052,1213889,1207461,41241,1248702,24493
2021-06-27,Madera,039,155013,16813,16680,937,17617,240
2021-06-27,Marin,041,260295,14227,14182,259,14441,232
2021-06-27,Mariposa,043,17540,441,440,11,451,5
2021-06-27,Mendocino,045,87422,4189,4100,83,4183,49
2021-06-27,Merced,047,269075,31251,31266,1042,32308,469
2021-06-27,Modoc,049,8938,416,411,146,557,3
2021-06-27,Mono,051,14174,1266,1279,17,1296,3
2021-06-27,Monterey,053,433212,43327,43199,1842,45041,462
2021-06-27,Napa,055,140530,10040,10046,37,10083,81
2021-06-27,Nevada,057,99092,4979,4946,193,5139,72
2021-06-27,Orange,059,3164182,256779,255710,11436,267146,5123
2021-06-27,Placer,061,380077,23904,23731,1543,25274,299
2021-06-27,Plumas,063,18699,722,704,12,716,4
2021-06-27,Riverside,065,2383286,295816,292641,14002,306643,4507
2021-06-27,Sacramento,067,1510023,108518,108279,1819,110098,1675
2021-06-27,San Benito,069,59416,6100,6101,113,6214,63
2021-06-27,San Bernardino,071,2135413,294903,294115,9005,303120,4927
2021-06-27,San Diego,073,3302833,283314,282359,15402,297761,3780
2021-06-27,San Francisco,075,870044,37174,37360,1288,38648,559
2021-06-27,San Joaquin,077,732212,74182,73960,3583,77543,1411
2021-06-27,San Luis Obispo,079,281455,21537,21340,750,22090,256
2021-06-27,San Mateo,081,765935,42768,42925,482,43407,539
2021-06-27,Santa Barbara,083,443738,34644,34533,1124,35657,455
2021-06-27,Santa Clara,085,1922200,119542,120352,765,121117,2103
2021-06-27,Santa Cruz,087,273765,16346,16241,800,17041,208
2021-06-27,Shasta,089,179085,12614,12640,1638,14278,203
2021-06-27,Sierra,091,2930,63,58,12,70,0
2021-06-27,Siskiyou,093,43540,1969,1896,363,2259,29
2021-06-27,Solano,095,438530,33511,33516,570,34086,267
2021-06-27,Sonoma,097,501317,31036,31129,360,31489,315
2021-06-27,Stanislaus,099,539301,57149,57021,5965,62986,1018
2021-06-27,Sutter,101,95872,9628,9678,87,9765,114
2021-06-27,Tehama,103,63373,5153,5122,582,5704,63
2021-06-27,Trinity,105,12862,494,341,95,436,3
2021-06-27,Tulare,107,460477,50468,49749,9002,58751,850
2021-06-27,Tuolumne,109,53932,4082,4121,43,4164,64
2021-06-27,Ventura,111,848112,81859,81361,3004,84365,1032
2021-06-27,Yolo,113,214977,14211,14194,264,14458,213
2021-06-27,Yuba,115,75493,6221,6205,129,6334,51
2021-06-26,Alameda,001,1643700,89515,89560,1943,91503,1259
2021-06-26,Alpine,003,1148,88,89,0,89,0
2021-06-26,Amador,005,37829,3756,3748,32,3780,46
2021-06-26,Butte,007,227075,12804,12693,1852,14545,198
2021-06-26,Calaveras,009,45235,2201,2202,13,2215,55
2021-06-26,Colusa,011,21464,1968,1973,319,2292,15
2021-06-26,Contra Costa,013,1133247,71110,70712,1304,72016,816
2021-06-26,Del Norte,015,27424,1465,1432,13,1445,8
2021-06-26,El Dorado,017,186661,10492,10414,775,11189,115
2021-06-26,Fresno,019,978130,103440,103091,8675,111766,1727
2021-06-26,Glenn,021,27897,2451,2441,565,3006,20
2021-06-26,Humboldt,023,135768,4521,4509,45,4554,49
2021-06-26,Imperial,025,180216,28782,28970,2693,31663,741
2021-06-26,Inyo,027,18085,1413,1407,12,1419,35
2021-06-26,Kern,029,883053,97941,97239,11033,108272,1348
2021-06-26,Kings,031,150075,23278,23128,1087,24215,246
2021-06-26,Lake,033,64148,3611,3576,13,3589,56
2021-06-26,Lassen,035,31185,5282,5263,115,5378,20
2021-06-26,Los Angeles,037,10098052,1213584,1207198,41209,1248407,24490
2021-06-26,Madera,039,155013,16806,16679,936,17615,240
2021-06-26,Marin,041,260295,14218,14180,259,14439,232
2021-06-26,Mariposa,043,17540,441,440,11,451,5
2021-06-26,Mendocino,045,87422,4187,4096,83,4179,49
2021-06-26,Merced,047,269075,31245,31259,1041,32300,469
2021-06-26,Modoc,049,8938,416,411,146,557,3
2021-06-26,Mono,051,14174,1266,1279,17,1296,3
2021-06-26,Monterey,053,433212,43324,43192,1842,45034,462
2021-06-26,Napa,055,140530,10033,10043,37,10080,81
2021-06-26,Nevada,057,99092,4974,4939,193,5132,72
2021-06-26,Orange,059,3164182,256700,255640,11429,267069,5123
2021-06-26,Placer,061,380077,23890,23702,1541,25243,299
2021-06-26,Plumas,063,18699,722,704,12,716,4
2021-06-26,Riverside,065,2383286,295758,292480,13996,306476,4505
2021-06-26,Sacramento,067,1510023,108447,108179,1817,109996,1675
2021-06-26,San Benito,069,59416,6096,6100,113,6213,63
2021-06-26,San Bernardino,071,2135413,294809,294034,9001,303035,4928
2021-06-26,San Diego,073,3302833,283229,282263,15384,297647,3780
2021-06-26,San Francisco,075,870044,37142,37348,1287,38635,559
2021-06-26,San Joaquin,077,732212,74153,73928,3582,77510,1411
2021-06-26,San Luis Obispo,079,281455,21536,21330,749,22079,256
2021-06-26,San Mateo,081,765935,42748,42898,482,43380,539
2021-06-26,Santa Barbara,083,443738,34635,34525,1124,35649,455
2021-06-26,Santa Clara,085,1922200,119509,120321,765,121086,2103
2021-06-26,Santa Cruz,087,273765,16343,16239,800,17039,208
2021-06-26,Shasta,089,179085,12610,12635,1634,14269,203
2021-06-26,Sierra,091,2930,63,58,12,70,0
2021-06-26,Siskiyou,093,43540,1968,1896,362,2258,29
2021-06-26,Solano,095,438530,33493,33489,568,34057,267
2021-06-26,Sonoma,097,501317,31010,31088,360,31448,315
2021-06-26,Stanislaus,099,539301,57133,57006,5962,62968,1018
2021-06-26,Sutter,101,95872,9627,9669,87,9756,114
2021-06-26,Tehama,103,63373,5153,5119,582,5701,63
2021-06-26,Trinity,105,12862,494,341,95,436,3
2021-06-26,Tulare,107,460477,50462,49745,9002,58747,850
2021-06-26,Tuolumne,109,53932,4082,4121,43,4164,64
2021-06-26,Ventura,111,848112,81835,81352,3003,84355,1032
2021-06-26,Yolo,113,214977,14203,14184,264,14448,213
2021-06-26,Yuba,115,75493,6218,6200,129,6329,51
2021-06-25,Alameda,001,1643700,89447,89453,1941,91394,1271
2021-06-25,Alpine,003,1148,88,89,0,89,0
2021-06-25,Amador,005,37829,3755,3746,32,3778,46
2021-06-25,Butte,007,227075,12799,12682,1849,14531,198
2021-06-25,Calaveras,009,45235,2200,2201,13,2214,55
2021-06-25,Colusa,011,21464,1968,1972,319,2291,15
2021-06-25,Contra Costa,013,1133247,71074,70659,1304,71963,815
2021-06-25,Del Norte,015,27424,1465,1426,13,1439,8
2021-06-25,El Dorado,017,186661,10484,10406,772,11178,115
2021-06-25,Fresno,019,978130,103422,103073,8671,111744,1727
2021-06-25,Glenn,021,27897,2451,2441,565,3006,20
2021-06-25,Humboldt,023,135768,4515,4503,43,4546,49
2021-06-25,Imperial,025,180216,28779,28968,2693,31661,740
2021-06-25,Inyo,027,18085,1412,1406,12,1418,35
2021-06-25,Kern,029,883053,97922,97182,11029,108211,1347
2021-06-25,Kings,031,150075,23272,23118,1087,24205,246
2021-06-25,Lake,033,64148,3605,3571,13,3584,56
2021-06-25,Lassen,035,31185,5281,5259,115,5374,20
2021-06-25,Los Angeles,037,10098052,1213301,1206909,41192,1248101,24483
2021-06-25,Madera,039,155013,16803,16670,936,17606,240
2021-06-25,Marin,041,260295,14215,14179,259,14438,232
2021-06-25,Mariposa,043,17540,441,440,11,451,5
2021-06-25,Mendocino,045,87422,4184,4089,83,4172,49
2021-06-25,Merced,047,269075,31237,31256,1041,32297,467
2021-06-25,Modoc,049,8938,416,411,146,557,3
2021-06-25,Mono,051,14174,1266,1279,17,1296,3
2021-06-25,Monterey,053,433212,43319,43184,1841,45025,462
2021-06-25,Napa,055,140530,10028,10037,37,10074,81
2021-06-25,Nevada,057,99092,4971,4932,193,5125,72
2021-06-25,Orange,059,3164182,256629,255574,11427,267001,5119
2021-06-25,Placer,061,380077,23871,23672,1540,25212,299
2021-06-25,Plumas,063,18699,722,702,11,713,4
2021-06-25,Riverside,065,2383286,295690,291663,13989,305652,4490
2021-06-25,Sacramento,067,1510023,108375,108034,1814,109848,1673
2021-06-25,San Benito,069,59416,6092,6098,113,6211,63
2021-06-25,San Bernardino,071,2135413,294754,293941,8999,302940,4911
2021-06-25,San Diego,073,3302833,283169,282157,15371,297528,3779
2021-06-25,San Francisco,075,870044,37119,37338,1286,38624,559
2021-06-25,San Joaquin,077,732212,74120,73860,3580,77440,1410
2021-06-25,San Luis Obispo,079,281455,21533,21325,748,22073,256
2021-06-25,San Mateo,081,765935,42730,42849,482,43331,537
2021-06-25,Santa Barbara,083,443738,34626,34518,1123,35641,454
2021-06-25,Santa Clara,085,1922200,119489,120272,765,121037,2103
2021-06-25,Santa Cruz,087,273765,16340,16230,798,17028,208
2021-06-25,Shasta,089,179085,12600,12633,1633,14266,202
2021-06-25,Sierra,091,2930,63,58,12,70,0
2021-06-25,Siskiyou,093,43540,1967,1894,362,2256,29
2021-06-25,Solano,095,438530,33473,33449,568,34017,267
2021-06-25,Sonoma,097,501317,30987,31043,360,31403,314
2021-06-25,Stanislaus,099,539301,57117,56973,5955,62928,1018
2021-06-25,Sutter,101,95872,9620,9664,87,9751,114
2021-06-25,Tehama,103,63373,5152,5119,582,5701,63
2021-06-25,Trinity,105,12862,494,338,95,433,3
2021-06-25,Tulare,107,460477,50455,49731,8999,58730,850
2021-06-25,Tuolumne,109,53932,4081,4121,43,4164,64
2021-06-25,Ventura,111,848112,81806,81342,2997,84339,1032
2021-06-25,Yolo,113,214977,14197,14172,264,14436,213
2021-06-25,Yuba,115,75493,6214,6195,129,6324,51
2021-06-24,Alameda,001,1643700,89375,89358,1938,91296,1268
2021-06-24,Alpine,003,1148,88,89,0,89,0
2021-06-24,Amador,005,37829,3751,3745,32,3777,46
2021-06-24,Butte,007,227075,12793,12673,1847,14520,198
2021-06-24,Calaveras,009,45235,2197,2202,13,2215,55
2021-06-24,Colusa,011,21464,1967,1972,319,2291,15
2021-06-24,Contra Costa,013,1133247,71015,70590,1304,71894,813
2021-06-24,Del Norte,015,27424,1464,1421,13,1434,8
2021-06-24,El Dorado,017,186661,10477,10402,772,11174,115
2021-06-24,Fresno,019,978130,103402,103061,8669,111730,1727
2021-06-24,Glenn,021,27897,2450,2439,565,3004,20
2021-06-24,Humboldt,023,135768,4510,4493,43,4536,49
2021-06-24,Imperial,025,180216,28776,28981,2693,31674,740
2021-06-24,Inyo,027,18085,1411,1406,12,1418,35
2021-06-24,Kern,029,883053,97903,97129,11016,108145,1346
2021-06-24,Kings,031,150075,23268,23114,1086,24200,246
2021-06-24,Lake,033,64148,3599,3571,13,3584,56
2021-06-24,Lassen,035,31185,5280,5258,115,5373,20
2021-06-24,Los Angeles,037,10098052,1212977,1206590,41168,1247758,24480
2021-06-24,Madera,039,155013,16792,16662,935,17597,240
2021-06-24,Marin,041,260295,14211,14180,259,14439,232
2021-06-24,Mariposa,043,17540,441,440,11,451,5
2021-06-24,Mendocino,045,87422,4176,4085,83,4168,49
2021-06-24,Merced,047,269075,31227,31248,1040,32288,466
2021-06-24,Modoc,049,8938,416,411,146,557,3
2021-06-24,Mono,051,14174,1266,1276,17,1293,3
2021-06-24,Monterey,053,433212,43312,43180,1841,45021,451
2021-06-24,Napa,055,140530,10026,10036,37,10073,80
2021-06-24,Nevada,057,99092,4969,4927,193,5120,72
2021-06-24,Orange,059,3164182,256565,255520,11419,266939,5117
2021-06-24,Placer,061,380077,23846,23659,1538,25197,299
2021-06-24,Plumas,063,18699,721,702,11,713,4
2021-06-24,Riverside,065,2383286,295610,291067,13978,305045,4473
2021-06-24,Sacramento,067,1510023,108287,107965,1812,109777,1672
2021-06-24,San Benito,069,59416,6089,6098,113,6211,63
2021-06-24,San Bernardino,071,2135413,294683,293895,8994,302889,4898
2021-06-24,San Diego,073,3302833,283065,282053,15358,297411,3778
2021-06-24,San Francisco,075,870044,37097,37320,1284,38604,559
2021-06-24,San Joaquin,077,732212,74072,73814,3580,77394,1408
2021-06-24,San Luis Obispo,079,281455,21527,21326,748,22074,256
2021-06-24,San Mateo,081,765935,42704,42814,481,43295,542
2021-06-24,Santa Barbara,083,443738,34620,34512,1122,35634,454
2021-06-24,Santa Clara,085,1922200,119458,120274,764,121038,2103
2021-06-24,Santa Cruz,087,273765,16339,16227,798,17025,208
2021-06-24,Shasta,089,179085,12595,12629,1629,14258,202
2021-06-24,Sierra,091,2930,63,58,12,70,0
2021-06-24,Siskiyou,093,43540,1967,1892,362,2254,28
2021-06-24,Solano,095,438530,33450,33432,566,33998,267
2021-06-24,Sonoma,097,501317,30958,31020,360,31380,314
2021-06-24,Stanislaus,099,539301,57091,56946,5955,62901,1018
2021-06-24,Sutter,101,95872,9613,9660,87,9747,113
2021-06-24,Tehama,103,63373,5149,5115,582,5697,63
2021-06-24,Trinity,105,12862,493,338,95,433,3
2021-06-24,Tulare,107,460477,50444,49730,8997,58727,850
2021-06-24,Tuolumne,109,53932,4079,4120,43,4163,64
2021-06-24,Ventura,111,848112,81778,81332,2996,84328,1032
2021-06-24,Yolo,113,214977,14188,14169,261,14430,213
2021-06-24,Yuba,115,75493,6209,6195,129,6324,51
2021-06-23,Alameda,001,1643700,89303,89338,1937,91275,1266
2021-06-23,Alpine,003,1148,88,88,0,88,0
2021-06-23,Amador,005,37829,3749,3743,32,3775,46
2021-06-23,Butte,007,227075,12786,12666,1847,14513,198
2021-06-23,Calaveras,009,45235,2196,2199,13,2212,55
2021-06-23,Colusa,011,21464,1966,1972,319,2291,15
2021-06-23,Contra Costa,013,1133247,70950,70526,1303,71829,813
2021-06-23,Del Norte,015,27424,1460,1418,13,1431,8
2021-06-23,El Dorado,017,186661,10467,10395,769,11164,115
2021-06-23,Fresno,019,978130,103373,103020,8667,111687,1724
2021-06-23,Glenn,021,27897,2450,2437,564,3001,20
2021-06-23,Humboldt,023,135768,4501,4490,43,4533,48
2021-06-23,Imperial,025,180216,28769,28908,2693,31601,740
2021-06-23,Inyo,027,18085,1411,1406,12,1418,35
2021-06-23,Kern,029,883053,97875,97078,11003,108081,1345
2021-06-23,Kings,031,150075,23261,23105,1084,24189,245
2021-06-23,Lake,033,64148,3590,3566,13,3579,53
2021-06-23,Lassen,035,31185,5277,5257,115,5372,20
2021-06-23,Los Angeles,037,10098052,1212640,1206358,41158,1247516,24472
2021-06-23,Madera,039,155013,16785,16660,935,17595,240
2021-06-23,Marin,041,260295,14205,14177,259,14436,230
2021-06-23,Mariposa,043,17540,441,439,11,450,5
2021-06-23,Mendocino,045,87422,4172,4078,83,4161,49
2021-06-23,Merced,047,269075,31218,31260,1040,32300,465
2021-06-23,Modoc,049,8938,414,407,146,553,3
2021-06-23,Mono,051,14174,1266,1279,17,1296,3
2021-06-23,Monterey,053,433212,43303,43166,1841,45007,439
2021-06-23,Napa,055,140530,10017,10032,37,10069,80
2021-06-23,Nevada,057,99092,4966,4924,193,5117,72
2021-06-23,Orange,059,3164182,256499,255479,11411,266890,5116
2021-06-23,Placer,061,380077,23817,23630,1533,25163,299
2021-06-23,Plumas,063,18699,720,701,11,712,4
2021-06-23,Riverside,065,2383286,295527,290343,13976,304319,4462
2021-06-23,Sacramento,067,1510023,108195,107868,1807,109675,1671
2021-06-23,San Benito,069,59416,6085,6097,113,6210,63
2021-06-23,San Bernardino,071,2135413,294604,293816,8989,302805,4886
2021-06-23,San Diego,073,3302833,282965,281937,15337,297274,3777
2021-06-23,San Francisco,075,870044,37073,37304,1282,38586,559
2021-06-23,San Joaquin,077,732212,74033,73764,3578,77342,1405
2021-06-23,San Luis Obispo,079,281455,21523,21323,747,22070,257
2021-06-23,San Mateo,081,765935,42688,42756,481,43237,542
2021-06-23,Santa Barbara,083,443738,34610,34505,1122,35627,454
2021-06-23,Santa Clara,085,1922200,119429,120233,764,120997,2098
2021-06-23,Santa Cruz,087,273765,16335,16215,798,17013,209
2021-06-23,Shasta,089,179085,12588,12604,1627,14231,202
2021-06-23,Sierra,091,2930,63,57,12,69,0
2021-06-23,Siskiyou,093,43540,1965,1892,362,2254,28
2021-06-23,Solano,095,438530,33406,33408,566,33974,267
2021-06-23,Sonoma,097,501317,30918,30959,358,31317,314
2021-06-23,Stanislaus,099,539301,57061,56926,5954,62880,1017
2021-06-23,Sutter,101,95872,9607,9653,87,9740,113
2021-06-23,Tehama,103,63373,5149,5119,581,5700,63
2021-06-23,Trinity,105,12862,493,338,95,433,3
2021-06-23,Tulare,107,460477,50437,49711,8994,58705,850
2021-06-23,Tuolumne,109,53932,4076,4120,43,4163,64
2021-06-23,Ventura,111,848112,81755,81312,2993,84305,1032
2021-06-23,Yolo,113,214977,14178,14161,261,14422,212
2021-06-23,Yuba,115,75493,6206,6190,129,6319,51
2021-06-22,Alameda,001,1643700,89236,89308,1937,91245,1263
2021-06-22,Alpine,003,1148,88,88,0,88,0
2021-06-22,Amador,005,37829,3746,3743,32,3775,46
2021-06-22,Butte,007,227075,12782,12662,1844,14506,198
2021-06-22,Calaveras,009,45235,2195,2198,13,2211,55
2021-06-22,Colusa,011,21464,1965,1971,319,2290,15
2021-06-22,Contra Costa,013,1133247,70894,70480,1302,71782,813
2021-06-22,Del Norte,015,27424,1457,1417,13,1430,8
2021-06-22,El Dorado,017,186661,10462,10380,768,11148,113
2021-06-22,Fresno,019,978130,103354,102996,8663,111659,1724
2021-06-22,Glenn,021,27897,2449,2435,562,2997,19
2021-06-22,Humboldt,023,135768,4491,4483,43,4526,42
2021-06-22,Imperial,025,180216,28764,28880,2693,31573,740
2021-06-22,Inyo,027,18085,1411,1405,12,1417,35
2021-06-22,Kern,029,883053,97862,97013,10999,108012,1342
2021-06-22,Kings,031,150075,23253,23098,1083,24181,245
2021-06-22,Lake,033,64148,3588,3564,13,3577,45
2021-06-22,Lassen,035,31185,5272,5254,115,5369,20
2021-06-22,Los Angeles,037,10098052,1212324,1206146,41146,1247292,24461
2021-06-22,Madera,039,155013,16780,16652,935,17587,240
2021-06-22,Marin,041,260295,14203,14174,259,14433,230
2021-06-22,Mariposa,043,17540,441,439,11,450,5
2021-06-22,Mendocino,045,87422,4166,4072,83,4155,49
2021-06-22,Merced,047,269075,31207,31267,1040,32307,464
2021-06-22,Modoc,049,8938,412,405,145,550,3
2021-06-22,Mono,051,14174,1266,1277,17,1294,3
2021-06-22,Monterey,053,433212,43300,43162,1840,45002,427
2021-06-22,Napa,055,140530,10013,10029,37,10066,80
2021-06-22,Nevada,057,99092,4960,4923,193,5116,72
2021-06-22,Orange,059,3164182,256430,255452,11400,266852,5114
2021-06-22,Placer,061,380077,23795,23603,1533,25136,299
2021-06-22,Plumas,063,18699,720,697,11,708,4
2021-06-22,Riverside,065,2383286,295466,289839,13972,303811,4456
2021-06-22,Sacramento,067,1510023,108094,107801,1802,109603,1670
2021-06-22,San Benito,069,59416,6084,6098,113,6211,63
2021-06-22,San Bernardino,071,2135413,294529,293770,8983,302753,4873
2021-06-22,San Diego,073,3302833,282861,281867,15314,297181,3771
2021-06-22,San Francisco,075,870044,37059,37287,1282,38569,556
2021-06-22,San Joaquin,077,732212,74003,73723,3576,77299,1405
2021-06-22,San Luis Obispo,079,281455,21520,21321,746,22067,257
2021-06-22,San Mateo,081,765935,42674,42725,476,43201,542
2021-06-22,Santa Barbara,083,443738,34599,34500,1121,35621,454
2021-06-22,Santa Clara,085,1922200,119397,120194,764,120958,2095
2021-06-22,Santa Cruz,087,273765,16330,16218,798,17016,209
2021-06-22,Shasta,089,179085,12577,12616,1624,14240,202
2021-06-22,Sierra,091,2930,62,57,12,69,0
2021-06-22,Siskiyou,093,43540,1965,1892,362,2254,28
2021-06-22,Solano,095,438530,33388,33397,565,33962,267
2021-06-22,Sonoma,097,501317,30878,30933,358,31291,314
2021-06-22,Stanislaus,099,539301,57045,56915,5952,62867,1017
2021-06-22,Sutter,101,95872,9600,9649,87,9736,113
2021-06-22,Tehama,103,63373,5147,5118,580,5698,63
2021-06-22,Trinity,105,12862,491,337,95,432,3
2021-06-22,Tulare,107,460477,50428,49706,8989,58695,850
2021-06-22,Tuolumne,109,53932,4074,4119,43,4162,64
2021-06-22,Ventura,111,848112,81741,81300,2992,84292,1032
2021-06-22,Yolo,113,214977,14173,14157,259,14416,212
2021-06-22,Yuba,115,75493,6202,6181,129,6310,51
2021-06-21,Alameda,001,1643700,89180,89281,1936,91217,1262
2021-06-21,Alpine,003,1148,88,88,0,88,0
2021-06-21,Amador,005,37829,3740,3742,32,3774,46
2021-06-21,Butte,007,227075,12776,12668,1842,14510,195
2021-06-21,Calaveras,009,45235,2193,2194,13,2207,55
2021-06-21,Colusa,011,21464,1964,1970,318,2288,15
2021-06-21,Contra Costa,013,1133247,70823,70439,1301,71740,813
2021-06-21,Del Norte,015,27424,1453,1416,13,1429,8
2021-06-21,El Dorado,017,186661,10456,10375,767,11142,113
2021-06-21,Fresno,019,978130,103334,102971,8660,111631,1724
2021-06-21,Glenn,021,27897,2448,2433,562,2995,19
2021-06-21,Humboldt,023,135768,4482,4478,42,4520,42
2021-06-21,Imperial,025,180216,28760,28855,2693,31548,740
2021-06-21,Inyo,027,18085,1410,1405,12,1417,35
2021-06-21,Kern,029,883053,97833,96995,10991,107986,1342
2021-06-21,Kings,031,150075,23246,23091,1080,24171,245
2021-06-21,Lake,033,64148,3582,3563,13,3576,45
2021-06-21,Lassen,035,31185,5270,5233,115,5348,19
2021-06-21,Los Angeles,037,10098052,1212029,1205994,41124,1247118,24459
2021-06-21,Madera,039,155013,16771,16647,935,17582,240
2021-06-21,Marin,041,260295,14199,14173,259,14432,230
2021-06-21,Mariposa,043,17540,441,439,11,450,5
2021-06-21,Mendocino,045,87422,4163,4085,83,4168,49
2021-06-21,Merced,047,269075,31197,31264,1039,32303,465
2021-06-21,Modoc,049,8938,412,405,145,550,3
2021-06-21,Mono,051,14174,1266,1277,17,1294,3
2021-06-21,Monterey,053,433212,43297,43157,1840,44997,427
2021-06-21,Napa,055,140530,10008,10028,37,10065,80
2021-06-21,Nevada,057,99092,4956,4921,193,5114,72
2021-06-21,Orange,059,3164182,256357,255400,11393,266793,5113
2021-06-21,Placer,061,380077,23771,23577,1533,25110,298
2021-06-21,Plumas,063,18699,718,697,11,708,4
2021-06-21,Riverside,065,2383286,295390,289797,13967,303764,4456
2021-06-21,Sacramento,067,1510023,107983,107757,1801,109558,1669
2021-06-21,San Benito,069,59416,6080,6098,113,6211,63
2021-06-21,San Bernardino,071,2135413,294442,293736,8979,302715,4850
2021-06-21,San Diego,073,3302833,282756,281811,15294,297105,3771
2021-06-21,San Francisco,075,870044,37043,37275,1281,38556,556
2021-06-21,San Joaquin,077,732212,73962,73687,3575,77262,1405
2021-06-21,San Luis Obispo,079,281455,21511,21316,746,22062,257
2021-06-21,San Mateo,081,765935,42658,42685,475,43160,542
2021-06-21,Santa Barbara,083,443738,34594,34492,1121,35613,455
2021-06-21,Santa Clara,085,1922200,119364,120192,763,120955,2093
2021-06-21,Santa Cruz,087,273765,16328,16212,798,17010,208
2021-06-21,Shasta,089,179085,12564,12617,1621,14238,201
2021-06-21,Sierra,091,2930,62,57,12,69,0
2021-06-21,Siskiyou,093,43540,1965,1892,362,2254,27
2021-06-21,Solano,095,438530,33365,33383,564,33947,266
2021-06-21,Sonoma,097,501317,30855,30912,358,31270,314
2021-06-21,Stanislaus,099,539301,57015,56891,5947,62838,1017
2021-06-21,Sutter,101,95872,9597,9649,87,9736,113
2021-06-21,Tehama,103,63373,5147,5115,579,5694,63
2021-06-21,Trinity,105,12862,491,337,95,432,3
2021-06-21,Tulare,107,460477,50417,49689,8985,58674,849
2021-06-21,Tuolumne,109,53932,4070,4119,43,4162,63
2021-06-21,Ventura,111,848112,81713,81291,2988,84279,1031
2021-06-21,Yolo,113,214977,14167,14165,259,14424,212
2021-06-21,Yuba,115,75493,6201,6172,129,6301,51
2021-06-20,Alameda,001,1643700,89115,89255,1935,91190,1263
2021-06-20,Alpine,003,1148,88,88,0,88,0
2021-06-20,Amador,005,37829,3737,3740,32,3772,46
2021-06-20,Butte,007,227075,12769,12668,1841,14509,194
2021-06-20,Calaveras,009,45235,2192,2193,13,2206,55
2021-06-20,Colusa,011,21464,1964,1970,318,2288,15
2021-06-20,Contra Costa,013,1133247,70766,70401,1299,71700,813
2021-06-20,Del Norte,015,27424,1449,1416,13,1429,8
2021-06-20,El Dorado,017,186661,10442,10372,764,11136,113
2021-06-20,Fresno,019,978130,103293,102947,8657,111604,1724
2021-06-20,Glenn,021,27897,2448,2434,562,2996,19
2021-06-20,Humboldt,023,135768,4476,4472,42,4514,42
2021-06-20,Imperial,025,180216,28751,28855,2693,31548,740
2021-06-20,Inyo,027,18085,1409,1405,12,1417,35
2021-06-20,Kern,029,883053,97812,96985,10980,107965,1342
2021-06-20,Kings,031,150075,23241,23088,1078,24166,245
2021-06-20,Lake,033,64148,3580,3563,13,3576,45
2021-06-20,Lassen,035,31185,5267,5230,115,5345,19
2021-06-20,Los Angeles,037,10098052,1211724,1205874,41116,1246990,24456
2021-06-20,Madera,039,155013,16763,16638,933,17571,240
2021-06-20,Marin,041,260295,14196,14166,259,14425,230
2021-06-20,Mariposa,043,17540,439,439,11,450,5
2021-06-20,Mendocino,045,87422,4156,4080,83,4163,49
2021-06-20,Merced,047,269075,31184,31265,1039,32304,465
2021-06-20,Modoc,049,8938,412,405,145,550,3
2021-06-20,Mono,051,14174,1266,1275,17,1292,3
2021-06-20,Monterey,053,433212,43288,43156,1839,44995,427
2021-06-20,Napa,055,140530,10001,10026,36,10062,80
2021-06-20,Nevada,057,99092,4949,4919,193,5112,72
2021-06-20,Orange,059,3164182,256293,255377,11382,266759,5113
2021-06-20,Placer,061,380077,23737,23562,1529,25091,298
2021-06-20,Plumas,063,18699,717,697,11,708,4
2021-06-20,Riverside,065,2383286,295311,289770,13956,303726,4456
2021-06-20,Sacramento,067,1510023,107872,107700,1798,109498,1669
2021-06-20,San Benito,069,59416,6080,6098,113,6211,63
2021-06-20,San Bernardino,071,2135413,294341,293713,8975,302688,4845
2021-06-20,San Diego,073,3302833,282650,281750,15272,297022,3771
2021-06-20,San Francisco,075,870044,37020,37269,1281,38550,556
2021-06-20,San Joaquin,077,732212,73917,73676,3566,77242,1405
2021-06-20,San Luis Obispo,079,281455,21509,21313,746,22059,257
2021-06-20,San Mateo,081,765935,42629,42681,475,43156,542
2021-06-20,Santa Barbara,083,443738,34585,34487,1121,35608,455
2021-06-20,Santa Clara,085,1922200,119329,120163,763,120926,2093
2021-06-20,Santa Cruz,087,273765,16323,16210,798,17008,208
2021-06-20,Shasta,089,179085,12559,12617,1619,14236,201
2021-06-20,Sierra,091,2930,62,57,12,69,0
2021-06-20,Siskiyou,093,43540,1964,1891,362,2253,27
2021-06-20,Solano,095,438530,33343,33361,562,33923,266
2021-06-20,Sonoma,097,501317,30808,30884,355,31239,314
2021-06-20,Stanislaus,099,539301,56982,56868,5946,62814,1017
2021-06-20,Sutter,101,95872,9594,9645,87,9732,113
2021-06-20,Tehama,103,63373,5143,5115,579,5694,63
2021-06-20,Trinity,105,12862,491,337,95,432,3
2021-06-20,Tulare,107,460477,50408,49685,8983,58668,849
2021-06-20,Tuolumne,109,53932,4067,4117,43,4160,63
2021-06-20,Ventura,111,848112,81697,81282,2986,84268,1031
2021-06-20,Yolo,113,214977,14160,14160,259,14419,212
2021-06-20,Yuba,115,75493,6194,6167,129,6296,51
2021-06-19,Alameda,001,1643700,89080,89202,1935,91137,1263
2021-06-19,Alpine,003,1148,88,88,0,88,0
2021-06-19,Amador,005,37829,3735,3739,32,3771,46
2021-06-19,Butte,007,227075,12765,12659,1841,14500,194
2021-06-19,Calaveras,009,45235,2192,2192,13,2205,55
2021-06-19,Colusa,011,21464,1964,1969,318,2287,15
2021-06-19,Contra Costa,013,1133247,70735,70334,1298,71632,813
2021-06-19,Del Norte,015,27424,1448,1416,13,1429,8
2021-06-19,El Dorado,017,186661,10441,10363,763,11126,113
2021-06-19,Fresno,019,978130,103280,102922,8656,111578,1724
2021-06-19,Glenn,021,27897,2447,2434,561,2995,19
2021-06-19,Humboldt,023,135768,4465,4463,42,4505,42
2021-06-19,Imperial,025,180216,28750,28813,2693,31506,740
2021-06-19,Inyo,027,18085,1409,1405,12,1417,35
2021-06-19,Kern,029,883053,97796,96966,10976,107942,1342
2021-06-19,Kings,031,150075,23238,23086,1078,24164,245
2021-06-19,Lake,033,64148,3576,3563,13,3576,45
2021-06-19,Lassen,035,31185,5266,5225,115,5340,19
2021-06-19,Los Angeles,037,10098052,1211521,1205602,41100,1246702,24454
2021-06-19,Madera,039,155013,16761,16632,933,17565,240
2021-06-19,Marin,041,260295,14188,14152,259,14411,230
2021-06-19,Mariposa,043,17540,439,439,11,450,5
2021-06-19,Mendocino,045,87422,4151,4077,83,4160,49
2021-06-19,Merced,047,269075,31182,31256,1039,32295,465
2021-06-19,Modoc,049,8938,411,402,145,547,3
2021-06-19,Mono,051,14174,1266,1275,17,1292,3
2021-06-19,Monterey,053,433212,43282,43153,1839,44992,427
2021-06-19,Napa,055,140530,9997,10025,36,10061,80
2021-06-19,Nevada,057,99092,4944,4910,193,5103,72
2021-06-19,Orange,059,3164182,256246,255329,11379,266708,5112
2021-06-19,Placer,061,380077,23721,23537,1526,25063,298
2021-06-19,Plumas,063,18699,716,697,11,708,4
2021-06-19,Riverside,065,2383286,295265,289720,13956,303676,4456
2021-06-19,Sacramento,067,1510023,107826,107631,1795,109426,1669
2021-06-19,San Benito,069,59416,6079,6098,113,6211,63
2021-06-19,San Bernardino,071,2135413,294298,293673,8973,302646,4844
2021-06-19,San Diego,073,3302833,282590,281682,15258,296940,3771
2021-06-19,San Francisco,075,870044,37007,37256,1281,38537,556
2021-06-19,San Joaquin,077,732212,73901,73652,3562,77214,1405
2021-06-19,San Luis Obispo,079,281455,21507,21308,744,22052,257
2021-06-19,San Mateo,081,765935,42611,42646,473,43119,542
2021-06-19,Santa Barbara,083,443738,34583,34472,1121,35593,455
2021-06-19,Santa Clara,085,1922200,119306,120110,762,120872,2093
2021-06-19,Santa Cruz,087,273765,16318,16206,798,17004,208
2021-06-19,Shasta,089,179085,12557,12615,1618,14233,201
2021-06-19,Sierra,091,2930,62,57,12,69,0
2021-06-19,Siskiyou,093,43540,1964,1891,362,2253,27
2021-06-19,Solano,095,438530,33333,33341,561,33902,266
2021-06-19,Sonoma,097,501317,30767,30841,355,31196,314
2021-06-19,Stanislaus,099,539301,56963,56847,5943,62790,1017
2021-06-19,Sutter,101,95872,9591,9645,87,9732,113
2021-06-19,Tehama,103,63373,5142,5115,579,5694,63
2021-06-19,Trinity,105,12862,491,337,95,432,3
2021-06-19,Tulare,107,460477,50401,49681,8978,58659,849
2021-06-19,Tuolumne,109,53932,4067,4117,43,4160,63
2021-06-19,Ventura,111,848112,81684,81270,2985,84255,1031
2021-06-19,Yolo,113,214977,14156,14156,258,14414,212
2021-06-19,Yuba,115,75493,6193,6157,129,6286,51
2021-06-18,Alameda,001,1643700,89043,89123,1935,91058,1263
2021-06-18,Alpine,003,1148,88,88,0,88,0
2021-06-18,Amador,005,37829,3735,3739,32,3771,46
2021-06-18,Butte,007,227075,12762,12653,1838,14491,194
2021-06-18,Calaveras,009,45235,2192,2191,13,2204,55
2021-06-18,Colusa,011,21464,1963,1969,318,2287,15
2021-06-18,Contra Costa,013,1133247,70693,70271,1296,71567,813
2021-06-18,Del Norte,015,27424,1448,1415,13,1428,8
2021-06-18,El Dorado,017,186661,10438,10348,761,11109,113
2021-06-18,Fresno,019,978130,103264,102894,8654,111548,1722
2021-06-18,Glenn,021,27897,2446,2430,561,2991,19
2021-06-18,Humboldt,023,135768,4457,4450,42,4492,42
2021-06-18,Imperial,025,180216,28748,28809,2693,31502,740
2021-06-18,Inyo,027,18085,1409,1405,12,1417,35
2021-06-18,Kern,029,883053,97785,96948,10970,107918,1341
2021-06-18,Kings,031,150075,23233,23082,1078,24160,245
2021-06-18,Lake,033,64148,3572,3563,13,3576,45
2021-06-18,Lassen,035,31185,5265,5224,115,5339,19
2021-06-18,Los Angeles,037,10098052,1211355,1205472,41083,1246555,24451
2021-06-18,Madera,039,155013,16755,16625,933,17558,241
2021-06-18,Marin,041,260295,14185,14147,259,14406,230
2021-06-18,Mariposa,043,17540,439,439,11,450,5
2021-06-18,Mendocino,045,87422,4146,4068,83,4151,49
2021-06-18,Merced,047,269075,31180,31262,1039,32301,464
2021-06-18,Modoc,049,8938,411,402,145,547,3
2021-06-18,Mono,051,14174,1265,1275,16,1291,3
2021-06-18,Monterey,053,433212,43279,43148,1839,44987,427
2021-06-18,Napa,055,140530,9993,10021,36,10057,80
2021-06-18,Nevada,057,99092,4936,4903,193,5096,72
2021-06-18,Orange,059,3164182,256209,255274,11376,266650,5108
2021-06-18,Placer,061,380077,23713,23500,1523,25023,298
2021-06-18,Plumas,063,18699,716,697,11,708,4
2021-06-18,Riverside,065,2383286,295217,289676,13955,303631,4457
2021-06-18,Sacramento,067,1510023,107778,107570,1795,109365,1669
2021-06-18,San Benito,069,59416,6078,6097,113,6210,63
2021-06-18,San Bernardino,071,2135413,294253,293629,8969,302598,4826
2021-06-18,San Diego,073,3302833,282514,281608,15247,296855,3771
2021-06-18,San Francisco,075,870044,36998,37246,1281,38527,556
2021-06-18,San Joaquin,077,732212,73883,73623,3560,77183,1403
2021-06-18,San Luis Obispo,079,281455,21503,21301,742,22043,257
2021-06-18,San Mateo,081,765935,42600,42630,472,43102,542
2021-06-18,Santa Barbara,083,443738,34573,34469,1121,35590,455
2021-06-18,Santa Clara,085,1922200,119285,120081,760,120841,2093
2021-06-18,Santa Cruz,087,273765,16314,16202,798,17000,208
2021-06-18,Shasta,089,179085,12553,12607,1616,14223,201
2021-06-18,Sierra,091,2930,61,57,12,69,0
2021-06-18,Siskiyou,093,43540,1964,1890,362,2252,27
2021-06-18,Solano,095,438530,33319,33323,561,33884,266
2021-06-18,Sonoma,097,501317,30749,30816,354,31170,313
2021-06-18,Stanislaus,099,539301,56948,56803,5941,62744,1012
2021-06-18,Sutter,101,95872,9588,9643,87,9730,113
2021-06-18,Tehama,103,63373,5140,5114,579,5693,63
2021-06-18,Trinity,105,12862,491,337,94,431,3
2021-06-18,Tulare,107,460477,50399,49664,8971,58635,849
2021-06-18,Tuolumne,109,53932,4064,4116,43,4159,63
2021-06-18,Ventura,111,848112,81674,81256,2980,84236,1031
2021-06-18,Yolo,113,214977,14153,14148,256,14404,212
2021-06-18,Yuba,115,75493,6187,6150,129,6279,51
2021-06-17,Alameda,001,1643700,88996,89087,1935,91022,1262
2021-06-17,Alpine,003,1148,88,88,0,88,0
2021-06-17,Amador,005,37829,3733,3731,32,3763,46
2021-06-17,Butte,007,227075,12752,12644,1837,14481,194
2021-06-17,Calaveras,009,45235,2191,2189,13,2202,55
2021-06-17,Colusa,011,21464,1962,1969,318,2287,15
2021-06-17,Contra Costa,013,1133247,70654,70190,1292,71482,810
2021-06-17,Del Norte,015,27424,1446,1413,13,1426,8
2021-06-17,El Dorado,017,186661,10428,10341,761,11102,113
2021-06-17,Fresno,019,978130,103238,102867,8650,111517,1722
2021-06-17,Glenn,021,27897,2446,2430,561,2991,19
2021-06-17,Humboldt,023,135768,4448,4438,42,4480,42
2021-06-17,Imperial,025,180216,28740,28801,2693,31494,741
2021-06-17,Inyo,027,18085,1409,1405,12,1417,35
2021-06-17,Kern,029,883053,97770,96840,10964,107804,1340
2021-06-17,Kings,031,150075,23229,23078,1077,24155,245
2021-06-17,Lake,033,64148,3569,3563,9,3572,45
2021-06-17,Lassen,035,31185,5261,5223,115,5338,19
2021-06-17,Los Angeles,037,10098052,1211140,1205301,41056,1246357,24444
2021-06-17,Madera,039,155013,16750,16618,933,17551,241
2021-06-17,Marin,041,260295,14185,14141,259,14400,229
2021-06-17,Mariposa,043,17540,439,439,11,450,5
2021-06-17,Mendocino,045,87422,4139,4054,83,4137,49
2021-06-17,Merced,047,269075,31175,31262,1039,32301,464
2021-06-17,Modoc,049,8938,410,401,145,546,3
2021-06-17,Mono,051,14174,1264,1275,16,1291,3
2021-06-17,Monterey,053,433212,43271,43140,1839,44979,416
2021-06-17,Napa,055,140530,9993,10014,36,10050,80
2021-06-17,Nevada,057,99092,4932,4898,193,5091,72
2021-06-17,Orange,059,3164182,256163,255240,11365,266605,5109
2021-06-17,Placer,061,380077,23697,23461,1521,24982,298
2021-06-17,Plumas,063,18699,715,697,11,708,4
2021-06-17,Riverside,065,2383286,295163,289627,13953,303580,4458
2021-06-17,Sacramento,067,1510023,107714,107492,1793,109285,1666
2021-06-17,San Benito,069,59416,6078,6097,113,6210,63
2021-06-17,San Bernardino,071,2135413,294212,293560,8969,302529,4811
2021-06-17,San Diego,073,3302833,282438,281531,15233,296764,3771
2021-06-17,San Francisco,075,870044,36987,37243,1280,38523,556
2021-06-17,San Joaquin,077,732212,73860,73560,3555,77115,1403
2021-06-17,San Luis Obispo,079,281455,21501,21297,742,22039,257
2021-06-17,San Mateo,081,765935,42594,42615,472,43087,542
2021-06-17,Santa Barbara,083,443738,34567,34466,1121,35587,453
2021-06-17,Santa Clara,085,1922200,119260,120032,759,120791,2093
2021-06-17,Santa Cruz,087,273765,16310,16197,798,16995,208
2021-06-17,Shasta,089,179085,12545,12597,1616,14213,201
2021-06-17,Sierra,091,2930,61,56,12,68,0
2021-06-17,Siskiyou,093,43540,1963,1889,362,2251,27
2021-06-17,Solano,095,438530,33298,33296,560,33856,266
2021-06-17,Sonoma,097,501317,30719,30793,354,31147,323
2021-06-17,Stanislaus,099,539301,56917,56752,5936,62688,1012
2021-06-17,Sutter,101,95872,9585,9629,87,9716,113
2021-06-17,Tehama,103,63373,5139,5112,577,5689,63
2021-06-17,Trinity,105,12862,490,337,94,431,3
2021-06-17,Tulare,107,460477,50394,49649,8963,58612,849
2021-06-17,Tuolumne,109,53932,4063,4116,43,4159,63
2021-06-17,Ventura,111,848112,81665,81248,2977,84225,1030
2021-06-17,Yolo,113,214977,14145,14141,256,14397,212
2021-06-17,Yuba,115,75493,6178,6140,129,6269,51
2021-06-16,Alameda,001,1643700,88947,89045,1934,90979,1265
2021-06-16,Alpine,003,1148,88,88,0,88,0
2021-06-16,Amador,005,37829,3732,3730,32,3762,46
2021-06-16,Butte,007,227075,12750,12635,1835,14470,194
2021-06-16,Calaveras,009,45235,2189,2188,13,2201,55
2021-06-16,Colusa,011,21464,1962,1967,318,2285,15
2021-06-16,Contra Costa,013,1133247,70602,70136,1291,71427,810
2021-06-16,Del Norte,015,27424,1443,1413,13,1426,8
2021-06-16,El Dorado,017,186661,10422,10334,760,11094,113
2021-06-16,Fresno,019,978130,103207,102842,8646,111488,1722
2021-06-16,Glenn,021,27897,2446,2430,561,2991,19
2021-06-16,Humboldt,023,135768,4439,4427,41,4468,42
2021-06-16,Imperial,025,180216,28737,28796,2693,31489,741
2021-06-16,Inyo,027,18085,1408,1405,12,1417,35
2021-06-16,Kern,029,883053,97748,96789,10957,107746,1339
2021-06-16,Kings,031,150075,23228,23072,1076,24148,245
2021-06-16,Lake,033,64148,3569,3562,9,3571,45
2021-06-16,Lassen,035,31185,5258,5216,115,5331,19
2021-06-16,Los Angeles,037,10098052,1210917,1205102,41046,1246148,24439
2021-06-16,Madera,039,155013,16746,16603,933,17536,240
2021-06-16,Marin,041,260295,14183,14137,259,14396,229
2021-06-16,Mariposa,043,17540,439,437,11,448,5
2021-06-16,Mendocino,045,87422,4131,4041,83,4124,49
2021-06-16,Merced,047,269075,31167,31250,1039,32289,463
2021-06-16,Modoc,049,8938,409,383,144,527,3
2021-06-16,Mono,051,14174,1264,1275,16,1291,3
2021-06-16,Monterey,053,433212,43268,43122,1839,44961,416
2021-06-16,Napa,055,140530,9989,10011,36,10047,80
2021-06-16,Nevada,057,99092,4927,4894,193,5087,72
2021-06-16,Orange,059,3164182,256109,255188,11357,266545,5109
2021-06-16,Placer,061,380077,23687,23425,1517,24942,298
2021-06-16,Plumas,063,18699,715,697,11,708,4
2021-06-16,Riverside,065,2383286,295102,289539,13951,303490,4457
2021-06-16,Sacramento,067,1510023,107644,107422,1789,109211,1665
2021-06-16,San Benito,069,59416,6078,6090,113,6203,63
2021-06-16,San Bernardino,071,2135413,294163,293499,8967,302466,4797
2021-06-16,San Diego,073,3302833,282359,281423,15220,296643,3770
2021-06-16,San Francisco,075,870044,36974,37222,1278,38500,555
2021-06-16,San Joaquin,077,732212,73822,73530,3551,77081,1399
2021-06-16,San Luis Obispo,079,281455,21496,21294,742,22036,257
2021-06-16,San Mateo,081,765935,42578,42601,472,43073,542
2021-06-16,Santa Barbara,083,443738,34561,34459,1121,35580,460
2021-06-16,Santa Clara,085,1922200,119228,119982,759,120741,2087
2021-06-16,Santa Cruz,087,273765,16307,16187,798,16985,208
2021-06-16,Shasta,089,179085,12540,12592,1615,14207,200
2021-06-16,Sierra,091,2930,61,56,12,68,0
2021-06-16,Siskiyou,093,43540,1962,1886,362,2248,26
2021-06-16,Solano,095,438530,33270,33276,560,33836,266
2021-06-16,Sonoma,097,501317,30683,30741,354,31095,323
2021-06-16,Stanislaus,099,539301,56886,56738,5934,62672,984
2021-06-16,Sutter,101,95872,9581,9620,87,9707,113
2021-06-16,Tehama,103,63373,5137,5106,577,5683,63
2021-06-16,Trinity,105,12862,489,332,94,426,3
2021-06-16,Tulare,107,460477,50389,49578,8959,58537,849
2021-06-16,Tuolumne,109,53932,4063,4110,43,4153,63
2021-06-16,Ventura,111,848112,81651,81229,2975,84204,1029
2021-06-16,Yolo,113,214977,14136,14135,255,14390,212
2021-06-16,Yuba,115,75493,6168,6134,129,6263,51
2021-06-15,Alameda,001,1643700,88905,89008,1934,90942,1262
2021-06-15,Alpine,003,1148,88,88,0,88,0
2021-06-15,Amador,005,37829,3729,3723,32,3755,46
2021-06-15,Butte,007,227075,12742,12620,1834,14454,194
2021-06-15,Calaveras,009,45235,2188,2188,13,2201,55
2021-06-15,Colusa,011,21464,1962,1967,316,2283,15
2021-06-15,Contra Costa,013,1133247,70540,70101,1291,71392,810
2021-06-15,Del Norte,015,27424,1442,1411,13,1424,8
2021-06-15,El Dorado,017,186661,10413,10330,760,11090,113
2021-06-15,Fresno,019,978130,103175,102828,8645,111473,1722
2021-06-15,Glenn,021,27897,2445,2426,561,2987,19
2021-06-15,Humboldt,023,135768,4430,4414,40,4454,42
2021-06-15,Imperial,025,180216,28731,28789,2693,31482,741
2021-06-15,Inyo,027,18085,1408,1405,12,1417,35
2021-06-15,Kern,029,883053,97720,96782,10949,107731,1338
2021-06-15,Kings,031,150075,23222,23070,1074,24144,245
2021-06-15,Lake,033,64148,3568,3559,9,3568,45
2021-06-15,Lassen,035,31185,5257,5211,115,5326,19
2021-06-15,Los Angeles,037,10098052,1210692,1204926,41038,1245964,24435
2021-06-15,Madera,039,155013,16739,16600,932,17532,240
2021-06-15,Marin,041,260295,14175,14135,259,14394,229
2021-06-15,Mariposa,043,17540,439,437,11,448,5
2021-06-15,Mendocino,045,87422,4124,4034,83,4117,49
2021-06-15,Merced,047,269075,31161,31244,1039,32283,461
2021-06-15,Modoc,049,8938,408,383,144,527,3
2021-06-15,Mono,051,14174,1264,1275,16,1291,3
2021-06-15,Monterey,053,433212,43262,43118,1839,44957,416
2021-06-15,Napa,055,140530,9987,10010,36,10046,80
2021-06-15,Nevada,057,99092,4924,4888,193,5081,72
2021-06-15,Orange,059,3164182,256068,255127,11348,266475,5105
2021-06-15,Placer,061,380077,23665,23396,1516,24912,298
2021-06-15,Plumas,063,18699,714,697,11,708,4
2021-06-15,Riverside,065,2383286,295042,289508,13947,303455,4455
2021-06-15,Sacramento,067,1510023,107569,107370,1783,109153,1662
2021-06-15,San Benito,069,59416,6077,6089,113,6202,63
2021-06-15,San Bernardino,071,2135413,294113,293463,8961,302424,4790
2021-06-15,San Diego,073,3302833,282275,281375,15205,296580,3770
2021-06-15,San Francisco,075,870044,36965,37210,1277,38487,555
2021-06-15,San Joaquin,077,732212,73782,73494,3546,77040,1399
2021-06-15,San Luis Obispo,079,281455,21491,21293,741,22034,257
2021-06-15,San Mateo,081,765935,42565,42593,472,43065,543
2021-06-15,Santa Barbara,083,443738,34556,34451,1121,35572,460
2021-06-15,Santa Clara,085,1922200,119190,119963,759,120722,2086
2021-06-15,Santa Cruz,087,273765,16301,16180,797,16977,208
2021-06-15,Shasta,089,179085,12534,12583,1615,14198,201
2021-06-15,Sierra,091,2930,60,55,12,67,0
2021-06-15,Siskiyou,093,43540,1961,1887,362,2249,26
2021-06-15,Solano,095,438530,33251,33264,560,33824,266
2021-06-15,Sonoma,097,501317,30644,30707,353,31060,323
2021-06-15,Stanislaus,099,539301,56858,56724,5931,62655,979
2021-06-15,Sutter,101,95872,9572,9616,87,9703,113
2021-06-15,Tehama,103,63373,5135,5102,577,5679,63
2021-06-15,Trinity,105,12862,488,332,93,425,3
2021-06-15,Tulare,107,460477,50383,49561,8956,58517,848
2021-06-15,Tuolumne,109,53932,4063,4111,43,4154,63
2021-06-15,Ventura,111,848112,81640,81215,2972,84187,1029
2021-06-15,Yolo,113,214977,14132,14127,253,14380,212
2021-06-15,Yuba,115,75493,6157,6130,129,6259,51
2021-06-14,Alameda,001,1643700,88857,88966,1934,90900,1264
2021-06-14,Alpine,003,1148,88,88,0,88,0
2021-06-14,Amador,005,37829,3728,3722,32,3754,46
2021-06-14,Butte,007,227075,12731,12613,1830,14443,194
2021-06-14,Calaveras,009,45235,2187,2190,13,2203,55
2021-06-14,Colusa,011,21464,1961,1966,316,2282,15
2021-06-14,Contra Costa,013,1133247,70487,70069,1289,71358,810
2021-06-14,Del Norte,015,27424,1442,1411,13,1424,8
2021-06-14,El Dorado,017,186661,10404,10327,758,11085,113
2021-06-14,Fresno,019,978130,103153,102812,8643,111455,1719
2021-06-14,Glenn,021,27897,2445,2426,561,2987,19
2021-06-14,Humboldt,023,135768,4422,4407,39,4446,42
2021-06-14,Imperial,025,180216,28719,28836,2693,31529,741
2021-06-14,Inyo,027,18085,1407,1405,12,1417,35
2021-06-14,Kern,029,883053,97700,96760,10939,107699,1337
2021-06-14,Kings,031,150075,23219,23071,1073,24144,245
2021-06-14,Lake,033,64148,3567,3557,9,3566,45
2021-06-14,Lassen,035,31185,5254,5209,114,5323,19
2021-06-14,Los Angeles,037,10098052,1210450,1204748,41028,1245776,24434
2021-06-14,Madera,039,155013,16733,16597,931,17528,240
2021-06-14,Marin,041,260295,14173,14133,259,14392,229
2021-06-14,Mariposa,043,17540,438,437,11,448,5
2021-06-14,Mendocino,045,87422,4118,4028,83,4111,49
2021-06-14,Merced,047,269075,31152,31241,1038,32279,461
2021-06-14,Modoc,049,8938,399,382,142,524,3
2021-06-14,Mono,051,14174,1264,1275,16,1291,3
2021-06-14,Monterey,053,433212,43259,43110,1839,44949,415
2021-06-14,Napa,055,140530,9983,10000,36,10036,80
2021-06-14,Nevada,057,99092,4917,4885,193,5078,72
2021-06-14,Orange,059,3164182,256030,255069,11344,266413,5103
2021-06-14,Placer,061,380077,23640,23379,1515,24894,298
2021-06-14,Plumas,063,18699,714,696,11,707,4
2021-06-14,Riverside,065,2383286,294988,289476,13947,303423,4453
2021-06-14,Sacramento,067,1510023,107515,107334,1778,109112,1661
2021-06-14,San Benito,069,59416,6077,6087,113,6200,63
2021-06-14,San Bernardino,071,2135413,294057,293446,8957,302403,4790
2021-06-14,San Diego,073,3302833,282169,281314,15185,296499,3770
2021-06-14,San Francisco,075,870044,36952,37206,1277,38483,555
2021-06-14,San Joaquin,077,732212,73753,73453,3546,76999,1398
2021-06-14,San Luis Obispo,079,281455,21489,21302,741,22043,256
2021-06-14,San Mateo,081,765935,42552,42619,471,43090,543
2021-06-14,Santa Barbara,083,443738,34553,34449,1121,35570,460
2021-06-14,Santa Clara,085,1922200,119159,119957,758,120715,2085
2021-06-14,Santa Cruz,087,273765,16298,16175,797,16972,208
2021-06-14,Shasta,089,179085,12523,12561,1612,14173,201
2021-06-14,Sierra,091,2930,59,55,12,67,0
2021-06-14,Siskiyou,093,43540,1961,1886,362,2248,26
2021-06-14,Solano,095,438530,33234,33243,559,33802,266
2021-06-14,Sonoma,097,501317,30612,30679,352,31031,323
2021-06-14,Stanislaus,099,539301,56821,56689,5928,62617,975
2021-06-14,Sutter,101,95872,9569,9607,87,9694,112
2021-06-14,Tehama,103,63373,5133,5102,577,5679,63
2021-06-14,Trinity,105,12862,488,332,93,425,3
2021-06-14,Tulare,107,460477,50378,49538,8953,58491,848
2021-06-14,Tuolumne,109,53932,4060,4108,43,4151,63
2021-06-14,Ventura,111,848112,81630,81209,2972,84181,1028
2021-06-14,Yolo,113,214977,14124,14123,253,14376,212
2021-06-14,Yuba,115,75493,6150,6127,129,6256,50
2021-06-13,Alameda,001,1643700,88800,88947,1933,90880,1264
2021-06-13,Alpine,003,1148,87,88,0,88,0
2021-06-13,Amador,005,37829,3724,3721,32,3753,46
2021-06-13,Butte,007,227075,12720,12586,1827,14413,194
2021-06-13,Calaveras,009,45235,2187,2189,13,2202,55
2021-06-13,Colusa,011,21464,1961,1965,315,2280,15
2021-06-13,Contra Costa,013,1133247,70433,70040,1287,71327,810
2021-06-13,Del Norte,015,27424,1440,1412,13,1425,8
2021-06-13,El Dorado,017,186661,10395,10324,758,11082,113
2021-06-13,Fresno,019,978130,103123,102795,8638,111433,1719
2021-06-13,Glenn,021,27897,2444,2425,559,2984,19
2021-06-13,Humboldt,023,135768,4409,4401,39,4440,42
2021-06-13,Imperial,025,180216,28710,28800,2693,31493,741
2021-06-13,Inyo,027,18085,1407,1405,12,1417,35
2021-06-13,Kern,029,883053,97676,96743,10927,107670,1337
2021-06-13,Kings,031,150075,23214,23069,1072,24141,245
2021-06-13,Lake,033,64148,3567,3556,9,3565,45
2021-06-13,Lassen,035,31185,5249,5209,114,5323,19
2021-06-13,Los Angeles,037,10098052,1210183,1204614,41016,1245630,24433
2021-06-13,Madera,039,155013,16719,16590,931,17521,240
2021-06-13,Marin,041,260295,14167,14126,259,14385,229
2021-06-13,Mariposa,043,17540,438,434,11,445,5
2021-06-13,Mendocino,045,87422,4111,4026,83,4109,49
2021-06-13,Merced,047,269075,31146,31240,1037,32277,461
2021-06-13,Modoc,049,8938,397,382,140,522,3
2021-06-13,Mono,051,14174,1264,1275,16,1291,3
2021-06-13,Monterey,053,433212,43251,43108,1839,44947,415
2021-06-13,Napa,055,140530,9977,9995,36,10031,80
2021-06-13,Nevada,057,99092,4912,4883,193,5076,72
2021-06-13,Orange,059,3164182,255975,255043,11341,266384,5103
2021-06-13,Placer,061,380077,23614,23365,1513,24878,295
2021-06-13,Plumas,063,18699,713,696,11,707,4
2021-06-13,Riverside,065,2383286,294921,289447,13944,303391,4453
2021-06-13,Sacramento,067,1510023,107439,107289,1775,109064,1658
2021-06-13,San Benito,069,59416,6077,6086,113,6199,63
2021-06-13,San Bernardino,071,2135413,294005,293416,8952,302368,4788
2021-06-13,San Diego,073,3302833,282090,281268,15169,296437,3770
2021-06-13,San Francisco,075,870044,36940,37197,1277,38474,555
2021-06-13,San Joaquin,077,732212,73718,73438,3544,76982,1398
2021-06-13,San Luis Obispo,079,281455,21483,21298,740,22038,256
2021-06-13,San Mateo,081,765935,42539,42611,471,43082,542
2021-06-13,Santa Barbara,083,443738,34542,34449,1120,35569,460
2021-06-13,Santa Clara,085,1922200,119135,119946,758,120704,2085
2021-06-13,Santa Cruz,087,273765,16291,16172,797,16969,208
2021-06-13,Shasta,089,179085,12514,12560,1611,14171,201
2021-06-13,Sierra,091,2930,59,55,12,67,0
2021-06-13,Siskiyou,093,43540,1960,1885,362,2247,26
2021-06-13,Solano,095,438530,33213,33234,559,33793,266
2021-06-13,Sonoma,097,501317,30577,30663,350,31013,323
2021-06-13,Stanislaus,099,539301,56795,56671,5925,62596,975
2021-06-13,Sutter,101,95872,9562,9603,87,9690,112
2021-06-13,Tehama,103,63373,5131,5100,577,5677,63
2021-06-13,Trinity,105,12862,487,332,93,425,3
2021-06-13,Tulare,107,460477,50369,49537,8948,58485,848
2021-06-13,Tuolumne,109,53932,4058,4107,42,4149,63
2021-06-13,Ventura,111,848112,81616,81201,2972,84173,1028
2021-06-13,Yolo,113,214977,14115,14120,251,14371,212
2021-06-13,Yuba,115,75493,6143,6125,129,6254,50
2021-06-12,Alameda,001,1643700,88772,88901,1933,90834,1271
2021-06-12,Alpine,003,1148,87,88,0,88,0
2021-06-12,Amador,005,37829,3723,3721,32,3753,46
2021-06-12,Butte,007,227075,12716,12576,1827,14403,194
2021-06-12,Calaveras,009,45235,2187,2189,13,2202,55
2021-06-12,Colusa,011,21464,1961,1965,315,2280,15
2021-06-12,Contra Costa,013,1133247,70402,69989,1285,71274,810
2021-06-12,Del Norte,015,27424,1440,1412,13,1425,8
2021-06-12,El Dorado,017,186661,10390,10320,757,11077,113
2021-06-12,Fresno,019,978130,103113,102783,8637,111420,1720
2021-06-12,Glenn,021,27897,2442,2425,559,2984,19
2021-06-12,Humboldt,023,135768,4401,4396,39,4435,42
2021-06-12,Imperial,025,180216,28707,28799,2693,31492,741
2021-06-12,Inyo,027,18085,1407,1405,12,1417,35
2021-06-12,Kern,029,883053,97661,96731,10923,107654,1337
2021-06-12,Kings,031,150075,23212,23067,1072,24139,245
2021-06-12,Lake,033,64148,3566,3552,9,3561,45
2021-06-12,Lassen,035,31185,5249,5208,114,5322,19
2021-06-12,Los Angeles,037,10098052,1210042,1204439,41010,1245449,24434
2021-06-12,Madera,039,155013,16715,16586,931,17517,240
2021-06-12,Marin,041,260295,14164,14121,259,14380,229
2021-06-12,Mariposa,043,17540,438,434,11,445,5
2021-06-12,Mendocino,045,87422,4108,4024,83,4107,49
2021-06-12,Merced,047,269075,31143,31236,1037,32273,461
2021-06-12,Modoc,049,8938,396,382,140,522,3
2021-06-12,Mono,051,14174,1264,1275,16,1291,3
2021-06-12,Monterey,053,433212,43246,43103,1839,44942,415
2021-06-12,Napa,055,140530,9973,9986,36,10022,80
2021-06-12,Nevada,057,99092,4906,4878,193,5071,72
2021-06-12,Orange,059,3164182,255942,255004,11339,266343,5103
2021-06-12,Placer,061,380077,23595,23345,1513,24858,295
2021-06-12,Plumas,063,18699,713,696,11,707,4
2021-06-12,Riverside,065,2383286,294879,289413,13941,303354,4453
2021-06-12,Sacramento,067,1510023,107380,107199,1772,108971,1658
2021-06-12,San Benito,069,59416,6075,6083,113,6196,63
2021-06-12,San Bernardino,071,2135413,293970,293375,8950,302325,4788
2021-06-12,San Diego,073,3302833,282033,281203,15160,296363,3770
2021-06-12,San Francisco,075,870044,36930,37189,1277,38466,555
2021-06-12,San Joaquin,077,732212,73699,73413,3543,76956,1398
2021-06-12,San Luis Obispo,079,281455,21480,21293,740,22033,256
2021-06-12,San Mateo,081,765935,42533,42604,471,43075,542
2021-06-12,Santa Barbara,083,443738,34537,34450,1120,35570,460
2021-06-12,Santa Clara,085,1922200,119095,119894,758,120652,2085
2021-06-12,Santa Cruz,087,273765,16283,16170,797,16967,208
2021-06-12,Shasta,089,179085,12511,12556,1610,14166,201
2021-06-12,Sierra,091,2930,59,55,12,67,0
2021-06-12,Siskiyou,093,43540,1959,1884,362,2246,25
2021-06-12,Solano,095,438530,33204,33219,559,33778,266
2021-06-12,Sonoma,097,501317,30548,30647,350,30997,323
2021-06-12,Stanislaus,099,539301,56778,56649,5924,62573,974
2021-06-12,Sutter,101,95872,9558,9603,87,9690,112
2021-06-12,Tehama,103,63373,5131,5099,576,5675,63
2021-06-12,Trinity,105,12862,487,332,93,425,3
2021-06-12,Tulare,107,460477,50364,49533,8941,58474,848
2021-06-12,Tuolumne,109,53932,4057,4105,42,4147,63
2021-06-12,Ventura,111,848112,81604,81197,2972,84169,1028
2021-06-12,Yolo,113,214977,14112,14118,250,14368,212
2021-06-12,Yuba,115,75493,6138,6120,129,6249,50
2021-06-11,Alameda,001,1643700,88744,88844,1933,90777,1278
2021-06-11,Alpine,003,1148,87,88,0,88,0
2021-06-11,Amador,005,37829,3722,3710,32,3742,46
2021-06-11,Butte,007,227075,12712,12576,1825,14401,194
2021-06-11,Calaveras,009,45235,2187,2188,13,2201,55
2021-06-11,Colusa,011,21464,1960,1964,315,2279,15
2021-06-11,Contra Costa,013,1133247,70369,69940,1283,71223,808
2021-06-11,Del Norte,015,27424,1440,1409,13,1422,8
2021-06-11,El Dorado,017,186661,10387,10316,757,11073,113
2021-06-11,Fresno,019,978130,103094,102770,8636,111406,1720
2021-06-11,Glenn,021,27897,2442,2425,559,2984,19
2021-06-11,Humboldt,023,135768,4397,4389,39,4428,42
2021-06-11,Imperial,025,180216,28702,28793,2693,31486,741
2021-06-11,Inyo,027,18085,1407,1405,12,1417,35
2021-06-11,Kern,029,883053,97649,96718,10920,107638,1340
2021-06-11,Kings,031,150075,23208,23069,1071,24140,245
2021-06-11,Lake,033,64148,3565,3550,9,3559,45
2021-06-11,Lassen,035,31185,5248,5204,114,5318,18
2021-06-11,Los Angeles,037,10098052,1209892,1204259,40995,1245254,24434
2021-06-11,Madera,039,155013,16712,16582,931,17513,240
2021-06-11,Marin,041,260295,14161,14116,259,14375,229
2021-06-11,Mariposa,043,17540,438,434,11,445,5
2021-06-11,Mendocino,045,87422,4105,4022,83,4105,49
2021-06-11,Merced,047,269075,31138,31231,1037,32268,461
2021-06-11,Modoc,049,8938,396,382,139,521,3
2021-06-11,Mono,051,14174,1264,1274,16,1290,3
2021-06-11,Monterey,053,433212,43242,43097,1839,44936,415
2021-06-11,Napa,055,140530,9970,9977,36,10013,80
2021-06-11,Nevada,057,99092,4904,4873,193,5066,72
2021-06-11,Orange,059,3164182,255908,254975,11336,266311,5101
2021-06-11,Placer,061,380077,23590,23330,1513,24843,294
2021-06-11,Plumas,063,18699,713,696,11,707,4
2021-06-11,Riverside,065,2383286,294841,289376,13936,303312,4451
2021-06-11,Sacramento,067,1510023,107320,107119,1771,108890,1659
2021-06-11,San Benito,069,59416,6074,6082,113,6195,63
2021-06-11,San Bernardino,071,2135413,293934,293335,8946,302281,4788
2021-06-11,San Diego,073,3302833,281993,281144,15153,296297,3768
2021-06-11,San Francisco,075,870044,36925,37177,1277,38454,555
2021-06-11,San Joaquin,077,732212,73682,73347,3540,76887,1397
2021-06-11,San Luis Obispo,079,281455,21479,21288,740,22028,256
2021-06-11,San Mateo,081,765935,42519,42585,471,43056,542
2021-06-11,Santa Barbara,083,443738,34534,34438,1120,35558,460
2021-06-11,Santa Clara,085,1922200,119075,119860,758,120618,2083
2021-06-11,Santa Cruz,087,273765,16275,16164,797,16961,208
2021-06-11,Shasta,089,179085,12503,12550,1608,14158,201
2021-06-11,Sierra,091,2930,59,55,12,67,0
2021-06-11,Siskiyou,093,43540,1958,1882,362,2244,25
2021-06-11,Solano,095,438530,33184,33179,558,33737,266
2021-06-11,Sonoma,097,501317,30530,30624,350,30974,323
2021-06-11,Stanislaus,099,539301,56752,56617,5920,62537,974
2021-06-11,Sutter,101,95872,9555,9600,86,9686,112
2021-06-11,Tehama,103,63373,5130,5099,576,5675,63
2021-06-11,Trinity,105,12862,487,331,93,424,3
2021-06-11,Tulare,107,460477,50358,49516,8940,58456,848
2021-06-11,Tuolumne,109,53932,4054,4104,42,4146,63
2021-06-11,Ventura,111,848112,81594,81189,2972,84161,1026
2021-06-11,Yolo,113,214977,14105,14111,246,14357,212
2021-06-11,Yuba,115,75493,6134,6113,129,6242,50
2021-06-10,Alameda,001,1643700,88700,88806,1932,90738,1275
2021-06-10,Alpine,003,1148,87,88,0,88,0
2021-06-10,Amador,005,37829,3718,3709,32,3741,46
2021-06-10,Butte,007,227075,12695,12565,1825,14390,194
2021-06-10,Calaveras,009,45235,2186,2188,13,2201,55
2021-06-10,Colusa,011,21464,1958,1964,315,2279,15
2021-06-10,Contra Costa,013,1133247,70315,69876,1283,71159,807
2021-06-10,Del Norte,015,27424,1440,1405,13,1418,8
2021-06-10,El Dorado,017,186661,10380,10314,753,11067,113
2021-06-10,Fresno,019,978130,103068,102724,8635,111359,1717
2021-06-10,Glenn,021,27897,2442,2425,559,2984,19
2021-06-10,Humboldt,023,135768,4389,4384,39,4423,42
2021-06-10,Imperial,025,180216,28696,28779,2693,31472,739
2021-06-10,Inyo,027,18085,1407,1405,12,1417,35
2021-06-10,Kern,029,883053,97635,96706,10915,107621,1336
2021-06-10,Kings,031,150075,23207,23067,1071,24138,245
2021-06-10,Lake,033,64148,3560,3550,9,3559,45
2021-06-10,Lassen,035,31185,5246,5201,114,5315,18
2021-06-10,Los Angeles,037,10098052,1209727,1204110,40979,1245089,24440
2021-06-10,Madera,039,155013,16705,16581,930,17511,240
2021-06-10,Marin,041,260295,14158,14118,259,14377,229
2021-06-10,Mariposa,043,17540,436,434,11,445,5
2021-06-10,Mendocino,045,87422,4100,4016,83,4099,48
2021-06-10,Merced,047,269075,31130,31231,1034,32265,461
2021-06-10,Modoc,049,8938,395,381,139,520,3
2021-06-10,Mono,051,14174,1263,1274,16,1290,3
2021-06-10,Monterey,053,433212,43236,43090,1839,44929,415
2021-06-10,Napa,055,140530,9969,9974,36,10010,80
2021-06-10,Nevada,057,99092,4899,4866,193,5059,72
2021-06-10,Orange,059,3164182,255878,254950,11329,266279,5097
2021-06-10,Placer,061,380077,23577,23296,1513,24809,293
2021-06-10,Plumas,063,18699,713,696,11,707,4
2021-06-10,Riverside,065,2383286,294799,289335,13931,303266,4450
2021-06-10,Sacramento,067,1510023,107258,107049,1771,108820,1658
2021-06-10,San Benito,069,59416,6074,6079,113,6192,63
2021-06-10,San Bernardino,071,2135413,293893,293281,8943,302224,4782
2021-06-10,San Diego,073,3302833,281935,281052,15136,296188,3766
2021-06-10,San Francisco,075,870044,36915,37159,1275,38434,552
2021-06-10,San Joaquin,077,732212,73648,73276,3539,76815,1393
2021-06-10,San Luis Obispo,079,281455,21476,21280,740,22020,256
2021-06-10,San Mateo,081,765935,42512,42562,471,43033,666
2021-06-10,Santa Barbara,083,443738,34530,34434,1120,35554,460
2021-06-10,Santa Clara,085,1922200,119040,119832,757,120589,2075
2021-06-10,Santa Cruz,087,273765,16274,16159,797,16956,208
2021-06-10,Shasta,089,179085,12493,12536,1608,14144,201
2021-06-10,Sierra,091,2930,58,55,12,67,0
2021-06-10,Siskiyou,093,43540,1958,1881,362,2243,25
2021-06-10,Solano,095,438530,33167,33150,557,33707,265
2021-06-10,Sonoma,097,501317,30494,30571,348,30919,323
2021-06-10,Stanislaus,099,539301,56731,56588,5916,62504,974
2021-06-10,Sutter,101,95872,9548,9594,86,9680,112
2021-06-10,Tehama,103,63373,5130,5096,576,5672,63
2021-06-10,Trinity,105,12862,487,331,93,424,3
2021-06-10,Tulare,107,460477,50350,49503,8940,58443,848
2021-06-10,Tuolumne,109,53932,4054,4100,42,4142,63
2021-06-10,Ventura,111,848112,81583,81172,2971,84143,1026
2021-06-10,Yolo,113,214977,14102,14107,246,14353,212
2021-06-10,Yuba,115,75493,6130,6112,129,6241,50
2021-06-09,Alameda,001,1643700,88656,88762,1931,90693,1271
2021-06-09,Alpine,003,1148,87,88,0,88,0
2021-06-09,Amador,005,37829,3714,3706,32,3738,46
2021-06-09,Butte,007,227075,12689,12555,1823,14378,194
2021-06-09,Calaveras,009,45235,2184,2184,13,2197,55
2021-06-09,Colusa,011,21464,1958,1962,314,2276,15
2021-06-09,Contra Costa,013,1133247,70278,69829,1282,71111,803
2021-06-09,Del Norte,015,27424,1436,1403,13,1416,8
2021-06-09,El Dorado,017,186661,10377,10312,752,11064,113
2021-06-09,Fresno,019,978130,103048,102690,8631,111321,1717
2021-06-09,Glenn,021,27897,2441,2424,559,2983,19
2021-06-09,Humboldt,023,135768,4384,4379,38,4417,42
2021-06-09,Imperial,025,180216,28693,28754,2693,31447,739
2021-06-09,Inyo,027,18085,1407,1405,12,1417,35
2021-06-09,Kern,029,883053,97621,96697,10906,107603,1328
2021-06-09,Kings,031,150075,23205,23061,1071,24132,245
2021-06-09,Lake,033,64148,3557,3541,9,3550,45
2021-06-09,Lassen,035,31185,5245,5200,114,5314,18
2021-06-09,Los Angeles,037,10098052,1209539,1203955,40966,1244921,24432
2021-06-09,Madera,039,155013,16700,16580,930,17510,240
2021-06-09,Marin,041,260295,14153,14114,259,14373,229
2021-06-09,Mariposa,043,17540,436,434,11,445,5
2021-06-09,Mendocino,045,87422,4094,4008,83,4091,47
2021-06-09,Merced,047,269075,31126,31225,1034,32259,461
2021-06-09,Modoc,049,8938,393,377,138,515,3
2021-06-09,Mono,051,14174,1263,1274,16,1290,3
2021-06-09,Monterey,053,433212,43229,43082,1839,44921,415
2021-06-09,Napa,055,140530,9963,9971,36,10007,80
2021-06-09,Nevada,057,99092,4889,4863,192,5055,72
2021-06-09,Orange,059,3164182,255834,254893,11324,266217,5080
2021-06-09,Placer,061,380077,23558,23237,1513,24750,293
2021-06-09,Plumas,063,18699,712,697,11,708,4
2021-06-09,Riverside,065,2383286,294753,289299,13929,303228,4450
2021-06-09,Sacramento,067,1510023,107195,106971,1768,108739,1657
2021-06-09,San Benito,069,59416,6071,6078,113,6191,63
2021-06-09,San Bernardino,071,2135413,293851,293222,8943,302165,4782
2021-06-09,San Diego,073,3302833,281871,280941,15124,296065,3765
2021-06-09,San Francisco,075,870044,36902,37143,1274,38417,552
2021-06-09,San Joaquin,077,732212,73622,73232,3539,76771,1392
2021-06-09,San Luis Obispo,079,281455,21475,21259,740,21999,256
2021-06-09,San Mateo,081,765935,42496,42502,470,42972,666
2021-06-09,Santa Barbara,083,443738,34519,34422,1120,35542,460
2021-06-09,Santa Clara,085,1922200,119002,119793,756,120549,2068
2021-06-09,Santa Cruz,087,273765,16271,16155,797,16952,208
2021-06-09,Shasta,089,179085,12483,12521,1606,14127,201
2021-06-09,Sierra,091,2930,57,55,12,67,0
2021-06-09,Siskiyou,093,43540,1957,1871,362,2233,25
2021-06-09,Solano,095,438530,33151,33137,556,33693,264
2021-06-09,Sonoma,097,501317,30472,30540,348,30888,323
2021-06-09,Stanislaus,099,539301,56711,56560,5913,62473,974
2021-06-09,Sutter,101,95872,9539,9586,85,9671,111
2021-06-09,Tehama,103,63373,5129,5093,576,5669,63
2021-06-09,Trinity,105,12862,486,331,93,424,3
2021-06-09,Tulare,107,460477,50346,49496,8938,58434,847
2021-06-09,Tuolumne,109,53932,4051,4100,42,4142,63
2021-06-09,Ventura,111,848112,81573,81154,2970,84124,1026
2021-06-09,Yolo,113,214977,14100,14102,245,14347,212
2021-06-09,Yuba,115,75493,6126,6109,129,6238,50
2021-06-08,Alameda,001,1643700,88608,88731,1931,90662,1267
2021-06-08,Alpine,003,1148,87,88,0,88,0
2021-06-08,Amador,005,37829,3713,3704,32,3736,46
2021-06-08,Butte,007,227075,12683,12540,1821,14361,194
2021-06-08,Calaveras,009,45235,2183,2181,13,2194,55
2021-06-08,Colusa,011,21464,1958,1961,314,2275,15
2021-06-08,Contra Costa,013,1133247,70230,69762,1281,71043,803
2021-06-08,Del Norte,015,27424,1434,1402,13,1415,8
2021-06-08,El Dorado,017,186661,10372,10306,750,11056,113
2021-06-08,Fresno,019,978130,103023,102680,8629,111309,1717
2021-06-08,Glenn,021,27897,2440,2423,559,2982,19
2021-06-08,Humboldt,023,135768,4379,4363,38,4401,42
2021-06-08,Imperial,025,180216,28684,28752,2693,31445,738
2021-06-08,Inyo,027,18085,1407,1405,12,1417,35
2021-06-08,Kern,029,883053,97602,96671,10899,107570,1325
2021-06-08,Kings,031,150075,23204,23036,1071,24107,245
2021-06-08,Lake,033,64148,3556,3540,9,3549,45
2021-06-08,Lassen,035,31185,5245,5200,114,5314,18
2021-06-08,Los Angeles,037,10098052,1209341,1203794,40954,1244748,24426
2021-06-08,Madera,039,155013,16694,16579,929,17508,240
2021-06-08,Marin,041,260295,14151,14111,258,14369,229
2021-06-08,Mariposa,043,17540,436,434,11,445,5
2021-06-08,Mendocino,045,87422,4087,4002,83,4085,47
2021-06-08,Merced,047,269075,31118,31225,1034,32259,461
2021-06-08,Modoc,049,8938,387,377,137,514,3
2021-06-08,Mono,051,14174,1263,1274,16,1290,3
2021-06-08,Monterey,053,433212,43223,43078,1838,44916,415
2021-06-08,Napa,055,140530,9959,9962,36,9998,80
2021-06-08,Nevada,057,99092,4884,4861,192,5053,72
2021-06-08,Orange,059,3164182,255792,254852,11317,266169,5078
2021-06-08,Placer,061,380077,23540,23209,1509,24718,293
2021-06-08,Plumas,063,18699,712,692,11,703,4
2021-06-08,Riverside,065,2383286,294717,289268,13921,303189,4452
2021-06-08,Sacramento,067,1510023,107133,106901,1765,108666,1654
2021-06-08,San Benito,069,59416,6069,6076,113,6189,63
2021-06-08,San Bernardino,071,2135413,293802,293186,8939,302125,4778
2021-06-08,San Diego,073,3302833,281808,280879,15115,295994,3764
2021-06-08,San Francisco,075,870044,36887,37134,1273,38407,552
2021-06-08,San Joaquin,077,732212,73578,73186,3534,76720,1390
2021-06-08,San Luis Obispo,079,281455,21469,21251,739,21990,255
2021-06-08,San Mateo,081,765935,42483,42488,470,42958,663
2021-06-08,Santa Barbara,083,443738,34515,34418,1120,35538,459
2021-06-08,Santa Clara,085,1922200,118981,119770,755,120525,2068
2021-06-08,Santa Cruz,087,273765,16268,16160,797,16957,208
2021-06-08,Shasta,089,179085,12468,12498,1606,14104,201
2021-06-08,Sierra,091,2930,57,55,12,67,0
2021-06-08,Siskiyou,093,43540,1955,1870,360,2230,21
2021-06-08,Solano,095,438530,33130,33130,556,33686,259
2021-06-08,Sonoma,097,501317,30446,30523,346,30869,323
2021-06-08,Stanislaus,099,539301,56684,56548,5911,62459,973
2021-06-08,Sutter,101,95872,9536,9581,85,9666,111
2021-06-08,Tehama,103,63373,5126,5093,576,5669,63
2021-06-08,Trinity,105,12862,486,330,92,422,3
2021-06-08,Tulare,107,460477,50334,49485,8934,58419,847
2021-06-08,Tuolumne,109,53932,4047,4099,42,4141,63
2021-06-08,Ventura,111,848112,81557,81142,2969,84111,1026
2021-06-08,Yolo,113,214977,14095,14099,244,14343,212
2021-06-08,Yuba,115,75493,6124,6103,129,6232,50
2021-06-07,Alameda,001,1643700,88551,88688,1931,90619,1267
2021-06-07,Alpine,003,1148,87,88,0,88,0
2021-06-07,Amador,005,37829,3703,3697,32,3729,46
2021-06-07,Butte,007,227075,12676,12533,1820,14353,194
2021-06-07,Calaveras,009,45235,2182,2181,13,2194,55
2021-06-07,Colusa,011,21464,1957,1960,314,2274,15
2021-06-07,Contra Costa,013,1133247,70173,69718,1280,70998,817
2021-06-07,Del Norte,015,27424,1434,1401,13,1414,8
2021-06-07,El Dorado,017,186661,10367,10305,750,11055,113
2021-06-07,Fresno,019,978130,102992,102659,8621,111280,1717
2021-06-07,Glenn,021,27897,2440,2423,559,2982,19
2021-06-07,Humboldt,023,135768,4371,4354,38,4392,42
2021-06-07,Imperial,025,180216,28682,28754,2693,31447,738
2021-06-07,Inyo,027,18085,1407,1404,12,1416,35
2021-06-07,Kern,029,883053,97586,96645,10892,107537,1324
2021-06-07,Kings,031,150075,23200,23023,1071,24094,244
2021-06-07,Lake,033,64148,3554,3540,9,3549,45
2021-06-07,Lassen,035,31185,5240,5198,114,5312,18
2021-06-07,Los Angeles,037,10098052,1209117,1203664,40940,1244604,24413
2021-06-07,Madera,039,155013,16687,16572,929,17501,240
2021-06-07,Marin,041,260295,14147,14108,257,14365,229
2021-06-07,Mariposa,043,17540,436,434,11,445,5
2021-06-07,Mendocino,045,87422,4081,3998,83,4081,47
2021-06-07,Merced,047,269075,31106,31212,1033,32245,459
2021-06-07,Modoc,049,8938,386,375,134,509,3
2021-06-07,Mono,051,14174,1263,1275,16,1291,3
2021-06-07,Monterey,053,433212,43216,43077,1838,44915,415
2021-06-07,Napa,055,140530,9951,9962,36,9998,80
2021-06-07,Nevada,057,99092,4882,4860,192,5052,72
2021-06-07,Orange,059,3164182,255752,254808,11309,266117,5073
2021-06-07,Placer,061,380077,23521,23176,1507,24683,293
2021-06-07,Plumas,063,18699,712,692,11,703,4
2021-06-07,Riverside,065,2383286,294674,289232,13917,303149,4451
2021-06-07,Sacramento,067,1510023,107057,106841,1762,108603,1655
2021-06-07,San Benito,069,59416,6068,6074,113,6187,63
2021-06-07,San Bernardino,071,2135413,293764,293129,8938,302067,4775
2021-06-07,San Diego,073,3302833,281726,280808,15102,295910,3764
2021-06-07,San Francisco,075,870044,36871,37122,1273,38395,552
2021-06-07,San Joaquin,077,732212,73533,73130,3527,76657,1388
2021-06-07,San Luis Obispo,079,281455,21456,21252,739,21991,255
2021-06-07,San Mateo,081,765935,42467,42479,470,42949,664
2021-06-07,Santa Barbara,083,443738,34509,34407,1120,35527,459
2021-06-07,Santa Clara,085,1922200,118949,119743,755,120498,2066
2021-06-07,Santa Cruz,087,273765,16267,16159,797,16956,208
2021-06-07,Shasta,089,179085,12454,12483,1601,14084,200
2021-06-07,Sierra,091,2930,57,55,12,67,0
2021-06-07,Siskiyou,093,43540,1955,1869,360,2229,21
2021-06-07,Solano,095,438530,33108,33124,555,33679,258
2021-06-07,Sonoma,097,501317,30410,30504,345,30849,323
2021-06-07,Stanislaus,099,539301,56651,56521,5909,62430,972
2021-06-07,Sutter,101,95872,9532,9571,85,9656,111
2021-06-07,Tehama,103,63373,5122,5092,574,5666,63
2021-06-07,Trinity,105,12862,486,329,92,421,3
2021-06-07,Tulare,107,460477,50328,49471,8934,58405,847
2021-06-07,Tuolumne,109,53932,4046,4098,42,4140,63
2021-06-07,Ventura,111,848112,81540,81137,2967,84104,1025
2021-06-07,Yolo,113,214977,14090,14097,243,14340,211
2021-06-07,Yuba,115,75493,6122,6099,126,6225,49
2021-06-06,Alameda,001,1643700,88513,88636,1930,90566,1267
2021-06-06,Alpine,003,1148,87,88,0,88,0
2021-06-06,Amador,005,37829,3700,3696,32,3728,46
2021-06-06,Butte,007,227075,12665,12527,1819,14346,194
2021-06-06,Calaveras,009,45235,2181,2181,13,2194,55
2021-06-06,Colusa,011,21464,1955,1959,314,2273,15
2021-06-06,Contra Costa,013,1133247,70108,69659,1278,70937,817
2021-06-06,Del Norte,015,27424,1429,1401,13,1414,8
2021-06-06,El Dorado,017,186661,10360,10294,750,11044,113
2021-06-06,Fresno,019,978130,102959,102642,8618,111260,1717
2021-06-06,Glenn,021,27897,2439,2423,559,2982,19
2021-06-06,Humboldt,023,135768,4360,4353,38,4391,42
2021-06-06,Imperial,025,180216,28676,28762,2693,31455,738
2021-06-06,Inyo,027,18085,1406,1404,12,1416,35
2021-06-06,Kern,029,883053,97568,96623,10885,107508,1324
2021-06-06,Kings,031,150075,23194,23021,1071,24092,244
2021-06-06,Lake,033,64148,3554,3535,9,3544,45
2021-06-06,Lassen,035,31185,5238,5191,114,5305,18
2021-06-06,Los Angeles,037,10098052,1208918,1203539,40926,1244465,24410
2021-06-06,Madera,039,155013,16680,16567,929,17496,240
2021-06-06,Marin,041,260295,14141,14106,256,14362,229
2021-06-06,Mariposa,043,17540,435,435,11,446,5
2021-06-06,Mendocino,045,87422,4077,3993,83,4076,47
2021-06-06,Merced,047,269075,31100,31215,1032,32247,459
2021-06-06,Modoc,049,8938,386,375,133,508,3
2021-06-06,Mono,051,14174,1263,1275,16,1291,3
2021-06-06,Monterey,053,433212,43211,43078,1838,44916,415
2021-06-06,Napa,055,140530,9945,9963,36,9999,80
2021-06-06,Nevada,057,99092,4875,4854,191,5045,72
2021-06-06,Orange,059,3164182,255716,254782,11304,266086,5073
2021-06-06,Placer,061,380077,23496,23156,1504,24660,293
2021-06-06,Plumas,063,18699,712,692,11,703,4
2021-06-06,Riverside,065,2383286,294635,289201,13911,303112,4451
2021-06-06,Sacramento,067,1510023,106971,106749,1761,108510,1655
2021-06-06,San Benito,069,59416,6062,6074,113,6187,63
2021-06-06,San Bernardino,071,2135413,293708,293117,8929,302046,4773
2021-06-06,San Diego,073,3302833,281646,280743,15085,295828,3764
2021-06-06,San Francisco,075,870044,36858,37118,1271,38389,552
2021-06-06,San Joaquin,077,732212,73501,73105,3523,76628,1388
2021-06-06,San Luis Obispo,079,281455,21453,21246,739,21985,255
2021-06-06,San Mateo,081,765935,42450,42457,470,42927,664
2021-06-06,Santa Barbara,083,443738,34505,34403,1119,35522,459
2021-06-06,Santa Clara,085,1922200,118927,119711,755,120466,2066
2021-06-06,Santa Cruz,087,273765,16266,16158,797,16955,208
2021-06-06,Shasta,089,179085,12439,12478,1598,14076,200
2021-06-06,Sierra,091,2930,57,55,12,67,0
2021-06-06,Siskiyou,093,43540,1952,1869,360,2229,21
2021-06-06,Solano,095,438530,33081,33093,555,33648,258
2021-06-06,Sonoma,097,501317,30379,30478,344,30822,323
2021-06-06,Stanislaus,099,539301,56615,56486,5906,62392,972
2021-06-06,Sutter,101,95872,9525,9567,85,9652,111
2021-06-06,Tehama,103,63373,5112,5092,572,5664,63
2021-06-06,Trinity,105,12862,486,328,92,420,3
2021-06-06,Tulare,107,460477,50320,49466,8929,58395,847
2021-06-06,Tuolumne,109,53932,4043,4097,42,4139,63
2021-06-06,Ventura,111,848112,81529,81130,2964,84094,1025
2021-06-06,Yolo,113,214977,14082,14089,242,14331,210
2021-06-06,Yuba,115,75493,6114,6096,126,6222,49
2021-06-05,Alameda,001,1643700,88480,88612,1930,90542,1268
2021-06-05,Alpine,003,1148,87,88,0,88,0
2021-06-05,Amador,005,37829,3700,3694,32,3726,46
2021-06-05,Butte,007,227075,12659,12514,1818,14332,194
2021-06-05,Calaveras,009,45235,2181,2181,13,2194,55
2021-06-05,Colusa,011,21464,1955,1959,314,2273,15
2021-06-05,Contra Costa,013,1133247,70079,69601,1278,70879,817
2021-06-05,Del Norte,015,27424,1429,1400,13,1413,8
2021-06-05,El Dorado,017,186661,10358,10288,749,11037,113
2021-06-05,Fresno,019,978130,102950,102626,8618,111244,1717
2021-06-05,Glenn,021,27897,2438,2423,559,2982,19
2021-06-05,Humboldt,023,135768,4355,4346,38,4384,42
2021-06-05,Imperial,025,180216,28673,28764,2693,31457,738
2021-06-05,Inyo,027,18085,1406,1405,12,1417,35
2021-06-05,Kern,029,883053,97555,96597,10881,107478,1324
2021-06-05,Kings,031,150075,23191,23017,1071,24088,244
2021-06-05,Lake,033,64148,3551,3534,9,3543,45
2021-06-05,Lassen,035,31185,5237,5191,114,5305,18
2021-06-05,Los Angeles,037,10098052,1208789,1203338,40915,1244253,24411
2021-06-05,Madera,039,155013,16676,16563,929,17492,240
2021-06-05,Marin,041,260295,14139,14101,256,14357,229
2021-06-05,Mariposa,043,17540,435,435,11,446,5
2021-06-05,Mendocino,045,87422,4074,3989,83,4072,47
2021-06-05,Merced,047,269075,31098,31212,1031,32243,459
2021-06-05,Modoc,049,8938,386,375,132,507,3
2021-06-05,Mono,051,14174,1263,1274,16,1290,3
2021-06-05,Monterey,053,433212,43207,43071,1837,44908,415
2021-06-05,Napa,055,140530,9940,9960,36,9996,80
2021-06-05,Nevada,057,99092,4873,4849,191,5040,72
2021-06-05,Orange,059,3164182,255692,254752,11301,266053,5069
2021-06-05,Placer,061,380077,23480,23133,1504,24637,293
2021-06-05,Plumas,063,18699,712,692,11,703,4
2021-06-05,Riverside,065,2383286,294600,289157,13907,303064,4451
2021-06-05,Sacramento,067,1510023,106919,106688,1759,108447,1655
2021-06-05,San Benito,069,59416,6060,6074,113,6187,63
2021-06-05,San Bernardino,071,2135413,293675,293081,8928,302009,4772
2021-06-05,San Diego,073,3302833,281605,280676,15072,295748,3764
2021-06-05,San Francisco,075,870044,36849,37111,1271,38382,552
2021-06-05,San Joaquin,077,732212,73485,73078,3517,76595,1388
2021-06-05,San Luis Obispo,079,281455,21450,21236,739,21975,255
2021-06-05,San Mateo,081,765935,42440,42433,470,42903,664
2021-06-05,Santa Barbara,083,443738,34502,34399,1118,35517,459
2021-06-05,Santa Clara,085,1922200,118905,119676,753,120429,2066
2021-06-05,Santa Cruz,087,273765,16266,16154,797,16951,208
2021-06-05,Shasta,089,179085,12429,12472,1597,14069,200
2021-06-05,Sierra,091,2930,57,55,12,67,0
2021-06-05,Siskiyou,093,43540,1952,1867,360,2227,21
2021-06-05,Solano,095,438530,33066,33074,555,33629,257
2021-06-05,Sonoma,097,501317,30352,30450,342,30792,323
2021-06-05,Stanislaus,099,539301,56607,56463,5904,62367,973
2021-06-05,Sutter,101,95872,9522,9559,85,9644,111
2021-06-05,Tehama,103,63373,5111,5092,571,5663,63
2021-06-05,Trinity,105,12862,486,328,92,420,3
2021-06-05,Tulare,107,460477,50314,49463,8929,58392,847
2021-06-05,Tuolumne,109,53932,4041,4098,42,4140,63
2021-06-05,Ventura,111,848112,81520,81119,2962,84081,1025
2021-06-05,Yolo,113,214977,14080,14088,242,14330,210
2021-06-05,Yuba,115,75493,6113,6087,126,6213,49
2021-06-04,Alameda,001,1643700,88453,88585,1927,90512,1263
2021-06-04,Alpine,003,1148,87,88,0,88,0
2021-06-04,Amador,005,37829,3700,3690,32,3722,46
2021-06-04,Butte,007,227075,12648,12494,1815,14309,193
2021-06-04,Calaveras,009,45235,2181,2179,13,2192,55
2021-06-04,Colusa,011,21464,1955,1959,314,2273,15
2021-06-04,Contra Costa,013,1133247,70044,69540,1275,70815,816
2021-06-04,Del Norte,015,27424,1429,1398,13,1411,8
2021-06-04,El Dorado,017,186661,10354,10284,747,11031,112
2021-06-04,Fresno,019,978130,102934,102601,8618,111219,1712
2021-06-04,Glenn,021,27897,2438,2423,558,2981,19
2021-06-04,Humboldt,023,135768,4350,4327,38,4365,42
2021-06-04,Imperial,025,180216,28669,28753,2693,31446,738
2021-06-04,Inyo,027,18085,1406,1404,12,1416,35
2021-06-04,Kern,029,883053,97537,96573,10879,107452,1327
2021-06-04,Kings,031,150075,23190,23002,1071,24073,244
2021-06-04,Lake,033,64148,3549,3528,9,3537,45
2021-06-04,Lassen,035,31185,5237,5180,114,5294,18
2021-06-04,Los Angeles,037,10098052,1208668,1203106,40906,1244012,24400
2021-06-04,Madera,039,155013,16674,16557,929,17486,240
2021-06-04,Marin,041,260295,14138,14099,255,14354,229
2021-06-04,Mariposa,043,17540,435,435,11,446,5
2021-06-04,Mendocino,045,87422,4065,3983,83,4066,47
2021-06-04,Merced,047,269075,31093,31204,1030,32234,459
2021-06-04,Modoc,049,8938,384,375,132,507,3
2021-06-04,Mono,051,14174,1263,1275,16,1291,3
2021-06-04,Monterey,053,433212,43203,43068,1837,44905,415
2021-06-04,Napa,055,140530,9936,9958,36,9994,80
2021-06-04,Nevada,057,99092,4869,4844,191,5035,72
2021-06-04,Orange,059,3164182,255655,254730,11297,266027,5059
2021-06-04,Placer,061,380077,23464,23110,1503,24613,293
2021-06-04,Plumas,063,18699,712,691,11,702,4
2021-06-04,Riverside,065,2383286,294574,289098,13903,303001,4452
2021-06-04,Sacramento,067,1510023,106865,106616,1758,108374,1654
2021-06-04,San Benito,069,59416,6058,6073,113,6186,63
2021-06-04,San Bernardino,071,2135413,293651,293056,8926,301982,4768
2021-06-04,San Diego,073,3302833,281562,280556,15065,295621,3763
2021-06-04,San Francisco,075,870044,36844,37079,1270,38349,551
2021-06-04,San Joaquin,077,732212,73466,73039,3515,76554,1388
2021-06-04,San Luis Obispo,079,281455,21447,21234,738,21972,255
2021-06-04,San Mateo,081,765935,42428,42413,470,42883,478
2021-06-04,Santa Barbara,083,443738,34496,34402,1117,35519,459
2021-06-04,Santa Clara,085,1922200,118875,119619,753,120372,2065
2021-06-04,Santa Cruz,087,273765,16263,16150,797,16947,207
2021-06-04,Shasta,089,179085,12423,12458,1592,14050,200
2021-06-04,Sierra,091,2930,57,55,12,67,0
2021-06-04,Siskiyou,093,43540,1951,1865,360,2225,21
2021-06-04,Solano,095,438530,33055,33058,555,33613,256
2021-06-04,Sonoma,097,501317,30331,30411,342,30753,323
2021-06-04,Stanislaus,099,539301,56592,56442,5902,62344,973
2021-06-04,Sutter,101,95872,9517,9554,85,9639,111
2021-06-04,Tehama,103,63373,5106,5090,571,5661,63
2021-06-04,Trinity,105,12862,486,328,92,420,3
2021-06-04,Tulare,107,460477,50305,49452,8927,58379,847
2021-06-04,Tuolumne,109,53932,4040,4095,42,4137,63
2021-06-04,Ventura,111,848112,81513,81104,2960,84064,1023
2021-06-04,Yolo,113,214977,14078,14083,242,14325,210
2021-06-04,Yuba,115,75493,6110,6084,126,6210,49
2021-06-03,Alameda,001,1643700,88415,88555,1924,90479,1257
2021-06-03,Alpine,003,1148,87,88,0,88,0
2021-06-03,Amador,005,37829,3692,3688,32,3720,46
2021-06-03,Butte,007,227075,12644,12478,1814,14292,193
2021-06-03,Calaveras,009,45235,2181,2179,13,2192,55
2021-06-03,Colusa,011,21464,1955,1957,314,2271,15
2021-06-03,Contra Costa,013,1133247,69990,69500,1270,70770,816
2021-06-03,Del Norte,015,27424,1427,1397,13,1410,8
2021-06-03,El Dorado,017,186661,10348,10284,744,11028,112
2021-06-03,Fresno,019,978130,102917,102566,8618,111184,1709
2021-06-03,Glenn,021,27897,2438,2421,558,2979,19
2021-06-03,Humboldt,023,135768,4342,4314,38,4352,42
2021-06-03,Imperial,025,180216,28658,28737,2693,31430,738
2021-06-03,Inyo,027,18085,1406,1404,12,1416,35
2021-06-03,Kern,029,883053,97510,96507,10865,107372,1326
2021-06-03,Kings,031,150075,23186,22982,1071,24053,244
2021-06-03,Lake,033,64148,3547,3526,9,3535,45
2021-06-03,Lassen,035,31185,5228,5177,114,5291,12
2021-06-03,Los Angeles,037,10098052,1208497,1202923,40898,1243821,24386
2021-06-03,Madera,039,155013,16667,16554,929,17483,240
2021-06-03,Marin,041,260295,14133,14095,255,14350,230
2021-06-03,Mariposa,043,17540,435,435,11,446,5
2021-06-03,Mendocino,045,87422,4058,3978,83,4061,47
2021-06-03,Merced,047,269075,31090,31199,1030,32229,459
2021-06-03,Modoc,049,8938,383,376,131,507,3
2021-06-03,Mono,051,14174,1263,1275,16,1291,3
2021-06-03,Monterey,053,433212,43200,43063,1837,44900,415
2021-06-03,Napa,055,140530,9929,9957,36,9993,81
2021-06-03,Nevada,057,99092,4865,4837,191,5028,72
2021-06-03,Orange,059,3164182,255627,254676,11287,265963,5056
2021-06-03,Placer,061,380077,23455,23100,1502,24602,293
2021-06-03,Plumas,063,18699,712,691,11,702,4
2021-06-03,Riverside,065,2383286,294519,289035,13899,302934,4447
2021-06-03,Sacramento,067,1510023,106786,106526,1756,108282,1654
2021-06-03,San Benito,069,59416,6058,6073,113,6186,63
2021-06-03,San Bernardino,071,2135413,293620,293021,8926,301947,4762
2021-06-03,San Diego,073,3302833,281498,280430,15055,295485,3761
2021-06-03,San Francisco,075,870044,36838,37072,1270,38342,551
2021-06-03,San Joaquin,077,732212,73438,72989,3511,76500,1388
2021-06-03,San Luis Obispo,079,281455,21442,21224,738,21962,255
2021-06-03,San Mateo,081,765935,42415,42396,470,42866,467
2021-06-03,Santa Barbara,083,443738,34493,34391,1117,35508,459
2021-06-03,Santa Clara,085,1922200,118853,119592,751,120343,2058
2021-06-03,Santa Cruz,087,273765,16261,16144,797,16941,207
2021-06-03,Shasta,089,179085,12408,12441,1589,14030,199
2021-06-03,Sierra,091,2930,57,55,12,67,0
2021-06-03,Siskiyou,093,43540,1951,1862,359,2221,21
2021-06-03,Solano,095,438530,33041,33019,555,33574,256
2021-06-03,Sonoma,097,501317,30309,30383,341,30724,322
2021-06-03,Stanislaus,099,539301,56573,56401,5896,62297,973
2021-06-03,Sutter,101,95872,9508,9539,85,9624,111
2021-06-03,Tehama,103,63373,5106,5087,571,5658,63
2021-06-03,Trinity,105,12862,486,328,92,420,3
2021-06-03,Tulare,107,460477,50302,49442,8923,58365,848
2021-06-03,Tuolumne,109,53932,4038,4095,42,4137,63
2021-06-03,Ventura,111,848112,81501,81078,2958,84036,1023
2021-06-03,Yolo,113,214977,14074,14078,240,14318,210
2021-06-03,Yuba,115,75493,6103,6077,126,6203,49
2021-06-02,Alameda,001,1643700,88370,88525,1922,90447,1254
2021-06-02,Alpine,003,1148,87,88,0,88,0
2021-06-02,Amador,005,37829,3690,3687,32,3719,46
2021-06-02,Butte,007,227075,12624,12432,1811,14243,193
2021-06-02,Calaveras,009,45235,2178,2174,13,2187,55
2021-06-02,Colusa,011,21464,1954,1957,314,2271,15
2021-06-02,Contra Costa,013,1133247,69939,69455,1268,70723,814
2021-06-02,Del Norte,015,27424,1425,1395,13,1408,8
2021-06-02,El Dorado,017,186661,10344,10275,744,11019,110
2021-06-02,Fresno,019,978130,102893,102547,8615,111162,1707
2021-06-02,Glenn,021,27897,2438,2421,558,2979,19
2021-06-02,Humboldt,023,135768,4327,4302,38,4340,42
2021-06-02,Imperial,025,180216,28652,28737,2692,31429,738
2021-06-02,Inyo,027,18085,1405,1403,12,1415,35
2021-06-02,Kern,029,883053,97483,96481,10858,107339,1326
2021-06-02,Kings,031,150075,23184,22981,1070,24051,244
2021-06-02,Lake,033,64148,3542,3522,9,3531,45
2021-06-02,Lassen,035,31185,5227,5177,114,5291,6
2021-06-02,Los Angeles,037,10098052,1208293,1202760,40889,1243649,24375
2021-06-02,Madera,039,155013,16659,16550,929,17479,240
2021-06-02,Marin,041,260295,14131,14091,254,14345,229
2021-06-02,Mariposa,043,17540,435,434,11,445,5
2021-06-02,Mendocino,045,87422,4052,3970,83,4053,47
2021-06-02,Merced,047,269075,31077,31195,1029,32224,458
2021-06-02,Modoc,049,8938,382,375,130,505,3
2021-06-02,Mono,051,14174,1263,1275,16,1291,3
2021-06-02,Monterey,053,433212,43198,43056,1837,44893,380
2021-06-02,Napa,055,140530,9928,9953,36,9989,82
2021-06-02,Nevada,057,99092,4862,4833,191,5024,72
2021-06-02,Orange,059,3164182,255578,254637,11280,265917,5055
2021-06-02,Placer,061,380077,23434,23058,1500,24558,293
2021-06-02,Plumas,063,18699,712,690,11,701,4
2021-06-02,Riverside,065,2383286,294461,289012,13889,302901,4445
2021-06-02,Sacramento,067,1510023,106721,106435,1750,108185,1649
2021-06-02,San Benito,069,59416,6057,6073,113,6186,63
2021-06-02,San Bernardino,071,2135413,293572,293004,8921,301925,4760
2021-06-02,San Diego,073,3302833,281418,280347,15034,295381,3760
2021-06-02,San Francisco,075,870044,36818,37050,1269,38319,550
2021-06-02,San Joaquin,077,732212,73407,72893,3508,76401,1387
2021-06-02,San Luis Obispo,079,281455,21435,21214,737,21951,255
2021-06-02,San Mateo,081,765935,42405,42383,469,42852,464
2021-06-02,Santa Barbara,083,443738,34486,34381,1117,35498,456
2021-06-02,Santa Clara,085,1922200,118825,119553,750,120303,2058
2021-06-02,Santa Cruz,087,273765,16258,16144,797,16941,207
2021-06-02,Shasta,089,179085,12390,12426,1584,14010,199
2021-06-02,Sierra,091,2930,57,55,12,67,0
2021-06-02,Siskiyou,093,43540,1951,1861,357,2218,21
2021-06-02,Solano,095,438530,33029,33007,554,33561,256
2021-06-02,Sonoma,097,501317,30290,30359,336,30695,322
2021-06-02,Stanislaus,099,539301,56554,56377,5891,62268,973
2021-06-02,Sutter,101,95872,9505,9533,85,9618,111
2021-06-02,Tehama,103,63373,5103,5081,571,5652,63
2021-06-02,Trinity,105,12862,484,328,92,420,3
2021-06-02,Tulare,107,460477,50294,49434,8919,58353,846
2021-06-02,Tuolumne,109,53932,4037,4095,42,4137,63
2021-06-02,Ventura,111,848112,81476,81033,2958,83991,1020
2021-06-02,Yolo,113,214977,14071,14074,239,14313,210
2021-06-02,Yuba,115,75493,6097,6072,126,6198,48
2021-06-01,Alameda,001,1643700,88335,88472,1920,90392,1253
2021-06-01,Alpine,003,1148,87,88,0,88,0
2021-06-01,Amador,005,37829,3688,3687,32,3719,46
2021-06-01,Butte,007,227075,12610,12427,1810,14237,193
2021-06-01,Calaveras,009,45235,2176,2173,13,2186,55
2021-06-01,Colusa,011,21464,1953,1955,313,2268,15
2021-06-01,Contra Costa,013,1133247,69881,69404,1268,70672,813
2021-06-01,Del Norte,015,27424,1424,1394,13,1407,8
2021-06-01,El Dorado,017,186661,10338,10271,744,11015,110
2021-06-01,Fresno,019,978130,102869,102534,8612,111146,1706
2021-06-01,Glenn,021,27897,2438,2422,558,2980,18
2021-06-01,Humboldt,023,135768,4317,4299,38,4337,42
2021-06-01,Imperial,025,180216,28648,28722,2690,31412,736
2021-06-01,Inyo,027,18085,1405,1403,12,1415,35
2021-06-01,Kern,029,883053,97456,96477,10850,107327,1319
2021-06-01,Kings,031,150075,23180,22977,1070,24047,244
2021-06-01,Lake,033,64148,3541,3523,9,3532,45
2021-06-01,Lassen,035,31185,5220,5172,114,5286,6
2021-06-01,Los Angeles,037,10098052,1208056,1202673,40875,1243548,24367
2021-06-01,Madera,039,155013,16650,16549,928,17477,240
2021-06-01,Marin,041,260295,14129,14081,254,14335,229
2021-06-01,Mariposa,043,17540,435,431,11,442,5
2021-06-01,Mendocino,045,87422,4045,3966,83,4049,47
2021-06-01,Merced,047,269075,31067,31195,1029,32224,456
2021-06-01,Modoc,049,8938,380,375,130,505,3
2021-06-01,Mono,051,14174,1263,1275,16,1291,3
2021-06-01,Monterey,053,433212,43192,43051,1837,44888,379
2021-06-01,Napa,055,140530,9926,9949,36,9985,82
2021-06-01,Nevada,057,99092,4857,4825,191,5016,72
2021-06-01,Orange,059,3164182,255542,254603,11272,265875,5051
2021-06-01,Placer,061,380077,23404,23021,1498,24519,293
2021-06-01,Plumas,063,18699,711,690,11,701,4
2021-06-01,Riverside,065,2383286,294408,288996,13883,302879,4442
2021-06-01,Sacramento,067,1510023,106649,106330,1748,108078,1644
2021-06-01,San Benito,069,59416,6056,6073,112,6185,63
2021-06-01,San Bernardino,071,2135413,293547,292990,8920,301910,4758
2021-06-01,San Diego,073,3302833,281314,280305,15017,295322,3756
2021-06-01,San Francisco,075,870044,36802,37031,1269,38300,550
2021-06-01,San Joaquin,077,732212,73375,72858,3507,76365,1383
2021-06-01,San Luis Obispo,079,281455,21430,21217,737,21954,256
2021-06-01,San Mateo,081,765935,42389,42383,468,42851,462
2021-06-01,Santa Barbara,083,443738,34482,34374,1117,35491,456
2021-06-01,Santa Clara,085,1922200,118797,119528,750,120278,2057
2021-06-01,Santa Cruz,087,273765,16254,16143,796,16939,207
2021-06-01,Shasta,089,179085,12381,12409,1579,13988,199
2021-06-01,Sierra,091,2930,57,55,12,67,0
2021-06-01,Siskiyou,093,43540,1944,1860,356,2216,21
2021-06-01,Solano,095,438530,33004,32974,553,33527,256
2021-06-01,Sonoma,097,501317,30251,30324,335,30659,322
2021-06-01,Stanislaus,099,539301,56537,56348,5889,62237,973
2021-06-01,Sutter,101,95872,9498,9528,85,9613,111
2021-06-01,Tehama,103,63373,5101,5079,571,5650,63
2021-06-01,Trinity,105,12862,483,328,91,419,3
2021-06-01,Tulare,107,460477,50286,49419,8915,58334,845
2021-06-01,Tuolumne,109,53932,4037,4094,42,4136,63
2021-06-01,Ventura,111,848112,81460,81018,2957,83975,1021
2021-06-01,Yolo,113,214977,14065,14067,239,14306,210
2021-06-01,Yuba,115,75493,6093,6067,126,6193,48
2021-05-31,Alameda,001,1643700,88299,88458,1916,90374,1253
2021-05-31,Alpine,003,1148,87,88,0,88,0
2021-05-31,Amador,005,37829,3682,3687,32,3719,46
2021-05-31,Butte,007,227075,12597,12429,1810,14239,193
2021-05-31,Calaveras,009,45235,2175,2171,13,2184,55
2021-05-31,Colusa,011,21464,1953,1956,312,2268,15
2021-05-31,Contra Costa,013,1133247,69844,69390,1267,70657,813
2021-05-31,Del Norte,015,27424,1421,1394,13,1407,8
2021-05-31,El Dorado,017,186661,10332,10271,742,11013,110
2021-05-31,Fresno,019,978130,102832,102507,8612,111119,1706
2021-05-31,Glenn,021,27897,2437,2422,557,2979,18
2021-05-31,Humboldt,023,135768,4305,4295,38,4333,42
2021-05-31,Imperial,025,180216,28642,28732,2687,31419,736
2021-05-31,Inyo,027,18085,1404,1403,12,1415,35
2021-05-31,Kern,029,883053,97420,96457,10841,107298,1319
2021-05-31,Kings,031,150075,23176,22977,1070,24047,244
2021-05-31,Lake,033,64148,3536,3523,9,3532,45
2021-05-31,Lassen,035,31185,5218,5172,113,5285,6
2021-05-31,Los Angeles,037,10098052,1207812,1202567,40866,1243433,24364
2021-05-31,Madera,039,155013,16649,16543,927,17470,240
2021-05-31,Marin,041,260295,14127,14080,254,14334,229
2021-05-31,Mariposa,043,17540,435,430,11,441,5
2021-05-31,Mendocino,045,87422,4035,3961,83,4044,47
2021-05-31,Merced,047,269075,31062,31194,1029,32223,456
2021-05-31,Modoc,049,8938,379,374,130,504,3
2021-05-31,Mono,051,14174,1263,1275,16,1291,3
2021-05-31,Monterey,053,433212,43188,43051,1837,44888,379
2021-05-31,Napa,055,140530,9919,9948,36,9984,82
2021-05-31,Nevada,057,99092,4847,4823,190,5013,72
2021-05-31,Orange,059,3164182,255514,254572,11264,265836,5051
2021-05-31,Placer,061,380077,23377,23019,1494,24513,293
2021-05-31,Plumas,063,18699,710,690,11,701,4
2021-05-31,Riverside,065,2383286,294351,288970,13871,302841,4442
2021-05-31,Sacramento,067,1510023,106552,106278,1743,108021,1644
2021-05-31,San Benito,069,59416,6056,6072,112,6184,63
2021-05-31,San Bernardino,071,2135413,293499,292973,8919,301892,4758
2021-05-31,San Diego,073,3302833,281210,280254,15005,295259,3756
2021-05-31,San Francisco,075,870044,36787,37022,1268,38290,550
2021-05-31,San Joaquin,077,732212,73326,72856,3501,76357,1383
2021-05-31,San Luis Obispo,079,281455,21422,21215,737,21952,256
2021-05-31,San Mateo,081,765935,42373,42389,468,42857,442
2021-05-31,Santa Barbara,083,443738,34469,34369,1115,35484,456
2021-05-31,Santa Clara,085,1922200,118753,119515,750,120265,2057
2021-05-31,Santa Cruz,087,273765,16251,16139,796,16935,207
2021-05-31,Shasta,089,179085,12365,12408,1576,13984,199
2021-05-31,Sierra,091,2930,57,55,12,67,0
2021-05-31,Siskiyou,093,43540,1943,1856,355,2211,21
2021-05-31,Solano,095,438530,32954,32973,553,33526,256
2021-05-31,Sonoma,097,501317,30208,30314,335,30649,322
2021-05-31,Stanislaus,099,539301,56496,56335,5886,62221,973
2021-05-31,Sutter,101,95872,9479,9523,85,9608,111
2021-05-31,Tehama,103,63373,5098,5076,570,5646,63
2021-05-31,Trinity,105,12862,483,328,91,419,3
2021-05-31,Tulare,107,460477,50275,49404,8910,58314,845
2021-05-31,Tuolumne,109,53932,4035,4095,42,4137,63
2021-05-31,Ventura,111,848112,81445,81017,2954,83971,1021
2021-05-31,Yolo,113,214977,14061,14064,239,14303,210
2021-05-31,Yuba,115,75493,6087,6063,123,6186,48
2021-05-30,Alameda,001,1643700,88276,88429,1916,90345,1253
2021-05-30,Alpine,003,1148,87,88,0,88,0
2021-05-30,Amador,005,37829,3678,3685,32,3717,46
2021-05-30,Butte,007,227075,12587,12427,1808,14235,190
2021-05-30,Calaveras,009,45235,2171,2166,13,2179,55
2021-05-30,Colusa,011,21464,1953,1954,312,2266,15
2021-05-30,Contra Costa,013,1133247,69810,69381,1265,70646,813
2021-05-30,Del Norte,015,27424,1420,1393,13,1406,8
2021-05-30,El Dorado,017,186661,10329,10271,742,11013,110
2021-05-30,Fresno,019,978130,102815,102499,8608,111107,1706
2021-05-30,Glenn,021,27897,2437,2422,556,2978,18
2021-05-30,Humboldt,023,135768,4297,4291,38,4329,42
2021-05-30,Imperial,025,180216,28638,28732,2686,31418,736
2021-05-30,Inyo,027,18085,1404,1403,12,1415,35
2021-05-30,Kern,029,883053,97404,96443,10838,107281,1319
2021-05-30,Kings,031,150075,23175,22974,1070,24044,244
2021-05-30,Lake,033,64148,3536,3517,9,3526,45
2021-05-30,Lassen,035,31185,5216,5171,113,5284,6
2021-05-30,Los Angeles,037,10098052,1207697,1202425,40859,1243284,24360
2021-05-30,Madera,039,155013,16645,16538,927,17465,240
2021-05-30,Marin,041,260295,14123,14083,253,14336,229
2021-05-30,Mariposa,043,17540,435,430,11,441,5
2021-05-30,Mendocino,045,87422,4028,3955,83,4038,47
2021-05-30,Merced,047,269075,31058,31189,1028,32217,456
2021-05-30,Modoc,049,8938,379,374,130,504,3
2021-05-30,Mono,051,14174,1263,1275,16,1291,3
2021-05-30,Monterey,053,433212,43185,43049,1837,44886,379
2021-05-30,Napa,055,140530,9918,9948,36,9984,82
2021-05-30,Nevada,057,99092,4841,4818,190,5008,72
2021-05-30,Orange,059,3164182,255491,254559,11263,265822,5051
2021-05-30,Placer,061,380077,23371,23016,1494,24510,293
2021-05-30,Plumas,063,18699,708,690,11,701,4
2021-05-30,Riverside,065,2383286,294330,288961,13869,302830,4442
2021-05-30,Sacramento,067,1510023,106506,106252,1741,107993,1644
2021-05-30,San Benito,069,59416,6056,6072,112,6184,63
2021-05-30,San Bernardino,071,2135413,293473,292981,8918,301899,4758
2021-05-30,San Diego,073,3302833,281154,280209,15000,295209,3756
2021-05-30,San Francisco,075,870044,36768,37016,1268,38284,550
2021-05-30,San Joaquin,077,732212,73309,72853,3500,76353,1383
2021-05-30,San Luis Obispo,079,281455,21413,21211,736,21947,256
2021-05-30,San Mateo,081,765935,42365,42386,468,42854,439
2021-05-30,Santa Barbara,083,443738,34465,34369,1115,35484,456
2021-05-30,Santa Clara,085,1922200,118731,119510,746,120256,2057
2021-05-30,Santa Cruz,087,273765,16249,16140,796,16936,207
2021-05-30,Shasta,089,179085,12363,12408,1573,13981,199
2021-05-30,Sierra,091,2930,57,55,12,67,0
2021-05-30,Siskiyou,093,43540,1943,1856,355,2211,21
2021-05-30,Solano,095,438530,32943,32952,552,33504,256
2021-05-30,Sonoma,097,501317,30191,30310,334,30644,322
2021-05-30,Stanislaus,099,539301,56485,56323,5885,62208,973
2021-05-30,Sutter,101,95872,9478,9519,84,9603,111
2021-05-30,Tehama,103,63373,5098,5073,570,5643,63
2021-05-30,Trinity,105,12862,483,328,91,419,3
2021-05-30,Tulare,107,460477,50268,49397,8902,58299,845
2021-05-30,Tuolumne,109,53932,4035,4094,42,4136,63
2021-05-30,Ventura,111,848112,81441,81012,2953,83965,1021
2021-05-30,Yolo,113,214977,14056,14059,238,14297,210
2021-05-30,Yuba,115,75493,6080,6063,122,6185,48
2021-05-29,Alameda,001,1643700,88253,88433,1914,90347,1253
2021-05-29,Alpine,003,1148,87,88,0,88,0
2021-05-29,Amador,005,37829,3677,3683,32,3715,46
2021-05-29,Butte,007,227075,12581,12425,1808,14233,190
2021-05-29,Calaveras,009,45235,2170,2166,13,2179,55
2021-05-29,Colusa,011,21464,1950,1954,312,2266,15
2021-05-29,Contra Costa,013,1133247,69777,69351,1265,70616,813
2021-05-29,Del Norte,015,27424,1420,1391,13,1404,8
2021-05-29,El Dorado,017,186661,10328,10269,740,11009,110
2021-05-29,Fresno,019,978130,102803,102470,8605,111075,1706
2021-05-29,Glenn,021,27897,2437,2422,555,2977,18
2021-05-29,Humboldt,023,135768,4291,4283,38,4321,42
2021-05-29,Imperial,025,180216,28635,28729,2685,31414,736
2021-05-29,Inyo,027,18085,1404,1404,12,1416,35
2021-05-29,Kern,029,883053,97393,96424,10825,107249,1319
2021-05-29,Kings,031,150075,23174,22970,1069,24039,244
2021-05-29,Lake,033,64148,3536,3515,9,3524,45
2021-05-29,Lassen,035,31185,5216,5171,113,5284,6
2021-05-29,Los Angeles,037,10098052,1207574,1202264,40856,1243120,24359
2021-05-29,Madera,039,155013,16643,16535,927,17462,240
2021-05-29,Marin,041,260295,14119,14071,252,14323,229
2021-05-29,Mariposa,043,17540,434,428,11,439,5
2021-05-29,Mendocino,045,87422,4022,3952,83,4035,47
2021-05-29,Merced,047,269075,31046,31187,1028,32215,456
2021-05-29,Modoc,049,8938,379,374,130,504,3
2021-05-29,Mono,051,14174,1263,1275,16,1291,3
2021-05-29,Monterey,053,433212,43183,43042,1837,44879,379
2021-05-29,Napa,055,140530,9915,9948,36,9984,82
2021-05-29,Nevada,057,99092,4840,4816,190,5006,72
2021-05-29,Orange,059,3164182,255469,254537,11253,265790,5049
2021-05-29,Placer,061,380077,23356,23009,1493,24502,293
2021-05-29,Plumas,063,18699,708,689,11,700,4
2021-05-29,Riverside,065,2383286,294310,288908,13868,302776,4442
2021-05-29,Sacramento,067,1510023,106476,106218,1740,107958,1643
2021-05-29,San Benito,069,59416,6055,6072,112,6184,63
2021-05-29,San Bernardino,071,2135413,293441,292961,8917,301878,4757
2021-05-29,San Diego,073,3302833,281095,280151,14995,295146,3756
2021-05-29,San Francisco,075,870044,36759,37008,1268,38276,550
2021-05-29,San Joaquin,077,732212,73293,72827,3498,76325,1383
2021-05-29,San Luis Obispo,079,281455,21411,21201,736,21937,256
2021-05-29,San Mateo,081,765935,42357,42375,467,42842,439
2021-05-29,Santa Barbara,083,443738,34461,34367,1115,35482,456
2021-05-29,Santa Clara,085,1922200,118707,119498,745,120243,2056
2021-05-29,Santa Cruz,087,273765,16248,16137,796,16933,207
2021-05-29,Shasta,089,179085,12355,12401,1572,13973,199
2021-05-29,Sierra,091,2930,57,55,12,67,0
2021-05-29,Siskiyou,093,43540,1938,1856,355,2211,21
2021-05-29,Solano,095,438530,32934,32917,552,33469,256
2021-05-29,Sonoma,097,501317,30168,30298,333,30631,322
2021-05-29,Stanislaus,099,539301,56467,56305,5883,62188,974
2021-05-29,Sutter,101,95872,9474,9516,84,9600,111
2021-05-29,Tehama,103,63373,5097,5070,570,5640,63
2021-05-29,Trinity,105,12862,483,328,91,419,3
2021-05-29,Tulare,107,460477,50258,49392,8898,58290,845
2021-05-29,Tuolumne,109,53932,4035,4093,42,4135,63
2021-05-29,Ventura,111,848112,81433,81008,2953,83961,1021
2021-05-29,Yolo,113,214977,14055,14055,238,14293,210
2021-05-29,Yuba,115,75493,6080,6059,122,6181,48
2021-05-28,Alameda,001,1643700,88229,88391,1910,90301,1261
2021-05-28,Alpine,003,1148,87,88,0,88,0
2021-05-28,Amador,005,37829,3677,3680,32,3712,46
2021-05-28,Butte,007,227075,12578,12407,1807,14214,190
2021-05-28,Calaveras,009,45235,2169,2165,13,2178,55
2021-05-28,Colusa,011,21464,1950,1954,310,2264,15
2021-05-28,Contra Costa,013,1133247,69741,69290,1264,70554,813
2021-05-28,Del Norte,015,27424,1419,1390,13,1403,8
2021-05-28,El Dorado,017,186661,10325,10265,740,11005,110
2021-05-28,Fresno,019,978130,102788,102437,8605,111042,1705
2021-05-28,Glenn,021,27897,2437,2419,555,2974,18
2021-05-28,Humboldt,023,135768,4284,4265,38,4303,42
2021-05-28,Imperial,025,180216,28632,28722,2685,31407,736
2021-05-28,Inyo,027,18085,1404,1404,12,1416,35
2021-05-28,Kern,029,883053,97376,96396,10817,107213,1320
2021-05-28,Kings,031,150075,23172,22962,1069,24031,244
2021-05-28,Lake,033,64148,3534,3515,9,3524,45
2021-05-28,Lassen,035,31185,5216,5169,113,5282,6
2021-05-28,Los Angeles,037,10098052,1207463,1202103,40846,1242949,24357
2021-05-28,Madera,039,155013,16641,16530,927,17457,240
2021-05-28,Marin,041,260295,14118,14063,251,14314,229
2021-05-28,Mariposa,043,17540,434,428,11,439,5
2021-05-28,Mendocino,045,87422,4017,3947,83,4030,47
2021-05-28,Merced,047,269075,31043,31176,1028,32204,455
2021-05-28,Modoc,049,8938,379,374,130,504,3
2021-05-28,Mono,051,14174,1263,1274,16,1290,3
2021-05-28,Monterey,053,433212,43182,43036,1837,44873,379
2021-05-28,Napa,055,140530,9915,9941,36,9977,82
2021-05-28,Nevada,057,99092,4838,4813,190,5003,71
2021-05-28,Orange,059,3164182,255449,254494,11251,265745,5047
2021-05-28,Placer,061,380077,23346,22987,1491,24478,293
2021-05-28,Plumas,063,18699,706,688,11,699,4
2021-05-28,Riverside,065,2383286,294288,288872,13866,302738,4442
2021-05-28,Sacramento,067,1510023,106420,106131,1738,107869,1642
2021-05-28,San Benito,069,59416,6055,6074,112,6186,63
2021-05-28,San Bernardino,071,2135413,293418,292905,8917,301822,4757
2021-05-28,San Diego,073,3302833,281032,280043,14984,295027,3756
2021-05-28,San Francisco,075,870044,36753,36987,1268,38255,546
2021-05-28,San Joaquin,077,732212,73263,72793,3496,76289,1383
2021-05-28,San Luis Obispo,079,281455,21406,21190,734,21924,256
2021-05-28,San Mateo,081,765935,42351,42364,467,42831,439
2021-05-28,Santa Barbara,083,443738,34460,34371,1115,35486,455
2021-05-28,Santa Clara,085,1922200,118683,119462,745,120207,2056
2021-05-28,Santa Cruz,087,273765,16247,16129,796,16925,207
2021-05-28,Shasta,089,179085,12346,12383,1570,13953,198
2021-05-28,Sierra,091,2930,57,54,12,66,0
2021-05-28,Siskiyou,093,43540,1936,1850,355,2205,19
2021-05-28,Solano,095,438530,32919,32892,552,33444,256
2021-05-28,Sonoma,097,501317,30149,30270,333,30603,321
2021-05-28,Stanislaus,099,539301,56448,56278,5880,62158,974
2021-05-28,Sutter,101,95872,9470,9511,84,9595,111
2021-05-28,Tehama,103,63373,5091,5064,570,5634,63
2021-05-28,Trinity,105,12862,483,328,91,419,3
2021-05-28,Tulare,107,460477,50253,49375,8889,58264,846
2021-05-28,Tuolumne,109,53932,4035,4090,42,4132,63
2021-05-28,Ventura,111,848112,81422,80985,2952,83937,1021
2021-05-28,Yolo,113,214977,14052,14050,237,14287,210
2021-05-28,Yuba,115,75493,6078,6050,121,6171,48
2021-05-27,Alameda,001,1643700,88194,88342,1910,90252,1274
2021-05-27,Alpine,003,1148,87,88,0,88,0
2021-05-27,Amador,005,37829,3674,3680,32,3712,46
2021-05-27,Butte,007,227075,12573,12401,1806,14207,190
2021-05-27,Calaveras,009,45235,2168,2163,13,2176,55
2021-05-27,Colusa,011,21464,1947,1952,310,2262,15
2021-05-27,Contra Costa,013,1133247,69699,69245,1262,70507,813
2021-05-27,Del Norte,015,27424,1419,1388,13,1401,8
2021-05-27,El Dorado,017,186661,10324,10248,740,10988,112
2021-05-27,Fresno,019,978130,102772,102413,8602,111015,1704
2021-05-27,Glenn,021,27897,2437,2415,555,2970,18
2021-05-27,Humboldt,023,135768,4276,4260,38,4298,42
2021-05-27,Imperial,025,180216,28621,28728,2685,31413,736
2021-05-27,Inyo,027,18085,1404,1404,12,1416,35
2021-05-27,Kern,029,883053,97360,96364,10809,107173,1322
2021-05-27,Kings,031,150075,23169,22953,1069,24022,245
2021-05-27,Lake,033,64148,3529,3509,9,3518,45
2021-05-27,Lassen,035,31185,5215,5170,112,5282,6
2021-05-27,Los Angeles,037,10098052,1207293,1201927,40833,1242760,24348
2021-05-27,Madera,039,155013,16632,16527,927,17454,240
2021-05-27,Marin,041,260295,14114,14061,251,14312,229
2021-05-27,Mariposa,043,17540,432,427,11,438,5
2021-05-27,Mendocino,045,87422,4011,3945,83,4028,47
2021-05-27,Merced,047,269075,31031,31161,1028,32189,455
2021-05-27,Modoc,049,8938,378,374,130,504,3
2021-05-27,Mono,051,14174,1263,1276,16,1292,3
2021-05-27,Monterey,053,433212,43176,43032,1837,44869,379
2021-05-27,Napa,055,140530,9914,9934,36,9970,82
2021-05-27,Nevada,057,99092,4834,4807,188,4995,71
2021-05-27,Orange,059,3164182,255412,254438,11247,265685,5059
2021-05-27,Placer,061,380077,23337,22966,1491,24457,293
2021-05-27,Plumas,063,18699,706,687,11,698,4
2021-05-27,Riverside,065,2383286,294252,288835,13861,302696,4443
2021-05-27,Sacramento,067,1510023,106345,106015,1736,107751,1642
2021-05-27,San Benito,069,59416,6054,6074,112,6186,63
2021-05-27,San Bernardino,071,2135413,293382,292755,8915,301670,4756
2021-05-27,San Diego,073,3302833,280958,279960,14970,294930,3756
2021-05-27,San Francisco,075,870044,36747,36980,1265,38245,546
2021-05-27,San Joaquin,077,732212,73231,72714,3493,76207,1388
2021-05-27,San Luis Obispo,079,281455,21401,21171,734,21905,256
2021-05-27,San Mateo,081,765935,42342,42345,467,42812,436
2021-05-27,Santa Barbara,083,443738,34455,34355,1115,35470,456
2021-05-27,Santa Clara,085,1922200,118662,119452,745,120197,2053
2021-05-27,Santa Cruz,087,273765,16245,16134,796,16930,207
2021-05-27,Shasta,089,179085,12336,12380,1570,13950,202
2021-05-27,Sierra,091,2930,57,54,12,66,0
2021-05-27,Siskiyou,093,43540,1933,1846,355,2201,18
2021-05-27,Solano,095,438530,32878,32855,551,33406,257
2021-05-27,Sonoma,097,501317,30122,30253,329,30582,321
2021-05-27,Stanislaus,099,539301,56423,56207,5879,62086,974
2021-05-27,Sutter,101,95872,9466,9501,84,9585,111
2021-05-27,Tehama,103,63373,5088,5064,569,5633,63
2021-05-27,Trinity,105,12862,483,328,91,419,3
2021-05-27,Tulare,107,460477,50239,49366,8880,58246,840
2021-05-27,Tuolumne,109,53932,4034,4090,42,4132,66
2021-05-27,Ventura,111,848112,81409,80965,2949,83914,1023
2021-05-27,Yolo,113,214977,14049,14036,237,14273,213
2021-05-27,Yuba,115,75493,6073,6040,120,6160,48
2021-05-26,Alameda,001,1643700,88165,88297,1910,90207,1266
2021-05-26,Alpine,003,1148,87,88,0,88,0
2021-05-26,Amador,005,37829,3674,3679,32,3711,46
2021-05-26,Butte,007,227075,12564,12332,1805,14137,190
2021-05-26,Calaveras,009,45235,2167,2154,13,2167,55
2021-05-26,Colusa,011,21464,1946,1952,310,2262,15
2021-05-26,Contra Costa,013,1133247,69662,69210,1262,70472,812
2021-05-26,Del Norte,015,27424,1419,1386,12,1398,8
2021-05-26,El Dorado,017,186661,10320,10242,739,10981,112
2021-05-26,Fresno,019,978130,102739,102374,8597,110971,1702
2021-05-26,Glenn,021,27897,2436,2415,555,2970,18
2021-05-26,Humboldt,023,135768,4271,4246,38,4284,42
2021-05-26,Imperial,025,180216,28616,28712,2683,31395,734
2021-05-26,Inyo,027,18085,1404,1403,12,1415,36
2021-05-26,Kern,029,883053,97335,96343,10802,107145,1320
2021-05-26,Kings,031,150075,23165,22950,1068,24018,245
2021-05-26,Lake,033,64148,3528,3508,9,3517,45
2021-05-26,Lassen,035,31185,5214,5164,112,5276,6
2021-05-26,Los Angeles,037,10098052,1207125,1198100,40817,1238917,24221
2021-05-26,Madera,039,155013,16629,16520,927,17447,240
2021-05-26,Marin,041,260295,14111,14061,250,14311,227
2021-05-26,Mariposa,043,17540,432,427,11,438,5
2021-05-26,Mendocino,045,87422,4005,3938,83,4021,47
2021-05-26,Merced,047,269075,31022,31139,1028,32167,455
2021-05-26,Modoc,049,8938,378,371,129,500,3
2021-05-26,Mono,051,14174,1263,1274,16,1290,3
2021-05-26,Monterey,053,433212,43170,43018,1836,44854,379
2021-05-26,Napa,055,140530,9907,9932,34,9966,82
2021-05-26,Nevada,057,99092,4829,4803,188,4991,70
2021-05-26,Orange,059,3164182,255376,254368,11244,265612,5058
2021-05-26,Placer,061,380077,23313,22940,1491,24431,293
2021-05-26,Plumas,063,18699,705,685,11,696,4
2021-05-26,Riverside,065,2383286,294206,288782,13854,302636,4443
2021-05-26,Sacramento,067,1510023,106259,105919,1732,107651,1637
2021-05-26,San Benito,069,59416,6054,6074,112,6186,63
2021-05-26,San Bernardino,071,2135413,293346,292662,8914,301576,4755
2021-05-26,San Diego,073,3302833,280883,279859,14960,294819,3755
2021-05-26,San Francisco,075,870044,36735,36954,1265,38219,546
2021-05-26,San Joaquin,077,732212,73189,72681,3490,76171,1388
2021-05-26,San Luis Obispo,079,281455,21395,21163,734,21897,256
2021-05-26,San Mateo,081,765935,42334,42331,467,42798,436
2021-05-26,Santa Barbara,083,443738,34446,34348,1115,35463,459
2021-05-26,Santa Clara,085,1922200,118635,119421,744,120165,2031
2021-05-26,Santa Cruz,087,273765,16244,16139,796,16935,207
2021-05-26,Shasta,089,179085,12321,12357,1567,13924,202
2021-05-26,Sierra,091,2930,57,54,12,66,0
2021-05-26,Siskiyou,093,43540,1931,1847,353,2200,18
2021-05-26,Solano,095,438530,32842,32831,551,33382,257
2021-05-26,Sonoma,097,501317,30095,30230,329,30559,321
2021-05-26,Stanislaus,099,539301,56401,56193,5877,62070,974
2021-05-26,Sutter,101,95872,9461,9495,84,9579,112
2021-05-26,Tehama,103,63373,5087,5054,566,5620,63
2021-05-26,Trinity,105,12862,483,328,91,419,3
2021-05-26,Tulare,107,460477,50232,49352,8876,58228,839
2021-05-26,Tuolumne,109,53932,4030,4088,41,4129,66
2021-05-26,Ventura,111,848112,81386,80944,2947,83891,1023
2021-05-26,Yolo,113,214977,14046,14025,237,14262,213
2021-05-26,Yuba,115,75493,6068,6036,120,6156,49
2021-05-25,Alameda,001,1643700,88135,88237,1910,90147,1263
2021-05-25,Alpine,003,1148,87,88,0,88,0
2021-05-25,Amador,005,37829,3669,3676,32,3708,46
2021-05-25,Butte,007,227075,12553,12295,1804,14099,189
2021-05-25,Calaveras,009,45235,2165,2148,13,2161,55
2021-05-25,Colusa,011,21464,1945,1949,310,2259,15
2021-05-25,Contra Costa,013,1133247,69610,69167,1257,70424,809
2021-05-25,Del Norte,015,27424,1419,1385,12,1397,8
2021-05-25,El Dorado,017,186661,10313,10240,738,10978,112
2021-05-25,Fresno,019,978130,102718,102329,8595,110924,1701
2021-05-25,Glenn,021,27897,2435,2414,554,2968,17
2021-05-25,Humboldt,023,135768,4264,4231,36,4267,42
2021-05-25,Imperial,025,180216,28609,28586,2683,31269,735
2021-05-25,Inyo,027,18085,1404,1402,12,1414,36
2021-05-25,Kern,029,883053,97304,96319,10788,107107,1319
2021-05-25,Kings,031,150075,23158,22944,1068,24012,245
2021-05-25,Lake,033,64148,3527,3508,9,3517,44
2021-05-25,Lassen,035,31185,5210,5164,112,5276,6
2021-05-25,Los Angeles,037,10098052,1206938,1197940,40799,1238739,24212
2021-05-25,Madera,039,155013,16624,16519,926,17445,240
2021-05-25,Marin,041,260295,14105,14053,250,14303,227
2021-05-25,Mariposa,043,17540,431,427,11,438,5
2021-05-25,Mendocino,045,87422,4000,3928,83,4011,47
2021-05-25,Merced,047,269075,31001,31132,1028,32160,455
2021-05-25,Modoc,049,8938,377,367,129,496,3
2021-05-25,Mono,051,14174,1263,1274,16,1290,3
2021-05-25,Monterey,053,433212,43166,43012,1835,44847,379
2021-05-25,Napa,055,140530,9905,9926,34,9960,82
2021-05-25,Nevada,057,99092,4823,4795,188,4983,70
2021-05-25,Orange,059,3164182,255347,254321,11243,265564,5057
2021-05-25,Placer,061,380077,23302,22920,1489,24409,292
2021-05-25,Plumas,063,18699,705,684,11,695,4
2021-05-25,Riverside,065,2383286,294167,288725,13851,302576,4443
2021-05-25,Sacramento,067,1510023,106178,105828,1729,107557,1633
2021-05-25,San Benito,069,59416,6054,6073,112,6185,63
2021-05-25,San Bernardino,071,2135413,293286,292485,8913,301398,4755
2021-05-25,San Diego,073,3302833,280801,279786,14955,294741,3753
2021-05-25,San Francisco,075,870044,36712,36939,1265,38204,546
2021-05-25,San Joaquin,077,732212,73147,72628,3487,76115,1387
2021-05-25,San Luis Obispo,079,281455,21392,21153,734,21887,256
2021-05-25,San Mateo,081,765935,42324,42268,467,42735,435
2021-05-25,Santa Barbara,083,443738,34443,34337,1115,35452,459
2021-05-25,Santa Clara,085,1922200,118611,119393,743,120136,2032
2021-05-25,Santa Cruz,087,273765,16239,16141,796,16937,207
2021-05-25,Shasta,089,179085,12312,12328,1565,13893,202
2021-05-25,Sierra,091,2930,56,54,12,66,0
2021-05-25,Siskiyou,093,43540,1930,1845,352,2197,18
2021-05-25,Solano,095,438530,32823,32817,550,33367,256
2021-05-25,Sonoma,097,501317,30066,30207,328,30535,321
2021-05-25,Stanislaus,099,539301,56365,56168,5874,62042,974
2021-05-25,Sutter,101,95872,9457,9495,84,9579,112
2021-05-25,Tehama,103,63373,5085,5048,565,5613,63
2021-05-25,Trinity,105,12862,483,328,90,418,3
2021-05-25,Tulare,107,460477,50222,49326,8868,58194,838
2021-05-25,Tuolumne,109,53932,4030,4084,41,4125,66
2021-05-25,Ventura,111,848112,81368,80905,2947,83852,1022
2021-05-25,Yolo,113,214977,14038,14018,235,14253,213
2021-05-25,Yuba,115,75493,6061,6028,120,6148,49
2021-05-24,Alameda,001,1643700,88096,88182,1909,90091,1263
2021-05-24,Alpine,003,1148,87,88,0,88,0
2021-05-24,Amador,005,37829,3667,3675,32,3707,46
2021-05-24,Butte,007,227075,12540,12279,1801,14080,189
2021-05-24,Calaveras,009,45235,2163,2146,13,2159,54
2021-05-24,Colusa,011,21464,1945,1949,310,2259,15
2021-05-24,Contra Costa,013,1133247,69569,69107,1253,70360,809
2021-05-24,Del Norte,015,27424,1418,1384,12,1396,8
2021-05-24,El Dorado,017,186661,10303,10227,737,10964,112
2021-05-24,Fresno,019,978130,102676,102289,8594,110883,1698
2021-05-24,Glenn,021,27897,2435,2413,554,2967,17
2021-05-24,Humboldt,023,135768,4257,4225,36,4261,42
2021-05-24,Imperial,025,180216,28607,28575,2683,31258,735
2021-05-24,Inyo,027,18085,1404,1402,12,1414,36
2021-05-24,Kern,029,883053,97277,96296,10783,107079,1319
2021-05-24,Kings,031,150075,23154,22940,1068,24008,246
2021-05-24,Lake,033,64148,3525,3506,9,3515,43
2021-05-24,Lassen,035,31185,5206,5163,112,5275,6
2021-05-24,Los Angeles,037,10098052,1206766,1197782,40785,1238567,24201
2021-05-24,Madera,039,155013,16620,16513,925,17438,239
2021-05-24,Marin,041,260295,14103,14051,250,14301,227
2021-05-24,Mariposa,043,17540,430,427,11,438,5
2021-05-24,Mendocino,045,87422,3998,3919,83,4002,47
2021-05-24,Merced,047,269075,30991,31128,1027,32155,455
2021-05-24,Modoc,049,8938,377,366,128,494,3
2021-05-24,Mono,051,14174,1263,1270,16,1286,3
2021-05-24,Monterey,053,433212,43161,43005,1834,44839,379
2021-05-24,Napa,055,140530,9905,9924,34,9958,82
2021-05-24,Nevada,057,99092,4820,4790,188,4978,70
2021-05-24,Orange,059,3164182,255313,254287,11233,265520,5056
2021-05-24,Placer,061,380077,23283,22895,1488,24383,292
2021-05-24,Plumas,063,18699,704,683,11,694,4
2021-05-24,Riverside,065,2383286,294110,288669,13841,302510,4442
2021-05-24,Sacramento,067,1510023,106063,105716,1728,107444,1632
2021-05-24,San Benito,069,59416,6054,6072,112,6184,63
2021-05-24,San Bernardino,071,2135413,293246,292343,8912,301255,4747
2021-05-24,San Diego,073,3302833,280693,279715,14945,294660,3749
2021-05-24,San Francisco,075,870044,36692,36934,1263,38197,547
2021-05-24,San Joaquin,077,732212,73115,72586,3487,76073,1371
2021-05-24,San Luis Obispo,079,281455,21374,21146,733,21879,256
2021-05-24,San Mateo,081,765935,42314,42249,467,42716,433
2021-05-24,Santa Barbara,083,443738,34438,34322,1115,35437,459
2021-05-24,Santa Clara,085,1922200,118579,119358,743,120101,2030
2021-05-24,Santa Cruz,087,273765,16233,16135,796,16931,207
2021-05-24,Shasta,089,179085,12295,12315,1562,13877,201
2021-05-24,Sierra,091,2930,56,54,12,66,0
2021-05-24,Siskiyou,093,43540,1927,1840,352,2192,17
2021-05-24,Solano,095,438530,32798,32792,549,33341,254
2021-05-24,Sonoma,097,501317,30051,30187,328,30515,321
2021-05-24,Stanislaus,099,539301,56331,56128,5870,61998,974
2021-05-24,Sutter,101,95872,9451,9486,84,9570,113
2021-05-24,Tehama,103,63373,5082,5043,563,5606,63
2021-05-24,Trinity,105,12862,483,328,90,418,3
2021-05-24,Tulare,107,460477,50215,49318,8864,58182,838
2021-05-24,Tuolumne,109,53932,4030,4083,41,4124,65
2021-05-24,Ventura,111,848112,81355,80876,2945,83821,1022
2021-05-24,Yolo,113,214977,14021,14012,233,14245,213
2021-05-24,Yuba,115,75493,6052,6022,120,6142,49
2021-05-23,Alameda,001,1643700,88033,88157,1906,90063,1263
2021-05-23,Alpine,003,1148,87,88,0,88,0
2021-05-23,Amador,005,37829,3666,3673,32,3705,46
2021-05-23,Butte,007,227075,12526,12271,1800,14071,189
2021-05-23,Calaveras,009,45235,2155,2144,13,2157,54
2021-05-23,Colusa,011,21464,1945,1949,308,2257,15
2021-05-23,Contra Costa,013,1133247,69525,69075,1251,70326,809
2021-05-23,Del Norte,015,27424,1414,1383,12,1395,8
2021-05-23,El Dorado,017,186661,10297,10222,737,10959,112
2021-05-23,Fresno,019,978130,102631,102270,8589,110859,1698
2021-05-23,Glenn,021,27897,2433,2413,554,2967,17
2021-05-23,Humboldt,023,135768,4239,4216,36,4252,42
2021-05-23,Imperial,025,180216,28601,28569,2682,31251,735
2021-05-23,Inyo,027,18085,1404,1402,12,1414,36
2021-05-23,Kern,029,883053,97253,96282,10775,107057,1319
2021-05-23,Kings,031,150075,23141,22939,1066,24005,246
2021-05-23,Lake,033,64148,3522,3504,9,3513,43
2021-05-23,Lassen,035,31185,5202,5163,111,5274,6
2021-05-23,Los Angeles,037,10098052,1206577,1197633,40774,1238407,24197
2021-05-23,Madera,039,155013,16614,16504,925,17429,239
2021-05-23,Marin,041,260295,14094,14048,249,14297,227
2021-05-23,Mariposa,043,17540,430,427,11,438,5
2021-05-23,Mendocino,045,87422,3992,3913,82,3995,47
2021-05-23,Merced,047,269075,30982,31118,1027,32145,455
2021-05-23,Modoc,049,8938,373,366,128,494,3
2021-05-23,Mono,051,14174,1262,1270,16,1286,3
2021-05-23,Monterey,053,433212,43151,43003,1834,44837,379
2021-05-23,Napa,055,140530,9901,9923,34,9957,82
2021-05-23,Nevada,057,99092,4810,4790,188,4978,70
2021-05-23,Orange,059,3164182,255275,254277,11227,265504,5050
2021-05-23,Placer,061,380077,23263,22888,1488,24376,292
2021-05-23,Plumas,063,18699,703,683,11,694,4
2021-05-23,Riverside,065,2383286,294042,288641,13837,302478,4442
2021-05-23,Sacramento,067,1510023,105947,105663,1725,107388,1632
2021-05-23,San Benito,069,59416,6053,6072,112,6184,63
2021-05-23,San Bernardino,071,2135413,293195,292327,8911,301238,4747
2021-05-23,San Diego,073,3302833,280603,279690,14934,294624,3751
2021-05-23,San Francisco,075,870044,36681,36927,1262,38189,547
2021-05-23,San Joaquin,077,732212,73066,72571,3485,76056,1371
2021-05-23,San Luis Obispo,079,281455,21364,21141,732,21873,256
2021-05-23,San Mateo,081,765935,42297,42248,467,42715,433
2021-05-23,Santa Barbara,083,443738,34431,34319,1115,35434,459
2021-05-23,Santa Clara,085,1922200,118555,119333,743,120076,2030
2021-05-23,Santa Cruz,087,273765,16230,16130,796,16926,207
2021-05-23,Shasta,089,179085,12278,12313,1558,13871,201
2021-05-23,Sierra,091,2930,56,54,12,66,0
2021-05-23,Siskiyou,093,43540,1922,1826,345,2171,17
2021-05-23,Solano,095,438530,32780,32780,548,33328,254
2021-05-23,Sonoma,097,501317,30022,30168,327,30495,321
2021-05-23,Stanislaus,099,539301,56283,56104,5867,61971,974
2021-05-23,Sutter,101,95872,9442,9479,84,9563,113
2021-05-23,Tehama,103,63373,5075,5041,561,5602,63
2021-05-23,Trinity,105,12862,483,328,90,418,3
2021-05-23,Tulare,107,460477,50201,49310,8860,58170,838
2021-05-23,Tuolumne,109,53932,4027,4081,41,4122,65
2021-05-23,Ventura,111,848112,81325,80872,2944,83816,1022
2021-05-23,Yolo,113,214977,14009,14004,230,14234,213
2021-05-23,Yuba,115,75493,6047,6017,120,6137,49
2021-05-22,Alameda,001,1643700,88006,88101,1906,90007,1263
2021-05-22,Alpine,003,1148,87,88,0,88,0
2021-05-22,Amador,005,37829,3665,3672,32,3704,46
2021-05-22,Butte,007,227075,12514,12265,1799,14064,189
2021-05-22,Calaveras,009,45235,2151,2141,13,2154,54
2021-05-22,Colusa,011,21464,1941,1949,307,2256,15
2021-05-22,Contra Costa,013,1133247,69492,69004,1250,70254,809
2021-05-22,Del Norte,015,27424,1413,1381,12,1393,8
2021-05-22,El Dorado,017,186661,10292,10215,736,10951,112
2021-05-22,Fresno,019,978130,102617,102238,8587,110825,1698
2021-05-22,Glenn,021,27897,2433,2412,554,2966,17
2021-05-22,Humboldt,023,135768,4230,4194,35,4229,42
2021-05-22,Imperial,025,180216,28592,28574,2682,31256,735
2021-05-22,Inyo,027,18085,1404,1402,12,1414,36
2021-05-22,Kern,029,883053,97241,96260,10768,107028,1319
2021-05-22,Kings,031,150075,23141,22936,1066,24002,246
2021-05-22,Lake,033,64148,3519,3502,9,3511,43
2021-05-22,Lassen,035,31185,5202,5163,111,5274,6
2021-05-22,Los Angeles,037,10098052,1206468,1197454,40766,1238220,24192
2021-05-22,Madera,039,155013,16611,16503,925,17428,239
2021-05-22,Marin,041,260295,14091,14043,249,14292,227
2021-05-22,Mariposa,043,17540,430,427,11,438,5
2021-05-22,Mendocino,045,87422,3986,3908,82,3990,47
2021-05-22,Merced,047,269075,30972,31099,1027,32126,455
2021-05-22,Modoc,049,8938,373,366,128,494,3
2021-05-22,Mono,051,14174,1260,1270,16,1286,3
2021-05-22,Monterey,053,433212,43145,42998,1834,44832,379
2021-05-22,Napa,055,140530,9899,9918,34,9952,82
2021-05-22,Nevada,057,99092,4803,4787,187,4974,70
2021-05-22,Orange,059,3164182,255254,254238,11222,265460,5048
2021-05-22,Placer,061,380077,23249,22865,1487,24352,292
2021-05-22,Plumas,063,18699,702,683,11,694,4
2021-05-22,Riverside,065,2383286,294010,288580,13836,302416,4442
2021-05-22,Sacramento,067,1510023,105872,105551,1722,107273,1632
2021-05-22,San Benito,069,59416,6053,6071,112,6183,63
2021-05-22,San Bernardino,071,2135413,293170,292292,8911,301203,4747
2021-05-22,San Diego,073,3302833,280544,279614,14926,294540,3751
2021-05-22,San Francisco,075,870044,36671,36906,1260,38166,547
2021-05-22,San Joaquin,077,732212,73044,72528,3482,76010,1371
2021-05-22,San Luis Obispo,079,281455,21356,21134,731,21865,256
2021-05-22,San Mateo,081,765935,42287,42218,467,42685,433
2021-05-22,Santa Barbara,083,443738,34427,34313,1114,35427,459
2021-05-22,Santa Clara,085,1922200,118531,119292,743,120035,2030
2021-05-22,Santa Cruz,087,273765,16230,16125,796,16921,207
2021-05-22,Shasta,089,179085,12271,12307,1555,13862,201
2021-05-22,Sierra,091,2930,56,54,12,66,0
2021-05-22,Siskiyou,093,43540,1921,1824,344,2168,17
2021-05-22,Solano,095,438530,32767,32753,548,33301,254
2021-05-22,Sonoma,097,501317,30010,30154,327,30481,321
2021-05-22,Stanislaus,099,539301,56260,56069,5866,61935,974
2021-05-22,Sutter,101,95872,9437,9476,84,9560,113
2021-05-22,Tehama,103,63373,5074,5036,561,5597,63
2021-05-22,Trinity,105,12862,483,328,90,418,3
2021-05-22,Tulare,107,460477,50196,49299,8855,58154,838
2021-05-22,Tuolumne,109,53932,4027,4078,41,4119,65
2021-05-22,Ventura,111,848112,81321,80859,2944,83803,1022
2021-05-22,Yolo,113,214977,14007,13997,230,14227,213
2021-05-22,Yuba,115,75493,6044,6010,120,6130,49
2021-05-21,Alameda,001,1643700,87980,88041,1905,89946,1263
2021-05-21,Alpine,003,1148,87,88,0,88,0
2021-05-21,Amador,005,37829,3662,3672,32,3704,46
2021-05-21,Butte,007,227075,12508,12236,1797,14033,188
2021-05-21,Calaveras,009,45235,2149,2138,13,2151,54
2021-05-21,Colusa,011,21464,1941,1947,307,2254,15
2021-05-21,Contra Costa,013,1133247,69449,68965,1249,70214,810
2021-05-21,Del Norte,015,27424,1412,1376,12,1388,8
2021-05-21,El Dorado,017,186661,10288,10204,736,10940,112
2021-05-21,Fresno,019,978130,102589,102189,8585,110774,1698
2021-05-21,Glenn,021,27897,2432,2408,554,2962,17
2021-05-21,Humboldt,023,135768,4223,4175,35,4210,42
2021-05-21,Imperial,025,180216,28585,28572,2681,31253,732
2021-05-21,Inyo,027,18085,1404,1402,12,1414,36
2021-05-21,Kern,029,883053,97227,96233,10761,106994,1318
2021-05-21,Kings,031,150075,23141,22927,1066,23993,246
2021-05-21,Lake,033,64148,3517,3500,9,3509,43
2021-05-21,Lassen,035,31185,5201,5161,111,5272,6
2021-05-21,Los Angeles,037,10098052,1206350,1197263,40758,1238021,24180
2021-05-21,Madera,039,155013,16610,16500,924,17424,238
2021-05-21,Marin,041,260295,14086,14042,249,14291,227
2021-05-21,Mariposa,043,17540,429,427,11,438,5
2021-05-21,Mendocino,045,87422,3981,3897,82,3979,47
2021-05-21,Merced,047,269075,30964,31076,1027,32103,455
2021-05-21,Modoc,049,8938,373,365,128,493,3
2021-05-21,Mono,051,14174,1260,1269,16,1285,3
2021-05-21,Monterey,053,433212,43143,42995,1834,44829,379
2021-05-21,Napa,055,140530,9895,9913,34,9947,82
2021-05-21,Nevada,057,99092,4802,4779,187,4966,70
2021-05-21,Orange,059,3164182,255234,254171,11220,265391,5042
2021-05-21,Placer,061,380077,23240,22853,1487,24340,292
2021-05-21,Plumas,063,18699,702,683,10,693,4
2021-05-21,Riverside,065,2383286,293983,288499,13829,302328,4442
2021-05-21,Sacramento,067,1510023,105805,105476,1719,107195,1632
2021-05-21,San Benito,069,59416,6053,6068,112,6180,63
2021-05-21,San Bernardino,071,2135413,293138,292205,8909,301114,4744
2021-05-21,San Diego,073,3302833,280471,279554,14916,294470,3748
2021-05-21,San Francisco,075,870044,36666,36879,1260,38139,546
2021-05-21,San Joaquin,077,732212,73024,72467,3480,75947,1371
2021-05-21,San Luis Obispo,079,281455,21350,21128,728,21856,256
2021-05-21,San Mateo,081,765935,42274,42163,466,42629,432
2021-05-21,Santa Barbara,083,443738,34422,34302,1114,35416,459
2021-05-21,Santa Clara,085,1922200,118504,119247,743,119990,2029
2021-05-21,Santa Cruz,087,273765,16226,16120,796,16916,207
2021-05-21,Shasta,089,179085,12254,12289,1553,13842,201
2021-05-21,Sierra,091,2930,56,54,12,66,0
2021-05-21,Siskiyou,093,43540,1920,1815,344,2159,16
2021-05-21,Solano,095,438530,32752,32742,548,33290,254
2021-05-21,Sonoma,097,501317,29997,30126,327,30453,321
2021-05-21,Stanislaus,099,539301,56231,56036,5864,61900,975
2021-05-21,Sutter,101,95872,9435,9470,84,9554,113
2021-05-21,Tehama,103,63373,5068,5030,561,5591,63
2021-05-21,Trinity,105,12862,483,329,89,418,3
2021-05-21,Tulare,107,460477,50191,49271,8853,58124,838
2021-05-21,Tuolumne,109,53932,4025,4079,41,4120,65
2021-05-21,Ventura,111,848112,81313,80821,2941,83762,1021
2021-05-21,Yolo,113,214977,14001,13983,230,14213,213
2021-05-21,Yuba,115,75493,6038,6006,120,6126,49
2021-05-20,Alameda,001,1643700,87937,87975,1904,89879,1264
2021-05-20,Alpine,003,1148,87,88,0,88,0
2021-05-20,Amador,005,37829,3661,3671,32,3703,46
2021-05-20,Butte,007,227075,12501,12220,1794,14014,188
2021-05-20,Calaveras,009,45235,2145,2138,13,2151,54
2021-05-20,Colusa,011,21464,1940,1946,305,2251,15
2021-05-20,Contra Costa,013,1133247,69404,68913,1247,70160,809
2021-05-20,Del Norte,015,27424,1412,1373,12,1385,8
2021-05-20,El Dorado,017,186661,10278,10188,736,10924,112
2021-05-20,Fresno,019,978130,102567,102135,8583,110718,1696
2021-05-20,Glenn,021,27897,2429,2406,554,2960,17
2021-05-20,Humboldt,023,135768,4206,4162,34,4196,42
2021-05-20,Imperial,025,180216,28580,28551,2681,31232,732
2021-05-20,Inyo,027,18085,1404,1402,12,1414,36
2021-05-20,Kern,029,883053,97206,96204,10754,106958,1317
2021-05-20,Kings,031,150075,23139,22922,1066,23988,246
2021-05-20,Lake,033,64148,3514,3500,9,3509,43
2021-05-20,Lassen,035,31185,5199,5160,110,5270,6
2021-05-20,Los Angeles,037,10098052,1206194,1197073,40748,1237821,24168
2021-05-20,Madera,039,155013,16604,16499,922,17421,238
2021-05-20,Marin,041,260295,14082,14036,248,14284,227
2021-05-20,Mariposa,043,17540,429,426,11,437,5
2021-05-20,Mendocino,045,87422,3974,3897,82,3979,47
2021-05-20,Merced,047,269075,30951,31046,1026,32072,454
2021-05-20,Modoc,049,8938,373,365,128,493,3
2021-05-20,Mono,051,14174,1259,1269,16,1285,3
2021-05-20,Monterey,053,433212,43137,42984,1833,44817,379
2021-05-20,Napa,055,140530,9892,9913,34,9947,82
2021-05-20,Nevada,057,99092,4801,4775,187,4962,70
2021-05-20,Orange,059,3164182,255191,254127,11217,265344,5038
2021-05-20,Placer,061,380077,23227,22823,1486,24309,292
2021-05-20,Plumas,063,18699,700,682,10,692,4
2021-05-20,Riverside,065,2383286,293935,288453,13824,302277,4442
2021-05-20,Sacramento,067,1510023,105709,105414,1716,107130,1629
2021-05-20,San Benito,069,59416,6052,6067,112,6179,63
2021-05-20,San Bernardino,071,2135413,293092,292153,8908,301061,4728
2021-05-20,San Diego,073,3302833,280383,279490,14904,294394,3749
2021-05-20,San Francisco,075,870044,36657,36860,1260,38120,546
2021-05-20,San Joaquin,077,732212,72986,72388,3478,75866,1371
2021-05-20,San Luis Obispo,079,281455,21338,21095,726,21821,256
2021-05-20,San Mateo,081,765935,42260,42152,464,42616,432
2021-05-20,Santa Barbara,083,443738,34418,34293,1114,35407,459
2021-05-20,Santa Clara,085,1922200,118483,119222,743,119965,2029
2021-05-20,Santa Cruz,087,273765,16221,16119,796,16915,207
2021-05-20,Shasta,089,179085,12241,12266,1550,13816,200
2021-05-20,Sierra,091,2930,56,54,12,66,0
2021-05-20,Siskiyou,093,43540,1913,1811,343,2154,16
2021-05-20,Solano,095,438530,32737,32725,548,33273,253
2021-05-20,Sonoma,097,501317,29980,30107,326,30433,321
2021-05-20,Stanislaus,099,539301,56206,55979,5862,61841,970
2021-05-20,Sutter,101,95872,9431,9467,84,9551,113
2021-05-20,Tehama,103,63373,5066,5029,561,5590,63
2021-05-20,Trinity,105,12862,483,329,88,417,3
2021-05-20,Tulare,107,460477,50180,49217,8850,58067,837
2021-05-20,Tuolumne,109,53932,4024,4077,41,4118,65
2021-05-20,Ventura,111,848112,81302,80800,2941,83741,1019
2021-05-20,Yolo,113,214977,13996,13973,230,14203,211
2021-05-20,Yuba,115,75493,6029,6002,120,6122,49
2021-05-19,Alameda,001,1643700,87898,87889,1903,89792,1260
2021-05-19,Alpine,003,1148,87,88,0,88,0
2021-05-19,Amador,005,37829,3661,3669,32,3701,46
2021-05-19,Butte,007,227075,12490,12198,1794,13992,188
2021-05-19,Calaveras,009,45235,2141,2132,13,2145,54
2021-05-19,Colusa,011,21464,1940,1945,303,2248,15
2021-05-19,Contra Costa,013,1133247,69357,68836,1247,70083,808
2021-05-19,Del Norte,015,27424,1410,1371,12,1383,8
2021-05-19,El Dorado,017,186661,10273,10179,735,10914,112
2021-05-19,Fresno,019,978130,102537,102085,8580,110665,1693
2021-05-19,Glenn,021,27897,2429,2404,554,2958,17
2021-05-19,Humboldt,023,135768,4196,4143,34,4177,42
2021-05-19,Imperial,025,180216,28571,28550,2681,31231,732
2021-05-19,Inyo,027,18085,1404,1402,12,1414,36
2021-05-19,Kern,029,883053,97177,96173,10747,106920,1316
2021-05-19,Kings,031,150075,23133,22919,1066,23985,246
2021-05-19,Lake,033,64148,3514,3497,9,3506,43
2021-05-19,Lassen,035,31185,5198,5157,110,5267,6
2021-05-19,Los Angeles,037,10098052,1205997,1196856,40734,1237590,24143
2021-05-19,Madera,039,155013,16601,16496,922,17418,238
2021-05-19,Marin,041,260295,14078,14033,246,14279,227
2021-05-19,Mariposa,043,17540,429,425,11,436,5
2021-05-19,Mendocino,045,87422,3970,3886,82,3968,47
2021-05-19,Merced,047,269075,30935,31044,1026,32070,452
2021-05-19,Modoc,049,8938,373,364,125,489,3
2021-05-19,Mono,051,14174,1259,1266,16,1282,3
2021-05-19,Monterey,053,433212,43132,42973,1832,44805,379
2021-05-19,Napa,055,140530,9889,9906,34,9940,82
2021-05-19,Nevada,057,99092,4799,4769,187,4956,70
2021-05-19,Orange,059,3164182,255154,254087,11207,265294,5035
2021-05-19,Placer,061,380077,23208,22784,1481,24265,291
2021-05-19,Plumas,063,18699,700,682,10,692,4
2021-05-19,Riverside,065,2383286,293889,288398,13822,302220,4442
2021-05-19,Sacramento,067,1510023,105631,105225,1715,106940,1629
2021-05-19,San Benito,069,59416,6051,6064,112,6176,63
2021-05-19,San Bernardino,071,2135413,293048,292078,8905,300983,4725
2021-05-19,San Diego,073,3302833,280298,279345,14883,294228,3746
2021-05-19,San Francisco,075,870044,36644,36835,1259,38094,546
2021-05-19,San Joaquin,077,732212,72943,72338,3473,75811,1369
2021-05-19,San Luis Obispo,079,281455,21330,21085,725,21810,256
2021-05-19,San Mateo,081,765935,42253,42126,464,42590,429
2021-05-19,Santa Barbara,083,443738,34410,34292,1114,35406,459
2021-05-19,Santa Clara,085,1922200,118443,119176,742,119918,2015
2021-05-19,Santa Cruz,087,273765,16217,16121,795,16916,207
2021-05-19,Shasta,089,179085,12223,12233,1547,13780,200
2021-05-19,Sierra,091,2930,56,54,12,66,0
2021-05-19,Siskiyou,093,43540,1910,1803,342,2145,16
2021-05-19,Solano,095,438530,32710,32678,546,33224,253
2021-05-19,Sonoma,097,501317,29965,30080,326,30406,321
2021-05-19,Stanislaus,099,539301,56187,55912,5857,61769,967
2021-05-19,Sutter,101,95872,9424,9459,83,9542,113
2021-05-19,Tehama,103,63373,5057,5026,557,5583,63
2021-05-19,Trinity,105,12862,483,329,88,417,3
2021-05-19,Tulare,107,460477,50167,49163,8845,58008,837
2021-05-19,Tuolumne,109,53932,4024,4074,41,4115,64
2021-05-19,Ventura,111,848112,81287,80747,2940,83687,1019
2021-05-19,Yolo,113,214977,13989,13961,229,14190,211
2021-05-19,Yuba,115,75493,6025,5993,120,6113,49
2021-05-18,Alameda,001,1643700,87824,87816,1903,89719,1254
2021-05-18,Alpine,003,1148,87,88,0,88,0
2021-05-18,Amador,005,37829,3661,3669,32,3701,46
2021-05-18,Butte,007,227075,12477,12164,1791,13955,191
2021-05-18,Calaveras,009,45235,2137,2131,13,2144,54
2021-05-18,Colusa,011,21464,1940,1943,303,2246,14
2021-05-18,Contra Costa,013,1133247,69300,68750,1246,69996,808
2021-05-18,Del Norte,015,27424,1407,1371,12,1383,8
2021-05-18,El Dorado,017,186661,10262,10169,734,10903,112
2021-05-18,Fresno,019,978130,102501,102056,8577,110633,1690
2021-05-18,Glenn,021,27897,2423,2403,553,2956,17
2021-05-18,Humboldt,023,135768,4178,4132,34,4166,42
2021-05-18,Imperial,025,180216,28566,28538,2679,31217,730
2021-05-18,Inyo,027,18085,1404,1401,12,1413,36
2021-05-18,Kern,029,883053,97144,96128,10733,106861,1315
2021-05-18,Kings,031,150075,23127,22916,1066,23982,247
2021-05-18,Lake,033,64148,3512,3495,9,3504,43
2021-05-18,Lassen,035,31185,5197,5157,109,5266,6
2021-05-18,Los Angeles,037,10098052,1205817,1196668,40723,1237391,24133
2021-05-18,Madera,039,155013,16591,16491,921,17412,238
2021-05-18,Marin,041,260295,14075,14026,246,14272,227
2021-05-18,Mariposa,043,17540,429,424,11,435,5
2021-05-18,Mendocino,045,87422,3958,3877,81,3958,47
2021-05-18,Merced,047,269075,30916,31036,1026,32062,452
2021-05-18,Modoc,049,8938,372,364,124,488,3
2021-05-18,Mono,051,14174,1258,1265,16,1281,3
2021-05-18,Monterey,053,433212,43126,43001,1832,44833,379
2021-05-18,Napa,055,140530,9889,9905,34,9939,82
2021-05-18,Nevada,057,99092,4792,4762,187,4949,70
2021-05-18,Orange,059,3164182,255113,254041,11197,265238,5031
2021-05-18,Placer,061,380077,23175,22726,1477,24203,291
2021-05-18,Plumas,063,18699,700,682,10,692,4
2021-05-18,Riverside,065,2383286,293834,288354,13815,302169,4438
2021-05-18,Sacramento,067,1510023,105529,105083,1713,106796,1629
2021-05-18,San Benito,069,59416,6050,6065,112,6177,63
2021-05-18,San Bernardino,071,2135413,292990,292014,8900,300914,4722
2021-05-18,San Diego,073,3302833,280190,279254,14874,294128,3742
2021-05-18,San Francisco,075,870044,36624,36818,1259,38077,546
2021-05-18,San Joaquin,077,732212,72896,72282,3469,75751,1368
2021-05-18,San Luis Obispo,079,281455,21320,21080,723,21803,256
2021-05-18,San Mateo,081,765935,42241,42099,463,42562,428
2021-05-18,Santa Barbara,083,443738,34401,34278,1114,35392,459
2021-05-18,Santa Clara,085,1922200,118416,119171,742,119913,2014
2021-05-18,Santa Cruz,087,273765,16209,16137,795,16932,207
2021-05-18,Shasta,089,179085,12205,12197,1541,13738,200
2021-05-18,Sierra,091,2930,56,54,12,66,0
2021-05-18,Siskiyou,093,43540,1909,1799,342,2141,16
2021-05-18,Solano,095,438530,32685,32644,546,33190,253
2021-05-18,Sonoma,097,501317,29945,30054,325,30379,321
2021-05-18,Stanislaus,099,539301,56151,55860,5857,61717,959
2021-05-18,Sutter,101,95872,9416,9453,83,9536,113
2021-05-18,Tehama,103,63373,5051,5020,555,5575,63
2021-05-18,Trinity,105,12862,483,329,87,416,3
2021-05-18,Tulare,107,460477,50159,49142,8840,57982,836
2021-05-18,Tuolumne,109,53932,4022,4073,41,4114,64
2021-05-18,Ventura,111,848112,81271,80726,2938,83664,1017
2021-05-18,Yolo,113,214977,13982,13951,228,14179,211
2021-05-18,Yuba,115,75493,6021,5989,120,6109,49
2021-05-17,Alameda,001,1643700,87771,87766,1900,89666,1253
2021-05-17,Alpine,003,1148,87,88,0,88,0
2021-05-17,Amador,005,37829,3658,3668,32,3700,46
2021-05-17,Butte,007,227075,12469,12144,1791,13935,192
2021-05-17,Calaveras,009,45235,2137,2131,13,2144,53
2021-05-17,Colusa,011,21464,1940,1943,303,2246,14
2021-05-17,Contra Costa,013,1133247,69245,68720,1245,69965,805
2021-05-17,Del Norte,015,27424,1402,1369,12,1381,8
2021-05-17,El Dorado,017,186661,10245,10163,734,10897,112
2021-05-17,Fresno,019,978130,102457,102013,8569,110582,1690
2021-05-17,Glenn,021,27897,2423,2401,553,2954,17
2021-05-17,Humboldt,023,135768,4167,4112,34,4146,42
2021-05-17,Imperial,025,180216,28560,28533,2677,31210,729
2021-05-17,Inyo,027,18085,1404,1401,12,1413,36
2021-05-17,Kern,029,883053,97115,96095,10716,106811,1315
2021-05-17,Kings,031,150075,23124,22918,1066,23984,246
2021-05-17,Lake,033,64148,3507,3489,9,3498,43
2021-05-17,Lassen,035,31185,5194,5156,108,5264,6
2021-05-17,Los Angeles,037,10098052,1205636,1196556,40717,1237273,24123
2021-05-17,Madera,039,155013,16584,16486,921,17407,238
2021-05-17,Marin,041,260295,14069,14021,246,14267,227
2021-05-17,Mariposa,043,17540,428,423,11,434,5
2021-05-17,Mendocino,045,87422,3949,3868,81,3949,46
2021-05-17,Merced,047,269075,30901,31031,1026,32057,450
2021-05-17,Modoc,049,8938,371,362,124,486,3
2021-05-17,Mono,051,14174,1254,1265,16,1281,3
2021-05-17,Monterey,053,433212,43119,42995,1832,44827,379
2021-05-17,Napa,055,140530,9888,9894,34,9928,82
2021-05-17,Nevada,057,99092,4788,4761,186,4947,70
2021-05-17,Orange,059,3164182,255066,253993,11190,265183,5031
2021-05-17,Placer,061,380077,23152,22706,1470,24176,289
2021-05-17,Plumas,063,18699,700,682,10,692,4
2021-05-17,Riverside,065,2383286,293765,288304,13811,302115,4433
2021-05-17,Sacramento,067,1510023,105421,105035,1711,106746,1629
2021-05-17,San Benito,069,59416,6047,6067,112,6179,63
2021-05-17,San Bernardino,071,2135413,292940,291989,8892,300881,4724
2021-05-17,San Diego,073,3302833,280058,279146,14852,293998,3742
2021-05-17,San Francisco,075,870044,36612,36816,1257,38073,546
2021-05-17,San Joaquin,077,732212,72858,72234,3466,75700,1359
2021-05-17,San Luis Obispo,079,281455,21311,21079,721,21800,256
2021-05-17,San Mateo,081,765935,42213,42083,463,42546,428
2021-05-17,Santa Barbara,083,443738,34394,34275,1114,35389,459
2021-05-17,Santa Clara,085,1922200,118379,119116,740,119856,2015
2021-05-17,Santa Cruz,087,273765,16206,16151,795,16946,206
2021-05-17,Shasta,089,179085,12183,12163,1540,13703,200
2021-05-17,Sierra,091,2930,56,54,12,66,0
2021-05-17,Siskiyou,093,43540,1900,1795,339,2134,15
2021-05-17,Solano,095,438530,32667,32627,545,33172,253
2021-05-17,Sonoma,097,501317,29922,30043,324,30367,321
2021-05-17,Stanislaus,099,539301,56104,55839,5850,61689,951
2021-05-17,Sutter,101,95872,9409,9447,83,9530,113
2021-05-17,Tehama,103,63373,5047,5016,554,5570,63
2021-05-17,Trinity,105,12862,483,328,87,415,3
2021-05-17,Tulare,107,460477,50137,49107,8835,57942,836
2021-05-17,Tuolumne,109,53932,4022,4071,41,4112,64
2021-05-17,Ventura,111,848112,81251,80699,2938,83637,1017
2021-05-17,Yolo,113,214977,13975,13941,228,14169,211
2021-05-17,Yuba,115,75493,6013,5987,120,6107,49
2021-05-16,Alameda,001,1643700,87707,87743,1900,89643,1253
2021-05-16,Alpine,003,1148,87,88,0,88,0
2021-05-16,Amador,005,37829,3657,3667,32,3699,46
2021-05-16,Butte,007,227075,12455,12140,1790,13930,192
2021-05-16,Calaveras,009,45235,2135,2129,13,2142,53
2021-05-16,Colusa,011,21464,1938,1943,303,2246,14
2021-05-16,Contra Costa,013,1133247,69177,68694,1243,69937,805
2021-05-16,Del Norte,015,27424,1399,1365,12,1377,8
2021-05-16,El Dorado,017,186661,10229,10159,733,10892,112
2021-05-16,Fresno,019,978130,102413,101987,8563,110550,1690
2021-05-16,Glenn,021,27897,2423,2401,552,2953,17
2021-05-16,Humboldt,023,135768,4153,4104,34,4138,42
2021-05-16,Imperial,025,180216,28549,28516,2676,31192,729
2021-05-16,Inyo,027,18085,1404,1401,12,1413,36
2021-05-16,Kern,029,883053,97082,96083,10696,106779,1315
2021-05-16,Kings,031,150075,23120,22918,1063,23981,246
2021-05-16,Lake,033,64148,3504,3489,9,3498,43
2021-05-16,Lassen,035,31185,5193,5156,108,5264,6
2021-05-16,Los Angeles,037,10098052,1205411,1196397,40701,1237098,24120
2021-05-16,Madera,039,155013,16579,16483,918,17401,238
2021-05-16,Marin,041,260295,14066,14015,246,14261,227
2021-05-16,Mariposa,043,17540,428,423,11,434,5
2021-05-16,Mendocino,045,87422,3939,3863,81,3944,46
2021-05-16,Merced,047,269075,30880,31023,1024,32047,450
2021-05-16,Modoc,049,8938,371,362,124,486,3
2021-05-16,Mono,051,14174,1254,1265,16,1281,3
2021-05-16,Monterey,053,433212,43114,42991,1832,44823,379
2021-05-16,Napa,055,140530,9885,9891,34,9925,82
2021-05-16,Nevada,057,99092,4784,4755,186,4941,70
2021-05-16,Orange,059,3164182,255034,253962,11187,265149,5031
2021-05-16,Placer,061,380077,23120,22696,1464,24160,289
2021-05-16,Plumas,063,18699,699,682,10,692,4
2021-05-16,Riverside,065,2383286,293689,288259,13803,302062,4433
2021-05-16,Sacramento,067,1510023,105307,105013,1709,106722,1628
2021-05-16,San Benito,069,59416,6046,6067,111,6178,63
2021-05-16,San Bernardino,071,2135413,292868,291940,8890,300830,4724
2021-05-16,San Diego,073,3302833,279940,279099,14839,293938,3742
2021-05-16,San Francisco,075,870044,36589,36808,1256,38064,546
2021-05-16,San Joaquin,077,732212,72809,72218,3461,75679,1359
2021-05-16,San Luis Obispo,079,281455,21303,21072,720,21792,256
2021-05-16,San Mateo,081,765935,42202,42063,462,42525,428
2021-05-16,Santa Barbara,083,443738,34387,34270,1114,35384,459
2021-05-16,Santa Clara,085,1922200,118350,119098,739,119837,2015
2021-05-16,Santa Cruz,087,273765,16204,16143,795,16938,206
2021-05-16,Shasta,089,179085,12167,12156,1536,13692,200
2021-05-16,Sierra,091,2930,56,54,12,66,0
2021-05-16,Siskiyou,093,43540,1896,1790,338,2128,15
2021-05-16,Solano,095,438530,32634,32619,543,33162,253
2021-05-16,Sonoma,097,501317,29903,30033,324,30357,321
2021-05-16,Stanislaus,099,539301,56054,55814,5839,61653,951
2021-05-16,Sutter,101,95872,9402,9445,83,9528,113
2021-05-16,Tehama,103,63373,5043,5013,553,5566,63
2021-05-16,Trinity,105,12862,483,328,87,415,3
2021-05-16,Tulare,107,460477,50120,49091,8832,57923,837
2021-05-16,Tuolumne,109,53932,4018,4070,41,4111,64
2021-05-16,Ventura,111,848112,81220,80689,2938,83627,1017
2021-05-16,Yolo,113,214977,13960,13938,228,14166,211
2021-05-16,Yuba,115,75493,6010,5987,120,6107,49
2021-05-15,Alameda,001,1643700,87681,87677,1899,89576,1252
2021-05-15,Alpine,003,1148,87,88,0,88,0
2021-05-15,Amador,005,37829,3657,3666,32,3698,46
2021-05-15,Butte,007,227075,12448,12095,1789,13884,192
2021-05-15,Calaveras,009,45235,2134,2126,13,2139,53
2021-05-15,Colusa,011,21464,1938,1941,301,2242,14
2021-05-15,Contra Costa,013,1133247,69131,68658,1243,69901,805
2021-05-15,Del Norte,015,27424,1394,1359,12,1371,8
2021-05-15,El Dorado,017,186661,10217,10156,732,10888,112
2021-05-15,Fresno,019,978130,102376,101957,8561,110518,1690
2021-05-15,Glenn,021,27897,2423,2400,552,2952,17
2021-05-15,Humboldt,023,135768,4143,4080,34,4114,42
2021-05-15,Imperial,025,180216,28546,28504,2675,31179,729
2021-05-15,Inyo,027,18085,1404,1402,12,1414,36
2021-05-15,Kern,029,883053,97068,96061,10682,106743,1315
2021-05-15,Kings,031,150075,23119,22913,1063,23976,246
2021-05-15,Lake,033,64148,3503,3485,9,3494,43
2021-05-15,Lassen,035,31185,5190,5156,107,5263,6
2021-05-15,Los Angeles,037,10098052,1205288,1196255,40688,1236943,24115
2021-05-15,Madera,039,155013,16576,16482,918,17400,238
2021-05-15,Marin,041,260295,14062,14012,246,14258,227
2021-05-15,Mariposa,043,17540,428,423,11,434,5
2021-05-15,Mendocino,045,87422,3936,3861,81,3942,46
2021-05-15,Merced,047,269075,30859,31012,1024,32036,450
2021-05-15,Modoc,049,8938,371,362,124,486,3
2021-05-15,Mono,051,14174,1254,1265,16,1281,3
2021-05-15,Monterey,053,433212,43110,42982,1832,44814,379
2021-05-15,Napa,055,140530,9882,9887,34,9921,82
2021-05-15,Nevada,057,99092,4783,4755,186,4941,70
2021-05-15,Orange,059,3164182,255007,253919,11180,265099,5030
2021-05-15,Placer,061,380077,23099,22688,1464,24152,289
2021-05-15,Plumas,063,18699,699,681,10,691,4
2021-05-15,Riverside,065,2383286,293647,288203,13798,302001,4433
2021-05-15,Sacramento,067,1510023,105235,104929,1706,106635,1628
2021-05-15,San Benito,069,59416,6046,6066,111,6177,63
2021-05-15,San Bernardino,071,2135413,292826,291892,8888,300780,4724
2021-05-15,San Diego,073,3302833,279869,278991,14824,293815,3737
2021-05-15,San Francisco,075,870044,36573,36795,1254,38049,546
2021-05-15,San Joaquin,077,732212,72783,72197,3459,75656,1359
2021-05-15,San Luis Obispo,079,281455,21300,21061,719,21780,256
2021-05-15,San Mateo,081,765935,42186,42059,462,42521,428
2021-05-15,Santa Barbara,083,443738,34379,34259,1114,35373,459
2021-05-15,Santa Clara,085,1922200,118329,119060,739,119799,2016
2021-05-15,Santa Cruz,087,273765,16200,16137,795,16932,206
2021-05-15,Shasta,089,179085,12155,12152,1533,13685,200
2021-05-15,Sierra,091,2930,56,54,12,66,0
2021-05-15,Siskiyou,093,43540,1890,1788,336,2124,15
2021-05-15,Solano,095,438530,32625,32604,542,33146,253
2021-05-15,Sonoma,097,501317,29884,30020,324,30344,321
2021-05-15,Stanislaus,099,539301,56023,55795,5832,61627,952
2021-05-15,Sutter,101,95872,9400,9436,83,9519,113
2021-05-15,Tehama,103,63373,5039,5012,552,5564,63
2021-05-15,Trinity,105,12862,483,328,87,415,3
2021-05-15,Tulare,107,460477,50110,49080,8828,57908,837
2021-05-15,Tuolumne,109,53932,4016,4064,41,4105,63
2021-05-15,Ventura,111,848112,81209,80662,2938,83600,1017
2021-05-15,Yolo,113,214977,13953,13932,227,14159,211
2021-05-15,Yuba,115,75493,6007,5979,119,6098,49
2021-05-14,Alameda,001,1643700,87647,87621,1897,89518,1249
2021-05-14,Alpine,003,1148,87,88,0,88,0
2021-05-14,Amador,005,37829,3657,3665,32,3697,46
2021-05-14,Butte,007,227075,12439,12076,1786,13862,192
2021-05-14,Calaveras,009,45235,2130,2121,13,2134,53
2021-05-14,Colusa,011,21464,1937,1940,300,2240,14
2021-05-14,Contra Costa,013,1133247,69089,68589,1241,69830,806
2021-05-14,Del Norte,015,27424,1394,1355,12,1367,8
2021-05-14,El Dorado,017,186661,10210,10143,731,10874,113
2021-05-14,Fresno,019,978130,102347,101917,8555,110472,1688
2021-05-14,Glenn,021,27897,2422,2398,552,2950,17
2021-05-14,Humboldt,023,135768,4136,4050,34,4084,37
2021-05-14,Imperial,025,180216,28539,28485,2674,31159,728
2021-05-14,Inyo,027,18085,1404,1400,12,1412,36
2021-05-14,Kern,029,883053,97038,96033,10673,106706,1311
2021-05-14,Kings,031,150075,23118,22910,1063,23973,246
2021-05-14,Lake,033,64148,3499,3483,9,3492,43
2021-05-14,Lassen,035,31185,5190,5154,107,5261,6
2021-05-14,Los Angeles,037,10098052,1205153,1196038,40683,1236721,24101
2021-05-14,Madera,039,155013,16573,16474,918,17392,238
2021-05-14,Marin,041,260295,14058,14010,246,14256,227
2021-05-14,Mariposa,043,17540,428,422,11,433,5
2021-05-14,Mendocino,045,87422,3934,3855,81,3936,46
2021-05-14,Merced,047,269075,30849,31010,1024,32034,450
2021-05-14,Modoc,049,8938,371,362,124,486,3
2021-05-14,Mono,051,14174,1253,1265,16,1281,3
2021-05-14,Monterey,053,433212,43105,42973,1832,44805,380
2021-05-14,Napa,055,140530,9879,9883,34,9917,82
2021-05-14,Nevada,057,99092,4778,4745,186,4931,70
2021-05-14,Orange,059,3164182,254973,253855,11173,265028,5028
2021-05-14,Placer,061,380077,23080,22660,1458,24118,287
2021-05-14,Plumas,063,18699,698,680,10,690,4
2021-05-14,Riverside,065,2383286,293597,288140,13795,301935,4433
2021-05-14,Sacramento,067,1510023,105146,104828,1705,106533,1627
2021-05-14,San Benito,069,59416,6046,6064,111,6175,63
2021-05-14,San Bernardino,071,2135413,292778,291834,8888,300722,4721
2021-05-14,San Diego,073,3302833,279796,278853,14813,293666,3732
2021-05-14,San Francisco,075,870044,36564,36771,1250,38021,545
2021-05-14,San Joaquin,077,732212,72751,72160,3452,75612,1359
2021-05-14,San Luis Obispo,079,281455,21296,21051,719,21770,256
2021-05-14,San Mateo,081,765935,42176,42041,462,42503,428
2021-05-14,Santa Barbara,083,443738,34369,34243,1114,35357,456
2021-05-14,Santa Clara,085,1922200,118300,119006,739,119745,2014
2021-05-14,Santa Cruz,087,273765,16195,16130,795,16925,207
2021-05-14,Shasta,089,179085,12149,12130,1528,13658,200
2021-05-14,Sierra,091,2930,56,54,12,66,0
2021-05-14,Siskiyou,093,43540,1883,1779,335,2114,14
2021-05-14,Solano,095,438530,32605,32585,541,33126,252
2021-05-14,Sonoma,097,501317,29865,30007,324,30331,321
2021-05-14,Stanislaus,099,539301,55990,55752,5826,61578,950
2021-05-14,Sutter,101,95872,9391,9433,81,9514,113
2021-05-14,Tehama,103,63373,5032,5005,552,5557,63
2021-05-14,Trinity,105,12862,483,328,87,415,3
2021-05-14,Tulare,107,460477,50093,49060,8823,57883,836
2021-05-14,Tuolumne,109,53932,4016,4060,41,4101,63
2021-05-14,Ventura,111,848112,81195,80628,2938,83566,1014
2021-05-14,Yolo,113,214977,13948,13922,223,14145,210
2021-05-14,Yuba,115,75493,6003,5970,119,6089,47
2021-05-13,Alameda,001,1643700,87604,87557,1896,89453,1250
2021-05-13,Alpine,003,1148,87,88,0,88,0
2021-05-13,Amador,005,37829,3657,3662,32,3694,46
2021-05-13,Butte,007,227075,12424,12051,1785,13836,196
2021-05-13,Calaveras,009,45235,2128,2120,13,2133,53
2021-05-13,Colusa,011,21464,1936,1939,296,2235,14
2021-05-13,Contra Costa,013,1133247,69041,68522,1240,69762,806
2021-05-13,Del Norte,015,27424,1392,1354,12,1366,8
2021-05-13,El Dorado,017,186661,10207,10133,731,10864,112
2021-05-13,Fresno,019,978130,102318,101862,8554,110416,1687
2021-05-13,Glenn,021,27897,2421,2395,552,2947,17
2021-05-13,Humboldt,023,135768,4118,4027,34,4061,37
2021-05-13,Imperial,025,180216,28524,28468,2672,31140,729
2021-05-13,Inyo,027,18085,1404,1400,12,1412,36
2021-05-13,Kern,029,883053,97014,95996,10655,106651,1311
2021-05-13,Kings,031,150075,23117,22904,1063,23967,246
2021-05-13,Lake,033,64148,3498,3479,9,3488,43
2021-05-13,Lassen,035,31185,5190,5152,106,5258,6
2021-05-13,Los Angeles,037,10098052,1204964,1195504,40669,1236173,24083
2021-05-13,Madera,039,155013,16565,16467,918,17385,238
2021-05-13,Marin,041,260295,14053,14004,244,14248,227
2021-05-13,Mariposa,043,17540,428,422,11,433,5
2021-05-13,Mendocino,045,87422,3930,3846,81,3927,46
2021-05-13,Merced,047,269075,30842,30989,1023,32012,450
2021-05-13,Modoc,049,8938,371,362,124,486,3
2021-05-13,Mono,051,14174,1253,1265,16,1281,3
2021-05-13,Monterey,053,433212,43090,42966,1832,44798,380
2021-05-13,Napa,055,140530,9872,9877,34,9911,82
2021-05-13,Nevada,057,99092,4774,4743,185,4928,70
2021-05-13,Orange,059,3164182,254928,253778,11171,264949,5026
2021-05-13,Placer,061,380077,23053,22668,1451,24119,288
2021-05-13,Plumas,063,18699,698,680,10,690,4
2021-05-13,Riverside,065,2383286,293531,288067,13790,301857,4433
2021-05-13,Sacramento,067,1510023,105060,104711,1703,106414,1626
2021-05-13,San Benito,069,59416,6044,6062,111,6173,63
2021-05-13,San Bernardino,071,2135413,292712,291765,8888,300653,4722
2021-05-13,San Diego,073,3302833,279682,278592,14796,293388,3729
2021-05-13,San Francisco,075,870044,36540,36741,1248,37989,544
2021-05-13,San Joaquin,077,732212,72709,72096,3448,75544,1357
2021-05-13,San Luis Obispo,079,281455,21281,21043,718,21761,255
2021-05-13,San Mateo,081,765935,42159,42059,462,42521,426
2021-05-13,Santa Barbara,083,443738,34357,34242,1114,35356,456
2021-05-13,Santa Clara,085,1922200,118273,118952,739,119691,2013
2021-05-13,Santa Cruz,087,273765,16189,16129,795,16924,208
2021-05-13,Shasta,089,179085,12129,12111,1524,13635,200
2021-05-13,Sierra,091,2930,56,54,12,66,0
2021-05-13,Siskiyou,093,43540,1876,1769,332,2101,14
2021-05-13,Solano,095,438530,32592,32548,539,33087,252
2021-05-13,Sonoma,097,501317,29840,29991,324,30315,321
2021-05-13,Stanislaus,099,539301,55953,55678,5820,61498,949
2021-05-13,Sutter,101,95872,9386,9431,80,9511,112
2021-05-13,Tehama,103,63373,5027,4997,552,5549,63
2021-05-13,Trinity,105,12862,482,327,86,413,3
2021-05-13,Tulare,107,460477,50067,49032,8815,57847,837
2021-05-13,Tuolumne,109,53932,4015,4059,41,4100,63
2021-05-13,Ventura,111,848112,81165,80615,2937,83552,1012
2021-05-13,Yolo,113,214977,13939,13914,221,14135,210
2021-05-13,Yuba,115,75493,5994,5962,119,6081,47
2021-05-12,Alameda,001,1643700,87572,87482,1894,89376,1261
2021-05-12,Alpine,003,1148,87,88,0,88,0
2021-05-12,Amador,005,37829,3657,3658,32,3690,46
2021-05-12,Butte,007,227075,12414,12026,1785,13811,199
2021-05-12,Calaveras,009,45235,2125,2119,13,2132,53
2021-05-12,Colusa,011,21464,1934,1939,295,2234,14
2021-05-12,Contra Costa,013,1133247,68982,68462,1234,69696,805
2021-05-12,Del Norte,015,27424,1390,1352,12,1364,8
2021-05-12,El Dorado,017,186661,10197,10123,731,10854,112
2021-05-12,Fresno,019,978130,102269,101838,8543,110381,1688
2021-05-12,Glenn,021,27897,2418,2391,552,2943,17
2021-05-12,Humboldt,023,135768,4090,3982,34,4016,37
2021-05-12,Imperial,025,180216,28506,28443,2669,31112,726
2021-05-12,Inyo,027,18085,1404,1400,12,1412,36
2021-05-12,Kern,029,883053,96978,95955,10648,106603,1310
2021-05-12,Kings,031,150075,23115,22896,1063,23959,246
2021-05-12,Lake,033,64148,3496,3476,9,3485,43
2021-05-12,Lassen,035,31185,5188,5151,106,5257,6
2021-05-12,Los Angeles,037,10098052,1204780,1195318,40653,1235971,24067
2021-05-12,Madera,039,155013,16558,16462,917,17379,238
2021-05-12,Marin,041,260295,14048,13997,244,14241,227
2021-05-12,Mariposa,043,17540,428,422,11,433,5
2021-05-12,Mendocino,045,87422,3920,3836,81,3917,46
2021-05-12,Merced,047,269075,30826,30941,1023,31964,450
2021-05-12,Modoc,049,8938,370,362,124,486,3
2021-05-12,Mono,051,14174,1253,1265,16,1281,3
2021-05-12,Monterey,053,433212,43078,42950,1831,44781,380
2021-05-12,Napa,055,140530,9866,9870,34,9904,82
2021-05-12,Nevada,057,99092,4770,4738,185,4923,70
2021-05-12,Orange,059,3164182,254877,253587,11167,264754,5024
2021-05-12,Placer,061,380077,23035,22652,1444,24096,288
2021-05-12,Plumas,063,18699,698,681,10,691,4
2021-05-12,Riverside,065,2383286,293461,287830,13786,301616,4431
2021-05-12,Sacramento,067,1510023,104965,104592,1701,106293,1621
2021-05-12,San Benito,069,59416,6044,6062,111,6173,63
2021-05-12,San Bernardino,071,2135413,292663,291505,8883,300388,4715
2021-05-12,San Diego,073,3302833,279578,278402,14775,293177,3729
2021-05-12,San Francisco,075,870044,36520,36720,1247,37967,544
2021-05-12,San Joaquin,077,732212,72655,72043,3444,75487,1356
2021-05-12,San Luis Obispo,079,281455,21271,21021,718,21739,255
2021-05-12,San Mateo,081,765935,42150,42038,461,42499,426
2021-05-12,Santa Barbara,083,443738,34349,34218,1114,35332,456
2021-05-12,Santa Clara,085,1922200,118229,118897,739,119636,2005
2021-05-12,Santa Cruz,087,273765,16183,16123,795,16918,207
2021-05-12,Shasta,089,179085,12109,12092,1522,13614,200
2021-05-12,Sierra,091,2930,56,54,12,66,0
2021-05-12,Siskiyou,093,43540,1872,1760,331,2091,13
2021-05-12,Solano,095,438530,32568,32519,539,33058,252
2021-05-12,Sonoma,097,501317,29828,29976,324,30300,320
2021-05-12,Stanislaus,099,539301,55913,55632,5813,61445,919
2021-05-12,Sutter,101,95872,9383,9427,80,9507,112
2021-05-12,Tehama,103,63373,5022,4989,552,5541,62
2021-05-12,Trinity,105,12862,482,327,86,413,3
2021-05-12,Tulare,107,460477,50051,49001,8807,57808,838
2021-05-12,Tuolumne,109,53932,4014,4056,41,4097,63
2021-05-12,Ventura,111,848112,81146,80577,2937,83514,1010
2021-05-12,Yolo,113,214977,13931,13910,220,14130,210
2021-05-12,Yuba,115,75493,5991,5956,119,6075,47
2021-05-11,Alameda,001,1643700,87507,87413,1890,89303,1290
2021-05-11,Alpine,003,1148,87,88,0,88,0
2021-05-11,Amador,005,37829,3655,3657,32,3689,46
2021-05-11,Butte,007,227075,12399,12008,1782,13790,199
2021-05-11,Calaveras,009,45235,2125,2118,13,2131,52
2021-05-11,Colusa,011,21464,1933,1939,295,2234,14
2021-05-11,Contra Costa,013,1133247,68922,68406,1233,69639,806
2021-05-11,Del Norte,015,27424,1388,1347,12,1359,8
2021-05-11,El Dorado,017,186661,10191,10108,730,10838,112
2021-05-11,Fresno,019,978130,102223,101792,8538,110330,1686
2021-05-11,Glenn,021,27897,2417,2387,551,2938,17
2021-05-11,Humboldt,023,135768,4069,3964,33,3997,37
2021-05-11,Imperial,025,180216,28498,28413,2665,31078,722
2021-05-11,Inyo,027,18085,1403,1402,12,1414,36
2021-05-11,Kern,029,883053,96950,95938,10635,106573,1310
2021-05-11,Kings,031,150075,23107,22887,1063,23950,246
2021-05-11,Lake,033,64148,3496,3473,9,3482,43
2021-05-11,Lassen,035,31185,5186,5148,106,5254,6
2021-05-11,Los Angeles,037,10098052,1204543,1195100,40636,1235736,24048
2021-05-11,Madera,039,155013,16554,16459,916,17375,238
2021-05-11,Marin,041,260295,14041,13987,244,14231,227
2021-05-11,Mariposa,043,17540,428,421,11,432,5
2021-05-11,Mendocino,045,87422,3912,3821,81,3902,46
2021-05-11,Merced,047,269075,30817,30893,1023,31916,449
2021-05-11,Modoc,049,8938,370,362,123,485,3
2021-05-11,Mono,051,14174,1253,1265,16,1281,3
2021-05-11,Monterey,053,433212,43070,42934,1830,44764,380
2021-05-11,Napa,055,140530,9859,9870,34,9904,81
2021-05-11,Nevada,057,99092,4766,4737,185,4922,70
2021-05-11,Orange,059,3164182,254813,253545,11160,264705,5017
2021-05-11,Placer,061,380077,23013,22615,1440,24055,287
2021-05-11,Plumas,063,18699,696,679,10,689,4
2021-05-11,Riverside,065,2383286,293399,287757,13781,301538,4429
2021-05-11,Sacramento,067,1510023,104866,104496,1698,106194,1616
2021-05-11,San Benito,069,59416,6041,6058,111,6169,63
2021-05-11,San Bernardino,071,2135413,292603,291421,8881,300302,4707
2021-05-11,San Diego,073,3302833,279443,278308,14756,293064,3725
2021-05-11,San Francisco,075,870044,36500,36707,1247,37954,543
2021-05-11,San Joaquin,077,732212,72607,71999,3441,75440,1356
2021-05-11,San Luis Obispo,079,281455,21264,21008,716,21724,255
2021-05-11,San Mateo,081,765935,42131,41985,460,42445,425
2021-05-11,Santa Barbara,083,443738,34339,34207,1114,35321,456
2021-05-11,Santa Clara,085,1922200,118182,118857,738,119595,2005
2021-05-11,Santa Cruz,087,273765,16179,16113,795,16908,206
2021-05-11,Shasta,089,179085,12086,12050,1516,13566,200
2021-05-11,Sierra,091,2930,56,54,12,66,0
2021-05-11,Siskiyou,093,43540,1862,1756,329,2085,13
2021-05-11,Solano,095,438530,32550,32499,537,33036,250
2021-05-11,Sonoma,097,501317,29813,29966,324,30290,318
2021-05-11,Stanislaus,099,539301,55866,55589,5809,61398,909
2021-05-11,Sutter,101,95872,9376,9417,80,9497,112
2021-05-11,Tehama,103,63373,5018,4985,551,5536,62
2021-05-11,Trinity,105,12862,482,327,85,412,3
2021-05-11,Tulare,107,460477,50024,48974,8793,57767,837
2021-05-11,Tuolumne,109,53932,4013,4056,41,4097,63
2021-05-11,Ventura,111,848112,81122,80544,2934,83478,1008
2021-05-11,Yolo,113,214977,13918,13902,217,14119,210
2021-05-11,Yuba,115,75493,5982,5950,119,6069,46
2021-05-10,Alameda,001,1643700,87437,87366,1889,89255,1284
2021-05-10,Alpine,003,1148,87,88,0,88,0
2021-05-10,Amador,005,37829,3654,3657,32,3689,46
2021-05-10,Butte,007,227075,12383,11993,1778,13771,199
2021-05-10,Calaveras,009,45235,2118,2118,13,2131,52
2021-05-10,Colusa,011,21464,1933,1939,295,2234,14
2021-05-10,Contra Costa,013,1133247,68858,68357,1233,69590,806
2021-05-10,Del Norte,015,27424,1385,1339,12,1351,8
2021-05-10,El Dorado,017,186661,10177,10093,730,10823,113
2021-05-10,Fresno,019,978130,102191,101755,8531,110286,1682
2021-05-10,Glenn,021,27897,2416,2384,550,2934,17
2021-05-10,Humboldt,023,135768,4039,3961,33,3994,36
2021-05-10,Imperial,025,180216,28484,28397,2661,31058,722
2021-05-10,Inyo,027,18085,1403,1401,12,1413,36
2021-05-10,Kern,029,883053,96907,95920,10621,106541,1310
2021-05-10,Kings,031,150075,23096,22884,1062,23946,246
2021-05-10,Lake,033,64148,3488,3471,9,3480,43
2021-05-10,Lassen,035,31185,5182,5148,106,5254,5
2021-05-10,Los Angeles,037,10098052,1204276,1194976,40621,1235597,24030
2021-05-10,Madera,039,155013,16544,16450,916,17366,238
2021-05-10,Marin,041,260295,14038,13981,244,14225,228
2021-05-10,Mariposa,043,17540,427,420,11,431,5
2021-05-10,Mendocino,045,87422,3906,3818,81,3899,46
2021-05-10,Merced,047,269075,30807,30880,1023,31903,448
2021-05-10,Modoc,049,8938,370,361,123,484,3
2021-05-10,Mono,051,14174,1253,1265,16,1281,3
2021-05-10,Monterey,053,433212,43064,42927,1825,44752,380
2021-05-10,Napa,055,140530,9857,9860,34,9894,81
2021-05-10,Nevada,057,99092,4759,4735,185,4920,70
2021-05-10,Orange,059,3164182,254760,253484,11154,264638,5008
2021-05-10,Placer,061,380077,22991,22590,1437,24027,286
2021-05-10,Plumas,063,18699,695,679,10,689,4
2021-05-10,Riverside,065,2383286,293330,287689,13775,301464,4427
2021-05-10,Sacramento,067,1510023,104753,104378,1693,106071,1613
2021-05-10,San Benito,069,59416,6040,6058,111,6169,63
2021-05-10,San Bernardino,071,2135413,292552,291360,8880,300240,4707
2021-05-10,San Diego,073,3302833,279279,278183,14729,292912,3725
2021-05-10,San Francisco,075,870044,36481,36683,1247,37930,543
2021-05-10,San Joaquin,077,732212,72571,71954,3427,75381,1356
2021-05-10,San Luis Obispo,079,281455,21246,20993,715,21708,256
2021-05-10,San Mateo,081,765935,42114,41926,460,42386,424
2021-05-10,Santa Barbara,083,443738,34331,34201,1114,35315,456
2021-05-10,Santa Clara,085,1922200,118123,118822,738,119560,2003
2021-05-10,Santa Cruz,087,273765,16174,16114,795,16909,206
2021-05-10,Shasta,089,179085,12072,12036,1512,13548,200
2021-05-10,Sierra,091,2930,56,54,12,66,0
2021-05-10,Siskiyou,093,43540,1852,1752,327,2079,13
2021-05-10,Solano,095,438530,32530,32466,535,33001,250
2021-05-10,Sonoma,097,501317,29798,29955,323,30278,318
2021-05-10,Stanislaus,099,539301,55791,55541,5803,61344,898
2021-05-10,Sutter,101,95872,9370,9412,80,9492,111
2021-05-10,Tehama,103,63373,5014,4980,551,5531,62
2021-05-10,Trinity,105,12862,482,327,83,410,3
2021-05-10,Tulare,107,460477,50001,48956,8787,57743,837
2021-05-10,Tuolumne,109,53932,4009,4054,40,4094,63
2021-05-10,Ventura,111,848112,81106,80501,2933,83434,1008
2021-05-10,Yolo,113,214977,13906,13898,215,14113,209
2021-05-10,Yuba,115,75493,5980,5942,119,6061,46
2021-05-09,Alameda,001,1643700,87367,87292,1886,89178,1284
2021-05-09,Alpine,003,1148,87,88,0,88,0
2021-05-09,Amador,005,37829,3652,3655,32,3687,46
2021-05-09,Butte,007,227075,12365,11985,1774,13759,199
2021-05-09,Calaveras,009,45235,2117,2116,13,2129,52
2021-05-09,Colusa,011,21464,1932,1940,295,2235,14
2021-05-09,Contra Costa,013,1133247,68795,68302,1231,69533,806
2021-05-09,Del Norte,015,27424,1378,1338,12,1350,8
2021-05-09,El Dorado,017,186661,10163,10089,726,10815,113
2021-05-09,Fresno,019,978130,102153,101729,8522,110251,1682
2021-05-09,Glenn,021,27897,2409,2382,547,2929,17
2021-05-09,Humboldt,023,135768,4019,3950,33,3983,36
2021-05-09,Imperial,025,180216,28461,28388,2653,31041,722
2021-05-09,Inyo,027,18085,1403,1401,11,1412,36
2021-05-09,Kern,029,883053,96879,95903,10611,106514,1310
2021-05-09,Kings,031,150075,23087,22878,1062,23940,246
2021-05-09,Lake,033,64148,3484,3471,9,3480,43
2021-05-09,Lassen,035,31185,5180,5147,106,5253,5
2021-05-09,Los Angeles,037,10098052,1204018,1194820,40606,1235426,24026
2021-05-09,Madera,039,155013,16535,16444,910,17354,238
2021-05-09,Marin,041,260295,14027,13979,243,14222,228
2021-05-09,Mariposa,043,17540,424,420,11,431,5
2021-05-09,Mendocino,045,87422,3896,3814,81,3895,46
2021-05-09,Merced,047,269075,30784,30883,1023,31906,448
2021-05-09,Modoc,049,8938,370,360,123,483,3
2021-05-09,Mono,051,14174,1253,1264,16,1280,3
2021-05-09,Monterey,053,433212,43046,42918,1825,44743,380
2021-05-09,Napa,055,140530,9846,9857,34,9891,81
2021-05-09,Nevada,057,99092,4752,4727,185,4912,70
2021-05-09,Orange,059,3164182,254706,253451,11146,264597,5008
2021-05-09,Placer,061,380077,22965,22566,1434,24000,286
2021-05-09,Plumas,063,18699,694,679,10,689,4
2021-05-09,Riverside,065,2383286,293250,287644,13769,301413,4427
2021-05-09,Sacramento,067,1510023,104604,104309,1687,105996,1612
2021-05-09,San Benito,069,59416,6038,6056,111,6167,63
2021-05-09,San Bernardino,071,2135413,292469,291337,8874,300211,4707
2021-05-09,San Diego,073,3302833,279112,277950,14707,292657,3725
2021-05-09,San Francisco,075,870044,36455,36669,1245,37914,543
2021-05-09,San Joaquin,077,732212,72525,71927,3426,75353,1356
2021-05-09,San Luis Obispo,079,281455,21235,20999,715,21714,256
2021-05-09,San Mateo,081,765935,42084,41903,460,42363,424
2021-05-09,Santa Barbara,083,443738,34318,34196,1113,35309,456
2021-05-09,Santa Clara,085,1922200,118069,118798,737,119535,2003
2021-05-09,Santa Cruz,087,273765,16168,16094,795,16889,206
2021-05-09,Shasta,089,179085,12042,12034,1507,13541,200
2021-05-09,Sierra,091,2930,56,54,12,66,0
2021-05-09,Siskiyou,093,43540,1845,1741,324,2065,13
2021-05-09,Solano,095,438530,32491,32434,533,32967,250
2021-05-09,Sonoma,097,501317,29784,29953,322,30275,318
2021-05-09,Stanislaus,099,539301,55725,55511,5799,61310,898
2021-05-09,Sutter,101,95872,9364,9413,80,9493,111
2021-05-09,Tehama,103,63373,5009,4979,551,5530,62
2021-05-09,Trinity,105,12862,482,327,83,410,3
2021-05-09,Tulare,107,460477,49974,48948,8782,57730,837
2021-05-09,Tuolumne,109,53932,4006,4053,40,4093,63
2021-05-09,Ventura,111,848112,81091,80487,2932,83419,1008
2021-05-09,Yolo,113,214977,13896,13897,214,14111,209
2021-05-09,Yuba,115,75493,5974,5934,119,6053,46
2021-05-08,Alameda,001,1643700,87325,87213,1882,89095,1284
2021-05-08,Alpine,003,1148,87,88,0,88,0
2021-05-08,Amador,005,37829,3650,3652,32,3684,46
2021-05-08,Butte,007,227075,12353,11962,1773,13735,199
2021-05-08,Calaveras,009,45235,2116,2114,13,2127,52
2021-05-08,Colusa,011,21464,1932,1939,295,2234,14
2021-05-08,Contra Costa,013,1133247,68762,68223,1229,69452,803
2021-05-08,Del Norte,015,27424,1375,1335,12,1347,8
2021-05-08,El Dorado,017,186661,10149,10079,726,10805,113
2021-05-08,Fresno,019,978130,102117,101676,8517,110193,1682
2021-05-08,Glenn,021,27897,2407,2382,545,2927,17
2021-05-08,Humboldt,023,135768,4003,3939,33,3972,36
2021-05-08,Imperial,025,180216,28453,28373,2653,31026,721
2021-05-08,Inyo,027,18085,1403,1402,11,1413,36
2021-05-08,Kern,029,883053,96854,95880,10598,106478,1310
2021-05-08,Kings,031,150075,23084,22872,1061,23933,246
2021-05-08,Lake,033,64148,3483,3470,9,3479,43
2021-05-08,Lassen,035,31185,5179,5145,106,5251,5
2021-05-08,Los Angeles,037,10098052,1203864,1194584,40590,1235174,24022
2021-05-08,Madera,039,155013,16531,16442,910,17352,238
2021-05-08,Marin,041,260295,14024,13974,242,14216,228
2021-05-08,Mariposa,043,17540,424,420,11,431,5
2021-05-08,Mendocino,045,87422,3891,3810,80,3890,46
2021-05-08,Merced,047,269075,30775,30876,1023,31899,448
2021-05-08,Modoc,049,8938,370,360,122,482,3
2021-05-08,Mono,051,14174,1253,1262,16,1278,3
2021-05-08,Monterey,053,433212,43041,42914,1824,44738,380
2021-05-08,Napa,055,140530,9839,9853,34,9887,81
2021-05-08,Nevada,057,99092,4749,4716,185,4901,70
2021-05-08,Orange,059,3164182,254672,253412,11142,264554,5006
2021-05-08,Placer,061,380077,22947,22547,1432,23979,286
2021-05-08,Plumas,063,18699,693,679,10,689,4
2021-05-08,Riverside,065,2383286,293207,287574,13767,301341,4427
2021-05-08,Sacramento,067,1510023,104519,104208,1684,105892,1610
2021-05-08,San Benito,069,59416,6037,6048,111,6159,63
2021-05-08,San Bernardino,071,2135413,292426,291296,8874,300170,4707
2021-05-08,San Diego,073,3302833,279029,277760,14689,292449,3725
2021-05-08,San Francisco,075,870044,36432,36642,1245,37887,543
2021-05-08,San Joaquin,077,732212,72496,71869,3417,75286,1356
2021-05-08,San Luis Obispo,079,281455,21224,20992,715,21707,256
2021-05-08,San Mateo,081,765935,42073,41871,460,42331,424
2021-05-08,Santa Barbara,083,443738,34305,34185,1113,35298,456
2021-05-08,Santa Clara,085,1922200,118038,118751,737,119488,2003
2021-05-08,Santa Cruz,087,273765,16165,16089,795,16884,206
2021-05-08,Shasta,089,179085,12032,12030,1503,13533,200
2021-05-08,Sierra,091,2930,56,54,12,66,0
2021-05-08,Siskiyou,093,43540,1844,1741,320,2061,13
2021-05-08,Solano,095,438530,32467,32395,531,32926,249
2021-05-08,Sonoma,097,501317,29771,29942,322,30264,318
2021-05-08,Stanislaus,099,539301,55694,55467,5795,61262,898
2021-05-08,Sutter,101,95872,9361,9413,80,9493,111
2021-05-08,Tehama,103,63373,5007,4977,551,5528,62
2021-05-08,Trinity,105,12862,482,327,83,410,3
2021-05-08,Tulare,107,460477,49960,48929,8772,57701,837
2021-05-08,Tuolumne,109,53932,4005,4050,40,4090,63
2021-05-08,Ventura,111,848112,81080,80481,2929,83410,1008
2021-05-08,Yolo,113,214977,13893,13894,213,14107,209
2021-05-08,Yuba,115,75493,5966,5928,119,6047,46
2021-05-07,Alameda,001,1643700,87272,87128,1882,89010,1280
2021-05-07,Alpine,003,1148,87,88,0,88,0
2021-05-07,Amador,005,37829,3647,3651,32,3683,46
2021-05-07,Butte,007,227075,12332,11943,1770,13713,199
2021-05-07,Calaveras,009,45235,2114,2114,13,2127,52
2021-05-07,Colusa,011,21464,1932,1937,295,2232,14
2021-05-07,Contra Costa,013,1133247,68715,68156,1227,69383,804
2021-05-07,Del Norte,015,27424,1370,1329,12,1341,8
2021-05-07,El Dorado,017,186661,10136,10065,724,10789,112
2021-05-07,Fresno,019,978130,102084,101625,8516,110141,1684
2021-05-07,Glenn,021,27897,2404,2381,544,2925,17
2021-05-07,Humboldt,023,135768,3988,3919,33,3952,36
2021-05-07,Imperial,025,180216,28445,28352,2653,31005,721
2021-05-07,Inyo,027,18085,1403,1402,11,1413,36
2021-05-07,Kern,029,883053,96841,95839,10586,106425,1308
2021-05-07,Kings,031,150075,23083,22857,1060,23917,246
2021-05-07,Lake,033,64148,3481,3467,9,3476,43
2021-05-07,Lassen,035,31185,5178,5144,105,5249,5
2021-05-07,Los Angeles,037,10098052,1203684,1194294,40583,1234877,24008
2021-05-07,Madera,039,155013,16526,16439,910,17349,238
2021-05-07,Marin,041,260295,14020,13968,242,14210,228
2021-05-07,Mariposa,043,17540,423,419,11,430,5
2021-05-07,Mendocino,045,87422,3885,3805,80,3885,46
2021-05-07,Merced,047,269075,30772,30862,1023,31885,446
2021-05-07,Modoc,049,8938,370,360,122,482,3
2021-05-07,Mono,051,14174,1252,1261,16,1277,3
2021-05-07,Monterey,053,433212,43035,42909,1822,44731,380
2021-05-07,Napa,055,140530,9838,9849,34,9883,81
2021-05-07,Nevada,057,99092,4745,4704,185,4889,70
2021-05-07,Orange,059,3164182,254632,253338,11134,264472,5000
2021-05-07,Placer,061,380077,22927,22524,1430,23954,286
2021-05-07,Plumas,063,18699,693,678,10,688,4
2021-05-07,Riverside,065,2383286,293149,287479,13766,301245,4426
2021-05-07,Sacramento,067,1510023,104447,104068,1679,105747,1609
2021-05-07,San Benito,069,59416,6036,6048,111,6159,63
2021-05-07,San Bernardino,071,2135413,292384,291185,8869,300054,4697
2021-05-07,San Diego,073,3302833,278943,277534,14673,292207,3718
2021-05-07,San Francisco,075,870044,36419,36616,1244,37860,543
2021-05-07,San Joaquin,077,732212,72456,71804,3415,75219,1351
2021-05-07,San Luis Obispo,079,281455,21217,20979,715,21694,256
2021-05-07,San Mateo,081,765935,42058,41844,460,42304,424
2021-05-07,Santa Barbara,083,443738,34295,34166,1113,35279,453
2021-05-07,Santa Clara,085,1922200,118005,118691,736,119427,2002
2021-05-07,Santa Cruz,087,273765,16162,16074,795,16869,206
2021-05-07,Shasta,089,179085,12010,12005,1501,13506,200
2021-05-07,Sierra,091,2930,56,54,12,66,0
2021-05-07,Siskiyou,093,43540,1841,1723,320,2043,13
2021-05-07,Solano,095,438530,32439,32352,529,32881,249
2021-05-07,Sonoma,097,501317,29753,29925,320,30245,318
2021-05-07,Stanislaus,099,539301,55653,55407,5790,61197,896
2021-05-07,Sutter,101,95872,9361,9407,80,9487,111
2021-05-07,Tehama,103,63373,5000,4974,551,5525,57
2021-05-07,Trinity,105,12862,482,327,83,410,3
2021-05-07,Tulare,107,460477,49943,48913,8767,57680,837
2021-05-07,Tuolumne,109,53932,4003,4048,40,4088,63
2021-05-07,Ventura,111,848112,81056,80444,2929,83373,1008
2021-05-07,Yolo,113,214977,13887,13875,212,14087,209
2021-05-07,Yuba,115,75493,5956,5910,119,6029,46
2021-05-06,Alameda,001,1643700,87196,87028,1879,88907,1278
2021-05-06,Alpine,003,1148,87,88,0,88,0
2021-05-06,Amador,005,37829,3645,3650,32,3682,46
2021-05-06,Butte,007,227075,12312,11929,1765,13694,198
2021-05-06,Calaveras,009,45235,2114,2111,13,2124,52
2021-05-06,Colusa,011,21464,1932,1935,295,2230,14
2021-05-06,Contra Costa,013,1133247,68660,68076,1224,69300,802
2021-05-06,Del Norte,015,27424,1362,1324,12,1336,6
2021-05-06,El Dorado,017,186661,10129,10048,724,10772,112
2021-05-06,Fresno,019,978130,102040,101536,8512,110048,1680
2021-05-06,Glenn,021,27897,2403,2380,543,2923,17
2021-05-06,Humboldt,023,135768,3963,3898,33,3931,36
2021-05-06,Imperial,025,180216,28434,28311,2652,30963,720
2021-05-06,Inyo,027,18085,1403,1401,11,1412,36
2021-05-06,Kern,029,883053,96816,95801,10569,106370,1307
2021-05-06,Kings,031,150075,23076,22848,1059,23907,246
2021-05-06,Lake,033,64148,3480,3465,9,3474,43
2021-05-06,Lassen,035,31185,5177,5143,105,5248,1
2021-05-06,Los Angeles,037,10098052,1203442,1193954,40567,1234521,23991
2021-05-06,Madera,039,155013,16518,16430,910,17340,238
2021-05-06,Marin,041,260295,14016,13956,242,14198,228
2021-05-06,Mariposa,043,17540,422,419,11,430,5
2021-05-06,Mendocino,045,87422,3874,3802,80,3882,46
2021-05-06,Merced,047,269075,30757,30863,1022,31885,444
2021-05-06,Modoc,049,8938,370,360,122,482,3
2021-05-06,Mono,051,14174,1250,1261,16,1277,3
2021-05-06,Monterey,053,433212,43020,42899,1822,44721,379
2021-05-06,Napa,055,140530,9832,9843,34,9877,81
2021-05-06,Nevada,057,99092,4744,4687,185,4872,70
2021-05-06,Orange,059,3164182,254564,253286,11128,264414,4991
2021-05-06,Placer,061,380077,22905,22493,1430,23923,286
2021-05-06,Plumas,063,18699,693,678,10,688,4
2021-05-06,Riverside,065,2383286,293076,287399,13761,301160,4422
2021-05-06,Sacramento,067,1510023,104331,103956,1676,105632,1609
2021-05-06,San Benito,069,59416,6035,6045,111,6156,63
2021-05-06,San Bernardino,071,2135413,292314,291085,8868,299953,4683
2021-05-06,San Diego,073,3302833,278816,277324,14650,291974,3716
2021-05-06,San Francisco,075,870044,36404,36599,1244,37843,543
2021-05-06,San Joaquin,077,732212,72401,71729,3412,75141,1350
2021-05-06,San Luis Obispo,079,281455,21205,20965,713,21678,256
2021-05-06,San Mateo,081,765935,42039,41802,459,42261,424
2021-05-06,Santa Barbara,083,443738,34282,34152,1113,35265,453
2021-05-06,Santa Clara,085,1922200,117964,118591,736,119327,2001
2021-05-06,Santa Cruz,087,273765,16155,16050,795,16845,206
2021-05-06,Shasta,089,179085,11988,11983,1495,13478,199
2021-05-06,Sierra,091,2930,56,54,12,66,0
2021-05-06,Siskiyou,093,43540,1831,1711,319,2030,12
2021-05-06,Solano,095,438530,32413,32320,521,32841,249
2021-05-06,Sonoma,097,501317,29745,29911,320,30231,318
2021-05-06,Stanislaus,099,539301,55597,55323,5785,61108,834
2021-05-06,Sutter,101,95872,9355,9396,80,9476,111
2021-05-06,Tehama,103,63373,4995,4970,551,5521,53
2021-05-06,Trinity,105,12862,482,327,83,410,3
2021-05-06,Tulare,107,460477,49918,48890,8752,57642,836
2021-05-06,Tuolumne,109,53932,3999,4047,40,4087,63
2021-05-06,Ventura,111,848112,81025,80411,2926,83337,1005
2021-05-06,Yolo,113,214977,13879,13871,209,14080,209
2021-05-06,Yuba,115,75493,5944,5901,119,6020,46
2021-05-05,Alameda,001,1643700,87134,86950,1877,88827,1278
2021-05-05,Alpine,003,1148,87,88,0,88,0
2021-05-05,Amador,005,37829,3642,3650,32,3682,46
2021-05-05,Butte,007,227075,12294,11907,1762,13669,198
2021-05-05,Calaveras,009,45235,2110,2103,13,2116,52
2021-05-05,Colusa,011,21464,1931,1933,295,2228,14
2021-05-05,Contra Costa,013,1133247,68595,67997,1220,69217,803
2021-05-05,Del Norte,015,27424,1359,1317,12,1329,6
2021-05-05,El Dorado,017,186661,10118,10020,723,10743,111
2021-05-05,Fresno,019,978130,101990,101491,8503,109994,1680
2021-05-05,Glenn,021,27897,2400,2380,542,2922,17
2021-05-05,Humboldt,023,135768,3944,3886,32,3918,36
2021-05-05,Imperial,025,180216,28393,28295,2645,30940,720
2021-05-05,Inyo,027,18085,1402,1401,11,1412,36
2021-05-05,Kern,029,883053,96772,95753,10565,106318,1304
2021-05-05,Kings,031,150075,23070,22840,1058,23898,246
2021-05-05,Lake,033,64148,3477,3458,9,3467,43
2021-05-05,Lassen,035,31185,5177,5143,104,5247,1
2021-05-05,Los Angeles,037,10098052,1203175,1193608,40553,1234161,23977
2021-05-05,Madera,039,155013,16516,16423,910,17333,235
2021-05-05,Marin,041,260295,14008,13950,241,14191,228
2021-05-05,Mariposa,043,17540,422,418,11,429,5
2021-05-05,Mendocino,045,87422,3870,3799,80,3879,46
2021-05-05,Merced,047,269075,30736,30844,1022,31866,444
2021-05-05,Modoc,049,8938,369,361,121,482,3
2021-05-05,Mono,051,14174,1250,1260,16,1276,3
2021-05-05,Monterey,053,433212,43007,42870,1819,44689,379
2021-05-05,Napa,055,140530,9826,9833,34,9867,81
2021-05-05,Nevada,057,99092,4741,4666,185,4851,70
2021-05-05,Orange,059,3164182,254506,253237,11123,264360,4978
2021-05-05,Placer,061,380077,22873,22362,1426,23788,287
2021-05-05,Plumas,063,18699,693,677,10,687,4
2021-05-05,Riverside,065,2383286,292981,287353,13752,301105,4414
2021-05-05,Sacramento,067,1510023,104243,103476,1671,105147,1607
2021-05-05,San Benito,069,59416,6026,6046,111,6157,63
2021-05-05,San Bernardino,071,2135413,292239,291008,8864,299872,4677
2021-05-05,San Diego,073,3302833,278679,277098,14631,291729,3716
2021-05-05,San Francisco,075,870044,36390,36577,1243,37820,543
2021-05-05,San Joaquin,077,732212,72348,71638,3409,75047,1345
2021-05-05,San Luis Obispo,079,281455,21197,20958,713,21671,256
2021-05-05,San Mateo,081,765935,42010,41755,458,42213,415
2021-05-05,Santa Barbara,083,443738,34267,34139,1112,35251,453
2021-05-05,Santa Clara,085,1922200,117934,118482,733,119215,1992
2021-05-05,Santa Cruz,087,273765,16149,16013,795,16808,207
2021-05-05,Shasta,089,179085,11972,11939,1491,13430,200
2021-05-05,Sierra,091,2930,56,54,12,66,0
2021-05-05,Siskiyou,093,43540,1814,1706,311,2017,11
2021-05-05,Solano,095,438530,32378,32250,519,32769,249
2021-05-05,Sonoma,097,501317,29732,29879,320,30199,318
2021-05-05,Stanislaus,099,539301,55540,55231,5783,61014,807
2021-05-05,Sutter,101,95872,9349,9387,80,9467,111
2021-05-05,Tehama,103,63373,4991,4968,551,5519,53
2021-05-05,Trinity,105,12862,482,326,83,409,3
2021-05-05,Tulare,107,460477,49894,48875,8745,57620,835
2021-05-05,Tuolumne,109,53932,3996,4040,40,4080,63
2021-05-05,Ventura,111,848112,80997,80372,2922,83294,1005
2021-05-05,Yolo,113,214977,13875,13846,207,14053,209
2021-05-05,Yuba,115,75493,5934,5895,118,6013,44
2021-05-04,Alameda,001,1643700,87042,86894,1877,88771,1277
2021-05-04,Alpine,003,1148,87,88,0,88,0
2021-05-04,Amador,005,37829,3642,3650,32,3682,46
2021-05-04,Butte,007,227075,12270,11883,1761,13644,198
2021-05-04,Calaveras,009,45235,2106,2100,13,2113,52
2021-05-04,Colusa,011,21464,1930,1933,295,2228,14
2021-05-04,Contra Costa,013,1133247,68515,67931,1218,69149,799
2021-05-04,Del Norte,015,27424,1359,1314,12,1326,6
2021-05-04,El Dorado,017,186661,10107,10009,719,10728,110
2021-05-04,Fresno,019,978130,101935,101451,8496,109947,1677
2021-05-04,Glenn,021,27897,2397,2379,539,2918,17
2021-05-04,Humboldt,023,135768,3918,3877,32,3909,36
2021-05-04,Imperial,025,180216,28373,28276,2642,30918,720
2021-05-04,Inyo,027,18085,1402,1399,11,1410,36
2021-05-04,Kern,029,883053,96736,95720,10547,106267,1301
2021-05-04,Kings,031,150075,23056,22822,1055,23877,246
2021-05-04,Lake,033,64148,3476,3454,9,3463,43
2021-05-04,Lassen,035,31185,5176,5142,104,5246,1
2021-05-04,Los Angeles,037,10098052,1202885,1193453,40540,1233993,23957
2021-05-04,Madera,039,155013,16515,16418,910,17328,235
2021-05-04,Marin,041,260295,14000,13935,241,14176,228
2021-05-04,Mariposa,043,17540,422,418,11,429,5
2021-05-04,Mendocino,045,87422,3865,3794,80,3874,46
2021-05-04,Merced,047,269075,30719,30829,1022,31851,444
2021-05-04,Modoc,049,8938,368,360,120,480,3
2021-05-04,Mono,051,14174,1250,1260,16,1276,3
2021-05-04,Monterey,053,433212,42995,42845,1818,44663,380
2021-05-04,Napa,055,140530,9817,9824,34,9858,81
2021-05-04,Nevada,057,99092,4734,4656,185,4841,70
2021-05-04,Orange,059,3164182,254438,253177,11115,264292,4977
2021-05-04,Placer,061,380077,22845,22326,1423,23749,287
2021-05-04,Plumas,063,18699,692,675,10,685,4
2021-05-04,Riverside,065,2383286,292897,287285,13745,301030,4411
2021-05-04,Sacramento,067,1510023,104114,103383,1666,105049,1604
2021-05-04,San Benito,069,59416,6025,6039,111,6150,63
2021-05-04,San Bernardino,071,2135413,292162,290934,8857,299791,4668
2021-05-04,San Diego,073,3302833,278512,276879,14614,291493,3713
2021-05-04,San Francisco,075,870044,36372,36550,1243,37793,541
2021-05-04,San Joaquin,077,732212,72287,71582,3404,74986,1342
2021-05-04,San Luis Obispo,079,281455,21191,20923,711,21634,255
2021-05-04,San Mateo,081,765935,41984,41708,458,42166,415
2021-05-04,Santa Barbara,083,443738,34252,34131,1111,35242,453
2021-05-04,Santa Clara,085,1922200,117871,118431,732,119163,1988
2021-05-04,Santa Cruz,087,273765,16143,16005,795,16800,207
2021-05-04,Shasta,089,179085,11952,11923,1485,13408,198
2021-05-04,Sierra,091,2930,56,54,12,66,0
2021-05-04,Siskiyou,093,43540,1807,1694,309,2003,11
2021-05-04,Solano,095,438530,32337,32220,517,32737,249
2021-05-04,Sonoma,097,501317,29712,29867,319,30186,318
2021-05-04,Stanislaus,099,539301,55484,55165,5780,60945,807
2021-05-04,Sutter,101,95872,9344,9375,80,9455,111
2021-05-04,Tehama,103,63373,4988,4959,550,5509,53
2021-05-04,Trinity,105,12862,482,326,83,409,3
2021-05-04,Tulare,107,460477,49867,48857,8737,57594,835
2021-05-04,Tuolumne,109,53932,3994,4041,40,4081,61
2021-05-04,Ventura,111,848112,80968,80351,2920,83271,1005
2021-05-04,Yolo,113,214977,13862,13820,205,14025,208
2021-05-04,Yuba,115,75493,5928,5891,118,6009,44
2021-05-03,Alameda,001,1643700,86966,86845,1872,88717,1272
2021-05-03,Alpine,003,1148,87,88,0,88,0
2021-05-03,Amador,005,37829,3642,3651,32,3683,46
2021-05-03,Butte,007,227075,12260,11864,1758,13622,198
2021-05-03,Calaveras,009,45235,2104,2099,13,2112,50
2021-05-03,Colusa,011,21464,1929,1931,293,2224,14
2021-05-03,Contra Costa,013,1133247,68456,67895,1214,69109,799
2021-05-03,Del Norte,015,27424,1354,1306,11,1317,6
2021-05-03,El Dorado,017,186661,10089,9984,714,10698,110
2021-05-03,Fresno,019,978130,101879,101405,8485,109890,1678
2021-05-03,Glenn,021,27897,2397,2375,538,2913,17
2021-05-03,Humboldt,023,135768,3903,3865,32,3897,36
2021-05-03,Imperial,025,180216,28351,28280,2639,30919,720
2021-05-03,Inyo,027,18085,1401,1398,11,1409,36
2021-05-03,Kern,029,883053,96699,95693,10536,106229,1299
2021-05-03,Kings,031,150075,23047,22821,1055,23876,246
2021-05-03,Lake,033,64148,3474,3446,9,3455,43
2021-05-03,Lassen,035,31185,5175,5142,104,5246,1
2021-05-03,Los Angeles,037,10098052,1202617,1193261,40514,1233775,23942
2021-05-03,Madera,039,155013,16510,16414,909,17323,235
2021-05-03,Marin,041,260295,13994,13927,241,14168,228
2021-05-03,Mariposa,043,17540,422,418,11,429,5
2021-05-03,Mendocino,045,87422,3858,3792,80,3872,46
2021-05-03,Merced,047,269075,30708,30814,1020,31834,444
2021-05-03,Modoc,049,8938,368,360,120,480,3
2021-05-03,Mono,051,14174,1250,1259,16,1275,3
2021-05-03,Monterey,053,433212,42983,42837,1816,44653,380
2021-05-03,Napa,055,140530,9812,9815,34,9849,81
2021-05-03,Nevada,057,99092,4726,4650,185,4835,70
2021-05-03,Orange,059,3164182,254379,253107,11106,264213,4968
2021-05-03,Placer,061,380077,22814,22289,1417,23706,287
2021-05-03,Plumas,063,18699,691,675,10,685,4
2021-05-03,Riverside,065,2383286,292823,287233,13744,300977,4412
2021-05-03,Sacramento,067,1510023,103961,103303,1656,104959,1602
2021-05-03,San Benito,069,59416,6024,6038,111,6149,63
2021-05-03,San Bernardino,071,2135413,292094,290886,8854,299740,4659
2021-05-03,San Diego,073,3302833,278349,276693,14589,291282,3712
2021-05-03,San Francisco,075,870044,36346,36538,1243,37781,541
2021-05-03,San Joaquin,077,732212,72237,71504,3401,74905,1325
2021-05-03,San Luis Obispo,079,281455,21175,20915,708,21623,254
2021-05-03,San Mateo,081,765935,41961,41689,457,42146,413
2021-05-03,Santa Barbara,083,443738,34240,34119,1111,35230,453
2021-05-03,Santa Clara,085,1922200,117817,118373,731,119104,1988
2021-05-03,Santa Cruz,087,273765,16140,16000,795,16795,207
2021-05-03,Shasta,089,179085,11929,11890,1480,13370,197
2021-05-03,Sierra,091,2930,56,54,12,66,0
2021-05-03,Siskiyou,093,43540,1801,1683,303,1986,11
2021-05-03,Solano,095,438530,32296,32201,516,32717,249
2021-05-03,Sonoma,097,501317,29700,29855,316,30171,318
2021-05-03,Stanislaus,099,539301,55418,55116,5771,60887,774
2021-05-03,Sutter,101,95872,9332,9370,80,9450,111
2021-05-03,Tehama,103,63373,4980,4952,550,5502,53
2021-05-03,Trinity,105,12862,482,326,83,409,3
2021-05-03,Tulare,107,460477,49849,48844,8727,57571,835
2021-05-03,Tuolumne,109,53932,3993,4038,40,4078,61
2021-05-03,Ventura,111,848112,80946,80291,2920,83211,1005
2021-05-03,Yolo,113,214977,13849,13809,203,14012,208
2021-05-03,Yuba,115,75493,5923,5880,118,5998,44
2021-05-02,Alameda,001,1643700,86881,86784,1870,88654,1272
2021-05-02,Alpine,003,1148,87,88,0,88,0
2021-05-02,Amador,005,37829,3642,3650,32,3682,46
2021-05-02,Butte,007,227075,12236,11859,1756,13615,198
2021-05-02,Calaveras,009,45235,2100,2098,13,2111,50
2021-05-02,Colusa,011,21464,1928,1931,292,2223,14
2021-05-02,Contra Costa,013,1133247,68371,67843,1212,69055,800
2021-05-02,Del Norte,015,27424,1347,1305,11,1316,6
2021-05-02,El Dorado,017,186661,10074,9962,713,10675,110
2021-05-02,Fresno,019,978130,101807,101372,8474,109846,1678
2021-05-02,Glenn,021,27897,2396,2374,536,2910,17
2021-05-02,Humboldt,023,135768,3891,3858,31,3889,36
2021-05-02,Imperial,025,180216,28317,28275,2630,30905,721
2021-05-02,Inyo,027,18085,1399,1398,11,1409,36
2021-05-02,Kern,029,883053,96641,95668,10529,106197,1299
2021-05-02,Kings,031,150075,23029,22816,1054,23870,246
2021-05-02,Lake,033,64148,3472,3443,9,3452,43
2021-05-02,Lassen,035,31185,5174,5142,103,5245,1
2021-05-02,Los Angeles,037,10098052,1202265,1193056,40493,1233549,23943
2021-05-02,Madera,039,155013,16504,16410,909,17319,235
2021-05-02,Marin,041,260295,13984,13917,241,14158,228
2021-05-02,Mariposa,043,17540,422,419,11,430,5
2021-05-02,Mendocino,045,87422,3853,3787,80,3867,46
2021-05-02,Merced,047,269075,30688,30793,1016,31809,444
2021-05-02,Modoc,049,8938,367,360,120,480,3
2021-05-02,Mono,051,14174,1249,1259,16,1275,3
2021-05-02,Monterey,053,433212,42969,42837,1815,44652,380
2021-05-02,Napa,055,140530,9808,9805,34,9839,81
2021-05-02,Nevada,057,99092,4710,4635,185,4820,70
2021-05-02,Orange,059,3164182,254305,253025,11092,264117,4968
2021-05-02,Placer,061,380077,22785,22264,1414,23678,287
2021-05-02,Plumas,063,18699,691,675,10,685,4
2021-05-02,Riverside,065,2383286,292723,287197,13734,300931,4412
2021-05-02,Sacramento,067,1510023,103821,103153,1649,104802,1602
2021-05-02,San Benito,069,59416,6019,6037,111,6148,63
2021-05-02,San Bernardino,071,2135413,291995,290859,8852,299711,4655
2021-05-02,San Diego,073,3302833,278153,276521,14562,291083,3712
2021-05-02,San Francisco,075,870044,36320,36522,1243,37765,541
2021-05-02,San Joaquin,077,732212,72173,71447,3395,74842,1325
2021-05-02,San Luis Obispo,079,281455,21154,20910,707,21617,254
2021-05-02,San Mateo,081,765935,41945,41656,456,42112,412
2021-05-02,Santa Barbara,083,443738,34226,34106,1111,35217,453
2021-05-02,Santa Clara,085,1922200,117743,118321,731,119052,1988
2021-05-02,Santa Cruz,087,273765,16135,15995,794,16789,207
2021-05-02,Shasta,089,179085,11913,11885,1472,13357,197
2021-05-02,Sierra,091,2930,56,54,12,66,0
2021-05-02,Siskiyou,093,43540,1790,1661,302,1963,11
2021-05-02,Solano,095,438530,32257,32151,512,32663,249
2021-05-02,Sonoma,097,501317,29678,29842,316,30158,318
2021-05-02,Stanislaus,099,539301,55344,55057,5764,60821,774
2021-05-02,Sutter,101,95872,9326,9363,80,9443,111
2021-05-02,Tehama,103,63373,4975,4950,548,5498,53
2021-05-02,Trinity,105,12862,482,326,83,409,3
2021-05-02,Tulare,107,460477,49831,48834,8719,57553,835
2021-05-02,Tuolumne,109,53932,3990,4038,40,4078,61
2021-05-02,Ventura,111,848112,80908,80284,2919,83203,1005
2021-05-02,Yolo,113,214977,13837,13799,202,14001,208
2021-05-02,Yuba,115,75493,5913,5879,118,5997,44
2021-05-01,Alameda,001,1643700,86838,86704,1867,88571,1270
2021-05-01,Alpine,003,1148,87,88,0,88,0
2021-05-01,Amador,005,37829,3642,3650,32,3682,46
2021-05-01,Butte,007,227075,12222,11845,1751,13596,198
2021-05-01,Calaveras,009,45235,2098,2096,13,2109,50
2021-05-01,Colusa,011,21464,1927,1931,292,2223,14
2021-05-01,Contra Costa,013,1133247,68319,67779,1209,68988,800
2021-05-01,Del Norte,015,27424,1346,1292,11,1303,6
2021-05-01,El Dorado,017,186661,10060,9944,711,10655,110
2021-05-01,Fresno,019,978130,101762,101326,8468,109794,1678
2021-05-01,Glenn,021,27897,2393,2369,535,2904,17
2021-05-01,Humboldt,023,135768,3877,3845,31,3876,36
2021-05-01,Imperial,025,180216,28310,28262,2630,30892,721
2021-05-01,Inyo,027,18085,1399,1397,11,1408,36
2021-05-01,Kern,029,883053,96614,95645,10518,106163,1299
2021-05-01,Kings,031,150075,23026,22797,1053,23850,246
2021-05-01,Lake,033,64148,3470,3441,9,3450,43
2021-05-01,Lassen,035,31185,5172,5142,103,5245,1
2021-05-01,Los Angeles,037,10098052,1202095,1192781,40479,1233260,23946
2021-05-01,Madera,039,155013,16500,16408,909,17317,235
2021-05-01,Marin,041,260295,13977,13902,241,14143,228
2021-05-01,Mariposa,043,17540,422,418,11,429,5
2021-05-01,Mendocino,045,87422,3851,3782,80,3862,46
2021-05-01,Merced,047,269075,30671,30771,1015,31786,444
2021-05-01,Modoc,049,8938,367,361,120,481,3
2021-05-01,Mono,051,14174,1249,1258,16,1274,3
2021-05-01,Monterey,053,433212,42963,42828,1815,44643,379
2021-05-01,Napa,055,140530,9805,9800,34,9834,81
2021-05-01,Nevada,057,99092,4705,4625,185,4810,70
2021-05-01,Orange,059,3164182,254262,252969,11082,264051,4964
2021-05-01,Placer,061,380077,22759,22240,1412,23652,287
2021-05-01,Plumas,063,18699,690,675,10,685,4
2021-05-01,Riverside,065,2383286,292684,287129,13732,300861,4412
2021-05-01,Sacramento,067,1510023,103740,103043,1648,104691,1602
2021-05-01,San Benito,069,59416,6016,6030,111,6141,63
2021-05-01,San Bernardino,071,2135413,291952,290802,8851,299653,4652
2021-05-01,San Diego,073,3302833,278029,276367,14541,290908,3706
2021-05-01,San Francisco,075,870044,36305,36496,1243,37739,541
2021-05-01,San Joaquin,077,732212,72124,71389,3393,74782,1325
2021-05-01,San Luis Obispo,079,281455,21149,20896,707,21603,254
2021-05-01,San Mateo,081,765935,41916,41617,455,42072,411
2021-05-01,Santa Barbara,083,443738,34221,34085,1110,35195,453
2021-05-01,Santa Clara,085,1922200,117691,118265,729,118994,1988
2021-05-01,Santa Cruz,087,273765,16132,15984,794,16778,207
2021-05-01,Shasta,089,179085,11893,11878,1465,13343,197
2021-05-01,Sierra,091,2930,56,53,12,65,0
2021-05-01,Siskiyou,093,43540,1782,1653,301,1954,11
2021-05-01,Solano,095,438530,32227,32124,504,32628,249
2021-05-01,Sonoma,097,501317,29675,29835,316,30151,318
2021-05-01,Stanislaus,099,539301,55309,55005,5758,60763,774
2021-05-01,Sutter,101,95872,9323,9358,80,9438,110
2021-05-01,Tehama,103,63373,4974,4950,547,5497,53
2021-05-01,Trinity,105,12862,482,326,82,408,3
2021-05-01,Tulare,107,460477,49824,48818,8713,57531,835
2021-05-01,Tuolumne,109,53932,3984,4035,40,4075,61
2021-05-01,Ventura,111,848112,80890,80268,2919,83187,1005
2021-05-01,Yolo,113,214977,13830,13784,200,13984,208
2021-05-01,Yuba,115,75493,5911,5875,118,5993,44
2021-04-30,Alameda,001,1643700,86777,86602,1864,88466,1268
2021-04-30,Alpine,003,1148,87,88,0,88,0
2021-04-30,Amador,005,37829,3640,3650,32,3682,46
2021-04-30,Butte,007,227075,12203,11812,1747,13559,197
2021-04-30,Calaveras,009,45235,2097,2087,13,2100,50
2021-04-30,Colusa,011,21464,1927,1931,291,2222,14
2021-04-30,Contra Costa,013,1133247,68271,67684,1206,68890,800
2021-04-30,Del Norte,015,27424,1334,1276,11,1287,6
2021-04-30,El Dorado,017,186661,10046,9906,711,10617,110
2021-04-30,Fresno,019,978130,101716,101263,8464,109727,1670
2021-04-30,Glenn,021,27897,2392,2369,535,2904,17
2021-04-30,Humboldt,023,135768,3864,3834,31,3865,36
2021-04-30,Imperial,025,180216,28301,28244,2627,30871,721
2021-04-30,Inyo,027,18085,1399,1397,11,1408,36
2021-04-30,Kern,029,883053,96597,95605,10514,106119,1298
2021-04-30,Kings,031,150075,23023,22793,1052,23845,246
2021-04-30,Lake,033,64148,3466,3440,9,3449,43
2021-04-30,Lassen,035,31185,5171,5140,103,5243,1
2021-04-30,Los Angeles,037,10098052,1201883,1192393,40466,1232859,23919
2021-04-30,Madera,039,155013,16494,16395,909,17304,235
2021-04-30,Marin,041,260295,13969,13895,239,14134,228
2021-04-30,Mariposa,043,17540,422,417,11,428,5
2021-04-30,Mendocino,045,87422,3847,3777,80,3857,46
2021-04-30,Merced,047,269075,30658,30740,1014,31754,444
2021-04-30,Modoc,049,8938,366,360,120,480,3
2021-04-30,Mono,051,14174,1249,1258,16,1274,3
2021-04-30,Monterey,053,433212,42949,42810,1814,44624,379
2021-04-30,Napa,055,140530,9801,9792,34,9826,81
2021-04-30,Nevada,057,99092,4697,4608,185,4793,70
2021-04-30,Orange,059,3164182,254205,252883,11076,263959,4956
2021-04-30,Placer,061,380077,22740,22190,1408,23598,287
2021-04-30,Plumas,063,18699,690,677,10,687,4
2021-04-30,Riverside,065,2383286,292626,287030,13725,300755,4412
2021-04-30,Sacramento,067,1510023,103639,102864,1644,104508,1596
2021-04-30,San Benito,069,59416,6012,6024,110,6134,63
2021-04-30,San Bernardino,071,2135413,291892,290704,8850,299554,4640
2021-04-30,San Diego,073,3302833,277933,276157,14530,290687,3702
2021-04-30,San Francisco,075,870044,36294,36453,1242,37695,538
2021-04-30,San Joaquin,077,732212,72072,71311,3390,74701,1306
2021-04-30,San Luis Obispo,079,281455,21143,20884,707,21591,255
2021-04-30,San Mateo,081,765935,41902,41583,454,42037,380
2021-04-30,Santa Barbara,083,443738,34208,34061,1110,35171,451
2021-04-30,Santa Clara,085,1922200,117633,118170,725,118895,1988
2021-04-30,Santa Cruz,087,273765,16127,15975,794,16769,207
2021-04-30,Shasta,089,179085,11872,11848,1462,13310,197
2021-04-30,Sierra,091,2930,56,53,12,65,0
2021-04-30,Siskiyou,093,43540,1771,1628,298,1926,11
2021-04-30,Solano,095,438530,32195,32050,501,32551,249
2021-04-30,Sonoma,097,501317,29665,29816,314,30130,318
2021-04-30,Stanislaus,099,539301,55258,54938,5755,60693,774
2021-04-30,Sutter,101,95872,9321,9353,80,9433,110
2021-04-30,Tehama,103,63373,4971,4944,547,5491,53
2021-04-30,Trinity,105,12862,482,326,82,408,3
2021-04-30,Tulare,107,460477,49814,48797,8697,57494,836
2021-04-30,Tuolumne,109,53932,3983,4033,40,4073,61
2021-04-30,Ventura,111,848112,80850,80232,2914,83146,1004
2021-04-30,Yolo,113,214977,13818,13756,200,13956,208
2021-04-30,Yuba,115,75493,5903,5870,118,5988,44
2021-04-29,Alameda,001,1643700,86710,86490,1863,88353,1263
2021-04-29,Alpine,003,1148,87,88,0,88,0
2021-04-29,Amador,005,37829,3640,3649,32,3681,46
2021-04-29,Butte,007,227075,12188,11787,1745,13532,196
2021-04-29,Calaveras,009,45235,2094,2082,13,2095,50
2021-04-29,Colusa,011,21464,1927,1929,291,2220,14
2021-04-29,Contra Costa,013,1133247,68216,67606,1203,68809,795
2021-04-29,Del Norte,015,27424,1330,1271,11,1282,6
2021-04-29,El Dorado,017,186661,10026,9884,708,10592,107
2021-04-29,Fresno,019,978130,101662,101189,8453,109642,1667
2021-04-29,Glenn,021,27897,2389,2369,535,2904,17
2021-04-29,Humboldt,023,135768,3850,3815,31,3846,36
2021-04-29,Imperial,025,180216,28289,28235,2626,30861,720
2021-04-29,Inyo,027,18085,1399,1396,11,1407,36
2021-04-29,Kern,029,883053,96564,95547,10510,106057,1295
2021-04-29,Kings,031,150075,23013,22777,1047,23824,245
2021-04-29,Lake,033,64148,3458,3438,9,3447,43
2021-04-29,Lassen,035,31185,5171,5140,103,5243,1
2021-04-29,Los Angeles,037,10098052,1201605,1192068,40445,1232513,23899
2021-04-29,Madera,039,155013,16489,16383,908,17291,235
2021-04-29,Marin,041,260295,13965,13884,231,14115,228
2021-04-29,Mariposa,043,17540,421,416,11,427,5
2021-04-29,Mendocino,045,87422,3841,3774,80,3854,46
2021-04-29,Merced,047,269075,30639,30706,1013,31719,444
2021-04-29,Modoc,049,8938,366,360,120,480,3
2021-04-29,Mono,051,14174,1246,1259,16,1275,3
2021-04-29,Monterey,053,433212,42932,42797,1813,44610,379
2021-04-29,Napa,055,140530,9787,9789,34,9823,81
2021-04-29,Nevada,057,99092,4686,4590,185,4775,70
2021-04-29,Orange,059,3164182,254135,252823,11061,263884,4934
2021-04-29,Placer,061,380077,22715,22161,1406,23567,286
2021-04-29,Plumas,063,18699,689,676,10,686,4
2021-04-29,Riverside,065,2383286,292558,286947,13723,300670,4409
2021-04-29,Sacramento,067,1510023,103506,102686,1635,104321,1593
2021-04-29,San Benito,069,59416,6011,6023,110,6133,63
2021-04-29,San Bernardino,071,2135413,291820,290606,8845,299451,4609
2021-04-29,San Diego,073,3302833,277782,275961,14513,290474,3700
2021-04-29,San Francisco,075,870044,36269,36412,1242,37654,537
2021-04-29,San Joaquin,077,732212,72006,71225,3385,74610,1301
2021-04-29,San Luis Obispo,079,281455,21132,20876,707,21583,255
2021-04-29,San Mateo,081,765935,41874,41538,453,41991,358
2021-04-29,Santa Barbara,083,443738,34192,34039,1108,35147,448
2021-04-29,Santa Clara,085,1922200,117578,118082,722,118804,1984
2021-04-29,Santa Cruz,087,273765,16121,15961,794,16755,205
2021-04-29,Shasta,089,179085,11841,11836,1454,13290,193
2021-04-29,Sierra,091,2930,56,53,12,65,0
2021-04-29,Siskiyou,093,43540,1762,1615,295,1910,11
2021-04-29,Solano,095,438530,32154,32002,497,32499,248
2021-04-29,Sonoma,097,501317,29650,29785,311,30096,318
2021-04-29,Stanislaus,099,539301,55191,54836,5750,60586,774
2021-04-29,Sutter,101,95872,9314,9346,80,9426,110
2021-04-29,Tehama,103,63373,4963,4939,547,5486,53
2021-04-29,Trinity,105,12862,482,326,82,408,3
2021-04-29,Tulare,107,460477,49796,48785,8686,57471,832
2021-04-29,Tuolumne,109,53932,3982,4030,40,4070,58
2021-04-29,Ventura,111,848112,80816,80188,2912,83100,1002
2021-04-29,Yolo,113,214977,13798,13745,199,13944,205
2021-04-29,Yuba,115,75493,5893,5865,118,5983,44
2021-04-28,Alameda,001,1643700,86638,86390,1859,88249,1260
2021-04-28,Alpine,003,1148,87,88,0,88,0
2021-04-28,Amador,005,37829,3640,3646,32,3678,46
2021-04-28,Butte,007,227075,12168,11762,1740,13502,196
2021-04-28,Calaveras,009,45235,2090,2078,12,2090,50
2021-04-28,Colusa,011,21464,1924,1927,290,2217,14
2021-04-28,Contra Costa,013,1133247,68156,67539,1201,68740,795
2021-04-28,Del Norte,015,27424,1322,1267,11,1278,6
2021-04-28,El Dorado,017,186661,10001,9873,708,10581,107
2021-04-28,Fresno,019,978130,101615,101161,8443,109604,1666
2021-04-28,Glenn,021,27897,2386,2368,535,2903,17
2021-04-28,Humboldt,023,135768,3834,3796,31,3827,36
2021-04-28,Imperial,025,180216,28275,28177,2625,30802,720
2021-04-28,Inyo,027,18085,1399,1396,10,1406,36
2021-04-28,Kern,029,883053,96535,95494,10501,105995,1295
2021-04-28,Kings,031,150075,23001,22767,1045,23812,245
2021-04-28,Lake,033,64148,3455,3433,9,3442,43
2021-04-28,Lassen,035,31185,5171,5138,103,5241,1
2021-04-28,Los Angeles,037,10098052,1201303,1191729,40418,1232147,23858
2021-04-28,Madera,039,155013,16485,16372,908,17280,235
2021-04-28,Marin,041,260295,13954,13866,231,14097,227
2021-04-28,Mariposa,043,17540,418,415,11,426,5
2021-04-28,Mendocino,045,87422,3835,3770,78,3848,46
2021-04-28,Merced,047,269075,30621,30649,1013,31662,443
2021-04-28,Modoc,049,8938,366,360,120,480,3
2021-04-28,Mono,051,14174,1246,1258,16,1274,3
2021-04-28,Monterey,053,433212,42927,42776,1813,44589,379
2021-04-28,Napa,055,140530,9776,9777,34,9811,81
2021-04-28,Nevada,057,99092,4666,4570,185,4755,70
2021-04-28,Orange,059,3164182,254055,252747,11049,263796,4931
2021-04-28,Placer,061,380077,22688,22115,1405,23520,285
2021-04-28,Plumas,063,18699,689,676,10,686,4
2021-04-28,Riverside,065,2383286,292502,286868,13717,300585,4407
2021-04-28,Sacramento,067,1510023,103384,102613,1631,104244,1591
2021-04-28,San Benito,069,59416,6009,6021,110,6131,63
2021-04-28,San Bernardino,071,2135413,291741,290548,8835,299383,4582
2021-04-28,San Diego,073,3302833,277628,275821,14499,290320,3698
2021-04-28,San Francisco,075,870044,36239,36382,1241,37623,534
2021-04-28,San Joaquin,077,732212,71926,71171,3377,74548,1301
2021-04-28,San Luis Obispo,079,281455,21124,20851,707,21558,255
2021-04-28,San Mateo,081,765935,41849,41498,451,41949,358
2021-04-28,Santa Barbara,083,443738,34178,34003,1108,35111,448
2021-04-28,Santa Clara,085,1922200,117509,117997,720,118717,1969
2021-04-28,Santa Cruz,087,273765,16117,15943,793,16736,205
2021-04-28,Shasta,089,179085,11825,11815,1447,13262,192
2021-04-28,Sierra,091,2930,56,51,12,63,0
2021-04-28,Siskiyou,093,43540,1749,1603,292,1895,11
2021-04-28,Solano,095,438530,32122,31982,492,32474,248
2021-04-28,Sonoma,097,501317,29636,29773,307,30080,318
2021-04-28,Stanislaus,099,539301,55136,54745,5747,60492,774
2021-04-28,Sutter,101,95872,9309,9343,80,9423,110
2021-04-28,Tehama,103,63373,4958,4930,546,5476,53
2021-04-28,Trinity,105,12862,482,326,82,408,3
2021-04-28,Tulare,107,460477,49778,48754,8671,57425,832
2021-04-28,Tuolumne,109,53932,3979,4029,40,4069,58
2021-04-28,Ventura,111,848112,80781,80172,2910,83082,1000
2021-04-28,Yolo,113,214977,13784,13721,198,13919,205
2021-04-28,Yuba,115,75493,5887,5857,118,5975,44
2021-04-27,Alameda,001,1643700,86548,86301,1853,88154,1260
2021-04-27,Alpine,003,1148,87,88,0,88,0
2021-04-27,Amador,005,37829,3640,3645,32,3677,46
2021-04-27,Butte,007,227075,12143,11738,1734,13472,196
2021-04-27,Calaveras,009,45235,2088,2076,12,2088,50
2021-04-27,Colusa,011,21464,1923,1926,290,2216,14
2021-04-27,Contra Costa,013,1133247,68087,67470,1197,68667,791
2021-04-27,Del Norte,015,27424,1310,1266,11,1277,6
2021-04-27,El Dorado,017,186661,9972,9866,705,10571,106
2021-04-27,Fresno,019,978130,101550,101138,8433,109571,1663
2021-04-27,Glenn,021,27897,2386,2368,535,2903,17
2021-04-27,Humboldt,023,135768,3822,3780,31,3811,35
2021-04-27,Imperial,025,180216,28259,28149,2619,30768,720
2021-04-27,Inyo,027,18085,1399,1396,10,1406,36
2021-04-27,Kern,029,883053,96478,95466,10491,105957,1295
2021-04-27,Kings,031,150075,22986,22759,1043,23802,244
2021-04-27,Lake,033,64148,3454,3431,9,3440,43
2021-04-27,Lassen,035,31185,5171,5137,103,5240,1
2021-04-27,Los Angeles,037,10098052,1200980,1191504,40388,1231892,23825
2021-04-27,Madera,039,155013,16478,16365,908,17273,235
2021-04-27,Marin,041,260295,13932,13855,231,14086,227
2021-04-27,Mariposa,043,17540,417,413,11,424,5
2021-04-27,Mendocino,045,87422,3831,3765,78,3843,46
2021-04-27,Merced,047,269075,30580,30620,1013,31633,443
2021-04-27,Modoc,049,8938,365,360,120,480,3
2021-04-27,Mono,051,14174,1246,1257,16,1273,3
2021-04-27,Monterey,053,433212,42909,42752,1810,44562,379
2021-04-27,Napa,055,140530,9769,9774,32,9806,81
2021-04-27,Nevada,057,99092,4651,4557,185,4742,70
2021-04-27,Orange,059,3164182,253985,252667,11044,263711,4925
2021-04-27,Placer,061,380077,22659,22050,1401,23451,285
2021-04-27,Plumas,063,18699,688,675,10,685,4
2021-04-27,Riverside,065,2383286,292426,286820,13713,300533,4405
2021-04-27,Sacramento,067,1510023,103255,102595,1621,104216,1589
2021-04-27,San Benito,069,59416,6004,6016,110,6126,63
2021-04-27,San Bernardino,071,2135413,291674,290461,8830,299291,4575
2021-04-27,San Diego,073,3302833,277471,275685,14479,290164,3692
2021-04-27,San Francisco,075,870044,36211,36358,1240,37598,533
2021-04-27,San Joaquin,077,732212,71873,71104,3371,74475,1301
2021-04-27,San Luis Obispo,079,281455,21117,20841,707,21548,255
2021-04-27,San Mateo,081,765935,41814,41474,450,41924,358
2021-04-27,Santa Barbara,083,443738,34154,33973,1107,35080,448
2021-04-27,Santa Clara,085,1922200,117459,117945,719,118664,1969
2021-04-27,Santa Cruz,087,273765,16110,15905,792,16697,205
2021-04-27,Shasta,089,179085,11797,11802,1440,13242,192
2021-04-27,Sierra,091,2930,56,51,12,63,0
2021-04-27,Siskiyou,093,43540,1734,1597,291,1888,11
2021-04-27,Solano,095,438530,32074,31964,491,32455,248
2021-04-27,Sonoma,097,501317,29618,29761,306,30067,318
2021-04-27,Stanislaus,099,539301,55066,54695,5739,60434,752
2021-04-27,Sutter,101,95872,9304,9342,80,9422,110
2021-04-27,Tehama,103,63373,4955,4922,542,5464,53
2021-04-27,Trinity,105,12862,482,326,82,408,3
2021-04-27,Tulare,107,460477,49761,48744,8662,57406,832
2021-04-27,Tuolumne,109,53932,3976,4028,40,4068,58
2021-04-27,Ventura,111,848112,80752,80152,2908,83060,1000
2021-04-27,Yolo,113,214977,13771,13697,196,13893,205
2021-04-27,Yuba,115,75493,5887,5853,118,5971,44
2021-04-26,Alameda,001,1643700,86454,86230,1850,88080,1256
2021-04-26,Alpine,003,1148,87,88,0,88,0
2021-04-26,Amador,005,37829,3639,3645,32,3677,46
2021-04-26,Butte,007,227075,12119,11720,1730,13450,196
2021-04-26,Calaveras,009,45235,2082,2074,12,2086,50
2021-04-26,Colusa,011,21464,1923,1925,289,2214,14
2021-04-26,Contra Costa,013,1133247,68020,67392,1193,68585,789
2021-04-26,Del Norte,015,27424,1301,1263,11,1274,6
2021-04-26,El Dorado,017,186661,9951,9849,704,10553,106
2021-04-26,Fresno,019,978130,101495,101099,8420,109519,1662
2021-04-26,Glenn,021,27897,2384,2367,535,2902,17
2021-04-26,Humboldt,023,135768,3812,3764,30,3794,35
2021-04-26,Imperial,025,180216,28246,28148,2616,30764,720
2021-04-26,Inyo,027,18085,1398,1396,10,1406,36
2021-04-26,Kern,029,883053,96451,95429,10485,105914,1295
2021-04-26,Kings,031,150075,22983,22756,1040,23796,244
2021-04-26,Lake,033,64148,3449,3428,9,3437,43
2021-04-26,Lassen,035,31185,5171,5138,103,5241,1
2021-04-26,Los Angeles,037,10098052,1200651,1191253,40369,1231622,23802
2021-04-26,Madera,039,155013,16466,16353,907,17260,231
2021-04-26,Marin,041,260295,13917,13849,231,14080,227
2021-04-26,Mariposa,043,17540,416,410,11,421,5
2021-04-26,Mendocino,045,87422,3829,3757,77,3834,46
2021-04-26,Merced,047,269075,30563,30611,1010,31621,443
2021-04-26,Modoc,049,8938,365,360,120,480,3
2021-04-26,Mono,051,14174,1246,1258,16,1274,3
2021-04-26,Monterey,053,433212,42893,42740,1809,44549,379
2021-04-26,Napa,055,140530,9757,9769,32,9801,79
2021-04-26,Nevada,057,99092,4630,4548,185,4733,70
2021-04-26,Orange,059,3164182,253901,252592,11034,263626,4919
2021-04-26,Placer,061,380077,22631,22032,1396,23428,285
2021-04-26,Plumas,063,18699,688,670,10,680,4
2021-04-26,Riverside,065,2383286,292364,286724,13705,300429,4401
2021-04-26,Sacramento,067,1510023,103083,102459,1609,104068,1587
2021-04-26,San Benito,069,59416,6002,6013,110,6123,63
2021-04-26,San Bernardino,071,2135413,291622,290394,8829,299223,4572
2021-04-26,San Diego,073,3302833,277296,275541,14451,289992,3692
2021-04-26,San Francisco,075,870044,36183,36330,1239,37569,532
2021-04-26,San Joaquin,077,732212,71807,71050,3363,74413,1301
2021-04-26,San Luis Obispo,079,281455,21109,20830,706,21536,255
2021-04-26,San Mateo,081,765935,41784,41457,450,41907,357
2021-04-26,Santa Barbara,083,443738,34123,33948,1107,35055,448
2021-04-26,Santa Clara,085,1922200,117359,117874,716,118590,1968
2021-04-26,Santa Cruz,087,273765,16101,15877,792,16669,205
2021-04-26,Shasta,089,179085,11780,11787,1434,13221,192
2021-04-26,Sierra,091,2930,55,51,12,63,0
2021-04-26,Siskiyou,093,43540,1724,1592,288,1880,11
2021-04-26,Solano,095,438530,32029,31913,489,32402,247
2021-04-26,Sonoma,097,501317,29595,29755,304,30059,318
2021-04-26,Stanislaus,099,539301,54976,54638,5733,60371,744
2021-04-26,Sutter,101,95872,9299,9328,80,9408,110
2021-04-26,Tehama,103,63373,4950,4920,539,5459,53
2021-04-26,Trinity,105,12862,482,326,82,408,3
2021-04-26,Tulare,107,460477,49741,48735,8653,57388,831
2021-04-26,Tuolumne,109,53932,3975,4024,40,4064,58
2021-04-26,Ventura,111,848112,80727,80137,2905,83042,999
2021-04-26,Yolo,113,214977,13751,13684,193,13877,205
2021-04-26,Yuba,115,75493,5885,5851,118,5969,44
2021-04-25,Alameda,001,1643700,86353,86162,1844,88006,1256
2021-04-25,Alpine,003,1148,87,87,0,87,0
2021-04-25,Amador,005,37829,3638,3643,32,3675,46
2021-04-25,Butte,007,227075,12090,11709,1723,13432,196
2021-04-25,Calaveras,009,45235,2077,2072,11,2083,50
2021-04-25,Colusa,011,21464,1922,1924,289,2213,14
2021-04-25,Contra Costa,013,1133247,67928,67316,1192,68508,789
2021-04-25,Del Norte,015,27424,1295,1259,11,1270,6
2021-04-25,El Dorado,017,186661,9934,9837,702,10539,106
2021-04-25,Fresno,019,978130,101436,101061,8408,109469,1662
2021-04-25,Glenn,021,27897,2384,2366,535,2901,17
2021-04-25,Humboldt,023,135768,3799,3751,30,3781,35
2021-04-25,Imperial,025,180216,28220,28136,2614,30750,720
2021-04-25,Inyo,027,18085,1398,1396,10,1406,36
2021-04-25,Kern,029,883053,96385,95398,10473,105871,1295
2021-04-25,Kings,031,150075,22969,22755,1038,23793,244
2021-04-25,Lake,033,64148,3447,3427,9,3436,43
2021-04-25,Lassen,035,31185,5169,5138,103,5241,1
2021-04-25,Los Angeles,037,10098052,1200315,1190970,40349,1231319,23799
2021-04-25,Madera,039,155013,16454,16346,907,17253,231
2021-04-25,Marin,041,260295,13908,13852,231,14083,227
2021-04-25,Mariposa,043,17540,416,410,11,421,5
2021-04-25,Mendocino,045,87422,3822,3757,77,3834,46
2021-04-25,Merced,047,269075,30529,30586,1009,31595,443
2021-04-25,Modoc,049,8938,365,360,120,480,3
2021-04-25,Mono,051,14174,1246,1257,16,1273,3
2021-04-25,Monterey,053,433212,42880,42737,1807,44544,379
2021-04-25,Napa,055,140530,9752,9762,32,9794,79
2021-04-25,Nevada,057,99092,4618,4536,185,4721,70
2021-04-25,Orange,059,3164182,253825,252531,11028,263559,4919
2021-04-25,Placer,061,380077,22585,22011,1388,23399,285
2021-04-25,Plumas,063,18699,687,670,10,680,4
2021-04-25,Riverside,065,2383286,292270,286651,13699,300350,4401
2021-04-25,Sacramento,067,1510023,102915,102319,1599,103918,1587
2021-04-25,San Benito,069,59416,6000,6014,109,6123,63
2021-04-25,San Bernardino,071,2135413,291547,290357,8821,299178,4571
2021-04-25,San Diego,073,3302833,277083,275412,14418,289830,3692
2021-04-25,San Francisco,075,870044,36152,36310,1239,37549,532
2021-04-25,San Joaquin,077,732212,71712,70987,3353,74340,1301
2021-04-25,San Luis Obispo,079,281455,21090,20820,704,21524,255
2021-04-25,San Mateo,081,765935,41749,41465,449,41914,356
2021-04-25,Santa Barbara,083,443738,34097,33931,1107,35038,448
2021-04-25,Santa Clara,085,1922200,117280,117778,714,118492,1968
2021-04-25,Santa Cruz,087,273765,16095,15868,790,16658,205
2021-04-25,Shasta,089,179085,11757,11784,1429,13213,192
2021-04-25,Sierra,091,2930,55,51,12,63,0
2021-04-25,Siskiyou,093,43540,1713,1580,286,1866,11
2021-04-25,Solano,095,438530,31982,31864,481,32345,247
2021-04-25,Sonoma,097,501317,29577,29756,304,30060,318
2021-04-25,Stanislaus,099,539301,54880,54543,5725,60268,744
2021-04-25,Sutter,101,95872,9293,9326,80,9406,110
2021-04-25,Tehama,103,63373,4946,4916,537,5453,53
2021-04-25,Trinity,105,12862,482,326,82,408,3
2021-04-25,Tulare,107,460477,49725,48728,8640,57368,831
2021-04-25,Tuolumne,109,53932,3973,4022,40,4062,58
2021-04-25,Ventura,111,848112,80703,80110,2905,83015,999
2021-04-25,Yolo,113,214977,13726,13667,191,13858,205
2021-04-25,Yuba,115,75493,5882,5849,117,5966,44
2021-04-24,Alameda,001,1643700,86298,86016,1842,87858,1257
2021-04-24,Alpine,003,1148,87,86,0,86,0
2021-04-24,Amador,005,37829,3637,3640,32,3672,46
2021-04-24,Butte,007,227075,12074,11678,1721,13399,196
2021-04-24,Calaveras,009,45235,2073,2067,11,2078,50
2021-04-24,Colusa,011,21464,1921,1921,289,2210,14
2021-04-24,Contra Costa,013,1133247,67857,67222,1190,68412,789
2021-04-24,Del Norte,015,27424,1290,1255,11,1266,6
2021-04-24,El Dorado,017,186661,9923,9814,701,10515,106
2021-04-24,Fresno,019,978130,101405,100991,8402,109393,1662
2021-04-24,Glenn,021,27897,2384,2363,535,2898,17
2021-04-24,Humboldt,023,135768,3785,3722,30,3752,35
2021-04-24,Imperial,025,180216,28213,28124,2613,30737,720
2021-04-24,Inyo,027,18085,1397,1396,10,1406,36
2021-04-24,Kern,029,883053,96366,95365,10463,105828,1295
2021-04-24,Kings,031,150075,22966,22749,1038,23787,244
2021-04-24,Lake,033,64148,3446,3426,9,3435,43
2021-04-24,Lassen,035,31185,5168,5137,103,5240,1
2021-04-24,Los Angeles,037,10098052,1200083,1190603,40333,1230936,23802
2021-04-24,Madera,039,155013,16451,16338,907,17245,231
2021-04-24,Marin,041,260295,13900,13847,231,14078,227
2021-04-24,Mariposa,043,17540,416,409,11,420,5
2021-04-24,Mendocino,045,87422,3820,3754,75,3829,46
2021-04-24,Merced,047,269075,30509,30559,1009,31568,443
2021-04-24,Modoc,049,8938,365,360,120,480,3
2021-04-24,Mono,051,14174,1246,1256,16,1272,3
2021-04-24,Monterey,053,433212,42868,42727,1806,44533,379
2021-04-24,Napa,055,140530,9746,9756,32,9788,79
2021-04-24,Nevada,057,99092,4611,4522,185,4707,70
2021-04-24,Orange,059,3164182,253781,252441,11022,263463,4910
2021-04-24,Placer,061,380077,22572,21983,1387,23370,285
2021-04-24,Plumas,063,18699,686,670,10,680,4
2021-04-24,Riverside,065,2383286,292202,286552,13695,300247,4400
2021-04-24,Sacramento,067,1510023,102832,102179,1592,103771,1587
2021-04-24,San Benito,069,59416,5998,6007,109,6116,63
2021-04-24,San Bernardino,071,2135413,291498,290264,8820,299084,4568
2021-04-24,San Diego,073,3302833,276980,275252,14398,289650,3688
2021-04-24,San Francisco,075,870044,36123,36285,1235,37520,532
2021-04-24,San Joaquin,077,732212,71669,70911,3350,74261,1301
2021-04-24,San Luis Obispo,079,281455,21080,20797,703,21500,255
2021-04-24,San Mateo,081,765935,41736,41424,447,41871,355
2021-04-24,Santa Barbara,083,443738,34082,33911,1106,35017,448
2021-04-24,Santa Clara,085,1922200,117225,117674,712,118386,1968
2021-04-24,Santa Cruz,087,273765,16087,15840,790,16630,205
2021-04-24,Shasta,089,179085,11739,11770,1426,13196,192
2021-04-24,Sierra,091,2930,55,51,12,63,0
2021-04-24,Siskiyou,093,43540,1703,1574,285,1859,11
2021-04-24,Solano,095,438530,31959,31821,478,32299,247
2021-04-24,Sonoma,097,501317,29575,29739,304,30043,318
2021-04-24,Stanislaus,099,539301,54831,54455,5722,60177,744
2021-04-24,Sutter,101,95872,9290,9316,80,9396,110
2021-04-24,Tehama,103,63373,4941,4907,537,5444,53
2021-04-24,Trinity,105,12862,482,326,82,408,3
2021-04-24,Tulare,107,460477,49714,48705,8630,57335,830
2021-04-24,Tuolumne,109,53932,3969,4020,40,4060,58
2021-04-24,Ventura,111,848112,80690,80097,2903,83000,999
2021-04-24,Yolo,113,214977,13715,13653,191,13844,205
2021-04-24,Yuba,115,75493,5880,5837,117,5954,44
2021-04-23,Alameda,001,1643700,86224,85935,1839,87774,1256
2021-04-23,Alpine,003,1148,86,86,0,86,0
2021-04-23,Amador,005,37829,3636,3637,32,3669,46
2021-04-23,Butte,007,227075,12053,11672,1716,13388,196
2021-04-23,Calaveras,009,45235,2070,2064,11,2075,50
2021-04-23,Colusa,011,21464,1920,1921,289,2210,14
2021-04-23,Contra Costa,013,1133247,67803,67164,1188,68352,785
2021-04-23,Del Norte,015,27424,1289,1254,11,1265,6
2021-04-23,El Dorado,017,186661,9905,9788,698,10486,106
2021-04-23,Fresno,019,978130,101364,100928,8396,109324,1662
2021-04-23,Glenn,021,27897,2384,2361,534,2895,17
2021-04-23,Humboldt,023,135768,3775,3698,30,3728,35
2021-04-23,Imperial,025,180216,28198,28108,2612,30720,720
2021-04-23,Inyo,027,18085,1397,1395,10,1405,36
2021-04-23,Kern,029,883053,96341,95330,10457,105787,1295
2021-04-23,Kings,031,150075,22963,22735,1038,23773,244
2021-04-23,Lake,033,64148,3444,3425,9,3434,43
2021-04-23,Lassen,035,31185,5168,5141,103,5244,1
2021-04-23,Los Angeles,037,10098052,1199813,1190264,40309,1230573,23785
2021-04-23,Madera,039,155013,16442,16328,907,17235,231
2021-04-23,Marin,041,260295,13895,13838,231,14069,227
2021-04-23,Mariposa,043,17540,415,405,11,416,5
2021-04-23,Mendocino,045,87422,3818,3745,74,3819,46
2021-04-23,Merced,047,269075,30492,30530,1008,31538,443
2021-04-23,Modoc,049,8938,365,360,120,480,3
2021-04-23,Mono,051,14174,1244,1256,16,1272,3
2021-04-23,Monterey,053,433212,42862,42722,1806,44528,377
2021-04-23,Napa,055,140530,9741,9752,32,9784,79
2021-04-23,Nevada,057,99092,4602,4510,185,4695,70
2021-04-23,Orange,059,3164182,253737,252399,11015,263414,4904
2021-04-23,Placer,061,380077,22549,21959,1386,23345,282
2021-04-23,Plumas,063,18699,685,670,10,680,4
2021-04-23,Riverside,065,2383286,292143,286456,13690,300146,4399
2021-04-23,Sacramento,067,1510023,102745,102041,1589,103630,1586
2021-04-23,San Benito,069,59416,5996,6005,109,6114,63
2021-04-23,San Bernardino,071,2135413,291447,290189,8819,299008,4568
2021-04-23,San Diego,073,3302833,276841,275097,14375,289472,3684
2021-04-23,San Francisco,075,870044,36107,36252,1234,37486,532
2021-04-23,San Joaquin,077,732212,71613,70840,3347,74187,1295
2021-04-23,San Luis Obispo,079,281455,21071,20781,702,21483,255
2021-04-23,San Mateo,081,765935,41710,41386,447,41833,355
2021-04-23,Santa Barbara,083,443738,34072,33895,1104,34999,447
2021-04-23,Santa Clara,085,1922200,117163,117593,711,118304,1965
2021-04-23,Santa Cruz,087,273765,16080,15802,790,16592,205
2021-04-23,Shasta,089,179085,11732,11759,1425,13184,192
2021-04-23,Sierra,091,2930,55,51,12,63,0
2021-04-23,Siskiyou,093,43540,1691,1567,284,1851,11
2021-04-23,Solano,095,438530,31927,31784,474,32258,247
2021-04-23,Sonoma,097,501317,29561,29727,304,30031,318
2021-04-23,Stanislaus,099,539301,54769,54391,5714,60105,744
2021-04-23,Sutter,101,95872,9288,9312,80,9392,110
2021-04-23,Tehama,103,63373,4938,4906,537,5443,53
2021-04-23,Trinity,105,12862,482,326,82,408,3
2021-04-23,Tulare,107,460477,49697,48694,8623,57317,829
2021-04-23,Tuolumne,109,53932,3968,4020,40,4060,58
2021-04-23,Ventura,111,848112,80671,80095,2903,82998,996
2021-04-23,Yolo,113,214977,13704,13647,190,13837,205
2021-04-23,Yuba,115,75493,5877,5828,117,5945,44
2021-04-22,Alameda,001,1643700,86134,85829,1838,87667,1253
2021-04-22,Alpine,003,1148,86,86,0,86,0
2021-04-22,Amador,005,37829,3635,3633,32,3665,46
2021-04-22,Butte,007,227075,12039,11656,1713,13369,196
2021-04-22,Calaveras,009,45235,2068,2059,11,2070,50
2021-04-22,Colusa,011,21464,1918,1920,287,2207,14
2021-04-22,Contra Costa,013,1133247,67731,67029,1184,68213,782
2021-04-22,Del Norte,015,27424,1284,1252,11,1263,6
2021-04-22,El Dorado,017,186661,9893,9773,695,10468,106
2021-04-22,Fresno,019,978130,101319,100864,8385,109249,1657
2021-04-22,Glenn,021,27897,2383,2361,534,2895,17
2021-04-22,Humboldt,023,135768,3766,3680,30,3710,35
2021-04-22,Imperial,025,180216,28177,28096,2609,30705,720
2021-04-22,Inyo,027,18085,1396,1394,10,1404,36
2021-04-22,Kern,029,883053,96298,95292,10442,105734,1299
2021-04-22,Kings,031,150075,22953,22725,1038,23763,243
2021-04-22,Lake,033,64148,3442,3423,9,3432,43
2021-04-22,Lassen,035,31185,5168,5155,103,5258,1
2021-04-22,Los Angeles,037,10098052,1199491,1189878,40288,1230166,23762
2021-04-22,Madera,039,155013,16423,16316,907,17223,231
2021-04-22,Marin,041,260295,13887,13832,231,14063,227
2021-04-22,Mariposa,043,17540,414,403,11,414,5
2021-04-22,Mendocino,045,87422,3812,3729,74,3803,46
2021-04-22,Merced,047,269075,30457,30490,1007,31497,443
2021-04-22,Modoc,049,8938,365,360,120,480,3
2021-04-22,Mono,051,14174,1244,1254,16,1270,3
2021-04-22,Monterey,053,433212,42855,42708,1804,44512,377
2021-04-22,Napa,055,140530,9731,9734,32,9766,79
2021-04-22,Nevada,057,99092,4592,4504,183,4687,70
2021-04-22,Orange,059,3164182,253664,252307,11002,263309,4898
2021-04-22,Placer,061,380077,22518,21916,1382,23298,282
2021-04-22,Plumas,063,18699,684,670,10,680,4
2021-04-22,Riverside,065,2383286,292044,286362,13681,300043,4398
2021-04-22,Sacramento,067,1510023,102596,101870,1580,103450,1585
2021-04-22,San Benito,069,59416,5992,5998,109,6107,63
2021-04-22,San Bernardino,071,2135413,291378,290125,8810,298935,4571
2021-04-22,San Diego,073,3302833,276675,275913,14353,290266,3684
2021-04-22,San Francisco,075,870044,36084,36218,1231,37449,532
2021-04-22,San Joaquin,077,732212,71554,70751,3340,74091,1295
2021-04-22,San Luis Obispo,079,281455,21057,20761,702,21463,255
2021-04-22,San Mateo,081,765935,41684,41345,445,41790,355
2021-04-22,Santa Barbara,083,443738,34049,33870,1103,34973,446
2021-04-22,Santa Clara,085,1922200,117075,117457,707,118164,1954
2021-04-22,Santa Cruz,087,273765,16077,15737,789,16526,205
2021-04-22,Shasta,089,179085,11717,11738,1423,13161,192
2021-04-22,Sierra,091,2930,55,51,12,63,0
2021-04-22,Siskiyou,093,43540,1687,1564,283,1847,11
2021-04-22,Solano,095,438530,31881,31731,471,32202,247
2021-04-22,Sonoma,097,501317,29546,29705,300,30005,318
2021-04-22,Stanislaus,099,539301,54696,54313,5708,60021,744
2021-04-22,Sutter,101,95872,9284,9302,80,9382,110
2021-04-22,Tehama,103,63373,4932,4896,533,5429,53
2021-04-22,Trinity,105,12862,482,326,82,408,3
2021-04-22,Tulare,107,460477,49677,48669,8614,57283,828
2021-04-22,Tuolumne,109,53932,3964,4020,40,4060,58
2021-04-22,Ventura,111,848112,80645,80073,2901,82974,996
2021-04-22,Yolo,113,214977,13683,13616,190,13806,205
2021-04-22,Yuba,115,75493,5867,5825,117,5942,44
2021-04-21,Alameda,001,1643700,86055,85762,1836,87598,1249
2021-04-21,Alpine,003,1148,86,86,0,86,0
2021-04-21,Amador,005,37829,3632,3632,32,3664,46
2021-04-21,Butte,007,227075,12019,11643,1711,13354,196
2021-04-21,Calaveras,009,45235,2060,2057,11,2068,50
2021-04-21,Colusa,011,21464,1916,1920,286,2206,14
2021-04-21,Contra Costa,013,1133247,67665,66981,1183,68164,782
2021-04-21,Del Norte,015,27424,1280,1252,11,1263,6
2021-04-21,El Dorado,017,186661,9876,9760,692,10452,106
2021-04-21,Fresno,019,978130,101263,100838,8379,109217,1654
2021-04-21,Glenn,021,27897,2382,2361,534,2895,17
2021-04-21,Humboldt,023,135768,3747,3642,30,3672,35
2021-04-21,Imperial,025,180216,28165,28052,2608,30660,719
2021-04-21,Inyo,027,18085,1396,1392,10,1402,36
2021-04-21,Kern,029,883053,96252,95257,10432,105689,1297
2021-04-21,Kings,031,150075,22946,22713,1037,23750,243
2021-04-21,Lake,033,64148,3439,3421,9,3430,43
2021-04-21,Lassen,035,31185,5167,5156,103,5259,1
2021-04-21,Los Angeles,037,10098052,1199149,1189530,40269,1229799,23729
2021-04-21,Madera,039,155013,16418,16309,907,17216,231
2021-04-21,Marin,041,260295,13872,13822,231,14053,227
2021-04-21,Mariposa,043,17540,413,402,11,413,5
2021-04-21,Mendocino,045,87422,3810,3729,74,3803,46
2021-04-21,Merced,047,269075,30437,30471,1005,31476,442
2021-04-21,Modoc,049,8938,365,360,120,480,3
2021-04-21,Mono,051,14174,1244,1254,16,1270,3
2021-04-21,Monterey,053,433212,42840,42699,1802,44501,377
2021-04-21,Napa,055,140530,9725,9727,32,9759,79
2021-04-21,Nevada,057,99092,4578,4499,183,4682,70
2021-04-21,Orange,059,3164182,253588,252243,10989,263232,4889
2021-04-21,Placer,061,380077,22487,21896,1377,23273,282
2021-04-21,Plumas,063,18699,684,670,10,680,4
2021-04-21,Riverside,065,2383286,291950,286299,13674,299973,4388
2021-04-21,Sacramento,067,1510023,102467,101803,1574,103377,1579
2021-04-21,San Benito,069,59416,5989,5998,109,6107,63
2021-04-21,San Bernardino,071,2135413,291302,290049,8808,298857,4572
2021-04-21,San Diego,073,3302833,276466,275632,14315,289947,3681
2021-04-21,San Francisco,075,870044,36064,36194,1230,37424,529
2021-04-21,San Joaquin,077,732212,71499,70687,3330,74017,1295
2021-04-21,San Luis Obispo,079,281455,21042,20724,701,21425,255
2021-04-21,San Mateo,081,765935,41653,41318,444,41762,355
2021-04-21,Santa Barbara,083,443738,34030,33830,1102,34932,445
2021-04-21,Santa Clara,085,1922200,116997,117318,701,118019,1946
2021-04-21,Santa Cruz,087,273765,16068,15698,789,16487,204
2021-04-21,Shasta,089,179085,11698,11722,1421,13143,192
2021-04-21,Sierra,091,2930,55,51,12,63,0
2021-04-21,Siskiyou,093,43540,1680,1557,283,1840,11
2021-04-21,Solano,095,438530,31842,31712,470,32182,244
2021-04-21,Sonoma,097,501317,29534,29697,299,29996,318
2021-04-21,Stanislaus,099,539301,54635,54290,5702,59992,742
2021-04-21,Sutter,101,95872,9276,9297,80,9377,110
2021-04-21,Tehama,103,63373,4925,4893,532,5425,53
2021-04-21,Trinity,105,12862,482,326,82,408,3
2021-04-21,Tulare,107,460477,49662,48653,8601,57254,828
2021-04-21,Tuolumne,109,53932,3961,4019,40,4059,58
2021-04-21,Ventura,111,848112,80613,80039,2898,82937,996
2021-04-21,Yolo,113,214977,13663,13606,189,13795,200
2021-04-21,Yuba,115,75493,5860,5822,116,5938,44
2021-04-20,Alameda,001,1643700,85960,85652,1834,87486,1248
2021-04-20,Alpine,003,1148,85,85,0,85,0
2021-04-20,Amador,005,37829,3631,3631,32,3663,46
2021-04-20,Butte,007,227075,12000,11619,1709,13328,196
2021-04-20,Calaveras,009,45235,2059,2053,11,2064,50
2021-04-20,Colusa,011,21464,1916,1915,285,2200,14
2021-04-20,Contra Costa,013,1133247,67581,66889,1180,68069,782
2021-04-20,Del Norte,015,27424,1279,1250,11,1261,6
2021-04-20,El Dorado,017,186661,9848,9743,690,10433,106
2021-04-20,Fresno,019,978130,101205,100768,8369,109137,1650
2021-04-20,Glenn,021,27897,2380,2359,533,2892,17
2021-04-20,Humboldt,023,135768,3729,3612,30,3642,35
2021-04-20,Imperial,025,180216,28146,28024,2604,30628,719
2021-04-20,Inyo,027,18085,1396,1393,10,1403,36
2021-04-20,Kern,029,883053,96216,95223,10416,105639,1295
2021-04-20,Kings,031,150075,22940,22693,1034,23727,243
2021-04-20,Lake,033,64148,3437,3418,9,3427,43
2021-04-20,Lassen,035,31185,5167,5155,103,5258,1
2021-04-20,Los Angeles,037,10098052,1198801,1189256,40239,1229495,23694
2021-04-20,Madera,039,155013,16412,16301,907,17208,231
2021-04-20,Marin,041,260295,13858,13807,231,14038,227
2021-04-20,Mariposa,043,17540,412,402,11,413,5
2021-04-20,Mendocino,045,87422,3809,3726,74,3800,46
2021-04-20,Merced,047,269075,30410,30439,1004,31443,441
2021-04-20,Modoc,049,8938,365,359,120,479,3
2021-04-20,Mono,051,14174,1243,1254,16,1270,3
2021-04-20,Monterey,053,433212,42829,42663,1800,44463,363
2021-04-20,Napa,055,140530,9721,9711,32,9743,79
2021-04-20,Nevada,057,99092,4560,4485,183,4668,70
2021-04-20,Orange,059,3164182,253498,252134,10977,263111,4887
2021-04-20,Placer,061,380077,22453,21846,1373,23219,282
2021-04-20,Plumas,063,18699,683,670,10,680,4
2021-04-20,Riverside,065,2383286,291853,286194,13669,299863,4388
2021-04-20,Sacramento,067,1510023,102329,101629,1566,103195,1574
2021-04-20,San Benito,069,59416,5986,5988,109,6097,63
2021-04-20,San Bernardino,071,2135413,291221,289905,8806,298711,4569
2021-04-20,San Diego,073,3302833,276235,275369,14282,289651,3674
2021-04-20,San Francisco,075,870044,36045,36117,1229,37346,529
2021-04-20,San Joaquin,077,732212,71426,70590,3321,73911,1289
2021-04-20,San Luis Obispo,079,281455,21019,20691,693,21384,254
2021-04-20,San Mateo,081,765935,41622,41251,444,41695,355
2021-04-20,Santa Barbara,083,443738,34011,33803,1102,34905,445
2021-04-20,Santa Clara,085,1922200,116899,117228,697,117925,1944
2021-04-20,Santa Cruz,087,273765,16056,15647,789,16436,204
2021-04-20,Shasta,089,179085,11682,11677,1418,13095,189
2021-04-20,Sierra,091,2930,55,51,12,63,0
2021-04-20,Siskiyou,093,43540,1672,1551,282,1833,10
2021-04-20,Solano,095,438530,31787,31673,466,32139,243
2021-04-20,Sonoma,097,501317,29525,29676,297,29973,311
2021-04-20,Stanislaus,099,539301,54570,54236,5689,59925,735
2021-04-20,Sutter,101,95872,9272,9279,80,9359,109
2021-04-20,Tehama,103,63373,4920,4887,531,5418,52
2021-04-20,Trinity,105,12862,482,326,82,408,3
2021-04-20,Tulare,107,460477,49640,48650,8593,57243,831
2021-04-20,Tuolumne,109,53932,3961,4014,40,4054,58
2021-04-20,Ventura,111,848112,80585,80018,2896,82914,995
2021-04-20,Yolo,113,214977,13643,13581,188,13769,200
2021-04-20,Yuba,115,75493,5850,5814,116,5930,44
2021-04-19,Alameda,001,1643700,85842,85583,1830,87413,1247
2021-04-19,Alpine,003,1148,85,85,0,85,0
2021-04-19,Amador,005,37829,3630,3629,32,3661,46
2021-04-19,Butte,007,227075,11982,11601,1704,13305,196
2021-04-19,Calaveras,009,45235,2057,2050,11,2061,50
2021-04-19,Colusa,011,21464,1916,1913,284,2197,14
2021-04-19,Contra Costa,013,1133247,67503,66833,1178,68011,782
2021-04-19,Del Norte,015,27424,1277,1247,11,1258,6
2021-04-19,El Dorado,017,186661,9832,9726,685,10411,106
2021-04-19,Fresno,019,978130,101137,100702,8357,109059,1646
2021-04-19,Glenn,021,27897,2380,2358,532,2890,17
2021-04-19,Humboldt,023,135768,3709,3602,28,3630,35
2021-04-19,Imperial,025,180216,28125,27995,2604,30599,719
2021-04-19,Inyo,027,18085,1396,1392,10,1402,36
2021-04-19,Kern,029,883053,96186,95162,10401,105563,1290
2021-04-19,Kings,031,150075,22925,22688,1034,23722,243
2021-04-19,Lake,033,64148,3436,3416,9,3425,43
2021-04-19,Lassen,035,31185,5166,5156,103,5259,1
2021-04-19,Los Angeles,037,10098052,1198421,1188945,40215,1229160,23666
2021-04-19,Madera,039,155013,16401,16289,906,17195,231
2021-04-19,Marin,041,260295,13847,13804,230,14034,226
2021-04-19,Mariposa,043,17540,411,401,11,412,5
2021-04-19,Mendocino,045,87422,3807,3722,74,3796,46
2021-04-19,Merced,047,269075,30381,30422,1003,31425,441
2021-04-19,Modoc,049,8938,365,359,120,479,3
2021-04-19,Mono,051,14174,1242,1254,16,1270,3
2021-04-19,Monterey,053,433212,42816,42642,1795,44437,356
2021-04-19,Napa,055,140530,9713,9680,32,9712,79
2021-04-19,Nevada,057,99092,4544,4477,183,4660,70
2021-04-19,Orange,059,3164182,253380,252013,10962,262975,4883
2021-04-19,Placer,061,380077,22430,21814,1369,23183,282
2021-04-19,Plumas,063,18699,683,665,10,675,4
2021-04-19,Riverside,065,2383286,291758,286087,13659,299746,4371
2021-04-19,Sacramento,067,1510023,102193,101482,1556,103038,1572
2021-04-19,San Benito,069,59416,5978,5989,109,6098,63
2021-04-19,San Bernardino,071,2135413,291136,289738,8800,298538,4561
2021-04-19,San Diego,073,3302833,275987,275113,14249,289362,3674
2021-04-19,San Francisco,075,870044,36008,36094,1227,37321,529
2021-04-19,San Joaquin,077,732212,71346,70514,3315,73829,1289
2021-04-19,San Luis Obispo,079,281455,20993,20669,687,21356,254
2021-04-19,San Mateo,081,765935,41589,41226,443,41669,355
2021-04-19,Santa Barbara,083,443738,33997,33786,1102,34888,446
2021-04-19,Santa Clara,085,1922200,116788,117099,693,117792,1944
2021-04-19,Santa Cruz,087,273765,16044,15600,789,16389,204
2021-04-19,Shasta,089,179085,11667,11662,1410,13072,189
2021-04-19,Sierra,091,2930,55,51,12,63,0
2021-04-19,Siskiyou,093,43540,1662,1544,282,1826,10
2021-04-19,Solano,095,438530,31748,31643,461,32104,239
2021-04-19,Sonoma,097,501317,29506,29667,297,29964,311
2021-04-19,Stanislaus,099,539301,54494,54179,5685,59864,728
2021-04-19,Sutter,101,95872,9261,9269,80,9349,109
2021-04-19,Tehama,103,63373,4914,4878,531,5409,52
2021-04-19,Trinity,105,12862,482,326,81,407,3
2021-04-19,Tulare,107,460477,49624,48630,8580,57210,831
2021-04-19,Tuolumne,109,53932,3960,4010,40,4050,58
2021-04-19,Ventura,111,848112,80559,80000,2894,82894,996
2021-04-19,Yolo,113,214977,13631,13572,185,13757,200
2021-04-19,Yuba,115,75493,5843,5804,115,5919,44
2021-04-18,Alameda,001,1643700,85727,85481,1822,87303,1247
2021-04-18,Alpine,003,1148,85,85,0,85,0
2021-04-18,Amador,005,37829,3627,3627,32,3659,46
2021-04-18,Butte,007,227075,11964,11591,1699,13290,196
2021-04-18,Calaveras,009,45235,2051,2047,11,2058,50
2021-04-18,Colusa,011,21464,1912,1912,283,2195,14
2021-04-18,Contra Costa,013,1133247,67400,66750,1174,67924,782
2021-04-18,Del Norte,015,27424,1277,1240,11,1251,6
2021-04-18,El Dorado,017,186661,9809,9710,683,10393,106
2021-04-18,Fresno,019,978130,101079,100621,8351,108972,1646
2021-04-18,Glenn,021,27897,2375,2358,532,2890,17
2021-04-18,Humboldt,023,135768,3681,3590,28,3618,35
2021-04-18,Imperial,025,180216,28110,27991,2599,30590,719
2021-04-18,Inyo,027,18085,1395,1392,10,1402,36
2021-04-18,Kern,029,883053,96150,95129,10386,105515,1290
2021-04-18,Kings,031,150075,22916,22685,1034,23719,243
2021-04-18,Lake,033,64148,3435,3413,9,3422,43
2021-04-18,Lassen,035,31185,5163,5156,103,5259,1
2021-04-18,Los Angeles,037,10098052,1197961,1188620,40192,1228812,23648
2021-04-18,Madera,039,155013,16390,16277,905,17182,231
2021-04-18,Marin,041,260295,13840,13801,229,14030,226
2021-04-18,Mariposa,043,17540,410,400,10,410,5
2021-04-18,Mendocino,045,87422,3804,3722,74,3796,46
2021-04-18,Merced,047,269075,30344,30405,1002,31407,441
2021-04-18,Modoc,049,8938,365,359,120,479,3
2021-04-18,Mono,051,14174,1242,1254,16,1270,3
2021-04-18,Monterey,053,433212,42804,42638,1794,44432,356
2021-04-18,Napa,055,140530,9697,9674,32,9706,79
2021-04-18,Nevada,057,99092,4529,4464,183,4647,70
2021-04-18,Orange,059,3164182,253266,251940,10955,262895,4883
2021-04-18,Placer,061,380077,22387,21783,1364,23147,282
2021-04-18,Plumas,063,18699,682,665,10,675,4
2021-04-18,Riverside,065,2383286,291668,286043,13655,299698,4371
2021-04-18,Sacramento,067,1510023,102018,101354,1550,102904,1572
2021-04-18,San Benito,069,59416,5976,5989,109,6098,63
2021-04-18,San Bernardino,071,2135413,291043,289691,8791,298482,4556
2021-04-18,San Diego,073,3302833,275708,274961,14214,289175,3674
2021-04-18,San Francisco,075,870044,35971,36073,1223,37296,525
2021-04-18,San Joaquin,077,732212,71265,70466,3306,73772,1289
2021-04-18,San Luis Obispo,079,281455,20971,20656,681,21337,254
2021-04-18,San Mateo,081,765935,41560,41201,442,41643,352
2021-04-18,Santa Barbara,083,443738,33962,33769,1101,34870,446
2021-04-18,Santa Clara,085,1922200,116621,116996,688,117684,1944
2021-04-18,Santa Cruz,087,273765,16034,15580,788,16368,204
2021-04-18,Shasta,089,179085,11646,11658,1407,13065,189
2021-04-18,Sierra,091,2930,55,51,12,63,0
2021-04-18,Siskiyou,093,43540,1651,1538,281,1819,10
2021-04-18,Solano,095,438530,31698,31606,460,32066,239
2021-04-18,Sonoma,097,501317,29490,29660,295,29955,311
2021-04-18,Stanislaus,099,539301,54412,54132,5679,59811,728
2021-04-18,Sutter,101,95872,9247,9261,80,9341,109
2021-04-18,Tehama,103,63373,4905,4877,530,5407,52
2021-04-18,Trinity,105,12862,482,326,81,407,3
2021-04-18,Tulare,107,460477,49611,48618,8575,57193,829
2021-04-18,Tuolumne,109,53932,3959,4008,39,4047,58
2021-04-18,Ventura,111,848112,80528,79984,2891,82875,996
2021-04-18,Yolo,113,214977,13619,13562,183,13745,200
2021-04-18,Yuba,115,75493,5836,5804,115,5919,44
2021-04-17,Alameda,001,1643700,85652,85367,1820,87187,1247
2021-04-17,Alpine,003,1148,85,85,0,85,0
2021-04-17,Amador,005,37829,3625,3625,32,3657,46
2021-04-17,Butte,007,227075,11944,11573,1695,13268,196
2021-04-17,Calaveras,009,45235,2049,2045,11,2056,50
2021-04-17,Colusa,011,21464,1912,1912,283,2195,14
2021-04-17,Contra Costa,013,1133247,67352,66657,1166,67823,782
2021-04-17,Del Norte,015,27424,1277,1238,11,1249,6
2021-04-17,El Dorado,017,186661,9794,9692,680,10372,106
2021-04-17,Fresno,019,978130,101046,100562,8346,108908,1646
2021-04-17,Glenn,021,27897,2375,2357,532,2889,17
2021-04-17,Humboldt,023,135768,3657,3579,28,3607,35
2021-04-17,Imperial,025,180216,28099,27987,2599,30586,719
2021-04-17,Inyo,027,18085,1392,1392,10,1402,36
2021-04-17,Kern,029,883053,96132,95102,10382,105484,1290
2021-04-17,Kings,031,150075,22911,22678,1033,23711,243
2021-04-17,Lake,033,64148,3434,3409,9,3418,43
2021-04-17,Lassen,035,31185,5163,5154,103,5257,1
2021-04-17,Los Angeles,037,10098052,1197702,1188262,40161,1228423,23653
2021-04-17,Madera,039,155013,16386,16260,904,17164,231
2021-04-17,Marin,041,260295,13836,13797,229,14026,226
2021-04-17,Mariposa,043,17540,409,398,10,408,5
2021-04-17,Mendocino,045,87422,3801,3721,74,3795,46
2021-04-17,Merced,047,269075,30328,30392,1001,31393,441
2021-04-17,Modoc,049,8938,365,357,120,477,3
2021-04-17,Mono,051,14174,1242,1253,16,1269,3
2021-04-17,Monterey,053,433212,42795,42630,1792,44422,356
2021-04-17,Napa,055,140530,9693,9666,32,9698,79
2021-04-17,Nevada,057,99092,4521,4457,183,4640,70
2021-04-17,Orange,059,3164182,253197,251873,10943,262816,4878
2021-04-17,Placer,061,380077,22364,21736,1359,23095,282
2021-04-17,Plumas,063,18699,681,666,10,676,4
2021-04-17,Riverside,065,2383286,291599,285963,13647,299610,4371
2021-04-17,Sacramento,067,1510023,101908,101172,1539,102711,1572
2021-04-17,San Benito,069,59416,5970,5986,109,6095,63
2021-04-17,San Bernardino,071,2135413,290988,289624,8788,298412,4555
2021-04-17,San Diego,073,3302833,275561,274812,14180,288992,3674
2021-04-17,San Francisco,075,870044,35949,36032,1220,37252,523
2021-04-17,San Joaquin,077,732212,71225,70372,3296,73668,1288
2021-04-17,San Luis Obispo,079,281455,20958,20642,678,21320,254
2021-04-17,San Mateo,081,765935,41537,41157,442,41599,352
2021-04-17,Santa Barbara,083,443738,33931,33738,1099,34837,446
2021-04-17,Santa Clara,085,1922200,116529,116887,686,117573,1944
2021-04-17,Santa Cruz,087,273765,16028,15571,788,16359,204
2021-04-17,Shasta,089,179085,11631,11647,1406,13053,189
2021-04-17,Sierra,091,2930,55,51,12,63,0
2021-04-17,Siskiyou,093,43540,1646,1539,278,1817,10
2021-04-17,Solano,095,438530,31667,31541,457,31998,239
2021-04-17,Sonoma,097,501317,29483,29637,295,29932,311
2021-04-17,Stanislaus,099,539301,54375,54058,5674,59732,728
2021-04-17,Sutter,101,95872,9241,9252,80,9332,109
2021-04-17,Tehama,103,63373,4899,4875,529,5404,52
2021-04-17,Trinity,105,12862,482,326,81,407,3
2021-04-17,Tulare,107,460477,49599,48603,8571,57174,829
2021-04-17,Tuolumne,109,53932,3957,4005,39,4044,58
2021-04-17,Ventura,111,848112,80507,79964,2891,82855,996
2021-04-17,Yolo,113,214977,13609,13580,183,13763,200
2021-04-17,Yuba,115,75493,5831,5802,114,5916,44
2021-04-16,Alameda,001,1643700,85573,85243,1818,87061,1245
2021-04-16,Alpine,003,1148,85,85,0,85,0
2021-04-16,Amador,005,37829,3620,3621,32,3653,46
2021-04-16,Butte,007,227075,11932,11549,1693,13242,196
2021-04-16,Calaveras,009,45235,2047,2042,11,2053,50
2021-04-16,Colusa,011,21464,1910,1911,283,2194,14
2021-04-16,Contra Costa,013,1133247,67298,66569,1163,67732,782
2021-04-16,Del Norte,015,27424,1276,1237,11,1248,6
2021-04-16,El Dorado,017,186661,9774,9665,676,10341,106
2021-04-16,Fresno,019,978130,100996,100500,8340,108840,1643
2021-04-16,Glenn,021,27897,2375,2355,532,2887,17
2021-04-16,Humboldt,023,135768,3636,3570,27,3597,35
2021-04-16,Imperial,025,180216,28089,27962,2599,30561,719
2021-04-16,Inyo,027,18085,1392,1392,10,1402,36
2021-04-16,Kern,029,883053,96103,95066,10379,105445,1288
2021-04-16,Kings,031,150075,22907,22667,1032,23699,243
2021-04-16,Lake,033,64148,3428,3406,9,3415,43
2021-04-16,Lassen,035,31185,5162,5155,103,5258,1
2021-04-16,Los Angeles,037,10098052,1197401,1187818,40125,1227943,23627
2021-04-16,Madera,039,155013,16380,16250,903,17153,231
2021-04-16,Marin,041,260295,13833,13788,229,14017,226
2021-04-16,Mariposa,043,17540,408,396,9,405,5
2021-04-16,Mendocino,045,87422,3799,3719,74,3793,46
2021-04-16,Merced,047,269075,30313,30355,1001,31356,438
2021-04-16,Modoc,049,8938,365,355,120,475,3
2021-04-16,Mono,051,14174,1242,1253,16,1269,3
2021-04-16,Monterey,053,433212,42784,42620,1789,44409,351
2021-04-16,Napa,055,140530,9685,9653,32,9685,79
2021-04-16,Nevada,057,99092,4512,4443,183,4626,70
2021-04-16,Orange,059,3164182,253133,251770,10934,262704,4873
2021-04-16,Placer,061,380077,22337,21680,1355,23035,282
2021-04-16,Plumas,063,18699,680,665,10,675,4
2021-04-16,Riverside,065,2383286,291522,285818,13645,299463,4369
2021-04-16,Sacramento,067,1510023,101811,100993,1534,102527,1572
2021-04-16,San Benito,069,59416,5968,5982,109,6091,63
2021-04-16,San Bernardino,071,2135413,290941,289424,8787,298211,4550
2021-04-16,San Diego,073,3302833,275407,274567,14162,288729,3662
2021-04-16,San Francisco,075,870044,35924,35993,1217,37210,517
2021-04-16,San Joaquin,077,732212,71158,70280,3288,73568,1288
2021-04-16,San Luis Obispo,079,281455,20946,20623,677,21300,253
2021-04-16,San Mateo,081,765935,41508,41107,441,41548,352
2021-04-16,Santa Barbara,083,443738,33913,33703,1099,34802,446
2021-04-16,Santa Clara,085,1922200,116429,116693,683,117376,1941
2021-04-16,Santa Cruz,087,273765,16026,15539,788,16327,204
2021-04-16,Shasta,089,179085,11619,11623,1405,13028,189
2021-04-16,Sierra,091,2930,55,51,12,63,0
2021-04-16,Siskiyou,093,43540,1642,1530,276,1806,10
2021-04-16,Solano,095,438530,31628,31470,454,31924,239
2021-04-16,Sonoma,097,501317,29472,29617,295,29912,311
2021-04-16,Stanislaus,099,539301,54327,53983,5672,59655,728
2021-04-16,Sutter,101,95872,9235,9247,80,9327,109
2021-04-16,Tehama,103,63373,4898,4866,529,5395,52
2021-04-16,Trinity,105,12862,482,326,81,407,3
2021-04-16,Tulare,107,460477,49587,48583,8567,57150,830
2021-04-16,Tuolumne,109,53932,3954,4005,39,4044,58
2021-04-16,Ventura,111,848112,80482,79942,2886,82828,994
2021-04-16,Yolo,113,214977,13596,13559,181,13740,198
2021-04-16,Yuba,115,75493,5828,5795,113,5908,44
2021-04-15,Alameda,001,1643700,85466,85089,1816,86905,1246
2021-04-15,Alpine,003,1148,85,85,0,85,0
2021-04-15,Amador,005,37829,3619,3616,32,3648,46
2021-04-15,Butte,007,227075,11917,11529,1689,13218,196
2021-04-15,Calaveras,009,45235,2046,2039,11,2050,50
2021-04-15,Colusa,011,21464,1908,1909,282,2191,14
2021-04-15,Contra Costa,013,1133247,67225,66480,1159,67639,781
2021-04-15,Del Norte,015,27424,1269,1235,11,1246,6
2021-04-15,El Dorado,017,186661,9760,9639,674,10313,106
2021-04-15,Fresno,019,978130,100934,100431,8334,108765,1642
2021-04-15,Glenn,021,27897,2375,2354,532,2886,17
2021-04-15,Humboldt,023,135768,3615,3561,27,3588,35
2021-04-15,Imperial,025,180216,28061,27920,2596,30516,718
2021-04-15,Inyo,027,18085,1392,1393,10,1403,36
2021-04-15,Kern,029,883053,96070,94989,10366,105355,1289
2021-04-15,Kings,031,150075,22893,22648,1032,23680,242
2021-04-15,Lake,033,64148,3427,3399,9,3408,43
2021-04-15,Lassen,035,31185,5161,5152,103,5255,1
2021-04-15,Los Angeles,037,10098052,1196996,1187274,40089,1227363,23598
2021-04-15,Madera,039,155013,16365,16234,903,17137,231
2021-04-15,Marin,041,260295,13829,13783,228,14011,226
2021-04-15,Mariposa,043,17540,406,395,9,404,5
2021-04-15,Mendocino,045,87422,3798,3714,74,3788,46
2021-04-15,Merced,047,269075,30287,30325,1000,31325,437
2021-04-15,Modoc,049,8938,365,355,120,475,3
2021-04-15,Mono,051,14174,1241,1253,16,1269,3
2021-04-15,Monterey,053,433212,42774,42604,1787,44391,347
2021-04-15,Napa,055,140530,9677,9645,32,9677,79
2021-04-15,Nevada,057,99092,4500,4434,182,4616,70
2021-04-15,Orange,059,3164182,253038,251679,10922,262601,4857
2021-04-15,Placer,061,380077,22306,21614,1348,22962,281
2021-04-15,Plumas,063,18699,678,665,10,675,4
2021-04-15,Riverside,065,2383286,291418,285698,13638,299336,4363
2021-04-15,Sacramento,067,1510023,101681,100782,1520,102302,1570
2021-04-15,San Benito,069,59416,5965,5969,108,6077,63
2021-04-15,San Bernardino,071,2135413,290851,289288,8780,298068,4544
2021-04-15,San Diego,073,3302833,275160,274250,14103,288353,3653
2021-04-15,San Francisco,075,870044,35905,35947,1215,37162,510
2021-04-15,San Joaquin,077,732212,71077,70189,3280,73469,1288
2021-04-15,San Luis Obispo,079,281455,20930,20591,674,21265,253
2021-04-15,San Mateo,081,765935,41469,41050,440,41490,352
2021-04-15,Santa Barbara,083,443738,33895,33672,1095,34767,446
2021-04-15,Santa Clara,085,1922200,116323,116602,679,117281,1927
2021-04-15,Santa Cruz,087,273765,16016,15509,788,16297,203
2021-04-15,Shasta,089,179085,11605,11597,1401,12998,191
2021-04-15,Sierra,091,2930,55,51,12,63,0
2021-04-15,Siskiyou,093,43540,1636,1524,275,1799,10
2021-04-15,Solano,095,438530,31590,31394,453,31847,239
2021-04-15,Sonoma,097,501317,29458,29587,295,29882,311
2021-04-15,Stanislaus,099,539301,54273,53918,5663,59581,728
2021-04-15,Sutter,101,95872,9228,9237,80,9317,109
2021-04-15,Tehama,103,63373,4897,4854,528,5382,52
2021-04-15,Trinity,105,12862,482,326,81,407,3
2021-04-15,Tulare,107,460477,49566,48556,8567,57123,829
2021-04-15,Tuolumne,109,53932,3954,4003,39,4042,57
2021-04-15,Ventura,111,848112,80463,79917,2884,82801,989
2021-04-15,Yolo,113,214977,13577,13547,179,13726,198
2021-04-15,Yuba,115,75493,5825,5788,113,5901,44
2021-04-14,Alameda,001,1643700,85369,85009,1815,86824,1247
2021-04-14,Alpine,003,1148,85,85,0,85,0
2021-04-14,Amador,005,37829,3618,3613,32,3645,46
2021-04-14,Butte,007,227075,11904,11513,1688,13201,196
2021-04-14,Calaveras,009,45235,2045,2037,11,2048,50
2021-04-14,Colusa,011,21464,1908,1905,282,2187,14
2021-04-14,Contra Costa,013,1133247,67139,66400,1153,67553,781
2021-04-14,Del Norte,015,27424,1269,1228,11,1239,6
2021-04-14,El Dorado,017,186661,9745,9625,669,10294,106
2021-04-14,Fresno,019,978130,100877,100376,8321,108697,1640
2021-04-14,Glenn,021,27897,2375,2353,532,2885,17
2021-04-14,Humboldt,023,135768,3593,3551,26,3577,35
2021-04-14,Imperial,025,180216,28039,27907,2594,30501,718
2021-04-14,Inyo,027,18085,1392,1392,10,1402,36
2021-04-14,Kern,029,883053,96045,94947,10359,105306,1287
2021-04-14,Kings,031,150075,22884,22641,1030,23671,243
2021-04-14,Lake,033,64148,3422,3396,9,3405,43
2021-04-14,Lassen,035,31185,5160,5151,103,5254,1
2021-04-14,Los Angeles,037,10098052,1196597,1186821,40044,1226865,23579
2021-04-14,Madera,039,155013,16356,16218,903,17121,231
2021-04-14,Marin,041,260295,13827,13768,227,13995,226
2021-04-14,Mariposa,043,17540,405,394,9,403,5
2021-04-14,Mendocino,045,87422,3793,3711,74,3785,46
2021-04-14,Merced,047,269075,30271,30296,998,31294,436
2021-04-14,Modoc,049,8938,365,355,120,475,3
2021-04-14,Mono,051,14174,1240,1252,16,1268,3
2021-04-14,Monterey,053,433212,42758,42595,1783,44378,347
2021-04-14,Napa,055,140530,9666,9643,32,9675,79
2021-04-14,Nevada,057,99092,4493,4421,182,4603,70
2021-04-14,Orange,059,3164182,252933,251568,10903,262471,4849
2021-04-14,Placer,061,380077,22273,21575,1347,22922,280
2021-04-14,Plumas,063,18699,678,665,10,675,4
2021-04-14,Riverside,065,2383286,291308,285583,13632,299215,4358
2021-04-14,Sacramento,067,1510023,101506,100645,1506,102151,1570
2021-04-14,San Benito,069,59416,5963,5960,108,6068,62
2021-04-14,San Bernardino,071,2135413,290783,289078,8778,297856,4523
2021-04-14,San Diego,073,3302833,274949,273969,14074,288043,3648
2021-04-14,San Francisco,075,870044,35867,35898,1214,37112,510
2021-04-14,San Joaquin,077,732212,71007,70095,3274,73369,1288
2021-04-14,San Luis Obispo,079,281455,20907,20561,664,21225,253
2021-04-14,San Mateo,081,765935,41429,40982,437,41419,352
2021-04-14,Santa Barbara,083,443738,33866,33650,1095,34745,445
2021-04-14,Santa Clara,085,1922200,116206,116488,676,117164,1922
2021-04-14,Santa Cruz,087,273765,16006,15481,788,16269,203
2021-04-14,Shasta,089,179085,11579,11581,1399,12980,190
2021-04-14,Sierra,091,2930,55,51,12,63,0
2021-04-14,Siskiyou,093,43540,1628,1518,274,1792,10
2021-04-14,Solano,095,438530,31537,31357,446,31803,239
2021-04-14,Sonoma,097,501317,29450,29572,293,29865,311
2021-04-14,Stanislaus,099,539301,54202,53836,5654,59490,727
2021-04-14,Sutter,101,95872,9220,9230,80,9310,106
2021-04-14,Tehama,103,63373,4891,4853,527,5380,52
2021-04-14,Trinity,105,12862,482,326,81,407,3
2021-04-14,Tulare,107,460477,49540,48527,8564,57091,827
2021-04-14,Tuolumne,109,53932,3953,3997,39,4036,57
2021-04-14,Ventura,111,848112,80427,79891,2882,82773,986
2021-04-14,Yolo,113,214977,13561,13530,177,13707,198
2021-04-14,Yuba,115,75493,5823,5778,113,5891,44
2021-04-13,Alameda,001,1643700,85263,84921,1812,86733,1239
2021-04-13,Alpine,003,1148,85,85,0,85,0
2021-04-13,Amador,005,37829,3615,3609,32,3641,46
2021-04-13,Butte,007,227075,11886,11497,1685,13182,196
2021-04-13,Calaveras,009,45235,2043,2035,11,2046,50
2021-04-13,Colusa,011,21464,1906,1905,280,2185,14
2021-04-13,Contra Costa,013,1133247,67051,66304,1153,67457,778
2021-04-13,Del Norte,015,27424,1264,1221,11,1232,6
2021-04-13,El Dorado,017,186661,9719,9609,666,10275,106
2021-04-13,Fresno,019,978130,100796,100357,8315,108672,1636
2021-04-13,Glenn,021,27897,2374,2351,532,2883,17
2021-04-13,Humboldt,023,135768,3576,3540,26,3566,35
2021-04-13,Imperial,025,180216,28020,27887,2586,30473,718
2021-04-13,Inyo,027,18085,1392,1391,10,1401,36
2021-04-13,Kern,029,883053,96001,94908,10347,105255,1285
2021-04-13,Kings,031,150075,22868,22636,1029,23665,243
2021-04-13,Lake,033,64148,3419,3390,9,3399,43
2021-04-13,Lassen,035,31185,5159,5147,103,5250,1
2021-04-13,Los Angeles,037,10098052,1196143,1186482,40003,1226485,23526
2021-04-13,Madera,039,155013,16346,16207,901,17108,231
2021-04-13,Marin,041,260295,13819,13760,226,13986,224
2021-04-13,Mariposa,043,17540,404,394,6,400,5
2021-04-13,Mendocino,045,87422,3787,3702,74,3776,46
2021-04-13,Merced,047,269075,30241,30276,995,31271,435
2021-04-13,Modoc,049,8938,365,355,120,475,3
2021-04-13,Mono,051,14174,1240,1251,16,1267,3
2021-04-13,Monterey,053,433212,42747,42577,1783,44360,347
2021-04-13,Napa,055,140530,9656,9627,32,9659,79
2021-04-13,Nevada,057,99092,4481,4415,182,4597,69
2021-04-13,Orange,059,3164182,252838,251491,10886,262377,4836
2021-04-13,Placer,061,380077,22236,21534,1344,22878,280
2021-04-13,Plumas,063,18699,677,665,10,675,4
2021-04-13,Riverside,065,2383286,291189,285505,13626,299131,4348
2021-04-13,Sacramento,067,1510023,101331,100551,1501,102052,1569
2021-04-13,San Benito,069,59416,5960,5946,108,6054,62
2021-04-13,San Bernardino,071,2135413,290667,288929,8772,297701,4521
2021-04-13,San Diego,073,3302833,274695,273709,14039,287748,3623
2021-04-13,San Francisco,075,870044,35831,35869,1210,37079,506
2021-04-13,San Joaquin,077,732212,70899,70034,3266,73300,1288
2021-04-13,San Luis Obispo,079,281455,20880,20536,654,21190,253
2021-04-13,San Mateo,081,765935,41384,40955,437,41392,353
2021-04-13,Santa Barbara,083,443738,33843,33613,1092,34705,444
2021-04-13,Santa Clara,085,1922200,116077,116363,675,117038,1923
2021-04-13,Santa Cruz,087,273765,15999,15449,788,16237,203
2021-04-13,Shasta,089,179085,11559,11536,1396,12932,189
2021-04-13,Sierra,091,2930,55,51,12,63,0
2021-04-13,Siskiyou,093,43540,1620,1511,271,1782,10
2021-04-13,Solano,095,438530,31488,31335,442,31777,239
2021-04-13,Sonoma,097,501317,29442,29544,292,29836,311
2021-04-13,Stanislaus,099,539301,54130,53797,5645,59442,722
2021-04-13,Sutter,101,95872,9216,9226,80,9306,106
2021-04-13,Tehama,103,63373,4884,4850,524,5374,52
2021-04-13,Trinity,105,12862,482,326,81,407,3
2021-04-13,Tulare,107,460477,49527,48511,8561,57072,825
2021-04-13,Tuolumne,109,53932,3951,3995,39,4034,57
2021-04-13,Ventura,111,848112,80395,79854,2880,82734,986
2021-04-13,Yolo,113,214977,13549,13516,176,13692,198
2021-04-13,Yuba,115,75493,5814,5776,113,5889,44
2021-04-12,Alameda,001,1643700,85161,84817,1811,86628,1238
2021-04-12,Alpine,003,1148,85,85,0,85,0
2021-04-12,Amador,005,37829,3614,3607,32,3639,46
2021-04-12,Butte,007,227075,11871,11488,1681,13169,193
2021-04-12,Calaveras,009,45235,2039,2033,11,2044,50
2021-04-12,Colusa,011,21464,1904,1904,278,2182,14
2021-04-12,Contra Costa,013,1133247,66971,66176,1153,67329,777
2021-04-12,Del Norte,015,27424,1261,1216,11,1227,6
2021-04-12,El Dorado,017,186661,9702,9588,664,10252,106
2021-04-12,Fresno,019,978130,100735,100277,8292,108569,1633
2021-04-12,Glenn,021,27897,2373,2349,532,2881,17
2021-04-12,Humboldt,023,135768,3562,3533,25,3558,35
2021-04-12,Imperial,025,180216,27990,27851,2582,30433,717
2021-04-12,Inyo,027,18085,1392,1390,10,1400,36
2021-04-12,Kern,029,883053,95964,94861,10337,105198,1283
2021-04-12,Kings,031,150075,22860,22621,1028,23649,241
2021-04-12,Lake,033,64148,3415,3380,9,3389,43
2021-04-12,Lassen,035,31185,5158,5147,103,5250,1
2021-04-12,Los Angeles,037,10098052,1195639,1186145,39966,1226111,23505
2021-04-12,Madera,039,155013,16334,16174,899,17073,231
2021-04-12,Marin,041,260295,13806,13751,224,13975,224
2021-04-12,Mariposa,043,17540,403,394,6,400,5
2021-04-12,Mendocino,045,87422,3786,3699,74,3773,46
2021-04-12,Merced,047,269075,30210,30261,992,31253,435
2021-04-12,Modoc,049,8938,363,352,120,472,3
2021-04-12,Mono,051,14174,1240,1251,16,1267,3
2021-04-12,Monterey,053,433212,42733,42555,1781,44336,346
2021-04-12,Napa,055,140530,9642,9603,32,9635,80
2021-04-12,Nevada,057,99092,4470,4408,182,4590,69
2021-04-12,Orange,059,3164182,252752,251350,10865,262215,4826
2021-04-12,Placer,061,380077,22185,21475,1341,22816,278
2021-04-12,Plumas,063,18699,675,666,10,676,4
2021-04-12,Riverside,065,2383286,291078,285361,13620,298981,4336
2021-04-12,Sacramento,067,1510023,101157,100394,1496,101890,1566
2021-04-12,San Benito,069,59416,5952,5942,107,6049,62
2021-04-12,San Bernardino,071,2135413,290560,288736,8760,297496,4493
2021-04-12,San Diego,073,3302833,274434,273431,14010,287441,3621
2021-04-12,San Francisco,075,870044,35797,35841,1209,37050,506
2021-04-12,San Joaquin,077,732212,70827,69968,3259,73227,1288
2021-04-12,San Luis Obispo,079,281455,20835,20515,641,21156,253
2021-04-12,San Mateo,081,765935,41342,40920,433,41353,353
2021-04-12,Santa Barbara,083,443738,33811,33606,1092,34698,444
2021-04-12,Santa Clara,085,1922200,115949,116252,673,116925,1923
2021-04-12,Santa Cruz,087,273765,15979,15406,788,16194,203
2021-04-12,Shasta,089,179085,11542,11509,1392,12901,189
2021-04-12,Sierra,091,2930,55,51,12,63,0
2021-04-12,Siskiyou,093,43540,1609,1511,268,1779,7
2021-04-12,Solano,095,438530,31446,31305,439,31744,238
2021-04-12,Sonoma,097,501317,29414,29500,292,29792,310
2021-04-12,Stanislaus,099,539301,54064,53722,5638,59360,707
2021-04-12,Sutter,101,95872,9205,9221,80,9301,106
2021-04-12,Tehama,103,63373,4875,4834,520,5354,52
2021-04-12,Trinity,105,12862,482,324,81,405,3
2021-04-12,Tulare,107,460477,49507,48495,8551,57046,824
2021-04-12,Tuolumne,109,53932,3947,3993,39,4032,57
2021-04-12,Ventura,111,848112,80362,79818,2878,82696,985
2021-04-12,Yolo,113,214977,13535,13510,175,13685,198
2021-04-12,Yuba,115,75493,5808,5773,113,5886,43
2021-04-11,Alameda,001,1643700,85024,84756,1806,86562,1238
2021-04-11,Alpine,003,1148,85,85,0,85,0
2021-04-11,Amador,005,37829,3612,3605,32,3637,46
2021-04-11,Butte,007,227075,11837,11487,1677,13164,193
2021-04-11,Calaveras,009,45235,2035,2036,11,2047,50
2021-04-11,Colusa,011,21464,1903,1904,277,2181,14
2021-04-11,Contra Costa,013,1133247,66862,66107,1151,67258,777
2021-04-11,Del Norte,015,27424,1255,1214,11,1225,6
2021-04-11,El Dorado,017,186661,9688,9575,661,10236,106
2021-04-11,Fresno,019,978130,100667,100230,8282,108512,1633
2021-04-11,Glenn,021,27897,2368,2348,532,2880,17
2021-04-11,Humboldt,023,135768,3552,3523,25,3548,35
2021-04-11,Imperial,025,180216,27966,27841,2580,30421,717
2021-04-11,Inyo,027,18085,1392,1390,10,1400,36
2021-04-11,Kern,029,883053,95903,94830,10329,105159,1283
2021-04-11,Kings,031,150075,22851,22618,1025,23643,241
2021-04-11,Lake,033,64148,3411,3377,9,3386,43
2021-04-11,Lassen,035,31185,5154,5147,103,5250,1
2021-04-11,Los Angeles,037,10098052,1195127,1185757,39924,1225681,23503
2021-04-11,Madera,039,155013,16315,16166,898,17064,231
2021-04-11,Marin,041,260295,13799,13741,223,13964,226
2021-04-11,Mariposa,043,17540,403,394,6,400,5
2021-04-11,Mendocino,045,87422,3784,3696,74,3770,46
2021-04-11,Merced,047,269075,30172,30249,991,31240,435
2021-04-11,Modoc,049,8938,362,352,118,470,3
2021-04-11,Mono,051,14174,1239,1250,16,1266,3
2021-04-11,Monterey,053,433212,42727,42547,1774,44321,346
2021-04-11,Napa,055,140530,9631,9592,32,9624,80
2021-04-11,Nevada,057,99092,4456,4394,182,4576,69
2021-04-11,Orange,059,3164182,252625,251233,10854,262087,4826
2021-04-11,Placer,061,380077,22128,21458,1336,22794,278
2021-04-11,Plumas,063,18699,675,666,10,676,4
2021-04-11,Riverside,065,2383286,290944,285269,13610,298879,4336
2021-04-11,Sacramento,067,1510023,100987,100296,1484,101780,1566
2021-04-11,San Benito,069,59416,5944,5941,106,6047,62
2021-04-11,San Bernardino,071,2135413,290453,288686,8754,297440,4492
2021-04-11,San Diego,073,3302833,274136,273287,13951,287238,3621
2021-04-11,San Francisco,075,870044,35761,35815,1206,37021,498
2021-04-11,San Joaquin,077,732212,70741,69939,3248,73187,1288
2021-04-11,San Luis Obispo,079,281455,20809,20501,638,21139,253
2021-04-11,San Mateo,081,765935,41284,40901,432,41333,353
2021-04-11,Santa Barbara,083,443738,33775,33591,1091,34682,444
2021-04-11,Santa Clara,085,1922200,115813,116161,670,116831,1923
2021-04-11,Santa Cruz,087,273765,15967,15382,788,16170,203
2021-04-11,Shasta,089,179085,11498,11504,1391,12895,189
2021-04-11,Sierra,091,2930,55,51,12,63,0
2021-04-11,Siskiyou,093,43540,1602,1509,265,1774,7
2021-04-11,Solano,095,438530,31393,31268,435,31703,238
2021-04-11,Sonoma,097,501317,29388,29496,288,29784,310
2021-04-11,Stanislaus,099,539301,53981,53683,5629,59312,707
2021-04-11,Sutter,101,95872,9196,9222,80,9302,106
2021-04-11,Tehama,103,63373,4872,4832,519,5351,52
2021-04-11,Trinity,105,12862,482,324,81,405,3
2021-04-11,Tulare,107,460477,49493,48479,8544,57023,824
2021-04-11,Tuolumne,109,53932,3945,3993,39,4032,57
2021-04-11,Ventura,111,848112,80314,79800,2873,82673,985
2021-04-11,Yolo,113,214977,13515,13496,173,13669,198
2021-04-11,Yuba,115,75493,5798,5768,113,5881,43
2021-04-10,Alameda,001,1643700,84960,84626,1806,86432,1238
2021-04-10,Alpine,003,1148,85,85,0,85,0
2021-04-10,Amador,005,37829,3610,3603,32,3635,46
2021-04-10,Butte,007,227075,11826,11482,1676,13158,193
2021-04-10,Calaveras,009,45235,2033,2032,11,2043,50
2021-04-10,Colusa,011,21464,1903,1902,277,2179,14
2021-04-10,Contra Costa,013,1133247,66801,66001,1148,67149,778
2021-04-10,Del Norte,015,27424,1252,1212,11,1223,6
2021-04-10,El Dorado,017,186661,9676,9549,658,10207,106
2021-04-10,Fresno,019,978130,100634,100135,8275,108410,1633
2021-04-10,Glenn,021,27897,2368,2343,532,2875,17
2021-04-10,Humboldt,023,135768,3542,3508,25,3533,35
2021-04-10,Imperial,025,180216,27952,27816,2580,30396,717
2021-04-10,Inyo,027,18085,1392,1387,10,1397,36
2021-04-10,Kern,029,883053,95889,94802,10323,105125,1284
2021-04-10,Kings,031,150075,22847,22614,1023,23637,241
2021-04-10,Lake,033,64148,3406,3368,9,3377,43
2021-04-10,Lassen,035,31185,5154,5146,102,5248,1
2021-04-10,Los Angeles,037,10098052,1194852,1185246,39907,1225153,23493
2021-04-10,Madera,039,155013,16307,16143,897,17040,231
2021-04-10,Marin,041,260295,13794,13731,223,13954,226
2021-04-10,Mariposa,043,17540,400,393,6,399,5
2021-04-10,Mendocino,045,87422,3782,3696,74,3770,46
2021-04-10,Merced,047,269075,30152,30225,990,31215,435
2021-04-10,Modoc,049,8938,362,352,118,470,3
2021-04-10,Mono,051,14174,1239,1249,16,1265,3
2021-04-10,Monterey,053,433212,42716,42527,1773,44300,346
2021-04-10,Napa,055,140530,9624,9569,32,9601,79
2021-04-10,Nevada,057,99092,4449,4379,182,4561,69
2021-04-10,Orange,059,3164182,252532,251139,10848,261987,4818
2021-04-10,Placer,061,380077,22097,21402,1330,22732,278
2021-04-10,Plumas,063,18699,675,666,10,676,4
2021-04-10,Riverside,065,2383286,290864,285082,13602,298684,4336
2021-04-10,Sacramento,067,1510023,100884,100048,1482,101530,1566
2021-04-10,San Benito,069,59416,5933,5932,105,6037,62
2021-04-10,San Bernardino,071,2135413,290389,288590,8747,297337,4489
2021-04-10,San Diego,073,3302833,273920,273058,13931,286989,3613
2021-04-10,San Francisco,075,870044,35731,35774,1203,36977,498
2021-04-10,San Joaquin,077,732212,70706,69852,3238,73090,1288
2021-04-10,San Luis Obispo,079,281455,20793,20461,637,21098,253
2021-04-10,San Mateo,081,765935,41251,40878,432,41310,350
2021-04-10,Santa Barbara,083,443738,33747,33541,1089,34630,444
2021-04-10,Santa Clara,085,1922200,115717,116015,669,116684,1923
2021-04-10,Santa Cruz,087,273765,15961,15360,788,16148,203
2021-04-10,Shasta,089,179085,11489,11492,1388,12880,189
2021-04-10,Sierra,091,2930,55,51,12,63,0
2021-04-10,Siskiyou,093,43540,1599,1512,265,1777,7
2021-04-10,Solano,095,438530,31359,31218,431,31649,238
2021-04-10,Sonoma,097,501317,29373,29469,288,29757,310
2021-04-10,Stanislaus,099,539301,53946,53596,5623,59219,707
2021-04-10,Sutter,101,95872,9194,9214,80,9294,106
2021-04-10,Tehama,103,63373,4870,4820,517,5337,52
2021-04-10,Trinity,105,12862,482,324,81,405,3
2021-04-10,Tulare,107,460477,49484,48470,8538,57008,824
2021-04-10,Tuolumne,109,53932,3942,3991,39,4030,57
2021-04-10,Ventura,111,848112,80286,79758,2871,82629,985
2021-04-10,Yolo,113,214977,13507,13494,172,13666,198
2021-04-10,Yuba,115,75493,5795,5757,112,5869,43
2021-04-09,Alameda,001,1643700,84893,84404,1798,86202,1237
2021-04-09,Alpine,003,1148,85,85,0,85,0
2021-04-09,Amador,005,37829,3609,3600,32,3632,46
2021-04-09,Butte,007,227075,11816,11454,1675,13129,193
2021-04-09,Calaveras,009,45235,2032,2028,11,2039,50
2021-04-09,Colusa,011,21464,1903,1898,277,2175,14
2021-04-09,Contra Costa,013,1133247,66708,65857,1142,66999,777
2021-04-09,Del Norte,015,27424,1251,1207,11,1218,6
2021-04-09,El Dorado,017,186661,9654,9528,654,10182,106
2021-04-09,Fresno,019,978130,100600,100027,8270,108297,1630
2021-04-09,Glenn,021,27897,2368,2337,532,2869,17
2021-04-09,Humboldt,023,135768,3533,3496,25,3521,35
2021-04-09,Imperial,025,180216,27937,27764,2578,30342,717
2021-04-09,Inyo,027,18085,1391,1386,10,1396,36
2021-04-09,Kern,029,883053,95851,94675,10321,104996,1282
2021-04-09,Kings,031,150075,22838,22595,1020,23615,242
2021-04-09,Lake,033,64148,3402,3362,9,3371,43
2021-04-09,Lassen,035,31185,5154,5140,102,5242,1
2021-04-09,Los Angeles,037,10098052,1194483,1184501,39879,1224380,23458
2021-04-09,Madera,039,155013,16304,16118,897,17015,231
2021-04-09,Marin,041,260295,13787,13721,223,13944,226
2021-04-09,Mariposa,043,17540,400,393,6,399,5
2021-04-09,Mendocino,045,87422,3780,3693,74,3767,46
2021-04-09,Merced,047,269075,30123,30179,989,31168,435
2021-04-09,Modoc,049,8938,361,352,118,470,3
2021-04-09,Mono,051,14174,1239,1247,16,1263,3
2021-04-09,Monterey,053,433212,42707,42481,1769,44250,344
2021-04-09,Napa,055,140530,9605,9574,32,9606,80
2021-04-09,Nevada,057,99092,4441,4373,182,4555,69
2021-04-09,Orange,059,3164182,252458,250852,10843,261695,4813
2021-04-09,Placer,061,380077,22066,21327,1322,22649,278
2021-04-09,Plumas,063,18699,674,666,10,676,4
2021-04-09,Riverside,065,2383286,290781,284562,13596,298158,4325
2021-04-09,Sacramento,067,1510023,100729,99722,1476,101198,1564
2021-04-09,San Benito,069,59416,5928,5925,104,6029,62
2021-04-09,San Bernardino,071,2135413,290320,288000,8744,296744,4467
2021-04-09,San Diego,073,3302833,273722,272697,13889,286586,3600
2021-04-09,San Francisco,075,870044,35690,35716,1198,36914,497
2021-04-09,San Joaquin,077,732212,70642,69675,3226,72901,1281
2021-04-09,San Luis Obispo,079,281455,20778,20427,637,21064,252
2021-04-09,San Mateo,081,765935,41215,40800,431,41231,350
2021-04-09,Santa Barbara,083,443738,33724,33424,1086,34510,444
2021-04-09,Santa Clara,085,1922200,115633,115749,667,116416,1923
2021-04-09,Santa Cruz,087,273765,15956,15331,788,16119,203
2021-04-09,Shasta,089,179085,11479,11478,1385,12863,188
2021-04-09,Sierra,091,2930,55,51,12,63,0
2021-04-09,Siskiyou,093,43540,1596,1510,264,1774,7
2021-04-09,Solano,095,438530,31326,31166,426,31592,238
2021-04-09,Sonoma,097,501317,29360,29433,288,29721,310
2021-04-09,Stanislaus,099,539301,53891,53504,5614,59118,705
2021-04-09,Sutter,101,95872,9187,9201,80,9281,106
2021-04-09,Tehama,103,63373,4864,4806,517,5323,52
2021-04-09,Trinity,105,12862,481,324,81,405,3
2021-04-09,Tulare,107,460477,49480,48430,8532,56962,824
2021-04-09,Tuolumne,109,53932,3941,3986,39,4025,57
2021-04-09,Ventura,111,848112,80258,79698,2871,82569,987
2021-04-09,Yolo,113,214977,13495,13478,170,13648,198
2021-04-09,Yuba,115,75493,5788,5754,112,5866,43
2021-04-08,Alameda,001,1643700,84787,84213,1795,86008,1232
2021-04-08,Alpine,003,1148,85,85,0,85,0
2021-04-08,Amador,005,37829,3605,3595,32,3627,46
2021-04-08,Butte,007,227075,11805,11414,1674,13088,193
2021-04-08,Calaveras,009,45235,2030,2027,11,2038,50
2021-04-08,Colusa,011,21464,1902,1897,277,2174,14
2021-04-08,Contra Costa,013,1133247,66598,65706,1139,66845,775
2021-04-08,Del Norte,015,27424,1245,1201,11,1212,6
2021-04-08,El Dorado,017,186661,9638,9513,649,10162,106
2021-04-08,Fresno,019,978130,100537,99935,8263,108198,1627
2021-04-08,Glenn,021,27897,2367,2337,532,2869,17
2021-04-08,Humboldt,023,135768,3523,3486,25,3511,35
2021-04-08,Imperial,025,180216,27909,27744,2575,30319,713
2021-04-08,Inyo,027,18085,1390,1386,10,1396,36
2021-04-08,Kern,029,883053,95805,94493,10308,104801,1281
2021-04-08,Kings,031,150075,22831,22589,1018,23607,243
2021-04-08,Lake,033,64148,3395,3360,9,3369,43
2021-04-08,Lassen,035,31185,5153,5136,102,5238,1
2021-04-08,Los Angeles,037,10098052,1193984,1184443,39841,1224284,23416
2021-04-08,Madera,039,155013,16292,16103,897,17000,231
2021-04-08,Marin,041,260295,13780,13704,223,13927,226
2021-04-08,Mariposa,043,17540,399,393,6,399,5
2021-04-08,Mendocino,045,87422,3778,3690,74,3764,45
2021-04-08,Merced,047,269075,30101,30163,989,31152,430
2021-04-08,Modoc,049,8938,361,352,118,470,3
2021-04-08,Mono,051,14174,1237,1247,16,1263,3
2021-04-08,Monterey,053,433212,42685,42437,1764,44201,342
2021-04-08,Napa,055,140530,9588,9569,32,9601,80
2021-04-08,Nevada,057,99092,4430,4367,182,4549,69
2021-04-08,Orange,059,3164182,252348,250529,10828,261357,4797
2021-04-08,Placer,061,380077,22024,21258,1313,22571,277
2021-04-08,Plumas,063,18699,674,665,10,675,4
2021-04-08,Riverside,065,2383286,290667,283853,13591,297444,4296
2021-04-08,Sacramento,067,1510023,100589,99319,1465,100784,1561
2021-04-08,San Benito,069,59416,5925,5914,102,6016,62
2021-04-08,San Bernardino,071,2135413,290223,287190,8741,295931,4445
2021-04-08,San Diego,073,3302833,273492,272495,13853,286348,3592
2021-04-08,San Francisco,075,870044,35667,35657,1197,36854,494
2021-04-08,San Joaquin,077,732212,70570,69479,3220,72699,1279
2021-04-08,San Luis Obispo,079,281455,20759,20402,635,21037,252
2021-04-08,San Mateo,081,765935,41175,40749,431,41180,350
2021-04-08,Santa Barbara,083,443738,33700,33309,1085,34394,444
2021-04-08,Santa Clara,085,1922200,115527,115487,666,116153,1905
2021-04-08,Santa Cruz,087,273765,15949,15296,788,16084,203
2021-04-08,Shasta,089,179085,11469,11466,1381,12847,186
2021-04-08,Sierra,091,2930,55,51,12,63,0
2021-04-08,Siskiyou,093,43540,1593,1511,264,1775,7
2021-04-08,Solano,095,438530,31277,31120,426,31546,238
2021-04-08,Sonoma,097,501317,29340,29410,287,29697,310
2021-04-08,Stanislaus,099,539301,53813,53401,5604,59005,706
2021-04-08,Sutter,101,95872,9183,9195,80,9275,106
2021-04-08,Tehama,103,63373,4860,4802,517,5319,52
2021-04-08,Trinity,105,12862,481,324,81,405,3
2021-04-08,Tulare,107,460477,49467,48409,8522,56931,821
2021-04-08,Tuolumne,109,53932,3941,3986,39,4025,57
2021-04-08,Ventura,111,848112,80221,79626,2867,82493,986
2021-04-08,Yolo,113,214977,13486,13468,169,13637,198
2021-04-08,Yuba,115,75493,5784,5743,112,5855,43
2021-04-07,Alameda,001,1643700,84703,84130,1793,85923,1224
2021-04-07,Alpine,003,1148,85,85,0,85,0
2021-04-07,Amador,005,37829,3602,3590,32,3622,46
2021-04-07,Butte,007,227075,11801,11405,1671,13076,193
2021-04-07,Calaveras,009,45235,2029,2022,11,2033,50
2021-04-07,Colusa,011,21464,1898,1894,276,2170,14
2021-04-07,Contra Costa,013,1133247,66512,65619,1138,66757,775
2021-04-07,Del Norte,015,27424,1243,1198,11,1209,6
2021-04-07,El Dorado,017,186661,9617,9500,643,10143,106
2021-04-07,Fresno,019,978130,100472,99865,8252,108117,1627
2021-04-07,Glenn,021,27897,2365,2337,531,2868,17
2021-04-07,Humboldt,023,135768,3510,3484,25,3509,35
2021-04-07,Imperial,025,180216,27885,27704,2569,30273,713
2021-04-07,Inyo,027,18085,1389,1386,10,1396,36
2021-04-07,Kern,029,883053,95769,94456,10293,104749,1275
2021-04-07,Kings,031,150075,22829,22589,1018,23607,243
2021-04-07,Lake,033,64148,3393,3358,9,3367,43
2021-04-07,Lassen,035,31185,5153,5137,102,5239,1
2021-04-07,Los Angeles,037,10098052,1193543,1183862,39821,1223683,23372
2021-04-07,Madera,039,155013,16273,16090,896,16986,231
2021-04-07,Marin,041,260295,13769,13688,222,13910,225
2021-04-07,Mariposa,043,17540,398,391,6,397,5
2021-04-07,Mendocino,045,87422,3777,3691,74,3765,45
2021-04-07,Merced,047,269075,30078,30132,985,31117,430
2021-04-07,Modoc,049,8938,361,351,118,469,3
2021-04-07,Mono,051,14174,1237,1246,16,1262,3
2021-04-07,Monterey,053,433212,42667,42427,1763,44190,341
2021-04-07,Napa,055,140530,9574,9556,32,9588,80
2021-04-07,Nevada,057,99092,4424,4364,182,4546,69
2021-04-07,Orange,059,3164182,252223,250378,10806,261184,4778
2021-04-07,Placer,061,380077,21980,21227,1305,22532,276
2021-04-07,Plumas,063,18699,674,665,10,675,4
2021-04-07,Riverside,065,2383286,290547,283749,13581,297330,4285
2021-04-07,Sacramento,067,1510023,100421,99202,1459,100661,1544
2021-04-07,San Benito,069,59416,5920,5912,101,6013,62
2021-04-07,San Bernardino,071,2135413,290104,286978,8736,295714,4433
2021-04-07,San Diego,073,3302833,273266,272195,13824,286019,3588
2021-04-07,San Francisco,075,870044,35627,35618,1193,36811,493
2021-04-07,San Joaquin,077,732212,70500,69375,3215,72590,1278
2021-04-07,San Luis Obispo,079,281455,20733,20373,632,21005,252
2021-04-07,San Mateo,081,765935,41131,40693,431,41124,350
2021-04-07,Santa Barbara,083,443738,33674,33289,1082,34371,444
2021-04-07,Santa Clara,085,1922200,115395,115311,664,115975,1900
2021-04-07,Santa Cruz,087,273765,15938,15275,788,16063,203
2021-04-07,Shasta,089,179085,11457,11456,1377,12833,184
2021-04-07,Sierra,091,2930,55,51,12,63,0
2021-04-07,Siskiyou,093,43540,1587,1512,263,1775,7
2021-04-07,Solano,095,438530,31226,31097,425,31522,238
2021-04-07,Sonoma,097,501317,29322,29394,286,29680,310
2021-04-07,Stanislaus,099,539301,53745,53344,5594,58938,686
2021-04-07,Sutter,101,95872,9180,9188,80,9268,106
2021-04-07,Tehama,103,63373,4852,4802,515,5317,52
2021-04-07,Trinity,105,12862,481,322,81,403,3
2021-04-07,Tulare,107,460477,49452,48386,8512,56898,820
2021-04-07,Tuolumne,109,53932,3939,3982,39,4021,57
2021-04-07,Ventura,111,848112,80187,79595,2865,82460,986
2021-04-07,Yolo,113,214977,13471,13450,167,13617,198
2021-04-07,Yuba,115,75493,5780,5737,112,5849,43
2021-04-06,Alameda,001,1643700,84590,84091,1790,85881,1223
2021-04-06,Alpine,003,1148,85,85,0,85,0
2021-04-06,Amador,005,37829,3601,3587,32,3619,45
2021-04-06,Butte,007,227075,11786,11396,1669,13065,193
2021-04-06,Calaveras,009,45235,2025,2021,11,2032,50
2021-04-06,Colusa,011,21464,1896,1894,274,2168,14
2021-04-06,Contra Costa,013,1133247,66434,65575,1137,66712,774
2021-04-06,Del Norte,015,27424,1238,1197,11,1208,6
2021-04-06,El Dorado,017,186661,9587,9489,641,10130,106
2021-04-06,Fresno,019,978130,100408,99814,8246,108060,1626
2021-04-06,Glenn,021,27897,2364,2335,530,2865,17
2021-04-06,Humboldt,023,135768,3501,3477,25,3502,35
2021-04-06,Imperial,025,180216,27851,27661,2560,30221,713
2021-04-06,Inyo,027,18085,1389,1379,10,1389,36
2021-04-06,Kern,029,883053,95725,94422,10287,104709,1259
2021-04-06,Kings,031,150075,22823,22587,1018,23605,240
2021-04-06,Lake,033,64148,3390,3358,9,3367,43
2021-04-06,Lassen,035,31185,5151,5137,102,5239,1
2021-04-06,Los Angeles,037,10098052,1193032,1183499,39782,1223281,23323
2021-04-06,Madera,039,155013,16253,16085,891,16976,230
2021-04-06,Marin,041,260295,13760,13675,218,13893,224
2021-04-06,Mariposa,043,17540,398,390,6,396,5
2021-04-06,Mendocino,045,87422,3775,3686,74,3760,45
2021-04-06,Merced,047,269075,30049,30100,980,31080,430
2021-04-06,Modoc,049,8938,360,351,118,469,3
2021-04-06,Mono,051,14174,1237,1246,16,1262,3
2021-04-06,Monterey,053,433212,42658,42412,1762,44174,341
2021-04-06,Napa,055,140530,9555,9509,32,9541,78
2021-04-06,Nevada,057,99092,4414,4356,180,4536,69
2021-04-06,Orange,059,3164182,252114,250304,10793,261097,4771
2021-04-06,Placer,061,380077,21932,21184,1303,22487,276
2021-04-06,Plumas,063,18699,674,665,10,675,4
2021-04-06,Riverside,065,2383286,290366,283622,13570,297192,4264
2021-04-06,Sacramento,067,1510023,100213,99110,1453,100563,1537
2021-04-06,San Benito,069,59416,5911,5907,101,6008,62
2021-04-06,San Bernardino,071,2135413,289991,286792,8726,295518,4428
2021-04-06,San Diego,073,3302833,273004,271867,13796,285663,3585
2021-04-06,San Francisco,075,870044,35584,35572,1193,36765,488
2021-04-06,San Joaquin,077,732212,70417,69316,3203,72519,1278
2021-04-06,San Luis Obispo,079,281455,20711,20350,629,20979,252
2021-04-06,San Mateo,081,765935,41083,40649,430,41079,350
2021-04-06,Santa Barbara,083,443738,33656,33257,1081,34338,443
2021-04-06,Santa Clara,085,1922200,115224,115184,663,115847,1900
2021-04-06,Santa Cruz,087,273765,15928,15252,788,16040,203
2021-04-06,Shasta,089,179085,11436,11443,1375,12818,184
2021-04-06,Sierra,091,2930,55,51,12,63,0
2021-04-06,Siskiyou,093,43540,1583,1510,262,1772,7
2021-04-06,Solano,095,438530,31179,31078,424,31502,237
2021-04-06,Sonoma,097,501317,29297,29386,284,29670,311
2021-04-06,Stanislaus,099,539301,53689,53304,5588,58892,686
2021-04-06,Sutter,101,95872,9170,9179,80,9259,106
2021-04-06,Tehama,103,63373,4843,4798,515,5313,52
2021-04-06,Trinity,105,12862,481,321,81,402,3
2021-04-06,Tulare,107,460477,49409,48372,8508,56880,819
2021-04-06,Tuolumne,109,53932,3939,3981,39,4020,57
2021-04-06,Ventura,111,848112,80150,79556,2863,82419,983
2021-04-06,Yolo,113,214977,13458,13443,166,13609,198
2021-04-06,Yuba,115,75493,5776,5733,111,5844,43
2021-04-05,Alameda,001,1643700,84474,84007,1786,85793,1219
2021-04-05,Alpine,003,1148,85,85,0,85,0
2021-04-05,Amador,005,37829,3598,3584,32,3616,45
2021-04-05,Butte,007,227075,11771,11384,1669,13053,193
2021-04-05,Calaveras,009,45235,2023,2019,11,2030,50
2021-04-05,Colusa,011,21464,1896,1894,273,2167,14
2021-04-05,Contra Costa,013,1133247,66368,65457,1135,66592,774
2021-04-05,Del Norte,015,27424,1236,1189,11,1200,6
2021-04-05,El Dorado,017,186661,9572,9463,641,10104,106
2021-04-05,Fresno,019,978130,100320,99755,8238,107993,1622
2021-04-05,Glenn,021,27897,2363,2335,530,2865,17
2021-04-05,Humboldt,023,135768,3492,3475,25,3500,35
2021-04-05,Imperial,025,180216,27819,27604,2555,30159,710
2021-04-05,Inyo,027,18085,1386,1377,10,1387,36
2021-04-05,Kern,029,883053,95670,94401,10262,104663,1249
2021-04-05,Kings,031,150075,22819,22580,1018,23598,239
2021-04-05,Lake,033,64148,3382,3359,9,3368,43
2021-04-05,Lassen,035,31185,5151,5138,101,5239,1
2021-04-05,Los Angeles,037,10098052,1192497,1183200,39733,1222933,23302
2021-04-05,Madera,039,155013,16239,16065,890,16955,230
2021-04-05,Marin,041,260295,13746,13666,214,13880,221
2021-04-05,Mariposa,043,17540,398,390,6,396,5
2021-04-05,Mendocino,045,87422,3773,3687,74,3761,45
2021-04-05,Merced,047,269075,30023,30068,978,31046,427
2021-04-05,Modoc,049,8938,358,346,118,464,3
2021-04-05,Mono,051,14174,1237,1246,16,1262,3
2021-04-05,Monterey,053,433212,42645,42396,1758,44154,341
2021-04-05,Napa,055,140530,9532,9492,32,9524,78
2021-04-05,Nevada,057,99092,4403,4346,180,4526,69
2021-04-05,Orange,059,3164182,251999,250177,10769,260946,4759
2021-04-05,Placer,061,380077,21886,21133,1296,22429,276
2021-04-05,Plumas,063,18699,674,666,10,676,4
2021-04-05,Riverside,065,2383286,290229,283549,13558,297107,4237
2021-04-05,Sacramento,067,1510023,100051,98908,1445,100353,1533
2021-04-05,San Benito,069,59416,5905,5904,101,6005,61
2021-04-05,San Bernardino,071,2135413,289881,286597,8723,295320,4425
2021-04-05,San Diego,073,3302833,272755,271655,13755,285410,3583
2021-04-05,San Francisco,075,870044,35553,35538,1193,36731,488
2021-04-05,San Joaquin,077,732212,70328,69214,3194,72408,1268
2021-04-05,San Luis Obispo,079,281455,20674,20333,629,20962,252
2021-04-05,San Mateo,081,765935,41039,40609,429,41038,350
2021-04-05,Santa Barbara,083,443738,33621,33235,1081,34316,443
2021-04-05,Santa Clara,085,1922200,115057,115091,660,115751,1893
2021-04-05,Santa Cruz,087,273765,15921,15228,788,16016,201
2021-04-05,Shasta,089,179085,11415,11435,1372,12807,184
2021-04-05,Sierra,091,2930,55,50,12,62,0
2021-04-05,Siskiyou,093,43540,1580,1509,260,1769,7
2021-04-05,Solano,095,438530,31138,31026,422,31448,237
2021-04-05,Sonoma,097,501317,29265,29361,282,29643,311
2021-04-05,Stanislaus,099,539301,53609,53238,5585,58823,686
2021-04-05,Sutter,101,95872,9163,9169,80,9249,106
2021-04-05,Tehama,103,63373,4837,4794,515,5309,52
2021-04-05,Trinity,105,12862,480,321,81,402,3
2021-04-05,Tulare,107,460477,49397,48356,8501,56857,818
2021-04-05,Tuolumne,109,53932,3938,3980,39,4019,57
2021-04-05,Ventura,111,848112,80119,79549,2860,82409,983
2021-04-05,Yolo,113,214977,13444,13427,165,13592,198
2021-04-05,Yuba,115,75493,5771,5728,110,5838,43
2021-04-04,Alameda,001,1643700,84356,83951,1782,85733,1219
2021-04-04,Alpine,003,1148,85,85,0,85,0
2021-04-04,Amador,005,37829,3592,3582,32,3614,45
2021-04-04,Butte,007,227075,11756,11375,1668,13043,193
2021-04-04,Calaveras,009,45235,2019,2020,11,2031,50
2021-04-04,Colusa,011,21464,1895,1893,273,2166,14
2021-04-04,Contra Costa,013,1133247,66262,65408,1130,66538,774
2021-04-04,Del Norte,015,27424,1228,1186,11,1197,6
2021-04-04,El Dorado,017,186661,9553,9455,638,10093,106
2021-04-04,Fresno,019,978130,100246,99702,8226,107928,1622
2021-04-04,Glenn,021,27897,2360,2335,529,2864,17
2021-04-04,Humboldt,023,135768,3481,3472,25,3497,35
2021-04-04,Imperial,025,180216,27763,27588,2553,30141,710
2021-04-04,Inyo,027,18085,1382,1377,10,1387,36
2021-04-04,Kern,029,883053,95626,94388,10241,104629,1247
2021-04-04,Kings,031,150075,22817,22580,1017,23597,239
2021-04-04,Lake,033,64148,3376,3355,8,3363,43
2021-04-04,Lassen,035,31185,5149,5138,101,5239,1
2021-04-04,Los Angeles,037,10098052,1191953,1182872,39689,1222561,23301
2021-04-04,Madera,039,155013,16213,16052,886,16938,230
2021-04-04,Marin,041,260295,13733,13663,213,13876,221
2021-04-04,Mariposa,043,17540,398,390,6,396,5
2021-04-04,Mendocino,045,87422,3770,3684,74,3758,45
2021-04-04,Merced,047,269075,29980,30048,975,31023,427
2021-04-04,Modoc,049,8938,358,346,118,464,3
2021-04-04,Mono,051,14174,1236,1245,16,1261,3
2021-04-04,Monterey,053,433212,42628,42391,1757,44148,341
2021-04-04,Napa,055,140530,9520,9486,32,9518,78
2021-04-04,Nevada,057,99092,4391,4337,180,4517,69
2021-04-04,Orange,059,3164182,251865,250117,10753,260870,4759
2021-04-04,Placer,061,380077,21839,21104,1278,22382,276
2021-04-04,Plumas,063,18699,674,666,10,676,4
2021-04-04,Riverside,065,2383286,290103,283537,13554,297091,4237
2021-04-04,Sacramento,067,1510023,99852,98821,1436,100257,1531
2021-04-04,San Benito,069,59416,5895,5901,97,5998,61
2021-04-04,San Bernardino,071,2135413,289741,286561,8715,295276,4423
2021-04-04,San Diego,073,3302833,272443,271528,13714,285242,3583
2021-04-04,San Francisco,075,870044,35499,35525,1190,36715,488
2021-04-04,San Joaquin,077,732212,70227,69147,3182,72329,1268
2021-04-04,San Luis Obispo,079,281455,20642,20328,621,20949,252
2021-04-04,San Mateo,081,765935,40996,40587,427,41014,350
2021-04-04,Santa Barbara,083,443738,33585,33213,1081,34294,443
2021-04-04,Santa Clara,085,1922200,114891,114976,653,115629,1893
2021-04-04,Santa Cruz,087,273765,15912,15219,788,16007,201
2021-04-04,Shasta,089,179085,11389,11433,1371,12804,184
2021-04-04,Sierra,091,2930,55,50,12,62,0
2021-04-04,Siskiyou,093,43540,1577,1509,256,1765,7
2021-04-04,Solano,095,438530,31091,31002,420,31422,237
2021-04-04,Sonoma,097,501317,29233,29340,280,29620,311
2021-04-04,Stanislaus,099,539301,53516,53181,5577,58758,686
2021-04-04,Sutter,101,95872,9156,9164,80,9244,106
2021-04-04,Tehama,103,63373,4825,4792,514,5306,52
2021-04-04,Trinity,105,12862,478,321,81,402,3
2021-04-04,Tulare,107,460477,49383,48343,8493,56836,818
2021-04-04,Tuolumne,109,53932,3930,3980,39,4019,57
2021-04-04,Ventura,111,848112,80076,79526,2858,82384,983
2021-04-04,Yolo,113,214977,13423,13425,164,13589,198
2021-04-04,Yuba,115,75493,5764,5722,110,5832,43
2021-04-03,Alameda,001,1643700,84289,83861,1780,85641,1218
2021-04-03,Alpine,003,1148,85,85,0,85,0
2021-04-03,Amador,005,37829,3589,3577,32,3609,45
2021-04-03,Butte,007,227075,11752,11359,1664,13023,193
2021-04-03,Calaveras,009,45235,2017,2019,11,2030,50
2021-04-03,Colusa,011,21464,1895,1891,273,2164,14
2021-04-03,Contra Costa,013,1133247,66190,65338,1130,66468,774
2021-04-03,Del Norte,015,27424,1223,1183,11,1194,6
2021-04-03,El Dorado,017,186661,9544,9448,637,10085,106
2021-04-03,Fresno,019,978130,100189,99602,8220,107822,1622
2021-04-03,Glenn,021,27897,2359,2334,528,2862,17
2021-04-03,Humboldt,023,135768,3479,3467,25,3492,35
2021-04-03,Imperial,025,180216,27747,27572,2550,30122,710
2021-04-03,Inyo,027,18085,1381,1376,10,1386,36
2021-04-03,Kern,029,883053,95600,94369,10225,104594,1243
2021-04-03,Kings,031,150075,22815,22580,1017,23597,239
2021-04-03,Lake,033,64148,3375,3350,8,3358,43
2021-04-03,Lassen,035,31185,5148,5136,101,5237,1
2021-04-03,Los Angeles,037,10098052,1191646,1182402,39672,1222074,23301
2021-04-03,Madera,039,155013,16204,16051,884,16935,230
2021-04-03,Marin,041,260295,13725,13658,212,13870,221
2021-04-03,Mariposa,043,17540,398,390,5,395,5
2021-04-03,Mendocino,045,87422,3769,3684,74,3758,45
2021-04-03,Merced,047,269075,29965,30031,975,31006,427
2021-04-03,Modoc,049,8938,358,346,118,464,3
2021-04-03,Mono,051,14174,1236,1245,16,1261,3
2021-04-03,Monterey,053,433212,42615,42376,1755,44131,341
2021-04-03,Napa,055,140530,9511,9473,32,9505,78
2021-04-03,Nevada,057,99092,4387,4323,180,4503,69
2021-04-03,Orange,059,3164182,251785,249982,10735,260717,4755
2021-04-03,Placer,061,380077,21808,21060,1274,22334,276
2021-04-03,Plumas,063,18699,674,666,10,676,4
2021-04-03,Riverside,065,2383286,290025,283423,13551,296974,4237
2021-04-03,Sacramento,067,1510023,99744,98660,1430,100090,1531
2021-04-03,San Benito,069,59416,5892,5893,96,5989,61
2021-04-03,San Bernardino,071,2135413,289676,286473,8709,295182,4422
2021-04-03,San Diego,073,3302833,272274,271335,13697,285032,3571
2021-04-03,San Francisco,075,870044,35480,35488,1188,36676,489
2021-04-03,San Joaquin,077,732212,70186,69100,3166,72266,1268
2021-04-03,San Luis Obispo,079,281455,20623,20301,621,20922,252
2021-04-03,San Mateo,081,765935,40971,40560,427,40987,350
2021-04-03,Santa Barbara,083,443738,33559,33172,1080,34252,443
2021-04-03,Santa Clara,085,1922200,114783,114865,651,115516,1893
2021-04-03,Santa Cruz,087,273765,15905,15205,788,15993,201
2021-04-03,Shasta,089,179085,11381,11418,1371,12789,184
2021-04-03,Sierra,091,2930,55,50,12,62,0
2021-04-03,Siskiyou,093,43540,1576,1509,256,1765,7
2021-04-03,Solano,095,438530,31070,30970,417,31387,237
2021-04-03,Sonoma,097,501317,29217,29315,279,29594,311
2021-04-03,Stanislaus,099,539301,53481,53137,5571,58708,686
2021-04-03,Sutter,101,95872,9150,9158,80,9238,106
2021-04-03,Tehama,103,63373,4817,4788,514,5302,52
2021-04-03,Trinity,105,12862,478,321,81,402,3
2021-04-03,Tulare,107,460477,49373,48327,8489,56816,818
2021-04-03,Tuolumne,109,53932,3930,3980,39,4019,57
2021-04-03,Ventura,111,848112,80055,79489,2856,82345,983
2021-04-03,Yolo,113,214977,13417,13414,164,13578,198
2021-04-03,Yuba,115,75493,5758,5716,110,5826,43
2021-04-02,Alameda,001,1643700,84216,83776,1777,85553,1217
2021-04-02,Alpine,003,1148,85,85,0,85,0
2021-04-02,Amador,005,37829,3585,3573,31,3604,45
2021-04-02,Butte,007,227075,11744,11350,1664,13014,193
2021-04-02,Calaveras,009,45235,2015,2010,11,2021,50
2021-04-02,Colusa,011,21464,1895,1891,273,2164,14
2021-04-02,Contra Costa,013,1133247,66126,65299,1129,66428,774
2021-04-02,Del Norte,015,27424,1220,1174,11,1185,6
2021-04-02,El Dorado,017,186661,9531,9437,634,10071,106
2021-04-02,Fresno,019,978130,100135,99551,8209,107760,1620
2021-04-02,Glenn,021,27897,2359,2331,528,2859,17
2021-04-02,Humboldt,023,135768,3475,3465,25,3490,35
2021-04-02,Imperial,025,180216,27735,27553,2544,30097,710
2021-04-02,Inyo,027,18085,1381,1377,10,1387,36
2021-04-02,Kern,029,883053,95582,94348,10222,104570,1233
2021-04-02,Kings,031,150075,22815,22571,1014,23585,239
2021-04-02,Lake,033,64148,3373,3348,8,3356,43
2021-04-02,Lassen,035,31185,5148,5134,101,5235,1
2021-04-02,Los Angeles,037,10098052,1191335,1181682,39651,1221333,23264
2021-04-02,Madera,039,155013,16195,16036,883,16919,230
2021-04-02,Marin,041,260295,13717,13649,212,13861,221
2021-04-02,Mariposa,043,17540,396,390,5,395,5
2021-04-02,Mendocino,045,87422,3766,3682,74,3756,45
2021-04-02,Merced,047,269075,29940,29998,975,30973,426
2021-04-02,Modoc,049,8938,355,346,118,464,3
2021-04-02,Mono,051,14174,1236,1246,16,1262,3
2021-04-02,Monterey,053,433212,42605,42359,1752,44111,341
2021-04-02,Napa,055,140530,9496,9453,32,9485,78
2021-04-02,Nevada,057,99092,4383,4323,180,4503,69
2021-04-02,Orange,059,3164182,251689,249891,10723,260614,4748
2021-04-02,Placer,061,380077,21772,21035,1268,22303,275
2021-04-02,Plumas,063,18699,674,666,10,676,4
2021-04-02,Riverside,065,2383286,289939,283328,13542,296870,4213
2021-04-02,Sacramento,067,1510023,99637,98648,1423,100071,1527
2021-04-02,San Benito,069,59416,5890,5888,94,5982,61
2021-04-02,San Bernardino,071,2135413,289603,286308,8705,295013,4417
2021-04-02,San Diego,073,3302833,272087,271036,13671,284707,3568
2021-04-02,San Francisco,075,870044,35445,35451,1186,36637,488
2021-04-02,San Joaquin,077,732212,70121,68996,3151,72147,1268
2021-04-02,San Luis Obispo,079,281455,20606,20271,620,20891,252
2021-04-02,San Mateo,081,765935,40929,40514,427,40941,350
2021-04-02,Santa Barbara,083,443738,33531,33145,1080,34225,443
2021-04-02,Santa Clara,085,1922200,114672,114777,649,115426,1882
2021-04-02,Santa Cruz,087,273765,15897,15216,788,16004,202
2021-04-02,Shasta,089,179085,11376,11377,1364,12741,181
2021-04-02,Sierra,091,2930,55,50,12,62,0
2021-04-02,Siskiyou,093,43540,1576,1508,255,1763,7
2021-04-02,Solano,095,438530,31041,30951,414,31365,237
2021-04-02,Sonoma,097,501317,29196,29288,278,29566,311
2021-04-02,Stanislaus,099,539301,53436,53073,5565,58638,687
2021-04-02,Sutter,101,95872,9142,9131,80,9211,106
2021-04-02,Tehama,103,63373,4810,4775,513,5288,52
2021-04-02,Trinity,105,12862,478,320,81,401,3
2021-04-02,Tulare,107,460477,49367,48306,8483,56789,818
2021-04-02,Tuolumne,109,53932,3927,3980,39,4019,57
2021-04-02,Ventura,111,848112,80028,79434,2854,82288,982
2021-04-02,Yolo,113,214977,13407,13381,164,13545,197
2021-04-02,Yuba,115,75493,5754,5709,110,5819,44
2021-04-01,Alameda,001,1643700,84137,83574,1772,85346,1216
2021-04-01,Alpine,003,1148,85,85,0,85,0
2021-04-01,Amador,005,37829,3581,3558,31,3589,45
2021-04-01,Butte,007,227075,11726,11328,1662,12990,193
2021-04-01,Calaveras,009,45235,2012,2006,11,2017,50
2021-04-01,Colusa,011,21464,1892,1890,273,2163,14
2021-04-01,Contra Costa,013,1133247,66066,65176,1127,66303,771
2021-04-01,Del Norte,015,27424,1215,1138,11,1149,6
2021-04-01,El Dorado,017,186661,9522,9393,630,10023,106
2021-04-01,Fresno,019,978130,100082,99317,8201,107518,1616
2021-04-01,Glenn,021,27897,2359,2322,527,2849,17
2021-04-01,Humboldt,023,135768,3471,3464,25,3489,35
2021-04-01,Imperial,025,180216,27705,27520,2539,30059,710
2021-04-01,Inyo,027,18085,1380,1374,10,1384,36
2021-04-01,Kern,029,883053,95546,94244,10210,104454,1233
2021-04-01,Kings,031,150075,22808,22560,1013,23573,239
2021-04-01,Lake,033,64148,3368,3337,8,3345,43
2021-04-01,Lassen,035,31185,5147,5132,101,5233,1
2021-04-01,Los Angeles,037,10098052,1190841,1181101,39622,1220723,23220
2021-04-01,Madera,039,155013,16179,16023,883,16906,230
2021-04-01,Marin,041,260295,13707,13635,212,13847,221
2021-04-01,Mariposa,043,17540,394,389,5,394,5
2021-04-01,Mendocino,045,87422,3766,3680,74,3754,45
2021-04-01,Merced,047,269075,29907,29820,975,30795,425
2021-04-01,Modoc,049,8938,354,346,118,464,3
2021-04-01,Mono,051,14174,1236,1245,16,1261,3
2021-04-01,Monterey,053,433212,42597,42324,1750,44074,339
2021-04-01,Napa,055,140530,9484,9410,32,9442,78
2021-04-01,Nevada,057,99092,4373,4288,179,4467,68
2021-04-01,Orange,059,3164182,251569,249617,10706,260323,4742
2021-04-01,Placer,061,380077,21733,20909,1256,22165,274
2021-04-01,Plumas,063,18699,674,664,10,674,4
2021-04-01,Riverside,065,2383286,289834,283128,13539,296667,4193
2021-04-01,Sacramento,067,1510023,99493,97952,1410,99362,1521
2021-04-01,San Benito,069,59416,5882,5878,93,5971,61
2021-04-01,San Bernardino,071,2135413,289487,286086,8696,294782,4404
2021-04-01,San Diego,073,3302833,271864,270540,13641,284181,3555
2021-04-01,San Francisco,075,870044,35424,35386,1183,36569,488
2021-04-01,San Joaquin,077,732212,70039,68802,3143,71945,1262
2021-04-01,San Luis Obispo,079,281455,20577,20235,619,20854,252
2021-04-01,San Mateo,081,765935,40888,40454,427,40881,350
2021-04-01,Santa Barbara,083,443738,33484,33096,1075,34171,443
2021-04-01,Santa Clara,085,1922200,114559,114606,648,115254,1874
2021-04-01,Santa Cruz,087,273765,15882,15271,788,16059,202
2021-04-01,Shasta,089,179085,11361,11355,1359,12714,181
2021-04-01,Sierra,091,2930,55,50,12,62,0
2021-04-01,Siskiyou,093,43540,1574,1507,254,1761,7
2021-04-01,Solano,095,438530,31008,30850,411,31261,237
2021-04-01,Sonoma,097,501317,29165,29241,271,29512,311
2021-04-01,Stanislaus,099,539301,53374,52825,5559,58384,687
2021-04-01,Sutter,101,95872,9130,9105,80,9185,106
2021-04-01,Tehama,103,63373,4804,4764,510,5274,52
2021-04-01,Trinity,105,12862,478,319,81,400,3
2021-04-01,Tulare,107,460477,49344,48279,8473,56752,817
2021-04-01,Tuolumne,109,53932,3925,3978,39,4017,57
2021-04-01,Ventura,111,848112,80004,79369,2853,82222,977
2021-04-01,Yolo,113,214977,13394,13342,164,13506,197
2021-04-01,Yuba,115,75493,5749,5694,110,5804,44
2021-03-31,Alameda,001,1643700,84056,83475,1767,85242,1215
2021-03-31,Alpine,003,1148,85,85,0,85,0
2021-03-31,Amador,005,37829,3578,3556,31,3587,45
2021-03-31,Butte,007,227075,11716,11321,1659,12980,193
2021-03-31,Calaveras,009,45235,2010,2005,11,2016,50
2021-03-31,Colusa,011,21464,1892,1890,273,2163,14
2021-03-31,Contra Costa,013,1133247,65981,65109,1126,66235,769
2021-03-31,Del Norte,015,27424,1206,1129,11,1140,6
2021-03-31,El Dorado,017,186661,9505,9390,630,10020,106
2021-03-31,Fresno,019,978130,99989,99240,8185,107425,1616
2021-03-31,Glenn,021,27897,2355,2318,525,2843,17
2021-03-31,Humboldt,023,135768,3465,3460,25,3485,35
2021-03-31,Imperial,025,180216,27685,27506,2538,30044,710
2021-03-31,Inyo,027,18085,1377,1373,9,1382,35
2021-03-31,Kern,029,883053,95503,94205,10201,104406,1229
2021-03-31,Kings,031,150075,22805,22540,1013,23553,239
2021-03-31,Lake,033,64148,3364,3332,8,3340,43
2021-03-31,Lassen,035,31185,5143,5132,101,5233,1
2021-03-31,Los Angeles,037,10098052,1190371,1180538,39583,1220121,23171
2021-03-31,Madera,039,155013,16165,16015,882,16897,229
2021-03-31,Marin,041,260295,13696,13624,212,13836,221
2021-03-31,Mariposa,043,17540,394,389,5,394,5
2021-03-31,Mendocino,045,87422,3760,3675,74,3749,45
2021-03-31,Merced,047,269075,29878,29780,975,30755,423
2021-03-31,Modoc,049,8938,354,346,118,464,3
2021-03-31,Mono,051,14174,1236,1245,16,1261,3
2021-03-31,Monterey,053,433212,42580,42309,1748,44057,338
2021-03-31,Napa,055,140530,9466,9401,32,9433,78
2021-03-31,Nevada,057,99092,4367,4283,179,4462,68
2021-03-31,Orange,059,3164182,251458,249518,10691,260209,4731
2021-03-31,Placer,061,380077,21683,20885,1249,22134,271
2021-03-31,Plumas,063,18699,673,663,10,673,4
2021-03-31,Riverside,065,2383286,289732,283006,13529,296535,4171
2021-03-31,Sacramento,067,1510023,99318,97760,1403,99163,1519
2021-03-31,San Benito,069,59416,5872,5875,93,5968,61
2021-03-31,San Bernardino,071,2135413,289393,285916,8693,294609,4356
2021-03-31,San Diego,073,3302833,271632,270288,13606,283894,3555
2021-03-31,San Francisco,075,870044,35379,35347,1182,36529,474
2021-03-31,San Joaquin,077,732212,69950,68685,3127,71812,1259
2021-03-31,San Luis Obispo,079,281455,20555,20215,618,20833,251
2021-03-31,San Mateo,081,765935,40858,40423,427,40850,350
2021-03-31,Santa Barbara,083,443738,33452,33052,1073,34125,443
2021-03-31,Santa Clara,085,1922200,114432,114499,648,115147,1874
2021-03-31,Santa Cruz,087,273765,15869,15295,787,16082,201
2021-03-31,Shasta,089,179085,11349,11327,1351,12678,179
2021-03-31,Sierra,091,2930,55,50,12,62,0
2021-03-31,Siskiyou,093,43540,1573,1505,254,1759,7
2021-03-31,Solano,095,438530,30962,30824,410,31234,235
2021-03-31,Sonoma,097,501317,29138,29216,271,29487,311
2021-03-31,Stanislaus,099,539301,53306,52782,5547,58329,687
2021-03-31,Sutter,101,95872,9119,9111,80,9191,106
2021-03-31,Tehama,103,63373,4799,4762,508,5270,52
2021-03-31,Trinity,105,12862,478,319,81,400,3
2021-03-31,Tulare,107,460477,49324,48261,8457,56718,816
2021-03-31,Tuolumne,109,53932,3924,3976,39,4015,57
2021-03-31,Ventura,111,848112,79972,79326,2849,82175,969
2021-03-31,Yolo,113,214977,13377,13359,163,13522,197
2021-03-31,Yuba,115,75493,5742,5686,110,5796,44
2021-03-30,Alameda,001,1643700,83956,83395,1764,85159,1211
2021-03-30,Alpine,003,1148,85,85,0,85,0
2021-03-30,Amador,005,37829,3575,3551,31,3582,45
2021-03-30,Butte,007,227075,11704,11296,1656,12952,193
2021-03-30,Calaveras,009,45235,2006,1997,11,2008,50
2021-03-30,Colusa,011,21464,1891,1890,272,2162,14
2021-03-30,Contra Costa,013,1133247,65892,65041,1124,66165,767
2021-03-30,Del Norte,015,27424,1198,1118,10,1128,6
2021-03-30,El Dorado,017,186661,9486,9381,627,10008,105
2021-03-30,Fresno,019,978130,99924,99156,8172,107328,1609
2021-03-30,Glenn,021,27897,2355,2310,524,2834,17
2021-03-30,Humboldt,023,135768,3463,3461,25,3486,35
2021-03-30,Imperial,025,180216,27657,27471,2536,30007,706
2021-03-30,Inyo,027,18085,1377,1374,9,1383,35
2021-03-30,Kern,029,883053,95461,94151,10192,104343,1221
2021-03-30,Kings,031,150075,22801,22530,1011,23541,238
2021-03-30,Lake,033,64148,3358,3330,8,3338,43
2021-03-30,Lassen,035,31185,5143,5132,101,5233,1
2021-03-30,Los Angeles,037,10098052,1189875,1180044,39561,1219605,23136
2021-03-30,Madera,039,155013,16155,16003,878,16881,229
2021-03-30,Marin,041,260295,13687,13611,204,13815,221
2021-03-30,Mariposa,043,17540,394,388,5,393,5
2021-03-30,Mendocino,045,87422,3758,3670,74,3744,45
2021-03-30,Merced,047,269075,29841,29731,975,30706,423
2021-03-30,Modoc,049,8938,353,346,118,464,3
2021-03-30,Mono,051,14174,1235,1245,16,1261,3
2021-03-30,Monterey,053,433212,42554,42308,1746,44054,338
2021-03-30,Napa,055,140530,9451,9391,32,9423,78
2021-03-30,Nevada,057,99092,4355,4266,178,4444,68
2021-03-30,Orange,059,3164182,251329,249412,10664,260076,4727
2021-03-30,Placer,061,380077,21643,20866,1243,22109,271
2021-03-30,Plumas,063,18699,673,661,10,671,4
2021-03-30,Riverside,065,2383286,289607,282930,13520,296450,4154
2021-03-30,Sacramento,067,1510023,99181,97718,1400,99118,1516
2021-03-30,San Benito,069,59416,5866,5870,93,5963,61
2021-03-30,San Bernardino,071,2135413,289285,285758,8684,294442,4343
2021-03-30,San Diego,073,3302833,271393,269998,13568,283566,3555
2021-03-30,San Francisco,075,870044,35329,35325,1181,36506,474
2021-03-30,San Joaquin,077,732212,69862,68613,3117,71730,1232
2021-03-30,San Luis Obispo,079,281455,20535,20194,618,20812,251
2021-03-30,San Mateo,081,765935,40814,40377,427,40804,349
2021-03-30,Santa Barbara,083,443738,33427,33016,1073,34089,441
2021-03-30,Santa Clara,085,1922200,114310,114413,647,115060,1873
2021-03-30,Santa Cruz,087,273765,15863,15278,787,16065,201
2021-03-30,Shasta,089,179085,11341,11316,1350,12666,184
2021-03-30,Sierra,091,2930,55,50,12,62,0
2021-03-30,Siskiyou,093,43540,1572,1501,254,1755,7
2021-03-30,Solano,095,438530,30932,30802,409,31211,232
2021-03-30,Sonoma,097,501317,29106,29198,271,29469,311
2021-03-30,Stanislaus,099,539301,53228,52690,5539,58229,677
2021-03-30,Sutter,101,95872,9115,9107,79,9186,106
2021-03-30,Tehama,103,63373,4790,4748,507,5255,52
2021-03-30,Trinity,105,12862,478,316,81,397,3
2021-03-30,Tulare,107,460477,49309,48249,8448,56697,815
2021-03-30,Tuolumne,109,53932,3919,3972,39,4011,57
2021-03-30,Ventura,111,848112,79928,79282,2846,82128,958
2021-03-30,Yolo,113,214977,13364,13353,163,13516,195
2021-03-30,Yuba,115,75493,5731,5679,104,5783,42
2021-03-29,Alameda,001,1643700,83854,83338,1762,85100,1211
2021-03-29,Alpine,003,1148,85,85,0,85,0
2021-03-29,Amador,005,37829,3569,3549,31,3580,45
2021-03-29,Butte,007,227075,11695,11291,1653,12944,191
2021-03-29,Calaveras,009,45235,2004,1998,11,2009,50
2021-03-29,Colusa,011,21464,1891,1889,271,2160,14
2021-03-29,Contra Costa,013,1133247,65823,64971,1123,66094,767
2021-03-29,Del Norte,015,27424,1193,1116,9,1125,6
2021-03-29,El Dorado,017,186661,9466,9374,622,9996,105
2021-03-29,Fresno,019,978130,99841,99085,8157,107242,1606
2021-03-29,Glenn,021,27897,2348,2310,524,2834,17
2021-03-29,Humboldt,023,135768,3458,3459,25,3484,34
2021-03-29,Imperial,025,180216,27636,27442,2534,29976,704
2021-03-29,Inyo,027,18085,1377,1372,9,1381,35
2021-03-29,Kern,029,883053,95414,94098,10173,104271,1220
2021-03-29,Kings,031,150075,22789,22522,1010,23532,238
2021-03-29,Lake,033,64148,3355,3325,8,3333,43
2021-03-29,Lassen,035,31185,5143,5131,101,5232,1
2021-03-29,Los Angeles,037,10098052,1189379,1179736,39521,1219257,23108
2021-03-29,Madera,039,155013,16135,15987,876,16863,210
2021-03-29,Marin,041,260295,13675,13600,201,13801,220
2021-03-29,Mariposa,043,17540,393,388,5,393,5
2021-03-29,Mendocino,045,87422,3755,3667,74,3741,45
2021-03-29,Merced,047,269075,29817,29699,975,30674,422
2021-03-29,Modoc,049,8938,352,344,118,462,3
2021-03-29,Mono,051,14174,1234,1243,16,1259,3
2021-03-29,Monterey,053,433212,42538,42305,1741,44046,337
2021-03-29,Napa,055,140530,9435,9379,32,9411,78
2021-03-29,Nevada,057,99092,4348,4258,178,4436,68
2021-03-29,Orange,059,3164182,251217,249295,10652,259947,4713
2021-03-29,Placer,061,380077,21608,20827,1236,22063,267
2021-03-29,Plumas,063,18699,672,660,10,670,4
2021-03-29,Riverside,065,2383286,289504,282867,13519,296386,4133
2021-03-29,Sacramento,067,1510023,98987,97577,1392,98969,1514
2021-03-29,San Benito,069,59416,5859,5865,93,5958,61
2021-03-29,San Bernardino,071,2135413,289188,285615,8680,294295,4335
2021-03-29,San Diego,073,3302833,271127,269771,13542,283313,3547
2021-03-29,San Francisco,075,870044,35294,35291,1178,36469,474
2021-03-29,San Joaquin,077,732212,69776,68537,3104,71641,1211
2021-03-29,San Luis Obispo,079,281455,20500,20176,617,20793,250
2021-03-29,San Mateo,081,765935,40772,40357,426,40783,348
2021-03-29,Santa Barbara,083,443738,33393,32983,1072,34055,439
2021-03-29,Santa Clara,085,1922200,114202,114335,642,114977,1871
2021-03-29,Santa Cruz,087,273765,15852,15249,786,16035,201
2021-03-29,Shasta,089,179085,11323,11313,1348,12661,183
2021-03-29,Sierra,091,2930,55,50,12,62,0
2021-03-29,Siskiyou,093,43540,1570,1497,254,1751,6
2021-03-29,Solano,095,438530,30893,30762,407,31169,232
2021-03-29,Sonoma,097,501317,29083,29184,268,29452,310
2021-03-29,Stanislaus,099,539301,53144,52614,5532,58146,677
2021-03-29,Sutter,101,95872,9108,9105,79,9184,106
2021-03-29,Tehama,103,63373,4782,4742,506,5248,52
2021-03-29,Trinity,105,12862,478,314,81,395,3
2021-03-29,Tulare,107,460477,49281,48226,8437,56663,815
2021-03-29,Tuolumne,109,53932,3917,3969,39,4008,57
2021-03-29,Ventura,111,848112,79886,79252,2846,82098,956
2021-03-29,Yolo,113,214977,13345,13346,163,13509,195
2021-03-29,Yuba,115,75493,5724,5671,103,5774,42
2021-03-28,Alameda,001,1643700,83733,83239,1760,84999,1212
2021-03-28,Alpine,003,1148,85,85,0,85,0
2021-03-28,Amador,005,37829,3565,3541,31,3572,45
2021-03-28,Butte,007,227075,11682,11285,1651,12936,191
2021-03-28,Calaveras,009,45235,2002,1995,11,2006,50
2021-03-28,Colusa,011,21464,1890,1889,271,2160,14
2021-03-28,Contra Costa,013,1133247,65748,64878,1119,65997,767
2021-03-28,Del Norte,015,27424,1186,1107,7,1114,6
2021-03-28,El Dorado,017,186661,9451,9371,620,9991,105
2021-03-28,Fresno,019,978130,99759,99004,8145,107149,1606
2021-03-28,Glenn,021,27897,2344,2309,522,2831,17
2021-03-28,Humboldt,023,135768,3455,3452,24,3476,34
2021-03-28,Imperial,025,180216,27609,27426,2531,29957,704
2021-03-28,Inyo,027,18085,1376,1372,9,1381,35
2021-03-28,Kern,029,883053,95369,94084,10162,104246,1219
2021-03-28,Kings,031,150075,22784,22514,1007,23521,238
2021-03-28,Lake,033,64148,3350,3320,8,3328,43
2021-03-28,Lassen,035,31185,5143,5131,100,5231,1
2021-03-28,Los Angeles,037,10098052,1188826,1179316,39463,1218779,23101
2021-03-28,Madera,039,155013,16120,15973,875,16848,210
2021-03-28,Marin,041,260295,13662,13594,199,13793,221
2021-03-28,Mariposa,043,17540,393,388,5,393,5
2021-03-28,Mendocino,045,87422,3753,3666,74,3740,45
2021-03-28,Merced,047,269075,29760,29679,975,30654,422
2021-03-28,Modoc,049,8938,352,344,118,462,3
2021-03-28,Mono,051,14174,1233,1242,16,1258,3
2021-03-28,Monterey,053,433212,42515,42294,1737,44031,337
2021-03-28,Napa,055,140530,9421,9368,32,9400,78
2021-03-28,Nevada,057,99092,4334,4239,178,4417,68
2021-03-28,Orange,059,3164182,251062,249238,10642,259880,4713
2021-03-28,Placer,061,380077,21564,20796,1230,22026,267
2021-03-28,Plumas,063,18699,670,657,10,667,4
2021-03-28,Riverside,065,2383286,289390,282811,13511,296322,4132
2021-03-28,Sacramento,067,1510023,98813,97425,1386,98811,1514
2021-03-28,San Benito,069,59416,5854,5862,93,5955,61
2021-03-28,San Bernardino,071,2135413,289068,285570,8672,294242,4332
2021-03-28,San Diego,073,3302833,270851,269476,13513,282989,3547
2021-03-28,San Francisco,075,870044,35248,35286,1174,36460,474
2021-03-28,San Joaquin,077,732212,69651,68459,3085,71544,1211
2021-03-28,San Luis Obispo,079,281455,20465,20172,614,20786,250
2021-03-28,San Mateo,081,765935,40727,40305,426,40731,348
2021-03-28,Santa Barbara,083,443738,33351,32953,1071,34024,439
2021-03-28,Santa Clara,085,1922200,114102,114232,638,114870,1871
2021-03-28,Santa Cruz,087,273765,15837,15238,785,16023,201
2021-03-28,Shasta,089,179085,11297,11308,1337,12645,183
2021-03-28,Sierra,091,2930,55,50,12,62,0
2021-03-28,Siskiyou,093,43540,1570,1497,253,1750,6
2021-03-28,Solano,095,438530,30856,30719,405,31124,232
2021-03-28,Sonoma,097,501317,29047,29161,266,29427,310
2021-03-28,Stanislaus,099,539301,53056,52567,5519,58086,678
2021-03-28,Sutter,101,95872,9099,9094,79,9173,106
2021-03-28,Tehama,103,63373,4772,4740,504,5244,52
2021-03-28,Trinity,105,12862,476,314,80,394,3
2021-03-28,Tulare,107,460477,49252,48218,8431,56649,815
2021-03-28,Tuolumne,109,53932,3914,3969,38,4007,57
2021-03-28,Ventura,111,848112,79835,79222,2841,82063,956
2021-03-28,Yolo,113,214977,13328,13325,162,13487,194
2021-03-28,Yuba,115,75493,5720,5662,103,5765,42
2021-03-27,Alameda,001,1643700,83662,83169,1756,84925,1211
2021-03-27,Alpine,003,1148,85,85,0,85,0
2021-03-27,Amador,005,37829,3560,3538,31,3569,45
2021-03-27,Butte,007,227075,11675,11278,1650,12928,191
2021-03-27,Calaveras,009,45235,1999,1992,11,2003,50
2021-03-27,Colusa,011,21464,1890,1889,271,2160,14
2021-03-27,Contra Costa,013,1133247,65678,64804,1116,65920,767
2021-03-27,Del Norte,015,27424,1176,1104,7,1111,6
2021-03-27,El Dorado,017,186661,9437,9367,620,9987,105
2021-03-27,Fresno,019,978130,99706,98901,8139,107040,1606
2021-03-27,Glenn,021,27897,2343,2308,522,2830,17
2021-03-27,Humboldt,023,135768,3450,3442,24,3466,34
2021-03-27,Imperial,025,180216,27597,27406,2528,29934,704
2021-03-27,Inyo,027,18085,1374,1372,9,1381,35
2021-03-27,Kern,029,883053,95349,94041,10151,104192,1217
2021-03-27,Kings,031,150075,22781,22502,1007,23509,238
2021-03-27,Lake,033,64148,3348,3317,8,3325,43
2021-03-27,Lassen,035,31185,5143,5129,100,5229,1
2021-03-27,Los Angeles,037,10098052,1188512,1178831,39437,1218268,23103
2021-03-27,Madera,039,155013,16113,15968,873,16841,210
2021-03-27,Marin,041,260295,13657,13579,199,13778,222
2021-03-27,Mariposa,043,17540,393,386,5,391,5
2021-03-27,Mendocino,045,87422,3751,3666,74,3740,45
2021-03-27,Merced,047,269075,29727,29647,973,30620,422
2021-03-27,Modoc,049,8938,352,344,118,462,3
2021-03-27,Mono,051,14174,1231,1241,16,1257,3
2021-03-27,Monterey,053,433212,42505,42271,1737,44008,337
2021-03-27,Napa,055,140530,9409,9360,32,9392,78
2021-03-27,Nevada,057,99092,4324,4231,178,4409,68
2021-03-27,Orange,059,3164182,250969,249160,10626,259786,4698
2021-03-27,Placer,061,380077,21544,20717,1223,21940,267
2021-03-27,Plumas,063,18699,669,655,10,665,4
2021-03-27,Riverside,065,2383286,289328,282707,13503,296210,4132
2021-03-27,Sacramento,067,1510023,98723,97247,1384,98631,1513
2021-03-27,San Benito,069,59416,5852,5862,91,5953,61
2021-03-27,San Bernardino,071,2135413,289006,285480,8671,294151,4325
2021-03-27,San Diego,073,3302833,270680,269271,13491,282762,3540
2021-03-27,San Francisco,075,870044,35225,35244,1172,36416,474
2021-03-27,San Joaquin,077,732212,69591,68365,3077,71442,1211
2021-03-27,San Luis Obispo,079,281455,20454,20153,611,20764,250
2021-03-27,San Mateo,081,765935,40704,40264,426,40690,348
2021-03-27,Santa Barbara,083,443738,33328,32921,1071,33992,439
2021-03-27,Santa Clara,085,1922200,114006,114124,636,114760,1871
2021-03-27,Santa Cruz,087,273765,15831,15215,785,16000,201
2021-03-27,Shasta,089,179085,11286,11288,1335,12623,183
2021-03-27,Sierra,091,2930,55,50,12,62,0
2021-03-27,Siskiyou,093,43540,1570,1497,253,1750,6
2021-03-27,Solano,095,438530,30828,30669,404,31073,232
2021-03-27,Sonoma,097,501317,29032,29133,264,29397,310
2021-03-27,Stanislaus,099,539301,52991,52497,5511,58008,678
2021-03-27,Sutter,101,95872,9092,9093,79,9172,106
2021-03-27,Tehama,103,63373,4766,4738,502,5240,52
2021-03-27,Trinity,105,12862,476,313,80,393,3
2021-03-27,Tulare,107,460477,49236,48203,8424,56627,813
2021-03-27,Tuolumne,109,53932,3911,3968,38,4006,57
2021-03-27,Ventura,111,848112,79808,79184,2839,82023,956
2021-03-27,Yolo,113,214977,13323,13317,161,13478,194
2021-03-27,Yuba,115,75493,5718,5657,103,5760,42
2021-03-26,Alameda,001,1643700,83600,83043,1754,84797,1208
2021-03-26,Alpine,003,1148,85,85,0,85,0
2021-03-26,Amador,005,37829,3555,3532,31,3563,45
2021-03-26,Butte,007,227075,11664,11278,1650,12928,191
2021-03-26,Calaveras,009,45235,1996,1989,11,2000,50
2021-03-26,Colusa,011,21464,1890,1889,271,2160,14
2021-03-26,Contra Costa,013,1133247,65618,64699,1113,65812,761
2021-03-26,Del Norte,015,27424,1173,1101,7,1108,6
2021-03-26,El Dorado,017,186661,9432,9353,620,9973,105
2021-03-26,Fresno,019,978130,99644,98731,8129,106860,1601
2021-03-26,Glenn,021,27897,2343,2307,521,2828,17
2021-03-26,Humboldt,023,135768,3448,3431,24,3455,34
2021-03-26,Imperial,025,180216,27573,27374,2528,29902,701
2021-03-26,Inyo,027,18085,1373,1369,9,1378,35
2021-03-26,Kern,029,883053,95323,93949,10145,104094,1211
2021-03-26,Kings,031,150075,22773,22493,1005,23498,239
2021-03-26,Lake,033,64148,3347,3314,8,3322,43
2021-03-26,Lassen,035,31185,5142,5131,100,5231,1
2021-03-26,Los Angeles,037,10098052,1188176,1178213,39424,1217637,23080
2021-03-26,Madera,039,155013,16103,15952,873,16825,210
2021-03-26,Marin,041,260295,13651,13553,194,13747,221
2021-03-26,Mariposa,043,17540,393,386,5,391,5
2021-03-26,Mendocino,045,87422,3750,3664,74,3738,45
2021-03-26,Merced,047,269075,29704,29613,972,30585,419
2021-03-26,Modoc,049,8938,352,344,118,462,3
2021-03-26,Mono,051,14174,1230,1236,16,1252,3
2021-03-26,Monterey,053,433212,42492,42241,1733,43974,338
2021-03-26,Napa,055,140530,9399,9349,32,9381,78
2021-03-26,Nevada,057,99092,4304,4222,178,4400,83
2021-03-26,Orange,059,3164182,250906,248995,10612,259607,4671
2021-03-26,Placer,061,380077,21518,20679,1222,21901,259
2021-03-26,Plumas,063,18699,668,654,10,664,4
2021-03-26,Riverside,065,2383286,289250,282602,13497,296099,4109
2021-03-26,Sacramento,067,1510023,98623,97040,1379,98419,1509
2021-03-26,San Benito,069,59416,5849,5855,91,5946,61
2021-03-26,San Bernardino,071,2135413,288950,285313,8669,293982,4288
2021-03-26,San Diego,073,3302833,270502,269045,13465,282510,3525
2021-03-26,San Francisco,075,870044,35199,35186,1172,36358,472
2021-03-26,San Joaquin,077,732212,69528,68249,3073,71322,1202
2021-03-26,San Luis Obispo,079,281455,20441,20118,611,20729,250
2021-03-26,San Mateo,081,765935,40669,40199,426,40625,348
2021-03-26,Santa Barbara,083,443738,33298,32895,1070,33965,439
2021-03-26,Santa Clara,085,1922200,113908,113959,635,114594,1868
2021-03-26,Santa Cruz,087,273765,15816,15199,784,15983,201
2021-03-26,Shasta,089,179085,11277,11276,1329,12605,182
2021-03-26,Sierra,091,2930,55,50,12,62,0
2021-03-26,Siskiyou,093,43540,1570,1493,252,1745,6
2021-03-26,Solano,095,438530,30803,30640,404,31044,205
2021-03-26,Sonoma,097,501317,29016,29101,261,29362,310
2021-03-26,Stanislaus,099,539301,52923,52420,5507,57927,678
2021-03-26,Sutter,101,95872,9089,9082,79,9161,104
2021-03-26,Tehama,103,63373,4765,4722,501,5223,51
2021-03-26,Trinity,105,12862,476,311,80,391,3
2021-03-26,Tulare,107,460477,49221,48179,8417,56596,813
2021-03-26,Tuolumne,109,53932,3910,3965,38,4003,57
2021-03-26,Ventura,111,848112,79774,79122,2837,81959,953
2021-03-26,Yolo,113,214977,13316,13299,159,13458,194
2021-03-26,Yuba,115,75493,5708,5653,103,5756,42
2021-03-25,Alameda,001,1643700,83505,82945,1752,84697,1206
2021-03-25,Alpine,003,1148,85,84,0,84,0
2021-03-25,Amador,005,37829,3553,3530,31,3561,45
2021-03-25,Butte,007,227075,11654,11270,1650,12920,188
2021-03-25,Calaveras,009,45235,1995,1982,11,1993,50
2021-03-25,Colusa,011,21464,1890,1888,271,2159,14
2021-03-25,Contra Costa,013,1133247,65551,64606,1110,65716,757
2021-03-25,Del Norte,015,27424,1167,1095,7,1102,6
2021-03-25,El Dorado,017,186661,9422,9331,620,9951,105
2021-03-25,Fresno,019,978130,99526,98602,8116,106718,1593
2021-03-25,Glenn,021,27897,2342,2302,520,2822,17
2021-03-25,Humboldt,023,135768,3443,3423,24,3447,34
2021-03-25,Imperial,025,180216,27557,27352,2527,29879,699
2021-03-25,Inyo,027,18085,1373,1369,9,1378,35
2021-03-25,Kern,029,883053,95291,93857,10140,103997,1206
2021-03-25,Kings,031,150075,22763,22472,1005,23477,237
2021-03-25,Lake,033,64148,3342,3312,8,3320,43
2021-03-25,Lassen,035,31185,5142,5129,100,5229,1
2021-03-25,Los Angeles,037,10098052,1187740,1177490,39389,1216879,23051
2021-03-25,Madera,039,155013,16084,15937,871,16808,210
2021-03-25,Marin,041,260295,13641,13538,191,13729,219
2021-03-25,Mariposa,043,17540,393,386,5,391,5
2021-03-25,Mendocino,045,87422,3749,3664,74,3738,45
2021-03-25,Merced,047,269075,29670,29576,965,30541,416
2021-03-25,Modoc,049,8938,352,343,118,461,3
2021-03-25,Mono,051,14174,1230,1235,16,1251,3
2021-03-25,Monterey,053,433212,42471,42220,1728,43948,336
2021-03-25,Napa,055,140530,9380,9321,32,9353,78
2021-03-25,Nevada,057,99092,4286,4202,176,4378,84
2021-03-25,Orange,059,3164182,250790,248871,10592,259463,4655
2021-03-25,Placer,061,380077,21477,20639,1215,21854,252
2021-03-25,Plumas,063,18699,668,654,10,664,4
2021-03-25,Riverside,065,2383286,289153,282492,13486,295978,4078
2021-03-25,Sacramento,067,1510023,98478,96823,1377,98200,1505
2021-03-25,San Benito,069,59416,5846,5850,91,5941,61
2021-03-25,San Bernardino,071,2135413,288868,285134,8664,293798,4222
2021-03-25,San Diego,073,3302833,270274,268623,13434,282057,3520
2021-03-25,San Francisco,075,870044,35159,35154,1170,36324,468
2021-03-25,San Joaquin,077,732212,69431,68089,3035,71124,1196
2021-03-25,San Luis Obispo,079,281455,20423,20076,611,20687,250
2021-03-25,San Mateo,081,765935,40629,40147,426,40573,348
2021-03-25,Santa Barbara,083,443738,33271,32857,1070,33927,439
2021-03-25,Santa Clara,085,1922200,113804,113877,633,114510,1868
2021-03-25,Santa Cruz,087,273765,15795,15170,784,15954,201
2021-03-25,Shasta,089,179085,11260,11262,1326,12588,181
2021-03-25,Sierra,091,2930,55,50,12,62,0
2021-03-25,Siskiyou,093,43540,1568,1491,251,1742,6
2021-03-25,Solano,095,438530,30742,30583,402,30985,193
2021-03-25,Sonoma,097,501317,28982,29060,257,29317,310
2021-03-25,Stanislaus,099,539301,52856,52321,5500,57821,678
2021-03-25,Sutter,101,95872,9080,9069,79,9148,104
2021-03-25,Tehama,103,63373,4763,4719,500,5219,52
2021-03-25,Trinity,105,12862,476,310,80,390,3
2021-03-25,Tulare,107,460477,49194,48148,8405,56553,811
2021-03-25,Tuolumne,109,53932,3909,3962,38,4000,57
2021-03-25,Ventura,111,848112,79733,79045,2833,81878,952
2021-03-25,Yolo,113,214977,13310,13287,159,13446,194
2021-03-25,Yuba,115,75493,5702,5647,97,5744,42
2021-03-24,Alameda,001,1643700,83411,82871,1749,84620,1199
2021-03-24,Alpine,003,1148,85,84,0,84,0
2021-03-24,Amador,005,37829,3547,3529,31,3560,45
2021-03-24,Butte,007,227075,11644,11252,1646,12898,187
2021-03-24,Calaveras,009,45235,1992,1975,11,1986,50
2021-03-24,Colusa,011,21464,1890,1886,271,2157,14
2021-03-24,Contra Costa,013,1133247,65471,64539,1109,65648,755
2021-03-24,Del Norte,015,27424,1162,1087,7,1094,6
2021-03-24,El Dorado,017,186661,9416,9319,619,9938,105
2021-03-24,Fresno,019,978130,99436,98437,8101,106538,1585
2021-03-24,Glenn,021,27897,2341,2297,519,2816,17
2021-03-24,Humboldt,023,135768,3440,3414,24,3438,34
2021-03-24,Imperial,025,180216,27548,27325,2527,29852,699
2021-03-24,Inyo,027,18085,1373,1368,9,1377,35
2021-03-24,Kern,029,883053,95243,93800,10131,103931,1198
2021-03-24,Kings,031,150075,22748,22456,1003,23459,237
2021-03-24,Lake,033,64148,3338,3307,8,3315,43
2021-03-24,Lassen,035,31185,5140,5130,99,5229,1
2021-03-24,Los Angeles,037,10098052,1187254,1177015,39356,1216371,22993
2021-03-24,Madera,039,155013,16075,15918,870,16788,210
2021-03-24,Marin,041,260295,13627,13526,189,13715,219
2021-03-24,Mariposa,043,17540,393,384,5,389,5
2021-03-24,Mendocino,045,87422,3746,3660,74,3734,45
2021-03-24,Merced,047,269075,29629,29525,965,30490,415
2021-03-24,Modoc,049,8938,351,341,118,459,3
2021-03-24,Mono,051,14174,1229,1243,16,1259,3
2021-03-24,Monterey,053,433212,42449,42201,1725,43926,335
2021-03-24,Napa,055,140530,9360,9310,32,9342,78
2021-03-24,Nevada,057,99092,4271,4191,175,4366,85
2021-03-24,Orange,059,3164182,250676,248775,10574,259349,4638
2021-03-24,Placer,061,380077,21447,20606,1207,21813,250
2021-03-24,Plumas,063,18699,666,652,10,662,4
2021-03-24,Riverside,065,2383286,289069,282410,13483,295893,4058
2021-03-24,Sacramento,067,1510023,98303,96628,1366,97994,1500
2021-03-24,San Benito,069,59416,5845,5847,91,5938,61
2021-03-24,San Bernardino,071,2135413,288781,284983,8662,293645,4170
2021-03-24,San Diego,073,3302833,270060,268413,13406,281819,3509
2021-03-24,San Francisco,075,870044,35132,35103,1167,36270,462
2021-03-24,San Joaquin,077,732212,69360,67978,3023,71001,1196
2021-03-24,San Luis Obispo,079,281455,20393,20021,610,20631,250
2021-03-24,San Mateo,081,765935,40579,40083,426,40509,348
2021-03-24,Santa Barbara,083,443738,33243,32810,1070,33880,438
2021-03-24,Santa Clara,085,1922200,113688,113757,630,114387,1851
2021-03-24,Santa Cruz,087,273765,15781,15138,783,15921,202
2021-03-24,Shasta,089,179085,11241,11243,1324,12567,181
2021-03-24,Sierra,091,2930,55,50,12,62,0
2021-03-24,Siskiyou,093,43540,1566,1490,251,1741,6
2021-03-24,Solano,095,438530,30705,30552,401,30953,178
2021-03-24,Sonoma,097,501317,28962,29034,253,29287,310
2021-03-24,Stanislaus,099,539301,52780,52259,5491,57750,677
2021-03-24,Sutter,101,95872,9064,9049,79,9128,104
2021-03-24,Tehama,103,63373,4757,4719,499,5218,49
2021-03-24,Trinity,105,12862,475,310,80,390,3
2021-03-24,Tulare,107,460477,49183,48109,8392,56501,808
2021-03-24,Tuolumne,109,53932,3907,3961,38,3999,57
2021-03-24,Ventura,111,848112,79681,78993,2826,81819,944
2021-03-24,Yolo,113,214977,13298,13269,159,13428,194
2021-03-24,Yuba,115,75493,5696,5634,94,5728,42
2021-03-23,Alameda,001,1643700,83309,82799,1745,84544,1190
2021-03-23,Alpine,003,1148,85,84,0,84,0
2021-03-23,Amador,005,37829,3541,3524,31,3555,45
2021-03-23,Butte,007,227075,11632,11227,1645,12872,187
2021-03-23,Calaveras,009,45235,1990,1971,11,1982,50
2021-03-23,Colusa,011,21464,1888,1885,270,2155,14
2021-03-23,Contra Costa,013,1133247,65371,64491,1108,65599,750
2021-03-23,Del Norte,015,27424,1157,1082,7,1089,6
2021-03-23,El Dorado,017,186661,9406,9318,616,9934,105
2021-03-23,Fresno,019,978130,99322,98362,8077,106439,1575
2021-03-23,Glenn,021,27897,2336,2293,517,2810,17
2021-03-23,Humboldt,023,135768,3431,3405,24,3429,34
2021-03-23,Imperial,025,180216,27540,27320,2527,29847,699
2021-03-23,Inyo,027,18085,1371,1364,9,1373,35
2021-03-23,Kern,029,883053,95136,93728,10124,103852,1191
2021-03-23,Kings,031,150075,22737,22439,1001,23440,237
2021-03-23,Lake,033,64148,3336,3294,8,3302,43
2021-03-23,Lassen,035,31185,5140,5130,99,5229,1
2021-03-23,Los Angeles,037,10098052,1186733,1176572,39319,1215891,22904
2021-03-23,Madera,039,155013,16059,15908,869,16777,210
2021-03-23,Marin,041,260295,13604,13514,187,13701,221
2021-03-23,Mariposa,043,17540,392,384,5,389,5
2021-03-23,Mendocino,045,87422,3744,3652,74,3726,45
2021-03-23,Merced,047,269075,29596,29485,965,30450,415
2021-03-23,Modoc,049,8938,350,342,118,460,3
2021-03-23,Mono,051,14174,1228,1263,16,1279,3
2021-03-23,Monterey,053,433212,42438,42180,1723,43903,335
2021-03-23,Napa,055,140530,9335,9299,32,9331,78
2021-03-23,Nevada,057,99092,4252,4179,174,4353,89
2021-03-23,Orange,059,3164182,250550,248661,10556,259217,4626
2021-03-23,Placer,061,380077,21412,20567,1203,21770,248
2021-03-23,Plumas,063,18699,666,652,10,662,4
2021-03-23,Riverside,065,2383286,288969,282317,13477,295794,4035
2021-03-23,Sacramento,067,1510023,98111,96521,1362,97883,1496
2021-03-23,San Benito,069,59416,5840,5845,90,5935,61
2021-03-23,San Bernardino,071,2135413,288696,284875,8654,293529,4134
2021-03-23,San Diego,073,3302833,269815,268156,13374,281530,3498
2021-03-23,San Francisco,075,870044,35074,35071,1162,36233,462
2021-03-23,San Joaquin,077,732212,69264,67903,3005,70908,1182
2021-03-23,San Luis Obispo,079,281455,20353,20009,609,20618,250
2021-03-23,San Mateo,081,765935,40523,40032,425,40457,348
2021-03-23,Santa Barbara,083,443738,33205,32771,1069,33840,438
2021-03-23,Santa Clara,085,1922200,113572,113645,627,114272,1848
2021-03-23,Santa Cruz,087,273765,15766,15106,783,15889,201
2021-03-23,Shasta,089,179085,11228,11234,1323,12557,175
2021-03-23,Sierra,091,2930,55,50,12,62,0
2021-03-23,Siskiyou,093,43540,1561,1485,249,1734,6
2021-03-23,Solano,095,438530,30664,30524,400,30924,178
2021-03-23,Sonoma,097,501317,28925,29020,252,29272,310
2021-03-23,Stanislaus,099,539301,52681,52148,5484,57632,677
2021-03-23,Sutter,101,95872,9056,9039,79,9118,104
2021-03-23,Tehama,103,63373,4748,4707,498,5205,46
2021-03-23,Trinity,105,12862,475,310,80,390,3
2021-03-23,Tulare,107,460477,49156,48095,8376,56471,808
2021-03-23,Tuolumne,109,53932,3904,3957,38,3995,57
2021-03-23,Ventura,111,848112,79620,78930,2823,81753,932
2021-03-23,Yolo,113,214977,13287,13255,159,13414,194
2021-03-23,Yuba,115,75493,5691,5628,94,5722,42
2021-03-22,Alameda,001,1643700,83216,82748,1739,84487,1189
2021-03-22,Alpine,003,1148,84,83,0,83,0
2021-03-22,Amador,005,37829,3533,3522,31,3553,44
2021-03-22,Butte,007,227075,11623,11211,1643,12854,185
2021-03-22,Calaveras,009,45235,1986,1963,11,1974,49
2021-03-22,Colusa,011,21464,1886,1885,270,2155,13
2021-03-22,Contra Costa,013,1133247,65276,64432,1106,65538,740
2021-03-22,Del Norte,015,27424,1151,1082,7,1089,6
2021-03-22,El Dorado,017,186661,9390,9310,612,9922,105
2021-03-22,Fresno,019,978130,99224,98276,8065,106341,1556
2021-03-22,Glenn,021,27897,2328,2291,517,2808,17
2021-03-22,Humboldt,023,135768,3426,3403,24,3427,34
2021-03-22,Imperial,025,180216,27525,27302,2524,29826,699
2021-03-22,Inyo,027,18085,1368,1363,9,1372,35
2021-03-22,Kern,029,883053,95065,93675,10108,103783,1178
2021-03-22,Kings,031,150075,22724,22433,996,23429,236
2021-03-22,Lake,033,64148,3335,3290,8,3298,43
2021-03-22,Lassen,035,31185,5138,5129,99,5228,1
2021-03-22,Los Angeles,037,10098052,1186216,1176205,39289,1215494,22843
2021-03-22,Madera,039,155013,16044,15904,869,16773,210
2021-03-22,Marin,041,260295,13595,13501,186,13687,221
2021-03-22,Mariposa,043,17540,391,381,5,386,5
2021-03-22,Mendocino,045,87422,3742,3653,74,3727,45
2021-03-22,Merced,047,269075,29553,29468,962,30430,413
2021-03-22,Modoc,049,8938,348,342,118,460,3
2021-03-22,Mono,051,14174,1223,1263,16,1279,3
2021-03-22,Monterey,053,433212,42422,42161,1721,43882,335
2021-03-22,Napa,055,140530,9324,9288,32,9320,77
2021-03-22,Nevada,057,99092,4242,4174,170,4344,89
2021-03-22,Orange,059,3164182,250399,248517,10522,259039,4599
2021-03-22,Placer,061,380077,21377,20543,1198,21741,242
2021-03-22,Plumas,063,18699,666,652,10,662,4
2021-03-22,Riverside,065,2383286,288869,282242,13466,295708,4009
2021-03-22,Sacramento,067,1510023,97933,96385,1352,97737,1493
2021-03-22,San Benito,069,59416,5837,5844,89,5933,61
2021-03-22,San Bernardino,071,2135413,288608,284771,8642,293413,4107
2021-03-22,San Diego,073,3302833,269603,267913,13354,281267,3494
2021-03-22,San Francisco,075,870044,35032,35040,1158,36198,462
2021-03-22,San Joaquin,077,732212,69172,67815,2988,70803,1182
2021-03-22,San Luis Obispo,079,281455,20329,20000,608,20608,250
2021-03-22,San Mateo,081,765935,40472,40024,424,40448,348
2021-03-22,Santa Barbara,083,443738,33160,32756,1067,33823,437
2021-03-22,Santa Clara,085,1922200,113452,113575,627,114202,1845
2021-03-22,Santa Cruz,087,273765,15754,15077,782,15859,201
2021-03-22,Shasta,089,179085,11214,11218,1322,12540,150
2021-03-22,Sierra,091,2930,55,50,12,62,0
2021-03-22,Siskiyou,093,43540,1560,1487,248,1735,5
2021-03-22,Solano,095,438530,30624,30490,396,30886,171
2021-03-22,Sonoma,097,501317,28896,29010,248,29258,310
2021-03-22,Stanislaus,099,539301,52597,52083,5479,57562,677
2021-03-22,Sutter,101,95872,9043,9024,79,9103,104
2021-03-22,Tehama,103,63373,4740,4704,498,5202,45
2021-03-22,Trinity,105,12862,475,310,80,390,3
2021-03-22,Tulare,107,460477,49141,48074,8356,56430,807
2021-03-22,Tuolumne,109,53932,3901,3954,38,3992,57
2021-03-22,Ventura,111,848112,79574,78890,2820,81710,927
2021-03-22,Yolo,113,214977,13275,13243,158,13401,190
2021-03-22,Yuba,115,75493,5680,5627,92,5719,42
2021-03-21,Alameda,001,1643700,83127,82684,1736,84420,1187
2021-03-21,Alpine,003,1148,84,83,0,83,0
2021-03-21,Amador,005,37829,3529,3519,31,3550,44
2021-03-21,Butte,007,227075,11607,11208,1638,12846,185
2021-03-21,Calaveras,009,45235,1980,1962,11,1973,49
2021-03-21,Colusa,011,21464,1886,1885,270,2155,13
2021-03-21,Contra Costa,013,1133247,65194,64382,1102,65484,740
2021-03-21,Del Norte,015,27424,1136,1076,7,1083,6
2021-03-21,El Dorado,017,186661,9380,9302,607,9909,105
2021-03-21,Fresno,019,978130,99110,98211,8042,106253,1556
2021-03-21,Glenn,021,27897,2325,2288,516,2804,17
2021-03-21,Humboldt,023,135768,3421,3402,24,3426,34
2021-03-21,Imperial,025,180216,27508,27267,2519,29786,699
2021-03-21,Inyo,027,18085,1368,1363,9,1372,35
2021-03-21,Kern,029,883053,94999,93649,10099,103748,1170
2021-03-21,Kings,031,150075,22707,22422,996,23418,236
2021-03-21,Lake,033,64148,3331,3286,8,3294,43
2021-03-21,Lassen,035,31185,5138,5129,99,5228,1
2021-03-21,Los Angeles,037,10098052,1185680,1175684,39242,1214926,22834
2021-03-21,Madera,039,155013,16024,15895,867,16762,210
2021-03-21,Marin,041,260295,13579,13495,185,13680,220
2021-03-21,Mariposa,043,17540,391,381,5,386,5
2021-03-21,Mendocino,045,87422,3739,3651,74,3725,45
2021-03-21,Merced,047,269075,29493,29446,956,30402,413
2021-03-21,Modoc,049,8938,348,341,118,459,3
2021-03-21,Mono,051,14174,1218,1263,16,1279,3
2021-03-21,Monterey,053,433212,42397,42153,1718,43871,335
2021-03-21,Napa,055,140530,9304,9282,32,9314,77
2021-03-21,Nevada,057,99092,4229,4169,170,4339,89
2021-03-21,Orange,059,3164182,250266,248442,10495,258937,4598
2021-03-21,Placer,061,380077,21341,20520,1190,21710,242
2021-03-21,Plumas,063,18699,666,653,10,663,4
2021-03-21,Riverside,065,2383286,288762,282187,13455,295642,4009
2021-03-21,Sacramento,067,1510023,97739,96269,1345,97614,1489
2021-03-21,San Benito,069,59416,5831,5842,89,5931,61
2021-03-21,San Bernardino,071,2135413,288518,284732,8636,293368,4094
2021-03-21,San Diego,073,3302833,269343,267724,13328,281052,3494
2021-03-21,San Francisco,075,870044,34985,35012,1152,36164,460
2021-03-21,San Joaquin,077,732212,69050,67729,2970,70699,1182
2021-03-21,San Luis Obispo,079,281455,20297,19979,606,20585,250
2021-03-21,San Mateo,081,765935,40427,39988,423,40411,344
2021-03-21,Santa Barbara,083,443738,33121,32743,1066,33809,437
2021-03-21,Santa Clara,085,1922200,113322,113487,624,114111,1840
2021-03-21,Santa Cruz,087,273765,15747,15064,782,15846,199
2021-03-21,Shasta,089,179085,11194,11215,1321,12536,150
2021-03-21,Sierra,091,2930,55,50,12,62,0
2021-03-21,Siskiyou,093,43540,1560,1486,247,1733,5
2021-03-21,Solano,095,438530,30584,30474,393,30867,171
2021-03-21,Sonoma,097,501317,28867,28986,247,29233,310
2021-03-21,Stanislaus,099,539301,52507,52014,5477,57491,677
2021-03-21,Sutter,101,95872,9030,9021,79,9100,104
2021-03-21,Tehama,103,63373,4736,4701,498,5199,45
2021-03-21,Trinity,105,12862,473,310,80,390,3
2021-03-21,Tulare,107,460477,49125,48060,8344,56404,807
2021-03-21,Tuolumne,109,53932,3899,3953,38,3991,57
2021-03-21,Ventura,111,848112,79511,78863,2815,81678,927
2021-03-21,Yolo,113,214977,13253,13235,158,13393,190
2021-03-21,Yuba,115,75493,5670,5624,92,5716,42
2021-03-20,Alameda,001,1643700,83059,82614,1734,84348,1178
2021-03-20,Alpine,003,1148,84,83,0,83,0
2021-03-20,Amador,005,37829,3527,3518,31,3549,44
2021-03-20,Butte,007,227075,11601,11199,1636,12835,185
2021-03-20,Calaveras,009,45235,1976,1961,11,1972,49
2021-03-20,Colusa,011,21464,1886,1883,270,2153,12
2021-03-20,Contra Costa,013,1133247,65134,64313,1102,65415,713
2021-03-20,Del Norte,015,27424,1135,1075,7,1082,6
2021-03-20,El Dorado,017,186661,9374,9290,607,9897,105
2021-03-20,Fresno,019,978130,99050,98112,8035,106147,1532
2021-03-20,Glenn,021,27897,2324,2288,514,2802,17
2021-03-20,Humboldt,023,135768,3414,3399,24,3423,33
2021-03-20,Imperial,025,180216,27502,27239,2517,29756,695
2021-03-20,Inyo,027,18085,1368,1362,9,1371,35
2021-03-20,Kern,029,883053,94970,93606,10095,103701,1155
2021-03-20,Kings,031,150075,22702,22415,995,23410,236
2021-03-20,Lake,033,64148,3327,3280,8,3288,43
2021-03-20,Lassen,035,31185,5138,5128,99,5227,1
2021-03-20,Los Angeles,037,10098052,1185381,1175290,39218,1214508,22810
2021-03-20,Madera,039,155013,16016,15891,866,16757,210
2021-03-20,Marin,041,260295,13567,13470,181,13651,220
2021-03-20,Mariposa,043,17540,390,381,5,386,5
2021-03-20,Mendocino,045,87422,3738,3639,74,3713,43
2021-03-20,Merced,047,269075,29462,29411,953,30364,412
2021-03-20,Modoc,049,8938,347,341,118,459,3
2021-03-20,Mono,051,14174,1218,1256,16,1272,3
2021-03-20,Monterey,053,433212,42388,42146,1717,43863,334
2021-03-20,Napa,055,140530,9296,9274,32,9306,77
2021-03-20,Nevada,057,99092,4218,4164,169,4333,89
2021-03-20,Orange,059,3164182,250185,248348,10484,258832,4522
2021-03-20,Placer,061,380077,21318,20505,1188,21693,242
2021-03-20,Plumas,063,18699,663,652,10,662,4
2021-03-20,Riverside,065,2383286,288687,282081,13451,295532,4000
2021-03-20,Sacramento,067,1510023,97628,96126,1342,97468,1488
2021-03-20,San Benito,069,59416,5827,5840,89,5929,61
2021-03-20,San Bernardino,071,2135413,288452,284690,8632,293322,3965
2021-03-20,San Diego,073,3302833,269172,267532,13321,280853,3493
2021-03-20,San Francisco,075,870044,34962,34968,1145,36113,453
2021-03-20,San Joaquin,077,732212,69009,67662,2963,70625,1161
2021-03-20,San Luis Obispo,079,281455,20281,19951,600,20551,250
2021-03-20,San Mateo,081,765935,40393,39958,422,40380,344
2021-03-20,Santa Barbara,083,443738,33096,32723,1065,33788,434
2021-03-20,Santa Clara,085,1922200,113230,113384,623,114007,1799
2021-03-20,Santa Cruz,087,273765,15731,15053,782,15835,199
2021-03-20,Shasta,089,179085,11188,11211,1321,12532,147
2021-03-20,Sierra,091,2930,55,50,12,62,0
2021-03-20,Siskiyou,093,43540,1560,1483,247,1730,5
2021-03-20,Solano,095,438530,30554,30439,393,30832,170
2021-03-20,Sonoma,097,501317,28852,28962,247,29209,309
2021-03-20,Stanislaus,099,539301,52451,51925,5470,57395,673
2021-03-20,Sutter,101,95872,9022,9014,79,9093,103
2021-03-20,Tehama,103,63373,4731,4696,496,5192,33
2021-03-20,Trinity,105,12862,472,310,80,390,3
2021-03-20,Tulare,107,460477,49110,48030,8327,56357,804
2021-03-20,Tuolumne,109,53932,3896,3950,38,3988,57
2021-03-20,Ventura,111,848112,79476,78818,2813,81631,922
2021-03-20,Yolo,113,214977,13249,13226,158,13384,190
2021-03-20,Yuba,115,75493,5667,5621,91,5712,42
2021-03-19,Alameda,001,1643700,82987,82499,1733,84232,1187
2021-03-19,Alpine,003,1148,83,82,0,82,0
2021-03-19,Amador,005,37829,3524,3515,31,3546,44
2021-03-19,Butte,007,227075,11593,11191,1633,12824,185
2021-03-19,Calaveras,009,45235,1975,1957,11,1968,49
2021-03-19,Colusa,011,21464,1885,1883,270,2153,12
2021-03-19,Contra Costa,013,1133247,65075,64195,1099,65294,737
2021-03-19,Del Norte,015,27424,1129,1071,5,1076,6
2021-03-19,El Dorado,017,186661,9365,9274,607,9881,105
2021-03-19,Fresno,019,978130,98966,97969,8022,105991,1527
2021-03-19,Glenn,021,27897,2324,2282,514,2796,17
2021-03-19,Humboldt,023,135768,3405,3388,24,3412,33
2021-03-19,Imperial,025,180216,27490,27218,2514,29732,695
2021-03-19,Inyo,027,18085,1366,1356,9,1365,35
2021-03-19,Kern,029,883053,94937,93534,10082,103616,1152
2021-03-19,Kings,031,150075,22693,22369,992,23361,235
2021-03-19,Lake,033,64148,3321,3262,8,3270,43
2021-03-19,Lassen,035,31185,5138,5126,99,5225,1
2021-03-19,Los Angeles,037,10098052,1185041,1174818,39201,1214019,22752
2021-03-19,Madera,039,155013,16009,15877,865,16742,210
2021-03-19,Marin,041,260295,13555,13441,181,13622,220
2021-03-19,Mariposa,043,17540,389,380,5,385,5
2021-03-19,Mendocino,045,87422,3737,3639,74,3713,45
2021-03-19,Merced,047,269075,29435,29376,951,30327,412
2021-03-19,Modoc,049,8938,347,341,118,459,3
2021-03-19,Mono,051,14174,1216,1244,16,1260,3
2021-03-19,Monterey,053,433212,42379,42125,1715,43840,335
2021-03-19,Napa,055,140530,9284,9256,32,9288,77
2021-03-19,Nevada,057,99092,4207,4156,169,4325,88
2021-03-19,Orange,059,3164182,250085,248146,10475,258621,4501
2021-03-19,Placer,061,380077,21300,20451,1186,21637,242
2021-03-19,Plumas,063,18699,663,650,10,660,4
2021-03-19,Riverside,065,2383286,288604,281937,13446,295383,3989
2021-03-19,Sacramento,067,1510023,97525,95934,1339,97273,1486
2021-03-19,San Benito,069,59416,5827,5845,89,5934,61
2021-03-19,San Bernardino,071,2135413,288381,284501,8630,293131,4017
2021-03-19,San Diego,073,3302833,269037,267173,13311,280484,3491
2021-03-19,San Francisco,075,870044,34917,34936,1142,36078,461
2021-03-19,San Joaquin,077,732212,68939,67515,2949,70464,1180
2021-03-19,San Luis Obispo,079,281455,20261,19913,598,20511,249
2021-03-19,San Mateo,081,765935,40369,39893,422,40315,344
2021-03-19,Santa Barbara,083,443738,33066,32685,1064,33749,435
2021-03-19,Santa Clara,085,1922200,113155,113232,622,113854,1797
2021-03-19,Santa Cruz,087,273765,15724,15026,782,15808,199
2021-03-19,Shasta,089,179085,11181,11104,1319,12423,103
2021-03-19,Sierra,091,2930,54,49,12,61,0
2021-03-19,Siskiyou,093,43540,1560,1480,246,1726,5
2021-03-19,Solano,095,438530,30524,30395,391,30786,172
2021-03-19,Sonoma,097,501317,28831,28932,245,29177,292
2021-03-19,Stanislaus,099,539301,52393,51755,5467,57222,679
2021-03-19,Sutter,101,95872,9020,9005,79,9084,103
2021-03-19,Tehama,103,63373,4724,4685,496,5181,33
2021-03-19,Trinity,105,12862,472,310,80,390,3
2021-03-19,Tulare,107,460477,49087,47989,8304,56293,805
2021-03-19,Tuolumne,109,53932,3893,3946,38,3984,57
2021-03-19,Ventura,111,848112,79443,78753,2809,81562,920
2021-03-19,Yolo,113,214977,13241,13197,158,13355,189
2021-03-19,Yuba,115,75493,5664,5615,90,5705,42
2021-03-18,Alameda,001,1643700,82907,82419,1730,84149,1189
2021-03-18,Alpine,003,1148,83,82,0,82,0
2021-03-18,Amador,005,37829,3520,3513,31,3544,44
2021-03-18,Butte,007,227075,11582,11179,1631,12810,185
2021-03-18,Calaveras,009,45235,1973,1954,11,1965,49
2021-03-18,Colusa,011,21464,1885,1882,270,2152,12
2021-03-18,Contra Costa,013,1133247,65002,64103,1096,65199,739
2021-03-18,Del Norte,015,27424,1120,1059,5,1064,6
2021-03-18,El Dorado,017,186661,9352,9261,606,9867,105
2021-03-18,Fresno,019,978130,98869,97856,8007,105863,1527
2021-03-18,Glenn,021,27897,2320,2275,513,2788,17
2021-03-18,Humboldt,023,135768,3397,3381,24,3405,34
2021-03-18,Imperial,025,180216,27475,27190,2509,29699,695
2021-03-18,Inyo,027,18085,1363,1354,9,1363,35
2021-03-18,Kern,029,883053,94880,93458,10068,103526,1158
2021-03-18,Kings,031,150075,22686,22354,991,23345,235
2021-03-18,Lake,033,64148,3318,3260,8,3268,43
2021-03-18,Lassen,035,31185,5137,5126,99,5225,1
2021-03-18,Los Angeles,037,10098052,1184608,1174205,39172,1213377,22689
2021-03-18,Madera,039,155013,15997,15860,862,16722,211
2021-03-18,Marin,041,260295,13537,13435,180,13615,219
2021-03-18,Mariposa,043,17540,387,380,5,385,5
2021-03-18,Mendocino,045,87422,3727,3630,74,3704,45
2021-03-18,Merced,047,269075,29400,29317,951,30268,410
2021-03-18,Modoc,049,8938,347,341,118,459,3
2021-03-18,Mono,051,14174,1212,1215,15,1230,3
2021-03-18,Monterey,053,433212,42367,42105,1715,43820,335
2021-03-18,Napa,055,140530,9275,9243,32,9275,77
2021-03-18,Nevada,057,99092,4200,4154,169,4323,74
2021-03-18,Orange,059,3164182,249982,248050,10462,258512,4514
2021-03-18,Placer,061,380077,21268,20421,1183,21604,243
2021-03-18,Plumas,063,18699,661,648,10,658,4
2021-03-18,Riverside,065,2383286,288523,281789,13439,295228,3957
2021-03-18,Sacramento,067,1510023,97377,95819,1335,97154,1481
2021-03-18,San Benito,069,59416,5825,5842,89,5931,61
2021-03-18,San Bernardino,071,2135413,288298,284294,8600,292894,4076
2021-03-18,San Diego,073,3302833,268884,266752,13301,280053,3478
2021-03-18,San Francisco,075,870044,34878,34904,1141,36045,461
2021-03-18,San Joaquin,077,732212,68839,67301,2937,70238,1169
2021-03-18,San Luis Obispo,079,281455,20232,19894,597,20491,249
2021-03-18,San Mateo,081,765935,40328,39874,422,40296,344
2021-03-18,Santa Barbara,083,443738,33025,32640,1064,33704,434
2021-03-18,Santa Clara,085,1922200,113038,113119,618,113737,1808
2021-03-18,Santa Cruz,087,273765,15714,14998,782,15780,198
2021-03-18,Shasta,089,179085,11167,11059,1317,12376,100
2021-03-18,Sierra,091,2930,54,49,12,61,0
2021-03-18,Siskiyou,093,43540,1557,1480,245,1725,5
2021-03-18,Solano,095,438530,30482,30352,388,30740,172
2021-03-18,Sonoma,097,501317,28810,28915,243,29158,292
2021-03-18,Stanislaus,099,539301,52321,51615,5463,57078,682
2021-03-18,Sutter,101,95872,9008,8999,79,9078,103
2021-03-18,Tehama,103,63373,4718,4683,495,5178,35
2021-03-18,Trinity,105,12862,472,310,80,390,3
2021-03-18,Tulare,107,460477,49068,47964,8289,56253,805
2021-03-18,Tuolumne,109,53932,3892,3942,38,3980,57
2021-03-18,Ventura,111,848112,79383,78697,2809,81506,918
2021-03-18,Yolo,113,214977,13228,13183,158,13341,191
2021-03-18,Yuba,115,75493,5660,5612,90,5702,42
2021-03-17,Alameda,001,1643700,82831,82353,1725,84078,1185
2021-03-17,Alpine,003,1148,83,82,0,82,0
2021-03-17,Amador,005,37829,3518,3511,31,3542,44
2021-03-17,Butte,007,227075,11573,11170,1629,12799,185
2021-03-17,Calaveras,009,45235,1970,1946,11,1957,49
2021-03-17,Colusa,011,21464,1884,1882,270,2152,12
2021-03-17,Contra Costa,013,1133247,64933,64026,1095,65121,737
2021-03-17,Del Norte,015,27424,1116,1053,5,1058,6
2021-03-17,El Dorado,017,186661,9342,9252,606,9858,105
2021-03-17,Fresno,019,978130,98758,97727,7989,105716,1507
2021-03-17,Glenn,021,27897,2313,2269,512,2781,17
2021-03-17,Humboldt,023,135768,3389,3365,24,3389,33
2021-03-17,Imperial,025,180216,27458,27168,2506,29674,691
2021-03-17,Inyo,027,18085,1361,1351,9,1360,35
2021-03-17,Kern,029,883053,94824,93392,10055,103447,1149
2021-03-17,Kings,031,150075,22670,22336,990,23326,233
2021-03-17,Lake,033,64148,3311,3251,8,3259,43
2021-03-17,Lassen,035,31185,5136,5125,99,5224,1
2021-03-17,Los Angeles,037,10098052,1184154,1173416,39139,1212555,22602
2021-03-17,Madera,039,155013,15990,15835,862,16697,214
2021-03-17,Marin,041,260295,13520,13428,179,13607,218
2021-03-17,Mariposa,043,17540,387,379,5,384,5
2021-03-17,Mendocino,045,87422,3723,3625,74,3699,44
2021-03-17,Merced,047,269075,29372,29250,947,30197,408
2021-03-17,Modoc,049,8938,347,341,118,459,3
2021-03-17,Mono,051,14174,1210,1212,15,1227,3
2021-03-17,Monterey,053,433212,42349,42061,1712,43773,334
2021-03-17,Napa,055,140530,9260,9219,32,9251,76
2021-03-17,Nevada,057,99092,4190,4145,169,4314,74
2021-03-17,Orange,059,3164182,249863,247943,10434,258377,4502
2021-03-17,Placer,061,380077,21240,20369,1182,21551,243
2021-03-17,Plumas,063,18699,660,645,10,655,4
2021-03-17,Riverside,065,2383286,288408,281649,13431,295080,3925
2021-03-17,Sacramento,067,1510023,97249,95650,1330,96980,1477
2021-03-17,San Benito,069,59416,5822,5841,89,5930,61
2021-03-17,San Bernardino,071,2135413,288181,284170,8595,292765,4049
2021-03-17,San Diego,073,3302833,268673,266313,13283,279596,3470
2021-03-17,San Francisco,075,870044,34843,34873,1140,36013,457
2021-03-17,San Joaquin,077,732212,68754,67093,2921,70014,1164
2021-03-17,San Luis Obispo,079,281455,20209,19858,593,20451,249
2021-03-17,San Mateo,081,765935,40298,39838,421,40259,344
2021-03-17,Santa Barbara,083,443738,33003,32585,1063,33648,433
2021-03-17,Santa Clara,085,1922200,112945,112983,617,113600,1805
2021-03-17,Santa Cruz,087,273765,15706,14967,782,15749,199
2021-03-17,Shasta,089,179085,11162,11045,1314,12359,100
2021-03-17,Sierra,091,2930,54,49,12,61,0
2021-03-17,Siskiyou,093,43540,1556,1479,244,1723,5
2021-03-17,Solano,095,438530,30456,30320,386,30706,171
2021-03-17,Sonoma,097,501317,28786,28877,242,29119,292
2021-03-17,Stanislaus,099,539301,52246,51524,5456,56980,682
2021-03-17,Sutter,101,95872,8998,8982,79,9061,103
2021-03-17,Tehama,103,63373,4713,4670,495,5165,34
2021-03-17,Trinity,105,12862,472,308,80,388,3
2021-03-17,Tulare,107,460477,49048,47929,8279,56208,805
2021-03-17,Tuolumne,109,53932,3889,3938,38,3976,57
2021-03-17,Ventura,111,848112,79327,78648,2806,81454,916
2021-03-17,Yolo,113,214977,13211,13169,158,13327,190
2021-03-17,Yuba,115,75493,5657,5603,90,5693,42
2021-03-16,Alameda,001,1643700,82720,82259,1723,83982,1177
2021-03-16,Alpine,003,1148,83,82,0,82,0
2021-03-16,Amador,005,37829,3516,3510,31,3541,44
2021-03-16,Butte,007,227075,11561,11154,1628,12782,184
2021-03-16,Calaveras,009,45235,1965,1945,11,1956,49
2021-03-16,Colusa,011,21464,1883,1882,270,2152,12
2021-03-16,Contra Costa,013,1133247,64850,63951,1092,65043,736
2021-03-16,Del Norte,015,27424,1108,1048,5,1053,6
2021-03-16,El Dorado,017,186661,9327,9249,606,9855,105
2021-03-16,Fresno,019,978130,98620,97638,7969,105607,1498
2021-03-16,Glenn,021,27897,2305,2267,508,2775,17
2021-03-16,Humboldt,023,135768,3385,3351,24,3375,33
2021-03-16,Imperial,025,180216,27447,27143,2503,29646,689
2021-03-16,Inyo,027,18085,1360,1346,9,1355,35
2021-03-16,Kern,029,883053,94758,93340,10040,103380,1144
2021-03-16,Kings,031,150075,22634,22320,989,23309,233
2021-03-16,Lake,033,64148,3303,3246,8,3254,43
2021-03-16,Lassen,035,31185,5135,5126,99,5225,1
2021-03-16,Los Angeles,037,10098052,1183621,1172676,39101,1211777,22527
2021-03-16,Madera,039,155013,15974,15822,860,16682,214
2021-03-16,Marin,041,260295,13502,13419,179,13598,218
2021-03-16,Mariposa,043,17540,384,379,5,384,5
2021-03-16,Mendocino,045,87422,3718,3623,74,3697,44
2021-03-16,Merced,047,269075,29319,29198,946,30144,407
2021-03-16,Modoc,049,8938,347,341,118,459,3
2021-03-16,Mono,051,14174,1209,1207,15,1222,3
2021-03-16,Monterey,053,433212,42330,42023,1712,43735,334
2021-03-16,Napa,055,140530,9250,9209,32,9241,75
2021-03-16,Nevada,057,99092,4181,4132,168,4300,67
2021-03-16,Orange,059,3164182,249724,247843,10415,258258,4479
2021-03-16,Placer,061,380077,21208,20339,1178,21517,240
2021-03-16,Plumas,063,18699,659,643,10,653,4
2021-03-16,Riverside,065,2383286,288294,281540,13419,294959,3893
2021-03-16,Sacramento,067,1510023,97106,95522,1326,96848,1466
2021-03-16,San Benito,069,59416,5817,5831,89,5920,61
2021-03-16,San Bernardino,071,2135413,288051,283980,8588,292568,4032
2021-03-16,San Diego,073,3302833,268441,265903,13270,279173,3462
2021-03-16,San Francisco,075,870044,34814,34833,1135,35968,456
2021-03-16,San Joaquin,077,732212,68652,66856,2909,69765,1163
2021-03-16,San Luis Obispo,079,281455,20179,19832,591,20423,248
2021-03-16,San Mateo,081,765935,40264,39806,419,40225,344
2021-03-16,Santa Barbara,083,443738,32971,32556,1062,33618,433
2021-03-16,Santa Clara,085,1922200,112827,112845,614,113459,1797
2021-03-16,Santa Cruz,087,273765,15700,14926,782,15708,199
2021-03-16,Shasta,089,179085,11146,11035,1312,12347,100
2021-03-16,Sierra,091,2930,53,49,12,61,0
2021-03-16,Siskiyou,093,43540,1553,1477,244,1721,5
2021-03-16,Solano,095,438530,30422,30298,384,30682,171
2021-03-16,Sonoma,097,501317,28753,28850,240,29090,291
2021-03-16,Stanislaus,099,539301,52166,51410,5449,56859,683
2021-03-16,Sutter,101,95872,8990,8970,79,9049,102
2021-03-16,Tehama,103,63373,4710,4660,494,5154,34
2021-03-16,Trinity,105,12862,472,308,79,387,3
2021-03-16,Tulare,107,460477,49000,47895,8271,56166,803
2021-03-16,Tuolumne,109,53932,3886,3938,38,3976,57
2021-03-16,Ventura,111,848112,79261,78671,2799,81470,916
2021-03-16,Yolo,113,214977,13196,13162,158,13320,190
2021-03-16,Yuba,115,75493,5654,5596,89,5685,42
2021-03-15,Alameda,001,1643700,82631,82159,1723,83882,1167
2021-03-15,Alpine,003,1148,83,82,0,82,0
2021-03-15,Amador,005,37829,3515,3506,31,3537,44
2021-03-15,Butte,007,227075,11548,11141,1624,12765,185
2021-03-15,Calaveras,009,45235,1964,1941,11,1952,49
2021-03-15,Colusa,011,21464,1883,1883,270,2153,12
2021-03-15,Contra Costa,013,1133247,64788,63847,1091,64938,732
2021-03-15,Del Norte,015,27424,1105,1048,5,1053,6
2021-03-15,El Dorado,017,186661,9321,9235,606,9841,103
2021-03-15,Fresno,019,978130,98493,97520,7954,105474,1496
2021-03-15,Glenn,021,27897,2300,2261,505,2766,15
2021-03-15,Humboldt,023,135768,3379,3337,24,3361,32
2021-03-15,Imperial,025,180216,27427,27122,2500,29622,684
2021-03-15,Inyo,027,18085,1360,1346,9,1355,35
2021-03-15,Kern,029,883053,94698,93266,10033,103299,1141
2021-03-15,Kings,031,150075,22617,22294,983,23277,233
2021-03-15,Lake,033,64148,3291,3237,8,3245,43
2021-03-15,Lassen,035,31185,5135,5125,99,5224,1
2021-03-15,Los Angeles,037,10098052,1183050,1172445,39069,1211514,22477
2021-03-15,Madera,039,155013,15963,15806,858,16664,214
2021-03-15,Marin,041,260295,13496,13408,178,13586,218
2021-03-15,Mariposa,043,17540,384,376,5,381,5
2021-03-15,Mendocino,045,87422,3714,3615,74,3689,44
2021-03-15,Merced,047,269075,29281,29169,944,30113,407
2021-03-15,Modoc,049,8938,347,340,118,458,3
2021-03-15,Mono,051,14174,1208,1206,15,1221,3
2021-03-15,Monterey,053,433212,42302,42011,1709,43720,333
2021-03-15,Napa,055,140530,9239,9196,32,9228,75
2021-03-15,Nevada,057,99092,4176,4123,167,4290,66
2021-03-15,Orange,059,3164182,249611,247697,10396,258093,4481
2021-03-15,Placer,061,380077,21185,20308,1178,21486,238
2021-03-15,Plumas,063,18699,659,642,10,652,4
2021-03-15,Riverside,065,2383286,288142,281367,13409,294776,3856
2021-03-15,Sacramento,067,1510023,96953,95414,1320,96734,1463
2021-03-15,San Benito,069,59416,5814,5831,89,5920,61
2021-03-15,San Bernardino,071,2135413,287960,283815,8580,292395,4004
2021-03-15,San Diego,073,3302833,268192,265646,13254,278900,3452
2021-03-15,San Francisco,075,870044,34779,34820,1131,35951,456
2021-03-15,San Joaquin,077,732212,68548,66622,2897,69519,1140
2021-03-15,San Luis Obispo,079,281455,20148,19813,587,20400,247
2021-03-15,San Mateo,081,765935,40210,39765,419,40184,344
2021-03-15,Santa Barbara,083,443738,32948,32529,1059,33588,431
2021-03-15,Santa Clara,085,1922200,112726,112729,612,113341,1798
2021-03-15,Santa Cruz,087,273765,15694,14899,781,15680,200
2021-03-15,Shasta,089,179085,11130,11019,1307,12326,92
2021-03-15,Sierra,091,2930,53,49,12,61,0
2021-03-15,Siskiyou,093,43540,1553,1475,244,1719,5
2021-03-15,Solano,095,438530,30393,30258,383,30641,171
2021-03-15,Sonoma,097,501317,28735,28814,237,29051,285
2021-03-15,Stanislaus,099,539301,52087,51357,5442,56799,683
2021-03-15,Sutter,101,95872,8984,8962,79,9041,102
2021-03-15,Tehama,103,63373,4695,4650,493,5143,34
2021-03-15,Trinity,105,12862,472,308,79,387,3
2021-03-15,Tulare,107,460477,48970,47857,8256,56113,800
2021-03-15,Tuolumne,109,53932,3884,3937,37,3974,57
2021-03-15,Ventura,111,848112,79205,78626,2798,81424,910
2021-03-15,Yolo,113,214977,13177,13131,158,13289,190
2021-03-15,Yuba,115,75493,5649,5585,88,5673,42
2021-03-14,Alameda,001,1643700,82547,82116,1720,83836,1168
2021-03-14,Alpine,003,1148,83,82,0,82,0
2021-03-14,Amador,005,37829,3510,3504,31,3535,44
2021-03-14,Butte,007,227075,11535,11140,1620,12760,185
2021-03-14,Calaveras,009,45235,1960,1939,11,1950,49
2021-03-14,Colusa,011,21464,1883,1883,270,2153,12
2021-03-14,Contra Costa,013,1133247,64684,63808,1090,64898,731
2021-03-14,Del Norte,015,27424,1091,1048,5,1053,6
2021-03-14,El Dorado,017,186661,9311,9231,606,9837,103
2021-03-14,Fresno,019,978130,98385,97461,7936,105397,1496
2021-03-14,Glenn,021,27897,2295,2260,502,2762,15
2021-03-14,Humboldt,023,135768,3365,3335,24,3359,32
2021-03-14,Imperial,025,180216,27412,27122,2495,29617,685
2021-03-14,Inyo,027,18085,1356,1346,9,1355,35
2021-03-14,Kern,029,883053,94615,93252,10015,103267,1141
2021-03-14,Kings,031,150075,22598,22292,981,23273,232
2021-03-14,Lake,033,64148,3286,3237,8,3245,43
2021-03-14,Lassen,035,31185,5133,5125,99,5224,1
2021-03-14,Los Angeles,037,10098052,1182475,1172100,39037,1211137,22476
2021-03-14,Madera,039,155013,15938,15804,858,16662,214
2021-03-14,Marin,041,260295,13480,13405,176,13581,218
2021-03-14,Mariposa,043,17540,382,376,5,381,5
2021-03-14,Mendocino,045,87422,3709,3613,74,3687,44
2021-03-14,Merced,047,269075,29213,29149,940,30089,407
2021-03-14,Modoc,049,8938,347,340,118,458,3
2021-03-14,Mono,051,14174,1202,1206,15,1221,3
2021-03-14,Monterey,053,433212,42278,42007,1706,43713,333
2021-03-14,Napa,055,140530,9221,9194,32,9226,75
2021-03-14,Nevada,057,99092,4170,4122,165,4287,66
2021-03-14,Orange,059,3164182,249477,247656,10376,258032,4460
2021-03-14,Placer,061,380077,21150,20288,1170,21458,238
2021-03-14,Plumas,063,18699,657,642,10,652,4
2021-03-14,Riverside,065,2383286,287984,281332,13401,294733,3845
2021-03-14,Sacramento,067,1510023,96775,95343,1315,96658,1462
2021-03-14,San Benito,069,59416,5805,5829,89,5918,61
2021-03-14,San Bernardino,071,2135413,287837,283791,8569,292360,3996
2021-03-14,San Diego,073,3302833,267957,265468,13241,278709,3452
2021-03-14,San Francisco,075,870044,34740,34810,1128,35938,455
2021-03-14,San Joaquin,077,732212,68420,66563,2880,69443,1140
2021-03-14,San Luis Obispo,079,281455,20120,19806,585,20391,247
2021-03-14,San Mateo,081,765935,40171,39744,419,40163,342
2021-03-14,Santa Barbara,083,443738,32904,32514,1057,33571,431
2021-03-14,Santa Clara,085,1922200,112598,112648,611,113259,1796
2021-03-14,Santa Cruz,087,273765,15678,14887,779,15666,200
2021-03-14,Shasta,089,179085,11114,11019,1300,12319,92
2021-03-14,Sierra,091,2930,53,49,12,61,0
2021-03-14,Siskiyou,093,43540,1550,1473,244,1717,5
2021-03-14,Solano,095,438530,30361,30230,378,30608,171
2021-03-14,Sonoma,097,501317,28700,28798,233,29031,284
2021-03-14,Stanislaus,099,539301,51967,51306,5434,56740,690
2021-03-14,Sutter,101,95872,8968,8958,79,9037,102
2021-03-14,Tehama,103,63373,4688,4650,492,5142,34
2021-03-14,Trinity,105,12862,471,308,78,386,3
2021-03-14,Tulare,107,460477,48937,47845,8235,56080,800
2021-03-14,Tuolumne,109,53932,3882,3937,37,3974,57
2021-03-14,Ventura,111,848112,79157,78611,2792,81403,910
2021-03-14,Yolo,113,214977,13154,13128,155,13283,189
2021-03-14,Yuba,115,75493,5639,5583,88,5671,42
2021-03-13,Alameda,001,1643700,82487,82010,1720,83730,1168
2021-03-13,Alpine,003,1148,83,82,0,82,0
2021-03-13,Amador,005,37829,3507,3504,31,3535,44
2021-03-13,Butte,007,227075,11526,11131,1619,12750,185
2021-03-13,Calaveras,009,45235,1959,1939,11,1950,49
2021-03-13,Colusa,011,21464,1883,1882,270,2152,12
2021-03-13,Contra Costa,013,1133247,64623,63689,1090,64779,731
2021-03-13,Del Norte,015,27424,1087,1041,5,1046,6
2021-03-13,El Dorado,017,186661,9303,9221,606,9827,103
2021-03-13,Fresno,019,978130,98326,97324,7916,105240,1495
2021-03-13,Glenn,021,27897,2294,2260,501,2761,15
2021-03-13,Humboldt,023,135768,3358,3325,24,3349,32
2021-03-13,Imperial,025,180216,27406,27099,2491,29590,677
2021-03-13,Inyo,027,18085,1355,1344,9,1353,35
2021-03-13,Kern,029,883053,94576,93197,10009,103206,1140
2021-03-13,Kings,031,150075,22582,22265,980,23245,232
2021-03-13,Lake,033,64148,3279,3234,7,3241,43
2021-03-13,Lassen,035,31185,5133,5125,99,5224,1
2021-03-13,Los Angeles,037,10098052,1182157,1171505,38995,1210500,22451
2021-03-13,Madera,039,155013,15926,15780,858,16638,214
2021-03-13,Marin,041,260295,13474,13391,174,13565,218
2021-03-13,Mariposa,043,17540,381,376,5,381,5
2021-03-13,Mendocino,045,87422,3705,3611,74,3685,44
2021-03-13,Merced,047,269075,29182,29106,940,30046,406
2021-03-13,Modoc,049,8938,347,340,117,457,3
2021-03-13,Mono,051,14174,1202,1207,15,1222,3
2021-03-13,Monterey,053,433212,42268,41989,1704,43693,332
2021-03-13,Napa,055,140530,9215,9190,32,9222,75
2021-03-13,Nevada,057,99092,4163,4111,164,4275,66
2021-03-13,Orange,059,3164182,249396,247514,10360,257874,4423
2021-03-13,Placer,061,380077,21129,20238,1167,21405,239
2021-03-13,Plumas,063,18699,655,642,10,652,4
2021-03-13,Riverside,065,2383286,287892,281191,13393,294584,3848
2021-03-13,Sacramento,067,1510023,96689,95192,1313,96505,1461
2021-03-13,San Benito,069,59416,5802,5823,89,5912,61
2021-03-13,San Bernardino,071,2135413,287783,283727,8563,292290,3972
2021-03-13,San Diego,073,3302833,267802,265270,13227,278497,3444
2021-03-13,San Francisco,075,870044,34723,34784,1119,35903,455
2021-03-13,San Joaquin,077,732212,68364,66480,2858,69338,1141
2021-03-13,San Luis Obispo,079,281455,20102,19789,584,20373,247
2021-03-13,San Mateo,081,765935,40144,39689,418,40107,341
2021-03-13,Santa Barbara,083,443738,32879,32486,1056,33542,431
2021-03-13,Santa Clara,085,1922200,112513,112531,610,113141,1790
2021-03-13,Santa Cruz,087,273765,15671,14875,779,15654,199
2021-03-13,Shasta,089,179085,11106,11021,1297,12318,108
2021-03-13,Sierra,091,2930,52,49,12,61,0
2021-03-13,Siskiyou,093,43540,1548,1470,244,1714,5
2021-03-13,Solano,095,438530,30344,30198,378,30576,171
2021-03-13,Sonoma,097,501317,28680,28762,229,28991,285
2021-03-13,Stanislaus,099,539301,51916,51257,5430,56687,695
2021-03-13,Sutter,101,95872,8961,8948,79,9027,102
2021-03-13,Tehama,103,63373,4686,4647,492,5139,33
2021-03-13,Trinity,105,12862,471,306,78,384,3
2021-03-13,Tulare,107,460477,48911,47818,8227,56045,798
2021-03-13,Tuolumne,109,53932,3879,3937,37,3974,57
2021-03-13,Ventura,111,848112,79105,78693,2792,81485,906
2021-03-13,Yolo,113,214977,13145,13087,155,13242,189
2021-03-13,Yuba,115,75493,5638,5577,88,5665,42
2021-03-12,Alameda,001,1643700,82410,81898,1719,83617,1164
2021-03-12,Alpine,003,1148,83,82,0,82,0
2021-03-12,Amador,005,37829,3504,3503,31,3534,44
2021-03-12,Butte,007,227075,11516,11126,1617,12743,184
2021-03-12,Calaveras,009,45235,1959,1916,11,1927,49
2021-03-12,Colusa,011,21464,1883,1883,270,2153,12
2021-03-12,Contra Costa,013,1133247,64547,63583,1090,64673,728
2021-03-12,Del Norte,015,27424,1081,1033,5,1038,6
2021-03-12,El Dorado,017,186661,9294,9219,606,9825,103
2021-03-12,Fresno,019,978130,98229,97185,7905,105090,1489
2021-03-12,Glenn,021,27897,2293,2258,500,2758,15
2021-03-12,Humboldt,023,135768,3353,3315,24,3339,32
2021-03-12,Imperial,025,180216,27395,27071,2489,29560,677
2021-03-12,Inyo,027,18085,1353,1339,9,1348,35
2021-03-12,Kern,029,883053,94542,93142,9993,103135,1132
2021-03-12,Kings,031,150075,22563,22233,980,23213,232
2021-03-12,Lake,033,64148,3273,3226,6,3232,43
2021-03-12,Lassen,035,31185,5133,5125,98,5223,1
2021-03-12,Los Angeles,037,10098052,1181762,1170860,38978,1209838,22409
2021-03-12,Madera,039,155013,15914,15761,855,16616,214
2021-03-12,Marin,041,260295,13467,13375,174,13549,218
2021-03-12,Mariposa,043,17540,379,376,5,381,5
2021-03-12,Mendocino,045,87422,3702,3605,74,3679,43
2021-03-12,Merced,047,269075,29151,29064,940,30004,403
2021-03-12,Modoc,049,8938,347,340,117,457,3
2021-03-12,Mono,051,14174,1201,1206,15,1221,3
2021-03-12,Monterey,053,433212,42254,41964,1699,43663,329
2021-03-12,Napa,055,140530,9206,9180,32,9212,75
2021-03-12,Nevada,057,99092,4153,4101,164,4265,66
2021-03-12,Orange,059,3164182,249304,247388,10349,257737,4401
2021-03-12,Placer,061,380077,21096,20210,1162,21372,239
2021-03-12,Plumas,063,18699,654,641,10,651,4
2021-03-12,Riverside,065,2383286,287793,281037,13386,294423,3854
2021-03-12,Sacramento,067,1510023,96565,95061,1307,96368,1460
2021-03-12,San Benito,069,59416,5799,5817,89,5906,61
2021-03-12,San Bernardino,071,2135413,287727,283558,8558,292116,3917
2021-03-12,San Diego,073,3302833,267639,264886,13219,278105,3434
2021-03-12,San Francisco,075,870044,34702,34758,1116,35874,452
2021-03-12,San Joaquin,077,732212,68293,66482,2849,69331,1144
2021-03-12,San Luis Obispo,079,281455,20089,19769,582,20351,247
2021-03-12,San Mateo,081,765935,40108,39638,416,40054,341
2021-03-12,Santa Barbara,083,443738,32856,32457,1053,33510,429
2021-03-12,Santa Clara,085,1922200,112418,112396,609,113005,1766
2021-03-12,Santa Cruz,087,273765,15659,14846,777,15623,195
2021-03-12,Shasta,089,179085,11097,11143,1295,12438,153
2021-03-12,Sierra,091,2930,52,49,12,61,0
2021-03-12,Siskiyou,093,43540,1548,1468,243,1711,5
2021-03-12,Solano,095,438530,30325,30180,377,30557,171
2021-03-12,Sonoma,097,501317,28653,28714,229,28943,285
2021-03-12,Stanislaus,099,539301,51857,51146,5424,56570,701
2021-03-12,Sutter,101,95872,8955,8940,79,9019,101
2021-03-12,Tehama,103,63373,4682,4638,491,5129,33
2021-03-12,Trinity,105,12862,470,306,78,384,3
2021-03-12,Tulare,107,460477,48886,47772,8221,55993,798
2021-03-12,Tuolumne,109,53932,3878,3936,37,3973,57
2021-03-12,Ventura,111,848112,79059,78698,2788,81486,899
2021-03-12,Yolo,113,214977,13135,13061,148,13209,189
2021-03-12,Yuba,115,75493,5631,5563,87,5650,42
2021-03-11,Alameda,001,1643700,82319,81809,1714,83523,1164
2021-03-11,Alpine,003,1148,83,78,0,78,0
2021-03-11,Amador,005,37829,3503,3498,31,3529,42
2021-03-11,Butte,007,227075,11505,11110,1615,12725,185
2021-03-11,Calaveras,009,45235,1956,1915,11,1926,49
2021-03-11,Colusa,011,21464,1883,1883,270,2153,12
2021-03-11,Contra Costa,013,1133247,64474,63469,1088,64557,728
2021-03-11,Del Norte,015,27424,1076,1027,5,1032,6
2021-03-11,El Dorado,017,186661,9280,9211,606,9817,101
2021-03-11,Fresno,019,978130,98113,97026,7876,104902,1481
2021-03-11,Glenn,021,27897,2290,2255,500,2755,15
2021-03-11,Humboldt,023,135768,3336,3302,24,3326,32
2021-03-11,Imperial,025,180216,27388,27045,2486,29531,675
2021-03-11,Inyo,027,18085,1348,1335,9,1344,35
2021-03-11,Kern,029,883053,94486,93052,9954,103006,1121
2021-03-11,Kings,031,150075,22548,22183,977,23160,230
2021-03-11,Lake,033,64148,3269,3214,6,3220,42
2021-03-11,Lassen,035,31185,5132,5124,98,5222,1
2021-03-11,Los Angeles,037,10098052,1181231,1170111,38947,1209058,22316
2021-03-11,Madera,039,155013,15903,15725,853,16578,214
2021-03-11,Marin,041,260295,13455,13356,173,13529,217
2021-03-11,Mariposa,043,17540,379,376,5,381,5
2021-03-11,Mendocino,045,87422,3695,3604,74,3678,42
2021-03-11,Merced,047,269075,29103,29001,939,29940,401
2021-03-11,Modoc,049,8938,347,340,117,457,3
2021-03-11,Mono,051,14174,1200,1206,15,1221,3
2021-03-11,Monterey,053,433212,42231,41936,1693,43629,329
2021-03-11,Napa,055,140530,9193,9173,32,9205,75
2021-03-11,Nevada,057,99092,4141,4085,162,4247,66
2021-03-11,Orange,059,3164182,249166,247217,10331,257548,4373
2021-03-11,Placer,061,380077,21054,20178,1158,21336,239
2021-03-11,Plumas,063,18699,653,640,10,650,4
2021-03-11,Riverside,065,2383286,287623,280881,13373,294254,3842
2021-03-11,Sacramento,067,1510023,96424,94912,1304,96216,1455
2021-03-11,San Benito,069,59416,5796,5816,89,5905,61
2021-03-11,San Bernardino,071,2135413,287630,283312,8552,291864,3869
2021-03-11,San Diego,073,3302833,267474,264524,13203,277727,3422
2021-03-11,San Francisco,075,870044,34666,34722,1110,35832,452
2021-03-11,San Joaquin,077,732212,68181,66522,2841,69363,1157
2021-03-11,San Luis Obispo,079,281455,20064,19748,581,20329,247
2021-03-11,San Mateo,081,765935,40071,39590,415,40005,341
2021-03-11,Santa Barbara,083,443738,32828,32408,1048,33456,430
2021-03-11,Santa Clara,085,1922200,112289,112246,606,112852,1765
2021-03-11,Santa Cruz,087,273765,15647,14812,776,15588,193
2021-03-11,Shasta,089,179085,11087,11139,1290,12429,158
2021-03-11,Sierra,091,2930,52,48,12,60,0
2021-03-11,Siskiyou,093,43540,1545,1466,242,1708,5
2021-03-11,Solano,095,438530,30297,30138,376,30514,171
2021-03-11,Sonoma,097,501317,28624,28677,229,28906,285
2021-03-11,Stanislaus,099,539301,51772,51038,5416,56454,707
2021-03-11,Sutter,101,95872,8949,8933,79,9012,101
2021-03-11,Tehama,103,63373,4674,4632,491,5123,33
2021-03-11,Trinity,105,12862,469,304,77,381,3
2021-03-11,Tulare,107,460477,48849,47709,8210,55919,797
2021-03-11,Tuolumne,109,53932,3876,3934,37,3971,57
2021-03-11,Ventura,111,848112,79009,78697,2784,81481,889
2021-03-11,Yolo,113,214977,13117,13041,147,13188,190
2021-03-11,Yuba,115,75493,5627,5553,87,5640,42
2021-03-10,Alameda,001,1643700,82213,81701,1709,83410,1160
2021-03-10,Alpine,003,1148,82,78,0,78,0
2021-03-10,Amador,005,37829,3501,3496,31,3527,42
2021-03-10,Butte,007,227075,11495,11096,1615,12711,185
2021-03-10,Calaveras,009,45235,1950,1913,11,1924,48
2021-03-10,Colusa,011,21464,1883,1882,270,2152,12
2021-03-10,Contra Costa,013,1133247,64374,63372,1084,64456,725
2021-03-10,Del Norte,015,27424,1074,1020,5,1025,5
2021-03-10,El Dorado,017,186661,9267,9203,606,9809,100
2021-03-10,Fresno,019,978130,98006,96866,7860,104726,1471
2021-03-10,Glenn,021,27897,2287,2253,498,2751,15
2021-03-10,Humboldt,023,135768,3326,3296,23,3319,32
2021-03-10,Imperial,025,180216,27373,27051,2486,29537,675
2021-03-10,Inyo,027,18085,1348,1328,9,1337,35
2021-03-10,Kern,029,883053,94420,92965,9933,102898,1102
2021-03-10,Kings,031,150075,22529,22166,976,23142,226
2021-03-10,Lake,033,64148,3259,3207,6,3213,42
2021-03-10,Lassen,035,31185,5132,5120,98,5218,1
2021-03-10,Los Angeles,037,10098052,1180686,1169079,38920,1207999,22199
2021-03-10,Madera,039,155013,15882,15705,850,16555,212
2021-03-10,Marin,041,260295,13445,13348,172,13520,216
2021-03-10,Mariposa,043,17540,379,376,5,381,5
2021-03-10,Mendocino,045,87422,3690,3602,74,3676,42
2021-03-10,Merced,047,269075,29065,28927,936,29863,401
2021-03-10,Modoc,049,8938,346,338,117,455,3
2021-03-10,Mono,051,14174,1196,1204,15,1219,3
2021-03-10,Monterey,053,433212,42209,41920,1689,43609,329
2021-03-10,Napa,055,140530,9184,9165,32,9197,75
2021-03-10,Nevada,057,99092,4137,4074,162,4236,66
2021-03-10,Orange,059,3164182,249018,247075,10316,257391,4342
2021-03-10,Placer,061,380077,21020,20144,1152,21296,239
2021-03-10,Plumas,063,18699,652,639,10,649,4
2021-03-10,Riverside,065,2383286,287482,280708,13359,294067,3822
2021-03-10,Sacramento,067,1510023,96294,94796,1298,96094,1452
2021-03-10,San Benito,069,59416,5787,5811,89,5900,61
2021-03-10,San Bernardino,071,2135413,287537,283140,8546,291686,3841
2021-03-10,San Diego,073,3302833,267252,264094,13191,277285,3413
2021-03-10,San Francisco,075,870044,34631,34688,1102,35790,450
2021-03-10,San Joaquin,077,732212,68079,66483,2824,69307,1156
2021-03-10,San Luis Obispo,079,281455,20040,19710,577,20287,247
2021-03-10,San Mateo,081,765935,40047,39571,415,39986,338
2021-03-10,Santa Barbara,083,443738,32801,32356,1045,33401,429
2021-03-10,Santa Clara,085,1922200,112180,112103,602,112705,1759
2021-03-10,Santa Cruz,087,273765,15632,14790,775,15565,192
2021-03-10,Shasta,089,179085,11077,11125,1287,12412,155
2021-03-10,Sierra,091,2930,52,48,12,60,0
2021-03-10,Siskiyou,093,43540,1543,1458,242,1700,5
2021-03-10,Solano,095,438530,30267,30111,375,30486,170
2021-03-10,Sonoma,097,501317,28589,28638,228,28866,286
2021-03-10,Stanislaus,099,539301,51685,50968,5397,56365,706
2021-03-10,Sutter,101,95872,8938,8918,79,8997,101
2021-03-10,Tehama,103,63373,4663,4623,490,5113,33
2021-03-10,Trinity,105,12862,469,304,77,381,3
2021-03-10,Tulare,107,460477,48801,47659,8192,55851,793
2021-03-10,Tuolumne,109,53932,3875,3931,37,3968,57
2021-03-10,Ventura,111,848112,78932,78609,2782,81391,878
2021-03-10,Yolo,113,214977,13093,13021,147,13168,189
2021-03-10,Yuba,115,75493,5614,5545,86,5631,42
2021-03-09,Alameda,001,1643700,82127,81618,1709,83327,1151
2021-03-09,Alpine,003,1148,82,78,0,78,0
2021-03-09,Amador,005,37829,3499,3494,31,3525,42
2021-03-09,Butte,007,227075,11482,11092,1614,12706,185
2021-03-09,Calaveras,009,45235,1948,1913,11,1924,48
2021-03-09,Colusa,011,21464,1883,1880,270,2150,11
2021-03-09,Contra Costa,013,1133247,64284,63314,1082,64396,723
2021-03-09,Del Norte,015,27424,1066,1017,5,1022,5
2021-03-09,El Dorado,017,186661,9259,9198,606,9804,98
2021-03-09,Fresno,019,978130,97887,96744,7834,104578,1463
2021-03-09,Glenn,021,27897,2283,2251,496,2747,15
2021-03-09,Humboldt,023,135768,3314,3288,22,3310,32
2021-03-09,Imperial,025,180216,27363,27045,2482,29527,675
2021-03-09,Inyo,027,18085,1346,1324,9,1333,35
2021-03-09,Kern,029,883053,94341,92924,9915,102839,1088
2021-03-09,Kings,031,150075,22504,22143,974,23117,226
2021-03-09,Lake,033,64148,3253,3202,6,3208,42
2021-03-09,Lassen,035,31185,5132,5120,98,5218,1
2021-03-09,Los Angeles,037,10098052,1180089,1167967,38887,1206854,22080
2021-03-09,Madera,039,155013,15871,15701,848,16549,211
2021-03-09,Marin,041,260295,13427,13335,170,13505,214
2021-03-09,Mariposa,043,17540,379,376,5,381,5
2021-03-09,Mendocino,045,87422,3686,3595,74,3669,42
2021-03-09,Merced,047,269075,29005,28876,933,29809,399
2021-03-09,Modoc,049,8938,346,338,116,454,3
2021-03-09,Mono,051,14174,1195,1203,15,1218,3
2021-03-09,Monterey,053,433212,42190,41894,1681,43575,329
2021-03-09,Napa,055,140530,9170,9155,32,9187,75
2021-03-09,Nevada,057,99092,4129,4062,162,4224,66
2021-03-09,Orange,059,3164182,248876,246989,10297,257286,4310
2021-03-09,Placer,061,380077,20978,20122,1147,21269,239
2021-03-09,Plumas,063,18699,649,639,10,649,4
2021-03-09,Riverside,065,2383286,287347,280562,13355,293917,3821
2021-03-09,Sacramento,067,1510023,96127,94720,1292,96012,1442
2021-03-09,San Benito,069,59416,5783,5800,89,5889,61
2021-03-09,San Bernardino,071,2135413,287421,282971,8540,291511,3823
2021-03-09,San Diego,073,3302833,267020,263745,13170,276915,3405
2021-03-09,San Francisco,075,870044,34600,34654,1098,35752,450
2021-03-09,San Joaquin,077,732212,67951,66383,2814,69197,1150
2021-03-09,San Luis Obispo,079,281455,20023,19672,570,20242,245
2021-03-09,San Mateo,081,765935,40000,39535,413,39948,336
2021-03-09,Santa Barbara,083,443738,32760,32314,1043,33357,428
2021-03-09,Santa Clara,085,1922200,112069,111963,597,112560,1756
2021-03-09,Santa Cruz,087,273765,15610,14764,774,15538,188
2021-03-09,Shasta,089,179085,11070,11113,1282,12395,155
2021-03-09,Sierra,091,2930,52,48,12,60,0
2021-03-09,Siskiyou,093,43540,1539,1447,240,1687,5
2021-03-09,Solano,095,438530,30231,30090,373,30463,169
2021-03-09,Sonoma,097,501317,28539,28601,225,28826,284
2021-03-09,Stanislaus,099,539301,51587,50884,5388,56272,703
2021-03-09,Sutter,101,95872,8925,8914,79,8993,101
2021-03-09,Tehama,103,63373,4658,4620,490,5110,33
2021-03-09,Trinity,105,12862,469,304,77,381,3
2021-03-09,Tulare,107,460477,48774,47637,8173,55810,792
2021-03-09,Tuolumne,109,53932,3873,3929,37,3966,56
2021-03-09,Ventura,111,848112,78869,78526,2780,81306,863
2021-03-09,Yolo,113,214977,13081,13015,145,13160,189
2021-03-09,Yuba,115,75493,5607,5539,86,5625,42
2021-03-08,Alameda,001,1643700,82016,81543,1708,83251,1142
2021-03-08,Alpine,003,1148,82,78,0,78,0
2021-03-08,Amador,005,37829,3496,3490,31,3521,42
2021-03-08,Butte,007,227075,11469,11082,1613,12695,185
2021-03-08,Calaveras,009,45235,1944,1909,11,1920,48
2021-03-08,Colusa,011,21464,1883,1877,270,2147,11
2021-03-08,Contra Costa,013,1133247,64188,63240,1082,64322,719
2021-03-08,Del Norte,015,27424,1061,1012,5,1017,5
2021-03-08,El Dorado,017,186661,9256,9188,605,9793,97
2021-03-08,Fresno,019,978130,97789,96665,7813,104478,1442
2021-03-08,Glenn,021,27897,2282,2249,496,2745,15
2021-03-08,Humboldt,023,135768,3300,3278,22,3300,31
2021-03-08,Imperial,025,180216,27355,27033,2479,29512,663
2021-03-08,Inyo,027,18085,1344,1320,9,1329,35
2021-03-08,Kern,029,883053,94275,92857,9895,102752,1087
2021-03-08,Kings,031,150075,22483,22130,972,23102,226
2021-03-08,Lake,033,64148,3241,3195,6,3201,42
2021-03-08,Lassen,035,31185,5132,5119,98,5217,1
2021-03-08,Los Angeles,037,10098052,1179469,1163409,38855,1202264,21868
2021-03-08,Madera,039,155013,15861,15691,846,16537,211
2021-03-08,Marin,041,260295,13407,13328,168,13496,214
2021-03-08,Mariposa,043,17540,379,376,5,381,5
2021-03-08,Mendocino,045,87422,3684,3590,73,3663,42
2021-03-08,Merced,047,269075,28945,28841,932,29773,398
2021-03-08,Modoc,049,8938,346,338,116,454,3
2021-03-08,Mono,051,14174,1194,1200,15,1215,3
2021-03-08,Monterey,053,433212,42169,41863,1680,43543,328
2021-03-08,Napa,055,140530,9167,9146,32,9178,75
2021-03-08,Nevada,057,99092,4121,4059,162,4221,66
2021-03-08,Orange,059,3164182,248703,246900,10265,257165,4243
2021-03-08,Placer,061,380077,20943,20102,1136,21238,239
2021-03-08,Plumas,063,18699,648,635,10,645,4
2021-03-08,Riverside,065,2383286,287195,280463,13345,293808,3783
2021-03-08,Sacramento,067,1510023,95957,94654,1287,95941,1438
2021-03-08,San Benito,069,59416,5780,5797,89,5886,61
2021-03-08,San Bernardino,071,2135413,287310,282894,8533,291427,3811
2021-03-08,San Diego,073,3302833,266779,263272,13155,276427,3390
2021-03-08,San Francisco,075,870044,34574,34634,1094,35728,446
2021-03-08,San Joaquin,077,732212,67835,66307,2805,69112,1139
2021-03-08,San Luis Obispo,079,281455,19980,19656,567,20223,245
2021-03-08,San Mateo,081,765935,39951,39492,411,39903,335
2021-03-08,Santa Barbara,083,443738,32728,32293,1043,33336,427
2021-03-08,Santa Clara,085,1922200,111941,111882,595,112477,1756
2021-03-08,Santa Cruz,087,273765,15590,14729,774,15503,188
2021-03-08,Shasta,089,179085,11062,11088,1277,12365,155
2021-03-08,Sierra,091,2930,52,48,12,60,0
2021-03-08,Siskiyou,093,43540,1538,1440,240,1680,5
2021-03-08,Solano,095,438530,30191,30068,371,30439,169
2021-03-08,Sonoma,097,501317,28495,28571,224,28795,284
2021-03-08,Stanislaus,099,539301,51508,50825,5383,56208,690
2021-03-08,Sutter,101,95872,8922,8905,79,8984,100
2021-03-08,Tehama,103,63373,4654,4615,490,5105,33
2021-03-08,Trinity,105,12862,468,302,77,379,3
2021-03-08,Tulare,107,460477,48733,47587,8148,55735,791
2021-03-08,Tuolumne,109,53932,3872,3921,37,3958,56
2021-03-08,Ventura,111,848112,78796,78526,2772,81298,852
2021-03-08,Yolo,113,214977,13058,13000,145,13145,189
2021-03-08,Yuba,115,75493,5597,5530,86,5616,42
2021-03-07,Alameda,001,1643700,81896,81413,1707,83120,1145
2021-03-07,Alpine,003,1148,82,78,0,78,0
2021-03-07,Amador,005,37829,3493,3489,31,3520,42
2021-03-07,Butte,007,227075,11453,11075,1612,12687,185
2021-03-07,Calaveras,009,45235,1940,1906,11,1917,48
2021-03-07,Colusa,011,21464,1883,1876,270,2146,11
2021-03-07,Contra Costa,013,1133247,64089,63148,1080,64228,719
2021-03-07,Del Norte,015,27424,1056,1010,5,1015,5
2021-03-07,El Dorado,017,186661,9253,9184,604,9788,97
2021-03-07,Fresno,019,978130,97611,96549,7791,104340,1442
2021-03-07,Glenn,021,27897,2280,2244,496,2740,15
2021-03-07,Humboldt,023,135768,3290,3274,22,3296,31
2021-03-07,Imperial,025,180216,27346,27019,2477,29496,658
2021-03-07,Inyo,027,18085,1341,1320,9,1329,35
2021-03-07,Kern,029,883053,94188,92746,9865,102611,1086
2021-03-07,Kings,031,150075,22461,22103,972,23075,224
2021-03-07,Lake,033,64148,3235,3192,6,3198,42
2021-03-07,Lassen,035,31185,5131,5119,98,5217,1
2021-03-07,Los Angeles,037,10098052,1178743,1162749,38820,1201569,21857
2021-03-07,Madera,039,155013,15842,15675,846,16521,211
2021-03-07,Marin,041,260295,13399,13313,166,13479,214
2021-03-07,Mariposa,043,17540,378,376,5,381,5
2021-03-07,Mendocino,045,87422,3680,3581,73,3654,42
2021-03-07,Merced,047,269075,28871,28829,928,29757,399
2021-03-07,Modoc,049,8938,346,338,116,454,3
2021-03-07,Mono,051,14174,1192,1199,15,1214,3
2021-03-07,Monterey,053,433212,42148,41858,1677,43535,328
2021-03-07,Napa,055,140530,9157,9137,32,9169,75
2021-03-07,Nevada,057,99092,4107,4052,161,4213,66
2021-03-07,Orange,059,3164182,248511,246771,10237,257008,4218
2021-03-07,Placer,061,380077,20902,20070,1132,21202,239
2021-03-07,Plumas,063,18699,647,635,10,645,4
2021-03-07,Riverside,065,2383286,287046,280379,13336,293715,3779
2021-03-07,Sacramento,067,1510023,95780,94513,1280,95793,1437
2021-03-07,San Benito,069,59416,5773,5795,89,5884,61
2021-03-07,San Bernardino,071,2135413,287159,282860,8528,291388,3810
2021-03-07,San Diego,073,3302833,266498,262965,13131,276096,3390
2021-03-07,San Francisco,075,870044,34540,34594,1089,35683,445
2021-03-07,San Joaquin,077,732212,67699,66252,2792,69044,1139
2021-03-07,San Luis Obispo,079,281455,19943,19614,565,20179,245
2021-03-07,San Mateo,081,765935,39911,39436,408,39844,329
2021-03-07,Santa Barbara,083,443738,32682,32218,1042,33260,425
2021-03-07,Santa Clara,085,1922200,111796,111745,591,112336,1752
2021-03-07,Santa Cruz,087,273765,15568,14715,773,15488,189
2021-03-07,Shasta,089,179085,11050,11083,1269,12352,156
2021-03-07,Sierra,091,2930,51,48,12,60,0
2021-03-07,Siskiyou,093,43540,1537,1435,236,1671,5
2021-03-07,Solano,095,438530,30154,30027,371,30398,169
2021-03-07,Sonoma,097,501317,28446,28533,222,28755,284
2021-03-07,Stanislaus,099,539301,51376,50783,5367,56150,699
2021-03-07,Sutter,101,95872,8912,8900,79,8979,100
2021-03-07,Tehama,103,63373,4647,4614,489,5103,33
2021-03-07,Trinity,105,12862,468,302,77,379,3
2021-03-07,Tulare,107,460477,48674,47569,8117,55686,790
2021-03-07,Tuolumne,109,53932,3871,3922,36,3958,56
2021-03-07,Ventura,111,848112,78704,78487,2770,81257,851
2021-03-07,Yolo,113,214977,13039,12988,145,13133,189
2021-03-07,Yuba,115,75493,5592,5516,86,5602,42
2021-03-06,Alameda,001,1643700,81839,81310,1706,83016,1143
2021-03-06,Alpine,003,1148,82,78,0,78,0
2021-03-06,Amador,005,37829,3489,3487,31,3518,42
2021-03-06,Butte,007,227075,11448,11065,1611,12676,185
2021-03-06,Calaveras,009,45235,1936,1904,11,1915,48
2021-03-06,Colusa,011,21464,1881,1874,270,2144,11
2021-03-06,Contra Costa,013,1133247,64028,63040,1076,64116,719
2021-03-06,Del Norte,015,27424,1051,1000,5,1005,5
2021-03-06,El Dorado,017,186661,9249,9166,604,9770,97
2021-03-06,Fresno,019,978130,97516,96366,7780,104146,1440
2021-03-06,Glenn,021,27897,2280,2241,496,2737,15
2021-03-06,Humboldt,023,135768,3280,3260,22,3282,31
2021-03-06,Imperial,025,180216,27341,27009,2472,29481,658
2021-03-06,Inyo,027,18085,1338,1312,9,1321,35
2021-03-06,Kern,029,883053,94142,92684,9845,102529,1082
2021-03-06,Kings,031,150075,22446,22094,972,23066,224
2021-03-06,Lake,033,64148,3233,3189,6,3195,42
2021-03-06,Lassen,035,31185,5131,5119,98,5217,1
2021-03-06,Los Angeles,037,10098052,1178303,1161745,38792,1200537,21843
2021-03-06,Madera,039,155013,15833,15646,845,16491,211
2021-03-06,Marin,041,260295,13390,13289,166,13455,213
2021-03-06,Mariposa,043,17540,378,376,5,381,5
2021-03-06,Mendocino,045,87422,3678,3579,73,3652,42
2021-03-06,Merced,047,269075,28829,28771,928,29699,399
2021-03-06,Modoc,049,8938,345,338,116,454,3
2021-03-06,Mono,051,14174,1191,1198,15,1213,3
2021-03-06,Monterey,053,433212,42143,41838,1674,43512,327
2021-03-06,Napa,055,140530,9149,9129,32,9161,75
2021-03-06,Nevada,057,99092,4101,4044,161,4205,66
2021-03-06,Orange,059,3164182,248418,246634,10223,256857,4165
2021-03-06,Placer,061,380077,20879,20030,1130,21160,239
2021-03-06,Plumas,063,18699,647,634,10,644,4
2021-03-06,Riverside,065,2383286,286953,280225,13328,293553,3781
2021-03-06,Sacramento,067,1510023,95692,94332,1271,95603,1436
2021-03-06,San Benito,069,59416,5768,5793,89,5882,61
2021-03-06,San Bernardino,071,2135413,287075,282737,8526,291263,3791
2021-03-06,San Diego,073,3302833,266311,262778,13114,275892,3385
2021-03-06,San Francisco,075,870044,34509,34560,1085,35645,435
2021-03-06,San Joaquin,077,732212,67625,66162,2782,68944,1138
2021-03-06,San Luis Obispo,079,281455,19923,19592,563,20155,245
2021-03-06,San Mateo,081,765935,39886,39384,408,39792,329
2021-03-06,Santa Barbara,083,443738,32652,32176,1042,33218,424
2021-03-06,Santa Clara,085,1922200,111701,111570,588,112158,1749
2021-03-06,Santa Cruz,087,273765,15557,14701,773,15474,188
2021-03-06,Shasta,089,179085,11041,11076,1267,12343,158
2021-03-06,Sierra,091,2930,51,48,12,60,0
2021-03-06,Siskiyou,093,43540,1535,1432,236,1668,5
2021-03-06,Solano,095,438530,30125,30000,370,30370,169
2021-03-06,Sonoma,097,501317,28423,28484,220,28704,284
2021-03-06,Stanislaus,099,539301,51306,50691,5361,56052,711
2021-03-06,Sutter,101,95872,8906,8887,79,8966,100
2021-03-06,Tehama,103,63373,4645,4610,486,5096,33
2021-03-06,Trinity,105,12862,468,302,77,379,3
2021-03-06,Tulare,107,460477,48642,47515,8089,55604,789
2021-03-06,Tuolumne,109,53932,3869,3920,36,3956,56
2021-03-06,Ventura,111,848112,78648,78439,2769,81208,848
2021-03-06,Yolo,113,214977,13033,12951,144,13095,189
2021-03-06,Yuba,115,75493,5583,5504,86,5590,42
2021-03-05,Alameda,001,1643700,81752,81215,1705,82920,1141
2021-03-05,Alpine,003,1148,82,78,0,78,0
2021-03-05,Amador,005,37829,3488,3484,31,3515,42
2021-03-05,Butte,007,227075,11437,11050,1610,12660,185
2021-03-05,Calaveras,009,45235,1933,1902,11,1913,48
2021-03-05,Colusa,011,21464,1881,1874,270,2144,11
2021-03-05,Contra Costa,013,1133247,63948,62886,1073,63959,711
2021-03-05,Del Norte,015,27424,1047,995,5,1000,5
2021-03-05,El Dorado,017,186661,9244,9150,603,9753,97
2021-03-05,Fresno,019,978130,97408,96184,7761,103945,1432
2021-03-05,Glenn,021,27897,2277,2241,495,2736,15
2021-03-05,Humboldt,023,135768,3273,3234,22,3256,31
2021-03-05,Imperial,025,180216,27331,26970,2463,29433,651
2021-03-05,Inyo,027,18085,1334,1309,9,1318,35
2021-03-05,Kern,029,883053,94102,92601,9832,102433,1076
2021-03-05,Kings,031,150075,22428,22063,971,23034,224
2021-03-05,Lake,033,64148,3231,3185,6,3191,42
2021-03-05,Lassen,035,31185,5131,5117,96,5213,1
2021-03-05,Los Angeles,037,10098052,1177812,1160688,38763,1199451,21745
2021-03-05,Madera,039,155013,15823,15624,843,16467,211
2021-03-05,Marin,041,260295,13378,13275,165,13440,215
2021-03-05,Mariposa,043,17540,378,375,5,380,4
2021-03-05,Mendocino,045,87422,3675,3577,73,3650,42
2021-03-05,Merced,047,269075,28796,28734,927,29661,399
2021-03-05,Modoc,049,8938,345,337,116,453,3
2021-03-05,Mono,051,14174,1190,1197,15,1212,3
2021-03-05,Monterey,053,433212,42130,41802,1674,43476,325
2021-03-05,Napa,055,140530,9141,9109,32,9141,75
2021-03-05,Nevada,057,99092,4098,4033,161,4194,66
2021-03-05,Orange,059,3164182,248305,246489,10210,256699,4108
2021-03-05,Placer,061,380077,20853,19973,1126,21099,239
2021-03-05,Plumas,063,18699,647,635,10,645,4
2021-03-05,Riverside,065,2383286,286842,280075,13323,293398,3781
2021-03-05,Sacramento,067,1510023,95596,94182,1264,95446,1430
2021-03-05,San Benito,069,59416,5765,5790,89,5879,61
2021-03-05,San Bernardino,071,2135413,286982,282640,8522,291162,3774
2021-03-05,San Diego,073,3302833,266078,262357,13097,275454,3371
2021-03-05,San Francisco,075,870044,34469,34526,1081,35607,430
2021-03-05,San Joaquin,077,732212,67545,66041,2773,68814,1133
2021-03-05,San Luis Obispo,079,281455,19902,19557,561,20118,244
2021-03-05,San Mateo,081,765935,39854,39305,408,39713,326
2021-03-05,Santa Barbara,083,443738,32615,32139,1037,33176,424
2021-03-05,Santa Clara,085,1922200,111606,111384,588,111972,1745
2021-03-05,Santa Cruz,087,273765,15546,14694,773,15467,188
2021-03-05,Shasta,089,179085,11029,11062,1261,12323,148
2021-03-05,Sierra,091,2930,51,48,12,60,0
2021-03-05,Siskiyou,093,43540,1530,1429,235,1664,5
2021-03-05,Solano,095,438530,30108,29951,368,30319,168
2021-03-05,Sonoma,097,501317,28397,28417,220,28637,279
2021-03-05,Stanislaus,099,539301,51255,50606,5351,55957,721
2021-03-05,Sutter,101,95872,8899,8876,79,8955,100
2021-03-05,Tehama,103,63373,4636,4606,486,5092,33
2021-03-05,Trinity,105,12862,468,302,77,379,3
2021-03-05,Tulare,107,460477,48613,47469,8070,55539,789
2021-03-05,Tuolumne,109,53932,3867,3917,36,3953,56
2021-03-05,Ventura,111,848112,78581,78368,2768,81136,839
2021-03-05,Yolo,113,214977,13021,12920,143,13063,188
2021-03-05,Yuba,115,75493,5571,5496,86,5582,42
2021-03-04,Alameda,001,1643700,81643,81115,1705,82820,1136
2021-03-04,Alpine,003,1148,82,78,0,78,0
2021-03-04,Amador,005,37829,3487,3480,31,3511,42
2021-03-04,Butte,007,227075,11430,11033,1609,12642,185
2021-03-04,Calaveras,009,45235,1932,1896,11,1907,48
2021-03-04,Colusa,011,21464,1879,1873,265,2138,11
2021-03-04,Contra Costa,013,1133247,63848,62789,1071,63860,708
2021-03-04,Del Norte,015,27424,1039,989,5,994,5
2021-03-04,El Dorado,017,186661,9229,9133,603,9736,97
2021-03-04,Fresno,019,978130,97244,96023,7742,103765,1422
2021-03-04,Glenn,021,27897,2270,2236,494,2730,15
2021-03-04,Humboldt,023,135768,3259,3212,22,3234,31
2021-03-04,Imperial,025,180216,27318,26946,2460,29406,646
2021-03-04,Inyo,027,18085,1331,1300,9,1309,35
2021-03-04,Kern,029,883053,94013,92525,9813,102338,1070
2021-03-04,Kings,031,150075,22402,22025,968,22993,224
2021-03-04,Lake,033,64148,3223,3181,6,3187,42
2021-03-04,Lassen,035,31185,5131,5116,96,5212,1
2021-03-04,Los Angeles,037,10098052,1177200,1159405,38713,1198118,21610
2021-03-04,Madera,039,155013,15788,15596,840,16436,208
2021-03-04,Marin,041,260295,13362,13240,162,13402,215
2021-03-04,Mariposa,043,17540,378,376,5,381,4
2021-03-04,Mendocino,045,87422,3672,3569,73,3642,42
2021-03-04,Merced,047,269075,28745,28671,925,29596,396
2021-03-04,Modoc,049,8938,344,336,116,452,3
2021-03-04,Mono,051,14174,1190,1197,15,1212,3
2021-03-04,Monterey,053,433212,42110,41771,1672,43443,325
2021-03-04,Napa,055,140530,9133,9094,32,9126,74
2021-03-04,Nevada,057,99092,4088,4020,161,4181,66
2021-03-04,Orange,059,3164182,248148,246354,10193,256547,4096
2021-03-04,Placer,061,380077,20821,19900,1120,21020,239
2021-03-04,Plumas,063,18699,647,634,10,644,4
2021-03-04,Riverside,065,2383286,286712,279871,13310,293181,3766
2021-03-04,Sacramento,067,1510023,95461,93982,1261,95243,1426
2021-03-04,San Benito,069,59416,5765,5781,89,5870,61
2021-03-04,San Bernardino,071,2135413,286852,282407,8518,290925,3757
2021-03-04,San Diego,073,3302833,265817,261858,13053,274911,3359
2021-03-04,San Francisco,075,870044,34434,34480,1078,35558,426
2021-03-04,San Joaquin,077,732212,67451,65931,2764,68695,1129
2021-03-04,San Luis Obispo,079,281455,19865,19520,559,20079,243
2021-03-04,San Mateo,081,765935,39810,39225,407,39632,322
2021-03-04,Santa Barbara,083,443738,32578,32090,1036,33126,423
2021-03-04,Santa Clara,085,1922200,111472,111194,586,111780,1723
2021-03-04,Santa Cruz,087,273765,15527,14669,773,15442,186
2021-03-04,Shasta,089,179085,11026,11050,1252,12302,150
2021-03-04,Sierra,091,2930,51,48,12,60,0
2021-03-04,Siskiyou,093,43540,1523,1427,235,1662,5
2021-03-04,Solano,095,438530,30081,29905,367,30272,168
2021-03-04,Sonoma,097,501317,28342,28379,219,28598,279
2021-03-04,Stanislaus,099,539301,51168,50521,5343,55864,731
2021-03-04,Sutter,101,95872,8887,8849,79,8928,100
2021-03-04,Tehama,103,63373,4628,4604,486,5090,33
2021-03-04,Trinity,105,12862,468,302,77,379,3
2021-03-04,Tulare,107,460477,48568,47398,8045,55443,784
2021-03-04,Tuolumne,109,53932,3861,3916,36,3952,56
2021-03-04,Ventura,111,848112,78491,78184,2765,80949,831
2021-03-04,Yolo,113,214977,13001,12895,143,13038,189
2021-03-04,Yuba,115,75493,5559,5483,86,5569,41
2021-03-03,Alameda,001,1643700,81523,80972,1704,82676,1127
2021-03-03,Alpine,003,1148,82,77,0,77,0
2021-03-03,Amador,005,37829,3485,3478,30,3508,42
2021-03-03,Butte,007,227075,11422,11014,1608,12622,184
2021-03-03,Calaveras,009,45235,1931,1893,11,1904,48
2021-03-03,Colusa,011,21464,1878,1873,265,2138,11
2021-03-03,Contra Costa,013,1133247,63750,62668,1068,63736,708
2021-03-03,Del Norte,015,27424,1036,988,5,993,5
2021-03-03,El Dorado,017,186661,9219,9121,603,9724,97
2021-03-03,Fresno,019,978130,97100,95893,7725,103618,1415
2021-03-03,Glenn,021,27897,2270,2233,494,2727,15
2021-03-03,Humboldt,023,135768,3248,3196,22,3218,30
2021-03-03,Imperial,025,180216,27302,26939,2456,29395,640
2021-03-03,Inyo,027,18085,1323,1294,9,1303,35
2021-03-03,Kern,029,883053,93937,92434,9796,102230,1063
2021-03-03,Kings,031,150075,22386,22009,967,22976,223
2021-03-03,Lake,033,64148,3216,3175,6,3181,40
2021-03-03,Lassen,035,31185,5131,5115,96,5211,1
2021-03-03,Los Angeles,037,10098052,1176560,1157911,38674,1196585,21500
2021-03-03,Madera,039,155013,15769,15553,834,16387,203
2021-03-03,Marin,041,260295,13348,13216,162,13378,214
2021-03-03,Mariposa,043,17540,377,376,5,381,4
2021-03-03,Mendocino,045,87422,3664,3564,73,3637,42
2021-03-03,Merced,047,269075,28693,28625,925,29550,393
2021-03-03,Modoc,049,8938,344,333,115,448,3
2021-03-03,Mono,051,14174,1190,1191,15,1206,3
2021-03-03,Monterey,053,433212,42078,41731,1669,43400,325
2021-03-03,Napa,055,140530,9125,9090,32,9122,72
2021-03-03,Nevada,057,99092,4078,4009,161,4170,66
2021-03-03,Orange,059,3164182,248002,246120,10179,256299,4072
2021-03-03,Placer,061,380077,20795,19851,1117,20968,239
2021-03-03,Plumas,063,18699,646,631,10,641,4
2021-03-03,Riverside,065,2383286,286579,279626,13304,292930,3735
2021-03-03,Sacramento,067,1510023,95300,93819,1253,95072,1419
2021-03-03,San Benito,069,59416,5764,5774,89,5863,61
2021-03-03,San Bernardino,071,2135413,286711,282138,8512,290650,3664
2021-03-03,San Diego,073,3302833,265553,261350,13022,274372,3342
2021-03-03,San Francisco,075,870044,34402,34443,1075,35518,426
2021-03-03,San Joaquin,077,732212,67338,65855,2757,68612,1115
2021-03-03,San Luis Obispo,079,281455,19839,19479,556,20035,241
2021-03-03,San Mateo,081,765935,39764,39189,406,39595,319
2021-03-03,Santa Barbara,083,443738,32540,32027,1036,33063,421
2021-03-03,Santa Clara,085,1922200,111318,110991,584,111575,1720
2021-03-03,Santa Cruz,087,273765,15516,14645,773,15418,185
2021-03-03,Shasta,089,179085,11016,11023,1245,12268,150
2021-03-03,Sierra,091,2930,51,48,12,60,0
2021-03-03,Siskiyou,093,43540,1521,1424,235,1659,5
2021-03-03,Solano,095,438530,30045,29866,366,30232,167
2021-03-03,Sonoma,097,501317,28303,28307,218,28525,279
2021-03-03,Stanislaus,099,539301,51090,50438,5336,55774,730
2021-03-03,Sutter,101,95872,8879,8840,79,8919,99
2021-03-03,Tehama,103,63373,4626,4601,486,5087,32
2021-03-03,Trinity,105,12862,468,302,77,379,3
2021-03-03,Tulare,107,460477,48517,47348,8016,55364,778
2021-03-03,Tuolumne,109,53932,3859,3914,35,3949,56
2021-03-03,Ventura,111,848112,78407,78057,2760,80817,822
2021-03-03,Yolo,113,214977,12988,12890,143,13033,189
2021-03-03,Yuba,115,75493,5546,5479,86,5565,41
2021-03-02,Alameda,001,1643700,81401,80904,1702,82606,1116
2021-03-02,Alpine,003,1148,82,77,0,77,0
2021-03-02,Amador,005,37829,3483,3474,30,3504,42
2021-03-02,Butte,007,227075,11412,11007,1605,12612,182
2021-03-02,Calaveras,009,45235,1923,1890,11,1901,48
2021-03-02,Colusa,011,21464,1878,1872,264,2136,11
2021-03-02,Contra Costa,013,1133247,63639,62557,1064,63621,694
2021-03-02,Del Norte,015,27424,1029,983,5,988,5
2021-03-02,El Dorado,017,186661,9211,9116,603,9719,98
2021-03-02,Fresno,019,978130,96954,95785,7699,103484,1410
2021-03-02,Glenn,021,27897,2264,2232,493,2725,15
2021-03-02,Humboldt,023,135768,3229,3184,22,3206,30
2021-03-02,Imperial,025,180216,27292,26926,2454,29380,637
2021-03-02,Inyo,027,18085,1319,1292,9,1301,35
2021-03-02,Kern,029,883053,93831,92313,9769,102082,1046
2021-03-02,Kings,031,150075,22334,21999,964,22963,217
2021-03-02,Lake,033,64148,3210,3169,6,3175,40
2021-03-02,Lassen,035,31185,5126,5115,95,5210,1
2021-03-02,Los Angeles,037,10098052,1175921,1156826,38629,1195455,21395
2021-03-02,Madera,039,155013,15749,15523,831,16354,194
2021-03-02,Marin,041,260295,13325,13186,161,13347,214
2021-03-02,Mariposa,043,17540,377,376,5,381,4
2021-03-02,Mendocino,045,87422,3661,3562,72,3634,41
2021-03-02,Merced,047,269075,28636,28598,925,29523,389
2021-03-02,Modoc,049,8938,344,332,115,447,3
2021-03-02,Mono,051,14174,1189,1191,15,1206,3
2021-03-02,Monterey,053,433212,42051,41716,1669,43385,325
2021-03-02,Napa,055,140530,9114,9080,32,9112,71
2021-03-02,Nevada,057,99092,4069,3983,160,4143,66
2021-03-02,Orange,059,3164182,247857,246004,10161,256165,4037
2021-03-02,Placer,061,380077,20742,19828,1114,20942,239
2021-03-02,Plumas,063,18699,643,628,10,638,4
2021-03-02,Riverside,065,2383286,286406,279486,13296,292782,3721
2021-03-02,Sacramento,067,1510023,95133,93690,1252,94942,1411
2021-03-02,San Benito,069,59416,5757,5770,89,5859,60
2021-03-02,San Bernardino,071,2135413,286577,281919,8506,290425,3604
2021-03-02,San Diego,073,3302833,265309,260998,13000,273998,3317
2021-03-02,San Francisco,075,870044,34362,34387,1071,35458,424
2021-03-02,San Joaquin,077,732212,67230,65769,2740,68509,1111
2021-03-02,San Luis Obispo,079,281455,19807,19452,556,20008,241
2021-03-02,San Mateo,081,765935,39712,39148,405,39553,317
2021-03-02,Santa Barbara,083,443738,32491,31964,1032,32996,416
2021-03-02,Santa Clara,085,1922200,111139,110832,583,111415,1706
2021-03-02,Santa Cruz,087,273765,15502,14611,771,15382,185
2021-03-02,Shasta,089,179085,11002,11012,1234,12246,149
2021-03-02,Sierra,091,2930,51,48,12,60,0
2021-03-02,Siskiyou,093,43540,1517,1412,233,1645,5
2021-03-02,Solano,095,438530,30012,29827,364,30191,167
2021-03-02,Sonoma,097,501317,28248,28261,218,28479,279
2021-03-02,Stanislaus,099,539301,51003,50359,5324,55683,724
2021-03-02,Sutter,101,95872,8870,8832,79,8911,99
2021-03-02,Tehama,103,63373,4622,4597,485,5082,32
2021-03-02,Trinity,105,12862,468,301,77,378,3
2021-03-02,Tulare,107,460477,48454,47326,7996,55322,783
2021-03-02,Tuolumne,109,53932,3855,3908,35,3943,53
2021-03-02,Ventura,111,848112,78314,77952,2756,80708,780
2021-03-02,Yolo,113,214977,12972,12867,143,13010,189
2021-03-02,Yuba,115,75493,5538,5475,86,5561,41
2021-03-01,Alameda,001,1643700,81274,80805,1700,82505,1105
2021-03-01,Alpine,003,1148,80,77,0,77,0
2021-03-01,Amador,005,37829,3480,3469,30,3499,42
2021-03-01,Butte,007,227075,11397,10981,1601,12582,180
2021-03-01,Calaveras,009,45235,1918,1885,11,1896,46
2021-03-01,Colusa,011,21464,1877,1871,264,2135,11
2021-03-01,Contra Costa,013,1133247,63531,62458,1063,63521,694
2021-03-01,Del Norte,015,27424,1024,982,5,987,5
2021-03-01,El Dorado,017,186661,9187,9085,603,9688,98
2021-03-01,Fresno,019,978130,96816,95677,7676,103353,1405
2021-03-01,Glenn,021,27897,2259,2232,492,2724,15
2021-03-01,Humboldt,023,135768,3210,3179,22,3201,30
2021-03-01,Imperial,025,180216,27282,26913,2446,29359,636
2021-03-01,Inyo,027,18085,1316,1285,9,1294,35
2021-03-01,Kern,029,883053,93742,92219,9743,101962,1041
2021-03-01,Kings,031,150075,22317,21988,958,22946,217
2021-03-01,Lake,033,64148,3205,3164,6,3170,40
2021-03-01,Lassen,035,31185,5124,5111,95,5206,1
2021-03-01,Los Angeles,037,10098052,1175262,1155984,38588,1194572,21293
2021-03-01,Madera,039,155013,15720,15505,821,16326,194
2021-03-01,Marin,041,260295,13297,13161,160,13321,214
2021-03-01,Mariposa,043,17540,377,375,5,380,4
2021-03-01,Mendocino,045,87422,3654,3561,72,3633,41
2021-03-01,Merced,047,269075,28591,28575,921,29496,385
2021-03-01,Modoc,049,8938,341,331,114,445,3
2021-03-01,Mono,051,14174,1188,1192,15,1207,3
2021-03-01,Monterey,053,433212,42026,41697,1667,43364,324
2021-03-01,Napa,055,140530,9105,9056,32,9088,70
2021-03-01,Nevada,057,99092,4050,3979,160,4139,66
2021-03-01,Orange,059,3164182,247664,245852,10147,255999,3976
2021-03-01,Placer,061,380077,20703,19803,1111,20914,239
2021-03-01,Plumas,063,18699,643,628,10,638,4
2021-03-01,Riverside,065,2383286,286189,279323,13289,292612,3680
2021-03-01,Sacramento,067,1510023,94988,93546,1250,94796,1401
2021-03-01,San Benito,069,59416,5752,5772,89,5861,57
2021-03-01,San Bernardino,071,2135413,286433,281685,8502,290187,3603
2021-03-01,San Diego,073,3302833,264992,260622,12967,273589,3303
2021-03-01,San Francisco,075,870044,34318,34318,1063,35381,424
2021-03-01,San Joaquin,077,732212,67121,65699,2730,68429,1097
2021-03-01,San Luis Obispo,079,281455,19785,19429,554,19983,239
2021-03-01,San Mateo,081,765935,39660,39096,405,39501,314
2021-03-01,Santa Barbara,083,443738,32448,31909,1031,32940,413
2021-03-01,Santa Clara,085,1922200,110980,110684,580,111264,1704
2021-03-01,Santa Cruz,087,273765,15483,14575,770,15345,185
2021-03-01,Shasta,089,179085,10990,10990,1231,12221,149
2021-03-01,Sierra,091,2930,51,48,12,60,0
2021-03-01,Siskiyou,093,43540,1513,1408,231,1639,5
2021-03-01,Solano,095,438530,29969,29779,363,30142,166
2021-03-01,Sonoma,097,501317,28200,28222,216,28438,278
2021-03-01,Stanislaus,099,539301,50929,50293,5318,55611,722
2021-03-01,Sutter,101,95872,8859,8825,79,8904,99
2021-03-01,Tehama,103,63373,4616,4595,485,5080,32
2021-03-01,Trinity,105,12862,468,298,76,374,3
2021-03-01,Tulare,107,460477,48416,47275,7963,55238,781
2021-03-01,Tuolumne,109,53932,3852,3907,35,3942,53
2021-03-01,Ventura,111,848112,78233,77849,2755,80604,775
2021-03-01,Yolo,113,214977,12955,12854,141,12995,188
2021-03-01,Yuba,115,75493,5526,5466,86,5552,41
2021-02-28,Alameda,001,1643700,81153,80727,1698,82425,1105
2021-02-28,Alpine,003,1148,80,77,0,77,0
2021-02-28,Amador,005,37829,3475,3466,29,3495,42
2021-02-28,Butte,007,227075,11382,10970,1601,12571,180
2021-02-28,Calaveras,009,45235,1914,1881,11,1892,46
2021-02-28,Colusa,011,21464,1877,1871,263,2134,11
2021-02-28,Contra Costa,013,1133247,63404,62386,1058,63444,694
2021-02-28,Del Norte,015,27424,1022,981,5,986,5
2021-02-28,El Dorado,017,186661,9176,9082,603,9685,98
2021-02-28,Fresno,019,978130,96634,95548,7642,103190,1405
2021-02-28,Glenn,021,27897,2257,2230,490,2720,15
2021-02-28,Humboldt,023,135768,3187,3179,22,3201,30
2021-02-28,Imperial,025,180216,27256,26909,2442,29351,636
2021-02-28,Inyo,027,18085,1311,1282,9,1291,35
2021-02-28,Kern,029,883053,93627,92169,9723,101892,1012
2021-02-28,Kings,031,150075,22296,21967,957,22924,217
2021-02-28,Lake,033,64148,3200,3164,6,3170,40
2021-02-28,Lassen,035,31185,5123,5106,95,5201,1
2021-02-28,Los Angeles,037,10098052,1174473,1155141,38526,1193667,21261
2021-02-28,Madera,039,155013,15678,15496,818,16314,199
2021-02-28,Marin,041,260295,13274,13152,158,13310,214
2021-02-28,Mariposa,043,17540,377,374,5,379,4
2021-02-28,Mendocino,045,87422,3648,3558,72,3630,41
2021-02-28,Merced,047,269075,28528,28546,920,29466,384
2021-02-28,Modoc,049,8938,341,331,114,445,3
2021-02-28,Mono,051,14174,1185,1192,15,1207,3
2021-02-28,Monterey,053,433212,41994,41683,1665,43348,323
2021-02-28,Napa,055,140530,9086,9053,32,9085,70
2021-02-28,Nevada,057,99092,4037,3972,160,4132,66
2021-02-28,Orange,059,3164182,247466,245706,10140,255846,3970
2021-02-28,Placer,061,380077,20657,19775,1109,20884,239
2021-02-28,Plumas,063,18699,643,628,10,638,4
2021-02-28,Riverside,065,2383286,285956,279214,13278,292492,3661
2021-02-28,Sacramento,067,1510023,94804,93463,1245,94708,1398
2021-02-28,San Benito,069,59416,5741,5772,89,5861,57
2021-02-28,San Bernardino,071,2135413,286291,281620,8490,290110,3595
2021-02-28,San Diego,073,3302833,264695,260353,12933,273286,3303
2021-02-28,San Francisco,075,870044,34276,34291,1057,35348,417
2021-02-28,San Joaquin,077,732212,67013,65662,2721,68383,1097
2021-02-28,San Luis Obispo,079,281455,19749,19422,552,19974,237
2021-02-28,San Mateo,081,765935,39607,39059,404,39463,314
2021-02-28,Santa Barbara,083,443738,32396,31877,1031,32908,413
2021-02-28,Santa Clara,085,1922200,110781,110556,577,111133,1704
2021-02-28,Santa Cruz,087,273765,15454,14571,767,15338,185
2021-02-28,Shasta,089,179085,10969,10990,1227,12217,149
2021-02-28,Sierra,091,2930,51,48,12,60,0
2021-02-28,Siskiyou,093,43540,1505,1408,231,1639,5
2021-02-28,Solano,095,438530,29914,29758,357,30115,166
2021-02-28,Sonoma,097,501317,28137,28193,215,28408,279
2021-02-28,Stanislaus,099,539301,50838,50228,5306,55534,728
2021-02-28,Sutter,101,95872,8844,8825,79,8904,99
2021-02-28,Tehama,103,63373,4611,4590,485,5075,32
2021-02-28,Trinity,105,12862,468,298,76,374,3
2021-02-28,Tulare,107,460477,48354,47258,7932,55190,780
2021-02-28,Tuolumne,109,53932,3847,3905,35,3940,53
2021-02-28,Ventura,111,848112,78121,77749,2752,80501,775
2021-02-28,Yolo,113,214977,12932,12851,141,12992,188
2021-02-28,Yuba,115,75493,5516,5461,86,5547,41
2021-02-27,Alameda,001,1643700,81080,80565,1696,82261,1108
2021-02-27,Alpine,003,1148,80,77,0,77,0
2021-02-27,Amador,005,37829,3473,3463,29,3492,42
2021-02-27,Butte,007,227075,11370,10962,1601,12563,180
2021-02-27,Calaveras,009,45235,1909,1875,11,1886,46
2021-02-27,Colusa,011,21464,1876,1869,263,2132,11
2021-02-27,Contra Costa,013,1133247,63334,62248,1055,63303,693
2021-02-27,Del Norte,015,27424,1020,978,5,983,5
2021-02-27,El Dorado,017,186661,9172,9072,603,9675,98
2021-02-27,Fresno,019,978130,96557,95393,7631,103024,1400
2021-02-27,Glenn,021,27897,2256,2225,489,2714,15
2021-02-27,Humboldt,023,135768,3181,3167,22,3189,30
2021-02-27,Imperial,025,180216,27248,26903,2440,29343,633
2021-02-27,Inyo,027,18085,1308,1275,9,1284,35
2021-02-27,Kern,029,883053,93566,92053,9708,101761,996
2021-02-27,Kings,031,150075,22286,21955,954,22909,216
2021-02-27,Lake,033,64148,3197,3156,6,3162,40
2021-02-27,Lassen,035,31185,5123,5106,95,5201,1
2021-02-27,Los Angeles,037,10098052,1173971,1154275,38499,1192774,21158
2021-02-27,Madera,039,155013,15661,15467,817,16284,199
2021-02-27,Marin,041,260295,13250,13134,158,13292,214
2021-02-27,Mariposa,043,17540,377,374,5,379,4
2021-02-27,Mendocino,045,87422,3645,3555,72,3627,41
2021-02-27,Merced,047,269075,28486,28501,912,29413,384
2021-02-27,Modoc,049,8938,341,331,113,444,3
2021-02-27,Mono,051,14174,1183,1191,15,1206,3
2021-02-27,Monterey,053,433212,41985,41665,1664,43329,322
2021-02-27,Napa,055,140530,9075,9038,32,9070,71
2021-02-27,Nevada,057,99092,4031,3960,160,4120,66
2021-02-27,Orange,059,3164182,247339,245542,10129,255671,3960
2021-02-27,Placer,061,380077,20621,19726,1106,20832,239
2021-02-27,Plumas,063,18699,643,628,10,638,4
2021-02-27,Riverside,065,2383286,285846,279048,13268,292316,3663
2021-02-27,Sacramento,067,1510023,94721,93281,1235,94516,1396
2021-02-27,San Benito,069,59416,5740,5767,88,5855,57
2021-02-27,San Bernardino,071,2135413,286212,281471,8485,289956,3527
2021-02-27,San Diego,073,3302833,264505,260091,12895,272986,3284
2021-02-27,San Francisco,075,870044,34242,34260,1054,35314,413
2021-02-27,San Joaquin,077,732212,66967,65578,2719,68297,1100
2021-02-27,San Luis Obispo,079,281455,19728,19411,551,19962,237
2021-02-27,San Mateo,081,765935,39566,38998,403,39401,313
2021-02-27,Santa Barbara,083,443738,32362,31805,1030,32835,411
2021-02-27,Santa Clara,085,1922200,110633,110361,575,110936,1703
2021-02-27,Santa Cruz,087,273765,15445,14552,766,15318,185
2021-02-27,Shasta,089,179085,10963,10985,1223,12208,149
2021-02-27,Sierra,091,2930,51,48,12,60,0
2021-02-27,Siskiyou,093,43540,1503,1407,230,1637,5
2021-02-27,Solano,095,438530,29886,29718,356,30074,165
2021-02-27,Sonoma,097,501317,28093,28141,210,28351,281
2021-02-27,Stanislaus,099,539301,50783,50147,5296,55443,733
2021-02-27,Sutter,101,95872,8839,8820,79,8899,99
2021-02-27,Tehama,103,63373,4606,4584,484,5068,32
2021-02-27,Trinity,105,12862,468,298,76,374,3
2021-02-27,Tulare,107,460477,48317,47209,7906,55115,770
2021-02-27,Tuolumne,109,53932,3844,3899,35,3934,53
2021-02-27,Ventura,111,848112,78048,77623,2749,80372,771
2021-02-27,Yolo,113,214977,12920,12834,141,12975,188
2021-02-27,Yuba,115,75493,5513,5450,86,5536,39
2021-02-26,Alameda,001,1643700,80985,80387,1691,82078,1106
2021-02-26,Alpine,003,1148,80,77,0,77,0
2021-02-26,Amador,005,37829,3467,3457,29,3486,42
2021-02-26,Butte,007,227075,11360,10941,1601,12542,180
2021-02-26,Calaveras,009,45235,1907,1873,11,1884,46
2021-02-26,Colusa,011,21464,1876,1865,263,2128,11
2021-02-26,Contra Costa,013,1133247,63252,62114,1055,63169,685
2021-02-26,Del Norte,015,27424,1016,968,5,973,5
2021-02-26,El Dorado,017,186661,9167,9038,601,9639,98
2021-02-26,Fresno,019,978130,96455,95202,7623,102825,1391
2021-02-26,Glenn,021,27897,2253,2220,489,2709,15
2021-02-26,Humboldt,023,135768,3175,3152,22,3174,30
2021-02-26,Imperial,025,180216,27241,26888,2438,29326,631
2021-02-26,Inyo,027,18085,1306,1271,9,1280,34
2021-02-26,Kern,029,883053,93487,91884,9692,101576,997
2021-02-26,Kings,031,150075,22270,21917,951,22868,216
2021-02-26,Lake,033,64148,3192,3153,6,3159,40
2021-02-26,Lassen,035,31185,5123,5102,95,5197,1
2021-02-26,Los Angeles,037,10098052,1173393,1153131,38439,1191570,21070
2021-02-26,Madera,039,155013,15645,15436,815,16251,199
2021-02-26,Marin,041,260295,13237,13091,158,13249,214
2021-02-26,Mariposa,043,17540,377,375,5,380,4
2021-02-26,Mendocino,045,87422,3640,3549,72,3621,41
2021-02-26,Merced,047,269075,28452,28455,911,29366,382
2021-02-26,Modoc,049,8938,340,330,113,443,3
2021-02-26,Mono,051,14174,1181,1191,15,1206,3
2021-02-26,Monterey,053,433212,41959,41607,1663,43270,322
2021-02-26,Napa,055,140530,9069,9014,32,9046,70
2021-02-26,Nevada,057,99092,4020,3952,160,4112,66
2021-02-26,Orange,059,3164182,247200,245278,10119,255397,3918
2021-02-26,Placer,061,380077,20595,19712,1100,20812,239
2021-02-26,Plumas,063,18699,643,628,10,638,4
2021-02-26,Riverside,065,2383286,285702,278772,13262,292034,3653
2021-02-26,Sacramento,067,1510023,94598,93180,1232,94412,1390
2021-02-26,San Benito,069,59416,5739,5759,88,5847,57
2021-02-26,San Bernardino,071,2135413,286112,281132,8483,289615,3461
2021-02-26,San Diego,073,3302833,264277,259641,12874,272515,3271
2021-02-26,San Francisco,075,870044,34212,34213,1051,35264,413
2021-02-26,San Joaquin,077,732212,66886,65492,2713,68205,1070
2021-02-26,San Luis Obispo,079,281455,19712,19359,549,19908,234
2021-02-26,San Mateo,081,765935,39521,38922,403,39325,313
2021-02-26,Santa Barbara,083,443738,32318,31724,1029,32753,410
2021-02-26,Santa Clara,085,1922200,110501,110168,573,110741,1700
2021-02-26,Santa Cruz,087,273765,15433,14528,765,15293,185
2021-02-26,Shasta,089,179085,10956,10972,1214,12186,149
2021-02-26,Sierra,091,2930,51,47,12,59,0
2021-02-26,Siskiyou,093,43540,1503,1401,229,1630,5
2021-02-26,Solano,095,438530,29852,29651,355,30006,165
2021-02-26,Sonoma,097,501317,28064,28063,209,28272,280
2021-02-26,Stanislaus,099,539301,50727,50054,5288,55342,737
2021-02-26,Sutter,101,95872,8830,8806,79,8885,99
2021-02-26,Tehama,103,63373,4604,4581,484,5065,32
2021-02-26,Trinity,105,12862,467,298,76,374,3
2021-02-26,Tulare,107,460477,48282,47135,7877,55012,770
2021-02-26,Tuolumne,109,53932,3843,3896,35,3931,53
2021-02-26,Ventura,111,848112,77948,77534,2745,80279,765
2021-02-26,Yolo,113,214977,12913,12816,141,12957,188
2021-02-26,Yuba,115,75493,5508,5438,86,5524,39
2021-02-25,Alameda,001,1643700,80864,80181,1690,81871,1093
2021-02-25,Alpine,003,1148,80,77,0,77,0
2021-02-25,Amador,005,37829,3464,3448,29,3477,41
2021-02-25,Butte,007,227075,11339,10922,1596,12518,178
2021-02-25,Calaveras,009,45235,1899,1868,11,1879,46
2021-02-25,Colusa,011,21464,1873,1863,262,2125,11
2021-02-25,Contra Costa,013,1133247,63150,61910,1055,62965,686
2021-02-25,Del Norte,015,27424,1006,966,5,971,5
2021-02-25,El Dorado,017,186661,9151,9012,601,9613,98
2021-02-25,Fresno,019,978130,96311,95015,7602,102617,1377
2021-02-25,Glenn,021,27897,2250,2219,488,2707,15
2021-02-25,Humboldt,023,135768,3168,3129,22,3151,30
2021-02-25,Imperial,025,180216,27234,26855,2434,29289,628
2021-02-25,Inyo,027,18085,1300,1264,9,1273,33
2021-02-25,Kern,029,883053,93371,91735,9667,101402,992
2021-02-25,Kings,031,150075,22261,21900,948,22848,216
2021-02-25,Lake,033,64148,3183,3141,6,3147,40
2021-02-25,Lassen,035,31185,5122,5097,94,5191,1
2021-02-25,Los Angeles,037,10098052,1172646,1151846,38381,1190227,20931
2021-02-25,Madera,039,155013,15610,15414,811,16225,194
2021-02-25,Marin,041,260295,13214,13067,158,13225,214
2021-02-25,Mariposa,043,17540,377,375,5,380,4
2021-02-25,Mendocino,045,87422,3635,3542,72,3614,41
2021-02-25,Merced,047,269075,28403,28383,909,29292,382
2021-02-25,Modoc,049,8938,340,329,113,442,3
2021-02-25,Mono,051,14174,1180,1190,15,1205,3
2021-02-25,Monterey,053,433212,41934,41564,1658,43222,321
2021-02-25,Napa,055,140530,9043,8998,32,9030,70
2021-02-25,Nevada,057,99092,4003,3940,159,4099,66
2021-02-25,Orange,059,3164182,247027,245000,10109,255109,3882
2021-02-25,Placer,061,380077,20556,19661,1098,20759,239
2021-02-25,Plumas,063,18699,643,626,10,636,4
2021-02-25,Riverside,065,2383286,285514,278544,13242,291786,3646
2021-02-25,Sacramento,067,1510023,94440,92961,1220,94181,1386
2021-02-25,San Benito,069,59416,5734,5752,88,5840,58
2021-02-25,San Bernardino,071,2135413,285977,280946,8475,289421,3409
2021-02-25,San Diego,073,3302833,263983,258979,12844,271823,3260
2021-02-25,San Francisco,075,870044,34169,34138,1049,35187,408
2021-02-25,San Joaquin,077,732212,66802,65389,2701,68090,1047
2021-02-25,San Luis Obispo,079,281455,19691,19335,547,19882,234
2021-02-25,San Mateo,081,765935,39474,38872,403,39275,300
2021-02-25,Santa Barbara,083,443738,32241,31631,1028,32659,408
2021-02-25,Santa Clara,085,1922200,110336,109923,572,110495,1677
2021-02-25,Santa Cruz,087,273765,15414,14492,764,15256,185
2021-02-25,Shasta,089,179085,10944,10947,1209,12156,148
2021-02-25,Sierra,091,2930,51,47,12,59,0
2021-02-25,Siskiyou,093,43540,1498,1390,226,1616,4
2021-02-25,Solano,095,438530,29820,29616,355,29971,161
2021-02-25,Sonoma,097,501317,28010,28004,206,28210,278
2021-02-25,Stanislaus,099,539301,50636,49964,5278,55242,738
2021-02-25,Sutter,101,95872,8816,8789,78,8867,99
2021-02-25,Tehama,103,63373,4601,4578,482,5060,32
2021-02-25,Trinity,105,12862,467,297,76,373,3
2021-02-25,Tulare,107,460477,48232,47052,7851,54903,765
2021-02-25,Tuolumne,109,53932,3840,3894,35,3929,53
2021-02-25,Ventura,111,848112,77840,77395,2739,80134,751
2021-02-25,Yolo,113,214977,12896,12787,141,12928,188
2021-02-25,Yuba,115,75493,5501,5429,86,5515,39
2021-02-24,Alameda,001,1643700,80744,80070,1686,81756,1082
2021-02-24,Alpine,003,1148,79,77,0,77,0
2021-02-24,Amador,005,37829,3459,3444,29,3473,41
2021-02-24,Butte,007,227075,11326,10915,1592,12507,178
2021-02-24,Calaveras,009,45235,1895,1864,11,1875,31
2021-02-24,Colusa,011,21464,1871,1863,262,2125,11
2021-02-24,Contra Costa,013,1133247,63042,61776,1055,62831,663
2021-02-24,Del Norte,015,27424,1005,960,4,964,5
2021-02-24,El Dorado,017,186661,9138,8993,601,9594,98
2021-02-24,Fresno,019,978130,96163,94794,7586,102380,1369
2021-02-24,Glenn,021,27897,2249,2210,488,2698,14
2021-02-24,Humboldt,023,135768,3156,3123,22,3145,29
2021-02-24,Imperial,025,180216,27221,26843,2429,29272,596
2021-02-24,Inyo,027,18085,1295,1253,9,1262,32
2021-02-24,Kern,029,883053,93238,91525,9651,101176,992
2021-02-24,Kings,031,150075,22236,21871,946,22817,216
2021-02-24,Lake,033,64148,3176,3134,6,3140,40
2021-02-24,Lassen,035,31185,5118,5095,93,5188,1
2021-02-24,Los Angeles,037,10098052,1171883,1150322,38342,1188664,20817
2021-02-24,Madera,039,155013,15583,15390,811,16201,194
2021-02-24,Marin,041,260295,13191,13044,157,13201,214
2021-02-24,Mariposa,043,17540,377,374,5,379,4
2021-02-24,Mendocino,045,87422,3628,3540,72,3612,41
2021-02-24,Merced,047,269075,28365,28295,905,29200,383
2021-02-24,Modoc,049,8938,339,329,113,442,3
2021-02-24,Mono,051,14174,1178,1189,15,1204,3
2021-02-24,Monterey,053,433212,41909,41495,1656,43151,320
2021-02-24,Napa,055,140530,9026,8976,31,9007,70
2021-02-24,Nevada,057,99092,3993,3927,159,4086,66
2021-02-24,Orange,059,3164182,246809,244743,10096,254839,3835
2021-02-24,Placer,061,380077,20517,19648,1092,20740,239
2021-02-24,Plumas,063,18699,641,626,10,636,4
2021-02-24,Riverside,065,2383286,285286,278293,13233,291526,3603
2021-02-24,Sacramento,067,1510023,94286,92742,1215,93957,1375
2021-02-24,San Benito,069,59416,5733,5743,88,5831,57
2021-02-24,San Bernardino,071,2135413,285825,280583,8471,289054,3360
2021-02-24,San Diego,073,3302833,263687,258460,12828,271288,3230
2021-02-24,San Francisco,075,870044,34123,34061,1046,35107,406
2021-02-24,San Joaquin,077,732212,66692,65274,2699,67973,1019
2021-02-24,San Luis Obispo,079,281455,19668,19309,545,19854,233
2021-02-24,San Mateo,081,765935,39437,38763,403,39166,300
2021-02-24,Santa Barbara,083,443738,32189,31563,1025,32588,405
2021-02-24,Santa Clara,085,1922200,110188,109671,571,110242,1674
2021-02-24,Santa Cruz,087,273765,15393,14458,764,15222,185
2021-02-24,Shasta,089,179085,10931,10922,1206,12128,148
2021-02-24,Sierra,091,2930,51,47,12,59,0
2021-02-24,Siskiyou,093,43540,1491,1385,222,1607,4
2021-02-24,Solano,095,438530,29780,29577,353,29930,158
2021-02-24,Sonoma,097,501317,27946,27954,202,28156,278
2021-02-24,Stanislaus,099,539301,50565,49851,5271,55122,732
2021-02-24,Sutter,101,95872,8806,8778,78,8856,99
2021-02-24,Tehama,103,63373,4598,4566,482,5048,31
2021-02-24,Trinity,105,12862,467,294,75,369,3
2021-02-24,Tulare,107,460477,48176,46976,7823,54799,759
2021-02-24,Tuolumne,109,53932,3837,3887,35,3922,53
2021-02-24,Ventura,111,848112,77732,77238,2738,79976,718
2021-02-24,Yolo,113,214977,12883,12760,141,12901,188
2021-02-24,Yuba,115,75493,5490,5425,84,5509,39
2021-02-23,Alameda,001,1643700,80606,79948,1684,81632,1070
2021-02-23,Alpine,003,1148,78,77,0,77,0
2021-02-23,Amador,005,37829,3457,3440,29,3469,41
2021-02-23,Butte,007,227075,11310,10887,1589,12476,176
2021-02-23,Calaveras,009,45235,1894,1863,11,1874,21
2021-02-23,Colusa,011,21464,1868,1862,262,2124,11
2021-02-23,Contra Costa,013,1133247,62908,61613,1052,62665,661
2021-02-23,Del Norte,015,27424,1003,953,4,957,3
2021-02-23,El Dorado,017,186661,9125,8969,601,9570,96
2021-02-23,Fresno,019,978130,96002,94741,7572,102313,1356
2021-02-23,Glenn,021,27897,2247,2209,488,2697,14
2021-02-23,Humboldt,023,135768,3139,3108,22,3130,29
2021-02-23,Imperial,025,180216,27201,26816,2424,29240,591
2021-02-23,Inyo,027,18085,1291,1250,9,1259,32
2021-02-23,Kern,029,883053,93099,91390,9623,101013,982
2021-02-23,Kings,031,150075,22221,21839,942,22781,216
2021-02-23,Lake,033,64148,3168,3121,6,3127,40
2021-02-23,Lassen,035,31185,5115,5092,93,5185,1
2021-02-23,Los Angeles,037,10098052,1171009,1148965,38289,1187254,19887
2021-02-23,Madera,039,155013,15569,15352,805,16157,193
2021-02-23,Marin,041,260295,13171,13015,156,13171,214
2021-02-23,Mariposa,043,17540,377,374,5,379,4
2021-02-23,Mendocino,045,87422,3626,3540,71,3611,41
2021-02-23,Merced,047,269075,28285,28209,898,29107,381
2021-02-23,Modoc,049,8938,338,328,112,440,3
2021-02-23,Mono,051,14174,1178,1189,15,1204,3
2021-02-23,Monterey,053,433212,41870,41439,1651,43090,317
2021-02-23,Napa,055,140530,9014,8967,31,8998,70
2021-02-23,Nevada,057,99092,3985,3912,159,4071,66
2021-02-23,Orange,059,3164182,246611,244566,10078,254644,3843
2021-02-23,Placer,061,380077,20492,19608,1088,20696,238
2021-02-23,Plumas,063,18699,640,626,10,636,4
2021-02-23,Riverside,065,2383286,285049,278075,13219,291294,3599
2021-02-23,Sacramento,067,1510023,94129,92632,1209,93841,1370
2021-02-23,San Benito,069,59416,5727,5731,87,5818,57
2021-02-23,San Bernardino,071,2135413,285637,280279,8466,288745,3283
2021-02-23,San Diego,073,3302833,263310,257802,12798,270600,3218
2021-02-23,San Francisco,075,870044,34075,33994,1045,35039,405
2021-02-23,San Joaquin,077,732212,66592,65141,2692,67833,1004
2021-02-23,San Luis Obispo,079,281455,19639,19233,544,19777,230
2021-02-23,San Mateo,081,765935,39376,38662,403,39065,299
2021-02-23,Santa Barbara,083,443738,32134,31483,1024,32507,402
2021-02-23,Santa Clara,085,1922200,109991,109449,568,110017,1661
2021-02-23,Santa Cruz,087,273765,15364,14435,762,15197,178
2021-02-23,Shasta,089,179085,10919,10903,1202,12105,146
2021-02-23,Sierra,091,2930,51,47,12,59,0
2021-02-23,Siskiyou,093,43540,1486,1380,220,1600,4
2021-02-23,Solano,095,438530,29740,29545,350,29895,154
2021-02-23,Sonoma,097,501317,27903,27882,199,28081,278
2021-02-23,Stanislaus,099,539301,50487,49749,5255,55004,722
2021-02-23,Sutter,101,95872,8793,8766,78,8844,98
2021-02-23,Tehama,103,63373,4592,4556,481,5037,30
2021-02-23,Trinity,105,12862,467,292,74,366,3
2021-02-23,Tulare,107,460477,48098,46937,7790,54727,757
2021-02-23,Tuolumne,109,53932,3833,3864,35,3899,53
2021-02-23,Ventura,111,848112,77616,77093,2729,79822,689
2021-02-23,Yolo,113,214977,12854,12729,141,12870,188
2021-02-23,Yuba,115,75493,5477,5417,83,5500,38
2021-02-22,Alameda,001,1643700,80455,79796,1680,81476,1062
2021-02-22,Alpine,003,1148,78,77,0,77,0
2021-02-22,Amador,005,37829,3452,3438,29,3467,39
2021-02-22,Butte,007,227075,11297,10855,1584,12439,176
2021-02-22,Calaveras,009,45235,1892,1862,11,1873,21
2021-02-22,Colusa,011,21464,1868,1860,262,2122,11
2021-02-22,Contra Costa,013,1133247,62780,61478,1051,62529,661
2021-02-22,Del Norte,015,27424,1002,948,4,952,3
2021-02-22,El Dorado,017,186661,9108,8940,601,9541,96
2021-02-22,Fresno,019,978130,95840,94584,7555,102139,1351
2021-02-22,Glenn,021,27897,2242,2207,486,2693,14
2021-02-22,Humboldt,023,135768,3127,3095,22,3117,29
2021-02-22,Imperial,025,180216,27179,26778,2417,29195,590
2021-02-22,Inyo,027,18085,1286,1248,9,1257,32
2021-02-22,Kern,029,883053,92982,91201,9601,100802,982
2021-02-22,Kings,031,150075,22198,21801,939,22740,214
2021-02-22,Lake,033,64148,3162,3107,6,3113,40
2021-02-22,Lassen,035,31185,5115,5088,92,5180,1
2021-02-22,Los Angeles,037,10098052,1170140,1147541,38231,1185772,19730
2021-02-22,Madera,039,155013,15544,15325,801,16126,193
2021-02-22,Marin,041,260295,13146,12991,153,13144,213
2021-02-22,Mariposa,043,17540,376,374,5,379,4
2021-02-22,Mendocino,045,87422,3620,3535,71,3606,41
2021-02-22,Merced,047,269075,28222,28166,895,29061,379
2021-02-22,Modoc,049,8938,338,329,112,441,3
2021-02-22,Mono,051,14174,1174,1189,15,1204,3
2021-02-22,Monterey,053,433212,41825,41397,1645,43042,311
2021-02-22,Napa,055,140530,8987,8950,31,8981,69
2021-02-22,Nevada,057,99092,3976,3900,157,4057,66
2021-02-22,Orange,059,3164182,246375,244118,10060,254178,3843
2021-02-22,Placer,061,380077,20455,19587,1080,20667,238
2021-02-22,Plumas,063,18699,640,625,10,635,4
2021-02-22,Riverside,065,2383286,284786,277730,13211,290941,3567
2021-02-22,Sacramento,067,1510023,93962,92476,1199,93675,1359
2021-02-22,San Benito,069,59416,5725,5723,87,5810,57
2021-02-22,San Bernardino,071,2135413,285460,279984,8453,288437,3259
2021-02-22,San Diego,073,3302833,262900,257348,12765,270113,3189
2021-02-22,San Francisco,075,870044,34015,33947,1040,34987,405
2021-02-22,San Joaquin,077,732212,66496,65060,2679,67739,1001
2021-02-22,San Luis Obispo,079,281455,19602,19198,542,19740,229
2021-02-22,San Mateo,081,765935,39319,38542,400,38942,282
2021-02-22,Santa Barbara,083,443738,32068,31421,1021,32442,399
2021-02-22,Santa Clara,085,1922200,109782,109213,557,109770,1655
2021-02-22,Santa Cruz,087,273765,15338,14417,762,15179,176
2021-02-22,Shasta,089,179085,10904,10872,1197,12069,145
2021-02-22,Sierra,091,2930,51,47,12,59,0
2021-02-22,Siskiyou,093,43540,1480,1373,219,1592,4
2021-02-22,Solano,095,438530,29701,29508,349,29857,150
2021-02-22,Sonoma,097,501317,27858,27845,198,28043,278
2021-02-22,Stanislaus,099,539301,50385,49630,5237,54867,722
2021-02-22,Sutter,101,95872,8785,8698,78,8776,98
2021-02-22,Tehama,103,63373,4589,4550,480,5030,30
2021-02-22,Trinity,105,12862,467,287,73,360,3
2021-02-22,Tulare,107,460477,48036,46879,7758,54637,751
2021-02-22,Tuolumne,109,53932,3829,3856,35,3891,53
2021-02-22,Ventura,111,848112,77488,76947,2724,79671,677
2021-02-22,Yolo,113,214977,12827,12689,141,12830,183
2021-02-22,Yuba,115,75493,5474,5404,82,5486,38
2021-02-21,Alameda,001,1643700,80262,79649,1675,81324,1061
2021-02-21,Alpine,003,1148,78,77,0,77,0
2021-02-21,Amador,005,37829,3444,3435,29,3464,39
2021-02-21,Butte,007,227075,11279,10855,1582,12437,176
2021-02-21,Calaveras,009,45235,1891,1860,11,1871,21
2021-02-21,Colusa,011,21464,1867,1860,258,2118,11
2021-02-21,Contra Costa,013,1133247,62625,61364,1048,62412,661
2021-02-21,Del Norte,015,27424,996,942,4,946,3
2021-02-21,El Dorado,017,186661,9090,8927,600,9527,96
2021-02-21,Fresno,019,978130,95698,94374,7539,101913,1349
2021-02-21,Glenn,021,27897,2240,2201,484,2685,14
2021-02-21,Humboldt,023,135768,3115,3096,22,3118,29
2021-02-21,Imperial,025,180216,27165,26779,2415,29194,590
2021-02-21,Inyo,027,18085,1280,1232,9,1241,32
2021-02-21,Kern,029,883053,92857,91141,9563,100704,980
2021-02-21,Kings,031,150075,22162,21784,937,22721,213
2021-02-21,Lake,033,64148,3154,3100,6,3106,40
2021-02-21,Lassen,035,31185,5107,5077,92,5169,1
2021-02-21,Los Angeles,037,10098052,1169099,1146756,38186,1184942,19711
2021-02-21,Madera,039,155013,15511,15298,798,16096,192
2021-02-21,Marin,041,260295,13117,12968,153,13121,212
2021-02-21,Mariposa,043,17540,376,373,5,378,4
2021-02-21,Mendocino,045,87422,3615,3535,71,3606,41
2021-02-21,Merced,047,269075,28148,28106,880,28986,379
2021-02-21,Modoc,049,8938,335,329,112,441,3
2021-02-21,Mono,051,14174,1174,1189,15,1204,3
2021-02-21,Monterey,053,433212,41769,41373,1638,43011,309
2021-02-21,Napa,055,140530,8973,8929,31,8960,69
2021-02-21,Nevada,057,99092,3963,3895,157,4052,66
2021-02-21,Orange,059,3164182,246078,243985,10043,254028,3801
2021-02-21,Placer,061,380077,20419,19553,1076,20629,238
2021-02-21,Plumas,063,18699,640,625,10,635,4
2021-02-21,Riverside,065,2383286,284553,277555,13198,290753,3564
2021-02-21,Sacramento,067,1510023,93752,92288,1188,93476,1354
2021-02-21,San Benito,069,59416,5715,5716,84,5800,57
2021-02-21,San Bernardino,071,2135413,285236,279870,8439,288309,3247
2021-02-21,San Diego,073,3302833,262466,257027,12719,269746,3190
2021-02-21,San Francisco,075,870044,33951,33891,1036,34927,405
2021-02-21,San Joaquin,077,732212,66357,64997,2667,67664,1001
2021-02-21,San Luis Obispo,079,281455,19569,19178,540,19718,229
2021-02-21,San Mateo,081,765935,39257,38448,396,38844,282
2021-02-21,Santa Barbara,083,443738,32006,31374,1018,32392,399
2021-02-21,Santa Clara,085,1922200,109556,108992,549,109541,1654
2021-02-21,Santa Cruz,087,273765,15315,14401,761,15162,176
2021-02-21,Shasta,089,179085,10890,10867,1192,12059,145
2021-02-21,Sierra,091,2930,51,47,12,59,0
2021-02-21,Siskiyou,093,43540,1474,1371,219,1590,4
2021-02-21,Solano,095,438530,29646,29471,348,29819,150
2021-02-21,Sonoma,097,501317,27794,27793,191,27984,278
2021-02-21,Stanislaus,099,539301,50272,49527,5223,54750,726
2021-02-21,Sutter,101,95872,8768,8687,77,8764,97
2021-02-21,Tehama,103,63373,4580,4547,480,5027,30
2021-02-21,Trinity,105,12862,465,286,73,359,3
2021-02-21,Tulare,107,460477,47968,46830,7723,54553,749
2021-02-21,Tuolumne,109,53932,3815,3828,35,3863,53
2021-02-21,Ventura,111,848112,77339,76862,2711,79573,677
2021-02-21,Yolo,113,214977,12796,12670,140,12810,183
2021-02-21,Yuba,115,75493,5466,5396,81,5477,38
2021-02-20,Alameda,001,1643700,80171,79496,1670,81166,1055
2021-02-20,Alpine,003,1148,78,77,0,77,0
2021-02-20,Amador,005,37829,3442,3432,29,3461,39
2021-02-20,Butte,007,227075,11271,10838,1581,12419,176
2021-02-20,Calaveras,009,45235,1890,1858,11,1869,21
2021-02-20,Colusa,011,21464,1866,1858,258,2116,11
2021-02-20,Contra Costa,013,1133247,62541,61205,1046,62251,663
2021-02-20,Del Norte,015,27424,992,937,4,941,3
2021-02-20,El Dorado,017,186661,9080,8911,600,9511,96
2021-02-20,Fresno,019,978130,95614,94234,7519,101753,1341
2021-02-20,Glenn,021,27897,2236,2199,483,2682,14
2021-02-20,Humboldt,023,135768,3107,3073,22,3095,29
2021-02-20,Imperial,025,180216,27155,26771,2415,29186,590
2021-02-20,Inyo,027,18085,1276,1226,9,1235,32
2021-02-20,Kern,029,883053,92786,91025,9531,100556,968
2021-02-20,Kings,031,150075,22144,21773,936,22709,212
2021-02-20,Lake,033,64148,3147,3089,6,3095,40
2021-02-20,Lassen,035,31185,5105,5067,92,5159,1
2021-02-20,Los Angeles,037,10098052,1168529,1145594,38146,1183740,19630
2021-02-20,Madera,039,155013,15491,15274,797,16071,191
2021-02-20,Marin,041,260295,13096,12945,151,13096,211
2021-02-20,Mariposa,043,17540,376,372,5,377,4
2021-02-20,Mendocino,045,87422,3613,3533,71,3604,40
2021-02-20,Merced,047,269075,28105,28066,877,28943,379
2021-02-20,Modoc,049,8938,335,328,112,440,3
2021-02-20,Mono,051,14174,1173,1187,15,1202,3
2021-02-20,Monterey,053,433212,41747,41313,1636,42949,309
2021-02-20,Napa,055,140530,8964,8910,31,8941,69
2021-02-20,Nevada,057,99092,3953,3887,156,4043,66
2021-02-20,Orange,059,3164182,245909,243761,10029,253790,3755
2021-02-20,Placer,061,380077,20378,19509,1072,20581,236
2021-02-20,Plumas,063,18699,640,626,10,636,4
2021-02-20,Riverside,065,2383286,284399,277267,13189,290456,3559
2021-02-20,Sacramento,067,1510023,93629,92057,1186,93243,1352
2021-02-20,San Benito,069,59416,5704,5709,84,5793,57
2021-02-20,San Bernardino,071,2135413,285134,279608,8434,288042,3203
2021-02-20,San Diego,073,3302833,262224,256510,12690,269200,3188
2021-02-20,San Francisco,075,870044,33909,33820,1028,34848,399
2021-02-20,San Joaquin,077,732212,66287,64916,2662,67578,1001
2021-02-20,San Luis Obispo,079,281455,19545,19138,539,19677,229
2021-02-20,San Mateo,081,765935,39213,38371,395,38766,282
2021-02-20,Santa Barbara,083,443738,31972,31289,1017,32306,396
2021-02-20,Santa Clara,085,1922200,109378,108728,546,109274,1649
2021-02-20,Santa Cruz,087,273765,15304,14378,759,15137,176
2021-02-20,Shasta,089,179085,10876,10850,1187,12037,146
2021-02-20,Sierra,091,2930,51,47,12,59,0
2021-02-20,Siskiyou,093,43540,1471,1366,219,1585,4
2021-02-20,Solano,095,438530,29632,29440,346,29786,150
2021-02-20,Sonoma,097,501317,27765,27703,189,27892,278
2021-02-20,Stanislaus,099,539301,50221,49445,5209,54654,733
2021-02-20,Sutter,101,95872,8762,8681,77,8758,97
2021-02-20,Tehama,103,63373,4575,4545,480,5025,30
2021-02-20,Trinity,105,12862,464,285,72,357,3
2021-02-20,Tulare,107,460477,47932,46769,7701,54470,739
2021-02-20,Tuolumne,109,53932,3810,3823,35,3858,53
2021-02-20,Ventura,111,848112,77244,76757,2708,79465,671
2021-02-20,Yolo,113,214977,12782,12639,140,12779,183
2021-02-20,Yuba,115,75493,5463,5386,81,5467,38
2021-02-19,Alameda,001,1643700,80069,79318,1666,80984,1047
2021-02-19,Alpine,003,1148,78,77,0,77,0
2021-02-19,Amador,005,37829,3438,3427,29,3456,39
2021-02-19,Butte,007,227075,11257,10823,1574,12397,176
2021-02-19,Calaveras,009,45235,1889,1856,11,1867,21
2021-02-19,Colusa,011,21464,1866,1858,258,2116,11
2021-02-19,Contra Costa,013,1133247,62429,61017,1043,62060,651
2021-02-19,Del Norte,015,27424,987,932,4,936,2
2021-02-19,El Dorado,017,186661,9071,8882,599,9481,96
2021-02-19,Fresno,019,978130,95484,93973,7503,101476,1330
2021-02-19,Glenn,021,27897,2231,2199,482,2681,14
2021-02-19,Humboldt,023,135768,3095,3037,22,3059,29
2021-02-19,Imperial,025,180216,27149,26751,2412,29163,589
2021-02-19,Inyo,027,18085,1271,1212,9,1221,32
2021-02-19,Kern,029,883053,92717,90807,9491,100298,963
2021-02-19,Kings,031,150075,22130,21724,934,22658,211
2021-02-19,Lake,033,64148,3141,3078,6,3084,40
2021-02-19,Lassen,035,31185,5104,5057,92,5149,1
2021-02-19,Los Angeles,037,10098052,1167779,1143828,38106,1181934,19498
2021-02-19,Madera,039,155013,15474,15222,795,16017,188
2021-02-19,Marin,041,260295,13078,12919,150,13069,210
2021-02-19,Mariposa,043,17540,376,371,5,376,4
2021-02-19,Mendocino,045,87422,3611,3526,71,3597,39
2021-02-19,Merced,047,269075,28075,27985,874,28859,376
2021-02-19,Modoc,049,8938,335,328,112,440,3
2021-02-19,Mono,051,14174,1173,1186,15,1201,3
2021-02-19,Monterey,053,433212,41720,41209,1632,42841,309
2021-02-19,Napa,055,140530,8951,8899,31,8930,69
2021-02-19,Nevada,057,99092,3947,3863,156,4019,66
2021-02-19,Orange,059,3164182,245733,243397,10017,253414,3715
2021-02-19,Placer,061,380077,20356,19457,1072,20529,236
2021-02-19,Plumas,063,18699,638,624,10,634,4
2021-02-19,Riverside,065,2383286,284230,276941,13172,290113,3541
2021-02-19,Sacramento,067,1510023,93509,91815,1182,92997,1351
2021-02-19,San Benito,069,59416,5699,5699,84,5783,57
2021-02-19,San Bernardino,071,2135413,284998,279209,8429,287638,3117
2021-02-19,San Diego,073,3302833,261933,255799,12667,268466,3169
2021-02-19,San Francisco,075,870044,33861,33746,1022,34768,387
2021-02-19,San Joaquin,077,732212,66211,64774,2654,67428,988
2021-02-19,San Luis Obispo,079,281455,19514,19061,537,19598,230
2021-02-19,San Mateo,081,765935,39155,38256,393,38649,282
2021-02-19,Santa Barbara,083,443738,31908,31204,1016,32220,392
2021-02-19,Santa Clara,085,1922200,109166,108400,544,108944,1634
2021-02-19,Santa Cruz,087,273765,15289,14354,759,15113,176
2021-02-19,Shasta,089,179085,10865,10833,1184,12017,140
2021-02-19,Sierra,091,2930,51,47,12,59,0
2021-02-19,Siskiyou,093,43540,1467,1363,217,1580,4
2021-02-19,Solano,095,438530,29607,29383,345,29728,150
2021-02-19,Sonoma,097,501317,27718,27595,187,27782,280
2021-02-19,Stanislaus,099,539301,50159,49282,5193,54475,739
2021-02-19,Sutter,101,95872,8752,8665,77,8742,96
2021-02-19,Tehama,103,63373,4573,4535,480,5015,30
2021-02-19,Trinity,105,12862,462,282,70,352,3
2021-02-19,Tulare,107,460477,47887,46662,7676,54338,736
2021-02-19,Tuolumne,109,53932,3803,3817,35,3852,52
2021-02-19,Ventura,111,848112,77165,76582,2705,79287,667
2021-02-19,Yolo,113,214977,12766,12606,140,12746,183
2021-02-19,Yuba,115,75493,5453,5376,81,5457,38
2021-02-18,Alameda,001,1643700,79935,79111,1659,80770,1012
2021-02-18,Alpine,003,1148,78,77,0,77,0
2021-02-18,Amador,005,37829,3434,3417,28,3445,38
2021-02-18,Butte,007,227075,11239,10791,1572,12363,175
2021-02-18,Calaveras,009,45235,1884,1873,11,1884,21
2021-02-18,Colusa,011,21464,1864,1856,256,2112,11
2021-02-18,Contra Costa,013,1133247,62315,60868,1041,61909,640
2021-02-18,Del Norte,015,27424,982,929,4,933,2
2021-02-18,El Dorado,017,186661,9056,8850,598,9448,94
2021-02-18,Fresno,019,978130,95315,93734,7478,101212,1323
2021-02-18,Glenn,021,27897,2225,2195,482,2677,14
2021-02-18,Humboldt,023,135768,3083,3023,22,3045,29
2021-02-18,Imperial,025,180216,27123,26731,2405,29136,591
2021-02-18,Inyo,027,18085,1267,1213,8,1221,32
2021-02-18,Kern,029,883053,92563,90655,9461,100116,961
2021-02-18,Kings,031,150075,22106,21648,933,22581,211
2021-02-18,Lake,033,64148,3136,3066,6,3072,40
2021-02-18,Lassen,035,31185,5095,5052,92,5144,1
2021-02-18,Los Angeles,037,10098052,1166825,1141930,38043,1179973,19358
2021-02-18,Madera,039,155013,15452,15175,790,15965,188
2021-02-18,Marin,041,260295,13065,12895,149,13044,209
2021-02-18,Mariposa,043,17540,375,369,5,374,4
2021-02-18,Mendocino,045,87422,3608,3519,70,3589,39
2021-02-18,Merced,047,269075,28026,27870,868,28738,372
2021-02-18,Modoc,049,8938,333,327,111,438,3
2021-02-18,Mono,051,14174,1173,1182,15,1197,3
2021-02-18,Monterey,053,433212,41662,41091,1623,42714,307
2021-02-18,Napa,055,140530,8934,8877,31,8908,68
2021-02-18,Nevada,057,99092,3938,3836,155,3991,66
2021-02-18,Orange,059,3164182,245510,243098,10000,253098,3673
2021-02-18,Placer,061,380077,20329,19429,1071,20500,232
2021-02-18,Plumas,063,18699,638,624,10,634,4
2021-02-18,Riverside,065,2383286,283942,276595,13151,289746,3510
2021-02-18,Sacramento,067,1510023,93347,91476,1176,92652,1334
2021-02-18,San Benito,069,59416,5696,5697,83,5780,58
2021-02-18,San Bernardino,071,2135413,284789,278887,8415,287302,3066
2021-02-18,San Diego,073,3302833,261578,254987,12644,267631,3135
2021-02-18,San Francisco,075,870044,33803,33650,1019,34669,386
2021-02-18,San Joaquin,077,732212,66128,64634,2644,67278,982
2021-02-18,San Luis Obispo,079,281455,19472,18987,534,19521,230
2021-02-18,San Mateo,081,765935,39093,38185,389,38574,282
2021-02-18,Santa Barbara,083,443738,31830,31054,1009,32063,387
2021-02-18,Santa Clara,085,1922200,108941,108210,541,108751,1605
2021-02-18,Santa Cruz,087,273765,15263,14314,759,15073,176
2021-02-18,Shasta,089,179085,10847,10811,1181,11992,139
2021-02-18,Sierra,091,2930,50,47,12,59,0
2021-02-18,Siskiyou,093,43540,1462,1359,216,1575,4
2021-02-18,Solano,095,438530,29581,29349,344,29693,150
2021-02-18,Sonoma,097,501317,27651,27512,186,27698,281
2021-02-18,Stanislaus,099,539301,50059,49150,5176,54326,738
2021-02-18,Sutter,101,95872,8744,8654,77,8731,96
2021-02-18,Tehama,103,63373,4570,4528,480,5008,30
2021-02-18,Trinity,105,12862,461,282,70,352,3
2021-02-18,Tulare,107,460477,47824,46591,7637,54228,728
2021-02-18,Tuolumne,109,53932,3766,3811,35,3846,52
2021-02-18,Ventura,111,848112,77033,76442,2697,79139,659
2021-02-18,Yolo,113,214977,12740,12549,140,12689,183
2021-02-18,Yuba,115,75493,5436,5358,81,5439,38
2021-02-17,Alameda,001,1643700,79773,78895,1657,80552,1002
2021-02-17,Alpine,003,1148,78,77,0,77,0
2021-02-17,Amador,005,37829,3430,3415,28,3443,38
2021-02-17,Butte,007,227075,11221,10770,1568,12338,174
2021-02-17,Calaveras,009,45235,1884,1876,11,1887,21
2021-02-17,Colusa,011,21464,1861,1854,256,2110,10
2021-02-17,Contra Costa,013,1133247,62177,60723,1038,61761,635
2021-02-17,Del Norte,015,27424,975,920,4,924,2
2021-02-17,El Dorado,017,186661,9045,8847,598,9445,94
2021-02-17,Fresno,019,978130,95176,93555,7451,101006,1307
2021-02-17,Glenn,021,27897,2224,2189,481,2670,14
2021-02-17,Humboldt,023,135768,3068,3006,22,3028,29
2021-02-17,Imperial,025,180216,27109,26726,2401,29127,580
2021-02-17,Inyo,027,18085,1259,1197,8,1205,32
2021-02-17,Kern,029,883053,92445,90454,9417,99871,962
2021-02-17,Kings,031,150075,22068,21617,929,22546,211
2021-02-17,Lake,033,64148,3126,3057,2,3059,38
2021-02-17,Lassen,035,31185,5090,5052,91,5143,1
2021-02-17,Los Angeles,037,10098052,1165768,1139786,37981,1177767,19213
2021-02-17,Madera,039,155013,15427,15135,781,15916,177
2021-02-17,Marin,041,260295,13040,12881,149,13030,207
2021-02-17,Mariposa,043,17540,375,368,4,372,4
2021-02-17,Mendocino,045,87422,3606,3494,69,3563,39
2021-02-17,Merced,047,269075,27971,27824,859,28683,372
2021-02-17,Modoc,049,8938,333,327,111,438,3
2021-02-17,Mono,051,14174,1173,1180,15,1195,3
2021-02-17,Monterey,053,433212,41607,41014,1612,42626,304
2021-02-17,Napa,055,140530,8920,8865,31,8896,68
2021-02-17,Nevada,057,99092,3919,3822,152,3974,52
2021-02-17,Orange,059,3164182,245248,242716,9967,252683,3626
2021-02-17,Placer,061,380077,20295,19405,1067,20472,230
2021-02-17,Plumas,063,18699,637,623,10,633,4
2021-02-17,Riverside,065,2383286,283652,276289,13130,289419,3491
2021-02-17,Sacramento,067,1510023,93188,91309,1169,92478,1326
2021-02-17,San Benito,069,59416,5690,5661,83,5744,57
2021-02-17,San Bernardino,071,2135413,284586,278461,8395,286856,3020
2021-02-17,San Diego,073,3302833,261200,254177,12623,266800,3099
2021-02-17,San Francisco,075,870044,33727,33558,1014,34572,379
2021-02-17,San Joaquin,077,732212,66022,64556,2638,67194,979
2021-02-17,San Luis Obispo,079,281455,19427,18964,534,19498,230
2021-02-17,San Mateo,081,765935,39029,38124,389,38513,282
2021-02-17,Santa Barbara,083,443738,31762,30927,1008,31935,384
2021-02-17,Santa Clara,085,1922200,108709,107949,539,108488,1592
2021-02-17,Santa Cruz,087,273765,15230,14268,756,15024,174
2021-02-17,Shasta,089,179085,10827,10770,1180,11950,139
2021-02-17,Sierra,091,2930,50,47,12,59,0
2021-02-17,Siskiyou,093,43540,1456,1352,213,1565,4
2021-02-17,Solano,095,438530,29524,29288,344,29632,149
2021-02-17,Sonoma,097,501317,27579,27408,181,27589,281
2021-02-17,Stanislaus,099,539301,49946,49050,5160,54210,730
2021-02-17,Sutter,101,95872,8734,8681,77,8758,95
2021-02-17,Tehama,103,63373,4567,4511,480,4991,30
2021-02-17,Trinity,105,12862,461,277,68,345,3
2021-02-17,Tulare,107,460477,47759,46495,7612,54107,726
2021-02-17,Tuolumne,109,53932,3757,3806,35,3841,49
2021-02-17,Ventura,111,848112,76911,76234,2691,78925,646
2021-02-17,Yolo,113,214977,12721,12506,138,12644,182
2021-02-17,Yuba,115,75493,5427,5345,81,5426,38
2021-02-16,Alameda,001,1643700,79604,78756,1654,80410,997
2021-02-16,Alpine,003,1148,78,76,0,76,0
2021-02-16,Amador,005,37829,3423,3413,28,3441,39
2021-02-16,Butte,007,227075,11195,10748,1565,12313,164
2021-02-16,Calaveras,009,45235,1882,1872,11,1883,21
2021-02-16,Colusa,011,21464,1858,1852,254,2106,10
2021-02-16,Contra Costa,013,1133247,62026,60564,1033,61597,631
2021-02-16,Del Norte,015,27424,967,913,4,917,2
2021-02-16,El Dorado,017,186661,9035,8836,596,9432,94
2021-02-16,Fresno,019,978130,95011,93363,7421,100784,1293
2021-02-16,Glenn,021,27897,2220,2189,477,2666,14
2021-02-16,Humboldt,023,135768,3045,2994,21,3015,29
2021-02-16,Imperial,025,180216,27096,26711,2397,29108,580
2021-02-16,Inyo,027,18085,1251,1191,8,1199,32
2021-02-16,Kern,029,883053,92313,90267,9387,99654,959
2021-02-16,Kings,031,150075,22022,21583,925,22508,206
2021-02-16,Lake,033,64148,3119,3041,2,3043,38
2021-02-16,Lassen,035,31185,5078,5047,91,5138,1
2021-02-16,Los Angeles,037,10098052,1164514,1138262,37921,1176183,19044
2021-02-16,Madera,039,155013,15389,15120,776,15896,172
2021-02-16,Marin,041,260295,13012,12832,149,12981,205
2021-02-16,Mariposa,043,17540,375,367,4,371,4
2021-02-16,Mendocino,045,87422,3602,3489,69,3558,39
2021-02-16,Merced,047,269075,27890,27724,853,28577,368
2021-02-16,Modoc,049,8938,333,326,111,437,3
2021-02-16,Mono,051,14174,1173,1180,15,1195,3
2021-02-16,Monterey,053,433212,41531,40962,1603,42565,303
2021-02-16,Napa,055,140530,8907,8854,31,8885,66
2021-02-16,Nevada,057,99092,3906,3774,151,3925,47
2021-02-16,Orange,059,3164182,244926,242382,9951,252333,3612
2021-02-16,Placer,061,380077,20262,19367,1064,20431,230
2021-02-16,Plumas,063,18699,637,619,10,629,4
2021-02-16,Riverside,065,2383286,283348,275954,13108,289062,3471
2021-02-16,Sacramento,067,1510023,92934,91246,1163,92409,1305
2021-02-16,San Benito,069,59416,5682,5659,82,5741,56
2021-02-16,San Bernardino,071,2135413,284362,277947,8386,286333,2978
2021-02-16,San Diego,073,3302833,260735,253638,12584,266222,3042
2021-02-16,San Francisco,075,870044,33655,33491,1009,34500,373
2021-02-16,San Joaquin,077,732212,65892,64448,2635,67083,979
2021-02-16,San Luis Obispo,079,281455,19382,18925,531,19456,229
2021-02-16,San Mateo,081,765935,38970,38041,387,38428,277
2021-02-16,Santa Barbara,083,443738,31688,30865,1005,31870,378
2021-02-16,Santa Clara,085,1922200,108457,107754,536,108290,1591
2021-02-16,Santa Cruz,087,273765,15210,14256,755,15011,174
2021-02-16,Shasta,089,179085,10812,10736,1178,11914,139
2021-02-16,Sierra,091,2930,50,47,12,59,0
2021-02-16,Siskiyou,093,43540,1452,1351,213,1564,4
2021-02-16,Solano,095,438530,29486,29246,343,29589,148
2021-02-16,Sonoma,097,501317,27520,27380,175,27555,279
2021-02-16,Stanislaus,099,539301,49822,48927,5146,54073,716
2021-02-16,Sutter,101,95872,8711,8671,77,8748,95
2021-02-16,Tehama,103,63373,4558,4501,478,4979,30
2021-02-16,Trinity,105,12862,457,275,68,343,3
2021-02-16,Tulare,107,460477,47695,46444,7569,54013,716
2021-02-16,Tuolumne,109,53932,3755,3796,35,3831,49
2021-02-16,Ventura,111,848112,76769,76043,2688,78731,631
2021-02-16,Yolo,113,214977,12692,12457,138,12595,175
2021-02-16,Yuba,115,75493,5420,5332,80,5412,38
2021-02-15,Alameda,001,1643700,79408,78647,1643,80290,996
2021-02-15,Alpine,003,1148,78,76,0,76,0
2021-02-15,Amador,005,37829,3419,3409,28,3437,39
2021-02-15,Butte,007,227075,11177,10723,1561,12284,155
2021-02-15,Calaveras,009,45235,1878,1871,11,1882,21
2021-02-15,Colusa,011,21464,1858,1849,250,2099,10
2021-02-15,Contra Costa,013,1133247,61855,60444,1028,61472,631
2021-02-15,Del Norte,015,27424,963,913,4,917,2
2021-02-15,El Dorado,017,186661,9018,8816,596,9412,94
2021-02-15,Fresno,019,978130,94812,93231,7382,100613,1288
2021-02-15,Glenn,021,27897,2218,2185,476,2661,14
2021-02-15,Humboldt,023,135768,3038,2997,21,3018,29
2021-02-15,Imperial,025,180216,27076,26700,2394,29094,580
2021-02-15,Inyo,027,18085,1232,1184,8,1192,32
2021-02-15,Kern,029,883053,92169,90181,9357,99538,959
2021-02-15,Kings,031,150075,21977,21574,921,22495,205
2021-02-15,Lake,033,64148,3105,3030,1,3031,38
2021-02-15,Lassen,035,31185,5076,5047,90,5137,1
2021-02-15,Los Angeles,037,10098052,1163126,1137164,37859,1175023,18925
2021-02-15,Madera,039,155013,15358,15108,774,15882,106
2021-02-15,Marin,041,260295,12991,12810,146,12956,203
2021-02-15,Mariposa,043,17540,373,367,4,371,4
2021-02-15,Mendocino,045,87422,3590,3481,69,3550,39
2021-02-15,Merced,047,269075,27816,27656,846,28502,368
2021-02-15,Modoc,049,8938,333,326,111,437,3
2021-02-15,Mono,051,14174,1170,1178,15,1193,3
2021-02-15,Monterey,053,433212,41467,40911,1591,42502,302
2021-02-15,Napa,055,140530,8893,8837,31,8868,57
2021-02-15,Nevada,057,99092,3889,3767,150,3917,47
2021-02-15,Orange,059,3164182,244607,242176,9923,252099,3586
2021-02-15,Placer,061,380077,20236,19361,1063,20424,230
2021-02-15,Plumas,063,18699,637,620,10,630,4
2021-02-15,Riverside,065,2383286,282994,275771,13089,288860,3468
2021-02-15,Sacramento,067,1510023,92607,91091,1158,92249,1304
2021-02-15,San Benito,069,59416,5676,5649,82,5731,56
2021-02-15,San Bernardino,071,2135413,284111,277869,8378,286247,2945
2021-02-15,San Diego,073,3302833,260222,252940,12553,265493,3037
2021-02-15,San Francisco,075,870044,33582,33454,1003,34457,373
2021-02-15,San Joaquin,077,732212,65727,64382,2628,67010,979
2021-02-15,San Luis Obispo,079,281455,19329,18891,529,19420,227
2021-02-15,San Mateo,081,765935,38891,37969,384,38353,277
2021-02-15,Santa Barbara,083,443738,31585,30810,1002,31812,378
2021-02-15,Santa Clara,085,1922200,108227,107630,534,108164,1588
2021-02-15,Santa Cruz,087,273765,15178,14239,752,14991,175
2021-02-15,Shasta,089,179085,10792,10730,1173,11903,139
2021-02-15,Sierra,091,2930,50,47,12,59,0
2021-02-15,Siskiyou,093,43540,1444,1345,212,1557,4
2021-02-15,Solano,095,438530,29431,29225,343,29568,148
2021-02-15,Sonoma,097,501317,27436,27359,171,27530,276
2021-02-15,Stanislaus,099,539301,49695,48808,5133,53941,716
2021-02-15,Sutter,101,95872,8696,8652,77,8729,95
2021-02-15,Tehama,103,63373,4549,4492,477,4969,30
2021-02-15,Trinity,105,12862,456,274,68,342,3
2021-02-15,Tulare,107,460477,47624,46344,7530,53874,715
2021-02-15,Tuolumne,109,53932,3745,3794,35,3829,49
2021-02-15,Ventura,111,848112,76614,75889,2685,78574,629
2021-02-15,Yolo,113,214977,12657,12412,137,12549,175
2021-02-15,Yuba,115,75493,5403,5320,79,5399,38
2021-02-14,Alameda,001,1643700,79257,78442,1642,80084,995
2021-02-14,Alpine,003,1148,78,76,0,76,0
2021-02-14,Amador,005,37829,3414,3398,28,3426,39
2021-02-14,Butte,007,227075,11153,10717,1558,12275,155
2021-02-14,Calaveras,009,45235,1874,1866,11,1877,21
2021-02-14,Colusa,011,21464,1854,1845,247,2092,10
2021-02-14,Contra Costa,013,1133247,61705,60272,1025,61297,631
2021-02-14,Del Norte,015,27424,959,911,4,915,2
2021-02-14,El Dorado,017,186661,8986,8790,595,9385,94
2021-02-14,Fresno,019,978130,94641,93065,7359,100424,1287
2021-02-14,Glenn,021,27897,2215,2184,476,2660,14
2021-02-14,Humboldt,023,135768,3025,2992,21,3013,29
2021-02-14,Imperial,025,180216,27069,26696,2393,29089,580
2021-02-14,Inyo,027,18085,1226,1177,8,1185,32
2021-02-14,Kern,029,883053,92009,90038,9304,99342,959
2021-02-14,Kings,031,150075,21951,21538,919,22457,205
2021-02-14,Lake,033,64148,3094,3030,1,3031,38
2021-02-14,Lassen,035,31185,5072,5037,90,5127,1
2021-02-14,Los Angeles,037,10098052,1161779,1135450,37777,1173227,18898
2021-02-14,Madera,039,155013,15326,15089,770,15859,106
2021-02-14,Marin,041,260295,12967,12784,146,12930,201
2021-02-14,Mariposa,043,17540,373,365,4,369,4
2021-02-14,Mendocino,045,87422,3584,3475,69,3544,39
2021-02-14,Merced,047,269075,27734,27601,841,28442,368
2021-02-14,Modoc,049,8938,333,326,111,437,3
2021-02-14,Mono,051,14174,1169,1180,15,1195,3
2021-02-14,Monterey,053,433212,41416,40842,1586,42428,302
2021-02-14,Napa,055,140530,8873,8826,31,8857,57
2021-02-14,Nevada,057,99092,3873,3761,150,3911,47
2021-02-14,Orange,059,3164182,244294,241859,9905,251764,3564
2021-02-14,Placer,061,380077,20197,19313,1058,20371,230
2021-02-14,Plumas,063,18699,636,620,10,630,4
2021-02-14,Riverside,065,2383286,282663,275518,13070,288588,3471
2021-02-14,Sacramento,067,1510023,92400,90856,1154,92010,1304
2021-02-14,San Benito,069,59416,5667,5641,81,5722,56
2021-02-14,San Bernardino,071,2135413,283805,277664,8358,286022,2929
2021-02-14,San Diego,073,3302833,259730,252247,12506,264753,3037
2021-02-14,San Francisco,075,870044,33508,33374,995,34369,372
2021-02-14,San Joaquin,077,732212,65629,64243,2614,66857,979
2021-02-14,San Luis Obispo,079,281455,19291,18868,526,19394,225
2021-02-14,San Mateo,081,765935,38806,37859,384,38243,277
2021-02-14,Santa Barbara,083,443738,31493,30744,998,31742,377
2021-02-14,Santa Clara,085,1922200,108028,107412,530,107942,1582
2021-02-14,Santa Cruz,087,273765,15150,14225,747,14972,175
2021-02-14,Shasta,089,179085,10760,10720,1169,11889,139
2021-02-14,Sierra,091,2930,50,47,12,59,0
2021-02-14,Siskiyou,093,43540,1440,1340,212,1552,4
2021-02-14,Solano,095,438530,29389,29150,340,29490,148
2021-02-14,Sonoma,097,501317,27361,27266,169,27435,276
2021-02-14,Stanislaus,099,539301,49585,48672,5118,53790,716
2021-02-14,Sutter,101,95872,8673,8642,77,8719,95
2021-02-14,Tehama,103,63373,4543,4490,474,4964,30
2021-02-14,Trinity,105,12862,456,272,68,340,3
2021-02-14,Tulare,107,460477,47539,46263,7481,53744,715
2021-02-14,Tuolumne,109,53932,3744,3764,35,3799,49
2021-02-14,Ventura,111,848112,76445,75742,2674,78416,629
2021-02-14,Yolo,113,214977,12628,12399,136,12535,175
2021-02-14,Yuba,115,75493,5393,5314,79,5393,38
2021-02-13,Alameda,001,1643700,79135,78246,1639,79885,995
2021-02-13,Alpine,003,1148,78,76,0,76,0
2021-02-13,Amador,005,37829,3411,3387,28,3415,38
2021-02-13,Butte,007,227075,11137,10699,1556,12255,155
2021-02-13,Calaveras,009,45235,1871,1863,11,1874,21
2021-02-13,Colusa,011,21464,1854,1837,247,2084,10
2021-02-13,Contra Costa,013,1133247,61584,60100,1025,61125,629
2021-02-13,Del Norte,015,27424,957,908,4,912,2
2021-02-13,El Dorado,017,186661,8974,8758,594,9352,93
2021-02-13,Fresno,019,978130,94527,92807,7337,100144,1287
2021-02-13,Glenn,021,27897,2214,2182,474,2656,14
2021-02-13,Humboldt,023,135768,3012,2974,20,2994,29
2021-02-13,Imperial,025,180216,27062,26680,2391,29071,580
2021-02-13,Inyo,027,18085,1222,1168,8,1176,32
2021-02-13,Kern,029,883053,91920,89915,9278,99193,957
2021-02-13,Kings,031,150075,21936,21513,917,22430,205
2021-02-13,Lake,033,64148,3085,3025,1,3026,37
2021-02-13,Lassen,035,31185,5069,5028,90,5118,1
2021-02-13,Los Angeles,037,10098052,1160921,1133752,37730,1171482,18822
2021-02-13,Madera,039,155013,15317,15053,766,15819,106
2021-02-13,Marin,041,260295,12943,12757,146,12903,201
2021-02-13,Mariposa,043,17540,373,365,4,369,4
2021-02-13,Mendocino,045,87422,3574,3466,69,3535,38
2021-02-13,Merced,047,269075,27690,27541,838,28379,368
2021-02-13,Modoc,049,8938,333,325,111,436,3
2021-02-13,Mono,051,14174,1169,1176,15,1191,3
2021-02-13,Monterey,053,433212,41384,40731,1585,42316,301
2021-02-13,Napa,055,140530,8864,8809,31,8840,57
2021-02-13,Nevada,057,99092,3864,3742,149,3891,47
2021-02-13,Orange,059,3164182,244088,241545,9886,251431,3520
2021-02-13,Placer,061,380077,20177,19214,1058,20272,230
2021-02-13,Plumas,063,18699,636,616,10,626,4
2021-02-13,Riverside,065,2383286,282434,275276,13061,288337,3462
2021-02-13,Sacramento,067,1510023,92233,90401,1151,91552,1302
2021-02-13,San Benito,069,59416,5650,5633,81,5714,56
2021-02-13,San Bernardino,071,2135413,283653,277405,8345,285750,2899
2021-02-13,San Diego,073,3302833,259398,251679,12494,264173,3009
2021-02-13,San Francisco,075,870044,33458,33291,985,34276,364
2021-02-13,San Joaquin,077,732212,65560,64105,2604,66709,977
2021-02-13,San Luis Obispo,079,281455,19263,18803,520,19323,225
2021-02-13,San Mateo,081,765935,38753,37745,384,38129,277
2021-02-13,Santa Barbara,083,443738,31441,30594,997,31591,374
2021-02-13,Santa Clara,085,1922200,107839,107125,526,107651,1570
2021-02-13,Santa Cruz,087,273765,15123,14198,746,14944,173
2021-02-13,Shasta,089,179085,10747,10713,1164,11877,139
2021-02-13,Sierra,091,2930,50,47,12,59,0
2021-02-13,Siskiyou,093,43540,1437,1336,212,1548,4
2021-02-13,Solano,095,438530,29353,29084,340,29424,148
2021-02-13,Sonoma,097,501317,27313,27157,167,27324,276
2021-02-13,Stanislaus,099,539301,49514,48568,5112,53680,697
2021-02-13,Sutter,101,95872,8661,8626,77,8703,94
2021-02-13,Tehama,103,63373,4533,4484,473,4957,30
2021-02-13,Trinity,105,12862,455,272,67,339,3
2021-02-13,Tulare,107,460477,47488,46162,7450,53612,709
2021-02-13,Tuolumne,109,53932,3743,3752,35,3787,49
2021-02-13,Ventura,111,848112,76305,75481,2668,78149,618
2021-02-13,Yolo,113,214977,12615,12374,135,12509,175
2021-02-13,Yuba,115,75493,5385,5289,79,5368,38
2021-02-12,Alameda,001,1643700,78986,77958,1633,79591,974
2021-02-12,Alpine,003,1148,78,76,0,76,0
2021-02-12,Amador,005,37829,3407,3381,28,3409,38
2021-02-12,Butte,007,227075,11124,10655,1549,12204,155
2021-02-12,Calaveras,009,45235,1868,1860,11,1871,21
2021-02-12,Colusa,011,21464,1854,1836,247,2083,10
2021-02-12,Contra Costa,013,1133247,61434,59878,1021,60899,620
2021-02-12,Del Norte,015,27424,947,901,4,905,2
2021-02-12,El Dorado,017,186661,8959,8725,591,9316,92
2021-02-12,Fresno,019,978130,94373,92520,7317,99837,1273
2021-02-12,Glenn,021,27897,2211,2175,474,2649,14
2021-02-12,Humboldt,023,135768,3004,2961,20,2981,29
2021-02-12,Imperial,025,180216,27054,26646,2388,29034,585
2021-02-12,Inyo,027,18085,1216,1156,8,1164,32
2021-02-12,Kern,029,883053,91806,89532,9246,98778,949
2021-02-12,Kings,031,150075,21904,21462,912,22374,202
2021-02-12,Lake,033,64148,3080,3012,1,3013,36
2021-02-12,Lassen,035,31185,5067,5015,90,5105,1
2021-02-12,Los Angeles,037,10098052,1159711,1131185,37662,1168847,18637
2021-02-12,Madera,039,155013,15290,15022,763,15785,106
2021-02-12,Marin,041,260295,12917,12720,146,12866,200
2021-02-12,Mariposa,043,17540,372,365,4,369,4
2021-02-12,Mendocino,045,87422,3572,3447,69,3516,38
2021-02-12,Merced,047,269075,27639,27453,835,28288,367
2021-02-12,Modoc,049,8938,333,324,111,435,3
2021-02-12,Mono,051,14174,1168,1172,15,1187,3
2021-02-12,Monterey,053,433212,41336,40633,1576,42209,297
2021-02-12,Napa,055,140530,8852,8785,31,8816,55
2021-02-12,Nevada,057,99092,3859,3728,149,3877,47
2021-02-12,Orange,059,3164182,243849,241075,9871,250946,3505
2021-02-12,Placer,061,380077,20135,19174,1053,20227,230
2021-02-12,Plumas,063,18699,635,614,10,624,4
2021-02-12,Riverside,065,2383286,282155,274792,13046,287838,3438
2021-02-12,Sacramento,067,1510023,92031,90252,1150,91402,1295
2021-02-12,San Benito,069,59416,5634,5622,80,5702,56
2021-02-12,San Bernardino,071,2135413,283463,276890,8334,285224,2827
2021-02-12,San Diego,073,3302833,259010,250788,12468,263256,2979
2021-02-12,San Francisco,075,870044,33398,33179,981,34160,359
2021-02-12,San Joaquin,077,732212,65464,63966,2596,66562,975
2021-02-12,San Luis Obispo,079,281455,19222,18687,519,19206,224
2021-02-12,San Mateo,081,765935,38681,37560,384,37944,254
2021-02-12,Santa Barbara,083,443738,31370,30454,992,31446,372
2021-02-12,Santa Clara,085,1922200,107667,106759,523,107282,1543
2021-02-12,Santa Cruz,087,273765,15103,14147,746,14893,170
2021-02-12,Shasta,089,179085,10729,10693,1154,11847,142
2021-02-12,Sierra,091,2930,49,45,12,57,0
2021-02-12,Siskiyou,093,43540,1433,1324,209,1533,4
2021-02-12,Solano,095,438530,29321,28996,337,29333,147
2021-02-12,Sonoma,097,501317,27258,27064,163,27227,275
2021-02-12,Stanislaus,099,539301,49426,48418,5090,53508,697
2021-02-12,Sutter,101,95872,8648,8609,77,8686,93
2021-02-12,Tehama,103,63373,4526,4470,472,4942,27
2021-02-12,Trinity,105,12862,455,269,67,336,3
2021-02-12,Tulare,107,460477,47410,46016,7424,53440,710
2021-02-12,Tuolumne,109,53932,3740,3736,34,3770,49
2021-02-12,Ventura,111,848112,76135,75210,2662,77872,605
2021-02-12,Yolo,113,214977,12594,12340,135,12475,175
2021-02-12,Yuba,115,75493,5377,5274,79,5353,38
2021-02-11,Alameda,001,1643700,78757,77564,1628,79192,960
2021-02-11,Alpine,003,1148,77,76,0,76,0
2021-02-11,Amador,005,37829,3403,3368,28,3396,35
2021-02-11,Butte,007,227075,11101,10624,1548,12172,155
2021-02-11,Calaveras,009,45235,1865,1856,11,1867,21
2021-02-11,Colusa,011,21464,1849,1823,245,2068,10
2021-02-11,Contra Costa,013,1133247,61267,59633,1017,60650,605
2021-02-11,Del Norte,015,27424,942,894,4,898,2
2021-02-11,El Dorado,017,186661,8938,8698,591,9289,92
2021-02-11,Fresno,019,978130,94220,92168,7294,99462,1255
2021-02-11,Glenn,021,27897,2206,2166,473,2639,14
2021-02-11,Humboldt,023,135768,2991,2954,19,2973,29
2021-02-11,Imperial,025,180216,27030,26545,2386,28931,578
2021-02-11,Inyo,027,18085,1207,1144,8,1152,32
2021-02-11,Kern,029,883053,91615,89224,9203,98427,941
2021-02-11,Kings,031,150075,21874,21373,909,22282,202
2021-02-11,Lake,033,64148,3070,3002,1,3003,36
2021-02-11,Lassen,035,31185,5056,5004,87,5091,1
2021-02-11,Los Angeles,037,10098052,1158082,1128437,37593,1166030,18500
2021-02-11,Madera,039,155013,15269,14984,761,15745,106
2021-02-11,Marin,041,260295,12880,12682,146,12828,200
2021-02-11,Mariposa,043,17540,372,361,4,365,4
2021-02-11,Mendocino,045,87422,3565,3420,69,3489,38
2021-02-11,Merced,047,269075,27573,27325,831,28156,363
2021-02-11,Modoc,049,8938,332,317,111,428,3
2021-02-11,Mono,051,14174,1164,1173,15,1188,3
2021-02-11,Monterey,053,433212,41230,40469,1570,42039,295
2021-02-11,Napa,055,140530,8831,8777,31,8808,55
2021-02-11,Nevada,057,99092,3843,3720,149,3869,47
2021-02-11,Orange,059,3164182,243482,240590,9847,250437,3476
2021-02-11,Placer,061,380077,20095,19118,1052,20170,224
2021-02-11,Plumas,063,18699,634,592,10,602,4
2021-02-11,Riverside,065,2383286,281788,274313,13031,287344,3394
2021-02-11,Sacramento,067,1510023,91788,89988,1144,91132,1286
2021-02-11,San Benito,069,59416,5625,5609,80,5689,56
2021-02-11,San Bernardino,071,2135413,283165,276349,8320,284669,2774
2021-02-11,San Diego,073,3302833,258457,249971,12434,262405,2955
2021-02-11,San Francisco,075,870044,33314,33076,972,34048,356
2021-02-11,San Joaquin,077,732212,65296,63719,2586,66305,971
2021-02-11,San Luis Obispo,079,281455,19157,18615,515,19130,219
2021-02-11,San Mateo,081,765935,38590,37439,382,37821,253
2021-02-11,Santa Barbara,083,443738,31272,30375,987,31362,370
2021-02-11,Santa Clara,085,1922200,107407,106392,518,106910,1507
2021-02-11,Santa Cruz,087,273765,15080,14088,741,14829,165
2021-02-11,Shasta,089,179085,10705,10672,1150,11822,140
2021-02-11,Sierra,091,2930,49,45,12,57,0
2021-02-11,Siskiyou,093,43540,1418,1320,209,1529,4
2021-02-11,Solano,095,438530,29268,28885,337,29222,138
2021-02-11,Sonoma,097,501317,27173,26971,160,27131,272
2021-02-11,Stanislaus,099,539301,49281,48205,5078,53283,697
2021-02-11,Sutter,101,95872,8634,8590,76,8666,93
2021-02-11,Tehama,103,63373,4520,4463,472,4935,26
2021-02-11,Trinity,105,12862,455,269,67,336,3
2021-02-11,Tulare,107,460477,47315,45897,7384,53281,706
2021-02-11,Tuolumne,109,53932,3703,3716,34,3750,48
2021-02-11,Ventura,111,848112,75933,74959,2653,77612,590
2021-02-11,Yolo,113,214977,12570,12303,135,12438,173
2021-02-11,Yuba,115,75493,5363,5261,78,5339,38
2021-02-10,Alameda,001,1643700,78555,77344,1627,78971,944
2021-02-10,Alpine,003,1148,77,76,0,76,0
2021-02-10,Amador,005,37829,3391,3348,28,3376,35
2021-02-10,Butte,007,227075,11073,10594,1547,12141,155
2021-02-10,Calaveras,009,45235,1863,1850,11,1861,21
2021-02-10,Colusa,011,21464,1842,1815,243,2058,10
2021-02-10,Contra Costa,013,1133247,61092,59488,1015,60503,590
2021-02-10,Del Norte,015,27424,936,888,4,892,2
2021-02-10,El Dorado,017,186661,8907,8682,587,9269,87
2021-02-10,Fresno,019,978130,94045,91876,7269,99145,1247
2021-02-10,Glenn,021,27897,2202,2160,471,2631,14
2021-02-10,Humboldt,023,135768,2983,2924,19,2943,29
2021-02-10,Imperial,025,180216,26992,26522,2383,28905,578
2021-02-10,Inyo,027,18085,1195,1138,8,1146,30
2021-02-10,Kern,029,883053,91409,88933,9149,98082,926
2021-02-10,Kings,031,150075,21831,21294,907,22201,197
2021-02-10,Lake,033,64148,3057,2975,1,2976,36
2021-02-10,Lassen,035,31185,5052,4993,87,5080,1
2021-02-10,Los Angeles,037,10098052,1156335,1125437,37465,1162902,18338
2021-02-10,Madera,039,155013,15230,14925,759,15684,105
2021-02-10,Marin,041,260295,12843,12651,146,12797,199
2021-02-10,Mariposa,043,17540,370,360,4,364,4
2021-02-10,Mendocino,045,87422,3550,3395,69,3464,38
2021-02-10,Merced,047,269075,27490,27246,820,28066,359
2021-02-10,Modoc,049,8938,331,315,109,424,3
2021-02-10,Mono,051,14174,1159,1170,15,1185,3
2021-02-10,Monterey,053,433212,41153,40366,1556,41922,288
2021-02-10,Napa,055,140530,8812,8769,31,8800,55
2021-02-10,Nevada,057,99092,3828,3693,147,3840,47
2021-02-10,Orange,059,3164182,243065,239974,9816,249790,3439
2021-02-10,Placer,061,380077,20056,19062,1047,20109,220
2021-02-10,Plumas,063,18699,631,589,10,599,2
2021-02-10,Riverside,065,2383286,281361,273721,13021,286742,3374
2021-02-10,Sacramento,067,1510023,91537,89653,1140,90793,1275
2021-02-10,San Benito,069,59416,5611,5591,80,5671,55
2021-02-10,San Bernardino,071,2135413,282810,275616,8304,283920,2696
2021-02-10,San Diego,073,3302833,257875,248858,12396,261254,2904
2021-02-10,San Francisco,075,870044,33231,32955,969,33924,351
2021-02-10,San Joaquin,077,732212,65154,63484,2572,66056,954
2021-02-10,San Luis Obispo,079,281455,19078,18549,513,19062,216
2021-02-10,San Mateo,081,765935,38499,37323,382,37705,245
2021-02-10,Santa Barbara,083,443738,31181,30216,982,31198,359
2021-02-10,Santa Clara,085,1922200,107167,106048,515,106563,1489
2021-02-10,Santa Cruz,087,273765,15044,14007,739,14746,165
2021-02-10,Shasta,089,179085,10682,10645,1147,11792,142
2021-02-10,Sierra,091,2930,49,45,12,57,0
2021-02-10,Siskiyou,093,43540,1413,1314,208,1522,4
2021-02-10,Solano,095,438530,29193,28835,335,29170,137
2021-02-10,Sonoma,097,501317,27077,26881,158,27039,271
2021-02-10,Stanislaus,099,539301,49164,48016,5062,53078,696
2021-02-10,Sutter,101,95872,8617,8571,76,8647,93
2021-02-10,Tehama,103,63373,4512,4445,472,4917,23
2021-02-10,Trinity,105,12862,452,268,67,335,3
2021-02-10,Tulare,107,460477,47198,45782,7346,53128,696
2021-02-10,Tuolumne,109,53932,3695,3691,34,3725,48
2021-02-10,Ventura,111,848112,75705,74651,2636,77287,580
2021-02-10,Yolo,113,214977,12546,12276,135,12411,174
2021-02-10,Yuba,115,75493,5345,5241,78,5319,38
2021-02-09,Alameda,001,1643700,78292,77018,1623,78641,936
2021-02-09,Alpine,003,1148,77,76,0,76,0
2021-02-09,Amador,005,37829,3383,3347,28,3375,35
2021-02-09,Butte,007,227075,11047,10563,1544,12107,153
2021-02-09,Calaveras,009,45235,1859,1847,11,1858,21
2021-02-09,Colusa,011,21464,1833,1812,238,2050,10
2021-02-09,Contra Costa,013,1133247,60902,59307,1009,60316,583
2021-02-09,Del Norte,015,27424,930,886,4,890,2
2021-02-09,El Dorado,017,186661,8879,8663,585,9248,87
2021-02-09,Fresno,019,978130,93803,91730,7241,98971,1211
2021-02-09,Glenn,021,27897,2198,2156,471,2627,14
2021-02-09,Humboldt,023,135768,2975,2904,19,2923,29
2021-02-09,Imperial,025,180216,26961,26509,2380,28889,568
2021-02-09,Inyo,027,18085,1187,1137,8,1145,30
2021-02-09,Kern,029,883053,91157,88684,9103,97787,920
2021-02-09,Kings,031,150075,21789,21275,905,22180,196
2021-02-09,Lake,033,64148,3046,2955,1,2956,36
2021-02-09,Lassen,035,31185,5045,4983,87,5070,1
2021-02-09,Los Angeles,037,10098052,1154357,1122745,37382,1160127,18198
2021-02-09,Madera,039,155013,15210,14912,756,15668,105
2021-02-09,Marin,041,260295,12810,12623,145,12768,197
2021-02-09,Mariposa,043,17540,368,355,4,359,4
2021-02-09,Mendocino,045,87422,3532,3369,69,3438,38
2021-02-09,Merced,047,269075,27392,27166,815,27981,354
2021-02-09,Modoc,049,8938,330,316,109,425,3
2021-02-09,Mono,051,14174,1158,1167,15,1182,3
2021-02-09,Monterey,053,433212,41045,40279,1543,41822,285
2021-02-09,Napa,055,140530,8799,8749,31,8780,55
2021-02-09,Nevada,057,99092,3812,3687,147,3834,44
2021-02-09,Orange,059,3164182,242653,239169,9785,248954,3406
2021-02-09,Placer,061,380077,19991,19008,1040,20048,220
2021-02-09,Plumas,063,18699,631,584,10,594,2
2021-02-09,Riverside,065,2383286,280867,273465,13004,286469,3334
2021-02-09,Sacramento,067,1510023,91227,89378,1139,90517,1265
2021-02-09,San Benito,069,59416,5599,5566,79,5645,54
2021-02-09,San Bernardino,071,2135413,282437,274998,8291,283289,2613
2021-02-09,San Diego,073,3302833,257217,248048,12353,260401,2853
2021-02-09,San Francisco,075,870044,33152,32782,959,33741,349
2021-02-09,San Joaquin,077,732212,64979,63341,2567,65908,937
2021-02-09,San Luis Obispo,079,281455,19019,18489,512,19001,216
2021-02-09,San Mateo,081,765935,38368,37227,381,37608,235
2021-02-09,Santa Barbara,083,443738,31069,30118,976,31094,351
2021-02-09,Santa Clara,085,1922200,106861,105762,512,106274,1463
2021-02-09,Santa Cruz,087,273765,14993,13958,734,14692,162
2021-02-09,Shasta,089,179085,10654,10595,1145,11740,139
2021-02-09,Sierra,091,2930,49,44,12,56,0
2021-02-09,Siskiyou,093,43540,1405,1306,206,1512,4
2021-02-09,Solano,095,438530,29114,28769,332,29101,131
2021-02-09,Sonoma,097,501317,26987,26826,156,26982,267
2021-02-09,Stanislaus,099,539301,49004,47906,5047,52953,679
2021-02-09,Sutter,101,95872,8601,8541,76,8617,92
2021-02-09,Tehama,103,63373,4505,4416,471,4887,22
2021-02-09,Trinity,105,12862,452,266,67,333,3
2021-02-09,Tulare,107,460477,47064,45704,7294,52998,686
2021-02-09,Tuolumne,109,53932,3676,3673,34,3707,48
2021-02-09,Ventura,111,848112,75453,74333,2628,76961,567
2021-02-09,Yolo,113,214977,12504,12220,135,12355,174
2021-02-09,Yuba,115,75493,5336,5235,78,5313,35
2021-02-08,Alameda,001,1643700,78030,76735,1618,78353,924
2021-02-08,Alpine,003,1148,77,73,0,73,0
2021-02-08,Amador,005,37829,3376,3344,27,3371,33
2021-02-08,Butte,007,227075,11025,10524,1540,12064,152
2021-02-08,Calaveras,009,45235,1858,1840,11,1851,21
2021-02-08,Colusa,011,21464,1825,1802,234,2036,10
2021-02-08,Contra Costa,013,1133247,60691,59039,1007,60046,567
2021-02-08,Del Norte,015,27424,927,885,4,889,2
2021-02-08,El Dorado,017,186661,8847,8627,582,9209,86
2021-02-08,Fresno,019,978130,93590,91430,7215,98645,1207
2021-02-08,Glenn,021,27897,2194,2148,469,2617,14
2021-02-08,Humboldt,023,135768,2967,2902,19,2921,29
2021-02-08,Imperial,025,180216,26939,26526,2378,28904,567
2021-02-08,Inyo,027,18085,1174,1126,8,1134,30
2021-02-08,Kern,029,883053,90940,88380,9043,97423,920
2021-02-08,Kings,031,150075,21727,21232,902,22134,195
2021-02-08,Lake,033,64148,3027,2949,1,2950,36
2021-02-08,Lassen,035,31185,5032,4976,87,5063,1
2021-02-08,Los Angeles,037,10098052,1152259,1120179,37262,1157441,17977
2021-02-08,Madera,039,155013,15174,14887,749,15636,93
2021-02-08,Marin,041,260295,12780,12591,145,12736,194
2021-02-08,Mariposa,043,17540,368,355,4,359,4
2021-02-08,Mendocino,045,87422,3518,3355,69,3424,38
2021-02-08,Merced,047,269075,27309,27082,810,27892,346
2021-02-08,Modoc,049,8938,328,318,109,427,3
2021-02-08,Mono,051,14174,1158,1165,15,1180,3
2021-02-08,Monterey,053,433212,40925,40186,1524,41710,283
2021-02-08,Napa,055,140530,8784,8719,31,8750,55
2021-02-08,Nevada,057,99092,3800,3671,147,3818,44
2021-02-08,Orange,059,3164182,242186,238715,9762,248477,3361
2021-02-08,Placer,061,380077,19949,18944,1034,19978,211
2021-02-08,Plumas,063,18699,630,584,10,594,2
2021-02-08,Riverside,065,2383286,280298,272904,12978,285882,3301
2021-02-08,Sacramento,067,1510023,90941,89267,1136,90403,1247
2021-02-08,San Benito,069,59416,5594,5553,78,5631,52
2021-02-08,San Bernardino,071,2135413,282034,274661,8285,282946,2587
2021-02-08,San Diego,073,3302833,256474,247259,12312,259571,2821
2021-02-08,San Francisco,075,870044,33058,32679,951,33630,348
2021-02-08,San Joaquin,077,732212,64818,63148,2557,65705,929
2021-02-08,San Luis Obispo,079,281455,18962,18421,507,18928,214
2021-02-08,San Mateo,081,765935,38259,37084,381,37465,232
2021-02-08,Santa Barbara,083,443738,30954,29978,969,30947,340
2021-02-08,Santa Clara,085,1922200,106538,105413,504,105917,1456
2021-02-08,Santa Cruz,087,273765,14954,13921,728,14649,161
2021-02-08,Shasta,089,179085,10627,10574,1139,11713,137
2021-02-08,Sierra,091,2930,49,44,12,56,0
2021-02-08,Siskiyou,093,43540,1402,1303,206,1509,4
2021-02-08,Solano,095,438530,29048,28644,330,28974,130
2021-02-08,Sonoma,097,501317,26896,26760,155,26915,259
2021-02-08,Stanislaus,099,539301,48849,47704,5019,52723,679
2021-02-08,Sutter,101,95872,8582,8526,76,8602,92
2021-02-08,Tehama,103,63373,4495,4403,468,4871,22
2021-02-08,Trinity,105,12862,450,266,67,333,3
2021-02-08,Tulare,107,460477,46956,45617,7254,52871,673
2021-02-08,Tuolumne,109,53932,3668,3647,34,3681,48
2021-02-08,Ventura,111,848112,75196,74068,2623,76691,565
2021-02-08,Yolo,113,214977,12472,12169,134,12303,162
2021-02-08,Yuba,115,75493,5320,5215,78,5293,35
2021-02-07,Alameda,001,1643700,77729,76500,1610,78110,924
2021-02-07,Alpine,003,1148,74,72,0,72,0
2021-02-07,Amador,005,37829,3355,3343,27,3370,33
2021-02-07,Butte,007,227075,10993,10513,1532,12045,152
2021-02-07,Calaveras,009,45235,1854,1837,11,1848,21
2021-02-07,Colusa,011,21464,1814,1795,232,2027,10
2021-02-07,Contra Costa,013,1133247,60447,58836,1002,59838,566
2021-02-07,Del Norte,015,27424,923,881,4,885,2
2021-02-07,El Dorado,017,186661,8818,8596,580,9176,86
2021-02-07,Fresno,019,978130,93360,91184,7177,98361,1207
2021-02-07,Glenn,021,27897,2190,2141,464,2605,14
2021-02-07,Humboldt,023,135768,2946,2895,19,2914,28
2021-02-07,Imperial,025,180216,26912,26518,2373,28891,567
2021-02-07,Inyo,027,18085,1163,1124,8,1132,27
2021-02-07,Kern,029,883053,90693,88146,8985,97131,920
2021-02-07,Kings,031,150075,21666,21180,899,22079,192
2021-02-07,Lake,033,64148,3012,2940,1,2941,36
2021-02-07,Lassen,035,31185,5021,4973,87,5060,1
2021-02-07,Los Angeles,037,10098052,1149503,1117551,37135,1154686,17889
2021-02-07,Madera,039,155013,15140,14850,745,15595,93
2021-02-07,Marin,041,260295,12747,12571,143,12714,194
2021-02-07,Mariposa,043,17540,367,355,4,359,4
2021-02-07,Mendocino,045,87422,3501,3348,69,3417,38
2021-02-07,Merced,047,269075,27197,26977,798,27775,346
2021-02-07,Modoc,049,8938,328,317,105,422,3
2021-02-07,Mono,051,14174,1155,1165,15,1180,3
2021-02-07,Monterey,053,433212,40789,40113,1505,41618,283
2021-02-07,Napa,055,140530,8761,8701,31,8732,55
2021-02-07,Nevada,057,99092,3789,3643,147,3790,44
2021-02-07,Orange,059,3164182,241588,238155,9729,247884,3336
2021-02-07,Placer,061,380077,19902,18903,1021,19924,211
2021-02-07,Plumas,063,18699,630,584,10,594,2
2021-02-07,Riverside,065,2383286,279770,272301,12957,285258,3267
2021-02-07,Sacramento,067,1510023,90608,88919,1129,90048,1246
2021-02-07,San Benito,069,59416,5575,5548,77,5625,52
2021-02-07,San Bernardino,071,2135413,281441,274316,8260,282576,2587
2021-02-07,San Diego,073,3302833,255688,246561,12248,258809,2821
2021-02-07,San Francisco,075,870044,32938,32609,939,33548,348
2021-02-07,San Joaquin,077,732212,64544,63051,2543,65594,929
2021-02-07,San Luis Obispo,079,281455,18890,18349,500,18849,214
2021-02-07,San Mateo,081,765935,38125,36984,379,37363,232
2021-02-07,Santa Barbara,083,443738,30814,29815,958,30773,340
2021-02-07,Santa Clara,085,1922200,106199,105118,494,105612,1450
2021-02-07,Santa Cruz,087,273765,14900,13887,723,14610,161
2021-02-07,Shasta,089,179085,10607,10570,1131,11701,137
2021-02-07,Sierra,091,2930,49,43,12,55,0
2021-02-07,Siskiyou,093,43540,1395,1295,204,1499,4
2021-02-07,Solano,095,438530,28937,28567,329,28896,130
2021-02-07,Sonoma,097,501317,26789,26684,151,26835,257
2021-02-07,Stanislaus,099,539301,48659,47551,4987,52538,679
2021-02-07,Sutter,101,95872,8554,8515,76,8591,92
2021-02-07,Tehama,103,63373,4479,4396,467,4863,22
2021-02-07,Trinity,105,12862,447,264,65,329,3
2021-02-07,Tulare,107,460477,46834,45520,7176,52696,671
2021-02-07,Tuolumne,109,53932,3644,3619,33,3652,48
2021-02-07,Ventura,111,848112,74885,73759,2611,76370,561
2021-02-07,Yolo,113,214977,12427,12135,134,12269,162
2021-02-07,Yuba,115,75493,5305,5198,76,5274,35
2021-02-06,Alameda,001,1643700,77576,76170,1599,77769,922
2021-02-06,Alpine,003,1148,74,72,0,72,0
2021-02-06,Amador,005,37829,3349,3306,27,3333,33
2021-02-06,Butte,007,227075,10976,10480,1528,12008,150
2021-02-06,Calaveras,009,45235,1852,1832,11,1843,21
2021-02-06,Colusa,011,21464,1812,1791,231,2022,10
2021-02-06,Contra Costa,013,1133247,60300,58567,996,59563,566
2021-02-06,Del Norte,015,27424,919,879,4,883,2
2021-02-06,El Dorado,017,186661,8811,8575,576,9151,86
2021-02-06,Fresno,019,978130,93247,90944,7156,98100,1207
2021-02-06,Glenn,021,27897,2188,2136,463,2599,14
2021-02-06,Humboldt,023,135768,2935,2880,19,2899,28
2021-02-06,Imperial,025,180216,26900,26514,2372,28886,567
2021-02-06,Inyo,027,18085,1160,1113,8,1121,27
2021-02-06,Kern,029,883053,90539,87919,8939,96858,912
2021-02-06,Kings,031,150075,21636,21156,899,22055,190
2021-02-06,Lake,033,64148,3007,2920,1,2921,34
2021-02-06,Lassen,035,31185,5017,4964,86,5050,1
2021-02-06,Los Angeles,037,10098052,1148146,1114718,37038,1151756,17793
2021-02-06,Madera,039,155013,15119,14807,743,15550,93
2021-02-06,Marin,041,260295,12727,12531,143,12674,194
2021-02-06,Mariposa,043,17540,366,355,3,358,4
2021-02-06,Mendocino,045,87422,3483,3316,68,3384,38
2021-02-06,Merced,047,269075,27111,26881,790,27671,346
2021-02-06,Modoc,049,8938,328,313,105,418,3
2021-02-06,Mono,051,14174,1154,1159,15,1174,3
2021-02-06,Monterey,053,433212,40731,39995,1497,41492,282
2021-02-06,Napa,055,140530,8748,8639,31,8670,55
2021-02-06,Nevada,057,99092,3777,3624,147,3771,43
2021-02-06,Orange,059,3164182,241225,237391,9695,247086,3293
2021-02-06,Placer,061,380077,19865,18836,1018,19854,211
2021-02-06,Plumas,063,18699,630,584,10,594,2
2021-02-06,Riverside,065,2383286,279402,271741,12938,284679,3243
2021-02-06,Sacramento,067,1510023,90391,88532,1119,89651,1237
2021-02-06,San Benito,069,59416,5557,5516,77,5593,52
2021-02-06,San Bernardino,071,2135413,281132,273718,8238,281956,2564
2021-02-06,San Diego,073,3302833,255192,245331,12213,257544,2812
2021-02-06,San Francisco,075,870044,32864,32437,929,33366,346
2021-02-06,San Joaquin,077,732212,64465,62840,2532,65372,906
2021-02-06,San Luis Obispo,079,281455,18848,18284,496,18780,214
2021-02-06,San Mateo,081,765935,38057,36824,376,37200,232
2021-02-06,Santa Barbara,083,443738,30738,29645,956,30601,337
2021-02-06,Santa Clara,085,1922200,105977,104639,489,105128,1439
2021-02-06,Santa Cruz,087,273765,14869,13845,719,14564,161
2021-02-06,Shasta,089,179085,10596,10561,1129,11690,137
2021-02-06,Sierra,091,2930,49,43,12,55,0
2021-02-06,Siskiyou,093,43540,1392,1289,203,1492,4
2021-02-06,Solano,095,438530,28901,28446,328,28774,129
2021-02-06,Sonoma,097,501317,26752,26564,149,26713,257
2021-02-06,Stanislaus,099,539301,48562,47325,4972,52297,679
2021-02-06,Sutter,101,95872,8546,8485,76,8561,92
2021-02-06,Tehama,103,63373,4469,4380,466,4846,22
2021-02-06,Trinity,105,12862,447,263,65,328,3
2021-02-06,Tulare,107,460477,46766,45349,7131,52480,664
2021-02-06,Tuolumne,109,53932,3637,3612,33,3645,48
2021-02-06,Ventura,111,848112,74705,73431,2605,76036,552
2021-02-06,Yolo,113,214977,12404,12061,134,12195,161
2021-02-06,Yuba,115,75493,5295,5177,75,5252,35
2021-02-05,Alameda,001,1643700,77347,75716,1597,77313,916
2021-02-05,Alpine,003,1148,74,72,0,72,0
2021-02-05,Amador,005,37829,3344,3299,26,3325,33
2021-02-05,Butte,007,227075,10957,10421,1521,11942,150
2021-02-05,Calaveras,009,45235,1848,1818,11,1829,21
2021-02-05,Colusa,011,21464,1808,1785,231,2016,10
2021-02-05,Contra Costa,013,1133247,60139,58195,994,59189,560
2021-02-05,Del Norte,015,27424,918,874,4,878,2
2021-02-05,El Dorado,017,186661,8791,8527,574,9101,86
2021-02-05,Fresno,019,978130,93045,90513,7135,97648,1194
2021-02-05,Glenn,021,27897,2185,2122,458,2580,14
2021-02-05,Humboldt,023,135768,2925,2857,19,2876,28
2021-02-05,Imperial,025,180216,26881,26474,2371,28845,557
2021-02-05,Inyo,027,18085,1156,1104,8,1112,27
2021-02-05,Kern,029,883053,90370,87470,8873,96343,906
2021-02-05,Kings,031,150075,21598,21021,896,21917,190
2021-02-05,Lake,033,64148,2995,2906,1,2907,33
2021-02-05,Lassen,035,31185,5013,4936,86,5022,1
2021-02-05,Los Angeles,037,10098052,1146047,1110384,36906,1147290,17608
2021-02-05,Madera,039,155013,15085,14752,738,15490,95
2021-02-05,Marin,041,260295,12692,12479,143,12622,193
2021-02-05,Mariposa,043,17540,366,352,3,355,4
2021-02-05,Mendocino,045,87422,3469,3272,68,3340,38
2021-02-05,Merced,047,269075,27051,26760,789,27549,345
2021-02-05,Modoc,049,8938,328,312,105,417,3
2021-02-05,Mono,051,14174,1153,1157,15,1172,3
2021-02-05,Monterey,053,433212,40664,39840,1486,41326,281
2021-02-05,Napa,055,140530,8734,8598,31,8629,55
2021-02-05,Nevada,057,99092,3774,3607,147,3754,43
2021-02-05,Orange,059,3164182,240798,236335,9668,246003,3260
2021-02-05,Placer,061,380077,19829,18756,1016,19772,211
2021-02-05,Plumas,063,18699,628,578,10,588,2
2021-02-05,Riverside,065,2383286,278987,270666,12919,283585,3235
2021-02-05,Sacramento,067,1510023,90211,87992,1112,89104,1231
2021-02-05,San Benito,069,59416,5546,5502,77,5579,51
2021-02-05,San Bernardino,071,2135413,280786,272938,8222,281160,2495
2021-02-05,San Diego,073,3302833,254616,244066,12178,256244,2777
2021-02-05,San Francisco,075,870044,32774,32229,918,33147,337
2021-02-05,San Joaquin,077,732212,64316,62565,2524,65089,902
2021-02-05,San Luis Obispo,079,281455,18787,18152,492,18644,213
2021-02-05,San Mateo,081,765935,37974,36582,375,36957,227
2021-02-05,Santa Barbara,083,443738,30641,29455,943,30398,334
2021-02-05,Santa Clara,085,1922200,105729,104112,487,104599,1421
2021-02-05,Santa Cruz,087,273765,14848,13776,717,14493,161
2021-02-05,Shasta,089,179085,10580,10507,1122,11629,136
2021-02-05,Sierra,091,2930,49,42,12,54,0
2021-02-05,Siskiyou,093,43540,1385,1276,201,1477,4
2021-02-05,Solano,095,438530,28851,28283,328,28611,127
2021-02-05,Sonoma,097,501317,26683,26423,146,26569,252
2021-02-05,Stanislaus,099,539301,48417,47024,4954,51978,678
2021-02-05,Sutter,101,95872,8526,8443,76,8519,92
2021-02-05,Tehama,103,63373,4460,4355,465,4820,22
2021-02-05,Trinity,105,12862,446,260,65,325,3
2021-02-05,Tulare,107,460477,46690,45138,7083,52221,663
2021-02-05,Tuolumne,109,53932,3611,3595,33,3628,45
2021-02-05,Ventura,111,848112,74460,72953,2593,75546,546
2021-02-05,Yolo,113,214977,12385,12025,131,12156,162
2021-02-05,Yuba,115,75493,5278,5145,75,5220,35
2021-02-04,Alameda,001,1643700,77062,75422,1591,77013,899
2021-02-04,Alpine,003,1148,73,72,0,72,0
2021-02-04,Amador,005,37829,3341,3288,26,3314,33
2021-02-04,Butte,007,227075,10924,10386,1513,11899,147
2021-02-04,Calaveras,009,45235,1846,1808,11,1819,21
2021-02-04,Colusa,011,21464,1804,1777,229,2006,10
2021-02-04,Contra Costa,013,1133247,59952,57991,990,58981,550
2021-02-04,Del Norte,015,27424,912,870,4,874,2
2021-02-04,El Dorado,017,186661,8765,8490,571,9061,86
2021-02-04,Fresno,019,978130,92830,90126,7108,97234,1114
2021-02-04,Glenn,021,27897,2180,2102,457,2559,14
2021-02-04,Humboldt,023,135768,2915,2827,19,2846,28
2021-02-04,Imperial,025,180216,26836,26411,2369,28780,556
2021-02-04,Inyo,027,18085,1144,1084,8,1092,27
2021-02-04,Kern,029,883053,90096,87156,8797,95953,898
2021-02-04,Kings,031,150075,21548,20918,890,21808,187
2021-02-04,Lake,033,64148,2983,2882,1,2883,34
2021-02-04,Lassen,035,31185,5010,4927,86,5013,1
2021-02-04,Los Angeles,037,10098052,1143248,1106323,36782,1143105,17396
2021-02-04,Madera,039,155013,15055,14706,735,15441,95
2021-02-04,Marin,041,260295,12656,12431,143,12574,192
2021-02-04,Mariposa,043,17540,366,348,3,351,4
2021-02-04,Mendocino,045,87422,3451,3240,66,3306,38
2021-02-04,Merced,047,269075,26957,26629,786,27415,345
2021-02-04,Modoc,049,8938,328,309,105,414,3
2021-02-04,Mono,051,14174,1151,1153,15,1168,3
2021-02-04,Monterey,053,433212,40553,39619,1469,41088,279
2021-02-04,Napa,055,140530,8705,8573,31,8604,55
2021-02-04,Nevada,057,99092,3754,3590,146,3736,37
2021-02-04,Orange,059,3164182,240156,235677,9626,245303,3238
2021-02-04,Placer,061,380077,19769,18711,1007,19718,210
2021-02-04,Plumas,063,18699,625,562,10,572,2
2021-02-04,Riverside,065,2383286,278223,269851,12880,282731,3230
2021-02-04,Sacramento,067,1510023,89910,87658,1102,88760,1222
2021-02-04,San Benito,069,59416,5532,5488,76,5564,51
2021-02-04,San Bernardino,071,2135413,280237,272223,8202,280425,2409
2021-02-04,San Diego,073,3302833,253828,242613,12112,254725,2738
2021-02-04,San Francisco,075,870044,32660,32116,909,33025,326
2021-02-04,San Joaquin,077,732212,64091,62374,2516,64890,883
2021-02-04,San Luis Obispo,079,281455,18720,18058,490,18548,211
2021-02-04,San Mateo,081,765935,37853,36437,372,36809,226
2021-02-04,Santa Barbara,083,443738,30506,29344,926,30270,322
2021-02-04,Santa Clara,085,1922200,105386,103781,484,104265,1404
2021-02-04,Santa Cruz,087,273765,14815,13713,709,14422,156
2021-02-04,Shasta,089,179085,10554,10466,1117,11583,131
2021-02-04,Sierra,091,2930,49,42,12,54,0
2021-02-04,Siskiyou,093,43540,1376,1273,201,1474,4
2021-02-04,Solano,095,438530,28748,28192,327,28519,120
2021-02-04,Sonoma,097,501317,26601,26276,143,26419,249
2021-02-04,Stanislaus,099,539301,48256,46822,4935,51757,678
2021-02-04,Sutter,101,95872,8506,8401,76,8477,92
2021-02-04,Tehama,103,63373,4443,4327,464,4791,21
2021-02-04,Trinity,105,12862,445,260,64,324,3
2021-02-04,Tulare,107,460477,46563,44983,7025,52008,656
2021-02-04,Tuolumne,109,53932,3571,3585,33,3618,45
2021-02-04,Ventura,111,848112,74128,72595,2580,75175,537
2021-02-04,Yolo,113,214977,12351,11982,130,12112,161
2021-02-04,Yuba,115,75493,5252,5135,75,5210,34
2021-02-03,Alameda,001,1643700,76739,74968,1587,76555,880
2021-02-03,Alpine,003,1148,73,72,0,72,0
2021-02-03,Amador,005,37829,3337,3281,26,3307,33
2021-02-03,Butte,007,227075,10892,10355,1506,11861,144
2021-02-03,Calaveras,009,45235,1831,1799,11,1810,21
2021-02-03,Colusa,011,21464,1799,1773,228,2001,10
2021-02-03,Contra Costa,013,1133247,59711,57762,978,58740,537
2021-02-03,Del Norte,015,27424,907,869,4,873,2
2021-02-03,El Dorado,017,186661,8744,8428,570,8998,86
2021-02-03,Fresno,019,978130,92609,89748,7069,96817,1015
2021-02-03,Glenn,021,27897,2170,2098,456,2554,14
2021-02-03,Humboldt,023,135768,2905,2800,19,2819,27
2021-02-03,Imperial,025,180216,26800,26363,2363,28726,547
2021-02-03,Inyo,027,18085,1134,1071,8,1079,27
2021-02-03,Kern,029,883053,89853,86771,8756,95527,877
2021-02-03,Kings,031,150075,21487,20831,888,21719,172
2021-02-03,Lake,033,64148,2965,2869,1,2870,33
2021-02-03,Lassen,035,31185,4998,4910,86,4996,1
2021-02-03,Los Angeles,037,10098052,1140165,1101890,36661,1138551,17163
2021-02-03,Madera,039,155013,15015,14605,733,15338,94
2021-02-03,Marin,041,260295,12621,12406,143,12549,190
2021-02-03,Mariposa,043,17540,365,347,3,350,4
2021-02-03,Mendocino,045,87422,3425,3236,65,3301,38
2021-02-03,Merced,047,269075,26842,26520,782,27302,343
2021-02-03,Modoc,049,8938,327,308,105,413,3
2021-02-03,Mono,051,14174,1144,1146,15,1161,3
2021-02-03,Monterey,053,433212,40426,39500,1452,40952,279
2021-02-03,Napa,055,140530,8670,8534,31,8565,54
2021-02-03,Nevada,057,99092,3740,3572,146,3718,35
2021-02-03,Orange,059,3164182,239412,234738,9594,244332,3189
2021-02-03,Placer,061,380077,19714,18646,1005,19651,210
2021-02-03,Plumas,063,18699,625,559,10,569,2
2021-02-03,Riverside,065,2383286,277482,269019,12850,281869,3195
2021-02-03,Sacramento,067,1510023,89587,87415,1098,88513,1212
2021-02-03,San Benito,069,59416,5514,5463,73,5536,51
2021-02-03,San Bernardino,071,2135413,279751,271477,8179,279656,2308
2021-02-03,San Diego,073,3302833,252926,241015,12066,253081,2683
2021-02-03,San Francisco,075,870044,32530,31983,904,32887,325
2021-02-03,San Joaquin,077,732212,63863,61976,2506,64482,880
2021-02-03,San Luis Obispo,079,281455,18642,17922,487,18409,206
2021-02-03,San Mateo,081,765935,37715,36227,368,36595,225
2021-02-03,Santa Barbara,083,443738,30357,29121,917,30038,315
2021-02-03,Santa Clara,085,1922200,105070,103278,482,103760,1364
2021-02-03,Santa Cruz,087,273765,14760,13611,703,14314,154
2021-02-03,Shasta,089,179085,10511,10422,1112,11534,130
2021-02-03,Sierra,091,2930,49,42,12,54,0
2021-02-03,Siskiyou,093,43540,1365,1268,200,1468,4
2021-02-03,Solano,095,438530,28626,28057,327,28384,119
2021-02-03,Sonoma,097,501317,26517,26155,142,26297,248
2021-02-03,Stanislaus,099,539301,48080,46598,4916,51514,662
2021-02-03,Sutter,101,95872,8481,8379,76,8455,90
2021-02-03,Tehama,103,63373,4425,4309,461,4770,21
2021-02-03,Trinity,105,12862,445,260,63,323,3
2021-02-03,Tulare,107,460477,46392,44838,6969,51807,640
2021-02-03,Tuolumne,109,53932,3560,3568,33,3601,45
2021-02-03,Ventura,111,848112,73791,72124,2570,74694,526
2021-02-03,Yolo,113,214977,12326,11933,130,12063,161
2021-02-03,Yuba,115,75493,5234,5124,75,5199,34
2021-02-02,Alameda,001,1643700,76394,74642,1575,76217,869
2021-02-02,Alpine,003,1148,73,72,0,72,0
2021-02-02,Amador,005,37829,3306,3275,26,3301,33
2021-02-02,Butte,007,227075,10866,10307,1497,11804,141
2021-02-02,Calaveras,009,45235,1822,1786,11,1797,21
2021-02-02,Colusa,011,21464,1791,1769,223,1992,9
2021-02-02,Contra Costa,013,1133247,59431,57551,975,58526,536
2021-02-02,Del Norte,015,27424,901,868,4,872,2
2021-02-02,El Dorado,017,186661,8704,8405,570,8975,84
2021-02-02,Fresno,019,978130,92308,89542,7034,96576,1009
2021-02-02,Glenn,021,27897,2158,2090,453,2543,14
2021-02-02,Humboldt,023,135768,2893,2784,19,2803,25
2021-02-02,Imperial,025,180216,26747,26317,2357,28674,535
2021-02-02,Inyo,027,18085,1131,1074,8,1082,27
2021-02-02,Kern,029,883053,89550,86485,8680,95165,867
2021-02-02,Kings,031,150075,21409,20785,880,21665,172
2021-02-02,Lake,033,64148,2945,2857,1,2858,33
2021-02-02,Lassen,035,31185,4991,4908,86,4994,1
2021-02-02,Los Angeles,037,10098052,1136780,1097573,36499,1134072,16913
2021-02-02,Madera,039,155013,14964,14595,728,15323,94
2021-02-02,Marin,041,260295,12592,12367,143,12510,189
2021-02-02,Mariposa,043,17540,362,345,3,348,4
2021-02-02,Mendocino,045,87422,3392,3210,65,3275,38
2021-02-02,Merced,047,269075,26745,26427,776,27203,340
2021-02-02,Modoc,049,8938,322,306,105,411,3
2021-02-02,Mono,051,14174,1142,1147,15,1162,3
2021-02-02,Monterey,053,433212,40291,39371,1438,40809,278
2021-02-02,Napa,055,140530,8641,8505,31,8536,53
2021-02-02,Nevada,057,99092,3725,3548,146,3694,20
2021-02-02,Orange,059,3164182,238610,233783,9559,243342,3152
2021-02-02,Placer,061,380077,19656,18615,1001,19616,205
2021-02-02,Plumas,063,18699,625,560,10,570,2
2021-02-02,Riverside,065,2383286,276622,267901,12816,280717,3169
2021-02-02,Sacramento,067,1510023,89297,87107,1087,88194,1202
2021-02-02,San Benito,069,59416,5500,5444,72,5516,50
2021-02-02,San Bernardino,071,2135413,279073,270486,8150,278636,2244
2021-02-02,San Diego,073,3302833,251887,240047,11979,252026,2629
2021-02-02,San Francisco,075,870044,32376,31788,894,32682,324
2021-02-02,San Joaquin,077,732212,63642,61708,2493,64201,878
2021-02-02,San Luis Obispo,079,281455,18548,17811,485,18296,201
2021-02-02,San Mateo,081,765935,37551,36004,362,36366,225
2021-02-02,Santa Barbara,083,443738,30186,28951,910,29861,304
2021-02-02,Santa Clara,085,1922200,104605,102872,477,103349,1349
2021-02-02,Santa Cruz,087,273765,14701,13572,699,14271,150
2021-02-02,Shasta,089,179085,10485,10371,1102,11473,128
2021-02-02,Sierra,091,2930,49,42,12,54,0
2021-02-02,Siskiyou,093,43540,1358,1252,197,1449,4
2021-02-02,Solano,095,438530,28530,27963,323,28286,118
2021-02-02,Sonoma,097,501317,26401,26054,142,26196,247
2021-02-02,Stanislaus,099,539301,47861,46306,4884,51190,641
2021-02-02,Sutter,101,95872,8458,8340,76,8416,89
2021-02-02,Tehama,103,63373,4411,4289,460,4749,21
2021-02-02,Trinity,105,12862,445,260,63,323,3
2021-02-02,Tulare,107,460477,46236,44720,6904,51624,625
2021-02-02,Tuolumne,109,53932,3548,3548,33,3581,39
2021-02-02,Ventura,111,848112,73375,71557,2560,74117,514
2021-02-02,Yolo,113,214977,12281,11886,129,12015,158
2021-02-02,Yuba,115,75493,5216,5111,74,5185,34
2021-02-01,Alameda,001,1643700,76039,74374,1570,75944,858
2021-02-01,Alpine,003,1148,73,72,0,72,0
2021-02-01,Amador,005,37829,3295,3234,26,3260,32
2021-02-01,Butte,007,227075,10822,10263,1493,11756,141
2021-02-01,Calaveras,009,45235,1815,1785,11,1796,21
2021-02-01,Colusa,011,21464,1786,1763,214,1977,9
2021-02-01,Contra Costa,013,1133247,59188,57324,974,58298,531
2021-02-01,Del Norte,015,27424,897,865,4,869,2
2021-02-01,El Dorado,017,186661,8665,8337,570,8907,83
2021-02-01,Fresno,019,978130,91976,89272,6999,96271,994
2021-02-01,Glenn,021,27897,2142,2086,445,2531,14
2021-02-01,Humboldt,023,135768,2872,2773,18,2791,25
2021-02-01,Imperial,025,180216,26703,26224,2355,28579,530
2021-02-01,Inyo,027,18085,1121,1072,8,1080,27
2021-02-01,Kern,029,883053,89153,86170,8612,94782,862
2021-02-01,Kings,031,150075,21318,20746,872,21618,172
2021-02-01,Lake,033,64148,2929,2843,1,2844,33
2021-02-01,Lassen,035,31185,4971,4907,86,4993,1
2021-02-01,Los Angeles,037,10098052,1132953,1094341,36334,1130675,16695
2021-02-01,Madera,039,155013,14929,14572,725,15297,94
2021-02-01,Marin,041,260295,12553,12341,142,12483,188
2021-02-01,Mariposa,043,17540,360,344,3,347,4
2021-02-01,Mendocino,045,87422,3359,3192,65,3257,37
2021-02-01,Merced,047,269075,26621,26282,767,27049,337
2021-02-01,Modoc,049,8938,316,303,101,404,1
2021-02-01,Mono,051,14174,1139,1145,15,1160,3
2021-02-01,Monterey,053,433212,40107,39196,1417,40613,278
2021-02-01,Napa,055,140530,8609,8449,31,8480,52
2021-02-01,Nevada,057,99092,3708,3535,145,3680,20
2021-02-01,Orange,059,3164182,237698,233155,9514,242669,3100
2021-02-01,Placer,061,380077,19589,18574,994,19568,204
2021-02-01,Plumas,063,18699,623,554,10,564,2
2021-02-01,Riverside,065,2383286,275682,267025,12781,279806,3092
2021-02-01,Sacramento,067,1510023,88895,86856,1076,87932,1193
2021-02-01,San Benito,069,59416,5482,5432,72,5504,48
2021-02-01,San Bernardino,071,2135413,278377,270012,8111,278123,2172
2021-02-01,San Diego,073,3302833,250662,239121,11903,251024,2619
2021-02-01,San Francisco,075,870044,32241,31703,882,32585,324
2021-02-01,San Joaquin,077,732212,63436,61542,2482,64024,877
2021-02-01,San Luis Obispo,079,281455,18428,17690,478,18168,199
2021-02-01,San Mateo,081,765935,37402,35843,362,36205,220
2021-02-01,Santa Barbara,083,443738,30017,28837,902,29739,297
2021-02-01,Santa Clara,085,1922200,104188,102462,476,102938,1343
2021-02-01,Santa Cruz,087,273765,14648,13524,697,14221,149
2021-02-01,Shasta,089,179085,10460,10329,1096,11425,112
2021-02-01,Sierra,091,2930,49,42,12,54,0
2021-02-01,Siskiyou,093,43540,1351,1238,194,1432,4
2021-02-01,Solano,095,438530,28425,27844,322,28166,117
2021-02-01,Sonoma,097,501317,26313,26011,141,26152,243
2021-02-01,Stanislaus,099,539301,47604,46112,4856,50968,642
2021-02-01,Sutter,101,95872,8419,8313,76,8389,89
2021-02-01,Tehama,103,63373,4385,4263,460,4723,21
2021-02-01,Trinity,105,12862,443,260,63,323,3
2021-02-01,Tulare,107,460477,46091,44569,6824,51393,618
2021-02-01,Tuolumne,109,53932,3540,3534,33,3567,39
2021-02-01,Ventura,111,848112,72970,71104,2543,73647,502
2021-02-01,Yolo,113,214977,12233,11824,129,11953,151
2021-02-01,Yuba,115,75493,5202,5084,73,5157,33
2021-01-31,Alameda,001,1643700,75613,73979,1562,75541,857
2021-01-31,Alpine,003,1148,73,72,0,72,0
2021-01-31,Amador,005,37829,3285,3212,25,3237,32
2021-01-31,Butte,007,227075,10777,10215,1483,11698,140
2021-01-31,Calaveras,009,45235,1795,1778,11,1789,21
2021-01-31,Colusa,011,21464,1780,1754,209,1963,9
2021-01-31,Contra Costa,013,1133247,58855,57079,974,58053,531
2021-01-31,Del Norte,015,27424,895,865,4,869,2
2021-01-31,El Dorado,017,186661,8628,8317,568,8885,83
2021-01-31,Fresno,019,978130,91664,88852,6945,95797,994
2021-01-31,Glenn,021,27897,2132,2083,444,2527,14
2021-01-31,Humboldt,023,135768,2856,2767,18,2785,25
2021-01-31,Imperial,025,180216,26631,26206,2346,28552,530
2021-01-31,Inyo,027,18085,1108,1072,8,1080,27
2021-01-31,Kern,029,883053,88656,85872,8528,94400,861
2021-01-31,Kings,031,150075,21234,20709,860,21569,172
2021-01-31,Lake,033,64148,2908,2826,1,2827,33
2021-01-31,Lassen,035,31185,4955,4900,86,4986,1
2021-01-31,Los Angeles,037,10098052,1128322,1090304,36133,1126437,16609
2021-01-31,Madera,039,155013,14875,14496,717,15213,94
2021-01-31,Marin,041,260295,12506,12297,138,12435,185
2021-01-31,Mariposa,043,17540,358,344,3,347,4
2021-01-31,Mendocino,045,87422,3336,3181,64,3245,37
2021-01-31,Merced,047,269075,26477,26222,762,26984,337
2021-01-31,Modoc,049,8938,313,304,99,403,1
2021-01-31,Mono,051,14174,1136,1146,15,1161,3
2021-01-31,Monterey,053,433212,39928,39035,1390,40425,278
2021-01-31,Napa,055,140530,8567,8404,31,8435,52
2021-01-31,Nevada,057,99092,3686,3518,143,3661,20
2021-01-31,Orange,059,3164182,236680,232347,9474,241821,3053
2021-01-31,Placer,061,380077,19511,18506,983,19489,204
2021-01-31,Plumas,063,18699,622,554,10,564,2
2021-01-31,Riverside,065,2383286,274665,266145,12734,278879,3074
2021-01-31,Sacramento,067,1510023,88453,86560,1062,87622,1186
2021-01-31,San Benito,069,59416,5460,5425,70,5495,48
2021-01-31,San Bernardino,071,2135413,277356,269533,8082,277615,2156
2021-01-31,San Diego,073,3302833,249349,238039,11789,249828,2619
2021-01-31,San Francisco,075,870044,32050,31563,871,32434,323
2021-01-31,San Joaquin,077,732212,63035,61379,2473,63852,877
2021-01-31,San Luis Obispo,079,281455,18295,17615,473,18088,199
2021-01-31,San Mateo,081,765935,37212,35659,359,36018,219
2021-01-31,Santa Barbara,083,443738,29773,28570,893,29463,297
2021-01-31,Santa Clara,085,1922200,103637,101986,467,102453,1330
2021-01-31,Santa Cruz,087,273765,14553,13469,683,14152,149
2021-01-31,Shasta,089,179085,10415,10313,1088,11401,112
2021-01-31,Sierra,091,2930,48,43,12,55,0
2021-01-31,Siskiyou,093,43540,1341,1238,194,1432,4
2021-01-31,Solano,095,438530,28295,27678,322,28000,118
2021-01-31,Sonoma,097,501317,26210,25925,140,26065,243
2021-01-31,Stanislaus,099,539301,47320,45971,4826,50797,642
2021-01-31,Sutter,101,95872,8374,8289,76,8365,89
2021-01-31,Tehama,103,63373,4363,4256,459,4715,21
2021-01-31,Trinity,105,12862,441,260,63,323,3
2021-01-31,Tulare,107,460477,45924,44440,6744,51184,618
2021-01-31,Tuolumne,109,53932,3502,3519,33,3552,39
2021-01-31,Ventura,111,848112,72375,70635,2530,73165,502
2021-01-31,Yolo,113,214977,12172,11771,129,11900,151
2021-01-31,Yuba,115,75493,5182,5071,73,5144,33
2021-01-30,Alameda,001,1643700,75409,73622,1557,75179,850
2021-01-30,Alpine,003,1148,73,72,0,72,0
2021-01-30,Amador,005,37829,3281,3181,25,3206,32
2021-01-30,Butte,007,227075,10743,10177,1474,11651,139
2021-01-30,Calaveras,009,45235,1782,1763,11,1774,21
2021-01-30,Colusa,011,21464,1778,1748,209,1957,9
2021-01-30,Contra Costa,013,1133247,58672,56763,970,57733,531
2021-01-30,Del Norte,015,27424,894,865,4,869,2
2021-01-30,El Dorado,017,186661,8608,8299,567,8866,83
2021-01-30,Fresno,019,978130,91484,88476,6925,95401,964
2021-01-30,Glenn,021,27897,2129,2074,442,2516,14
2021-01-30,Humboldt,023,135768,2845,2742,18,2760,24
2021-01-30,Imperial,025,180216,26607,26160,2344,28504,530
2021-01-30,Inyo,027,18085,1104,1068,8,1076,27
2021-01-30,Kern,029,883053,88455,85572,8463,94035,848
2021-01-30,Kings,031,150075,21163,20605,855,21460,169
2021-01-30,Lake,033,64148,2902,2809,1,2810,33
2021-01-30,Lassen,035,31185,4951,4890,86,4976,1
2021-01-30,Los Angeles,037,10098052,1125923,1084763,35991,1120754,16484
2021-01-30,Madera,039,155013,14833,14443,712,15155,94
2021-01-30,Marin,041,260295,12478,12225,137,12362,185
2021-01-30,Mariposa,043,17540,356,344,3,347,4
2021-01-30,Mendocino,045,87422,3322,3153,63,3216,36
2021-01-30,Merced,047,269075,26403,26078,760,26838,335
2021-01-30,Modoc,049,8938,313,303,99,402,1
2021-01-30,Mono,051,14174,1136,1143,15,1158,3
2021-01-30,Monterey,053,433212,39868,38847,1388,40235,277
2021-01-30,Napa,055,140530,8551,8342,31,8373,52
2021-01-30,Nevada,057,99092,3667,3499,143,3642,20
2021-01-30,Orange,059,3164182,236135,231358,9437,240795,3013
2021-01-30,Placer,061,380077,19458,18430,977,19407,205
2021-01-30,Plumas,063,18699,620,554,10,564,2
2021-01-30,Riverside,065,2383286,274068,265137,12703,277840,3061
2021-01-30,Sacramento,067,1510023,88262,86388,1057,87445,1184
2021-01-30,San Benito,069,59416,5442,5401,69,5470,48
2021-01-30,San Bernardino,071,2135413,276928,268660,8063,276723,2122
2021-01-30,San Diego,073,3302833,248584,236765,11744,248509,2603
2021-01-30,San Francisco,075,870044,31949,31427,868,32295,316
2021-01-30,San Joaquin,077,732212,62903,61120,2464,63584,864
2021-01-30,San Luis Obispo,079,281455,18215,17522,472,17994,198
2021-01-30,San Mateo,081,765935,37073,35451,358,35809,219
2021-01-30,Santa Barbara,083,443738,29631,28342,891,29233,296
2021-01-30,Santa Clara,085,1922200,103291,101471,465,101936,1307
2021-01-30,Santa Cruz,087,273765,14513,13383,682,14065,149
2021-01-30,Shasta,089,179085,10396,10283,1085,11368,112
2021-01-30,Sierra,091,2930,48,43,12,55,0
2021-01-30,Siskiyou,093,43540,1338,1236,193,1429,4
2021-01-30,Solano,095,438530,28212,27511,321,27832,118
2021-01-30,Sonoma,097,501317,26162,25810,137,25947,243
2021-01-30,Stanislaus,099,539301,47190,45697,4799,50496,642
2021-01-30,Sutter,101,95872,8358,8226,76,8302,87
2021-01-30,Tehama,103,63373,4350,4229,458,4687,21
2021-01-30,Trinity,105,12862,441,259,63,322,3
2021-01-30,Tulare,107,460477,45788,44203,6708,50911,615
2021-01-30,Tuolumne,109,53932,3498,3508,33,3541,36
2021-01-30,Ventura,111,848112,72062,69931,2516,72447,493
2021-01-30,Yolo,113,214977,12158,11698,128,11826,151
2021-01-30,Yuba,115,75493,5172,5042,72,5114,33
2021-01-29,Alameda,001,1643700,75142,73210,1550,74760,841
2021-01-29,Alpine,003,1148,73,72,0,72,0
2021-01-29,Amador,005,37829,3269,3134,24,3158,32
2021-01-29,Butte,007,227075,10711,10122,1465,11587,138
2021-01-29,Calaveras,009,45235,1771,1757,11,1768,21
2021-01-29,Colusa,011,21464,1774,1734,208,1942,8
2021-01-29,Contra Costa,013,1133247,58502,56318,968,57286,529
2021-01-29,Del Norte,015,27424,893,865,4,869,2
2021-01-29,El Dorado,017,186661,8591,8231,566,8797,83
2021-01-29,Fresno,019,978130,91270,87936,6888,94824,962
2021-01-29,Glenn,021,27897,2124,2061,441,2502,14
2021-01-29,Humboldt,023,135768,2832,2707,18,2725,24
2021-01-29,Imperial,025,180216,26592,26045,2341,28386,521
2021-01-29,Inyo,027,18085,1092,1048,8,1056,27
2021-01-29,Kern,029,883053,88228,85044,8412,93456,836
2021-01-29,Kings,031,150075,21124,20466,850,21316,169
2021-01-29,Lake,033,64148,2892,2792,1,2793,32
2021-01-29,Lassen,035,31185,4948,4874,86,4960,1
2021-01-29,Los Angeles,037,10098052,1122428,1078329,35841,1114170,16190
2021-01-29,Madera,039,155013,14782,14377,712,15089,94
2021-01-29,Marin,041,260295,12433,12145,136,12281,185
2021-01-29,Mariposa,043,17540,355,342,3,345,4
2021-01-29,Mendocino,045,87422,3313,3131,62,3193,36
2021-01-29,Merced,047,269075,26329,25865,755,26620,334
2021-01-29,Modoc,049,8938,312,297,99,396,1
2021-01-29,Mono,051,14174,1134,1139,15,1154,3
2021-01-29,Monterey,053,433212,39754,38539,1380,39919,277
2021-01-29,Napa,055,140530,8520,8276,31,8307,52
2021-01-29,Nevada,057,99092,3658,3487,142,3629,20
2021-01-29,Orange,059,3164182,235458,229917,9400,239317,2967
2021-01-29,Placer,061,380077,19405,18367,973,19340,203
2021-01-29,Plumas,063,18699,619,548,10,558,2
2021-01-29,Riverside,065,2383286,273266,263504,12671,276175,3008
2021-01-29,Sacramento,067,1510023,88008,86320,1053,87373,1169
2021-01-29,San Benito,069,59416,5434,5386,69,5455,48
2021-01-29,San Bernardino,071,2135413,276416,267490,8025,275515,2095
2021-01-29,San Diego,073,3302833,247642,234637,11666,246303,2571
2021-01-29,San Francisco,075,870044,31809,31294,860,32154,307
2021-01-29,San Joaquin,077,732212,62758,60899,2450,63349,858
2021-01-29,San Luis Obispo,079,281455,18155,17440,467,17907,193
2021-01-29,San Mateo,081,765935,36940,35223,355,35578,218
2021-01-29,Santa Barbara,083,443738,29498,28105,885,28990,291
2021-01-29,Santa Clara,085,1922200,102930,101010,463,101473,1273
2021-01-29,Santa Cruz,087,273765,14460,13311,679,13990,148
2021-01-29,Shasta,089,179085,10379,10220,1081,11301,112
2021-01-29,Sierra,091,2930,48,43,12,55,0
2021-01-29,Siskiyou,093,43540,1337,1227,193,1420,4
2021-01-29,Solano,095,438530,28129,27352,319,27671,116
2021-01-29,Sonoma,097,501317,26106,25710,136,25846,243
2021-01-29,Stanislaus,099,539301,47047,45466,4777,50243,642
2021-01-29,Sutter,101,95872,8339,8181,76,8257,87
2021-01-29,Tehama,103,63373,4338,4191,456,4647,20
2021-01-29,Trinity,105,12862,441,260,63,323,3
2021-01-29,Tulare,107,460477,45681,43925,6669,50594,606
2021-01-29,Tuolumne,109,53932,3488,3483,33,3516,36
2021-01-29,Ventura,111,848112,71638,69511,2503,72014,484
2021-01-29,Yolo,113,214977,12120,11612,128,11740,151
2021-01-29,Yuba,115,75493,5156,5018,72,5090,32
2021-01-28,Alameda,001,1643700,74718,72758,1542,74300,833
2021-01-28,Alpine,003,1148,73,72,0,72,0
2021-01-28,Amador,005,37829,3232,3124,24,3148,31
2021-01-28,Butte,007,227075,10670,10037,1455,11492,138
2021-01-28,Calaveras,009,45235,1758,1747,10,1757,21
2021-01-28,Colusa,011,21464,1767,1731,204,1935,8
2021-01-28,Contra Costa,013,1133247,58261,55999,958,56957,525
2021-01-28,Del Norte,015,27424,892,862,4,866,2
2021-01-28,El Dorado,017,186661,8576,8198,561,8759,79
2021-01-28,Fresno,019,978130,90983,87401,6841,94242,949
2021-01-28,Glenn,021,27897,2119,2043,434,2477,14
2021-01-28,Humboldt,023,135768,2815,2686,18,2704,24
2021-01-28,Imperial,025,180216,26548,25984,2334,28318,517
2021-01-28,Inyo,027,18085,1087,1039,8,1047,27
2021-01-28,Kern,029,883053,87899,84708,8329,93037,817
2021-01-28,Kings,031,150075,21064,20328,847,21175,167
2021-01-28,Lake,033,64148,2877,2772,1,2773,32
2021-01-28,Lassen,035,31185,4942,4865,86,4951,1
2021-01-28,Los Angeles,037,10098052,1118513,1072412,35655,1108067,15967
2021-01-28,Madera,039,155013,14726,14301,708,15009,94
2021-01-28,Marin,041,260295,12380,12079,135,12214,183
2021-01-28,Mariposa,043,17540,355,334,3,337,4
2021-01-28,Mendocino,045,87422,3296,3110,62,3172,36
2021-01-28,Merced,047,269075,26207,25620,743,26363,328
2021-01-28,Modoc,049,8938,311,297,99,396,0
2021-01-28,Mono,051,14174,1132,1131,15,1146,3
2021-01-28,Monterey,053,433212,39560,38312,1361,39673,274
2021-01-28,Napa,055,140530,8473,8233,31,8264,50
2021-01-28,Nevada,057,99092,3643,3452,141,3593,19
2021-01-28,Orange,059,3164182,234481,228636,9370,238006,2860
2021-01-28,Placer,061,380077,19345,18246,970,19216,198
2021-01-28,Plumas,063,18699,618,547,10,557,2
2021-01-28,Riverside,065,2383286,272485,262342,12623,274965,2981
2021-01-28,Sacramento,067,1510023,87645,85698,1042,86740,1149
2021-01-28,San Benito,069,59416,5416,5344,68,5412,47
2021-01-28,San Bernardino,071,2135413,275716,266456,8004,274460,2057
2021-01-28,San Diego,073,3302833,246489,232967,11577,244544,2534
2021-01-28,San Francisco,075,870044,31672,31193,844,32037,290
2021-01-28,San Joaquin,077,732212,62493,60627,2436,63063,854
2021-01-28,San Luis Obispo,079,281455,18055,17279,465,17744,189
2021-01-28,San Mateo,081,765935,36771,34931,339,35270,218
2021-01-28,Santa Barbara,083,443738,29274,27674,872,28546,284
2021-01-28,Santa Clara,085,1922200,102464,100470,461,100931,1219
2021-01-28,Santa Cruz,087,273765,14371,13188,673,13861,145
2021-01-28,Shasta,089,179085,10345,10176,1073,11249,110
2021-01-28,Sierra,091,2930,48,43,12,55,0
2021-01-28,Siskiyou,093,43540,1330,1218,191,1409,4
2021-01-28,Solano,095,438530,27969,27163,318,27481,114
2021-01-28,Sonoma,097,501317,26015,25564,136,25700,236
2021-01-28,Stanislaus,099,539301,46839,45162,4758,49920,640
2021-01-28,Sutter,101,95872,8292,8136,76,8212,85
2021-01-28,Tehama,103,63373,4315,4163,453,4616,20
2021-01-28,Trinity,105,12862,439,260,63,323,3
2021-01-28,Tulare,107,460477,45525,43742,6594,50336,595
2021-01-28,Tuolumne,109,53932,3474,3472,33,3505,32
2021-01-28,Ventura,111,848112,71125,68896,2487,71383,475
2021-01-28,Yolo,113,214977,12077,11500,124,11624,151
2021-01-28,Yuba,115,75493,5140,4994,71,5065,32
2021-01-27,Alameda,001,1643700,74299,72188,1535,73723,815
2021-01-27,Alpine,003,1148,73,72,0,72,0
2021-01-27,Amador,005,37829,3216,3116,24,3140,31
2021-01-27,Butte,007,227075,10631,9988,1443,11431,138
2021-01-27,Calaveras,009,45235,1749,1737,10,1747,21
2021-01-27,Colusa,011,21464,1761,1724,202,1926,8
2021-01-27,Contra Costa,013,1133247,57962,55578,955,56533,507
2021-01-27,Del Norte,015,27424,891,859,4,863,2
2021-01-27,El Dorado,017,186661,8550,8141,560,8701,76
2021-01-27,Fresno,019,978130,90692,86886,6799,93685,938
2021-01-27,Glenn,021,27897,2115,2042,433,2475,14
2021-01-27,Humboldt,023,135768,2793,2630,18,2648,24
2021-01-27,Imperial,025,180216,26494,25861,2320,28181,504
2021-01-27,Inyo,027,18085,1083,1023,8,1031,27
2021-01-27,Kern,029,883053,87589,84244,8259,92503,809
2021-01-27,Kings,031,150075,20958,20211,839,21050,167
2021-01-27,Lake,033,64148,2857,2750,1,2751,32
2021-01-27,Lassen,035,31185,4936,4851,86,4937,1
2021-01-27,Los Angeles,037,10098052,1113704,1066569,35449,1102018,15757
2021-01-27,Madera,039,155013,14685,14194,703,14897,86
2021-01-27,Marin,041,260295,12343,12028,134,12162,180
2021-01-27,Mariposa,043,17540,355,333,3,336,4
2021-01-27,Mendocino,045,87422,3276,3095,62,3157,36
2021-01-27,Merced,047,269075,26048,25439,732,26171,315
2021-01-27,Modoc,049,8938,311,297,96,393,0
2021-01-27,Mono,051,14174,1130,1131,15,1146,3
2021-01-27,Monterey,053,433212,39352,38139,1342,39481,268
2021-01-27,Napa,055,140530,8400,8187,31,8218,46
2021-01-27,Nevada,057,99092,3621,3431,141,3572,18
2021-01-27,Orange,059,3164182,233364,227110,9318,236428,2832
2021-01-27,Placer,061,380077,19275,18106,959,19065,198
2021-01-27,Plumas,063,18699,618,544,10,554,2
2021-01-27,Riverside,065,2383286,271289,260796,12572,273368,2931
2021-01-27,Sacramento,067,1510023,87285,85428,1031,86459,1142
2021-01-27,San Benito,069,59416,5401,5284,68,5352,47
2021-01-27,San Bernardino,071,2135413,274864,265153,7971,273124,2019
2021-01-27,San Diego,073,3302833,245160,231478,11472,242950,2465
2021-01-27,San Francisco,075,870044,31528,31082,837,31919,287
2021-01-27,San Joaquin,077,732212,62222,60131,2417,62548,853
2021-01-27,San Luis Obispo,079,281455,17947,17119,461,17580,188
2021-01-27,San Mateo,081,765935,36616,34619,336,34955,216
2021-01-27,Santa Barbara,083,443738,29097,27435,866,28301,282
2021-01-27,Santa Clara,085,1922200,102059,99732,457,100189,1184
2021-01-27,Santa Cruz,087,273765,14301,13111,670,13781,143
2021-01-27,Shasta,089,179085,10311,10106,1067,11173,105
2021-01-27,Sierra,091,2930,48,44,12,56,0
2021-01-27,Siskiyou,093,43540,1325,1214,188,1402,4
2021-01-27,Solano,095,438530,27792,26982,311,27293,112
2021-01-27,Sonoma,097,501317,25916,25361,132,25493,237
2021-01-27,Stanislaus,099,539301,46655,44874,4733,49607,624
2021-01-27,Sutter,101,95872,8249,8093,76,8169,83
2021-01-27,Tehama,103,63373,4295,4133,449,4582,20
2021-01-27,Trinity,105,12862,439,260,63,323,3
2021-01-27,Tulare,107,460477,45338,43462,6524,49986,583
2021-01-27,Tuolumne,109,53932,3464,3464,33,3497,32
2021-01-27,Ventura,111,848112,70652,68291,2462,70753,468
2021-01-27,Yolo,113,214977,12029,11427,122,11549,151
2021-01-27,Yuba,115,75493,5124,4968,71,5039,32
2021-01-26,Alameda,001,1643700,73925,71851,1518,73369,789
2021-01-26,Alpine,003,1148,73,72,0,72,0
2021-01-26,Amador,005,37829,3205,3113,24,3137,31
2021-01-26,Butte,007,227075,10589,9943,1437,11380,136
2021-01-26,Calaveras,009,45235,1739,1723,10,1733,21
2021-01-26,Colusa,011,21464,1754,1719,199,1918,8
2021-01-26,Contra Costa,013,1133247,57686,55337,947,56284,491
2021-01-26,Del Norte,015,27424,890,856,4,860,2
2021-01-26,El Dorado,017,186661,8524,8115,558,8673,71
2021-01-26,Fresno,019,978130,90334,86673,6756,93429,923
2021-01-26,Glenn,021,27897,2105,2034,428,2462,13
2021-01-26,Humboldt,023,135768,2772,2612,17,2629,24
2021-01-26,Imperial,025,180216,26422,25812,2308,28120,498
2021-01-26,Inyo,027,18085,1077,1018,8,1026,27
2021-01-26,Kern,029,883053,87166,83868,8184,92052,790
2021-01-26,Kings,031,150075,20900,20156,834,20990,159
2021-01-26,Lake,033,64148,2848,2748,1,2749,32
2021-01-26,Lassen,035,31185,4930,4844,86,4930,1
2021-01-26,Los Angeles,037,10098052,1108416,1060492,35248,1095740,15458
2021-01-26,Madera,039,155013,14628,14130,697,14827,86
2021-01-26,Marin,041,260295,12298,11993,132,12125,179
2021-01-26,Mariposa,043,17540,353,332,3,335,3
2021-01-26,Mendocino,045,87422,3250,3076,61,3137,36
2021-01-26,Merced,047,269075,25908,25359,724,26083,309
2021-01-26,Modoc,049,8938,304,291,95,386,0
2021-01-26,Mono,051,14174,1128,1120,15,1135,3
2021-01-26,Monterey,053,433212,39158,37963,1322,39285,255
2021-01-26,Napa,055,140530,8343,8145,31,8176,43
2021-01-26,Nevada,057,99092,3614,3410,140,3550,18
2021-01-26,Orange,059,3164182,232241,225987,9272,235259,2760
2021-01-26,Placer,061,380077,19199,18016,957,18973,193
2021-01-26,Plumas,063,18699,616,536,10,546,2
2021-01-26,Riverside,065,2383286,269921,259399,12509,271908,2898
2021-01-26,Sacramento,067,1510023,86927,85062,1024,86086,1127
2021-01-26,San Benito,069,59416,5387,5251,67,5318,45
2021-01-26,San Bernardino,071,2135413,273864,263736,7929,271665,1970
2021-01-26,San Diego,073,3302833,243665,230063,11370,241433,2421
2021-01-26,San Francisco,075,870044,31397,30874,818,31692,286
2021-01-26,San Joaquin,077,732212,61970,59889,2401,62290,847
2021-01-26,San Luis Obispo,079,281455,17866,17016,458,17474,186
2021-01-26,San Mateo,081,765935,36422,34441,325,34766,213
2021-01-26,Santa Barbara,083,443738,28922,27321,854,28175,273
2021-01-26,Santa Clara,085,1922200,101583,99215,454,99669,1171
2021-01-26,Santa Cruz,087,273765,14235,13045,664,13709,134
2021-01-26,Shasta,089,179085,10276,10036,1059,11095,103
2021-01-26,Sierra,091,2930,48,43,12,55,0
2021-01-26,Siskiyou,093,43540,1310,1208,186,1394,4
2021-01-26,Solano,095,438530,27636,26858,304,27162,110
2021-01-26,Sonoma,097,501317,25797,25273,130,25403,236
2021-01-26,Stanislaus,099,539301,46473,44703,4693,49396,599
2021-01-26,Sutter,101,95872,8206,8067,76,8143,83
2021-01-26,Tehama,103,63373,4262,4115,449,4564,20
2021-01-26,Trinity,105,12862,439,260,63,323,3
2021-01-26,Tulare,107,460477,45134,43394,6456,49850,579
2021-01-26,Tuolumne,109,53932,3454,3451,33,3484,30
2021-01-26,Ventura,111,848112,70120,67526,2436,69962,448
2021-01-26,Yolo,113,214977,11984,11361,119,11480,148
2021-01-26,Yuba,115,75493,5099,4944,69,5013,31
2021-01-25,Alameda,001,1643700,73499,71255,1508,72763,780
2021-01-25,Alpine,003,1148,73,72,0,72,0
2021-01-25,Amador,005,37829,3165,3074,24,3098,30
2021-01-25,Butte,007,227075,10522,9865,1429,11294,133
2021-01-25,Calaveras,009,45235,1724,1713,10,1723,21
2021-01-25,Colusa,011,21464,1742,1709,195,1904,8
2021-01-25,Contra Costa,013,1133247,57334,54989,940,55929,488
2021-01-25,Del Norte,015,27424,889,855,4,859,2
2021-01-25,El Dorado,017,186661,8499,8060,558,8618,66
2021-01-25,Fresno,019,978130,89963,86336,6725,93061,913
2021-01-25,Glenn,021,27897,2096,2028,428,2456,13
2021-01-25,Humboldt,023,135768,2738,2587,17,2604,24
2021-01-25,Imperial,025,180216,26374,25745,2301,28046,491
2021-01-25,Inyo,027,18085,1071,1015,8,1023,27
2021-01-25,Kern,029,883053,86780,83401,8099,91500,787
2021-01-25,Kings,031,150075,20780,20067,830,20897,159
2021-01-25,Lake,033,64148,2829,2729,1,2730,32
2021-01-25,Lassen,035,31185,4903,4835,86,4921,1
2021-01-25,Los Angeles,037,10098052,1102451,1055181,35025,1090206,15163
2021-01-25,Madera,039,155013,14574,14068,692,14760,86
2021-01-25,Marin,041,260295,12246,11923,128,12051,177
2021-01-25,Mariposa,043,17540,350,331,3,334,3
2021-01-25,Mendocino,045,87422,3239,3054,61,3115,35
2021-01-25,Merced,047,269075,25769,25181,715,25896,305
2021-01-25,Modoc,049,8938,303,288,91,379,0
2021-01-25,Mono,051,14174,1125,1114,14,1128,3
2021-01-25,Monterey,053,433212,38906,37726,1303,39029,255
2021-01-25,Napa,055,140530,8309,8057,30,8087,43
2021-01-25,Nevada,057,99092,3600,3365,140,3505,18
2021-01-25,Orange,059,3164182,231034,225105,9227,234332,2696
2021-01-25,Placer,061,380077,19111,17936,942,18878,193
2021-01-25,Plumas,063,18699,613,533,10,543,2
2021-01-25,Riverside,065,2383286,268181,258082,12456,270538,2789
2021-01-25,Sacramento,067,1510023,86485,84653,1016,85669,1118
2021-01-25,San Benito,069,59416,5352,5238,66,5304,43
2021-01-25,San Bernardino,071,2135413,272944,263174,7893,271067,1947
2021-01-25,San Diego,073,3302833,242052,228630,11298,239928,2375
2021-01-25,San Francisco,075,870044,31250,30734,795,31529,288
2021-01-25,San Joaquin,077,732212,61677,59291,2376,61667,838
2021-01-25,San Luis Obispo,079,281455,17732,16868,453,17321,179
2021-01-25,San Mateo,081,765935,36189,34187,319,34506,213
2021-01-25,Santa Barbara,083,443738,28688,27065,844,27909,269
2021-01-25,Santa Clara,085,1922200,101063,98647,446,99093,1143
2021-01-25,Santa Cruz,087,273765,14148,12973,660,13633,133
2021-01-25,Shasta,089,179085,10235,9991,1048,11039,103
2021-01-25,Sierra,091,2930,48,42,12,54,0
2021-01-25,Siskiyou,093,43540,1302,1205,183,1388,4
2021-01-25,Solano,095,438530,27468,26648,303,26951,109
2021-01-25,Sonoma,097,501317,25690,25160,128,25288,233
2021-01-25,Stanislaus,099,539301,46227,44293,4651,48944,599
2021-01-25,Sutter,101,95872,8163,8023,76,8099,83
2021-01-25,Tehama,103,63373,4235,4082,445,4527,20
2021-01-25,Trinity,105,12862,439,262,63,325,3
2021-01-25,Tulare,107,460477,44917,43124,6354,49478,578
2021-01-25,Tuolumne,109,53932,3445,3422,33,3455,29
2021-01-25,Ventura,111,848112,69499,66910,2420,69330,439
2021-01-25,Yolo,113,214977,11898,11276,118,11394,140
2021-01-25,Yuba,115,75493,5077,4900,67,4967,31
2021-01-24,Alameda,001,1643700,72996,70823,1497,72320,780
2021-01-24,Alpine,003,1148,73,72,0,72,0
2021-01-24,Amador,005,37829,3132,3054,24,3078,30
2021-01-24,Butte,007,227075,10438,9820,1413,11233,133
2021-01-24,Calaveras,009,45235,1711,1704,10,1714,21
2021-01-24,Colusa,011,21464,1731,1689,189,1878,8
2021-01-24,Contra Costa,013,1133247,56951,54694,928,55622,488
2021-01-24,Del Norte,015,27424,885,855,4,859,2
2021-01-24,El Dorado,017,186661,8464,8003,554,8557,66
2021-01-24,Fresno,019,978130,89525,85808,6686,92494,911
2021-01-24,Glenn,021,27897,2088,2026,427,2453,13
2021-01-24,Humboldt,023,135768,2699,2562,17,2579,24
2021-01-24,Imperial,025,180216,26279,25707,2280,27987,488
2021-01-24,Inyo,027,18085,1055,1007,8,1015,27
2021-01-24,Kern,029,883053,86345,83125,7992,91117,785
2021-01-24,Kings,031,150075,20652,19988,814,20802,159
2021-01-24,Lake,033,64148,2812,2724,0,2724,32
2021-01-24,Lassen,035,31185,4892,4828,83,4911,1
2021-01-24,Los Angeles,037,10098052,1096036,1048757,34720,1083477,15119
2021-01-24,Madera,039,155013,14492,14000,686,14686,86
2021-01-24,Marin,041,260295,12182,11872,127,11999,177
2021-01-24,Mariposa,043,17540,346,322,3,325,3
2021-01-24,Mendocino,045,87422,3218,3037,60,3097,33
2021-01-24,Merced,047,269075,25558,25047,706,25753,305
2021-01-24,Modoc,049,8938,303,285,91,376,0
2021-01-24,Mono,051,14174,1118,1113,14,1127,3
2021-01-24,Monterey,053,433212,38635,37527,1269,38796,254
2021-01-24,Napa,055,140530,8267,8005,30,8035,43
2021-01-24,Nevada,057,99092,3558,3349,138,3487,18
2021-01-24,Orange,059,3164182,229601,223853,9159,233012,2632
2021-01-24,Placer,061,380077,18998,17839,922,18761,193
2021-01-24,Plumas,063,18699,610,532,10,542,2
2021-01-24,Riverside,065,2383286,266539,256767,12380,269147,2761
2021-01-24,Sacramento,067,1510023,85931,84110,1008,85118,1112
2021-01-24,San Benito,069,59416,5310,5223,63,5286,43
2021-01-24,San Bernardino,071,2135413,271630,262370,7841,270211,1935
2021-01-24,San Diego,073,3302833,240358,227193,11167,238360,2375
2021-01-24,San Francisco,075,870044,31062,30559,774,31333,275
2021-01-24,San Joaquin,077,732212,61253,59021,2362,61383,838
2021-01-24,San Luis Obispo,079,281455,17608,16758,451,17209,179
2021-01-24,San Mateo,081,765935,35944,33956,314,34270,213
2021-01-24,Santa Barbara,083,443738,28373,26735,834,27569,269
2021-01-24,Santa Clara,085,1922200,100430,98103,441,98544,1109
2021-01-24,Santa Cruz,087,273765,14062,12905,652,13557,133
2021-01-24,Shasta,089,179085,10164,9978,1039,11017,103
2021-01-24,Sierra,091,2930,47,42,12,54,0
2021-01-24,Siskiyou,093,43540,1295,1195,183,1378,4
2021-01-24,Solano,095,438530,27281,26515,299,26814,109
2021-01-24,Sonoma,097,501317,25528,25045,127,25172,233
2021-01-24,Stanislaus,099,539301,45918,44031,4592,48623,599
2021-01-24,Sutter,101,95872,8099,7980,76,8056,83
2021-01-24,Tehama,103,63373,4195,4062,440,4502,20
2021-01-24,Trinity,105,12862,439,262,63,325,3
2021-01-24,Tulare,107,460477,44698,43006,6265,49271,577
2021-01-24,Tuolumne,109,53932,3434,3416,33,3449,29
2021-01-24,Ventura,111,848112,68810,66347,2398,68745,439
2021-01-24,Yolo,113,214977,11815,11210,114,11324,140
2021-01-24,Yuba,115,75493,5037,4875,66,4941,31
2021-01-23,Alameda,001,1643700,72748,70080,1491,71571,780
2021-01-23,Alpine,003,1148,73,72,0,72,0
2021-01-23,Amador,005,37829,3129,3049,24,3073,30
2021-01-23,Butte,007,227075,10409,9757,1410,11167,133
2021-01-23,Calaveras,009,45235,1708,1695,10,1705,21
2021-01-23,Colusa,011,21464,1727,1672,188,1860,8
2021-01-23,Contra Costa,013,1133247,56738,54162,922,55084,487
2021-01-23,Del Norte,015,27424,884,855,4,859,2
2021-01-23,El Dorado,017,186661,8448,7984,552,8536,66
2021-01-23,Fresno,019,978130,89339,85274,6658,91932,910
2021-01-23,Glenn,021,27897,2085,2015,423,2438,13
2021-01-23,Humboldt,023,135768,2680,2493,16,2509,23
2021-01-23,Imperial,025,180216,26245,25581,2268,27849,487
2021-01-23,Inyo,027,18085,1046,987,8,995,27
2021-01-23,Kern,029,883053,86102,82602,7924,90526,783
2021-01-23,Kings,031,150075,20608,19904,812,20716,159
2021-01-23,Lake,033,64148,2804,2673,0,2673,32
2021-01-23,Lassen,035,31185,4891,4816,80,4896,1
2021-01-23,Los Angeles,037,10098052,1092802,1040961,34560,1075521,15034
2021-01-23,Madera,039,155013,14456,13858,683,14541,86
2021-01-23,Marin,041,260295,12130,11796,125,11921,177
2021-01-23,Mariposa,043,17540,346,323,3,326,3
2021-01-23,Mendocino,045,87422,3204,2991,60,3051,32
2021-01-23,Merced,047,269075,25466,24787,692,25479,303
2021-01-23,Modoc,049,8938,303,285,91,376,0
2021-01-23,Mono,051,14174,1116,1111,14,1125,3
2021-01-23,Monterey,053,433212,38552,37165,1264,38429,253
2021-01-23,Napa,055,140530,8242,7893,30,7923,43
2021-01-23,Nevada,057,99092,3547,3332,137,3469,18
2021-01-23,Orange,059,3164182,228833,221722,9119,230841,2618
2021-01-23,Placer,061,380077,18947,17617,917,18534,193
2021-01-23,Plumas,063,18699,609,528,10,538,2
2021-01-23,Riverside,065,2383286,265639,253636,12330,265966,2733
2021-01-23,Sacramento,067,1510023,85703,83408,1005,84413,1108
2021-01-23,San Benito,069,59416,5286,5166,62,5228,43
2021-01-23,San Bernardino,071,2135413,271074,260381,7811,268192,1922
2021-01-23,San Diego,073,3302833,239297,225556,11095,236651,2344
2021-01-23,San Francisco,075,870044,30958,30308,745,31053,268
2021-01-23,San Joaquin,077,732212,61126,58164,2352,60516,836
2021-01-23,San Luis Obispo,079,281455,17544,16652,448,17100,176
2021-01-23,San Mateo,081,765935,35768,33696,303,33999,213
2021-01-23,Santa Barbara,083,443738,28188,26234,825,27059,264
2021-01-23,Santa Clara,085,1922200,100079,97189,440,97629,1086
2021-01-23,Santa Cruz,087,273765,14004,12771,649,13420,127
2021-01-23,Shasta,089,179085,10135,9951,1038,10989,103
2021-01-23,Sierra,091,2930,47,41,12,53,0
2021-01-23,Siskiyou,093,43540,1285,1190,182,1372,4
2021-01-23,Solano,095,438530,27188,26261,297,26558,107
2021-01-23,Sonoma,097,501317,25448,24790,127,24917,232
2021-01-23,Stanislaus,099,539301,45751,43723,4561,48284,599
2021-01-23,Sutter,101,95872,8081,7943,75,8018,80
2021-01-23,Tehama,103,63373,4176,4006,439,4445,20
2021-01-23,Trinity,105,12862,439,262,63,325,3
2021-01-23,Tulare,107,460477,44545,42661,6205,48866,575
2021-01-23,Tuolumne,109,53932,3427,3407,33,3440,29
2021-01-23,Ventura,111,848112,68355,65581,2375,67956,438
2021-01-23,Yolo,113,214977,11773,11087,113,11200,141
2021-01-23,Yuba,115,75493,5025,4831,65,4896,30
2021-01-22,Alameda,001,1643700,72430,69693,1484,71177,751
2021-01-22,Alpine,003,1148,73,71,0,71,0
2021-01-22,Amador,005,37829,3124,3042,24,3066,30
2021-01-22,Butte,007,227075,10365,9711,1397,11108,133
2021-01-22,Calaveras,009,45235,1699,1672,10,1682,21
2021-01-22,Colusa,011,21464,1725,1668,188,1856,7
2021-01-22,Contra Costa,013,1133247,56503,53887,916,54803,485
2021-01-22,Del Norte,015,27424,883,852,4,856,2
2021-01-22,El Dorado,017,186661,8415,7877,549,8426,64
2021-01-22,Fresno,019,978130,88998,84744,6630,91374,892
2021-01-22,Glenn,021,27897,2080,1985,417,2402,13
2021-01-22,Humboldt,023,135768,2656,2452,16,2468,23
2021-01-22,Imperial,025,180216,26209,25562,2253,27815,474
2021-01-22,Inyo,027,18085,1035,961,8,969,26
2021-01-22,Kern,029,883053,85805,82101,7848,89949,771
2021-01-22,Kings,031,150075,20532,19760,808,20568,159
2021-01-22,Lake,033,64148,2792,2681,0,2681,32
2021-01-22,Lassen,035,31185,4882,4765,79,4844,1
2021-01-22,Los Angeles,037,10098052,1088335,1031177,34372,1065549,14777
2021-01-22,Madera,039,155013,14396,13781,682,14463,86
2021-01-22,Marin,041,260295,12094,11769,123,11892,177
2021-01-22,Mariposa,043,17540,346,323,3,326,3
2021-01-22,Mendocino,045,87422,3179,2994,59,3053,32
2021-01-22,Merced,047,269075,25343,24616,685,25301,290
2021-01-22,Modoc,049,8938,303,285,91,376,0
2021-01-22,Mono,051,14174,1116,1108,14,1122,3
2021-01-22,Monterey,053,433212,38400,36909,1259,38168,253
2021-01-22,Napa,055,140530,8196,7828,30,7858,40
2021-01-22,Nevada,057,99092,3522,3296,136,3432,18
2021-01-22,Orange,059,3164182,227881,220384,9072,229456,2542
2021-01-22,Placer,061,380077,18890,17636,902,18538,193
2021-01-22,Plumas,063,18699,607,522,10,532,2
2021-01-22,Riverside,065,2383286,264494,252440,12264,264704,2710
2021-01-22,Sacramento,067,1510023,85373,82861,997,83858,1094
2021-01-22,San Benito,069,59416,5260,5143,62,5205,43
2021-01-22,San Bernardino,071,2135413,270272,259121,7781,266902,1849
2021-01-22,San Diego,073,3302833,238057,222576,11030,233606,2301
2021-01-22,San Francisco,075,870044,30845,30027,728,30755,266
2021-01-22,San Joaquin,077,732212,60943,58485,2340,60825,812
2021-01-22,San Luis Obispo,079,281455,17455,16336,445,16781,172
2021-01-22,San Mateo,081,765935,35546,33401,300,33701,211
2021-01-22,Santa Barbara,083,443738,27988,25989,814,26803,256
2021-01-22,Santa Clara,085,1922200,99641,96435,437,96872,1062
2021-01-22,Santa Cruz,087,273765,13946,12687,645,13332,123
2021-01-22,Shasta,089,179085,10115,9866,1036,10902,103
2021-01-22,Sierra,091,2930,47,40,12,52,0
2021-01-22,Siskiyou,093,43540,1281,1182,180,1362,4
2021-01-22,Solano,095,438530,27098,26048,295,26343,107
2021-01-22,Sonoma,097,501317,25363,24659,127,24786,232
2021-01-22,Stanislaus,099,539301,45585,43489,4535,48024,599
2021-01-22,Sutter,101,95872,8056,7878,75,7953,80
2021-01-22,Tehama,103,63373,4162,3993,437,4430,19
2021-01-22,Trinity,105,12862,438,263,63,326,3
2021-01-22,Tulare,107,460477,44366,42307,6138,48445,573
2021-01-22,Tuolumne,109,53932,3399,3379,33,3412,29
2021-01-22,Ventura,111,848112,67842,64404,2356,66760,426
2021-01-22,Yolo,113,214977,11740,11014,111,11125,141
2021-01-22,Yuba,115,75493,5001,4789,63,4852,29
2021-01-21,Alameda,001,1643700,71994,69314,1467,70781,739
2021-01-21,Alpine,003,1148,73,71,0,71,0
2021-01-21,Amador,005,37829,3102,3038,24,3062,29
2021-01-21,Butte,007,227075,10301,9643,1390,11033,130
2021-01-21,Calaveras,009,45235,1690,1647,10,1657,21
2021-01-21,Colusa,011,21464,1718,1662,186,1848,7
2021-01-21,Contra Costa,013,1133247,56115,53595,904,54499,478
2021-01-21,Del Norte,015,27424,881,850,3,853,2
2021-01-21,El Dorado,017,186661,8365,7823,546,8369,58
2021-01-21,Fresno,019,978130,88594,84137,6590,90727,889
2021-01-21,Glenn,021,27897,2072,1964,412,2376,13
2021-01-21,Humboldt,023,135768,2633,2423,16,2439,23
2021-01-21,Imperial,025,180216,26122,25509,2241,27750,463
2021-01-21,Inyo,027,18085,1026,946,8,954,26
2021-01-21,Kern,029,883053,85392,81328,7733,89061,769
2021-01-21,Kings,031,150075,20461,19633,791,20424,158
2021-01-21,Lake,033,64148,2778,2669,0,2669,32
2021-01-21,Lassen,035,31185,4875,4763,79,4842,1
2021-01-21,Los Angeles,037,10098052,1081670,1023055,34057,1057112,14537
2021-01-21,Madera,039,155013,14333,13664,674,14338,86
2021-01-21,Marin,041,260295,12039,11732,121,11853,173
2021-01-21,Mariposa,043,17540,342,322,3,325,3
2021-01-21,Mendocino,045,87422,3156,2967,57,3024,32
2021-01-21,Merced,047,269075,25188,24426,678,25104,245
2021-01-21,Modoc,049,8938,300,284,90,374,0
2021-01-21,Mono,051,14174,1111,1104,14,1118,3
2021-01-21,Monterey,053,433212,38119,36149,1250,37399,253
2021-01-21,Napa,055,140530,8132,7774,30,7804,40
2021-01-21,Nevada,057,99092,3493,3274,135,3409,18
2021-01-21,Orange,059,3164182,226505,218867,9018,227885,2540
2021-01-21,Placer,061,380077,18811,17553,898,18451,190
2021-01-21,Plumas,063,18699,603,518,10,528,2
2021-01-21,Riverside,065,2383286,262772,251007,12186,263193,2676
2021-01-21,Sacramento,067,1510023,84894,82303,977,83280,1084
2021-01-21,San Benito,069,59416,5230,5100,57,5157,43
2021-01-21,San Bernardino,071,2135413,268951,257754,7716,265470,1832
2021-01-21,San Diego,073,3302833,236282,219729,10923,230652,2222
2021-01-21,San Francisco,075,870044,30673,29801,694,30495,266
2021-01-21,San Joaquin,077,732212,60637,58270,2322,60592,806
2021-01-21,San Luis Obispo,079,281455,17369,16153,437,16590,169
2021-01-21,San Mateo,081,765935,35300,33156,287,33443,210
2021-01-21,Santa Barbara,083,443738,27700,25654,801,26455,253
2021-01-21,Santa Clara,085,1922200,99056,96028,432,96460,1062
2021-01-21,Santa Cruz,087,273765,13862,12548,635,13183,119
2021-01-21,Shasta,089,179085,10072,9795,1021,10816,98
2021-01-21,Sierra,091,2930,47,40,12,52,0
2021-01-21,Siskiyou,093,43540,1278,1178,178,1356,4
2021-01-21,Solano,095,438530,26918,25885,291,26176,106
2021-01-21,Sonoma,097,501317,25223,24440,125,24565,230
2021-01-21,Stanislaus,099,539301,45287,43223,4491,47714,599
2021-01-21,Sutter,101,95872,8022,7822,75,7897,80
2021-01-21,Tehama,103,63373,4123,3938,437,4375,19
2021-01-21,Trinity,105,12862,438,261,63,324,3
2021-01-21,Tulare,107,460477,44155,42082,6064,48146,569
2021-01-21,Tuolumne,109,53932,3389,3365,32,3397,29
2021-01-21,Ventura,111,848112,67143,63995,2336,66331,420
2021-01-21,Yolo,113,214977,11651,10940,103,11043,141
2021-01-21,Yuba,115,75493,4969,4757,62,4819,29
2021-01-20,Alameda,001,1643700,71520,68785,1451,70236,702
2021-01-20,Alpine,003,1148,73,71,0,71,0
2021-01-20,Amador,005,37829,3071,3036,24,3060,29
2021-01-20,Butte,007,227075,10245,9582,1380,10962,130
2021-01-20,Calaveras,009,45235,1668,1637,9,1646,21
2021-01-20,Colusa,011,21464,1701,1630,181,1811,7
2021-01-20,Contra Costa,013,1133247,55692,53108,895,54003,461
2021-01-20,Del Norte,015,27424,880,848,3,851,2
2021-01-20,El Dorado,017,186661,8315,7785,543,8328,53
2021-01-20,Fresno,019,978130,88176,83591,6537,90128,872
2021-01-20,Glenn,021,27897,2053,1955,410,2365,13
2021-01-20,Humboldt,023,135768,2590,2390,16,2406,22
2021-01-20,Imperial,025,180216,26049,25380,2207,27587,461
2021-01-20,Inyo,027,18085,1016,901,8,909,26
2021-01-20,Kern,029,883053,84941,80701,7626,88327,754
2021-01-20,Kings,031,150075,20371,19522,783,20305,146
2021-01-20,Lake,033,64148,2758,2646,0,2646,31
2021-01-20,Lassen,035,31185,4867,4758,77,4835,1
2021-01-20,Los Angeles,037,10098052,1074168,1015608,33776,1049384,14299
2021-01-20,Madera,039,155013,14268,13585,670,14255,86
2021-01-20,Marin,041,260295,11984,11684,119,11803,171
2021-01-20,Mariposa,043,17540,340,322,3,325,3
2021-01-20,Mendocino,045,87422,3141,2957,57,3014,32
2021-01-20,Merced,047,269075,25015,24220,656,24876,243
2021-01-20,Modoc,049,8938,299,282,90,372,0
2021-01-20,Mono,051,14174,1104,1105,13,1118,3
2021-01-20,Monterey,053,433212,37807,35960,1230,37190,249
2021-01-20,Napa,055,140530,8063,7731,30,7761,40
2021-01-20,Nevada,057,99092,3461,3238,135,3373,18
2021-01-20,Orange,059,3164182,224970,216893,8957,225850,2500
2021-01-20,Placer,061,380077,18717,17455,880,18335,186
2021-01-20,Plumas,063,18699,601,512,10,522,2
2021-01-20,Riverside,065,2383286,260728,248686,12103,260789,2615
2021-01-20,Sacramento,067,1510023,84334,81687,967,82654,1072
2021-01-20,San Benito,069,59416,5199,5036,56,5092,35
2021-01-20,San Bernardino,071,2135413,267627,255921,7669,263590,1801
2021-01-20,San Diego,073,3302833,234427,218553,10819,229372,2174
2021-01-20,San Francisco,075,870044,30486,29665,673,30338,262
2021-01-20,San Joaquin,077,732212,60233,58025,2313,60338,783
2021-01-20,San Luis Obispo,079,281455,17187,15936,428,16364,164
2021-01-20,San Mateo,081,765935,35073,32929,286,33215,210
2021-01-20,Santa Barbara,083,443738,27382,25312,789,26101,248
2021-01-20,Santa Clara,085,1922200,98414,94995,430,95425,1040
2021-01-20,Santa Cruz,087,273765,13755,12460,622,13082,107
2021-01-20,Shasta,089,179085,10020,9697,1011,10708,98
2021-01-20,Sierra,091,2930,47,40,12,52,0
2021-01-20,Siskiyou,093,43540,1271,1163,177,1340,4
2021-01-20,Solano,095,438530,26726,25659,287,25946,106
2021-01-20,Sonoma,097,501317,25086,24262,123,24385,223
2021-01-20,Stanislaus,099,539301,45007,42955,4453,47408,585
2021-01-20,Sutter,101,95872,7971,7772,73,7845,80
2021-01-20,Tehama,103,63373,4096,3892,435,4327,19
2021-01-20,Trinity,105,12862,438,260,63,323,3
2021-01-20,Tulare,107,460477,43898,41799,5974,47773,559
2021-01-20,Tuolumne,109,53932,3375,3355,31,3386,29
2021-01-20,Ventura,111,848112,66182,63413,2307,65720,395
2021-01-20,Yolo,113,214977,11585,10852,100,10952,141
2021-01-20,Yuba,115,75493,4943,4729,62,4791,29
2021-01-19,Alameda,001,1643700,70879,68434,1442,69876,680
2021-01-19,Alpine,003,1148,73,71,0,71,0
2021-01-19,Amador,005,37829,3062,3024,24,3048,28
2021-01-19,Butte,007,227075,10182,9528,1366,10894,129
2021-01-19,Calaveras,009,45235,1653,1621,8,1629,21
2021-01-19,Colusa,011,21464,1679,1617,178,1795,7
2021-01-19,Contra Costa,013,1133247,55229,52730,885,53615,448
2021-01-19,Del Norte,015,27424,878,843,3,846,2
2021-01-19,El Dorado,017,186661,8254,7743,535,8278,47
2021-01-19,Fresno,019,978130,87654,83200,6487,89687,857
2021-01-19,Glenn,021,27897,2041,1948,405,2353,13
2021-01-19,Humboldt,023,135768,2566,2359,13,2372,22
2021-01-19,Imperial,025,180216,25968,25333,2190,27523,452
2021-01-19,Inyo,027,18085,1008,891,8,899,26
2021-01-19,Kern,029,883053,84353,80272,7521,87793,742
2021-01-19,Kings,031,150075,20232,19375,773,20148,143
2021-01-19,Lake,033,64148,2745,2625,0,2625,31
2021-01-19,Lassen,035,31185,4860,4753,77,4830,1
2021-01-19,Los Angeles,037,10098052,1065490,1010375,33509,1043884,14014
2021-01-19,Madera,039,155013,14157,13528,665,14193,86
2021-01-19,Marin,041,260295,11929,11654,115,11769,169
2021-01-19,Mariposa,043,17540,340,322,3,325,3
2021-01-19,Mendocino,045,87422,3124,2930,57,2987,32
2021-01-19,Merced,047,269075,24803,24108,647,24755,242
2021-01-19,Modoc,049,8938,298,281,90,371,0
2021-01-19,Mono,051,14174,1103,1106,13,1119,3
2021-01-19,Monterey,053,433212,37506,35840,1209,37049,248
2021-01-19,Napa,055,140530,8004,7672,30,7702,38
2021-01-19,Nevada,057,99092,3442,3216,133,3349,18
2021-01-19,Orange,059,3164182,223238,215244,8890,224134,2468
2021-01-19,Placer,061,380077,18620,17348,870,18218,182
2021-01-19,Plumas,063,18699,594,509,10,519,2
2021-01-19,Riverside,065,2383286,258641,246248,12025,258273,2585
2021-01-19,Sacramento,067,1510023,83797,81183,947,82130,1053
2021-01-19,San Benito,069,59416,5153,4988,55,5043,35
2021-01-19,San Bernardino,071,2135413,265921,253651,7615,261266,1777
2021-01-19,San Diego,073,3302833,232004,216833,10721,227554,2109
2021-01-19,San Francisco,075,870044,30267,29502,642,30144,261
2021-01-19,San Joaquin,077,732212,59852,57655,2302,59957,782
2021-01-19,San Luis Obispo,079,281455,16924,15855,425,16280,161
2021-01-19,San Mateo,081,765935,34788,32730,275,33005,208
2021-01-19,Santa Barbara,083,443738,26998,24991,773,25764,236
2021-01-19,Santa Clara,085,1922200,97681,94483,429,94912,1010
2021-01-19,Santa Cruz,087,273765,13638,12410,614,13024,106
2021-01-19,Shasta,089,179085,9984,9614,1001,10615,93
2021-01-19,Sierra,091,2930,47,40,10,50,0
2021-01-19,Siskiyou,093,43540,1263,1149,175,1324,4
2021-01-19,Solano,095,438530,26478,25520,286,25806,106
2021-01-19,Sonoma,097,501317,24906,24133,121,24254,223
2021-01-19,Stanislaus,099,539301,44659,42723,4408,47131,561
2021-01-19,Sutter,101,95872,7921,7709,67,7776,80
2021-01-19,Tehama,103,63373,4066,3876,433,4309,19
2021-01-19,Trinity,105,12862,437,260,63,323,3
2021-01-19,Tulare,107,460477,43621,41559,5879,47438,549
2021-01-19,Tuolumne,109,53932,3348,3328,31,3359,29
2021-01-19,Ventura,111,848112,65499,62656,2280,64936,383
2021-01-19,Yolo,113,214977,11500,10789,100,10889,134
2021-01-19,Yuba,115,75493,4909,4695,61,4756,29
2021-01-18,Alameda,001,1643700,70248,67938,1424,69362,680
2021-01-18,Alpine,003,1148,73,71,0,71,0
2021-01-18,Amador,005,37829,3048,3016,24,3040,28
2021-01-18,Butte,007,227075,10097,9474,1354,10828,129
2021-01-18,Calaveras,009,45235,1632,1617,7,1624,21
2021-01-18,Colusa,011,21464,1663,1608,176,1784,7
2021-01-18,Contra Costa,013,1133247,54722,52323,877,53200,448
2021-01-18,Del Norte,015,27424,877,840,3,843,2
2021-01-18,El Dorado,017,186661,8188,7707,533,8240,47
2021-01-18,Fresno,019,978130,87043,82485,6421,88906,857
2021-01-18,Glenn,021,27897,2024,1935,401,2336,13
2021-01-18,Humboldt,023,135768,2528,2343,13,2356,22
2021-01-18,Imperial,025,180216,25901,25317,2166,27483,452
2021-01-18,Inyo,027,18085,996,872,8,880,26
2021-01-18,Kern,029,883053,83716,79930,7430,87360,740
2021-01-18,Kings,031,150075,20062,19267,761,20028,141
2021-01-18,Lake,033,64148,2728,2591,0,2591,30
2021-01-18,Lassen,035,31185,4824,4749,76,4825,1
2021-01-18,Los Angeles,037,10098052,1055986,1002614,33222,1035836,13828
2021-01-18,Madera,039,155013,14055,13443,656,14099,85
2021-01-18,Marin,041,260295,11883,11607,113,11720,165
2021-01-18,Mariposa,043,17540,337,320,2,322,3
2021-01-18,Mendocino,045,87422,3101,2919,57,2976,31
2021-01-18,Merced,047,269075,24558,23927,631,24558,242
2021-01-18,Modoc,049,8938,295,281,87,368,0
2021-01-18,Mono,051,14174,1100,1101,13,1114,3
2021-01-18,Monterey,053,433212,37065,35549,1195,36744,247
2021-01-18,Napa,055,140530,7931,7601,30,7631,38
2021-01-18,Nevada,057,99092,3404,3199,133,3332,17
2021-01-18,Orange,059,3164182,221344,213866,8836,222702,2405
2021-01-18,Placer,061,380077,18504,17263,861,18124,182
2021-01-18,Plumas,063,18699,591,506,10,516,2
2021-01-18,Riverside,065,2383286,256329,244151,11932,256083,2568
2021-01-18,Sacramento,067,1510023,83127,80546,931,81477,1046
2021-01-18,San Benito,069,59416,5105,4963,53,5016,35
2021-01-18,San Bernardino,071,2135413,264198,252808,7560,260368,1775
2021-01-18,San Diego,073,3302833,229356,214335,10592,224927,2103
2021-01-18,San Francisco,075,870044,30061,29321,618,29939,259
2021-01-18,San Joaquin,077,732212,59339,57405,2281,59686,782
2021-01-18,San Luis Obispo,079,281455,16737,15742,415,16157,158
2021-01-18,San Mateo,081,765935,34475,32515,256,32771,208
2021-01-18,Santa Barbara,083,443738,26619,24638,760,25398,235
2021-01-18,Santa Clara,085,1922200,96892,93688,425,94113,992
2021-01-18,Santa Cruz,087,273765,13505,12298,601,12899,106
2021-01-18,Shasta,089,179085,9945,9600,991,10591,92
2021-01-18,Sierra,091,2930,46,40,10,50,0
2021-01-18,Siskiyou,093,43540,1251,1144,174,1318,4
2021-01-18,Solano,095,438530,26200,25344,282,25626,105
2021-01-18,Sonoma,097,501317,24638,24068,120,24188,223
2021-01-18,Stanislaus,099,539301,44302,42413,4352,46765,562
2021-01-18,Sutter,101,95872,7864,7680,65,7745,78
2021-01-18,Tehama,103,63373,4022,3854,426,4280,19
2021-01-18,Trinity,105,12862,437,260,63,323,3
2021-01-18,Tulare,107,460477,43331,41196,5773,46969,549
2021-01-18,Tuolumne,109,53932,3324,3318,30,3348,28
2021-01-18,Ventura,111,848112,65066,61859,2258,64117,379
2021-01-18,Yolo,113,214977,11378,10620,97,10717,134
2021-01-18,Yuba,115,75493,4882,4671,59,4730,29
2021-01-17,Alameda,001,1643700,69684,67375,1406,68781,676
2021-01-17,Alpine,003,1148,73,71,0,71,0
2021-01-17,Amador,005,37829,3041,3001,24,3025,28
2021-01-17,Butte,007,227075,10022,9411,1330,10741,129
2021-01-17,Calaveras,009,45235,1619,1608,7,1615,21
2021-01-17,Colusa,011,21464,1650,1588,172,1760,7
2021-01-17,Contra Costa,013,1133247,54215,51932,866,52798,447
2021-01-17,Del Norte,015,27424,877,838,3,841,2
2021-01-17,El Dorado,017,186661,8133,7659,522,8181,47
2021-01-17,Fresno,019,978130,86490,82039,6345,88384,857
2021-01-17,Glenn,021,27897,2013,1924,396,2320,9
2021-01-17,Humboldt,023,135768,2492,2322,11,2333,22
2021-01-17,Imperial,025,180216,25832,25253,2125,27378,451
2021-01-17,Inyo,027,18085,990,864,8,872,26
2021-01-17,Kern,029,883053,83167,79489,7345,86834,738
2021-01-17,Kings,031,150075,19926,19201,747,19948,131
2021-01-17,Lake,033,64148,2714,2572,0,2572,30
2021-01-17,Lassen,035,31185,4816,4740,75,4815,1
2021-01-17,Los Angeles,037,10098052,1049330,993028,32830,1025858,13741
2021-01-17,Madera,039,155013,13965,13328,652,13980,85
2021-01-17,Marin,041,260295,11831,11552,111,11663,164
2021-01-17,Mariposa,043,17540,337,319,2,321,3
2021-01-17,Mendocino,045,87422,3073,2912,56,2968,31
2021-01-17,Merced,047,269075,24346,23800,613,24413,242
2021-01-17,Modoc,049,8938,294,279,87,366,0
2021-01-17,Mono,051,14174,1093,1091,12,1103,3
2021-01-17,Monterey,053,433212,36820,35340,1169,36509,244
2021-01-17,Napa,055,140530,7875,7521,30,7551,38
2021-01-17,Nevada,057,99092,3379,3176,131,3307,17
2021-01-17,Orange,059,3164182,219344,212389,8761,221150,2359
2021-01-17,Placer,061,380077,18398,17194,846,18040,181
2021-01-17,Plumas,063,18699,589,505,9,514,2
2021-01-17,Riverside,065,2383286,254219,242206,11816,254022,2534
2021-01-17,Sacramento,067,1510023,82527,80154,919,81073,1045
2021-01-17,San Benito,069,59416,5067,4941,53,4994,35
2021-01-17,San Bernardino,071,2135413,262092,251487,7473,258960,1775
2021-01-17,San Diego,073,3302833,227162,211785,10485,222270,2103
2021-01-17,San Francisco,075,870044,29873,29139,581,29720,255
2021-01-17,San Joaquin,077,732212,58982,57094,2267,59361,780
2021-01-17,San Luis Obispo,079,281455,16615,15658,406,16064,157
2021-01-17,San Mateo,081,765935,34223,32186,233,32419,208
2021-01-17,Santa Barbara,083,443738,26158,24401,748,25149,235
2021-01-17,Santa Clara,085,1922200,96134,92752,422,93174,976
2021-01-17,Santa Cruz,087,273765,13393,12196,598,12794,106
2021-01-17,Shasta,089,179085,9887,9588,983,10571,92
2021-01-17,Sierra,091,2930,46,38,9,47,0
2021-01-17,Siskiyou,093,43540,1244,1136,171,1307,4
2021-01-17,Solano,095,438530,25974,25216,280,25496,105
2021-01-17,Sonoma,097,501317,24464,23871,120,23991,223
2021-01-17,Stanislaus,099,539301,43983,42221,4289,46510,562
2021-01-17,Sutter,101,95872,7801,7604,64,7668,77
2021-01-17,Tehama,103,63373,3991,3837,422,4259,18
2021-01-17,Trinity,105,12862,437,261,63,324,3
2021-01-17,Tulare,107,460477,43043,41016,5657,46673,549
2021-01-17,Tuolumne,109,53932,3307,3287,30,3317,27
2021-01-17,Ventura,111,848112,64214,61257,2211,63468,376
2021-01-17,Yolo,113,214977,11279,10519,95,10614,134
2021-01-17,Yuba,115,75493,4835,4640,56,4696,28
2021-01-16,Alameda,001,1643700,69362,66583,1394,67977,673
2021-01-16,Alpine,003,1148,73,71,0,71,0
2021-01-16,Amador,005,37829,3038,2986,24,3010,28
2021-01-16,Butte,007,227075,9991,9359,1310,10669,129
2021-01-16,Calaveras,009,45235,1606,1596,7,1603,21
2021-01-16,Colusa,011,21464,1639,1578,172,1750,7
2021-01-16,Contra Costa,013,1133247,53936,51363,859,52222,443
2021-01-16,Del Norte,015,27424,872,833,3,836,2
2021-01-16,El Dorado,017,186661,8111,7575,521,8096,47
2021-01-16,Fresno,019,978130,86216,81294,6291,87585,846
2021-01-16,Glenn,021,27897,2009,1894,393,2287,9
2021-01-16,Humboldt,023,135768,2472,2294,9,2303,22
2021-01-16,Imperial,025,180216,25794,25140,2118,27258,451
2021-01-16,Inyo,027,18085,986,845,8,853,25
2021-01-16,Kern,029,883053,82799,78865,7291,86156,733
2021-01-16,Kings,031,150075,19870,19072,744,19816,131
2021-01-16,Lake,033,64148,2702,2504,0,2504,30
2021-01-16,Lassen,035,31185,4804,4719,75,4794,1
2021-01-16,Los Angeles,037,10098052,1045247,982684,32592,1015276,13654
2021-01-16,Madera,039,155013,13899,13193,647,13840,85
2021-01-16,Marin,041,260295,11790,11482,111,11593,164
2021-01-16,Mariposa,043,17540,336,317,2,319,3
2021-01-16,Mendocino,045,87422,3059,2890,53,2943,31
2021-01-16,Merced,047,269075,24258,23478,599,24077,242
2021-01-16,Modoc,049,8938,294,278,87,365,0
2021-01-16,Mono,051,14174,1091,1079,12,1091,3
2021-01-16,Monterey,053,433212,36709,34972,1153,36125,243
2021-01-16,Napa,055,140530,7836,7356,30,7386,39
2021-01-16,Nevada,057,99092,3346,3144,131,3275,17
2021-01-16,Orange,059,3164182,218312,210111,8705,218816,2312
2021-01-16,Placer,061,380077,18334,16995,844,17839,177
2021-01-16,Plumas,063,18699,587,502,9,511,2
2021-01-16,Riverside,065,2383286,252862,239412,11701,251113,2506
2021-01-16,Sacramento,067,1510023,82153,79122,902,80024,1033
2021-01-16,San Benito,069,59416,5034,4875,53,4928,35
2021-01-16,San Bernardino,071,2135413,261271,249401,7406,256807,1755
2021-01-16,San Diego,073,3302833,225864,209895,10388,220283,2065
2021-01-16,San Francisco,075,870044,29745,28853,550,29403,244
2021-01-16,San Joaquin,077,732212,58739,56642,2234,58876,776
2021-01-16,San Luis Obispo,079,281455,16514,15466,404,15870,152
2021-01-16,San Mateo,081,765935,34059,31805,227,32032,208
2021-01-16,Santa Barbara,083,443738,25957,24088,744,24832,229
2021-01-16,Santa Clara,085,1922200,95636,91584,415,91999,954
2021-01-16,Santa Cruz,087,273765,13334,12026,596,12622,106
2021-01-16,Shasta,089,179085,9854,9547,979,10526,92
2021-01-16,Sierra,091,2930,45,38,9,47,0
2021-01-16,Siskiyou,093,43540,1239,1124,171,1295,4
2021-01-16,Solano,095,438530,25865,24732,276,25008,103
2021-01-16,Sonoma,097,501317,24373,23607,119,23726,223
2021-01-16,Stanislaus,099,539301,43795,41809,4239,46048,562
2021-01-16,Sutter,101,95872,7769,7560,64,7624,76
2021-01-16,Tehama,103,63373,3977,3783,422,4205,18
2021-01-16,Trinity,105,12862,437,261,63,324,3
2021-01-16,Tulare,107,460477,42864,40655,5584,46239,542
2021-01-16,Tuolumne,109,53932,3299,3269,30,3299,27
2021-01-16,Ventura,111,848112,63661,60368,2181,62549,369
2021-01-16,Yolo,113,214977,11228,10406,94,10500,134
2021-01-16,Yuba,115,75493,4807,4602,56,4658,27
2021-01-15,Alameda,001,1643700,68937,65416,1383,66799,672
2021-01-15,Alpine,003,1148,73,71,0,71,0
2021-01-15,Amador,005,37829,3031,2953,24,2977,28
2021-01-15,Butte,007,227075,9949,9233,1295,10528,129
2021-01-15,Calaveras,009,45235,1599,1538,7,1545,21
2021-01-15,Colusa,011,21464,1628,1541,167,1708,7
2021-01-15,Contra Costa,013,1133247,53602,50408,852,51260,428
2021-01-15,Del Norte,015,27424,868,828,2,830,2
2021-01-15,El Dorado,017,186661,8061,7439,513,7952,47
2021-01-15,Fresno,019,978130,85679,79950,6255,86205,832
2021-01-15,Glenn,021,27897,2005,1824,390,2214,9
2021-01-15,Humboldt,023,135768,2445,2218,8,2226,22
2021-01-15,Imperial,025,180216,25758,24944,2112,27056,446
2021-01-15,Inyo,027,18085,969,814,8,822,25
2021-01-15,Kern,029,883053,82384,77873,7226,85099,719
2021-01-15,Kings,031,150075,19761,18661,738,19399,131
2021-01-15,Lake,033,64148,2676,2434,0,2434,28
2021-01-15,Lassen,035,31185,4793,4693,73,4766,1
2021-01-15,Los Angeles,037,10098052,1038195,968979,32309,1001288,13404
2021-01-15,Madera,039,155013,13809,12883,643,13526,85
2021-01-15,Marin,041,260295,11738,11310,111,11421,160
2021-01-15,Mariposa,043,17540,334,307,2,309,3
2021-01-15,Mendocino,045,87422,3048,2835,53,2888,31
2021-01-15,Merced,047,269075,24145,23060,595,23655,239
2021-01-15,Modoc,049,8938,294,278,85,363,0
2021-01-15,Mono,051,14174,1088,1057,12,1069,3
2021-01-15,Monterey,053,433212,36492,34460,1096,35556,243
2021-01-15,Napa,055,140530,7774,7231,30,7261,38
2021-01-15,Nevada,057,99092,3333,3099,128,3227,17
2021-01-15,Orange,059,3164182,216959,207129,8653,215782,2254
2021-01-15,Placer,061,380077,18230,16712,835,17547,173
2021-01-15,Plumas,063,18699,584,499,9,508,2
2021-01-15,Riverside,065,2383286,250999,235235,11622,246857,2458
2021-01-15,Sacramento,067,1510023,81730,80279,894,81173,1023
2021-01-15,San Benito,069,59416,4995,4766,51,4817,35
2021-01-15,San Bernardino,071,2135413,260090,246182,7344,253526,1726
2021-01-15,San Diego,073,3302833,224115,206868,10323,217191,2037
2021-01-15,San Francisco,075,870044,29570,28574,530,29104,242
2021-01-15,San Joaquin,077,732212,58510,55885,2220,58105,748
2021-01-15,San Luis Obispo,079,281455,16381,15129,399,15528,148
2021-01-15,San Mateo,081,765935,33814,31291,223,31514,208
2021-01-15,Santa Barbara,083,443738,25674,23487,740,24227,226
2021-01-15,Santa Clara,085,1922200,94975,90103,410,90513,942
2021-01-15,Santa Cruz,087,273765,13225,11776,583,12359,105
2021-01-15,Shasta,089,179085,9815,9459,972,10431,91
2021-01-15,Sierra,091,2930,44,36,7,43,0
2021-01-15,Siskiyou,093,43540,1235,1119,171,1290,4
2021-01-15,Solano,095,438530,25717,24222,274,24496,103
2021-01-15,Sonoma,097,501317,24242,23204,118,23322,222
2021-01-15,Stanislaus,099,539301,43545,41178,4197,45375,562
2021-01-15,Sutter,101,95872,7722,7484,63,7547,75
2021-01-15,Tehama,103,63373,3955,3714,421,4135,17
2021-01-15,Trinity,105,12862,437,262,63,325,3
2021-01-15,Tulare,107,460477,42620,39951,5501,45452,535
2021-01-15,Tuolumne,109,53932,3283,3231,30,3261,27
2021-01-15,Ventura,111,848112,62918,59061,2148,61209,353
2021-01-15,Yolo,113,214977,11170,10240,93,10333,134
2021-01-15,Yuba,115,75493,4787,4549,56,4605,27
2021-01-14,Alameda,001,1643700,68309,64364,1367,65731,686
2021-01-14,Alpine,003,1148,73,71,0,71,0
2021-01-14,Amador,005,37829,3025,2940,24,2964,28
2021-01-14,Butte,007,227075,9861,9127,1273,10400,129
2021-01-14,Calaveras,009,45235,1582,1513,7,1520,21
2021-01-14,Colusa,011,21464,1613,1535,161,1696,7
2021-01-14,Contra Costa,013,1133247,53061,49545,840,50385,415
2021-01-14,Del Norte,015,27424,862,821,2,823,2
2021-01-14,El Dorado,017,186661,7987,7321,506,7827,45
2021-01-14,Fresno,019,978130,85046,79033,6175,85208,814
2021-01-14,Glenn,021,27897,1993,1798,385,2183,9
2021-01-14,Humboldt,023,135768,2402,2169,8,2177,22
2021-01-14,Imperial,025,180216,25652,24882,2082,26964,447
2021-01-14,Inyo,027,18085,962,790,8,798,25
2021-01-14,Kern,029,883053,81713,77070,7125,84195,705
2021-01-14,Kings,031,150075,19631,18405,734,19139,108
2021-01-14,Lake,033,64148,2637,2378,0,2378,27
2021-01-14,Lassen,035,31185,4783,4673,71,4744,1
2021-01-14,Los Angeles,037,10098052,1028167,954652,31941,986593,13147
2021-01-14,Madera,039,155013,13694,12742,634,13376,85
2021-01-14,Marin,041,260295,11663,11155,110,11265,159
2021-01-14,Mariposa,043,17540,331,302,2,304,3
2021-01-14,Mendocino,045,87422,3034,2801,51,2852,31
2021-01-14,Merced,047,269075,23918,22780,585,23365,239
2021-01-14,Modoc,049,8938,294,273,85,358,0
2021-01-14,Mono,051,14174,1080,1020,12,1032,3
2021-01-14,Monterey,053,433212,36071,34105,1074,35179,242
2021-01-14,Napa,055,140530,7688,7117,30,7147,38
2021-01-14,Nevada,057,99092,3306,3075,126,3201,17
2021-01-14,Orange,059,3164182,215029,204442,8569,213011,2162
2021-01-14,Placer,061,380077,18069,16488,828,17316,169
2021-01-14,Plumas,063,18699,576,496,9,505,2
2021-01-14,Riverside,065,2383286,248353,231684,11521,243205,2357
2021-01-14,Sacramento,067,1510023,81091,79137,871,80008,1007
2021-01-14,San Benito,069,59416,4959,4678,50,4728,35
2021-01-14,San Bernardino,071,2135413,258108,243379,7273,250652,1750
2021-01-14,San Diego,073,3302833,221720,204173,10203,214376,2005
2021-01-14,San Francisco,075,870044,29324,28200,484,28684,238
2021-01-14,San Joaquin,077,732212,57993,55058,2207,57265,739
2021-01-14,San Luis Obispo,079,281455,16219,14851,390,15241,146
2021-01-14,San Mateo,081,765935,33445,30694,214,30908,208
2021-01-14,Santa Barbara,083,443738,25253,23126,723,23849,219
2021-01-14,Santa Clara,085,1922200,94064,88505,404,88909,910
2021-01-14,Santa Cruz,087,273765,13078,11583,568,12151,109
2021-01-14,Shasta,089,179085,9766,9334,956,10290,90
2021-01-14,Sierra,091,2930,44,35,6,41,0
2021-01-14,Siskiyou,093,43540,1223,1108,168,1276,3
2021-01-14,Solano,095,438530,25456,23782,270,24052,103
2021-01-14,Sonoma,097,501317,24002,22910,118,23028,202
2021-01-14,Stanislaus,099,539301,43218,40597,4156,44753,574
2021-01-14,Sutter,101,95872,7663,7416,60,7476,74
2021-01-14,Tehama,103,63373,3926,3664,417,4081,17
2021-01-14,Trinity,105,12862,437,261,62,323,3
2021-01-14,Tulare,107,460477,42235,39565,5392,44957,533
2021-01-14,Tuolumne,109,53932,3262,3215,30,3245,28
2021-01-14,Ventura,111,848112,62044,57941,2111,60052,347
2021-01-14,Yolo,113,214977,11066,10097,87,10184,135
2021-01-14,Yuba,115,75493,4755,4496,56,4552,27
2021-01-13,Alameda,001,1643700,67560,63568,1351,64919,690
2021-01-13,Alpine,003,1148,73,71,0,71,0
2021-01-13,Amador,005,37829,3011,2914,24,2938,26
2021-01-13,Butte,007,227075,9779,9013,1258,10271,126
2021-01-13,Calaveras,009,45235,1560,1493,7,1500,21
2021-01-13,Colusa,011,21464,1603,1524,153,1677,7
2021-01-13,Contra Costa,013,1133247,52488,48877,829,49706,403
2021-01-13,Del Norte,015,27424,858,820,2,822,2
2021-01-13,El Dorado,017,186661,7893,7247,498,7745,43
2021-01-13,Fresno,019,978130,84327,78278,6134,84412,804
2021-01-13,Glenn,021,27897,1977,1792,376,2168,9
2021-01-13,Humboldt,023,135768,2369,2114,8,2122,22
2021-01-13,Imperial,025,180216,25528,24717,2050,26767,463
2021-01-13,Inyo,027,18085,950,785,8,793,25
2021-01-13,Kern,029,883053,81054,76049,7035,83084,704
2021-01-13,Kings,031,150075,19464,18121,713,18834,108
2021-01-13,Lake,033,64148,2596,2305,0,2305,27
2021-01-13,Lassen,035,31185,4776,4663,70,4733,1
2021-01-13,Los Angeles,037,10098052,1017375,937985,31541,969526,12873
2021-01-13,Madera,039,155013,13578,12570,629,13199,85
2021-01-13,Marin,041,260295,11610,11039,110,11149,161
2021-01-13,Mariposa,043,17540,329,304,2,306,3
2021-01-13,Mendocino,045,87422,3014,2790,51,2841,31
2021-01-13,Merced,047,269075,23680,22497,571,23068,241
2021-01-13,Modoc,049,8938,293,274,82,356,0
2021-01-13,Mono,051,14174,1076,1017,12,1029,3
2021-01-13,Monterey,053,433212,35646,33748,1050,34798,241
2021-01-13,Napa,055,140530,7574,7028,30,7058,36
2021-01-13,Nevada,057,99092,3282,3037,123,3160,17
2021-01-13,Orange,059,3164182,212941,201158,8500,209658,2172
2021-01-13,Placer,061,380077,17944,16272,814,17086,172
2021-01-13,Plumas,063,18699,574,490,9,499,2
2021-01-13,Riverside,065,2383286,245208,228192,11408,239600,2278
2021-01-13,Sacramento,067,1510023,80430,78268,864,79132,996
2021-01-13,San Benito,069,59416,4903,4583,49,4632,35
2021-01-13,San Bernardino,071,2135413,255718,240191,7199,247390,1759
2021-01-13,San Diego,073,3302833,219106,201578,10100,211678,1952
2021-01-13,San Francisco,075,870044,29085,27863,464,28327,238
2021-01-13,San Joaquin,077,732212,57369,54373,2179,56552,738
2021-01-13,San Luis Obispo,079,281455,16064,14625,379,15004,140
2021-01-13,San Mateo,081,765935,33106,30195,212,30407,207
2021-01-13,Santa Barbara,083,443738,24811,22714,707,23421,216
2021-01-13,Santa Clara,085,1922200,93092,87187,400,87587,911
2021-01-13,Santa Cruz,087,273765,12905,11423,554,11977,110
2021-01-13,Shasta,089,179085,9702,9180,942,10122,93
2021-01-13,Sierra,091,2930,44,33,6,39,0
2021-01-13,Siskiyou,093,43540,1217,1102,164,1266,3
2021-01-13,Solano,095,438530,25178,23503,267,23770,105
2021-01-13,Sonoma,097,501317,23752,22610,117,22727,206
2021-01-13,Stanislaus,099,539301,42826,40167,4103,44270,574
2021-01-13,Sutter,101,95872,7617,7350,59,7409,73
2021-01-13,Tehama,103,63373,3875,3589,412,4001,17
2021-01-13,Trinity,105,12862,437,260,62,322,3
2021-01-13,Tulare,107,460477,41831,39129,5292,44421,522
2021-01-13,Tuolumne,109,53932,3248,3196,30,3226,28
2021-01-13,Ventura,111,848112,61032,56453,2071,58524,338
2021-01-13,Yolo,113,214977,10966,9933,85,10018,135
2021-01-13,Yuba,115,75493,4710,4448,53,4501,27
2021-01-12,Alameda,001,1643700,66732,62642,1333,63975,677
2021-01-12,Alpine,003,1148,73,71,0,71,0
2021-01-12,Amador,005,37829,2994,2897,24,2921,26
2021-01-12,Butte,007,227075,9691,8883,1243,10126,124
2021-01-12,Calaveras,009,45235,1524,1475,7,1482,21
2021-01-12,Colusa,011,21464,1591,1510,149,1659,7
2021-01-12,Contra Costa,013,1133247,51845,48242,815,49057,399
2021-01-12,Del Norte,015,27424,853,816,2,818,2
2021-01-12,El Dorado,017,186661,7809,7156,487,7643,41
2021-01-12,Fresno,019,978130,83456,77651,6066,83717,796
2021-01-12,Glenn,021,27897,1952,1781,372,2153,9
2021-01-12,Humboldt,023,135768,2315,2077,7,2084,22
2021-01-12,Imperial,025,180216,25437,24566,2009,26575,457
2021-01-12,Inyo,027,18085,932,773,8,781,25
2021-01-12,Kern,029,883053,80348,75320,6940,82260,689
2021-01-12,Kings,031,150075,19252,18072,703,18775,108
2021-01-12,Lake,033,64148,2549,2260,0,2260,27
2021-01-12,Lassen,035,31185,4754,4659,68,4727,1
2021-01-12,Los Angeles,037,10098052,1005712,926295,31143,957438,12610
2021-01-12,Madera,039,155013,13430,12485,620,13105,85
2021-01-12,Marin,041,260295,11503,10960,110,11070,157
2021-01-12,Mariposa,043,17540,326,302,2,304,3
2021-01-12,Mendocino,045,87422,2994,2762,47,2809,31
2021-01-12,Merced,047,269075,23429,22172,549,22721,239
2021-01-12,Modoc,049,8938,291,274,82,356,0
2021-01-12,Mono,051,14174,1066,1008,12,1020,3
2021-01-12,Monterey,053,433212,35155,33381,1033,34414,240
2021-01-12,Napa,055,140530,7491,6936,30,6966,36
2021-01-12,Nevada,057,99092,3254,3014,121,3135,17
2021-01-12,Orange,059,3164182,210650,198260,8414,206674,2142
2021-01-12,Placer,061,380077,17774,16087,808,16895,163
2021-01-12,Plumas,063,18699,568,483,9,492,2
2021-01-12,Riverside,065,2383286,242075,225580,11269,236849,2266
2021-01-12,Sacramento,067,1510023,79702,77201,856,78057,985
2021-01-12,San Benito,069,59416,4834,4515,49,4564,35
2021-01-12,San Bernardino,071,2135413,253138,237008,7130,244138,1739
2021-01-12,San Diego,073,3302833,216192,198317,9983,208300,1898
2021-01-12,San Francisco,075,870044,28808,27531,431,27962,238
2021-01-12,San Joaquin,077,732212,56730,53630,2151,55781,725
2021-01-12,San Luis Obispo,079,281455,15819,14367,371,14738,132
2021-01-12,San Mateo,081,765935,32715,29747,200,29947,206
2021-01-12,Santa Barbara,083,443738,24389,22182,687,22869,209
2021-01-12,Santa Clara,085,1922200,91978,86075,392,86467,904
2021-01-12,Santa Cruz,087,273765,12690,11267,539,11806,110
2021-01-12,Shasta,089,179085,9629,9086,929,10015,84
2021-01-12,Sierra,091,2930,43,33,6,39,0
2021-01-12,Siskiyou,093,43540,1207,1091,157,1248,3
2021-01-12,Solano,095,438530,24877,23160,263,23423,102
2021-01-12,Sonoma,097,501317,23447,22403,117,22520,205
2021-01-12,Stanislaus,099,539301,42387,39615,4068,43683,571
2021-01-12,Sutter,101,95872,7554,7276,58,7334,73
2021-01-12,Tehama,103,63373,3837,3567,407,3974,17
2021-01-12,Trinity,105,12862,437,258,62,320,3
2021-01-12,Tulare,107,460477,41370,38797,5176,43973,509
2021-01-12,Tuolumne,109,53932,3215,3178,30,3208,28
2021-01-12,Ventura,111,848112,60058,55342,2039,57381,324
2021-01-12,Yolo,113,214977,10829,9857,83,9940,133
2021-01-12,Yuba,115,75493,4665,4389,53,4442,27
2021-01-11,Alameda,001,1643700,65876,61949,1315,63264,652
2021-01-11,Alpine,003,1148,73,70,0,70,0
2021-01-11,Amador,005,37829,2980,2867,24,2891,24
2021-01-11,Butte,007,227075,9578,8757,1225,9982,119
2021-01-11,Calaveras,009,45235,1505,1460,7,1467,21
2021-01-11,Colusa,011,21464,1572,1494,144,1638,7
2021-01-11,Contra Costa,013,1133247,51163,47728,804,48532,398
2021-01-11,Del Norte,015,27424,849,810,2,812,2
2021-01-11,El Dorado,017,186661,7715,6987,480,7467,36
2021-01-11,Fresno,019,978130,82577,76581,5990,82571,775
2021-01-11,Glenn,021,27897,1925,1763,366,2129,9
2021-01-11,Humboldt,023,135768,2276,2069,7,2076,22
2021-01-11,Imperial,025,180216,25326,24418,1972,26390,453
2021-01-11,Inyo,027,18085,913,763,8,771,25
2021-01-11,Kern,029,883053,79488,74489,6841,81330,682
2021-01-11,Kings,031,150075,18990,17909,695,18604,108
2021-01-11,Lake,033,64148,2498,2205,0,2205,26
2021-01-11,Lassen,035,31185,4731,4647,68,4715,1
2021-01-11,Los Angeles,037,10098052,992486,914434,30680,945114,12304
2021-01-11,Madera,039,155013,13293,12366,609,12975,85
2021-01-11,Marin,041,260295,11404,10814,109,10923,156
2021-01-11,Mariposa,043,17540,319,296,2,298,3
2021-01-11,Mendocino,045,87422,2966,2728,47,2775,31
2021-01-11,Merced,047,269075,23106,21884,535,22419,238
2021-01-11,Modoc,049,8938,290,271,81,352,0
2021-01-11,Mono,051,14174,1060,1006,12,1018,3
2021-01-11,Monterey,053,433212,34616,32858,971,33829,239
2021-01-11,Napa,055,140530,7389,6822,30,6852,36
2021-01-11,Nevada,057,99092,3226,2980,121,3101,17
2021-01-11,Orange,059,3164182,208065,196340,8315,204655,2113
2021-01-11,Placer,061,380077,17594,15919,799,16718,163
2021-01-11,Plumas,063,18699,564,477,9,486,2
2021-01-11,Riverside,065,2383286,238566,222907,11125,234032,2222
2021-01-11,Sacramento,067,1510023,78770,76009,840,76849,974
2021-01-11,San Benito,069,59416,4762,4482,42,4524,34
2021-01-11,San Bernardino,071,2135413,250340,235543,7032,242575,1739
2021-01-11,San Diego,073,3302833,212923,194793,9823,204616,1857
2021-01-11,San Francisco,075,870044,28529,27264,411,27675,238
2021-01-11,San Joaquin,077,732212,56123,53002,2122,55124,725
2021-01-11,San Luis Obispo,079,281455,15448,14213,364,14577,126
2021-01-11,San Mateo,081,765935,32271,29355,188,29543,206
2021-01-11,Santa Barbara,083,443738,23938,21740,675,22415,200
2021-01-11,Santa Clara,085,1922200,90735,84851,384,85235,877
2021-01-11,Santa Cruz,087,273765,12510,11093,516,11609,106
2021-01-11,Shasta,089,179085,9531,8977,916,9893,81
2021-01-11,Sierra,091,2930,41,33,6,39,0
2021-01-11,Siskiyou,093,43540,1198,1087,155,1242,3
2021-01-11,Solano,095,438530,24555,22893,257,23150,101
2021-01-11,Sonoma,097,501317,23200,22191,117,22308,205
2021-01-11,Stanislaus,099,539301,41896,39149,4019,43168,571
2021-01-11,Sutter,101,95872,7495,7204,57,7261,71
2021-01-11,Tehama,103,63373,3775,3524,386,3910,17
2021-01-11,Trinity,105,12862,437,256,62,318,2
2021-01-11,Tulare,107,460477,40956,38380,5096,43476,497
2021-01-11,Tuolumne,109,53932,3204,3165,30,3195,27
2021-01-11,Ventura,111,848112,58921,54202,2015,56217,320
2021-01-11,Yolo,113,214977,10622,9699,82,9781,129
2021-01-11,Yuba,115,75493,4627,4349,46,4395,27
2021-01-10,Alameda,001,1643700,64894,61111,1287,62398,650
2021-01-10,Alpine,003,1148,73,70,0,70,0
2021-01-10,Amador,005,37829,2956,2861,24,2885,24
2021-01-10,Butte,007,227075,9457,8665,1199,9864,119
2021-01-10,Calaveras,009,45235,1482,1449,7,1456,21
2021-01-10,Colusa,011,21464,1550,1478,142,1620,7
2021-01-10,Contra Costa,013,1133247,50367,47109,785,47894,398
2021-01-10,Del Norte,015,27424,847,809,2,811,2
2021-01-10,El Dorado,017,186661,7627,6904,463,7367,36
2021-01-10,Fresno,019,978130,81766,75621,5868,81489,775
2021-01-10,Glenn,021,27897,1906,1746,358,2104,9
2021-01-10,Humboldt,023,135768,2215,2049,7,2056,22
2021-01-10,Imperial,025,180216,25168,24233,1922,26155,453
2021-01-10,Inyo,027,18085,886,748,8,756,25
2021-01-10,Kern,029,883053,78657,73712,6711,80423,679
2021-01-10,Kings,031,150075,18771,17812,688,18500,108
2021-01-10,Lake,033,64148,2443,2174,0,2174,26
2021-01-10,Lassen,035,31185,4709,4642,68,4710,1
2021-01-10,Los Angeles,037,10098052,977875,901783,30061,931844,12170
2021-01-10,Madera,039,155013,13102,12179,592,12771,85
2021-01-10,Marin,041,260295,11281,10737,108,10845,155
2021-01-10,Mariposa,043,17540,319,291,2,293,3
2021-01-10,Mendocino,045,87422,2935,2706,43,2749,31
2021-01-10,Merced,047,269075,22834,21691,524,22215,238
2021-01-10,Modoc,049,8938,290,271,79,350,0
2021-01-10,Mono,051,14174,1042,965,12,977,3
2021-01-10,Monterey,053,433212,34176,32571,939,33510,237
2021-01-10,Napa,055,140530,7285,6687,28,6715,36
2021-01-10,Nevada,057,99092,3207,2959,117,3076,17
2021-01-10,Orange,059,3164182,205296,193766,8193,201959,2104
2021-01-10,Placer,061,380077,17405,15779,779,16558,163
2021-01-10,Plumas,063,18699,554,477,9,486,2
2021-01-10,Riverside,065,2383286,235202,219486,10936,230422,2216
2021-01-10,Sacramento,067,1510023,77809,75394,813,76207,965
2021-01-10,San Benito,069,59416,4660,4434,41,4475,34
2021-01-10,San Bernardino,071,2135413,246921,232171,6929,239100,1736
2021-01-10,San Diego,073,3302833,209255,191886,9656,201542,1857
2021-01-10,San Francisco,075,870044,28148,27054,380,27434,238
2021-01-10,San Joaquin,077,732212,55313,52535,2089,54624,725
2021-01-10,San Luis Obispo,079,281455,15119,13968,352,14320,122
2021-01-10,San Mateo,081,765935,31781,28972,174,29146,206
2021-01-10,Santa Barbara,083,443738,23379,21290,660,21950,200
2021-01-10,Santa Clara,085,1922200,89554,83779,375,84154,858
2021-01-10,Santa Cruz,087,273765,12297,10951,498,11449,106
2021-01-10,Shasta,089,179085,9419,8936,901,9837,81
2021-01-10,Sierra,091,2930,40,32,6,38,0
2021-01-10,Siskiyou,093,43540,1192,1075,152,1227,3
2021-01-10,Solano,095,438530,24154,22621,254,22875,101
2021-01-10,Sonoma,097,501317,22924,21925,116,22041,204
2021-01-10,Stanislaus,099,539301,41322,38809,3942,42751,571
2021-01-10,Sutter,101,95872,7434,7133,54,7187,71
2021-01-10,Tehama,103,63373,3702,3504,374,3878,17
2021-01-10,Trinity,105,12862,437,253,60,313,2
2021-01-10,Tulare,107,460477,40541,38012,4979,42991,497
2021-01-10,Tuolumne,109,53932,3170,3143,29,3172,27
2021-01-10,Ventura,111,848112,57652,53095,1972,55067,319
2021-01-10,Yolo,113,214977,10469,9610,82,9692,129
2021-01-10,Yuba,115,75493,4574,4300,43,4343,27
2021-01-09,Alameda,001,1643700,64350,60125,1271,61396,649
2021-01-09,Alpine,003,1148,73,70,0,70,0
2021-01-09,Amador,005,37829,2949,2809,24,2833,24
2021-01-09,Butte,007,227075,9378,8552,1175,9727,118
2021-01-09,Calaveras,009,45235,1472,1425,7,1432,21
2021-01-09,Colusa,011,21464,1543,1468,141,1609,7
2021-01-09,Contra Costa,013,1133247,50012,46406,770,47176,393
2021-01-09,Del Norte,015,27424,845,802,2,804,2
2021-01-09,El Dorado,017,186661,7595,6800,460,7260,36
2021-01-09,Fresno,019,978130,81357,74816,5828,80644,773
2021-01-09,Glenn,021,27897,1891,1707,355,2062,9
2021-01-09,Humboldt,023,135768,2197,2026,7,2033,22
2021-01-09,Imperial,025,180216,25099,24028,1909,25937,448
2021-01-09,Inyo,027,18085,877,734,8,742,25
2021-01-09,Kern,029,883053,78188,73015,6634,79649,677
2021-01-09,Kings,031,150075,18676,17679,684,18363,108
2021-01-09,Lake,033,64148,2407,2144,0,2144,26
2021-01-09,Lassen,035,31185,4697,4613,68,4681,1
2021-01-09,Los Angeles,037,10098052,972299,887949,29629,917578,12011
2021-01-09,Madera,039,155013,13007,12063,586,12649,85
2021-01-09,Marin,041,260295,11220,10634,107,10741,154
2021-01-09,Mariposa,043,17540,316,287,2,289,3
2021-01-09,Mendocino,045,87422,2917,2664,43,2707,31
2021-01-09,Merced,047,269075,22692,21357,515,21872,237
2021-01-09,Modoc,049,8938,290,271,78,349,0
2021-01-09,Mono,051,14174,1037,964,12,976,3
2021-01-09,Monterey,053,433212,34025,31948,929,32877,235
2021-01-09,Napa,055,140530,7215,6594,25,6619,36
2021-01-09,Nevada,057,99092,3185,2932,114,3046,17
2021-01-09,Orange,059,3164182,203785,191004,8101,199105,2034
2021-01-09,Placer,061,380077,17298,15609,777,16386,162
2021-01-09,Plumas,063,18699,552,477,9,486,2
2021-01-09,Riverside,065,2383286,233446,216076,10800,226876,2201
2021-01-09,Sacramento,067,1510023,77277,74482,808,75290,953
2021-01-09,San Benito,069,59416,4608,4335,41,4376,34
2021-01-09,San Bernardino,071,2135413,245703,228857,6862,235719,1714
2021-01-09,San Diego,073,3302833,207561,188598,9536,198134,1824
2021-01-09,San Francisco,075,870044,27978,26708,339,27047,235
2021-01-09,San Joaquin,077,732212,54984,51927,2070,53997,724
2021-01-09,San Luis Obispo,079,281455,14995,13647,341,13988,121
2021-01-09,San Mateo,081,765935,31482,28512,167,28679,205
2021-01-09,Santa Barbara,083,443738,23167,20971,655,21626,197
2021-01-09,Santa Clara,085,1922200,88714,82269,363,82632,808
2021-01-09,Santa Cruz,087,273765,12201,10717,492,11209,107
2021-01-09,Shasta,089,179085,9386,8893,897,9790,81
2021-01-09,Sierra,091,2930,38,32,6,38,0
2021-01-09,Siskiyou,093,43540,1188,1062,147,1209,3
2021-01-09,Solano,095,438530,23996,22226,252,22478,101
2021-01-09,Sonoma,097,501317,22802,21393,116,21509,202
2021-01-09,Stanislaus,099,539301,41031,38403,3908,42311,567
2021-01-09,Sutter,101,95872,7398,7072,53,7125,69
2021-01-09,Tehama,103,63373,3670,3451,363,3814,15
2021-01-09,Trinity,105,12862,437,252,60,312,2
2021-01-09,Tulare,107,460477,40291,37684,4915,42599,496
2021-01-09,Tuolumne,109,53932,3162,3117,28,3145,26
2021-01-09,Ventura,111,848112,56824,51988,1946,53934,306
2021-01-09,Yolo,113,214977,10398,9524,81,9605,129
2021-01-09,Yuba,115,75493,4543,4265,43,4308,27
2021-01-08,Alameda,001,1643700,63789,59172,1262,60434,646
2021-01-08,Alpine,003,1148,73,70,0,70,0
2021-01-08,Amador,005,37829,2942,2792,24,2816,24
2021-01-08,Butte,007,227075,9318,8430,1161,9591,115
2021-01-08,Calaveras,009,45235,1458,1385,7,1392,21
2021-01-08,Colusa,011,21464,1531,1448,140,1588,7
2021-01-08,Contra Costa,013,1133247,49476,45667,766,46433,381
2021-01-08,Del Norte,015,27424,843,795,2,797,2
2021-01-08,El Dorado,017,186661,7525,6690,448,7138,36
2021-01-08,Fresno,019,978130,80543,73689,5770,79459,771
2021-01-08,Glenn,021,27897,1876,1680,350,2030,9
2021-01-08,Humboldt,023,135768,2173,1988,7,1995,22
2021-01-08,Imperial,025,180216,25034,23751,1894,25645,446
2021-01-08,Inyo,027,18085,862,682,8,690,24
2021-01-08,Kern,029,883053,77624,71978,6561,78539,674
2021-01-08,Kings,031,150075,18548,17441,679,18120,108
2021-01-08,Lake,033,64148,2379,2098,0,2098,26
2021-01-08,Lassen,035,31185,4689,4598,66,4664,1
2021-01-08,Los Angeles,037,10098052,961486,871188,29206,900394,11796
2021-01-08,Madera,039,155013,12857,11846,577,12423,85
2021-01-08,Marin,041,260295,11128,10531,107,10638,153
2021-01-08,Mariposa,043,17540,315,273,2,275,3
2021-01-08,Mendocino,045,87422,2898,2634,40,2674,31
2021-01-08,Merced,047,269075,22497,20862,510,21372,236
2021-01-08,Modoc,049,8938,290,266,78,344,0
2021-01-08,Mono,051,14174,1027,951,12,963,3
2021-01-08,Monterey,053,433212,33773,31543,919,32462,224
2021-01-08,Napa,055,140530,7145,6544,25,6569,32
2021-01-08,Nevada,057,99092,3163,2888,114,3002,17
2021-01-08,Orange,059,3164182,201788,186608,8015,194623,1991
2021-01-08,Placer,061,380077,17167,15401,770,16171,161
2021-01-08,Plumas,063,18699,546,465,9,474,2
2021-01-08,Riverside,065,2383286,231041,212122,10677,222799,2184
2021-01-08,Sacramento,067,1510023,76704,73245,802,74047,939
2021-01-08,San Benito,069,59416,4571,4225,40,4265,33
2021-01-08,San Bernardino,071,2135413,243826,224267,6792,231059,1703
2021-01-08,San Diego,073,3302833,205023,185060,9442,194502,1771
2021-01-08,San Francisco,075,870044,27727,26378,317,26695,207
2021-01-08,San Joaquin,077,732212,54659,50990,2042,53032,710
2021-01-08,San Luis Obispo,079,281455,14862,13286,329,13615,119
2021-01-08,San Mateo,081,765935,31132,28072,165,28237,204
2021-01-08,Santa Barbara,083,443738,22881,20461,650,21111,189
2021-01-08,Santa Clara,085,1922200,87770,80561,360,80921,789
2021-01-08,Santa Cruz,087,273765,12060,10486,484,10970,106
2021-01-08,Shasta,089,179085,9336,8772,882,9654,81
2021-01-08,Sierra,091,2930,38,31,6,37,0
2021-01-08,Siskiyou,093,43540,1185,1027,146,1173,3
2021-01-08,Solano,095,438530,23824,21832,249,22081,100
2021-01-08,Sonoma,097,501317,22660,21178,116,21294,201
2021-01-08,Stanislaus,099,539301,40732,37858,3874,41732,566
2021-01-08,Sutter,101,95872,7348,6982,53,7035,68
2021-01-08,Tehama,103,63373,3646,3406,360,3766,15
2021-01-08,Trinity,105,12862,437,247,60,307,2
2021-01-08,Tulare,107,460477,40023,36946,4820,41766,491
2021-01-08,Tuolumne,109,53932,3154,3099,28,3127,19
2021-01-08,Ventura,111,848112,55958,50553,1922,52475,294
2021-01-08,Yolo,113,214977,10309,9391,81,9472,129
2021-01-08,Yuba,115,75493,4501,4195,42,4237,26
2021-01-07,Alameda,001,1643700,62934,57921,1236,59157,632
2021-01-07,Alpine,003,1148,71,70,0,70,0
2021-01-07,Amador,005,37829,2929,2740,23,2763,24
2021-01-07,Butte,007,227075,9221,8278,1140,9418,112
2021-01-07,Calaveras,009,45235,1441,1342,6,1348,21
2021-01-07,Colusa,011,21464,1519,1420,133,1553,7
2021-01-07,Contra Costa,013,1133247,48699,44756,752,45508,376
2021-01-07,Del Norte,015,27424,841,791,2,793,2
2021-01-07,El Dorado,017,186661,7424,6545,438,6983,36
2021-01-07,Fresno,019,978130,79588,72557,5670,78227,765
2021-01-07,Glenn,021,27897,1858,1639,340,1979,9
2021-01-07,Humboldt,023,135768,2146,1954,7,1961,22
2021-01-07,Imperial,025,180216,24853,23608,1843,25451,431
2021-01-07,Inyo,027,18085,850,656,8,664,20
2021-01-07,Kern,029,883053,76762,70953,6413,77366,660
2021-01-07,Kings,031,150075,18422,17238,670,17908,108
2021-01-07,Lake,033,64148,2326,2054,0,2054,26
2021-01-07,Lassen,035,31185,4684,4581,64,4645,1
2021-01-07,Los Angeles,037,10098052,946567,853187,28675,881862,11480
2021-01-07,Madera,039,155013,12702,11644,567,12211,76
2021-01-07,Marin,041,260295,11039,10364,105,10469,153
2021-01-07,Mariposa,043,17540,313,264,2,266,3
2021-01-07,Mendocino,045,87422,2844,2585,35,2620,30
2021-01-07,Merced,047,269075,22176,20510,494,21004,234
2021-01-07,Modoc,049,8938,290,265,78,343,0
2021-01-07,Mono,051,14174,1016,905,12,917,3
2021-01-07,Monterey,053,433212,33269,30903,896,31799,222
2021-01-07,Napa,055,140530,7035,6408,25,6433,32
2021-01-07,Nevada,057,99092,3129,2847,109,2956,17
2021-01-07,Orange,059,3164182,198947,181922,7916,189838,1974
2021-01-07,Placer,061,380077,16989,15155,742,15897,144
2021-01-07,Plumas,063,18699,544,454,9,463,2
2021-01-07,Riverside,065,2383286,227579,208177,10527,218704,2156
2021-01-07,Sacramento,067,1510023,75799,72342,781,73123,919
2021-01-07,San Benito,069,59416,4510,4112,38,4150,33
2021-01-07,San Bernardino,071,2135413,240388,219691,6708,226399,1666
2021-01-07,San Diego,073,3302833,201717,180510,9264,189774,1738
2021-01-07,San Francisco,075,870044,27401,25885,304,26189,202
2021-01-07,San Joaquin,077,732212,53989,50156,2013,52169,689
2021-01-07,San Luis Obispo,079,281455,14624,12810,316,13126,118
2021-01-07,San Mateo,081,765935,30623,27494,162,27656,201
2021-01-07,Santa Barbara,083,443738,22454,19931,639,20570,187
2021-01-07,Santa Clara,085,1922200,86650,78808,356,79164,775
2021-01-07,Santa Cruz,087,273765,11851,10228,476,10704,104
2021-01-07,Shasta,089,179085,9248,8612,874,9486,81
2021-01-07,Sierra,091,2930,38,31,6,37,0
2021-01-07,Siskiyou,093,43540,1180,1010,145,1155,3
2021-01-07,Solano,095,438530,23434,21384,245,21629,100
2021-01-07,Sonoma,097,501317,22399,20857,115,20972,200
2021-01-07,Stanislaus,099,539301,40315,37296,3822,41118,553
2021-01-07,Sutter,101,95872,7289,6890,52,6942,65
2021-01-07,Tehama,103,63373,3622,3330,352,3682,15
2021-01-07,Trinity,105,12862,437,247,60,307,2
2021-01-07,Tulare,107,460477,39636,36397,4690,41087,482
2021-01-07,Tuolumne,109,53932,3134,3068,27,3095,14
2021-01-07,Ventura,111,848112,54797,49083,1894,50977,288
2021-01-07,Yolo,113,214977,10167,9207,79,9286,128
2021-01-07,Yuba,115,75493,4461,4128,42,4170,25
2021-01-06,Alameda,001,1643700,62079,57081,1209,58290,616
2021-01-06,Alpine,003,1148,71,70,0,70,0
2021-01-06,Amador,005,37829,2908,2717,22,2739,24
2021-01-06,Butte,007,227075,9106,8147,1121,9268,110
2021-01-06,Calaveras,009,45235,1418,1321,6,1327,21
2021-01-06,Colusa,011,21464,1499,1385,128,1513,7
2021-01-06,Contra Costa,013,1133247,47903,44054,736,44790,358
2021-01-06,Del Norte,015,27424,835,780,2,782,2
2021-01-06,El Dorado,017,186661,7312,6397,424,6821,35
2021-01-06,Fresno,019,978130,78745,71404,5568,76972,752
2021-01-06,Glenn,021,27897,1832,1622,336,1958,9
2021-01-06,Humboldt,023,135768,2120,1912,7,1919,22
2021-01-06,Imperial,025,180216,24606,23400,1801,25201,431
2021-01-06,Inyo,027,18085,834,630,8,638,20
2021-01-06,Kern,029,883053,75819,69893,6287,76180,646
2021-01-06,Kings,031,150075,18224,17019,651,17670,108
2021-01-06,Lake,033,64148,2292,2033,0,2033,26
2021-01-06,Lassen,035,31185,4672,4560,60,4620,1
2021-01-06,Los Angeles,037,10098052,930607,835052,27990,863042,11285
2021-01-06,Madera,039,155013,12568,11407,560,11967,67
2021-01-06,Marin,041,260295,10916,10282,104,10386,153
2021-01-06,Mariposa,043,17540,310,259,2,261,3
2021-01-06,Mendocino,045,87422,2814,2561,35,2596,30
2021-01-06,Merced,047,269075,21840,20258,479,20737,232
2021-01-06,Modoc,049,8938,290,263,78,341,0
2021-01-06,Mono,051,14174,985,905,12,917,3
2021-01-06,Monterey,053,433212,32668,30387,865,31252,222
2021-01-06,Napa,055,140530,6905,6342,25,6367,32
2021-01-06,Nevada,057,99092,3109,2805,108,2913,15
2021-01-06,Orange,059,3164182,195502,177686,7775,185461,1935
2021-01-06,Placer,061,380077,16800,14940,724,15664,134
2021-01-06,Plumas,063,18699,536,445,9,454,2
2021-01-06,Riverside,065,2383286,223558,203714,10341,214055,2121
2021-01-06,Sacramento,067,1510023,74775,71572,764,72336,909
2021-01-06,San Benito,069,59416,4434,4031,37,4068,32
2021-01-06,San Bernardino,071,2135413,236694,215286,6605,221891,1634
2021-01-06,San Diego,073,3302833,198217,176660,9093,185753,1691
2021-01-06,San Francisco,075,870044,27036,25424,296,25720,199
2021-01-06,San Joaquin,077,732212,53256,49286,1971,51257,673
2021-01-06,San Luis Obispo,079,281455,14231,12305,309,12614,115
2021-01-06,San Mateo,081,765935,30198,27050,159,27209,200
2021-01-06,Santa Barbara,083,443738,21965,19453,630,20083,177
2021-01-06,Santa Clara,085,1922200,85330,77485,349,77834,746
2021-01-06,Santa Cruz,087,273765,11632,9954,458,10412,97
2021-01-06,Shasta,089,179085,9178,8482,867,9349,78
2021-01-06,Sierra,091,2930,37,31,6,37,0
2021-01-06,Siskiyou,093,43540,1168,998,141,1139,3
2021-01-06,Solano,095,438530,23056,21102,242,21344,99
2021-01-06,Sonoma,097,501317,22092,20558,115,20673,196
2021-01-06,Stanislaus,099,539301,39748,36751,3762,40513,553
2021-01-06,Sutter,101,95872,7208,6839,51,6890,59
2021-01-06,Tehama,103,63373,3593,3306,346,3652,15
2021-01-06,Trinity,105,12862,437,246,60,306,2
2021-01-06,Tulare,107,460477,39144,35882,4595,40477,465
2021-01-06,Tuolumne,109,53932,3113,3008,27,3035,14
2021-01-06,Ventura,111,848112,53553,47428,1870,49298,280
2021-01-06,Yolo,113,214977,10003,9083,76,9159,127
2021-01-06,Yuba,115,75493,4411,4097,42,4139,25
2021-01-05,Alameda,001,1643700,60967,56432,1179,57611,602
2021-01-05,Alpine,003,1148,71,70,0,70,0
2021-01-05,Amador,005,37829,2868,2695,22,2717,24
2021-01-05,Butte,007,227075,8965,8008,1094,9102,107
2021-01-05,Calaveras,009,45235,1371,1292,6,1298,21
2021-01-05,Colusa,011,21464,1476,1376,122,1498,7
2021-01-05,Contra Costa,013,1133247,47043,43442,724,44166,353
2021-01-05,Del Norte,015,27424,828,770,2,772,2
2021-01-05,El Dorado,017,186661,7194,6270,403,6673,32
2021-01-05,Fresno,019,978130,77524,70971,5477,76448,741
2021-01-05,Glenn,021,27897,1809,1608,320,1928,9
2021-01-05,Humboldt,023,135768,2084,1884,7,1891,22
2021-01-05,Imperial,025,180216,24435,23165,1759,24924,421
2021-01-05,Inyo,027,18085,820,627,8,635,20
2021-01-05,Kern,029,883053,74742,68257,6152,74409,624
2021-01-05,Kings,031,150075,18026,16860,629,17489,108
2021-01-05,Lake,033,64148,2246,2015,0,2015,25
2021-01-05,Lassen,035,31185,4657,4554,56,4610,1
2021-01-05,Los Angeles,037,10098052,911870,823783,27327,851110,11028
2021-01-05,Madera,039,155013,12398,11359,548,11907,67
2021-01-05,Marin,041,260295,10767,10214,103,10317,151
2021-01-05,Mariposa,043,17540,304,257,2,259,3
2021-01-05,Mendocino,045,87422,2778,2501,35,2536,30
2021-01-05,Merced,047,269075,21489,20051,467,20518,230
2021-01-05,Modoc,049,8938,290,254,78,332,0
2021-01-05,Mono,051,14174,979,896,12,908,3
2021-01-05,Monterey,053,433212,32121,30045,832,30877,213
2021-01-05,Napa,055,140530,6818,6264,25,6289,29
2021-01-05,Nevada,057,99092,3081,2781,106,2887,15
2021-01-05,Orange,059,3164182,191869,174869,7584,182453,1918
2021-01-05,Placer,061,380077,16577,14723,701,15424,133
2021-01-05,Plumas,063,18699,529,428,9,437,2
2021-01-05,Riverside,065,2383286,219432,200439,10172,210611,2069
2021-01-05,Sacramento,067,1510023,73846,70677,738,71415,888
2021-01-05,San Benito,069,59416,4333,3961,35,3996,28
2021-01-05,San Bernardino,071,2135413,232728,212522,6489,219011,1615
2021-01-05,San Diego,073,3302833,194077,172845,8879,181724,1654
2021-01-05,San Francisco,075,870044,26665,24989,280,25269,196
2021-01-05,San Joaquin,077,732212,52396,48969,1927,50896,663
2021-01-05,San Luis Obispo,079,281455,13833,12027,299,12326,106
2021-01-05,San Mateo,081,765935,29717,26486,157,26643,198
2021-01-05,Santa Barbara,083,443738,21519,19063,622,19685,172
2021-01-05,Santa Clara,085,1922200,83781,76355,337,76692,729
2021-01-05,Santa Cruz,087,273765,11359,9753,434,10187,93
2021-01-05,Shasta,089,179085,9071,8345,849,9194,73
2021-01-05,Sierra,091,2930,37,31,6,37,0
2021-01-05,Siskiyou,093,43540,1156,985,139,1124,3
2021-01-05,Solano,095,438530,22647,20860,237,21097,97
2021-01-05,Sonoma,097,501317,21733,20247,114,20361,194
2021-01-05,Stanislaus,099,539301,39204,36363,3711,40074,553
2021-01-05,Sutter,101,95872,7111,6769,50,6819,59
2021-01-05,Tehama,103,63373,3539,3255,342,3597,9
2021-01-05,Trinity,105,12862,437,246,60,306,2
2021-01-05,Tulare,107,460477,38567,35585,4454,40039,455
2021-01-05,Tuolumne,109,53932,3089,2996,22,3018,13
2021-01-05,Ventura,111,848112,52309,46456,1848,48304,264
2021-01-05,Yolo,113,214977,9824,8980,75,9055,127
2021-01-05,Yuba,115,75493,4352,4053,41,4094,21
2021-01-04,Alameda,001,1643700,59751,55899,1146,57045,583
2021-01-04,Alpine,003,1148,71,68,0,68,0
2021-01-04,Amador,005,37829,2828,2596,22,2618,24
2021-01-04,Butte,007,227075,8806,7893,1073,8966,105
2021-01-04,Calaveras,009,45235,1330,1276,5,1281,21
2021-01-04,Colusa,011,21464,1451,1368,108,1476,7
2021-01-04,Contra Costa,013,1133247,46183,43019,700,43719,353
2021-01-04,Del Norte,015,27424,817,770,2,772,2
2021-01-04,El Dorado,017,186661,7060,6152,388,6540,27
2021-01-04,Fresno,019,978130,76256,69871,5379,75250,726
2021-01-04,Glenn,021,27897,1776,1590,315,1905,9
2021-01-04,Humboldt,023,135768,2047,1845,7,1852,22
2021-01-04,Imperial,025,180216,24287,23035,1708,24743,420
2021-01-04,Inyo,027,18085,794,623,8,631,20
2021-01-04,Kern,029,883053,73659,67418,5958,73376,623
2021-01-04,Kings,031,150075,17750,16801,605,17406,108
2021-01-04,Lake,033,64148,2210,1984,0,1984,25
2021-01-04,Lassen,035,31185,4635,4550,55,4605,1
2021-01-04,Los Angeles,037,10098052,891737,813022,26479,839501,10790
2021-01-04,Madera,039,155013,12182,11204,527,11731,67
2021-01-04,Marin,041,260295,10628,10115,101,10216,151
2021-01-04,Mariposa,043,17540,298,253,2,255,3
2021-01-04,Mendocino,045,87422,2738,2460,31,2491,28
2021-01-04,Merced,047,269075,21075,19804,448,20252,230
2021-01-04,Modoc,049,8938,274,250,76,326,0
2021-01-04,Mono,051,14174,968,895,12,907,3
2021-01-04,Monterey,053,433212,31507,29659,811,30470,212
2021-01-04,Napa,055,140530,6677,6187,25,6212,29
2021-01-04,Nevada,057,99092,3043,2765,103,2868,15
2021-01-04,Orange,059,3164182,187976,172458,7462,179920,1918
2021-01-04,Placer,061,380077,16318,14622,688,15310,133
2021-01-04,Plumas,063,18699,519,419,9,428,1
2021-01-04,Riverside,065,2383286,214881,196809,9986,206795,2066
2021-01-04,Sacramento,067,1510023,72793,70164,729,70893,870
2021-01-04,San Benito,069,59416,4220,3914,35,3949,28
2021-01-04,San Bernardino,071,2135413,228458,210868,6341,217209,1615
2021-01-04,San Diego,073,3302833,189503,171031,8683,179714,1598
2021-01-04,San Francisco,075,870044,26279,24753,274,25027,191
2021-01-04,San Joaquin,077,732212,51506,48644,1886,50530,661
2021-01-04,San Luis Obispo,079,281455,13347,11945,292,12237,96
2021-01-04,San Mateo,081,765935,29153,26150,152,26302,198
2021-01-04,Santa Barbara,083,443738,20996,18735,593,19328,165
2021-01-04,Santa Clara,085,1922200,82027,75297,330,75627,727
2021-01-04,Santa Cruz,087,273765,11071,9680,417,10097,85
2021-01-04,Shasta,089,179085,8966,8224,832,9056,72
2021-01-04,Sierra,091,2930,36,30,6,36,0
2021-01-04,Siskiyou,093,43540,1139,980,136,1116,3
2021-01-04,Solano,095,438530,22146,20588,229,20817,97
2021-01-04,Sonoma,097,501317,21395,20210,113,20323,194
2021-01-04,Stanislaus,099,539301,38641,36141,3656,39797,553
2021-01-04,Sutter,101,95872,7015,6712,49,6761,56
2021-01-04,Tehama,103,63373,3470,3190,337,3527,9
2021-01-04,Trinity,105,12862,434,245,60,305,2
2021-01-04,Tulare,107,460477,38026,35060,4354,39414,455
2021-01-04,Tuolumne,109,53932,3064,2987,22,3009,13
2021-01-04,Ventura,111,848112,50806,45014,1828,46842,255
2021-01-04,Yolo,113,214977,9629,8834,75,8909,121
2021-01-04,Yuba,115,75493,4297,4023,41,4064,21
2021-01-03,Alameda,001,1643700,58499,55082,1118,56200,580
2021-01-03,Alpine,003,1148,69,68,0,68,0
2021-01-03,Amador,005,37829,2771,2565,22,2587,24
2021-01-03,Butte,007,227075,8612,7837,1027,8864,105
2021-01-03,Calaveras,009,45235,1293,1249,3,1252,21
2021-01-03,Colusa,011,21464,1422,1337,102,1439,7
2021-01-03,Contra Costa,013,1133247,45297,42432,679,43111,352
2021-01-03,Del Norte,015,27424,806,768,2,770,2
2021-01-03,El Dorado,017,186661,6932,6034,371,6405,27
2021-01-03,Fresno,019,978130,75110,69326,5263,74589,719
2021-01-03,Glenn,021,27897,1751,1581,309,1890,9
2021-01-03,Humboldt,023,135768,2010,1833,7,1840,21
2021-01-03,Imperial,025,180216,24046,22951,1630,24581,419
2021-01-03,Inyo,027,18085,775,615,8,623,20
2021-01-03,Kern,029,883053,72397,66895,5783,72678,609
2021-01-03,Kings,031,150075,17474,16593,576,17169,108
2021-01-03,Lake,033,64148,2164,1976,0,1976,24
2021-01-03,Lassen,035,31185,4602,4531,54,4585,1
2021-01-03,Los Angeles,037,10098052,869679,792168,25433,817601,10633
2021-01-03,Madera,039,155013,11954,11152,504,11656,67
2021-01-03,Marin,041,260295,10477,10034,97,10131,150
2021-01-03,Mariposa,043,17540,291,248,2,250,3
2021-01-03,Mendocino,045,87422,2698,2445,29,2474,24
2021-01-03,Merced,047,269075,20608,19600,422,20022,230
2021-01-03,Modoc,049,8938,270,245,75,320,0
2021-01-03,Mono,051,14174,943,893,12,905,3
2021-01-03,Monterey,053,433212,30917,29357,776,30133,191
2021-01-03,Napa,055,140530,6576,6094,25,6119,29
2021-01-03,Nevada,057,99092,2982,2742,100,2842,15
2021-01-03,Orange,059,3164182,183790,169881,7273,177154,1919
2021-01-03,Placer,061,380077,16068,14319,665,14984,133
2021-01-03,Plumas,063,18699,506,416,9,425,1
2021-01-03,Riverside,065,2383286,210003,195048,9738,204786,2005
2021-01-03,Sacramento,067,1510023,71586,68558,708,69266,859
2021-01-03,San Benito,069,59416,4124,3882,34,3916,28
2021-01-03,San Bernardino,071,2135413,223176,208294,6172,214466,1592
2021-01-03,San Diego,073,3302833,184243,168018,8454,176472,1592
2021-01-03,San Francisco,075,870044,25789,24588,256,24844,193
2021-01-03,San Joaquin,077,732212,50396,47899,1831,49730,661
2021-01-03,San Luis Obispo,079,281455,12879,11636,284,11920,95
2021-01-03,San Mateo,081,765935,28559,25770,145,25915,196
2021-01-03,Santa Barbara,083,443738,20263,18267,578,18845,164
2021-01-03,Santa Clara,085,1922200,80439,74534,324,74858,720
2021-01-03,Santa Cruz,087,273765,10766,9528,402,9930,84
2021-01-03,Shasta,089,179085,8839,8192,792,8984,72
2021-01-03,Sierra,091,2930,36,30,6,36,0
2021-01-03,Siskiyou,093,43540,1106,976,127,1103,3
2021-01-03,Solano,095,438530,21613,20105,223,20328,97
2021-01-03,Sonoma,097,501317,21008,19982,111,20093,193
2021-01-03,Stanislaus,099,539301,37934,35762,3573,39335,553
2021-01-03,Sutter,101,95872,6918,6664,48,6712,53
2021-01-03,Tehama,103,63373,3416,3176,329,3505,9
2021-01-03,Trinity,105,12862,429,243,58,301,2
2021-01-03,Tulare,107,460477,37450,34747,4209,38956,455
2021-01-03,Tuolumne,109,53932,3003,2978,19,2997,13
2021-01-03,Ventura,111,848112,48980,43748,1811,45559,254
2021-01-03,Yolo,113,214977,9467,8674,74,8748,121
2021-01-03,Yuba,115,75493,4246,3966,40,4006,20
2021-01-02,Alameda,001,1643700,57876,54518,1087,55605,581
2021-01-02,Alpine,003,1148,69,68,0,68,0
2021-01-02,Amador,005,37829,2752,2540,22,2562,24
2021-01-02,Butte,007,227075,8506,7750,1006,8756,105
2021-01-02,Calaveras,009,45235,1273,1230,3,1233,21
2021-01-02,Colusa,011,21464,1411,1332,101,1433,7
2021-01-02,Contra Costa,013,1133247,44751,41993,671,42664,352
2021-01-02,Del Norte,015,27424,804,764,2,766,2
2021-01-02,El Dorado,017,186661,6877,5959,367,6326,27
2021-01-02,Fresno,019,978130,74567,68740,5152,73892,717
2021-01-02,Glenn,021,27897,1734,1546,308,1854,9
2021-01-02,Humboldt,023,135768,1983,1815,7,1822,21
2021-01-02,Imperial,025,180216,23958,22867,1599,24466,420
2021-01-02,Inyo,027,18085,764,609,8,617,20
2021-01-02,Kern,029,883053,71677,66457,5671,72128,610
2021-01-02,Kings,031,150075,17380,16515,572,17087,108
2021-01-02,Lake,033,64148,2127,1925,0,1925,24
2021-01-02,Lassen,035,31185,4591,4457,53,4510,1
2021-01-02,Los Angeles,037,10098052,861316,791892,24745,816637,10633
2021-01-02,Madera,039,155013,11839,11039,492,11531,67
2021-01-02,Marin,041,260295,10430,9924,94,10018,151
2021-01-02,Mariposa,043,17540,284,243,2,245,3
2021-01-02,Mendocino,045,87422,2655,2428,28,2456,24
2021-01-02,Merced,047,269075,20466,19395,405,19800,230
2021-01-02,Modoc,049,8938,269,245,75,320,0
2021-01-02,Mono,051,14174,932,884,12,896,3
2021-01-02,Monterey,053,433212,30701,28991,764,29755,191
2021-01-02,Napa,055,140530,6517,5994,25,6019,29
2021-01-02,Nevada,057,99092,2953,2706,96,2802,15
2021-01-02,Orange,059,3164182,181576,168457,7125,175582,1918
2021-01-02,Placer,061,380077,15895,14182,656,14838,133
2021-01-02,Plumas,063,18699,503,413,9,422,1
2021-01-02,Riverside,065,2383286,207358,192069,9511,201580,2008
2021-01-02,Sacramento,067,1510023,70951,67810,691,68501,858
2021-01-02,San Benito,069,59416,4041,3829,34,3863,28
2021-01-02,San Bernardino,071,2135413,221514,206939,6050,212989,1597
2021-01-02,San Diego,073,3302833,181644,164498,8257,172755,1592
2021-01-02,San Francisco,075,870044,25535,24414,248,24662,194
2021-01-02,San Joaquin,077,732212,49993,47310,1803,49113,662
2021-01-02,San Luis Obispo,079,281455,12745,11467,278,11745,95
2021-01-02,San Mateo,081,765935,28224,25483,137,25620,196
2021-01-02,Santa Barbara,083,443738,19974,18135,575,18710,164
2021-01-02,Santa Clara,085,1922200,79261,73662,318,73980,720
2021-01-02,Santa Cruz,087,273765,10611,9340,394,9734,85
2021-01-02,Shasta,089,179085,8773,8154,781,8935,72
2021-01-02,Sierra,091,2930,36,28,6,34,0
2021-01-02,Siskiyou,093,43540,1095,949,125,1074,3
2021-01-02,Solano,095,438530,21411,19805,214,20019,97
2021-01-02,Sonoma,097,501317,20839,19761,111,19872,194
2021-01-02,Stanislaus,099,539301,37601,35431,3509,38940,553
2021-01-02,Sutter,101,95872,6866,6621,48,6669,53
2021-01-02,Tehama,103,63373,3388,3146,325,3471,9
2021-01-02,Trinity,105,12862,426,243,58,301,2
2021-01-02,Tulare,107,460477,37122,34479,4135,38614,455
2021-01-02,Tuolumne,109,53932,2989,2942,17,2959,13
2021-01-02,Ventura,111,848112,47825,43397,1778,45175,254
2021-01-02,Yolo,113,214977,9368,8571,72,8643,122
2021-01-02,Yuba,115,75493,4208,3930,40,3970,21
2021-01-01,Alameda,001,1643700,57229,53518,1073,54591,579
2021-01-01,Alpine,003,1148,69,68,0,68,0
2021-01-01,Amador,005,37829,2726,2513,20,2533,24
2021-01-01,Butte,007,227075,8404,7589,984,8573,105
2021-01-01,Calaveras,009,45235,1258,1186,3,1189,21
2021-01-01,Colusa,011,21464,1401,1314,99,1413,7
2021-01-01,Contra Costa,013,1133247,44276,41412,651,42063,351
2021-01-01,Del Norte,015,27424,799,758,2,760,2
2021-01-01,El Dorado,017,186661,6784,5832,359,6191,27
2021-01-01,Fresno,019,978130,73494,67484,5068,72552,717
2021-01-01,Glenn,021,27897,1717,1520,299,1819,9
2021-01-01,Humboldt,023,135768,1944,1783,7,1790,21
2021-01-01,Imperial,025,180216,23862,22715,1548,24263,418
2021-01-01,Inyo,027,18085,739,606,8,614,20
2021-01-01,Kern,029,883053,70850,65571,5564,71135,609
2021-01-01,Kings,031,150075,17197,16358,565,16923,108
2021-01-01,Lake,033,64148,2089,1888,0,1888,24
2021-01-01,Lassen,035,31185,4585,4377,53,4430,1
2021-01-01,Los Angeles,037,10098052,847105,775578,24065,799643,10515
2021-01-01,Madera,039,155013,11684,10752,483,11235,66
2021-01-01,Marin,041,260295,10330,9821,93,9914,148
2021-01-01,Mariposa,043,17540,276,236,2,238,3
2021-01-01,Mendocino,045,87422,2601,2400,28,2428,24
2021-01-01,Merced,047,269075,20282,19118,389,19507,229
2021-01-01,Modoc,049,8938,269,241,75,316,0
2021-01-01,Mono,051,14174,914,884,11,895,3
2021-01-01,Monterey,053,433212,30463,28465,755,29220,191
2021-01-01,Napa,055,140530,6431,5899,25,5924,28
2021-01-01,Nevada,057,99092,2929,2663,96,2759,15
2021-01-01,Orange,059,3164182,178781,165440,6983,172423,1893
2021-01-01,Placer,061,380077,15705,13987,641,14628,133
2021-01-01,Plumas,063,18699,498,412,9,421,1
2021-01-01,Riverside,065,2383286,204170,188674,9258,197932,1990
2021-01-01,Sacramento,067,1510023,70355,66956,674,67630,848
2021-01-01,San Benito,069,59416,4003,3773,34,3807,28
2021-01-01,San Bernardino,071,2135413,218742,203651,5920,209571,1590
2021-01-01,San Diego,073,3302833,178571,160071,8078,168149,1592
2021-01-01,San Francisco,075,870044,25257,24145,237,24382,187
2021-01-01,San Joaquin,077,732212,49669,46640,1759,48399,657
2021-01-01,San Luis Obispo,079,281455,12518,11160,270,11430,94
2021-01-01,San Mateo,081,765935,27775,25041,133,25174,194
2021-01-01,Santa Barbara,083,443738,19654,17759,565,18324,164
2021-01-01,Santa Clara,085,1922200,78039,71904,314,72218,680
2021-01-01,Santa Cruz,087,273765,10431,9146,384,9530,84
2021-01-01,Shasta,089,179085,8692,8102,764,8866,72
2021-01-01,Sierra,091,2930,36,26,6,32,0
2021-01-01,Siskiyou,093,43540,1081,944,120,1064,3
2021-01-01,Solano,095,438530,21197,19393,212,19605,97
2021-01-01,Sonoma,097,501317,20643,19513,111,19624,189
2021-01-01,Stanislaus,099,539301,37313,34978,3447,38425,553
2021-01-01,Sutter,101,95872,6809,6553,47,6600,52
2021-01-01,Tehama,103,63373,3331,3079,318,3397,9
2021-01-01,Trinity,105,12862,426,243,58,301,2
2021-01-01,Tulare,107,460477,36715,33994,4047,38041,454
2021-01-01,Tuolumne,109,53932,2973,2909,17,2926,13
2021-01-01,Ventura,111,848112,46332,42026,1752,43778,253
2021-01-01,Yolo,113,214977,9256,8461,69,8530,120
2021-01-01,Yuba,115,75493,4154,3845,39,3884,19
2020-12-31,Alameda,001,1643700,56681,52475,1041,53516,579
2020-12-31,Alpine,003,1148,69,66,0,66,0
2020-12-31,Amador,005,37829,2712,2493,20,2513,24
2020-12-31,Butte,007,227075,8329,7405,964,8369,105
2020-12-31,Calaveras,009,45235,1247,1161,3,1164,21
2020-12-31,Colusa,011,21464,1389,1301,96,1397,7
2020-12-31,Contra Costa,013,1133247,43871,40512,635,41147,336
2020-12-31,Del Norte,015,27424,798,748,2,750,2
2020-12-31,El Dorado,017,186661,6732,5662,350,6012,26
2020-12-31,Fresno,019,978130,73062,66442,5006,71448,711
2020-12-31,Glenn,021,27897,1689,1484,291,1775,9
2020-12-31,Humboldt,023,135768,1927,1713,7,1720,21
2020-12-31,Imperial,025,180216,23792,22494,1532,24026,417
2020-12-31,Inyo,027,18085,731,591,8,599,20
2020-12-31,Kern,029,883053,70377,64904,5476,70380,609
2020-12-31,Kings,031,150075,17122,16077,557,16634,108
2020-12-31,Lake,033,64148,2068,1848,0,1848,23
2020-12-31,Lassen,035,31185,4579,4340,52,4392,1
2020-12-31,Los Angeles,037,10098052,841762,755844,23611,779455,10320
2020-12-31,Madera,039,155013,11599,10609,475,11084,64
2020-12-31,Marin,041,260295,10278,9731,91,9822,148
2020-12-31,Mariposa,043,17540,274,217,2,219,3
2020-12-31,Mendocino,045,87422,2586,2367,24,2391,24
2020-12-31,Merced,047,269075,20192,18808,379,19187,226
2020-12-31,Modoc,049,8938,269,238,75,313,0
2020-12-31,Mono,051,14174,906,868,11,879,3
2020-12-31,Monterey,053,433212,30233,27720,743,28463,188
2020-12-31,Napa,055,140530,6368,5801,25,5826,28
2020-12-31,Nevada,057,99092,2906,2619,95,2714,15
2020-12-31,Orange,059,3164182,176890,161586,6854,168440,1866
2020-12-31,Placer,061,380077,15549,13708,638,14346,126
2020-12-31,Plumas,063,18699,494,401,8,409,1
2020-12-31,Riverside,065,2383286,202488,184193,9130,193323,1958
2020-12-31,Sacramento,067,1510023,69825,65817,664,66481,830
2020-12-31,San Benito,069,59416,3979,3673,34,3707,28
2020-12-31,San Bernardino,071,2135413,217057,199115,5847,204962,1586
2020-12-31,San Diego,073,3302833,176808,155593,7979,163572,1534
2020-12-31,San Francisco,075,870044,25022,23740,230,23970,183
2020-12-31,San Joaquin,077,732212,49319,45764,1721,47485,646
2020-12-31,San Luis Obispo,079,281455,12404,10846,270,11116,89
2020-12-31,San Mateo,081,765935,27445,24570,127,24697,192
2020-12-31,Santa Barbara,083,443738,19410,17434,558,17992,161
2020-12-31,Santa Clara,085,1922200,77163,70032,309,70341,665
2020-12-31,Santa Cruz,087,273765,10313,8909,372,9281,84
2020-12-31,Shasta,089,179085,8626,7996,754,8750,69
2020-12-31,Sierra,091,2930,36,26,6,32,0
2020-12-31,Siskiyou,093,43540,1065,940,117,1057,3
2020-12-31,Solano,095,438530,20967,18942,211,19153,97
2020-12-31,Sonoma,097,501317,20522,19129,110,19239,188
2020-12-31,Stanislaus,099,539301,37005,34398,3400,37798,552
2020-12-31,Sutter,101,95872,6778,6432,47,6479,51
2020-12-31,Tehama,103,63373,3293,3036,317,3353,9
2020-12-31,Trinity,105,12862,425,241,58,299,2
2020-12-31,Tulare,107,460477,36514,33412,3986,37398,446
2020-12-31,Tuolumne,109,53932,2964,2902,17,2919,12
2020-12-31,Ventura,111,848112,45821,40854,1735,42589,251
2020-12-31,Yolo,113,214977,9167,8295,68,8363,117
2020-12-31,Yuba,115,75493,4117,3799,38,3837,18
2020-12-30,Alameda,001,1643700,55897,50158,988,51146,573
2020-12-30,Alpine,003,1148,69,66,0,66,0
2020-12-30,Amador,005,37829,2692,2418,19,2437,24
2020-12-30,Butte,007,227075,8168,7140,944,8084,103
2020-12-30,Calaveras,009,45235,1222,1135,3,1138,21
2020-12-30,Colusa,011,21464,1372,1289,90,1379,7
2020-12-30,Contra Costa,013,1133247,43321,39601,622,40223,337
2020-12-30,Del Norte,015,27424,793,726,2,728,2
2020-12-30,El Dorado,017,186661,6631,5595,340,5935,27
2020-12-30,Fresno,019,978130,72216,65566,4857,70423,711
2020-12-30,Glenn,021,27897,1658,1471,279,1750,9
2020-12-30,Humboldt,023,135768,1893,1654,7,1661,22
2020-12-30,Imperial,025,180216,23625,22098,1456,23554,412
2020-12-30,Inyo,027,18085,725,572,8,580,20
2020-12-30,Kern,029,883053,69649,63292,5332,68624,604
2020-12-30,Kings,031,150075,17003,15862,549,16411,108
2020-12-30,Lake,033,64148,2049,1731,0,1731,23
2020-12-30,Lassen,035,31185,4570,4300,52,4352,1
2020-12-30,Los Angeles,037,10098052,830845,741907,22937,764844,10046
2020-12-30,Madera,039,155013,11489,10249,464,10713,65
2020-12-30,Marin,041,260295,10186,9569,84,9653,148
2020-12-30,Mariposa,043,17540,270,214,2,216,3
2020-12-30,Mendocino,045,87422,2568,2291,21,2312,24
2020-12-30,Merced,047,269075,19902,18519,369,18888,225
2020-12-30,Modoc,049,8938,266,234,75,309,0
2020-12-30,Mono,051,14174,903,868,11,879,3
2020-12-30,Monterey,053,433212,29603,26977,721,27698,186
2020-12-30,Napa,055,140530,6262,5754,25,5779,28
2020-12-30,Nevada,057,99092,2871,2595,93,2688,15
2020-12-30,Orange,059,3164182,174231,153951,6667,160618,1863
2020-12-30,Placer,061,380077,15317,13540,626,14166,127
2020-12-30,Plumas,063,18699,489,397,8,405,1
2020-12-30,Riverside,065,2383286,199541,176402,8946,185348,1919
2020-12-30,Sacramento,067,1510023,68952,64119,647,64766,847
2020-12-30,San Benito,069,59416,3897,3464,30,3494,29
2020-12-30,San Bernardino,071,2135413,214486,192648,5762,198410,1591
2020-12-30,San Diego,073,3302833,173175,152510,7804,160314,1472
2020-12-30,San Francisco,075,870044,24747,23099,225,23324,182
2020-12-30,San Joaquin,077,732212,48598,44465,1680,46145,634
2020-12-30,San Luis Obispo,079,281455,12135,10542,262,10804,89
2020-12-30,San Mateo,081,765935,27016,24150,123,24273,190
2020-12-30,Santa Barbara,083,443738,19008,16895,537,17432,161
2020-12-30,Santa Clara,085,1922200,75956,67218,305,67523,661
2020-12-30,Santa Cruz,087,273765,10139,8787,363,9150,86
2020-12-30,Shasta,089,179085,8512,7818,740,8558,69
2020-12-30,Sierra,091,2930,36,25,6,31,0
2020-12-30,Siskiyou,093,43540,1058,913,109,1022,3
2020-12-30,Solano,095,438530,20578,18300,208,18508,96
2020-12-30,Sonoma,097,501317,20266,18947,110,19057,191
2020-12-30,Stanislaus,099,539301,36542,33730,3325,37055,526
2020-12-30,Sutter,101,95872,6718,6328,45,6373,51
2020-12-30,Tehama,103,63373,3249,2969,313,3282,9
2020-12-30,Trinity,105,12862,424,231,57,288,2
2020-12-30,Tulare,107,460477,35984,32413,3927,36340,430
2020-12-30,Tuolumne,109,53932,2954,2772,15,2787,12
2020-12-30,Ventura,111,848112,44534,39039,1711,40750,251
2020-12-30,Yolo,113,214977,9059,8067,66,8133,117
2020-12-30,Yuba,115,75493,4049,3612,38,3650,18
2020-12-29,Alameda,001,1643700,54830,50946,953,51899,552
2020-12-29,Alpine,003,1148,69,65,0,65,0
2020-12-29,Amador,005,37829,2640,2388,18,2406,23
2020-12-29,Butte,007,227075,7995,7178,920,8098,98
2020-12-29,Calaveras,009,45235,1178,1111,2,1113,21
2020-12-29,Colusa,011,21464,1351,1272,85,1357,7
2020-12-29,Contra Costa,013,1133247,42550,39225,596,39821,325
2020-12-29,Del Norte,015,27424,786,724,2,726,2
2020-12-29,El Dorado,017,186661,6501,5551,327,5878,22
2020-12-29,Fresno,019,978130,70841,65149,4707,69856,688
2020-12-29,Glenn,021,27897,1624,1454,272,1726,9
2020-12-29,Humboldt,023,135768,1845,1616,7,1623,19
2020-12-29,Imperial,025,180216,23411,22105,1374,23479,407
2020-12-29,Inyo,027,18085,707,571,8,579,19
2020-12-29,Kern,029,883053,68484,63096,5164,68260,589
2020-12-29,Kings,031,150075,16834,15777,537,16314,108
2020-12-29,Lake,033,64148,2018,1805,0,1805,22
2020-12-29,Lassen,035,31185,4555,4288,52,4340,1
2020-12-29,Los Angeles,037,10098052,810639,731907,22099,754006,9786
2020-12-29,Madera,039,155013,11187,10251,451,10702,64
2020-12-29,Marin,041,260295,10043,9595,80,9675,146
2020-12-29,Mariposa,043,17540,262,212,2,214,3
2020-12-29,Mendocino,045,87422,2525,2249,20,2269,24
2020-12-29,Merced,047,269075,19552,18464,353,18817,221
2020-12-29,Modoc,049,8938,263,232,75,307,0
2020-12-29,Mono,051,14174,894,868,11,879,3
2020-12-29,Monterey,053,433212,28952,26894,696,27590,185
2020-12-29,Napa,055,140530,6144,5663,25,5688,28
2020-12-29,Nevada,057,99092,2823,2550,92,2642,15
2020-12-29,Orange,059,3164182,170442,154411,6503,160914,1839
2020-12-29,Placer,061,380077,15104,13392,605,13997,126
2020-12-29,Plumas,063,18699,480,395,8,403,1
2020-12-29,Riverside,065,2383286,194941,177624,8696,186320,1904
2020-12-29,Sacramento,067,1510023,67901,65078,635,65713,820
2020-12-29,San Benito,069,59416,3778,3474,29,3503,25
2020-12-29,San Bernardino,071,2135413,209655,190476,5626,196102,1557
2020-12-29,San Diego,073,3302833,168952,150062,7573,157635,1435
2020-12-29,San Francisco,075,870044,24408,22996,218,23214,178
2020-12-29,San Joaquin,077,732212,47658,44699,1627,46326,622
2020-12-29,San Luis Obispo,079,281455,11839,10387,254,10641,80
2020-12-29,San Mateo,081,765935,26474,23773,111,23884,189
2020-12-29,Santa Barbara,083,443738,18539,16797,511,17308,155
2020-12-29,Santa Clara,085,1922200,74455,67581,301,67882,621
2020-12-29,Santa Cruz,087,273765,9873,8492,354,8846,84
2020-12-29,Shasta,089,179085,8408,7782,725,8507,65
2020-12-29,Sierra,091,2930,34,24,5,29,0
2020-12-29,Siskiyou,093,43540,1043,926,107,1033,3
2020-12-29,Solano,095,438530,20202,18412,203,18615,96
2020-12-29,Sonoma,097,501317,19934,18790,108,18898,187
2020-12-29,Stanislaus,099,539301,36065,33775,3255,37030,508
2020-12-29,Sutter,101,95872,6651,6302,45,6347,50
2020-12-29,Tehama,103,63373,3179,2962,301,3263,9
2020-12-29,Trinity,105,12862,423,241,57,298,2
2020-12-29,Tulare,107,460477,35357,32545,3805,36350,419
2020-12-29,Tuolumne,109,53932,2912,2797,15,2812,12
2020-12-29,Ventura,111,848112,43279,38669,1685,40354,235
2020-12-29,Yolo,113,214977,8929,8124,64,8188,111
2020-12-29,Yuba,115,75493,3970,3723,38,3761,18
2020-12-28,Alameda,001,1643700,53787,50405,933,51338,551
2020-12-28,Alpine,003,1148,68,65,0,65,0
2020-12-28,Amador,005,37829,2570,2255,18,2273,23
2020-12-28,Butte,007,227075,7828,7053,890,7943,86
2020-12-28,Calaveras,009,45235,1155,1102,2,1104,21
2020-12-28,Colusa,011,21464,1325,1255,74,1329,7
2020-12-28,Contra Costa,013,1133247,41609,38872,567,39439,324
2020-12-28,Del Norte,015,27424,777,718,2,720,2
2020-12-28,El Dorado,017,186661,6345,5441,315,5756,18
2020-12-28,Fresno,019,978130,69572,64274,4558,68832,679
2020-12-28,Glenn,021,27897,1590,1435,260,1695,9
2020-12-28,Humboldt,023,135768,1810,1579,7,1586,19
2020-12-28,Imperial,025,180216,23156,22003,1300,23303,405
2020-12-28,Inyo,027,18085,701,569,8,577,19
2020-12-28,Kern,029,883053,67417,62392,4964,67356,579
2020-12-28,Kings,031,150075,16617,15733,520,16253,108
2020-12-28,Lake,033,64148,1978,1785,0,1785,22
2020-12-28,Lassen,035,31185,4448,4284,51,4335,1
2020-12-28,Los Angeles,037,10098052,788284,720699,21306,742005,9544
2020-12-28,Madera,039,155013,11014,10123,431,10554,64
2020-12-28,Marin,041,260295,9936,9546,74,9620,145
2020-12-28,Mariposa,043,17540,238,211,2,213,3
2020-12-28,Mendocino,045,87422,2490,2214,20,2234,23
2020-12-28,Merced,047,269075,19232,18245,335,18580,213
2020-12-28,Modoc,049,8938,258,220,74,294,0
2020-12-28,Mono,051,14174,890,848,11,859,3
2020-12-28,Monterey,053,433212,28104,26529,687,27216,182
2020-12-28,Napa,055,140530,6035,5576,25,5601,26
2020-12-28,Nevada,057,99092,2775,2532,88,2620,15
2020-12-28,Orange,059,3164182,166337,152089,6328,158417,1839
2020-12-28,Placer,061,380077,14764,13234,578,13812,126
2020-12-28,Plumas,063,18699,476,391,8,399,0
2020-12-28,Riverside,065,2383286,190043,174029,8409,182438,1855
2020-12-28,Sacramento,067,1510023,66667,64322,611,64933,813
2020-12-28,San Benito,069,59416,3709,3429,29,3458,24
2020-12-28,San Bernardino,071,2135413,204565,188919,5513,194432,1552
2020-12-28,San Diego,073,3302833,164208,147528,7391,154919,1404
2020-12-28,San Francisco,075,870044,24048,22726,213,22939,178
2020-12-28,San Joaquin,077,732212,46719,44172,1595,45767,618
2020-12-28,San Luis Obispo,079,281455,11489,10260,250,10510,76
2020-12-28,San Mateo,081,765935,26000,23467,107,23574,189
2020-12-28,Santa Barbara,083,443738,18071,16579,499,17078,155
2020-12-28,Santa Clara,085,1922200,72975,66418,294,66712,619
2020-12-28,Santa Cruz,087,273765,9615,8310,344,8654,81
2020-12-28,Shasta,089,179085,8291,7688,712,8400,65
2020-12-28,Sierra,091,2930,32,24,4,28,0
2020-12-28,Siskiyou,093,43540,1027,915,102,1017,3
2020-12-28,Solano,095,438530,19642,18171,196,18367,96
2020-12-28,Sonoma,097,501317,19587,18667,106,18773,185
2020-12-28,Stanislaus,099,539301,35519,33473,3196,36669,507
2020-12-28,Sutter,101,95872,6571,6253,45,6298,49
2020-12-28,Tehama,103,63373,3126,2934,294,3228,9
2020-12-28,Trinity,105,12862,421,240,57,297,2
2020-12-28,Tulare,107,460477,34708,32010,3704,35714,404
2020-12-28,Tuolumne,109,53932,2895,2777,15,2792,12
2020-12-28,Ventura,111,848112,41610,37151,1640,38791,230
2020-12-28,Yolo,113,214977,8775,8031,63,8094,111
2020-12-28,Yuba,115,75493,3915,3679,37,3716,18
2020-12-27,Alameda,001,1643700,52549,49764,906,50670,551
2020-12-27,Alpine,003,1148,66,65,0,65,0
2020-12-27,Amador,005,37829,2450,2218,18,2236,23
2020-12-27,Butte,007,227075,7673,7016,851,7867,86
2020-12-27,Calaveras,009,45235,1109,1097,2,1099,21
2020-12-27,Colusa,011,21464,1300,1253,71,1324,7
2020-12-27,Contra Costa,013,1133247,40662,38428,543,38971,324
2020-12-27,Del Norte,015,27424,753,712,2,714,2
2020-12-27,El Dorado,017,186661,6131,5388,292,5680,18
2020-12-27,Fresno,019,978130,68326,63811,4355,68166,679
2020-12-27,Glenn,021,27897,1562,1434,246,1680,9
2020-12-27,Humboldt,023,135768,1766,1575,7,1582,17
2020-12-27,Imperial,025,180216,22877,21934,1193,23127,405
2020-12-27,Inyo,027,18085,681,565,7,572,18
2020-12-27,Kern,029,883053,66136,61914,4798,66712,568
2020-12-27,Kings,031,150075,16381,15593,486,16079,108
2020-12-27,Lake,033,64148,1929,1769,0,1769,22
2020-12-27,Lassen,035,31185,4371,4230,44,4274,1
2020-12-27,Los Angeles,037,10098052,766768,707260,20430,727690,9476
2020-12-27,Madera,039,155013,10757,10005,421,10426,64
2020-12-27,Marin,041,260295,9816,9477,72,9549,144
2020-12-27,Mariposa,043,17540,231,208,2,210,3
2020-12-27,Mendocino,045,87422,2443,2209,20,2229,23
2020-12-27,Merced,047,269075,18865,18075,319,18394,213
2020-12-27,Modoc,049,8938,249,221,70,291,0
2020-12-27,Mono,051,14174,878,849,11,860,3
2020-12-27,Monterey,053,433212,27541,26322,670,26992,181
2020-12-27,Napa,055,140530,5901,5496,25,5521,26
2020-12-27,Nevada,057,99092,2739,2519,88,2607,15
2020-12-27,Orange,059,3164182,161937,149276,6140,155416,1839
2020-12-27,Placer,061,380077,14469,13017,546,13563,126
2020-12-27,Plumas,063,18699,470,390,8,398,0
2020-12-27,Riverside,065,2383286,185129,171995,8109,180104,1836
2020-12-27,Sacramento,067,1510023,65458,63416,589,64005,811
2020-12-27,San Benito,069,59416,3624,3394,29,3423,24
2020-12-27,San Bernardino,071,2135413,199472,186776,5376,192152,1551
2020-12-27,San Diego,073,3302833,159801,145777,7204,152981,1402
2020-12-27,San Francisco,075,870044,23693,22514,205,22719,178
2020-12-27,San Joaquin,077,732212,45669,43529,1546,45075,618
2020-12-27,San Luis Obispo,079,281455,11081,10154,245,10399,76
2020-12-27,San Mateo,081,765935,25436,23136,104,23240,187
2020-12-27,Santa Barbara,083,443738,17542,16364,472,16836,155
2020-12-27,Santa Clara,085,1922200,71276,65288,288,65576,619
2020-12-27,Santa Cruz,087,273765,9357,8234,336,8570,81
2020-12-27,Shasta,089,179085,8164,7671,690,8361,65
2020-12-27,Sierra,091,2930,32,24,3,27,0
2020-12-27,Siskiyou,093,43540,1017,914,97,1011,3
2020-12-27,Solano,095,438530,19160,17840,191,18031,96
2020-12-27,Sonoma,097,501317,19296,18487,105,18592,185
2020-12-27,Stanislaus,099,539301,34907,33076,3113,36189,506
2020-12-27,Sutter,101,95872,6490,6218,43,6261,48
2020-12-27,Tehama,103,63373,3055,2922,278,3200,9
2020-12-27,Trinity,105,12862,414,240,55,295,2
2020-12-27,Tulare,107,460477,34104,31864,3586,35450,400
2020-12-27,Tuolumne,109,53932,2789,2750,13,2763,12
2020-12-27,Ventura,111,848112,40547,36661,1589,38250,230
2020-12-27,Yolo,113,214977,8586,7919,59,7978,111
2020-12-27,Yuba,115,75493,3852,3665,35,3700,18
2020-12-26,Alameda,001,1643700,51925,49084,893,49977,551
2020-12-26,Alpine,003,1148,66,65,0,65,0
2020-12-26,Amador,005,37829,2436,2189,18,2207,23
2020-12-26,Butte,007,227075,7577,6968,827,7795,86
2020-12-26,Calaveras,009,45235,1103,1084,2,1086,21
2020-12-26,Colusa,011,21464,1290,1240,71,1311,7
2020-12-26,Contra Costa,013,1133247,40183,38008,526,38534,324
2020-12-26,Del Norte,015,27424,748,709,2,711,2
2020-12-26,El Dorado,017,186661,6076,5279,288,5567,18
2020-12-26,Fresno,019,978130,67856,63080,4292,67372,679
2020-12-26,Glenn,021,27897,1541,1413,241,1654,9
2020-12-26,Humboldt,023,135768,1728,1545,7,1552,17
2020-12-26,Imperial,025,180216,22782,21734,1140,22874,405
2020-12-26,Inyo,027,18085,666,554,7,561,18
2020-12-26,Kern,029,883053,65466,61174,4651,65825,564
2020-12-26,Kings,031,150075,16263,15517,482,15999,108
2020-12-26,Lake,033,64148,1889,1710,0,1710,22
2020-12-26,Lassen,035,31185,4350,3981,44,4025,1
2020-12-26,Los Angeles,037,10098052,758200,694149,19936,714085,9424
2020-12-26,Madera,039,155013,10681,9908,409,10317,64
2020-12-26,Marin,041,260295,9776,9413,69,9482,143
2020-12-26,Mariposa,043,17540,230,206,2,208,3
2020-12-26,Mendocino,045,87422,2397,2194,20,2214,23
2020-12-26,Merced,047,269075,18706,17890,314,18204,213
2020-12-26,Modoc,049,8938,246,222,70,292,0
2020-12-26,Mono,051,14174,872,850,11,861,3
2020-12-26,Monterey,053,433212,27403,26010,661,26671,182
2020-12-26,Napa,055,140530,5843,5427,25,5452,26
2020-12-26,Nevada,057,99092,2711,2480,88,2568,15
2020-12-26,Orange,059,3164182,159731,147304,6049,153353,1838
2020-12-26,Placer,061,380077,14298,12816,531,13347,122
2020-12-26,Plumas,063,18699,467,381,8,389,0
2020-12-26,Riverside,065,2383286,182644,169360,7951,177311,1834
2020-12-26,Sacramento,067,1510023,64833,62435,579,63014,807
2020-12-26,San Benito,069,59416,3551,3330,29,3359,24
2020-12-26,San Bernardino,071,2135413,197794,185111,5294,190405,1551
2020-12-26,San Diego,073,3302833,157276,142644,7057,149701,1402
2020-12-26,San Francisco,075,870044,23452,22319,205,22524,177
2020-12-26,San Joaquin,077,732212,45280,42887,1500,44387,618
2020-12-26,San Luis Obispo,079,281455,10994,9945,240,10185,76
2020-12-26,San Mateo,081,765935,25098,22908,99,23007,187
2020-12-26,Santa Barbara,083,443738,17303,16159,466,16625,155
2020-12-26,Santa Clara,085,1922200,70163,64185,286,64471,618
2020-12-26,Santa Cruz,087,273765,9226,8113,327,8440,81
2020-12-26,Shasta,089,179085,8104,7641,678,8319,65
2020-12-26,Sierra,091,2930,32,24,3,27,0
2020-12-26,Siskiyou,093,43540,1010,909,94,1003,2
2020-12-26,Solano,095,438530,18919,17528,191,17719,96
2020-12-26,Sonoma,097,501317,19093,18261,103,18364,184
2020-12-26,Stanislaus,099,539301,34608,32678,3060,35738,505
2020-12-26,Sutter,101,95872,6432,6121,43,6164,48
2020-12-26,Tehama,103,63373,3026,2884,272,3156,9
2020-12-26,Trinity,105,12862,412,237,54,291,2
2020-12-26,Tulare,107,460477,33794,31665,3523,35188,398
2020-12-26,Tuolumne,109,53932,2778,2703,13,2716,12
2020-12-26,Ventura,111,848112,39582,36064,1559,37623,230
2020-12-26,Yolo,113,214977,8484,7785,57,7842,111
2020-12-26,Yuba,115,75493,3820,3599,35,3634,18
2020-12-25,Alameda,001,1643700,51353,48365,878,49243,542
2020-12-25,Alpine,003,1148,66,64,0,64,0
2020-12-25,Amador,005,37829,2393,2172,18,2190,23
2020-12-25,Butte,007,227075,7478,6873,809,7682,85
2020-12-25,Calaveras,009,45235,1100,1062,2,1064,21
2020-12-25,Colusa,011,21464,1277,1219,70,1289,7
2020-12-25,Contra Costa,013,1133247,39698,37480,502,37982,324
2020-12-25,Del Norte,015,27424,746,692,2,694,2
2020-12-25,El Dorado,017,186661,6011,5170,275,5445,16
2020-12-25,Fresno,019,978130,66992,62251,4212,66463,679
2020-12-25,Glenn,021,27897,1525,1390,234,1624,9
2020-12-25,Humboldt,023,135768,1688,1532,7,1539,16
2020-12-25,Imperial,025,180216,22680,21646,1128,22774,405
2020-12-25,Inyo,027,18085,656,546,7,553,18
2020-12-25,Kern,029,883053,64735,60417,4505,64922,562
2020-12-25,Kings,031,150075,16152,15460,478,15938,108
2020-12-25,Lake,033,64148,1870,1669,0,1669,20
2020-12-25,Lassen,035,31185,4335,3926,44,3970,1
2020-12-25,Los Angeles,037,10098052,744534,665600,19277,684877,9292
2020-12-25,Madera,039,155013,10517,9770,403,10173,64
2020-12-25,Marin,041,260295,9723,9375,67,9442,143
2020-12-25,Mariposa,043,17540,224,203,2,205,3
2020-12-25,Mendocino,045,87422,2354,2176,20,2196,23
2020-12-25,Merced,047,269075,18545,17726,306,18032,213
2020-12-25,Modoc,049,8938,245,221,70,291,0
2020-12-25,Mono,051,14174,870,843,11,854,3
2020-12-25,Monterey,053,433212,27126,25788,652,26440,182
2020-12-25,Napa,055,140530,5766,5351,25,5376,26
2020-12-25,Nevada,057,99092,2685,2458,86,2544,15
2020-12-25,Orange,059,3164182,157050,144542,5858,150400,1814
2020-12-25,Placer,061,380077,14112,12660,509,13169,122
2020-12-25,Plumas,063,18699,460,381,8,389,0
2020-12-25,Riverside,065,2383286,179362,166690,7640,174330,1825
2020-12-25,Sacramento,067,1510023,64141,61630,554,62184,796
2020-12-25,San Benito,069,59416,3510,3281,27,3308,24
2020-12-25,San Bernardino,071,2135413,195184,181812,5179,186991,1546
2020-12-25,San Diego,073,3302833,154796,139958,6879,146837,1402
2020-12-25,San Francisco,075,870044,23170,22130,200,22330,175
2020-12-25,San Joaquin,077,732212,44979,42089,1447,43536,614
2020-12-25,San Luis Obispo,079,281455,10811,9749,233,9982,76
2020-12-25,San Mateo,081,765935,24776,22568,97,22665,187
2020-12-25,Santa Barbara,083,443738,17079,15936,459,16395,155
2020-12-25,Santa Clara,085,1922200,69028,63173,277,63450,612
2020-12-25,Santa Cruz,087,273765,9076,8018,306,8324,81
2020-12-25,Shasta,089,179085,8030,7612,655,8267,65
2020-12-25,Sierra,091,2930,32,24,3,27,0
2020-12-25,Siskiyou,093,43540,1004,905,92,997,2
2020-12-25,Solano,095,438530,18740,17280,189,17469,96
2020-12-25,Sonoma,097,501317,18918,18035,101,18136,184
2020-12-25,Stanislaus,099,539301,34326,32290,3005,35295,498
2020-12-25,Sutter,101,95872,6373,6051,42,6093,47
2020-12-25,Tehama,103,63373,2977,2839,259,3098,9
2020-12-25,Trinity,105,12862,408,236,54,290,2
2020-12-25,Tulare,107,460477,33382,31323,3455,34778,398
2020-12-25,Tuolumne,109,53932,2759,2674,13,2687,12
2020-12-25,Ventura,111,848112,38426,35514,1511,37025,230
2020-12-25,Yolo,113,214977,8392,7700,55,7755,111
2020-12-25,Yuba,115,75493,3780,3549,34,3583,17
2020-12-24,Alameda,001,1643700,50996,47527,860,48387,541
2020-12-24,Alpine,003,1148,66,64,0,64,0
2020-12-24,Amador,005,37829,2381,2145,18,2163,23
2020-12-24,Butte,007,227075,7439,6716,794,7510,84
2020-12-24,Calaveras,009,45235,1097,1032,2,1034,21
2020-12-24,Colusa,011,21464,1272,1188,68,1256,7
2020-12-24,Contra Costa,013,1133247,39446,36623,489,37112,311
2020-12-24,Del Norte,015,27424,745,678,2,680,2
2020-12-24,El Dorado,017,186661,5985,5042,267,5309,16
2020-12-24,Fresno,019,978130,66769,61435,4198,65633,663
2020-12-24,Glenn,021,27897,1514,1363,226,1589,9
2020-12-24,Humboldt,023,135768,1665,1516,7,1523,16
2020-12-24,Imperial,025,180216,22618,21545,1118,22663,402
2020-12-24,Inyo,027,18085,654,532,7,539,17
2020-12-24,Kern,029,883053,64448,59601,4492,64093,556
2020-12-24,Kings,031,150075,16112,15211,477,15688,108
2020-12-24,Lake,033,64148,1848,1629,0,1629,20
2020-12-24,Lassen,035,31185,4322,3894,44,3938,1
2020-12-24,Los Angeles,037,10098052,740347,664840,19031,683871,9288
2020-12-24,Madera,039,155013,10468,9547,395,9942,63
2020-12-24,Marin,041,260295,9684,9287,67,9354,143
2020-12-24,Mariposa,043,17540,220,197,2,199,3
2020-12-24,Mendocino,045,87422,2343,2150,20,2170,23
2020-12-24,Merced,047,269075,18475,17485,302,17787,212
2020-12-24,Modoc,049,8938,245,220,69,289,0
2020-12-24,Mono,051,14174,868,817,11,828,3
2020-12-24,Monterey,053,433212,27013,25131,645,25776,180
2020-12-24,Napa,055,140530,5711,5265,25,5290,26
2020-12-24,Nevada,057,99092,2661,2429,86,2515,15
2020-12-24,Orange,059,3164182,155565,141205,5807,147012,1775
2020-12-24,Placer,061,380077,14022,12457,502,12959,121
2020-12-24,Plumas,063,18699,457,376,8,384,0
2020-12-24,Riverside,065,2383286,178427,162435,7600,170035,1816
2020-12-24,Sacramento,067,1510023,63866,60596,552,61148,788
2020-12-24,San Benito,069,59416,3479,3183,27,3210,24
2020-12-24,San Bernardino,071,2135413,194100,176866,5145,182011,1533
2020-12-24,San Diego,073,3302833,153712,136952,6847,143799,1382
2020-12-24,San Francisco,075,870044,22998,21830,197,22027,175
2020-12-24,San Joaquin,077,732212,44813,41324,1429,42753,611
2020-12-24,San Luis Obispo,079,281455,10742,9504,231,9735,77
2020-12-24,San Mateo,081,765935,24581,22093,97,22190,186
2020-12-24,Santa Barbara,083,443738,16974,15644,451,16095,153
2020-12-24,Santa Clara,085,1922200,68340,61742,270,62012,591
2020-12-24,Santa Cruz,087,273765,8997,7856,294,8150,82
2020-12-24,Shasta,089,179085,7989,7540,638,8178,65
2020-12-24,Sierra,091,2930,29,23,1,24,0
2020-12-24,Siskiyou,093,43540,999,900,86,986,2
2020-12-24,Solano,095,438530,18599,16872,184,17056,96
2020-12-24,Sonoma,097,501317,18817,17710,101,17811,183
2020-12-24,Stanislaus,099,539301,34124,31848,2978,34826,498
2020-12-24,Sutter,101,95872,6332,5960,41,6001,47
2020-12-24,Tehama,103,63373,2959,2779,257,3036,9
2020-12-24,Trinity,105,12862,407,235,54,289,2
2020-12-24,Tulare,107,460477,33235,30827,3429,34256,390
2020-12-24,Tuolumne,109,53932,2751,2653,13,2666,12
2020-12-24,Ventura,111,848112,38146,34400,1504,35904,224
2020-12-24,Yolo,113,214977,8350,7566,54,7620,113
2020-12-24,Yuba,115,75493,3749,3483,34,3517,16
2020-12-23,Alameda,001,1643700,50418,46753,833,47586,537
2020-12-23,Alpine,003,1148,66,64,0,64,0
2020-12-23,Amador,005,37829,2312,2108,17,2125,23
2020-12-23,Butte,007,227075,7350,6588,767,7355,84
2020-12-23,Calaveras,009,45235,1089,1002,1,1003,21
2020-12-23,Colusa,011,21464,1261,1167,67,1234,7
2020-12-23,Contra Costa,013,1133247,39049,36190,475,36665,311
2020-12-23,Del Norte,015,27424,737,670,2,672,2
2020-12-23,El Dorado,017,186661,5910,4967,259,5226,14
2020-12-23,Fresno,019,978130,66159,60488,4133,64621,654
2020-12-23,Glenn,021,27897,1500,1349,222,1571,9
2020-12-23,Humboldt,023,135768,1640,1458,7,1465,16
2020-12-23,Imperial,025,180216,22522,21323,1089,22412,399
2020-12-23,Inyo,027,18085,641,517,7,524,17
2020-12-23,Kern,029,883053,63930,58656,4401,63057,549
2020-12-23,Kings,031,150075,16035,14923,474,15397,105
2020-12-23,Lake,033,64148,1831,1595,0,1595,20
2020-12-23,Lassen,035,31185,4312,3865,41,3906,1
2020-12-23,Los Angeles,037,10098052,731278,651958,18510,670468,9146
2020-12-23,Madera,039,155013,10311,9371,380,9751,63
2020-12-23,Marin,041,260295,9625,9199,64,9263,142
2020-12-23,Mariposa,043,17540,218,194,2,196,3
2020-12-23,Mendocino,045,87422,2331,2121,20,2141,23
2020-12-23,Merced,047,269075,18319,17250,294,17544,203
2020-12-23,Modoc,049,8938,241,197,68,265,0
2020-12-23,Mono,051,14174,865,814,11,825,3
2020-12-23,Monterey,053,433212,26713,24856,640,25496,176
2020-12-23,Napa,055,140530,5643,5172,25,5197,25
2020-12-23,Nevada,057,99092,2616,2406,85,2491,15
2020-12-23,Orange,059,3164182,153114,138050,5646,143696,1771
2020-12-23,Placer,061,380077,13812,12213,494,12707,111
2020-12-23,Plumas,063,18699,450,369,8,377,0
2020-12-23,Riverside,065,2383286,176155,158110,7446,165556,1790
2020-12-23,Sacramento,067,1510023,63217,59661,539,60200,779
2020-12-23,San Benito,069,59416,3425,3073,25,3098,24
2020-12-23,San Bernardino,071,2135413,192034,172888,5077,177965,1509
2020-12-23,San Diego,073,3302833,151286,134695,6710,141405,1350
2020-12-23,San Francisco,075,870044,22778,21498,194,21692,174
2020-12-23,San Joaquin,077,732212,44286,35664,1387,37051,602
2020-12-23,San Luis Obispo,079,281455,10600,9267,226,9493,74
2020-12-23,San Mateo,081,765935,24279,21780,95,21875,186
2020-12-23,Santa Barbara,083,443738,16766,15399,426,15825,152
2020-12-23,Santa Clara,085,1922200,67393,60455,265,60720,579
2020-12-23,Santa Cruz,087,273765,8838,7637,276,7913,75
2020-12-23,Shasta,089,179085,7917,7487,632,8119,66
2020-12-23,Sierra,091,2930,27,23,1,24,0
2020-12-23,Siskiyou,093,43540,978,891,85,976,2
2020-12-23,Solano,095,438530,18386,16626,179,16805,95
2020-12-23,Sonoma,097,501317,18613,17397,101,17498,182
2020-12-23,Stanislaus,099,539301,33772,31492,2926,34418,499
2020-12-23,Sutter,101,95872,6265,5871,41,5912,46
2020-12-23,Tehama,103,63373,2941,2737,250,2987,9
2020-12-23,Trinity,105,12862,407,234,53,287,2
2020-12-23,Tulare,107,460477,32923,30315,3389,33704,385
2020-12-23,Tuolumne,109,53932,2712,2540,13,2553,12
2020-12-23,Ventura,111,848112,37749,33377,1475,34852,216
2020-12-23,Yolo,113,214977,8271,7508,54,7562,112
2020-12-23,Yuba,115,75493,3689,3438,34,3472,14
2020-12-22,Alameda,001,1643700,49527,45751,803,46554,534
2020-12-22,Alpine,003,1148,66,64,0,64,0
2020-12-22,Amador,005,37829,2301,1839,17,1856,23
2020-12-22,Butte,007,227075,7222,6467,753,7220,85
2020-12-22,Calaveras,009,45235,1062,988,0,988,21
2020-12-22,Colusa,011,21464,1238,1150,64,1214,7
2020-12-22,Contra Costa,013,1133247,38426,35681,461,36142,301
2020-12-22,Del Norte,015,27424,727,666,2,668,2
2020-12-22,El Dorado,017,186661,5787,4885,247,5132,12
2020-12-22,Fresno,019,978130,65127,59640,4031,63671,640
2020-12-22,Glenn,021,27897,1477,1337,211,1548,9
2020-12-22,Humboldt,023,135768,1607,1440,7,1447,16
2020-12-22,Imperial,025,180216,22332,21128,1048,22176,398
2020-12-22,Inyo,027,18085,620,506,7,513,17
2020-12-22,Kern,029,883053,62977,57816,4266,62082,547
2020-12-22,Kings,031,150075,15893,14855,468,15323,102
2020-12-22,Lake,033,64148,1807,1569,0,1569,20
2020-12-22,Lassen,035,31185,4170,3848,39,3887,1
2020-12-22,Los Angeles,037,10098052,714007,635931,17847,653778,9013
2020-12-22,Madera,039,155013,10197,9187,365,9552,63
2020-12-22,Marin,041,260295,9559,9115,63,9178,142
2020-12-22,Mariposa,043,17540,215,194,2,196,3
2020-12-22,Mendocino,045,87422,2298,2092,19,2111,23
2020-12-22,Merced,047,269075,18073,17012,289,17301,201
2020-12-22,Modoc,049,8938,233,182,67,249,0
2020-12-22,Mono,051,14174,859,786,11,797,3
2020-12-22,Monterey,053,433212,26042,24152,619,24771,176
2020-12-22,Napa,055,140530,5554,5059,25,5084,23
2020-12-22,Nevada,057,99092,2588,2367,84,2451,14
2020-12-22,Orange,059,3164182,149774,134850,5478,140328,1774
2020-12-22,Placer,061,380077,13568,11943,474,12417,105
2020-12-22,Plumas,063,18699,444,360,8,368,0
2020-12-22,Riverside,065,2383286,172345,155059,7180,162239,1777
2020-12-22,Sacramento,067,1510023,62289,57966,520,58486,772
2020-12-22,San Benito,069,59416,3347,2998,25,3023,24
2020-12-22,San Bernardino,071,2135413,187429,169266,4933,174199,1500
2020-12-22,San Diego,073,3302833,147927,132097,6548,138645,1311
2020-12-22,San Francisco,075,870044,22506,21232,190,21422,174
2020-12-22,San Joaquin,077,732212,43523,39423,1339,40762,592
2020-12-22,San Luis Obispo,079,281455,10254,9174,221,9395,69
2020-12-22,San Mateo,081,765935,23953,21382,79,21461,186
2020-12-22,Santa Barbara,083,443738,16500,15189,416,15605,150
2020-12-22,Santa Clara,085,1922200,66214,59192,258,59450,569
2020-12-22,Santa Cruz,087,273765,8655,7471,250,7721,72
2020-12-22,Shasta,089,179085,7838,7371,615,7986,64
2020-12-22,Sierra,091,2930,27,23,0,23,0
2020-12-22,Siskiyou,093,43540,972,880,84,964,2
2020-12-22,Solano,095,438530,17982,16229,176,16405,95
2020-12-22,Sonoma,097,501317,18292,17216,101,17317,180
2020-12-22,Stanislaus,099,539301,33388,30914,2852,33766,499
2020-12-22,Sutter,101,95872,6206,5791,40,5831,46
2020-12-22,Tehama,103,63373,2891,2688,244,2932,9
2020-12-22,Trinity,105,12862,406,231,53,284,2
2020-12-22,Tulare,107,460477,32456,30025,3325,33350,377
2020-12-22,Tuolumne,109,53932,2661,2526,13,2539,12
2020-12-22,Ventura,111,848112,36983,32488,1432,33920,213
2020-12-22,Yolo,113,214977,8159,7388,53,7441,113
2020-12-22,Yuba,115,75493,3641,3379,34,3413,14
2020-12-21,Alameda,001,1643700,48630,44756,777,45533,518
2020-12-21,Alpine,003,1148,65,64,0,64,0
2020-12-21,Amador,005,37829,2224,1815,17,1832,23
2020-12-21,Butte,007,227075,7067,6335,730,7065,81
2020-12-21,Calaveras,009,45235,1032,963,0,963,21
2020-12-21,Colusa,011,21464,1211,1135,59,1194,7
2020-12-21,Contra Costa,013,1133247,37676,35207,425,35632,300
2020-12-21,Del Norte,015,27424,712,660,2,662,2
2020-12-21,El Dorado,017,186661,5641,4805,235,5040,10
2020-12-21,Fresno,019,978130,63977,58568,3889,62457,634
2020-12-21,Glenn,021,27897,1445,1323,203,1526,9
2020-12-21,Humboldt,023,135768,1584,1419,7,1426,16
2020-12-21,Imperial,025,180216,22068,20994,1006,22000,395
2020-12-21,Inyo,027,18085,600,482,7,489,17
2020-12-21,Kern,029,883053,62088,56836,4133,60969,541
2020-12-21,Kings,031,150075,15643,14760,453,15213,100
2020-12-21,Lake,033,64148,1759,1538,0,1538,20
2020-12-21,Lassen,035,31185,4010,3798,37,3835,1
2020-12-21,Los Angeles,037,10098052,694907,624129,17180,641309,8918
2020-12-21,Madera,039,155013,10008,9069,344,9413,63
2020-12-21,Marin,041,260295,9489,9035,63,9098,142
2020-12-21,Mariposa,043,17540,210,186,2,188,3
2020-12-21,Mendocino,045,87422,2267,2066,19,2085,23
2020-12-21,Merced,047,269075,17823,16710,274,16984,198
2020-12-21,Modoc,049,8938,219,181,66,247,0
2020-12-21,Mono,051,14174,847,781,11,792,3
2020-12-21,Monterey,053,433212,25510,23673,605,24278,174
2020-12-21,Napa,055,140530,5467,4952,25,4977,23
2020-12-21,Nevada,057,99092,2555,2337,84,2421,13
2020-12-21,Orange,059,3164182,146365,130444,5327,135771,1772
2020-12-21,Placer,061,380077,13336,11715,455,12170,105
2020-12-21,Plumas,063,18699,440,353,8,361,0
2020-12-21,Riverside,065,2383286,168120,151713,6861,158574,1743
2020-12-21,Sacramento,067,1510023,61272,57064,503,57567,759
2020-12-21,San Benito,069,59416,3279,2921,25,2946,22
2020-12-21,San Bernardino,071,2135413,182618,165086,4767,169853,1476
2020-12-21,San Diego,073,3302833,144476,129716,6384,136100,1284
2020-12-21,San Francisco,075,870044,22216,21086,188,21274,174
2020-12-21,San Joaquin,077,732212,42726,38811,1289,40100,586
2020-12-21,San Luis Obispo,079,281455,10065,9006,216,9222,64
2020-12-21,San Mateo,081,765935,23549,21035,76,21111,185
2020-12-21,Santa Barbara,083,443738,16226,14988,411,15399,149
2020-12-21,Santa Clara,085,1922200,65024,57699,246,57945,570
2020-12-21,Santa Cruz,087,273765,8448,7315,237,7552,69
2020-12-21,Shasta,089,179085,7773,7299,605,7904,64
2020-12-21,Sierra,091,2930,24,23,0,23,0
2020-12-21,Siskiyou,093,43540,965,878,83,961,2
2020-12-21,Solano,095,438530,17523,15878,171,16049,95
2020-12-21,Sonoma,097,501317,18019,17075,98,17173,176
2020-12-21,Stanislaus,099,539301,32931,30437,2776,33213,499
2020-12-21,Sutter,101,95872,6111,5708,40,5748,46
2020-12-21,Tehama,103,63373,2826,2656,235,2891,9
2020-12-21,Trinity,105,12862,404,226,51,277,2
2020-12-21,Tulare,107,460477,31971,29482,3234,32716,373
2020-12-21,Tuolumne,109,53932,2636,2423,11,2434,12
2020-12-21,Ventura,111,848112,35903,31759,1395,33154,212
2020-12-21,Yolo,113,214977,8020,7266,49,7315,109
2020-12-21,Yuba,115,75493,3583,3329,34,3363,14
2020-12-20,Alameda,001,1643700,47750,44004,756,44760,516
2020-12-20,Alpine,003,1148,65,64,0,64,0
2020-12-20,Amador,005,37829,2166,1771,17,1788,23
2020-12-20,Butte,007,227075,6920,6228,694,6922,81
2020-12-20,Calaveras,009,45235,1008,926,0,926,21
2020-12-20,Colusa,011,21464,1183,1121,53,1174,7
2020-12-20,Contra Costa,013,1133247,37075,34798,407,35205,301
2020-12-20,Del Norte,015,27424,690,652,2,654,2
2020-12-20,El Dorado,017,186661,5517,4697,226,4923,10
2020-12-20,Fresno,019,978130,62989,57616,3754,61370,634
2020-12-20,Glenn,021,27897,1436,1295,196,1491,9
2020-12-20,Humboldt,023,135768,1547,1386,6,1392,15
2020-12-20,Imperial,025,180216,21828,20882,904,21786,395
2020-12-20,Inyo,027,18085,584,476,7,483,17
2020-12-20,Kern,029,883053,60990,55983,3979,59962,540
2020-12-20,Kings,031,150075,15423,14629,437,15066,100
2020-12-20,Lake,033,64148,1717,1463,0,1463,20
2020-12-20,Lassen,035,31185,3956,3669,35,3704,1
2020-12-20,Los Angeles,037,10098052,676804,612975,16460,629435,8862
2020-12-20,Madera,039,155013,9799,8871,337,9208,63
2020-12-20,Marin,041,260295,9387,8948,60,9008,142
2020-12-20,Mariposa,043,17540,209,179,2,181,3
2020-12-20,Mendocino,045,87422,2242,2033,19,2052,23
2020-12-20,Merced,047,269075,17506,16435,267,16702,198
2020-12-20,Modoc,049,8938,219,181,64,245,0
2020-12-20,Mono,051,14174,829,774,11,785,3
2020-12-20,Monterey,053,433212,25027,23250,567,23817,173
2020-12-20,Napa,055,140530,5346,4865,23,4888,23
2020-12-20,Nevada,057,99092,2509,2289,78,2367,13
2020-12-20,Orange,059,3164182,142865,128780,5179,133959,1763
2020-12-20,Placer,061,380077,13111,11496,437,11933,105
2020-12-20,Plumas,063,18699,432,347,8,355,0
2020-12-20,Riverside,065,2383286,163913,148714,6574,155288,1742
2020-12-20,Sacramento,067,1510023,60273,56017,483,56500,755
2020-12-20,San Benito,069,59416,3207,2885,24,2909,21
2020-12-20,San Bernardino,071,2135413,177612,162810,4611,167421,1458
2020-12-20,San Diego,073,3302833,140758,126465,6214,132679,1280
2020-12-20,San Francisco,075,870044,21899,20937,185,21122,174
2020-12-20,San Joaquin,077,732212,41877,38268,1229,39497,587
2020-12-20,San Luis Obispo,079,281455,9773,8881,210,9091,63
2020-12-20,San Mateo,081,765935,23115,20764,72,20836,185
2020-12-20,Santa Barbara,083,443738,15904,14817,393,15210,148
2020-12-20,Santa Clara,085,1922200,63627,56860,240,57100,566
2020-12-20,Santa Cruz,087,273765,8238,7178,224,7402,69
2020-12-20,Shasta,089,179085,7659,7256,591,7847,64
2020-12-20,Sierra,091,2930,24,22,0,22,0
2020-12-20,Siskiyou,093,43540,956,870,82,952,2
2020-12-20,Solano,095,438530,17140,15533,160,15693,95
2020-12-20,Sonoma,097,501317,17743,16802,97,16899,175
2020-12-20,Stanislaus,099,539301,32401,29995,2676,32671,498
2020-12-20,Sutter,101,95872,6024,5601,40,5641,43
2020-12-20,Tehama,103,63373,2778,2602,216,2818,9
2020-12-20,Trinity,105,12862,396,221,50,271,2
2020-12-20,Tulare,107,460477,31454,29078,3142,32220,373
2020-12-20,Tuolumne,109,53932,2528,2152,10,2162,12
2020-12-20,Ventura,111,848112,35202,31335,1363,32698,210
2020-12-20,Yolo,113,214977,7867,7121,46,7167,109
2020-12-20,Yuba,115,75493,3533,3254,32,3286,12
2020-12-19,Alameda,001,1643700,47304,43109,749,43858,516
2020-12-19,Alpine,003,1148,65,64,0,64,0
2020-12-19,Amador,005,37829,2142,1754,17,1771,23
2020-12-19,Butte,007,227075,6820,6118,672,6790,81
2020-12-19,Calaveras,009,45235,991,900,0,900,21
2020-12-19,Colusa,011,21464,1175,1096,50,1146,7
2020-12-19,Contra Costa,013,1133247,36746,34321,393,34714,301
2020-12-19,Del Norte,015,27424,688,641,1,642,2
2020-12-19,El Dorado,017,186661,5450,4588,218,4806,10
2020-12-19,Fresno,019,978130,62664,55428,3688,59116,634
2020-12-19,Glenn,021,27897,1401,1286,195,1481,9
2020-12-19,Humboldt,023,135768,1530,1357,6,1363,15
2020-12-19,Imperial,025,180216,21734,20711,858,21569,395
2020-12-19,Inyo,027,18085,577,475,7,482,17
2020-12-19,Kern,029,883053,60505,55118,3873,58991,540
2020-12-19,Kings,031,150075,15344,14474,435,14909,100
2020-12-19,Lake,033,64148,1677,1438,0,1438,20
2020-12-19,Lassen,035,31185,3928,3595,35,3630,1
2020-12-19,Los Angeles,037,10098052,669685,599888,15935,615823,8804
2020-12-19,Madera,039,155013,9698,8717,325,9042,63
2020-12-19,Marin,041,260295,9347,8864,60,8924,142
2020-12-19,Mariposa,043,17540,207,177,2,179,3
2020-12-19,Mendocino,045,87422,2217,2008,19,2027,23
2020-12-19,Merced,047,269075,17367,16230,259,16489,198
2020-12-19,Modoc,049,8938,216,181,64,245,0
2020-12-19,Mono,051,14174,822,766,11,777,3
2020-12-19,Monterey,053,433212,24913,22799,562,23361,172
2020-12-19,Napa,055,140530,5284,4772,23,4795,23
2020-12-19,Nevada,057,99092,2487,2260,78,2338,13
2020-12-19,Orange,059,3164182,140944,125574,5031,130605,1733
2020-12-19,Placer,061,380077,12956,11246,431,11677,105
2020-12-19,Plumas,063,18699,429,343,8,351,0
2020-12-19,Riverside,065,2383286,161925,146703,6343,153046,1737
2020-12-19,Sacramento,067,1510023,59739,55169,469,55638,746
2020-12-19,San Benito,069,59416,3161,2820,23,2843,21
2020-12-19,San Bernardino,071,2135413,176033,159883,4502,164385,1433
2020-12-19,San Diego,073,3302833,138991,122972,6075,129047,1280
2020-12-19,San Francisco,075,870044,21744,20643,185,20828,174
2020-12-19,San Joaquin,077,732212,41474,37340,1181,38521,586
2020-12-19,San Luis Obispo,079,281455,9702,8788,207,8995,63
2020-12-19,San Mateo,081,765935,22906,20393,65,20458,182
2020-12-19,Santa Barbara,083,443738,15748,14667,387,15054,148
2020-12-19,Santa Clara,085,1922200,62777,55540,236,55776,558
2020-12-19,Santa Cruz,087,273765,8132,7054,220,7274,68
2020-12-19,Shasta,089,179085,7607,7221,579,7800,63
2020-12-19,Sierra,091,2930,24,23,0,23,0
2020-12-19,Siskiyou,093,43540,952,853,81,934,2
2020-12-19,Solano,095,438530,16962,15204,157,15361,95
2020-12-19,Sonoma,097,501317,17634,16553,97,16650,175
2020-12-19,Stanislaus,099,539301,32074,29555,2604,32159,498
2020-12-19,Sutter,101,95872,5968,5506,40,5546,41
2020-12-19,Tehama,103,63373,2729,2574,214,2788,9
2020-12-19,Trinity,105,12862,395,219,50,269,2
2020-12-19,Tulare,107,460477,31215,28734,3076,31810,375
2020-12-19,Tuolumne,109,53932,2515,2107,10,2117,12
2020-12-19,Ventura,111,848112,34921,30843,1333,32176,209
2020-12-19,Yolo,113,214977,7792,7025,45,7070,109
2020-12-19,Yuba,115,75493,3503,3168,32,3200,11
2020-12-18,Alameda,001,1643700,46769,42196,733,42929,515
2020-12-18,Alpine,003,1148,65,64,0,64,0
2020-12-18,Amador,005,37829,2125,1727,15,1742,20
2020-12-18,Butte,007,227075,6735,5891,646,6537,81
2020-12-18,Calaveras,009,45235,981,870,0,870,21
2020-12-18,Colusa,011,21464,1166,1068,50,1118,7
2020-12-18,Contra Costa,013,1133247,36454,33610,382,33992,300
2020-12-18,Del Norte,015,27424,683,627,0,627,2
2020-12-18,El Dorado,017,186661,5388,4494,209,4703,10
2020-12-18,Fresno,019,978130,61837,52643,3627,56270,613
2020-12-18,Glenn,021,27897,1384,1264,190,1454,9
2020-12-18,Humboldt,023,135768,1515,1331,6,1337,15
2020-12-18,Imperial,025,180216,21651,20430,812,21242,393
2020-12-18,Inyo,027,18085,558,454,7,461,17
2020-12-18,Kern,029,883053,59845,54220,3788,58008,533
2020-12-18,Kings,031,150075,15218,14284,429,14713,98
2020-12-18,Lake,033,64148,1661,1397,0,1397,20
2020-12-18,Lassen,035,31185,3920,3486,35,3521,1
2020-12-18,Los Angeles,037,10098052,657533,586413,15450,601863,8744
2020-12-18,Madera,039,155013,9594,8609,319,8928,63
2020-12-18,Marin,041,260295,9263,8799,60,8859,142
2020-12-18,Mariposa,043,17540,204,176,2,178,3
2020-12-18,Mendocino,045,87422,2199,1977,19,1996,24
2020-12-18,Merced,047,269075,17286,15956,257,16213,195
2020-12-18,Modoc,049,8938,216,179,64,243,0
2020-12-18,Mono,051,14174,814,731,11,742,3
2020-12-18,Monterey,053,433212,24620,22336,557,22893,165
2020-12-18,Napa,055,140530,5235,4688,23,4711,23
2020-12-18,Nevada,057,99092,2470,2220,77,2297,13
2020-12-18,Orange,059,3164182,138504,121681,4882,126563,1725
2020-12-18,Placer,061,380077,12785,10995,423,11418,104
2020-12-18,Plumas,063,18699,423,336,8,344,0
2020-12-18,Riverside,065,2383286,159087,142375,6081,148456,1733
2020-12-18,Sacramento,067,1510023,59113,53980,453,54433,736
2020-12-18,San Benito,069,59416,3112,2744,23,2767,21
2020-12-18,San Bernardino,071,2135413,173732,154272,4368,158640,1430
2020-12-18,San Diego,073,3302833,136813,120463,5936,126399,1253
2020-12-18,San Francisco,075,870044,21577,20315,179,20494,173
2020-12-18,San Joaquin,077,732212,41118,36484,1152,37636,559
2020-12-18,San Luis Obispo,079,281455,9604,8598,202,8800,62
2020-12-18,San Mateo,081,765935,22593,19971,61,20032,182
2020-12-18,Santa Barbara,083,443738,15607,14361,374,14735,148
2020-12-18,Santa Clara,085,1922200,61881,53992,227,54219,539
2020-12-18,Santa Cruz,087,273765,8013,6838,212,7050,68
2020-12-18,Shasta,089,179085,7569,7114,568,7682,62
2020-12-18,Sierra,091,2930,24,23,0,23,0
2020-12-18,Siskiyou,093,43540,950,840,81,921,2
2020-12-18,Solano,095,438530,16805,14667,153,14820,95
2020-12-18,Sonoma,097,501317,17514,16261,97,16358,173
2020-12-18,Stanislaus,099,539301,31798,28967,2567,31534,490
2020-12-18,Sutter,101,95872,5884,5399,40,5439,39
2020-12-18,Tehama,103,63373,2714,2523,204,2727,9
2020-12-18,Trinity,105,12862,394,215,50,265,2
2020-12-18,Tulare,107,460477,30925,28322,2998,31320,370
2020-12-18,Tuolumne,109,53932,2504,2067,10,2077,12
2020-12-18,Ventura,111,848112,34417,29907,1290,31197,209
2020-12-18,Yolo,113,214977,7723,6901,44,6945,109
2020-12-18,Yuba,115,75493,3443,3097,32,3129,11
2020-12-17,Alameda,001,1643700,45961,41548,708,42256,508
2020-12-17,Alpine,003,1148,65,64,0,64,0
2020-12-17,Amador,005,37829,2077,1703,13,1716,19
2020-12-17,Butte,007,227075,6609,5746,628,6374,78
2020-12-17,Calaveras,009,45235,958,848,0,848,21
2020-12-17,Colusa,011,21464,1155,1053,48,1101,7
2020-12-17,Contra Costa,013,1133247,35921,33006,352,33358,293
2020-12-17,Del Norte,015,27424,678,583,0,583,1
2020-12-17,El Dorado,017,186661,5242,4327,196,4523,9
2020-12-17,Fresno,019,978130,60977,49918,3501,53419,597
2020-12-17,Glenn,021,27897,1360,1244,183,1427,9
2020-12-17,Humboldt,023,135768,1482,1322,6,1328,14
2020-12-17,Imperial,025,180216,21489,20208,746,20954,391
2020-12-17,Inyo,027,18085,540,450,6,456,16
2020-12-17,Kern,029,883053,58888,53683,3653,57336,526
2020-12-17,Kings,031,150075,15115,14057,414,14471,98
2020-12-17,Lake,033,64148,1632,1374,0,1374,20
2020-12-17,Lassen,035,31185,3884,3417,35,3452,1
2020-12-17,Los Angeles,037,10098052,641866,571093,14908,586001,8657
2020-12-17,Madera,039,155013,9473,8465,315,8780,62
2020-12-17,Marin,041,260295,9201,8721,58,8779,142
2020-12-17,Mariposa,043,17540,200,172,2,174,3
2020-12-17,Mendocino,045,87422,2165,1942,19,1961,23
2020-12-17,Merced,047,269075,17024,15648,249,15897,192
2020-12-17,Modoc,049,8938,213,179,64,243,0
2020-12-17,Mono,051,14174,800,718,11,729,3
2020-12-17,Monterey,053,433212,24101,21951,542,22493,163
2020-12-17,Napa,055,140530,5123,4612,23,4635,23
2020-12-17,Nevada,057,99092,2429,2173,74,2247,13
2020-12-17,Orange,059,3164182,135133,118367,4750,123117,1725
2020-12-17,Placer,061,380077,12511,10756,409,11165,99
2020-12-17,Plumas,063,18699,414,324,8,332,0
2020-12-17,Riverside,065,2383286,155209,139325,5867,145192,1696
2020-12-17,Sacramento,067,1510023,58206,53189,431,53620,721
2020-12-17,San Benito,069,59416,3043,2645,22,2667,20
2020-12-17,San Bernardino,071,2135413,169790,149838,4253,154091,1425
2020-12-17,San Diego,073,3302833,134012,116852,5780,122632,1239
2020-12-17,San Francisco,075,870044,21288,19939,174,20113,170
2020-12-17,San Joaquin,077,732212,40390,35894,1118,37012,554
2020-12-17,San Luis Obispo,079,281455,9485,8365,201,8566,59
2020-12-17,San Mateo,081,765935,22223,19647,61,19708,181
2020-12-17,Santa Barbara,083,443738,15374,14207,367,14574,147
2020-12-17,Santa Clara,085,1922200,60691,52559,221,52780,527
2020-12-17,Santa Cruz,087,273765,7857,6687,199,6886,64
2020-12-17,Shasta,089,179085,7492,7000,549,7549,62
2020-12-17,Sierra,091,2930,23,23,0,23,0
2020-12-17,Siskiyou,093,43540,942,827,80,907,2
2020-12-17,Solano,095,438530,16492,14361,150,14511,96
2020-12-17,Sonoma,097,501317,17242,15993,96,16089,171
2020-12-17,Stanislaus,099,539301,31378,28582,2507,31089,489
2020-12-17,Sutter,101,95872,5786,5309,38,5347,39
2020-12-17,Tehama,103,63373,2665,2480,198,2678,9
2020-12-17,Trinity,105,12862,389,213,50,263,2
2020-12-17,Tulare,107,460477,30526,27852,2919,30771,358
2020-12-17,Tuolumne,109,53932,2212,1992,10,2002,11
2020-12-17,Ventura,111,848112,33807,29404,1254,30658,208
2020-12-17,Yolo,113,214977,7602,6800,43,6843,105
2020-12-17,Yuba,115,75493,3383,3035,31,3066,12
2020-12-16,Alameda,001,1643700,45108,40751,684,41435,497
2020-12-16,Alpine,003,1148,65,64,0,64,0
2020-12-16,Amador,005,37829,2030,1693,12,1705,19
2020-12-16,Butte,007,227075,6420,5659,600,6259,76
2020-12-16,Calaveras,009,45235,923,821,0,821,21
2020-12-16,Colusa,011,21464,1142,1038,45,1083,7
2020-12-16,Contra Costa,013,1133247,35363,32429,333,32762,293
2020-12-16,Del Norte,015,27424,676,575,0,575,1
2020-12-16,El Dorado,017,186661,5121,4237,187,4424,9
2020-12-16,Fresno,019,978130,60020,49173,3405,52578,584
2020-12-16,Glenn,021,27897,1342,1236,172,1408,9
2020-12-16,Humboldt,023,135768,1450,1308,5,1313,12
2020-12-16,Imperial,025,180216,21307,19980,682,20662,388
2020-12-16,Inyo,027,18085,527,444,6,450,16
2020-12-16,Kern,029,883053,58011,52896,3524,56420,522
2020-12-16,Kings,031,150075,14935,13734,398,14132,99
2020-12-16,Lake,033,64148,1593,1363,0,1363,20
2020-12-16,Lassen,035,31185,3851,3396,34,3430,1
2020-12-16,Los Angeles,037,10098052,625323,557907,14239,572146,8561
2020-12-16,Madera,039,155013,9347,8278,307,8585,62
2020-12-16,Marin,041,260295,9130,8641,58,8699,142
2020-12-16,Mariposa,043,17540,197,175,2,177,3
2020-12-16,Mendocino,045,87422,2130,1929,19,1948,23
2020-12-16,Merced,047,269075,16739,15443,246,15689,190
2020-12-16,Modoc,049,8938,210,178,64,242,0
2020-12-16,Mono,051,14174,781,702,11,713,3
2020-12-16,Monterey,053,433212,23541,21107,531,21638,163
2020-12-16,Napa,055,140530,5026,4544,23,4567,23
2020-12-16,Nevada,057,99092,2393,2149,72,2221,13
2020-12-16,Orange,059,3164182,131662,115260,4585,119845,1712
2020-12-16,Placer,061,380077,12274,10554,388,10942,96
2020-12-16,Plumas,063,18699,405,319,8,327,0
2020-12-16,Riverside,065,2383286,151091,135751,5622,141373,1664
2020-12-16,Sacramento,067,1510023,57234,52166,406,52572,715
2020-12-16,San Benito,069,59416,2953,2582,22,2604,20
2020-12-16,San Bernardino,071,2135413,165179,143565,4119,147684,1403
2020-12-16,San Diego,073,3302833,130908,114248,5626,119874,1217
2020-12-16,San Francisco,075,870044,21030,19624,174,19798,170
2020-12-16,San Joaquin,077,732212,39569,35010,1078,36088,547
2020-12-16,San Luis Obispo,079,281455,9290,8252,192,8444,58
2020-12-16,San Mateo,081,765935,21898,19292,57,19349,179
2020-12-16,Santa Barbara,083,443738,15123,13966,355,14321,144
2020-12-16,Santa Clara,085,1922200,59440,51502,218,51720,523
2020-12-16,Santa Cruz,087,273765,7669,6536,188,6724,63
2020-12-16,Shasta,089,179085,7419,6914,526,7440,62
2020-12-16,Sierra,091,2930,23,23,0,23,0
2020-12-16,Siskiyou,093,43540,934,818,80,898,2
2020-12-16,Solano,095,438530,16021,14157,146,14303,96
2020-12-16,Sonoma,097,501317,16987,15768,96,15864,170
2020-12-16,Stanislaus,099,539301,30884,28279,2436,30715,489
2020-12-16,Sutter,101,95872,5707,5223,38,5261,39
2020-12-16,Tehama,103,63373,2631,2441,174,2615,9
2020-12-16,Trinity,105,12862,383,212,50,262,2
2020-12-16,Tulare,107,460477,30099,27500,2829,30329,352
2020-12-16,Tuolumne,109,53932,2169,1941,10,1951,11
2020-12-16,Ventura,111,848112,33034,28566,1212,29778,203
2020-12-16,Yolo,113,214977,7475,6649,42,6691,103
2020-12-16,Yuba,115,75493,3296,2980,30,3010,11
2020-12-15,Alameda,001,1643700,44253,40026,663,40689,492
2020-12-15,Alpine,003,1148,65,64,0,64,0
2020-12-15,Amador,005,37829,1917,1669,10,1679,19
2020-12-15,Butte,007,227075,6281,5565,572,6137,75
2020-12-15,Calaveras,009,45235,891,799,0,799,21
2020-12-15,Colusa,011,21464,1129,1026,44,1070,7
2020-12-15,Contra Costa,013,1133247,34709,31423,319,31742,281
2020-12-15,Del Norte,015,27424,669,564,0,564,1
2020-12-15,El Dorado,017,186661,5013,4113,173,4286,9
2020-12-15,Fresno,019,978130,58648,47316,3271,50587,574
2020-12-15,Glenn,021,27897,1329,1207,156,1363,9
2020-12-15,Humboldt,023,135768,1430,1276,5,1281,12
2020-12-15,Imperial,025,180216,21083,19756,604,20360,380
2020-12-15,Inyo,027,18085,515,394,6,400,16
2020-12-15,Kern,029,883053,57000,52002,3418,55420,511
2020-12-15,Kings,031,150075,14771,13652,379,14031,97
2020-12-15,Lake,033,64148,1567,1341,0,1341,21
2020-12-15,Lassen,035,31185,3679,3378,33,3411,1
2020-12-15,Los Angeles,037,10098052,608925,536258,13608,549866,8429
2020-12-15,Madera,039,155013,9190,8118,300,8418,60
2020-12-15,Marin,041,260295,9025,8528,57,8585,141
2020-12-15,Mariposa,043,17540,193,171,2,173,3
2020-12-15,Mendocino,045,87422,2103,1883,19,1902,24
2020-12-15,Merced,047,269075,16443,15120,242,15362,190
2020-12-15,Modoc,049,8938,208,179,64,243,0
2020-12-15,Mono,051,14174,765,702,11,713,3
2020-12-15,Monterey,053,433212,22943,19905,470,20375,161
2020-12-15,Napa,055,140530,4923,4440,23,4463,23
2020-12-15,Nevada,057,99092,2360,2117,70,2187,11
2020-12-15,Orange,059,3164182,128020,112893,4436,117329,1689
2020-12-15,Placer,061,380077,12040,10301,366,10667,95
2020-12-15,Plumas,063,18699,400,313,8,321,0
2020-12-15,Riverside,065,2383286,147041,131822,5347,137169,1624
2020-12-15,Sacramento,067,1510023,56218,51076,393,51469,703
2020-12-15,San Benito,069,59416,2874,2520,21,2541,19
2020-12-15,San Bernardino,071,2135413,160717,137548,3969,141517,1351
2020-12-15,San Diego,073,3302833,127341,111441,5463,116904,1194
2020-12-15,San Francisco,075,870044,20721,19283,171,19454,171
2020-12-15,San Joaquin,077,732212,38647,33849,1044,34893,537
2020-12-15,San Luis Obispo,079,281455,9181,8074,189,8263,55
2020-12-15,San Mateo,081,765935,21489,18907,55,18962,178
2020-12-15,Santa Barbara,083,443738,14897,13782,347,14129,144
2020-12-15,Santa Clara,085,1922200,58011,50311,215,50526,505
2020-12-15,Santa Cruz,087,273765,7482,6361,175,6536,59
2020-12-15,Shasta,089,179085,7360,6794,501,7295,54
2020-12-15,Sierra,091,2930,23,23,0,23,0
2020-12-15,Siskiyou,093,43540,926,812,79,891,2
2020-12-15,Solano,095,438530,15667,13796,146,13942,95
2020-12-15,Sonoma,097,501317,16766,15406,96,15502,167
2020-12-15,Stanislaus,099,539301,30387,27823,2357,30180,485
2020-12-15,Sutter,101,95872,5609,5080,37,5117,36
2020-12-15,Tehama,103,63373,2593,2392,168,2560,9
2020-12-15,Trinity,105,12862,375,213,48,261,1
2020-12-15,Tulare,107,460477,29600,27026,2741,29767,342
2020-12-15,Tuolumne,109,53932,2139,1874,10,1884,8
2020-12-15,Ventura,111,848112,32412,27936,1165,29101,201
2020-12-15,Yolo,113,214977,7350,6531,40,6571,104
2020-12-15,Yuba,115,75493,3201,2891,29,2920,11
2020-12-14,Alameda,001,1643700,43352,39252,644,39896,487
2020-12-14,Alpine,003,1148,65,63,0,63,0
2020-12-14,Amador,005,37829,1845,1609,10,1619,19
2020-12-14,Butte,007,227075,6113,5202,555,5757,75
2020-12-14,Calaveras,009,45235,853,718,0,718,21
2020-12-14,Colusa,011,21464,1105,949,43,992,7
2020-12-14,Contra Costa,013,1133247,34020,30594,305,30899,281
2020-12-14,Del Norte,015,27424,663,560,0,560,1
2020-12-14,El Dorado,017,186661,4857,4018,157,4175,9
2020-12-14,Fresno,019,978130,57627,44726,3097,47823,560
2020-12-14,Glenn,021,27897,1303,1186,148,1334,9
2020-12-14,Humboldt,023,135768,1417,1256,5,1261,9
2020-12-14,Imperial,025,180216,20844,19608,530,20138,379
2020-12-14,Inyo,027,18085,502,382,6,388,16
2020-12-14,Kern,029,883053,55963,50538,3297,53835,510
2020-12-14,Kings,031,150075,14586,13491,352,13843,97
2020-12-14,Lake,033,64148,1515,1301,0,1301,21
2020-12-14,Lassen,035,31185,3581,2905,30,2935,1
2020-12-14,Los Angeles,037,10098052,591294,524668,12979,537647,8340
2020-12-14,Madera,039,155013,8925,8011,291,8302,60
2020-12-14,Marin,041,260295,8938,8475,56,8531,141
2020-12-14,Mariposa,043,17540,192,171,2,173,3
2020-12-14,Mendocino,045,87422,2082,1845,19,1864,24
2020-12-14,Merced,047,269075,16037,14572,228,14800,189
2020-12-14,Modoc,049,8938,202,180,62,242,0
2020-12-14,Mono,051,14174,757,685,11,696,3
2020-12-14,Monterey,053,433212,22421,19154,464,19618,155
2020-12-14,Napa,055,140530,4830,4289,23,4312,22
2020-12-14,Nevada,057,99092,2323,2070,67,2137,11
2020-12-14,Orange,059,3164182,124136,108602,4300,112902,1688
2020-12-14,Placer,061,380077,11759,9551,355,9906,95
2020-12-14,Plumas,063,18699,388,309,8,317,0
2020-12-14,Riverside,065,2383286,142919,123715,5085,128800,1588
2020-12-14,Sacramento,067,1510023,55111,50304,368,50672,691
2020-12-14,San Benito,069,59416,2808,2467,20,2487,19
2020-12-14,San Bernardino,071,2135413,156269,129151,3841,132992,1347
2020-12-14,San Diego,073,3302833,123605,109578,5278,114856,1162
2020-12-14,San Francisco,075,870044,20351,18904,169,19073,171
2020-12-14,San Joaquin,077,732212,37811,32522,998,33520,534
2020-12-14,San Luis Obispo,079,281455,8935,7791,185,7976,52
2020-12-14,San Mateo,081,765935,20992,18361,52,18413,178
2020-12-14,Santa Barbara,083,443738,14624,13587,339,13926,144
2020-12-14,Santa Clara,085,1922200,56495,49180,204,49384,502
2020-12-14,Santa Cruz,087,273765,7300,6049,160,6209,54
2020-12-14,Shasta,089,179085,7271,6665,483,7148,54
2020-12-14,Sierra,091,2930,23,21,0,21,0
2020-12-14,Siskiyou,093,43540,903,764,73,837,2
2020-12-14,Solano,095,438530,15311,13352,145,13497,93
2020-12-14,Sonoma,097,501317,16459,14807,95,14902,167
2020-12-14,Stanislaus,099,539301,29858,27311,2309,29620,485
2020-12-14,Sutter,101,95872,5505,5001,30,5031,35
2020-12-14,Tehama,103,63373,2551,2344,165,2509,9
2020-12-14,Trinity,105,12862,371,205,46,251,1
2020-12-14,Tulare,107,460477,29121,25735,2649,28384,341
2020-12-14,Tuolumne,109,53932,2086,1647,10,1657,8
2020-12-14,Ventura,111,848112,31489,27436,1107,28543,202
2020-12-14,Yolo,113,214977,7192,6389,39,6428,95
2020-12-14,Yuba,115,75493,3138,2851,29,2880,11
2020-12-13,Alameda,001,1643700,42150,38064,620,38684,486
2020-12-13,Alpine,003,1148,65,63,0,63,0
2020-12-13,Amador,005,37829,1789,1457,9,1466,19
2020-12-13,Butte,007,227075,5965,5103,517,5620,75
2020-12-13,Calaveras,009,45235,819,710,0,710,21
2020-12-13,Colusa,011,21464,1089,945,40,985,7
2020-12-13,Contra Costa,013,1133247,33291,29667,299,29966,281
2020-12-13,Del Norte,015,27424,611,542,0,542,1
2020-12-13,El Dorado,017,186661,4756,3770,148,3918,9
2020-12-13,Fresno,019,978130,56520,44114,2942,47056,559
2020-12-13,Glenn,021,27897,1290,1171,137,1308,9
2020-12-13,Humboldt,023,135768,1394,1238,4,1242,9
2020-12-13,Imperial,025,180216,20560,19472,410,19882,379
2020-12-13,Inyo,027,18085,481,380,6,386,16
2020-12-13,Kern,029,883053,54934,49051,3143,52194,510
2020-12-13,Kings,031,150075,14306,13357,334,13691,97
2020-12-13,Lake,033,64148,1474,1271,0,1271,21
2020-12-13,Lassen,035,31185,3474,2867,25,2892,1
2020-12-13,Los Angeles,037,10098052,573665,517472,12289,529761,8294
2020-12-13,Madera,039,155013,8738,7909,278,8187,60
2020-12-13,Marin,041,260295,8818,8409,56,8465,141
2020-12-13,Mariposa,043,17540,188,167,2,169,3
2020-12-13,Mendocino,045,87422,2048,1793,19,1812,24
2020-12-13,Merced,047,269075,15685,14384,225,14609,189
2020-12-13,Modoc,049,8938,192,179,57,236,0
2020-12-13,Mono,051,14174,741,675,11,686,3
2020-12-13,Monterey,053,433212,22000,18913,450,19363,153
2020-12-13,Napa,055,140530,4724,4194,23,4217,22
2020-12-13,Nevada,057,99092,2276,2030,65,2095,11
2020-12-13,Orange,059,3164182,120210,104768,4127,108895,1688
2020-12-13,Placer,061,380077,11445,9405,337,9742,95
2020-12-13,Plumas,063,18699,382,291,8,299,0
2020-12-13,Riverside,065,2383286,138793,119691,4825,124516,1581
2020-12-13,Sacramento,067,1510023,53842,49480,340,49820,682
2020-12-13,San Benito,069,59416,2739,2408,19,2427,19
2020-12-13,San Bernardino,071,2135413,151370,126718,3686,130404,1333
2020-12-13,San Diego,073,3302833,120005,107372,5109,112481,1162
2020-12-13,San Francisco,075,870044,20010,18686,160,18846,167
2020-12-13,San Joaquin,077,732212,37007,32170,958,33128,534
2020-12-13,San Luis Obispo,079,281455,8744,7625,177,7802,52
2020-12-13,San Mateo,081,765935,20501,18090,46,18136,177
2020-12-13,Santa Barbara,083,443738,14355,13249,325,13574,144
2020-12-13,Santa Clara,085,1922200,55075,47920,196,48116,499
2020-12-13,Santa Cruz,087,273765,7052,5986,150,6136,54
2020-12-13,Shasta,089,179085,7197,6647,457,7104,54
2020-12-13,Sierra,091,2930,23,21,0,21,0
2020-12-13,Siskiyou,093,43540,890,762,68,830,2
2020-12-13,Solano,095,438530,14875,13276,142,13418,93
2020-12-13,Sonoma,097,501317,16145,14495,94,14589,167
2020-12-13,Stanislaus,099,539301,29298,26569,2249,28818,485
2020-12-13,Sutter,101,95872,5378,4798,26,4824,34
2020-12-13,Tehama,103,63373,2506,2325,150,2475,9
2020-12-13,Trinity,105,12862,365,204,46,250,1
2020-12-13,Tulare,107,460477,28633,25496,2564,28060,340
2020-12-13,Tuolumne,109,53932,2024,1611,10,1621,8
2020-12-13,Ventura,111,848112,30489,26588,1047,27635,202
2020-12-13,Yolo,113,214977,7006,6265,33,6298,95
2020-12-13,Yuba,115,75493,3075,2754,26,2780,11
2020-12-12,Alameda,001,1643700,41708,37027,601,37628,486
2020-12-12,Alpine,003,1148,65,63,0,63,0
2020-12-12,Amador,005,37829,1761,1236,8,1244,19
2020-12-12,Butte,007,227075,5892,4972,503,5475,73
2020-12-12,Calaveras,009,45235,809,708,0,708,21
2020-12-12,Colusa,011,21464,1069,945,39,984,7
2020-12-12,Contra Costa,013,1133247,32942,29506,290,29796,281
2020-12-12,Del Norte,015,27424,602,529,0,529,1
2020-12-12,El Dorado,017,186661,4681,3706,132,3838,9
2020-12-12,Fresno,019,978130,56169,43756,2883,46639,559
2020-12-12,Glenn,021,27897,1282,1143,133,1276,8
2020-12-12,Humboldt,023,135768,1375,1208,4,1212,9
2020-12-12,Imperial,025,180216,20471,18947,355,19302,379
2020-12-12,Inyo,027,18085,475,380,6,386,16
2020-12-12,Kern,029,883053,54414,48194,3056,51250,507
2020-12-12,Kings,031,150075,14217,13205,330,13535,96
2020-12-12,Lake,033,64148,1458,1232,0,1232,21
2020-12-12,Lassen,035,31185,3451,2866,22,2888,1
2020-12-12,Los Angeles,037,10098052,566853,504317,11793,516110,8269
2020-12-12,Madera,039,155013,8611,7765,275,8040,59
2020-12-12,Marin,041,260295,8763,8363,55,8418,141
2020-12-12,Mariposa,043,17540,187,164,2,166,3
2020-12-12,Mendocino,045,87422,2012,1771,19,1790,24
2020-12-12,Merced,047,269075,15593,14181,221,14402,188
2020-12-12,Modoc,049,8938,191,169,54,223,0
2020-12-12,Mono,051,14174,734,640,11,651,3
2020-12-12,Monterey,053,433212,21887,18596,421,19017,151
2020-12-12,Napa,055,140530,4679,4113,23,4136,22
2020-12-12,Nevada,057,99092,2258,1981,63,2044,10
2020-12-12,Orange,059,3164182,118321,100468,3982,104450,1674
2020-12-12,Placer,061,380077,11280,9390,332,9722,95
2020-12-12,Plumas,063,18699,376,291,8,299,0
2020-12-12,Riverside,065,2383286,136734,118335,4624,122959,1579
2020-12-12,Sacramento,067,1510023,53260,48319,327,48646,673
2020-12-12,San Benito,069,59416,2684,2355,19,2374,19
2020-12-12,San Bernardino,071,2135413,149734,125741,3584,129325,1321
2020-12-12,San Diego,073,3302833,118384,104958,5012,109970,1151
2020-12-12,San Francisco,075,870044,19815,18413,156,18569,167
2020-12-12,San Joaquin,077,732212,36678,32200,928,33128,534
2020-12-12,San Luis Obispo,079,281455,8645,7462,171,7633,50
2020-12-12,San Mateo,081,765935,20280,17574,45,17619,177
2020-12-12,Santa Barbara,083,443738,14203,13174,317,13491,144
2020-12-12,Santa Clara,085,1922200,54133,45892,193,46085,498
2020-12-12,Santa Cruz,087,273765,6953,5905,141,6046,54
2020-12-12,Shasta,089,179085,7164,6551,439,6990,54
2020-12-12,Sierra,091,2930,23,21,0,21,0
2020-12-12,Siskiyou,093,43540,888,762,65,827,2
2020-12-12,Solano,095,438530,14677,12748,135,12883,93
2020-12-12,Sonoma,097,501317,16024,14466,94,14560,166
2020-12-12,Stanislaus,099,539301,28989,26246,2200,28446,483
2020-12-12,Sutter,101,95872,5316,4717,26,4743,32
2020-12-12,Tehama,103,63373,2488,2252,145,2397,9
2020-12-12,Trinity,105,12862,363,204,44,248,1
2020-12-12,Tulare,107,460477,28368,25333,2507,27840,341
2020-12-12,Tuolumne,109,53932,1980,1536,10,1546,8
2020-12-12,Ventura,111,848112,30045,25955,1014,26969,202
2020-12-12,Yolo,113,214977,6923,6116,31,6147,95
2020-12-12,Yuba,115,75493,3048,2692,25,2717,10
2020-12-11,Alameda,001,1643700,41141,36281,589,36870,482
2020-12-11,Alpine,003,1148,65,63,0,63,0
2020-12-11,Amador,005,37829,1745,1213,8,1221,19
2020-12-11,Butte,007,227075,5819,4941,485,5426,73
2020-12-11,Calaveras,009,45235,793,697,0,697,21
2020-12-11,Colusa,011,21464,1059,923,37,960,7
2020-12-11,Contra Costa,013,1133247,32510,29036,286,29322,282
2020-12-11,Del Norte,015,27424,594,505,0,505,1
2020-12-11,El Dorado,017,186661,4600,3669,117,3786,9
2020-12-11,Fresno,019,978130,55156,43071,2817,45888,550
2020-12-11,Glenn,021,27897,1266,1135,129,1264,8
2020-12-11,Humboldt,023,135768,1357,1190,4,1194,9
2020-12-11,Imperial,025,180216,20379,18599,311,18910,377
2020-12-11,Inyo,027,18085,464,372,6,378,16
2020-12-11,Kern,029,883053,53736,47664,2993,50657,502
2020-12-11,Kings,031,150075,14073,13118,326,13444,94
2020-12-11,Lake,033,64148,1441,1205,0,1205,21
2020-12-11,Lassen,035,31185,3439,2790,21,2811,1
2020-12-11,Los Angeles,037,10098052,555042,493592,11383,504975,8198
2020-12-11,Madera,039,155013,8516,7648,265,7913,59
2020-12-11,Marin,041,260295,8670,8317,54,8371,141
2020-12-11,Mariposa,043,17540,186,164,2,166,3
2020-12-11,Mendocino,045,87422,1988,1769,19,1788,24
2020-12-11,Merced,047,269075,15473,14038,213,14251,186
2020-12-11,Modoc,049,8938,191,168,53,221,0
2020-12-11,Mono,051,14174,724,631,11,642,3
2020-12-11,Monterey,053,433212,21586,18421,416,18837,150
2020-12-11,Napa,055,140530,4624,4054,23,4077,22
2020-12-11,Nevada,057,99092,2241,1959,60,2019,10
2020-12-11,Orange,059,3164182,116004,98357,3881,102238,1656
2020-12-11,Placer,061,380077,11118,8904,316,9220,93
2020-12-11,Plumas,063,18699,368,286,8,294,0
2020-12-11,Riverside,065,2383286,133657,115329,4406,119735,1573
2020-12-11,Sacramento,067,1510023,52597,47468,319,47787,669
2020-12-11,San Benito,069,59416,2633,2319,19,2338,19
2020-12-11,San Bernardino,071,2135413,147037,123092,3471,126563,1313
2020-12-11,San Diego,073,3302833,116424,102468,4929,107397,1137
2020-12-11,San Francisco,075,870044,19583,18246,155,18401,165
2020-12-11,San Joaquin,077,732212,36327,32044,901,32945,534
2020-12-11,San Luis Obispo,079,281455,8484,7415,169,7584,49
2020-12-11,San Mateo,081,765935,20010,17240,34,17274,177
2020-12-11,Santa Barbara,083,443738,14060,12997,309,13306,144
2020-12-11,Santa Clara,085,1922200,53115,45101,184,45285,494
2020-12-11,Santa Cruz,087,273765,6834,5764,132,5896,50
2020-12-11,Shasta,089,179085,7119,6459,432,6891,54
2020-12-11,Sierra,091,2930,23,19,0,19,0
2020-12-11,Siskiyou,093,43540,881,753,62,815,2
2020-12-11,Solano,095,438530,14488,12554,131,12685,92
2020-12-11,Sonoma,097,501317,15857,14298,92,14390,166
2020-12-11,Stanislaus,099,539301,28712,25928,2155,28083,464
2020-12-11,Sutter,101,95872,5253,4600,25,4625,30
2020-12-11,Tehama,103,63373,2458,2232,141,2373,9
2020-12-11,Trinity,105,12862,360,204,44,248,1
2020-12-11,Tulare,107,460477,28005,24953,2457,27410,338
2020-12-11,Tuolumne,109,53932,1965,1510,10,1520,8
2020-12-11,Ventura,111,848112,29438,24999,992,25991,202
2020-12-11,Yolo,113,214977,6819,6006,30,6036,95
2020-12-11,Yuba,115,75493,2987,2649,23,2672,10
2020-12-10,Alameda,001,1643700,40372,35686,569,36255,477
2020-12-10,Alpine,003,1148,65,63,0,63,0
2020-12-10,Amador,005,37829,1688,1191,8,1199,18
2020-12-10,Butte,007,227075,5704,4863,460,5323,72
2020-12-10,Calaveras,009,45235,775,684,0,684,21
2020-12-10,Colusa,011,21464,1036,909,34,943,7
2020-12-10,Contra Costa,013,1133247,31828,28413,280,28693,276
2020-12-10,Del Norte,015,27424,583,501,0,501,1
2020-12-10,El Dorado,017,186661,4482,3557,112,3669,9
2020-12-10,Fresno,019,978130,54178,42461,2677,45138,540
2020-12-10,Glenn,021,27897,1246,1126,120,1246,8
2020-12-10,Humboldt,023,135768,1337,1140,4,1144,9
2020-12-10,Imperial,025,180216,20166,18333,236,18569,370
2020-12-10,Inyo,027,18085,443,365,6,371,15
2020-12-10,Kern,029,883053,52754,47176,2830,50006,499
2020-12-10,Kings,031,150075,13915,12993,320,13313,92
2020-12-10,Lake,033,64148,1400,1167,0,1167,21
2020-12-10,Lassen,035,31185,3417,2764,17,2781,0
2020-12-10,Los Angeles,037,10098052,541060,480354,10858,491212,8149
2020-12-10,Madera,039,155013,8406,7445,250,7695,59
2020-12-10,Marin,041,260295,8617,8245,53,8298,140
2020-12-10,Mariposa,043,17540,185,160,2,162,3
2020-12-10,Mendocino,045,87422,1962,1748,16,1764,24
2020-12-10,Merced,047,269075,15227,13756,210,13966,186
2020-12-10,Modoc,049,8938,186,165,51,216,0
2020-12-10,Mono,051,14174,719,601,11,612,3
2020-12-10,Monterey,053,433212,21104,18266,406,18672,145
2020-12-10,Napa,055,140530,4538,3974,22,3996,22
2020-12-10,Nevada,057,99092,2205,1919,60,1979,10
2020-12-10,Orange,059,3164182,112901,95297,3721,99018,1651
2020-12-10,Placer,061,380077,10865,8906,299,9205,90
2020-12-10,Plumas,063,18699,357,281,8,289,0
2020-12-10,Riverside,065,2383286,129966,112794,4139,116933,1552
2020-12-10,Sacramento,067,1510023,51696,46471,298,46769,664
2020-12-10,San Benito,069,59416,2572,2268,18,2286,19
2020-12-10,San Bernardino,071,2135413,142797,120186,3298,123484,1306
2020-12-10,San Diego,073,3302833,113899,99601,4780,104381,1114
2020-12-10,San Francisco,075,870044,19271,17945,148,18093,164
2020-12-10,San Joaquin,077,732212,35691,31228,872,32100,534
2020-12-10,San Luis Obispo,079,281455,8321,7245,158,7403,49
2020-12-10,San Mateo,081,765935,19568,16701,24,16725,177
2020-12-10,Santa Barbara,083,443738,13881,12788,301,13089,143
2020-12-10,Santa Clara,085,1922200,51948,43939,170,44109,491
2020-12-10,Santa Cruz,087,273765,6666,5645,120,5765,48
2020-12-10,Shasta,089,179085,7052,6312,407,6719,53
2020-12-10,Sierra,091,2930,23,18,0,18,0
2020-12-10,Siskiyou,093,43540,871,712,61,773,2
2020-12-10,Solano,095,438530,14120,12017,125,12142,90
2020-12-10,Sonoma,097,501317,15602,14282,90,14372,167
2020-12-10,Stanislaus,099,539301,28240,25582,2085,27667,464
2020-12-10,Sutter,101,95872,5123,4528,23,4551,27
2020-12-10,Tehama,103,63373,2414,2190,133,2323,9
2020-12-10,Trinity,105,12862,356,202,42,244,1
2020-12-10,Tulare,107,460477,27538,24506,2394,26900,337
2020-12-10,Tuolumne,109,53932,1723,1451,10,1461,8
2020-12-10,Ventura,111,848112,28588,24075,948,25023,202
2020-12-10,Yolo,113,214977,6697,5896,29,5925,95
2020-12-10,Yuba,115,75493,2923,2604,22,2626,10
2020-12-09,Alameda,001,1643700,39536,35047,548,35595,470
2020-12-09,Alpine,003,1148,65,58,0,58,0
2020-12-09,Amador,005,37829,1645,1121,8,1129,19
2020-12-09,Butte,007,227075,5561,4733,440,5173,70
2020-12-09,Calaveras,009,45235,746,670,0,670,21
2020-12-09,Colusa,011,21464,1021,896,33,929,7
2020-12-09,Contra Costa,013,1133247,31121,28308,269,28577,273
2020-12-09,Del Norte,015,27424,570,481,0,481,2
2020-12-09,El Dorado,017,186661,4347,3449,104,3553,8
2020-12-09,Fresno,019,978130,53178,41954,2524,44478,533
2020-12-09,Glenn,021,27897,1232,1107,114,1221,8
2020-12-09,Humboldt,023,135768,1305,1086,4,1090,10
2020-12-09,Imperial,025,180216,19909,17757,200,17957,368
2020-12-09,Inyo,027,18085,430,356,6,362,15
2020-12-09,Kern,029,883053,51597,46379,2688,49067,494
2020-12-09,Kings,031,150075,13770,12716,312,13028,92
2020-12-09,Lake,033,64148,1371,1158,0,1158,20
2020-12-09,Lassen,035,31185,3348,2331,15,2346,0
2020-12-09,Los Angeles,037,10098052,527558,467971,10321,478292,8075
2020-12-09,Madera,039,155013,8290,7216,247,7463,59
2020-12-09,Marin,041,260295,8553,8182,52,8234,138
2020-12-09,Mariposa,043,17540,183,154,2,156,3
2020-12-09,Mendocino,045,87422,1936,1703,15,1718,24
2020-12-09,Merced,047,269075,14986,13588,204,13792,183
2020-12-09,Modoc,049,8938,181,146,42,188,0
2020-12-09,Mono,051,14174,707,601,11,612,3
2020-12-09,Monterey,053,433212,20703,17891,398,18289,143
2020-12-09,Napa,055,140530,4452,3858,21,3879,21
2020-12-09,Nevada,057,99092,2152,1864,60,1924,10
2020-12-09,Orange,059,3164182,109809,93763,3553,97316,1629
2020-12-09,Placer,061,380077,10604,8588,285,8873,85
2020-12-09,Plumas,063,18699,349,271,8,279,0
2020-12-09,Riverside,065,2383286,126265,110376,3938,114314,1543
2020-12-09,Sacramento,067,1510023,50632,45284,273,45557,659
2020-12-09,San Benito,069,59416,2500,2217,16,2233,19
2020-12-09,San Bernardino,071,2135413,138516,114516,3102,117618,1305
2020-12-09,San Diego,073,3302833,110919,97551,4641,102192,1103
2020-12-09,San Francisco,075,870044,18967,17628,147,17775,163
2020-12-09,San Joaquin,077,732212,34873,30539,847,31386,531
2020-12-09,San Luis Obispo,079,281455,8103,7105,150,7255,47
2020-12-09,San Mateo,081,765935,19119,16422,23,16445,175
2020-12-09,Santa Barbara,083,443738,13681,12630,291,12921,142
2020-12-09,Santa Clara,085,1922200,50760,42912,155,43067,489
2020-12-09,Santa Cruz,087,273765,6505,5527,105,5632,47
2020-12-09,Shasta,089,179085,6987,6105,393,6498,52
2020-12-09,Sierra,091,2930,23,18,0,18,0
2020-12-09,Siskiyou,093,43540,860,713,60,773,2
2020-12-09,Solano,095,438530,13770,11862,117,11979,90
2020-12-09,Sonoma,097,501317,15346,13994,87,14081,164
2020-12-09,Stanislaus,099,539301,27741,25157,2024,27181,463
2020-12-09,Sutter,101,95872,5005,4418,19,4437,24
2020-12-09,Tehama,103,63373,2378,2102,129,2231,9
2020-12-09,Trinity,105,12862,348,199,39,238,0
2020-12-09,Tulare,107,460477,26932,24124,2317,26441,334
2020-12-09,Tuolumne,109,53932,1690,1319,10,1329,8
2020-12-09,Ventura,111,848112,27724,23830,906,24736,201
2020-12-09,Yolo,113,214977,6571,5760,27,5787,95
2020-12-09,Yuba,115,75493,2855,2513,21,2534,10
2020-12-08,Alameda,001,1643700,38634,34373,532,34905,469
2020-12-08,Alpine,003,1148,64,53,0,53,0
2020-12-08,Amador,005,37829,1359,1043,8,1051,17
2020-12-08,Butte,007,227075,5403,4651,401,5052,70
2020-12-08,Calaveras,009,45235,722,657,0,657,21
2020-12-08,Colusa,011,21464,1005,875,32,907,6
2020-12-08,Contra Costa,013,1133247,30416,27926,252,28178,270
2020-12-08,Del Norte,015,27424,554,465,0,465,2
2020-12-08,El Dorado,017,186661,4223,3296,91,3387,8
2020-12-08,Fresno,019,978130,51913,41574,2370,43944,529
2020-12-08,Glenn,021,27897,1212,1094,106,1200,8
2020-12-08,Humboldt,023,135768,1279,1059,4,1063,10
2020-12-08,Imperial,025,180216,19392,17568,193,17761,363
2020-12-08,Inyo,027,18085,406,333,6,339,15
2020-12-08,Kern,029,883053,50303,45116,2536,47652,487
2020-12-08,Kings,031,150075,13616,12623,303,12926,90
2020-12-08,Lake,033,64148,1327,1127,0,1127,20
2020-12-08,Lassen,035,31185,3192,2165,15,2180,0
2020-12-08,Los Angeles,037,10098052,514853,459738,9848,469586,8004
2020-12-08,Madera,039,155013,8158,7082,234,7316,59
2020-12-08,Marin,041,260295,8473,8099,51,8150,137
2020-12-08,Mariposa,043,17540,179,150,2,152,2
2020-12-08,Mendocino,045,87422,1894,1666,15,1681,23
2020-12-08,Merced,047,269075,14674,13380,203,13583,181
2020-12-08,Modoc,049,8938,173,138,39,177,0
2020-12-08,Mono,051,14174,693,597,11,608,3
2020-12-08,Monterey,053,433212,20132,17752,391,18143,134
2020-12-08,Napa,055,140530,4365,3778,19,3797,22
2020-12-08,Nevada,057,99092,2098,1809,57,1866,11
2020-12-08,Orange,059,3164182,106587,91406,3389,94795,1629
2020-12-08,Placer,061,380077,10336,8224,280,8504,82
2020-12-08,Plumas,063,18699,339,258,8,266,0
2020-12-08,Riverside,065,2383286,122898,107620,3761,111381,1514
2020-12-08,Sacramento,067,1510023,49567,44635,258,44893,649
2020-12-08,San Benito,069,59416,2446,2180,16,2196,18
2020-12-08,San Bernardino,071,2135413,134170,110676,2980,113656,1301
2020-12-08,San Diego,073,3302833,107548,95447,4484,99931,1088
2020-12-08,San Francisco,075,870044,18658,17384,145,17529,162
2020-12-08,San Joaquin,077,732212,33981,30225,814,31039,530
2020-12-08,San Luis Obispo,079,281455,7974,6903,139,7042,45
2020-12-08,San Mateo,081,765935,18720,16305,23,16328,175
2020-12-08,Santa Barbara,083,443738,13497,12516,282,12798,141
2020-12-08,Santa Clara,085,1922200,49433,41309,147,41456,484
2020-12-08,Santa Cruz,087,273765,6324,5374,103,5477,45
2020-12-08,Shasta,089,179085,6877,5946,385,6331,50
2020-12-08,Sierra,091,2930,22,18,0,18,0
2020-12-08,Siskiyou,093,43540,846,704,58,762,2
2020-12-08,Solano,095,438530,13364,11669,115,11784,89
2020-12-08,Sonoma,097,501317,15087,13601,86,13687,164
2020-12-08,Stanislaus,099,539301,27250,24793,1959,26752,461
2020-12-08,Sutter,101,95872,4909,4342,18,4360,24
2020-12-08,Tehama,103,63373,2304,2057,121,2178,9
2020-12-08,Trinity,105,12862,339,198,38,236,0
2020-12-08,Tulare,107,460477,26322,23607,2254,25861,330
2020-12-08,Tuolumne,109,53932,1666,1264,10,1274,7
2020-12-08,Ventura,111,848112,27061,23665,864,24529,195
2020-12-08,Yolo,113,214977,6438,5560,27,5587,90
2020-12-08,Yuba,115,75493,2777,2477,21,2498,10
2020-12-07,Alameda,001,1643700,37766,33887,498,34385,466
2020-12-07,Alpine,003,1148,63,53,0,53,0
2020-12-07,Amador,005,37829,1284,993,7,1000,17
2020-12-07,Butte,007,227075,5267,4604,380,4984,67
2020-12-07,Calaveras,009,45235,692,606,0,606,21
2020-12-07,Colusa,011,21464,980,825,27,852,6
2020-12-07,Contra Costa,013,1133247,29800,27307,239,27546,270
2020-12-07,Del Norte,015,27424,542,424,0,424,2
2020-12-07,El Dorado,017,186661,4044,3275,84,3359,8
2020-12-07,Fresno,019,978130,50439,41098,2249,43347,526
2020-12-07,Glenn,021,27897,1193,1085,100,1185,8
2020-12-07,Humboldt,023,135768,1244,1023,4,1027,9
2020-12-07,Imperial,025,180216,18971,17234,183,17417,364
2020-12-07,Inyo,027,18085,390,333,6,339,15
2020-12-07,Kern,029,883053,49278,44409,2402,46811,486
2020-12-07,Kings,031,150075,13473,12412,295,12707,90
2020-12-07,Lake,033,64148,1300,1090,0,1090,20
2020-12-07,Lassen,035,31185,3095,2167,15,2182,0
2020-12-07,Los Angeles,037,10098052,501182,451052,9418,460470,7937
2020-12-07,Madera,039,155013,7892,6935,229,7164,59
2020-12-07,Marin,041,260295,8413,8049,50,8099,136
2020-12-07,Mariposa,043,17540,176,146,2,148,2
2020-12-07,Mendocino,045,87422,1858,1638,14,1652,23
2020-12-07,Merced,047,269075,14315,13250,194,13444,179
2020-12-07,Modoc,049,8938,166,128,36,164,0
2020-12-07,Mono,051,14174,680,590,11,601,3
2020-12-07,Monterey,053,433212,19651,17746,380,18126,132
2020-12-07,Napa,055,140530,4274,3684,19,3703,21
2020-12-07,Nevada,057,99092,2049,1777,56,1833,11
2020-12-07,Orange,059,3164182,103322,89793,3270,93063,1628
2020-12-07,Placer,061,380077,10011,7911,266,8177,82
2020-12-07,Plumas,063,18699,327,256,5,261,0
2020-12-07,Riverside,065,2383286,119698,102363,3580,105943,1491
2020-12-07,Sacramento,067,1510023,48472,43419,241,43660,638
2020-12-07,San Benito,069,59416,2395,2165,15,2180,18
2020-12-07,San Bernardino,071,2135413,130221,108161,2865,111026,1295
2020-12-07,San Diego,073,3302833,104759,94171,4303,98474,1062
2020-12-07,San Francisco,075,870044,18366,17220,138,17358,161
2020-12-07,San Joaquin,077,732212,33103,28188,788,28976,530
2020-12-07,San Luis Obispo,079,281455,7792,6782,132,6914,45
2020-12-07,San Mateo,081,765935,18281,16029,22,16051,175
2020-12-07,Santa Barbara,083,443738,13256,12362,272,12634,141
2020-12-07,Santa Clara,085,1922200,48039,40621,138,40759,484
2020-12-07,Santa Cruz,087,273765,6159,5152,96,5248,41
2020-12-07,Shasta,089,179085,6754,5742,370,6112,50
2020-12-07,Sierra,091,2930,20,18,0,18,0
2020-12-07,Siskiyou,093,43540,819,652,58,710,2
2020-12-07,Solano,095,438530,13024,11354,111,11465,89
2020-12-07,Sonoma,097,501317,14803,13376,86,13462,164
2020-12-07,Stanislaus,099,539301,26682,24479,1907,26386,454
2020-12-07,Sutter,101,95872,4768,4106,18,4124,24
2020-12-07,Tehama,103,63373,2253,2030,116,2146,9
2020-12-07,Trinity,105,12862,335,194,38,232,0
2020-12-07,Tulare,107,460477,25783,22760,2197,24957,328
2020-12-07,Tuolumne,109,53932,1581,1256,9,1265,7
2020-12-07,Ventura,111,848112,26472,23354,828,24182,191
2020-12-07,Yolo,113,214977,6276,5537,26,5563,90
2020-12-07,Yuba,115,75493,2710,2428,19,2447,10
2020-12-06,Alameda,001,1643700,36772,33477,478,33955,465
2020-12-06,Alpine,003,1148,59,53,0,53,0
2020-12-06,Amador,005,37829,1221,952,6,958,17
2020-12-06,Butte,007,227075,5114,4527,346,4873,67
2020-12-06,Calaveras,009,45235,672,606,0,606,21
2020-12-06,Colusa,011,21464,963,824,23,847,6
2020-12-06,Contra Costa,013,1133247,29194,26566,233,26799,270
2020-12-06,Del Norte,015,27424,486,414,0,414,2
2020-12-06,El Dorado,017,186661,3907,3086,79,3165,8
2020-12-06,Fresno,019,978130,49485,40869,2134,43003,526
2020-12-06,Glenn,021,27897,1183,1067,96,1163,8
2020-12-06,Humboldt,023,135768,1219,1004,4,1008,9
2020-12-06,Imperial,025,180216,18655,16922,174,17096,364
2020-12-06,Inyo,027,18085,377,333,6,339,15
2020-12-06,Kern,029,883053,48288,43899,2235,46134,486
2020-12-06,Kings,031,150075,13201,12056,278,12334,90
2020-12-06,Lake,033,64148,1262,1075,0,1075,20
2020-12-06,Lassen,035,31185,2991,2168,13,2181,0
2020-12-06,Los Angeles,037,10098052,487584,443230,8985,452215,7910
2020-12-06,Madera,039,155013,7718,6826,220,7046,59
2020-12-06,Marin,041,260295,8332,8013,47,8060,136
2020-12-06,Mariposa,043,17540,175,144,2,146,2
2020-12-06,Mendocino,045,87422,1818,1614,14,1628,23
2020-12-06,Merced,047,269075,13979,12928,185,13113,179
2020-12-06,Modoc,049,8938,153,125,29,154,0
2020-12-06,Mono,051,14174,658,586,10,596,3
2020-12-06,Monterey,053,433212,19033,17426,370,17796,130
2020-12-06,Napa,055,140530,4162,3644,19,3663,21
2020-12-06,Nevada,057,99092,1990,1710,53,1763,10
2020-12-06,Orange,059,3164182,100259,87737,3140,90877,1627
2020-12-06,Placer,061,380077,9729,7837,247,8084,82
2020-12-06,Plumas,063,18699,314,254,4,258,0
2020-12-06,Riverside,065,2383286,116602,100088,3359,103447,1482
2020-12-06,Sacramento,067,1510023,47232,42808,227,43035,638
2020-12-06,San Benito,069,59416,2358,2135,15,2150,18
2020-12-06,San Bernardino,071,2135413,126072,106927,2711,109638,1286
2020-12-06,San Diego,073,3302833,101726,92173,4149,96322,1062
2020-12-06,San Francisco,075,870044,18043,17107,131,17238,161
2020-12-06,San Joaquin,077,732212,32263,28188,760,28948,530
2020-12-06,San Luis Obispo,079,281455,7627,6723,127,6850,45
2020-12-06,San Mateo,081,765935,17777,15855,20,15875,175
2020-12-06,Santa Barbara,083,443738,13024,12252,263,12515,141
2020-12-06,Santa Clara,085,1922200,46657,39112,133,39245,482
2020-12-06,Santa Cruz,087,273765,5985,5069,90,5159,40
2020-12-06,Shasta,089,179085,6613,5743,349,6092,49
2020-12-06,Sierra,091,2930,20,17,0,17,0
2020-12-06,Siskiyou,093,43540,801,652,56,708,2
2020-12-06,Solano,095,438530,12738,11354,101,11455,88
2020-12-06,Sonoma,097,501317,14514,13238,85,13323,164
2020-12-06,Stanislaus,099,539301,26127,24036,1844,25880,454
2020-12-06,Sutter,101,95872,4652,4009,17,4026,21
2020-12-06,Tehama,103,63373,2194,1982,107,2089,9
2020-12-06,Trinity,105,12862,328,181,36,217,0
2020-12-06,Tulare,107,460477,25255,22756,2132,24888,327
2020-12-06,Tuolumne,109,53932,1485,1210,9,1219,7
2020-12-06,Ventura,111,848112,25931,23035,803,23838,191
2020-12-06,Yolo,113,214977,6114,5465,22,5487,90
2020-12-06,Yuba,115,75493,2666,2340,18,2358,10
2020-12-05,Alameda,001,1643700,36415,32781,467,33248,465
2020-12-05,Alpine,003,1148,58,53,0,53,0
2020-12-05,Amador,005,37829,1197,847,6,853,17
2020-12-05,Butte,007,227075,5046,4455,327,4782,66
2020-12-05,Calaveras,009,45235,660,606,0,606,21
2020-12-05,Colusa,011,21464,945,825,20,845,6
2020-12-05,Contra Costa,013,1133247,28899,26217,226,26443,270
2020-12-05,Del Norte,015,27424,480,408,0,408,2
2020-12-05,El Dorado,017,186661,3842,3061,74,3135,8
2020-12-05,Fresno,019,978130,49166,40568,2080,42648,525
2020-12-05,Glenn,021,27897,1170,1056,90,1146,8
2020-12-05,Humboldt,023,135768,1186,979,4,983,9
2020-12-05,Imperial,025,180216,18487,16544,173,16717,362
2020-12-05,Inyo,027,18085,372,332,6,338,15
2020-12-05,Kern,029,883053,47825,43332,2150,45482,484
2020-12-05,Kings,031,150075,13120,11898,275,12173,90
2020-12-05,Lake,033,64148,1235,1069,0,1069,20
2020-12-05,Lassen,035,31185,2800,2168,11,2179,0
2020-12-05,Los Angeles,037,10098052,481784,433120,8669,441789,7888
2020-12-05,Madera,039,155013,7625,6619,213,6832,59
2020-12-05,Marin,041,260295,8305,7961,47,8008,136
2020-12-05,Mariposa,043,17540,170,143,2,145,2
2020-12-05,Mendocino,045,87422,1779,1585,14,1599,23
2020-12-05,Merced,047,269075,13872,12747,174,12921,180
2020-12-05,Modoc,049,8938,153,118,28,146,0
2020-12-05,Mono,051,14174,653,554,10,564,3
2020-12-05,Monterey,053,433212,18887,17077,366,17443,127
2020-12-05,Napa,055,140530,4091,3565,19,3584,21
2020-12-05,Nevada,057,99092,1975,1642,51,1693,10
2020-12-05,Orange,059,3164182,98793,85735,3045,88780,1612
2020-12-05,Placer,061,380077,9609,7811,238,8049,78
2020-12-05,Plumas,063,18699,307,246,1,247,0
2020-12-05,Riverside,065,2383286,114990,98612,3185,101797,1477
2020-12-05,Sacramento,067,1510023,46567,41878,213,42091,625
2020-12-05,San Benito,069,59416,2314,2073,15,2088,18
2020-12-05,San Bernardino,071,2135413,124545,105382,2583,107965,1283
2020-12-05,San Diego,073,3302833,100374,90470,4068,94538,1055
2020-12-05,San Francisco,075,870044,17859,16786,127,16913,161
2020-12-05,San Joaquin,077,732212,31995,28105,727,28832,523
2020-12-05,San Luis Obispo,079,281455,7560,6623,124,6747,44
2020-12-05,San Mateo,081,765935,17520,15512,20,15532,175
2020-12-05,Santa Barbara,083,443738,12924,12107,257,12364,141
2020-12-05,Santa Clara,085,1922200,45907,38339,128,38467,474
2020-12-05,Santa Cruz,087,273765,5912,4997,89,5086,40
2020-12-05,Shasta,089,179085,6552,5653,338,5991,49
2020-12-05,Sierra,091,2930,20,17,0,17,0
2020-12-05,Siskiyou,093,43540,793,649,55,704,2
2020-12-05,Solano,095,438530,12569,11351,99,11450,87
2020-12-05,Sonoma,097,501317,14418,13137,85,13222,164
2020-12-05,Stanislaus,099,539301,25813,23662,1810,25472,454
2020-12-05,Sutter,101,95872,4587,3937,17,3954,20
2020-12-05,Tehama,103,63373,2178,1926,105,2031,9
2020-12-05,Trinity,105,12862,327,177,36,213,0
2020-12-05,Tulare,107,460477,25041,22660,2075,24735,324
2020-12-05,Tuolumne,109,53932,1428,1180,9,1189,7
2020-12-05,Ventura,111,848112,25559,22710,789,23499,191
2020-12-05,Yolo,113,214977,6036,5351,21,5372,90
2020-12-05,Yuba,115,75493,2629,2275,18,2293,10
2020-12-04,Alameda,001,1643700,35866,31871,454,32325,465
2020-12-04,Alpine,003,1148,58,53,0,53,0
2020-12-04,Amador,005,37829,1183,766,3,769,16
2020-12-04,Butte,007,227075,4974,4336,307,4643,65
2020-12-04,Calaveras,009,45235,655,585,0,585,21
2020-12-04,Colusa,011,21464,931,790,18,808,6
2020-12-04,Contra Costa,013,1133247,28554,25705,214,25919,264
2020-12-04,Del Norte,015,27424,469,401,0,401,2
2020-12-04,El Dorado,017,186661,3754,2933,71,3004,7
2020-12-04,Fresno,019,978130,48457,40108,2012,42120,522
2020-12-04,Glenn,021,27897,1164,1017,82,1099,8
2020-12-04,Humboldt,023,135768,1168,960,4,964,9
2020-12-04,Imperial,025,180216,18242,16484,173,16657,362
2020-12-04,Inyo,027,18085,364,324,6,330,15
2020-12-04,Kern,029,883053,47274,42497,2048,44545,485
2020-12-04,Kings,031,150075,13027,11767,269,12036,88
2020-12-04,Lake,033,64148,1207,1018,0,1018,20
2020-12-04,Lassen,035,31185,2793,2167,10,2177,0
2020-12-04,Los Angeles,037,10098052,473160,424164,8378,432542,7845
2020-12-04,Madera,039,155013,7533,6479,210,6689,58
2020-12-04,Marin,041,260295,8253,7896,44,7940,136
2020-12-04,Mariposa,043,17540,170,136,2,138,2
2020-12-04,Mendocino,045,87422,1760,1563,13,1576,23
2020-12-04,Merced,047,269075,13757,12474,166,12640,177
2020-12-04,Modoc,049,8938,153,115,28,143,0
2020-12-04,Mono,051,14174,648,549,10,559,3
2020-12-04,Monterey,053,433212,18675,16737,357,17094,127
2020-12-04,Napa,055,140530,4037,3432,19,3451,19
2020-12-04,Nevada,057,99092,1950,1560,48,1608,10
2020-12-04,Orange,059,3164182,96870,83738,2981,86719,1597
2020-12-04,Placer,061,380077,9485,7461,225,7686,76
2020-12-04,Plumas,063,18699,300,232,0,232,0
2020-12-04,Riverside,065,2383286,112793,95255,3028,98283,1475
2020-12-04,Sacramento,067,1510023,45803,41061,196,41257,618
2020-12-04,San Benito,069,59416,2281,2006,15,2021,17
2020-12-04,San Bernardino,071,2135413,122273,102418,2475,104893,1290
2020-12-04,San Diego,073,3302833,98890,88183,3981,92164,1047
2020-12-04,San Francisco,075,870044,17668,16499,127,16626,161
2020-12-04,San Joaquin,077,732212,31559,27806,690,28496,522
2020-12-04,San Luis Obispo,079,281455,7476,6473,121,6594,42
2020-12-04,San Mateo,081,765935,17232,15112,19,15131,173
2020-12-04,Santa Barbara,083,443738,12817,11947,251,12198,141
2020-12-04,Santa Clara,085,1922200,44986,37465,122,37587,468
2020-12-04,Santa Cruz,087,273765,5823,4985,87,5072,32
2020-12-04,Shasta,089,179085,6464,5439,329,5768,49
2020-12-04,Sierra,091,2930,19,17,0,17,0
2020-12-04,Siskiyou,093,43540,786,639,52,691,2
2020-12-04,Solano,095,438530,12423,11037,96,11133,87
2020-12-04,Sonoma,097,501317,14270,12962,84,13046,164
2020-12-04,Stanislaus,099,539301,25539,23206,1766,24972,448
2020-12-04,Sutter,101,95872,4515,3791,12,3803,20
2020-12-04,Tehama,103,63373,2138,1876,100,1976,9
2020-12-04,Trinity,105,12862,325,172,36,208,0
2020-12-04,Tulare,107,460477,24753,22273,2003,24276,322
2020-12-04,Tuolumne,109,53932,1397,1134,9,1143,7
2020-12-04,Ventura,111,848112,25182,22024,773,22797,189
2020-12-04,Yolo,113,214977,5962,5294,20,5314,87
2020-12-04,Yuba,115,75493,2585,2225,17,2242,10
2020-12-03,Alameda,001,1643700,35102,31184,437,31621,465
2020-12-03,Alpine,003,1148,57,53,0,53,0
2020-12-03,Amador,005,37829,1132,653,3,656,16
2020-12-03,Butte,007,227075,4879,4305,288,4593,65
2020-12-03,Calaveras,009,45235,635,572,0,572,21
2020-12-03,Colusa,011,21464,918,774,17,791,6
2020-12-03,Contra Costa,013,1133247,28050,25464,207,25671,265
2020-12-03,Del Norte,015,27424,465,388,0,388,2
2020-12-03,El Dorado,017,186661,3628,2740,69,2809,6
2020-12-03,Fresno,019,978130,47704,39680,1940,41620,516
2020-12-03,Glenn,021,27897,1146,997,74,1071,8
2020-12-03,Humboldt,023,135768,1138,923,4,927,9
2020-12-03,Imperial,025,180216,18034,16436,161,16597,359
2020-12-03,Inyo,027,18085,361,321,6,327,15
2020-12-03,Kern,029,883053,46428,42062,1947,44009,483
2020-12-03,Kings,031,150075,12928,11658,258,11916,87
2020-12-03,Lake,033,64148,1192,991,0,991,20
2020-12-03,Lassen,035,31185,2753,2128,9,2137,0
2020-12-03,Los Angeles,037,10098052,463058,415805,8018,423823,7787
2020-12-03,Madera,039,155013,7410,6398,205,6603,58
2020-12-03,Marin,041,260295,8193,7861,40,7901,136
2020-12-03,Mariposa,043,17540,166,132,2,134,2
2020-12-03,Mendocino,045,87422,1743,1547,10,1557,23
2020-12-03,Merced,047,269075,13512,12310,159,12469,177
2020-12-03,Modoc,049,8938,151,114,28,142,0
2020-12-03,Mono,051,14174,626,527,10,537,3
2020-12-03,Monterey,053,433212,18214,16218,348,16566,125
2020-12-03,Napa,055,140530,3923,3360,19,3379,19
2020-12-03,Nevada,057,99092,1872,1472,47,1519,10
2020-12-03,Orange,059,3164182,94338,82187,2912,85099,1591
2020-12-03,Placer,061,380077,9283,7270,209,7479,73
2020-12-03,Plumas,063,18699,285,223,0,223,0
2020-12-03,Riverside,065,2383286,110031,92489,2869,95358,1461
2020-12-03,Sacramento,067,1510023,44744,40280,183,40463,614
2020-12-03,San Benito,069,59416,2235,1967,15,1982,16
2020-12-03,San Bernardino,071,2135413,118944,100787,2392,103179,1283
2020-12-03,San Diego,073,3302833,97075,86144,3863,90007,1040
2020-12-03,San Francisco,075,870044,17446,16236,126,16362,161
2020-12-03,San Joaquin,077,732212,30838,27239,648,27887,522
2020-12-03,San Luis Obispo,079,281455,7308,6388,120,6508,42
2020-12-03,San Mateo,081,765935,16879,14909,19,14928,173
2020-12-03,Santa Barbara,083,443738,12688,11829,245,12074,141
2020-12-03,Santa Clara,085,1922200,43784,36621,116,36737,465
2020-12-03,Santa Cruz,087,273765,5679,4850,83,4933,28
2020-12-03,Shasta,089,179085,6355,5330,322,5652,48
2020-12-03,Sierra,091,2930,19,17,0,17,0
2020-12-03,Siskiyou,093,43540,771,629,49,678,2
2020-12-03,Solano,095,438530,12209,10857,93,10950,87
2020-12-03,Sonoma,097,501317,14027,12772,83,12855,164
2020-12-03,Stanislaus,099,539301,25126,22821,1718,24539,447
2020-12-03,Sutter,101,95872,4431,3727,12,3739,20
2020-12-03,Tehama,103,63373,2086,1832,93,1925,9
2020-12-03,Trinity,105,12862,322,166,36,202,0
2020-12-03,Tulare,107,460477,24353,21993,1913,23906,321
2020-12-03,Tuolumne,109,53932,1355,1105,9,1114,7
2020-12-03,Ventura,111,848112,24479,21555,760,22315,187
2020-12-03,Yolo,113,214977,5824,5069,20,5089,87
2020-12-03,Yuba,115,75493,2514,2182,16,2198,10
2020-12-02,Alameda,001,1643700,34477,30697,428,31125,463
2020-12-02,Alpine,003,1148,56,52,0,52,0
2020-12-02,Amador,005,37829,1060,585,3,588,16
2020-12-02,Butte,007,227075,4756,4243,278,4521,65
2020-12-02,Calaveras,009,45235,619,553,0,553,21
2020-12-02,Colusa,011,21464,902,756,16,772,6
2020-12-02,Contra Costa,013,1133247,27591,25147,195,25342,264
2020-12-02,Del Norte,015,27424,451,384,0,384,2
2020-12-02,El Dorado,017,186661,3527,2638,64,2702,5
2020-12-02,Fresno,019,978130,46948,39324,1842,41166,507
2020-12-02,Glenn,021,27897,1129,995,66,1061,7
2020-12-02,Humboldt,023,135768,1112,899,4,903,9
2020-12-02,Imperial,025,180216,17612,16360,154,16514,356
2020-12-02,Inyo,027,18085,354,314,6,320,15
2020-12-02,Kern,029,883053,45531,41660,1852,43512,479
2020-12-02,Kings,031,150075,12575,11531,244,11775,86
2020-12-02,Lake,033,64148,1161,971,0,971,20
2020-12-02,Lassen,035,31185,2694,2115,9,2124,0
2020-12-02,Los Angeles,037,10098052,453006,408289,7688,415977,7739
2020-12-02,Madera,039,155013,7286,6370,199,6569,57
2020-12-02,Marin,041,260295,8146,7819,38,7857,136
2020-12-02,Mariposa,043,17540,163,131,2,133,2
2020-12-02,Mendocino,045,87422,1710,1524,10,1534,23
2020-12-02,Merced,047,269075,13268,12168,151,12319,173
2020-12-02,Modoc,049,8938,148,113,28,141,0
2020-12-02,Mono,051,14174,617,520,10,530,3
2020-12-02,Monterey,053,433212,17734,16064,309,16373,121
2020-12-02,Napa,055,140530,3820,3298,18,3316,19
2020-12-02,Nevada,057,99092,1810,1430,46,1476,9
2020-12-02,Orange,059,3164182,92138,81046,2833,83879,1569
2020-12-02,Placer,061,380077,9049,6941,196,7137,73
2020-12-02,Plumas,063,18699,272,218,0,218,0
2020-12-02,Riverside,065,2383286,107314,90089,2690,92779,1451
2020-12-02,Sacramento,067,1510023,43705,39334,172,39506,597
2020-12-02,San Benito,069,59416,2170,1921,15,1936,16
2020-12-02,San Bernardino,071,2135413,115374,98567,2287,100854,1240
2020-12-02,San Diego,073,3302833,95159,84640,3748,88388,1035
2020-12-02,San Francisco,075,870044,17209,16058,124,16182,157
2020-12-02,San Joaquin,077,732212,30219,26740,625,27365,519
2020-12-02,San Luis Obispo,079,281455,7209,6324,118,6442,42
2020-12-02,San Mateo,081,765935,16516,14757,18,14775,170
2020-12-02,Santa Barbara,083,443738,12537,11705,233,11938,140
2020-12-02,Santa Clara,085,1922200,42666,35878,116,35994,458
2020-12-02,Santa Cruz,087,273765,5547,4766,80,4846,27
2020-12-02,Shasta,089,179085,6232,5188,305,5493,47
2020-12-02,Sierra,091,2930,19,17,0,17,0
2020-12-02,Siskiyou,093,43540,755,624,47,671,1
2020-12-02,Solano,095,438530,11963,10701,89,10790,87
2020-12-02,Sonoma,097,501317,13788,12635,82,12717,163
2020-12-02,Stanislaus,099,539301,24624,22615,1663,24278,448
2020-12-02,Sutter,101,95872,4272,3604,12,3616,18
2020-12-02,Tehama,103,63373,2041,1800,78,1878,9
2020-12-02,Trinity,105,12862,312,165,35,200,0
2020-12-02,Tulare,107,460477,23971,21789,1836,23625,321
2020-12-02,Tuolumne,109,53932,1314,1076,9,1085,7
2020-12-02,Ventura,111,848112,24067,21208,742,21950,186
2020-12-02,Yolo,113,214977,5713,5053,19,5072,87
2020-12-02,Yuba,115,75493,2436,2119,15,2134,10
2020-12-01,Alameda,001,1643700,33785,30252,418,30670,460
2020-12-01,Alpine,003,1148,56,41,0,41,0
2020-12-01,Amador,005,37829,913,575,2,577,16
2020-12-01,Butte,007,227075,4650,4177,264,4441,65
2020-12-01,Calaveras,009,45235,601,544,0,544,21
2020-12-01,Colusa,011,21464,885,747,16,763,6
2020-12-01,Contra Costa,013,1133247,27020,24788,187,24975,264
2020-12-01,Del Norte,015,27424,423,357,0,357,2
2020-12-01,El Dorado,017,186661,3383,2542,59,2601,4
2020-12-01,Fresno,019,978130,46046,39004,1766,40770,505
2020-12-01,Glenn,021,27897,1108,989,62,1051,7
2020-12-01,Humboldt,023,135768,1082,886,4,890,9
2020-12-01,Imperial,025,180216,17295,16278,151,16429,356
2020-12-01,Inyo,027,18085,347,304,6,310,15
2020-12-01,Kern,029,883053,44729,41345,1725,43070,478
2020-12-01,Kings,031,150075,12260,11415,230,11645,86
2020-12-01,Lake,033,64148,1141,969,0,969,19
2020-12-01,Lassen,035,31185,2528,2047,8,2055,0
2020-12-01,Los Angeles,037,10098052,442632,403266,7374,410640,7704
2020-12-01,Madera,039,155013,7169,6270,189,6459,57
2020-12-01,Marin,041,260295,8076,7787,37,7824,136
2020-12-01,Mariposa,043,17540,158,128,2,130,2
2020-12-01,Mendocino,045,87422,1676,1497,10,1507,23
2020-12-01,Merced,047,269075,13025,12032,142,12174,172
2020-12-01,Modoc,049,8938,143,113,24,137,0
2020-12-01,Mono,051,14174,604,520,10,530,3
2020-12-01,Monterey,053,433212,17227,15835,298,16133,121
2020-12-01,Napa,055,140530,3736,3124,17,3141,19
2020-12-01,Nevada,057,99092,1748,1411,45,1456,9
2020-12-01,Orange,059,3164182,90036,79468,2744,82212,1567
2020-12-01,Placer,061,380077,8725,6794,189,6983,72
2020-12-01,Plumas,063,18699,260,201,0,201,0
2020-12-01,Riverside,065,2383286,104505,88530,2530,91060,1448
2020-12-01,Sacramento,067,1510023,42656,38966,169,39135,589
2020-12-01,San Benito,069,59416,2115,1888,15,1903,15
2020-12-01,San Bernardino,071,2135413,111905,95854,2164,98018,1220
2020-12-01,San Diego,073,3302833,92902,83423,3638,87061,1019
2020-12-01,San Francisco,075,870044,16925,15797,121,15918,157
2020-12-01,San Joaquin,077,732212,29418,26432,604,27036,514
2020-12-01,San Luis Obispo,079,281455,7067,6264,113,6377,40
2020-12-01,San Mateo,081,765935,16191,14495,18,14513,170
2020-12-01,Santa Barbara,083,443738,12398,11611,223,11834,140
2020-12-01,Santa Clara,085,1922200,41409,35397,110,35507,452
2020-12-01,Santa Cruz,087,273765,5389,4638,72,4710,27
2020-12-01,Shasta,089,179085,6107,5077,285,5362,47
2020-12-01,Sierra,091,2930,19,17,0,17,0
2020-12-01,Siskiyou,093,43540,741,608,43,651,1
2020-12-01,Solano,095,438530,11702,10604,84,10688,87
2020-12-01,Sonoma,097,501317,13584,12491,79,12570,163
2020-12-01,Stanislaus,099,539301,24168,22351,1605,23956,447
2020-12-01,Sutter,101,95872,4130,3538,12,3550,17
2020-12-01,Tehama,103,63373,1975,1773,68,1841,9
2020-12-01,Trinity,105,12862,298,165,29,194,0
2020-12-01,Tulare,107,460477,23516,21645,1768,23413,319
2020-12-01,Tuolumne,109,53932,1278,1052,7,1059,7
2020-12-01,Ventura,111,848112,23454,20604,720,21324,186
2020-12-01,Yolo,113,214977,5573,4928,19,4947,86
2020-12-01,Yuba,115,75493,2371,2088,14,2102,10
2020-11-30,Alameda,001,1643700,32965,29972,401,30373,457
2020-11-30,Alpine,003,1148,54,41,0,41,0
2020-11-30,Amador,005,37829,872,559,2,561,16
2020-11-30,Butte,007,227075,4532,4148,248,4396,65
2020-11-30,Calaveras,009,45235,580,478,0,478,21
2020-11-30,Colusa,011,21464,858,737,12,749,6
2020-11-30,Contra Costa,013,1133247,26435,24365,183,24548,264
2020-11-30,Del Norte,015,27424,400,339,0,339,2
2020-11-30,El Dorado,017,186661,3209,2488,53,2541,4
2020-11-30,Fresno,019,978130,44936,38712,1655,40367,500
2020-11-30,Glenn,021,27897,1085,954,57,1011,5
2020-11-30,Humboldt,023,135768,1035,870,4,874,9
2020-11-30,Imperial,025,180216,17041,16212,130,16342,356
2020-11-30,Inyo,027,18085,342,304,5,309,15
2020-11-30,Kern,029,883053,43970,40941,1593,42534,473
2020-11-30,Kings,031,150075,12112,11346,215,11561,85
2020-11-30,Lake,033,64148,1109,939,0,939,18
2020-11-30,Lassen,035,31185,2436,1793,8,1801,0
2020-11-30,Los Angeles,037,10098052,431950,396202,7050,403252,7658
2020-11-30,Madera,039,155013,7003,6210,175,6385,57
2020-11-30,Marin,041,260295,8033,7764,36,7800,136
2020-11-30,Mariposa,043,17540,151,123,2,125,2
2020-11-30,Mendocino,045,87422,1648,1482,10,1492,23
2020-11-30,Merced,047,269075,12750,11913,131,12044,172
2020-11-30,Modoc,049,8938,133,113,24,137,0
2020-11-30,Mono,051,14174,582,519,10,529,3
2020-11-30,Monterey,053,433212,16797,15837,290,16127,119
2020-11-30,Napa,055,140530,3636,3091,17,3108,18
2020-11-30,Nevada,057,99092,1662,1347,42,1389,9
2020-11-30,Orange,059,3164182,87927,78711,2648,81359,1568
2020-11-30,Placer,061,380077,8429,6575,176,6751,72
2020-11-30,Plumas,063,18699,249,192,0,192,0
2020-11-30,Riverside,065,2383286,101511,87722,2385,90107,1446
2020-11-30,Sacramento,067,1510023,41576,37834,160,37994,586
2020-11-30,San Benito,069,59416,2068,1875,14,1889,15
2020-11-30,San Bernardino,071,2135413,108174,92704,2052,94756,1220
2020-11-30,San Diego,073,3302833,90539,82045,3511,85556,997
2020-11-30,San Francisco,075,870044,16627,15638,117,15755,157
2020-11-30,San Joaquin,077,732212,28710,25742,578,26320,509
2020-11-30,San Luis Obispo,079,281455,6933,6224,111,6335,36
2020-11-30,San Mateo,081,765935,15832,14276,18,14294,170
2020-11-30,Santa Barbara,083,443738,12220,11572,215,11787,140
2020-11-30,Santa Clara,085,1922200,40199,35019,109,35128,451
2020-11-30,Santa Cruz,087,273765,5250,4558,69,4627,26
2020-11-30,Shasta,089,179085,5962,4933,257,5190,44
2020-11-30,Sierra,091,2930,19,16,0,16,0
2020-11-30,Siskiyou,093,43540,732,605,39,644,1
2020-11-30,Solano,095,438530,11440,10392,79,10471,87
2020-11-30,Sonoma,097,501317,13339,12232,75,12307,163
2020-11-30,Stanislaus,099,539301,23705,22110,1563,23673,446
2020-11-30,Sutter,101,95872,3974,3430,12,3442,16
2020-11-30,Tehama,103,63373,1926,1724,61,1785,9
2020-11-30,Trinity,105,12862,292,162,29,191,0
2020-11-30,Tulare,107,460477,23128,20833,1675,22508,319
2020-11-30,Tuolumne,109,53932,1234,1027,7,1034,7
2020-11-30,Ventura,111,848112,22698,20308,704,21012,180
2020-11-30,Yolo,113,214977,5460,4894,19,4913,81
2020-11-30,Yuba,115,75493,2312,2028,12,2040,10
2020-11-29,Alameda,001,1643700,32177,29918,379,30297,457
2020-11-29,Alpine,003,1148,51,41,0,41,0
2020-11-29,Amador,005,37829,721,548,2,550,16
2020-11-29,Butte,007,227075,4431,4008,232,4240,65
2020-11-29,Calaveras,009,45235,549,478,0,478,21
2020-11-29,Colusa,011,21464,829,723,8,731,6
2020-11-29,Contra Costa,013,1133247,25932,24165,177,24342,264
2020-11-29,Del Norte,015,27424,394,339,0,339,2
2020-11-29,El Dorado,017,186661,3078,2447,51,2498,4
2020-11-29,Fresno,019,978130,43985,38568,1584,40152,500
2020-11-29,Glenn,021,27897,1062,951,55,1006,4
2020-11-29,Humboldt,023,135768,1006,856,4,860,9
2020-11-29,Imperial,025,180216,16810,16138,105,16243,356
2020-11-29,Inyo,027,18085,327,289,5,294,15
2020-11-29,Kern,029,883053,43207,40596,1445,42041,473
2020-11-29,Kings,031,150075,11961,11247,197,11444,85
2020-11-29,Lake,033,64148,1085,927,0,927,18
2020-11-29,Lassen,035,31185,2333,1793,8,1801,0
2020-11-29,Los Angeles,037,10098052,421544,391162,6756,397918,7642
2020-11-29,Madera,039,155013,6860,6184,169,6353,57
2020-11-29,Marin,041,260295,7967,7739,33,7772,135
2020-11-29,Mariposa,043,17540,147,123,2,125,2
2020-11-29,Mendocino,045,87422,1614,1473,10,1483,23
2020-11-29,Merced,047,269075,12511,11773,122,11895,172
2020-11-29,Modoc,049,8938,129,105,22,127,0
2020-11-29,Mono,051,14174,559,515,9,524,3
2020-11-29,Monterey,053,433212,16484,15621,283,15904,119
2020-11-29,Napa,055,140530,3531,3090,16,3106,18
2020-11-29,Nevada,057,99092,1582,1311,40,1351,9
2020-11-29,Orange,059,3164182,85908,78057,2602,80659,1567
2020-11-29,Placer,061,380077,8131,6535,164,6699,72
2020-11-29,Plumas,063,18699,244,191,0,191,0
2020-11-29,Riverside,065,2383286,99117,87383,2233,89616,1442
2020-11-29,Sacramento,067,1510023,40498,37415,151,37566,585
2020-11-29,San Benito,069,59416,2024,1860,14,1874,15
2020-11-29,San Bernardino,071,2135413,104825,92052,1936,93988,1223
2020-11-29,San Diego,073,3302833,88128,81086,3358,84444,997
2020-11-29,San Francisco,075,870044,16345,15571,112,15683,153
2020-11-29,San Joaquin,077,732212,27964,25740,572,26312,509
2020-11-29,San Luis Obispo,079,281455,6810,6145,111,6256,36
2020-11-29,San Mateo,081,765935,15500,14177,18,14195,169
2020-11-29,Santa Barbara,083,443738,12065,11520,211,11731,140
2020-11-29,Santa Clara,085,1922200,38993,34234,103,34337,451
2020-11-29,Santa Cruz,087,273765,5091,4490,67,4557,26
2020-11-29,Shasta,089,179085,5790,4935,229,5164,43
2020-11-29,Sierra,091,2930,19,16,0,16,0
2020-11-29,Siskiyou,093,43540,709,590,37,627,1
2020-11-29,Solano,095,438530,11208,10393,75,10468,87
2020-11-29,Sonoma,097,501317,13087,12052,71,12123,163
2020-11-29,Stanislaus,099,539301,23209,21701,1529,23230,446
2020-11-29,Sutter,101,95872,3859,3297,12,3309,16
2020-11-29,Tehama,103,63373,1875,1710,47,1757,9
2020-11-29,Trinity,105,12862,289,159,27,186,0
2020-11-29,Tulare,107,460477,22759,20793,1600,22393,319
2020-11-29,Tuolumne,109,53932,1197,988,7,995,7
2020-11-29,Ventura,111,848112,22014,19952,692,20644,179
2020-11-29,Yolo,113,214977,5322,4830,18,4848,80
2020-11-29,Yuba,115,75493,2255,1959,12,1971,10
2020-11-28,Alameda,001,1643700,31867,29368,374,29742,456
2020-11-28,Alpine,003,1148,51,41,0,41,0
2020-11-28,Amador,005,37829,644,536,2,538,16
2020-11-28,Butte,007,227075,4373,3894,228,4122,65
2020-11-28,Calaveras,009,45235,543,478,0,478,21
2020-11-28,Colusa,011,21464,820,711,6,717,6
2020-11-28,Contra Costa,013,1133247,25600,23798,173,23971,264
2020-11-28,Del Norte,015,27424,384,328,0,328,2
2020-11-28,El Dorado,017,186661,3010,2415,45,2460,4
2020-11-28,Fresno,019,978130,43638,38288,1546,39834,500
2020-11-28,Glenn,021,27897,1051,925,51,976,4
2020-11-28,Humboldt,023,135768,971,844,4,848,9
2020-11-28,Imperial,025,180216,16743,16019,103,16122,356
2020-11-28,Inyo,027,18085,319,289,5,294,15
2020-11-28,Kern,029,883053,42844,40255,1357,41612,473
2020-11-28,Kings,031,150075,11896,11070,190,11260,85
2020-11-28,Lake,033,64148,1070,920,0,920,18
2020-11-28,Lassen,035,31185,2266,1714,8,1722,0
2020-11-28,Los Angeles,037,10098052,416622,386194,6600,392794,7625
2020-11-28,Madera,039,155013,6758,6119,162,6281,57
2020-11-28,Marin,041,260295,7937,7696,29,7725,135
2020-11-28,Mariposa,043,17540,144,120,2,122,2
2020-11-28,Mendocino,045,87422,1583,1458,10,1468,22
2020-11-28,Merced,047,269075,12413,11688,116,11804,172
2020-11-28,Modoc,049,8938,126,103,22,125,0
2020-11-28,Mono,051,14174,553,505,9,514,3
2020-11-28,Monterey,053,433212,16318,15328,279,15607,118
2020-11-28,Napa,055,140530,3479,3033,16,3049,18
2020-11-28,Nevada,057,99092,1553,1272,38,1310,9
2020-11-28,Orange,059,3164182,84811,76882,2556,79438,1568
2020-11-28,Placer,061,380077,7970,6497,161,6658,70
2020-11-28,Plumas,063,18699,237,188,0,188,0
2020-11-28,Riverside,065,2383286,97708,86854,2132,88986,1440
2020-11-28,Sacramento,067,1510023,39920,36905,147,37052,580
2020-11-28,San Benito,069,59416,1979,1835,14,1849,15
2020-11-28,San Bernardino,071,2135413,103423,91183,1834,93017,1224
2020-11-28,San Diego,073,3302833,86874,80020,3274,83294,997
2020-11-28,San Francisco,075,870044,16169,15450,105,15555,153
2020-11-28,San Joaquin,077,732212,27763,25742,557,26299,509
2020-11-28,San Luis Obispo,079,281455,6740,6106,107,6213,36
2020-11-28,San Mateo,081,765935,15310,14040,18,14058,169
2020-11-28,Santa Barbara,083,443738,11963,11481,206,11687,140
2020-11-28,Santa Clara,085,1922200,38247,33701,101,33802,449
2020-11-28,Santa Cruz,087,273765,5014,4426,67,4493,26
2020-11-28,Shasta,089,179085,5713,4882,222,5104,43
2020-11-28,Sierra,091,2930,19,16,0,16,0
2020-11-28,Siskiyou,093,43540,699,558,34,592,1
2020-11-28,Solano,095,438530,11089,10252,73,10325,87
2020-11-28,Sonoma,097,501317,12983,12008,62,12070,162
2020-11-28,Stanislaus,099,539301,22970,21574,1495,23069,446
2020-11-28,Sutter,101,95872,3775,3244,12,3256,15
2020-11-28,Tehama,103,63373,1856,1678,43,1721,9
2020-11-28,Trinity,105,12862,286,157,25,182,0
2020-11-28,Tulare,107,460477,22561,20701,1558,22259,319
2020-11-28,Tuolumne,109,53932,1175,976,7,983,7
2020-11-28,Ventura,111,848112,21716,19510,682,20192,179
2020-11-28,Yolo,113,214977,5248,4739,16,4755,80
2020-11-28,Yuba,115,75493,2200,1912,12,1924,10
2020-11-27,Alameda,001,1643700,31426,29064,364,29428,450
2020-11-27,Alpine,003,1148,51,41,0,41,0
2020-11-27,Amador,005,37829,597,498,1,499,16
2020-11-27,Butte,007,227075,4332,3894,222,4116,65
2020-11-27,Calaveras,009,45235,534,478,0,478,21
2020-11-27,Colusa,011,21464,803,694,4,698,6
2020-11-27,Contra Costa,013,1133247,25340,23463,167,23630,264
2020-11-27,Del Norte,015,27424,378,307,0,307,2
2020-11-27,El Dorado,017,186661,2939,2238,42,2280,4
2020-11-27,Fresno,019,978130,43232,37994,1490,39484,500
2020-11-27,Glenn,021,27897,1038,891,46,937,4
2020-11-27,Humboldt,023,135768,952,795,3,798,9
2020-11-27,Imperial,025,180216,16676,15960,95,16055,356
2020-11-27,Inyo,027,18085,313,289,5,294,15
2020-11-27,Kern,029,883053,42421,39707,1287,40994,473
2020-11-27,Kings,031,150075,11811,10667,172,10839,85
2020-11-27,Lake,033,64148,1034,909,0,909,18
2020-11-27,Lassen,035,31185,2254,1714,8,1722,0
2020-11-27,Los Angeles,037,10098052,410106,382740,6450,389190,7606
2020-11-27,Madera,039,155013,6686,6050,157,6207,57
2020-11-27,Marin,041,260295,7894,7660,29,7689,135
2020-11-27,Mariposa,043,17540,142,118,2,120,2
2020-11-27,Mendocino,045,87422,1569,1387,9,1396,22
2020-11-27,Merced,047,269075,12307,11550,109,11659,172
2020-11-27,Modoc,049,8938,125,100,22,122,0
2020-11-27,Mono,051,14174,549,498,9,507,3
2020-11-27,Monterey,053,433212,16150,14753,279,15032,113
2020-11-27,Napa,055,140530,3439,2988,16,3004,18
2020-11-27,Nevada,057,99092,1523,1184,36,1220,9
2020-11-27,Orange,059,3164182,83522,75151,2517,77668,1568
2020-11-27,Placer,061,380077,7810,6283,151,6434,68
2020-11-27,Plumas,063,18699,234,188,0,188,0
2020-11-27,Riverside,065,2383286,96098,85769,1980,87749,1440
2020-11-27,Sacramento,067,1510023,39299,36579,143,36722,579
2020-11-27,San Benito,069,59416,1945,1805,13,1818,15
2020-11-27,San Bernardino,071,2135413,101906,90254,1753,92007,1224
2020-11-27,San Diego,073,3302833,85680,78161,3185,81346,996
2020-11-27,San Francisco,075,870044,16013,15377,103,15480,153
2020-11-27,San Joaquin,077,732212,27542,25741,537,26278,509
2020-11-27,San Luis Obispo,079,281455,6657,6039,104,6143,36
2020-11-27,San Mateo,081,765935,15108,13872,17,13889,169
2020-11-27,Santa Barbara,083,443738,11870,11340,203,11543,140
2020-11-27,Santa Clara,085,1922200,37570,32935,94,33029,449
2020-11-27,Santa Cruz,087,273765,4943,4358,65,4423,26
2020-11-27,Shasta,089,179085,5636,4710,209,4919,43
2020-11-27,Sierra,091,2930,18,16,0,16,0
2020-11-27,Siskiyou,093,43540,684,554,31,585,1
2020-11-27,Solano,095,438530,10970,10044,70,10114,87
2020-11-27,Sonoma,097,501317,12850,11924,60,11984,162
2020-11-27,Stanislaus,099,539301,22742,21185,1466,22651,446
2020-11-27,Sutter,101,95872,3707,3101,12,3113,15
2020-11-27,Tehama,103,63373,1828,1649,39,1688,9
2020-11-27,Trinity,105,12862,282,151,25,176,0
2020-11-27,Tulare,107,460477,22373,20634,1501,22135,319
2020-11-27,Tuolumne,109,53932,1143,881,7,888,7
2020-11-27,Ventura,111,848112,21392,19379,660,20039,179
2020-11-27,Yolo,113,214977,5198,4737,16,4753,79
2020-11-27,Yuba,115,75493,2171,1864,11,1875,10
2020-11-26,Alameda,001,1643700,31013,28797,346,29143,447
2020-11-26,Alpine,003,1148,51,41,0,41,0
2020-11-26,Amador,005,37829,589,488,1,489,16
2020-11-26,Butte,007,227075,4269,3894,216,4110,65
2020-11-26,Calaveras,009,45235,507,478,0,478,21
2020-11-26,Colusa,011,21464,789,694,4,698,6
2020-11-26,Contra Costa,013,1133247,25007,23468,161,23629,264
2020-11-26,Del Norte,015,27424,367,307,0,307,2
2020-11-26,El Dorado,017,186661,2858,2217,40,2257,4
2020-11-26,Fresno,019,978130,42827,37724,1445,39169,500
2020-11-26,Glenn,021,27897,1022,892,44,936,4
2020-11-26,Humboldt,023,135768,929,795,2,797,9
2020-11-26,Imperial,025,180216,16565,15722,92,15814,355
2020-11-26,Inyo,027,18085,312,289,5,294,15
2020-11-26,Kern,029,883053,41971,39123,1227,40350,471
2020-11-26,Kings,031,150075,11756,10475,160,10635,85
2020-11-26,Lake,033,64148,1021,890,0,890,18
2020-11-26,Lassen,035,31185,2239,1714,8,1722,0
2020-11-26,Los Angeles,037,10098052,404946,378340,6214,384554,7581
2020-11-26,Madera,039,155013,6611,6003,152,6155,57
2020-11-26,Marin,041,260295,7857,7610,29,7639,135
2020-11-26,Mariposa,043,17540,137,116,2,118,2
2020-11-26,Mendocino,045,87422,1555,1387,7,1394,22
2020-11-26,Merced,047,269075,12160,11440,107,11547,172
2020-11-26,Modoc,049,8938,123,100,22,122,0
2020-11-26,Mono,051,14174,541,485,9,494,2
2020-11-26,Monterey,053,433212,15914,14750,271,15021,113
2020-11-26,Napa,055,140530,3375,2988,16,3004,18
2020-11-26,Nevada,057,99092,1478,1184,36,1220,9
2020-11-26,Orange,059,3164182,82135,74264,2457,76721,1563
2020-11-26,Placer,061,380077,7648,6278,142,6420,68
2020-11-26,Plumas,063,18699,226,188,0,188,0
2020-11-26,Riverside,065,2383286,94495,85774,1856,87630,1440
2020-11-26,Sacramento,067,1510023,38657,35854,135,35989,580
2020-11-26,San Benito,069,59416,1918,1769,13,1782,15
2020-11-26,San Bernardino,071,2135413,100252,89727,1660,91387,1223
2020-11-26,San Diego,073,3302833,84070,76359,3081,79440,996
2020-11-26,San Francisco,075,870044,15878,15156,99,15255,153
2020-11-26,San Joaquin,077,732212,27285,25738,525,26263,509
2020-11-26,San Luis Obispo,079,281455,6564,5964,101,6065,36
2020-11-26,San Mateo,081,765935,14919,13715,16,13731,169
2020-11-26,Santa Barbara,083,443738,11789,11277,202,11479,139
2020-11-26,Santa Clara,085,1922200,36924,32411,87,32498,446
2020-11-26,Santa Cruz,087,273765,4812,4269,59,4328,26
2020-11-26,Shasta,089,179085,5553,4712,198,4910,43
2020-11-26,Sierra,091,2930,18,15,0,15,0
2020-11-26,Siskiyou,093,43540,674,526,31,557,1
2020-11-26,Solano,095,438530,10827,9941,68,10009,87
2020-11-26,Sonoma,097,501317,12702,11922,58,11980,162
2020-11-26,Stanislaus,099,539301,22510,21186,1426,22612,445
2020-11-26,Sutter,101,95872,3613,3101,11,3112,15
2020-11-26,Tehama,103,63373,1785,1612,36,1648,9
2020-11-26,Trinity,105,12862,278,139,25,164,0
2020-11-26,Tulare,107,460477,22134,20649,1440,22089,319
2020-11-26,Tuolumne,109,53932,1115,871,7,878,7
2020-11-26,Ventura,111,848112,20896,19058,646,19704,179
2020-11-26,Yolo,113,214977,5112,4566,16,4582,76
2020-11-26,Yuba,115,75493,2111,1865,9,1874,10
2020-11-25,Alameda,001,1643700,30798,28378,338,28716,447
2020-11-25,Alpine,003,1148,51,41,0,41,0
2020-11-25,Amador,005,37829,579,484,1,485,16
2020-11-25,Butte,007,227075,4238,3848,213,4061,64
2020-11-25,Calaveras,009,45235,504,475,0,475,21
2020-11-25,Colusa,011,21464,772,693,4,697,6
2020-11-25,Contra Costa,013,1133247,24852,23307,160,23467,263
2020-11-25,Del Norte,015,27424,366,304,0,304,2
2020-11-25,El Dorado,017,186661,2822,2154,40,2194,4
2020-11-25,Fresno,019,978130,42594,37349,1423,38772,494
2020-11-25,Glenn,021,27897,1005,891,42,933,4
2020-11-25,Humboldt,023,135768,921,777,2,779,9
2020-11-25,Imperial,025,180216,16493,15640,91,15731,355
2020-11-25,Inyo,027,18085,310,289,5,294,15
2020-11-25,Kern,029,883053,41815,38878,1210,40088,467
2020-11-25,Kings,031,150075,11721,10417,156,10573,85
2020-11-25,Lake,033,64148,1004,878,0,878,18
2020-11-25,Lassen,035,31185,2196,1701,8,1709,0
2020-11-25,Los Angeles,037,10098052,401918,373919,6112,380031,7545
2020-11-25,Madera,039,155013,6589,5989,149,6138,57
2020-11-25,Marin,041,260295,7830,7601,28,7629,135
2020-11-25,Mariposa,043,17540,136,114,2,116,2
2020-11-25,Mendocino,045,87422,1536,1373,7,1380,22
2020-11-25,Merced,047,269075,12102,11346,107,11453,172
2020-11-25,Modoc,049,8938,123,96,22,118,0
2020-11-25,Mono,051,14174,536,487,9,496,2
2020-11-25,Monterey,053,433212,15799,14695,269,14964,113
2020-11-25,Napa,055,140530,3342,2945,16,2961,17
2020-11-25,Nevada,057,99092,1460,1170,34,1204,9
2020-11-25,Orange,059,3164182,81380,73014,2437,75451,1551
2020-11-25,Placer,061,380077,7571,6221,141,6362,68
2020-11-25,Plumas,063,18699,221,183,0,183,0
2020-11-25,Riverside,065,2383286,93952,85077,1838,86915,1438
2020-11-25,Sacramento,067,1510023,38321,35687,132,35819,574
2020-11-25,San Benito,069,59416,1895,1764,13,1777,15
2020-11-25,San Bernardino,071,2135413,99411,88469,1631,90100,1225
2020-11-25,San Diego,073,3302833,83413,75307,3045,78352,988
2020-11-25,San Francisco,075,870044,15773,15053,97,15150,153
2020-11-25,San Joaquin,077,732212,27158,25556,513,26069,515
2020-11-25,San Luis Obispo,079,281455,6521,5913,101,6014,34
2020-11-25,San Mateo,081,765935,14804,13614,16,13630,170
2020-11-25,Santa Barbara,083,443738,11739,11183,202,11385,138
2020-11-25,Santa Clara,085,1922200,36476,32032,86,32118,442
2020-11-25,Santa Cruz,087,273765,4759,4202,58,4260,25
2020-11-25,Shasta,089,179085,5507,4588,191,4779,43
2020-11-25,Sierra,091,2930,18,15,0,15,0
2020-11-25,Siskiyou,093,43540,667,499,31,530,1
2020-11-25,Solano,095,438530,10722,9832,67,9899,87
2020-11-25,Sonoma,097,501317,12639,11775,57,11832,162
2020-11-25,Stanislaus,099,539301,22378,21022,1399,22421,445
2020-11-25,Sutter,101,95872,3569,3064,11,3075,14
2020-11-25,Tehama,103,63373,1773,1587,30,1617,9
2020-11-25,Trinity,105,12862,276,135,25,160,0
2020-11-25,Tulare,107,460477,22044,20528,1410,21938,318
2020-11-25,Tuolumne,109,53932,1098,842,7,849,7
2020-11-25,Ventura,111,848112,20801,18914,640,19554,179
2020-11-25,Yolo,113,214977,5075,4527,16,4543,76
2020-11-25,Yuba,115,75493,2085,1840,9,1849,10
2020-11-24,Alameda,001,1643700,30320,28030,327,28357,444
2020-11-24,Alpine,003,1148,51,41,0,41,0
2020-11-24,Amador,005,37829,554,470,1,471,16
2020-11-24,Butte,007,227075,4152,3798,205,4003,63
2020-11-24,Calaveras,009,45235,498,466,0,466,21
2020-11-24,Colusa,011,21464,754,682,4,686,6
2020-11-24,Contra Costa,013,1133247,24500,23072,154,23226,259
2020-11-24,Del Norte,015,27424,357,298,0,298,2
2020-11-24,El Dorado,017,186661,2717,2005,39,2044,4
2020-11-24,Fresno,019,978130,42192,37021,1348,38369,493
2020-11-24,Glenn,021,27897,987,883,38,921,4
2020-11-24,Humboldt,023,135768,902,774,2,776,9
2020-11-24,Imperial,025,180216,16390,15600,86,15686,355
2020-11-24,Inyo,027,18085,309,282,5,287,15
2020-11-24,Kern,029,883053,41341,38551,1134,39685,465
2020-11-24,Kings,031,150075,11454,10338,143,10481,85
2020-11-24,Lake,033,64148,988,872,0,872,18
2020-11-24,Lassen,035,31185,2173,1657,8,1665,0
2020-11-24,Los Angeles,037,10098052,395609,370008,5880,375888,7501
2020-11-24,Madera,039,155013,6505,5881,142,6023,57
2020-11-24,Marin,041,260295,7783,7591,28,7619,135
2020-11-24,Mariposa,043,17540,126,114,1,115,2
2020-11-24,Mendocino,045,87422,1514,1346,6,1352,22
2020-11-24,Merced,047,269075,11914,11268,101,11369,171
2020-11-24,Modoc,049,8938,119,91,22,113,0
2020-11-24,Mono,051,14174,532,483,9,492,2
2020-11-24,Monterey,053,433212,15537,14354,260,14614,113
2020-11-24,Napa,055,140530,3276,2904,16,2920,17
2020-11-24,Nevada,057,99092,1396,1156,32,1188,9
2020-11-24,Orange,059,3164182,79941,71975,2360,74335,1547
2020-11-24,Placer,061,380077,7390,6147,134,6281,67
2020-11-24,Plumas,063,18699,218,180,0,180,0
2020-11-24,Riverside,065,2383286,92193,83685,1712,85397,1420
2020-11-24,Sacramento,067,1510023,37640,35097,125,35222,568
2020-11-24,San Benito,069,59416,1864,1740,12,1752,15
2020-11-24,San Bernardino,071,2135413,97071,86645,1530,88175,1226
2020-11-24,San Diego,073,3302833,82003,74363,2974,77337,984
2020-11-24,San Francisco,075,870044,15578,14874,93,14967,153
2020-11-24,San Joaquin,077,732212,26843,25318,486,25804,517
2020-11-24,San Luis Obispo,079,281455,6458,5805,100,5905,34
2020-11-24,San Mateo,081,765935,14595,13558,15,13573,170
2020-11-24,Santa Barbara,083,443738,11633,11154,201,11355,138
2020-11-24,Santa Clara,085,1922200,35688,31564,82,31646,438
2020-11-24,Santa Cruz,087,273765,4645,4132,57,4189,25
2020-11-24,Shasta,089,179085,5407,4410,172,4582,43
2020-11-24,Sierra,091,2930,18,15,0,15,0
2020-11-24,Siskiyou,093,43540,649,473,28,501,1
2020-11-24,Solano,095,438530,10551,9716,66,9782,86
2020-11-24,Sonoma,097,501317,12459,11644,54,11698,162
2020-11-24,Stanislaus,099,539301,22136,20830,1356,22186,438
2020-11-24,Sutter,101,95872,3463,2974,11,2985,14
2020-11-24,Tehama,103,63373,1724,1565,25,1590,9
2020-11-24,Trinity,105,12862,269,129,24,153,0
2020-11-24,Tulare,107,460477,21794,20319,1349,21668,315
2020-11-24,Tuolumne,109,53932,1069,832,7,839,7
2020-11-24,Ventura,111,848112,20420,18637,630,19267,179
2020-11-24,Yolo,113,214977,4990,4420,16,4436,76
2020-11-24,Yuba,115,75493,2034,1804,7,1811,10
2020-11-23,Alameda,001,1643700,29905,27718,315,28033,444
2020-11-23,Alpine,003,1148,49,41,0,41,0
2020-11-23,Amador,005,37829,513,457,1,458,16
2020-11-23,Butte,007,227075,4088,3765,199,3964,61
2020-11-23,Calaveras,009,45235,481,434,0,434,21
2020-11-23,Colusa,011,21464,740,662,4,666,6
2020-11-23,Contra Costa,013,1133247,24230,22674,149,22823,260
2020-11-23,Del Norte,015,27424,335,296,0,296,2
2020-11-23,El Dorado,017,186661,2597,2005,38,2043,4
2020-11-23,Fresno,019,978130,41744,36688,1287,37975,488
2020-11-23,Glenn,021,27897,961,853,38,891,4
2020-11-23,Humboldt,023,135768,889,746,2,748,9
2020-11-23,Imperial,025,180216,16221,15104,81,15185,355
2020-11-23,Inyo,027,18085,301,279,5,284,15
2020-11-23,Kern,029,883053,40827,38245,1071,39316,463
2020-11-23,Kings,031,150075,11034,10204,137,10341,85
2020-11-23,Lake,033,64148,965,840,0,840,18
2020-11-23,Lassen,035,31185,2093,1271,7,1278,0
2020-11-23,Los Angeles,037,10098052,389507,366374,5634,372008,7447
2020-11-23,Madera,039,155013,6379,5787,138,5925,56
2020-11-23,Marin,041,260295,7740,7543,28,7571,135
2020-11-23,Mariposa,043,17540,125,97,1,98,2
2020-11-23,Mendocino,045,87422,1484,1330,6,1336,22
2020-11-23,Merced,047,269075,11726,11148,98,11246,169
2020-11-23,Modoc,049,8938,105,91,21,112,0
2020-11-23,Mono,051,14174,519,480,9,489,2
2020-11-23,Monterey,053,433212,15258,14265,254,14519,112
2020-11-23,Napa,055,140530,3210,2811,16,2827,17
2020-11-23,Nevada,057,99092,1307,1087,32,1119,9
2020-11-23,Orange,059,3164182,78538,71074,2316,73390,1546
2020-11-23,Placer,061,380077,7188,5999,133,6132,66
2020-11-23,Plumas,063,18699,214,172,0,172,0
2020-11-23,Riverside,065,2383286,90415,82175,1648,83823,1415
2020-11-23,Sacramento,067,1510023,37070,34141,119,34260,556
2020-11-23,San Benito,069,59416,1837,1729,11,1740,15
2020-11-23,San Bernardino,071,2135413,94963,84387,1466,85853,1224
2020-11-23,San Diego,073,3302833,80540,72817,2886,75703,968
2020-11-23,San Francisco,075,870044,15420,14646,91,14737,153
2020-11-23,San Joaquin,077,732212,26494,24622,482,25104,517
2020-11-23,San Luis Obispo,079,281455,6376,5772,98,5870,34
2020-11-23,San Mateo,081,765935,14405,13364,15,13379,170
2020-11-23,Santa Barbara,083,443738,11526,10944,197,11141,137
2020-11-23,Santa Clara,085,1922200,35037,31064,79,31143,435
2020-11-23,Santa Cruz,087,273765,4535,4003,53,4056,25
2020-11-23,Shasta,089,179085,5289,4100,160,4260,43
2020-11-23,Sierra,091,2930,17,15,0,15,0
2020-11-23,Siskiyou,093,43540,622,460,28,488,0
2020-11-23,Solano,095,438530,10394,9394,63,9457,86
2020-11-23,Sonoma,097,501317,12286,11507,50,11557,160
2020-11-23,Stanislaus,099,539301,21843,20487,1323,21810,436
2020-11-23,Sutter,101,95872,3326,2840,10,2850,14
2020-11-23,Tehama,103,63373,1674,1526,21,1547,9
2020-11-23,Trinity,105,12862,260,120,22,142,0
2020-11-23,Tulare,107,460477,21500,19818,1284,21102,315
2020-11-23,Tuolumne,109,53932,1029,774,7,781,7
2020-11-23,Ventura,111,848112,20045,18480,617,19097,179
2020-11-23,Yolo,113,214977,4909,4265,15,4280,75
2020-11-23,Yuba,115,75493,1967,1702,7,1709,10
2020-11-22,Alameda,001,1643700,29469,27472,304,27776,444
2020-11-22,Alpine,003,1148,46,41,0,41,0
2020-11-22,Amador,005,37829,501,450,1,451,16
2020-11-22,Butte,007,227075,4037,3712,192,3904,61
2020-11-22,Calaveras,009,45235,473,434,0,434,21
2020-11-22,Colusa,011,21464,722,642,3,645,6
2020-11-22,Contra Costa,013,1133247,23926,22407,144,22551,260
2020-11-22,Del Norte,015,27424,311,271,0,271,2
2020-11-22,El Dorado,017,186661,2487,1917,34,1951,4
2020-11-22,Fresno,019,978130,41262,36315,1232,37547,488
2020-11-22,Glenn,021,27897,939,832,34,866,4
2020-11-22,Humboldt,023,135768,873,729,2,731,9
2020-11-22,Imperial,025,180216,16015,15109,36,15145,355
2020-11-22,Inyo,027,18085,295,279,5,284,15
2020-11-22,Kern,029,883053,40248,37904,1038,38942,463
2020-11-22,Kings,031,150075,10935,10035,128,10163,85
2020-11-22,Lake,033,64148,943,834,0,834,18
2020-11-22,Lassen,035,31185,1928,1211,6,1217,0
2020-11-22,Los Angeles,037,10098052,383226,360341,5391,365732,7438
2020-11-22,Madera,039,155013,6299,5745,127,5872,56
2020-11-22,Marin,041,260295,7705,7506,27,7533,135
2020-11-22,Mariposa,043,17540,124,95,1,96,2
2020-11-22,Mendocino,045,87422,1460,1285,5,1290,22
2020-11-22,Merced,047,269075,11577,10939,98,11037,169
2020-11-22,Modoc,049,8938,104,87,19,106,0
2020-11-22,Mono,051,14174,504,481,9,490,2
2020-11-22,Monterey,053,433212,15017,13887,249,14136,111
2020-11-22,Napa,055,140530,3129,2778,16,2794,17
2020-11-22,Nevada,057,99092,1249,1052,32,1084,9
2020-11-22,Orange,059,3164182,77126,69913,2278,72191,1546
2020-11-22,Placer,061,380077,6961,5880,123,6003,66
2020-11-22,Plumas,063,18699,201,172,0,172,0
2020-11-22,Riverside,065,2383286,88820,81565,1589,83154,1409
2020-11-22,Sacramento,067,1510023,36337,33421,106,33527,555
2020-11-22,San Benito,069,59416,1808,1704,11,1715,15
2020-11-22,San Bernardino,071,2135413,92622,83505,1396,84901,1224
2020-11-22,San Diego,073,3302833,78803,71649,2811,74460,968
2020-11-22,San Francisco,075,870044,15249,14515,90,14605,153
2020-11-22,San Joaquin,077,732212,26195,24619,470,25089,517
2020-11-22,San Luis Obispo,079,281455,6269,5664,97,5761,34
2020-11-22,San Mateo,081,765935,14200,13228,15,13243,170
2020-11-22,Santa Barbara,083,443738,11391,10946,192,11138,137
2020-11-22,Santa Clara,085,1922200,34359,30633,77,30710,434
2020-11-22,Santa Cruz,087,273765,4453,3896,46,3942,25
2020-11-22,Shasta,089,179085,5133,4100,142,4242,43
2020-11-22,Sierra,091,2930,17,13,0,13,0
2020-11-22,Siskiyou,093,43540,591,411,28,439,0
2020-11-22,Solano,095,438530,10222,9363,59,9422,86
2020-11-22,Sonoma,097,501317,12128,11415,48,11463,159
2020-11-22,Stanislaus,099,539301,21516,20223,1293,21516,436
2020-11-22,Sutter,101,95872,3209,2677,10,2687,13
2020-11-22,Tehama,103,63373,1640,1457,17,1474,9
2020-11-22,Trinity,105,12862,254,114,22,136,0
2020-11-22,Tulare,107,460477,21247,19818,1218,21036,314
2020-11-22,Tuolumne,109,53932,1003,689,7,696,7
2020-11-22,Ventura,111,848112,19684,18105,604,18709,179
2020-11-22,Yolo,113,214977,4809,4206,15,4221,75
2020-11-22,Yuba,115,75493,1914,1672,7,1679,10
2020-11-21,Alameda,001,1643700,29282,27424,302,27726,444
2020-11-21,Alpine,003,1148,46,41,0,41,0
2020-11-21,Amador,005,37829,487,450,1,451,16
2020-11-21,Butte,007,227075,3989,3664,189,3853,61
2020-11-21,Calaveras,009,45235,465,434,0,434,21
2020-11-21,Colusa,011,21464,713,642,3,645,6
2020-11-21,Contra Costa,013,1133247,23773,22338,142,22480,260
2020-11-21,Del Norte,015,27424,306,271,0,271,2
2020-11-21,El Dorado,017,186661,2438,1900,33,1933,4
2020-11-21,Fresno,019,978130,41006,35973,1198,37171,482
2020-11-21,Glenn,021,27897,934,829,32,861,4
2020-11-21,Humboldt,023,135768,863,728,2,730,9
2020-11-21,Imperial,025,180216,15938,15053,36,15089,355
2020-11-21,Inyo,027,18085,293,283,5,288,15
2020-11-21,Kern,029,883053,39992,37403,1003,38406,463
2020-11-21,Kings,031,150075,10887,10019,124,10143,85
2020-11-21,Lake,033,64148,930,832,0,832,18
2020-11-21,Lassen,035,31185,1861,1211,6,1217,0
2020-11-21,Los Angeles,037,10098052,380041,357754,5251,363005,7428
2020-11-21,Madera,039,155013,6262,5706,127,5833,56
2020-11-21,Marin,041,260295,7682,7488,26,7514,134
2020-11-21,Mariposa,043,17540,124,92,1,93,2
2020-11-21,Mendocino,045,87422,1429,1282,5,1287,22
2020-11-21,Merced,047,269075,11516,10849,97,10946,169
2020-11-21,Modoc,049,8938,100,87,18,105,0
2020-11-21,Mono,051,14174,499,469,9,478,2
2020-11-21,Monterey,053,433212,14919,13886,244,14130,110
2020-11-21,Napa,055,140530,3095,2757,16,2773,17
2020-11-21,Nevada,057,99092,1237,1018,31,1049,9
2020-11-21,Orange,059,3164182,76324,69021,2248,71269,1543
2020-11-21,Placer,061,380077,6847,5778,120,5898,65
2020-11-21,Plumas,063,18699,196,172,0,172,0
2020-11-21,Riverside,065,2383286,88044,80676,1543,82219,1407
2020-11-21,Sacramento,067,1510023,35941,33133,98,33231,548
2020-11-21,San Benito,069,59416,1789,1691,11,1702,15
2020-11-21,San Bernardino,071,2135413,91745,83206,1320,84526,1222
2020-11-21,San Diego,073,3302833,78024,70711,2756,73467,966
2020-11-21,San Francisco,075,870044,15146,14445,89,14534,153
2020-11-21,San Joaquin,077,732212,26062,24620,455,25075,517
2020-11-21,San Luis Obispo,079,281455,6216,5618,94,5712,34
2020-11-21,San Mateo,081,765935,14099,13138,15,13153,170
2020-11-21,Santa Barbara,083,443738,11339,10922,189,11111,137
2020-11-21,Santa Clara,085,1922200,33975,30377,74,30451,433
2020-11-21,Santa Cruz,087,273765,4396,3898,46,3944,25
2020-11-21,Shasta,089,179085,5060,4095,139,4234,42
2020-11-21,Sierra,091,2930,17,13,0,13,0
2020-11-21,Siskiyou,093,43540,575,403,28,431,0
2020-11-21,Solano,095,438530,10131,9290,56,9346,86
2020-11-21,Sonoma,097,501317,12053,11394,47,11441,158
2020-11-21,Stanislaus,099,539301,21372,20111,1269,21380,435
2020-11-21,Sutter,101,95872,3149,2615,9,2624,13
2020-11-21,Tehama,103,63373,1620,1435,16,1451,9
2020-11-21,Trinity,105,12862,251,110,22,132,0
2020-11-21,Tulare,107,460477,21121,19752,1184,20936,313
2020-11-21,Tuolumne,109,53932,984,690,7,697,7
2020-11-21,Ventura,111,848112,19521,18040,594,18634,177
2020-11-21,Yolo,113,214977,4735,4147,14,4161,75
2020-11-21,Yuba,115,75493,1882,1643,7,1650,10
2020-11-20,Alameda,001,1643700,29068,27221,295,27516,444
2020-11-20,Alpine,003,1148,46,20,0,20,0
2020-11-20,Amador,005,37829,483,446,1,447,16
2020-11-20,Butte,007,227075,3957,3618,185,3803,60
2020-11-20,Calaveras,009,45235,455,424,0,424,21
2020-11-20,Colusa,011,21464,705,631,2,633,6
2020-11-20,Contra Costa,013,1133247,23586,22116,138,22254,260
2020-11-20,Del Norte,015,27424,302,264,0,264,2
2020-11-20,El Dorado,017,186661,2342,1868,31,1899,4
2020-11-20,Fresno,019,978130,40712,35635,1169,36804,480
2020-11-20,Glenn,021,27897,922,826,30,856,4
2020-11-20,Humboldt,023,135768,854,714,1,715,9
2020-11-20,Imperial,025,180216,15876,14864,32,14896,353
2020-11-20,Inyo,027,18085,291,262,5,267,15
2020-11-20,Kern,029,883053,39698,37143,978,38121,462
2020-11-20,Kings,031,150075,10839,9903,123,10026,85
2020-11-20,Lake,033,64148,921,820,0,820,18
2020-11-20,Lassen,035,31185,1776,1212,5,1217,0
2020-11-20,Los Angeles,037,10098052,376145,353554,5089,358643,7398
2020-11-20,Madera,039,155013,6168,5635,126,5761,54
2020-11-20,Marin,041,260295,7658,7467,25,7492,134
2020-11-20,Mariposa,043,17540,116,89,1,90,2
2020-11-20,Mendocino,045,87422,1409,1269,5,1274,22
2020-11-20,Merced,047,269075,11430,10729,97,10826,167
2020-11-20,Modoc,049,8938,100,83,18,101,0
2020-11-20,Mono,051,14174,497,469,9,478,2
2020-11-20,Monterey,053,433212,14794,13738,235,13973,110
2020-11-20,Napa,055,140530,3065,2718,16,2734,17
2020-11-20,Nevada,057,99092,1219,990,30,1020,9
2020-11-20,Orange,059,3164182,75488,68212,2211,70423,1532
2020-11-20,Placer,061,380077,6712,5687,105,5792,66
2020-11-20,Plumas,063,18699,194,163,0,163,0
2020-11-20,Riverside,065,2383286,87033,79613,1483,81096,1405
2020-11-20,Sacramento,067,1510023,35565,32832,91,32923,549
2020-11-20,San Benito,069,59416,1777,1668,11,1679,15
2020-11-20,San Bernardino,071,2135413,90376,81203,1238,82441,1220
2020-11-20,San Diego,073,3302833,77026,69233,2674,71907,960
2020-11-20,San Francisco,075,870044,15043,14327,88,14415,153
2020-11-20,San Joaquin,077,732212,25908,24460,442,24902,515
2020-11-20,San Luis Obispo,079,281455,6161,5524,91,5615,34
2020-11-20,San Mateo,081,765935,13966,12980,14,12994,169
2020-11-20,Santa Barbara,083,443738,11283,10825,183,11008,136
2020-11-20,Santa Clara,085,1922200,33554,30002,69,30071,431
2020-11-20,Santa Cruz,087,273765,4330,3815,46,3861,25
2020-11-20,Shasta,089,179085,4987,3861,134,3995,42
2020-11-20,Sierra,091,2930,17,12,0,12,0
2020-11-20,Siskiyou,093,43540,561,387,27,414,0
2020-11-20,Solano,095,438530,10039,9216,54,9270,85
2020-11-20,Sonoma,097,501317,11969,11316,46,11362,158
2020-11-20,Stanislaus,099,539301,21217,19889,1243,21132,433
2020-11-20,Sutter,101,95872,3099,2580,9,2589,13
2020-11-20,Tehama,103,63373,1604,1410,13,1423,9
2020-11-20,Trinity,105,12862,250,102,22,124,0
2020-11-20,Tulare,107,460477,20988,19568,1146,20714,311
2020-11-20,Tuolumne,109,53932,945,662,7,669,7
2020-11-20,Ventura,111,848112,19353,17741,567,18308,175
2020-11-20,Yolo,113,214977,4657,4081,13,4094,74
2020-11-20,Yuba,115,75493,1854,1611,7,1618,10
2020-11-19,Alameda,001,1643700,28723,26971,287,27258,441
2020-11-19,Alpine,003,1148,43,20,0,20,0
2020-11-19,Amador,005,37829,479,436,1,437,16
2020-11-19,Butte,007,227075,3908,3576,178,3754,60
2020-11-19,Calaveras,009,45235,444,417,0,417,21
2020-11-19,Colusa,011,21464,687,621,2,623,6
2020-11-19,Contra Costa,013,1133247,23314,21886,135,22021,259
2020-11-19,Del Norte,015,27424,294,251,0,251,2
2020-11-19,El Dorado,017,186661,2268,1825,27,1852,4
2020-11-19,Fresno,019,978130,40262,35278,1113,36391,478
2020-11-19,Glenn,021,27897,900,806,29,835,4
2020-11-19,Humboldt,023,135768,834,693,1,694,9
2020-11-19,Imperial,025,180216,15667,14507,32,14539,349
2020-11-19,Inyo,027,18085,289,262,5,267,15
2020-11-19,Kern,029,883053,39278,36779,936,37715,459
2020-11-19,Kings,031,150075,10691,9763,116,9879,85
2020-11-19,Lake,033,64148,907,809,0,809,18
2020-11-19,Lassen,035,31185,1659,1201,3,1204,0
2020-11-19,Los Angeles,037,10098052,371118,349493,4925,354418,7365
2020-11-19,Madera,039,155013,6097,5540,118,5658,54
2020-11-19,Marin,041,260295,7627,7451,25,7476,134
2020-11-19,Mariposa,043,17540,109,88,0,88,2
2020-11-19,Mendocino,045,87422,1388,1237,5,1242,23
2020-11-19,Merced,047,269075,11289,10634,91,10725,167
2020-11-19,Modoc,049,8938,97,82,18,100,0
2020-11-19,Mono,051,14174,489,468,9,477,2
2020-11-19,Monterey,053,433212,14580,13369,224,13593,108
2020-11-19,Napa,055,140530,3011,2641,16,2657,17
2020-11-19,Nevada,057,99092,1178,945,29,974,9
2020-11-19,Orange,059,3164182,74224,66998,2168,69166,1530
2020-11-19,Placer,061,380077,6521,5612,104,5716,65
2020-11-19,Plumas,063,18699,189,158,0,158,0
2020-11-19,Riverside,065,2383286,85550,78535,1412,79947,1402
2020-11-19,Sacramento,067,1510023,35051,32367,89,32456,546
2020-11-19,San Benito,069,59416,1754,1643,11,1654,15
2020-11-19,San Bernardino,071,2135413,88478,79244,1160,80404,1215
2020-11-19,San Diego,073,3302833,75776,68142,2570,70712,952
2020-11-19,San Francisco,075,870044,14886,14178,82,14260,153
2020-11-19,San Joaquin,077,732212,25589,24270,432,24702,516
2020-11-19,San Luis Obispo,079,281455,6084,5410,87,5497,34
2020-11-19,San Mateo,081,765935,13828,12714,14,12728,169
2020-11-19,Santa Barbara,083,443738,11203,10741,180,10921,136
2020-11-19,Santa Clara,085,1922200,32997,29630,68,29698,424
2020-11-19,Santa Cruz,087,273765,4240,3679,44,3723,25
2020-11-19,Shasta,089,179085,4849,3685,124,3809,42
2020-11-19,Sierra,091,2930,17,11,0,11,0
2020-11-19,Siskiyou,093,43540,536,360,26,386,0
2020-11-19,Solano,095,438530,9902,9093,50,9143,84
2020-11-19,Sonoma,097,501317,11799,11205,44,11249,156
2020-11-19,Stanislaus,099,539301,20976,19736,1201,20937,433
2020-11-19,Sutter,101,95872,3000,2509,9,2518,13
2020-11-19,Tehama,103,63373,1570,1373,10,1383,9
2020-11-19,Trinity,105,12862,244,97,22,119,0
2020-11-19,Tulare,107,460477,20766,19384,1083,20467,304
2020-11-19,Tuolumne,109,53932,913,602,7,609,7
2020-11-19,Ventura,111,848112,19000,17300,554,17854,174
2020-11-19,Yolo,113,214977,4563,3973,13,3986,72
2020-11-19,Yuba,115,75493,1814,1568,7,1575,10
2020-11-18,Alameda,001,1643700,28459,26610,282,26892,440
2020-11-18,Alpine,003,1148,42,16,0,16,0
2020-11-18,Amador,005,37829,474,430,1,431,16
2020-11-18,Butte,007,227075,3855,3537,165,3702,59
2020-11-18,Calaveras,009,45235,438,409,0,409,21
2020-11-18,Colusa,011,21464,674,611,2,613,6
2020-11-18,Contra Costa,013,1133247,23049,21685,132,21817,258
2020-11-18,Del Norte,015,27424,281,240,0,240,2
2020-11-18,El Dorado,017,186661,2180,1799,26,1825,4
2020-11-18,Fresno,019,978130,39823,34997,1064,36061,474
2020-11-18,Glenn,021,27897,883,803,27,830,4
2020-11-18,Humboldt,023,135768,820,690,1,691,9
2020-11-18,Imperial,025,180216,15444,14428,32,14460,348
2020-11-18,Inyo,027,18085,287,262,5,267,15
2020-11-18,Kern,029,883053,38889,36537,887,37424,456
2020-11-18,Kings,031,150075,10543,9696,113,9809,85
2020-11-18,Lake,033,64148,894,802,0,802,18
2020-11-18,Lassen,035,31185,1559,1124,3,1127,0
2020-11-18,Los Angeles,037,10098052,366243,344675,4745,349420,7338
2020-11-18,Madera,039,155013,6010,5519,106,5625,54
2020-11-18,Marin,041,260295,7603,7435,25,7460,134
2020-11-18,Mariposa,043,17540,106,88,0,88,2
2020-11-18,Mendocino,045,87422,1368,1237,5,1242,23
2020-11-18,Merced,047,269075,11173,10536,90,10626,166
2020-11-18,Modoc,049,8938,94,77,18,95,0
2020-11-18,Mono,051,14174,484,468,9,477,2
2020-11-18,Monterey,053,433212,14385,13340,210,13550,108
2020-11-18,Napa,055,140530,2965,2607,16,2623,17
2020-11-18,Nevada,057,99092,1138,933,27,960,9
2020-11-18,Orange,059,3164182,73130,66381,2143,68524,1521
2020-11-18,Placer,061,380077,6343,5543,99,5642,64
2020-11-18,Plumas,063,18699,184,143,0,143,0
2020-11-18,Riverside,065,2383286,84086,77739,1311,79050,1387
2020-11-18,Sacramento,067,1510023,34426,31816,81,31897,541
2020-11-18,San Benito,069,59416,1729,1632,10,1642,15
2020-11-18,San Bernardino,071,2135413,86719,77400,1081,78481,1206
2020-11-18,San Diego,073,3302833,74482,67243,2510,69753,945
2020-11-18,San Francisco,075,870044,14742,14057,80,14137,153
2020-11-18,San Joaquin,077,732212,25326,24146,418,24564,517
2020-11-18,San Luis Obispo,079,281455,6008,5322,86,5408,34
2020-11-18,San Mateo,081,765935,13675,12631,13,12644,169
2020-11-18,Santa Barbara,083,443738,11124,10684,173,10857,136
2020-11-18,Santa Clara,085,1922200,32531,29285,64,29349,421
2020-11-18,Santa Cruz,087,273765,4150,3618,42,3660,25
2020-11-18,Shasta,089,179085,4715,3547,120,3667,42
2020-11-18,Sierra,091,2930,17,11,0,11,0
2020-11-18,Siskiyou,093,43540,504,351,25,376,0
2020-11-18,Solano,095,438530,9770,8994,48,9042,84
2020-11-18,Sonoma,097,501317,11692,11129,41,11170,155
2020-11-18,Stanislaus,099,539301,20734,19609,1177,20786,431
2020-11-18,Sutter,101,95872,2882,2442,9,2451,13
2020-11-18,Tehama,103,63373,1531,1338,10,1348,8
2020-11-18,Trinity,105,12862,230,95,21,116,0
2020-11-18,Tulare,107,460477,20555,19286,1032,20318,306
2020-11-18,Tuolumne,109,53932,878,590,7,597,7
2020-11-18,Ventura,111,848112,18675,17169,539,17708,173
2020-11-18,Yolo,113,214977,4489,3929,13,3942,71
2020-11-18,Yuba,115,75493,1760,1540,7,1547,10
2020-11-17,Alameda,001,1643700,28133,26425,272,26697,439
2020-11-17,Alpine,003,1148,40,12,0,12,0
2020-11-17,Amador,005,37829,463,423,1,424,16
2020-11-17,Butte,007,227075,3813,3500,155,3655,59
2020-11-17,Calaveras,009,45235,421,405,0,405,21
2020-11-17,Colusa,011,21464,663,606,1,607,6
2020-11-17,Contra Costa,013,1133247,22777,21557,127,21684,256
2020-11-17,Del Norte,015,27424,275,233,0,233,2
2020-11-17,El Dorado,017,186661,2121,1758,26,1784,4
2020-11-17,Fresno,019,978130,39225,34765,1005,35770,472
2020-11-17,Glenn,021,27897,872,795,26,821,4
2020-11-17,Humboldt,023,135768,798,685,1,686,9
2020-11-17,Imperial,025,180216,15207,14204,30,14234,346
2020-11-17,Inyo,027,18085,286,263,5,268,15
2020-11-17,Kern,029,883053,38440,36164,834,36998,455
2020-11-17,Kings,031,150075,10470,9653,106,9759,85
2020-11-17,Lake,033,64148,874,792,0,792,18
2020-11-17,Lassen,035,31185,1480,1124,3,1127,0
2020-11-17,Los Angeles,037,10098052,361291,340933,4587,345520,7302
2020-11-17,Madera,039,155013,5921,5485,99,5584,54
2020-11-17,Marin,041,260295,7571,7404,24,7428,134
2020-11-17,Mariposa,043,17540,103,87,0,87,2
2020-11-17,Mendocino,045,87422,1347,1216,5,1221,23
2020-11-17,Merced,047,269075,11029,10457,84,10541,162
2020-11-17,Modoc,049,8938,88,71,17,88,0
2020-11-17,Mono,051,14174,479,459,9,468,2
2020-11-17,Monterey,053,433212,14156,13220,200,13420,108
2020-11-17,Napa,055,140530,2911,2568,16,2584,17
2020-11-17,Nevada,057,99092,1097,918,26,944,9
2020-11-17,Orange,059,3164182,71979,65757,2116,67873,1519
2020-11-17,Placer,061,380077,6181,5435,93,5528,63
2020-11-17,Plumas,063,18699,176,142,0,142,0
2020-11-17,Riverside,065,2383286,82700,77079,1220,78299,1379
2020-11-17,Sacramento,067,1510023,33827,31341,77,31418,538
2020-11-17,San Benito,069,59416,1713,1611,4,1615,15
2020-11-17,San Bernardino,071,2135413,84909,76134,992,77126,1188
2020-11-17,San Diego,073,3302833,73229,66321,2454,68775,933
2020-11-17,San Francisco,075,870044,14576,13952,79,14031,153
2020-11-17,San Joaquin,077,732212,25053,23997,398,24395,516
2020-11-17,San Luis Obispo,079,281455,5912,5235,86,5321,34
2020-11-17,San Mateo,081,765935,13514,12491,12,12503,169
2020-11-17,Santa Barbara,083,443738,11039,10597,168,10765,136
2020-11-17,Santa Clara,085,1922200,31984,29013,63,29076,419
2020-11-17,Santa Cruz,087,273765,4064,3548,39,3587,25
2020-11-17,Shasta,089,179085,4557,3457,108,3565,40
2020-11-17,Sierra,091,2930,15,11,0,11,0
2020-11-17,Siskiyou,093,43540,456,333,24,357,0
2020-11-17,Solano,095,438530,9625,8905,47,8952,84
2020-11-17,Sonoma,097,501317,11558,11084,40,11124,155
2020-11-17,Stanislaus,099,539301,20510,19466,1150,20616,425
2020-11-17,Sutter,101,95872,2799,2370,8,2378,12
2020-11-17,Tehama,103,63373,1481,1290,10,1300,7
2020-11-17,Trinity,105,12862,213,83,21,104,0
2020-11-17,Tulare,107,460477,20325,19176,971,20147,305
2020-11-17,Tuolumne,109,53932,840,568,7,575,7
2020-11-17,Ventura,111,848112,18403,16797,521,17318,173
2020-11-17,Yolo,113,214977,4313,3887,12,3899,70
2020-11-17,Yuba,115,75493,1712,1519,7,1526,10
2020-11-16,Alameda,001,1643700,27786,26063,267,26330,436
2020-11-16,Alpine,003,1148,37,12,0,12,0
2020-11-16,Amador,005,37829,455,414,1,415,16
2020-11-16,Butte,007,227075,3774,3490,147,3637,58
2020-11-16,Calaveras,009,45235,413,402,0,402,21
2020-11-16,Colusa,011,21464,654,601,1,602,6
2020-11-16,Contra Costa,013,1133247,22509,21386,122,21508,256
2020-11-16,Del Norte,015,27424,268,225,0,225,2
2020-11-16,El Dorado,017,186661,2061,1694,24,1718,4
2020-11-16,Fresno,019,978130,38736,34593,953,35546,471
2020-11-16,Glenn,021,27897,860,786,25,811,4
2020-11-16,Humboldt,023,135768,782,660,1,661,9
2020-11-16,Imperial,025,180216,14959,14111,30,14141,346
2020-11-16,Inyo,027,18085,283,263,5,268,15
2020-11-16,Kern,029,883053,38046,36049,792,36841,455
2020-11-16,Kings,031,150075,10203,9569,102,9671,85
2020-11-16,Lake,033,64148,862,784,0,784,18
2020-11-16,Lassen,035,31185,1299,1124,3,1127,0
2020-11-16,Los Angeles,037,10098052,356537,338778,4418,343196,7277
2020-11-16,Madera,039,155013,5834,5433,93,5526,54
2020-11-16,Marin,041,260295,7541,7359,24,7383,134
2020-11-16,Mariposa,043,17540,100,86,0,86,2
2020-11-16,Mendocino,045,87422,1322,1209,5,1214,23
2020-11-16,Merced,047,269075,10891,10399,81,10480,162
2020-11-16,Modoc,049,8938,86,71,17,88,0
2020-11-16,Mono,051,14174,477,453,9,462,2
2020-11-16,Monterey,053,433212,13910,13089,190,13279,107
2020-11-16,Napa,055,140530,2835,2536,16,2552,17
2020-11-16,Nevada,057,99092,1054,889,24,913,9
2020-11-16,Orange,059,3164182,70883,65396,2102,67498,1519
2020-11-16,Placer,061,380077,6062,5387,85,5472,63
2020-11-16,Plumas,063,18699,169,127,0,127,0
2020-11-16,Riverside,065,2383286,81327,76449,1156,77605,1379
2020-11-16,Sacramento,067,1510023,33189,30954,70,31024,534
2020-11-16,San Benito,069,59416,1695,1603,3,1606,15
2020-11-16,San Bernardino,071,2135413,83083,74401,926,75327,1186
2020-11-16,San Diego,073,3302833,71918,65603,2382,67985,926
2020-11-16,San Francisco,075,870044,14417,13847,76,13923,153
2020-11-16,San Joaquin,077,732212,24765,23515,388,23903,513
2020-11-16,San Luis Obispo,079,281455,5809,5161,82,5243,34
2020-11-16,San Mateo,081,765935,13354,12398,12,12410,169
2020-11-16,Santa Barbara,083,443738,10974,10565,164,10729,135
2020-11-16,Santa Clara,085,1922200,31419,28673,62,28735,419
2020-11-16,Santa Cruz,087,273765,3991,3520,39,3559,25
2020-11-16,Shasta,089,179085,4409,3284,103,3387,37
2020-11-16,Sierra,091,2930,15,11,0,11,0
2020-11-16,Siskiyou,093,43540,429,294,24,318,0
2020-11-16,Solano,095,438530,9426,8827,47,8874,84
2020-11-16,Sonoma,097,501317,11467,10961,39,11000,155
2020-11-16,Stanislaus,099,539301,20274,19333,1123,20456,425
2020-11-16,Sutter,101,95872,2693,2322,8,2330,12
2020-11-16,Tehama,103,63373,1435,1261,7,1268,7
2020-11-16,Trinity,105,12862,201,67,21,88,0
2020-11-16,Tulare,107,460477,20146,18891,918,19809,305
2020-11-16,Tuolumne,109,53932,804,543,7,550,7
2020-11-16,Ventura,111,848112,18065,16691,513,17204,172
2020-11-16,Yolo,113,214977,4218,3858,12,3870,70
2020-11-16,Yuba,115,75493,1676,1500,6,1506,10
2020-11-15,Alameda,001,1643700,27468,25879,262,26141,436
2020-11-15,Alpine,003,1148,35,12,0,12,0
2020-11-15,Amador,005,37829,443,409,1,410,16
2020-11-15,Butte,007,227075,3720,3452,138,3590,58
2020-11-15,Calaveras,009,45235,398,386,0,386,21
2020-11-15,Colusa,011,21464,645,601,1,602,6
2020-11-15,Contra Costa,013,1133247,22209,21179,121,21300,256
2020-11-15,Del Norte,015,27424,254,224,0,224,2
2020-11-15,El Dorado,017,186661,1999,1683,23,1706,4
2020-11-15,Fresno,019,978130,38223,34297,915,35212,471
2020-11-15,Glenn,021,27897,848,783,24,807,4
2020-11-15,Humboldt,023,135768,754,653,1,654,9
2020-11-15,Imperial,025,180216,14722,13940,30,13970,346
2020-11-15,Inyo,027,18085,273,263,5,268,15
2020-11-15,Kern,029,883053,37640,35911,757,36668,455
2020-11-15,Kings,031,150075,10010,9533,99,9632,85
2020-11-15,Lake,033,64148,853,777,0,777,17
2020-11-15,Lassen,035,31185,1252,1124,3,1127,0
2020-11-15,Los Angeles,037,10098052,351490,336035,4250,340285,7271
2020-11-15,Madera,039,155013,5737,5391,87,5478,54
2020-11-15,Marin,041,260295,7515,7347,24,7371,133
2020-11-15,Mariposa,043,17540,97,86,0,86,2
2020-11-15,Mendocino,045,87422,1303,1197,5,1202,22
2020-11-15,Merced,047,269075,10758,10350,81,10431,162
2020-11-15,Modoc,049,8938,85,68,17,85,0
2020-11-15,Mono,051,14174,475,453,9,462,2
2020-11-15,Monterey,053,433212,13714,12999,177,13176,107
2020-11-15,Napa,055,140530,2776,2509,14,2523,17
2020-11-15,Nevada,057,99092,999,859,24,883,9
2020-11-15,Orange,059,3164182,69839,65008,2086,67094,1519
2020-11-15,Placer,061,380077,5907,5330,77,5407,63
2020-11-15,Plumas,063,18699,163,127,0,127,0
2020-11-15,Riverside,065,2383286,80006,75531,1098,76629,1374
2020-11-15,Sacramento,067,1510023,32563,30601,65,30666,534
2020-11-15,San Benito,069,59416,1670,1589,2,1591,15
2020-11-15,San Bernardino,071,2135413,80934,73769,851,74620,1185
2020-11-15,San Diego,073,3302833,70417,64770,2325,67095,926
2020-11-15,San Francisco,075,870044,14242,13757,75,13832,153
2020-11-15,San Joaquin,077,732212,24556,23516,373,23889,513
2020-11-15,San Luis Obispo,079,281455,5688,5120,80,5200,34
2020-11-15,San Mateo,081,765935,13177,12348,12,12360,169
2020-11-15,Santa Barbara,083,443738,10879,10516,162,10678,135
2020-11-15,Santa Clara,085,1922200,30965,28289,61,28350,418
2020-11-15,Santa Cruz,087,273765,3852,3439,38,3477,25
2020-11-15,Shasta,089,179085,4236,3290,94,3384,37
2020-11-15,Sierra,091,2930,15,11,0,11,0
2020-11-15,Siskiyou,093,43540,410,294,24,318,0
2020-11-15,Solano,095,438530,9265,8713,44,8757,84
2020-11-15,Sonoma,097,501317,11349,10833,38,10871,154
2020-11-15,Stanislaus,099,539301,20002,19228,1098,20326,425
2020-11-15,Sutter,101,95872,2603,2230,8,2238,12
2020-11-15,Tehama,103,63373,1384,1222,6,1228,7
2020-11-15,Trinity,105,12862,191,67,19,86,0
2020-11-15,Tulare,107,460477,19929,18891,866,19757,305
2020-11-15,Tuolumne,109,53932,762,486,7,493,7
2020-11-15,Ventura,111,848112,17791,16564,505,17069,172
2020-11-15,Yolo,113,214977,4115,3819,12,3831,67
2020-11-15,Yuba,115,75493,1635,1470,5,1475,10
2020-11-14,Alameda,001,1643700,27201,25714,260,25974,435
2020-11-14,Alpine,003,1148,35,12,0,12,0
2020-11-14,Amador,005,37829,434,404,0,404,16
2020-11-14,Butte,007,227075,3684,3434,124,3558,58
2020-11-14,Calaveras,009,45235,397,386,0,386,21
2020-11-14,Colusa,011,21464,633,601,1,602,6
2020-11-14,Contra Costa,013,1133247,22070,20975,114,21089,256
2020-11-14,Del Norte,015,27424,247,219,0,219,2
2020-11-14,El Dorado,017,186661,1955,1648,23,1671,4
2020-11-14,Fresno,019,978130,37973,33969,879,34848,471
2020-11-14,Glenn,021,27897,839,772,21,793,3
2020-11-14,Humboldt,023,135768,739,643,1,644,9
2020-11-14,Imperial,025,180216,14629,13932,29,13961,346
2020-11-14,Inyo,027,18085,272,263,5,268,15
2020-11-14,Kern,029,883053,37430,35626,738,36364,454
2020-11-14,Kings,031,150075,9975,9490,96,9586,85
2020-11-14,Lake,033,64148,844,773,0,773,17
2020-11-14,Lassen,035,31185,1238,833,3,836,0
2020-11-14,Los Angeles,037,10098052,348784,333021,4141,337162,7269
2020-11-14,Madera,039,155013,5707,5371,85,5456,54
2020-11-14,Marin,041,260295,7499,7325,24,7349,133
2020-11-14,Mariposa,043,17540,96,86,0,86,2
2020-11-14,Mendocino,045,87422,1287,1181,5,1186,22
2020-11-14,Merced,047,269075,10702,10286,79,10365,161
2020-11-14,Modoc,049,8938,84,64,16,80,0
2020-11-14,Mono,051,14174,475,453,9,462,2
2020-11-14,Monterey,053,433212,13618,12854,167,13021,105
2020-11-14,Napa,055,140530,2742,2473,14,2487,17
2020-11-14,Nevada,057,99092,983,835,24,859,9
2020-11-14,Orange,059,3164182,69218,64340,2075,66415,1517
2020-11-14,Placer,061,380077,5831,5215,71,5286,63
2020-11-14,Plumas,063,18699,158,128,0,128,0
2020-11-14,Riverside,065,2383286,79266,74910,1059,75969,1373
2020-11-14,Sacramento,067,1510023,32237,30298,65,30363,532
2020-11-14,San Benito,069,59416,1655,1573,2,1575,15
2020-11-14,San Bernardino,071,2135413,80000,72868,820,73688,1184
2020-11-14,San Diego,073,3302833,69652,63715,2273,65988,926
2020-11-14,San Francisco,075,870044,14154,13661,74,13735,153
2020-11-14,San Joaquin,077,732212,24464,23516,366,23882,511
2020-11-14,San Luis Obispo,079,281455,5625,5073,75,5148,34
2020-11-14,San Mateo,081,765935,13069,12293,12,12305,169
2020-11-14,Santa Barbara,083,443738,10825,10482,160,10642,135
2020-11-14,Santa Clara,085,1922200,30679,27962,59,28021,416
2020-11-14,Santa Cruz,087,273765,3797,3402,38,3440,25
2020-11-14,Shasta,089,179085,4155,3195,92,3287,37
2020-11-14,Sierra,091,2930,15,11,0,11,0
2020-11-14,Siskiyou,093,43540,397,292,24,316,0
2020-11-14,Solano,095,438530,9186,8655,44,8699,84
2020-11-14,Sonoma,097,501317,11296,10769,38,10807,154
2020-11-14,Stanislaus,099,539301,19859,19068,1076,20144,424
2020-11-14,Sutter,101,95872,2558,2182,8,2190,12
2020-11-14,Tehama,103,63373,1363,1206,5,1211,7
2020-11-14,Trinity,105,12862,186,67,19,86,0
2020-11-14,Tulare,107,460477,19835,18853,838,19691,305
2020-11-14,Tuolumne,109,53932,734,448,7,455,7
2020-11-14,Ventura,111,848112,17645,16297,494,16791,172
2020-11-14,Yolo,113,214977,4072,3765,10,3775,65
2020-11-14,Yuba,115,75493,1606,1453,5,1458,10
2020-11-13,Alameda,001,1643700,26985,25515,255,25770,434
2020-11-13,Alpine,003,1148,35,12,0,12,0
2020-11-13,Amador,005,37829,431,397,0,397,16
2020-11-13,Butte,007,227075,3660,3402,115,3517,58
2020-11-13,Calaveras,009,45235,393,378,0,378,21
2020-11-13,Colusa,011,21464,625,598,1,599,6
2020-11-13,Contra Costa,013,1133247,21897,20799,114,20913,256
2020-11-13,Del Norte,015,27424,244,208,0,208,2
2020-11-13,El Dorado,017,186661,1910,1611,22,1633,4
2020-11-13,Fresno,019,978130,37727,33693,865,34558,470
2020-11-13,Glenn,021,27897,825,755,17,772,3
2020-11-13,Humboldt,023,135768,724,638,1,639,9
2020-11-13,Imperial,025,180216,14559,13790,28,13818,341
2020-11-13,Inyo,027,18085,271,262,5,267,15
2020-11-13,Kern,029,883053,37228,35431,721,36152,453
2020-11-13,Kings,031,150075,9916,9428,95,9523,85
2020-11-13,Lake,033,64148,838,770,0,770,17
2020-11-13,Lassen,035,31185,1229,832,3,835,0
2020-11-13,Los Angeles,037,10098052,345656,329364,4037,333401,7248
2020-11-13,Madera,039,155013,5667,5340,84,5424,54
2020-11-13,Marin,041,260295,7486,7307,23,7330,133
2020-11-13,Mariposa,043,17540,94,86,0,86,2
2020-11-13,Mendocino,045,87422,1275,1173,5,1178,22
2020-11-13,Merced,047,269075,10646,10185,76,10261,159
2020-11-13,Modoc,049,8938,84,63,14,77,0
2020-11-13,Mono,051,14174,475,448,8,456,2
2020-11-13,Monterey,053,433212,13423,12681,155,12836,104
2020-11-13,Napa,055,140530,2703,2440,14,2454,17
2020-11-13,Nevada,057,99092,964,798,24,822,9
2020-11-13,Orange,059,3164182,68619,63804,2055,65859,1514
2020-11-13,Placer,061,380077,5726,5122,65,5187,63
2020-11-13,Plumas,063,18699,152,125,0,125,0
2020-11-13,Riverside,065,2383286,78528,74138,1030,75168,1372
2020-11-13,Sacramento,067,1510023,31919,29787,60,29847,524
2020-11-13,San Benito,069,59416,1643,1553,1,1554,15
2020-11-13,San Bernardino,071,2135413,78951,71895,799,72694,1184
2020-11-13,San Diego,073,3302833,68805,62978,2235,65213,921
2020-11-13,San Francisco,075,870044,14061,13516,72,13588,146
2020-11-13,San Joaquin,077,732212,24369,23314,360,23674,510
2020-11-13,San Luis Obispo,079,281455,5558,4960,72,5032,34
2020-11-13,San Mateo,081,765935,12976,12182,12,12194,169
2020-11-13,Santa Barbara,083,443738,10773,10405,158,10563,134
2020-11-13,Santa Clara,085,1922200,30351,27609,57,27666,415
2020-11-13,Santa Cruz,087,273765,3723,3343,38,3381,25
2020-11-13,Shasta,089,179085,4071,2983,88,3071,37
2020-11-13,Sierra,091,2930,15,11,0,11,0
2020-11-13,Siskiyou,093,43540,392,280,23,303,0
2020-11-13,Solano,095,438530,9095,8525,44,8569,84
2020-11-13,Sonoma,097,501317,11235,10685,36,10721,151
2020-11-13,Stanislaus,099,539301,19734,18936,1049,19985,422
2020-11-13,Sutter,101,95872,2512,2121,7,2128,12
2020-11-13,Tehama,103,63373,1336,1167,5,1172,7
2020-11-13,Trinity,105,12862,184,64,19,83,0
2020-11-13,Tulare,107,460477,19711,18714,798,19512,305
2020-11-13,Tuolumne,109,53932,701,427,7,434,7
2020-11-13,Ventura,111,848112,17499,16172,480,16652,171
2020-11-13,Yolo,113,214977,4021,3716,10,3726,65
2020-11-13,Yuba,115,75493,1579,1435,5,1440,10
2020-11-12,Alameda,001,1643700,26718,25345,255,25600,432
2020-11-12,Alpine,003,1148,34,12,0,12,0
2020-11-12,Amador,005,37829,430,392,0,392,16
2020-11-12,Butte,007,227075,3611,3347,112,3459,58
2020-11-12,Calaveras,009,45235,388,373,0,373,21
2020-11-12,Colusa,011,21464,620,591,1,592,6
2020-11-12,Contra Costa,013,1133247,21690,20619,112,20731,255
2020-11-12,Del Norte,015,27424,237,203,0,203,2
2020-11-12,El Dorado,017,186661,1864,1573,18,1591,4
2020-11-12,Fresno,019,978130,37377,33459,824,34283,468
2020-11-12,Glenn,021,27897,806,727,17,744,3
2020-11-12,Humboldt,023,135768,711,625,1,626,9
2020-11-12,Imperial,025,180216,14394,13619,28,13647,341
2020-11-12,Inyo,027,18085,270,255,5,260,15
2020-11-12,Kern,029,883053,36964,35207,707,35914,451
2020-11-12,Kings,031,150075,9849,9335,94,9429,85
2020-11-12,Lake,033,64148,829,764,0,764,17
2020-11-12,Lassen,035,31185,1160,832,2,834,0
2020-11-12,Los Angeles,037,10098052,341913,327001,3938,330939,7223
2020-11-12,Madera,039,155013,5632,5273,80,5353,54
2020-11-12,Marin,041,260295,7457,7268,23,7291,133
2020-11-12,Mariposa,043,17540,92,84,0,84,2
2020-11-12,Mendocino,045,87422,1256,1142,5,1147,22
2020-11-12,Merced,047,269075,10532,10107,73,10180,158
2020-11-12,Modoc,049,8938,84,63,14,77,0
2020-11-12,Mono,051,14174,474,442,8,450,2
2020-11-12,Monterey,053,433212,13302,12489,141,12630,100
2020-11-12,Napa,055,140530,2641,2398,14,2412,16
2020-11-12,Nevada,057,99092,942,780,23,803,9
2020-11-12,Orange,059,3164182,67874,63232,2036,65268,1514
2020-11-12,Placer,061,380077,5616,5044,56,5100,62
2020-11-12,Plumas,063,18699,148,121,0,121,0
2020-11-12,Riverside,065,2383286,77597,73381,987,74368,1362
2020-11-12,Sacramento,067,1510023,31428,29459,52,29511,520
2020-11-12,San Benito,069,59416,1623,1525,1,1526,15
2020-11-12,San Bernardino,071,2135413,77585,70758,760,71518,1183
2020-11-12,San Diego,073,3302833,67825,62336,2184,64520,918
2020-11-12,San Francisco,075,870044,13963,13289,71,13360,146
2020-11-12,San Joaquin,077,732212,24176,23002,339,23341,509
2020-11-12,San Luis Obispo,079,281455,5494,4898,71,4969,33
2020-11-12,San Mateo,081,765935,12851,12086,11,12097,169
2020-11-12,Santa Barbara,083,443738,10711,10325,153,10478,134
2020-11-12,Santa Clara,085,1922200,29975,27261,56,27317,414
2020-11-12,Santa Cruz,087,273765,3640,3317,36,3353,25
2020-11-12,Shasta,089,179085,3934,2825,77,2902,37
2020-11-12,Sierra,091,2930,15,11,0,11,0
2020-11-12,Siskiyou,093,43540,375,275,19,294,0
2020-11-12,Solano,095,438530,8995,8417,43,8460,85
2020-11-12,Sonoma,097,501317,11133,10602,35,10637,151
2020-11-12,Stanislaus,099,539301,19565,18787,1020,19807,422
2020-11-12,Sutter,101,95872,2429,2075,6,2081,12
2020-11-12,Tehama,103,63373,1309,1117,5,1122,7
2020-11-12,Trinity,105,12862,176,62,18,80,0
2020-11-12,Tulare,107,460477,19599,18545,760,19305,305
2020-11-12,Tuolumne,109,53932,662,353,7,360,7
2020-11-12,Ventura,111,848112,17249,16013,474,16487,158
2020-11-12,Yolo,113,214977,3978,3646,10,3656,63
2020-11-12,Yuba,115,75493,1544,1410,5,1415,10
2020-11-11,Alameda,001,1643700,26474,25140,253,25393,429
2020-11-11,Alpine,003,1148,29,12,0,12,0
2020-11-11,Amador,005,37829,423,389,0,389,16
2020-11-11,Butte,007,227075,3585,3348,99,3447,58
2020-11-11,Calaveras,009,45235,378,373,0,373,21
2020-11-11,Colusa,011,21464,614,591,1,592,6
2020-11-11,Contra Costa,013,1133247,21473,20452,110,20562,255
2020-11-11,Del Norte,015,27424,230,203,0,203,2
2020-11-11,El Dorado,017,186661,1818,1564,17,1581,4
2020-11-11,Fresno,019,978130,37058,33287,789,34076,468
2020-11-11,Glenn,021,27897,790,722,16,738,3
2020-11-11,Humboldt,023,135768,697,623,1,624,9
2020-11-11,Imperial,025,180216,14224,13623,26,13649,340
2020-11-11,Inyo,027,18085,268,255,5,260,15
2020-11-11,Kern,029,883053,36689,35014,690,35704,449
2020-11-11,Kings,031,150075,9743,9263,91,9354,85
2020-11-11,Lake,033,64148,819,763,0,763,17
2020-11-11,Lassen,035,31185,1135,831,2,833,0
2020-11-11,Los Angeles,037,10098052,338546,324567,3855,328422,7220
2020-11-11,Madera,039,155013,5597,5248,79,5327,54
2020-11-11,Marin,041,260295,7434,7268,23,7291,133
2020-11-11,Mariposa,043,17540,92,84,0,84,2
2020-11-11,Mendocino,045,87422,1244,1142,5,1147,22
2020-11-11,Merced,047,269075,10461,10074,71,10145,157
2020-11-11,Modoc,049,8938,80,62,13,75,0
2020-11-11,Mono,051,14174,472,443,8,451,2
2020-11-11,Monterey,053,433212,13159,12417,137,12554,100
2020-11-11,Napa,055,140530,2592,2365,12,2377,15
2020-11-11,Nevada,057,99092,900,741,23,764,9
2020-11-11,Orange,059,3164182,67234,62929,2012,64941,1506
2020-11-11,Placer,061,380077,5532,4981,48,5029,60
2020-11-11,Plumas,063,18699,146,111,0,111,0
2020-11-11,Riverside,065,2383286,76695,72953,941,73894,1361
2020-11-11,Sacramento,067,1510023,30971,28968,50,29018,520
2020-11-11,San Benito,069,59416,1609,1512,1,1513,15
2020-11-11,San Bernardino,071,2135413,76299,70374,734,71108,1182
2020-11-11,San Diego,073,3302833,66890,61746,2123,63869,918
2020-11-11,San Francisco,075,870044,13856,13287,70,13357,146
2020-11-11,San Joaquin,077,732212,24016,23001,334,23335,509
2020-11-11,San Luis Obispo,079,281455,5419,4832,68,4900,33
2020-11-11,San Mateo,081,765935,12737,12008,11,12019,169
2020-11-11,Santa Barbara,083,443738,10645,10278,153,10431,134
2020-11-11,Santa Clara,085,1922200,29623,27075,55,27130,413
2020-11-11,Santa Cruz,087,273765,3572,3247,36,3283,25
2020-11-11,Shasta,089,179085,3810,2766,67,2833,36
2020-11-11,Sierra,091,2930,13,11,0,11,0
2020-11-11,Siskiyou,093,43540,344,261,16,277,0
2020-11-11,Solano,095,438530,8877,8353,41,8394,85
2020-11-11,Sonoma,097,501317,11059,10498,35,10533,150
2020-11-11,Stanislaus,099,539301,19428,18671,990,19661,422
2020-11-11,Sutter,101,95872,2381,2049,5,2054,12
2020-11-11,Tehama,103,63373,1267,1105,4,1109,7
2020-11-11,Trinity,105,12862,165,62,18,80,0
2020-11-11,Tulare,107,460477,19468,18500,730,19230,305
2020-11-11,Tuolumne,109,53932,606,354,6,360,7
2020-11-11,Ventura,111,848112,17034,15801,461,16262,158
2020-11-11,Yolo,113,214977,3927,3606,10,3616,63
2020-11-11,Yuba,115,75493,1529,1400,5,1405,10
2020-11-10,Alameda,001,1643700,26244,25008,250,25258,424
2020-11-10,Alpine,003,1148,29,9,0,9,0
2020-11-10,Amador,005,37829,417,384,0,384,16
2020-11-10,Butte,007,227075,3549,3327,95,3422,58
2020-11-10,Calaveras,009,45235,373,367,0,367,21
2020-11-10,Colusa,011,21464,606,590,1,591,6
2020-11-10,Contra Costa,013,1133247,21266,20326,108,20434,255
2020-11-10,Del Norte,015,27424,224,196,0,196,2
2020-11-10,El Dorado,017,186661,1758,1551,17,1568,4
2020-11-10,Fresno,019,978130,36788,33024,753,33777,465
2020-11-10,Glenn,021,27897,782,719,12,731,3
2020-11-10,Humboldt,023,135768,680,610,1,611,9
2020-11-10,Imperial,025,180216,14094,13570,26,13596,338
2020-11-10,Inyo,027,18085,267,252,5,257,14
2020-11-10,Kern,029,883053,36413,34858,671,35529,448
2020-11-10,Kings,031,150075,9696,9236,84,9320,85
2020-11-10,Lake,033,64148,809,762,0,762,16
2020-11-10,Lassen,035,31185,1120,830,2,832,0
2020-11-10,Los Angeles,037,10098052,335297,322569,3741,326310,7205
2020-11-10,Madera,039,155013,5555,5229,73,5302,54
2020-11-10,Marin,041,260295,7415,7259,23,7282,133
2020-11-10,Mariposa,043,17540,90,84,0,84,2
2020-11-10,Mendocino,045,87422,1236,1137,5,1142,22
2020-11-10,Merced,047,269075,10399,9992,65,10057,157
2020-11-10,Modoc,049,8938,78,61,13,74,0
2020-11-10,Mono,051,14174,470,443,8,451,2
2020-11-10,Monterey,053,433212,13024,12335,129,12464,100
2020-11-10,Napa,055,140530,2554,2341,10,2351,15
2020-11-10,Nevada,057,99092,884,734,23,757,9
2020-11-10,Orange,059,3164182,66684,62597,2002,64599,1504
2020-11-10,Placer,061,380077,5452,4902,47,4949,60
2020-11-10,Plumas,063,18699,142,108,0,108,0
2020-11-10,Riverside,065,2383286,76053,72316,916,73232,1359
2020-11-10,Sacramento,067,1510023,30564,28677,47,28724,519
2020-11-10,San Benito,069,59416,1594,1508,1,1509,15
2020-11-10,San Bernardino,071,2135413,75130,69666,701,70367,1182
2020-11-10,San Diego,073,3302833,65999,61085,2086,63171,915
2020-11-10,San Francisco,075,870044,13739,13210,70,13280,146
2020-11-10,San Joaquin,077,732212,23851,22865,327,23192,508
2020-11-10,San Luis Obispo,079,281455,5356,4780,65,4845,33
2020-11-10,San Mateo,081,765935,12637,11939,11,11950,169
2020-11-10,Santa Barbara,083,443738,10578,10252,149,10401,134
2020-11-10,Santa Clara,085,1922200,29278,26917,54,26971,409
2020-11-10,Santa Cruz,087,273765,3510,3221,36,3257,25
2020-11-10,Shasta,089,179085,3667,2686,59,2745,36
2020-11-10,Sierra,091,2930,12,10,0,10,0
2020-11-10,Siskiyou,093,43540,327,263,15,278,0
2020-11-10,Solano,095,438530,8779,8299,41,8340,85
2020-11-10,Sonoma,097,501317,10972,10414,35,10449,150
2020-11-10,Stanislaus,099,539301,19294,18592,966,19558,420
2020-11-10,Sutter,101,95872,2286,2035,4,2039,12
2020-11-10,Tehama,103,63373,1243,1099,3,1102,7
2020-11-10,Trinity,105,12862,156,62,16,78,0
2020-11-10,Tulare,107,460477,19353,18430,707,19137,305
2020-11-10,Tuolumne,109,53932,557,353,6,359,7
2020-11-10,Ventura,111,848112,16851,15625,459,16084,158
2020-11-10,Yolo,113,214977,3866,3573,10,3583,63
2020-11-10,Yuba,115,75493,1506,1392,5,1397,10
2020-11-09,Alameda,001,1643700,25998,24899,246,25145,424
2020-11-09,Alpine,003,1148,27,6,0,6,0
2020-11-09,Amador,005,37829,408,380,0,380,16
2020-11-09,Butte,007,227075,3504,3301,86,3387,57
2020-11-09,Calaveras,009,45235,369,360,0,360,21
2020-11-09,Colusa,011,21464,600,583,1,584,6
2020-11-09,Contra Costa,013,1133247,21093,20193,106,20299,255
2020-11-09,Del Norte,015,27424,218,195,0,195,2
2020-11-09,El Dorado,017,186661,1717,1515,17,1532,4
2020-11-09,Fresno,019,978130,36477,32755,713,33468,465
2020-11-09,Glenn,021,27897,776,714,9,723,3
2020-11-09,Humboldt,023,135768,667,607,1,608,9
2020-11-09,Imperial,025,180216,13975,13508,25,13533,338
2020-11-09,Inyo,027,18085,267,252,5,257,14
2020-11-09,Kern,029,883053,36183,34764,635,35399,448
2020-11-09,Kings,031,150075,9626,9141,82,9223,84
2020-11-09,Lake,033,64148,800,755,0,755,16
2020-11-09,Lassen,035,31185,1024,799,2,801,0
2020-11-09,Los Angeles,037,10098052,332200,320370,3666,324036,7180
2020-11-09,Madera,039,155013,5509,5209,70,5279,54
2020-11-09,Marin,041,260295,7389,7237,22,7259,131
2020-11-09,Mariposa,043,17540,90,84,0,84,2
2020-11-09,Mendocino,045,87422,1224,1132,5,1137,22
2020-11-09,Merced,047,269075,10296,9922,62,9984,157
2020-11-09,Modoc,049,8938,74,54,12,66,0
2020-11-09,Mono,051,14174,467,352,8,360,2
2020-11-09,Monterey,053,433212,12877,12148,121,12269,98
2020-11-09,Napa,055,140530,2511,2309,10,2319,15
2020-11-09,Nevada,057,99092,847,729,22,751,9
2020-11-09,Orange,059,3164182,66043,62335,1989,64324,1501
2020-11-09,Placer,061,380077,5367,4843,36,4879,60
2020-11-09,Plumas,063,18699,135,102,0,102,0
2020-11-09,Riverside,065,2383286,75271,72059,882,72941,1346
2020-11-09,Sacramento,067,1510023,30092,28200,46,28246,516
2020-11-09,San Benito,069,59416,1585,1506,1,1507,15
2020-11-09,San Bernardino,071,2135413,74076,69015,658,69673,1182
2020-11-09,San Diego,073,3302833,65144,60572,2046,62618,908
2020-11-09,San Francisco,075,870044,13619,12984,67,13051,146
2020-11-09,San Joaquin,077,732212,23686,22512,322,22834,505
2020-11-09,San Luis Obispo,079,281455,5269,4746,63,4809,32
2020-11-09,San Mateo,081,765935,12530,11857,11,11868,169
2020-11-09,Santa Barbara,083,443738,10521,10214,144,10358,134
2020-11-09,Santa Clara,085,1922200,28883,26693,54,26747,409
2020-11-09,Santa Cruz,087,273765,3452,3194,36,3230,25
2020-11-09,Shasta,089,179085,3513,2581,50,2631,36
2020-11-09,Sierra,091,2930,10,10,0,10,0
2020-11-09,Siskiyou,093,43540,316,257,13,270,0
2020-11-09,Solano,095,438530,8663,8254,40,8294,85
2020-11-09,Sonoma,097,501317,10864,10310,35,10345,150
2020-11-09,Stanislaus,099,539301,19141,18482,951,19433,418
2020-11-09,Sutter,101,95872,2219,2010,3,2013,12
2020-11-09,Tehama,103,63373,1206,1071,2,1073,7
2020-11-09,Trinity,105,12862,149,46,16,62,0
2020-11-09,Tulare,107,460477,19233,18272,676,18948,304
2020-11-09,Tuolumne,109,53932,502,346,5,351,7
2020-11-09,Ventura,111,848112,16649,15568,456,16024,156
2020-11-09,Yolo,113,214977,3805,3522,10,3532,62
2020-11-09,Yuba,115,75493,1473,1380,5,1385,10
2020-11-08,Alameda,001,1643700,25768,24731,246,24977,424
2020-11-08,Alpine,003,1148,24,6,0,6,0
2020-11-08,Amador,005,37829,401,376,0,376,16
2020-11-08,Butte,007,227075,3466,3285,79,3364,57
2020-11-08,Calaveras,009,45235,367,360,0,360,21
2020-11-08,Colusa,011,21464,597,583,1,584,6
2020-11-08,Contra Costa,013,1133247,20923,20031,104,20135,254
2020-11-08,Del Norte,015,27424,210,195,0,195,2
2020-11-08,El Dorado,017,186661,1680,1502,17,1519,4
2020-11-08,Fresno,019,978130,36142,32619,675,33294,465
2020-11-08,Glenn,021,27897,770,707,8,715,3
2020-11-08,Humboldt,023,135768,651,605,1,606,9
2020-11-08,Imperial,025,180216,13859,13428,25,13453,338
2020-11-08,Inyo,027,18085,263,252,5,257,14
2020-11-08,Kern,029,883053,35964,34644,617,35261,448
2020-11-08,Kings,031,150075,9493,9026,79,9105,84
2020-11-08,Lake,033,64148,792,754,0,754,16
2020-11-08,Lassen,035,31185,876,799,2,801,0
2020-11-08,Los Angeles,037,10098052,329074,318960,3600,322560,7176
2020-11-08,Madera,039,155013,5440,5196,67,5263,54
2020-11-08,Marin,041,260295,7369,7227,22,7249,131
2020-11-08,Mariposa,043,17540,90,83,0,83,2
2020-11-08,Mendocino,045,87422,1215,1129,5,1134,22
2020-11-08,Merced,047,269075,10221,9885,60,9945,157
2020-11-08,Modoc,049,8938,70,54,12,66,0
2020-11-08,Mono,051,14174,461,352,8,360,2
2020-11-08,Monterey,053,433212,12732,12122,111,12233,98
2020-11-08,Napa,055,140530,2472,2274,10,2284,15
2020-11-08,Nevada,057,99092,831,715,22,737,9
2020-11-08,Orange,059,3164182,65454,62034,1975,64009,1501
2020-11-08,Placer,061,380077,5264,4800,31,4831,60
2020-11-08,Plumas,063,18699,130,102,0,102,0
2020-11-08,Riverside,065,2383286,74617,71442,841,72283,1345
2020-11-08,Sacramento,067,1510023,29533,28059,43,28102,515
2020-11-08,San Benito,069,59416,1570,1496,1,1497,15
2020-11-08,San Bernardino,071,2135413,72822,68412,619,69031,1182
2020-11-08,San Diego,073,3302833,64299,60199,2002,62201,908
2020-11-08,San Francisco,075,870044,13488,12985,63,13048,146
2020-11-08,San Joaquin,077,732212,23492,22514,318,22832,505
2020-11-08,San Luis Obispo,079,281455,5203,4698,58,4756,32
2020-11-08,San Mateo,081,765935,12412,11783,11,11794,169
2020-11-08,Santa Barbara,083,443738,10451,10180,142,10322,134
2020-11-08,Santa Clara,085,1922200,28509,26442,53,26495,410
2020-11-08,Santa Cruz,087,273765,3395,3134,36,3170,25
2020-11-08,Shasta,089,179085,3377,2582,44,2626,36
2020-11-08,Sierra,091,2930,10,7,0,7,0
2020-11-08,Siskiyou,093,43540,304,246,12,258,0
2020-11-08,Solano,095,438530,8542,8132,39,8171,85
2020-11-08,Sonoma,097,501317,10757,10229,35,10264,149
2020-11-08,Stanislaus,099,539301,18967,18413,930,19343,418
2020-11-08,Sutter,101,95872,2161,1980,3,1983,12
2020-11-08,Tehama,103,63373,1181,1054,2,1056,7
2020-11-08,Trinity,105,12862,146,46,15,61,0
2020-11-08,Tulare,107,460477,19091,18272,647,18919,304
2020-11-08,Tuolumne,109,53932,475,341,5,346,7
2020-11-08,Ventura,111,848112,16454,15504,448,15952,156
2020-11-08,Yolo,113,214977,3743,3492,10,3502,61
2020-11-08,Yuba,115,75493,1452,1369,5,1374,10
2020-11-07,Alameda,001,1643700,25658,24578,244,24822,424
2020-11-07,Alpine,003,1148,24,6,0,6,0
2020-11-07,Amador,005,37829,398,375,0,375,16
2020-11-07,Butte,007,227075,3454,3277,74,3351,57
2020-11-07,Calaveras,009,45235,365,360,0,360,21
2020-11-07,Colusa,011,21464,597,583,1,584,6
2020-11-07,Contra Costa,013,1133247,20822,19943,103,20046,254
2020-11-07,Del Norte,015,27424,206,194,0,194,2
2020-11-07,El Dorado,017,186661,1655,1495,16,1511,4
2020-11-07,Fresno,019,978130,35988,32497,652,33149,465
2020-11-07,Glenn,021,27897,762,707,8,715,3
2020-11-07,Humboldt,023,135768,640,590,1,591,9
2020-11-07,Imperial,025,180216,13801,13388,24,13412,338
2020-11-07,Inyo,027,18085,261,252,5,257,14
2020-11-07,Kern,029,883053,35809,34513,607,35120,448
2020-11-07,Kings,031,150075,9460,9005,73,9078,84
2020-11-07,Lake,033,64148,788,751,0,751,16
2020-11-07,Lassen,035,31185,860,799,2,801,0
2020-11-07,Los Angeles,037,10098052,327560,316756,3533,320289,7174
2020-11-07,Madera,039,155013,5418,5177,65,5242,54
2020-11-07,Marin,041,260295,7358,7215,22,7237,131
2020-11-07,Mariposa,043,17540,90,81,0,81,2
2020-11-07,Mendocino,045,87422,1204,1118,5,1123,22
2020-11-07,Merced,047,269075,10189,9855,56,9911,157
2020-11-07,Modoc,049,8938,70,51,12,63,0
2020-11-07,Mono,051,14174,458,352,8,360,2
2020-11-07,Monterey,053,433212,12662,12030,107,12137,98
2020-11-07,Napa,055,140530,2442,2260,9,2269,15
2020-11-07,Nevada,057,99092,814,710,22,732,9
2020-11-07,Orange,059,3164182,65167,62038,1969,64007,1505
2020-11-07,Placer,061,380077,5201,4745,31,4776,60
2020-11-07,Plumas,063,18699,127,94,0,94,0
2020-11-07,Riverside,065,2383286,74222,71153,814,71967,1345
2020-11-07,Sacramento,067,1510023,29283,27773,43,27816,515
2020-11-07,San Benito,069,59416,1558,1489,1,1490,15
2020-11-07,San Bernardino,071,2135413,72305,67935,608,68543,1182
2020-11-07,San Diego,073,3302833,63787,59682,1970,61652,909
2020-11-07,San Francisco,075,870044,13427,12980,62,13042,146
2020-11-07,San Joaquin,077,732212,23384,22517,312,22829,505
2020-11-07,San Luis Obispo,079,281455,5154,4668,55,4723,32
2020-11-07,San Mateo,081,765935,12349,11711,11,11722,169
2020-11-07,Santa Barbara,083,443738,10409,10157,140,10297,134
2020-11-07,Santa Clara,085,1922200,28305,26244,52,26296,410
2020-11-07,Santa Cruz,087,273765,3357,3130,36,3166,25
2020-11-07,Shasta,089,179085,3310,2547,42,2589,36
2020-11-07,Sierra,091,2930,10,7,0,7,0
2020-11-07,Siskiyou,093,43540,300,241,12,253,0
2020-11-07,Solano,095,438530,8490,8066,39,8105,85
2020-11-07,Sonoma,097,501317,10711,10200,35,10235,149
2020-11-07,Stanislaus,099,539301,18858,18386,914,19300,418
2020-11-07,Sutter,101,95872,2121,1973,3,1976,12
2020-11-07,Tehama,103,63373,1157,1043,2,1045,7
2020-11-07,Trinity,105,12862,146,42,14,56,0
2020-11-07,Tulare,107,460477,19035,18229,630,18859,304
2020-11-07,Tuolumne,109,53932,464,327,5,332,7
2020-11-07,Ventura,111,848112,16394,15364,443,15807,156
2020-11-07,Yolo,113,214977,3712,3486,10,3496,61
2020-11-07,Yuba,115,75493,1437,1349,5,1354,10
2020-11-06,Alameda,001,1643700,25526,24389,242,24631,420
2020-11-06,Alpine,003,1148,24,6,0,6,0
2020-11-06,Amador,005,37829,396,369,0,369,16
2020-11-06,Butte,007,227075,3429,3254,66,3320,57
2020-11-06,Calaveras,009,45235,364,359,0,359,21
2020-11-06,Colusa,011,21464,595,580,1,581,6
2020-11-06,Contra Costa,013,1133247,20673,19744,103,19847,252
2020-11-06,Del Norte,015,27424,203,194,0,194,2
2020-11-06,El Dorado,017,186661,1629,1475,16,1491,4
2020-11-06,Fresno,019,978130,35800,32278,636,32914,460
2020-11-06,Glenn,021,27897,756,707,7,714,3
2020-11-06,Humboldt,023,135768,637,587,1,588,9
2020-11-06,Imperial,025,180216,13748,13230,24,13254,338
2020-11-06,Inyo,027,18085,259,246,5,251,14
2020-11-06,Kern,029,883053,35645,34360,590,34950,443
2020-11-06,Kings,031,150075,9436,8883,71,8954,83
2020-11-06,Lake,033,64148,787,741,0,741,16
2020-11-06,Lassen,035,31185,852,794,2,796,0
2020-11-06,Los Angeles,037,10098052,325590,314356,3481,317837,7160
2020-11-06,Madera,039,155013,5402,5136,64,5200,54
2020-11-06,Marin,041,260295,7337,7184,22,7206,131
2020-11-06,Mariposa,043,17540,89,79,0,79,2
2020-11-06,Mendocino,045,87422,1199,1113,5,1118,22
2020-11-06,Merced,047,269075,10149,9778,53,9831,157
2020-11-06,Modoc,049,8938,70,48,12,60,0
2020-11-06,Mono,051,14174,452,308,8,316,1
2020-11-06,Monterey,053,433212,12545,11914,106,12020,96
2020-11-06,Napa,055,140530,2417,2189,9,2198,15
2020-11-06,Nevada,057,99092,801,692,21,713,9
2020-11-06,Orange,059,3164182,64864,61049,1959,63008,1494
2020-11-06,Placer,061,380077,5128,4680,31,4711,60
2020-11-06,Plumas,063,18699,122,90,0,90,0
2020-11-06,Riverside,065,2383286,73773,70409,773,71182,1341
2020-11-06,Sacramento,067,1510023,28991,27489,41,27530,514
2020-11-06,San Benito,069,59416,1549,1479,1,1480,15
2020-11-06,San Bernardino,071,2135413,71707,66740,588,67328,1179
2020-11-06,San Diego,073,3302833,63263,59143,1938,61081,907
2020-11-06,San Francisco,075,870044,13357,12825,61,12886,146
2020-11-06,San Joaquin,077,732212,23299,22424,302,22726,502
2020-11-06,San Luis Obispo,079,281455,5089,4531,49,4580,32
2020-11-06,San Mateo,081,765935,12274,11587,11,11598,168
2020-11-06,Santa Barbara,083,443738,10373,10118,136,10254,133
2020-11-06,Santa Clara,085,1922200,28063,25831,52,25883,402
2020-11-06,Santa Cruz,087,273765,3319,3063,36,3099,25
2020-11-06,Shasta,089,179085,3237,2475,41,2516,35
2020-11-06,Sierra,091,2930,9,7,0,7,0
2020-11-06,Siskiyou,093,43540,287,237,11,248,0
2020-11-06,Solano,095,438530,8425,7959,39,7998,85
2020-11-06,Sonoma,097,501317,10661,10142,35,10177,149
2020-11-06,Stanislaus,099,539301,18771,18250,906,19156,417
2020-11-06,Sutter,101,95872,2094,1937,2,1939,12
2020-11-06,Tehama,103,63373,1136,1024,2,1026,6
2020-11-06,Trinity,105,12862,143,41,14,55,0
2020-11-06,Tulare,107,460477,18971,18136,605,18741,300
2020-11-06,Tuolumne,109,53932,443,316,5,321,5
2020-11-06,Ventura,111,848112,16308,15222,440,15662,154
2020-11-06,Yolo,113,214977,3683,3420,10,3430,62
2020-11-06,Yuba,115,75493,1424,1335,5,1340,10
2020-11-05,Alameda,001,1643700,25350,24270,242,24512,420
2020-11-05,Alpine,003,1148,24,6,0,6,0
2020-11-05,Amador,005,37829,393,363,0,363,16
2020-11-05,Butte,007,227075,3406,3239,60,3299,57
2020-11-05,Calaveras,009,45235,357,333,0,333,19
2020-11-05,Colusa,011,21464,591,574,1,575,6
2020-11-05,Contra Costa,013,1133247,20491,19656,101,19757,252
2020-11-05,Del Norte,015,27424,201,192,0,192,2
2020-11-05,El Dorado,017,186661,1605,1466,16,1482,4
2020-11-05,Fresno,019,978130,35557,32056,612,32668,460
2020-11-05,Glenn,021,27897,736,702,7,709,3
2020-11-05,Humboldt,023,135768,627,581,1,582,9
2020-11-05,Imperial,025,180216,13656,13178,23,13201,337
2020-11-05,Inyo,027,18085,259,247,5,252,14
2020-11-05,Kern,029,883053,35444,34232,577,34809,443
2020-11-05,Kings,031,150075,9281,8846,68,8914,83
2020-11-05,Lake,033,64148,783,739,0,739,16
2020-11-05,Lassen,035,31185,821,782,2,784,0
2020-11-05,Los Angeles,037,10098052,323234,312381,3428,315809,7146
2020-11-05,Madera,039,155013,5363,5129,61,5190,54
2020-11-05,Marin,041,260295,7315,7171,22,7193,131
2020-11-05,Mariposa,043,17540,88,79,0,79,2
2020-11-05,Mendocino,045,87422,1187,1112,5,1117,22
2020-11-05,Merced,047,269075,10090,9753,48,9801,155
2020-11-05,Modoc,049,8938,69,47,11,58,0
2020-11-05,Mono,051,14174,450,307,8,315,1
2020-11-05,Monterey,053,433212,12435,11784,102,11886,96
2020-11-05,Napa,055,140530,2390,2158,9,2167,15
2020-11-05,Nevada,057,99092,779,687,20,707,9
2020-11-05,Orange,059,3164182,64417,60740,1949,62689,1484
2020-11-05,Placer,061,380077,5059,4627,26,4653,60
2020-11-05,Plumas,063,18699,114,90,0,90,0
2020-11-05,Riverside,065,2383286,73062,70094,717,70811,1338
2020-11-05,Sacramento,067,1510023,28610,27232,40,27272,512
2020-11-05,San Benito,069,59416,1534,1477,1,1478,15
2020-11-05,San Bernardino,071,2135413,70880,66407,576,66983,1174
2020-11-05,San Diego,073,3302833,62637,58659,1912,60571,904
2020-11-05,San Francisco,075,870044,13245,12726,60,12786,146
2020-11-05,San Joaquin,077,732212,23135,22318,298,22616,502
2020-11-05,San Luis Obispo,079,281455,5022,4459,47,4506,32
2020-11-05,San Mateo,081,765935,12180,11535,11,11546,168
2020-11-05,Santa Barbara,083,443738,10329,10080,133,10213,133
2020-11-05,Santa Clara,085,1922200,27796,25651,52,25703,402
2020-11-05,Santa Cruz,087,273765,3281,3023,36,3059,25
2020-11-05,Shasta,089,179085,3147,2401,40,2441,34
2020-11-05,Sierra,091,2930,9,6,0,6,0
2020-11-05,Siskiyou,093,43540,276,228,11,239,0
2020-11-05,Solano,095,438530,8342,7842,39,7881,85
2020-11-05,Sonoma,097,501317,10549,10064,34,10098,145
2020-11-05,Stanislaus,099,539301,18658,18194,893,19087,417
2020-11-05,Sutter,101,95872,2062,1925,2,1927,12
2020-11-05,Tehama,103,63373,1114,1015,2,1017,6
2020-11-05,Trinity,105,12862,127,41,14,55,0
2020-11-05,Tulare,107,460477,18882,18049,579,18628,301
2020-11-05,Tuolumne,109,53932,414,312,5,317,5
2020-11-05,Ventura,111,848112,16142,15113,429,15542,155
2020-11-05,Yolo,113,214977,3633,3391,10,3401,61
2020-11-05,Yuba,115,75493,1406,1322,5,1327,10
2020-11-04,Alameda,001,1643700,25173,24172,240,24412,418
2020-11-04,Alpine,003,1148,20,5,0,5,0
2020-11-04,Amador,005,37829,390,362,0,362,16
2020-11-04,Butte,007,227075,3381,3218,57,3275,57
2020-11-04,Calaveras,009,45235,354,290,0,290,19
2020-11-04,Colusa,011,21464,589,571,1,572,6
2020-11-04,Contra Costa,013,1133247,20324,19472,98,19570,251
2020-11-04,Del Norte,015,27424,197,188,0,188,2
2020-11-04,El Dorado,017,186661,1590,1448,13,1461,4
2020-11-04,Fresno,019,978130,35325,31952,584,32536,457
2020-11-04,Glenn,021,27897,732,701,6,707,3
2020-11-04,Humboldt,023,135768,618,571,1,572,9
2020-11-04,Imperial,025,180216,13558,13087,23,13110,335
2020-11-04,Inyo,027,18085,258,247,5,252,14
2020-11-04,Kern,029,883053,35289,34027,566,34593,439
2020-11-04,Kings,031,150075,9247,8817,66,8883,83
2020-11-04,Lake,033,64148,776,735,0,735,16
2020-11-04,Lassen,035,31185,816,781,2,783,0
2020-11-04,Los Angeles,037,10098052,320923,310456,3349,313805,7124
2020-11-04,Madera,039,155013,5343,5083,57,5140,54
2020-11-04,Marin,041,260295,7303,7157,22,7179,131
2020-11-04,Mariposa,043,17540,88,79,0,79,2
2020-11-04,Mendocino,045,87422,1169,1089,5,1094,22
2020-11-04,Merced,047,269075,10041,9717,46,9763,153
2020-11-04,Modoc,049,8938,59,47,11,58,0
2020-11-04,Mono,051,14174,447,237,7,244,1
2020-11-04,Monterey,053,433212,12231,11743,96,11839,96
2020-11-04,Napa,055,140530,2336,2133,9,2142,15
2020-11-04,Nevada,057,99092,760,675,20,695,9
2020-11-04,Orange,059,3164182,63983,60463,1928,62391,1483
2020-11-04,Placer,061,380077,4981,4526,23,4549,60
2020-11-04,Plumas,063,18699,112,88,0,88,0
2020-11-04,Riverside,065,2383286,72445,69562,658,70220,1335
2020-11-04,Sacramento,067,1510023,28260,27005,39,27044,510
2020-11-04,San Benito,069,59416,1519,1464,1,1465,15
2020-11-04,San Bernardino,071,2135413,70084,65891,553,66444,1169
2020-11-04,San Diego,073,3302833,61991,58126,1886,60012,904
2020-11-04,San Francisco,075,870044,13162,12649,57,12706,146
2020-11-04,San Joaquin,077,732212,22998,22197,285,22482,500
2020-11-04,San Luis Obispo,079,281455,4955,4389,45,4434,32
2020-11-04,San Mateo,081,765935,12086,11456,11,11467,168
2020-11-04,Santa Barbara,083,443738,10291,10026,132,10158,132
2020-11-04,Santa Clara,085,1922200,27534,25487,52,25539,393
2020-11-04,Santa Cruz,087,273765,3244,2997,36,3033,25
2020-11-04,Shasta,089,179085,3016,2321,35,2356,34
2020-11-04,Sierra,091,2930,9,6,0,6,0
2020-11-04,Siskiyou,093,43540,267,222,11,233,0
2020-11-04,Solano,095,438530,8243,7733,39,7772,85
2020-11-04,Sonoma,097,501317,10455,9965,34,9999,142
2020-11-04,Stanislaus,099,539301,18541,18114,878,18992,416
2020-11-04,Sutter,101,95872,2028,1916,2,1918,12
2020-11-04,Tehama,103,63373,1088,997,2,999,6
2020-11-04,Trinity,105,12862,123,37,14,51,0
2020-11-04,Tulare,107,460477,18772,17952,551,18503,298
2020-11-04,Tuolumne,109,53932,390,310,5,315,5
2020-11-04,Ventura,111,848112,16002,14936,426,15362,155
2020-11-04,Yolo,113,214977,3592,3361,10,3371,62
2020-11-04,Yuba,115,75493,1385,1312,5,1317,10
2020-11-03,Alameda,001,1643700,24989,24055,238,24293,418
2020-11-03,Alpine,003,1148,19,4,0,4,0
2020-11-03,Amador,005,37829,385,361,0,361,16
2020-11-03,Butte,007,227075,3357,3211,52,3263,57
2020-11-03,Calaveras,009,45235,350,287,0,287,19
2020-11-03,Colusa,011,21464,584,572,1,573,6
2020-11-03,Contra Costa,013,1133247,20169,19416,98,19514,250
2020-11-03,Del Norte,015,27424,196,187,0,187,2
2020-11-03,El Dorado,017,186661,1568,1445,12,1457,4
2020-11-03,Fresno,019,978130,35060,31856,561,32417,457
2020-11-03,Glenn,021,27897,726,698,6,704,3
2020-11-03,Humboldt,023,135768,612,570,1,571,8
2020-11-03,Imperial,025,180216,13469,13044,22,13066,335
2020-11-03,Inyo,027,18085,257,244,5,249,14
2020-11-03,Kern,029,883053,35098,33957,555,34512,439
2020-11-03,Kings,031,150075,9084,8783,61,8844,83
2020-11-03,Lake,033,64148,766,732,0,732,16
2020-11-03,Lassen,035,31185,807,782,2,784,0
2020-11-03,Los Angeles,037,10098052,318467,308812,3282,312094,7104
2020-11-03,Madera,039,155013,5306,5058,56,5114,54
2020-11-03,Marin,041,260295,7283,7147,21,7168,131
2020-11-03,Mariposa,043,17540,87,79,0,79,2
2020-11-03,Mendocino,045,87422,1154,1084,5,1089,22
2020-11-03,Merced,047,269075,9988,9713,45,9758,153
2020-11-03,Modoc,049,8938,57,47,9,56,0
2020-11-03,Mono,051,14174,443,210,7,217,1
2020-11-03,Monterey,053,433212,12162,11703,91,11794,94
2020-11-03,Napa,055,140530,2300,2130,9,2139,15
2020-11-03,Nevada,057,99092,740,670,19,689,9
2020-11-03,Orange,059,3164182,63553,60283,1916,62199,1477
2020-11-03,Placer,061,380077,4907,4514,23,4537,60
2020-11-03,Plumas,063,18699,109,86,0,86,0
2020-11-03,Riverside,065,2383286,71826,69300,633,69933,1325
2020-11-03,Sacramento,067,1510023,27880,26841,38,26879,510
2020-11-03,San Benito,069,59416,1509,1463,1,1464,15
2020-11-03,San Bernardino,071,2135413,69273,65320,546,65866,1159
2020-11-03,San Diego,073,3302833,61315,57722,1842,59564,901
2020-11-03,San Francisco,075,870044,13040,12585,57,12642,146
2020-11-03,San Joaquin,077,732212,22864,22109,279,22388,500
2020-11-03,San Luis Obispo,079,281455,4871,4371,43,4414,32
2020-11-03,San Mateo,081,765935,11991,11406,11,11417,162
2020-11-03,Santa Barbara,083,443738,10237,10008,128,10136,132
2020-11-03,Santa Clara,085,1922200,27262,25386,51,25437,393
2020-11-03,Santa Cruz,087,273765,3194,2980,35,3015,25
2020-11-03,Shasta,089,179085,2922,2288,28,2316,33
2020-11-03,Sierra,091,2930,7,6,0,6,0
2020-11-03,Siskiyou,093,43540,263,219,11,230,0
2020-11-03,Solano,095,438530,8160,7691,39,7730,85
2020-11-03,Sonoma,097,501317,10353,9906,34,9940,142
2020-11-03,Stanislaus,099,539301,18420,18080,867,18947,416
2020-11-03,Sutter,101,95872,1995,1914,2,1916,12
2020-11-03,Tehama,103,63373,1067,988,2,990,6
2020-11-03,Trinity,105,12862,116,36,13,49,0
2020-11-03,Tulare,107,460477,18666,17890,526,18416,297
2020-11-03,Tuolumne,109,53932,367,302,5,307,5
2020-11-03,Ventura,111,848112,15875,14816,419,15235,155
2020-11-03,Yolo,113,214977,3541,3343,10,3353,61
2020-11-03,Yuba,115,75493,1372,1295,5,1300,10
2020-11-02,Alameda,001,1643700,24793,23991,236,24227,419
2020-11-02,Alpine,003,1148,16,4,0,4,0
2020-11-02,Amador,005,37829,377,357,0,357,16
2020-11-02,Butte,007,227075,3337,3198,49,3247,57
2020-11-02,Calaveras,009,45235,350,282,0,282,18
2020-11-02,Colusa,011,21464,579,571,1,572,6
2020-11-02,Contra Costa,013,1133247,20016,19339,97,19436,250
2020-11-02,Del Norte,015,27424,193,175,0,175,2
2020-11-02,El Dorado,017,186661,1544,1405,12,1417,4
2020-11-02,Fresno,019,978130,34791,31738,544,32282,451
2020-11-02,Glenn,021,27897,720,692,5,697,3
2020-11-02,Humboldt,023,135768,603,569,1,570,8
2020-11-02,Imperial,025,180216,13389,13004,21,13025,334
2020-11-02,Inyo,027,18085,254,243,5,248,14
2020-11-02,Kern,029,883053,34940,33834,545,34379,437
2020-11-02,Kings,031,150075,9054,8654,58,8712,82
2020-11-02,Lake,033,64148,760,728,0,728,17
2020-11-02,Lassen,035,31185,799,782,2,784,0
2020-11-02,Los Angeles,037,10098052,316119,307620,3208,310828,7079
2020-11-02,Madera,039,155013,5275,5033,55,5088,54
2020-11-02,Marin,041,260295,7265,7132,20,7152,125
2020-11-02,Mariposa,043,17540,87,79,0,79,2
2020-11-02,Mendocino,045,87422,1140,1076,5,1081,21
2020-11-02,Merced,047,269075,9926,9664,39,9703,152
2020-11-02,Modoc,049,8938,54,45,5,50,0
2020-11-02,Mono,051,14174,441,211,7,218,1
2020-11-02,Monterey,053,433212,12055,11602,88,11690,93
2020-11-02,Napa,055,140530,2258,2081,9,2090,15
2020-11-02,Nevada,057,99092,724,656,19,675,9
2020-11-02,Orange,059,3164182,63148,59996,1901,61897,1474
2020-11-02,Placer,061,380077,4839,4461,21,4482,60
2020-11-02,Plumas,063,18699,101,86,0,86,0
2020-11-02,Riverside,065,2383286,71195,68833,592,69425,1321
2020-11-02,Sacramento,067,1510023,27538,26676,36,26712,508
2020-11-02,San Benito,069,59416,1497,1459,1,1460,15
2020-11-02,San Bernardino,071,2135413,68418,64629,535,65164,1157
2020-11-02,San Diego,073,3302833,60592,57429,1797,59226,891
2020-11-02,San Francisco,075,870044,12943,12436,56,12492,145
2020-11-02,San Joaquin,077,732212,22724,21919,271,22190,500
2020-11-02,San Luis Obispo,079,281455,4771,4303,40,4343,31
2020-11-02,San Mateo,081,765935,11882,11328,11,11339,161
2020-11-02,Santa Barbara,083,443738,10196,9985,123,10108,130
2020-11-02,Santa Clara,085,1922200,26973,25222,51,25273,387
2020-11-02,Santa Cruz,087,273765,3152,2943,35,2978,25
2020-11-02,Shasta,089,179085,2819,2174,24,2198,33
2020-11-02,Sierra,091,2930,7,6,0,6,0
2020-11-02,Siskiyou,093,43540,253,216,11,227,0
2020-11-02,Solano,095,438530,8042,7665,39,7704,84
2020-11-02,Sonoma,097,501317,10271,9796,33,9829,140
2020-11-02,Stanislaus,099,539301,18324,18005,858,18863,412
2020-11-02,Sutter,101,95872,1971,1895,2,1897,12
2020-11-02,Tehama,103,63373,1044,971,2,973,6
2020-11-02,Trinity,105,12862,110,30,13,43,0
2020-11-02,Tulare,107,460477,18573,17774,506,18280,299
2020-11-02,Tuolumne,109,53932,346,302,5,307,5
2020-11-02,Ventura,111,848112,15734,14767,405,15172,156
2020-11-02,Yolo,113,214977,3493,3318,10,3328,61
2020-11-02,Yuba,115,75493,1359,1280,5,1285,10
2020-11-01,Alameda,001,1643700,24630,23892,234,24126,419
2020-11-01,Alpine,003,1148,10,4,0,4,0
2020-11-01,Amador,005,37829,374,352,0,352,16
2020-11-01,Butte,007,227075,3314,3185,48,3233,57
2020-11-01,Calaveras,009,45235,349,282,0,282,18
2020-11-01,Colusa,011,21464,577,567,1,568,6
2020-11-01,Contra Costa,013,1133247,19843,19246,96,19342,250
2020-11-01,Del Norte,015,27424,189,175,0,175,2
2020-11-01,El Dorado,017,186661,1528,1394,12,1406,4
2020-11-01,Fresno,019,978130,34533,31613,524,32137,451
2020-11-01,Glenn,021,27897,711,688,3,691,3
2020-11-01,Humboldt,023,135768,595,568,1,569,8
2020-11-01,Imperial,025,180216,13298,12969,19,12988,334
2020-11-01,Inyo,027,18085,252,241,5,246,14
2020-11-01,Kern,029,883053,34759,33760,465,34225,437
2020-11-01,Kings,031,150075,9016,8641,57,8698,82
2020-11-01,Lake,033,64148,754,727,0,727,17
2020-11-01,Lassen,035,31185,799,782,2,784,0
2020-11-01,Los Angeles,037,10098052,313549,306217,3117,309334,7077
2020-11-01,Madera,039,155013,5227,5019,53,5072,54
2020-11-01,Marin,041,260295,7248,7124,20,7144,125
2020-11-01,Mariposa,043,17540,83,79,0,79,2
2020-11-01,Mendocino,045,87422,1126,1074,5,1079,21
2020-11-01,Merced,047,269075,9865,9626,39,9665,152
2020-11-01,Modoc,049,8938,53,45,5,50,0
2020-11-01,Mono,051,14174,412,211,6,217,1
2020-11-01,Monterey,053,433212,11948,11587,85,11672,93
2020-11-01,Napa,055,140530,2224,2067,9,2076,15
2020-11-01,Nevada,057,99092,708,646,18,664,9
2020-11-01,Orange,059,3164182,62746,59733,1875,61608,1475
2020-11-01,Placer,061,380077,4773,4422,20,4442,58
2020-11-01,Plumas,063,18699,96,86,0,86,0
2020-11-01,Riverside,065,2383286,70565,68493,557,69050,1319
2020-11-01,Sacramento,067,1510023,27217,26442,36,26478,508
2020-11-01,San Benito,069,59416,1482,1451,1,1452,15
2020-11-01,San Bernardino,071,2135413,67576,64339,514,64853,1157
2020-11-01,San Diego,073,3302833,59904,57122,1757,58879,891
2020-11-01,San Francisco,075,870044,12820,12436,51,12487,145
2020-11-01,San Joaquin,077,732212,22596,21919,265,22184,500
2020-11-01,San Luis Obispo,079,281455,4691,4303,39,4342,31
2020-11-01,San Mateo,081,765935,11801,11280,11,11291,160
2020-11-01,Santa Barbara,083,443738,10145,9969,107,10076,130
2020-11-01,Santa Clara,085,1922200,26694,25090,51,25141,386
2020-11-01,Santa Cruz,087,273765,3099,2921,35,2956,25
2020-11-01,Shasta,089,179085,2684,2172,23,2195,33
2020-11-01,Sierra,091,2930,7,6,0,6,0
2020-11-01,Siskiyou,093,43540,248,205,11,216,0
2020-11-01,Solano,095,438530,7952,7591,39,7630,84
2020-11-01,Sonoma,097,501317,10179,9688,33,9721,140
2020-11-01,Stanislaus,099,539301,18223,17961,839,18800,412
2020-11-01,Sutter,101,95872,1945,1888,1,1889,12
2020-11-01,Tehama,103,63373,1027,965,2,967,5
2020-11-01,Trinity,105,12862,108,30,12,42,0
2020-11-01,Tulare,107,460477,18461,17774,475,18249,299
2020-11-01,Tuolumne,109,53932,324,295,5,300,5
2020-11-01,Ventura,111,848112,15586,14686,377,15063,156
2020-11-01,Yolo,113,214977,3445,3303,10,3313,60
2020-11-01,Yuba,115,75493,1342,1273,5,1278,10
2020-10-31,Alameda,001,1643700,24514,23780,230,24010,416
2020-10-31,Alpine,003,1148,10,4,0,4,0
2020-10-31,Amador,005,37829,370,347,0,347,16
2020-10-31,Butte,007,227075,3301,3172,46,3218,57
2020-10-31,Calaveras,009,45235,349,280,0,280,18
2020-10-31,Colusa,011,21464,575,555,1,556,6
2020-10-31,Contra Costa,013,1133247,19738,19161,96,19257,249
2020-10-31,Del Norte,015,27424,188,175,0,175,2
2020-10-31,El Dorado,017,186661,1519,1390,12,1402,4
2020-10-31,Fresno,019,978130,34396,31558,521,32079,451
2020-10-31,Glenn,021,27897,709,678,3,681,3
2020-10-31,Humboldt,023,135768,592,561,1,562,8
2020-10-31,Imperial,025,180216,13256,12912,19,12931,334
2020-10-31,Inyo,027,18085,251,241,5,246,14
2020-10-31,Kern,029,883053,34656,33666,456,34122,437
2020-10-31,Kings,031,150075,8995,8612,56,8668,82
2020-10-31,Lake,033,64148,750,724,0,724,16
2020-10-31,Lassen,035,31185,794,782,2,784,0
2020-10-31,Los Angeles,037,10098052,312174,304704,3076,307780,7073
2020-10-31,Madera,039,155013,5209,5013,50,5063,54
2020-10-31,Marin,041,260295,7232,7112,20,7132,125
2020-10-31,Mariposa,043,17540,83,79,0,79,2
2020-10-31,Mendocino,045,87422,1118,1066,5,1071,21
2020-10-31,Merced,047,269075,9832,9597,38,9635,151
2020-10-31,Modoc,049,8938,52,34,4,38,0
2020-10-31,Mono,051,14174,263,194,5,199,1
2020-10-31,Monterey,053,433212,11880,11539,81,11620,93
2020-10-31,Napa,055,140530,2205,2040,9,2049,15
2020-10-31,Nevada,057,99092,690,644,18,662,9
2020-10-31,Orange,059,3164182,62487,59488,1857,61345,1473
2020-10-31,Placer,061,380077,4723,4374,19,4393,58
2020-10-31,Plumas,063,18699,95,85,0,85,0
2020-10-31,Riverside,065,2383286,70208,68178,534,68712,1319
2020-10-31,Sacramento,067,1510023,27018,26316,34,26350,507
2020-10-31,San Benito,069,59416,1475,1448,1,1449,15
2020-10-31,San Bernardino,071,2135413,67151,64016,504,64520,1157
2020-10-31,San Diego,073,3302833,59451,56769,1729,58498,891
2020-10-31,San Francisco,075,870044,12746,12438,50,12488,145
2020-10-31,San Joaquin,077,732212,22521,21918,256,22174,500
2020-10-31,San Luis Obispo,079,281455,4622,4285,36,4321,31
2020-10-31,San Mateo,081,765935,11750,11253,11,11264,160
2020-10-31,Santa Barbara,083,443738,10116,9957,99,10056,130
2020-10-31,Santa Clara,085,1922200,26526,24957,51,25008,379
2020-10-31,Santa Cruz,087,273765,3064,2895,34,2929,25
2020-10-31,Shasta,089,179085,2630,2122,22,2144,33
2020-10-31,Sierra,091,2930,7,6,0,6,0
2020-10-31,Siskiyou,093,43540,246,200,11,211,0
2020-10-31,Solano,095,438530,7888,7545,39,7584,84
2020-10-31,Sonoma,097,501317,10126,9648,33,9681,140
2020-10-31,Stanislaus,099,539301,18160,17920,823,18743,412
2020-10-31,Sutter,101,95872,1936,1876,1,1877,12
2020-10-31,Tehama,103,63373,1017,953,2,955,5
2020-10-31,Trinity,105,12862,105,30,12,42,0
2020-10-31,Tulare,107,460477,18412,17758,468,18226,299
2020-10-31,Tuolumne,109,53932,317,290,5,295,5
2020-10-31,Ventura,111,848112,15502,14635,359,14994,155
2020-10-31,Yolo,113,214977,3410,3290,10,3300,60
2020-10-31,Yuba,115,75493,1326,1260,4,1264,10
2020-10-30,Alameda,001,1643700,24435,23676,228,23904,401
2020-10-30,Alpine,003,1148,10,4,0,4,0
2020-10-30,Amador,005,37829,370,344,0,344,16
2020-10-30,Butte,007,227075,3296,3160,46,3206,57
2020-10-30,Calaveras,009,45235,348,279,0,279,18
2020-10-30,Colusa,011,21464,573,554,1,555,6
2020-10-30,Contra Costa,013,1133247,19666,19074,96,19170,249
2020-10-30,Del Norte,015,27424,187,175,0,175,2
2020-10-30,El Dorado,017,186661,1506,1386,12,1398,4
2020-10-30,Fresno,019,978130,34274,31409,513,31922,446
2020-10-30,Glenn,021,27897,703,674,2,676,3
2020-10-30,Humboldt,023,135768,591,561,1,562,7
2020-10-30,Imperial,025,180216,13215,12853,19,12872,334
2020-10-30,Inyo,027,18085,250,241,5,246,14
2020-10-30,Kern,029,883053,34563,33583,455,34038,437
2020-10-30,Kings,031,150075,8985,8564,54,8618,82
2020-10-30,Lake,033,64148,750,720,0,720,16
2020-10-30,Lassen,035,31185,788,777,2,779,0
2020-10-30,Los Angeles,037,10098052,310738,303425,3041,306466,7060
2020-10-30,Madera,039,155013,5197,4991,48,5039,54
2020-10-30,Marin,041,260295,7212,7097,20,7117,125
2020-10-30,Mariposa,043,17540,83,78,0,78,2
2020-10-30,Mendocino,045,87422,1116,1062,5,1067,21
2020-10-30,Merced,047,269075,9800,9539,38,9577,150
2020-10-30,Modoc,049,8938,51,34,3,37,0
2020-10-30,Mono,051,14174,262,193,5,198,1
2020-10-30,Monterey,053,433212,11817,11491,76,11567,92
2020-10-30,Napa,055,140530,2187,2028,9,2037,15
2020-10-30,Nevada,057,99092,684,634,18,652,9
2020-10-30,Orange,059,3164182,62246,59334,1845,61179,1469
2020-10-30,Placer,061,380077,4676,4335,19,4354,58
2020-10-30,Plumas,063,18699,92,80,0,80,0
2020-10-30,Riverside,065,2383286,69870,67752,514,68266,1317
2020-10-30,Sacramento,067,1510023,26870,26147,34,26181,505
2020-10-30,San Benito,069,59416,1469,1440,1,1441,15
2020-10-30,San Bernardino,071,2135413,66735,63512,501,64013,1156
2020-10-30,San Diego,073,3302833,59046,56387,1707,58094,888
2020-10-30,San Francisco,075,870044,12691,12384,50,12434,145
2020-10-30,San Joaquin,077,732212,22454,21849,250,22099,500
2020-10-30,San Luis Obispo,079,281455,4580,4256,36,4292,31
2020-10-30,San Mateo,081,765935,11691,11207,11,11218,159
2020-10-30,Santa Barbara,083,443738,10093,9937,99,10036,128
2020-10-30,Santa Clara,085,1922200,26378,24811,51,24862,378
2020-10-30,Santa Cruz,087,273765,3046,2874,34,2908,25
2020-10-30,Shasta,089,179085,2586,2048,21,2069,32
2020-10-30,Sierra,091,2930,7,6,0,6,0
2020-10-30,Siskiyou,093,43540,246,192,11,203,0
2020-10-30,Solano,095,438530,7827,7497,39,7536,84
2020-10-30,Sonoma,097,501317,10051,9602,33,9635,140
2020-10-30,Stanislaus,099,539301,18112,17861,808,18669,410
2020-10-30,Sutter,101,95872,1923,1860,1,1861,12
2020-10-30,Tehama,103,63373,1013,932,2,934,5
2020-10-30,Trinity,105,12862,105,29,12,41,0
2020-10-30,Tulare,107,460477,18368,17682,453,18135,299
2020-10-30,Tuolumne,109,53932,310,286,5,291,4
2020-10-30,Ventura,111,848112,15429,14578,348,14926,154
2020-10-30,Yolo,113,214977,3393,3263,10,3273,60
2020-10-30,Yuba,115,75493,1318,1256,4,1260,10
2020-10-29,Alameda,001,1643700,24272,23530,227,23757,401
2020-10-29,Alpine,003,1148,7,4,0,4,0
2020-10-29,Amador,005,37829,366,338,0,338,16
2020-10-29,Butte,007,227075,3278,3143,45,3188,57
2020-10-29,Calaveras,009,45235,346,278,0,278,13
2020-10-29,Colusa,011,21464,569,552,1,553,6
2020-10-29,Contra Costa,013,1133247,19569,18933,95,19028,249
2020-10-29,Del Norte,015,27424,185,174,0,174,2
2020-10-29,El Dorado,017,186661,1484,1370,12,1382,4
2020-10-29,Fresno,019,978130,34117,31321,506,31827,445
2020-10-29,Glenn,021,27897,701,673,2,675,3
2020-10-29,Humboldt,023,135768,586,559,1,560,7
2020-10-29,Imperial,025,180216,13171,12769,19,12788,334
2020-10-29,Inyo,027,18085,248,238,5,243,14
2020-10-29,Kern,029,883053,34462,33460,451,33911,437
2020-10-29,Kings,031,150075,8831,8502,53,8555,82
2020-10-29,Lake,033,64148,747,702,0,702,16
2020-10-29,Lassen,035,31185,787,772,2,774,0
2020-10-29,Los Angeles,037,10098052,309110,302246,2995,305241,7046
2020-10-29,Madera,039,155013,5167,4970,46,5016,53
2020-10-29,Marin,041,260295,7198,7083,20,7103,125
2020-10-29,Mariposa,043,17540,81,78,0,78,2
2020-10-29,Mendocino,045,87422,1110,1058,5,1063,21
2020-10-29,Merced,047,269075,9748,9496,38,9534,150
2020-10-29,Modoc,049,8938,49,31,3,34,0
2020-10-29,Mono,051,14174,255,176,5,181,1
2020-10-29,Monterey,053,433212,11736,11425,74,11499,92
2020-10-29,Napa,055,140530,2163,2009,9,2018,15
2020-10-29,Nevada,057,99092,677,632,18,650,9
2020-10-29,Orange,059,3164182,61978,59046,1825,60871,1464
2020-10-29,Placer,061,380077,4631,4270,18,4288,58
2020-10-29,Plumas,063,18699,90,69,0,69,0
2020-10-29,Riverside,065,2383286,69494,67268,484,67752,1304
2020-10-29,Sacramento,067,1510023,26657,25978,33,26011,507
2020-10-29,San Benito,069,59416,1464,1431,1,1432,15
2020-10-29,San Bernardino,071,2135413,66167,62968,491,63459,1150
2020-10-29,San Diego,073,3302833,58580,55916,1678,57594,885
2020-10-29,San Francisco,075,870044,12613,12312,50,12362,145
2020-10-29,San Joaquin,077,732212,22370,21736,238,21974,498
2020-10-29,San Luis Obispo,079,281455,4549,4223,35,4258,31
2020-10-29,San Mateo,081,765935,11646,11145,11,11156,157
2020-10-29,Santa Barbara,083,443738,10060,9902,97,9999,128
2020-10-29,Santa Clara,085,1922200,26227,24614,51,24665,377
2020-10-29,Santa Cruz,087,273765,3021,2850,34,2884,24
2020-10-29,Shasta,089,179085,2523,2008,21,2029,32
2020-10-29,Sierra,091,2930,6,6,0,6,0
2020-10-29,Siskiyou,093,43540,230,185,11,196,0
2020-10-29,Solano,095,438530,7765,7453,39,7492,78
2020-10-29,Sonoma,097,501317,9986,9533,33,9566,140
2020-10-29,Stanislaus,099,539301,18059,17790,787,18577,410
2020-10-29,Sutter,101,95872,1916,1852,1,1853,12
2020-10-29,Tehama,103,63373,995,925,2,927,5
2020-10-29,Trinity,105,12862,100,28,11,39,0
2020-10-29,Tulare,107,460477,18290,17627,435,18062,299
2020-10-29,Tuolumne,109,53932,305,279,5,284,4
2020-10-29,Ventura,111,848112,15338,14486,344,14830,154
2020-10-29,Yolo,113,214977,3364,3246,10,3256,60
2020-10-29,Yuba,115,75493,1307,1248,4,1252,10
2020-10-28,Alameda,001,1643700,24172,23468,226,23694,400
2020-10-28,Alpine,003,1148,6,4,0,4,0
2020-10-28,Amador,005,37829,363,337,0,337,16
2020-10-28,Butte,007,227075,3262,3134,42,3176,56
2020-10-28,Calaveras,009,45235,345,278,0,278,13
2020-10-28,Colusa,011,21464,566,551,1,552,6
2020-10-28,Contra Costa,013,1133247,19482,18828,94,18922,246
2020-10-28,Del Norte,015,27424,182,173,0,173,2
2020-10-28,El Dorado,017,186661,1472,1363,12,1375,4
2020-10-28,Fresno,019,978130,33996,31195,500,31695,444
2020-10-28,Glenn,021,27897,697,673,2,675,3
2020-10-28,Humboldt,023,135768,582,559,1,560,7
2020-10-28,Imperial,025,180216,13122,12730,19,12749,333
2020-10-28,Inyo,027,18085,248,238,5,243,14
2020-10-28,Kern,029,883053,34360,33424,433,33857,436
2020-10-28,Kings,031,150075,8809,8486,53,8539,82
2020-10-28,Lake,033,64148,744,700,0,700,15
2020-10-28,Lassen,035,31185,783,771,2,773,0
2020-10-28,Los Angeles,037,10098052,307654,300726,2953,303679,7031
2020-10-28,Madera,039,155013,5150,4954,45,4999,53
2020-10-28,Marin,041,260295,7187,7079,20,7099,126
2020-10-28,Mariposa,043,17540,81,78,0,78,2
2020-10-28,Mendocino,045,87422,1109,1037,5,1042,20
2020-10-28,Merced,047,269075,9722,9480,37,9517,150
2020-10-28,Modoc,049,8938,48,31,2,33,0
2020-10-28,Mono,051,14174,237,176,5,181,1
2020-10-28,Monterey,053,433212,11678,11330,72,11402,89
2020-10-28,Napa,055,140530,2137,1998,8,2006,15
2020-10-28,Nevada,057,99092,669,629,18,647,9
2020-10-28,Orange,059,3164182,61714,58801,1809,60610,1459
2020-10-28,Placer,061,380077,4575,4236,18,4254,57
2020-10-28,Plumas,063,18699,89,67,0,67,0
2020-10-28,Riverside,065,2383286,69096,67003,460,67463,1302
2020-10-28,Sacramento,067,1510023,26461,25838,32,25870,506
2020-10-28,San Benito,069,59416,1456,1429,1,1430,15
2020-10-28,San Bernardino,071,2135413,65708,62778,482,63260,1154
2020-10-28,San Diego,073,3302833,58197,55556,1649,57205,881
2020-10-28,San Francisco,075,870044,12555,12261,49,12310,145
2020-10-28,San Joaquin,077,732212,22286,21707,227,21934,498
2020-10-28,San Luis Obispo,079,281455,4505,4197,32,4229,31
2020-10-28,San Mateo,081,765935,11579,11101,11,11112,157
2020-10-28,Santa Barbara,083,443738,10037,9872,95,9967,127
2020-10-28,Santa Clara,085,1922200,26083,24503,51,24554,375
2020-10-28,Santa Cruz,087,273765,2990,2836,34,2870,24
2020-10-28,Shasta,089,179085,2443,1996,20,2016,31
2020-10-28,Sierra,091,2930,6,6,0,6,0
2020-10-28,Siskiyou,093,43540,227,182,10,192,0
2020-10-28,Solano,095,438530,7706,7362,39,7401,77
2020-10-28,Sonoma,097,501317,9896,9457,28,9485,140
2020-10-28,Stanislaus,099,539301,17994,17765,778,18543,409
2020-10-28,Sutter,101,95872,1907,1840,1,1841,12
2020-10-28,Tehama,103,63373,984,921,2,923,5
2020-10-28,Trinity,105,12862,93,28,10,38,0
2020-10-28,Tulare,107,460477,18233,17569,420,17989,297
2020-10-28,Tuolumne,109,53932,302,277,5,282,4
2020-10-28,Ventura,111,848112,15265,14409,335,14744,153
2020-10-28,Yolo,113,214977,3339,3230,10,3240,60
2020-10-28,Yuba,115,75493,1295,1245,4,1249,10
2020-10-27,Alameda,001,1643700,24057,23365,224,23589,400
2020-10-27,Alpine,003,1148,6,3,0,3,0
2020-10-27,Amador,005,37829,360,335,0,335,16
2020-10-27,Butte,007,227075,3246,3107,39,3146,56
2020-10-27,Calaveras,009,45235,343,277,0,277,13
2020-10-27,Colusa,011,21464,561,549,1,550,6
2020-10-27,Contra Costa,013,1133247,19376,18766,94,18860,246
2020-10-27,Del Norte,015,27424,179,173,0,173,2
2020-10-27,El Dorado,017,186661,1459,1351,12,1363,4
2020-10-27,Fresno,019,978130,33877,31096,495,31591,442
2020-10-27,Glenn,021,27897,695,667,1,668,3
2020-10-27,Humboldt,023,135768,579,559,1,560,7
2020-10-27,Imperial,025,180216,13073,12680,19,12699,333
2020-10-27,Inyo,027,18085,248,231,5,236,14
2020-10-27,Kern,029,883053,34243,33328,429,33757,436
2020-10-27,Kings,031,150075,8778,8411,53,8464,83
2020-10-27,Lake,033,64148,741,700,0,700,15
2020-10-27,Lassen,035,31185,781,764,2,766,0
2020-10-27,Los Angeles,037,10098052,306266,299438,2924,302362,7008
2020-10-27,Madera,039,155013,5120,4942,44,4986,53
2020-10-27,Marin,041,260295,7171,7070,20,7090,126
2020-10-27,Mariposa,043,17540,80,78,0,78,2
2020-10-27,Mendocino,045,87422,1103,1033,4,1037,20
2020-10-27,Merced,047,269075,9681,9449,37,9486,150
2020-10-27,Modoc,049,8938,46,31,2,33,0
2020-10-27,Mono,051,14174,223,169,5,174,1
2020-10-27,Monterey,053,433212,11622,11261,70,11331,88
2020-10-27,Napa,055,140530,2121,1979,8,1987,15
2020-10-27,Nevada,057,99092,663,622,18,640,8
2020-10-27,Orange,059,3164182,61443,58550,1793,60343,1448
2020-10-27,Placer,061,380077,4526,4197,16,4213,57
2020-10-27,Plumas,063,18699,86,63,0,63,0
2020-10-27,Riverside,065,2383286,68743,66699,415,67114,1299
2020-10-27,Sacramento,067,1510023,26274,25701,31,25732,501
2020-10-27,San Benito,069,59416,1451,1428,1,1429,15
2020-10-27,San Bernardino,071,2135413,65246,62357,469,62826,1154
2020-10-27,San Diego,073,3302833,57724,55226,1626,56852,877
2020-10-27,San Francisco,075,870044,12480,12218,48,12266,140
2020-10-27,San Joaquin,077,732212,22195,21637,218,21855,496
2020-10-27,San Luis Obispo,079,281455,4478,4148,28,4176,31
2020-10-27,San Mateo,081,765935,11531,11074,11,11085,156
2020-10-27,Santa Barbara,083,443738,10007,9874,94,9968,125
2020-10-27,Santa Clara,085,1922200,25941,24368,51,24419,367
2020-10-27,Santa Cruz,087,273765,2960,2815,33,2848,24
2020-10-27,Shasta,089,179085,2357,1962,20,1982,29
2020-10-27,Sierra,091,2930,6,6,0,6,0
2020-10-27,Siskiyou,093,43540,218,181,10,191,0
2020-10-27,Solano,095,438530,7637,7298,39,7337,77
2020-10-27,Sonoma,097,501317,9829,9389,28,9417,140
2020-10-27,Stanislaus,099,539301,17926,17720,771,18491,408
2020-10-27,Sutter,101,95872,1894,1832,1,1833,12
2020-10-27,Tehama,103,63373,970,913,2,915,5
2020-10-27,Trinity,105,12862,90,28,10,38,0
2020-10-27,Tulare,107,460477,18170,17520,397,17917,296
2020-10-27,Tuolumne,109,53932,298,275,5,280,4
2020-10-27,Ventura,111,848112,15182,14347,328,14675,153
2020-10-27,Yolo,113,214977,3326,3216,10,3226,58
2020-10-27,Yuba,115,75493,1282,1235,4,1239,10
2020-10-26,Alameda,001,1643700,23944,23284,223,23507,398
2020-10-26,Alpine,003,1148,4,3,0,3,0
2020-10-26,Amador,005,37829,356,331,0,331,16
2020-10-26,Butte,007,227075,3235,3095,37,3132,56
2020-10-26,Calaveras,009,45235,340,274,0,274,13
2020-10-26,Colusa,011,21464,559,548,1,549,6
2020-10-26,Contra Costa,013,1133247,19281,18718,93,18811,245
2020-10-26,Del Norte,015,27424,179,171,0,171,2
2020-10-26,El Dorado,017,186661,1445,1336,12,1348,4
2020-10-26,Fresno,019,978130,33764,30969,488,31457,441
2020-10-26,Glenn,021,27897,688,660,1,661,3
2020-10-26,Humboldt,023,135768,571,554,1,555,7
2020-10-26,Imperial,025,180216,13019,12654,16,12670,333
2020-10-26,Inyo,027,18085,248,226,5,231,14
2020-10-26,Kern,029,883053,34159,33233,424,33657,432
2020-10-26,Kings,031,150075,8757,8264,51,8315,82
2020-10-26,Lake,033,64148,739,697,0,697,15
2020-10-26,Lassen,035,31185,778,764,2,766,0
2020-10-26,Los Angeles,037,10098052,304839,297961,2883,300844,6979
2020-10-26,Madera,039,155013,5099,4922,43,4965,53
2020-10-26,Marin,041,260295,7165,7064,19,7083,104
2020-10-26,Mariposa,043,17540,80,77,0,77,2
2020-10-26,Mendocino,045,87422,1095,1026,4,1030,20
2020-10-26,Merced,047,269075,9634,9375,36,9411,150
2020-10-26,Modoc,049,8938,44,28,0,28,0
2020-10-26,Mono,051,14174,217,167,5,172,1
2020-10-26,Monterey,053,433212,11571,11207,66,11273,87
2020-10-26,Napa,055,140530,2089,1966,8,1974,14
2020-10-26,Nevada,057,99092,656,618,18,636,8
2020-10-26,Orange,059,3164182,61239,58377,1775,60152,1442
2020-10-26,Placer,061,380077,4484,4161,15,4176,57
2020-10-26,Plumas,063,18699,84,63,0,63,0
2020-10-26,Riverside,065,2383286,68292,66475,389,66864,1294
2020-10-26,Sacramento,067,1510023,26093,25555,29,25584,496
2020-10-26,San Benito,069,59416,1443,1424,1,1425,15
2020-10-26,San Bernardino,071,2135413,64775,61871,466,62337,1153
2020-10-26,San Diego,073,3302833,57331,54957,1588,56545,870
2020-10-26,San Francisco,075,870044,12420,12072,48,12120,138
2020-10-26,San Joaquin,077,732212,22112,21459,212,21671,495
2020-10-26,San Luis Obispo,079,281455,4452,4133,28,4161,31
2020-10-26,San Mateo,081,765935,11487,11037,11,11048,156
2020-10-26,Santa Barbara,083,443738,9984,9827,94,9921,122
2020-10-26,Santa Clara,085,1922200,25751,24258,50,24308,365
2020-10-26,Santa Cruz,087,273765,2934,2808,33,2841,24
2020-10-26,Shasta,089,179085,2303,1889,20,1909,29
2020-10-26,Sierra,091,2930,6,6,0,6,0
2020-10-26,Siskiyou,093,43540,210,179,10,189,0
2020-10-26,Solano,095,438530,7557,7271,39,7310,62
2020-10-26,Sonoma,097,501317,9752,9315,28,9343,140
2020-10-26,Stanislaus,099,539301,17876,17666,761,18427,400
2020-10-26,Sutter,101,95872,1886,1817,1,1818,12
2020-10-26,Tehama,103,63373,950,892,2,894,5
2020-10-26,Trinity,105,12862,89,26,10,36,0
2020-10-26,Tulare,107,460477,18093,17432,374,17806,296
2020-10-26,Tuolumne,109,53932,289,271,5,276,4
2020-10-26,Ventura,111,848112,15113,14330,325,14655,154
2020-10-26,Yolo,113,214977,3307,3206,10,3216,58
2020-10-26,Yuba,115,75493,1266,1226,4,1230,10
2020-10-25,Alameda,001,1643700,23838,23192,223,23415,398
2020-10-25,Alpine,003,1148,3,3,0,3,0
2020-10-25,Amador,005,37829,345,330,0,330,16
2020-10-25,Butte,007,227075,3215,3087,37,3124,56
2020-10-25,Calaveras,009,45235,339,274,0,274,13
2020-10-25,Colusa,011,21464,555,548,1,549,6
2020-10-25,Contra Costa,013,1133247,19179,18640,93,18733,245
2020-10-25,Del Norte,015,27424,175,171,0,171,2
2020-10-25,El Dorado,017,186661,1430,1328,12,1340,4
2020-10-25,Fresno,019,978130,33630,30858,475,31333,441
2020-10-25,Glenn,021,27897,685,652,1,653,3
2020-10-25,Humboldt,023,135768,568,554,1,555,7
2020-10-25,Imperial,025,180216,12970,12572,16,12588,333
2020-10-25,Inyo,027,18085,245,226,5,231,14
2020-10-25,Kern,029,883053,34052,33185,420,33605,432
2020-10-25,Kings,031,150075,8724,8246,49,8295,82
2020-10-25,Lake,033,64148,722,695,0,695,15
2020-10-25,Lassen,035,31185,776,764,2,766,0
2020-10-25,Los Angeles,037,10098052,303274,297110,2847,299957,6973
2020-10-25,Madera,039,155013,5069,4909,38,4947,53
2020-10-25,Marin,041,260295,7155,7052,19,7071,102
2020-10-25,Mariposa,043,17540,80,77,0,77,2
2020-10-25,Mendocino,045,87422,1088,1024,4,1028,20
2020-10-25,Merced,047,269075,9569,9352,34,9386,150
2020-10-25,Modoc,049,8938,39,28,0,28,0
2020-10-25,Mono,051,14174,209,167,5,172,1
2020-10-25,Monterey,053,433212,11488,11182,61,11243,87
2020-10-25,Napa,055,140530,2059,1962,8,1970,14
2020-10-25,Nevada,057,99092,648,616,18,634,8
2020-10-25,Orange,059,3164182,60951,58185,1766,59951,1443
2020-10-25,Placer,061,380077,4432,4140,15,4155,57
2020-10-25,Plumas,063,18699,84,63,0,63,0
2020-10-25,Riverside,065,2383286,67841,66192,373,66565,1289
2020-10-25,Sacramento,067,1510023,25878,25445,27,25472,496
2020-10-25,San Benito,069,59416,1436,1423,1,1424,15
2020-10-25,San Bernardino,071,2135413,64235,61551,454,62005,1153
2020-10-25,San Diego,073,3302833,56868,54599,1556,56155,870
2020-10-25,San Francisco,075,870044,12347,12072,48,12120,137
2020-10-25,San Joaquin,077,732212,22004,21459,204,21663,495
2020-10-25,San Luis Obispo,079,281455,4410,4126,26,4152,31
2020-10-25,San Mateo,081,765935,11442,10987,11,10998,156
2020-10-25,Santa Barbara,083,443738,9964,9814,94,9908,122
2020-10-25,Santa Clara,085,1922200,25563,24087,50,24137,365
2020-10-25,Santa Cruz,087,273765,2907,2789,33,2822,24
2020-10-25,Shasta,089,179085,2239,1889,20,1909,29
2020-10-25,Sierra,091,2930,6,6,0,6,0
2020-10-25,Siskiyou,093,43540,207,176,10,186,0
2020-10-25,Solano,095,438530,7479,7197,39,7236,60
2020-10-25,Sonoma,097,501317,9659,9235,27,9262,140
2020-10-25,Stanislaus,099,539301,17819,17641,752,18393,400
2020-10-25,Sutter,101,95872,1868,1811,1,1812,12
2020-10-25,Tehama,103,63373,933,880,2,882,5
2020-10-25,Trinity,105,12862,85,26,10,36,0
2020-10-25,Tulare,107,460477,18019,17431,364,17795,296
2020-10-25,Tuolumne,109,53932,284,271,5,276,4
2020-10-25,Ventura,111,848112,15020,14300,319,14619,154
2020-10-25,Yolo,113,214977,3286,3190,10,3200,58
2020-10-25,Yuba,115,75493,1258,1219,4,1223,10
2020-10-24,Alameda,001,1643700,23767,23099,220,23319,398
2020-10-24,Alpine,003,1148,3,3,0,3,0
2020-10-24,Amador,005,37829,344,328,0,328,16
2020-10-24,Butte,007,227075,3206,3078,37,3115,56
2020-10-24,Calaveras,009,45235,337,274,0,274,13
2020-10-24,Colusa,011,21464,550,548,1,549,6
2020-10-24,Contra Costa,013,1133247,19112,18567,93,18660,244
2020-10-24,Del Norte,015,27424,174,171,0,171,2
2020-10-24,El Dorado,017,186661,1414,1317,12,1329,4
2020-10-24,Fresno,019,978130,33569,30752,470,31222,441
2020-10-24,Glenn,021,27897,682,650,1,651,3
2020-10-24,Humboldt,023,135768,566,553,1,554,7
2020-10-24,Imperial,025,180216,12943,12469,16,12485,333
2020-10-24,Inyo,027,18085,245,226,5,231,14
2020-10-24,Kern,029,883053,33994,33105,415,33520,432
2020-10-24,Kings,031,150075,8714,8228,48,8276,82
2020-10-24,Lake,033,64148,717,696,0,696,15
2020-10-24,Lassen,035,31185,775,764,2,766,0
2020-10-24,Los Angeles,037,10098052,302456,296323,2825,299148,6969
2020-10-24,Madera,039,155013,5056,4898,37,4935,53
2020-10-24,Marin,041,260295,7146,7042,19,7061,102
2020-10-24,Mariposa,043,17540,80,77,0,77,2
2020-10-24,Mendocino,045,87422,1076,1022,4,1026,20
2020-10-24,Merced,047,269075,9545,9351,34,9385,150
2020-10-24,Modoc,049,8938,38,28,0,28,0
2020-10-24,Mono,051,14174,195,167,5,172,1
2020-10-24,Monterey,053,433212,11419,11153,60,11213,87
2020-10-24,Napa,055,140530,2042,1957,8,1965,14
2020-10-24,Nevada,057,99092,644,608,18,626,8
2020-10-24,Orange,059,3164182,60796,57928,1756,59684,1441
2020-10-24,Placer,061,380077,4401,4093,15,4108,57
2020-10-24,Plumas,063,18699,78,63,0,63,0
2020-10-24,Riverside,065,2383286,67633,65902,359,66261,1288
2020-10-24,Sacramento,067,1510023,25797,25372,27,25399,496
2020-10-24,San Benito,069,59416,1431,1417,1,1418,15
2020-10-24,San Bernardino,071,2135413,63996,61351,446,61797,1153
2020-10-24,San Diego,073,3302833,56591,54330,1543,55873,868
2020-10-24,San Francisco,075,870044,12289,12073,47,12120,137
2020-10-24,San Joaquin,077,732212,21951,21458,199,21657,495
2020-10-24,San Luis Obispo,079,281455,4387,4119,25,4144,31
2020-10-24,San Mateo,081,765935,11403,10942,11,10953,155
2020-10-24,Santa Barbara,083,443738,9947,9781,94,9875,122
2020-10-24,Santa Clara,085,1922200,25476,23978,50,24028,365
2020-10-24,Santa Cruz,087,273765,2888,2775,33,2808,24
2020-10-24,Shasta,089,179085,2194,1878,20,1898,29
2020-10-24,Sierra,091,2930,6,6,0,6,0
2020-10-24,Siskiyou,093,43540,206,174,10,184,0
2020-10-24,Solano,095,438530,7426,7189,39,7228,60
2020-10-24,Sonoma,097,501317,9625,9179,27,9206,140
2020-10-24,Stanislaus,099,539301,17776,17574,737,18311,400
2020-10-24,Sutter,101,95872,1859,1804,1,1805,12
2020-10-24,Tehama,103,63373,925,872,2,874,5
2020-10-24,Trinity,105,12862,85,25,10,35,0
2020-10-24,Tulare,107,460477,17996,17406,353,17759,295
2020-10-24,Tuolumne,109,53932,281,269,5,274,4
2020-10-24,Ventura,111,848112,14967,14240,318,14558,154
2020-10-24,Yolo,113,214977,3274,3164,10,3174,57
2020-10-24,Yuba,115,75493,1255,1210,4,1214,10
2020-10-23,Alameda,001,1643700,23694,23047,218,23265,393
2020-10-23,Alpine,003,1148,3,3,0,3,0
2020-10-23,Amador,005,37829,343,324,0,324,16
2020-10-23,Butte,007,227075,3197,3059,37,3096,55
2020-10-23,Calaveras,009,45235,336,273,0,273,13
2020-10-23,Colusa,011,21464,550,547,1,548,6
2020-10-23,Contra Costa,013,1133247,19042,18483,92,18575,244
2020-10-23,Del Norte,015,27424,174,171,0,171,2
2020-10-23,El Dorado,017,186661,1405,1310,12,1322,4
2020-10-23,Fresno,019,978130,33502,30590,467,31057,441
2020-10-23,Glenn,021,27897,679,644,1,645,3
2020-10-23,Humboldt,023,135768,564,553,1,554,7
2020-10-23,Imperial,025,180216,12912,12398,15,12413,333
2020-10-23,Inyo,027,18085,244,226,5,231,14
2020-10-23,Kern,029,883053,33926,33077,410,33487,431
2020-10-23,Kings,031,150075,8705,8218,48,8266,82
2020-10-23,Lake,033,64148,715,689,0,689,15
2020-10-23,Lassen,035,31185,774,764,2,766,0
2020-10-23,Los Angeles,037,10098052,301372,294287,2797,297084,6956
2020-10-23,Madera,039,155013,5051,4888,37,4925,53
2020-10-23,Marin,041,260295,7133,7029,19,7048,102
2020-10-23,Mariposa,043,17540,80,77,0,77,2
2020-10-23,Mendocino,045,87422,1073,1019,4,1023,20
2020-10-23,Merced,047,269075,9531,9327,34,9361,149
2020-10-23,Modoc,049,8938,38,28,0,28,0
2020-10-23,Mono,051,14174,194,159,5,164,1
2020-10-23,Monterey,053,433212,11372,11099,56,11155,86
2020-10-23,Napa,055,140530,2034,1942,8,1950,14
2020-10-23,Nevada,057,99092,641,604,18,622,8
2020-10-23,Orange,059,3164182,60626,57595,1741,59336,1430
2020-10-23,Placer,061,380077,4354,4073,15,4088,57
2020-10-23,Plumas,063,18699,75,63,0,63,0
2020-10-23,Riverside,065,2383286,67394,65512,351,65863,1279
2020-10-23,Sacramento,067,1510023,25692,25224,27,25251,496
2020-10-23,San Benito,069,59416,1429,1412,1,1413,15
2020-10-23,San Bernardino,071,2135413,63710,60854,432,61286,1150
2020-10-23,San Diego,073,3302833,56285,53944,1516,55460,867
2020-10-23,San Francisco,075,870044,12258,12015,47,12062,137
2020-10-23,San Joaquin,077,732212,21895,21361,193,21554,495
2020-10-23,San Luis Obispo,079,281455,4362,4102,25,4127,31
2020-10-23,San Mateo,081,765935,11354,10872,11,10883,155
2020-10-23,Santa Barbara,083,443738,9931,9751,94,9845,121
2020-10-23,Santa Clara,085,1922200,25374,23822,50,23872,364
2020-10-23,Santa Cruz,087,273765,2874,2757,33,2790,24
2020-10-23,Shasta,089,179085,2157,1846,19,1865,29
2020-10-23,Sierra,091,2930,6,6,0,6,0
2020-10-23,Siskiyou,093,43540,202,172,10,182,0
2020-10-23,Solano,095,438530,7395,7174,39,7213,59
2020-10-23,Sonoma,097,501317,9568,9112,27,9139,139
2020-10-23,Stanislaus,099,539301,17739,17496,730,18226,395
2020-10-23,Sutter,101,95872,1852,1797,1,1798,12
2020-10-23,Tehama,103,63373,916,862,2,864,5
2020-10-23,Trinity,105,12862,85,26,10,36,0
2020-10-23,Tulare,107,460477,17951,17334,342,17676,295
2020-10-23,Tuolumne,109,53932,279,254,5,259,4
2020-10-23,Ventura,111,848112,14938,14192,318,14510,155
2020-10-23,Yolo,113,214977,3262,3140,10,3150,57
2020-10-23,Yuba,115,75493,1251,1206,4,1210,10
2020-10-22,Alameda,001,1643700,23593,22915,218,23133,393
2020-10-22,Alpine,003,1148,3,3,0,3,0
2020-10-22,Amador,005,37829,339,317,0,317,16
2020-10-22,Butte,007,227075,3187,3046,35,3081,55
2020-10-22,Calaveras,009,45235,333,273,0,273,13
2020-10-22,Colusa,011,21464,550,547,1,548,6
2020-10-22,Contra Costa,013,1133247,18971,18393,92,18485,243
2020-10-22,Del Norte,015,27424,173,168,0,168,2
2020-10-22,El Dorado,017,186661,1395,1308,12,1320,4
2020-10-22,Fresno,019,978130,33392,30471,459,30930,438
2020-10-22,Glenn,021,27897,672,643,1,644,3
2020-10-22,Humboldt,023,135768,562,548,1,549,7
2020-10-22,Imperial,025,180216,12859,12311,15,12326,333
2020-10-22,Inyo,027,18085,241,220,5,225,14
2020-10-22,Kern,029,883053,33845,32991,407,33398,431
2020-10-22,Kings,031,150075,8454,8201,48,8249,82
2020-10-22,Lake,033,64148,711,678,0,678,15
2020-10-22,Lassen,035,31185,771,764,2,766,0
2020-10-22,Los Angeles,037,10098052,299994,291599,2741,294340,6935
2020-10-22,Madera,039,155013,5030,4847,37,4884,52
2020-10-22,Marin,041,260295,7126,7014,19,7033,102
2020-10-22,Mariposa,043,17540,80,77,0,77,2
2020-10-22,Mendocino,045,87422,1068,1016,4,1020,20
2020-10-22,Merced,047,269075,9503,9323,34,9357,149
2020-10-22,Modoc,049,8938,34,26,0,26,0
2020-10-22,Mono,051,14174,189,156,5,161,1
2020-10-22,Monterey,053,433212,11313,11059,53,11112,84
2020-10-22,Napa,055,140530,2019,1928,8,1936,14
2020-10-22,Nevada,057,99092,635,600,18,618,8
2020-10-22,Orange,059,3164182,60411,57418,1724,59142,1422
2020-10-22,Placer,061,380077,4305,4036,15,4051,57
2020-10-22,Plumas,063,18699,72,62,0,62,0
2020-10-22,Riverside,065,2383286,67059,65104,333,65437,1279
2020-10-22,Sacramento,067,1510023,25552,25054,27,25081,492
2020-10-22,San Benito,069,59416,1425,1403,1,1404,15
2020-10-22,San Bernardino,071,2135413,63308,60402,417,60819,1149
2020-10-22,San Diego,073,3302833,55898,53514,1497,55011,866
2020-10-22,San Francisco,075,870044,12200,11991,45,12036,137
2020-10-22,San Joaquin,077,732212,21822,21282,187,21469,495
2020-10-22,San Luis Obispo,079,281455,4346,4081,25,4106,31
2020-10-22,San Mateo,081,765935,11298,10796,11,10807,155
2020-10-22,Santa Barbara,083,443738,9897,9710,92,9802,120
2020-10-22,Santa Clara,085,1922200,25220,23621,50,23671,363
2020-10-22,Santa Cruz,087,273765,2856,2738,32,2770,24
2020-10-22,Shasta,089,179085,2111,1799,19,1818,29
2020-10-22,Sierra,091,2930,6,6,0,6,0
2020-10-22,Siskiyou,093,43540,201,169,10,179,0
2020-10-22,Solano,095,438530,7349,7116,39,7155,59
2020-10-22,Sonoma,097,501317,9502,9052,26,9078,139
2020-10-22,Stanislaus,099,539301,17685,17440,718,18158,395
2020-10-22,Sutter,101,95872,1838,1794,1,1795,12
2020-10-22,Tehama,103,63373,905,852,2,854,5
2020-10-22,Trinity,105,12862,84,26,10,36,0
2020-10-22,Tulare,107,460477,17885,17265,329,17594,293
2020-10-22,Tuolumne,109,53932,277,252,5,257,4
2020-10-22,Ventura,111,848112,14891,14124,316,14440,154
2020-10-22,Yolo,113,214977,3250,3116,10,3126,58
2020-10-22,Yuba,115,75493,1244,1199,3,1202,10
2020-10-21,Alameda,001,1643700,23505,22853,216,23069,392
2020-10-21,Alpine,003,1148,3,3,0,3,0
2020-10-21,Amador,005,37829,334,313,0,313,16
2020-10-21,Butte,007,227075,3175,3041,35,3076,55
2020-10-21,Calaveras,009,45235,332,272,0,272,13
2020-10-21,Colusa,011,21464,550,546,1,547,6
2020-10-21,Contra Costa,013,1133247,18897,18299,92,18391,243
2020-10-21,Del Norte,015,27424,173,169,0,169,2
2020-10-21,El Dorado,017,186661,1383,1305,11,1316,4
2020-10-21,Fresno,019,978130,33297,30328,454,30782,433
2020-10-21,Glenn,021,27897,667,640,1,641,3
2020-10-21,Humboldt,023,135768,561,548,1,549,7
2020-10-21,Imperial,025,180216,12802,12210,15,12225,331
2020-10-21,Inyo,027,18085,237,220,5,225,14
2020-10-21,Kern,029,883053,33770,32956,405,33361,430
2020-10-21,Kings,031,150075,8427,8186,48,8234,80
2020-10-21,Lake,033,64148,710,676,0,676,15
2020-10-21,Lassen,035,31185,770,764,2,766,0
2020-10-21,Los Angeles,037,10098052,298653,288096,2699,290795,6923
2020-10-21,Madera,039,155013,5005,4831,37,4868,52
2020-10-21,Marin,041,260295,7117,7002,19,7021,102
2020-10-21,Mariposa,043,17540,80,77,0,77,2
2020-10-21,Mendocino,045,87422,1066,1011,4,1015,21
2020-10-21,Merced,047,269075,9479,9319,32,9351,149
2020-10-21,Modoc,049,8938,33,26,0,26,0
2020-10-21,Mono,051,14174,187,156,5,161,1
2020-10-21,Monterey,053,433212,11275,11005,52,11057,83
2020-10-21,Napa,055,140530,2004,1918,8,1926,13
2020-10-21,Nevada,057,99092,629,597,18,615,8
2020-10-21,Orange,059,3164182,60199,57189,1715,58904,1409
2020-10-21,Placer,061,380077,4268,4007,15,4022,56
2020-10-21,Plumas,063,18699,69,58,0,58,0
2020-10-21,Riverside,065,2383286,66763,64778,309,65087,1278
2020-10-21,Sacramento,067,1510023,25359,24908,27,24935,490
2020-10-21,San Benito,069,59416,1424,1401,1,1402,14
2020-10-21,San Bernardino,071,2135413,62898,59948,410,60358,1141
2020-10-21,San Diego,073,3302833,55546,53279,1469,54748,863
2020-10-21,San Francisco,075,870044,12151,11976,44,12020,137
2020-10-21,San Joaquin,077,732212,21746,21201,181,21382,495
2020-10-21,San Luis Obispo,079,281455,4319,4055,23,4078,31
2020-10-21,San Mateo,081,765935,11249,10730,11,10741,155
2020-10-21,Santa Barbara,083,443738,9880,9681,91,9772,121
2020-10-21,Santa Clara,085,1922200,25094,23537,50,23587,361
2020-10-21,Santa Cruz,087,273765,2833,2729,32,2761,24
2020-10-21,Shasta,089,179085,2075,1777,19,1796,27
2020-10-21,Sierra,091,2930,6,6,0,6,0
2020-10-21,Siskiyou,093,43540,197,169,10,179,0
2020-10-21,Solano,095,438530,7303,7088,39,7127,59
2020-10-21,Sonoma,097,501317,9422,8987,26,9013,138
2020-10-21,Stanislaus,099,539301,17635,17419,710,18129,392
2020-10-21,Sutter,101,95872,1824,1786,1,1787,12
2020-10-21,Tehama,103,63373,889,824,2,826,5
2020-10-21,Trinity,105,12862,78,25,9,34,0
2020-10-21,Tulare,107,460477,17847,17204,315,17519,292
2020-10-21,Tuolumne,109,53932,276,251,5,256,4
2020-10-21,Ventura,111,848112,14828,14050,313,14363,153
2020-10-21,Yolo,113,214977,3231,3095,10,3105,58
2020-10-21,Yuba,115,75493,1236,1194,3,1197,10
2020-10-20,Alameda,001,1643700,23402,22750,212,22962,391
2020-10-20,Alpine,003,1148,3,3,0,3,0
2020-10-20,Amador,005,37829,333,313,0,313,16
2020-10-20,Butte,007,227075,3163,3027,35,3062,56
2020-10-20,Calaveras,009,45235,330,273,0,273,13
2020-10-20,Colusa,011,21464,547,546,1,547,6
2020-10-20,Contra Costa,013,1133247,18804,18246,92,18338,241
2020-10-20,Del Norte,015,27424,172,169,0,169,2
2020-10-20,El Dorado,017,186661,1377,1295,11,1306,4
2020-10-20,Fresno,019,978130,33194,30220,448,30668,431
2020-10-20,Glenn,021,27897,662,638,1,639,3
2020-10-20,Humboldt,023,135768,557,545,1,546,7
2020-10-20,Imperial,025,180216,12734,12114,15,12129,330
2020-10-20,Inyo,027,18085,237,218,5,223,14
2020-10-20,Kern,029,883053,33695,32889,392,33281,429
2020-10-20,Kings,031,150075,8409,8178,47,8225,80
2020-10-20,Lake,033,64148,708,675,0,675,15
2020-10-20,Lassen,035,31185,769,757,2,759,0
2020-10-20,Los Angeles,037,10098052,297159,287727,2650,290377,6891
2020-10-20,Madera,039,155013,4988,4823,37,4860,52
2020-10-20,Marin,041,260295,7102,6994,19,7013,101
2020-10-20,Mariposa,043,17540,79,77,0,77,2
2020-10-20,Mendocino,045,87422,1064,1004,4,1008,21
2020-10-20,Merced,047,269075,9457,9323,32,9355,149
2020-10-20,Modoc,049,8938,32,26,0,26,0
2020-10-20,Mono,051,14174,187,156,5,161,1
2020-10-20,Monterey,053,433212,11232,10942,49,10991,81
2020-10-20,Napa,055,140530,1985,1912,8,1920,13
2020-10-20,Nevada,057,99092,619,596,18,614,8
2020-10-20,Orange,059,3164182,59935,56914,1705,58619,1397
2020-10-20,Placer,061,380077,4230,3997,15,4012,56
2020-10-20,Plumas,063,18699,66,53,0,53,0
2020-10-20,Riverside,065,2383286,66384,64452,297,64749,1275
2020-10-20,Sacramento,067,1510023,25231,24767,26,24793,485
2020-10-20,San Benito,069,59416,1421,1398,1,1399,14
2020-10-20,San Bernardino,071,2135413,62514,59571,408,59979,1109
2020-10-20,San Diego,073,3302833,55210,53004,1449,54453,857
2020-10-20,San Francisco,075,870044,12104,12013,43,12056,126
2020-10-20,San Joaquin,077,732212,21667,21173,172,21345,490
2020-10-20,San Luis Obispo,079,281455,4301,4043,22,4065,31
2020-10-20,San Mateo,081,765935,11202,10659,11,10670,155
2020-10-20,Santa Barbara,083,443738,9851,9664,89,9753,121
2020-10-20,Santa Clara,085,1922200,24956,23406,50,23456,358
2020-10-20,Santa Cruz,087,273765,2810,2710,32,2742,23
2020-10-20,Shasta,089,179085,2052,1747,19,1766,20
2020-10-20,Sierra,091,2930,6,6,0,6,0
2020-10-20,Siskiyou,093,43540,189,168,10,178,0
2020-10-20,Solano,095,438530,7254,7044,39,7083,57
2020-10-20,Sonoma,097,501317,9359,8904,24,8928,135
2020-10-20,Stanislaus,099,539301,17581,17367,706,18073,393
2020-10-20,Sutter,101,95872,1815,1783,1,1784,12
2020-10-20,Tehama,103,63373,874,813,2,815,5
2020-10-20,Trinity,105,12862,77,25,9,34,0
2020-10-20,Tulare,107,460477,17780,17156,310,17466,289
2020-10-20,Tuolumne,109,53932,274,250,5,255,4
2020-10-20,Ventura,111,848112,14764,13980,311,14291,152
2020-10-20,Yolo,113,214977,3208,3083,10,3093,56
2020-10-20,Yuba,115,75493,1226,1191,3,1194,10
2020-10-19,Alameda,001,1643700,23292,22647,211,22858,392
2020-10-19,Alpine,003,1148,3,3,0,3,0
2020-10-19,Amador,005,37829,327,313,0,313,16
2020-10-19,Butte,007,227075,3152,3026,35,3061,55
2020-10-19,Calaveras,009,45235,329,268,0,268,13
2020-10-19,Colusa,011,21464,547,544,1,545,6
2020-10-19,Contra Costa,013,1133247,18706,18173,92,18265,239
2020-10-19,Del Norte,015,27424,169,167,0,167,2
2020-10-19,El Dorado,017,186661,1356,1287,11,1298,4
2020-10-19,Fresno,019,978130,33085,30152,442,30594,431
2020-10-19,Glenn,021,27897,657,635,0,635,3
2020-10-19,Humboldt,023,135768,557,543,1,544,7
2020-10-19,Imperial,025,180216,12680,12036,14,12050,330
2020-10-19,Inyo,027,18085,236,218,5,223,14
2020-10-19,Kern,029,883053,33619,32840,389,33229,428
2020-10-19,Kings,031,150075,8391,8173,47,8220,80
2020-10-19,Lake,033,64148,705,673,0,673,15
2020-10-19,Lassen,035,31185,768,757,2,759,0
2020-10-19,Los Angeles,037,10098052,295675,287119,2612,289731,6858
2020-10-19,Madera,039,155013,4973,4787,37,4824,52
2020-10-19,Marin,041,260295,7084,6981,19,7000,100
2020-10-19,Mariposa,043,17540,79,77,0,77,2
2020-10-19,Mendocino,045,87422,1059,1001,4,1005,21
2020-10-19,Merced,047,269075,9432,9305,29,9334,148
2020-10-19,Modoc,049,8938,31,26,0,26,0
2020-10-19,Mono,051,14174,182,156,5,161,1
2020-10-19,Monterey,053,433212,11171,10907,49,10956,80
2020-10-19,Napa,055,140530,1973,1892,8,1900,12
2020-10-19,Nevada,057,99092,616,590,18,608,8
2020-10-19,Orange,059,3164182,59652,56652,1690,58342,1396
2020-10-19,Placer,061,380077,4181,3962,15,3977,49
2020-10-19,Plumas,063,18699,64,52,0,52,0
2020-10-19,Riverside,065,2383286,65953,64016,281,64297,1272
2020-10-19,Sacramento,067,1510023,25092,24542,26,24568,483
2020-10-19,San Benito,069,59416,1414,1395,1,1396,14
2020-10-19,San Bernardino,071,2135413,62062,59265,396,59661,1100
2020-10-19,San Diego,073,3302833,54824,52739,1424,54163,853
2020-10-19,San Francisco,075,870044,12060,11879,43,11922,126
2020-10-19,San Joaquin,077,732212,21592,20930,164,21094,489
2020-10-19,San Luis Obispo,079,281455,4285,4016,22,4038,31
2020-10-19,San Mateo,081,765935,11156,10568,11,10579,154
2020-10-19,Santa Barbara,083,443738,9815,9632,89,9721,121
2020-10-19,Santa Clara,085,1922200,24806,23301,50,23351,352
2020-10-19,Santa Cruz,087,273765,2793,2705,32,2737,19
2020-10-19,Shasta,089,179085,2008,1709,18,1727,20
2020-10-19,Sierra,091,2930,6,6,0,6,0
2020-10-19,Siskiyou,093,43540,182,167,10,177,0
2020-10-19,Solano,095,438530,7213,7003,39,7042,57
2020-10-19,Sonoma,097,501317,9272,8830,24,8854,135
2020-10-19,Stanislaus,099,539301,17530,17342,696,18038,390
2020-10-19,Sutter,101,95872,1810,1773,1,1774,12
2020-10-19,Tehama,103,63373,871,793,2,795,5
2020-10-19,Trinity,105,12862,75,23,9,32,0
2020-10-19,Tulare,107,460477,17730,17047,303,17350,291
2020-10-19,Tuolumne,109,53932,272,247,5,252,4
2020-10-19,Ventura,111,848112,14699,13930,308,14238,152
2020-10-19,Yolo,113,214977,3195,3069,10,3079,56
2020-10-19,Yuba,115,75493,1219,1183,3,1186,10
2020-10-18,Alameda,001,1643700,23188,22546,210,22756,392
2020-10-18,Alpine,003,1148,3,3,0,3,0
2020-10-18,Amador,005,37829,316,313,0,313,16
2020-10-18,Butte,007,227075,3139,3019,35,3054,55
2020-10-18,Calaveras,009,45235,328,267,0,267,13
2020-10-18,Colusa,011,21464,545,544,1,545,6
2020-10-18,Contra Costa,013,1133247,18608,18120,92,18212,237
2020-10-18,Del Norte,015,27424,169,167,0,167,2
2020-10-18,El Dorado,017,186661,1347,1283,11,1294,4
2020-10-18,Fresno,019,978130,32956,30051,434,30485,430
2020-10-18,Glenn,021,27897,655,634,0,634,3
2020-10-18,Humboldt,023,135768,554,540,1,541,7
2020-10-18,Imperial,025,180216,12617,11987,13,12000,330
2020-10-18,Inyo,027,18085,233,215,5,220,14
2020-10-18,Kern,029,883053,33546,32799,382,33181,428
2020-10-18,Kings,031,150075,8376,8159,47,8206,80
2020-10-18,Lake,033,64148,698,670,0,670,15
2020-10-18,Lassen,035,31185,768,757,2,759,0
2020-10-18,Los Angeles,037,10098052,293966,286187,2570,288757,6857
2020-10-18,Madera,039,155013,4948,4770,36,4806,52
2020-10-18,Marin,041,260295,7063,6969,19,6988,99
2020-10-18,Mariposa,043,17540,79,77,0,77,2
2020-10-18,Mendocino,045,87422,1057,988,4,992,21
2020-10-18,Merced,047,269075,9397,9292,29,9321,148
2020-10-18,Modoc,049,8938,30,26,0,26,0
2020-10-18,Mono,051,14174,177,155,5,160,1
2020-10-18,Monterey,053,433212,11118,10872,49,10921,80
2020-10-18,Napa,055,140530,1960,1882,8,1890,12
2020-10-18,Nevada,057,99092,610,582,18,600,8
2020-10-18,Orange,059,3164182,59355,56394,1673,58067,1396
2020-10-18,Placer,061,380077,4133,3938,15,3953,49
2020-10-18,Plumas,063,18699,62,52,0,52,0
2020-10-18,Riverside,065,2383286,65640,63765,260,64025,1270
2020-10-18,Sacramento,067,1510023,24936,24425,26,24451,482
2020-10-18,San Benito,069,59416,1407,1395,1,1396,14
2020-10-18,San Bernardino,071,2135413,61563,58893,388,59281,1098
2020-10-18,San Diego,073,3302833,54435,52359,1403,53762,853
2020-10-18,San Francisco,075,870044,12021,11878,43,11921,126
2020-10-18,San Joaquin,077,732212,21509,20931,151,21082,489
2020-10-18,San Luis Obispo,079,281455,4254,4009,20,4029,31
2020-10-18,San Mateo,081,765935,11097,10503,11,10514,154
2020-10-18,Santa Barbara,083,443738,9776,9608,88,9696,121
2020-10-18,Santa Clara,085,1922200,24633,23169,50,23219,352
2020-10-18,Santa Cruz,087,273765,2779,2692,32,2724,19
2020-10-18,Shasta,089,179085,1983,1708,18,1726,20
2020-10-18,Sierra,091,2930,6,6,0,6,0
2020-10-18,Siskiyou,093,43540,182,167,10,177,0
2020-10-18,Solano,095,438530,7166,6962,39,7001,57
2020-10-18,Sonoma,097,501317,9195,8781,23,8804,134
2020-10-18,Stanislaus,099,539301,17474,17290,687,17977,390
2020-10-18,Sutter,101,95872,1801,1764,1,1765,12
2020-10-18,Tehama,103,63373,839,774,2,776,5
2020-10-18,Trinity,105,12862,75,20,9,29,0
2020-10-18,Tulare,107,460477,17636,17048,294,17342,290
2020-10-18,Tuolumne,109,53932,266,245,5,250,4
2020-10-18,Ventura,111,848112,14619,13901,307,14208,151
2020-10-18,Yolo,113,214977,3156,3059,10,3069,55
2020-10-18,Yuba,115,75493,1208,1176,3,1179,10
2020-10-17,Alameda,001,1643700,23143,22394,208,22602,398
2020-10-17,Alpine,003,1148,3,3,0,3,0
2020-10-17,Amador,005,37829,314,309,0,309,16
2020-10-17,Butte,007,227075,3131,3012,33,3045,55
2020-10-17,Calaveras,009,45235,328,267,0,267,13
2020-10-17,Colusa,011,21464,544,544,1,545,6
2020-10-17,Contra Costa,013,1133247,18554,18005,92,18097,237
2020-10-17,Del Norte,015,27424,169,167,0,167,2
2020-10-17,El Dorado,017,186661,1343,1277,11,1288,4
2020-10-17,Fresno,019,978130,32902,29911,432,30343,430
2020-10-17,Glenn,021,27897,652,633,0,633,3
2020-10-17,Humboldt,023,135768,551,535,1,536,7
2020-10-17,Imperial,025,180216,12589,11962,13,11975,330
2020-10-17,Inyo,027,18085,228,212,5,217,14
2020-10-17,Kern,029,883053,33495,32710,379,33089,428
2020-10-17,Kings,031,150075,8370,8151,46,8197,80
2020-10-17,Lake,033,64148,695,663,0,663,15
2020-10-17,Lassen,035,31185,768,757,2,759,0
2020-10-17,Los Angeles,037,10098052,293212,285858,2543,288401,6844
2020-10-17,Madera,039,155013,4942,4759,36,4795,53
2020-10-17,Marin,041,260295,7060,6958,19,6977,99
2020-10-17,Mariposa,043,17540,78,77,0,77,2
2020-10-17,Mendocino,045,87422,1050,977,4,981,21
2020-10-17,Merced,047,269075,9383,9275,29,9304,148
2020-10-17,Modoc,049,8938,30,26,0,26,0
2020-10-17,Mono,051,14174,176,155,5,160,1
2020-10-17,Monterey,053,433212,11079,10807,48,10855,80
2020-10-17,Napa,055,140530,1951,1866,8,1874,12
2020-10-17,Nevada,057,99092,609,580,18,598,8
2020-10-17,Orange,059,3164182,59213,56197,1667,57864,1396
2020-10-17,Placer,061,380077,4106,3898,15,3913,49
2020-10-17,Plumas,063,18699,62,52,0,52,0
2020-10-17,Riverside,065,2383286,65442,63171,251,63422,1270
2020-10-17,Sacramento,067,1510023,24852,24304,26,24330,482
2020-10-17,San Benito,069,59416,1403,1389,1,1390,14
2020-10-17,San Bernardino,071,2135413,61292,58415,381,58796,1097
2020-10-17,San Diego,073,3302833,54210,51986,1392,53378,853
2020-10-17,San Francisco,075,870044,11994,11877,42,11919,126
2020-10-17,San Joaquin,077,732212,21455,20932,145,21077,489
2020-10-17,San Luis Obispo,079,281455,4239,3979,20,3999,31
2020-10-17,San Mateo,081,765935,11069,10423,11,10434,153
2020-10-17,Santa Barbara,083,443738,9757,9588,86,9674,121
2020-10-17,Santa Clara,085,1922200,24543,22997,50,23047,349
2020-10-17,Santa Cruz,087,273765,2765,2680,32,2712,19
2020-10-17,Shasta,089,179085,1957,1679,18,1697,20
2020-10-17,Sierra,091,2930,6,6,0,6,0
2020-10-17,Siskiyou,093,43540,181,167,10,177,0
2020-10-17,Solano,095,438530,7140,6929,39,6968,57
2020-10-17,Sonoma,097,501317,9152,8725,23,8748,134
2020-10-17,Stanislaus,099,539301,17434,17232,678,17910,390
2020-10-17,Sutter,101,95872,1799,1762,1,1763,12
2020-10-17,Tehama,103,63373,823,764,2,766,5
2020-10-17,Trinity,105,12862,75,20,9,29,0
2020-10-17,Tulare,107,460477,17606,16995,285,17280,290
2020-10-17,Tuolumne,109,53932,266,241,5,246,4
2020-10-17,Ventura,111,848112,14574,13845,304,14149,151
2020-10-17,Yolo,113,214977,3141,3045,9,3054,55
2020-10-17,Yuba,115,75493,1203,1164,3,1167,10
2020-10-16,Alameda,001,1643700,23089,22315,208,22523,397
2020-10-16,Alpine,003,1148,3,3,0,3,0
2020-10-16,Amador,005,37829,314,309,0,309,16
2020-10-16,Butte,007,227075,3120,3004,33,3037,54
2020-10-16,Calaveras,009,45235,328,267,0,267,13
2020-10-16,Colusa,011,21464,543,544,1,545,6
2020-10-16,Contra Costa,013,1133247,18501,17956,92,18048,237
2020-10-16,Del Norte,015,27424,169,166,0,166,2
2020-10-16,El Dorado,017,186661,1337,1273,11,1284,4
2020-10-16,Fresno,019,978130,32827,29796,431,30227,427
2020-10-16,Glenn,021,27897,647,632,0,632,3
2020-10-16,Humboldt,023,135768,551,533,1,534,7
2020-10-16,Imperial,025,180216,12549,11885,13,11898,330
2020-10-16,Inyo,027,18085,224,212,5,217,14
2020-10-16,Kern,029,883053,33452,32660,377,33037,428
2020-10-16,Kings,031,150075,8361,8146,45,8191,80
2020-10-16,Lake,033,64148,693,644,0,644,14
2020-10-16,Lassen,035,31185,768,757,2,759,0
2020-10-16,Los Angeles,037,10098052,292148,284988,2522,287510,6835
2020-10-16,Madera,039,155013,4930,4736,35,4771,53
2020-10-16,Marin,041,260295,7050,6933,19,6952,99
2020-10-16,Mariposa,043,17540,78,76,0,76,2
2020-10-16,Mendocino,045,87422,1043,974,4,978,21
2020-10-16,Merced,047,269075,9366,9246,29,9275,148
2020-10-16,Modoc,049,8938,30,26,0,26,0
2020-10-16,Mono,051,14174,174,155,5,160,1
2020-10-16,Monterey,053,433212,11044,10727,48,10775,79
2020-10-16,Napa,055,140530,1942,1855,8,1863,12
2020-10-16,Nevada,057,99092,607,579,18,597,8
2020-10-16,Orange,059,3164182,59035,56091,1661,57752,1388
2020-10-16,Placer,061,380077,4086,3864,15,3879,49
2020-10-16,Plumas,063,18699,61,52,0,52,0
2020-10-16,Riverside,065,2383286,65216,62986,250,63236,1267
2020-10-16,Sacramento,067,1510023,24758,24144,26,24170,479
2020-10-16,San Benito,069,59416,1400,1388,1,1389,14
2020-10-16,San Bernardino,071,2135413,61023,58233,381,58614,1069
2020-10-16,San Diego,073,3302833,53968,51785,1378,53163,850
2020-10-16,San Francisco,075,870044,11972,11840,41,11881,126
2020-10-16,San Joaquin,077,732212,21410,20910,144,21054,489
2020-10-16,San Luis Obispo,079,281455,4223,3952,20,3972,32
2020-10-16,San Mateo,081,765935,11043,10405,11,10416,153
2020-10-16,Santa Barbara,083,443738,9738,9549,86,9635,119
2020-10-16,Santa Clara,085,1922200,24455,22920,50,22970,345
2020-10-16,Santa Cruz,087,273765,2752,2666,32,2698,20
2020-10-16,Shasta,089,179085,1935,1660,18,1678,20
2020-10-16,Sierra,091,2930,6,6,0,6,0
2020-10-16,Siskiyou,093,43540,179,167,10,177,0
2020-10-16,Solano,095,438530,7117,6879,39,6918,55
2020-10-16,Sonoma,097,501317,9096,8652,23,8675,133
2020-10-16,Stanislaus,099,539301,17400,17201,670,17871,366
2020-10-16,Sutter,101,95872,1791,1756,1,1757,12
2020-10-16,Tehama,103,63373,822,737,2,739,3
2020-10-16,Trinity,105,12862,75,20,9,29,0
2020-10-16,Tulare,107,460477,17574,16965,277,17242,290
2020-10-16,Tuolumne,109,53932,264,237,5,242,4
2020-10-16,Ventura,111,848112,14531,13805,299,14104,152
2020-10-16,Yolo,113,214977,3132,3030,9,3039,55
2020-10-16,Yuba,115,75493,1203,1155,3,1158,10
2020-10-15,Alameda,001,1643700,23021,22267,207,22474,390
2020-10-15,Alpine,003,1148,3,3,0,3,0
2020-10-15,Amador,005,37829,314,309,0,309,16
2020-10-15,Butte,007,227075,3108,3000,32,3032,54
2020-10-15,Calaveras,009,45235,327,267,0,267,13
2020-10-15,Colusa,011,21464,542,543,1,544,6
2020-10-15,Contra Costa,013,1133247,18434,17893,91,17984,237
2020-10-15,Del Norte,015,27424,169,164,0,164,2
2020-10-15,El Dorado,017,186661,1332,1265,11,1276,4
2020-10-15,Fresno,019,978130,32730,29727,428,30155,425
2020-10-15,Glenn,021,27897,642,632,0,632,3
2020-10-15,Humboldt,023,135768,547,531,1,532,7
2020-10-15,Imperial,025,180216,12508,11820,12,11832,330
2020-10-15,Inyo,027,18085,224,210,5,215,14
2020-10-15,Kern,029,883053,33371,32593,374,32967,427
2020-10-15,Kings,031,150075,8346,8134,45,8179,80
2020-10-15,Lake,033,64148,691,642,0,642,14
2020-10-15,Lassen,035,31185,767,752,2,754,0
2020-10-15,Los Angeles,037,10098052,290863,284019,2489,286508,6807
2020-10-15,Madera,039,155013,4918,4723,34,4757,50
2020-10-15,Marin,041,260295,7042,6912,19,6931,99
2020-10-15,Mariposa,043,17540,78,76,0,76,2
2020-10-15,Mendocino,045,87422,1037,963,4,967,21
2020-10-15,Merced,047,269075,9339,9213,29,9242,147
2020-10-15,Modoc,049,8938,30,26,0,26,0
2020-10-15,Mono,051,14174,174,155,5,160,1
2020-10-15,Monterey,053,433212,10977,10677,47,10724,79
2020-10-15,Napa,055,140530,1929,1842,8,1850,12
2020-10-15,Nevada,057,99092,603,575,18,593,8
2020-10-15,Orange,059,3164182,58819,55952,1649,57601,1379
2020-10-15,Placer,061,380077,4057,3848,15,3863,48
2020-10-15,Plumas,063,18699,58,52,0,52,0
2020-10-15,Riverside,065,2383286,64883,62819,247,63066,1266
2020-10-15,Sacramento,067,1510023,24642,24068,26,24094,474
2020-10-15,San Benito,069,59416,1397,1384,1,1385,14
2020-10-15,San Bernardino,071,2135413,60683,58068,378,58446,1067
2020-10-15,San Diego,073,3302833,53684,51472,1362,52834,847
2020-10-15,San Francisco,075,870044,11944,11808,38,11846,126
2020-10-15,San Joaquin,077,732212,21337,20880,138,21018,487
2020-10-15,San Luis Obispo,079,281455,4207,3934,20,3954,32
2020-10-15,San Mateo,081,765935,11003,10340,11,10351,152
2020-10-15,Santa Barbara,083,443738,9714,9526,85,9611,117
2020-10-15,Santa Clara,085,1922200,24340,22808,50,22858,343
2020-10-15,Santa Cruz,087,273765,2738,2656,32,2688,13
2020-10-15,Shasta,089,179085,1924,1635,18,1653,20
2020-10-15,Sierra,091,2930,6,6,0,6,0
2020-10-15,Siskiyou,093,43540,175,166,10,176,0
2020-10-15,Solano,095,438530,7078,6830,39,6869,55
2020-10-15,Sonoma,097,501317,9004,8571,23,8594,133
2020-10-15,Stanislaus,099,539301,17362,17151,656,17807,366
2020-10-15,Sutter,101,95872,1788,1752,1,1753,12
2020-10-15,Tehama,103,63373,795,726,2,728,3
2020-10-15,Trinity,105,12862,75,20,9,29,0
2020-10-15,Tulare,107,460477,17514,16918,262,17180,289
2020-10-15,Tuolumne,109,53932,262,236,5,241,4
2020-10-15,Ventura,111,848112,14475,13750,294,14044,152
2020-10-15,Yolo,113,214977,3112,3014,9,3023,55
2020-10-15,Yuba,115,75493,1196,1151,3,1154,10
2020-10-14,Alameda,001,1643700,22922,22227,206,22433,398
2020-10-14,Alpine,003,1148,3,3,0,3,0
2020-10-14,Amador,005,37829,312,308,0,308,16
2020-10-14,Butte,007,227075,3100,2995,32,3027,54
2020-10-14,Calaveras,009,45235,327,266,0,266,12
2020-10-14,Colusa,011,21464,542,543,1,544,6
2020-10-14,Contra Costa,013,1133247,18376,17820,89,17909,236
2020-10-14,Del Norte,015,27424,168,163,0,163,2
2020-10-14,El Dorado,017,186661,1326,1264,10,1274,4
2020-10-14,Fresno,019,978130,32615,29650,422,30072,424
2020-10-14,Glenn,021,27897,641,629,0,629,3
2020-10-14,Humboldt,023,135768,544,531,1,532,7
2020-10-14,Imperial,025,180216,12471,11765,10,11775,330
2020-10-14,Inyo,027,18085,223,209,4,213,14
2020-10-14,Kern,029,883053,33296,32528,372,32900,425
2020-10-14,Kings,031,150075,8328,8118,45,8163,80
2020-10-14,Lake,033,64148,690,642,0,642,14
2020-10-14,Lassen,035,31185,765,752,2,754,0
2020-10-14,Los Angeles,037,10098052,289549,282918,2445,285363,6786
2020-10-14,Madera,039,155013,4903,4713,33,4746,50
2020-10-14,Marin,041,260295,7036,6907,19,6926,99
2020-10-14,Mariposa,043,17540,77,76,0,76,2
2020-10-14,Mendocino,045,87422,1031,955,4,959,21
2020-10-14,Merced,047,269075,9314,9201,27,9228,147
2020-10-14,Modoc,049,8938,30,27,0,27,0
2020-10-14,Mono,051,14174,174,155,5,160,1
2020-10-14,Monterey,053,433212,10927,10616,47,10663,78
2020-10-14,Napa,055,140530,1912,1837,8,1845,12
2020-10-14,Nevada,057,99092,601,573,18,591,7
2020-10-14,Orange,059,3164182,58606,55756,1640,57396,1348
2020-10-14,Placer,061,380077,4034,3829,15,3844,48
2020-10-14,Plumas,063,18699,54,52,0,52,0
2020-10-14,Riverside,065,2383286,64600,62607,246,62853,1261
2020-10-14,Sacramento,067,1510023,24498,24013,26,24039,472
2020-10-14,San Benito,069,59416,1395,1381,0,1381,14
2020-10-14,San Bernardino,071,2135413,60356,57774,374,58148,1063
2020-10-14,San Diego,073,3302833,53365,51329,1338,52667,844
2020-10-14,San Francisco,075,870044,11912,11783,37,11820,123
2020-10-14,San Joaquin,077,732212,21258,20845,124,20969,487
2020-10-14,San Luis Obispo,079,281455,4184,3901,19,3920,32
2020-10-14,San Mateo,081,765935,10952,10309,11,10320,132
2020-10-14,Santa Barbara,083,443738,9680,9509,85,9594,117
2020-10-14,Santa Clara,085,1922200,24191,22735,50,22785,343
2020-10-14,Santa Cruz,087,273765,2728,2618,32,2650,13
2020-10-14,Shasta,089,179085,1886,1553,18,1571,20
2020-10-14,Sierra,091,2930,6,6,0,6,0
2020-10-14,Siskiyou,093,43540,175,166,10,176,0
2020-10-14,Solano,095,438530,7022,6786,39,6825,55
2020-10-14,Sonoma,097,501317,8951,8514,23,8537,133
2020-10-14,Stanislaus,099,539301,17317,17105,653,17758,365
2020-10-14,Sutter,101,95872,1779,1747,1,1748,12
2020-10-14,Tehama,103,63373,784,721,2,723,3
2020-10-14,Trinity,105,12862,74,20,9,29,0
2020-10-14,Tulare,107,460477,17452,16863,249,17112,287
2020-10-14,Tuolumne,109,53932,261,236,5,241,4
2020-10-14,Ventura,111,848112,14422,13697,290,13987,152
2020-10-14,Yolo,113,214977,3094,3007,8,3015,55
2020-10-14,Yuba,115,75493,1188,1147,3,1150,10
2020-10-13,Alameda,001,1643700,22817,22185,204,22389,389
2020-10-13,Alpine,003,1148,3,3,0,3,0
2020-10-13,Amador,005,37829,310,306,0,306,16
2020-10-13,Butte,007,227075,3091,2992,32,3024,54
2020-10-13,Calaveras,009,45235,323,262,0,262,12
2020-10-13,Colusa,011,21464,542,541,1,542,6
2020-10-13,Contra Costa,013,1133247,18319,17783,89,17872,234
2020-10-13,Del Norte,015,27424,168,163,0,163,2
2020-10-13,El Dorado,017,186661,1317,1262,10,1272,4
2020-10-13,Fresno,019,978130,32493,29579,418,29997,424
2020-10-13,Glenn,021,27897,640,629,0,629,3
2020-10-13,Humboldt,023,135768,542,523,1,524,7
2020-10-13,Imperial,025,180216,12436,11727,10,11737,327
2020-10-13,Inyo,027,18085,220,207,4,211,14
2020-10-13,Kern,029,883053,33221,32497,370,32867,419
2020-10-13,Kings,031,150075,8319,8111,45,8156,80
2020-10-13,Lake,033,64148,687,639,0,639,12
2020-10-13,Lassen,035,31185,763,752,2,754,0
2020-10-13,Los Angeles,037,10098052,288267,281716,2405,284121,6767
2020-10-13,Madera,039,155013,4885,4700,33,4733,50
2020-10-13,Marin,041,260295,7014,6900,18,6918,97
2020-10-13,Mariposa,043,17540,77,76,0,76,2
2020-10-13,Mendocino,045,87422,1022,950,4,954,21
2020-10-13,Merced,047,269075,9297,9181,27,9208,146
2020-10-13,Modoc,049,8938,29,28,0,28,0
2020-10-13,Mono,051,14174,174,155,4,159,1
2020-10-13,Monterey,053,433212,10866,10574,46,10620,78
2020-10-13,Napa,055,140530,1903,1825,8,1833,12
2020-10-13,Nevada,057,99092,594,572,18,590,7
2020-10-13,Orange,059,3164182,58393,55515,1627,57142,1326
2020-10-13,Placer,061,380077,3996,3825,15,3840,48
2020-10-13,Plumas,063,18699,52,51,0,51,0
2020-10-13,Riverside,065,2383286,64281,62279,244,62523,1254
2020-10-13,Sacramento,067,1510023,24421,23930,26,23956,466
2020-10-13,San Benito,069,59416,1387,1380,0,1380,14
2020-10-13,San Bernardino,071,2135413,60018,57411,372,57783,1061
2020-10-13,San Diego,073,3302833,53072,51026,1321,52347,840
2020-10-13,San Francisco,075,870044,11877,11659,37,11696,122
2020-10-13,San Joaquin,077,732212,21197,20822,120,20942,481
2020-10-13,San Luis Obispo,079,281455,4167,3892,18,3910,32
2020-10-13,San Mateo,081,765935,10909,10286,11,10297,130
2020-10-13,Santa Barbara,083,443738,9649,9489,85,9574,117
2020-10-13,Santa Clara,085,1922200,24064,22678,50,22728,343
2020-10-13,Santa Cruz,087,273765,2710,2603,32,2635,13
2020-10-13,Shasta,089,179085,1862,1606,18,1624,20
2020-10-13,Sierra,091,2930,6,6,0,6,0
2020-10-13,Siskiyou,093,43540,174,163,10,173,0
2020-10-13,Solano,095,438530,6987,6761,39,6800,55
2020-10-13,Sonoma,097,501317,8868,8456,23,8479,133
2020-10-13,Stanislaus,099,539301,17272,17082,648,17730,362
2020-10-13,Sutter,101,95872,1770,1748,1,1749,12
2020-10-13,Tehama,103,63373,777,717,2,719,3
2020-10-13,Trinity,105,12862,70,19,8,27,0
2020-10-13,Tulare,107,460477,17394,16822,241,17063,286
2020-10-13,Tuolumne,109,53932,259,235,5,240,4
2020-10-13,Ventura,111,848112,14367,13645,286,13931,151
2020-10-13,Yolo,113,214977,3086,2983,7,2990,55
2020-10-13,Yuba,115,75493,1183,1143,3,1146,10
2020-10-12,Alameda,001,1643700,22737,22126,203,22329,389
2020-10-12,Alpine,003,1148,3,3,0,3,0
2020-10-12,Amador,005,37829,309,305,0,305,16
2020-10-12,Butte,007,227075,3085,2975,32,3007,54
2020-10-12,Calaveras,009,45235,323,262,0,262,12
2020-10-12,Colusa,011,21464,542,541,1,542,6
2020-10-12,Contra Costa,013,1133247,18245,17728,89,17817,233
2020-10-12,Del Norte,015,27424,168,161,0,161,2
2020-10-12,El Dorado,017,186661,1314,1254,10,1264,4
2020-10-12,Fresno,019,978130,32360,29523,414,29937,421
2020-10-12,Glenn,021,27897,639,626,0,626,3
2020-10-12,Humboldt,023,135768,539,522,1,523,7
2020-10-12,Imperial,025,180216,12397,11689,10,11699,328
2020-10-12,Inyo,027,18085,217,201,4,205,14
2020-10-12,Kern,029,883053,33128,32425,367,32792,419
2020-10-12,Kings,031,150075,8313,8106,45,8151,80
2020-10-12,Lake,033,64148,681,633,0,633,12
2020-10-12,Lassen,035,31185,763,752,2,754,0
2020-10-12,Los Angeles,037,10098052,287047,280961,2378,283339,6747
2020-10-12,Madera,039,155013,4866,4689,33,4722,50
2020-10-12,Marin,041,260295,6997,6886,18,6904,97
2020-10-12,Mariposa,043,17540,77,76,0,76,2
2020-10-12,Mendocino,045,87422,1016,947,4,951,21
2020-10-12,Merced,047,269075,9276,9141,27,9168,146
2020-10-12,Modoc,049,8938,29,27,0,27,0
2020-10-12,Mono,051,14174,174,154,4,158,1
2020-10-12,Monterey,053,433212,10800,10473,46,10519,77
2020-10-12,Napa,055,140530,1895,1819,8,1827,11
2020-10-12,Nevada,057,99092,590,570,18,588,7
2020-10-12,Orange,059,3164182,58164,55373,1617,56990,1326
2020-10-12,Placer,061,380077,3964,3808,14,3822,48
2020-10-12,Plumas,063,18699,52,51,0,51,0
2020-10-12,Riverside,065,2383286,63970,62279,240,62519,1254
2020-10-12,Sacramento,067,1510023,24315,23807,26,23833,466
2020-10-12,San Benito,069,59416,1384,1376,0,1376,13
2020-10-12,San Bernardino,071,2135413,59643,57235,371,57606,1061
2020-10-12,San Diego,073,3302833,52782,50748,1294,52042,826
2020-10-12,San Francisco,075,870044,11845,11659,37,11696,122
2020-10-12,San Joaquin,077,732212,21134,20701,114,20815,480
2020-10-12,San Luis Obispo,079,281455,4139,3874,18,3892,32
2020-10-12,San Mateo,081,765935,10861,10262,11,10273,130
2020-10-12,Santa Barbara,083,443738,9610,9462,85,9547,117
2020-10-12,Santa Clara,085,1922200,23948,22578,50,22628,343
2020-10-12,Santa Cruz,087,273765,2693,2590,32,2622,13
2020-10-12,Shasta,089,179085,1837,1515,18,1533,20
2020-10-12,Sierra,091,2930,6,6,0,6,0
2020-10-12,Siskiyou,093,43540,173,162,10,172,0
2020-10-12,Solano,095,438530,6948,6742,39,6781,55
2020-10-12,Sonoma,097,501317,8796,8377,23,8400,133
2020-10-12,Stanislaus,099,539301,17223,17051,639,17690,361
2020-10-12,Sutter,101,95872,1762,1741,1,1742,12
2020-10-12,Tehama,103,63373,761,708,2,710,3
2020-10-12,Trinity,105,12862,69,19,8,27,0
2020-10-12,Tulare,107,460477,17343,16742,234,16976,286
2020-10-12,Tuolumne,109,53932,254,234,5,239,4
2020-10-12,Ventura,111,848112,14305,13617,282,13899,151
2020-10-12,Yolo,113,214977,3071,2964,7,2971,55
2020-10-12,Yuba,115,75493,1173,1141,3,1144,10
2020-10-11,Alameda,001,1643700,22647,22057,199,22256,392
2020-10-11,Alpine,003,1148,3,3,0,3,0
2020-10-11,Amador,005,37829,307,305,0,305,16
2020-10-11,Butte,007,227075,3077,2967,31,2998,54
2020-10-11,Calaveras,009,45235,321,262,0,262,12
2020-10-11,Colusa,011,21464,540,541,1,542,6
2020-10-11,Contra Costa,013,1133247,18161,17678,89,17767,233
2020-10-11,Del Norte,015,27424,166,161,0,161,2
2020-10-11,El Dorado,017,186661,1305,1242,10,1252,4
2020-10-11,Fresno,019,978130,32222,29419,406,29825,421
2020-10-11,Glenn,021,27897,637,625,0,625,3
2020-10-11,Humboldt,023,135768,538,521,1,522,7
2020-10-11,Imperial,025,180216,12337,11614,10,11624,328
2020-10-11,Inyo,027,18085,213,201,4,205,14
2020-10-11,Kern,029,883053,33041,32399,358,32757,418
2020-10-11,Kings,031,150075,8296,8094,44,8138,80
2020-10-11,Lake,033,64148,668,631,0,631,12
2020-10-11,Lassen,035,31185,762,752,2,754,0
2020-10-11,Los Angeles,037,10098052,285609,280190,2337,282527,6745
2020-10-11,Madera,039,155013,4838,4680,32,4712,50
2020-10-11,Marin,041,260295,6988,6870,18,6888,97
2020-10-11,Mariposa,043,17540,77,76,0,76,2
2020-10-11,Mendocino,045,87422,1009,944,4,948,21
2020-10-11,Merced,047,269075,9258,9124,27,9151,146
2020-10-11,Modoc,049,8938,29,27,0,27,0
2020-10-11,Mono,051,14174,174,154,4,158,1
2020-10-11,Monterey,053,433212,10749,10445,44,10489,77
2020-10-11,Napa,055,140530,1879,1811,8,1819,11
2020-10-11,Nevada,057,99092,588,569,18,587,7
2020-10-11,Orange,059,3164182,57934,55202,1611,56813,1326
2020-10-11,Placer,061,380077,3943,3787,14,3801,48
2020-10-11,Plumas,063,18699,52,51,0,51,0
2020-10-11,Riverside,065,2383286,63682,62112,236,62348,1254
2020-10-11,Sacramento,067,1510023,24172,23778,26,23804,466
2020-10-11,San Benito,069,59416,1383,1374,0,1374,13
2020-10-11,San Bernardino,071,2135413,59191,56997,369,57366,1061
2020-10-11,San Diego,073,3302833,52432,50553,1272,51825,826
2020-10-11,San Francisco,075,870044,11802,11659,37,11696,122
2020-10-11,San Joaquin,077,732212,21059,20700,104,20804,480
2020-10-11,San Luis Obispo,079,281455,4122,3874,17,3891,32
2020-10-11,San Mateo,081,765935,10829,10240,11,10251,130
2020-10-11,Santa Barbara,083,443738,9579,9440,84,9524,117
2020-10-11,Santa Clara,085,1922200,23806,22487,49,22536,336
2020-10-11,Santa Cruz,087,273765,2679,2578,32,2610,13
2020-10-11,Shasta,089,179085,1807,1515,17,1532,20
2020-10-11,Sierra,091,2930,6,6,0,6,0
2020-10-11,Siskiyou,093,43540,172,162,10,172,0
2020-10-11,Solano,095,438530,6894,6685,39,6724,53
2020-10-11,Sonoma,097,501317,8739,8319,23,8342,133
2020-10-11,Stanislaus,099,539301,17159,17007,623,17630,360
2020-10-11,Sutter,101,95872,1759,1742,1,1743,12
2020-10-11,Tehama,103,63373,737,702,2,704,3
2020-10-11,Trinity,105,12862,69,19,8,27,0
2020-10-11,Tulare,107,460477,17279,16741,226,16967,286
2020-10-11,Tuolumne,109,53932,249,234,5,239,4
2020-10-11,Ventura,111,848112,14244,13604,277,13881,151
2020-10-11,Yolo,113,214977,3041,2952,7,2959,55
2020-10-11,Yuba,115,75493,1162,1137,3,1140,10
2020-10-10,Alameda,001,1643700,22597,21979,198,22177,398
2020-10-10,Alpine,003,1148,3,3,0,3,0
2020-10-10,Amador,005,37829,306,304,0,304,16
2020-10-10,Butte,007,227075,3072,2962,30,2992,54
2020-10-10,Calaveras,009,45235,320,262,0,262,12
2020-10-10,Colusa,011,21464,540,541,1,542,6
2020-10-10,Contra Costa,013,1133247,18125,17566,88,17654,233
2020-10-10,Del Norte,015,27424,166,161,0,161,2
2020-10-10,El Dorado,017,186661,1303,1240,10,1250,4
2020-10-10,Fresno,019,978130,32158,29286,404,29690,421
2020-10-10,Glenn,021,27897,637,623,0,623,3
2020-10-10,Humboldt,023,135768,535,518,1,519,7
2020-10-10,Imperial,025,180216,12322,11591,10,11601,327
2020-10-10,Inyo,027,18085,210,201,4,205,14
2020-10-10,Kern,029,883053,33004,32338,358,32696,418
2020-10-10,Kings,031,150075,8292,8078,44,8122,80
2020-10-10,Lake,033,64148,667,630,0,630,11
2020-10-10,Lassen,035,31185,762,752,2,754,0
2020-10-10,Los Angeles,037,10098052,284891,279213,2303,281516,6743
2020-10-10,Madera,039,155013,4825,4662,32,4694,50
2020-10-10,Marin,041,260295,6979,6852,18,6870,97
2020-10-10,Mariposa,043,17540,77,76,0,76,2
2020-10-10,Mendocino,045,87422,1002,935,4,939,21
2020-10-10,Merced,047,269075,9252,9105,26,9131,146
2020-10-10,Modoc,049,8938,29,27,0,27,0
2020-10-10,Mono,051,14174,174,154,4,158,1
2020-10-10,Monterey,053,433212,10716,10410,44,10454,75
2020-10-10,Napa,055,140530,1872,1804,8,1812,11
2020-10-10,Nevada,057,99092,585,564,18,582,6
2020-10-10,Orange,059,3164182,57813,54965,1606,56571,1324
2020-10-10,Placer,061,380077,3926,3757,14,3771,48
2020-10-10,Plumas,063,18699,52,51,0,51,0
2020-10-10,Riverside,065,2383286,63479,61845,234,62079,1254
2020-10-10,Sacramento,067,1510023,24105,23689,26,23715,466
2020-10-10,San Benito,069,59416,1381,1370,0,1370,13
2020-10-10,San Bernardino,071,2135413,59028,56683,367,57050,1061
2020-10-10,San Diego,073,3302833,52202,50145,1254,51399,825
2020-10-10,San Francisco,075,870044,11781,11663,37,11700,122
2020-10-10,San Joaquin,077,732212,21031,20700,100,20800,481
2020-10-10,San Luis Obispo,079,281455,4102,3832,17,3849,32
2020-10-10,San Mateo,081,765935,10792,10218,11,10229,130
2020-10-10,Santa Barbara,083,443738,9568,9417,84,9501,116
2020-10-10,Santa Clara,085,1922200,23715,22354,49,22403,330
2020-10-10,Santa Cruz,087,273765,2665,2572,32,2604,13
2020-10-10,Shasta,089,179085,1790,1473,17,1490,20
2020-10-10,Sierra,091,2930,6,6,0,6,0
2020-10-10,Siskiyou,093,43540,172,161,10,171,0
2020-10-10,Solano,095,438530,6868,6655,39,6694,53
2020-10-10,Sonoma,097,501317,8719,8235,23,8258,133
2020-10-10,Stanislaus,099,539301,17124,16960,615,17575,360
2020-10-10,Sutter,101,95872,1756,1735,1,1736,12
2020-10-10,Tehama,103,63373,730,693,2,695,3
2020-10-10,Trinity,105,12862,69,19,8,27,0
2020-10-10,Tulare,107,460477,17243,16709,221,16930,286
2020-10-10,Tuolumne,109,53932,249,233,5,238,4
2020-10-10,Ventura,111,848112,14219,13520,277,13797,151
2020-10-10,Yolo,113,214977,3032,2939,7,2946,55
2020-10-10,Yuba,115,75493,1160,1134,3,1137,10
2020-10-09,Alameda,001,1643700,22549,21924,198,22122,399
2020-10-09,Alpine,003,1148,3,3,0,3,0
2020-10-09,Amador,005,37829,306,303,0,303,16
2020-10-09,Butte,007,227075,3069,2956,30,2986,51
2020-10-09,Calaveras,009,45235,318,262,0,262,11
2020-10-09,Colusa,011,21464,540,541,1,542,6
2020-10-09,Contra Costa,013,1133247,18075,17487,88,17575,229
2020-10-09,Del Norte,015,27424,165,161,0,161,2
2020-10-09,El Dorado,017,186661,1299,1234,10,1244,4
2020-10-09,Fresno,019,978130,32085,29208,402,29610,417
2020-10-09,Glenn,021,27897,632,617,0,617,3
2020-10-09,Humboldt,023,135768,533,516,1,517,7
2020-10-09,Imperial,025,180216,12295,11516,10,11526,330
2020-10-09,Inyo,027,18085,207,200,4,204,14
2020-10-09,Kern,029,883053,32961,32237,356,32593,417
2020-10-09,Kings,031,150075,8285,7993,42,8035,80
2020-10-09,Lake,033,64148,657,610,0,610,11
2020-10-09,Lassen,035,31185,762,751,2,753,0
2020-10-09,Los Angeles,037,10098052,283757,278039,2278,280317,6715
2020-10-09,Madera,039,155013,4815,4646,32,4678,50
2020-10-09,Marin,041,260295,6965,6838,18,6856,96
2020-10-09,Mariposa,043,17540,77,76,0,76,2
2020-10-09,Mendocino,045,87422,992,933,4,937,20
2020-10-09,Merced,047,269075,9238,9095,26,9121,145
2020-10-09,Modoc,049,8938,29,27,0,27,0
2020-10-09,Mono,051,14174,174,154,4,158,1
2020-10-09,Monterey,053,433212,10682,10369,44,10413,75
2020-10-09,Napa,055,140530,1862,1795,8,1803,11
2020-10-09,Nevada,057,99092,580,561,18,579,6
2020-10-09,Orange,059,3164182,57642,54746,1601,56347,1305
2020-10-09,Placer,061,380077,3912,3737,13,3750,48
2020-10-09,Plumas,063,18699,52,50,0,50,0
2020-10-09,Riverside,065,2383286,63243,61529,233,61762,1252
2020-10-09,Sacramento,067,1510023,24035,23606,26,23632,457
2020-10-09,San Benito,069,59416,1376,1367,0,1367,13
2020-10-09,San Bernardino,071,2135413,58788,56434,365,56799,1057
2020-10-09,San Diego,073,3302833,51926,49825,1243,51068,821
2020-10-09,San Francisco,075,870044,11751,11620,37,11657,120
2020-10-09,San Joaquin,077,732212,21001,20648,92,20740,481
2020-10-09,San Luis Obispo,079,281455,4083,3810,17,3827,32
2020-10-09,San Mateo,081,765935,10764,10140,11,10151,130
2020-10-09,Santa Barbara,083,443738,9540,9396,84,9480,116
2020-10-09,Santa Clara,085,1922200,23613,22251,48,22299,328
2020-10-09,Santa Cruz,087,273765,2656,2555,32,2587,13
2020-10-09,Shasta,089,179085,1764,1353,16,1369,20
2020-10-09,Sierra,091,2930,6,6,0,6,0
2020-10-09,Siskiyou,093,43540,170,156,10,166,0
2020-10-09,Solano,095,438530,6829,6614,39,6653,53
2020-10-09,Sonoma,097,501317,8665,8133,23,8156,133
2020-10-09,Stanislaus,099,539301,17100,16904,608,17512,362
2020-10-09,Sutter,101,95872,1752,1732,1,1733,12
2020-10-09,Tehama,103,63373,724,682,2,684,3
2020-10-09,Trinity,105,12862,69,25,8,33,0
2020-10-09,Tulare,107,460477,17203,16644,212,16856,286
2020-10-09,Tuolumne,109,53932,246,230,5,235,4
2020-10-09,Ventura,111,848112,14183,13469,274,13743,151
2020-10-09,Yolo,113,214977,3025,2928,7,2935,55
2020-10-09,Yuba,115,75493,1159,1129,3,1132,10
2020-10-08,Alameda,001,1643700,22468,21826,197,22023,395
2020-10-08,Alpine,003,1148,3,3,0,3,0
2020-10-08,Amador,005,37829,305,302,0,302,16
2020-10-08,Butte,007,227075,3059,2935,30,2965,51
2020-10-08,Calaveras,009,45235,317,262,0,262,11
2020-10-08,Colusa,011,21464,540,539,1,540,6
2020-10-08,Contra Costa,013,1133247,18015,17418,87,17505,228
2020-10-08,Del Norte,015,27424,165,151,0,151,2
2020-10-08,El Dorado,017,186661,1298,1230,10,1240,4
2020-10-08,Fresno,019,978130,31980,29111,402,29513,416
2020-10-08,Glenn,021,27897,629,616,0,616,3
2020-10-08,Humboldt,023,135768,529,515,1,516,7
2020-10-08,Imperial,025,180216,12256,11405,10,11415,330
2020-10-08,Inyo,027,18085,204,199,4,203,14
2020-10-08,Kern,029,883053,32903,32169,351,32520,411
2020-10-08,Kings,031,150075,8279,7968,42,8010,80
2020-10-08,Lake,033,64148,652,604,0,604,11
2020-10-08,Lassen,035,31185,757,751,2,753,0
2020-10-08,Los Angeles,037,10098052,282555,276763,2238,279001,6699
2020-10-08,Madera,039,155013,4796,4637,32,4669,50
2020-10-08,Marin,041,260295,6951,6810,18,6828,96
2020-10-08,Mariposa,043,17540,77,76,0,76,2
2020-10-08,Mendocino,045,87422,987,930,4,934,20
2020-10-08,Merced,047,269075,9218,9069,26,9095,144
2020-10-08,Modoc,049,8938,29,27,0,27,0
2020-10-08,Mono,051,14174,174,153,4,157,1
2020-10-08,Monterey,053,433212,10615,10343,44,10387,75
2020-10-08,Napa,055,140530,1847,1779,8,1787,11
2020-10-08,Nevada,057,99092,577,556,18,574,6
2020-10-08,Orange,059,3164182,57449,54523,1590,56113,1293
2020-10-08,Placer,061,380077,3894,3715,13,3728,48
2020-10-08,Plumas,063,18699,52,50,0,50,0
2020-10-08,Riverside,065,2383286,62975,61105,232,61337,1244
2020-10-08,Sacramento,067,1510023,23928,23482,26,23508,454
2020-10-08,San Benito,069,59416,1371,1367,0,1367,13
2020-10-08,San Bernardino,071,2135413,58423,56152,364,56516,1048
2020-10-08,San Diego,073,3302833,51646,49468,1211,50679,819
2020-10-08,San Francisco,075,870044,11713,11608,37,11645,115
2020-10-08,San Joaquin,077,732212,20949,20576,87,20663,478
2020-10-08,San Luis Obispo,079,281455,4067,3785,17,3802,32
2020-10-08,San Mateo,081,765935,10732,10044,11,10055,130
2020-10-08,Santa Barbara,083,443738,9512,9374,84,9458,116
2020-10-08,Santa Clara,085,1922200,23511,22095,48,22143,323
2020-10-08,Santa Cruz,087,273765,2644,2535,32,2567,13
2020-10-08,Shasta,089,179085,1730,1305,16,1321,20
2020-10-08,Sierra,091,2930,6,6,0,6,0
2020-10-08,Siskiyou,093,43540,170,156,10,166,0
2020-10-08,Solano,095,438530,6805,6556,39,6595,53
2020-10-08,Sonoma,097,501317,8599,8063,23,8086,132
2020-10-08,Stanislaus,099,539301,17054,16821,600,17421,360
2020-10-08,Sutter,101,95872,1752,1725,1,1726,12
2020-10-08,Tehama,103,63373,715,676,2,678,3
2020-10-08,Trinity,105,12862,68,25,8,33,0
2020-10-08,Tulare,107,460477,17142,16573,204,16777,283
2020-10-08,Tuolumne,109,53932,245,230,5,235,4
2020-10-08,Ventura,111,848112,14135,13399,272,13671,151
2020-10-08,Yolo,113,214977,3008,2914,7,2921,55
2020-10-08,Yuba,115,75493,1154,1126,3,1129,10
2020-10-07,Alameda,001,1643700,22391,21736,197,21933,395
2020-10-07,Alpine,003,1148,3,3,0,3,0
2020-10-07,Amador,005,37829,305,302,0,302,16
2020-10-07,Butte,007,227075,3047,2927,30,2957,47
2020-10-07,Calaveras,009,45235,315,262,0,262,11
2020-10-07,Colusa,011,21464,539,539,0,539,6
2020-10-07,Contra Costa,013,1133247,17945,17346,86,17432,225
2020-10-07,Del Norte,015,27424,164,149,0,149,2
2020-10-07,El Dorado,017,186661,1290,1219,10,1229,4
2020-10-07,Fresno,019,978130,31859,29069,397,29466,413
2020-10-07,Glenn,021,27897,629,615,0,615,3
2020-10-07,Humboldt,023,135768,526,512,1,513,7
2020-10-07,Imperial,025,180216,12219,11289,9,11298,330
2020-10-07,Inyo,027,18085,204,199,4,203,14
2020-10-07,Kern,029,883053,32830,32068,350,32418,410
2020-10-07,Kings,031,150075,8264,7948,42,7990,80
2020-10-07,Lake,033,64148,651,599,0,599,11
2020-10-07,Lassen,035,31185,757,751,2,753,0
2020-10-07,Los Angeles,037,10098052,281374,275559,2205,277764,6681
2020-10-07,Madera,039,155013,4776,4618,32,4650,50
2020-10-07,Marin,041,260295,6924,6790,18,6808,95
2020-10-07,Mariposa,043,17540,77,75,0,75,2
2020-10-07,Mendocino,045,87422,981,927,4,931,19
2020-10-07,Merced,047,269075,9181,9045,25,9070,144
2020-10-07,Modoc,049,8938,29,27,0,27,0
2020-10-07,Mono,051,14174,173,153,3,156,1
2020-10-07,Monterey,053,433212,10556,10272,44,10316,75
2020-10-07,Napa,055,140530,1834,1774,8,1782,11
2020-10-07,Nevada,057,99092,573,552,18,570,6
2020-10-07,Orange,059,3164182,57232,54332,1579,55911,1277
2020-10-07,Placer,061,380077,3878,3693,13,3706,48
2020-10-07,Plumas,063,18699,52,50,0,50,0
2020-10-07,Riverside,065,2383286,62628,60857,228,61085,1241
2020-10-07,Sacramento,067,1510023,23831,23380,26,23406,452
2020-10-07,San Benito,069,59416,1368,1363,0,1363,13
2020-10-07,San Bernardino,071,2135413,58074,55738,363,56101,1043
2020-10-07,San Diego,073,3302833,51330,49177,1187,50364,813
2020-10-07,San Francisco,075,870044,11678,11551,37,11588,115
2020-10-07,San Joaquin,077,732212,20897,20527,80,20607,478
2020-10-07,San Luis Obispo,079,281455,4037,3749,17,3766,32
2020-10-07,San Mateo,081,765935,10689,9980,11,9991,130
2020-10-07,Santa Barbara,083,443738,9486,9350,83,9433,116
2020-10-07,Santa Clara,085,1922200,23383,21993,48,22041,320
2020-10-07,Santa Cruz,087,273765,2632,2518,32,2550,14
2020-10-07,Shasta,089,179085,1687,1268,16,1284,20
2020-10-07,Sierra,091,2930,6,6,0,6,0
2020-10-07,Siskiyou,093,43540,168,154,10,164,0
2020-10-07,Solano,095,438530,6770,6526,39,6565,53
2020-10-07,Sonoma,097,501317,8524,7993,22,8015,130
2020-10-07,Stanislaus,099,539301,17019,16786,594,17380,357
2020-10-07,Sutter,101,95872,1749,1723,1,1724,12
2020-10-07,Tehama,103,63373,706,666,2,668,3
2020-10-07,Trinity,105,12862,64,25,8,33,0
2020-10-07,Tulare,107,460477,17099,16483,196,16679,282
2020-10-07,Tuolumne,109,53932,245,227,5,232,3
2020-10-07,Ventura,111,848112,14085,13333,266,13599,150
2020-10-07,Yolo,113,214977,2982,2904,7,2911,55
2020-10-07,Yuba,115,75493,1148,1120,3,1123,10
2020-10-06,Alameda,001,1643700,22300,21698,195,21893,385
2020-10-06,Alpine,003,1148,3,3,0,3,0
2020-10-06,Amador,005,37829,303,301,0,301,16
2020-10-06,Butte,007,227075,3040,2925,30,2955,47
2020-10-06,Calaveras,009,45235,315,261,0,261,11
2020-10-06,Colusa,011,21464,538,538,0,538,6
2020-10-06,Contra Costa,013,1133247,17866,17295,86,17381,219
2020-10-06,Del Norte,015,27424,164,144,0,144,2
2020-10-06,El Dorado,017,186661,1286,1211,10,1221,4
2020-10-06,Fresno,019,978130,31716,29022,394,29416,412
2020-10-06,Glenn,021,27897,626,604,0,604,3
2020-10-06,Humboldt,023,135768,523,508,1,509,7
2020-10-06,Imperial,025,180216,12181,11196,9,11205,327
2020-10-06,Inyo,027,18085,202,198,4,202,14
2020-10-06,Kern,029,883053,32753,32006,348,32354,407
2020-10-06,Kings,031,150075,8248,7943,42,7985,81
2020-10-06,Lake,033,64148,645,596,0,596,11
2020-10-06,Lassen,035,31185,757,743,2,745,0
2020-10-06,Los Angeles,037,10098052,280136,274115,2156,276271,6657
2020-10-06,Madera,039,155013,4764,4608,32,4640,50
2020-10-06,Marin,041,260295,6909,6766,18,6784,91
2020-10-06,Mariposa,043,17540,77,75,0,75,2
2020-10-06,Mendocino,045,87422,974,920,4,924,19
2020-10-06,Merced,047,269075,9145,9034,24,9058,143
2020-10-06,Modoc,049,8938,29,26,0,26,0
2020-10-06,Mono,051,14174,173,153,3,156,1
2020-10-06,Monterey,053,433212,10501,10235,42,10277,72
2020-10-06,Napa,055,140530,1828,1770,8,1778,11
2020-10-06,Nevada,057,99092,570,551,18,569,6
2020-10-06,Orange,059,3164182,57016,54203,1570,55773,1273
2020-10-06,Placer,061,380077,3856,3680,13,3693,48
2020-10-06,Plumas,063,18699,52,49,0,49,0
2020-10-06,Riverside,065,2383286,62363,60593,226,60819,1238
2020-10-06,Sacramento,067,1510023,23744,23322,26,23348,442
2020-10-06,San Benito,069,59416,1367,1358,0,1358,12
2020-10-06,San Bernardino,071,2135413,57760,55416,359,55775,1040
2020-10-06,San Diego,073,3302833,50993,48823,1170,49993,806
2020-10-06,San Francisco,075,870044,11652,11513,36,11549,115
2020-10-06,San Joaquin,077,732212,20857,20481,77,20558,477
2020-10-06,San Luis Obispo,079,281455,4003,3723,17,3740,32
2020-10-06,San Mateo,081,765935,10657,9934,11,9945,129
2020-10-06,Santa Barbara,083,443738,9457,9331,82,9413,116
2020-10-06,Santa Clara,085,1922200,23288,21914,48,21962,320
2020-10-06,Santa Cruz,087,273765,2610,2510,32,2542,12
2020-10-06,Shasta,089,179085,1647,1242,16,1258,18
2020-10-06,Sierra,091,2930,6,6,0,6,0
2020-10-06,Siskiyou,093,43540,168,154,10,164,0
2020-10-06,Solano,095,438530,6724,6506,39,6545,52
2020-10-06,Sonoma,097,501317,8431,7895,22,7917,130
2020-10-06,Stanislaus,099,539301,16974,16759,588,17347,354
2020-10-06,Sutter,101,95872,1747,1722,1,1723,12
2020-10-06,Tehama,103,63373,696,660,2,662,3
2020-10-06,Trinity,105,12862,64,25,8,33,0
2020-10-06,Tulare,107,460477,17057,16456,188,16644,280
2020-10-06,Tuolumne,109,53932,244,227,5,232,2
2020-10-06,Ventura,111,848112,14018,13242,261,13503,150
2020-10-06,Yolo,113,214977,2968,2899,7,2906,56
2020-10-06,Yuba,115,75493,1147,1114,3,1117,10
2020-10-05,Alameda,001,1643700,22212,21637,192,21829,383
2020-10-05,Alpine,003,1148,3,2,0,2,0
2020-10-05,Amador,005,37829,303,299,0,299,16
2020-10-05,Butte,007,227075,3030,2910,30,2940,46
2020-10-05,Calaveras,009,45235,315,259,0,259,11
2020-10-05,Colusa,011,21464,538,537,0,537,6
2020-10-05,Contra Costa,013,1133247,17789,17250,86,17336,216
2020-10-05,Del Norte,015,27424,161,142,0,142,2
2020-10-05,El Dorado,017,186661,1282,1202,9,1211,4
2020-10-05,Fresno,019,978130,31599,29136,394,29530,408
2020-10-05,Glenn,021,27897,624,603,0,603,3
2020-10-05,Humboldt,023,135768,522,506,1,507,6
2020-10-05,Imperial,025,180216,12141,11169,9,11178,327
2020-10-05,Inyo,027,18085,202,197,4,201,14
2020-10-05,Kern,029,883053,32674,31933,344,32277,404
2020-10-05,Kings,031,150075,8151,7932,42,7974,80
2020-10-05,Lake,033,64148,641,592,0,592,10
2020-10-05,Lassen,035,31185,756,743,2,745,0
2020-10-05,Los Angeles,037,10098052,279042,273200,2117,275317,6632
2020-10-05,Madera,039,155013,4756,4598,30,4628,50
2020-10-05,Marin,041,260295,6892,6751,18,6769,91
2020-10-05,Mariposa,043,17540,77,75,0,75,2
2020-10-05,Mendocino,045,87422,966,913,4,917,19
2020-10-05,Merced,047,269075,9126,9021,23,9044,143
2020-10-05,Modoc,049,8938,29,26,0,26,0
2020-10-05,Mono,051,14174,173,152,3,155,1
2020-10-05,Monterey,053,433212,10454,10187,42,10229,72
2020-10-05,Napa,055,140530,1817,1760,8,1768,11
2020-10-05,Nevada,057,99092,567,550,17,567,6
2020-10-05,Orange,059,3164182,56800,54103,1557,55660,1271
2020-10-05,Placer,061,380077,3830,3670,13,3683,46
2020-10-05,Plumas,063,18699,51,49,0,49,0
2020-10-05,Riverside,065,2383286,62043,60454,222,60676,1232
2020-10-05,Sacramento,067,1510023,23640,23207,26,23233,438
2020-10-05,San Benito,069,59416,1364,1356,0,1356,12
2020-10-05,San Bernardino,071,2135413,57453,55100,358,55458,1031
2020-10-05,San Diego,073,3302833,50657,48662,1146,49808,803
2020-10-05,San Francisco,075,870044,11613,11476,34,11510,110
2020-10-05,San Joaquin,077,732212,20787,20319,74,20393,476
2020-10-05,San Luis Obispo,079,281455,3976,3710,17,3727,32
2020-10-05,San Mateo,081,765935,10630,9896,11,9907,128
2020-10-05,Santa Barbara,083,443738,9435,9309,82,9391,116
2020-10-05,Santa Clara,085,1922200,23171,21861,48,21909,319
2020-10-05,Santa Cruz,087,273765,2598,2492,32,2524,9
2020-10-05,Shasta,089,179085,1615,1158,16,1174,18
2020-10-05,Sierra,091,2930,6,6,0,6,0
2020-10-05,Siskiyou,093,43540,168,153,10,163,0
2020-10-05,Solano,095,438530,6685,6475,39,6514,52
2020-10-05,Sonoma,097,501317,8339,7817,22,7839,130
2020-10-05,Stanislaus,099,539301,16938,16730,581,17311,351
2020-10-05,Sutter,101,95872,1739,1719,1,1720,12
2020-10-05,Tehama,103,63373,688,642,2,644,3
2020-10-05,Trinity,105,12862,62,22,8,30,0
2020-10-05,Tulare,107,460477,16998,16343,183,16526,278
2020-10-05,Tuolumne,109,53932,241,226,5,231,2
2020-10-05,Ventura,111,848112,13949,13224,242,13466,149
2020-10-05,Yolo,113,214977,2949,2889,7,2896,56
2020-10-05,Yuba,115,75493,1134,1108,3,1111,9
2020-10-04,Alameda,001,1643700,22116,21597,192,21789,383
2020-10-04,Alpine,003,1148,3,2,0,2,0
2020-10-04,Amador,005,37829,302,297,0,297,16
2020-10-04,Butte,007,227075,3016,2903,30,2933,46
2020-10-04,Calaveras,009,45235,315,259,0,259,11
2020-10-04,Colusa,011,21464,537,537,0,537,6
2020-10-04,Contra Costa,013,1133247,17724,17192,86,17278,214
2020-10-04,Del Norte,015,27424,157,142,0,142,2
2020-10-04,El Dorado,017,186661,1278,1196,9,1205,4
2020-10-04,Fresno,019,978130,31476,29065,394,29459,408
2020-10-04,Glenn,021,27897,622,601,0,601,3
2020-10-04,Humboldt,023,135768,521,506,1,507,6
2020-10-04,Imperial,025,180216,12102,11127,9,11136,327
2020-10-04,Inyo,027,18085,199,195,4,199,14
2020-10-04,Kern,029,883053,32600,31906,341,32247,404
2020-10-04,Kings,031,150075,8136,7919,42,7961,80
2020-10-04,Lake,033,64148,627,589,0,589,10
2020-10-04,Lassen,035,31185,756,743,2,745,0
2020-10-04,Los Angeles,037,10098052,277656,272822,2069,274891,6625
2020-10-04,Madera,039,155013,4740,4587,30,4617,50
2020-10-04,Marin,041,260295,6872,6741,18,6759,91
2020-10-04,Mariposa,043,17540,77,75,0,75,2
2020-10-04,Mendocino,045,87422,953,905,4,909,18
2020-10-04,Merced,047,269075,9101,9006,23,9029,140
2020-10-04,Modoc,049,8938,29,26,0,26,0
2020-10-04,Mono,051,14174,172,152,2,154,1
2020-10-04,Monterey,053,433212,10413,10141,41,10182,72
2020-10-04,Napa,055,140530,1805,1759,8,1767,11
2020-10-04,Nevada,057,99092,563,547,16,563,6
2020-10-04,Orange,059,3164182,56564,53966,1548,55514,1270
2020-10-04,Placer,061,380077,3809,3664,13,3677,46
2020-10-04,Plumas,063,18699,51,49,0,49,0
2020-10-04,Riverside,065,2383286,61757,60251,218,60469,1226
2020-10-04,Sacramento,067,1510023,23527,23162,26,23188,438
2020-10-04,San Benito,069,59416,1364,1355,0,1355,12
2020-10-04,San Bernardino,071,2135413,57005,55100,356,55456,1031
2020-10-04,San Diego,073,3302833,50290,48438,1121,49559,803
2020-10-04,San Francisco,075,870044,11581,11474,32,11506,110
2020-10-04,San Joaquin,077,732212,20710,20320,68,20388,476
2020-10-04,San Luis Obispo,079,281455,3951,3688,17,3705,31
2020-10-04,San Mateo,081,765935,10570,9858,11,9869,128
2020-10-04,Santa Barbara,083,443738,9409,9276,80,9356,116
2020-10-04,Santa Clara,085,1922200,23034,21780,48,21828,316
2020-10-04,Santa Cruz,087,273765,2582,2483,32,2515,9
2020-10-04,Shasta,089,179085,1517,1158,15,1173,18
2020-10-04,Sierra,091,2930,6,6,0,6,0
2020-10-04,Siskiyou,093,43540,168,153,10,163,0
2020-10-04,Solano,095,438530,6634,6445,39,6484,52
2020-10-04,Sonoma,097,501317,8251,7794,22,7816,129
2020-10-04,Stanislaus,099,539301,16888,16711,572,17283,351
2020-10-04,Sutter,101,95872,1736,1711,1,1712,11
2020-10-04,Tehama,103,63373,673,637,2,639,3
2020-10-04,Trinity,105,12862,61,21,8,29,0
2020-10-04,Tulare,107,460477,16921,16343,172,16515,278
2020-10-04,Tuolumne,109,53932,239,226,5,231,2
2020-10-04,Ventura,111,848112,13867,13197,225,13422,149
2020-10-04,Yolo,113,214977,2938,2875,7,2882,56
2020-10-04,Yuba,115,75493,1130,1103,3,1106,9
2020-10-03,Alameda,001,1643700,22070,21510,191,21701,386
2020-10-03,Alpine,003,1148,3,2,0,2,0
2020-10-03,Amador,005,37829,301,296,0,296,16
2020-10-03,Butte,007,227075,3010,2894,30,2924,46
2020-10-03,Calaveras,009,45235,315,259,0,259,11
2020-10-03,Colusa,011,21464,536,537,0,537,6
2020-10-03,Contra Costa,013,1133247,17674,17087,84,17171,213
2020-10-03,Del Norte,015,27424,153,142,0,142,2
2020-10-03,El Dorado,017,186661,1271,1188,9,1197,4
2020-10-03,Fresno,019,978130,31416,28975,393,29368,408
2020-10-03,Glenn,021,27897,620,601,0,601,3
2020-10-03,Humboldt,023,135768,520,504,1,505,6
2020-10-03,Imperial,025,180216,12079,11090,9,11099,327
2020-10-03,Inyo,027,18085,199,194,4,198,14
2020-10-03,Kern,029,883053,32550,31864,337,32201,403
2020-10-03,Kings,031,150075,8132,7887,42,7929,80
2020-10-03,Lake,033,64148,617,588,0,588,10
2020-10-03,Lassen,035,31185,756,743,2,745,0
2020-10-03,Los Angeles,037,10098052,276949,271869,2040,273909,6620
2020-10-03,Madera,039,155013,4723,4565,30,4595,50
2020-10-03,Marin,041,260295,6866,6728,18,6746,91
2020-10-03,Mariposa,043,17540,77,75,0,75,2
2020-10-03,Mendocino,045,87422,951,898,4,902,18
2020-10-03,Merced,047,269075,9088,8986,23,9009,139
2020-10-03,Modoc,049,8938,29,26,0,26,0
2020-10-03,Mono,051,14174,171,152,2,154,1
2020-10-03,Monterey,053,433212,10379,10092,38,10130,72
2020-10-03,Napa,055,140530,1801,1752,8,1760,11
2020-10-03,Nevada,057,99092,562,544,16,560,6
2020-10-03,Orange,059,3164182,56447,53573,1543,55116,1268
2020-10-03,Placer,061,380077,3798,3648,13,3661,47
2020-10-03,Plumas,063,18699,51,48,0,48,0
2020-10-03,Riverside,065,2383286,61605,59991,216,60207,1226
2020-10-03,Sacramento,067,1510023,23476,23076,26,23102,437
2020-10-03,San Benito,069,59416,1364,1351,0,1351,12
2020-10-03,San Bernardino,071,2135413,56832,55004,353,55357,1031
2020-10-03,San Diego,073,3302833,50059,48202,1104,49306,798
2020-10-03,San Francisco,075,870044,11556,11475,30,11505,110
2020-10-03,San Joaquin,077,732212,20684,20322,68,20390,476
2020-10-03,San Luis Obispo,079,281455,3927,3670,17,3687,31
2020-10-03,San Mateo,081,765935,10543,9822,10,9832,128
2020-10-03,Santa Barbara,083,443738,9396,9256,80,9336,116
2020-10-03,Santa Clara,085,1922200,22954,21672,48,21720,309
2020-10-03,Santa Cruz,087,273765,2574,2476,32,2508,9
2020-10-03,Shasta,089,179085,1489,1117,14,1131,18
2020-10-03,Sierra,091,2930,6,6,0,6,0
2020-10-03,Siskiyou,093,43540,168,152,10,162,0
2020-10-03,Solano,095,438530,6608,6419,39,6458,52
2020-10-03,Sonoma,097,501317,8209,7747,22,7769,129
2020-10-03,Stanislaus,099,539301,16855,16645,568,17213,351
2020-10-03,Sutter,101,95872,1732,1705,1,1706,11
2020-10-03,Tehama,103,63373,667,630,2,632,3
2020-10-03,Trinity,105,12862,61,15,8,23,0
2020-10-03,Tulare,107,460477,16877,16322,168,16490,278
2020-10-03,Tuolumne,109,53932,238,224,5,229,2
2020-10-03,Ventura,111,848112,13829,13150,221,13371,148
2020-10-03,Yolo,113,214977,2931,2863,7,2870,56
2020-10-03,Yuba,115,75493,1122,1097,3,1100,8
2020-10-02,Alameda,001,1643700,22015,21404,190,21594,382
2020-10-02,Alpine,003,1148,3,2,0,2,0
2020-10-02,Amador,005,37829,300,296,0,296,16
2020-10-02,Butte,007,227075,3000,2879,30,2909,46
2020-10-02,Calaveras,009,45235,314,259,0,259,11
2020-10-02,Colusa,011,21464,535,537,0,537,6
2020-10-02,Contra Costa,013,1133247,17631,17002,83,17085,213
2020-10-02,Del Norte,015,27424,152,141,0,141,2
2020-10-02,El Dorado,017,186661,1264,1168,9,1177,4
2020-10-02,Fresno,019,978130,31333,28855,393,29248,403
2020-10-02,Glenn,021,27897,615,594,0,594,3
2020-10-02,Humboldt,023,135768,519,503,1,504,6
2020-10-02,Imperial,025,180216,12057,11024,9,11033,327
2020-10-02,Inyo,027,18085,197,191,4,195,14
2020-10-02,Kern,029,883053,32498,31790,335,32125,399
2020-10-02,Kings,031,150075,8123,7716,42,7758,79
2020-10-02,Lake,033,64148,611,579,0,579,10
2020-10-02,Lassen,035,31185,756,742,2,744,0
2020-10-02,Los Angeles,037,10098052,276048,270935,2014,272949,6602
2020-10-02,Madera,039,155013,4714,4537,30,4567,49
2020-10-02,Marin,041,260295,6849,6717,18,6735,91
2020-10-02,Mariposa,043,17540,77,75,0,75,2
2020-10-02,Mendocino,045,87422,946,883,4,887,18
2020-10-02,Merced,047,269075,9078,8961,23,8984,139
2020-10-02,Modoc,049,8938,29,26,0,26,0
2020-10-02,Mono,051,14174,171,150,2,152,1
2020-10-02,Monterey,053,433212,10345,9997,38,10035,71
2020-10-02,Napa,055,140530,1795,1737,8,1745,11
2020-10-02,Nevada,057,99092,559,543,16,559,6
2020-10-02,Orange,059,3164182,56316,53299,1536,54835,1262
2020-10-02,Placer,061,380077,3778,3612,13,3625,46
2020-10-02,Plumas,063,18699,51,48,0,48,0
2020-10-02,Riverside,065,2383286,61384,59673,213,59886,1223
2020-10-02,Sacramento,067,1510023,23411,22818,26,22844,436
2020-10-02,San Benito,069,59416,1360,1347,0,1347,12
2020-10-02,San Bernardino,071,2135413,56645,54613,353,54966,1028
2020-10-02,San Diego,073,3302833,49807,47793,1088,48881,794
2020-10-02,San Francisco,075,870044,11533,11398,30,11428,110
2020-10-02,San Joaquin,077,732212,20650,20235,67,20302,474
2020-10-02,San Luis Obispo,079,281455,3904,3654,17,3671,31
2020-10-02,San Mateo,081,765935,10502,9745,10,9755,128
2020-10-02,Santa Barbara,083,443738,9373,9234,80,9314,116
2020-10-02,Santa Clara,085,1922200,22868,21545,47,21592,305
2020-10-02,Santa Cruz,087,273765,2557,2463,32,2495,9
2020-10-02,Shasta,089,179085,1454,1046,14,1060,18
2020-10-02,Sierra,091,2930,6,6,0,6,0
2020-10-02,Siskiyou,093,43540,168,151,10,161,0
2020-10-02,Solano,095,438530,6578,6385,39,6424,52
2020-10-02,Sonoma,097,501317,8152,7662,22,7684,125
2020-10-02,Stanislaus,099,539301,16814,16609,559,17168,349
2020-10-02,Sutter,101,95872,1731,1693,1,1694,11
2020-10-02,Tehama,103,63373,662,619,2,621,3
2020-10-02,Trinity,105,12862,61,15,8,23,0
2020-10-02,Tulare,107,460477,16836,16245,161,16406,278
2020-10-02,Tuolumne,109,53932,236,225,5,230,2
2020-10-02,Ventura,111,848112,13790,13120,216,13336,146
2020-10-02,Yolo,113,214977,2926,2845,7,2852,55
2020-10-02,Yuba,115,75493,1120,1090,3,1093,8
2020-10-01,Alameda,001,1643700,21954,21349,186,21535,383
2020-10-01,Alpine,003,1148,3,2,0,2,0
2020-10-01,Amador,005,37829,300,294,0,294,16
2020-10-01,Butte,007,227075,2992,2865,30,2895,45
2020-10-01,Calaveras,009,45235,314,257,0,257,11
2020-10-01,Colusa,011,21464,535,536,0,536,6
2020-10-01,Contra Costa,013,1133247,17568,16898,83,16981,211
2020-10-01,Del Norte,015,27424,147,140,0,140,2
2020-10-01,El Dorado,017,186661,1260,1162,8,1170,4
2020-10-01,Fresno,019,978130,31253,28796,391,29187,397
2020-10-01,Glenn,021,27897,611,593,0,593,3
2020-10-01,Humboldt,023,135768,519,499,1,500,6
2020-10-01,Imperial,025,180216,12014,10928,9,10937,325
2020-10-01,Inyo,027,18085,197,191,4,195,14
2020-10-01,Kern,029,883053,32435,31678,330,32008,399
2020-10-01,Kings,031,150075,8112,7688,39,7727,79
2020-10-01,Lake,033,64148,605,572,0,572,11
2020-10-01,Lassen,035,31185,753,742,2,744,0
2020-10-01,Los Angeles,037,10098052,275002,271513,1981,273494,6621
2020-10-01,Madera,039,155013,4691,4508,30,4538,48
2020-10-01,Marin,041,260295,6835,6710,18,6728,92
2020-10-01,Mariposa,043,17540,77,76,0,76,2
2020-10-01,Mendocino,045,87422,941,874,4,878,19
2020-10-01,Merced,047,269075,9050,8942,23,8965,138
2020-10-01,Modoc,049,8938,29,26,0,26,0
2020-10-01,Mono,051,14174,169,150,2,152,1
2020-10-01,Monterey,053,433212,10269,9958,38,9996,71
2020-10-01,Napa,055,140530,1787,1729,8,1737,11
2020-10-01,Nevada,057,99092,558,543,16,559,6
2020-10-01,Orange,059,3164182,56151,53088,1523,54611,1257
2020-10-01,Placer,061,380077,3751,3599,13,3612,45
2020-10-01,Plumas,063,18699,51,48,0,48,0
2020-10-01,Riverside,065,2383286,61132,59293,207,59500,1223
2020-10-01,Sacramento,067,1510023,23299,22714,25,22739,433
2020-10-01,San Benito,069,59416,1358,1346,0,1346,12
2020-10-01,San Bernardino,071,2135413,56352,54350,350,54700,1021
2020-10-01,San Diego,073,3302833,49525,47487,1068,48555,792
2020-10-01,San Francisco,075,870044,11502,11284,28,11312,110
2020-10-01,San Joaquin,077,732212,20603,20204,64,20268,471
2020-10-01,San Luis Obispo,079,281455,3877,3625,17,3642,31
2020-10-01,San Mateo,081,765935,10457,9681,10,9691,128
2020-10-01,Santa Barbara,083,443738,9333,9215,80,9295,118
2020-10-01,Santa Clara,085,1922200,22767,21398,47,21445,305
2020-10-01,Santa Cruz,087,273765,2542,2418,32,2450,10
2020-10-01,Shasta,089,179085,1403,991,14,1005,18
2020-10-01,Sierra,091,2930,6,6,0,6,0
2020-10-01,Siskiyou,093,43540,165,150,10,160,0
2020-10-01,Solano,095,438530,6540,6352,39,6391,52
2020-10-01,Sonoma,097,501317,8085,7569,22,7591,125
2020-10-01,Stanislaus,099,539301,16781,16555,553,17108,346
2020-10-01,Sutter,101,95872,1726,1684,1,1685,11
2020-10-01,Tehama,103,63373,652,606,2,608,3
2020-10-01,Trinity,105,12862,61,15,8,23,0
2020-10-01,Tulare,107,460477,16761,16182,158,16340,275
2020-10-01,Tuolumne,109,53932,236,223,5,228,2
2020-10-01,Ventura,111,848112,13738,13057,203,13260,146
2020-10-01,Yolo,113,214977,2908,2833,7,2840,55
2020-10-01,Yuba,115,75493,1116,1082,3,1085,8
2020-09-30,Alameda,001,1643700,21876,21271,183,21454,380
2020-09-30,Alpine,003,1148,3,2,0,2,0
2020-09-30,Amador,005,37829,300,294,0,294,16
2020-09-30,Butte,007,227075,2984,2858,30,2888,44
2020-09-30,Calaveras,009,45235,313,258,0,258,11
2020-09-30,Colusa,011,21464,534,534,0,534,6
2020-09-30,Contra Costa,013,1133247,17500,16819,83,16902,211
2020-09-30,Del Norte,015,27424,146,140,0,140,2
2020-09-30,El Dorado,017,186661,1248,1157,8,1165,4
2020-09-30,Fresno,019,978130,31164,28706,388,29094,395
2020-09-30,Glenn,021,27897,606,592,0,592,3
2020-09-30,Humboldt,023,135768,517,497,1,498,6
2020-09-30,Imperial,025,180216,11989,10868,9,10877,287
2020-09-30,Inyo,027,18085,196,189,4,193,14
2020-09-30,Kern,029,883053,32360,31601,329,31930,398
2020-09-30,Kings,031,150075,8084,7685,39,7724,79
2020-09-30,Lake,033,64148,599,567,0,567,10
2020-09-30,Lassen,035,31185,750,742,2,744,0
2020-09-30,Los Angeles,037,10098052,273779,270260,1948,272208,6568
2020-09-30,Madera,039,155013,4682,4477,30,4507,47
2020-09-30,Marin,041,260295,6811,6700,17,6717,91
2020-09-30,Mariposa,043,17540,77,76,0,76,2
2020-09-30,Mendocino,045,87422,935,867,4,871,17
2020-09-30,Merced,047,269075,9030,8926,23,8949,136
2020-09-30,Modoc,049,8938,29,26,0,26,0
2020-09-30,Mono,051,14174,169,150,2,152,1
2020-09-30,Monterey,053,433212,10219,9898,37,9935,70
2020-09-30,Napa,055,140530,1773,1728,8,1736,11
2020-09-30,Nevada,057,99092,556,540,16,556,6
2020-09-30,Orange,059,3164182,55960,52916,1507,54423,1251
2020-09-30,Placer,061,380077,3730,3585,13,3598,43
2020-09-30,Plumas,063,18699,51,48,0,48,0
2020-09-30,Riverside,065,2383286,60777,59074,203,59277,1220
2020-09-30,Sacramento,067,1510023,23195,22613,25,22638,429
2020-09-30,San Benito,069,59416,1355,1342,0,1342,12
2020-09-30,San Bernardino,071,2135413,56074,53988,349,54337,1018
2020-09-30,San Diego,073,3302833,49221,47182,1047,48229,783
2020-09-30,San Francisco,075,870044,11472,11247,28,11275,106
2020-09-30,San Joaquin,077,732212,20520,20150,62,20212,461
2020-09-30,San Luis Obispo,079,281455,3852,3597,17,3614,31
2020-09-30,San Mateo,081,765935,10415,9634,10,9644,128
2020-09-30,Santa Barbara,083,443738,9307,9186,80,9266,115
2020-09-30,Santa Clara,085,1922200,22662,21318,47,21365,302
2020-09-30,Santa Cruz,087,273765,2529,2405,32,2437,10
2020-09-30,Shasta,089,179085,1347,976,13,989,17
2020-09-30,Sierra,091,2930,6,6,0,6,0
2020-09-30,Siskiyou,093,43540,163,150,10,160,0
2020-09-30,Solano,095,438530,6498,6315,39,6354,51
2020-09-30,Sonoma,097,501317,7996,7494,22,7516,125
2020-09-30,Stanislaus,099,539301,16734,16531,547,17078,343
2020-09-30,Sutter,101,95872,1710,1680,1,1681,10
2020-09-30,Tehama,103,63373,646,594,2,596,3
2020-09-30,Trinity,105,12862,58,15,8,23,0
2020-09-30,Tulare,107,460477,16695,16117,151,16268,274
2020-09-30,Tuolumne,109,53932,234,224,5,229,2
2020-09-30,Ventura,111,848112,13703,12968,187,13155,145
2020-09-30,Yolo,113,214977,2895,2822,7,2829,55
2020-09-30,Yuba,115,75493,1113,1075,3,1078,8
2020-09-29,Alameda,001,1643700,21801,21241,180,21421,374
2020-09-29,Alpine,003,1148,3,2,0,2,0
2020-09-29,Amador,005,37829,298,294,0,294,16
2020-09-29,Butte,007,227075,2970,2848,30,2878,44
2020-09-29,Calaveras,009,45235,311,261,0,261,11
2020-09-29,Colusa,011,21464,534,534,0,534,6
2020-09-29,Contra Costa,013,1133247,17445,16716,81,16797,209
2020-09-29,Del Norte,015,27424,142,142,0,142,2
2020-09-29,El Dorado,017,186661,1239,1151,8,1159,4
2020-09-29,Fresno,019,978130,31069,28621,387,29008,394
2020-09-29,Glenn,021,27897,602,589,0,589,3
2020-09-29,Humboldt,023,135768,515,497,1,498,6
2020-09-29,Imperial,025,180216,11955,10811,9,10820,283
2020-09-29,Inyo,027,18085,195,188,4,192,14
2020-09-29,Kern,029,883053,32305,31534,328,31862,397
2020-09-29,Kings,031,150075,8028,7681,39,7720,78
2020-09-29,Lake,033,64148,597,566,0,566,11
2020-09-29,Lassen,035,31185,750,741,2,743,0
2020-09-29,Los Angeles,037,10098052,272564,269246,1920,271166,6545
2020-09-29,Madera,039,155013,4658,4453,30,4483,47
2020-09-29,Marin,041,260295,6790,6692,17,6709,91
2020-09-29,Mariposa,043,17540,77,74,0,74,2
2020-09-29,Mendocino,045,87422,925,854,4,858,17
2020-09-29,Merced,047,269075,9017,8892,21,8913,136
2020-09-29,Modoc,049,8938,29,26,0,26,0
2020-09-29,Mono,051,14174,169,149,2,151,1
2020-09-29,Monterey,053,433212,10164,9826,35,9861,70
2020-09-29,Napa,055,140530,1770,1727,8,1735,11
2020-09-29,Nevada,057,99092,551,539,16,555,6
2020-09-29,Orange,059,3164182,55774,52755,1496,54251,1231
2020-09-29,Placer,061,380077,3708,3570,13,3583,42
2020-09-29,Plumas,063,18699,51,48,0,48,0
2020-09-29,Riverside,065,2383286,60447,58863,196,59059,1208
2020-09-29,Sacramento,067,1510023,23074,22547,25,22572,425
2020-09-29,San Benito,069,59416,1350,1341,0,1341,12
2020-09-29,San Bernardino,071,2135413,55764,53753,348,54101,1012
2020-09-29,San Diego,073,3302833,48944,46987,1024,48011,781
2020-09-29,San Francisco,075,870044,11436,11142,28,11170,104
2020-09-29,San Joaquin,077,732212,20454,20094,60,20154,454
2020-09-29,San Luis Obispo,079,281455,3830,3581,17,3598,31
2020-09-29,San Mateo,081,765935,10368,9619,10,9629,127
2020-09-29,Santa Barbara,083,443738,9287,9149,79,9228,114
2020-09-29,Santa Clara,085,1922200,22526,21233,46,21279,302
2020-09-29,Santa Cruz,087,273765,2514,2383,31,2414,10
2020-09-29,Shasta,089,179085,1286,943,13,956,17
2020-09-29,Sierra,091,2930,6,6,0,6,0
2020-09-29,Siskiyou,093,43540,157,150,10,160,0
2020-09-29,Solano,095,438530,6464,6303,39,6342,51
2020-09-29,Sonoma,097,501317,7924,7426,22,7448,125
2020-09-29,Stanislaus,099,539301,16704,16505,541,17046,341
2020-09-29,Sutter,101,95872,1704,1677,1,1678,10
2020-09-29,Tehama,103,63373,628,585,2,587,2
2020-09-29,Trinity,105,12862,56,16,8,24,0
2020-09-29,Tulare,107,460477,16631,16055,144,16199,270
2020-09-29,Tuolumne,109,53932,234,224,5,229,2
2020-09-29,Ventura,111,848112,13646,12875,184,13059,145
2020-09-29,Yolo,113,214977,2882,2818,7,2825,55
2020-09-29,Yuba,115,75493,1111,1071,3,1074,8
2020-09-28,Alameda,001,1643700,21714,21133,180,21313,370
2020-09-28,Alpine,003,1148,3,2,0,2,0
2020-09-28,Amador,005,37829,296,294,0,294,16
2020-09-28,Butte,007,227075,2955,2837,30,2867,44
2020-09-28,Calaveras,009,45235,311,257,0,257,11
2020-09-28,Colusa,011,21464,533,531,0,531,6
2020-09-28,Contra Costa,013,1133247,17381,16653,81,16734,195
2020-09-28,Del Norte,015,27424,142,138,0,138,2
2020-09-28,El Dorado,017,186661,1232,1144,8,1152,4
2020-09-28,Fresno,019,978130,30988,28517,381,28898,389
2020-09-28,Glenn,021,27897,600,585,0,585,3
2020-09-28,Humboldt,023,135768,509,495,1,496,6
2020-09-28,Imperial,025,180216,11920,10777,9,10786,283
2020-09-28,Inyo,027,18085,194,188,4,192,14
2020-09-28,Kern,029,883053,32240,31481,324,31805,395
2020-09-28,Kings,031,150075,7887,7661,37,7698,78
2020-09-28,Lake,033,64148,593,559,0,559,10
2020-09-28,Lassen,035,31185,749,737,2,739,0
2020-09-28,Los Angeles,037,10098052,271457,268404,1890,270294,6508
2020-09-28,Madera,039,155013,4637,4438,30,4468,47
2020-09-28,Marin,041,260295,6774,6676,17,6693,91
2020-09-28,Mariposa,043,17540,77,74,0,74,2
2020-09-28,Mendocino,045,87422,910,850,4,854,17
2020-09-28,Merced,047,269075,8989,8869,21,8890,136
2020-09-28,Modoc,049,8938,29,26,0,26,0
2020-09-28,Mono,051,14174,169,148,2,150,1
2020-09-28,Monterey,053,433212,10099,9780,33,9813,69
2020-09-28,Napa,055,140530,1758,1705,8,1713,11
2020-09-28,Nevada,057,99092,543,538,16,554,6
2020-09-28,Orange,059,3164182,55568,52633,1487,54120,1196
2020-09-28,Placer,061,380077,3687,3572,13,3585,42
2020-09-28,Plumas,063,18699,50,48,0,48,0
2020-09-28,Riverside,065,2383286,60149,58570,187,58757,1198
2020-09-28,Sacramento,067,1510023,22927,22392,25,22417,423
2020-09-28,San Benito,069,59416,1347,1336,0,1336,11
2020-09-28,San Bernardino,071,2135413,55416,53501,348,53849,988
2020-09-28,San Diego,073,3302833,48626,46736,1004,47740,776
2020-09-28,San Francisco,075,870044,11402,11114,28,11142,100
2020-09-28,San Joaquin,077,732212,20406,19982,59,20041,448
2020-09-28,San Luis Obispo,079,281455,3809,3567,17,3584,31
2020-09-28,San Mateo,081,765935,10318,9582,10,9592,127
2020-09-28,Santa Barbara,083,443738,9269,9121,79,9200,114
2020-09-28,Santa Clara,085,1922200,22409,21180,46,21226,271
2020-09-28,Santa Cruz,087,273765,2504,2359,31,2390,9
2020-09-28,Shasta,089,179085,1232,883,10,893,17
2020-09-28,Sierra,091,2930,6,6,0,6,0
2020-09-28,Siskiyou,093,43540,157,149,10,159,0
2020-09-28,Solano,095,438530,6428,6254,39,6293,51
2020-09-28,Sonoma,097,501317,7848,7369,22,7391,125
2020-09-28,Stanislaus,099,539301,16665,16467,534,17001,336
2020-09-28,Sutter,101,95872,1697,1676,1,1677,10
2020-09-28,Tehama,103,63373,620,579,2,581,2
2020-09-28,Trinity,105,12862,56,16,8,24,0
2020-09-28,Tulare,107,460477,16578,15918,139,16057,270
2020-09-28,Tuolumne,109,53932,234,225,5,230,2
2020-09-28,Ventura,111,848112,13568,12812,178,12990,139
2020-09-28,Yolo,113,214977,2865,2809,7,2816,55
2020-09-28,Yuba,115,75493,1108,1062,3,1065,7
2020-09-27,Alameda,001,1643700,21632,21077,176,21253,370
2020-09-27,Alpine,003,1148,3,2,0,2,0
2020-09-27,Amador,005,37829,296,291,0,291,16
2020-09-27,Butte,007,227075,2943,2833,30,2863,44
2020-09-27,Calaveras,009,45235,310,257,0,257,11
2020-09-27,Colusa,011,21464,532,531,0,531,6
2020-09-27,Contra Costa,013,1133247,17279,16596,80,16676,195
2020-09-27,Del Norte,015,27424,142,138,0,138,2
2020-09-27,El Dorado,017,186661,1217,1130,8,1138,4
2020-09-27,Fresno,019,978130,30883,28441,381,28822,389
2020-09-27,Glenn,021,27897,596,576,0,576,3
2020-09-27,Humboldt,023,135768,507,492,1,493,6
2020-09-27,Imperial,025,180216,11886,10743,9,10752,283
2020-09-27,Inyo,027,18085,192,188,4,192,14
2020-09-27,Kern,029,883053,32121,31462,321,31783,395
2020-09-27,Kings,031,150075,7867,7641,37,7678,78
2020-09-27,Lake,033,64148,589,555,0,555,10
2020-09-27,Lassen,035,31185,749,737,2,739,0
2020-09-27,Los Angeles,037,10098052,270277,267754,1870,269624,6507
2020-09-27,Madera,039,155013,4608,4416,30,4446,47
2020-09-27,Marin,041,260295,6764,6663,17,6680,91
2020-09-27,Mariposa,043,17540,77,74,0,74,2
2020-09-27,Mendocino,045,87422,904,846,4,850,17
2020-09-27,Merced,047,269075,8955,8853,21,8874,136
2020-09-27,Modoc,049,8938,29,26,0,26,0
2020-09-27,Mono,051,14174,169,148,2,150,1
2020-09-27,Monterey,053,433212,10039,9724,32,9756,69
2020-09-27,Napa,055,140530,1753,1690,8,1698,11
2020-09-27,Nevada,057,99092,542,537,16,553,6
2020-09-27,Orange,059,3164182,55293,52458,1478,53936,1195
2020-09-27,Placer,061,380077,3674,3562,13,3575,42
2020-09-27,Plumas,063,18699,50,48,0,48,0
2020-09-27,Riverside,065,2383286,59853,58509,179,58688,1191
2020-09-27,Sacramento,067,1510023,22829,22356,25,22381,422
2020-09-27,San Benito,069,59416,1347,1331,0,1331,11
2020-09-27,San Bernardino,071,2135413,54980,53127,348,53475,988
2020-09-27,San Diego,073,3302833,48282,46612,987,47599,776
2020-09-27,San Francisco,075,870044,11350,11114,28,11142,100
2020-09-27,San Joaquin,077,732212,20346,19981,59,20040,448
2020-09-27,San Luis Obispo,079,281455,3789,3562,17,3579,31
2020-09-27,San Mateo,081,765935,10250,9566,10,9576,127
2020-09-27,Santa Barbara,083,443738,9248,9090,78,9168,114
2020-09-27,Santa Clara,085,1922200,22300,21091,46,21137,271
2020-09-27,Santa Cruz,087,273765,2482,2359,31,2390,9
2020-09-27,Shasta,089,179085,1189,883,9,892,17
2020-09-27,Sierra,091,2930,6,6,0,6,0
2020-09-27,Siskiyou,093,43540,156,149,10,159,0
2020-09-27,Solano,095,438530,6393,6211,39,6250,51
2020-09-27,Sonoma,097,501317,7767,7336,22,7358,124
2020-09-27,Stanislaus,099,539301,16614,16448,528,16976,336
2020-09-27,Sutter,101,95872,1690,1672,1,1673,10
2020-09-27,Tehama,103,63373,603,573,2,575,2
2020-09-27,Trinity,105,12862,56,16,8,24,0
2020-09-27,Tulare,107,460477,16500,15918,130,16048,270
2020-09-27,Tuolumne,109,53932,233,224,5,229,2
2020-09-27,Ventura,111,848112,13479,12775,169,12944,139
2020-09-27,Yolo,113,214977,2851,2796,7,2803,55
2020-09-27,Yuba,115,75493,1098,1059,3,1062,7
2020-09-26,Alameda,001,1643700,21574,21019,175,21194,370
2020-09-26,Alpine,003,1148,3,2,0,2,0
2020-09-26,Amador,005,37829,295,291,0,291,16
2020-09-26,Butte,007,227075,2935,2827,30,2857,44
2020-09-26,Calaveras,009,45235,310,257,0,257,11
2020-09-26,Colusa,011,21464,532,529,0,529,6
2020-09-26,Contra Costa,013,1133247,17236,16508,80,16588,194
2020-09-26,Del Norte,015,27424,142,138,0,138,2
2020-09-26,El Dorado,017,186661,1212,1127,8,1135,4
2020-09-26,Fresno,019,978130,30816,28336,381,28717,389
2020-09-26,Glenn,021,27897,596,576,0,576,3
2020-09-26,Humboldt,023,135768,507,491,1,492,6
2020-09-26,Imperial,025,180216,11869,10721,9,10730,283
2020-09-26,Inyo,027,18085,191,187,4,191,14
2020-09-26,Kern,029,883053,32070,31410,321,31731,394
2020-09-26,Kings,031,150075,7855,7537,37,7574,78
2020-09-26,Lake,033,64148,586,549,0,549,10
2020-09-26,Lassen,035,31185,749,737,2,739,0
2020-09-26,Los Angeles,037,10098052,269645,266931,1856,268787,6497
2020-09-26,Madera,039,155013,4592,4410,30,4440,47
2020-09-26,Marin,041,260295,6751,6641,17,6658,91
2020-09-26,Mariposa,043,17540,76,74,0,74,2
2020-09-26,Mendocino,045,87422,899,836,4,840,17
2020-09-26,Merced,047,269075,8943,8841,20,8861,136
2020-09-26,Modoc,049,8938,29,26,0,26,0
2020-09-26,Mono,051,14174,169,148,2,150,1
2020-09-26,Monterey,053,433212,10012,9651,32,9683,68
2020-09-26,Napa,055,140530,1751,1681,8,1689,11
2020-09-26,Nevada,057,99092,542,534,16,550,6
2020-09-26,Orange,059,3164182,55154,52203,1472,53675,1194
2020-09-26,Placer,061,380077,3661,3551,13,3564,42
2020-09-26,Plumas,063,18699,49,48,0,48,0
2020-09-26,Riverside,065,2383286,59718,58076,177,58253,1190
2020-09-26,Sacramento,067,1510023,22773,22269,25,22294,421
2020-09-26,San Benito,069,59416,1345,1325,0,1325,11
2020-09-26,San Bernardino,071,2135413,54847,53122,348,53470,988
2020-09-26,San Diego,073,3302833,48077,46333,973,47306,775
2020-09-26,San Francisco,075,870044,11321,11113,28,11141,100
2020-09-26,San Joaquin,077,732212,20311,19982,57,20039,449
2020-09-26,San Luis Obispo,079,281455,3773,3546,17,3563,31
2020-09-26,San Mateo,081,765935,10216,9509,10,9519,127
2020-09-26,Santa Barbara,083,443738,9237,9061,78,9139,114
2020-09-26,Santa Clara,085,1922200,22229,20967,45,21012,270
2020-09-26,Santa Cruz,087,273765,2474,2336,31,2367,9
2020-09-26,Shasta,089,179085,1139,856,8,864,17
2020-09-26,Sierra,091,2930,6,6,0,6,0
2020-09-26,Siskiyou,093,43540,155,149,10,159,0
2020-09-26,Solano,095,438530,6374,6209,39,6248,51
2020-09-26,Sonoma,097,501317,7742,7285,21,7306,124
2020-09-26,Stanislaus,099,539301,16589,16421,520,16941,336
2020-09-26,Sutter,101,95872,1685,1662,1,1663,10
2020-09-26,Tehama,103,63373,591,560,2,562,2
2020-09-26,Trinity,105,12862,54,16,8,24,0
2020-09-26,Tulare,107,460477,16474,15881,128,16009,270
2020-09-26,Tuolumne,109,53932,233,223,5,228,2
2020-09-26,Ventura,111,848112,13444,12729,168,12897,137
2020-09-26,Yolo,113,214977,2849,2789,7,2796,55
2020-09-26,Yuba,115,75493,1094,1056,3,1059,7
2020-09-25,Alameda,001,1643700,21520,20911,175,21086,367
2020-09-25,Alpine,003,1148,3,2,0,2,0
2020-09-25,Amador,005,37829,295,289,0,289,16
2020-09-25,Butte,007,227075,2930,2819,30,2849,43
2020-09-25,Calaveras,009,45235,310,257,0,257,11
2020-09-25,Colusa,011,21464,532,528,0,528,6
2020-09-25,Contra Costa,013,1133247,17177,16401,80,16481,194
2020-09-25,Del Norte,015,27424,142,138,0,138,2
2020-09-25,El Dorado,017,186661,1208,1104,8,1112,4
2020-09-25,Fresno,019,978130,30756,28199,380,28579,385
2020-09-25,Glenn,021,27897,594,570,0,570,3
2020-09-25,Humboldt,023,135768,506,489,1,490,5
2020-09-25,Imperial,025,180216,11851,10681,9,10690,283
2020-09-25,Inyo,027,18085,189,187,4,191,14
2020-09-25,Kern,029,883053,32017,31333,319,31652,393
2020-09-25,Kings,031,150075,7850,7450,37,7487,77
2020-09-25,Lake,033,64148,585,539,0,539,9
2020-09-25,Lassen,035,31185,749,737,2,739,0
2020-09-25,Los Angeles,037,10098052,268851,265713,1844,267557,6483
2020-09-25,Madera,039,155013,4573,4369,30,4399,48
2020-09-25,Marin,041,260295,6748,6622,17,6639,90
2020-09-25,Mariposa,043,17540,76,74,0,74,2
2020-09-25,Mendocino,045,87422,884,819,3,822,17
2020-09-25,Merced,047,269075,8927,8830,20,8850,135
2020-09-25,Modoc,049,8938,29,26,0,26,0
2020-09-25,Mono,051,14174,169,149,2,151,1
2020-09-25,Monterey,053,433212,9960,9581,32,9613,68
2020-09-25,Napa,055,140530,1749,1669,8,1677,11
2020-09-25,Nevada,057,99092,540,529,16,545,6
2020-09-25,Orange,059,3164182,55027,52031,1464,53495,1184
2020-09-25,Placer,061,380077,3650,3527,13,3540,41
2020-09-25,Plumas,063,18699,49,48,0,48,0
2020-09-25,Riverside,065,2383286,59542,57783,172,57955,1183
2020-09-25,Sacramento,067,1510023,22696,22132,25,22157,418
2020-09-25,San Benito,069,59416,1344,1318,0,1318,11
2020-09-25,San Bernardino,071,2135413,54693,52814,348,53162,987
2020-09-25,San Diego,073,3302833,47875,46003,957,46960,775
2020-09-25,San Francisco,075,870044,11287,11066,27,11093,100
2020-09-25,San Joaquin,077,732212,20259,19909,57,19966,449
2020-09-25,San Luis Obispo,079,281455,3761,3512,17,3529,31
2020-09-25,San Mateo,081,765935,10180,9447,10,9457,127
2020-09-25,Santa Barbara,083,443738,9213,9026,78,9104,114
2020-09-25,Santa Clara,085,1922200,22164,20812,44,20856,265
2020-09-25,Santa Cruz,087,273765,2462,2309,30,2339,9
2020-09-25,Shasta,089,179085,1105,806,8,814,16
2020-09-25,Sierra,091,2930,6,6,0,6,0
2020-09-25,Siskiyou,093,43540,155,149,10,159,0
2020-09-25,Solano,095,438530,6358,6179,39,6218,50
2020-09-25,Sonoma,097,501317,7702,7202,21,7223,124
2020-09-25,Stanislaus,099,539301,16571,16381,518,16899,326
2020-09-25,Sutter,101,95872,1682,1655,1,1656,10
2020-09-25,Tehama,103,63373,583,546,2,548,2
2020-09-25,Trinity,105,12862,54,15,8,23,0
2020-09-25,Tulare,107,460477,16434,15815,127,15942,267
2020-09-25,Tuolumne,109,53932,233,223,5,228,2
2020-09-25,Ventura,111,848112,13401,12664,165,12829,137
2020-09-25,Yolo,113,214977,2841,2784,7,2791,55
2020-09-25,Yuba,115,75493,1089,1049,3,1052,5
2020-09-24,Alameda,001,1643700,21445,20838,172,21010,364
2020-09-24,Alpine,003,1148,3,2,0,2,0
2020-09-24,Amador,005,37829,295,288,0,288,16
2020-09-24,Butte,007,227075,2919,2803,30,2833,43
2020-09-24,Calaveras,009,45235,310,258,0,258,11
2020-09-24,Colusa,011,21464,532,523,0,523,6
2020-09-24,Contra Costa,013,1133247,17095,16252,80,16332,192
2020-09-24,Del Norte,015,27424,138,137,0,137,2
2020-09-24,El Dorado,017,186661,1199,1093,8,1101,4
2020-09-24,Fresno,019,978130,30650,28106,376,28482,375
2020-09-24,Glenn,021,27897,590,567,0,567,3
2020-09-24,Humboldt,023,135768,503,482,1,483,5
2020-09-24,Imperial,025,180216,11827,10622,9,10631,283
2020-09-24,Inyo,027,18085,189,187,4,191,13
2020-09-24,Kern,029,883053,31954,31273,317,31590,388
2020-09-24,Kings,031,150075,7834,7428,37,7465,76
2020-09-24,Lake,033,64148,576,531,0,531,9
2020-09-24,Lassen,035,31185,748,737,2,739,0
2020-09-24,Los Angeles,037,10098052,267809,264374,1827,266201,6452
2020-09-24,Madera,039,155013,4554,4344,30,4374,48
2020-09-24,Marin,041,260295,6720,6588,17,6605,85
2020-09-24,Mariposa,043,17540,76,74,0,74,2
2020-09-24,Mendocino,045,87422,880,810,3,813,17
2020-09-24,Merced,047,269075,8898,8813,19,8832,135
2020-09-24,Modoc,049,8938,29,24,0,24,0
2020-09-24,Mono,051,14174,169,149,2,151,1
2020-09-24,Monterey,053,433212,9894,9544,30,9574,67
2020-09-24,Napa,055,140530,1737,1661,8,1669,11
2020-09-24,Nevada,057,99092,539,527,16,543,6
2020-09-24,Orange,059,3164182,54820,51749,1446,53195,1164
2020-09-24,Placer,061,380077,3635,3514,13,3527,41
2020-09-24,Plumas,063,18699,49,48,0,48,0
2020-09-24,Riverside,065,2383286,59277,57491,166,57657,1172
2020-09-24,Sacramento,067,1510023,22570,21985,24,22009,417
2020-09-24,San Benito,069,59416,1342,1308,0,1308,11
2020-09-24,San Bernardino,071,2135413,54356,52455,347,52802,988
2020-09-24,San Diego,073,3302833,47606,45598,942,46540,773
2020-09-24,San Francisco,075,870044,11240,10992,27,11019,99
2020-09-24,San Joaquin,077,732212,20221,19851,55,19906,444
2020-09-24,San Luis Obispo,079,281455,3745,3480,17,3497,31
2020-09-24,San Mateo,081,765935,10132,9376,10,9386,127
2020-09-24,Santa Barbara,083,443738,9160,8988,77,9065,114
2020-09-24,Santa Clara,085,1922200,22076,20689,44,20733,262
2020-09-24,Santa Cruz,087,273765,2442,2300,28,2328,9
2020-09-24,Shasta,089,179085,1068,773,5,778,14
2020-09-24,Sierra,091,2930,6,6,0,6,0
2020-09-24,Siskiyou,093,43540,155,149,10,159,0
2020-09-24,Solano,095,438530,6325,6137,39,6176,49
2020-09-24,Sonoma,097,501317,7621,7163,21,7184,122
2020-09-24,Stanislaus,099,539301,16534,16326,513,16839,326
2020-09-24,Sutter,101,95872,1679,1646,1,1647,10
2020-09-24,Tehama,103,63373,580,540,2,542,2
2020-09-24,Trinity,105,12862,54,15,8,23,0
2020-09-24,Tulare,107,460477,16369,15754,126,15880,267
2020-09-24,Tuolumne,109,53932,233,224,5,229,2
2020-09-24,Ventura,111,848112,13319,12617,164,12781,138
2020-09-24,Yolo,113,214977,2834,2776,7,2783,55
2020-09-24,Yuba,115,75493,1084,1042,3,1045,5
2020-09-23,Alameda,001,1643700,21377,20718,170,20888,361
2020-09-23,Alpine,003,1148,3,2,0,2,0
2020-09-23,Amador,005,37829,294,288,0,288,16
2020-09-23,Butte,007,227075,2911,2790,30,2820,43
2020-09-23,Calaveras,009,45235,309,258,0,258,11
2020-09-23,Colusa,011,21464,531,521,0,521,6
2020-09-23,Contra Costa,013,1133247,17033,16167,80,16247,192
2020-09-23,Del Norte,015,27424,136,137,0,137,2
2020-09-23,El Dorado,017,186661,1185,1088,8,1096,4
2020-09-23,Fresno,019,978130,30555,28019,374,28393,371
2020-09-23,Glenn,021,27897,583,561,0,561,3
2020-09-23,Humboldt,023,135768,499,477,1,478,5
2020-09-23,Imperial,025,180216,11801,10587,9,10596,284
2020-09-23,Inyo,027,18085,188,177,4,181,13
2020-09-23,Kern,029,883053,31910,31172,315,31487,387
2020-09-23,Kings,031,150075,7812,7406,37,7443,76
2020-09-23,Lake,033,64148,571,519,0,519,9
2020-09-23,Lassen,035,31185,748,736,2,738,0
2020-09-23,Los Angeles,037,10098052,266791,263318,1799,265117,6421
2020-09-23,Madera,039,155013,4539,4311,30,4341,48
2020-09-23,Marin,041,260295,6701,6567,17,6584,85
2020-09-23,Mariposa,043,17540,76,74,0,74,2
2020-09-23,Mendocino,045,87422,879,801,2,803,17
2020-09-23,Merced,047,269075,8877,8785,17,8802,134
2020-09-23,Modoc,049,8938,29,24,0,24,0
2020-09-23,Mono,051,14174,169,149,2,151,1
2020-09-23,Monterey,053,433212,9825,9452,29,9481,67
2020-09-23,Napa,055,140530,1728,1653,8,1661,11
2020-09-23,Nevada,057,99092,538,523,16,539,6
2020-09-23,Orange,059,3164182,54593,51658,1438,53096,1155
2020-09-23,Placer,061,380077,3623,3506,13,3519,41
2020-09-23,Plumas,063,18699,49,48,0,48,0
2020-09-23,Riverside,065,2383286,58971,57257,163,57420,1165
2020-09-23,Sacramento,067,1510023,22493,21821,24,21845,415
2020-09-23,San Benito,069,59416,1336,1305,0,1305,10
2020-09-23,San Bernardino,071,2135413,54064,52132,345,52477,973
2020-09-23,San Diego,073,3302833,47330,45427,923,46350,767
2020-09-23,San Francisco,075,870044,11191,10926,27,10953,95
2020-09-23,San Joaquin,077,732212,20167,19785,55,19840,439
2020-09-23,San Luis Obispo,079,281455,3727,3447,17,3464,31
2020-09-23,San Mateo,081,765935,10092,9351,10,9361,127
2020-09-23,Santa Barbara,083,443738,9131,8952,77,9029,112
2020-09-23,Santa Clara,085,1922200,21965,20575,41,20616,260
2020-09-23,Santa Cruz,087,273765,2423,2283,28,2311,9
2020-09-23,Shasta,089,179085,1029,756,4,760,14
2020-09-23,Sierra,091,2930,6,6,0,6,0
2020-09-23,Siskiyou,093,43540,155,149,10,159,0
2020-09-23,Solano,095,438530,6299,6123,39,6162,50
2020-09-23,Sonoma,097,501317,7545,7091,21,7112,122
2020-09-23,Stanislaus,099,539301,16504,16271,510,16781,317
2020-09-23,Sutter,101,95872,1675,1646,1,1647,10
2020-09-23,Tehama,103,63373,574,533,2,535,2
2020-09-23,Trinity,105,12862,53,15,8,23,0
2020-09-23,Tulare,107,460477,16304,15664,125,15789,266
2020-09-23,Tuolumne,109,53932,233,223,5,228,2
2020-09-23,Ventura,111,848112,13263,12591,162,12753,137
2020-09-23,Yolo,113,214977,2816,2766,7,2773,55
2020-09-23,Yuba,115,75493,1082,1038,3,1041,5
2020-09-22,Alameda,001,1643700,21298,20607,168,20775,355
2020-09-22,Alpine,003,1148,2,2,0,2,0
2020-09-22,Amador,005,37829,293,287,0,287,16
2020-09-22,Butte,007,227075,2906,2776,30,2806,43
2020-09-22,Calaveras,009,45235,309,258,0,258,11
2020-09-22,Colusa,011,21464,529,518,0,518,6
2020-09-22,Contra Costa,013,1133247,16943,16090,80,16170,190
2020-09-22,Del Norte,015,27424,136,137,0,137,2
2020-09-22,El Dorado,017,186661,1166,1076,8,1084,4
2020-09-22,Fresno,019,978130,30460,27944,371,28315,369
2020-09-22,Glenn,021,27897,580,560,0,560,3
2020-09-22,Humboldt,023,135768,498,476,1,477,5
2020-09-22,Imperial,025,180216,11772,10529,9,10538,284
2020-09-22,Inyo,027,18085,188,177,4,181,13
2020-09-22,Kern,029,883053,31842,31110,308,31418,383
2020-09-22,Kings,031,150075,7755,7395,36,7431,76
2020-09-22,Lake,033,64148,563,516,0,516,9
2020-09-22,Lassen,035,31185,747,736,2,738,0
2020-09-22,Los Angeles,037,10098052,265725,262117,1774,263891,6394
2020-09-22,Madera,039,155013,4523,4303,30,4333,47
2020-09-22,Marin,041,260295,6687,6561,17,6578,84
2020-09-22,Mariposa,043,17540,76,74,0,74,2
2020-09-22,Mendocino,045,87422,859,794,1,795,18
2020-09-22,Merced,047,269075,8847,8769,17,8786,132
2020-09-22,Modoc,049,8938,29,24,0,24,0
2020-09-22,Mono,051,14174,168,149,2,151,1
2020-09-22,Monterey,053,433212,9767,9393,28,9421,67
2020-09-22,Napa,055,140530,1711,1652,8,1660,11
2020-09-22,Nevada,057,99092,538,523,16,539,6
2020-09-22,Orange,059,3164182,54343,51528,1429,52957,1132
2020-09-22,Placer,061,380077,3611,3492,13,3505,40
2020-09-22,Plumas,063,18699,49,48,0,48,0
2020-09-22,Riverside,065,2383286,58487,57066,159,57225,1162
2020-09-22,Sacramento,067,1510023,22373,21745,24,21769,410
2020-09-22,San Benito,069,59416,1331,1305,0,1305,10
2020-09-22,San Bernardino,071,2135413,53790,51899,345,52244,971
2020-09-22,San Diego,073,3302833,47023,45149,904,46053,765
2020-09-22,San Francisco,075,870044,11147,10893,26,10919,95
2020-09-22,San Joaquin,077,732212,20120,19755,54,19809,426
2020-09-22,San Luis Obispo,079,281455,3705,3420,17,3437,31
2020-09-22,San Mateo,081,765935,10054,9291,10,9301,127
2020-09-22,Santa Barbara,083,443738,9101,8927,76,9003,111
2020-09-22,Santa Clara,085,1922200,21846,20514,41,20555,253
2020-09-22,Santa Cruz,087,273765,2400,2264,28,2292,8
2020-09-22,Shasta,089,179085,994,723,4,727,14
2020-09-22,Sierra,091,2930,6,6,0,6,0
2020-09-22,Siskiyou,093,43540,155,149,10,159,0
2020-09-22,Solano,095,438530,6268,6107,39,6146,48
2020-09-22,Sonoma,097,501317,7466,7068,20,7088,117
2020-09-22,Stanislaus,099,539301,16481,16231,503,16734,316
2020-09-22,Sutter,101,95872,1669,1638,1,1639,10
2020-09-22,Tehama,103,63373,566,529,2,531,2
2020-09-22,Trinity,105,12862,53,15,8,23,0
2020-09-22,Tulare,107,460477,16237,15616,122,15738,263
2020-09-22,Tuolumne,109,53932,232,224,5,229,1
2020-09-22,Ventura,111,848112,13211,12507,158,12665,136
2020-09-22,Yolo,113,214977,2809,2763,7,2770,54
2020-09-22,Yuba,115,75493,1073,1035,3,1038,5
2020-09-21,Alameda,001,1643700,21219,20501,167,20668,343
2020-09-21,Alpine,003,1148,2,2,0,2,0
2020-09-21,Amador,005,37829,291,286,0,286,16
2020-09-21,Butte,007,227075,2892,2769,30,2799,41
2020-09-21,Calaveras,009,45235,307,256,0,256,10
2020-09-21,Colusa,011,21464,528,517,0,517,6
2020-09-21,Contra Costa,013,1133247,16856,16008,80,16088,189
2020-09-21,Del Norte,015,27424,136,132,0,132,2
2020-09-21,El Dorado,017,186661,1157,1074,8,1082,4
2020-09-21,Fresno,019,978130,30358,27843,364,28207,362
2020-09-21,Glenn,021,27897,576,556,0,556,3
2020-09-21,Humboldt,023,135768,494,473,1,474,5
2020-09-21,Imperial,025,180216,11742,10521,9,10530,284
2020-09-21,Inyo,027,18085,187,177,4,181,12
2020-09-21,Kern,029,883053,31770,31031,306,31337,379
2020-09-21,Kings,031,150075,7642,7297,35,7332,76
2020-09-21,Lake,033,64148,558,508,0,508,8
2020-09-21,Lassen,035,31185,745,735,2,737,0
2020-09-21,Los Angeles,037,10098052,264639,261418,1729,263147,6360
2020-09-21,Madera,039,155013,4512,4275,29,4304,47
2020-09-21,Marin,041,260295,6676,6538,16,6554,84
2020-09-21,Mariposa,043,17540,75,74,0,74,2
2020-09-21,Mendocino,045,87422,844,778,0,778,18
2020-09-21,Merced,047,269075,8828,8749,15,8764,128
2020-09-21,Modoc,049,8938,29,22,0,22,0
2020-09-21,Mono,051,14174,168,147,2,149,1
2020-09-21,Monterey,053,433212,9703,9331,25,9356,66
2020-09-21,Napa,055,140530,1700,1641,8,1649,11
2020-09-21,Nevada,057,99092,536,515,16,531,6
2020-09-21,Orange,059,3164182,54121,51363,1422,52785,1110
2020-09-21,Placer,061,380077,3601,3473,13,3486,40
2020-09-21,Plumas,063,18699,49,47,0,47,0
2020-09-21,Riverside,065,2383286,58215,57001,152,57153,1153
2020-09-21,Sacramento,067,1510023,22192,21568,24,21592,404
2020-09-21,San Benito,069,59416,1329,1298,0,1298,10
2020-09-21,San Bernardino,071,2135413,53504,51654,345,51999,970
2020-09-21,San Diego,073,3302833,46739,44927,883,45810,760
2020-09-21,San Francisco,075,870044,11099,10743,26,10769,95
2020-09-21,San Joaquin,077,732212,20062,19579,54,19633,423
2020-09-21,San Luis Obispo,079,281455,3679,3406,17,3423,27
2020-09-21,San Mateo,081,765935,10002,9239,10,9249,127
2020-09-21,Santa Barbara,083,443738,9073,8911,76,8987,110
2020-09-21,Santa Clara,085,1922200,21745,20432,41,20473,252
2020-09-21,Santa Cruz,087,273765,2383,2257,26,2283,8
2020-09-21,Shasta,089,179085,944,696,4,700,14
2020-09-21,Sierra,091,2930,6,6,0,6,0
2020-09-21,Siskiyou,093,43540,155,146,10,156,0
2020-09-21,Solano,095,438530,6244,6019,39,6058,46
2020-09-21,Sonoma,097,501317,7390,7017,20,7037,117
2020-09-21,Stanislaus,099,539301,16451,16186,503,16689,310
2020-09-21,Sutter,101,95872,1662,1634,1,1635,10
2020-09-21,Tehama,103,63373,547,513,2,515,2
2020-09-21,Trinity,105,12862,53,15,8,23,0
2020-09-21,Tulare,107,460477,16163,15528,113,15641,260
2020-09-21,Tuolumne,109,53932,232,221,5,226,1
2020-09-21,Ventura,111,848112,13127,12477,152,12629,133
2020-09-21,Yolo,113,214977,2803,2752,7,2759,54
2020-09-21,Yuba,115,75493,1069,1033,3,1036,1
2020-09-20,Alameda,001,1643700,21119,20425,164,20589,343
2020-09-20,Alpine,003,1148,2,2,0,2,0
2020-09-20,Amador,005,37829,290,286,0,286,16
2020-09-20,Butte,007,227075,2880,2764,30,2794,39
2020-09-20,Calaveras,009,45235,303,256,0,256,10
2020-09-20,Colusa,011,21464,526,510,0,510,6
2020-09-20,Contra Costa,013,1133247,16722,15917,79,15996,189
2020-09-20,Del Norte,015,27424,134,132,0,132,2
2020-09-20,El Dorado,017,186661,1142,1073,8,1081,4
2020-09-20,Fresno,019,978130,30244,27769,359,28128,362
2020-09-20,Glenn,021,27897,572,550,0,550,3
2020-09-20,Humboldt,023,135768,494,472,1,473,5
2020-09-20,Imperial,025,180216,11715,10496,8,10504,284
2020-09-20,Inyo,027,18085,187,177,4,181,12
2020-09-20,Kern,029,883053,31687,30992,302,31294,379
2020-09-20,Kings,031,150075,7595,7159,34,7193,76
2020-09-20,Lake,033,64148,546,492,0,492,8
2020-09-20,Lassen,035,31185,745,735,2,737,0
2020-09-20,Los Angeles,037,10098052,263411,260770,1704,262474,6347
2020-09-20,Madera,039,155013,4492,4257,29,4286,47
2020-09-20,Marin,041,260295,6650,6533,16,6549,83
2020-09-20,Mariposa,043,17540,75,74,0,74,2
2020-09-20,Mendocino,045,87422,832,765,0,765,18
2020-09-20,Merced,047,269075,8801,8745,15,8760,128
2020-09-20,Modoc,049,8938,27,22,0,22,0
2020-09-20,Mono,051,14174,167,147,2,149,1
2020-09-20,Monterey,053,433212,9624,9312,25,9337,65
2020-09-20,Napa,055,140530,1691,1626,8,1634,11
2020-09-20,Nevada,057,99092,533,511,16,527,6
2020-09-20,Orange,059,3164182,53880,51233,1412,52645,1110
2020-09-20,Placer,061,380077,3586,3452,13,3465,40
2020-09-20,Plumas,063,18699,49,47,0,47,0
2020-09-20,Riverside,065,2383286,58014,56783,146,56929,1147
2020-09-20,Sacramento,067,1510023,22005,21394,23,21417,401
2020-09-20,San Benito,069,59416,1318,1291,0,1291,9
2020-09-20,San Bernardino,071,2135413,53185,51559,343,51902,970
2020-09-20,San Diego,073,3302833,46366,44579,854,45433,760
2020-09-20,San Francisco,075,870044,11045,10743,26,10769,95
2020-09-20,San Joaquin,077,732212,19997,19578,47,19625,423
2020-09-20,San Luis Obispo,079,281455,3652,3393,17,3410,27
2020-09-20,San Mateo,081,765935,9936,9198,10,9208,127
2020-09-20,Santa Barbara,083,443738,9037,8880,75,8955,110
2020-09-20,Santa Clara,085,1922200,21625,20330,40,20370,252
2020-09-20,Santa Cruz,087,273765,2363,2199,26,2225,8
2020-09-20,Shasta,089,179085,903,696,3,699,14
2020-09-20,Sierra,091,2930,6,6,0,6,0
2020-09-20,Siskiyou,093,43540,155,146,10,156,0
2020-09-20,Solano,095,438530,6200,6020,39,6059,46
2020-09-20,Sonoma,097,501317,7286,6954,20,6974,117
2020-09-20,Stanislaus,099,539301,16420,16159,496,16655,310
2020-09-20,Sutter,101,95872,1656,1624,1,1625,10
2020-09-20,Tehama,103,63373,534,509,2,511,2
2020-09-20,Trinity,105,12862,53,15,8,23,0
2020-09-20,Tulare,107,460477,16077,15528,106,15634,260
2020-09-20,Tuolumne,109,53932,232,221,5,226,1
2020-09-20,Ventura,111,848112,13061,12406,148,12554,133
2020-09-20,Yolo,113,214977,2795,2745,7,2752,54
2020-09-20,Yuba,115,75493,1062,1029,3,1032,1
2020-09-19,Alameda,001,1643700,21069,20349,161,20510,343
2020-09-19,Alpine,003,1148,2,2,0,2,0
2020-09-19,Amador,005,37829,290,285,0,285,16
2020-09-19,Butte,007,227075,2874,2748,30,2778,38
2020-09-19,Calaveras,009,45235,303,256,0,256,10
2020-09-19,Colusa,011,21464,526,507,0,507,6
2020-09-19,Contra Costa,013,1133247,16659,15783,79,15862,186
2020-09-19,Del Norte,015,27424,133,132,0,132,2
2020-09-19,El Dorado,017,186661,1136,1068,7,1075,4
2020-09-19,Fresno,019,978130,30171,27668,359,28027,362
2020-09-19,Glenn,021,27897,569,547,0,547,3
2020-09-19,Humboldt,023,135768,493,471,1,472,5
2020-09-19,Imperial,025,180216,11700,10496,8,10504,284
2020-09-19,Inyo,027,18085,187,177,4,181,12
2020-09-19,Kern,029,883053,31633,30886,299,31185,379
2020-09-19,Kings,031,150075,7589,7130,34,7164,76
2020-09-19,Lake,033,64148,546,465,0,465,8
2020-09-19,Lassen,035,31185,745,731,2,733,0
2020-09-19,Los Angeles,037,10098052,262787,259801,1690,261491,6325
2020-09-19,Madera,039,155013,4469,4237,29,4266,47
2020-09-19,Marin,041,260295,6643,6513,15,6528,81
2020-09-19,Mariposa,043,17540,75,74,0,74,2
2020-09-19,Mendocino,045,87422,829,750,0,750,18
2020-09-19,Merced,047,269075,8790,8717,14,8731,128
2020-09-19,Modoc,049,8938,27,22,0,22,0
2020-09-19,Mono,051,14174,167,147,2,149,1
2020-09-19,Monterey,053,433212,9582,9237,25,9262,65
2020-09-19,Napa,055,140530,1683,1614,8,1622,11
2020-09-19,Nevada,057,99092,531,505,16,521,6
2020-09-19,Orange,059,3164182,53752,50999,1405,52404,1105
2020-09-19,Placer,061,380077,3577,3412,13,3425,40
2020-09-19,Plumas,063,18699,49,47,0,47,0
2020-09-19,Riverside,065,2383286,57887,56562,145,56707,1147
2020-09-19,Sacramento,067,1510023,21951,21297,23,21320,396
2020-09-19,San Benito,069,59416,1314,1276,0,1276,9
2020-09-19,San Bernardino,071,2135413,53029,51353,340,51693,971
2020-09-19,San Diego,073,3302833,46138,44295,831,45126,773
2020-09-19,San Francisco,075,870044,11012,10741,26,10767,95
2020-09-19,San Joaquin,077,732212,19960,19580,47,19627,424
2020-09-19,San Luis Obispo,079,281455,3631,3369,17,3386,27
2020-09-19,San Mateo,081,765935,9905,9158,10,9168,127
2020-09-19,Santa Barbara,083,443738,9017,8862,75,8937,106
2020-09-19,Santa Clara,085,1922200,21536,20170,40,20210,251
2020-09-19,Santa Cruz,087,273765,2349,2198,25,2223,8
2020-09-19,Shasta,089,179085,876,687,3,690,14
2020-09-19,Sierra,091,2930,6,6,0,6,0
2020-09-19,Siskiyou,093,43540,155,146,10,156,0
2020-09-19,Solano,095,438530,6184,5998,39,6037,46
2020-09-19,Sonoma,097,501317,7253,6905,20,6925,117
2020-09-19,Stanislaus,099,539301,16380,16109,489,16598,313
2020-09-19,Sutter,101,95872,1655,1602,1,1603,10
2020-09-19,Tehama,103,63373,529,498,2,500,2
2020-09-19,Trinity,105,12862,53,15,8,23,0
2020-09-19,Tulare,107,460477,16028,15485,103,15588,260
2020-09-19,Tuolumne,109,53932,232,217,5,222,1
2020-09-19,Ventura,111,848112,13029,12328,148,12476,133
2020-09-19,Yolo,113,214977,2787,2739,7,2746,54
2020-09-19,Yuba,115,75493,1055,1023,3,1026,1
2020-09-18,Alameda,001,1643700,21004,20222,155,20377,341
2020-09-18,Alpine,003,1148,2,2,0,2,0
2020-09-18,Amador,005,37829,290,285,0,285,16
2020-09-18,Butte,007,227075,2872,2738,30,2768,37
2020-09-18,Calaveras,009,45235,303,255,0,255,9
2020-09-18,Colusa,011,21464,526,504,0,504,6
2020-09-18,Contra Costa,013,1133247,16574,15667,79,15746,185
2020-09-18,Del Norte,015,27424,133,131,0,131,2
2020-09-18,El Dorado,017,186661,1123,1063,7,1070,4
2020-09-18,Fresno,019,978130,30106,27560,359,27919,359
2020-09-18,Glenn,021,27897,566,541,0,541,3
2020-09-18,Humboldt,023,135768,490,470,1,471,5
2020-09-18,Imperial,025,180216,11685,10460,8,10468,283
2020-09-18,Inyo,027,18085,187,177,4,181,12
2020-09-18,Kern,029,883053,31575,30742,296,31038,373
2020-09-18,Kings,031,150075,7579,7062,34,7096,74
2020-09-18,Lake,033,64148,540,458,0,458,8
2020-09-18,Lassen,035,31185,744,731,2,733,0
2020-09-18,Los Angeles,037,10098052,262026,258488,1672,260160,6324
2020-09-18,Madera,039,155013,4457,4211,29,4240,45
2020-09-18,Marin,041,260295,6628,6475,15,6490,81
2020-09-18,Mariposa,043,17540,75,74,0,74,2
2020-09-18,Mendocino,045,87422,821,739,0,739,18
2020-09-18,Merced,047,269075,8778,8691,13,8704,127
2020-09-18,Modoc,049,8938,27,22,0,22,0
2020-09-18,Mono,051,14174,165,147,2,149,1
2020-09-18,Monterey,053,433212,9541,9183,25,9208,64
2020-09-18,Napa,055,140530,1677,1604,8,1612,11
2020-09-18,Nevada,057,99092,528,504,16,520,6
2020-09-18,Orange,059,3164182,53606,50733,1393,52126,1107
2020-09-18,Placer,061,380077,3566,3389,13,3402,40
2020-09-18,Plumas,063,18699,49,45,0,45,0
2020-09-18,Riverside,065,2383286,57765,56248,140,56388,1143
2020-09-18,Sacramento,067,1510023,21868,21105,23,21128,391
2020-09-18,San Benito,069,59416,1306,1257,0,1257,8
2020-09-18,San Bernardino,071,2135413,52884,51106,337,51443,970
2020-09-18,San Diego,073,3302833,45888,44009,826,44835,757
2020-09-18,San Francisco,075,870044,10974,10644,25,10669,95
2020-09-18,San Joaquin,077,732212,19916,19531,46,19577,423
2020-09-18,San Luis Obispo,079,281455,3607,3328,17,3345,27
2020-09-18,San Mateo,081,765935,9865,9062,10,9072,127
2020-09-18,Santa Barbara,083,443738,8996,8824,75,8899,107
2020-09-18,Santa Clara,085,1922200,21438,20058,40,20098,252
2020-09-18,Santa Cruz,087,273765,2328,2180,24,2204,8
2020-09-18,Shasta,089,179085,841,668,3,671,14
2020-09-18,Sierra,091,2930,6,6,0,6,0
2020-09-18,Siskiyou,093,43540,154,146,10,156,0
2020-09-18,Solano,095,438530,6168,5961,39,6000,46
2020-09-18,Sonoma,097,501317,7205,6856,20,6876,114
2020-09-18,Stanislaus,099,539301,16352,16042,483,16525,277
2020-09-18,Sutter,101,95872,1648,1586,1,1587,10
2020-09-18,Tehama,103,63373,529,490,2,492,2
2020-09-18,Trinity,105,12862,53,15,7,22,0
2020-09-18,Tulare,107,460477,15995,15435,99,15534,259
2020-09-18,Tuolumne,109,53932,231,216,5,221,1
2020-09-18,Ventura,111,848112,12968,12236,144,12380,133
2020-09-18,Yolo,113,214977,2781,2732,7,2739,54
2020-09-18,Yuba,115,75493,1051,1020,3,1023,1
2020-09-17,Alameda,001,1643700,20905,20146,155,20301,339
2020-09-17,Alpine,003,1148,2,2,0,2,0
2020-09-17,Amador,005,37829,288,284,0,284,16
2020-09-17,Butte,007,227075,2854,2720,30,2750,38
2020-09-17,Calaveras,009,45235,303,254,0,254,9
2020-09-17,Colusa,011,21464,524,499,0,499,6
2020-09-17,Contra Costa,013,1133247,16485,15576,79,15655,184
2020-09-17,Del Norte,015,27424,133,131,0,131,2
2020-09-17,El Dorado,017,186661,1114,1057,7,1064,4
2020-09-17,Fresno,019,978130,29997,27487,354,27841,355
2020-09-17,Glenn,021,27897,565,541,0,541,3
2020-09-17,Humboldt,023,135768,484,466,1,467,5
2020-09-17,Imperial,025,180216,11668,10436,8,10444,281
2020-09-17,Inyo,027,18085,187,176,4,180,12
2020-09-17,Kern,029,883053,31514,30627,289,30916,372
2020-09-17,Kings,031,150075,7508,7015,34,7049,72
2020-09-17,Lake,033,64148,530,433,0,433,8
2020-09-17,Lassen,035,31185,742,731,2,733,0
2020-09-17,Los Angeles,037,10098052,261083,257246,1658,258904,6318
2020-09-17,Madera,039,155013,4423,4152,29,4181,45
2020-09-17,Marin,041,260295,6607,6457,15,6472,81
2020-09-17,Mariposa,043,17540,75,74,0,74,2
2020-09-17,Mendocino,045,87422,810,737,0,737,18
2020-09-17,Merced,047,269075,8759,8671,13,8684,119
2020-09-17,Modoc,049,8938,27,22,0,22,0
2020-09-17,Mono,051,14174,165,147,2,149,1
2020-09-17,Monterey,053,433212,9479,9113,25,9138,62
2020-09-17,Napa,055,140530,1666,1592,8,1600,11
2020-09-17,Nevada,057,99092,526,494,16,510,6
2020-09-17,Orange,059,3164182,53426,50537,1381,51918,1098
2020-09-17,Placer,061,380077,3545,3368,13,3381,40
2020-09-17,Plumas,063,18699,49,45,0,45,0
2020-09-17,Riverside,065,2383286,57539,56007,139,56146,1134
2020-09-17,Sacramento,067,1510023,21633,20895,23,20918,385
2020-09-17,San Benito,069,59416,1304,1252,0,1252,8
2020-09-17,San Bernardino,071,2135413,52681,50770,337,51107,904
2020-09-17,San Diego,073,3302833,45608,43621,814,44435,754
2020-09-17,San Francisco,075,870044,10880,10564,25,10589,95
2020-09-17,San Joaquin,077,732212,19857,19439,46,19485,416
2020-09-17,San Luis Obispo,079,281455,3577,3299,17,3316,27
2020-09-17,San Mateo,081,765935,9823,8984,10,8994,127
2020-09-17,Santa Barbara,083,443738,8972,8779,75,8854,107
2020-09-17,Santa Clara,085,1922200,21321,19825,40,19865,254
2020-09-17,Santa Cruz,087,273765,2312,2155,24,2179,7
2020-09-17,Shasta,089,179085,802,660,3,663,12
2020-09-17,Sierra,091,2930,6,6,0,6,0
2020-09-17,Siskiyou,093,43540,154,146,10,156,0
2020-09-17,Solano,095,438530,6145,5915,39,5954,44
2020-09-17,Sonoma,097,501317,7141,6754,20,6774,114
2020-09-17,Stanislaus,099,539301,16319,15984,479,16463,277
2020-09-17,Sutter,101,95872,1643,1572,1,1573,10
2020-09-17,Tehama,103,63373,515,487,2,489,2
2020-09-17,Trinity,105,12862,53,15,7,22,0
2020-09-17,Tulare,107,460477,15942,15344,97,15441,258
2020-09-17,Tuolumne,109,53932,230,214,5,219,1
2020-09-17,Ventura,111,848112,12881,12167,141,12308,130
2020-09-17,Yolo,113,214977,2772,2724,7,2731,53
2020-09-17,Yuba,115,75493,1047,1015,3,1018,1
2020-09-16,Alameda,001,1643700,20807,20009,153,20162,333
2020-09-16,Alpine,003,1148,2,2,0,2,0
2020-09-16,Amador,005,37829,288,284,0,284,16
2020-09-16,Butte,007,227075,2844,2704,29,2733,38
2020-09-16,Calaveras,009,45235,303,254,0,254,9
2020-09-16,Colusa,011,21464,522,497,0,497,6
2020-09-16,Contra Costa,013,1133247,16399,15473,79,15552,183
2020-09-16,Del Norte,015,27424,133,131,0,131,2
2020-09-16,El Dorado,017,186661,1106,1049,7,1056,4
2020-09-16,Fresno,019,978130,29890,27381,352,27733,343
2020-09-16,Glenn,021,27897,563,539,0,539,3
2020-09-16,Humboldt,023,135768,483,455,1,456,4
2020-09-16,Imperial,025,180216,11645,10401,8,10409,277
2020-09-16,Inyo,027,18085,186,176,4,180,12
2020-09-16,Kern,029,883053,31454,30570,288,30858,371
2020-09-16,Kings,031,150075,7483,7002,32,7034,71
2020-09-16,Lake,033,64148,519,417,0,417,6
2020-09-16,Lassen,035,31185,741,730,2,732,0
2020-09-16,Los Angeles,037,10098052,260101,256101,1641,257742,6299
2020-09-16,Madera,039,155013,4400,4138,29,4167,45
2020-09-16,Marin,041,260295,6579,6430,15,6445,77
2020-09-16,Mariposa,043,17540,75,74,0,74,2
2020-09-16,Mendocino,045,87422,801,727,0,727,18
2020-09-16,Merced,047,269075,8738,8646,13,8659,118
2020-09-16,Modoc,049,8938,27,22,0,22,0
2020-09-16,Mono,051,14174,165,147,2,149,1
2020-09-16,Monterey,053,433212,9425,8997,25,9022,62
2020-09-16,Napa,055,140530,1652,1587,8,1595,11
2020-09-16,Nevada,057,99092,521,495,15,510,6
2020-09-16,Orange,059,3164182,53225,50414,1372,51786,1096
2020-09-16,Placer,061,380077,3527,3351,13,3364,39
2020-09-16,Plumas,063,18699,49,45,0,45,0
2020-09-16,Riverside,065,2383286,57345,55811,131,55942,1127
2020-09-16,Sacramento,067,1510023,21538,20610,23,20633,377
2020-09-16,San Benito,069,59416,1296,1244,0,1244,8
2020-09-16,San Bernardino,071,2135413,52456,50509,336,50845,907
2020-09-16,San Diego,073,3302833,45316,43447,793,44240,748
2020-09-16,San Francisco,075,870044,10833,10502,25,10527,90
2020-09-16,San Joaquin,077,732212,19803,19377,45,19422,409
2020-09-16,San Luis Obispo,079,281455,3546,3285,17,3302,28
2020-09-16,San Mateo,081,765935,9758,8944,10,8954,127
2020-09-16,Santa Barbara,083,443738,8939,8764,75,8839,107
2020-09-16,Santa Clara,085,1922200,21202,19684,40,19724,253
2020-09-16,Santa Cruz,087,273765,2271,2089,23,2112,7
2020-09-16,Shasta,089,179085,776,635,3,638,11
2020-09-16,Sierra,091,2930,6,6,0,6,0
2020-09-16,Siskiyou,093,43540,153,145,10,155,0
2020-09-16,Solano,095,438530,6116,5899,39,5938,44
2020-09-16,Sonoma,097,501317,7080,6731,20,6751,104
2020-09-16,Stanislaus,099,539301,16271,15897,471,16368,263
2020-09-16,Sutter,101,95872,1630,1567,1,1568,10
2020-09-16,Tehama,103,63373,507,485,2,487,2
2020-09-16,Trinity,105,12862,53,15,7,22,0
2020-09-16,Tulare,107,460477,15897,15314,90,15404,258
2020-09-16,Tuolumne,109,53932,229,210,5,215,1
2020-09-16,Ventura,111,848112,12810,12073,139,12212,130
2020-09-16,Yolo,113,214977,2765,2709,7,2716,53
2020-09-16,Yuba,115,75493,1045,1000,3,1003,1
2020-09-15,Alameda,001,1643700,20701,19931,150,20081,327
2020-09-15,Alpine,003,1148,2,2,0,2,0
2020-09-15,Amador,005,37829,287,282,0,282,16
2020-09-15,Butte,007,227075,2831,2695,27,2722,38
2020-09-15,Calaveras,009,45235,303,248,0,248,5
2020-09-15,Colusa,011,21464,516,497,0,497,6
2020-09-15,Contra Costa,013,1133247,16298,15423,77,15500,180
2020-09-15,Del Norte,015,27424,133,129,0,129,2
2020-09-15,El Dorado,017,186661,1101,1046,7,1053,4
2020-09-15,Fresno,019,978130,29783,27312,347,27659,343
2020-09-15,Glenn,021,27897,562,531,0,531,3
2020-09-15,Humboldt,023,135768,481,456,1,457,4
2020-09-15,Imperial,025,180216,11620,10376,8,10384,277
2020-09-15,Inyo,027,18085,186,176,4,180,12
2020-09-15,Kern,029,883053,31341,30429,285,30714,368
2020-09-15,Kings,031,150075,7325,6977,32,7009,70
2020-09-15,Lake,033,64148,505,416,0,416,4
2020-09-15,Lassen,035,31185,737,719,2,721,0
2020-09-15,Los Angeles,037,10098052,258990,255048,1619,256667,6269
2020-09-15,Madera,039,155013,4381,4122,29,4151,45
2020-09-15,Marin,041,260295,6548,6423,15,6438,77
2020-09-15,Mariposa,043,17540,75,74,0,74,2
2020-09-15,Mendocino,045,87422,783,724,0,724,18
2020-09-15,Merced,047,269075,8708,8633,13,8646,114
2020-09-15,Modoc,049,8938,26,21,0,21,0
2020-09-15,Mono,051,14174,165,147,2,149,1
2020-09-15,Monterey,053,433212,9376,8943,25,8968,62
2020-09-15,Napa,055,140530,1638,1580,8,1588,11
2020-09-15,Nevada,057,99092,516,494,15,509,6
2020-09-15,Orange,059,3164182,53043,50294,1358,51652,1088
2020-09-15,Placer,061,380077,3503,3331,13,3344,38
2020-09-15,Plumas,063,18699,49,44,0,44,0
2020-09-15,Riverside,065,2383286,57051,55569,121,55690,1118
2020-09-15,Sacramento,067,1510023,21394,20487,23,20510,372
2020-09-15,San Benito,069,59416,1289,1237,0,1237,7
2020-09-15,San Bernardino,071,2135413,52240,50333,335,50668,904
2020-09-15,San Diego,073,3302833,44997,43183,773,43956,742
2020-09-15,San Francisco,075,870044,10775,10414,25,10439,90
2020-09-15,San Joaquin,077,732212,19751,19313,45,19358,401
2020-09-15,San Luis Obispo,079,281455,3526,3262,17,3279,28
2020-09-15,San Mateo,081,765935,9688,8895,10,8905,127
2020-09-15,Santa Barbara,083,443738,8914,8724,74,8798,104
2020-09-15,Santa Clara,085,1922200,21068,19610,40,19650,252
2020-09-15,Santa Cruz,087,273765,2245,2079,22,2101,7
2020-09-15,Shasta,089,179085,764,627,3,630,11
2020-09-15,Sierra,091,2930,6,6,0,6,0
2020-09-15,Siskiyou,093,43540,153,143,10,153,0
2020-09-15,Solano,095,438530,6082,5878,39,5917,45
2020-09-15,Sonoma,097,501317,7041,6701,20,6721,104
2020-09-15,Stanislaus,099,539301,16223,15880,469,16349,260
2020-09-15,Sutter,101,95872,1619,1556,1,1557,10
2020-09-15,Tehama,103,63373,495,484,2,486,2
2020-09-15,Trinity,105,12862,53,15,7,22,0
2020-09-15,Tulare,107,460477,15821,15203,88,15291,254
2020-09-15,Tuolumne,109,53932,229,209,5,214,1
2020-09-15,Ventura,111,848112,12757,11932,138,12070,128
2020-09-15,Yolo,113,214977,2761,2708,7,2715,53
2020-09-15,Yuba,115,75493,1039,991,3,994,1
2020-09-14,Alameda,001,1643700,20574,19851,149,20000,306
2020-09-14,Alpine,003,1148,2,2,0,2,0
2020-09-14,Amador,005,37829,285,281,0,281,16
2020-09-14,Butte,007,227075,2814,2642,27,2669,37
2020-09-14,Calaveras,009,45235,303,244,0,244,3
2020-09-14,Colusa,011,21464,515,486,0,486,6
2020-09-14,Contra Costa,013,1133247,16174,15354,76,15430,174
2020-09-14,Del Norte,015,27424,130,116,0,116,2
2020-09-14,El Dorado,017,186661,1097,1039,7,1046,3
2020-09-14,Fresno,019,978130,29699,27232,344,27576,344
2020-09-14,Glenn,021,27897,554,521,0,521,3
2020-09-14,Humboldt,023,135768,478,437,1,438,4
2020-09-14,Imperial,025,180216,11600,10340,8,10348,273
2020-09-14,Inyo,027,18085,186,176,4,180,12
2020-09-14,Kern,029,883053,31253,30344,284,30628,368
2020-09-14,Kings,031,150075,7244,6950,32,6982,70
2020-09-14,Lake,033,64148,485,407,0,407,4
2020-09-14,Lassen,035,31185,737,719,2,721,0
2020-09-14,Los Angeles,037,10098052,257959,254622,1594,256216,6226
2020-09-14,Madera,039,155013,4367,4104,29,4133,45
2020-09-14,Marin,041,260295,6527,6409,15,6424,70
2020-09-14,Mariposa,043,17540,75,74,0,74,2
2020-09-14,Mendocino,045,87422,766,710,0,710,17
2020-09-14,Merced,047,269075,8689,8593,13,8606,112
2020-09-14,Modoc,049,8938,26,21,0,21,0
2020-09-14,Mono,051,14174,165,147,2,149,1
2020-09-14,Monterey,053,433212,9305,8845,24,8869,61
2020-09-14,Napa,055,140530,1621,1576,8,1584,11
2020-09-14,Nevada,057,99092,511,489,15,504,6
2020-09-14,Orange,059,3164182,52882,50149,1342,51491,1079
2020-09-14,Placer,061,380077,3482,3302,13,3315,38
2020-09-14,Plumas,063,18699,48,42,0,42,0
2020-09-14,Riverside,065,2383286,56832,55488,117,55605,1113
2020-09-14,Sacramento,067,1510023,21199,20377,22,20399,367
2020-09-14,San Benito,069,59416,1274,1233,0,1233,7
2020-09-14,San Bernardino,071,2135413,52015,50163,334,50497,895
2020-09-14,San Diego,073,3302833,44686,42889,753,43642,734
2020-09-14,San Francisco,075,870044,10708,10255,23,10278,90
2020-09-14,San Joaquin,077,732212,19677,19111,44,19155,397
2020-09-14,San Luis Obispo,079,281455,3501,3248,17,3265,25
2020-09-14,San Mateo,081,765935,9627,8847,10,8857,127
2020-09-14,Santa Barbara,083,443738,8888,8692,74,8766,104
2020-09-14,Santa Clara,085,1922200,20880,19545,40,19585,247
2020-09-14,Santa Cruz,087,273765,2223,2016,21,2037,7
2020-09-14,Shasta,089,179085,741,584,3,587,10
2020-09-14,Sierra,091,2930,6,6,0,6,0
2020-09-14,Siskiyou,093,43540,152,143,10,153,0
2020-09-14,Solano,095,438530,6047,5834,39,5873,44
2020-09-14,Sonoma,097,501317,6979,6630,20,6650,102
2020-09-14,Stanislaus,099,539301,16178,15812,466,16278,253
2020-09-14,Sutter,101,95872,1608,1549,1,1550,10
2020-09-14,Tehama,103,63373,493,475,2,477,1
2020-09-14,Trinity,105,12862,52,14,7,21,0
2020-09-14,Tulare,107,460477,15751,15096,82,15178,254
2020-09-14,Tuolumne,109,53932,228,208,5,213,1
2020-09-14,Ventura,111,848112,12655,11903,135,12038,125
2020-09-14,Yolo,113,214977,2750,2687,7,2694,53
2020-09-14,Yuba,115,75493,1031,977,3,980,1
2020-09-13,Alameda,001,1643700,20468,19815,146,19961,306
2020-09-13,Alpine,003,1148,2,2,0,2,0
2020-09-13,Amador,005,37829,282,279,0,279,16
2020-09-13,Butte,007,227075,2792,2640,27,2667,37
2020-09-13,Calaveras,009,45235,302,246,0,246,3
2020-09-13,Colusa,011,21464,511,486,0,486,6
2020-09-13,Contra Costa,013,1133247,16068,15284,76,15360,172
2020-09-13,Del Norte,015,27424,127,116,0,116,1
2020-09-13,El Dorado,017,186661,1092,1035,7,1042,2
2020-09-13,Fresno,019,978130,29591,27196,335,27531,345
2020-09-13,Glenn,021,27897,550,517,0,517,3
2020-09-13,Humboldt,023,135768,478,434,1,435,4
2020-09-13,Imperial,025,180216,11563,10304,7,10311,273
2020-09-13,Inyo,027,18085,186,176,4,180,12
2020-09-13,Kern,029,883053,31160,30277,278,30555,368
2020-09-13,Kings,031,150075,7225,6937,32,6969,70
2020-09-13,Lake,033,64148,466,397,0,397,4
2020-09-13,Lassen,035,31185,734,719,2,721,0
2020-09-13,Los Angeles,037,10098052,256807,253950,1579,255529,6203
2020-09-13,Madera,039,155013,4310,4090,29,4119,45
2020-09-13,Marin,041,260295,6506,6395,15,6410,70
2020-09-13,Mariposa,043,17540,75,74,0,74,2
2020-09-13,Mendocino,045,87422,759,707,0,707,17
2020-09-13,Merced,047,269075,8655,8575,13,8588,112
2020-09-13,Modoc,049,8938,26,21,0,21,0
2020-09-13,Mono,051,14174,165,147,2,149,1
2020-09-13,Monterey,053,433212,9223,8826,23,8849,61
2020-09-13,Napa,055,140530,1614,1563,8,1571,11
2020-09-13,Nevada,057,99092,503,486,15,501,6
2020-09-13,Orange,059,3164182,52666,50061,1335,51396,1075
2020-09-13,Placer,061,380077,3452,3291,13,3304,38
2020-09-13,Plumas,063,18699,48,42,0,42,0
2020-09-13,Riverside,065,2383286,56625,55235,106,55341,1108
2020-09-13,Sacramento,067,1510023,20853,20279,22,20301,367
2020-09-13,San Benito,069,59416,1266,1217,0,1217,7
2020-09-13,San Bernardino,071,2135413,51729,49968,332,50300,895
2020-09-13,San Diego,073,3302833,44360,42681,719,43400,734
2020-09-13,San Francisco,075,870044,10630,10254,23,10277,90
2020-09-13,San Joaquin,077,732212,19606,19110,43,19153,396
2020-09-13,San Luis Obispo,079,281455,3464,3240,17,3257,24
2020-09-13,San Mateo,081,765935,9566,8811,10,8821,127
2020-09-13,Santa Barbara,083,443738,8851,8690,74,8764,104
2020-09-13,Santa Clara,085,1922200,20741,19456,39,19495,245
2020-09-13,Santa Cruz,087,273765,2190,2016,19,2035,7
2020-09-13,Shasta,089,179085,729,583,3,586,10
2020-09-13,Sierra,091,2930,6,6,0,6,0
2020-09-13,Siskiyou,093,43540,152,143,9,152,0
2020-09-13,Solano,095,438530,6001,5810,39,5849,43
2020-09-13,Sonoma,097,501317,6914,6592,20,6612,95
2020-09-13,Stanislaus,099,539301,16115,15759,454,16213,253
2020-09-13,Sutter,101,95872,1596,1539,1,1540,10
2020-09-13,Tehama,103,63373,489,476,2,478,1
2020-09-13,Trinity,105,12862,52,14,7,21,0
2020-09-13,Tulare,107,460477,15680,15098,81,15179,254
2020-09-13,Tuolumne,109,53932,224,208,5,213,1
2020-09-13,Ventura,111,848112,12547,11855,134,11989,123
2020-09-13,Yolo,113,214977,2738,2675,7,2682,53
2020-09-13,Yuba,115,75493,1026,967,3,970,1
2020-09-12,Alameda,001,1643700,20409,19758,146,19904,307
2020-09-12,Alpine,003,1148,2,2,0,2,0
2020-09-12,Amador,005,37829,281,278,0,278,16
2020-09-12,Butte,007,227075,2785,2629,26,2655,37
2020-09-12,Calaveras,009,45235,300,246,0,246,3
2020-09-12,Colusa,011,21464,507,486,0,486,6
2020-09-12,Contra Costa,013,1133247,15991,15135,75,15210,174
2020-09-12,Del Norte,015,27424,126,116,0,116,1
2020-09-12,El Dorado,017,186661,1085,1034,7,1041,2
2020-09-12,Fresno,019,978130,29520,27076,335,27411,345
2020-09-12,Glenn,021,27897,549,517,0,517,3
2020-09-12,Humboldt,023,135768,477,430,1,431,4
2020-09-12,Imperial,025,180216,11551,10305,7,10312,273
2020-09-12,Inyo,027,18085,186,177,4,181,12
2020-09-12,Kern,029,883053,31094,30202,278,30480,368
2020-09-12,Kings,031,150075,7215,6895,32,6927,70
2020-09-12,Lake,033,64148,460,393,0,393,4
2020-09-12,Lassen,035,31185,734,719,2,721,0
2020-09-12,Los Angeles,037,10098052,256250,253156,1558,254714,6193
2020-09-12,Madera,039,155013,4299,4058,29,4087,43
2020-09-12,Marin,041,260295,6497,6393,15,6408,69
2020-09-12,Mariposa,043,17540,75,72,0,72,2
2020-09-12,Mendocino,045,87422,756,700,0,700,17
2020-09-12,Merced,047,269075,8646,8533,13,8546,112
2020-09-12,Modoc,049,8938,25,21,0,21,0
2020-09-12,Mono,051,14174,165,147,2,149,1
2020-09-12,Monterey,053,433212,9187,8743,23,8766,61
2020-09-12,Napa,055,140530,1611,1556,8,1564,11
2020-09-12,Nevada,057,99092,502,482,15,497,6
2020-09-12,Orange,059,3164182,52551,49895,1332,51227,1078
2020-09-12,Placer,061,380077,3435,3280,13,3293,38
2020-09-12,Plumas,063,18699,48,42,0,42,0
2020-09-12,Riverside,065,2383286,56497,55058,102,55160,1108
2020-09-12,Sacramento,067,1510023,20784,20184,22,20206,367
2020-09-12,San Benito,069,59416,1263,1208,0,1208,7
2020-09-12,San Bernardino,071,2135413,51638,49945,330,50275,896
2020-09-12,San Diego,073,3302833,44165,42416,710,43126,747
2020-09-12,San Francisco,075,870044,10586,10257,23,10280,90
2020-09-12,San Joaquin,077,732212,19578,19108,43,19151,396
2020-09-12,San Luis Obispo,079,281455,3437,3220,17,3237,24
2020-09-12,San Mateo,081,765935,9521,8759,10,8769,127
2020-09-12,Santa Barbara,083,443738,8837,8642,74,8716,104
2020-09-12,Santa Clara,085,1922200,20657,19330,39,19369,237
2020-09-12,Santa Cruz,087,273765,2178,2016,19,2035,7
2020-09-12,Shasta,089,179085,717,569,3,572,10
2020-09-12,Sierra,091,2930,6,6,0,6,0
2020-09-12,Siskiyou,093,43540,152,141,9,150,0
2020-09-12,Solano,095,438530,5977,5772,39,5811,43
2020-09-12,Sonoma,097,501317,6889,6531,20,6551,95
2020-09-12,Stanislaus,099,539301,16083,15675,451,16126,253
2020-09-12,Sutter,101,95872,1590,1529,1,1530,10
2020-09-12,Tehama,103,63373,486,471,2,473,1
2020-09-12,Trinity,105,12862,52,15,7,22,0
2020-09-12,Tulare,107,460477,15634,15018,80,15098,254
2020-09-12,Tuolumne,109,53932,224,208,5,213,1
2020-09-12,Ventura,111,848112,12496,11759,132,11891,123
2020-09-12,Yolo,113,214977,2731,2646,7,2653,53
2020-09-12,Yuba,115,75493,1022,963,3,966,1
2020-09-11,Alameda,001,1643700,20354,19625,145,19770,298
2020-09-11,Alpine,003,1148,2,2,0,2,0
2020-09-11,Amador,005,37829,281,277,0,277,16
2020-09-11,Butte,007,227075,2774,2605,26,2631,37
2020-09-11,Calaveras,009,45235,299,242,0,242,1
2020-09-11,Colusa,011,21464,506,484,0,484,6
2020-09-11,Contra Costa,013,1133247,15939,15001,72,15073,173
2020-09-11,Del Norte,015,27424,126,115,0,115,1
2020-09-11,El Dorado,017,186661,1082,1024,7,1031,2
2020-09-11,Fresno,019,978130,29442,26917,334,27251,344
2020-09-11,Glenn,021,27897,544,515,0,515,3
2020-09-11,Humboldt,023,135768,475,426,1,427,4
2020-09-11,Imperial,025,180216,11533,10286,7,10293,273
2020-09-11,Inyo,027,18085,186,176,4,180,12
2020-09-11,Kern,029,883053,31026,30059,277,30336,365
2020-09-11,Kings,031,150075,7198,6770,32,6802,70
2020-09-11,Lake,033,64148,453,382,0,382,4
2020-09-11,Lassen,035,31185,734,719,2,721,0
2020-09-11,Los Angeles,037,10098052,255569,252057,1547,253604,6172
2020-09-11,Madera,039,155013,4280,4018,29,4047,43
2020-09-11,Marin,041,260295,6494,6364,15,6379,69
2020-09-11,Mariposa,043,17540,75,72,0,72,2
2020-09-11,Mendocino,045,87422,745,700,0,700,17
2020-09-11,Merced,047,269075,8625,8489,13,8502,109
2020-09-11,Modoc,049,8938,25,21,0,21,0
2020-09-11,Mono,051,14174,165,145,2,147,1
2020-09-11,Monterey,053,433212,9139,8595,23,8618,61
2020-09-11,Napa,055,140530,1600,1543,8,1551,11
2020-09-11,Nevada,057,99092,495,483,15,498,6
2020-09-11,Orange,059,3164182,52422,49755,1320,51075,1068
2020-09-11,Placer,061,380077,3420,3254,13,3267,37
2020-09-11,Plumas,063,18699,48,42,0,42,0
2020-09-11,Riverside,065,2383286,56362,54717,99,54816,1099
2020-09-11,Sacramento,067,1510023,20699,20012,22,20034,358
2020-09-11,San Benito,069,59416,1253,1202,0,1202,7
2020-09-11,San Bernardino,071,2135413,51539,49682,330,50012,871
2020-09-11,San Diego,073,3302833,43945,41971,704,42675,730
2020-09-11,San Francisco,075,870044,10538,10133,22,10155,89
2020-09-11,San Joaquin,077,732212,19530,19019,43,19062,391
2020-09-11,San Luis Obispo,079,281455,3419,3190,17,3207,24
2020-09-11,San Mateo,081,765935,9479,8611,10,8621,127
2020-09-11,Santa Barbara,083,443738,8804,8592,73,8665,103
2020-09-11,Santa Clara,085,1922200,20568,19065,39,19104,234
2020-09-11,Santa Cruz,087,273765,2161,1997,19,2016,7
2020-09-11,Shasta,089,179085,707,568,3,571,10
2020-09-11,Sierra,091,2930,6,6,0,6,0
2020-09-11,Siskiyou,093,43540,151,139,9,148,0
2020-09-11,Solano,095,438530,5960,5742,39,5781,42
2020-09-11,Sonoma,097,501317,6845,6469,20,6489,91
2020-09-11,Stanislaus,099,539301,16045,15613,448,16061,253
2020-09-11,Sutter,101,95872,1580,1505,1,1506,11
2020-09-11,Tehama,103,63373,483,466,2,468,1
2020-09-11,Trinity,105,12862,52,16,7,23,0
2020-09-11,Tulare,107,460477,15603,14932,78,15010,251
2020-09-11,Tuolumne,109,53932,224,208,5,213,1
2020-09-11,Ventura,111,848112,12442,11700,130,11830,123
2020-09-11,Yolo,113,214977,2720,2632,7,2639,53
2020-09-11,Yuba,115,75493,1014,946,3,949,1
2020-09-10,Alameda,001,1643700,20280,19509,145,19654,292
2020-09-10,Alpine,003,1148,2,2,0,2,0
2020-09-10,Amador,005,37829,280,277,0,277,16
2020-09-10,Butte,007,227075,2757,2590,26,2616,37
2020-09-10,Calaveras,009,45235,299,244,0,244,1
2020-09-10,Colusa,011,21464,504,482,0,482,6
2020-09-10,Contra Costa,013,1133247,15869,14909,72,14981,172
2020-09-10,Del Norte,015,27424,125,112,0,112,1
2020-09-10,El Dorado,017,186661,1079,1020,7,1027,2
2020-09-10,Fresno,019,978130,29320,26783,334,27117,338
2020-09-10,Glenn,021,27897,534,511,0,511,3
2020-09-10,Humboldt,023,135768,464,422,1,423,4
2020-09-10,Imperial,025,180216,11517,10251,7,10258,270
2020-09-10,Inyo,027,18085,185,176,4,180,11
2020-09-10,Kern,029,883053,30943,29988,273,30261,363
2020-09-10,Kings,031,150075,7168,6739,32,6771,70
2020-09-10,Lake,033,64148,446,377,0,377,4
2020-09-10,Lassen,035,31185,733,716,2,718,0
2020-09-10,Los Angeles,037,10098052,254590,251003,1526,252529,6132
2020-09-10,Madera,039,155013,4262,3979,29,4008,43
2020-09-10,Marin,041,260295,6482,6344,15,6359,68
2020-09-10,Mariposa,043,17540,75,72,0,72,2
2020-09-10,Mendocino,045,87422,735,697,0,697,16
2020-09-10,Merced,047,269075,8579,8461,13,8474,109
2020-09-10,Modoc,049,8938,25,21,0,21,0
2020-09-10,Mono,051,14174,165,145,2,147,1
2020-09-10,Monterey,053,433212,9069,8570,23,8593,59
2020-09-10,Napa,055,140530,1594,1536,8,1544,11
2020-09-10,Nevada,057,99092,491,478,15,493,6
2020-09-10,Orange,059,3164182,52259,49617,1314,50931,1057
2020-09-10,Placer,061,380077,3400,3233,13,3246,37
2020-09-10,Plumas,063,18699,48,42,0,42,0
2020-09-10,Riverside,065,2383286,56043,54417,96,54513,1091
2020-09-10,Sacramento,067,1510023,20577,19618,21,19639,354
2020-09-10,San Benito,069,59416,1247,1201,0,1201,5
2020-09-10,San Bernardino,071,2135413,51351,49467,328,49795,867
2020-09-10,San Diego,073,3302833,43679,41610,677,42287,725
2020-09-10,San Francisco,075,870044,10461,10082,22,10104,89
2020-09-10,San Joaquin,077,732212,19477,18854,43,18897,389
2020-09-10,San Luis Obispo,079,281455,3405,3161,16,3177,24
2020-09-10,San Mateo,081,765935,9433,8529,10,8539,125
2020-09-10,Santa Barbara,083,443738,8759,8552,73,8625,100
2020-09-10,Santa Clara,085,1922200,20454,18870,39,18909,231
2020-09-10,Santa Cruz,087,273765,2146,1986,17,2003,7
2020-09-10,Shasta,089,179085,696,566,3,569,10
2020-09-10,Sierra,091,2930,6,6,0,6,0
2020-09-10,Siskiyou,093,43540,151,137,9,146,0
2020-09-10,Solano,095,438530,5920,5696,39,5735,42
2020-09-10,Sonoma,097,501317,6796,6424,20,6444,91
2020-09-10,Stanislaus,099,539301,15991,15509,443,15952,243
2020-09-10,Sutter,101,95872,1570,1494,1,1495,11
2020-09-10,Tehama,103,63373,476,466,2,468,1
2020-09-10,Trinity,105,12862,52,15,7,22,0
2020-09-10,Tulare,107,460477,15548,14860,75,14935,250
2020-09-10,Tuolumne,109,53932,223,205,5,210,1
2020-09-10,Ventura,111,848112,12348,11600,123,11723,122
2020-09-10,Yolo,113,214977,2715,2612,7,2619,53
2020-09-10,Yuba,115,75493,1008,941,3,944,1
2020-09-09,Alameda,001,1643700,20201,19399,144,19543,289
2020-09-09,Alpine,003,1148,2,2,0,2,0
2020-09-09,Amador,005,37829,279,276,0,276,16
2020-09-09,Butte,007,227075,2740,2561,26,2587,37
2020-09-09,Calaveras,009,45235,299,242,0,242,1
2020-09-09,Colusa,011,21464,499,479,0,479,6
2020-09-09,Contra Costa,013,1133247,15783,14816,72,14888,171
2020-09-09,Del Norte,015,27424,121,109,0,109,1
2020-09-09,El Dorado,017,186661,1076,1020,7,1027,2
2020-09-09,Fresno,019,978130,29217,26724,329,27053,329
2020-09-09,Glenn,021,27897,531,508,0,508,3
2020-09-09,Humboldt,023,135768,462,420,1,421,4
2020-09-09,Imperial,025,180216,11496,10233,7,10240,268
2020-09-09,Inyo,027,18085,184,173,4,177,2
2020-09-09,Kern,029,883053,30845,29925,270,30195,355
2020-09-09,Kings,031,150075,7150,6721,32,6753,72
2020-09-09,Lake,033,64148,438,371,0,371,4
2020-09-09,Lassen,035,31185,732,714,2,716,0
2020-09-09,Los Angeles,037,10098052,253717,249876,1508,251384,6091
2020-09-09,Madera,039,155013,4236,3926,29,3955,43
2020-09-09,Marin,041,260295,6463,6321,15,6336,68
2020-09-09,Mariposa,043,17540,74,72,0,72,2
2020-09-09,Mendocino,045,87422,727,695,0,695,16
2020-09-09,Merced,047,269075,8553,8441,13,8454,107
2020-09-09,Modoc,049,8938,24,20,0,20,0
2020-09-09,Mono,051,14174,165,145,2,147,1
2020-09-09,Monterey,053,433212,8997,8527,23,8550,59
2020-09-09,Napa,055,140530,1584,1531,8,1539,11
2020-09-09,Nevada,057,99092,487,476,15,491,6
2020-09-09,Orange,059,3164182,52080,49394,1307,50701,1054
2020-09-09,Placer,061,380077,3380,3222,13,3235,36
2020-09-09,Plumas,063,18699,46,42,0,42,0
2020-09-09,Riverside,065,2383286,55813,54320,93,54413,1081
2020-09-09,Sacramento,067,1510023,20471,19474,20,19494,347
2020-09-09,San Benito,069,59416,1243,1199,0,1199,5
2020-09-09,San Bernardino,071,2135413,51153,49264,327,49591,866
2020-09-09,San Diego,073,3302833,43390,41326,665,41991,721
2020-09-09,San Francisco,075,870044,10411,9996,21,10017,86
2020-09-09,San Joaquin,077,732212,19413,18799,42,18841,388
2020-09-09,San Luis Obispo,079,281455,3387,3131,16,3147,24
2020-09-09,San Mateo,081,765935,9373,8478,10,8488,125
2020-09-09,Santa Barbara,083,443738,8716,8528,73,8601,97
2020-09-09,Santa Clara,085,1922200,20322,18759,39,18798,228
2020-09-09,Santa Cruz,087,273765,2123,1967,17,1984,7
2020-09-09,Shasta,089,179085,684,562,3,565,10
2020-09-09,Sierra,091,2930,6,6,0,6,0
2020-09-09,Siskiyou,093,43540,149,137,9,146,0
2020-09-09,Solano,095,438530,5888,5680,39,5719,36
2020-09-09,Sonoma,097,501317,6730,6397,20,6417,92
2020-09-09,Stanislaus,099,539301,15952,15469,432,15901,243
2020-09-09,Sutter,101,95872,1562,1487,1,1488,11
2020-09-09,Tehama,103,63373,473,462,2,464,1
2020-09-09,Trinity,105,12862,52,14,7,21,0
2020-09-09,Tulare,107,460477,15499,14787,70,14857,249
2020-09-09,Tuolumne,109,53932,222,204,4,208,1
2020-09-09,Ventura,111,848112,12257,11497,120,11617,121
2020-09-09,Yolo,113,214977,2704,2604,7,2611,53
2020-09-09,Yuba,115,75493,1003,936,3,939,1
2020-09-08,Alameda,001,1643700,20093,19293,144,19437,288
2020-09-08,Alpine,003,1148,2,2,0,2,0
2020-09-08,Amador,005,37829,279,276,0,276,16
2020-09-08,Butte,007,227075,2722,2453,26,2479,36
2020-09-08,Calaveras,009,45235,297,233,0,233,1
2020-09-08,Colusa,011,21464,497,475,0,475,6
2020-09-08,Contra Costa,013,1133247,15655,14740,69,14809,171
2020-09-08,Del Norte,015,27424,121,109,0,109,2
2020-09-08,El Dorado,017,186661,1073,1011,7,1018,2
2020-09-08,Fresno,019,978130,29097,26640,325,26965,329
2020-09-08,Glenn,021,27897,527,492,0,492,3
2020-09-08,Humboldt,023,135768,460,420,1,421,4
2020-09-08,Imperial,025,180216,11480,10198,7,10205,267
2020-09-08,Inyo,027,18085,184,169,4,173,2
2020-09-08,Kern,029,883053,30760,29850,268,30118,351
2020-09-08,Kings,031,150075,7112,6658,32,6690,72
2020-09-08,Lake,033,64148,428,370,0,370,4
2020-09-08,Lassen,035,31185,732,710,2,712,0
2020-09-08,Los Angeles,037,10098052,252786,249217,1480,250697,6034
2020-09-08,Madera,039,155013,4212,3904,29,3933,43
2020-09-08,Marin,041,260295,6432,6313,15,6328,68
2020-09-08,Mariposa,043,17540,74,72,0,72,2
2020-09-08,Mendocino,045,87422,720,690,0,690,16
2020-09-08,Merced,047,269075,8530,8381,13,8394,104
2020-09-08,Modoc,049,8938,24,20,0,20,0
2020-09-08,Mono,051,14174,165,145,2,147,1
2020-09-08,Monterey,053,433212,8912,8491,23,8514,59
2020-09-08,Napa,055,140530,1580,1518,8,1526,11
2020-09-08,Nevada,057,99092,487,470,15,485,6
2020-09-08,Orange,059,3164182,51938,49214,1303,50517,1044
2020-09-08,Placer,061,380077,3366,3205,13,3218,36
2020-09-08,Plumas,063,18699,46,42,0,42,0
2020-09-08,Riverside,065,2383286,55599,54168,90,54258,1069
2020-09-08,Sacramento,067,1510023,20236,19411,19,19430,347
2020-09-08,San Benito,069,59416,1236,1188,0,1188,5
2020-09-08,San Bernardino,071,2135413,50965,49034,325,49359,856
2020-09-08,San Diego,073,3302833,43074,41079,653,41732,709
2020-09-08,San Francisco,075,870044,10338,9821,21,9842,86
2020-09-08,San Joaquin,077,732212,19335,18550,42,18592,388
2020-09-08,San Luis Obispo,079,281455,3372,3120,16,3136,23
2020-09-08,San Mateo,081,765935,9297,8460,10,8470,125
2020-09-08,Santa Barbara,083,443738,8682,8488,72,8560,96
2020-09-08,Santa Clara,085,1922200,20146,18645,39,18684,228
2020-09-08,Santa Cruz,087,273765,2095,1903,17,1920,7
2020-09-08,Shasta,089,179085,676,556,3,559,10
2020-09-08,Sierra,091,2930,6,6,0,6,0
2020-09-08,Siskiyou,093,43540,147,136,9,145,0
2020-09-08,Solano,095,438530,5851,5654,39,5693,36
2020-09-08,Sonoma,097,501317,6661,6356,20,6376,92
2020-09-08,Stanislaus,099,539301,15888,15415,420,15835,238
2020-09-08,Sutter,101,95872,1546,1473,1,1474,11
2020-09-08,Tehama,103,63373,469,458,2,460,1
2020-09-08,Trinity,105,12862,51,13,7,20,0
2020-09-08,Tulare,107,460477,15419,14635,69,14704,249
2020-09-08,Tuolumne,109,53932,221,197,4,201,1
2020-09-08,Ventura,111,848112,12188,11475,117,11592,118
2020-09-08,Yolo,113,214977,2694,2580,7,2587,53
2020-09-08,Yuba,115,75493,991,923,3,926,1
2020-09-07,Alameda,001,1643700,19972,19188,138,19326,281
2020-09-07,Alpine,003,1148,2,2,0,2,0
2020-09-07,Amador,005,37829,279,276,0,276,16
2020-09-07,Butte,007,227075,2689,2450,25,2475,30
2020-09-07,Calaveras,009,45235,287,234,0,234,1
2020-09-07,Colusa,011,21464,496,475,0,475,6
2020-09-07,Contra Costa,013,1133247,15542,14637,66,14703,172
2020-09-07,Del Norte,015,27424,121,109,0,109,2
2020-09-07,El Dorado,017,186661,1062,1011,7,1018,2
2020-09-07,Fresno,019,978130,29003,26565,322,26887,329
2020-09-07,Glenn,021,27897,522,488,0,488,3
2020-09-07,Humboldt,023,135768,451,416,1,417,4
2020-09-07,Imperial,025,180216,11449,10199,7,10206,267
2020-09-07,Inyo,027,18085,184,169,4,173,2
2020-09-07,Kern,029,883053,30640,29790,263,30053,348
2020-09-07,Kings,031,150075,6988,6630,32,6662,72
2020-09-07,Lake,033,64148,405,367,0,367,2
2020-09-07,Lassen,035,31185,732,709,2,711,0
2020-09-07,Los Angeles,037,10098052,251739,248804,1459,250263,6030
2020-09-07,Madera,039,155013,4181,3889,28,3917,43
2020-09-07,Marin,041,260295,6402,6296,15,6311,67
2020-09-07,Mariposa,043,17540,74,72,0,72,2
2020-09-07,Mendocino,045,87422,712,687,0,687,16
2020-09-07,Merced,047,269075,8483,8381,13,8394,104
2020-09-07,Modoc,049,8938,23,20,0,20,0
2020-09-07,Mono,051,14174,165,145,2,147,1
2020-09-07,Monterey,053,433212,8833,8463,23,8486,57
2020-09-07,Napa,055,140530,1568,1514,8,1522,11
2020-09-07,Nevada,057,99092,485,469,15,484,6
2020-09-07,Orange,059,3164182,51764,49132,1299,50431,1042
2020-09-07,Placer,061,380077,3336,3188,12,3200,36
2020-09-07,Plumas,063,18699,45,42,0,42,0
2020-09-07,Riverside,065,2383286,55324,54178,84,54262,1069
2020-09-07,Sacramento,067,1510023,19994,19292,18,19310,345
2020-09-07,San Benito,069,59416,1230,1180,0,1180,4
2020-09-07,San Bernardino,071,2135413,50737,49043,323,49366,821
2020-09-07,San Diego,073,3302833,42674,40868,626,41494,708
2020-09-07,San Francisco,075,870044,10287,9813,20,9833,85
2020-09-07,San Joaquin,077,732212,19254,18552,40,18592,386
2020-09-07,San Luis Obispo,079,281455,3335,3116,16,3132,23
2020-09-07,San Mateo,081,765935,9215,8409,10,8419,125
2020-09-07,Santa Barbara,083,443738,8638,8479,72,8551,95
2020-09-07,Santa Clara,085,1922200,19988,18596,38,18634,226
2020-09-07,Santa Cruz,087,273765,2067,1902,17,1919,7
2020-09-07,Shasta,089,179085,666,556,3,559,10
2020-09-07,Sierra,091,2930,6,6,0,6,0
2020-09-07,Siskiyou,093,43540,146,133,9,142,0
2020-09-07,Solano,095,438530,5786,5640,39,5679,36
2020-09-07,Sonoma,097,501317,6595,6268,20,6288,85
2020-09-07,Stanislaus,099,539301,15823,15343,408,15751,236
2020-09-07,Sutter,101,95872,1529,1468,1,1469,11
2020-09-07,Tehama,103,63373,466,453,2,455,1
2020-09-07,Trinity,105,12862,51,13,7,20,0
2020-09-07,Tulare,107,460477,15314,14637,67,14704,249
2020-09-07,Tuolumne,109,53932,220,196,4,200,1
2020-09-07,Ventura,111,848112,12093,11463,114,11577,118
2020-09-07,Yolo,113,214977,2677,2565,6,2571,53
2020-09-07,Yuba,115,75493,975,923,3,926,1
2020-09-06,Alameda,001,1643700,19914,19029,136,19165,281
2020-09-06,Alpine,003,1148,2,2,0,2,0
2020-09-06,Amador,005,37829,277,275,0,275,16
2020-09-06,Butte,007,227075,2680,2446,25,2471,30
2020-09-06,Calaveras,009,45235,287,235,0,235,1
2020-09-06,Colusa,011,21464,492,475,0,475,6
2020-09-06,Contra Costa,013,1133247,15462,14565,65,14630,171
2020-09-06,Del Norte,015,27424,121,109,0,109,2
2020-09-06,El Dorado,017,186661,1060,1008,7,1015,2
2020-09-06,Fresno,019,978130,28939,26471,320,26791,329
2020-09-06,Glenn,021,27897,516,474,0,474,3
2020-09-06,Humboldt,023,135768,448,404,1,405,4
2020-09-06,Imperial,025,180216,11432,10152,7,10159,267
2020-09-06,Inyo,027,18085,184,169,4,173,2
2020-09-06,Kern,029,883053,30584,29699,259,29958,348
2020-09-06,Kings,031,150075,6968,6561,31,6592,72
2020-09-06,Lake,033,64148,402,362,0,362,2
2020-09-06,Lassen,035,31185,732,709,2,711,0
2020-09-06,Los Angeles,037,10098052,251106,248316,1445,249761,6004
2020-09-06,Madera,039,155013,4137,3867,28,3895,42
2020-09-06,Marin,041,260295,6390,6276,15,6291,67
2020-09-06,Mariposa,043,17540,74,72,0,72,2
2020-09-06,Mendocino,045,87422,711,672,0,672,16
2020-09-06,Merced,047,269075,8463,8327,13,8340,104
2020-09-06,Modoc,049,8938,23,20,0,20,0
2020-09-06,Mono,051,14174,164,145,2,147,1
2020-09-06,Monterey,053,433212,8793,8403,22,8425,56
2020-09-06,Napa,055,140530,1564,1501,6,1507,11
2020-09-06,Nevada,057,99092,485,467,14,481,6
2020-09-06,Orange,059,3164182,51651,48931,1295,50226,1042
2020-09-06,Placer,061,380077,3319,3169,12,3181,36
2020-09-06,Plumas,063,18699,44,42,0,42,0
2020-09-06,Riverside,065,2383286,55208,53970,82,54052,1069
2020-09-06,Sacramento,067,1510023,19899,19128,18,19146,340
2020-09-06,San Benito,069,59416,1228,1178,0,1178,4
2020-09-06,San Bernardino,071,2135413,50630,48923,323,49246,823
2020-09-06,San Diego,073,3302833,42426,40652,620,41272,707
2020-09-06,San Francisco,075,870044,10213,9813,20,9833,85
2020-09-06,San Joaquin,077,732212,19205,18558,40,18598,386
2020-09-06,San Luis Obispo,079,281455,3324,3101,16,3117,23
2020-09-06,San Mateo,081,765935,9162,8387,10,8397,125
2020-09-06,Santa Barbara,083,443738,8609,8434,72,8506,95
2020-09-06,Santa Clara,085,1922200,19887,18495,38,18533,207
2020-09-06,Santa Cruz,087,273765,2060,1902,17,1919,7
2020-09-06,Shasta,089,179085,660,550,3,553,10
2020-09-06,Sierra,091,2930,6,6,0,6,0
2020-09-06,Siskiyou,093,43540,146,132,9,141,0
2020-09-06,Solano,095,438530,5760,5619,39,5658,37
2020-09-06,Sonoma,097,501317,6566,6212,20,6232,85
2020-09-06,Stanislaus,099,539301,15779,15288,404,15692,236
2020-09-06,Sutter,101,95872,1516,1451,1,1452,11
2020-09-06,Tehama,103,63373,465,455,2,457,1
2020-09-06,Trinity,105,12862,50,13,7,20,0
2020-09-06,Tulare,107,460477,15271,14636,66,14702,249
2020-09-06,Tuolumne,109,53932,217,194,4,198,1
2020-09-06,Ventura,111,848112,12048,11315,114,11429,118
2020-09-06,Yolo,113,214977,2663,2556,6,2562,53
2020-09-06,Yuba,115,75493,966,913,3,916,1
2020-09-05,Alameda,001,1643700,19869,18973,134,19107,279
2020-09-05,Alpine,003,1148,2,2,0,2,0
2020-09-05,Amador,005,37829,277,274,0,274,16
2020-09-05,Butte,007,227075,2664,2406,24,2430,30
2020-09-05,Calaveras,009,45235,287,237,0,237,1
2020-09-05,Colusa,011,21464,488,472,0,472,6
2020-09-05,Contra Costa,013,1133247,15385,14456,63,14519,173
2020-09-05,Del Norte,015,27424,121,109,0,109,2
2020-09-05,El Dorado,017,186661,1060,1007,7,1014,2
2020-09-05,Fresno,019,978130,28871,26325,320,26645,331
2020-09-05,Glenn,021,27897,515,474,0,474,3
2020-09-05,Humboldt,023,135768,446,402,1,403,4
2020-09-05,Imperial,025,180216,11415,10151,7,10158,268
2020-09-05,Inyo,027,18085,184,169,4,173,2
2020-09-05,Kern,029,883053,30524,29645,255,29900,347
2020-09-05,Kings,031,150075,6959,6518,31,6549,66
2020-09-05,Lake,033,64148,399,359,0,359,2
2020-09-05,Lassen,035,31185,732,709,2,711,0
2020-09-05,Los Angeles,037,10098052,250571,247572,1433,249005,6001
2020-09-05,Madera,039,155013,4096,3851,28,3879,42
2020-09-05,Marin,041,260295,6383,6259,15,6274,66
2020-09-05,Mariposa,043,17540,74,72,0,72,2
2020-09-05,Mendocino,045,87422,710,658,0,658,16
2020-09-05,Merced,047,269075,8431,8297,11,8308,104
2020-09-05,Modoc,049,8938,23,19,0,19,0
2020-09-05,Mono,051,14174,164,145,2,147,1
2020-09-05,Monterey,053,433212,8763,8301,22,8323,56
2020-09-05,Napa,055,140530,1558,1484,6,1490,11
2020-09-05,Nevada,057,99092,482,461,14,475,6
2020-09-05,Orange,059,3164182,51549,48726,1290,50016,1039
2020-09-05,Placer,061,380077,3308,3141,12,3153,35
2020-09-05,Plumas,063,18699,44,42,0,42,0
2020-09-05,Riverside,065,2383286,55102,53780,82,53862,1066
2020-09-05,Sacramento,067,1510023,19809,18955,18,18973,339
2020-09-05,San Benito,069,59416,1226,1153,0,1153,4
2020-09-05,San Bernardino,071,2135413,50554,48800,322,49122,825
2020-09-05,San Diego,073,3302833,42233,40344,608,40952,717
2020-09-05,San Francisco,075,870044,10180,9812,19,9831,85
2020-09-05,San Joaquin,077,732212,19176,18557,40,18597,386
2020-09-05,San Luis Obispo,079,281455,3314,3083,16,3099,23
2020-09-05,San Mateo,081,765935,9117,8352,10,8362,124
2020-09-05,Santa Barbara,083,443738,8593,8404,72,8476,96
2020-09-05,Santa Clara,085,1922200,19804,18311,38,18349,207
2020-09-05,Santa Cruz,087,273765,2052,1904,17,1921,7
2020-09-05,Shasta,089,179085,659,544,3,547,10
2020-09-05,Sierra,091,2930,6,6,0,6,0
2020-09-05,Siskiyou,093,43540,145,131,9,140,0
2020-09-05,Solano,095,438530,5748,5579,39,5618,37
2020-09-05,Sonoma,097,501317,6533,6149,20,6169,85
2020-09-05,Stanislaus,099,539301,15731,15198,400,15598,236
2020-09-05,Sutter,101,95872,1509,1445,1,1446,11
2020-09-05,Tehama,103,63373,464,447,2,449,1
2020-09-05,Trinity,105,12862,50,13,7,20,0
2020-09-05,Tulare,107,460477,15213,14576,64,14640,249
2020-09-05,Tuolumne,109,53932,217,194,4,198,1
2020-09-05,Ventura,111,848112,12005,11254,114,11368,118
2020-09-05,Yolo,113,214977,2653,2534,6,2540,53
2020-09-05,Yuba,115,75493,960,902,3,905,1
2020-09-04,Alameda,001,1643700,19801,18843,132,18975,276
2020-09-04,Alpine,003,1148,2,2,0,2,0
2020-09-04,Amador,005,37829,276,274,0,274,16
2020-09-04,Butte,007,227075,2641,2325,24,2349,28
2020-09-04,Calaveras,009,45235,285,237,0,237,1
2020-09-04,Colusa,011,21464,486,467,0,467,6
2020-09-04,Contra Costa,013,1133247,15302,14355,62,14417,164
2020-09-04,Del Norte,015,27424,121,109,0,109,2
2020-09-04,El Dorado,017,186661,1056,992,7,999,2
2020-09-04,Fresno,019,978130,28767,26147,319,26466,321
2020-09-04,Glenn,021,27897,507,463,0,463,3
2020-09-04,Humboldt,023,135768,441,390,1,391,4
2020-09-04,Imperial,025,180216,11406,10136,7,10143,267
2020-09-04,Inyo,027,18085,184,169,4,173,2
2020-09-04,Kern,029,883053,30456,29526,252,29778,345
2020-09-04,Kings,031,150075,6946,6259,31,6290,66
2020-09-04,Lake,033,64148,399,347,0,347,2
2020-09-04,Lassen,035,31185,732,708,2,710,0
2020-09-04,Los Angeles,037,10098052,250003,246396,1413,247809,5977
2020-09-04,Madera,039,155013,4083,3838,28,3866,42
2020-09-04,Marin,041,260295,6371,6251,15,6266,66
2020-09-04,Mariposa,043,17540,74,72,0,72,2
2020-09-04,Mendocino,045,87422,708,646,0,646,16
2020-09-04,Merced,047,269075,8411,8214,11,8225,104
2020-09-04,Modoc,049,8938,23,15,0,15,0
2020-09-04,Mono,051,14174,164,145,2,147,1
2020-09-04,Monterey,053,433212,8718,8208,22,8230,56
2020-09-04,Napa,055,140530,1549,1475,6,1481,11
2020-09-04,Nevada,057,99092,479,455,14,469,6
2020-09-04,Orange,059,3164182,51425,48488,1283,49771,1031
2020-09-04,Placer,061,380077,3296,3101,12,3113,35
2020-09-04,Plumas,063,18699,44,42,0,42,0
2020-09-04,Riverside,065,2383286,54989,53606,77,53683,1066
2020-09-04,Sacramento,067,1510023,19721,18765,18,18783,337
2020-09-04,San Benito,069,59416,1217,1137,0,1137,4
2020-09-04,San Bernardino,071,2135413,50461,48497,320,48817,800
2020-09-04,San Diego,073,3302833,42003,39901,599,40500,701
2020-09-04,San Francisco,075,870044,10140,9694,18,9712,85
2020-09-04,San Joaquin,077,732212,19122,18438,40,18478,376
2020-09-04,San Luis Obispo,079,281455,3299,3049,15,3064,21
2020-09-04,San Mateo,081,765935,9073,8275,10,8285,122
2020-09-04,Santa Barbara,083,443738,8563,8340,72,8412,96
2020-09-04,Santa Clara,085,1922200,19696,18074,38,18112,209
2020-09-04,Santa Cruz,087,273765,2035,1896,16,1912,7
2020-09-04,Shasta,089,179085,656,536,3,539,10
2020-09-04,Sierra,091,2930,6,6,0,6,0
2020-09-04,Siskiyou,093,43540,145,129,9,138,0
2020-09-04,Solano,095,438530,5735,5552,39,5591,37
2020-09-04,Sonoma,097,501317,6468,6050,20,6070,85
2020-09-04,Stanislaus,099,539301,15697,15074,391,15465,233
2020-09-04,Sutter,101,95872,1493,1425,1,1426,11
2020-09-04,Tehama,103,63373,460,442,2,444,1
2020-09-04,Trinity,105,12862,50,13,7,20,0
2020-09-04,Tulare,107,460477,15185,14501,60,14561,247
2020-09-04,Tuolumne,109,53932,217,193,4,197,1
2020-09-04,Ventura,111,848112,11963,11171,114,11285,114
2020-09-04,Yolo,113,214977,2639,2495,6,2501,53
2020-09-04,Yuba,115,75493,955,884,3,887,1
2020-09-03,Alameda,001,1643700,19698,18687,132,18819,275
2020-09-03,Alpine,003,1148,2,2,0,2,0
2020-09-03,Amador,005,37829,276,274,0,274,16
2020-09-03,Butte,007,227075,2597,2274,24,2298,27
2020-09-03,Calaveras,009,45235,284,238,0,238,1
2020-09-03,Colusa,011,21464,484,464,0,464,6
2020-09-03,Contra Costa,013,1133247,15195,14206,59,14265,159
2020-09-03,Del Norte,015,27424,118,109,0,109,2
2020-09-03,El Dorado,017,186661,1052,983,7,990,2
2020-09-03,Fresno,019,978130,28648,25978,314,26292,313
2020-09-03,Glenn,021,27897,503,460,0,460,3
2020-09-03,Humboldt,023,135768,436,390,1,391,4
2020-09-03,Imperial,025,180216,11385,10083,7,10090,255
2020-09-03,Inyo,027,18085,182,171,4,175,3
2020-09-03,Kern,029,883053,30364,29426,238,29664,340
2020-09-03,Kings,031,150075,6866,6200,31,6231,64
2020-09-03,Lake,033,64148,390,347,0,347,2
2020-09-03,Lassen,035,31185,732,707,2,709,0
2020-09-03,Los Angeles,037,10098052,249140,245026,1393,246419,5931
2020-09-03,Madera,039,155013,4064,3780,28,3808,43
2020-09-03,Marin,041,260295,6352,6175,15,6190,66
2020-09-03,Mariposa,043,17540,74,71,0,71,2
2020-09-03,Mendocino,045,87422,699,638,0,638,16
2020-09-03,Merced,047,269075,8369,8136,11,8147,105
2020-09-03,Modoc,049,8938,23,14,0,14,0
2020-09-03,Mono,051,14174,163,144,2,146,1
2020-09-03,Monterey,053,433212,8664,8128,22,8150,56
2020-09-03,Napa,055,140530,1542,1466,6,1472,10
2020-09-03,Nevada,057,99092,476,453,14,467,6
2020-09-03,Orange,059,3164182,51239,48226,1269,49495,1009
2020-09-03,Placer,061,380077,3278,3069,12,3081,34
2020-09-03,Plumas,063,18699,44,39,0,39,0
2020-09-03,Riverside,065,2383286,54809,53341,73,53414,1052
2020-09-03,Sacramento,067,1510023,19593,18553,17,18570,328
2020-09-03,San Benito,069,59416,1206,1121,0,1121,4
2020-09-03,San Bernardino,071,2135413,50295,48165,319,48484,800
2020-09-03,San Diego,073,3302833,41689,39448,583,40031,700
2020-09-03,San Francisco,075,870044,10074,9636,16,9652,84
2020-09-03,San Joaquin,077,732212,19045,18331,40,18371,371
2020-09-03,San Luis Obispo,079,281455,3282,3023,15,3038,21
2020-09-03,San Mateo,081,765935,8999,8211,10,8221,122
2020-09-03,Santa Barbara,083,443738,8516,8277,72,8349,96
2020-09-03,Santa Clara,085,1922200,19515,17879,38,17917,208
2020-09-03,Santa Cruz,087,273765,2020,1870,16,1886,7
2020-09-03,Shasta,089,179085,651,535,3,538,10
2020-09-03,Sierra,091,2930,6,6,0,6,0
2020-09-03,Siskiyou,093,43540,145,128,9,137,0
2020-09-03,Solano,095,438530,5715,5499,38,5537,36
2020-09-03,Sonoma,097,501317,6406,5997,20,6017,62
2020-09-03,Stanislaus,099,539301,15645,14985,387,15372,217
2020-09-03,Sutter,101,95872,1483,1412,1,1413,11
2020-09-03,Tehama,103,63373,456,436,2,438,1
2020-09-03,Trinity,105,12862,48,13,7,20,0
2020-09-03,Tulare,107,460477,15119,14408,59,14467,244
2020-09-03,Tuolumne,109,53932,217,193,4,197,1
2020-09-03,Ventura,111,848112,11845,11109,111,11220,112
2020-09-03,Yolo,113,214977,2623,2475,6,2481,53
2020-09-03,Yuba,115,75493,948,867,3,870,1
2020-09-02,Alameda,001,1643700,19580,18522,129,18651,260
2020-09-02,Alpine,003,1148,2,2,0,2,0
2020-09-02,Amador,005,37829,276,245,0,245,14
2020-09-02,Butte,007,227075,2551,2241,24,2265,27
2020-09-02,Calaveras,009,45235,283,235,0,235,1
2020-09-02,Colusa,011,21464,480,460,0,460,6
2020-09-02,Contra Costa,013,1133247,15106,14097,57,14154,159
2020-09-02,Del Norte,015,27424,117,109,0,109,2
2020-09-02,El Dorado,017,186661,1048,975,6,981,2
2020-09-02,Fresno,019,978130,28500,25785,311,26096,292
2020-09-02,Glenn,021,27897,498,457,0,457,3
2020-09-02,Humboldt,023,135768,433,381,1,382,4
2020-09-02,Imperial,025,180216,11369,9832,7,9839,255
2020-09-02,Inyo,027,18085,182,171,4,175,3
2020-09-02,Kern,029,883053,30272,29288,232,29520,335
2020-09-02,Kings,031,150075,6781,6142,31,6173,64
2020-09-02,Lake,033,64148,386,342,0,342,2
2020-09-02,Lassen,035,31185,730,706,2,708,0
2020-09-02,Los Angeles,037,10098052,248209,243999,1365,245364,5887
2020-09-02,Madera,039,155013,4044,3735,28,3763,41
2020-09-02,Marin,041,260295,6337,6131,15,6146,66
2020-09-02,Mariposa,043,17540,74,71,0,71,2
2020-09-02,Mendocino,045,87422,689,636,0,636,15
2020-09-02,Merced,047,269075,8338,8097,10,8107,103
2020-09-02,Modoc,049,8938,22,11,0,11,0
2020-09-02,Mono,051,14174,163,145,2,147,1
2020-09-02,Monterey,053,433212,8600,8070,22,8092,56
2020-09-02,Napa,055,140530,1530,1454,6,1460,10
2020-09-02,Nevada,057,99092,470,452,13,465,6
2020-09-02,Orange,059,3164182,51058,47871,1259,49130,994
2020-09-02,Placer,061,380077,3253,3047,11,3058,33
2020-09-02,Plumas,063,18699,44,39,0,39,0
2020-09-02,Riverside,065,2383286,54607,52923,70,52993,1032
2020-09-02,Sacramento,067,1510023,19360,18355,16,18371,316
2020-09-02,San Benito,069,59416,1193,1107,0,1107,4
2020-09-02,San Bernardino,071,2135413,50132,47766,316,48082,794
2020-09-02,San Diego,073,3302833,41369,39123,569,39692,695
2020-09-02,San Francisco,075,870044,10005,9587,16,9603,84
2020-09-02,San Joaquin,077,732212,18965,18194,39,18233,352
2020-09-02,San Luis Obispo,079,281455,3256,3002,14,3016,21
2020-09-02,San Mateo,081,765935,8942,8148,10,8158,122
2020-09-02,Santa Barbara,083,443738,8461,8206,71,8277,94
2020-09-02,Santa Clara,085,1922200,19361,17673,38,17711,206
2020-09-02,Santa Cruz,087,273765,1997,1850,16,1866,7
2020-09-02,Shasta,089,179085,650,531,3,534,10
2020-09-02,Sierra,091,2930,6,6,0,6,0
2020-09-02,Siskiyou,093,43540,144,127,9,136,0
2020-09-02,Solano,095,438530,5687,5463,38,5501,36
2020-09-02,Sonoma,097,501317,6344,5846,20,5866,62
2020-09-02,Stanislaus,099,539301,15575,14854,380,15234,220
2020-09-02,Sutter,101,95872,1468,1401,1,1402,10
2020-09-02,Tehama,103,63373,453,429,2,431,1
2020-09-02,Trinity,105,12862,48,13,7,20,0
2020-09-02,Tulare,107,460477,15052,14298,59,14357,244
2020-09-02,Tuolumne,109,53932,217,190,4,194,1
2020-09-02,Ventura,111,848112,11758,11031,110,11141,111
2020-09-02,Yolo,113,214977,2602,2449,6,2455,54
2020-09-02,Yuba,115,75493,941,856,3,859,1
2020-09-01,Alameda,001,1643700,19440,18382,126,18508,248
2020-09-01,Alpine,003,1148,2,2,0,2,0
2020-09-01,Amador,005,37829,275,244,0,244,13
2020-09-01,Butte,007,227075,2494,2146,24,2170,26
2020-09-01,Calaveras,009,45235,275,228,0,228,1
2020-09-01,Colusa,011,21464,476,454,0,454,6
2020-09-01,Contra Costa,013,1133247,15013,13998,55,14053,158
2020-09-01,Del Norte,015,27424,116,108,0,108,2
2020-09-01,El Dorado,017,186661,1040,972,6,978,2
2020-09-01,Fresno,019,978130,28353,25542,309,25851,290
2020-09-01,Glenn,021,27897,491,449,0,449,3
2020-09-01,Humboldt,023,135768,427,378,1,379,4
2020-09-01,Imperial,025,180216,11343,9782,7,9789,250
2020-09-01,Inyo,027,18085,182,171,4,175,3
2020-09-01,Kern,029,883053,30181,29162,227,29389,332
2020-09-01,Kings,031,150075,6750,6088,31,6119,62
2020-09-01,Lake,033,64148,383,341,0,341,2
2020-09-01,Lassen,035,31185,727,706,2,708,0
2020-09-01,Los Angeles,037,10098052,247118,242633,1342,243975,5832
2020-09-01,Madera,039,155013,4015,3703,27,3730,41
2020-09-01,Marin,041,260295,6322,6102,15,6117,67
2020-09-01,Mariposa,043,17540,73,72,0,72,2
2020-09-01,Mendocino,045,87422,674,626,0,626,15
2020-09-01,Merced,047,269075,8285,8046,9,8055,103
2020-09-01,Modoc,049,8938,20,10,0,10,0
2020-09-01,Mono,051,14174,163,145,2,147,1
2020-09-01,Monterey,053,433212,8494,7926,22,7948,56
2020-09-01,Napa,055,140530,1515,1446,6,1452,10
2020-09-01,Nevada,057,99092,464,450,13,463,6
2020-09-01,Orange,059,3164182,50894,47671,1240,48911,976
2020-09-01,Placer,061,380077,3231,3013,11,3024,33
2020-09-01,Plumas,063,18699,44,39,0,39,0
2020-09-01,Riverside,065,2383286,54390,52785,69,52854,1027
2020-09-01,Sacramento,067,1510023,19177,18217,15,18232,305
2020-09-01,San Benito,069,59416,1181,1089,0,1089,4
2020-09-01,San Bernardino,071,2135413,49925,47371,315,47686,786
2020-09-01,San Diego,073,3302833,41011,38873,531,39404,688
2020-09-01,San Francisco,075,870044,9936,9492,16,9508,83
2020-09-01,San Joaquin,077,732212,18883,17915,38,17953,341
2020-09-01,San Luis Obispo,079,281455,3230,2970,14,2984,21
2020-09-01,San Mateo,081,765935,8862,8132,10,8142,122
2020-09-01,Santa Barbara,083,443738,8411,8142,70,8212,93
2020-09-01,Santa Clara,085,1922200,19182,17319,38,17357,204
2020-09-01,Santa Cruz,087,273765,1973,1752,16,1768,7
2020-09-01,Shasta,089,179085,642,527,3,530,9
2020-09-01,Sierra,091,2930,6,6,0,6,0
2020-09-01,Siskiyou,093,43540,141,128,8,136,0
2020-09-01,Solano,095,438530,5661,5438,38,5476,34
2020-09-01,Sonoma,097,501317,6254,5733,20,5753,60
2020-09-01,Stanislaus,099,539301,15499,14784,370,15154,212
2020-09-01,Sutter,101,95872,1457,1389,1,1390,10
2020-09-01,Tehama,103,63373,449,422,2,424,1
2020-09-01,Trinity,105,12862,47,13,6,19,0
2020-09-01,Tulare,107,460477,14969,14156,59,14215,241
2020-09-01,Tuolumne,109,53932,211,183,4,187,1
2020-09-01,Ventura,111,848112,11680,10899,105,11004,108
2020-09-01,Yolo,113,214977,2585,2440,6,2446,51
2020-09-01,Yuba,115,75493,932,841,3,844,1
2020-08-31,Alameda,001,1643700,19295,18148,126,18274,248
2020-08-31,Alpine,003,1148,2,2,0,2,0
2020-08-31,Amador,005,37829,275,243,0,243,13
2020-08-31,Butte,007,227075,2430,2069,24,2093,26
2020-08-31,Calaveras,009,45235,270,212,0,212,1
2020-08-31,Colusa,011,21464,475,443,0,443,6
2020-08-31,Contra Costa,013,1133247,14886,13902,52,13954,153
2020-08-31,Del Norte,015,27424,116,108,0,108,2
2020-08-31,El Dorado,017,186661,1033,965,6,971,2
2020-08-31,Fresno,019,978130,28132,25185,303,25488,290
2020-08-31,Glenn,021,27897,479,437,0,437,3
2020-08-31,Humboldt,023,135768,425,374,1,375,4
2020-08-31,Imperial,025,180216,11312,9759,7,9766,250
2020-08-31,Inyo,027,18085,181,160,4,164,3
2020-08-31,Kern,029,883053,30083,29067,226,29293,318
2020-08-31,Kings,031,150075,6483,6037,31,6068,62
2020-08-31,Lake,033,64148,367,341,0,341,2
2020-08-31,Lassen,035,31185,724,706,2,708,0
2020-08-31,Los Angeles,037,10098052,246011,241793,1315,243108,5787
2020-08-31,Madera,039,155013,3992,3662,26,3688,35
2020-08-31,Marin,041,260295,6286,6074,15,6089,67
2020-08-31,Mariposa,043,17540,73,69,0,69,2
2020-08-31,Mendocino,045,87422,662,618,0,618,15
2020-08-31,Merced,047,269075,8223,7991,9,8000,79
2020-08-31,Modoc,049,8938,18,10,0,10,0
2020-08-31,Mono,051,14174,163,145,2,147,1
2020-08-31,Monterey,053,433212,8387,7839,22,7861,56
2020-08-31,Napa,055,140530,1507,1434,6,1440,10
2020-08-31,Nevada,057,99092,462,447,13,460,6
2020-08-31,Orange,059,3164182,50695,47392,1212,48604,965
2020-08-31,Placer,061,380077,3182,2989,11,3000,33
2020-08-31,Plumas,063,18699,43,39,0,39,0
2020-08-31,Riverside,065,2383286,54168,52508,67,52575,1020
2020-08-31,Sacramento,067,1510023,18940,17999,15,18014,303
2020-08-31,San Benito,069,59416,1165,1080,0,1080,4
2020-08-31,San Bernardino,071,2135413,49713,47370,314,47684,755
2020-08-31,San Diego,073,3302833,40644,38606,498,39104,682
2020-08-31,San Francisco,075,870044,9857,9293,13,9306,83
2020-08-31,San Joaquin,077,732212,18796,17807,37,17844,338
2020-08-31,San Luis Obispo,079,281455,3207,2951,13,2964,21
2020-08-31,San Mateo,081,765935,8792,8065,10,8075,122
2020-08-31,Santa Barbara,083,443738,8365,8124,70,8194,94
2020-08-31,Santa Clara,085,1922200,18993,17211,38,17249,202
2020-08-31,Santa Cruz,087,273765,1948,1742,16,1758,7
2020-08-31,Shasta,089,179085,637,528,3,531,9
2020-08-31,Sierra,091,2930,6,6,0,6,0
2020-08-31,Siskiyou,093,43540,140,127,8,135,0
2020-08-31,Solano,095,438530,5629,5302,37,5339,34
2020-08-31,Sonoma,097,501317,6179,5650,20,5670,60
2020-08-31,Stanislaus,099,539301,15424,14685,361,15046,213
2020-08-31,Sutter,101,95872,1442,1365,1,1366,10
2020-08-31,Tehama,103,63373,446,421,2,423,1
2020-08-31,Trinity,105,12862,47,13,6,19,0
2020-08-31,Tulare,107,460477,14882,13985,57,14042,237
2020-08-31,Tuolumne,109,53932,211,178,4,182,1
2020-08-31,Ventura,111,848112,11592,10866,104,10970,108
2020-08-31,Yolo,113,214977,2567,2423,5,2428,51
2020-08-31,Yuba,115,75493,918,830,3,833,1
2020-08-30,Alameda,001,1643700,19170,18099,124,18223,248
2020-08-30,Alpine,003,1148,2,2,0,2,0
2020-08-30,Amador,005,37829,274,240,0,240,13
2020-08-30,Butte,007,227075,2349,1988,24,2012,26
2020-08-30,Calaveras,009,45235,261,211,0,211,1
2020-08-30,Colusa,011,21464,474,440,0,440,6
2020-08-30,Contra Costa,013,1133247,14749,13780,52,13832,150
2020-08-30,Del Norte,015,27424,115,108,0,108,2
2020-08-30,El Dorado,017,186661,1023,962,6,968,2
2020-08-30,Fresno,019,978130,28006,24963,302,25265,291
2020-08-30,Glenn,021,27897,472,437,0,437,3
2020-08-30,Humboldt,023,135768,414,362,1,363,4
2020-08-30,Imperial,025,180216,11294,9703,7,9710,250
2020-08-30,Inyo,027,18085,181,160,4,164,3
2020-08-30,Kern,029,883053,29990,28987,226,29213,317
2020-08-30,Kings,031,150075,6437,6000,31,6031,62
2020-08-30,Lake,033,64148,362,334,0,334,2
2020-08-30,Lassen,035,31185,722,706,2,708,0
2020-08-30,Los Angeles,037,10098052,244874,240775,1283,242058,5772
2020-08-30,Madera,039,155013,3963,3626,26,3652,33
2020-08-30,Marin,041,260295,6256,6060,15,6075,66
2020-08-30,Mariposa,043,17540,73,69,0,69,2
2020-08-30,Mendocino,045,87422,656,611,0,611,13
2020-08-30,Merced,047,269075,8148,7960,9,7969,79
2020-08-30,Modoc,049,8938,13,10,0,10,0
2020-08-30,Mono,051,14174,163,145,2,147,1
2020-08-30,Monterey,053,433212,8303,7816,22,7838,54
2020-08-30,Napa,055,140530,1495,1423,6,1429,10
2020-08-30,Nevada,057,99092,459,445,13,458,6
2020-08-30,Orange,059,3164182,50499,47283,1198,48481,965
2020-08-30,Placer,061,380077,3149,2961,11,2972,32
2020-08-30,Plumas,063,18699,42,39,0,39,0
2020-08-30,Riverside,065,2383286,53989,52227,66,52293,1017
2020-08-30,Sacramento,067,1510023,18762,17751,15,17766,300
2020-08-30,San Benito,069,59416,1155,1071,0,1071,4
2020-08-30,San Bernardino,071,2135413,49456,47201,314,47515,755
2020-08-30,San Diego,073,3302833,40246,38302,477,38779,682
2020-08-30,San Francisco,075,870044,9760,9294,10,9304,83
2020-08-30,San Joaquin,077,732212,18679,17637,36,17673,338
2020-08-30,San Luis Obispo,079,281455,3182,2934,13,2947,21
2020-08-30,San Mateo,081,765935,8715,8013,10,8023,122
2020-08-30,Santa Barbara,083,443738,8305,8088,70,8158,93
2020-08-30,Santa Clara,085,1922200,18817,17045,38,17083,202
2020-08-30,Santa Cruz,087,273765,1922,1743,16,1759,7
2020-08-30,Shasta,089,179085,634,525,3,528,9
2020-08-30,Sierra,091,2930,6,6,0,6,0
2020-08-30,Siskiyou,093,43540,138,125,8,133,0
2020-08-30,Solano,095,438530,5585,5303,37,5340,34
2020-08-30,Sonoma,097,501317,6119,5590,20,5610,60
2020-08-30,Stanislaus,099,539301,15352,14580,352,14932,209
2020-08-30,Sutter,101,95872,1421,1351,1,1352,10
2020-08-30,Tehama,103,63373,437,419,2,421,1
2020-08-30,Trinity,105,12862,47,13,6,19,0
2020-08-30,Tulare,107,460477,14787,13985,56,14041,236
2020-08-30,Tuolumne,109,53932,207,178,4,182,1
2020-08-30,Ventura,111,848112,11479,10775,99,10874,108
2020-08-30,Yolo,113,214977,2539,2391,4,2395,51
2020-08-30,Yuba,115,75493,904,832,3,835,1
2020-08-29,Alameda,001,1643700,19103,17888,124,18012,250
2020-08-29,Alpine,003,1148,2,2,0,2,0
2020-08-29,Amador,005,37829,274,239,0,239,13
2020-08-29,Butte,007,227075,2318,1948,24,1972,26
2020-08-29,Calaveras,009,45235,257,211,0,211,1
2020-08-29,Colusa,011,21464,471,440,0,440,6
2020-08-29,Contra Costa,013,1133247,14676,13663,51,13714,159
2020-08-29,Del Norte,015,27424,115,108,0,108,1
2020-08-29,El Dorado,017,186661,1020,958,6,964,2
2020-08-29,Fresno,019,978130,27951,24821,302,25123,291
2020-08-29,Glenn,021,27897,466,437,0,437,3
2020-08-29,Humboldt,023,135768,411,363,1,364,4
2020-08-29,Imperial,025,180216,11279,9698,7,9705,250
2020-08-29,Inyo,027,18085,181,160,4,164,3
2020-08-29,Kern,029,883053,29949,28947,225,29172,317
2020-08-29,Kings,031,150075,6422,5906,31,5937,62
2020-08-29,Lake,033,64148,361,329,0,329,2
2020-08-29,Lassen,035,31185,722,706,2,708,0
2020-08-29,Los Angeles,037,10098052,244246,239815,1270,241085,5762
2020-08-29,Madera,039,155013,3954,3605,25,3630,33
2020-08-29,Marin,041,260295,6244,6007,15,6022,64
2020-08-29,Mariposa,043,17540,73,69,0,69,2
2020-08-29,Mendocino,045,87422,652,596,0,596,13
2020-08-29,Merced,047,269075,8118,7867,9,7876,79
2020-08-29,Modoc,049,8938,13,9,0,9,0
2020-08-29,Mono,051,14174,163,145,2,147,1
2020-08-29,Monterey,053,433212,8258,7680,22,7702,53
2020-08-29,Napa,055,140530,1492,1413,6,1419,10
2020-08-29,Nevada,057,99092,459,442,13,455,5
2020-08-29,Orange,059,3164182,50388,47007,1188,48195,960
2020-08-29,Placer,061,380077,3132,2935,11,2946,32
2020-08-29,Plumas,063,18699,41,39,0,39,0
2020-08-29,Riverside,065,2383286,53877,51918,64,51982,1016
2020-08-29,Sacramento,067,1510023,18690,17588,15,17603,291
2020-08-29,San Benito,069,59416,1146,1045,0,1045,4
2020-08-29,San Bernardino,071,2135413,49341,46849,314,47163,755
2020-08-29,San Diego,073,3302833,39980,38049,459,38508,694
2020-08-29,San Francisco,075,870044,9732,9291,9,9300,83
2020-08-29,San Joaquin,077,732212,18635,17493,36,17529,335
2020-08-29,San Luis Obispo,079,281455,3157,2917,13,2930,21
2020-08-29,San Mateo,081,765935,8673,7928,10,7938,122
2020-08-29,Santa Barbara,083,443738,8279,8052,69,8121,93
2020-08-29,Santa Clara,085,1922200,18720,16898,37,16935,202
2020-08-29,Santa Cruz,087,273765,1910,1746,16,1762,7
2020-08-29,Shasta,089,179085,626,522,3,525,9
2020-08-29,Sierra,091,2930,6,6,0,6,0
2020-08-29,Siskiyou,093,43540,138,121,8,129,0
2020-08-29,Solano,095,438530,5564,5303,37,5340,34
2020-08-29,Sonoma,097,501317,6084,5537,20,5557,60
2020-08-29,Stanislaus,099,539301,15303,14479,342,14821,208
2020-08-29,Sutter,101,95872,1416,1333,1,1334,9
2020-08-29,Tehama,103,63373,436,417,2,419,1
2020-08-29,Trinity,105,12862,46,11,6,17,0
2020-08-29,Tulare,107,460477,14749,13890,55,13945,236
2020-08-29,Tuolumne,109,53932,207,178,4,182,1
2020-08-29,Ventura,111,848112,11437,10705,99,10804,108
2020-08-29,Yolo,113,214977,2521,2357,4,2361,51
2020-08-29,Yuba,115,75493,895,822,3,825,1
2020-08-28,Alameda,001,1643700,19020,17729,123,17852,237
2020-08-28,Alpine,003,1148,2,2,0,2,0
2020-08-28,Amador,005,37829,274,234,0,234,13
2020-08-28,Butte,007,227075,2288,1886,24,1910,25
2020-08-28,Calaveras,009,45235,255,207,0,207,1
2020-08-28,Colusa,011,21464,470,441,0,441,6
2020-08-28,Contra Costa,013,1133247,14605,13522,50,13572,158
2020-08-28,Del Norte,015,27424,115,107,0,107,1
2020-08-28,El Dorado,017,186661,1014,949,6,955,2
2020-08-28,Fresno,019,978130,27817,24612,302,24914,282
2020-08-28,Glenn,021,27897,459,429,0,429,3
2020-08-28,Humboldt,023,135768,407,362,1,363,4
2020-08-28,Imperial,025,180216,11265,9656,7,9663,241
2020-08-28,Inyo,027,18085,180,160,4,164,2
2020-08-28,Kern,029,883053,29901,28744,225,28969,306
2020-08-28,Kings,031,150075,6415,5829,30,5859,62
2020-08-28,Lake,033,64148,356,320,0,320,2
2020-08-28,Lassen,035,31185,722,704,2,706,0
2020-08-28,Los Angeles,037,10098052,243434,238544,1245,239789,5740
2020-08-28,Madera,039,155013,3935,3552,25,3577,33
2020-08-28,Marin,041,260295,6222,5991,15,6006,63
2020-08-28,Mariposa,043,17540,73,67,0,67,2
2020-08-28,Mendocino,045,87422,647,588,0,588,11
2020-08-28,Merced,047,269075,8088,7803,9,7812,77
2020-08-28,Modoc,049,8938,13,6,0,6,0
2020-08-28,Mono,051,14174,163,145,2,147,1
2020-08-28,Monterey,053,433212,8201,7591,22,7613,53
2020-08-28,Napa,055,140530,1484,1403,5,1408,10
2020-08-28,Nevada,057,99092,458,438,13,451,5
2020-08-28,Orange,059,3164182,50288,46696,1173,47869,942
2020-08-28,Placer,061,380077,3121,2891,11,2902,32
2020-08-28,Plumas,063,18699,41,39,0,39,0
2020-08-28,Riverside,065,2383286,53746,51510,60,51570,1008
2020-08-28,Sacramento,067,1510023,18593,17119,15,17134,283
2020-08-28,San Benito,069,59416,1130,1016,0,1016,3
2020-08-28,San Bernardino,071,2135413,49222,46553,310,46863,754
2020-08-28,San Diego,073,3302833,39750,37786,444,38230,676
2020-08-28,San Francisco,075,870044,9680,9135,9,9144,83
2020-08-28,San Joaquin,077,732212,18582,17114,35,17149,314
2020-08-28,San Luis Obispo,079,281455,3140,2849,13,2862,20
2020-08-28,San Mateo,081,765935,8627,7783,9,7792,121
2020-08-28,Santa Barbara,083,443738,8247,8001,69,8070,92
2020-08-28,Santa Clara,085,1922200,18589,16696,37,16733,201
2020-08-28,Santa Cruz,087,273765,1898,1747,16,1763,7
2020-08-28,Shasta,089,179085,622,516,3,519,9
2020-08-28,Sierra,091,2930,6,6,0,6,0
2020-08-28,Siskiyou,093,43540,136,119,8,127,0
2020-08-28,Solano,095,438530,5545,5219,37,5256,34
2020-08-28,Sonoma,097,501317,6049,5425,19,5444,58
2020-08-28,Stanislaus,099,539301,15261,14176,338,14514,190
2020-08-28,Sutter,101,95872,1406,1308,1,1309,9
2020-08-28,Tehama,103,63373,431,410,2,412,1
2020-08-28,Trinity,105,12862,46,11,6,17,0
2020-08-28,Tulare,107,460477,14704,13776,55,13831,236
2020-08-28,Tuolumne,109,53932,207,176,4,180,1
2020-08-28,Ventura,111,848112,11401,10606,97,10703,103
2020-08-28,Yolo,113,214977,2512,2323,4,2327,51
2020-08-28,Yuba,115,75493,886,810,3,813,1
2020-08-27,Alameda,001,1643700,18875,17584,120,17704,234
2020-08-27,Alpine,003,1148,2,2,0,2,0
2020-08-27,Amador,005,37829,273,233,0,233,13
2020-08-27,Butte,007,227075,2222,1803,23,1826,25
2020-08-27,Calaveras,009,45235,249,204,0,204,1
2020-08-27,Colusa,011,21464,468,438,0,438,6
2020-08-27,Contra Costa,013,1133247,14504,13379,49,13428,158
2020-08-27,Del Norte,015,27424,115,107,0,107,1
2020-08-27,El Dorado,017,186661,1010,942,6,948,2
2020-08-27,Fresno,019,978130,27635,24367,297,24664,272
2020-08-27,Glenn,021,27897,451,429,0,429,3
2020-08-27,Humboldt,023,135768,399,358,1,359,4
2020-08-27,Imperial,025,180216,11238,9608,7,9615,235
2020-08-27,Inyo,027,18085,180,157,3,160,2
2020-08-27,Kern,029,883053,29829,28635,216,28851,294
2020-08-27,Kings,031,150075,6393,5759,30,5789,62
2020-08-27,Lake,033,64148,354,314,0,314,2
2020-08-27,Lassen,035,31185,722,703,2,705,0
2020-08-27,Los Angeles,037,10098052,242432,237103,1230,238333,5704
2020-08-27,Madera,039,155013,3909,3465,25,3490,33
2020-08-27,Marin,041,260295,6198,5929,15,5944,62
2020-08-27,Mariposa,043,17540,73,67,0,67,2
2020-08-27,Mendocino,045,87422,638,581,0,581,10
2020-08-27,Merced,047,269075,8044,7765,9,7774,75
2020-08-27,Modoc,049,8938,11,5,0,5,0
2020-08-27,Mono,051,14174,163,145,2,147,1
2020-08-27,Monterey,053,433212,8107,7501,22,7523,52
2020-08-27,Napa,055,140530,1478,1397,5,1402,10
2020-08-27,Nevada,057,99092,455,435,13,448,5
2020-08-27,Orange,059,3164182,50131,46449,1162,47611,935
2020-08-27,Placer,061,380077,3090,2869,11,2880,32
2020-08-27,Plumas,063,18699,40,39,0,39,0
2020-08-27,Riverside,065,2383286,53537,51306,57,51363,999
2020-08-27,Sacramento,067,1510023,18395,16875,15,16890,281
2020-08-27,San Benito,069,59416,1114,987,0,987,3
2020-08-27,San Bernardino,071,2135413,48997,46345,304,46649,751
2020-08-27,San Diego,073,3302833,39479,37501,424,37925,673
2020-08-27,San Francisco,075,870044,9614,9014,9,9023,83
2020-08-27,San Joaquin,077,732212,18502,16989,35,17024,314
2020-08-27,San Luis Obispo,079,281455,3115,2808,13,2821,20
2020-08-27,San Mateo,081,765935,8518,7728,9,7737,121
2020-08-27,Santa Barbara,083,443738,8209,7934,69,8003,92
2020-08-27,Santa Clara,085,1922200,18406,16495,37,16532,199
2020-08-27,Santa Cruz,087,273765,1881,1734,16,1750,7
2020-08-27,Shasta,089,179085,616,512,3,515,9
2020-08-27,Sierra,091,2930,6,6,0,6,0
2020-08-27,Siskiyou,093,43540,136,118,8,126,0
2020-08-27,Solano,095,438530,5507,5167,37,5204,34
2020-08-27,Sonoma,097,501317,5938,5357,19,5376,58
2020-08-27,Stanislaus,099,539301,15180,14080,335,14415,186
2020-08-27,Sutter,101,95872,1386,1296,1,1297,9
2020-08-27,Tehama,103,63373,427,398,2,400,1
2020-08-27,Trinity,105,12862,46,11,6,17,0
2020-08-27,Tulare,107,460477,14613,13666,55,13721,231
2020-08-27,Tuolumne,109,53932,202,174,4,178,1
2020-08-27,Ventura,111,848112,11338,10483,93,10576,102
2020-08-27,Yolo,113,214977,2488,2293,4,2297,51
2020-08-27,Yuba,115,75493,875,807,3,810,1
2020-08-26,Alameda,001,1643700,18713,17373,120,17493,233
2020-08-26,Alpine,003,1148,2,2,0,2,0
2020-08-26,Amador,005,37829,273,229,0,229,13
2020-08-26,Butte,007,227075,2154,1765,21,1786,25
2020-08-26,Calaveras,009,45235,242,201,0,201,1
2020-08-26,Colusa,011,21464,462,433,0,433,5
2020-08-26,Contra Costa,013,1133247,14367,13248,49,13297,157
2020-08-26,Del Norte,015,27424,114,86,0,86,1
2020-08-26,El Dorado,017,186661,1008,938,6,944,2
2020-08-26,Fresno,019,978130,27487,24071,295,24366,255
2020-08-26,Glenn,021,27897,449,429,0,429,3
2020-08-26,Humboldt,023,135768,387,357,1,358,4
2020-08-26,Imperial,025,180216,11216,9453,7,9460,227
2020-08-26,Inyo,027,18085,177,157,3,160,2
2020-08-26,Kern,029,883053,29690,28507,213,28720,286
2020-08-26,Kings,031,150075,6372,5720,30,5750,62
2020-08-26,Lake,033,64148,349,308,0,308,2
2020-08-26,Lassen,035,31185,722,702,2,704,0
2020-08-26,Los Angeles,037,10098052,241420,235499,1200,236699,5665
2020-08-26,Madera,039,155013,3880,3458,25,3483,32
2020-08-26,Marin,041,260295,6181,5887,15,5902,56
2020-08-26,Mariposa,043,17540,73,68,0,68,2
2020-08-26,Mendocino,045,87422,627,581,0,581,10
2020-08-26,Merced,047,269075,8011,7720,9,7729,74
2020-08-26,Modoc,049,8938,8,5,0,5,0
2020-08-26,Mono,051,14174,163,141,2,143,1
2020-08-26,Monterey,053,433212,8014,7439,22,7461,51
2020-08-26,Napa,055,140530,1465,1382,5,1387,10
2020-08-26,Nevada,057,99092,452,432,13,445,2
2020-08-26,Orange,059,3164182,49947,46157,1146,47303,905
2020-08-26,Placer,061,380077,3068,2846,9,2855,32
2020-08-26,Plumas,063,18699,39,39,0,39,0
2020-08-26,Riverside,065,2383286,53296,51138,57,51195,987
2020-08-26,Sacramento,067,1510023,18232,16708,15,16723,271
2020-08-26,San Benito,069,59416,1099,978,0,978,3
2020-08-26,San Bernardino,071,2135413,48789,45840,300,46140,743
2020-08-26,San Diego,073,3302833,39141,37224,397,37621,668
2020-08-26,San Francisco,075,870044,9540,8938,9,8947,81
2020-08-26,San Joaquin,077,732212,18413,16845,34,16879,309
2020-08-26,San Luis Obispo,079,281455,3087,2761,13,2774,20
2020-08-26,San Mateo,081,765935,8451,7655,9,7664,121
2020-08-26,Santa Barbara,083,443738,8175,7904,69,7973,90
2020-08-26,Santa Clara,085,1922200,18230,16283,37,16320,198
2020-08-26,Santa Cruz,087,273765,1870,1726,16,1742,7
2020-08-26,Shasta,089,179085,611,511,3,514,9
2020-08-26,Sierra,091,2930,6,6,0,6,0
2020-08-26,Siskiyou,093,43540,133,109,8,117,0
2020-08-26,Solano,095,438530,5483,5131,36,5167,34
2020-08-26,Sonoma,097,501317,5865,5283,19,5302,58
2020-08-26,Stanislaus,099,539301,15103,13964,329,14293,186
2020-08-26,Sutter,101,95872,1368,1275,1,1276,9
2020-08-26,Tehama,103,63373,424,396,2,398,1
2020-08-26,Trinity,105,12862,45,10,6,16,0
2020-08-26,Tulare,107,460477,14546,13568,55,13623,232
2020-08-26,Tuolumne,109,53932,201,172,4,176,1
2020-08-26,Ventura,111,848112,11266,10412,86,10498,100
2020-08-26,Yolo,113,214977,2466,2279,4,2283,49
2020-08-26,Yuba,115,75493,860,779,3,782,1
2020-08-25,Alameda,001,1643700,18556,17278,120,17398,232
2020-08-25,Alpine,003,1148,2,2,0,2,0
2020-08-25,Amador,005,37829,273,227,0,227,13
2020-08-25,Butte,007,227075,2087,1718,21,1739,24
2020-08-25,Calaveras,009,45235,240,196,0,196,1
2020-08-25,Colusa,011,21464,455,430,0,430,5
2020-08-25,Contra Costa,013,1133247,14229,13181,48,13229,156
2020-08-25,Del Norte,015,27424,113,83,0,83,1
2020-08-25,El Dorado,017,186661,1005,928,6,934,2
2020-08-25,Fresno,019,978130,27299,23932,294,24226,250
2020-08-25,Glenn,021,27897,446,429,0,429,3
2020-08-25,Humboldt,023,135768,382,342,1,343,4
2020-08-25,Imperial,025,180216,11188,9381,7,9388,217
2020-08-25,Inyo,027,18085,175,144,3,147,1
2020-08-25,Kern,029,883053,29553,28416,213,28629,285
2020-08-25,Kings,031,150075,6215,5702,30,5732,59
2020-08-25,Lake,033,64148,344,304,0,304,2
2020-08-25,Lassen,035,31185,721,692,2,694,0
2020-08-25,Los Angeles,037,10098052,240121,233961,1151,235112,5612
2020-08-25,Madera,039,155013,3865,3446,24,3470,32
2020-08-25,Marin,041,260295,6143,5860,15,5875,56
2020-08-25,Mariposa,043,17540,73,67,0,67,2
2020-08-25,Mendocino,045,87422,619,571,0,571,10
2020-08-25,Merced,047,269075,7944,7693,8,7701,69
2020-08-25,Modoc,049,8938,8,5,0,5,0
2020-08-25,Mono,051,14174,163,129,2,131,1
2020-08-25,Monterey,053,433212,7934,7333,22,7355,51
2020-08-25,Napa,055,140530,1458,1374,5,1379,10
2020-08-25,Nevada,057,99092,448,430,13,443,2
2020-08-25,Orange,059,3164182,49753,45737,1130,46867,902
2020-08-25,Placer,061,380077,3049,2829,6,2835,31
2020-08-25,Plumas,063,18699,39,39,0,39,0
2020-08-25,Riverside,065,2383286,53064,50889,57,50946,981
2020-08-25,Sacramento,067,1510023,18079,16601,15,16616,265
2020-08-25,San Benito,069,59416,1083,973,0,973,3
2020-08-25,San Bernardino,071,2135413,48554,45544,297,45841,727
2020-08-25,San Diego,073,3302833,38862,36996,375,37371,665
2020-08-25,San Francisco,075,870044,9463,8848,9,8857,81
2020-08-25,San Joaquin,077,732212,18286,16795,34,16829,306
2020-08-25,San Luis Obispo,079,281455,3028,2731,12,2743,20
2020-08-25,San Mateo,081,765935,8391,7636,8,7644,120
2020-08-25,Santa Barbara,083,443738,8123,7854,69,7923,90
2020-08-25,Santa Clara,085,1922200,18058,16199,37,16236,194
2020-08-25,Santa Cruz,087,273765,1851,1708,16,1724,7
2020-08-25,Shasta,089,179085,607,511,3,514,9
2020-08-25,Sierra,091,2930,6,6,0,6,0
2020-08-25,Siskiyou,093,43540,132,109,8,117,0
2020-08-25,Solano,095,438530,5422,5114,36,5150,34
2020-08-25,Sonoma,097,501317,5779,5148,19,5167,56
2020-08-25,Stanislaus,099,539301,14995,13886,318,14204,182
2020-08-25,Sutter,101,95872,1351,1259,1,1260,9
2020-08-25,Tehama,103,63373,421,394,2,396,1
2020-08-25,Trinity,105,12862,44,10,6,16,0
2020-08-25,Tulare,107,460477,14442,13514,54,13568,224
2020-08-25,Tuolumne,109,53932,199,172,4,176,1
2020-08-25,Ventura,111,848112,11181,10313,81,10394,99
2020-08-25,Yolo,113,214977,2453,2254,4,2258,50
2020-08-25,Yuba,115,75493,850,775,3,778,1
2020-08-24,Alameda,001,1643700,18361,16913,119,17032,231
2020-08-24,Alpine,003,1148,2,2,0,2,0
2020-08-24,Amador,005,37829,271,227,0,227,13
2020-08-24,Butte,007,227075,2003,1649,21,1670,23
2020-08-24,Calaveras,009,45235,231,187,0,187,1
2020-08-24,Colusa,011,21464,451,425,0,425,5
2020-08-24,Contra Costa,013,1133247,14113,12906,46,12952,153
2020-08-24,Del Norte,015,27424,113,80,0,80,1
2020-08-24,El Dorado,017,186661,997,908,6,914,2
2020-08-24,Fresno,019,978130,27111,23618,287,23905,235
2020-08-24,Glenn,021,27897,444,421,0,421,2
2020-08-24,Humboldt,023,135768,378,340,1,341,4
2020-08-24,Imperial,025,180216,11155,9323,7,9330,210
2020-08-24,Inyo,027,18085,171,144,3,147,2
2020-08-24,Kern,029,883053,29455,28157,207,28364,277
2020-08-24,Kings,031,150075,6127,5652,30,5682,60
2020-08-24,Lake,033,64148,329,302,0,302,2
2020-08-24,Lassen,035,31185,721,693,2,695,0
2020-08-24,Los Angeles,037,10098052,238759,233036,1133,234169,5562
2020-08-24,Madera,039,155013,3838,3418,24,3442,32
2020-08-24,Marin,041,260295,6080,5834,15,5849,56
2020-08-24,Mariposa,043,17540,71,66,0,66,2
2020-08-24,Mendocino,045,87422,604,550,0,550,10
2020-08-24,Merced,047,269075,7866,7605,8,7613,69
2020-08-24,Modoc,049,8938,8,5,0,5,0
2020-08-24,Mono,051,14174,163,129,2,131,1
2020-08-24,Monterey,053,433212,7825,7212,21,7233,50
2020-08-24,Napa,055,140530,1445,1358,5,1363,10
2020-08-24,Nevada,057,99092,443,423,13,436,2
2020-08-24,Orange,059,3164182,49560,45536,1121,46657,887
2020-08-24,Placer,061,380077,3003,2793,6,2799,31
2020-08-24,Plumas,063,18699,39,37,0,37,0
2020-08-24,Riverside,065,2383286,52786,50496,57,50553,975
2020-08-24,Sacramento,067,1510023,17882,16318,15,16333,249
2020-08-24,San Benito,069,59416,1062,961,0,961,3
2020-08-24,San Bernardino,071,2135413,48291,45199,295,45494,720
2020-08-24,San Diego,073,3302833,38574,36729,347,37076,660
2020-08-24,San Francisco,075,870044,9380,8621,9,8630,81
2020-08-24,San Joaquin,077,732212,18145,16565,33,16598,305
2020-08-24,San Luis Obispo,079,281455,3000,2705,12,2717,20
2020-08-24,San Mateo,081,765935,8324,7502,8,7510,120
2020-08-24,Santa Barbara,083,443738,8082,7784,69,7853,90
2020-08-24,Santa Clara,085,1922200,17854,16049,37,16086,192
2020-08-24,Santa Cruz,087,273765,1831,1627,15,1642,6
2020-08-24,Shasta,089,179085,605,505,3,508,9
2020-08-24,Sierra,091,2930,6,6,0,6,0
2020-08-24,Siskiyou,093,43540,128,107,8,115,0
2020-08-24,Solano,095,438530,5373,4979,34,5013,32
2020-08-24,Sonoma,097,501317,5677,5071,19,5090,56
2020-08-24,Stanislaus,099,539301,14897,13521,304,13825,171
2020-08-24,Sutter,101,95872,1332,1219,1,1220,9
2020-08-24,Tehama,103,63373,416,388,2,390,1
2020-08-24,Trinity,105,12862,44,10,6,16,0
2020-08-24,Tulare,107,460477,14335,13360,53,13413,223
2020-08-24,Tuolumne,109,53932,198,170,4,174,1
2020-08-24,Ventura,111,848112,11101,10261,77,10338,99
2020-08-24,Yolo,113,214977,2419,2239,4,2243,47
2020-08-24,Yuba,115,75493,833,750,3,753,1
2020-08-23,Alameda,001,1643700,18139,16786,118,16904,231
2020-08-23,Alpine,003,1148,2,2,0,2,0
2020-08-23,Amador,005,37829,268,227,0,227,13
2020-08-23,Butte,007,227075,1888,1637,21,1658,23
2020-08-23,Calaveras,009,45235,222,187,0,187,1
2020-08-23,Colusa,011,21464,444,424,0,424,5
2020-08-23,Contra Costa,013,1133247,13952,12642,46,12688,153
2020-08-23,Del Norte,015,27424,113,80,0,80,1
2020-08-23,El Dorado,017,186661,984,901,6,907,2
2020-08-23,Fresno,019,978130,26906,23414,284,23698,235
2020-08-23,Glenn,021,27897,437,421,0,421,2
2020-08-23,Humboldt,023,135768,376,341,1,342,4
2020-08-23,Imperial,025,180216,11126,9243,7,9250,210
2020-08-23,Inyo,027,18085,168,144,3,147,2
2020-08-23,Kern,029,883053,29306,28028,202,28230,277
2020-08-23,Kings,031,150075,6084,5628,30,5658,60
2020-08-23,Lake,033,64148,325,299,0,299,2
2020-08-23,Lassen,035,31185,720,693,2,695,0
2020-08-23,Los Angeles,037,10098052,237161,231833,1065,232898,5549
2020-08-23,Madera,039,155013,3807,3401,23,3424,32
2020-08-23,Marin,041,260295,6041,5807,14,5821,50
2020-08-23,Mariposa,043,17540,71,66,0,66,2
2020-08-23,Mendocino,045,87422,600,550,0,550,10
2020-08-23,Merced,047,269075,7797,7574,7,7581,69
2020-08-23,Modoc,049,8938,7,5,0,5,0
2020-08-23,Mono,051,14174,163,129,2,131,1
2020-08-23,Monterey,053,433212,7735,7173,21,7194,50
2020-08-23,Napa,055,140530,1433,1348,5,1353,10
2020-08-23,Nevada,057,99092,438,421,13,434,2
2020-08-23,Orange,059,3164182,49322,45267,1109,46376,887
2020-08-23,Placer,061,380077,2964,2772,6,2778,31
2020-08-23,Plumas,063,18699,39,37,0,37,0
2020-08-23,Riverside,065,2383286,52516,50293,55,50348,955
2020-08-23,Sacramento,067,1510023,17658,16084,14,16098,243
2020-08-23,San Benito,069,59416,1049,938,0,938,3
2020-08-23,San Bernardino,071,2135413,48023,45010,285,45295,719
2020-08-23,San Diego,073,3302833,38253,36542,320,36862,660
2020-08-23,San Francisco,075,870044,9285,8564,8,8572,80
2020-08-23,San Joaquin,077,732212,18012,16069,32,16101,305
2020-08-23,San Luis Obispo,079,281455,2958,2679,12,2691,20
2020-08-23,San Mateo,081,765935,8229,7450,8,7458,120
2020-08-23,Santa Barbara,083,443738,8014,7725,69,7794,90
2020-08-23,Santa Clara,085,1922200,17659,15912,35,15947,191
2020-08-23,Santa Cruz,087,273765,1805,1627,15,1642,6
2020-08-23,Shasta,089,179085,600,501,3,504,9
2020-08-23,Sierra,091,2930,6,6,0,6,0
2020-08-23,Siskiyou,093,43540,123,107,8,115,0
2020-08-23,Solano,095,438530,5315,4977,32,5009,32
2020-08-23,Sonoma,097,501317,5589,5018,19,5037,56
2020-08-23,Stanislaus,099,539301,14762,13483,281,13764,171
2020-08-23,Sutter,101,95872,1310,1203,1,1204,9
2020-08-23,Tehama,103,63373,406,381,2,383,1
2020-08-23,Trinity,105,12862,44,10,6,16,0
2020-08-23,Tulare,107,460477,14203,13303,50,13353,223
2020-08-23,Tuolumne,109,53932,195,164,4,168,1
2020-08-23,Ventura,111,848112,11000,10126,73,10199,99
2020-08-23,Yolo,113,214977,2391,2210,4,2214,47
2020-08-23,Yuba,115,75493,812,750,3,753,1
2020-08-22,Alameda,001,1643700,18045,16648,117,16765,231
2020-08-22,Alpine,003,1148,2,2,0,2,0
2020-08-22,Amador,005,37829,267,224,0,224,13
2020-08-22,Butte,007,227075,1837,1618,21,1639,22
2020-08-22,Calaveras,009,45235,218,187,0,187,1
2020-08-22,Colusa,011,21464,440,419,0,419,5
2020-08-22,Contra Costa,013,1133247,13865,12522,46,12568,153
2020-08-22,Del Norte,015,27424,112,80,0,80,1
2020-08-22,El Dorado,017,186661,982,900,6,906,2
2020-08-22,Fresno,019,978130,26809,23197,283,23480,235
2020-08-22,Glenn,021,27897,436,421,0,421,2
2020-08-22,Humboldt,023,135768,366,334,1,335,4
2020-08-22,Imperial,025,180216,11118,9244,7,9251,210
2020-08-22,Inyo,027,18085,168,144,3,147,1
2020-08-22,Kern,029,883053,29252,27807,202,28009,277
2020-08-22,Kings,031,150075,6075,5447,30,5477,60
2020-08-22,Lake,033,64148,323,291,0,291,2
2020-08-22,Lassen,035,31185,720,693,2,695,0
2020-08-22,Los Angeles,037,10098052,236502,230858,1048,231906,5540
2020-08-22,Madera,039,155013,3788,3330,23,3353,32
2020-08-22,Marin,041,260295,6029,5789,14,5803,49
2020-08-22,Mariposa,043,17540,71,66,0,66,2
2020-08-22,Mendocino,045,87422,597,529,0,529,10
2020-08-22,Merced,047,269075,7769,7493,7,7500,69
2020-08-22,Modoc,049,8938,7,5,0,5,0
2020-08-22,Mono,051,14174,163,129,2,131,1
2020-08-22,Monterey,053,433212,7687,7081,21,7102,50
2020-08-22,Napa,055,140530,1428,1328,5,1333,11
2020-08-22,Nevada,057,99092,438,411,13,424,2
2020-08-22,Orange,059,3164182,49181,45131,1103,46234,885
2020-08-22,Placer,061,380077,2950,2734,6,2740,30
2020-08-22,Plumas,063,18699,39,37,0,37,0
2020-08-22,Riverside,065,2383286,52368,49944,54,49998,953
2020-08-22,Sacramento,067,1510023,17546,15516,14,15530,239
2020-08-22,San Benito,069,59416,1033,912,0,912,3
2020-08-22,San Bernardino,071,2135413,47894,44803,281,45084,719
2020-08-22,San Diego,073,3302833,38070,36205,309,36514,673
2020-08-22,San Francisco,075,870044,9225,8568,8,8576,80
2020-08-22,San Joaquin,077,732212,17956,16068,32,16100,305
2020-08-22,San Luis Obispo,079,281455,2932,2660,12,2672,20
2020-08-22,San Mateo,081,765935,8182,7361,8,7369,120
2020-08-22,Santa Barbara,083,443738,7988,7685,69,7754,90
2020-08-22,Santa Clara,085,1922200,17551,15590,35,15625,190
2020-08-22,Santa Cruz,087,273765,1789,1628,14,1642,6
2020-08-22,Shasta,089,179085,598,493,3,496,9
2020-08-22,Sierra,091,2930,6,6,0,6,0
2020-08-22,Siskiyou,093,43540,123,106,8,114,0
2020-08-22,Solano,095,438530,5285,4944,31,4975,32
2020-08-22,Sonoma,097,501317,5543,4891,19,4910,57
2020-08-22,Stanislaus,099,539301,14712,13380,264,13644,170
2020-08-22,Sutter,101,95872,1303,1189,1,1190,8
2020-08-22,Tehama,103,63373,405,368,2,370,1
2020-08-22,Trinity,105,12862,44,8,6,14,0
2020-08-22,Tulare,107,460477,14136,13196,50,13246,222
2020-08-22,Tuolumne,109,53932,193,162,4,166,1
2020-08-22,Ventura,111,848112,10945,9959,71,10030,99
2020-08-22,Yolo,113,214977,2375,2188,4,2192,47
2020-08-22,Yuba,115,75493,800,738,3,741,1
2020-08-21,Alameda,001,1643700,17953,16413,117,16530,232
2020-08-21,Alpine,003,1148,2,2,0,2,0
2020-08-21,Amador,005,37829,266,223,0,223,11
2020-08-21,Butte,007,227075,1798,1582,21,1603,19
2020-08-21,Calaveras,009,45235,218,182,0,182,1
2020-08-21,Colusa,011,21464,438,418,0,418,5
2020-08-21,Contra Costa,013,1133247,13775,12333,45,12378,149
2020-08-21,Del Norte,015,27424,112,78,0,78,1
2020-08-21,El Dorado,017,186661,978,885,6,891,2
2020-08-21,Fresno,019,978130,26639,22840,282,23122,232
2020-08-21,Glenn,021,27897,432,418,0,418,2
2020-08-21,Humboldt,023,135768,363,331,1,332,4
2020-08-21,Imperial,025,180216,11102,9166,7,9173,204
2020-08-21,Inyo,027,18085,168,144,3,147,1
2020-08-21,Kern,029,883053,29193,27567,200,27767,269
2020-08-21,Kings,031,150075,6053,5391,30,5421,60
2020-08-21,Lake,033,64148,321,281,0,281,2
2020-08-21,Lassen,035,31185,720,693,2,695,0
2020-08-21,Los Angeles,037,10098052,235628,229235,1027,230262,5494
2020-08-21,Madera,039,155013,3758,3271,23,3294,31
2020-08-21,Marin,041,260295,6009,5762,14,5776,49
2020-08-21,Mariposa,043,17540,71,66,0,66,2
2020-08-21,Mendocino,045,87422,587,505,0,505,10
2020-08-21,Merced,047,269075,7740,7357,7,7364,69
2020-08-21,Modoc,049,8938,7,5,0,5,0
2020-08-21,Mono,051,14174,163,128,2,130,1
2020-08-21,Monterey,053,433212,7615,6974,21,6995,49
2020-08-21,Napa,055,140530,1419,1317,5,1322,10
2020-08-21,Nevada,057,99092,437,406,13,419,2
2020-08-21,Orange,059,3164182,49040,44625,1094,45719,875
2020-08-21,Placer,061,380077,2934,2698,6,2704,30
2020-08-21,Plumas,063,18699,39,36,0,36,0
2020-08-21,Riverside,065,2383286,52173,49409,54,49463,932
2020-08-21,Sacramento,067,1510023,17423,15247,14,15261,237
2020-08-21,San Benito,069,59416,1023,891,0,891,3
2020-08-21,San Bernardino,071,2135413,47774,44249,277,44526,668
2020-08-21,San Diego,073,3302833,37866,35914,292,36206,652
2020-08-21,San Francisco,075,870044,9175,8375,8,8383,80
2020-08-21,San Joaquin,077,732212,17873,15888,30,15918,301
2020-08-21,San Luis Obispo,079,281455,2909,2640,12,2652,19
2020-08-21,San Mateo,081,765935,8125,7253,8,7261,120
2020-08-21,Santa Barbara,083,443738,7947,7645,69,7714,86
2020-08-21,Santa Clara,085,1922200,17399,15399,35,15434,190
2020-08-21,Santa Cruz,087,273765,1777,1617,14,1631,6
2020-08-21,Shasta,089,179085,598,486,3,489,9
2020-08-21,Sierra,091,2930,6,6,0,6,0
2020-08-21,Siskiyou,093,43540,123,103,6,109,0
2020-08-21,Solano,095,438530,5262,4891,30,4921,32
2020-08-21,Sonoma,097,501317,5473,4816,19,4835,57
2020-08-21,Stanislaus,099,539301,14643,13282,250,13532,161
2020-08-21,Sutter,101,95872,1290,1173,1,1174,8
2020-08-21,Tehama,103,63373,403,357,2,359,1
2020-08-21,Trinity,105,12862,44,8,6,14,0
2020-08-21,Tulare,107,460477,14064,13002,49,13051,217
2020-08-21,Tuolumne,109,53932,185,161,4,165,1
2020-08-21,Ventura,111,848112,10880,9865,69,9934,98
2020-08-21,Yolo,113,214977,2360,2164,4,2168,46
2020-08-21,Yuba,115,75493,796,717,3,720,1
2020-08-20,Alameda,001,1643700,17793,16174,117,16291,229
2020-08-20,Alpine,003,1148,2,2,0,2,0
2020-08-20,Amador,005,37829,264,222,0,222,11
2020-08-20,Butte,007,227075,1748,1549,21,1570,18
2020-08-20,Calaveras,009,45235,215,179,0,179,1
2020-08-20,Colusa,011,21464,436,415,0,415,5
2020-08-20,Contra Costa,013,1133247,13647,12108,44,12152,144
2020-08-20,Del Norte,015,27424,112,78,0,78,1
2020-08-20,El Dorado,017,186661,974,881,6,887,2
2020-08-20,Fresno,019,978130,26457,22535,277,22812,228
2020-08-20,Glenn,021,27897,427,414,0,414,2
2020-08-20,Humboldt,023,135768,358,318,1,319,4
2020-08-20,Imperial,025,180216,11083,9086,7,9093,196
2020-08-20,Inyo,027,18085,167,144,3,147,1
2020-08-20,Kern,029,883053,29025,27337,189,27526,267
2020-08-20,Kings,031,150075,6013,5347,29,5376,59
2020-08-20,Lake,033,64148,316,280,0,280,2
2020-08-20,Lassen,035,31185,719,693,2,695,0
2020-08-20,Los Angeles,037,10098052,234394,227492,1008,228500,5445
2020-08-20,Madera,039,155013,3732,3197,23,3220,31
2020-08-20,Marin,041,260295,5991,5745,14,5759,47
2020-08-20,Mariposa,043,17540,71,67,0,67,2
2020-08-20,Mendocino,045,87422,577,497,0,497,10
2020-08-20,Merced,047,269075,7665,7173,7,7180,68
2020-08-20,Modoc,049,8938,7,5,0,5,0
2020-08-20,Mono,051,14174,163,128,2,130,1
2020-08-20,Monterey,053,433212,7544,6892,21,6913,47
2020-08-20,Napa,055,140530,1411,1306,5,1311,10
2020-08-20,Nevada,057,99092,436,401,13,414,2
2020-08-20,Orange,059,3164182,48813,44299,1084,45383,849
2020-08-20,Placer,061,380077,2918,2681,6,2687,30
2020-08-20,Plumas,063,18699,39,36,0,36,0
2020-08-20,Riverside,065,2383286,51954,48953,53,49006,927
2020-08-20,Sacramento,067,1510023,17181,14992,14,15006,231
2020-08-20,San Benito,069,59416,1010,866,0,866,3
2020-08-20,San Bernardino,071,2135413,47518,43627,273,43900,665
2020-08-20,San Diego,073,3302833,37646,35610,274,35884,644
2020-08-20,San Francisco,075,870044,9089,8262,8,8270,72
2020-08-20,San Joaquin,077,732212,17780,15778,30,15808,297
2020-08-20,San Luis Obispo,079,281455,2889,2590,12,2602,19
2020-08-20,San Mateo,081,765935,8060,7188,8,7196,120
2020-08-20,Santa Barbara,083,443738,7909,7571,69,7640,81
2020-08-20,Santa Clara,085,1922200,17226,15162,35,15197,190
2020-08-20,Santa Cruz,087,273765,1764,1581,14,1595,6
2020-08-20,Shasta,089,179085,597,478,3,481,9
2020-08-20,Sierra,091,2930,6,6,0,6,0
2020-08-20,Siskiyou,093,43540,122,102,1,103,0
2020-08-20,Solano,095,438530,5218,4843,30,4873,31
2020-08-20,Sonoma,097,501317,5401,4737,19,4756,54
2020-08-20,Stanislaus,099,539301,14547,13120,241,13361,161
2020-08-20,Sutter,101,95872,1266,1158,1,1159,8
2020-08-20,Tehama,103,63373,398,350,2,352,1
2020-08-20,Trinity,105,12862,44,8,6,14,0
2020-08-20,Tulare,107,460477,13956,12907,48,12955,217
2020-08-20,Tuolumne,109,53932,181,159,4,163,1
2020-08-20,Ventura,111,848112,10767,9744,68,9812,93
2020-08-20,Yolo,113,214977,2338,2150,4,2154,47
2020-08-20,Yuba,115,75493,779,709,3,712,1
2020-08-19,Alameda,001,1643700,17635,15874,116,15990,226
2020-08-19,Alpine,003,1148,2,2,0,2,0
2020-08-19,Amador,005,37829,263,219,0,219,9
2020-08-19,Butte,007,227075,1705,1517,21,1538,16
2020-08-19,Calaveras,009,45235,213,177,0,177,1
2020-08-19,Colusa,011,21464,435,415,0,415,5
2020-08-19,Contra Costa,013,1133247,13535,11895,43,11938,142
2020-08-19,Del Norte,015,27424,112,78,0,78,1
2020-08-19,El Dorado,017,186661,968,870,6,876,2
2020-08-19,Fresno,019,978130,26268,22167,268,22435,221
2020-08-19,Glenn,021,27897,425,414,0,414,2
2020-08-19,Humboldt,023,135768,355,316,1,317,4
2020-08-19,Imperial,025,180216,11055,9041,7,9048,192
2020-08-19,Inyo,027,18085,165,140,3,143,1
2020-08-19,Kern,029,883053,28908,27142,185,27327,263
2020-08-19,Kings,031,150075,5840,5301,27,5328,59
2020-08-19,Lake,033,64148,313,277,0,277,2
2020-08-19,Lassen,035,31185,711,693,2,695,0
2020-08-19,Los Angeles,037,10098052,233116,226006,968,226974,5399
2020-08-19,Madera,039,155013,3698,3158,21,3179,30
2020-08-19,Marin,041,260295,5967,5723,13,5736,46
2020-08-19,Mariposa,043,17540,71,64,0,64,2
2020-08-19,Mendocino,045,87422,560,495,0,495,8
2020-08-19,Merced,047,269075,7538,7082,4,7086,66
2020-08-19,Modoc,049,8938,7,5,0,5,0
2020-08-19,Mono,051,14174,163,128,2,130,1
2020-08-19,Monterey,053,433212,7444,6693,21,6714,45
2020-08-19,Napa,055,140530,1406,1293,5,1298,10
2020-08-19,Nevada,057,99092,429,398,13,411,2
2020-08-19,Orange,059,3164182,48608,43938,1081,45019,829
2020-08-19,Placer,061,380077,2896,2659,6,2665,28
2020-08-19,Plumas,063,18699,39,36,0,36,0
2020-08-19,Riverside,065,2383286,51705,48741,53,48794,922
2020-08-19,Sacramento,067,1510023,17001,14764,14,14778,229
2020-08-19,San Benito,069,59416,993,853,0,853,3
2020-08-19,San Bernardino,071,2135413,47220,43224,267,43491,661
2020-08-19,San Diego,073,3302833,37396,35378,259,35637,638
2020-08-19,San Francisco,075,870044,9025,8236,8,8244,72
2020-08-19,San Joaquin,077,732212,17654,15677,29,15706,296
2020-08-19,San Luis Obispo,079,281455,2849,2553,12,2565,19
2020-08-19,San Mateo,081,765935,7991,7146,8,7154,119
2020-08-19,Santa Barbara,083,443738,7860,7499,69,7568,80
2020-08-19,Santa Clara,085,1922200,17080,14994,35,15029,189
2020-08-19,Santa Cruz,087,273765,1738,1554,14,1568,6
2020-08-19,Shasta,089,179085,593,475,3,478,9
2020-08-19,Sierra,091,2930,6,6,0,6,0
2020-08-19,Siskiyou,093,43540,121,103,1,104,0
2020-08-19,Solano,095,438530,5177,4807,30,4837,31
2020-08-19,Sonoma,097,501317,5322,4614,19,4633,54
2020-08-19,Stanislaus,099,539301,14444,13084,219,13303,160
2020-08-19,Sutter,101,95872,1232,1146,1,1147,8
2020-08-19,Tehama,103,63373,392,342,2,344,1
2020-08-19,Trinity,105,12862,43,8,6,14,0
2020-08-19,Tulare,107,460477,13858,12756,48,12804,217
2020-08-19,Tuolumne,109,53932,178,159,4,163,1
2020-08-19,Ventura,111,848112,10675,9587,66,9653,91
2020-08-19,Yolo,113,214977,2316,2126,4,2130,47
2020-08-19,Yuba,115,75493,767,701,3,704,1
2020-08-18,Alameda,001,1643700,17457,15627,114,15741,223
2020-08-18,Alpine,003,1148,2,2,0,2,0
2020-08-18,Amador,005,37829,262,215,0,215,9
2020-08-18,Butte,007,227075,1672,1491,21,1512,16
2020-08-18,Calaveras,009,45235,210,174,0,174,1
2020-08-18,Colusa,011,21464,434,415,0,415,5
2020-08-18,Contra Costa,013,1133247,13415,11689,41,11730,141
2020-08-18,Del Norte,015,27424,111,78,0,78,0
2020-08-18,El Dorado,017,186661,963,866,6,872,2
2020-08-18,Fresno,019,978130,26047,21798,262,22060,212
2020-08-18,Glenn,021,27897,425,407,0,407,2
2020-08-18,Humboldt,023,135768,353,315,1,316,4
2020-08-18,Imperial,025,180216,11021,8968,7,8975,189
2020-08-18,Inyo,027,18085,164,140,3,143,1
2020-08-18,Kern,029,883053,28755,26978,181,27159,263
2020-08-18,Kings,031,150075,5805,5269,26,5295,58
2020-08-18,Lake,033,64148,310,274,0,274,2
2020-08-18,Lassen,035,31185,711,693,2,695,0
2020-08-18,Los Angeles,037,10098052,231851,224218,931,225149,5339
2020-08-18,Madera,039,155013,3670,3125,21,3146,28
2020-08-18,Marin,041,260295,5937,5708,13,5721,47
2020-08-18,Mariposa,043,17540,71,61,0,61,2
2020-08-18,Mendocino,045,87422,551,468,0,468,8
2020-08-18,Merced,047,269075,7490,6940,4,6944,66
2020-08-18,Modoc,049,8938,7,5,0,5,0
2020-08-18,Mono,051,14174,162,129,2,131,1
2020-08-18,Monterey,053,433212,7352,6691,20,6711,44
2020-08-18,Napa,055,140530,1403,1274,5,1279,10
2020-08-18,Nevada,057,99092,422,389,13,402,2
2020-08-18,Orange,059,3164182,48383,43659,1067,44726,809
2020-08-18,Placer,061,380077,2870,2644,5,2649,28
2020-08-18,Plumas,063,18699,39,34,0,34,0
2020-08-18,Riverside,065,2383286,51373,48447,53,48500,917
2020-08-18,Sacramento,067,1510023,16771,14610,13,14623,222
2020-08-18,San Benito,069,59416,973,836,0,836,3
2020-08-18,San Bernardino,071,2135413,46939,42827,261,43088,648
2020-08-18,San Diego,073,3302833,37103,35164,227,35391,633
2020-08-18,San Francisco,075,870044,8940,8016,8,8024,72
2020-08-18,San Joaquin,077,732212,17538,15509,28,15537,290
2020-08-18,San Luis Obispo,079,281455,2824,2535,11,2546,18
2020-08-18,San Mateo,081,765935,7930,7074,8,7082,119
2020-08-18,Santa Barbara,083,443738,7818,7472,69,7541,81
2020-08-18,Santa Clara,085,1922200,16909,14786,34,14820,184
2020-08-18,Santa Cruz,087,273765,1725,1509,14,1523,6
2020-08-18,Shasta,089,179085,589,468,3,471,9
2020-08-18,Sierra,091,2930,6,6,0,6,0
2020-08-18,Siskiyou,093,43540,120,103,1,104,0
2020-08-18,Solano,095,438530,5150,4700,30,4730,31
2020-08-18,Sonoma,097,501317,5253,4506,19,4525,48
2020-08-18,Stanislaus,099,539301,14346,12935,203,13138,149
2020-08-18,Sutter,101,95872,1213,1126,1,1127,8
2020-08-18,Tehama,103,63373,382,333,2,335,1
2020-08-18,Trinity,105,12862,41,8,6,14,0
2020-08-18,Tulare,107,460477,13727,12637,45,12682,212
2020-08-18,Tuolumne,109,53932,175,159,4,163,1
2020-08-18,Ventura,111,848112,10585,9536,61,9597,89
2020-08-18,Yolo,113,214977,2294,2102,4,2106,47
2020-08-18,Yuba,115,75493,759,679,3,682,1
2020-08-17,Alameda,001,1643700,17264,15454,113,15567,221
2020-08-17,Alpine,003,1148,2,2,0,2,0
2020-08-17,Amador,005,37829,262,215,0,215,9
2020-08-17,Butte,007,227075,1627,1463,21,1484,15
2020-08-17,Calaveras,009,45235,206,167,0,167,1
2020-08-17,Colusa,011,21464,431,408,0,408,5
2020-08-17,Contra Costa,013,1133247,13278,11442,41,11483,141
2020-08-17,Del Norte,015,27424,107,77,0,77,0
2020-08-17,El Dorado,017,186661,960,846,6,852,2
2020-08-17,Fresno,019,978130,25840,21316,255,21571,211
2020-08-17,Glenn,021,27897,424,402,0,402,2
2020-08-17,Humboldt,023,135768,349,302,1,303,4
2020-08-17,Imperial,025,180216,10980,8897,7,8904,188
2020-08-17,Inyo,027,18085,156,124,3,127,1
2020-08-17,Kern,029,883053,28608,26773,171,26944,249
2020-08-17,Kings,031,150075,5767,5249,26,5275,58
2020-08-17,Lake,033,64148,305,270,0,270,2
2020-08-17,Lassen,035,31185,711,666,2,668,0
2020-08-17,Los Angeles,037,10098052,230331,223418,887,224305,5282
2020-08-17,Madera,039,155013,3627,3050,20,3070,26
2020-08-17,Marin,041,260295,5914,5683,12,5695,46
2020-08-17,Mariposa,043,17540,71,61,0,61,2
2020-08-17,Mendocino,045,87422,533,454,0,454,8
2020-08-17,Merced,047,269075,7395,6814,4,6818,66
2020-08-17,Modoc,049,8938,7,5,0,5,0
2020-08-17,Mono,051,14174,162,126,2,128,1
2020-08-17,Monterey,053,433212,7252,6553,20,6573,44
2020-08-17,Napa,055,140530,1382,1255,5,1260,10
2020-08-17,Nevada,057,99092,417,383,13,396,2
2020-08-17,Orange,059,3164182,48173,43621,1054,44675,804
2020-08-17,Placer,061,380077,2845,2609,5,2614,28
2020-08-17,Plumas,063,18699,39,33,0,33,0
2020-08-17,Riverside,065,2383286,51040,48062,51,48113,916
2020-08-17,Sacramento,067,1510023,16551,14333,13,14346,219
2020-08-17,San Benito,069,59416,958,822,0,822,2
2020-08-17,San Bernardino,071,2135413,46595,42005,253,42258,604
2020-08-17,San Diego,073,3302833,36837,34962,213,35175,626
2020-08-17,San Francisco,075,870044,8869,7600,8,7608,72
2020-08-17,San Joaquin,077,732212,17377,15323,27,15350,280
2020-08-17,San Luis Obispo,079,281455,2791,2527,11,2538,18
2020-08-17,San Mateo,081,765935,7873,6987,7,6994,118
2020-08-17,Santa Barbara,083,443738,7776,7438,69,7507,80
2020-08-17,Santa Clara,085,1922200,16685,14546,34,14580,183
2020-08-17,Santa Cruz,087,273765,1709,1453,13,1466,6
2020-08-17,Shasta,089,179085,583,467,3,470,9
2020-08-17,Sierra,091,2930,6,6,0,6,0
2020-08-17,Siskiyou,093,43540,119,103,0,103,0
2020-08-17,Solano,095,438530,5093,4479,30,4509,31
2020-08-17,Sonoma,097,501317,5165,4402,17,4419,48
2020-08-17,Stanislaus,099,539301,14221,12745,196,12941,148
2020-08-17,Sutter,101,95872,1197,1071,1,1072,8
2020-08-17,Tehama,103,63373,372,324,2,326,1
2020-08-17,Trinity,105,12862,41,8,6,14,0
2020-08-17,Tulare,107,460477,13615,12487,44,12531,210
2020-08-17,Tuolumne,109,53932,172,157,4,161,1
2020-08-17,Ventura,111,848112,10462,9490,56,9546,89
2020-08-17,Yolo,113,214977,2267,2083,4,2087,47
2020-08-17,Yuba,115,75493,744,647,3,650,1
2020-08-16,Alameda,001,1643700,16972,15338,113,15451,221
2020-08-16,Alpine,003,1148,2,2,0,2,0
2020-08-16,Amador,005,37829,259,215,0,215,9
2020-08-16,Butte,007,227075,1589,1432,21,1453,15
2020-08-16,Calaveras,009,45235,199,167,0,167,1
2020-08-16,Colusa,011,21464,429,407,0,407,5
2020-08-16,Contra Costa,013,1133247,13092,11255,41,11296,140
2020-08-16,Del Norte,015,27424,103,77,0,77,0
2020-08-16,El Dorado,017,186661,948,843,6,849,2
2020-08-16,Fresno,019,978130,25618,21010,250,21260,211
2020-08-16,Glenn,021,27897,422,400,0,400,2
2020-08-16,Humboldt,023,135768,347,301,1,302,4
2020-08-16,Imperial,025,180216,10936,8883,7,8890,188
2020-08-16,Inyo,027,18085,149,125,2,127,1
2020-08-16,Kern,029,883053,28409,26520,163,26683,249
2020-08-16,Kings,031,150075,5736,5146,26,5172,58
2020-08-16,Lake,033,64148,301,269,0,269,2
2020-08-16,Lassen,035,31185,711,666,2,668,0
2020-08-16,Los Angeles,037,10098052,228761,222236,857,223093,5263
2020-08-16,Madera,039,155013,3582,3013,20,3033,26
2020-08-16,Marin,041,260295,5888,5664,12,5676,46
2020-08-16,Mariposa,043,17540,71,61,0,61,2
2020-08-16,Mendocino,045,87422,525,451,0,451,8
2020-08-16,Merced,047,269075,7313,6744,4,6748,66
2020-08-16,Modoc,049,8938,7,5,0,5,0
2020-08-16,Mono,051,14174,162,126,2,128,1
2020-08-16,Monterey,053,433212,7154,6516,19,6535,44
2020-08-16,Napa,055,140530,1364,1241,3,1244,10
2020-08-16,Nevada,057,99092,408,379,13,392,2
2020-08-16,Orange,059,3164182,47924,43303,1043,44346,803
2020-08-16,Placer,061,380077,2816,2583,4,2587,28
2020-08-16,Plumas,063,18699,39,33,0,33,0
2020-08-16,Riverside,065,2383286,50709,47669,50,47719,910
2020-08-16,Sacramento,067,1510023,16311,14210,13,14223,219
2020-08-16,San Benito,069,59416,929,815,0,815,2
2020-08-16,San Bernardino,071,2135413,46171,41724,245,41969,603
2020-08-16,San Diego,073,3302833,36573,34680,198,34878,626
2020-08-16,San Francisco,075,870044,8782,7602,8,7610,72
2020-08-16,San Joaquin,077,732212,17174,15288,27,15315,280
2020-08-16,San Luis Obispo,079,281455,2762,2494,11,2505,17
2020-08-16,San Mateo,081,765935,7799,6942,7,6949,118
2020-08-16,Santa Barbara,083,443738,7727,7368,69,7437,79
2020-08-16,Santa Clara,085,1922200,16487,14329,34,14363,183
2020-08-16,Santa Cruz,087,273765,1682,1449,12,1461,6
2020-08-16,Shasta,089,179085,576,465,3,468,9
2020-08-16,Sierra,091,2930,6,6,0,6,0
2020-08-16,Siskiyou,093,43540,118,102,0,102,0
2020-08-16,Solano,095,438530,5033,4479,30,4509,31
2020-08-16,Sonoma,097,501317,5061,4329,17,4346,46
2020-08-16,Stanislaus,099,539301,14063,12668,186,12854,148
2020-08-16,Sutter,101,95872,1179,1071,1,1072,8
2020-08-16,Tehama,103,63373,363,318,2,320,1
2020-08-16,Trinity,105,12862,38,8,6,14,0
2020-08-16,Tulare,107,460477,13483,12334,41,12375,211
2020-08-16,Tuolumne,109,53932,172,156,4,160,1
2020-08-16,Ventura,111,848112,10353,9408,51,9459,89
2020-08-16,Yolo,113,214977,2248,2057,4,2061,47
2020-08-16,Yuba,115,75493,735,647,2,649,1
2020-08-15,Alameda,001,1643700,16895,15165,113,15278,221
2020-08-15,Alpine,003,1148,2,2,0,2,0
2020-08-15,Amador,005,37829,259,210,0,210,9
2020-08-15,Butte,007,227075,1567,1409,21,1430,15
2020-08-15,Calaveras,009,45235,197,167,0,167,1
2020-08-15,Colusa,011,21464,428,401,0,401,5
2020-08-15,Contra Costa,013,1133247,12996,11106,41,11147,138
2020-08-15,Del Norte,015,27424,103,77,0,77,0
2020-08-15,El Dorado,017,186661,943,838,6,844,2
2020-08-15,Fresno,019,978130,25502,20603,248,20851,211
2020-08-15,Glenn,021,27897,422,398,0,398,2
2020-08-15,Humboldt,023,135768,346,301,1,302,4
2020-08-15,Imperial,025,180216,10916,8794,7,8801,188
2020-08-15,Inyo,027,18085,149,123,2,125,1
2020-08-15,Kern,029,883053,28321,26338,163,26501,249
2020-08-15,Kings,031,150075,5718,5039,26,5065,56
2020-08-15,Lake,033,64148,299,268,0,268,2
2020-08-15,Lassen,035,31185,711,666,2,668,0
2020-08-15,Los Angeles,037,10098052,228009,221043,847,221890,5252
2020-08-15,Madera,039,155013,3532,2950,20,2970,26
2020-08-15,Marin,041,260295,5881,5628,12,5640,46
2020-08-15,Mariposa,043,17540,71,61,0,61,2
2020-08-15,Mendocino,045,87422,521,444,0,444,8
2020-08-15,Merced,047,269075,7279,6656,4,6660,66
2020-08-15,Modoc,049,8938,7,5,0,5,0
2020-08-15,Mono,051,14174,162,126,2,128,1
2020-08-15,Monterey,053,433212,7109,6162,19,6181,44
2020-08-15,Napa,055,140530,1354,1232,3,1235,10
2020-08-15,Nevada,057,99092,408,376,13,389,2
2020-08-15,Orange,059,3164182,47811,42811,1032,43843,801
2020-08-15,Placer,061,380077,2795,2551,4,2555,27
2020-08-15,Plumas,063,18699,39,33,0,33,0
2020-08-15,Riverside,065,2383286,50558,46720,50,46770,910
2020-08-15,Sacramento,067,1510023,16201,14018,13,14031,219
2020-08-15,San Benito,069,59416,916,805,0,805,2
2020-08-15,San Bernardino,071,2135413,46019,41231,243,41474,602
2020-08-15,San Diego,073,3302833,36407,34346,184,34530,639
2020-08-15,San Francisco,075,870044,8720,7601,8,7609,69
2020-08-15,San Joaquin,077,732212,17101,15113,27,15140,280
2020-08-15,San Luis Obispo,079,281455,2745,2461,11,2472,17
2020-08-15,San Mateo,081,765935,7762,6860,7,6867,118
2020-08-15,Santa Barbara,083,443738,7699,7338,69,7407,79
2020-08-15,Santa Clara,085,1922200,16391,14105,34,14139,183
2020-08-15,Santa Cruz,087,273765,1661,1449,12,1461,6
2020-08-15,Shasta,089,179085,573,458,3,461,9
2020-08-15,Sierra,091,2930,6,6,0,6,0
2020-08-15,Siskiyou,093,43540,117,100,0,100,0
2020-08-15,Solano,095,438530,5011,4477,30,4507,31
2020-08-15,Sonoma,097,501317,5006,4134,17,4151,45
2020-08-15,Stanislaus,099,539301,13999,12541,185,12726,149
2020-08-15,Sutter,101,95872,1168,1046,1,1047,8
2020-08-15,Tehama,103,63373,362,312,2,314,1
2020-08-15,Trinity,105,12862,36,6,6,12,0
2020-08-15,Tulare,107,460477,13444,12262,41,12303,211
2020-08-15,Tuolumne,109,53932,172,155,4,159,1
2020-08-15,Ventura,111,848112,10294,9379,49,9428,89
2020-08-15,Yolo,113,214977,2236,2031,4,2035,46
2020-08-15,Yuba,115,75493,731,623,2,625,1
2020-08-14,Alameda,001,1643700,16755,14909,113,15022,221
2020-08-14,Alpine,003,1148,2,2,0,2,0
2020-08-14,Amador,005,37829,259,209,0,209,9
2020-08-14,Butte,007,227075,1559,1384,21,1405,15
2020-08-14,Calaveras,009,45235,193,165,0,165,1
2020-08-14,Colusa,011,21464,426,399,0,399,5
2020-08-14,Contra Costa,013,1133247,12884,10893,41,10934,137
2020-08-14,Del Norte,015,27424,103,76,0,76,0
2020-08-14,El Dorado,017,186661,935,827,6,833,2
2020-08-14,Fresno,019,978130,25369,19900,248,20148,208
2020-08-14,Glenn,021,27897,420,395,0,395,2
2020-08-14,Humboldt,023,135768,340,294,1,295,4
2020-08-14,Imperial,025,180216,10892,8756,7,8763,185
2020-08-14,Inyo,027,18085,148,115,2,117,1
2020-08-14,Kern,029,883053,28217,25893,162,26055,249
2020-08-14,Kings,031,150075,5704,4953,26,4979,56
2020-08-14,Lake,033,64148,290,267,0,267,2
2020-08-14,Lassen,035,31185,711,665,2,667,0
2020-08-14,Los Angeles,037,10098052,226836,219083,831,219914,5222
2020-08-14,Madera,039,155013,3502,2876,20,2896,26
2020-08-14,Marin,041,260295,5870,5601,12,5613,46
2020-08-14,Mariposa,043,17540,70,61,0,61,2
2020-08-14,Mendocino,045,87422,512,432,0,432,8
2020-08-14,Merced,047,269075,7249,6466,4,6470,67
2020-08-14,Modoc,049,8938,7,5,0,5,0
2020-08-14,Mono,051,14174,162,126,2,128,1
2020-08-14,Monterey,053,433212,7058,6121,19,6140,41
2020-08-14,Napa,055,140530,1344,1230,3,1233,10
2020-08-14,Nevada,057,99092,404,377,13,390,2
2020-08-14,Orange,059,3164182,47661,42399,1020,43419,798
2020-08-14,Placer,061,380077,2776,2546,4,2550,26
2020-08-14,Plumas,063,18699,38,33,0,33,0
2020-08-14,Riverside,065,2383286,50329,46456,50,46506,891
2020-08-14,Sacramento,067,1510023,16052,13645,13,13658,212
2020-08-14,San Benito,069,59416,899,783,0,783,2
2020-08-14,San Bernardino,071,2135413,45832,40442,240,40682,594
2020-08-14,San Diego,073,3302833,36213,34067,177,34244,622
2020-08-14,San Francisco,075,870044,8662,7467,8,7475,69
2020-08-14,San Joaquin,077,732212,17001,14925,27,14952,276
2020-08-14,San Luis Obispo,079,281455,2730,2422,11,2433,17
2020-08-14,San Mateo,081,765935,7703,6655,7,6662,118
2020-08-14,Santa Barbara,083,443738,7649,7302,69,7371,77
2020-08-14,Santa Clara,085,1922200,16225,13785,33,13818,183
2020-08-14,Santa Cruz,087,273765,1639,1418,11,1429,6
2020-08-14,Shasta,089,179085,568,446,3,449,9
2020-08-14,Sierra,091,2930,6,5,0,5,0
2020-08-14,Siskiyou,093,43540,117,98,0,98,0
2020-08-14,Solano,095,438530,4990,4421,30,4451,31
2020-08-14,Sonoma,097,501317,4947,4087,14,4101,45
2020-08-14,Stanislaus,099,539301,13921,12379,181,12560,140
2020-08-14,Sutter,101,95872,1160,1039,1,1040,8
2020-08-14,Tehama,103,63373,357,305,2,307,1
2020-08-14,Trinity,105,12862,36,6,6,12,0
2020-08-14,Tulare,107,460477,13367,12009,41,12050,211
2020-08-14,Tuolumne,109,53932,171,155,4,159,1
2020-08-14,Ventura,111,848112,10219,9313,49,9362,89
2020-08-14,Yolo,113,214977,2222,1991,4,1995,45
2020-08-14,Yuba,115,75493,715,606,2,608,1
2020-08-13,Alameda,001,1643700,16475,14385,113,14498,218
2020-08-13,Alpine,003,1148,2,2,0,2,0
2020-08-13,Amador,005,37829,259,198,0,198,8
2020-08-13,Butte,007,227075,1534,1345,21,1366,15
2020-08-13,Calaveras,009,45235,191,162,0,162,1
2020-08-13,Colusa,011,21464,426,395,0,395,5
2020-08-13,Contra Costa,013,1133247,12730,10545,40,10585,136
2020-08-13,Del Norte,015,27424,102,74,0,74,0
2020-08-13,El Dorado,017,186661,930,803,6,809,2
2020-08-13,Fresno,019,978130,25142,19157,242,19399,201
2020-08-13,Glenn,021,27897,416,392,0,392,1
2020-08-13,Humboldt,023,135768,332,281,1,282,4
2020-08-13,Imperial,025,180216,10861,8640,7,8647,170
2020-08-13,Inyo,027,18085,144,97,2,99,1
2020-08-13,Kern,029,883053,28050,25472,159,25631,242
2020-08-13,Kings,031,150075,5669,4824,26,4850,52
2020-08-13,Lake,033,64148,285,263,0,263,2
2020-08-13,Lassen,035,31185,711,652,2,654,0
2020-08-13,Los Angeles,037,10098052,225454,216497,809,217306,5179
2020-08-13,Madera,039,155013,3458,2675,19,2694,25
2020-08-13,Marin,041,260295,5854,5503,12,5515,44
2020-08-13,Mariposa,043,17540,69,61,0,61,2
2020-08-13,Mendocino,045,87422,507,401,0,401,8
2020-08-13,Merced,047,269075,7132,5945,4,5949,63
2020-08-13,Modoc,049,8938,7,5,0,5,0
2020-08-13,Mono,051,14174,162,124,2,126,1
2020-08-13,Monterey,053,433212,6975,5925,19,5944,38
2020-08-13,Napa,055,140530,1335,1179,3,1182,10
2020-08-13,Nevada,057,99092,400,362,13,375,1
2020-08-13,Orange,059,3164182,47422,42019,1009,43028,773
2020-08-13,Placer,061,380077,2753,2460,4,2464,26
2020-08-13,Plumas,063,18699,38,32,0,32,0
2020-08-13,Riverside,065,2383286,50033,45327,50,45377,885
2020-08-13,Sacramento,067,1510023,15849,13237,13,13250,197
2020-08-13,San Benito,069,59416,870,757,0,757,2
2020-08-13,San Bernardino,071,2135413,45437,39395,233,39628,591
2020-08-13,San Diego,073,3302833,35977,33661,159,33820,627
2020-08-13,San Francisco,075,870044,8568,7277,8,7285,69
2020-08-13,San Joaquin,077,732212,16845,14537,26,14563,261
2020-08-13,San Luis Obispo,079,281455,2708,2283,11,2294,16
2020-08-13,San Mateo,081,765935,7641,6503,7,6510,117
2020-08-13,Santa Barbara,083,443738,7604,7129,68,7197,74
2020-08-13,Santa Clara,085,1922200,16003,13257,33,13290,182
2020-08-13,Santa Cruz,087,273765,1614,1383,11,1394,6
2020-08-13,Shasta,089,179085,563,428,3,431,9
2020-08-13,Sierra,091,2930,6,5,0,5,0
2020-08-13,Siskiyou,093,43540,117,95,0,95,0
2020-08-13,Solano,095,438530,4952,4305,30,4335,31
2020-08-13,Sonoma,097,501317,4873,3902,14,3916,45
2020-08-13,Stanislaus,099,539301,13791,11953,165,12118,136
2020-08-13,Sutter,101,95872,1138,992,1,993,8
2020-08-13,Tehama,103,63373,348,302,2,304,1
2020-08-13,Trinity,105,12862,35,6,6,12,0
2020-08-13,Tulare,107,460477,13223,11692,38,11730,210
2020-08-13,Tuolumne,109,53932,170,152,4,156,1
2020-08-13,Ventura,111,848112,10130,9114,49,9163,90
2020-08-13,Yolo,113,214977,2195,1938,4,1942,44
2020-08-13,Yuba,115,75493,699,568,2,570,1
2020-08-12,Alameda,001,1643700,16262,14214,113,14327,215
2020-08-12,Alpine,003,1148,2,2,0,2,0
2020-08-12,Amador,005,37829,256,197,0,197,8
2020-08-12,Butte,007,227075,1506,1317,21,1338,15
2020-08-12,Calaveras,009,45235,188,157,0,157,1
2020-08-12,Colusa,011,21464,421,394,0,394,5
2020-08-12,Contra Costa,013,1133247,12585,10304,39,10343,134
2020-08-12,Del Norte,015,27424,101,74,0,74,0
2020-08-12,El Dorado,017,186661,912,794,6,800,2
2020-08-12,Fresno,019,978130,24912,18690,236,18926,194
2020-08-12,Glenn,021,27897,413,388,0,388,1
2020-08-12,Humboldt,023,135768,325,281,1,282,4
2020-08-12,Imperial,025,180216,10838,8566,7,8573,167
2020-08-12,Inyo,027,18085,127,97,2,99,1
2020-08-12,Kern,029,883053,27858,25191,157,25348,232
2020-08-12,Kings,031,150075,5630,4736,26,4762,50
2020-08-12,Lake,033,64148,283,253,0,253,2
2020-08-12,Lassen,035,31185,710,651,2,653,0
2020-08-12,Los Angeles,037,10098052,224056,214542,794,215336,5119
2020-08-12,Madera,039,155013,3424,2681,17,2698,23
2020-08-12,Marin,041,260295,5832,5423,12,5435,44
2020-08-12,Mariposa,043,17540,69,61,0,61,2
2020-08-12,Mendocino,045,87422,488,386,0,386,9
2020-08-12,Merced,047,269075,7070,5777,4,5781,66
2020-08-12,Modoc,049,8938,7,5,0,5,0
2020-08-12,Mono,051,14174,161,124,2,126,1
2020-08-12,Monterey,053,433212,6871,5919,19,5938,38
2020-08-12,Napa,055,140530,1325,1161,3,1164,10
2020-08-12,Nevada,057,99092,395,357,13,370,1
2020-08-12,Orange,059,3164182,47171,41576,985,42561,754
2020-08-12,Placer,061,380077,2721,2417,4,2421,25
2020-08-12,Plumas,063,18699,38,31,0,31,0
2020-08-12,Riverside,065,2383286,49685,44747,50,44797,867
2020-08-12,Sacramento,067,1510023,15637,12528,13,12541,189
2020-08-12,San Benito,069,59416,857,751,0,751,2
2020-08-12,San Bernardino,071,2135413,45093,38811,224,39035,589
2020-08-12,San Diego,073,3302833,35768,33395,139,33534,608
2020-08-12,San Francisco,075,870044,8485,7194,8,7202,66
2020-08-12,San Joaquin,077,732212,16699,14154,26,14180,253
2020-08-12,San Luis Obispo,079,281455,2683,2263,11,2274,15
2020-08-12,San Mateo,081,765935,7562,6427,7,6434,117
2020-08-12,Santa Barbara,083,443738,7544,7049,66,7115,74
2020-08-12,Santa Clara,085,1922200,15827,13002,33,13035,182
2020-08-12,Santa Cruz,087,273765,1585,1382,10,1392,6
2020-08-12,Shasta,089,179085,559,417,3,420,9
2020-08-12,Sierra,091,2930,5,4,0,4,0
2020-08-12,Siskiyou,093,43540,116,90,0,90,0
2020-08-12,Solano,095,438530,4907,4258,30,4288,31
2020-08-12,Sonoma,097,501317,4799,3847,14,3861,47
2020-08-12,Stanislaus,099,539301,13652,11682,158,11840,136
2020-08-12,Sutter,101,95872,1114,987,1,988,7
2020-08-12,Tehama,103,63373,338,289,2,291,1
2020-08-12,Trinity,105,12862,34,6,6,12,0
2020-08-12,Tulare,107,460477,13095,11460,38,11498,211
2020-08-12,Tuolumne,109,53932,169,150,4,154,1
2020-08-12,Ventura,111,848112,10043,9005,49,9054,87
2020-08-12,Yolo,113,214977,2171,1921,4,1925,44
2020-08-12,Yuba,115,75493,677,549,1,550,1
2020-08-11,Alameda,001,1643700,16001,13960,110,14070,204
2020-08-11,Alpine,003,1148,2,2,0,2,0
2020-08-11,Amador,005,37829,250,187,0,187,3
2020-08-11,Butte,007,227075,1478,1296,21,1317,15
2020-08-11,Calaveras,009,45235,186,161,0,161,1
2020-08-11,Colusa,011,21464,416,390,0,390,5
2020-08-11,Contra Costa,013,1133247,12395,10012,37,10049,131
2020-08-11,Del Norte,015,27424,100,73,0,73,0
2020-08-11,El Dorado,017,186661,905,786,5,791,2
2020-08-11,Fresno,019,978130,24590,18344,233,18577,187
2020-08-11,Glenn,021,27897,411,380,0,380,1
2020-08-11,Humboldt,023,135768,320,283,1,284,4
2020-08-11,Imperial,025,180216,10783,8518,7,8525,165
2020-08-11,Inyo,027,18085,122,97,2,99,1
2020-08-11,Kern,029,883053,27523,25042,155,25197,230
2020-08-11,Kings,031,150075,5439,4696,26,4722,50
2020-08-11,Lake,033,64148,280,243,0,243,2
2020-08-11,Lassen,035,31185,704,605,2,607,0
2020-08-11,Los Angeles,037,10098052,222555,212421,770,213191,5065
2020-08-11,Madera,039,155013,3370,2673,17,2690,22
2020-08-11,Marin,041,260295,5805,5287,11,5298,44
2020-08-11,Mariposa,043,17540,68,60,0,60,2
2020-08-11,Mendocino,045,87422,478,385,0,385,9
2020-08-11,Merced,047,269075,6975,5322,3,5325,65
2020-08-11,Modoc,049,8938,7,5,0,5,0
2020-08-11,Mono,051,14174,161,124,2,126,1
2020-08-11,Monterey,053,433212,6762,5624,19,5643,36
2020-08-11,Napa,055,140530,1314,1143,2,1145,11
2020-08-11,Nevada,057,99092,392,358,13,371,1
2020-08-11,Orange,059,3164182,46950,41205,964,42169,742
2020-08-11,Placer,061,380077,2689,2393,4,2397,24
2020-08-11,Plumas,063,18699,38,31,0,31,0
2020-08-11,Riverside,065,2383286,49328,44237,50,44287,836
2020-08-11,Sacramento,067,1510023,15346,12298,13,12311,182
2020-08-11,San Benito,069,59416,845,750,0,750,2
2020-08-11,San Bernardino,071,2135413,44753,38467,217,38684,584
2020-08-11,San Diego,073,3302833,35501,33159,120,33279,602
2020-08-11,San Francisco,075,870044,8389,6988,8,6996,66
2020-08-11,San Joaquin,077,732212,16521,13997,21,14018,251
2020-08-11,San Luis Obispo,079,281455,2626,2234,11,2245,15
2020-08-11,San Mateo,081,765935,7488,6339,7,6346,117
2020-08-11,Santa Barbara,083,443738,7495,6942,66,7008,70
2020-08-11,Santa Clara,085,1922200,15606,12920,33,12953,183
2020-08-11,Santa Cruz,087,273765,1562,1352,10,1362,4
2020-08-11,Shasta,089,179085,555,416,3,419,9
2020-08-11,Sierra,091,2930,5,4,0,4,0
2020-08-11,Siskiyou,093,43540,116,90,0,90,0
2020-08-11,Solano,095,438530,4859,4206,29,4235,31
2020-08-11,Sonoma,097,501317,4704,3752,14,3766,45
2020-08-11,Stanislaus,099,539301,13548,11592,146,11738,128
2020-08-11,Sutter,101,95872,1092,964,1,965,7
2020-08-11,Tehama,103,63373,334,289,2,291,1
2020-08-11,Trinity,105,12862,34,5,6,11,0
2020-08-11,Tulare,107,460477,12970,11392,37,11429,201
2020-08-11,Tuolumne,109,53932,164,146,4,150,1
2020-08-11,Ventura,111,848112,9975,8953,48,9001,88
2020-08-11,Yolo,113,214977,2149,1912,4,1916,44
2020-08-11,Yuba,115,75493,666,540,1,541,1
2020-08-10,Alameda,001,1643700,15762,13420,109,13529,203
2020-08-10,Alpine,003,1148,2,2,0,2,0
2020-08-10,Amador,005,37829,249,172,0,172,2
2020-08-10,Butte,007,227075,1454,1174,19,1193,15
2020-08-10,Calaveras,009,45235,175,121,0,121,1
2020-08-10,Colusa,011,21464,414,387,0,387,4
2020-08-10,Contra Costa,013,1133247,12242,9454,35,9489,130
2020-08-10,Del Norte,015,27424,98,69,0,69,0
2020-08-10,El Dorado,017,186661,893,771,5,776,2
2020-08-10,Fresno,019,978130,24309,17978,233,18211,183
2020-08-10,Glenn,021,27897,408,381,0,381,1
2020-08-10,Humboldt,023,135768,314,277,1,278,4
2020-08-10,Imperial,025,180216,10739,8465,7,8472,165
2020-08-10,Inyo,027,18085,122,97,2,99,1
2020-08-10,Kern,029,883053,27297,24499,154,24653,215
2020-08-10,Kings,031,150075,5333,4588,26,4614,50
2020-08-10,Lake,033,64148,273,239,0,239,2
2020-08-10,Lassen,035,31185,704,588,2,590,0
2020-08-10,Los Angeles,037,10098052,220978,211035,752,211787,5003
2020-08-10,Madera,039,155013,3337,2365,17,2382,22
2020-08-10,Marin,041,260295,5760,5242,10,5252,44
2020-08-10,Mariposa,043,17540,68,57,0,57,2
2020-08-10,Mendocino,045,87422,454,364,0,364,1
2020-08-10,Merced,047,269075,6894,4913,3,4916,51
2020-08-10,Modoc,049,8938,7,5,0,5,0
2020-08-10,Mono,051,14174,161,123,2,125,1
2020-08-10,Monterey,053,433212,6652,5358,19,5377,34
2020-08-10,Napa,055,140530,1296,1084,2,1086,8
2020-08-10,Nevada,057,99092,384,356,13,369,1
2020-08-10,Orange,059,3164182,46680,40445,946,41391,721
2020-08-10,Placer,061,380077,2650,2298,4,2302,21
2020-08-10,Plumas,063,18699,38,27,0,27,0
2020-08-10,Riverside,065,2383286,48943,43296,49,43345,830
2020-08-10,Sacramento,067,1510023,15035,12059,13,12072,168
2020-08-10,San Benito,069,59416,832,743,0,743,2
2020-08-10,San Bernardino,071,2135413,44376,37367,208,37575,579
2020-08-10,San Diego,073,3302833,35235,32977,104,33081,594
2020-08-10,San Francisco,075,870044,8299,6816,7,6823,66
2020-08-10,San Joaquin,077,732212,16339,13308,21,13329,240
2020-08-10,San Luis Obispo,079,281455,2527,2208,11,2219,15
2020-08-10,San Mateo,081,765935,7411,6222,7,6229,117
2020-08-10,Santa Barbara,083,443738,7440,6869,66,6935,66
2020-08-10,Santa Clara,085,1922200,15346,12615,32,12647,182
2020-08-10,Santa Cruz,087,273765,1542,1239,9,1248,4
2020-08-10,Shasta,089,179085,551,384,3,387,9
2020-08-10,Sierra,091,2930,5,3,0,3,0
2020-08-10,Siskiyou,093,43540,113,88,0,88,0
2020-08-10,Solano,095,438530,4799,4101,29,4130,31
2020-08-10,Sonoma,097,501317,4535,3640,10,3650,42
2020-08-10,Stanislaus,099,539301,13365,10855,130,10985,106
2020-08-10,Sutter,101,95872,1067,865,1,866,7
2020-08-10,Tehama,103,63373,327,282,2,284,1
2020-08-10,Trinity,105,12862,31,5,6,11,0
2020-08-10,Tulare,107,460477,12797,10750,35,10785,194
2020-08-10,Tuolumne,109,53932,164,143,3,146,1
2020-08-10,Ventura,111,848112,9891,8851,47,8898,85
2020-08-10,Yolo,113,214977,2126,1840,4,1844,45
2020-08-10,Yuba,115,75493,649,527,1,528,1
2020-08-09,Alameda,001,1643700,15481,13241,107,13348,203
2020-08-09,Alpine,003,1148,2,2,0,2,0
2020-08-09,Amador,005,37829,244,153,0,153,2
2020-08-09,Butte,007,227075,1411,1155,19,1174,15
2020-08-09,Calaveras,009,45235,170,122,0,122,1
2020-08-09,Colusa,011,21464,410,371,0,371,4
2020-08-09,Contra Costa,013,1133247,12015,9214,34,9248,130
2020-08-09,Del Norte,015,27424,98,69,0,69,0
2020-08-09,El Dorado,017,186661,885,748,5,753,2
2020-08-09,Fresno,019,978130,24000,17846,229,18075,183
2020-08-09,Glenn,021,27897,406,354,0,354,1
2020-08-09,Humboldt,023,135768,308,279,1,280,4
2020-08-09,Imperial,025,180216,10696,8310,6,8316,165
2020-08-09,Inyo,027,18085,117,86,1,87,1
2020-08-09,Kern,029,883053,27041,23680,154,23834,215
2020-08-09,Kings,031,150075,5290,4446,25,4471,50
2020-08-09,Lake,033,64148,266,225,0,225,2
2020-08-09,Lassen,035,31185,698,589,2,591,0
2020-08-09,Los Angeles,037,10098052,218916,208810,730,209540,4984
2020-08-09,Madera,039,155013,3278,2322,13,2335,22
2020-08-09,Marin,041,260295,5717,5204,10,5214,44
2020-08-09,Mariposa,043,17540,66,56,0,56,2
2020-08-09,Mendocino,045,87422,444,283,0,283,1
2020-08-09,Merced,047,269075,6797,4735,2,4737,51
2020-08-09,Modoc,049,8938,7,4,0,4,0
2020-08-09,Mono,051,14174,160,113,2,115,1
2020-08-09,Monterey,053,433212,6528,5199,19,5218,34
2020-08-09,Napa,055,140530,1277,1062,2,1064,8
2020-08-09,Nevada,057,99092,376,332,13,345,1
2020-08-09,Orange,059,3164182,46381,39244,931,40175,722
2020-08-09,Placer,061,380077,2621,2211,4,2215,20
2020-08-09,Plumas,063,18699,38,27,0,27,0
2020-08-09,Riverside,065,2383286,48598,41894,49,41943,828
2020-08-09,Sacramento,067,1510023,14755,11301,13,11314,167
2020-08-09,San Benito,069,59416,813,687,0,687,2
2020-08-09,San Bernardino,071,2135413,43897,36092,208,36300,579
2020-08-09,San Diego,073,3302833,34944,32749,93,32842,594
2020-08-09,San Francisco,075,870044,8184,6820,7,6827,66
2020-08-09,San Joaquin,077,732212,16135,12933,20,12953,240
2020-08-09,San Luis Obispo,079,281455,2491,2124,11,2135,15
2020-08-09,San Mateo,081,765935,7316,6094,7,6101,117
2020-08-09,Santa Barbara,083,443738,7352,6669,66,6735,66
2020-08-09,Santa Clara,085,1922200,15075,11878,32,11910,181
2020-08-09,Santa Cruz,087,273765,1518,1246,9,1255,4
2020-08-09,Shasta,089,179085,547,361,3,364,9
2020-08-09,Sierra,091,2930,5,3,0,3,0
2020-08-09,Siskiyou,093,43540,112,74,0,74,0
2020-08-09,Solano,095,438530,4746,3954,28,3982,31
2020-08-09,Sonoma,097,501317,4399,3531,8,3539,41
2020-08-09,Stanislaus,099,539301,13157,10264,117,10381,106
2020-08-09,Sutter,101,95872,1033,857,1,858,7
2020-08-09,Tehama,103,63373,319,265,2,267,1
2020-08-09,Trinity,105,12862,31,5,6,11,0
2020-08-09,Tulare,107,460477,12606,10630,32,10662,194
2020-08-09,Tuolumne,109,53932,161,143,3,146,1
2020-08-09,Ventura,111,848112,9743,8633,46,8679,85
2020-08-09,Yolo,113,214977,2095,1765,4,1769,44
2020-08-09,Yuba,115,75493,629,442,1,443,1
2020-08-08,Alameda,001,1643700,15371,13087,107,13194,204
2020-08-08,Alpine,003,1148,2,2,0,2,0
2020-08-08,Amador,005,37829,244,139,0,139,2
2020-08-08,Butte,007,227075,1393,1140,19,1159,15
2020-08-08,Calaveras,009,45235,169,122,0,122,1
2020-08-08,Colusa,011,21464,409,368,0,368,4
2020-08-08,Contra Costa,013,1133247,11906,9104,34,9138,129
2020-08-08,Del Norte,015,27424,97,69,0,69,0
2020-08-08,El Dorado,017,186661,878,734,5,739,2
2020-08-08,Fresno,019,978130,23863,17538,227,17765,183
2020-08-08,Glenn,021,27897,406,344,0,344,1
2020-08-08,Humboldt,023,135768,305,277,1,278,4
2020-08-08,Imperial,025,180216,10681,8213,6,8219,165
2020-08-08,Inyo,027,18085,113,86,1,87,1
2020-08-08,Kern,029,883053,26927,22803,154,22957,215
2020-08-08,Kings,031,150075,5276,4367,25,4392,49
2020-08-08,Lake,033,64148,264,221,0,221,2
2020-08-08,Lassen,035,31185,698,589,2,591,0
2020-08-08,Los Angeles,037,10098052,218031,206971,719,207690,4974
2020-08-08,Madera,039,155013,3247,2275,13,2288,22
2020-08-08,Marin,041,260295,5697,5118,10,5128,44
2020-08-08,Mariposa,043,17540,65,55,0,55,2
2020-08-08,Mendocino,045,87422,442,264,0,264,1
2020-08-08,Merced,047,269075,6757,4570,2,4572,51
2020-08-08,Modoc,049,8938,7,4,0,4,0
2020-08-08,Mono,051,14174,160,113,2,115,1
2020-08-08,Monterey,053,433212,6470,5101,19,5120,33
2020-08-08,Napa,055,140530,1269,1062,2,1064,8
2020-08-08,Nevada,057,99092,374,325,13,338,1
2020-08-08,Orange,059,3164182,46251,38688,922,39610,718
2020-08-08,Placer,061,380077,2604,2153,4,2157,20
2020-08-08,Plumas,063,18699,38,27,0,27,0
2020-08-08,Riverside,065,2383286,48394,41412,49,41461,823
2020-08-08,Sacramento,067,1510023,14626,11144,13,11157,166
2020-08-08,San Benito,069,59416,805,684,0,684,2
2020-08-08,San Bernardino,071,2135413,43702,35691,207,35898,531
2020-08-08,San Diego,073,3302833,34755,32332,84,32416,593
2020-08-08,San Francisco,075,870044,8118,6820,7,6827,66
2020-08-08,San Joaquin,077,732212,16054,12559,19,12578,240
2020-08-08,San Luis Obispo,079,281455,2468,2081,11,2092,15
2020-08-08,San Mateo,081,765935,7258,6021,7,6028,117
2020-08-08,Santa Barbara,083,443738,7314,6598,66,6664,66
2020-08-08,Santa Clara,085,1922200,14923,11615,32,11647,181
2020-08-08,Santa Cruz,087,273765,1504,1247,9,1256,4
2020-08-08,Shasta,089,179085,545,343,3,346,9
2020-08-08,Sierra,091,2930,5,3,0,3,0
2020-08-08,Siskiyou,093,43540,112,73,0,73,0
2020-08-08,Solano,095,438530,4725,3889,27,3916,31
2020-08-08,Sonoma,097,501317,4368,3399,8,3407,41
2020-08-08,Stanislaus,099,539301,13082,9963,112,10075,105
2020-08-08,Sutter,101,95872,1023,830,1,831,7
2020-08-08,Tehama,103,63373,318,251,2,253,1
2020-08-08,Trinity,105,12862,31,5,6,11,0
2020-08-08,Tulare,107,460477,12531,10505,32,10537,192
2020-08-08,Tuolumne,109,53932,161,143,3,146,1
2020-08-08,Ventura,111,848112,9688,8462,45,8507,85
2020-08-08,Yolo,113,214977,2082,1725,4,1729,44
2020-08-08,Yuba,115,75493,620,430,1,431,1
2020-08-07,Alameda,001,1643700,15261,12805,107,12912,204
2020-08-07,Alpine,003,1148,2,2,0,2,0
2020-08-07,Amador,005,37829,242,125,0,125,2
2020-08-07,Butte,007,227075,1375,1092,19,1111,13
2020-08-07,Calaveras,009,45235,169,119,0,119,1
2020-08-07,Colusa,011,21464,408,358,0,358,4
2020-08-07,Contra Costa,013,1133247,11758,8810,34,8844,126
2020-08-07,Del Norte,015,27424,97,69,0,69,0
2020-08-07,El Dorado,017,186661,873,724,5,729,2
2020-08-07,Fresno,019,978130,23703,17290,227,17517,171
2020-08-07,Glenn,021,27897,405,339,0,339,1
2020-08-07,Humboldt,023,135768,301,274,1,275,4
2020-08-07,Imperial,025,180216,10656,8085,6,8091,164
2020-08-07,Inyo,027,18085,112,81,1,82,1
2020-08-07,Kern,029,883053,26801,22143,152,22295,206
2020-08-07,Kings,031,150075,5259,4315,25,4340,48
2020-08-07,Lake,033,64148,262,215,0,215,1
2020-08-07,Lassen,035,31185,697,588,2,590,0
2020-08-07,Los Angeles,037,10098052,216564,204406,708,205114,4924
2020-08-07,Madera,039,155013,3215,2245,13,2258,20
2020-08-07,Marin,041,260295,5668,5094,10,5104,43
2020-08-07,Mariposa,043,17540,65,53,0,53,2
2020-08-07,Mendocino,045,87422,428,262,0,262,1
2020-08-07,Merced,047,269075,6714,4358,2,4360,30
2020-08-07,Modoc,049,8938,7,4,0,4,0
2020-08-07,Mono,051,14174,160,112,2,114,1
2020-08-07,Monterey,053,433212,6395,5041,19,5060,33
2020-08-07,Napa,055,140530,1264,1055,2,1057,8
2020-08-07,Nevada,057,99092,371,324,13,337,1
2020-08-07,Orange,059,3164182,46040,38459,905,39364,701
2020-08-07,Placer,061,380077,2586,2078,4,2082,20
2020-08-07,Plumas,063,18699,38,25,0,25,0
2020-08-07,Riverside,065,2383286,48130,40902,48,40950,810
2020-08-07,Sacramento,067,1510023,14481,10798,13,10811,160
2020-08-07,San Benito,069,59416,799,647,0,647,2
2020-08-07,San Bernardino,071,2135413,43455,35200,206,35406,524
2020-08-07,San Diego,073,3302833,34570,31781,81,31862,586
2020-08-07,San Francisco,075,870044,8040,6765,7,6772,66
2020-08-07,San Joaquin,077,732212,15969,12392,19,12411,223
2020-08-07,San Luis Obispo,079,281455,2437,2050,11,2061,14
2020-08-07,San Mateo,081,765935,7198,5948,7,5955,117
2020-08-07,Santa Barbara,083,443738,7263,6509,66,6575,66
2020-08-07,Santa Clara,085,1922200,14724,11409,32,11441,180
2020-08-07,Santa Cruz,087,273765,1486,1234,9,1243,5
2020-08-07,Shasta,089,179085,540,342,3,345,9
2020-08-07,Sierra,091,2930,5,3,0,3,0
2020-08-07,Siskiyou,093,43540,109,73,0,73,0
2020-08-07,Solano,095,438530,4693,3844,26,3870,31
2020-08-07,Sonoma,097,501317,4304,3329,8,3337,34
2020-08-07,Stanislaus,099,539301,12960,9665,102,9767,98
2020-08-07,Sutter,101,95872,1019,807,1,808,6
2020-08-07,Tehama,103,63373,314,246,2,248,1
2020-08-07,Trinity,105,12862,30,5,6,11,0
2020-08-07,Tulare,107,460477,12454,10292,32,10324,195
2020-08-07,Tuolumne,109,53932,160,136,3,139,1
2020-08-07,Ventura,111,848112,9628,8356,43,8399,84
2020-08-07,Yolo,113,214977,2055,1689,4,1693,37
2020-08-07,Yuba,115,75493,615,413,1,414,1
2020-08-06,Alameda,001,1643700,15040,12474,106,12580,200
2020-08-06,Alpine,003,1148,2,2,0,2,0
2020-08-06,Amador,005,37829,228,125,0,125,0
2020-08-06,Butte,007,227075,1356,1060,19,1079,13
2020-08-06,Calaveras,009,45235,166,117,0,117,1
2020-08-06,Colusa,011,21464,405,358,0,358,3
2020-08-06,Contra Costa,013,1133247,11564,8583,33,8616,124
2020-08-06,Del Norte,015,27424,97,69,0,69,0
2020-08-06,El Dorado,017,186661,862,703,5,708,1
2020-08-06,Fresno,019,978130,23405,17031,220,17251,161
2020-08-06,Glenn,021,27897,400,332,0,332,1
2020-08-06,Humboldt,023,135768,296,266,1,267,4
2020-08-06,Imperial,025,180216,10613,8064,6,8070,163
2020-08-06,Inyo,027,18085,104,83,1,84,1
2020-08-06,Kern,029,883053,26565,21843,151,21994,197
2020-08-06,Kings,031,150075,5197,4264,24,4288,47
2020-08-06,Lake,033,64148,259,209,0,209,1
2020-08-06,Lassen,035,31185,695,588,2,590,0
2020-08-06,Los Angeles,037,10098052,214491,201372,692,202064,4874
2020-08-06,Madera,039,155013,3167,2240,12,2252,19
2020-08-06,Marin,041,260295,5636,5058,10,5068,43
2020-08-06,Mariposa,043,17540,64,52,0,52,2
2020-08-06,Mendocino,045,87422,414,260,0,260,1
2020-08-06,Merced,047,269075,6612,4235,2,4237,30
2020-08-06,Modoc,049,8938,7,4,0,4,0
2020-08-06,Mono,051,14174,159,111,2,113,1
2020-08-06,Monterey,053,433212,6286,5001,18,5019,33
2020-08-06,Napa,055,140530,1250,1032,2,1034,8
2020-08-06,Nevada,057,99092,366,321,13,334,1
2020-08-06,Orange,059,3164182,45748,38399,900,39299,694
2020-08-06,Placer,061,380077,2560,2045,4,2049,20
2020-08-06,Plumas,063,18699,37,25,0,25,0
2020-08-06,Riverside,065,2383286,47736,40269,48,40317,781
2020-08-06,Sacramento,067,1510023,14252,10548,13,10561,153
2020-08-06,San Benito,069,59416,791,626,0,626,2
2020-08-06,San Bernardino,071,2135413,43050,34819,204,35023,516
2020-08-06,San Diego,073,3302833,34303,31129,74,31203,583
2020-08-06,San Francisco,075,870044,7947,6737,6,6743,60
2020-08-06,San Joaquin,077,732212,15809,12269,19,12288,203
2020-08-06,San Luis Obispo,079,281455,2413,2000,10,2010,13
2020-08-06,San Mateo,081,765935,7098,5885,7,5892,117
2020-08-06,Santa Barbara,083,443738,7203,6620,66,6686,65
2020-08-06,Santa Clara,085,1922200,14495,11280,32,11312,178
2020-08-06,Santa Cruz,087,273765,1465,1215,9,1224,4
2020-08-06,Shasta,089,179085,531,343,3,346,9
2020-08-06,Sierra,091,2930,5,3,0,3,0
2020-08-06,Siskiyou,093,43540,109,73,0,73,0
2020-08-06,Solano,095,438530,4649,3784,26,3810,29
2020-08-06,Sonoma,097,501317,4240,3259,8,3267,33
2020-08-06,Stanislaus,099,539301,12810,9566,86,9652,98
2020-08-06,Sutter,101,95872,988,797,1,798,6
2020-08-06,Tehama,103,63373,311,242,2,244,1
2020-08-06,Trinity,105,12862,27,5,6,11,0
2020-08-06,Tulare,107,460477,12294,10169,32,10201,195
2020-08-06,Tuolumne,109,53932,159,136,3,139,1
2020-08-06,Ventura,111,848112,9513,8245,40,8285,80
2020-08-06,Yolo,113,214977,2031,1662,4,1666,36
2020-08-06,Yuba,115,75493,606,407,0,407,1
2020-08-05,Alameda,001,1643700,14825,12140,106,12246,193
2020-08-05,Alpine,003,1148,2,2,0,2,0
2020-08-05,Amador,005,37829,218,123,0,123,0
2020-08-05,Butte,007,227075,1322,1038,18,1056,13
2020-08-05,Calaveras,009,45235,163,116,0,116,1
2020-08-05,Colusa,011,21464,401,354,0,354,3
2020-08-05,Contra Costa,013,1133247,11395,8362,33,8395,122
2020-08-05,Del Norte,015,27424,96,69,0,69,0
2020-08-05,El Dorado,017,186661,854,692,5,697,1
2020-08-05,Fresno,019,978130,23161,16625,215,16840,159
2020-08-05,Glenn,021,27897,397,330,0,330,1
2020-08-05,Humboldt,023,135768,294,249,1,250,4
2020-08-05,Imperial,025,180216,10578,8036,6,8042,163
2020-08-05,Inyo,027,18085,102,62,1,63,1
2020-08-05,Kern,029,883053,26377,21540,146,21686,194
2020-08-05,Kings,031,150075,5152,4192,23,4215,47
2020-08-05,Lake,033,64148,252,209,0,209,1
2020-08-05,Lassen,035,31185,648,557,2,559,0
2020-08-05,Los Angeles,037,10098052,212570,198355,672,199027,4832
2020-08-05,Madera,039,155013,3125,2172,12,2184,19
2020-08-05,Marin,041,260295,5604,5036,10,5046,43
2020-08-05,Mariposa,043,17540,64,52,0,52,2
2020-08-05,Mendocino,045,87422,402,248,0,248,1
2020-08-05,Merced,047,269075,6477,4119,2,4121,30
2020-08-05,Modoc,049,8938,7,3,0,3,0
2020-08-05,Mono,051,14174,159,104,2,106,1
2020-08-05,Monterey,053,433212,6171,4936,18,4954,32
2020-08-05,Napa,055,140530,1238,1020,2,1022,8
2020-08-05,Nevada,057,99092,357,327,13,340,2
2020-08-05,Orange,059,3164182,45439,37907,892,38799,663
2020-08-05,Placer,061,380077,2519,1989,4,1993,18
2020-08-05,Plumas,063,18699,36,25,0,25,0
2020-08-05,Riverside,065,2383286,47344,39454,46,39500,761
2020-08-05,Sacramento,067,1510023,14033,10261,12,10273,151
2020-08-05,San Benito,069,59416,782,613,0,613,2
2020-08-05,San Bernardino,071,2135413,42588,34442,199,34641,504
2020-08-05,San Diego,073,3302833,34079,30866,58,30924,578
2020-08-05,San Francisco,075,870044,7854,6701,6,6707,60
2020-08-05,San Joaquin,077,732212,15646,12148,19,12167,199
2020-08-05,San Luis Obispo,079,281455,2389,1928,10,1938,13
2020-08-05,San Mateo,081,765935,7003,5695,7,5702,116
2020-08-05,Santa Barbara,083,443738,7143,6597,66,6663,63
2020-08-05,Santa Clara,085,1922200,14261,11074,32,11106,176
2020-08-05,Santa Cruz,087,273765,1445,1192,7,1199,4
2020-08-05,Shasta,089,179085,525,338,3,341,9
2020-08-05,Sierra,091,2930,5,3,0,3,0
2020-08-05,Siskiyou,093,43540,105,72,0,72,0
2020-08-05,Solano,095,438530,4598,3750,25,3775,29
2020-08-05,Sonoma,097,501317,4157,3173,8,3181,33
2020-08-05,Stanislaus,099,539301,12651,9408,81,9489,97
2020-08-05,Sutter,101,95872,977,780,1,781,6
2020-08-05,Tehama,103,63373,308,231,2,233,1
2020-08-05,Trinity,105,12862,27,5,6,11,0
2020-08-05,Tulare,107,460477,12153,9924,32,9956,192
2020-08-05,Tuolumne,109,53932,159,137,3,140,0
2020-08-05,Ventura,111,848112,9397,8162,36,8198,75
2020-08-05,Yolo,113,214977,2003,1634,4,1638,36
2020-08-05,Yuba,115,75493,589,400,0,400,1
2020-08-04,Alameda,001,1643700,14608,11983,105,12088,192
2020-08-04,Alpine,003,1148,2,2,0,2,0
2020-08-04,Amador,005,37829,203,123,0,123,0
2020-08-04,Butte,007,227075,1298,1011,18,1029,10
2020-08-04,Calaveras,009,45235,159,116,0,116,1
2020-08-04,Colusa,011,21464,396,354,0,354,3
2020-08-04,Contra Costa,013,1133247,11228,8210,33,8243,122
2020-08-04,Del Norte,015,27424,94,69,0,69,0
2020-08-04,El Dorado,017,186661,844,668,5,673,1
2020-08-04,Fresno,019,978130,22876,16272,208,16480,154
2020-08-04,Glenn,021,27897,396,325,0,325,1
2020-08-04,Humboldt,023,135768,284,241,1,242,4
2020-08-04,Imperial,025,180216,10541,7974,6,7980,163
2020-08-04,Inyo,027,18085,88,59,1,60,1
2020-08-04,Kern,029,883053,26094,21403,146,21549,190
2020-08-04,Kings,031,150075,5087,4163,23,4186,47
2020-08-04,Lake,033,64148,252,206,0,206,1
2020-08-04,Lassen,035,31185,645,556,2,558,0
2020-08-04,Los Angeles,037,10098052,210630,196014,645,196659,4764
2020-08-04,Madera,039,155013,3082,2161,8,2169,19
2020-08-04,Marin,041,260295,5573,5020,9,5029,43
2020-08-04,Mariposa,043,17540,64,51,0,51,2
2020-08-04,Mendocino,045,87422,377,248,0,248,1
2020-08-04,Merced,047,269075,6363,4085,2,4087,30
2020-08-04,Modoc,049,8938,7,3,0,3,0
2020-08-04,Mono,051,14174,158,104,1,105,1
2020-08-04,Monterey,053,433212,6057,4892,18,4910,32
2020-08-04,Napa,055,140530,1225,994,0,994,8
2020-08-04,Nevada,057,99092,356,322,13,335,2
2020-08-04,Orange,059,3164182,45063,37844,886,38730,659
2020-08-04,Placer,061,380077,2482,1964,4,1968,17
2020-08-04,Plumas,063,18699,36,25,0,25,0
2020-08-04,Riverside,065,2383286,46959,38991,45,39036,743
2020-08-04,Sacramento,067,1510023,13815,10205,12,10217,146
2020-08-04,San Benito,069,59416,766,608,0,608,2
2020-08-04,San Bernardino,071,2135413,42038,34215,194,34409,495
2020-08-04,San Diego,073,3302833,33786,30518,46,30564,568
2020-08-04,San Francisco,075,870044,7766,6568,6,6574,60
2020-08-04,San Joaquin,077,732212,15517,12087,16,12103,189
2020-08-04,San Luis Obispo,079,281455,2359,1886,10,1896,13
2020-08-04,San Mateo,081,765935,6897,5690,7,5697,116
2020-08-04,Santa Barbara,083,443738,7083,6591,66,6657,61
2020-08-04,Santa Clara,085,1922200,13959,10986,31,11017,175
2020-08-04,Santa Cruz,087,273765,1426,1202,7,1209,4
2020-08-04,Shasta,089,179085,519,335,3,338,9
2020-08-04,Sierra,091,2930,5,1,0,1,0
2020-08-04,Siskiyou,093,43540,103,71,0,71,0
2020-08-04,Solano,095,438530,4527,3690,25,3715,29
2020-08-04,Sonoma,097,501317,4090,3108,8,3116,33
2020-08-04,Stanislaus,099,539301,12482,9359,74,9433,97
2020-08-04,Sutter,101,95872,963,761,1,762,6
2020-08-04,Tehama,103,63373,301,226,2,228,1
2020-08-04,Trinity,105,12862,27,5,6,11,0
2020-08-04,Tulare,107,460477,11973,9866,32,9898,192
2020-08-04,Tuolumne,109,53932,158,127,3,130,0
2020-08-04,Ventura,111,848112,9283,8134,34,8168,75
2020-08-04,Yolo,113,214977,1977,1626,4,1630,37
2020-08-04,Yuba,115,75493,574,398,0,398,1
2020-08-03,Alameda,001,1643700,14426,11817,102,11919,189
2020-08-03,Alpine,003,1148,2,2,0,2,0
2020-08-03,Amador,005,37829,199,119,0,119,0
2020-08-03,Butte,007,227075,1252,989,17,1006,9
2020-08-03,Calaveras,009,45235,156,117,0,117,1
2020-08-03,Colusa,011,21464,392,336,0,336,2
2020-08-03,Contra Costa,013,1133247,11031,8069,30,8099,120
2020-08-03,Del Norte,015,27424,90,68,0,68,0
2020-08-03,El Dorado,017,186661,833,645,5,650,1
2020-08-03,Fresno,019,978130,22582,15945,202,16147,151
2020-08-03,Glenn,021,27897,389,316,0,316,1
2020-08-03,Humboldt,023,135768,277,234,1,235,4
2020-08-03,Imperial,025,180216,10486,7953,6,7959,161
2020-08-03,Inyo,027,18085,85,57,1,58,1
2020-08-03,Kern,029,883053,25727,21285,139,21424,176
2020-08-03,Kings,031,150075,4975,4107,22,4129,47
2020-08-03,Lake,033,64148,245,201,0,201,1
2020-08-03,Lassen,035,31185,645,555,2,557,0
2020-08-03,Los Angeles,037,10098052,208591,194103,617,194720,4706
2020-08-03,Madera,039,155013,3033,2143,7,2150,18
2020-08-03,Marin,041,260295,5526,5001,9,5010,43
2020-08-03,Mariposa,043,17540,63,52,0,52,2
2020-08-03,Mendocino,045,87422,354,248,0,248,1
2020-08-03,Merced,047,269075,6241,4028,2,4030,29
2020-08-03,Modoc,049,8938,7,2,0,2,0
2020-08-03,Mono,051,14174,158,104,1,105,1
2020-08-03,Monterey,053,433212,5906,4806,15,4821,28
2020-08-03,Napa,055,140530,1211,973,0,973,8
2020-08-03,Nevada,057,99092,352,315,13,328,2
2020-08-03,Orange,059,3164182,44669,37705,876,38581,651
2020-08-03,Placer,061,380077,2426,1947,3,1950,16
2020-08-03,Plumas,063,18699,36,25,0,25,0
2020-08-03,Riverside,065,2383286,46491,38642,45,38687,740
2020-08-03,Sacramento,067,1510023,13620,10143,12,10155,142
2020-08-03,San Benito,069,59416,754,603,0,603,2
2020-08-03,San Bernardino,071,2135413,41513,33979,188,34167,444
2020-08-03,San Diego,073,3302833,33472,30228,36,30264,565
2020-08-03,San Francisco,075,870044,7672,6319,6,6325,60
2020-08-03,San Joaquin,077,732212,15321,12007,15,12022,189
2020-08-03,San Luis Obispo,079,281455,2317,1863,8,1871,14
2020-08-03,San Mateo,081,765935,6816,5661,7,5668,115
2020-08-03,Santa Barbara,083,443738,7039,6580,66,6646,59
2020-08-03,Santa Clara,085,1922200,13683,10747,31,10778,172
2020-08-03,Santa Cruz,087,273765,1406,1154,7,1161,4
2020-08-03,Shasta,089,179085,512,322,3,325,9
2020-08-03,Sierra,091,2930,5,1,0,1,0
2020-08-03,Siskiyou,093,43540,99,67,0,67,0
2020-08-03,Solano,095,438530,4458,3610,24,3634,29
2020-08-03,Sonoma,097,501317,3989,3079,7,3086,33
2020-08-03,Stanislaus,099,539301,12273,9308,66,9374,96
2020-08-03,Sutter,101,95872,939,713,1,714,6
2020-08-03,Tehama,103,63373,293,225,2,227,1
2020-08-03,Trinity,105,12862,27,5,6,11,0
2020-08-03,Tulare,107,460477,11789,9703,32,9735,188
2020-08-03,Tuolumne,109,53932,158,123,3,126,0
2020-08-03,Ventura,111,848112,9192,8084,31,8115,74
2020-08-03,Yolo,113,214977,1942,1598,3,1601,37
2020-08-03,Yuba,115,75493,550,393,0,393,1
2020-08-02,Alameda,001,1643700,14179,11696,90,11786,188
2020-08-02,Alpine,003,1148,2,2,0,2,0
2020-08-02,Amador,005,37829,194,117,0,117,0
2020-08-02,Butte,007,227075,1217,987,17,1004,9
2020-08-02,Calaveras,009,45235,153,116,0,116,1
2020-08-02,Colusa,011,21464,387,335,0,335,2
2020-08-02,Contra Costa,013,1133247,10792,7995,30,8025,118
2020-08-02,Del Norte,015,27424,89,68,0,68,0
2020-08-02,El Dorado,017,186661,823,643,5,648,1
2020-08-02,Fresno,019,978130,22307,15759,196,15955,151
2020-08-02,Glenn,021,27897,388,315,0,315,1
2020-08-02,Humboldt,023,135768,272,232,1,233,4
2020-08-02,Imperial,025,180216,10423,7919,6,7925,157
2020-08-02,Inyo,027,18085,84,45,1,46,1
2020-08-02,Kern,029,883053,25429,21162,137,21299,176
2020-08-02,Kings,031,150075,4913,3964,21,3985,47
2020-08-02,Lake,033,64148,240,201,0,201,1
2020-08-02,Lassen,035,31185,645,555,2,557,0
2020-08-02,Los Angeles,037,10098052,206498,192480,599,193079,4698
2020-08-02,Madera,039,155013,2967,2123,5,2128,18
2020-08-02,Marin,041,260295,5491,4985,9,4994,43
2020-08-02,Mariposa,043,17540,61,52,0,52,2
2020-08-02,Mendocino,045,87422,344,247,0,247,1
2020-08-02,Merced,047,269075,6100,4011,2,4013,29
2020-08-02,Modoc,049,8938,7,2,0,2,0
2020-08-02,Mono,051,14174,151,104,1,105,1
2020-08-02,Monterey,053,433212,5780,4698,15,4713,28
2020-08-02,Napa,055,140530,1196,956,0,956,8
2020-08-02,Nevada,057,99092,349,314,13,327,2
2020-08-02,Orange,059,3164182,44288,37266,865,38131,651
2020-08-02,Placer,061,380077,2387,1920,3,1923,15
2020-08-02,Plumas,063,18699,36,25,0,25,0
2020-08-02,Riverside,065,2383286,46058,38507,44,38551,735
2020-08-02,Sacramento,067,1510023,13341,10099,12,10111,142
2020-08-02,San Benito,069,59416,740,599,0,599,2
2020-08-02,San Bernardino,071,2135413,40911,33643,184,33827,443
2020-08-02,San Diego,073,3302833,33132,29885,27,29912,565
2020-08-02,San Francisco,075,870044,7554,6297,6,6303,60
2020-08-02,San Joaquin,077,732212,15037,11937,13,11950,189
2020-08-02,San Luis Obispo,079,281455,2254,1821,8,1829,14
2020-08-02,San Mateo,081,765935,6701,5618,7,5625,115
2020-08-02,Santa Barbara,083,443738,6949,6532,66,6598,59
2020-08-02,Santa Clara,085,1922200,13464,10577,31,10608,172
2020-08-02,Santa Cruz,087,273765,1386,1162,7,1169,4
2020-08-02,Shasta,089,179085,508,318,3,321,9
2020-08-02,Sierra,091,2930,4,1,0,1,0
2020-08-02,Siskiyou,093,43540,99,65,0,65,0
2020-08-02,Solano,095,438530,4400,3609,24,3633,29
2020-08-02,Sonoma,097,501317,3904,3005,7,3012,33
2020-08-02,Stanislaus,099,539301,12058,9277,61,9338,96
2020-08-02,Sutter,101,95872,904,714,1,715,6
2020-08-02,Tehama,103,63373,287,222,2,224,1
2020-08-02,Trinity,105,12862,27,5,6,11,0
2020-08-02,Tulare,107,460477,11580,9593,32,9625,188
2020-08-02,Tuolumne,109,53932,155,123,3,126,0
2020-08-02,Ventura,111,848112,9045,8014,31,8045,73
2020-08-02,Yolo,113,214977,1917,1588,3,1591,37
2020-08-02,Yuba,115,75493,530,393,0,393,1
2020-08-01,Alameda,001,1643700,14067,11590,90,11680,188
2020-08-01,Alpine,003,1148,2,2,0,2,0
2020-08-01,Amador,005,37829,190,109,0,109,0
2020-08-01,Butte,007,227075,1203,976,17,993,9
2020-08-01,Calaveras,009,45235,149,116,0,116,1
2020-08-01,Colusa,011,21464,386,327,0,327,2
2020-08-01,Contra Costa,013,1133247,10659,7867,29,7896,116
2020-08-01,Del Norte,015,27424,89,68,0,68,0
2020-08-01,El Dorado,017,186661,820,637,5,642,1
2020-08-01,Fresno,019,978130,22170,15448,196,15644,149
2020-08-01,Glenn,021,27897,387,311,0,311,1
2020-08-01,Humboldt,023,135768,271,232,1,233,4
2020-08-01,Imperial,025,180216,10387,7919,6,7925,156
2020-08-01,Inyo,027,18085,82,45,1,46,1
2020-08-01,Kern,029,883053,25271,20796,133,20929,176
2020-08-01,Kings,031,150075,4887,3948,21,3969,47
2020-08-01,Lake,033,64148,238,194,0,194,1
2020-08-01,Lassen,035,31185,644,555,2,557,0
2020-08-01,Los Angeles,037,10098052,205606,191023,572,191595,4674
2020-08-01,Madera,039,155013,2928,2103,5,2108,18
2020-08-01,Marin,041,260295,5476,4945,9,4954,43
2020-08-01,Mariposa,043,17540,61,50,0,50,2
2020-08-01,Mendocino,045,87422,337,243,0,243,1
2020-08-01,Merced,047,269075,6052,3972,2,3974,29
2020-08-01,Modoc,049,8938,7,2,0,2,0
2020-08-01,Mono,051,14174,150,104,1,105,1
2020-08-01,Monterey,053,433212,5713,4611,14,4625,28
2020-08-01,Napa,055,140530,1187,923,0,923,8
2020-08-01,Nevada,057,99092,345,305,13,318,2
2020-08-01,Orange,059,3164182,44061,36703,859,37562,648
2020-08-01,Placer,061,380077,2353,1891,3,1894,14
2020-08-01,Plumas,063,18699,35,25,0,25,0
2020-08-01,Riverside,065,2383286,45846,38216,42,38258,704
2020-08-01,Sacramento,067,1510023,13190,10044,12,10056,141
2020-08-01,San Benito,069,59416,729,579,0,579,2
2020-08-01,San Bernardino,071,2135413,40675,32947,183,33130,440
2020-08-01,San Diego,073,3302833,32915,29579,19,29598,565
2020-08-01,San Francisco,075,870044,7493,6296,6,6302,60
2020-08-01,San Joaquin,077,732212,14963,11807,12,11819,189
2020-08-01,San Luis Obispo,079,281455,2225,1798,8,1806,13
2020-08-01,San Mateo,081,765935,6647,5520,7,5527,115
2020-08-01,Santa Barbara,083,443738,6909,6465,66,6531,59
2020-08-01,Santa Clara,085,1922200,13313,10281,30,10311,171
2020-08-01,Santa Cruz,087,273765,1370,1164,7,1171,4
2020-08-01,Shasta,089,179085,503,312,3,315,9
2020-08-01,Sierra,091,2930,3,1,0,1,0
2020-08-01,Siskiyou,093,43540,99,64,0,64,0
2020-08-01,Solano,095,438530,4366,3591,23,3614,29
2020-08-01,Sonoma,097,501317,3858,2890,7,2897,29
2020-08-01,Stanislaus,099,539301,11940,9221,54,9275,96
2020-08-01,Sutter,101,95872,900,714,1,715,6
2020-08-01,Tehama,103,63373,284,220,2,222,1
2020-08-01,Trinity,105,12862,27,5,6,11,0
2020-08-01,Tulare,107,460477,11512,9520,32,9552,188
2020-08-01,Tuolumne,109,53932,155,123,3,126,0
2020-08-01,Ventura,111,848112,8999,7819,31,7850,73
2020-08-01,Yolo,113,214977,1907,1557,3,1560,37
2020-08-01,Yuba,115,75493,525,387,0,387,1
2020-07-31,Alameda,001,1643700,13938,11441,90,11531,187
2020-07-31,Alpine,003,1148,2,2,0,2,0
2020-07-31,Amador,005,37829,189,98,0,98,0
2020-07-31,Butte,007,227075,1180,925,17,942,7
2020-07-31,Calaveras,009,45235,149,112,0,112,1
2020-07-31,Colusa,011,21464,376,319,0,319,2
2020-07-31,Contra Costa,013,1133247,10512,7697,28,7725,113
2020-07-31,Del Norte,015,27424,88,68,0,68,0
2020-07-31,El Dorado,017,186661,809,616,5,621,1
2020-07-31,Fresno,019,978130,21950,15083,196,15279,133
2020-07-31,Glenn,021,27897,380,304,0,304,1
2020-07-31,Humboldt,023,135768,264,229,1,230,4
2020-07-31,Imperial,025,180216,10355,7886,5,7891,155
2020-07-31,Inyo,027,18085,72,45,1,46,1
2020-07-31,Kern,029,883053,25030,20061,129,20190,173
2020-07-31,Kings,031,150075,4859,3807,21,3828,45
2020-07-31,Lake,033,64148,237,191,0,191,1
2020-07-31,Lassen,035,31185,639,544,2,546,0
2020-07-31,Los Angeles,037,10098052,204008,188688,559,189247,4628
2020-07-31,Madera,039,155013,2881,2036,5,2041,19
2020-07-31,Marin,041,260295,5432,4885,6,4891,43
2020-07-31,Mariposa,043,17540,61,49,0,49,2
2020-07-31,Mendocino,045,87422,322,232,0,232,1
2020-07-31,Merced,047,269075,5969,3789,2,3791,30
2020-07-31,Modoc,049,8938,6,0,0,0,0
2020-07-31,Mono,051,14174,149,104,1,105,1
2020-07-31,Monterey,053,433212,5621,4493,14,4507,24
2020-07-31,Napa,055,140530,1175,897,0,897,7
2020-07-31,Nevada,057,99092,343,302,13,315,2
2020-07-31,Orange,059,3164182,43762,36196,842,37038,620
2020-07-31,Placer,061,380077,2328,1853,3,1856,14
2020-07-31,Plumas,063,18699,34,25,0,25,0
2020-07-31,Riverside,065,2383286,45456,37612,41,37653,694
2020-07-31,Sacramento,067,1510023,13012,9872,12,9884,132
2020-07-31,San Benito,069,59416,721,567,0,567,2
2020-07-31,San Bernardino,071,2135413,40345,32332,182,32514,434
2020-07-31,San Diego,073,3302833,32681,29050,11,29061,561
2020-07-31,San Francisco,075,870044,7393,6126,6,6132,60
2020-07-31,San Joaquin,077,732212,14823,11561,12,11573,177
2020-07-31,San Luis Obispo,079,281455,2156,1746,8,1754,12
2020-07-31,San Mateo,081,765935,6575,5416,7,5423,115
2020-07-31,Santa Barbara,083,443738,6842,6375,66,6441,58
2020-07-31,Santa Clara,085,1922200,13092,9863,30,9893,171
2020-07-31,Santa Cruz,087,273765,1347,1118,7,1125,4
2020-07-31,Shasta,089,179085,493,305,3,308,9
2020-07-31,Sierra,091,2930,3,1,0,1,0
2020-07-31,Siskiyou,093,43540,97,61,0,61,0
2020-07-31,Solano,095,438530,4319,3510,22,3532,29
2020-07-31,Sonoma,097,501317,3800,2745,7,2752,27
2020-07-31,Stanislaus,099,539301,11834,9061,49,9110,94
2020-07-31,Sutter,101,95872,895,714,1,715,6
2020-07-31,Tehama,103,63373,281,213,2,215,1
2020-07-31,Trinity,105,12862,27,5,6,11,0
2020-07-31,Tulare,107,460477,11391,9365,32,9397,184
2020-07-31,Tuolumne,109,53932,155,120,3,123,0
2020-07-31,Ventura,111,848112,8924,7521,31,7552,71
2020-07-31,Yolo,113,214977,1881,1522,3,1525,38
2020-07-31,Yuba,115,75493,516,369,0,369,1
2020-07-30,Alameda,001,1643700,13735,11303,52,11355,185
2020-07-30,Alpine,003,1148,2,2,0,2,0
2020-07-30,Amador,005,37829,171,97,0,97,0
2020-07-30,Butte,007,227075,1164,915,17,932,7
2020-07-30,Calaveras,009,45235,145,111,0,111,1
2020-07-30,Colusa,011,21464,373,315,0,315,2
2020-07-30,Contra Costa,013,1133247,10328,7615,27,7642,112
2020-07-30,Del Norte,015,27424,88,68,0,68,0
2020-07-30,El Dorado,017,186661,802,608,5,613,1
2020-07-30,Fresno,019,978130,21614,14793,190,14983,133
2020-07-30,Glenn,021,27897,373,297,0,297,1
2020-07-30,Humboldt,023,135768,262,228,1,229,4
2020-07-30,Imperial,025,180216,10296,7849,5,7854,151
2020-07-30,Inyo,027,18085,68,44,1,45,1
2020-07-30,Kern,029,883053,24737,19552,125,19677,171
2020-07-30,Kings,031,150075,4755,3785,21,3806,43
2020-07-30,Lake,033,64148,231,181,0,181,1
2020-07-30,Lassen,035,31185,636,544,2,546,0
2020-07-30,Los Angeles,037,10098052,201978,186177,529,186706,4564
2020-07-30,Madera,039,155013,2811,2007,5,2012,18
2020-07-30,Marin,041,260295,5390,4835,5,4840,39
2020-07-30,Mariposa,043,17540,61,49,0,49,1
2020-07-30,Mendocino,045,87422,315,232,0,232,1
2020-07-30,Merced,047,269075,5805,3695,2,3697,30
2020-07-30,Modoc,049,8938,6,0,0,0,0
2020-07-30,Mono,051,14174,148,104,1,105,1
2020-07-30,Monterey,053,433212,5509,4352,14,4366,24
2020-07-30,Napa,055,140530,1158,874,0,874,7
2020-07-30,Nevada,057,99092,338,292,13,305,2
2020-07-30,Orange,059,3164182,43347,36105,818,36923,607
2020-07-30,Placer,061,380077,2277,1821,3,1824,14
2020-07-30,Plumas,063,18699,33,25,0,25,0
2020-07-30,Riverside,065,2383286,44915,37308,41,37349,685
2020-07-30,Sacramento,067,1510023,12793,9704,12,9716,126
2020-07-30,San Benito,069,59416,708,558,0,558,2
2020-07-30,San Bernardino,071,2135413,39822,32010,182,32192,427
2020-07-30,San Diego,073,3302833,32334,28670,9,28679,558
2020-07-30,San Francisco,075,870044,7292,6107,6,6113,59
2020-07-30,San Joaquin,077,732212,14629,11435,12,11447,161
2020-07-30,San Luis Obispo,079,281455,2120,1703,8,1711,12
2020-07-30,San Mateo,081,765935,6480,5369,7,5376,115
2020-07-30,Santa Barbara,083,443738,6762,6273,66,6339,52
2020-07-30,Santa Clara,085,1922200,12858,9708,29,9737,170
2020-07-30,Santa Cruz,087,273765,1319,1087,7,1094,4
2020-07-30,Shasta,089,179085,489,306,3,309,8
2020-07-30,Sierra,091,2930,3,1,0,1,0
2020-07-30,Siskiyou,093,43540,96,60,0,60,0
2020-07-30,Solano,095,438530,4268,3463,22,3485,29
2020-07-30,Sonoma,097,501317,3729,2684,7,2691,25
2020-07-30,Stanislaus,099,539301,11621,8890,41,8931,94
2020-07-30,Sutter,101,95872,876,698,1,699,6
2020-07-30,Tehama,103,63373,278,208,2,210,1
2020-07-30,Trinity,105,12862,26,4,6,10,0
2020-07-30,Tulare,107,460477,11262,9167,32,9199,177
2020-07-30,Tuolumne,109,53932,154,119,3,122,0
2020-07-30,Ventura,111,848112,8812,7304,29,7333,69
2020-07-30,Yolo,113,214977,1861,1511,3,1514,37
2020-07-30,Yuba,115,75493,503,362,0,362,1
2020-07-29,Alameda,001,1643700,13515,11177,47,11224,180
2020-07-29,Alpine,003,1148,2,2,0,2,0
2020-07-29,Amador,005,37829,163,80,0,80,0
2020-07-29,Butte,007,227075,1138,889,15,904,7
2020-07-29,Calaveras,009,45235,139,107,0,107,1
2020-07-29,Colusa,011,21464,369,302,0,302,2
2020-07-29,Contra Costa,013,1133247,10124,7520,27,7547,108
2020-07-29,Del Norte,015,27424,88,68,0,68,0
2020-07-29,El Dorado,017,186661,792,588,5,593,1
2020-07-29,Fresno,019,978130,21322,14312,190,14502,125
2020-07-29,Glenn,021,27897,366,294,0,294,1
2020-07-29,Humboldt,023,135768,259,221,1,222,4
2020-07-29,Imperial,025,180216,10248,7825,5,7830,147
2020-07-29,Inyo,027,18085,63,44,1,45,1
2020-07-29,Kern,029,883053,24398,19073,122,19195,162
2020-07-29,Kings,031,150075,4707,3755,21,3776,43
2020-07-29,Lake,033,64148,229,179,0,179,1
2020-07-29,Lassen,035,31185,621,513,2,515,0
2020-07-29,Los Angeles,037,10098052,199953,183600,512,184112,4523
2020-07-29,Madera,039,155013,2757,1941,5,1946,18
2020-07-29,Marin,041,260295,5352,4747,5,4752,34
2020-07-29,Mariposa,043,17540,60,47,0,47,1
2020-07-29,Mendocino,045,87422,307,228,0,228,0
2020-07-29,Merced,047,269075,5665,3605,2,3607,25
2020-07-29,Modoc,049,8938,5,0,0,0,0
2020-07-29,Mono,051,14174,145,102,1,103,1
2020-07-29,Monterey,053,433212,5409,4252,14,4266,24
2020-07-29,Napa,055,140530,1130,866,0,866,7
2020-07-29,Nevada,057,99092,334,288,13,301,1
2020-07-29,Orange,059,3164182,42913,35339,807,36146,589
2020-07-29,Placer,061,380077,2245,1798,3,1801,14
2020-07-29,Plumas,063,18699,33,25,0,25,0
2020-07-29,Riverside,065,2383286,44323,36968,41,37009,678
2020-07-29,Sacramento,067,1510023,12547,9538,12,9550,122
2020-07-29,San Benito,069,59416,693,537,0,537,2
2020-07-29,San Bernardino,071,2135413,39333,31168,171,31339,417
2020-07-29,San Diego,073,3302833,32009,28289,8,28297,552
2020-07-29,San Francisco,075,870044,7198,6041,6,6047,56
2020-07-29,San Joaquin,077,732212,14381,11249,9,11258,154
2020-07-29,San Luis Obispo,079,281455,2099,1673,8,1681,11
2020-07-29,San Mateo,081,765935,6392,5305,7,5312,114
2020-07-29,Santa Barbara,083,443738,6695,6215,66,6281,31
2020-07-29,Santa Clara,085,1922200,12652,9567,29,9596,165
2020-07-29,Santa Cruz,087,273765,1295,1051,7,1058,4
2020-07-29,Shasta,089,179085,477,297,3,300,8
2020-07-29,Sierra,091,2930,2,1,0,1,0
2020-07-29,Siskiyou,093,43540,94,58,0,58,0
2020-07-29,Solano,095,438530,4214,3380,22,3402,29
2020-07-29,Sonoma,097,501317,3651,2598,7,2605,26
2020-07-29,Stanislaus,099,539301,11400,8745,35,8780,94
2020-07-29,Sutter,101,95872,848,678,1,679,6
2020-07-29,Tehama,103,63373,274,206,2,208,1
2020-07-29,Trinity,105,12862,26,4,6,10,0
2020-07-29,Tulare,107,460477,11091,9028,32,9060,156
2020-07-29,Tuolumne,109,53932,154,118,3,121,0
2020-07-29,Ventura,111,848112,8707,7161,29,7190,68
2020-07-29,Yolo,113,214977,1835,1488,3,1491,36
2020-07-29,Yuba,115,75493,487,350,0,350,1
2020-07-28,Alameda,001,1643700,13285,10875,46,10921,180
2020-07-28,Alpine,003,1148,2,2,0,2,0
2020-07-28,Amador,005,37829,153,77,0,77,0
2020-07-28,Butte,007,227075,1103,857,15,872,7
2020-07-28,Calaveras,009,45235,138,105,0,105,1
2020-07-28,Colusa,011,21464,363,290,0,290,2
2020-07-28,Contra Costa,013,1133247,9902,7426,27,7453,107
2020-07-28,Del Norte,015,27424,87,68,0,68,0
2020-07-28,El Dorado,017,186661,777,558,5,563,1
2020-07-28,Fresno,019,978130,20986,13933,184,14117,125
2020-07-28,Glenn,021,27897,364,289,0,289,1
2020-07-28,Humboldt,023,135768,258,218,1,219,4
2020-07-28,Imperial,025,180216,10212,7804,5,7809,145
2020-07-28,Inyo,027,18085,61,43,1,44,1
2020-07-28,Kern,029,883053,24035,18834,116,18950,155
2020-07-28,Kings,031,150075,4661,3721,21,3742,41
2020-07-28,Lake,033,64148,225,179,0,179,1
2020-07-28,Lassen,035,31185,615,508,2,510,0
2020-07-28,Los Angeles,037,10098052,197722,179107,490,179597,4435
2020-07-28,Madera,039,155013,2691,1889,5,1894,18
2020-07-28,Marin,041,260295,5283,4698,5,4703,23
2020-07-28,Mariposa,043,17540,58,45,0,45,1
2020-07-28,Mendocino,045,87422,296,222,0,222,0
2020-07-28,Merced,047,269075,5520,3446,2,3448,23
2020-07-28,Modoc,049,8938,4,0,0,0,0
2020-07-28,Mono,051,14174,144,102,1,103,1
2020-07-28,Monterey,053,433212,5289,4047,14,4061,22
2020-07-28,Napa,055,140530,1108,824,0,824,6
2020-07-28,Nevada,057,99092,329,278,13,291,1
2020-07-28,Orange,059,3164182,42455,34832,793,35625,582
2020-07-28,Placer,061,380077,2209,1759,3,1762,14
2020-07-28,Plumas,063,18699,33,22,0,22,0
2020-07-28,Riverside,065,2383286,43722,36458,41,36499,668
2020-07-28,Sacramento,067,1510023,12288,9429,11,9440,117
2020-07-28,San Benito,069,59416,683,503,0,503,2
2020-07-28,San Bernardino,071,2135413,38810,30493,167,30660,412
2020-07-28,San Diego,073,3302833,31659,28007,6,28013,547
2020-07-28,San Francisco,075,870044,7085,5888,6,5894,56
2020-07-28,San Joaquin,077,732212,14099,10958,6,10964,141
2020-07-28,San Luis Obispo,079,281455,2066,1636,8,1644,9
2020-07-28,San Mateo,081,765935,6319,5171,7,5178,114
2020-07-28,Santa Barbara,083,443738,6631,6110,64,6174,31
2020-07-28,Santa Clara,085,1922200,12418,9307,29,9336,165
2020-07-28,Santa Cruz,087,273765,1268,1018,7,1025,4
2020-07-28,Shasta,089,179085,465,275,3,278,8
2020-07-28,Sierra,091,2930,2,1,0,1,0
2020-07-28,Siskiyou,093,43540,90,57,0,57,0
2020-07-28,Solano,095,438530,4167,3292,21,3313,29
2020-07-28,Sonoma,097,501317,3577,2553,7,2560,20
2020-07-28,Stanislaus,099,539301,11178,8492,27,8519,92
2020-07-28,Sutter,101,95872,811,653,0,653,2
2020-07-28,Tehama,103,63373,269,199,2,201,1
2020-07-28,Trinity,105,12862,26,3,6,9,0
2020-07-28,Tulare,107,460477,10904,8787,32,8819,96
2020-07-28,Tuolumne,109,53932,153,116,3,119,0
2020-07-28,Ventura,111,848112,8581,7045,28,7073,68
2020-07-28,Yolo,113,214977,1807,1459,3,1462,36
2020-07-28,Yuba,115,75493,470,333,0,333,1
2020-07-27,Alameda,001,1643700,13057,10645,43,10688,176
2020-07-27,Alpine,003,1148,2,2,0,2,0
2020-07-27,Amador,005,37829,148,72,0,72,0
2020-07-27,Butte,007,227075,1076,843,15,858,7
2020-07-27,Calaveras,009,45235,134,103,0,103,1
2020-07-27,Colusa,011,21464,356,271,0,271,2
2020-07-27,Contra Costa,013,1133247,9679,7256,27,7283,104
2020-07-27,Del Norte,015,27424,86,67,0,67,0
2020-07-27,El Dorado,017,186661,765,548,5,553,1
2020-07-27,Fresno,019,978130,20638,13485,178,13663,117
2020-07-27,Glenn,021,27897,362,277,0,277,1
2020-07-27,Humboldt,023,135768,253,218,1,219,4
2020-07-27,Imperial,025,180216,10162,7789,5,7794,144
2020-07-27,Inyo,027,18085,61,43,1,44,1
2020-07-27,Kern,029,883053,23533,17994,110,18104,148
2020-07-27,Kings,031,150075,4412,3685,21,3706,39
2020-07-27,Lake,033,64148,221,176,0,176,1
2020-07-27,Lassen,035,31185,615,503,2,505,0
2020-07-27,Los Angeles,037,10098052,195296,176351,472,176823,4379
2020-07-27,Madera,039,155013,2626,1793,5,1798,17
2020-07-27,Marin,041,260295,5195,4669,5,4674,22
2020-07-27,Mariposa,043,17540,58,43,0,43,1
2020-07-27,Mendocino,045,87422,282,209,0,209,0
2020-07-27,Merced,047,269075,5380,3292,2,3294,23
2020-07-27,Modoc,049,8938,3,0,0,0,0
2020-07-27,Mono,051,14174,140,99,1,100,1
2020-07-27,Monterey,053,433212,5100,3960,14,3974,21
2020-07-27,Napa,055,140530,1093,769,0,769,6
2020-07-27,Nevada,057,99092,325,268,13,281,1
2020-07-27,Orange,059,3164182,42015,34649,777,35426,566
2020-07-27,Placer,061,380077,2159,1679,3,1682,12
2020-07-27,Plumas,063,18699,33,22,0,22,0
2020-07-27,Riverside,065,2383286,43043,35822,41,35863,667
2020-07-27,Sacramento,067,1510023,11995,9091,11,9102,114
2020-07-27,San Benito,069,59416,668,498,0,498,2
2020-07-27,San Bernardino,071,2135413,38217,29928,157,30085,401
2020-07-27,San Diego,073,3302833,31285,27509,5,27514,533
2020-07-27,San Francisco,075,870044,6998,5825,6,5831,55
2020-07-27,San Joaquin,077,732212,13810,10728,6,10734,129
2020-07-27,San Luis Obispo,079,281455,2020,1612,8,1620,9
2020-07-27,San Mateo,081,765935,6210,5108,7,5115,113
2020-07-27,Santa Barbara,083,443738,6552,6026,62,6088,30
2020-07-27,Santa Clara,085,1922200,12149,9157,28,9185,166
2020-07-27,Santa Cruz,087,273765,1244,984,7,991,4
2020-07-27,Shasta,089,179085,458,275,3,278,8
2020-07-27,Sierra,091,2930,2,1,0,1,0
2020-07-27,Siskiyou,093,43540,88,54,0,54,0
2020-07-27,Solano,095,438530,4100,3198,20,3218,29
2020-07-27,Sonoma,097,501317,3486,2504,7,2511,20
2020-07-27,Stanislaus,099,539301,10952,8288,19,8307,84
2020-07-27,Sutter,101,95872,785,620,0,620,2
2020-07-27,Tehama,103,63373,261,192,2,194,1
2020-07-27,Trinity,105,12862,26,3,6,9,0
2020-07-27,Tulare,107,460477,10686,8462,32,8494,172
2020-07-27,Tuolumne,109,53932,150,115,3,118,0
2020-07-27,Ventura,111,848112,8453,6998,27,7025,68
2020-07-27,Yolo,113,214977,1762,1439,3,1442,33
2020-07-27,Yuba,115,75493,450,328,0,328,1
2020-07-26,Alameda,001,1643700,12819,10489,42,10531,176
2020-07-26,Alpine,003,1148,2,2,0,2,0
2020-07-26,Amador,005,37829,142,67,0,67,0
2020-07-26,Butte,007,227075,1039,822,15,837,5
2020-07-26,Calaveras,009,45235,131,103,0,103,1
2020-07-26,Colusa,011,21464,347,270,0,270,2
2020-07-26,Contra Costa,013,1133247,9442,7095,27,7122,104
2020-07-26,Del Norte,015,27424,84,67,0,67,0
2020-07-26,El Dorado,017,186661,747,539,5,544,1
2020-07-26,Fresno,019,978130,20247,13209,170,13379,117
2020-07-26,Glenn,021,27897,354,265,0,265,1
2020-07-26,Humboldt,023,135768,247,214,1,215,4
2020-07-26,Imperial,025,180216,10090,7781,5,7786,144
2020-07-26,Inyo,027,18085,56,43,1,44,1
2020-07-26,Kern,029,883053,23008,17394,107,17501,148
2020-07-26,Kings,031,150075,4353,3591,21,3612,39
2020-07-26,Lake,033,64148,213,174,0,174,1
2020-07-26,Lassen,035,31185,574,503,2,505,0
2020-07-26,Los Angeles,037,10098052,192727,174322,454,174776,4364
2020-07-26,Madera,039,155013,2539,1744,5,1749,17
2020-07-26,Marin,041,260295,5149,4595,5,4600,22
2020-07-26,Mariposa,043,17540,56,43,0,43,1
2020-07-26,Mendocino,045,87422,273,206,0,206,0
2020-07-26,Merced,047,269075,5200,3251,2,3253,23
2020-07-26,Modoc,049,8938,3,0,0,0,0
2020-07-26,Mono,051,14174,136,82,1,83,1
2020-07-26,Monterey,053,433212,4934,3901,14,3915,21
2020-07-26,Napa,055,140530,1074,769,0,769,6
2020-07-26,Nevada,057,99092,322,261,13,274,1
2020-07-26,Orange,059,3164182,41490,34352,746,35098,564
2020-07-26,Placer,061,380077,2095,1628,3,1631,12
2020-07-26,Plumas,063,18699,33,22,0,22,0
2020-07-26,Riverside,065,2383286,42483,35636,41,35677,665
2020-07-26,Sacramento,067,1510023,11690,8972,11,8983,114
2020-07-26,San Benito,069,59416,656,495,0,495,2
2020-07-26,San Bernardino,071,2135413,37576,29545,149,29694,400
2020-07-26,San Diego,073,3302833,30889,26986,4,26990,533
2020-07-26,San Francisco,075,870044,6892,5823,6,5829,55
2020-07-26,San Joaquin,077,732212,13517,10637,6,10643,129
2020-07-26,San Luis Obispo,079,281455,1978,1565,8,1573,8
2020-07-26,San Mateo,081,765935,6105,5078,7,5085,113
2020-07-26,Santa Barbara,083,443738,6451,5939,62,6001,30
2020-07-26,Santa Clara,085,1922200,11920,8986,28,9014,166
2020-07-26,Santa Cruz,087,273765,1217,970,7,977,4
2020-07-26,Shasta,089,179085,451,265,3,268,8
2020-07-26,Sierra,091,2930,2,1,0,1,0
2020-07-26,Siskiyou,093,43540,86,54,0,54,0
2020-07-26,Solano,095,438530,4020,3197,18,3215,29
2020-07-26,Sonoma,097,501317,3397,2503,6,2509,20
2020-07-26,Stanislaus,099,539301,10691,8228,18,8246,84
2020-07-26,Sutter,101,95872,771,612,0,612,2
2020-07-26,Tehama,103,63373,254,175,2,177,1
2020-07-26,Trinity,105,12862,26,3,6,9,0
2020-07-26,Tulare,107,460477,10480,8392,32,8424,172
2020-07-26,Tuolumne,109,53932,145,113,3,116,0
2020-07-26,Ventura,111,848112,8246,6844,27,6871,67
2020-07-26,Yolo,113,214977,1731,1408,3,1411,33
2020-07-26,Yuba,115,75493,431,313,0,313,1
2020-07-25,Alameda,001,1643700,12722,10361,40,10401,176
2020-07-25,Alpine,003,1148,2,2,0,2,0
2020-07-25,Amador,005,37829,139,67,0,67,0
2020-07-25,Butte,007,227075,1030,810,15,825,5
2020-07-25,Calaveras,009,45235,127,103,0,103,1
2020-07-25,Colusa,011,21464,340,265,0,265,2
2020-07-25,Contra Costa,013,1133247,9298,6920,27,6947,104
2020-07-25,Del Norte,015,27424,84,67,0,67,0
2020-07-25,El Dorado,017,186661,736,528,5,533,1
2020-07-25,Fresno,019,978130,20060,12866,170,13036,117
2020-07-25,Glenn,021,27897,352,260,0,260,1
2020-07-25,Humboldt,023,135768,244,212,1,213,4
2020-07-25,Imperial,025,180216,10064,7727,5,7732,144
2020-07-25,Inyo,027,18085,55,43,1,44,1
2020-07-25,Kern,029,883053,22790,16910,106,17016,148
2020-07-25,Kings,031,150075,4336,3516,21,3537,39
2020-07-25,Lake,033,64148,211,173,0,173,1
2020-07-25,Lassen,035,31185,574,503,2,505,0
2020-07-25,Los Angeles,037,10098052,191593,172611,447,173058,4357
2020-07-25,Madera,039,155013,2507,1724,5,1729,17
2020-07-25,Marin,041,260295,5133,4562,5,4567,22
2020-07-25,Mariposa,043,17540,55,43,0,43,1
2020-07-25,Mendocino,045,87422,267,190,0,190,0
2020-07-25,Merced,047,269075,5121,3176,2,3178,23
2020-07-25,Modoc,049,8938,3,0,0,0,0
2020-07-25,Mono,051,14174,136,82,1,83,1
2020-07-25,Monterey,053,433212,4857,3805,14,3819,21
2020-07-25,Napa,055,140530,1061,746,0,746,6
2020-07-25,Nevada,057,99092,320,257,13,270,1
2020-07-25,Orange,059,3164182,41271,33978,725,34703,561
2020-07-25,Placer,061,380077,2079,1596,3,1599,12
2020-07-25,Plumas,063,18699,33,22,0,22,0
2020-07-25,Riverside,065,2383286,42214,34921,41,34962,655
2020-07-25,Sacramento,067,1510023,11544,8674,11,8685,113
2020-07-25,San Benito,069,59416,640,492,0,492,2
2020-07-25,San Bernardino,071,2135413,37298,29265,146,29411,394
2020-07-25,San Diego,073,3302833,30628,26703,3,26706,533
2020-07-25,San Francisco,075,870044,6834,5644,6,5650,55
2020-07-25,San Joaquin,077,732212,13391,10347,5,10352,129
2020-07-25,San Luis Obispo,079,281455,1958,1530,7,1537,8
2020-07-25,San Mateo,081,765935,6042,5023,7,5030,113
2020-07-25,Santa Barbara,083,443738,6416,5880,62,5942,30
2020-07-25,Santa Clara,085,1922200,11786,8767,28,8795,166
2020-07-25,Santa Cruz,087,273765,1200,939,7,946,4
2020-07-25,Shasta,089,179085,446,263,1,264,8
2020-07-25,Sierra,091,2930,2,1,0,1,0
2020-07-25,Siskiyou,093,43540,84,54,0,54,0
2020-07-25,Solano,095,438530,3980,3107,16,3123,29
2020-07-25,Sonoma,097,501317,3358,2412,6,2418,20
2020-07-25,Stanislaus,099,539301,10588,7994,15,8009,84
2020-07-25,Sutter,101,95872,752,603,0,603,2
2020-07-25,Tehama,103,63373,253,169,2,171,1
2020-07-25,Trinity,105,12862,26,3,6,9,0
2020-07-25,Tulare,107,460477,10380,8310,32,8342,172
2020-07-25,Tuolumne,109,53932,144,99,3,102,0
2020-07-25,Ventura,111,848112,8173,6662,27,6689,62
2020-07-25,Yolo,113,214977,1716,1357,3,1360,35
2020-07-25,Yuba,115,75493,425,312,0,312,1
2020-07-24,Alameda,001,1643700,12580,10216,37,10253,176
2020-07-24,Alpine,003,1148,2,2,0,2,0
2020-07-24,Amador,005,37829,137,66,0,66,0
2020-07-24,Butte,007,227075,1018,751,15,766,5
2020-07-24,Calaveras,009,45235,123,102,0,102,0
2020-07-24,Colusa,011,21464,337,255,0,255,2
2020-07-24,Contra Costa,013,1133247,9153,6814,27,6841,100
2020-07-24,Del Norte,015,27424,84,66,0,66,0
2020-07-24,El Dorado,017,186661,714,516,5,521,1
2020-07-24,Fresno,019,978130,19835,12564,170,12734,115
2020-07-24,Glenn,021,27897,349,251,0,251,1
2020-07-24,Humboldt,023,135768,241,210,1,211,4
2020-07-24,Imperial,025,180216,10042,7686,5,7691,141
2020-07-24,Inyo,027,18085,55,41,1,42,1
2020-07-24,Kern,029,883053,22549,16124,106,16230,143
2020-07-24,Kings,031,150075,4306,3471,21,3492,39
2020-07-24,Lake,033,64148,209,167,0,167,1
2020-07-24,Lassen,035,31185,574,503,2,505,0
2020-07-24,Los Angeles,037,10098052,189568,169078,436,169514,4302
2020-07-24,Madera,039,155013,2474,1679,5,1684,16
2020-07-24,Marin,041,260295,5106,4517,5,4522,22
2020-07-24,Mariposa,043,17540,55,41,0,41,1
2020-07-24,Mendocino,045,87422,260,188,0,188,0
2020-07-24,Merced,047,269075,5036,3100,2,3102,23
2020-07-24,Modoc,049,8938,3,0,0,0,0
2020-07-24,Mono,051,14174,135,82,1,83,1
2020-07-24,Monterey,053,433212,4785,3748,14,3762,21
2020-07-24,Napa,055,140530,1048,741,0,741,6
2020-07-24,Nevada,057,99092,317,255,13,268,1
2020-07-24,Orange,059,3164182,40984,33530,709,34239,557
2020-07-24,Placer,061,380077,2048,1551,3,1554,12
2020-07-24,Plumas,063,18699,33,22,0,22,0
2020-07-24,Riverside,065,2383286,41790,34513,40,34553,631
2020-07-24,Sacramento,067,1510023,11356,8570,11,8581,110
2020-07-24,San Benito,069,59416,633,485,0,485,2
2020-07-24,San Bernardino,071,2135413,36927,28990,141,29131,386
2020-07-24,San Diego,073,3302833,30328,26100,3,26103,524
2020-07-24,San Francisco,075,870044,6740,5611,6,5617,55
2020-07-24,San Joaquin,077,732212,13242,10190,5,10195,118
2020-07-24,San Luis Obispo,079,281455,1934,1476,7,1483,8
2020-07-24,San Mateo,081,765935,5979,4954,7,4961,112
2020-07-24,Santa Barbara,083,443738,6363,5776,60,5836,30
2020-07-24,Santa Clara,085,1922200,11621,8658,28,8686,165
2020-07-24,Santa Cruz,087,273765,1180,930,7,937,4
2020-07-24,Shasta,089,179085,438,262,1,263,8
2020-07-24,Sierra,091,2930,2,1,0,1,0
2020-07-24,Siskiyou,093,43540,84,53,0,53,0
2020-07-24,Solano,095,438530,3944,3062,13,3075,29
2020-07-24,Sonoma,097,501317,3306,2345,6,2351,20
2020-07-24,Stanislaus,099,539301,10416,7861,12,7873,82
2020-07-24,Sutter,101,95872,741,593,0,593,2
2020-07-24,Tehama,103,63373,245,170,2,172,1
2020-07-24,Trinity,105,12862,25,3,6,9,0
2020-07-24,Tulare,107,460477,10286,8167,30,8197,167
2020-07-24,Tuolumne,109,53932,138,99,3,102,0
2020-07-24,Ventura,111,848112,8088,6553,27,6580,60
2020-07-24,Yolo,113,214977,1702,1329,3,1332,35
2020-07-24,Yuba,115,75493,410,307,0,307,1
2020-07-23,Alameda,001,1643700,12338,9924,37,9961,171
2020-07-23,Alpine,003,1148,2,2,0,2,0
2020-07-23,Amador,005,37829,120,61,0,61,0
2020-07-23,Butte,007,227075,1003,726,14,740,5
2020-07-23,Calaveras,009,45235,116,102,0,102,0
2020-07-23,Colusa,011,21464,329,242,0,242,2
2020-07-23,Contra Costa,013,1133247,8954,6619,25,6644,98
2020-07-23,Del Norte,015,27424,84,66,0,66,0
2020-07-23,El Dorado,017,186661,703,491,5,496,1
2020-07-23,Fresno,019,978130,19478,12164,167,12331,112
2020-07-23,Glenn,021,27897,344,246,0,246,1
2020-07-23,Humboldt,023,135768,240,208,1,209,4
2020-07-23,Imperial,025,180216,9992,7604,5,7609,138
2020-07-23,Inyo,027,18085,53,38,1,39,1
2020-07-23,Kern,029,883053,22142,14491,102,14593,128
2020-07-23,Kings,031,150075,4194,3371,21,3392,39
2020-07-23,Lake,033,64148,200,160,0,160,1
2020-07-23,Lassen,035,31185,571,503,2,505,0
2020-07-23,Los Angeles,037,10098052,187017,167198,410,167608,4265
2020-07-23,Madera,039,155013,2408,1659,4,1663,13
2020-07-23,Marin,041,260295,5054,4423,5,4428,22
2020-07-23,Mariposa,043,17540,55,40,0,40,1
2020-07-23,Mendocino,045,87422,250,178,0,178,0
2020-07-23,Merced,047,269075,4879,2972,2,2974,22
2020-07-23,Modoc,049,8938,3,0,0,0,0
2020-07-23,Mono,051,14174,131,82,1,83,1
2020-07-23,Monterey,053,433212,4668,3655,14,3669,21
2020-07-23,Napa,055,140530,1024,713,0,713,5
2020-07-23,Nevada,057,99092,314,247,13,260,1
2020-07-23,Orange,059,3164182,40487,32863,679,33542,544
2020-07-23,Placer,061,380077,2004,1519,3,1522,12
2020-07-23,Plumas,063,18699,32,21,0,21,0
2020-07-23,Riverside,065,2383286,41185,33833,40,33873,630
2020-07-23,Sacramento,067,1510023,11123,8222,11,8233,108
2020-07-23,San Benito,069,59416,618,478,0,478,2
2020-07-23,San Bernardino,071,2135413,36407,28121,135,28256,369
2020-07-23,San Diego,073,3302833,29954,25109,3,25112,505
2020-07-23,San Francisco,075,870044,6639,5543,6,5549,55
2020-07-23,San Joaquin,077,732212,13023,9861,5,9866,111
2020-07-23,San Luis Obispo,079,281455,1905,1438,7,1445,7
2020-07-23,San Mateo,081,765935,5874,4895,7,4902,113
2020-07-23,Santa Barbara,083,443738,6290,5628,60,5688,30
2020-07-23,Santa Clara,085,1922200,11402,8458,28,8486,165
2020-07-23,Santa Cruz,087,273765,1144,887,7,894,3
2020-07-23,Shasta,089,179085,427,254,1,255,9
2020-07-23,Sierra,091,2930,2,1,0,1,0
2020-07-23,Siskiyou,093,43540,82,53,0,53,0
2020-07-23,Solano,095,438530,3880,2962,11,2973,29
2020-07-23,Sonoma,097,501317,3230,2289,6,2295,18
2020-07-23,Stanislaus,099,539301,10174,7603,12,7615,71
2020-07-23,Sutter,101,95872,708,570,0,570,2
2020-07-23,Tehama,103,63373,239,158,2,160,1
2020-07-23,Trinity,105,12862,24,3,6,9,0
2020-07-23,Tulare,107,460477,10097,7898,30,7928,168
2020-07-23,Tuolumne,109,53932,138,93,3,96,0
2020-07-23,Ventura,111,848112,7964,6303,27,6330,56
2020-07-23,Yolo,113,214977,1683,1279,3,1282,35
2020-07-23,Yuba,115,75493,390,297,0,297,1
2020-07-22,Alameda,001,1643700,12120,9678,36,9714,169
2020-07-22,Alpine,003,1148,2,2,0,2,0
2020-07-22,Amador,005,37829,118,58,0,58,0
2020-07-22,Butte,007,227075,967,694,14,708,5
2020-07-22,Calaveras,009,45235,116,98,0,98,0
2020-07-22,Colusa,011,21464,322,236,0,236,0
2020-07-22,Contra Costa,013,1133247,8728,6401,25,6426,98
2020-07-22,Del Norte,015,27424,84,66,0,66,0
2020-07-22,El Dorado,017,186661,690,466,5,471,1
2020-07-22,Fresno,019,978130,19115,11756,161,11917,110
2020-07-22,Glenn,021,27897,338,236,0,236,1
2020-07-22,Humboldt,023,135768,238,201,1,202,4
2020-07-22,Imperial,025,180216,9932,7533,5,7538,134
2020-07-22,Inyo,027,18085,49,38,1,39,1
2020-07-22,Kern,029,883053,21710,13513,94,13607,127
2020-07-22,Kings,031,150075,4138,3271,21,3292,38
2020-07-22,Lake,033,64148,197,160,0,160,1
2020-07-22,Lassen,035,31185,568,500,2,502,0
2020-07-22,Los Angeles,037,10098052,184367,165242,389,165631,4218
2020-07-22,Madera,039,155013,2333,1578,4,1582,10
2020-07-22,Marin,041,260295,4998,4373,5,4378,23
2020-07-22,Mariposa,043,17540,55,38,0,38,1
2020-07-22,Mendocino,045,87422,243,166,0,166,0
2020-07-22,Merced,047,269075,4753,2828,2,2830,15
2020-07-22,Modoc,049,8938,3,0,0,0,0
2020-07-22,Mono,051,14174,128,82,1,83,1
2020-07-22,Monterey,053,433212,4567,3533,14,3547,20
2020-07-22,Napa,055,140530,1002,687,0,687,5
2020-07-22,Nevada,057,99092,308,239,12,251,1
2020-07-22,Orange,059,3164182,39988,32047,670,32717,522
2020-07-22,Placer,061,380077,1948,1469,3,1472,12
2020-07-22,Plumas,063,18699,31,20,0,20,0
2020-07-22,Riverside,065,2383286,40549,33093,40,33133,612
2020-07-22,Sacramento,067,1510023,10861,8028,11,8039,106
2020-07-22,San Benito,069,59416,604,465,0,465,2
2020-07-22,San Bernardino,071,2135413,35885,26820,124,26944,348
2020-07-22,San Diego,073,3302833,29566,25109,2,25111,505
2020-07-22,San Francisco,075,870044,6535,5473,5,5478,53
2020-07-22,San Joaquin,077,732212,12747,9628,5,9633,102
2020-07-22,San Luis Obispo,079,281455,1859,1373,7,1380,7
2020-07-22,San Mateo,081,765935,5785,4796,7,4803,112
2020-07-22,Santa Barbara,083,443738,6206,5508,58,5566,29
2020-07-22,Santa Clara,085,1922200,11158,8266,28,8294,166
2020-07-22,Santa Cruz,087,273765,1120,866,7,873,3
2020-07-22,Shasta,089,179085,417,246,1,247,9
2020-07-22,Sierra,091,2930,1,1,0,1,0
2020-07-22,Siskiyou,093,43540,81,52,0,52,0
2020-07-22,Solano,095,438530,3819,2839,10,2849,29
2020-07-22,Sonoma,097,501317,3153,2255,6,2261,17
2020-07-22,Stanislaus,099,539301,10003,7401,12,7413,71
2020-07-22,Sutter,101,95872,684,551,0,551,2
2020-07-22,Tehama,103,63373,231,155,2,157,1
2020-07-22,Trinity,105,12862,23,3,6,9,0
2020-07-22,Tulare,107,460477,9864,7640,30,7670,167
2020-07-22,Tuolumne,109,53932,134,91,3,94,0
2020-07-22,Ventura,111,848112,7836,6223,25,6248,56
2020-07-22,Yolo,113,214977,1640,1233,3,1236,34
2020-07-22,Yuba,115,75493,375,288,0,288,1
2020-07-21,Alameda,001,1643700,11907,9390,36,9426,166
2020-07-21,Alpine,003,1148,2,2,0,2,0
2020-07-21,Amador,005,37829,113,55,0,55,0
2020-07-21,Butte,007,227075,922,659,13,672,5
2020-07-21,Calaveras,009,45235,110,96,0,96,0
2020-07-21,Colusa,011,21464,298,227,0,227,0
2020-07-21,Contra Costa,013,1133247,8486,6210,25,6235,98
2020-07-21,Del Norte,015,27424,84,66,0,66,0
2020-07-21,El Dorado,017,186661,682,440,5,445,1
2020-07-21,Fresno,019,978130,18715,11412,155,11567,107
2020-07-21,Glenn,021,27897,331,229,0,229,1
2020-07-21,Humboldt,023,135768,236,198,1,199,4
2020-07-21,Imperial,025,180216,9883,7458,5,7463,128
2020-07-21,Inyo,027,18085,48,38,1,39,1
2020-07-21,Kern,029,883053,21288,11998,88,12086,119
2020-07-21,Kings,031,150075,4073,3187,20,3207,38
2020-07-21,Lake,033,64148,197,157,0,157,1
2020-07-21,Lassen,035,31185,566,474,2,476,0
2020-07-21,Los Angeles,037,10098052,181377,162205,367,162572,4159
2020-07-21,Madera,039,155013,2268,1508,3,1511,10
2020-07-21,Marin,041,260295,4926,4318,5,4323,21
2020-07-21,Mariposa,043,17540,54,37,0,37,1
2020-07-21,Mendocino,045,87422,232,160,0,160,0
2020-07-21,Merced,047,269075,4574,2725,2,2727,15
2020-07-21,Modoc,049,8938,3,0,0,0,0
2020-07-21,Mono,051,14174,124,79,1,80,1
2020-07-21,Monterey,053,433212,4435,3404,13,3417,20
2020-07-21,Napa,055,140530,975,660,0,660,5
2020-07-21,Nevada,057,99092,306,228,10,238,1
2020-07-21,Orange,059,3164182,39492,31356,638,31994,515
2020-07-21,Placer,061,380077,1907,1413,3,1416,11
2020-07-21,Plumas,063,18699,31,19,0,19,0
2020-07-21,Riverside,065,2383286,39847,32231,40,32271,583
2020-07-21,Sacramento,067,1510023,10589,7789,10,7799,102
2020-07-21,San Benito,069,59416,593,444,0,444,2
2020-07-21,San Bernardino,071,2135413,35238,25323,117,25440,343
2020-07-21,San Diego,073,3302833,29117,24522,2,24524,487
2020-07-21,San Francisco,075,870044,6426,5377,5,5382,53
2020-07-21,San Joaquin,077,732212,12418,9150,5,9155,99
2020-07-21,San Luis Obispo,079,281455,1810,1338,7,1345,7
2020-07-21,San Mateo,081,765935,5693,4733,7,4740,111
2020-07-21,Santa Barbara,083,443738,6126,5422,57,5479,29
2020-07-21,Santa Clara,085,1922200,10895,7989,28,8017,164
2020-07-21,Santa Cruz,087,273765,1087,835,7,842,3
2020-07-21,Shasta,089,179085,409,241,1,242,9
2020-07-21,Sierra,091,2930,1,1,0,1,0
2020-07-21,Siskiyou,093,43540,81,48,0,48,0
2020-07-21,Solano,095,438530,3746,2727,10,2737,27
2020-07-21,Sonoma,097,501317,3096,2200,6,2206,17
2020-07-21,Stanislaus,099,539301,9740,6984,12,6996,69
2020-07-21,Sutter,101,95872,668,533,0,533,2
2020-07-21,Tehama,103,63373,221,150,2,152,1
2020-07-21,Trinity,105,12862,23,2,6,8,0
2020-07-21,Tulare,107,460477,9662,7447,30,7477,167
2020-07-21,Tuolumne,109,53932,132,75,3,78,0
2020-07-21,Ventura,111,848112,7704,6131,25,6156,55
2020-07-21,Yolo,113,214977,1586,1204,3,1207,34
2020-07-21,Yuba,115,75493,369,269,0,269,1
2020-07-20,Alameda,001,1643700,11652,9244,35,9279,162
2020-07-20,Alpine,003,1148,2,2,0,2,0
2020-07-20,Amador,005,37829,110,53,0,53,0
2020-07-20,Butte,007,227075,885,586,13,599,4
2020-07-20,Calaveras,009,45235,107,90,0,90,0
2020-07-20,Colusa,011,21464,287,217,0,217,0
2020-07-20,Contra Costa,013,1133247,8278,5823,25,5848,97
2020-07-20,Del Norte,015,27424,84,61,0,61,0
2020-07-20,El Dorado,017,186661,659,407,5,412,0
2020-07-20,Fresno,019,978130,18273,10891,154,11045,106
2020-07-20,Glenn,021,27897,323,225,0,225,1
2020-07-20,Humboldt,023,135768,229,194,1,195,4
2020-07-20,Imperial,025,180216,9843,7337,5,7342,124
2020-07-20,Inyo,027,18085,46,38,1,39,1
2020-07-20,Kern,029,883053,20778,10908,84,10992,118
2020-07-20,Kings,031,150075,4023,3093,20,3113,37
2020-07-20,Lake,033,64148,194,147,0,147,1
2020-07-20,Lassen,035,31185,564,474,2,476,0
2020-07-20,Los Angeles,037,10098052,178415,159202,341,159543,4108
2020-07-20,Madera,039,155013,2193,1433,3,1436,10
2020-07-20,Marin,041,260295,4844,4255,5,4260,21
2020-07-20,Mariposa,043,17540,53,36,0,36,1
2020-07-20,Mendocino,045,87422,219,153,0,153,0
2020-07-20,Merced,047,269075,4404,2584,2,2586,15
2020-07-20,Modoc,049,8938,3,0,0,0,0
2020-07-20,Mono,051,14174,118,78,1,79,1
2020-07-20,Monterey,053,433212,4329,3205,13,3218,19
2020-07-20,Napa,055,140530,940,632,0,632,5
2020-07-20,Nevada,057,99092,298,218,10,228,1
2020-07-20,Orange,059,3164182,38882,30337,608,30945,507
2020-07-20,Placer,061,380077,1856,1364,3,1367,11
2020-07-20,Plumas,063,18699,30,17,0,17,0
2020-07-20,Riverside,065,2383286,39016,31163,40,31203,581
2020-07-20,Sacramento,067,1510023,10261,7369,10,7379,99
2020-07-20,San Benito,069,59416,575,433,0,433,2
2020-07-20,San Bernardino,071,2135413,34428,24226,113,24339,338
2020-07-20,San Diego,073,3302833,28675,24137,2,24139,478
2020-07-20,San Francisco,075,870044,6305,5090,5,5095,53
2020-07-20,San Joaquin,077,732212,12062,8583,5,8588,97
2020-07-20,San Luis Obispo,079,281455,1768,1282,7,1289,6
2020-07-20,San Mateo,081,765935,5593,4609,7,4616,111
2020-07-20,Santa Barbara,083,443738,6016,5266,55,5321,29
2020-07-20,Santa Clara,085,1922200,10667,7711,27,7738,164
2020-07-20,Santa Cruz,087,273765,1055,758,7,765,3
2020-07-20,Shasta,089,179085,394,233,1,234,9
2020-07-20,Sierra,091,2930,1,1,0,1,0
2020-07-20,Siskiyou,093,43540,77,42,0,42,0
2020-07-20,Solano,095,438530,3663,2537,10,2547,26
2020-07-20,Sonoma,097,501317,2989,2148,6,2154,17
2020-07-20,Stanislaus,099,539301,9456,6835,12,6847,58
2020-07-20,Sutter,101,95872,635,507,0,507,2
2020-07-20,Tehama,103,63373,211,146,2,148,1
2020-07-20,Trinity,105,12862,23,2,6,8,0
2020-07-20,Tulare,107,460477,9428,6974,30,7004,166
2020-07-20,Tuolumne,109,53932,131,75,3,78,0
2020-07-20,Ventura,111,848112,7570,5912,25,5937,52
2020-07-20,Yolo,113,214977,1545,1155,3,1158,30
2020-07-20,Yuba,115,75493,349,258,0,258,1
2020-07-19,Alameda,001,1643700,11411,9227,29,9256,162
2020-07-19,Alpine,003,1148,2,2,0,2,0
2020-07-19,Amador,005,37829,103,51,0,51,0
2020-07-19,Butte,007,227075,860,555,13,568,4
2020-07-19,Calaveras,009,45235,105,89,0,89,0
2020-07-19,Colusa,011,21464,279,187,0,187,0
2020-07-19,Contra Costa,013,1133247,7987,5691,23,5714,95
2020-07-19,Del Norte,015,27424,83,61,0,61,0
2020-07-19,El Dorado,017,186661,641,385,5,390,0
2020-07-19,Fresno,019,978130,17749,10639,142,10781,106
2020-07-19,Glenn,021,27897,309,215,0,215,0
2020-07-19,Humboldt,023,135768,221,195,1,196,4
2020-07-19,Imperial,025,180216,9752,7280,5,7285,124
2020-07-19,Inyo,027,18085,42,38,1,39,1
2020-07-19,Kern,029,883053,20161,10094,77,10171,115
2020-07-19,Kings,031,150075,3937,3035,20,3055,37
2020-07-19,Lake,033,64148,189,144,0,144,1
2020-07-19,Lassen,035,31185,545,474,2,476,0
2020-07-19,Los Angeles,037,10098052,174969,156039,318,156357,4100
2020-07-19,Madera,039,155013,2116,1301,3,1304,10
2020-07-19,Marin,041,260295,4789,4172,5,4177,21
2020-07-19,Mariposa,043,17540,49,35,0,35,1
2020-07-19,Mendocino,045,87422,214,137,0,137,0
2020-07-19,Merced,047,269075,4197,2460,2,2462,15
2020-07-19,Modoc,049,8938,3,0,0,0,0
2020-07-19,Mono,051,14174,107,63,1,64,1
2020-07-19,Monterey,053,433212,4210,3079,13,3092,18
2020-07-19,Napa,055,140530,911,612,0,612,5
2020-07-19,Nevada,057,99092,292,210,10,220,1
2020-07-19,Orange,059,3164182,38318,29941,595,30536,505
2020-07-19,Placer,061,380077,1809,1246,3,1249,11
2020-07-19,Plumas,063,18699,30,17,0,17,0
2020-07-19,Riverside,065,2383286,38311,30340,40,30380,581
2020-07-19,Sacramento,067,1510023,9868,6985,10,6995,97
2020-07-19,San Benito,069,59416,559,412,0,412,2
2020-07-19,San Bernardino,071,2135413,33655,23928,101,24029,337
2020-07-19,San Diego,073,3302833,28174,23684,2,23686,478
2020-07-19,San Francisco,075,870044,6159,5094,5,5099,52
2020-07-19,San Joaquin,077,732212,11656,8308,5,8313,93
2020-07-19,San Luis Obispo,079,281455,1724,1262,7,1269,6
2020-07-19,San Mateo,081,765935,5489,4522,7,4529,110
2020-07-19,Santa Barbara,083,443738,5914,5145,52,5197,29
2020-07-19,Santa Clara,085,1922200,10423,7403,27,7430,164
2020-07-19,Santa Cruz,087,273765,1011,753,7,760,3
2020-07-19,Shasta,089,179085,381,218,1,219,9
2020-07-19,Sierra,091,2930,1,1,0,1,0
2020-07-19,Siskiyou,093,43540,75,42,0,42,0
2020-07-19,Solano,095,438530,3558,2551,10,2561,26
2020-07-19,Sonoma,097,501317,2889,2074,6,2080,17
2020-07-19,Stanislaus,099,539301,9160,6508,12,6520,58
2020-07-19,Sutter,101,95872,604,480,0,480,2
2020-07-19,Tehama,103,63373,207,138,2,140,1
2020-07-19,Trinity,105,12862,23,2,6,8,0
2020-07-19,Tulare,107,460477,9180,6856,30,6886,166
2020-07-19,Tuolumne,109,53932,126,75,3,78,0
2020-07-19,Ventura,111,848112,7380,5706,25,5731,52
2020-07-19,Yolo,113,214977,1505,1127,3,1130,30
2020-07-19,Yuba,115,75493,329,240,0,240,1
2020-07-18,Alameda,001,1643700,11274,9089,28,9117,162
2020-07-18,Alpine,003,1148,2,2,0,2,0
2020-07-18,Amador,005,37829,99,49,0,49,0
2020-07-18,Butte,007,227075,851,551,13,564,4
2020-07-18,Calaveras,009,45235,101,89,0,89,0
2020-07-18,Colusa,011,21464,274,182,0,182,0
2020-07-18,Contra Costa,013,1133247,7853,5617,23,5640,95
2020-07-18,Del Norte,015,27424,83,61,0,61,0
2020-07-18,El Dorado,017,186661,638,385,5,390,0
2020-07-18,Fresno,019,978130,17500,10381,140,10521,106
2020-07-18,Glenn,021,27897,303,212,0,212,0
2020-07-18,Humboldt,023,135768,218,189,1,190,4
2020-07-18,Imperial,025,180216,9721,7268,5,7273,124
2020-07-18,Inyo,027,18085,42,38,1,39,1
2020-07-18,Kern,029,883053,19858,9250,74,9324,114
2020-07-18,Kings,031,150075,3897,2996,19,3015,37
2020-07-18,Lake,033,64148,186,142,0,142,1
2020-07-18,Lassen,035,31185,544,474,2,476,0
2020-07-18,Los Angeles,037,10098052,173523,153265,308,153573,4088
2020-07-18,Madera,039,155013,2070,1260,3,1263,9
2020-07-18,Marin,041,260295,4760,4089,5,4094,21
2020-07-18,Mariposa,043,17540,49,35,0,35,1
2020-07-18,Mendocino,045,87422,208,137,0,137,0
2020-07-18,Merced,047,269075,4078,2424,2,2426,15
2020-07-18,Modoc,049,8938,3,0,0,0,0
2020-07-18,Mono,051,14174,105,54,1,55,1
2020-07-18,Monterey,053,433212,4142,3020,13,3033,17
2020-07-18,Napa,055,140530,900,609,0,609,5
2020-07-18,Nevada,057,99092,288,204,9,213,1
2020-07-18,Orange,059,3164182,37999,29603,575,30178,493
2020-07-18,Placer,061,380077,1786,1233,3,1236,11
2020-07-18,Plumas,063,18699,30,17,0,17,0
2020-07-18,Riverside,065,2383286,37957,30245,39,30284,581
2020-07-18,Sacramento,067,1510023,9623,6739,10,6749,95
2020-07-18,San Benito,069,59416,544,407,0,407,2
2020-07-18,San Bernardino,071,2135413,33195,23680,94,23774,336
2020-07-18,San Diego,073,3302833,27871,23116,2,23118,478
2020-07-18,San Francisco,075,870044,6057,5051,5,5056,52
2020-07-18,San Joaquin,077,732212,11443,8118,5,8123,93
2020-07-18,San Luis Obispo,079,281455,1689,1234,7,1241,6
2020-07-18,San Mateo,081,765935,5429,4488,7,4495,110
2020-07-18,Santa Barbara,083,443738,5854,5110,50,5160,29
2020-07-18,Santa Clara,085,1922200,10274,7255,26,7281,164
2020-07-18,Santa Cruz,087,273765,994,751,7,758,3
2020-07-18,Shasta,089,179085,372,216,1,217,9
2020-07-18,Sierra,091,2930,1,1,0,1,0
2020-07-18,Siskiyou,093,43540,71,42,0,42,0
2020-07-18,Solano,095,438530,3517,2503,10,2513,26
2020-07-18,Sonoma,097,501317,2838,2019,6,2025,15
2020-07-18,Stanislaus,099,539301,9025,6344,12,6356,58
2020-07-18,Sutter,101,95872,598,473,0,473,2
2020-07-18,Tehama,103,63373,202,136,2,138,1
2020-07-18,Trinity,105,12862,23,2,6,8,0
2020-07-18,Tulare,107,460477,9089,6810,29,6839,167
2020-07-18,Tuolumne,109,53932,123,75,3,78,0
2020-07-18,Ventura,111,848112,7298,5630,25,5655,52
2020-07-18,Yolo,113,214977,1477,1077,3,1080,30
2020-07-18,Yuba,115,75493,318,237,0,237,1
2020-07-17,Alameda,001,1643700,11133,8893,27,8920,160
2020-07-17,Alpine,003,1148,2,1,0,1,0
2020-07-17,Amador,005,37829,97,48,0,48,0
2020-07-17,Butte,007,227075,837,497,13,510,4
2020-07-17,Calaveras,009,45235,99,86,0,86,0
2020-07-17,Colusa,011,21464,272,146,0,146,0
2020-07-17,Contra Costa,013,1133247,7705,5483,23,5506,93
2020-07-17,Del Norte,015,27424,82,60,0,60,0
2020-07-17,El Dorado,017,186661,622,368,5,373,0
2020-07-17,Fresno,019,978130,17202,9954,140,10094,104
2020-07-17,Glenn,021,27897,296,203,0,203,0
2020-07-17,Humboldt,023,135768,217,185,1,186,4
2020-07-17,Imperial,025,180216,9699,7193,5,7198,120
2020-07-17,Inyo,027,18085,42,38,1,39,1
2020-07-17,Kern,029,883053,19538,8291,73,8364,113
2020-07-17,Kings,031,150075,3858,2978,19,2997,37
2020-07-17,Lake,033,64148,184,139,0,139,1
2020-07-17,Lassen,035,31185,525,391,2,393,0
2020-07-17,Los Angeles,037,10098052,171151,150481,296,150777,4052
2020-07-17,Madera,039,155013,2026,1214,3,1217,9
2020-07-17,Marin,041,260295,4723,3839,5,3844,21
2020-07-17,Mariposa,043,17540,47,35,0,35,1
2020-07-17,Mendocino,045,87422,200,126,0,126,0
2020-07-17,Merced,047,269075,4002,2328,2,2330,12
2020-07-17,Modoc,049,8938,2,0,0,0,0
2020-07-17,Mono,051,14174,100,54,1,55,1
2020-07-17,Monterey,053,433212,4013,2922,13,2935,18
2020-07-17,Napa,055,140530,886,598,0,598,5
2020-07-17,Nevada,057,99092,281,200,9,209,1
2020-07-17,Orange,059,3164182,37536,28962,542,29504,485
2020-07-17,Placer,061,380077,1757,1207,3,1210,11
2020-07-17,Plumas,063,18699,27,16,0,16,0
2020-07-17,Riverside,065,2383286,37358,29639,39,29678,580
2020-07-17,Sacramento,067,1510023,9379,6563,10,6573,95
2020-07-17,San Benito,069,59416,529,399,0,399,2
2020-07-17,San Bernardino,071,2135413,32675,23057,91,23148,322
2020-07-17,San Diego,073,3302833,27483,22491,2,22493,472
2020-07-17,San Francisco,075,870044,5963,4967,5,4972,52
2020-07-17,San Joaquin,077,732212,11199,7925,5,7930,86
2020-07-17,San Luis Obispo,079,281455,1652,1190,7,1197,6
2020-07-17,San Mateo,081,765935,5332,4407,7,4414,110
2020-07-17,Santa Barbara,083,443738,5782,5001,49,5050,29
2020-07-17,Santa Clara,085,1922200,10056,7080,26,7106,164
2020-07-17,Santa Cruz,087,273765,972,716,7,723,3
2020-07-17,Shasta,089,179085,360,213,1,214,8
2020-07-17,Sierra,091,2930,1,1,0,1,0
2020-07-17,Siskiyou,093,43540,70,40,0,40,0
2020-07-17,Solano,095,438530,3468,2452,10,2462,26
2020-07-17,Sonoma,097,501317,2789,1982,6,1988,15
2020-07-17,Stanislaus,099,539301,8851,6220,12,6232,56
2020-07-17,Sutter,101,95872,585,458,0,458,2
2020-07-17,Tehama,103,63373,198,128,2,130,1
2020-07-17,Trinity,105,12862,23,2,6,8,0
2020-07-17,Tulare,107,460477,8953,6671,29,6700,166
2020-07-17,Tuolumne,109,53932,122,73,3,76,0
2020-07-17,Ventura,111,848112,7215,5451,25,5476,51
2020-07-17,Yolo,113,214977,1453,1055,3,1058,30
2020-07-17,Yuba,115,75493,308,231,0,231,1
2020-07-16,Alameda,001,1643700,10899,8719,22,8741,153
2020-07-16,Alpine,003,1148,2,1,0,1,0
2020-07-16,Amador,005,37829,94,46,0,46,0
2020-07-16,Butte,007,227075,800,465,12,477,4
2020-07-16,Calaveras,009,45235,97,82,0,82,0
2020-07-16,Colusa,011,21464,263,140,0,140,0
2020-07-16,Contra Costa,013,1133247,7492,5338,17,5355,91
2020-07-16,Del Norte,015,27424,82,60,0,60,0
2020-07-16,El Dorado,017,186661,605,357,5,362,0
2020-07-16,Fresno,019,978130,16691,9481,131,9612,101
2020-07-16,Glenn,021,27897,287,190,0,190,0
2020-07-16,Humboldt,023,135768,215,184,1,185,4
2020-07-16,Imperial,025,180216,9605,7148,5,7153,113
2020-07-16,Inyo,027,18085,42,38,1,39,1
2020-07-16,Kern,029,883053,19016,7435,71,7506,112
2020-07-16,Kings,031,150075,3691,2937,19,2956,37
2020-07-16,Lake,033,64148,179,128,0,128,1
2020-07-16,Lassen,035,31185,524,355,2,357,0
2020-07-16,Los Angeles,037,10098052,167929,147759,271,148030,3994
2020-07-16,Madera,039,155013,1962,1192,3,1195,8
2020-07-16,Marin,041,260295,4651,3546,5,3551,21
2020-07-16,Mariposa,043,17540,45,34,0,34,1
2020-07-16,Mendocino,045,87422,195,121,0,121,0
2020-07-16,Merced,047,269075,3840,2228,2,2230,12
2020-07-16,Modoc,049,8938,1,0,0,0,0
2020-07-16,Mono,051,14174,97,53,1,54,1
2020-07-16,Monterey,053,433212,3908,2857,12,2869,18
2020-07-16,Napa,055,140530,857,581,0,581,5
2020-07-16,Nevada,057,99092,278,191,9,200,1
2020-07-16,Orange,059,3164182,36834,28525,506,29031,471
2020-07-16,Placer,061,380077,1709,1168,3,1171,11
2020-07-16,Plumas,063,18699,25,16,0,16,0
2020-07-16,Riverside,065,2383286,36613,28904,37,28941,577
2020-07-16,Sacramento,067,1510023,9066,6440,9,6449,91
2020-07-16,San Benito,069,59416,512,389,0,389,2
2020-07-16,San Bernardino,071,2135413,31814,22355,73,22428,321
2020-07-16,San Diego,073,3302833,26996,21857,2,21859,465
2020-07-16,San Francisco,075,870044,5822,4838,5,4843,52
2020-07-16,San Joaquin,077,732212,10837,7713,5,7718,82
2020-07-16,San Luis Obispo,079,281455,1608,1146,7,1153,6
2020-07-16,San Mateo,081,765935,5228,4336,7,4343,110
2020-07-16,Santa Barbara,083,443738,5687,4872,48,4920,28
2020-07-16,Santa Clara,085,1922200,9776,6990,24,7014,164
2020-07-16,Santa Cruz,087,273765,931,698,7,705,3
2020-07-16,Shasta,089,179085,345,208,1,209,7
2020-07-16,Sierra,091,2930,1,1,0,1,0
2020-07-16,Siskiyou,093,43540,67,39,0,39,0
2020-07-16,Solano,095,438530,3374,2372,10,2382,25
2020-07-16,Sonoma,097,501317,2699,1954,6,1960,14
2020-07-16,Stanislaus,099,539301,8568,6077,11,6088,56
2020-07-16,Sutter,101,95872,569,444,0,444,2
2020-07-16,Tehama,103,63373,188,126,2,128,1
2020-07-16,Trinity,105,12862,23,2,5,7,0
2020-07-16,Tulare,107,460477,8737,6467,28,6495,163
2020-07-16,Tuolumne,109,53932,117,71,3,74,0
2020-07-16,Ventura,111,848112,7053,5231,25,5256,50
2020-07-16,Yolo,113,214977,1411,1034,3,1037,29
2020-07-16,Yuba,115,75493,290,221,0,221,1
2020-07-15,Alameda,001,1643700,10694,8615,17,8632,153
2020-07-15,Alpine,003,1148,2,1,0,1,0
2020-07-15,Amador,005,37829,73,44,0,44,0
2020-07-15,Butte,007,227075,758,420,12,432,4
2020-07-15,Calaveras,009,45235,97,75,0,75,0
2020-07-15,Colusa,011,21464,258,135,0,135,0
2020-07-15,Contra Costa,013,1133247,7261,5246,17,5263,90
2020-07-15,Del Norte,015,27424,81,60,0,60,0
2020-07-15,El Dorado,017,186661,581,339,5,344,0
2020-07-15,Fresno,019,978130,16217,9124,125,9249,101
2020-07-15,Glenn,021,27897,278,184,0,184,0
2020-07-15,Humboldt,023,135768,213,181,1,182,4
2020-07-15,Imperial,025,180216,9538,7110,5,7115,110
2020-07-15,Inyo,027,18085,42,36,1,37,1
2020-07-15,Kern,029,883053,18396,7155,68,7223,108
2020-07-15,Kings,031,150075,3630,2906,19,2925,37
2020-07-15,Lake,033,64148,177,122,0,122,1
2020-07-15,Lassen,035,31185,520,319,2,321,0
2020-07-15,Los Angeles,037,10098052,164463,143343,256,143599,3946
2020-07-15,Madera,039,155013,1893,1147,3,1150,4
2020-07-15,Marin,041,260295,4596,3458,5,3463,21
2020-07-15,Mariposa,043,17540,45,34,0,34,1
2020-07-15,Mendocino,045,87422,192,119,0,119,0
2020-07-15,Merced,047,269075,3690,2156,2,2158,12
2020-07-15,Modoc,049,8938,1,0,0,0,0
2020-07-15,Mono,051,14174,95,52,1,53,1
2020-07-15,Monterey,053,433212,3796,2780,12,2792,18
2020-07-15,Napa,055,140530,831,573,0,573,5
2020-07-15,Nevada,057,99092,274,185,7,192,1
2020-07-15,Orange,059,3164182,36034,27718,472,28190,454
2020-07-15,Placer,061,380077,1651,1145,3,1148,11
2020-07-15,Plumas,063,18699,25,16,0,16,0
2020-07-15,Riverside,065,2383286,35831,28492,35,28527,568
2020-07-15,Sacramento,067,1510023,8686,6217,9,6226,91
2020-07-15,San Benito,069,59416,503,388,0,388,2
2020-07-15,San Bernardino,071,2135413,31025,21508,57,21565,317
2020-07-15,San Diego,073,3302833,26529,21448,2,21450,448
2020-07-15,San Francisco,075,870044,5709,4757,5,4762,50
2020-07-15,San Joaquin,077,732212,10405,7381,4,7385,75
2020-07-15,San Luis Obispo,079,281455,1565,1097,7,1104,6
2020-07-15,San Mateo,081,765935,5115,4258,7,4265,109
2020-07-15,Santa Barbara,083,443738,5573,4733,48,4781,28
2020-07-15,Santa Clara,085,1922200,9472,6900,24,6924,164
2020-07-15,Santa Cruz,087,273765,895,660,6,666,3
2020-07-15,Shasta,089,179085,336,193,1,194,7
2020-07-15,Sierra,091,2930,1,1,0,1,0
2020-07-15,Siskiyou,093,43540,66,38,0,38,0
2020-07-15,Solano,095,438530,3279,2343,10,2353,25
2020-07-15,Sonoma,097,501317,2601,1920,6,1926,14
2020-07-15,Stanislaus,099,539301,8271,5777,11,5788,56
2020-07-15,Sutter,101,95872,543,433,0,433,2
2020-07-15,Tehama,103,63373,180,126,2,128,1
2020-07-15,Trinity,105,12862,22,2,5,7,0
2020-07-15,Tulare,107,460477,8526,6320,27,6347,156
2020-07-15,Tuolumne,109,53932,110,68,3,71,0
2020-07-15,Ventura,111,848112,6876,5087,25,5112,50
2020-07-15,Yolo,113,214977,1378,1002,3,1005,27
2020-07-15,Yuba,115,75493,278,221,0,221,1
2020-07-14,Alameda,001,1643700,10353,8388,11,8399,151
2020-07-14,Alpine,003,1148,2,1,0,1,0
2020-07-14,Amador,005,37829,69,44,0,44,0
2020-07-14,Butte,007,227075,712,382,12,394,4
2020-07-14,Calaveras,009,45235,95,74,0,74,0
2020-07-14,Colusa,011,21464,248,128,0,128,0
2020-07-14,Contra Costa,013,1133247,7024,5110,15,5125,90
2020-07-14,Del Norte,015,27424,80,60,0,60,0
2020-07-14,El Dorado,017,186661,566,324,5,329,0
2020-07-14,Fresno,019,978130,15797,8941,120,9061,98
2020-07-14,Glenn,021,27897,268,177,0,177,0
2020-07-14,Humboldt,023,135768,210,175,1,176,4
2020-07-14,Imperial,025,180216,9410,7095,5,7100,109
2020-07-14,Inyo,027,18085,42,35,1,36,1
2020-07-14,Kern,029,883053,17637,6979,55,7034,107
2020-07-14,Kings,031,150075,3563,2867,18,2885,37
2020-07-14,Lake,033,64148,171,120,0,120,1
2020-07-14,Lassen,035,31185,503,263,2,265,0
2020-07-14,Los Angeles,037,10098052,161330,140632,227,140859,3900
2020-07-14,Madera,039,155013,1819,1118,3,1121,4
2020-07-14,Marin,041,260295,4482,3451,5,3456,21
2020-07-14,Mariposa,043,17540,41,32,0,32,1
2020-07-14,Mendocino,045,87422,184,110,0,110,0
2020-07-14,Merced,047,269075,3511,2084,2,2086,12
2020-07-14,Modoc,049,8938,1,0,0,0,0
2020-07-14,Mono,051,14174,85,48,1,49,1
2020-07-14,Monterey,053,433212,3683,2724,12,2736,18
2020-07-14,Napa,055,140530,775,557,0,557,4
2020-07-14,Nevada,057,99092,257,180,6,186,1
2020-07-14,Orange,059,3164182,35154,26915,424,27339,432
2020-07-14,Placer,061,380077,1593,1122,3,1125,11
2020-07-14,Plumas,063,18699,24,14,0,14,0
2020-07-14,Riverside,065,2383286,35074,27850,34,27884,547
2020-07-14,Sacramento,067,1510023,8332,5978,9,5987,87
2020-07-14,San Benito,069,59416,484,360,0,360,2
2020-07-14,San Bernardino,071,2135413,30173,20489,47,20536,316
2020-07-14,San Diego,073,3302833,25909,20887,2,20889,436
2020-07-14,San Francisco,075,870044,5558,4659,4,4663,50
2020-07-14,San Joaquin,077,732212,9978,7143,4,7147,75
2020-07-14,San Luis Obispo,079,281455,1527,1060,7,1067,5
2020-07-14,San Mateo,081,765935,5022,4173,7,4180,108
2020-07-14,Santa Barbara,083,443738,5449,4641,46,4687,28
2020-07-14,Santa Clara,085,1922200,9144,6686,21,6707,164
2020-07-14,Santa Cruz,087,273765,856,639,6,645,3
2020-07-14,Shasta,089,179085,327,190,1,191,7
2020-07-14,Sierra,091,2930,1,1,0,1,0
2020-07-14,Siskiyou,093,43540,65,38,0,38,0
2020-07-14,Solano,095,438530,3180,2266,9,2275,25
2020-07-14,Sonoma,097,501317,2508,1866,6,1872,14
2020-07-14,Stanislaus,099,539301,7897,5631,10,5641,53
2020-07-14,Sutter,101,95872,524,405,0,405,2
2020-07-14,Tehama,103,63373,168,123,2,125,1
2020-07-14,Trinity,105,12862,21,2,5,7,0
2020-07-14,Tulare,107,460477,8281,6199,27,6226,156
2020-07-14,Tuolumne,109,53932,105,68,3,71,0
2020-07-14,Ventura,111,848112,6715,4950,25,4975,50
2020-07-14,Yolo,113,214977,1331,966,3,969,27
2020-07-14,Yuba,115,75493,261,210,0,210,1
2020-07-13,Alameda,001,1643700,10044,8115,11,8126,148
2020-07-13,Alpine,003,1148,2,1,0,1,0
2020-07-13,Amador,005,37829,65,42,0,42,0
2020-07-13,Butte,007,227075,676,354,12,366,4
2020-07-13,Calaveras,009,45235,87,63,0,63,0
2020-07-13,Colusa,011,21464,242,116,0,116,0
2020-07-13,Contra Costa,013,1133247,6752,4882,13,4895,88
2020-07-13,Del Norte,015,27424,74,59,0,59,0
2020-07-13,El Dorado,017,186661,535,298,5,303,0
2020-07-13,Fresno,019,978130,15368,8666,115,8781,95
2020-07-13,Glenn,021,27897,261,168,0,168,0
2020-07-13,Humboldt,023,135768,205,174,1,175,4
2020-07-13,Imperial,025,180216,9323,7052,5,7057,109
2020-07-13,Inyo,027,18085,41,35,1,36,1
2020-07-13,Kern,029,883053,16952,6808,50,6858,107
2020-07-13,Kings,031,150075,3512,2824,18,2842,37
2020-07-13,Lake,033,64148,166,118,0,118,1
2020-07-13,Lassen,035,31185,498,237,2,239,0
2020-07-13,Los Angeles,037,10098052,158097,136368,213,136581,3829
2020-07-13,Madera,039,155013,1750,1059,3,1062,4
2020-07-13,Marin,041,260295,4378,3402,5,3407,21
2020-07-13,Mariposa,043,17540,40,31,0,31,1
2020-07-13,Mendocino,045,87422,180,87,0,87,0
2020-07-13,Merced,047,269075,3362,2007,2,2009,12
2020-07-13,Modoc,049,8938,1,0,0,0,0
2020-07-13,Mono,051,14174,81,47,0,47,1
2020-07-13,Monterey,053,433212,3560,2613,9,2622,18
2020-07-13,Napa,055,140530,739,534,0,534,4
2020-07-13,Nevada,057,99092,243,172,6,178,1
2020-07-13,Orange,059,3164182,34290,25978,392,26370,423
2020-07-13,Placer,061,380077,1548,1096,3,1099,11
2020-07-13,Plumas,063,18699,22,14,0,14,0
2020-07-13,Riverside,065,2383286,34149,27136,32,27168,545
2020-07-13,Sacramento,067,1510023,8035,5747,9,5756,85
2020-07-13,San Benito,069,59416,471,343,0,343,2
2020-07-13,San Bernardino,071,2135413,29296,19610,40,19650,313
2020-07-13,San Diego,073,3302833,25342,20348,2,20350,422
2020-07-13,San Francisco,075,870044,5431,4534,3,4537,50
2020-07-13,San Joaquin,077,732212,9564,6927,4,6931,71
2020-07-13,San Luis Obispo,079,281455,1496,989,7,996,5
2020-07-13,San Mateo,081,765935,4891,4057,7,4064,108
2020-07-13,Santa Barbara,083,443738,5335,4441,45,4486,28
2020-07-13,Santa Clara,085,1922200,8821,6488,20,6508,164
2020-07-13,Santa Cruz,087,273765,818,574,6,580,3
2020-07-13,Shasta,089,179085,316,185,1,186,6
2020-07-13,Sierra,091,2930,1,1,0,1,0
2020-07-13,Siskiyou,093,43540,61,37,0,37,0
2020-07-13,Solano,095,438530,3068,2046,9,2055,23
2020-07-13,Sonoma,097,501317,2397,1818,6,1824,14
2020-07-13,Stanislaus,099,539301,7594,5324,9,5333,53
2020-07-13,Sutter,101,95872,486,379,0,379,2
2020-07-13,Tehama,103,63373,155,112,2,114,1
2020-07-13,Trinity,105,12862,21,2,5,7,0
2020-07-13,Tulare,107,460477,8020,5930,25,5955,147
2020-07-13,Tuolumne,109,53932,97,56,3,59,0
2020-07-13,Ventura,111,848112,6525,4800,22,4822,50
2020-07-13,Yolo,113,214977,1285,941,3,944,27
2020-07-13,Yuba,115,75493,246,194,0,194,1
2020-07-12,Alameda,001,1643700,9774,8056,11,8067,148
2020-07-12,Alpine,003,1148,2,1,0,1,0
2020-07-12,Amador,005,37829,55,40,0,40,0
2020-07-12,Butte,007,227075,626,341,11,352,4
2020-07-12,Calaveras,009,45235,87,62,0,62,0
2020-07-12,Colusa,011,21464,208,116,0,116,0
2020-07-12,Contra Costa,013,1133247,6483,4708,11,4719,88
2020-07-12,Del Norte,015,27424,63,59,0,59,0
2020-07-12,El Dorado,017,186661,513,290,5,295,0
2020-07-12,Fresno,019,978130,14943,8407,110,8517,95
2020-07-12,Glenn,021,27897,248,166,0,166,0
2020-07-12,Humboldt,023,135768,201,174,1,175,4
2020-07-12,Imperial,025,180216,9208,6999,5,7004,109
2020-07-12,Inyo,027,18085,39,35,1,36,1
2020-07-12,Kern,029,883053,16209,6662,47,6709,105
2020-07-12,Kings,031,150075,3450,2779,18,2797,34
2020-07-12,Lake,033,64148,157,114,0,114,1
2020-07-12,Lassen,035,31185,491,237,2,239,0
2020-07-12,Los Angeles,037,10098052,154673,133830,184,134014,3816
2020-07-12,Madera,039,155013,1695,1025,3,1028,4
2020-07-12,Marin,041,260295,4301,3358,5,3363,21
2020-07-12,Mariposa,043,17540,39,31,0,31,1
2020-07-12,Mendocino,045,87422,161,88,0,88,0
2020-07-12,Merced,047,269075,3232,1908,2,1910,12
2020-07-12,Modoc,049,8938,1,0,0,0,0
2020-07-12,Mono,051,14174,71,45,0,45,1
2020-07-12,Monterey,053,433212,3445,2521,9,2530,18
2020-07-12,Napa,055,140530,707,519,0,519,4
2020-07-12,Nevada,057,99092,233,166,6,172,1
2020-07-12,Orange,059,3164182,33414,25399,383,25782,422
2020-07-12,Placer,061,380077,1491,1058,3,1061,11
2020-07-12,Plumas,063,18699,21,14,0,14,0
2020-07-12,Riverside,065,2383286,33391,26404,31,26435,542
2020-07-12,Sacramento,067,1510023,7723,5515,7,5522,85
2020-07-12,San Benito,069,59416,456,324,0,324,2
2020-07-12,San Bernardino,071,2135413,28385,19042,36,19078,312
2020-07-12,San Diego,073,3302833,24712,19929,2,19931,422
2020-07-12,San Francisco,075,870044,5281,4535,3,4538,50
2020-07-12,San Joaquin,077,732212,9202,6703,4,6707,71
2020-07-12,San Luis Obispo,079,281455,1449,972,7,979,5
2020-07-12,San Mateo,081,765935,4773,3988,7,3995,108
2020-07-12,Santa Barbara,083,443738,5205,4353,44,4397,28
2020-07-12,Santa Clara,085,1922200,8583,6252,19,6271,164
2020-07-12,Santa Cruz,087,273765,776,573,5,578,3
2020-07-12,Shasta,089,179085,310,173,1,174,6
2020-07-12,Sierra,091,2930,1,1,0,1,0
2020-07-12,Siskiyou,093,43540,59,36,0,36,0
2020-07-12,Solano,095,438530,2943,2037,9,2046,23
2020-07-12,Sonoma,097,501317,2303,1743,6,1749,13
2020-07-12,Stanislaus,099,539301,7290,5177,9,5186,53
2020-07-12,Sutter,101,95872,468,362,0,362,2
2020-07-12,Tehama,103,63373,148,111,2,113,1
2020-07-12,Trinity,105,12862,21,2,5,7,0
2020-07-12,Tulare,107,460477,7765,5864,24,5888,146
2020-07-12,Tuolumne,109,53932,89,52,3,55,0
2020-07-12,Ventura,111,848112,6309,4724,21,4745,50
2020-07-12,Yolo,113,214977,1244,889,3,892,27
2020-07-12,Yuba,115,75493,235,188,0,188,1
2020-07-11,Alameda,001,1643700,9672,7845,11,7856,148
2020-07-11,Alpine,003,1148,2,1,0,1,0
2020-07-11,Amador,005,37829,51,37,0,37,0
2020-07-11,Butte,007,227075,610,325,11,336,4
2020-07-11,Calaveras,009,45235,84,62,0,62,0
2020-07-11,Colusa,011,21464,203,110,0,110,0
2020-07-11,Contra Costa,013,1133247,6367,4650,11,4661,87
2020-07-11,Del Norte,015,27424,63,59,0,59,0
2020-07-11,El Dorado,017,186661,502,283,5,288,0
2020-07-11,Fresno,019,978130,14683,8086,108,8194,95
2020-07-11,Glenn,021,27897,240,161,0,161,0
2020-07-11,Humboldt,023,135768,200,174,1,175,4
2020-07-11,Imperial,025,180216,9169,6884,5,6889,109
2020-07-11,Inyo,027,18085,39,35,1,36,1
2020-07-11,Kern,029,883053,15852,6509,46,6555,103
2020-07-11,Kings,031,150075,3423,2753,18,2771,33
2020-07-11,Lake,033,64148,156,110,0,110,1
2020-07-11,Lassen,035,31185,490,237,2,239,0
2020-07-11,Los Angeles,037,10098052,152954,130479,174,130653,3802
2020-07-11,Madera,039,155013,1654,988,3,991,4
2020-07-11,Marin,041,260295,4273,3191,5,3196,21
2020-07-11,Mariposa,043,17540,39,31,0,31,1
2020-07-11,Mendocino,045,87422,157,88,0,88,0
2020-07-11,Merced,047,269075,3151,1851,2,1853,12
2020-07-11,Modoc,049,8938,1,0,0,0,0
2020-07-11,Mono,051,14174,68,45,0,45,1
2020-07-11,Monterey,053,433212,3356,2376,8,2384,18
2020-07-11,Napa,055,140530,695,509,0,509,4
2020-07-11,Nevada,057,99092,224,163,5,168,1
2020-07-11,Orange,059,3164182,33037,24430,369,24799,422
2020-07-11,Placer,061,380077,1456,1029,3,1032,11
2020-07-11,Plumas,063,18699,21,12,0,12,0
2020-07-11,Riverside,065,2383286,33000,25994,31,26025,538
2020-07-11,Sacramento,067,1510023,7549,5367,7,5374,84
2020-07-11,San Benito,069,59416,441,314,0,314,2
2020-07-11,San Bernardino,071,2135413,27948,18907,34,18941,310
2020-07-11,San Diego,073,3302833,24320,19371,2,19373,422
2020-07-11,San Francisco,075,870044,5185,4430,2,4432,50
2020-07-11,San Joaquin,077,732212,9024,6518,4,6522,72
2020-07-11,San Luis Obispo,079,281455,1401,930,7,937,4
2020-07-11,San Mateo,081,765935,4705,3956,7,3963,108
2020-07-11,Santa Barbara,083,443738,5136,4283,43,4326,28
2020-07-11,Santa Clara,085,1922200,8424,5959,19,5978,164
2020-07-11,Santa Cruz,087,273765,745,571,5,576,3
2020-07-11,Shasta,089,179085,303,168,1,169,6
2020-07-11,Sierra,091,2930,1,1,0,1,0
2020-07-11,Siskiyou,093,43540,59,36,0,36,0
2020-07-11,Solano,095,438530,2902,2034,9,2043,23
2020-07-11,Sonoma,097,501317,2265,1690,6,1696,13
2020-07-11,Stanislaus,099,539301,7149,4911,9,4920,51
2020-07-11,Sutter,101,95872,452,352,0,352,2
2020-07-11,Tehama,103,63373,146,111,2,113,1
2020-07-11,Trinity,105,12862,21,2,5,7,0
2020-07-11,Tulare,107,460477,7659,5780,24,5804,149
2020-07-11,Tuolumne,109,53932,87,50,3,53,0
2020-07-11,Ventura,111,848112,6213,4545,20,4565,49
2020-07-11,Yolo,113,214977,1215,833,3,836,27
2020-07-11,Yuba,115,75493,225,175,0,175,1
2020-07-10,Alameda,001,1643700,9515,7551,11,7562,147
2020-07-10,Alpine,003,1148,2,1,0,1,0
2020-07-10,Amador,005,37829,47,37,0,37,0
2020-07-10,Butte,007,227075,599,318,11,329,4
2020-07-10,Calaveras,009,45235,84,61,0,61,0
2020-07-10,Colusa,011,21464,197,103,0,103,0
2020-07-10,Contra Costa,013,1133247,6225,4482,11,4493,86
2020-07-10,Del Norte,015,27424,63,57,0,57,0
2020-07-10,El Dorado,017,186661,484,266,5,271,0
2020-07-10,Fresno,019,978130,14351,7760,105,7865,93
2020-07-10,Glenn,021,27897,235,157,0,157,0
2020-07-10,Humboldt,023,135768,199,168,1,169,4
2020-07-10,Imperial,025,180216,9124,6878,4,6882,98
2020-07-10,Inyo,027,18085,39,35,1,36,1
2020-07-10,Kern,029,883053,15420,6344,45,6389,102
2020-07-10,Kings,031,150075,3387,2707,18,2725,33
2020-07-10,Lake,033,64148,149,104,0,104,1
2020-07-10,Lassen,035,31185,489,235,2,237,0
2020-07-10,Los Angeles,037,10098052,150533,127503,168,127671,3750
2020-07-10,Madera,039,155013,1608,914,3,917,4
2020-07-10,Marin,041,260295,4210,3101,5,3106,21
2020-07-10,Mariposa,043,17540,38,31,0,31,1
2020-07-10,Mendocino,045,87422,149,88,0,88,0
2020-07-10,Merced,047,269075,3072,1802,2,1804,12
2020-07-10,Modoc,049,8938,1,0,0,0,0
2020-07-10,Mono,051,14174,67,45,0,45,1
2020-07-10,Monterey,053,433212,3278,2285,8,2293,18
2020-07-10,Napa,055,140530,684,496,0,496,4
2020-07-10,Nevada,057,99092,219,161,5,166,1
2020-07-10,Orange,059,3164182,32450,23692,366,24058,416
2020-07-10,Placer,061,380077,1414,1002,3,1005,11
2020-07-10,Plumas,063,18699,19,12,0,12,0
2020-07-10,Riverside,065,2383286,32482,25481,31,25512,533
2020-07-10,Sacramento,067,1510023,7294,5181,7,5188,81
2020-07-10,San Benito,069,59416,432,302,0,302,2
2020-07-10,San Bernardino,071,2135413,27424,18242,31,18273,308
2020-07-10,San Diego,073,3302833,23936,18862,2,18864,420
2020-07-10,San Francisco,075,870044,5094,4305,2,4307,50
2020-07-10,San Joaquin,077,732212,8791,6225,4,6229,67
2020-07-10,San Luis Obispo,079,281455,1363,891,7,898,4
2020-07-10,San Mateo,081,765935,4640,3844,7,3851,107
2020-07-10,Santa Barbara,083,443738,5039,4177,42,4219,28
2020-07-10,Santa Clara,085,1922200,8200,5819,19,5838,164
2020-07-10,Santa Cruz,087,273765,717,540,5,545,3
2020-07-10,Shasta,089,179085,299,158,1,159,6
2020-07-10,Sierra,091,2930,1,1,0,1,0
2020-07-10,Siskiyou,093,43540,59,31,0,31,0
2020-07-10,Solano,095,438530,2855,1950,9,1959,23
2020-07-10,Sonoma,097,501317,2218,1606,5,1611,13
2020-07-10,Stanislaus,099,539301,6979,4781,9,4790,46
2020-07-10,Sutter,101,95872,445,338,0,338,2
2020-07-10,Tehama,103,63373,145,107,2,109,1
2020-07-10,Trinity,105,12862,21,2,5,7,0
2020-07-10,Tulare,107,460477,7522,5677,24,5701,150
2020-07-10,Tuolumne,109,53932,86,49,3,52,0
2020-07-10,Ventura,111,848112,6099,4416,20,4436,48
2020-07-10,Yolo,113,214977,1191,794,3,797,27
2020-07-10,Yuba,115,75493,211,164,0,164,1
2020-07-09,Alameda,001,1643700,9278,7433,11,7444,146
2020-07-09,Alpine,003,1148,2,1,0,1,0
2020-07-09,Amador,005,37829,44,36,0,36,0
2020-07-09,Butte,007,227075,567,295,11,306,4
2020-07-09,Calaveras,009,45235,83,59,0,59,0
2020-07-09,Colusa,011,21464,189,97,0,97,0
2020-07-09,Contra Costa,013,1133247,5981,4388,11,4399,86
2020-07-09,Del Norte,015,27424,63,57,0,57,0
2020-07-09,El Dorado,017,186661,459,255,4,259,0
2020-07-09,Fresno,019,978130,13897,7385,102,7487,90
2020-07-09,Glenn,021,27897,225,150,0,150,0
2020-07-09,Humboldt,023,135768,196,166,1,167,4
2020-07-09,Imperial,025,180216,9027,6778,4,6782,87
2020-07-09,Inyo,027,18085,37,35,1,36,1
2020-07-09,Kern,029,883053,14775,6100,43,6143,95
2020-07-09,Kings,031,150075,3323,2686,18,2704,33
2020-07-09,Lake,033,64148,146,99,0,99,1
2020-07-09,Lassen,035,31185,433,221,2,223,0
2020-07-09,Los Angeles,037,10098052,147274,125062,145,125207,3698
2020-07-09,Madera,039,155013,1531,850,3,853,4
2020-07-09,Marin,041,260295,4059,2975,4,2979,20
2020-07-09,Mariposa,043,17540,38,32,0,32,1
2020-07-09,Mendocino,045,87422,145,88,0,88,0
2020-07-09,Merced,047,269075,2939,1728,2,1730,11
2020-07-09,Modoc,049,8938,1,0,0,0,0
2020-07-09,Mono,051,14174,63,45,0,45,1
2020-07-09,Monterey,053,433212,3153,2223,8,2231,17
2020-07-09,Napa,055,140530,667,468,0,468,4
2020-07-09,Nevada,057,99092,213,156,5,161,1
2020-07-09,Orange,059,3164182,31480,22960,348,23308,407
2020-07-09,Placer,061,380077,1372,982,3,985,11
2020-07-09,Plumas,063,18699,19,12,0,12,0
2020-07-09,Riverside,065,2383286,31589,24980,30,25010,529
2020-07-09,Sacramento,067,1510023,6967,4950,7,4957,81
2020-07-09,San Benito,069,59416,416,295,0,295,2
2020-07-09,San Bernardino,071,2135413,26554,17339,25,17364,307
2020-07-09,San Diego,073,3302833,23344,18404,2,18406,415
2020-07-09,San Francisco,075,870044,4962,4143,2,4145,50
2020-07-09,San Joaquin,077,732212,8433,6004,4,6008,66
2020-07-09,San Luis Obispo,079,281455,1323,869,7,876,3
2020-07-09,San Mateo,081,765935,4514,3792,7,3799,106
2020-07-09,Santa Barbara,083,443738,4907,4068,42,4110,28
2020-07-09,Santa Clara,085,1922200,7943,5638,19,5657,164
2020-07-09,Santa Cruz,087,273765,690,526,5,531,3
2020-07-09,Shasta,089,179085,293,155,1,156,5
2020-07-09,Sierra,091,2930,1,1,0,1,0
2020-07-09,Siskiyou,093,43540,55,31,0,31,0
2020-07-09,Solano,095,438530,2757,1892,9,1901,23
2020-07-09,Sonoma,097,501317,2132,1584,5,1589,13
2020-07-09,Stanislaus,099,539301,6664,4633,8,4641,46
2020-07-09,Sutter,101,95872,428,321,0,321,2
2020-07-09,Tehama,103,63373,140,102,2,104,1
2020-07-09,Trinity,105,12862,21,2,5,7,0
2020-07-09,Tulare,107,460477,7303,5501,23,5524,146
2020-07-09,Tuolumne,109,53932,85,47,3,50,0
2020-07-09,Ventura,111,848112,5931,4278,20,4298,47
2020-07-09,Yolo,113,214977,1143,764,3,767,27
2020-07-09,Yuba,115,75493,194,152,0,152,1
2020-07-08,Alameda,001,1643700,8986,7335,11,7346,142
2020-07-08,Alpine,003,1148,2,1,0,1,0
2020-07-08,Amador,005,37829,41,35,0,35,0
2020-07-08,Butte,007,227075,530,281,11,292,3
2020-07-08,Calaveras,009,45235,78,58,0,58,0
2020-07-08,Colusa,011,21464,176,90,0,90,0
2020-07-08,Contra Costa,013,1133247,5735,4268,9,4277,84
2020-07-08,Del Norte,015,27424,61,57,0,57,0
2020-07-08,El Dorado,017,186661,437,248,4,252,0
2020-07-08,Fresno,019,978130,13481,7102,94,7196,86
2020-07-08,Glenn,021,27897,214,146,0,146,0
2020-07-08,Humboldt,023,135768,193,162,1,163,4
2020-07-08,Imperial,025,180216,8940,6727,4,6731,76
2020-07-08,Inyo,027,18085,37,35,1,36,1
2020-07-08,Kern,029,883053,14197,5873,41,5914,91
2020-07-08,Kings,031,150075,3263,2629,15,2644,33
2020-07-08,Lake,033,64148,139,97,0,97,1
2020-07-08,Lassen,035,31185,337,221,2,223,0
2020-07-08,Los Angeles,037,10098052,144069,123462,118,123580,3650
2020-07-08,Madera,039,155013,1461,828,3,831,4
2020-07-08,Marin,041,260295,3960,2756,4,2760,17
2020-07-08,Mariposa,043,17540,38,31,0,31,1
2020-07-08,Mendocino,045,87422,132,84,0,84,0
2020-07-08,Merced,047,269075,2819,1578,2,1580,11
2020-07-08,Modoc,049,8938,1,0,0,0,0
2020-07-08,Mono,051,14174,60,45,0,45,1
2020-07-08,Monterey,053,433212,3035,2182,7,2189,17
2020-07-08,Napa,055,140530,645,468,0,468,4
2020-07-08,Nevada,057,99092,204,156,5,161,1
2020-07-08,Orange,059,3164182,30529,22088,343,22431,378
2020-07-08,Placer,061,380077,1325,948,3,951,11
2020-07-08,Plumas,063,18699,19,12,0,12,0
2020-07-08,Riverside,065,2383286,30625,24042,29,24071,508
2020-07-08,Sacramento,067,1510023,6678,4799,7,4806,80
2020-07-08,San Benito,069,59416,400,282,0,282,2
2020-07-08,San Bernardino,071,2135413,25700,16510,21,16531,296
2020-07-08,San Diego,073,3302833,22774,17844,2,17846,406
2020-07-08,San Francisco,075,870044,4873,4093,2,4095,50
2020-07-08,San Joaquin,077,732212,8090,5759,4,5763,61
2020-07-08,San Luis Obispo,079,281455,1271,825,7,832,2
2020-07-08,San Mateo,081,765935,4393,3733,7,3740,106
2020-07-08,Santa Barbara,083,443738,4788,3985,42,4027,28
2020-07-08,Santa Clara,085,1922200,7710,5510,19,5529,164
2020-07-08,Santa Cruz,087,273765,657,509,4,513,3
2020-07-08,Shasta,089,179085,284,148,1,149,6
2020-07-08,Sierra,091,2930,1,1,0,1,0
2020-07-08,Siskiyou,093,43540,55,31,0,31,0
2020-07-08,Solano,095,438530,2641,1821,9,1830,23
2020-07-08,Sonoma,097,501317,2056,1495,5,1500,9
2020-07-08,Stanislaus,099,539301,6364,4344,8,4352,46
2020-07-08,Sutter,101,95872,403,298,0,298,2
2020-07-08,Tehama,103,63373,134,100,2,102,1
2020-07-08,Trinity,105,12862,20,2,5,7,0
2020-07-08,Tulare,107,460477,7111,5307,18,5325,138
2020-07-08,Tuolumne,109,53932,81,42,3,45,0
2020-07-08,Ventura,111,848112,5766,4139,20,4159,47
2020-07-08,Yolo,113,214977,1099,727,3,730,26
2020-07-08,Yuba,115,75493,181,145,0,145,1
2020-07-07,Alameda,001,1643700,8664,7097,10,7107,141
2020-07-07,Alpine,003,1148,2,1,0,1,0
2020-07-07,Amador,005,37829,41,33,0,33,0
2020-07-07,Butte,007,227075,487,269,11,280,3
2020-07-07,Calaveras,009,45235,76,58,0,58,0
2020-07-07,Colusa,011,21464,143,84,0,84,0
2020-07-07,Contra Costa,013,1133247,5499,4131,8,4139,84
2020-07-07,Del Norte,015,27424,61,57,0,57,0
2020-07-07,El Dorado,017,186661,417,244,4,248,0
2020-07-07,Fresno,019,978130,13028,6738,94,6832,84
2020-07-07,Glenn,021,27897,205,145,0,145,0
2020-07-07,Humboldt,023,135768,190,150,1,151,4
2020-07-07,Imperial,025,180216,8841,6678,4,6682,51
2020-07-07,Inyo,027,18085,36,32,1,33,1
2020-07-07,Kern,029,883053,13498,5645,37,5682,88
2020-07-07,Kings,031,150075,3200,2623,14,2637,33
2020-07-07,Lake,033,64148,129,94,0,94,1
2020-07-07,Lassen,035,31185,266,219,2,221,0
2020-07-07,Los Angeles,037,10098052,140490,121026,111,121137,3588
2020-07-07,Madera,039,155013,1417,794,3,797,4
2020-07-07,Marin,041,260295,3871,2627,4,2631,17
2020-07-07,Mariposa,043,17540,38,31,0,31,1
2020-07-07,Mendocino,045,87422,124,82,0,82,0
2020-07-07,Merced,047,269075,2645,1531,2,1533,10
2020-07-07,Modoc,049,8938,1,0,0,0,0
2020-07-07,Mono,051,14174,59,42,0,42,1
2020-07-07,Monterey,053,433212,2892,2166,7,2173,17
2020-07-07,Napa,055,140530,626,459,0,459,4
2020-07-07,Nevada,057,99092,198,150,5,155,1
2020-07-07,Orange,059,3164182,29518,21741,329,22070,373
2020-07-07,Placer,061,380077,1284,930,3,933,11
2020-07-07,Plumas,063,18699,17,12,0,12,0
2020-07-07,Riverside,065,2383286,29609,23279,29,23308,499
2020-07-07,Sacramento,067,1510023,6336,4592,7,4599,76
2020-07-07,San Benito,069,59416,382,274,0,274,2
2020-07-07,San Bernardino,071,2135413,24829,16004,19,16023,277
2020-07-07,San Diego,073,3302833,22055,17580,2,17582,399
2020-07-07,San Francisco,075,870044,4781,4045,1,4046,50
2020-07-07,San Joaquin,077,732212,7748,5547,4,5551,59
2020-07-07,San Luis Obispo,079,281455,1210,795,7,802,2
2020-07-07,San Mateo,081,765935,4278,3691,7,3698,106
2020-07-07,Santa Barbara,083,443738,4660,3866,41,3907,27
2020-07-07,Santa Clara,085,1922200,7441,5438,19,5457,164
2020-07-07,Santa Cruz,087,273765,623,502,3,505,2
2020-07-07,Shasta,089,179085,271,144,1,145,6
2020-07-07,Sierra,091,2930,1,1,0,1,0
2020-07-07,Siskiyou,093,43540,54,30,0,30,0
2020-07-07,Solano,095,438530,2530,1776,8,1784,22
2020-07-07,Sonoma,097,501317,1985,1473,5,1478,8
2020-07-07,Stanislaus,099,539301,6025,4101,8,4109,46
2020-07-07,Sutter,101,95872,377,273,0,273,2
2020-07-07,Tehama,103,63373,125,95,2,97,1
2020-07-07,Trinity,105,12862,20,2,5,7,0
2020-07-07,Tulare,107,460477,6931,5189,17,5206,137
2020-07-07,Tuolumne,109,53932,75,40,3,43,0
2020-07-07,Ventura,111,848112,5597,3992,18,4010,46
2020-07-07,Yolo,113,214977,1031,706,3,709,26
2020-07-07,Yuba,115,75493,161,138,0,138,1
2020-07-06,Alameda,001,1643700,8426,6970,10,6980,141
2020-07-06,Alpine,003,1148,1,1,0,1,0
2020-07-06,Amador,005,37829,39,33,0,33,0
2020-07-06,Butte,007,227075,431,257,11,268,2
2020-07-06,Calaveras,009,45235,73,45,0,45,0
2020-07-06,Colusa,011,21464,134,80,0,80,0
2020-07-06,Contra Costa,013,1133247,5269,3901,7,3908,83
2020-07-06,Del Norte,015,27424,60,57,0,57,0
2020-07-06,El Dorado,017,186661,402,232,3,235,0
2020-07-06,Fresno,019,978130,12560,6364,88,6452,82
2020-07-06,Glenn,021,27897,197,129,0,129,0
2020-07-06,Humboldt,023,135768,188,148,1,149,3
2020-07-06,Imperial,025,180216,8722,6443,4,6447,47
2020-07-06,Inyo,027,18085,36,32,1,33,1
2020-07-06,Kern,029,883053,12692,5491,37,5528,82
2020-07-06,Kings,031,150075,3149,2583,10,2593,33
2020-07-06,Lake,033,64148,122,93,0,93,1
2020-07-06,Lassen,035,31185,264,219,2,221,0
2020-07-06,Los Angeles,037,10098052,136889,116707,97,116804,3541
2020-07-06,Madera,039,155013,1347,734,3,737,4
2020-07-06,Marin,041,260295,3630,2136,4,2140,17
2020-07-06,Mariposa,043,17540,36,31,0,31,1
2020-07-06,Mendocino,045,87422,107,72,0,72,0
2020-07-06,Merced,047,269075,2494,1396,2,1398,10
2020-07-06,Modoc,049,8938,1,0,0,0,0
2020-07-06,Mono,051,14174,58,40,0,40,1
2020-07-06,Monterey,053,433212,2803,2078,7,2085,15
2020-07-06,Napa,055,140530,608,454,0,454,4
2020-07-06,Nevada,057,99092,192,146,5,151,1
2020-07-06,Orange,059,3164182,28457,20167,292,20459,372
2020-07-06,Placer,061,380077,1222,904,3,907,11
2020-07-06,Plumas,063,18699,17,11,0,11,0
2020-07-06,Riverside,065,2383286,28554,22485,28,22513,477
2020-07-06,Sacramento,067,1510023,5985,4420,7,4427,71
2020-07-06,San Benito,069,59416,367,264,0,264,2
2020-07-06,San Bernardino,071,2135413,23976,15346,16,15362,272
2020-07-06,San Diego,073,3302833,21323,17002,2,17004,387
2020-07-06,San Francisco,075,870044,4660,3861,1,3862,50
2020-07-06,San Joaquin,077,732212,7378,5104,4,5108,57
2020-07-06,San Luis Obispo,079,281455,1152,751,7,758,2
2020-07-06,San Mateo,081,765935,4186,3650,6,3656,106
2020-07-06,Santa Barbara,083,443738,4523,3763,40,3803,27
2020-07-06,Santa Clara,085,1922200,7169,5369,19,5388,165
2020-07-06,Santa Cruz,087,273765,601,466,2,468,2
2020-07-06,Shasta,089,179085,261,143,1,144,6
2020-07-06,Sierra,091,2930,1,1,0,1,0
2020-07-06,Siskiyou,093,43540,50,30,0,30,0
2020-07-06,Solano,095,438530,2397,1668,8,1676,22
2020-07-06,Sonoma,097,501317,1921,1369,5,1374,8
2020-07-06,Stanislaus,099,539301,5623,3983,8,3991,46
2020-07-06,Sutter,101,95872,350,250,0,250,2
2020-07-06,Tehama,103,63373,122,95,2,97,1
2020-07-06,Trinity,105,12862,19,2,5,7,0
2020-07-06,Tulare,107,460477,6726,5039,15,5054,136
2020-07-06,Tuolumne,109,53932,72,30,3,33,0
2020-07-06,Ventura,111,848112,5404,3912,18,3930,44
2020-07-06,Yolo,113,214977,975,685,3,688,26
2020-07-06,Yuba,115,75493,147,124,0,124,1
2020-07-05,Alameda,001,1643700,8175,6861,10,6871,141
2020-07-05,Alpine,003,1148,1,1,0,1,0
2020-07-05,Amador,005,37829,37,31,0,31,0
2020-07-05,Butte,007,227075,396,248,11,259,2
2020-07-05,Calaveras,009,45235,69,45,0,45,0
2020-07-05,Colusa,011,21464,124,79,0,79,0
2020-07-05,Contra Costa,013,1133247,5029,3665,6,3671,80
2020-07-05,Del Norte,015,27424,60,57,0,57,0
2020-07-05,El Dorado,017,186661,384,227,3,230,0
2020-07-05,Fresno,019,978130,11994,6186,87,6273,82
2020-07-05,Glenn,021,27897,194,129,0,129,0
2020-07-05,Humboldt,023,135768,184,147,1,148,3
2020-07-05,Imperial,025,180216,8588,6441,4,6445,47
2020-07-05,Inyo,027,18085,35,32,1,33,1
2020-07-05,Kern,029,883053,11984,5351,37,5388,82
2020-07-05,Kings,031,150075,3066,2546,9,2555,31
2020-07-05,Lake,033,64148,122,92,0,92,1
2020-07-05,Lassen,035,31185,258,219,2,221,0
2020-07-05,Los Angeles,037,10098052,133658,115133,91,115224,3495
2020-07-05,Madera,039,155013,1269,564,3,567,4
2020-07-05,Marin,041,260295,3447,2080,4,2084,17
2020-07-05,Mariposa,043,17540,36,31,0,31,1
2020-07-05,Mendocino,045,87422,104,72,0,72,0
2020-07-05,Merced,047,269075,2349,1340,2,1342,10
2020-07-05,Modoc,049,8938,1,0,0,0,0
2020-07-05,Mono,051,14174,54,39,0,39,1
2020-07-05,Monterey,053,433212,2700,1994,7,2001,15
2020-07-05,Napa,055,140530,578,450,0,450,4
2020-07-05,Nevada,057,99092,186,141,5,146,1
2020-07-05,Orange,059,3164182,27516,19430,279,19709,372
2020-07-05,Placer,061,380077,1165,855,3,858,11
2020-07-05,Plumas,063,18699,16,11,0,11,0
2020-07-05,Riverside,065,2383286,27698,21511,28,21539,474
2020-07-05,Sacramento,067,1510023,5670,4265,6,4271,71
2020-07-05,San Benito,069,59416,348,258,0,258,2
2020-07-05,San Bernardino,071,2135413,23098,15026,16,15042,270
2020-07-05,San Diego,073,3302833,20632,16728,2,16730,387
2020-07-05,San Francisco,075,870044,4543,3861,1,3862,50
2020-07-05,San Joaquin,077,732212,7059,5015,4,5019,57
2020-07-05,San Luis Obispo,079,281455,1073,730,7,737,2
2020-07-05,San Mateo,081,765935,4076,3575,6,3581,106
2020-07-05,Santa Barbara,083,443738,4376,3671,37,3708,27
2020-07-05,Santa Clara,085,1922200,6876,5237,19,5256,162
2020-07-05,Santa Cruz,087,273765,583,467,0,467,2
2020-07-05,Shasta,089,179085,255,138,1,139,6
2020-07-05,Sierra,091,2930,1,1,0,1,0
2020-07-05,Siskiyou,093,43540,46,30,0,30,0
2020-07-05,Solano,095,438530,2276,1547,8,1555,22
2020-07-05,Sonoma,097,501317,1840,1369,5,1374,8
2020-07-05,Stanislaus,099,539301,5292,3777,7,3784,45
2020-07-05,Sutter,101,95872,322,241,0,241,2
2020-07-05,Tehama,103,63373,120,95,2,97,1
2020-07-05,Trinity,105,12862,19,2,5,7,0
2020-07-05,Tulare,107,460477,6467,4981,13,4994,135
2020-07-05,Tuolumne,109,53932,67,30,3,33,0
2020-07-05,Ventura,111,848112,5201,3866,18,3884,44
2020-07-05,Yolo,113,214977,935,644,3,647,26
2020-07-05,Yuba,115,75493,137,115,0,115,1
2020-07-04,Alameda,001,1643700,8063,6737,10,6747,141
2020-07-04,Alpine,003,1148,1,1,0,1,0
2020-07-04,Amador,005,37829,36,31,0,31,0
2020-07-04,Butte,007,227075,378,224,11,235,2
2020-07-04,Calaveras,009,45235,69,45,0,45,0
2020-07-04,Colusa,011,21464,123,76,0,76,0
2020-07-04,Contra Costa,013,1133247,4881,3583,6,3589,80
2020-07-04,Del Norte,015,27424,60,50,0,50,0
2020-07-04,El Dorado,017,186661,365,211,3,214,0
2020-07-04,Fresno,019,978130,11677,5999,85,6084,82
2020-07-04,Glenn,021,27897,187,128,0,128,0
2020-07-04,Humboldt,023,135768,177,144,1,145,3
2020-07-04,Imperial,025,180216,8539,6441,4,6445,47
2020-07-04,Inyo,027,18085,35,32,1,33,1
2020-07-04,Kern,029,883053,11680,5231,37,5268,81
2020-07-04,Kings,031,150075,3023,2509,9,2518,31
2020-07-04,Lake,033,64148,115,86,0,86,1
2020-07-04,Lassen,035,31185,258,219,2,221,0
2020-07-04,Los Angeles,037,10098052,131843,107256,80,107336,3462
2020-07-04,Madera,039,155013,1223,568,3,571,4
2020-07-04,Marin,041,260295,3418,1962,4,1966,17
2020-07-04,Mariposa,043,17540,36,28,0,28,1
2020-07-04,Mendocino,045,87422,104,72,0,72,0
2020-07-04,Merced,047,269075,2247,1252,2,1254,10
2020-07-04,Modoc,049,8938,1,0,0,0,0
2020-07-04,Mono,051,14174,54,37,0,37,1
2020-07-04,Monterey,053,433212,2620,1878,7,1885,15
2020-07-04,Napa,055,140530,569,426,0,426,4
2020-07-04,Nevada,057,99092,183,125,5,130,1
2020-07-04,Orange,059,3164182,27082,19247,266,19513,372
2020-07-04,Placer,061,380077,1130,796,3,799,11
2020-07-04,Plumas,063,18699,16,11,0,11,0
2020-07-04,Riverside,065,2383286,27332,21508,28,21536,474
2020-07-04,Sacramento,067,1510023,5499,4039,6,4045,71
2020-07-04,San Benito,069,59416,335,255,0,255,2
2020-07-04,San Bernardino,071,2135413,22672,14636,14,14650,270
2020-07-04,San Diego,073,3302833,20172,16166,2,16168,387
2020-07-04,San Francisco,075,870044,4451,3861,1,3862,50
2020-07-04,San Joaquin,077,732212,6847,4807,4,4811,57
2020-07-04,San Luis Obispo,079,281455,1033,699,7,706,2
2020-07-04,San Mateo,081,765935,4013,3532,6,3538,106
2020-07-04,Santa Barbara,083,443738,4301,3520,35,3555,27
2020-07-04,Santa Clara,085,1922200,6684,5045,18,5063,161
2020-07-04,Santa Cruz,087,273765,573,466,0,466,2
2020-07-04,Shasta,089,179085,252,135,1,136,6
2020-07-04,Sierra,091,2930,1,1,0,1,0
2020-07-04,Siskiyou,093,43540,39,30,0,30,0
2020-07-04,Solano,095,438530,2240,1548,8,1556,22
2020-07-04,Sonoma,097,501317,1814,1370,5,1375,8
2020-07-04,Stanislaus,099,539301,5134,3572,7,3579,44
2020-07-04,Sutter,101,95872,303,225,0,225,2
2020-07-04,Tehama,103,63373,117,92,2,94,1
2020-07-04,Trinity,105,12862,19,2,5,7,0
2020-07-04,Tulare,107,460477,6355,4802,13,4815,135
2020-07-04,Tuolumne,109,53932,63,30,3,33,0
2020-07-04,Ventura,111,848112,5077,3687,18,3705,44
2020-07-04,Yolo,113,214977,910,615,3,618,26
2020-07-04,Yuba,115,75493,130,102,0,102,1
2020-07-03,Alameda,001,1643700,7942,6486,10,6496,141
2020-07-03,Alpine,003,1148,1,1,0,1,0
2020-07-03,Amador,005,37829,36,25,0,25,0
2020-07-03,Butte,007,227075,366,212,11,223,2
2020-07-03,Calaveras,009,45235,69,44,0,44,0
2020-07-03,Colusa,011,21464,117,70,0,70,0
2020-07-03,Contra Costa,013,1133247,4747,3447,6,3453,78
2020-07-03,Del Norte,015,27424,60,50,0,50,0
2020-07-03,El Dorado,017,186661,353,201,3,204,0
2020-07-03,Fresno,019,978130,11372,5783,83,5866,81
2020-07-03,Glenn,021,27897,182,122,0,122,0
2020-07-03,Humboldt,023,135768,173,143,1,144,3
2020-07-03,Imperial,025,180216,8491,6345,4,6349,47
2020-07-03,Inyo,027,18085,35,32,1,33,1
2020-07-03,Kern,029,883053,11419,5213,37,5250,81
2020-07-03,Kings,031,150075,2987,2492,9,2501,31
2020-07-03,Lake,033,64148,108,83,0,83,0
2020-07-03,Lassen,035,31185,258,219,2,221,0
2020-07-03,Los Angeles,037,10098052,130330,107236,76,107312,3461
2020-07-03,Madera,039,155013,1178,565,3,568,4
2020-07-03,Marin,041,260295,3390,1776,4,1780,17
2020-07-03,Mariposa,043,17540,36,28,0,28,1
2020-07-03,Mendocino,045,87422,103,72,0,72,0
2020-07-03,Merced,047,269075,2181,1188,2,1190,10
2020-07-03,Modoc,049,8938,1,0,0,0,0
2020-07-03,Mono,051,14174,54,37,0,37,1
2020-07-03,Monterey,053,433212,2550,1804,7,1811,15
2020-07-03,Napa,055,140530,551,388,0,388,4
2020-07-03,Nevada,057,99092,182,125,5,130,1
2020-07-03,Orange,059,3164182,26691,18819,258,19077,366
2020-07-03,Placer,061,380077,1103,745,3,748,11
2020-07-03,Plumas,063,18699,16,11,0,11,0
2020-07-03,Riverside,065,2383286,27026,21171,28,21199,472
2020-07-03,Sacramento,067,1510023,5365,3711,6,3717,71
2020-07-03,San Benito,069,59416,328,243,0,243,2
2020-07-03,San Bernardino,071,2135413,22284,14040,14,14054,269
2020-07-03,San Diego,073,3302833,19717,15698,2,15700,387
2020-07-03,San Francisco,075,870044,4405,3781,1,3782,50
2020-07-03,San Joaquin,077,732212,6708,4416,3,4419,56
2020-07-03,San Luis Obispo,079,281455,998,676,7,683,2
2020-07-03,San Mateo,081,765935,3956,3439,6,3445,106
2020-07-03,Santa Barbara,083,443738,4214,3406,34,3440,27
2020-07-03,Santa Clara,085,1922200,6572,4820,18,4838,161
2020-07-03,Santa Cruz,087,273765,559,436,0,436,2
2020-07-03,Shasta,089,179085,244,113,1,114,6
2020-07-03,Sierra,091,2930,1,1,0,1,0
2020-07-03,Siskiyou,093,43540,36,30,0,30,0
2020-07-03,Solano,095,438530,2196,1496,7,1503,22
2020-07-03,Sonoma,097,501317,1766,1282,5,1287,8
2020-07-03,Stanislaus,099,539301,5010,3021,7,3028,43
2020-07-03,Sutter,101,95872,293,205,0,205,2
2020-07-03,Tehama,103,63373,115,89,2,91,1
2020-07-03,Trinity,105,12862,19,2,5,7,0
2020-07-03,Tulare,107,460477,6240,4656,13,4669,134
2020-07-03,Tuolumne,109,53932,61,27,3,30,0
2020-07-03,Ventura,111,848112,4981,3536,18,3554,44
2020-07-03,Yolo,113,214977,876,586,3,589,25
2020-07-03,Yuba,115,75493,125,96,0,96,1
2020-07-02,Alameda,001,1643700,7816,6386,10,6396,139
2020-07-02,Alpine,003,1148,1,1,0,1,0
2020-07-02,Amador,005,37829,35,23,0,23,0
2020-07-02,Butte,007,227075,349,199,11,210,2
2020-07-02,Calaveras,009,45235,65,42,0,42,0
2020-07-02,Colusa,011,21464,109,60,0,60,0
2020-07-02,Contra Costa,013,1133247,4564,3347,6,3353,77
2020-07-02,Del Norte,015,27424,59,50,0,50,0
2020-07-02,El Dorado,017,186661,342,193,3,196,0
2020-07-02,Fresno,019,978130,10912,5402,82,5484,78
2020-07-02,Glenn,021,27897,176,114,0,114,0
2020-07-02,Humboldt,023,135768,169,138,1,139,3
2020-07-02,Imperial,025,180216,8390,6236,4,6240,47
2020-07-02,Inyo,027,18085,35,29,1,30,1
2020-07-02,Kern,029,883053,10884,5036,35,5071,78
2020-07-02,Kings,031,150075,2936,2419,9,2428,31
2020-07-02,Lake,033,64148,104,81,0,81,0
2020-07-02,Lassen,035,31185,256,218,2,220,0
2020-07-02,Los Angeles,037,10098052,128313,107144,53,107197,3458
2020-07-02,Madera,039,155013,1110,548,3,551,4
2020-07-02,Marin,041,260295,3304,1706,4,1710,17
2020-07-02,Mariposa,043,17540,35,28,0,28,1
2020-07-02,Mendocino,045,87422,99,71,0,71,0
2020-07-02,Merced,047,269075,2084,1122,2,1124,10
2020-07-02,Modoc,049,8938,1,0,0,0,0
2020-07-02,Mono,051,14174,54,37,0,37,1
2020-07-02,Monterey,053,433212,2490,1796,7,1803,15
2020-07-02,Napa,055,140530,534,352,0,352,4
2020-07-02,Nevada,057,99092,176,118,4,122,1
2020-07-02,Orange,059,3164182,25928,17056,245,17301,360
2020-07-02,Placer,061,380077,1079,740,3,743,11
2020-07-02,Plumas,063,18699,15,8,0,8,0
2020-07-02,Riverside,065,2383286,26453,20253,28,20281,458
2020-07-02,Sacramento,067,1510023,5138,3587,6,3593,70
2020-07-02,San Benito,069,59416,320,236,0,236,2
2020-07-02,San Bernardino,071,2135413,21747,13185,14,13199,260
2020-07-02,San Diego,073,3302833,19252,15208,2,15210,377
2020-07-02,San Francisco,075,870044,4310,3676,1,3677,50
2020-07-02,San Joaquin,077,732212,6361,4243,3,4246,56
2020-07-02,San Luis Obispo,079,281455,953,659,7,666,2
2020-07-02,San Mateo,081,765935,3876,3390,6,3396,107
2020-07-02,Santa Barbara,083,443738,4114,3385,32,3417,27
2020-07-02,Santa Clara,085,1922200,6446,4722,18,4740,160
2020-07-02,Santa Cruz,087,273765,536,414,0,414,2
2020-07-02,Shasta,089,179085,241,110,1,111,5
2020-07-02,Sierra,091,2930,1,1,0,1,0
2020-07-02,Siskiyou,093,43540,36,30,0,30,0
2020-07-02,Solano,095,438530,2113,1429,7,1436,21
2020-07-02,Sonoma,097,501317,1708,1244,5,1249,6
2020-07-02,Stanislaus,099,539301,4838,2850,7,2857,41
2020-07-02,Sutter,101,95872,282,195,0,195,2
2020-07-02,Tehama,103,63373,113,86,2,88,1
2020-07-02,Trinity,105,12862,19,2,5,7,0
2020-07-02,Tulare,107,460477,6073,4559,12,4571,132
2020-07-02,Tuolumne,109,53932,58,23,2,25,0
2020-07-02,Ventura,111,848112,4825,3394,18,3412,42
2020-07-02,Yolo,113,214977,844,554,3,557,24
2020-07-02,Yuba,115,75493,115,93,0,93,1
2020-07-01,Alameda,001,1643700,7596,6125,10,6135,137
2020-07-01,Alpine,003,1148,1,1,0,1,0
2020-07-01,Amador,005,37829,34,22,0,22,0
2020-07-01,Butte,007,227075,324,185,11,196,2
2020-07-01,Calaveras,009,45235,63,37,0,37,0
2020-07-01,Colusa,011,21464,103,53,0,53,0
2020-07-01,Contra Costa,013,1133247,4351,3259,6,3265,76
2020-07-01,Del Norte,015,27424,59,50,0,50,0
2020-07-01,El Dorado,017,186661,315,183,3,186,0
2020-07-01,Fresno,019,978130,10478,5111,79,5190,76
2020-07-01,Glenn,021,27897,170,110,0,110,0
2020-07-01,Humboldt,023,135768,164,134,0,134,3
2020-07-01,Imperial,025,180216,8293,6150,4,6154,46
2020-07-01,Inyo,027,18085,34,30,1,31,1
2020-07-01,Kern,029,883053,10251,4853,34,4887,78
2020-07-01,Kings,031,150075,2868,2360,9,2369,30
2020-07-01,Lake,033,64148,103,75,0,75,0
2020-07-01,Lassen,035,31185,255,217,2,219,0
2020-07-01,Los Angeles,037,10098052,125113,105325,44,105369,3408
2020-07-01,Madera,039,155013,1069,519,3,522,4
2020-07-01,Marin,041,260295,3147,1636,4,1640,17
2020-07-01,Mariposa,043,17540,35,29,0,29,1
2020-07-01,Mendocino,045,87422,95,70,0,70,0
2020-07-01,Merced,047,269075,1986,1052,2,1054,10
2020-07-01,Modoc,049,8938,1,0,0,0,0
2020-07-01,Mono,051,14174,51,37,0,37,1
2020-07-01,Monterey,053,433212,2382,1703,6,1709,15
2020-07-01,Napa,055,140530,511,347,0,347,4
2020-07-01,Nevada,057,99092,166,115,4,119,1
2020-07-01,Orange,059,3164182,25043,15662,224,15886,343
2020-07-01,Placer,061,380077,1032,713,3,716,11
2020-07-01,Plumas,063,18699,13,8,0,8,0
2020-07-01,Riverside,065,2383286,25611,19537,27,19564,457
2020-07-01,Sacramento,067,1510023,4883,3425,6,3431,64
2020-07-01,San Benito,069,59416,311,219,0,219,2
2020-07-01,San Bernardino,071,2135413,20852,12712,11,12723,253
2020-07-01,San Diego,073,3302833,18684,14624,2,14626,372
2020-07-01,San Francisco,075,870044,4217,3626,1,3627,50
2020-07-01,San Joaquin,077,732212,6003,3990,3,3993,54
2020-07-01,San Luis Obispo,079,281455,926,613,7,620,1
2020-07-01,San Mateo,081,765935,3814,3326,6,3332,84
2020-07-01,Santa Barbara,083,443738,3994,3268,31,3299,27
2020-07-01,Santa Clara,085,1922200,6259,4547,17,4564,159
2020-07-01,Santa Cruz,087,273765,512,398,0,398,2
2020-07-01,Shasta,089,179085,236,104,1,105,5
2020-07-01,Sierra,091,2930,1,1,0,1,0
2020-07-01,Siskiyou,093,43540,36,28,0,28,0
2020-07-01,Solano,095,438530,2023,1350,7,1357,21
2020-07-01,Sonoma,097,501317,1613,1178,5,1183,6
2020-07-01,Stanislaus,099,539301,4559,2619,7,2626,41
2020-07-01,Sutter,101,95872,269,188,0,188,2
2020-07-01,Tehama,103,63373,106,80,2,82,1
2020-07-01,Trinity,105,12862,19,2,4,6,0
2020-07-01,Tulare,107,460477,5895,4359,12,4371,128
2020-07-01,Tuolumne,109,53932,55,17,2,19,0
2020-07-01,Ventura,111,848112,4683,3224,16,3240,41
2020-07-01,Yolo,113,214977,793,526,3,529,24
2020-07-01,Yuba,115,75493,110,57,0,57,1
2020-06-30,Alameda,001,1643700,7347,5959,8,5967,137
2020-06-30,Alpine,003,1148,1,1,0,1,0
2020-06-30,Amador,005,37829,34,21,0,21,0
2020-06-30,Butte,007,227075,307,163,11,174,2
2020-06-30,Calaveras,009,45235,58,31,0,31,0
2020-06-30,Colusa,011,21464,94,33,0,33,0
2020-06-30,Contra Costa,013,1133247,4144,3140,6,3146,75
2020-06-30,Del Norte,015,27424,59,48,0,48,0
2020-06-30,El Dorado,017,186661,302,175,3,178,0
2020-06-30,Fresno,019,978130,10031,4826,74,4900,75
2020-06-30,Glenn,021,27897,165,96,0,96,0
2020-06-30,Humboldt,023,135768,160,132,0,132,3
2020-06-30,Imperial,025,180216,8194,5968,4,5972,45
2020-06-30,Inyo,027,18085,34,30,1,31,1
2020-06-30,Kern,029,883053,9604,4721,31,4752,75
2020-06-30,Kings,031,150075,2819,2315,6,2321,30
2020-06-30,Lake,033,64148,95,56,0,56,0
2020-06-30,Lassen,035,31185,248,215,2,217,0
2020-06-30,Los Angeles,037,10098052,121529,103640,41,103681,3378
2020-06-30,Madera,039,155013,1012,475,3,478,4
2020-06-30,Marin,041,260295,3076,1614,4,1618,17
2020-06-30,Mariposa,043,17540,34,27,0,27,1
2020-06-30,Mendocino,045,87422,90,65,0,65,0
2020-06-30,Merced,047,269075,1849,970,2,972,10
2020-06-30,Modoc,049,8938,1,0,0,0,0
2020-06-30,Mono,051,14174,49,36,0,36,1
2020-06-30,Monterey,053,433212,2285,1657,6,1663,15
2020-06-30,Napa,055,140530,486,342,0,342,4
2020-06-30,Nevada,057,99092,158,113,4,117,1
2020-06-30,Orange,059,3164182,24112,14354,214,14568,335
2020-06-30,Placer,061,380077,1005,667,3,670,11
2020-06-30,Plumas,063,18699,12,8,0,8,0
2020-06-30,Riverside,065,2383286,24893,18656,26,18682,449
2020-06-30,Sacramento,067,1510023,4594,3246,6,3252,64
2020-06-30,San Benito,069,59416,300,200,0,200,2
2020-06-30,San Bernardino,071,2135413,19870,12375,10,12385,249
2020-06-30,San Diego,073,3302833,17979,14150,2,14152,365
2020-06-30,San Francisco,075,870044,4112,3555,1,3556,50
2020-06-30,San Joaquin,077,732212,5628,3744,3,3747,52
2020-06-30,San Luis Obispo,079,281455,888,583,7,590,1
2020-06-30,San Mateo,081,765935,3736,3268,6,3274,84
2020-06-30,Santa Barbara,083,443738,3878,3102,31,3133,25
2020-06-30,Santa Clara,085,1922200,6056,4346,17,4363,157
2020-06-30,Santa Cruz,087,273765,486,379,0,379,2
2020-06-30,Shasta,089,179085,220,100,1,101,5
2020-06-30,Sierra,091,2930,1,1,0,1,0
2020-06-30,Siskiyou,093,43540,35,26,0,26,0
2020-06-30,Solano,095,438530,1931,1256,7,1263,21
2020-06-30,Sonoma,097,501317,1549,1122,5,1127,6
2020-06-30,Stanislaus,099,539301,4262,2578,7,2585,41
2020-06-30,Sutter,101,95872,246,168,0,168,2
2020-06-30,Tehama,103,63373,104,75,2,77,1
2020-06-30,Trinity,105,12862,19,2,4,6,0
2020-06-30,Tulare,107,460477,5686,4207,12,4219,117
2020-06-30,Tuolumne,109,53932,51,16,2,18,0
2020-06-30,Ventura,111,848112,4549,3030,16,3046,40
2020-06-30,Yolo,113,214977,755,515,3,518,24
2020-06-30,Yuba,115,75493,106,55,0,55,1
2020-06-29,Alameda,001,1643700,7139,5766,8,5774,135
2020-06-29,Alpine,003,1148,1,1,0,1,0
2020-06-29,Amador,005,37829,31,20,0,20,0
2020-06-29,Butte,007,227075,286,157,11,168,2
2020-06-29,Calaveras,009,45235,56,30,0,30,0
2020-06-29,Colusa,011,21464,89,17,0,17,0
2020-06-29,Contra Costa,013,1133247,3981,2976,5,2981,75
2020-06-29,Del Norte,015,27424,59,47,0,47,0
2020-06-29,El Dorado,017,186661,288,163,1,164,0
2020-06-29,Fresno,019,978130,9683,4531,72,4603,74
2020-06-29,Glenn,021,27897,156,77,0,77,0
2020-06-29,Humboldt,023,135768,159,128,0,128,3
2020-06-29,Imperial,025,180216,8063,5512,4,5516,45
2020-06-29,Inyo,027,18085,33,29,0,29,1
2020-06-29,Kern,029,883053,8941,4613,29,4642,73
2020-06-29,Kings,031,150075,2754,2280,6,2286,20
2020-06-29,Lake,033,64148,88,53,0,53,0
2020-06-29,Lassen,035,31185,240,77,2,79,0
2020-06-29,Los Angeles,037,10098052,118489,100846,35,100881,3337
2020-06-29,Madera,039,155013,955,422,3,425,4
2020-06-29,Marin,041,260295,3000,1517,4,1521,17
2020-06-29,Mariposa,043,17540,32,25,0,25,1
2020-06-29,Mendocino,045,87422,87,63,0,63,0
2020-06-29,Merced,047,269075,1743,848,2,850,10
2020-06-29,Modoc,049,8938,1,0,0,0,0
2020-06-29,Mono,051,14174,47,35,0,35,1
2020-06-29,Monterey,053,433212,2213,1614,6,1620,14
2020-06-29,Napa,055,140530,464,317,0,317,4
2020-06-29,Nevada,057,99092,155,107,3,110,1
2020-06-29,Orange,059,3164182,23122,13682,199,13881,324
2020-06-29,Placer,061,380077,969,628,3,631,11
2020-06-29,Plumas,063,18699,12,6,0,6,0
2020-06-29,Riverside,065,2383286,23859,17683,26,17709,432
2020-06-29,Sacramento,067,1510023,4307,2985,6,2991,62
2020-06-29,San Benito,069,59416,285,193,0,193,2
2020-06-29,San Bernardino,071,2135413,18907,11643,10,11653,245
2020-06-29,San Diego,073,3302833,17401,13834,2,13836,361
2020-06-29,San Francisco,075,870044,4035,3389,1,3390,50
2020-06-29,San Joaquin,077,732212,5270,3202,3,3205,52
2020-06-29,San Luis Obispo,079,281455,854,544,7,551,1
2020-06-29,San Mateo,081,765935,3682,3170,6,3176,84
2020-06-29,Santa Barbara,083,443738,3769,2933,30,2963,25
2020-06-29,Santa Clara,085,1922200,5885,4231,17,4248,157
2020-06-29,Santa Cruz,087,273765,468,348,0,348,2
2020-06-29,Shasta,089,179085,212,94,1,95,5
2020-06-29,Sierra,091,2930,1,1,0,1,0
2020-06-29,Siskiyou,093,43540,35,25,0,25,0
2020-06-29,Solano,095,438530,1828,1077,7,1084,21
2020-06-29,Sonoma,097,501317,1477,1103,5,1108,5
2020-06-29,Stanislaus,099,539301,4056,2400,6,2406,36
2020-06-29,Sutter,101,95872,224,152,0,152,2
2020-06-29,Tehama,103,63373,100,63,2,65,1
2020-06-29,Trinity,105,12862,18,2,4,6,0
2020-06-29,Tulare,107,460477,5531,3906,11,3917,117
2020-06-29,Tuolumne,109,53932,47,16,2,18,0
2020-06-29,Ventura,111,848112,4402,2794,16,2810,40
2020-06-29,Yolo,113,214977,722,483,3,486,24
2020-06-29,Yuba,115,75493,93,55,0,55,1
2020-06-28,Alameda,001,1643700,6880,5698,8,5706,135
2020-06-28,Alpine,003,1148,1,1,0,1,0
2020-06-28,Amador,005,37829,29,20,0,20,0
2020-06-28,Butte,007,227075,266,150,11,161,2
2020-06-28,Calaveras,009,45235,51,30,0,30,0
2020-06-28,Colusa,011,21464,74,17,0,17,0
2020-06-28,Contra Costa,013,1133247,3790,2803,4,2807,73
2020-06-28,Del Norte,015,27424,58,47,0,47,0
2020-06-28,El Dorado,017,186661,276,162,1,163,0
2020-06-28,Fresno,019,978130,9320,4365,72,4437,74
2020-06-28,Glenn,021,27897,148,77,0,77,0
2020-06-28,Humboldt,023,135768,156,127,0,127,3
2020-06-28,Imperial,025,180216,7874,5513,4,5517,45
2020-06-28,Inyo,027,18085,33,29,0,29,1
2020-06-28,Kern,029,883053,8390,4541,27,4568,72
2020-06-28,Kings,031,150075,2694,2234,6,2240,18
2020-06-28,Lake,033,64148,84,53,0,53,0
2020-06-28,Lassen,035,31185,240,77,2,79,0
2020-06-28,Los Angeles,037,10098052,115286,98003,31,98034,3316
2020-06-28,Madera,039,155013,907,424,3,427,4
2020-06-28,Marin,041,260295,2654,1473,4,1477,17
2020-06-28,Mariposa,043,17540,32,24,0,24,1
2020-06-28,Mendocino,045,87422,85,63,0,63,0
2020-06-28,Merced,047,269075,1630,814,2,816,10
2020-06-28,Modoc,049,8938,1,0,0,0,0
2020-06-28,Mono,051,14174,47,35,0,35,1
2020-06-28,Monterey,053,433212,2131,1560,6,1566,13
2020-06-28,Napa,055,140530,430,307,0,307,4
2020-06-28,Nevada,057,99092,144,102,3,105,1
2020-06-28,Orange,059,3164182,22148,13213,181,13394,324
2020-06-28,Placer,061,380077,930,618,3,621,11
2020-06-28,Plumas,063,18699,11,6,0,6,0
2020-06-28,Riverside,065,2383286,23031,16848,25,16873,432
2020-06-28,Sacramento,067,1510023,4079,2803,6,2809,63
2020-06-28,San Benito,069,59416,274,190,0,190,2
2020-06-28,San Bernardino,071,2135413,18154,11344,9,11353,245
2020-06-28,San Diego,073,3302833,16856,13333,2,13335,361
2020-06-28,San Francisco,075,870044,3957,3388,1,3389,50
2020-06-28,San Joaquin,077,732212,4933,3201,3,3204,52
2020-06-28,San Luis Obispo,079,281455,815,531,6,537,1
2020-06-28,San Mateo,081,765935,3605,3124,5,3129,84
2020-06-28,Santa Barbara,083,443738,3624,2872,30,2902,25
2020-06-28,Santa Clara,085,1922200,5723,4131,17,4148,156
2020-06-28,Santa Cruz,087,273765,445,349,0,349,2
2020-06-28,Shasta,089,179085,199,89,0,89,5
2020-06-28,Sierra,091,2930,1,1,0,1,0
2020-06-28,Siskiyou,093,43540,35,25,0,25,0
2020-06-28,Solano,095,438530,1753,1077,7,1084,21
2020-06-28,Sonoma,097,501317,1423,1084,5,1089,5
2020-06-28,Stanislaus,099,539301,3850,2376,6,2382,36
2020-06-28,Sutter,101,95872,198,145,0,145,2
2020-06-28,Tehama,103,63373,93,63,2,65,1
2020-06-28,Trinity,105,12862,17,2,4,6,0
2020-06-28,Tulare,107,460477,5363,3812,11,3823,117
2020-06-28,Tuolumne,109,53932,42,14,2,16,0
2020-06-28,Ventura,111,848112,4244,2650,16,2666,40
2020-06-28,Yolo,113,214977,687,468,3,471,24
2020-06-28,Yuba,115,75493,89,39,0,39,1
2020-06-27,Alameda,001,1643700,6784,5581,8,5589,135
2020-06-27,Alpine,003,1148,1,1,0,1,0
2020-06-27,Amador,005,37829,27,20,0,20,0
2020-06-27,Butte,007,227075,258,137,11,148,2
2020-06-27,Calaveras,009,45235,49,30,0,30,0
2020-06-27,Colusa,011,21464,68,17,0,17,0
2020-06-27,Contra Costa,013,1133247,3696,2717,3,2720,72
2020-06-27,Del Norte,015,27424,58,47,0,47,0
2020-06-27,El Dorado,017,186661,270,159,1,160,0
2020-06-27,Fresno,019,978130,9074,4238,72,4310,74
2020-06-27,Glenn,021,27897,144,77,0,77,0
2020-06-27,Humboldt,023,135768,154,127,0,127,3
2020-06-27,Imperial,025,180216,7813,5513,4,5517,45
2020-06-27,Inyo,027,18085,33,29,0,29,1
2020-06-27,Kern,029,883053,8127,4411,26,4437,70
2020-06-27,Kings,031,150075,2668,2187,6,2193,18
2020-06-27,Lake,033,64148,81,42,0,42,0
2020-06-27,Lassen,035,31185,240,33,2,35,0
2020-06-27,Los Angeles,037,10098052,113545,95341,28,95369,3291
2020-06-27,Madera,039,155013,864,427,2,429,4
2020-06-27,Marin,041,260295,2609,1423,4,1427,17
2020-06-27,Mariposa,043,17540,31,22,0,22,1
2020-06-27,Mendocino,045,87422,85,63,0,63,0
2020-06-27,Merced,047,269075,1572,807,1,808,10
2020-06-27,Modoc,049,8938,1,0,0,0,0
2020-06-27,Mono,051,14174,46,35,0,35,1
2020-06-27,Monterey,053,433212,2067,1455,6,1461,12
2020-06-27,Napa,055,140530,420,282,0,282,3
2020-06-27,Nevada,057,99092,140,102,2,104,1
2020-06-27,Orange,059,3164182,21637,12951,176,13127,320
2020-06-27,Placer,061,380077,909,584,3,587,10
2020-06-27,Plumas,063,18699,11,6,0,6,0
2020-06-27,Riverside,065,2383286,22642,16209,25,16234,432
2020-06-27,Sacramento,067,1510023,3962,2685,6,2691,63
2020-06-27,San Benito,069,59416,267,182,0,182,2
2020-06-27,San Bernardino,071,2135413,17778,11238,9,11247,243
2020-06-27,San Diego,073,3302833,16491,12836,2,12838,360
2020-06-27,San Francisco,075,870044,3902,3332,1,3333,49
2020-06-27,San Joaquin,077,732212,4767,2995,3,2998,52
2020-06-27,San Luis Obispo,079,281455,792,505,6,511,1
2020-06-27,San Mateo,081,765935,3548,3083,5,3088,83
2020-06-27,Santa Barbara,083,443738,3552,2799,30,2829,25
2020-06-27,Santa Clara,085,1922200,5617,4006,17,4023,157
2020-06-27,Santa Cruz,087,273765,438,347,0,347,2
2020-06-27,Shasta,089,179085,193,87,0,87,5
2020-06-27,Sierra,091,2930,1,1,0,1,0
2020-06-27,Siskiyou,093,43540,35,25,0,25,0
2020-06-27,Solano,095,438530,1720,1076,7,1083,21
2020-06-27,Sonoma,097,501317,1391,1004,5,1009,5
2020-06-27,Stanislaus,099,539301,3750,2164,6,2170,36
2020-06-27,Sutter,101,95872,191,141,0,141,2
2020-06-27,Tehama,103,63373,90,63,2,65,1
2020-06-27,Trinity,105,12862,17,2,4,6,0
2020-06-27,Tulare,107,460477,5267,3810,11,3821,117
2020-06-27,Tuolumne,109,53932,41,13,2,15,0
2020-06-27,Ventura,111,848112,4144,2471,16,2487,40
2020-06-27,Yolo,113,214977,663,432,3,435,24
2020-06-27,Yuba,115,75493,81,39,0,39,1
2020-06-26,Alameda,001,1643700,6698,5502,7,5509,132
2020-06-26,Alpine,003,1148,1,1,0,1,0
2020-06-26,Amador,005,37829,26,20,0,20,0
2020-06-26,Butte,007,227075,243,135,11,146,2
2020-06-26,Calaveras,009,45235,47,30,0,30,0
2020-06-26,Colusa,011,21464,63,17,0,17,0
2020-06-26,Contra Costa,013,1133247,3584,2676,3,2679,72
2020-06-26,Del Norte,015,27424,57,47,0,47,0
2020-06-26,El Dorado,017,186661,262,159,1,160,0
2020-06-26,Fresno,019,978130,8848,4166,72,4238,74
2020-06-26,Glenn,021,27897,137,71,0,71,0
2020-06-26,Humboldt,023,135768,152,126,0,126,3
2020-06-26,Imperial,025,180216,7750,5400,4,5404,44
2020-06-26,Inyo,027,18085,32,29,0,29,1
2020-06-26,Kern,029,883053,7797,4366,26,4392,70
2020-06-26,Kings,031,150075,2636,2176,5,2181,18
2020-06-26,Lake,033,64148,80,42,0,42,0
2020-06-26,Lassen,035,31185,239,30,2,32,0
2020-06-26,Los Angeles,037,10098052,111379,93328,28,93356,3275
2020-06-26,Madera,039,155013,832,409,2,411,4
2020-06-26,Marin,041,260295,2572,1406,4,1410,17
2020-06-26,Mariposa,043,17540,30,21,0,21,1
2020-06-26,Mendocino,045,87422,82,63,0,63,0
2020-06-26,Merced,047,269075,1526,797,1,798,10
2020-06-26,Modoc,049,8938,1,0,0,0,0
2020-06-26,Mono,051,14174,45,35,0,35,1
2020-06-26,Monterey,053,433212,2015,1449,6,1455,12
2020-06-26,Napa,055,140530,410,277,0,277,3
2020-06-26,Nevada,057,99092,136,101,1,102,1
2020-06-26,Orange,059,3164182,20961,12659,173,12832,320
2020-06-26,Placer,061,380077,880,584,3,587,10
2020-06-26,Plumas,063,18699,11,6,0,6,0
2020-06-26,Riverside,065,2383286,22179,15858,25,15883,430
2020-06-26,Sacramento,067,1510023,3797,2687,6,2693,63
2020-06-26,San Benito,069,59416,263,176,0,176,2
2020-06-26,San Bernardino,071,2135413,17400,11111,9,11120,243
2020-06-26,San Diego,073,3302833,16126,12402,2,12404,358
2020-06-26,San Francisco,075,870044,3847,3330,1,3331,49
2020-06-26,San Joaquin,077,732212,4553,2943,3,2946,52
2020-06-26,San Luis Obispo,079,281455,777,498,6,504,1
2020-06-26,San Mateo,081,765935,3496,3055,5,3060,83
2020-06-26,Santa Barbara,083,443738,3462,2784,28,2812,25
2020-06-26,Santa Clara,085,1922200,5517,3968,17,3985,156
2020-06-26,Santa Cruz,087,273765,431,344,0,344,2
2020-06-26,Shasta,089,179085,186,86,0,86,5
2020-06-26,Sierra,091,2930,1,1,0,1,0
2020-06-26,Siskiyou,093,43540,34,24,0,24,0
2020-06-26,Solano,095,438530,1678,1068,7,1075,21
2020-06-26,Sonoma,097,501317,1360,977,5,982,5
2020-06-26,Stanislaus,099,539301,3637,2157,6,2163,36
2020-06-26,Sutter,101,95872,184,138,0,138,2
2020-06-26,Tehama,103,63373,87,63,2,65,1
2020-06-26,Trinity,105,12862,17,2,4,6,0
2020-06-26,Tulare,107,460477,5178,3720,11,3731,117
2020-06-26,Tuolumne,109,53932,39,10,2,12,0
2020-06-26,Ventura,111,848112,4058,2444,16,2460,40
2020-06-26,Yolo,113,214977,640,418,3,421,24
2020-06-26,Yuba,115,75493,75,38,0,38,1
2020-06-25,Alameda,001,1643700,6509,5398,7,5405,130
2020-06-25,Alpine,003,1148,1,1,0,1,0
2020-06-25,Amador,005,37829,25,18,0,18,0
2020-06-25,Butte,007,227075,238,127,11,138,1
2020-06-25,Calaveras,009,45235,42,26,0,26,0
2020-06-25,Colusa,011,21464,53,14,0,14,0
2020-06-25,Contra Costa,013,1133247,3399,2591,3,2594,71
2020-06-25,Del Norte,015,27424,55,47,0,47,0
2020-06-25,El Dorado,017,186661,254,150,1,151,0
2020-06-25,Fresno,019,978130,8535,3938,71,4009,71
2020-06-25,Glenn,021,27897,132,59,0,59,0
2020-06-25,Humboldt,023,135768,151,121,0,121,3
2020-06-25,Imperial,025,180216,7621,5192,4,5196,44
2020-06-25,Inyo,027,18085,29,27,0,27,1
2020-06-25,Kern,029,883053,7373,4236,23,4259,69
2020-06-25,Kings,031,150075,2584,2110,5,2115,17
2020-06-25,Lake,033,64148,79,42,0,42,0
2020-06-25,Lassen,035,31185,233,13,2,15,0
2020-06-25,Los Angeles,037,10098052,108610,91524,28,91552,3239
2020-06-25,Madera,039,155013,788,380,2,382,4
2020-06-25,Marin,041,260295,2470,1321,4,1325,17
2020-06-25,Mariposa,043,17540,29,20,0,20,1
2020-06-25,Mendocino,045,87422,79,61,0,61,0
2020-06-25,Merced,047,269075,1439,747,1,748,10
2020-06-25,Modoc,049,8938,1,0,0,0,0
2020-06-25,Mono,051,14174,44,35,0,35,1
2020-06-25,Monterey,053,433212,1927,1426,5,1431,12
2020-06-25,Napa,055,140530,392,260,0,260,3
2020-06-25,Nevada,057,99092,128,92,1,93,1
2020-06-25,Orange,059,3164182,20040,12221,171,12392,311
2020-06-25,Placer,061,380077,826,574,3,577,10
2020-06-25,Plumas,063,18699,10,6,0,6,0
2020-06-25,Riverside,065,2383286,21424,15224,25,15249,427
2020-06-25,Sacramento,067,1510023,3574,2519,6,2525,62
2020-06-25,San Benito,069,59416,255,174,0,174,2
2020-06-25,San Bernardino,071,2135413,16648,10590,9,10599,242
2020-06-25,San Diego,073,3302833,15587,11963,2,11965,352
2020-06-25,San Francisco,075,870044,3781,3252,1,3253,48
2020-06-25,San Joaquin,077,732212,4281,2803,3,2806,50
2020-06-25,San Luis Obispo,079,281455,745,473,6,479,1
2020-06-25,San Mateo,081,765935,3428,2996,4,3000,82
2020-06-25,Santa Barbara,083,443738,3357,2622,27,2649,25
2020-06-25,Santa Clara,085,1922200,5368,3871,17,3888,156
2020-06-25,Santa Cruz,087,273765,419,335,0,335,2
2020-06-25,Shasta,089,179085,176,84,0,84,5
2020-06-25,Sierra,091,2930,1,1,0,1,0
2020-06-25,Siskiyou,093,43540,33,24,0,24,0
2020-06-25,Solano,095,438530,1625,1034,7,1041,21
2020-06-25,Sonoma,097,501317,1311,953,4,957,5
2020-06-25,Stanislaus,099,539301,3425,2130,6,2136,36
2020-06-25,Sutter,101,95872,172,126,0,126,2
2020-06-25,Tehama,103,63373,83,59,2,61,1
2020-06-25,Trinity,105,12862,17,2,4,6,0
2020-06-25,Tulare,107,460477,5047,3656,11,3667,117
2020-06-25,Tuolumne,109,53932,38,10,1,11,0
2020-06-25,Ventura,111,848112,3876,2346,15,2361,40
2020-06-25,Yolo,113,214977,611,397,3,400,24
2020-06-25,Yuba,115,75493,64,38,0,38,1
2020-06-24,Alameda,001,1643700,6347,5242,7,5249,123
2020-06-24,Alpine,003,1148,1,1,0,1,0
2020-06-24,Amador,005,37829,23,16,0,16,0
2020-06-24,Butte,007,227075,222,119,10,129,1
2020-06-24,Calaveras,009,45235,40,26,0,26,0
2020-06-24,Colusa,011,21464,44,11,0,11,0
2020-06-24,Contra Costa,013,1133247,3243,2520,3,2523,66
2020-06-24,Del Norte,015,27424,49,47,0,47,0
2020-06-24,El Dorado,017,186661,238,149,1,150,0
2020-06-24,Fresno,019,978130,8204,3765,71,3836,71
2020-06-24,Glenn,021,27897,124,54,0,54,0
2020-06-24,Humboldt,023,135768,151,117,0,117,3
2020-06-24,Imperial,025,180216,7503,5138,4,5142,38
2020-06-24,Inyo,027,18085,29,28,0,28,1
2020-06-24,Kern,029,883053,6980,4155,21,4176,67
2020-06-24,Kings,031,150075,2520,2063,5,2068,16
2020-06-24,Lake,033,64148,66,40,0,40,0
2020-06-24,Lassen,035,31185,232,9,2,11,0
2020-06-24,Los Angeles,037,10098052,105848,89566,28,89594,3186
2020-06-24,Madera,039,155013,766,373,2,375,4
2020-06-24,Marin,041,260295,2242,1261,4,1265,17
2020-06-24,Mariposa,043,17540,28,19,0,19,1
2020-06-24,Mendocino,045,87422,79,60,0,60,0
2020-06-24,Merced,047,269075,1353,696,1,697,8
2020-06-24,Modoc,049,8938,1,0,0,0,0
2020-06-24,Mono,051,14174,42,35,0,35,1
2020-06-24,Monterey,053,433212,1850,1407,5,1412,12
2020-06-24,Napa,055,140530,375,258,0,258,3
2020-06-24,Nevada,057,99092,122,92,1,93,1
2020-06-24,Orange,059,3164182,19043,11804,153,11957,303
2020-06-24,Placer,061,380077,787,548,3,551,10
2020-06-24,Plumas,063,18699,10,6,0,6,0
2020-06-24,Riverside,065,2383286,20577,14946,25,14971,410
2020-06-24,Sacramento,067,1510023,3370,2446,5,2451,62
2020-06-24,San Benito,069,59416,251,171,0,171,2
2020-06-24,San Bernardino,071,2135413,15833,10211,9,10220,239
2020-06-24,San Diego,073,3302833,15084,11628,2,11630,347
2020-06-24,San Francisco,075,870044,3718,3216,1,3217,48
2020-06-24,San Joaquin,077,732212,4060,2680,3,2683,49
2020-06-24,San Luis Obispo,079,281455,714,461,5,466,1
2020-06-24,San Mateo,081,765935,3371,2964,4,2968,82
2020-06-24,Santa Barbara,083,443738,3238,2569,25,2594,22
2020-06-24,Santa Clara,085,1922200,5237,3812,17,3829,155
2020-06-24,Santa Cruz,087,273765,407,329,0,329,2
2020-06-24,Shasta,089,179085,168,83,0,83,5
2020-06-24,Sierra,091,2930,1,1,0,1,0
2020-06-24,Siskiyou,093,43540,32,24,0,24,0
2020-06-24,Solano,095,438530,1535,979,6,985,21
2020-06-24,Sonoma,097,501317,1262,933,4,937,4
2020-06-24,Stanislaus,099,539301,3246,2039,6,2045,36
2020-06-24,Sutter,101,95872,159,118,0,118,2
2020-06-24,Tehama,103,63373,81,55,2,57,1
2020-06-24,Trinity,105,12862,16,2,3,5,0
2020-06-24,Tulare,107,460477,4892,3541,10,3551,116
2020-06-24,Tuolumne,109,53932,33,9,1,10,0
2020-06-24,Ventura,111,848112,3535,2314,15,2329,42
2020-06-24,Yolo,113,214977,576,376,3,379,24
2020-06-24,Yuba,115,75493,58,37,0,37,1
2020-06-23,Alameda,001,1643700,6167,5159,7,5166,121
2020-06-23,Alpine,003,1148,1,1,0,1,0
2020-06-23,Amador,005,37829,22,13,0,13,0
2020-06-23,Butte,007,227075,204,111,10,121,1
2020-06-23,Calaveras,009,45235,40,26,0,26,0
2020-06-23,Colusa,011,21464,40,7,0,7,0
2020-06-23,Contra Costa,013,1133247,3116,2453,3,2456,60
2020-06-23,Del Norte,015,27424,48,46,0,46,0
2020-06-23,El Dorado,017,186661,229,142,1,143,0
2020-06-23,Fresno,019,978130,7552,3569,69,3638,67
2020-06-23,Glenn,021,27897,120,47,0,47,0
2020-06-23,Humboldt,023,135768,151,110,0,110,3
2020-06-23,Imperial,025,180216,7340,5025,4,5029,38
2020-06-23,Inyo,027,18085,29,26,0,26,1
2020-06-23,Kern,029,883053,6613,4087,18,4105,64
2020-06-23,Kings,031,150075,2455,1727,5,1732,16
2020-06-23,Lake,033,64148,60,40,0,40,0
2020-06-23,Lassen,035,31185,228,9,2,11,0
2020-06-23,Los Angeles,037,10098052,102906,88433,27,88460,3152
2020-06-23,Madera,039,155013,727,369,2,371,4
2020-06-23,Marin,041,260295,1974,1139,4,1143,17
2020-06-23,Mariposa,043,17540,26,18,0,18,1
2020-06-23,Mendocino,045,87422,78,61,0,61,0
2020-06-23,Merced,047,269075,1255,656,1,657,8
2020-06-23,Modoc,049,8938,1,0,0,0,0
2020-06-23,Mono,051,14174,42,35,0,35,1
2020-06-23,Monterey,053,433212,1780,1346,5,1351,12
2020-06-23,Napa,055,140530,360,230,0,230,3
2020-06-23,Nevada,057,99092,116,81,1,82,1
2020-06-23,Orange,059,3164182,18074,11071,150,11221,278
2020-06-23,Placer,061,380077,761,525,3,528,10
2020-06-23,Plumas,063,18699,9,6,0,6,0
2020-06-23,Riverside,065,2383286,19558,14469,25,14494,406
2020-06-23,Sacramento,067,1510023,3191,2374,5,2379,62
2020-06-23,San Benito,069,59416,237,167,0,167,2
2020-06-23,San Bernardino,071,2135413,15051,9771,9,9780,229
2020-06-23,San Diego,073,3302833,14564,11296,2,11298,341
2020-06-23,San Francisco,075,870044,3645,3177,1,3178,48
2020-06-23,San Joaquin,077,732212,3801,2502,3,2505,48
2020-06-23,San Luis Obispo,079,281455,683,445,5,450,1
2020-06-23,San Mateo,081,765935,3306,2907,4,2911,81
2020-06-23,Santa Barbara,083,443738,3143,2498,25,2523,22
2020-06-23,Santa Clara,085,1922200,5091,3700,17,3717,155
2020-06-23,Santa Cruz,087,273765,397,313,0,313,2
2020-06-23,Shasta,089,179085,159,81,0,81,5
2020-06-23,Sierra,091,2930,1,1,0,1,0
2020-06-23,Siskiyou,093,43540,30,24,0,24,0
2020-06-23,Solano,095,438530,1478,941,5,946,21
2020-06-23,Sonoma,097,501317,1209,912,4,916,4
2020-06-23,Stanislaus,099,539301,3069,1850,6,1856,35
2020-06-23,Sutter,101,95872,149,112,0,112,2
2020-06-23,Tehama,103,63373,79,50,2,52,1
2020-06-23,Trinity,105,12862,16,2,3,5,0
2020-06-23,Tulare,107,460477,4770,3456,10,3466,111
2020-06-23,Tuolumne,109,53932,28,9,0,9,0
2020-06-23,Ventura,111,848112,3375,2209,14,2223,40
2020-06-23,Yolo,113,214977,550,350,0,350,24
2020-06-23,Yuba,115,75493,55,35,0,35,1
2020-06-22,Alameda,001,1643700,6017,4944,7,4951,121
2020-06-22,Alpine,003,1148,1,1,0,1,0
2020-06-22,Amador,005,37829,19,12,0,12,0
2020-06-22,Butte,007,227075,185,104,10,114,1
2020-06-22,Calaveras,009,45235,38,20,0,20,0
2020-06-22,Colusa,011,21464,37,7,0,7,0
2020-06-22,Contra Costa,013,1133247,2974,2363,3,2366,60
2020-06-22,Del Norte,015,27424,48,46,0,46,0
2020-06-22,El Dorado,017,186661,220,137,1,138,0
2020-06-22,Fresno,019,978130,7020,3425,69,3494,67
2020-06-22,Glenn,021,27897,111,40,0,40,0
2020-06-22,Humboldt,023,135768,148,110,0,110,3
2020-06-22,Imperial,025,180216,7183,4700,4,4704,38
2020-06-22,Inyo,027,18085,29,26,0,26,1
2020-06-22,Kern,029,883053,6261,3982,16,3998,60
2020-06-22,Kings,031,150075,2406,1513,5,1518,13
2020-06-22,Lake,033,64148,54,37,0,37,0
2020-06-22,Lassen,035,31185,118,7,2,9,0
2020-06-22,Los Angeles,037,10098052,100006,85925,26,85951,3117
2020-06-22,Madera,039,155013,702,333,2,335,4
2020-06-22,Marin,041,260295,1717,1029,4,1033,17
2020-06-22,Mariposa,043,17540,25,18,0,18,1
2020-06-22,Mendocino,045,87422,73,48,0,48,0
2020-06-22,Merced,047,269075,1166,619,1,620,8
2020-06-22,Modoc,049,8938,1,0,0,0,0
2020-06-22,Mono,051,14174,42,34,0,34,1
2020-06-22,Monterey,053,433212,1719,1293,5,1298,12
2020-06-22,Napa,055,140530,336,222,0,222,3
2020-06-22,Nevada,057,99092,111,79,1,80,1
2020-06-22,Orange,059,3164182,17142,10711,147,10858,275
2020-06-22,Placer,061,380077,735,512,3,515,9
2020-06-22,Plumas,063,18699,7,6,0,6,0
2020-06-22,Riverside,065,2383286,18586,13948,25,13973,403
2020-06-22,Sacramento,067,1510023,2974,2243,5,2248,62
2020-06-22,San Benito,069,59416,228,164,0,164,2
2020-06-22,San Bernardino,071,2135413,14278,9133,9,9142,229
2020-06-22,San Diego,073,3302833,14072,11098,2,11100,338
2020-06-22,San Francisco,075,870044,3552,3000,1,3001,47
2020-06-22,San Joaquin,077,732212,3553,2332,3,2335,48
2020-06-22,San Luis Obispo,079,281455,650,422,5,427,1
2020-06-22,San Mateo,081,765935,3233,2813,3,2816,81
2020-06-22,Santa Barbara,083,443738,3051,2447,25,2472,21
2020-06-22,Santa Clara,085,1922200,4928,3580,17,3597,155
2020-06-22,Santa Cruz,087,273765,384,290,0,290,3
2020-06-22,Shasta,089,179085,156,77,0,77,5
2020-06-22,Sierra,091,2930,1,1,0,1,0
2020-06-22,Siskiyou,093,43540,30,23,0,23,0
2020-06-22,Solano,095,438530,1400,784,4,788,21
2020-06-22,Sonoma,097,501317,1165,860,2,862,4
2020-06-22,Stanislaus,099,539301,2884,1784,6,1790,35
2020-06-22,Sutter,101,95872,140,100,0,100,2
2020-06-22,Tehama,103,63373,75,38,2,40,1
2020-06-22,Trinity,105,12862,16,2,3,5,0
2020-06-22,Tulare,107,460477,4633,3185,10,3195,111
2020-06-22,Tuolumne,109,53932,19,8,0,8,0
2020-06-22,Ventura,111,848112,3227,2065,14,2079,39
2020-06-22,Yolo,113,214977,524,333,0,333,24
2020-06-22,Yuba,115,75493,50,36,0,36,1
2020-06-21,Alameda,001,1643700,5822,4835,7,4842,121
2020-06-21,Alpine,003,1148,1,1,0,1,0
2020-06-21,Amador,005,37829,14,12,0,12,0
2020-06-21,Butte,007,227075,171,97,10,107,1
2020-06-21,Calaveras,009,45235,38,20,0,20,0
2020-06-21,Colusa,011,21464,29,7,0,7,0
2020-06-21,Contra Costa,013,1133247,2848,2282,3,2285,60
2020-06-21,Del Norte,015,27424,47,46,0,46,0
2020-06-21,El Dorado,017,186661,211,132,1,133,0
2020-06-21,Fresno,019,978130,6450,3296,67,3363,67
2020-06-21,Glenn,021,27897,102,40,0,40,0
2020-06-21,Humboldt,023,135768,143,108,0,108,3
2020-06-21,Imperial,025,180216,7000,4701,4,4705,38
2020-06-21,Inyo,027,18085,27,26,0,26,1
2020-06-21,Kern,029,883053,5969,3918,14,3932,60
2020-06-21,Kings,031,150075,2342,1334,5,1339,11
2020-06-21,Lake,033,64148,49,36,0,36,0
2020-06-21,Lassen,035,31185,25,7,2,9,0
2020-06-21,Los Angeles,037,10098052,97113,83383,25,83408,3101
2020-06-21,Madera,039,155013,668,319,2,321,4
2020-06-21,Marin,041,260295,1560,907,4,911,17
2020-06-21,Mariposa,043,17540,22,18,0,18,1
2020-06-21,Mendocino,045,87422,70,48,0,48,0
2020-06-21,Merced,047,269075,1071,577,1,578,8
2020-06-21,Modoc,049,8938,1,0,0,0,0
2020-06-21,Mono,051,14174,42,34,0,34,1
2020-06-21,Monterey,053,433212,1646,1227,5,1232,12
2020-06-21,Napa,055,140530,321,218,0,218,3
2020-06-21,Nevada,057,99092,108,79,1,80,1
2020-06-21,Orange,059,3164182,16309,10563,144,10707,275
2020-06-21,Placer,061,380077,695,498,3,501,9
2020-06-21,Plumas,063,18699,7,6,0,6,0
2020-06-21,Riverside,065,2383286,17880,13528,24,13552,402
2020-06-21,Sacramento,067,1510023,2773,2156,4,2160,62
2020-06-21,San Benito,069,59416,214,151,0,151,2
2020-06-21,San Bernardino,071,2135413,13504,8925,8,8933,229
2020-06-21,San Diego,073,3302833,13526,10796,2,10798,338
2020-06-21,San Francisco,075,870044,3446,3000,1,3001,47
2020-06-21,San Joaquin,077,732212,3317,2188,3,2191,48
2020-06-21,San Luis Obispo,079,281455,624,418,5,423,1
2020-06-21,San Mateo,081,765935,3175,2781,3,2784,81
2020-06-21,Santa Barbara,083,443738,2944,2430,24,2454,21
2020-06-21,Santa Clara,085,1922200,4791,3514,17,3531,154
2020-06-21,Santa Cruz,087,273765,374,290,0,290,3
2020-06-21,Shasta,089,179085,146,75,0,75,5
2020-06-21,Sierra,091,2930,1,1,0,1,0
2020-06-21,Siskiyou,093,43540,30,23,0,23,0
2020-06-21,Solano,095,438530,1300,783,4,787,21
2020-06-21,Sonoma,097,501317,1115,836,2,838,4
2020-06-21,Stanislaus,099,539301,2698,1688,6,1694,35
2020-06-21,Sutter,101,95872,132,96,0,96,2
2020-06-21,Tehama,103,63373,64,35,2,37,1
2020-06-21,Trinity,105,12862,15,2,3,5,0
2020-06-21,Tulare,107,460477,4464,3173,10,3183,111
2020-06-21,Tuolumne,109,53932,17,8,0,8,0
2020-06-21,Ventura,111,848112,3049,2021,14,2035,39
2020-06-21,Yolo,113,214977,492,323,0,323,24
2020-06-21,Yuba,115,75493,46,35,0,35,1
2020-06-20,Alameda,001,1643700,5760,4758,7,4765,119
2020-06-20,Alpine,003,1148,1,1,0,1,0
2020-06-20,Amador,005,37829,14,12,0,12,0
2020-06-20,Butte,007,227075,164,94,10,104,1
2020-06-20,Calaveras,009,45235,38,20,0,20,0
2020-06-20,Colusa,011,21464,26,7,0,7,0
2020-06-20,Contra Costa,013,1133247,2789,2231,3,2234,54
2020-06-20,Del Norte,015,27424,47,46,0,46,0
2020-06-20,El Dorado,017,186661,206,130,1,131,0
2020-06-20,Fresno,019,978130,6324,3222,64,3286,67
2020-06-20,Glenn,021,27897,97,40,0,40,0
2020-06-20,Humboldt,023,135768,143,108,0,108,3
2020-06-20,Imperial,025,180216,6919,4616,4,4620,37
2020-06-20,Inyo,027,18085,27,26,0,26,1
2020-06-20,Kern,029,883053,5804,3836,14,3850,59
2020-06-20,Kings,031,150075,2318,1331,5,1336,9
2020-06-20,Lake,033,64148,49,37,0,37,0
2020-06-20,Lassen,035,31185,24,7,2,9,0
2020-06-20,Los Angeles,037,10098052,95538,81604,24,81628,3093
2020-06-20,Madera,039,155013,635,321,2,323,4
2020-06-20,Marin,041,260295,1540,879,4,883,17
2020-06-20,Mariposa,043,17540,22,18,0,18,1
2020-06-20,Mendocino,045,87422,69,48,0,48,0
2020-06-20,Merced,047,269075,1031,566,1,567,8
2020-06-20,Modoc,049,8938,1,0,0,0,0
2020-06-20,Mono,051,14174,42,34,0,34,1
2020-06-20,Monterey,053,433212,1610,1181,5,1186,12
2020-06-20,Napa,055,140530,312,212,0,212,3
2020-06-20,Nevada,057,99092,105,73,1,74,1
2020-06-20,Orange,059,3164182,15959,10284,140,10424,273
2020-06-20,Placer,061,380077,670,483,3,486,9
2020-06-20,Plumas,063,18699,6,6,0,6,0
2020-06-20,Riverside,065,2383286,17580,13021,24,13045,402
2020-06-20,Sacramento,067,1510023,2702,2069,4,2073,63
2020-06-20,San Benito,069,59416,210,139,0,139,2
2020-06-20,San Bernardino,071,2135413,13141,8718,8,8726,229
2020-06-20,San Diego,073,3302833,13203,10486,2,10488,338
2020-06-20,San Francisco,075,870044,3402,2999,1,3000,47
2020-06-20,San Joaquin,077,732212,3235,2046,3,2049,48
2020-06-20,San Luis Obispo,079,281455,610,405,5,410,1
2020-06-20,San Mateo,081,765935,3127,2755,3,2758,81
2020-06-20,Santa Barbara,083,443738,2887,2358,23,2381,21
2020-06-20,Santa Clara,085,1922200,4717,3435,17,3452,154
2020-06-20,Santa Cruz,087,273765,372,287,0,287,3
2020-06-20,Shasta,089,179085,140,66,0,66,5
2020-06-20,Sierra,091,2930,1,1,0,1,0
2020-06-20,Siskiyou,093,43540,29,22,0,22,0
2020-06-20,Solano,095,438530,1276,784,4,788,21
2020-06-20,Sonoma,097,501317,1079,806,2,808,4
2020-06-20,Stanislaus,099,539301,2590,1598,6,1604,35
2020-06-20,Sutter,101,95872,130,89,0,89,2
2020-06-20,Tehama,103,63373,62,35,2,37,1
2020-06-20,Trinity,105,12862,15,2,3,5,0
2020-06-20,Tulare,107,460477,4391,3172,10,3182,111
2020-06-20,Tuolumne,109,53932,14,8,0,8,0
2020-06-20,Ventura,111,848112,2983,1946,14,1960,37
2020-06-20,Yolo,113,214977,476,309,0,309,24
2020-06-20,Yuba,115,75493,44,34,0,34,1
2020-06-19,Alameda,001,1643700,5687,4646,7,4653,119
2020-06-19,Alpine,003,1148,1,1,0,1,0
2020-06-19,Amador,005,37829,14,12,0,12,0
2020-06-19,Butte,007,227075,159,91,10,101,1
2020-06-19,Calaveras,009,45235,37,20,0,20,0
2020-06-19,Colusa,011,21464,24,7,0,7,0
2020-06-19,Contra Costa,013,1133247,2710,2106,3,2109,54
2020-06-19,Del Norte,015,27424,47,46,0,46,0
2020-06-19,El Dorado,017,186661,198,124,1,125,0
2020-06-19,Fresno,019,978130,6162,3109,63,3172,61
2020-06-19,Glenn,021,27897,91,40,0,40,0
2020-06-19,Humboldt,023,135768,141,106,0,106,3
2020-06-19,Imperial,025,180216,6827,4504,4,4508,36
2020-06-19,Inyo,027,18085,27,26,0,26,1
2020-06-19,Kern,029,883053,5581,3742,13,3755,57
2020-06-19,Kings,031,150075,2297,1285,5,1290,9
2020-06-19,Lake,033,64148,46,36,0,36,0
2020-06-19,Lassen,035,31185,23,7,2,9,0
2020-06-19,Los Angeles,037,10098052,93551,79572,23,79595,3047
2020-06-19,Madera,039,155013,616,300,2,302,4
2020-06-19,Marin,041,260295,1511,829,4,833,17
2020-06-19,Mariposa,043,17540,21,18,0,18,1
2020-06-19,Mendocino,045,87422,68,48,0,48,0
2020-06-19,Merced,047,269075,986,529,1,530,8
2020-06-19,Modoc,049,8938,1,0,0,0,0
2020-06-19,Mono,051,14174,42,34,0,34,1
2020-06-19,Monterey,053,433212,1581,1159,5,1164,12
2020-06-19,Napa,055,140530,302,209,0,209,3
2020-06-19,Nevada,057,99092,102,71,1,72,1
2020-06-19,Orange,059,3164182,15426,9972,133,10105,260
2020-06-19,Placer,061,380077,652,464,3,467,9
2020-06-19,Plumas,063,18699,6,5,0,5,0
2020-06-19,Riverside,065,2383286,17175,12710,24,12734,398
2020-06-19,Sacramento,067,1510023,2619,1976,4,1980,64
2020-06-19,San Benito,069,59416,209,136,0,136,2
2020-06-19,San Bernardino,071,2135413,12736,8454,7,8461,226
2020-06-19,San Diego,073,3302833,12840,10352,2,10354,332
2020-06-19,San Francisco,075,870044,3347,2968,1,2969,47
2020-06-19,San Joaquin,077,732212,3112,1969,3,1972,48
2020-06-19,San Luis Obispo,079,281455,594,392,5,397,1
2020-06-19,San Mateo,081,765935,3088,2713,3,2716,81
2020-06-19,Santa Barbara,083,443738,2814,2284,21,2305,21
2020-06-19,Santa Clara,085,1922200,4643,3376,17,3393,154
2020-06-19,Santa Cruz,087,273765,362,283,0,283,3
2020-06-19,Shasta,089,179085,137,58,0,58,5
2020-06-19,Sierra,091,2930,1,1,0,1,0
2020-06-19,Siskiyou,093,43540,29,21,0,21,0
2020-06-19,Solano,095,438530,1238,755,4,759,21
2020-06-19,Sonoma,097,501317,1052,803,2,805,4
2020-06-19,Stanislaus,099,539301,2480,1549,6,1555,35
2020-06-19,Sutter,101,95872,129,89,0,89,2
2020-06-19,Tehama,103,63373,61,35,2,37,1
2020-06-19,Trinity,105,12862,15,2,3,5,0
2020-06-19,Tulare,107,460477,4321,3053,10,3063,107
2020-06-19,Tuolumne,109,53932,13,8,0,8,0
2020-06-19,Ventura,111,848112,2899,1865,14,1879,37
2020-06-19,Yolo,113,214977,457,303,0,303,24
2020-06-19,Yuba,115,75493,43,33,0,33,1
2020-06-18,Alameda,001,1643700,5558,4589,7,4596,118
2020-06-18,Alpine,003,1148,1,1,0,1,0
2020-06-18,Amador,005,37829,13,12,0,12,0
2020-06-18,Butte,007,227075,154,88,10,98,1
2020-06-18,Calaveras,009,45235,37,20,0,20,0
2020-06-18,Colusa,011,21464,20,7,0,7,0
2020-06-18,Contra Costa,013,1133247,2603,2072,3,2075,53
2020-06-18,Del Norte,015,27424,47,46,0,46,0
2020-06-18,El Dorado,017,186661,194,121,1,122,0
2020-06-18,Fresno,019,978130,5896,2947,62,3009,57
2020-06-18,Glenn,021,27897,82,35,0,35,0
2020-06-18,Humboldt,023,135768,140,106,0,106,3
2020-06-18,Imperial,025,180216,6677,4366,4,4370,36
2020-06-18,Inyo,027,18085,26,25,0,25,1
2020-06-18,Kern,029,883053,5363,3634,13,3647,57
2020-06-18,Kings,031,150075,2238,1141,5,1146,8
2020-06-18,Lake,033,64148,45,36,0,36,0
2020-06-18,Lassen,035,31185,22,5,2,7,0
2020-06-18,Los Angeles,037,10098052,91284,78244,23,78267,3009
2020-06-18,Madera,039,155013,581,288,2,290,4
2020-06-18,Marin,041,260295,1448,819,4,823,17
2020-06-18,Mariposa,043,17540,19,18,0,18,1
2020-06-18,Mendocino,045,87422,64,45,0,45,0
2020-06-18,Merced,047,269075,934,486,1,487,7
2020-06-18,Modoc,049,8938,1,0,0,0,0
2020-06-18,Mono,051,14174,42,34,0,34,1
2020-06-18,Monterey,053,433212,1513,1127,5,1132,12
2020-06-18,Napa,055,140530,287,205,0,205,3
2020-06-18,Nevada,057,99092,98,68,1,69,1
2020-06-18,Orange,059,3164182,14771,9597,114,9711,255
2020-06-18,Placer,061,380077,629,457,3,460,9
2020-06-18,Plumas,063,18699,6,5,0,5,0
2020-06-18,Riverside,065,2383286,16559,12410,24,12434,392
2020-06-18,Sacramento,067,1510023,2503,1938,4,1942,63
2020-06-18,San Benito,069,59416,203,134,0,134,2
2020-06-18,San Bernardino,071,2135413,12096,8141,7,8148,226
2020-06-18,San Diego,073,3302833,12418,10094,2,10096,331
2020-06-18,San Francisco,075,870044,3298,2951,1,2952,47
2020-06-18,San Joaquin,077,732212,2960,1908,3,1911,47
2020-06-18,San Luis Obispo,079,281455,574,378,5,383,1
2020-06-18,San Mateo,081,765935,3049,2674,3,2677,78
2020-06-18,Santa Barbara,083,443738,2740,2201,21,2222,19
2020-06-18,Santa Clara,085,1922200,4540,3338,17,3355,152
2020-06-18,Santa Cruz,087,273765,345,275,0,275,3
2020-06-18,Shasta,089,179085,126,51,0,51,4
2020-06-18,Sierra,091,2930,1,1,0,1,0
2020-06-18,Siskiyou,093,43540,29,18,0,18,0
2020-06-18,Solano,095,438530,1200,735,4,739,21
2020-06-18,Sonoma,097,501317,1010,789,2,791,4
2020-06-18,Stanislaus,099,539301,2347,1495,6,1501,35
2020-06-18,Sutter,101,95872,125,85,0,85,2
2020-06-18,Tehama,103,63373,56,31,2,33,1
2020-06-18,Trinity,105,12862,15,2,3,5,0
2020-06-18,Tulare,107,460477,4198,3005,10,3015,107
2020-06-18,Tuolumne,109,53932,12,8,0,8,0
2020-06-18,Ventura,111,848112,2773,1781,14,1795,37
2020-06-18,Yolo,113,214977,424,294,0,294,24
2020-06-18,Yuba,115,75493,42,32,0,32,1
2020-06-17,Alameda,001,1643700,5436,4485,7,4492,117
2020-06-17,Alpine,003,1148,1,1,0,1,0
2020-06-17,Amador,005,37829,12,10,0,10,0
2020-06-17,Butte,007,227075,145,81,10,91,1
2020-06-17,Calaveras,009,45235,37,20,0,20,0
2020-06-17,Colusa,011,21464,19,7,0,7,0
2020-06-17,Contra Costa,013,1133247,2506,2020,3,2023,45
2020-06-17,Del Norte,015,27424,47,45,0,45,0
2020-06-17,El Dorado,017,186661,187,116,1,117,0
2020-06-17,Fresno,019,978130,5670,2801,60,2861,56
2020-06-17,Glenn,021,27897,75,31,0,31,0
2020-06-17,Humboldt,023,135768,138,105,0,105,3
2020-06-17,Imperial,025,180216,6504,4108,4,4112,36
2020-06-17,Inyo,027,18085,25,25,0,25,1
2020-06-17,Kern,029,883053,5162,3547,13,3560,56
2020-06-17,Kings,031,150075,2208,1097,5,1102,7
2020-06-17,Lake,033,64148,44,32,0,32,0
2020-06-17,Lassen,035,31185,18,5,2,7,0
2020-06-17,Los Angeles,037,10098052,88975,77166,22,77188,2973
2020-06-17,Madera,039,155013,559,258,2,260,4
2020-06-17,Marin,041,260295,1256,771,3,774,17
2020-06-17,Mariposa,043,17540,18,18,0,18,1
2020-06-17,Mendocino,045,87422,62,42,0,42,0
2020-06-17,Merced,047,269075,862,460,1,461,7
2020-06-17,Modoc,049,8938,1,0,0,0,0
2020-06-17,Mono,051,14174,42,34,0,34,1
2020-06-17,Monterey,053,433212,1461,1077,5,1082,12
2020-06-17,Napa,055,140530,272,202,0,202,3
2020-06-17,Nevada,057,99092,94,57,1,58,1
2020-06-17,Orange,059,3164182,14165,9278,108,9386,230
2020-06-17,Placer,061,380077,609,427,3,430,9
2020-06-17,Plumas,063,18699,6,5,0,5,0
2020-06-17,Riverside,065,2383286,15923,11859,24,11883,370
2020-06-17,Sacramento,067,1510023,2396,1889,4,1893,63
2020-06-17,San Benito,069,59416,198,116,0,116,2
2020-06-17,San Bernardino,071,2135413,11547,7670,7,7677,225
2020-06-17,San Diego,073,3302833,12039,9856,2,9858,327
2020-06-17,San Francisco,075,870044,3259,2906,1,2907,46
2020-06-17,San Joaquin,077,732212,2787,1825,3,1828,46
2020-06-17,San Luis Obispo,079,281455,555,362,5,367,1
2020-06-17,San Mateo,081,765935,3002,2649,3,2652,78
2020-06-17,Santa Barbara,083,443738,2668,2147,19,2166,19
2020-06-17,Santa Clara,085,1922200,4447,3264,16,3280,148
2020-06-17,Santa Cruz,087,273765,339,265,0,265,2
2020-06-17,Shasta,089,179085,124,51,0,51,4
2020-06-17,Sierra,091,2930,1,1,0,1,0
2020-06-17,Siskiyou,093,43540,28,16,0,16,0
2020-06-17,Solano,095,438530,1150,722,4,726,21
2020-06-17,Sonoma,097,501317,985,748,2,750,4
2020-06-17,Stanislaus,099,539301,2223,1387,6,1393,35
2020-06-17,Sutter,101,95872,119,79,0,79,2
2020-06-17,Tehama,103,63373,41,24,2,26,1
2020-06-17,Trinity,105,12862,14,2,3,5,0
2020-06-17,Tulare,107,460477,4088,2882,10,2892,106
2020-06-17,Tuolumne,109,53932,12,7,0,7,0
2020-06-17,Ventura,111,848112,2673,1729,14,1743,37
2020-06-17,Yolo,113,214977,404,277,0,277,24
2020-06-17,Yuba,115,75493,41,30,0,30,1
2020-06-16,Alameda,001,1643700,5318,4428,7,4435,113
2020-06-16,Alpine,003,1148,1,1,0,1,0
2020-06-16,Amador,005,37829,12,10,0,10,0
2020-06-16,Butte,007,227075,141,79,10,89,1
2020-06-16,Calaveras,009,45235,34,19,0,19,0
2020-06-16,Colusa,011,21464,16,7,0,7,0
2020-06-16,Contra Costa,013,1133247,2415,1971,2,1973,45
2020-06-16,Del Norte,015,27424,47,45,0,45,0
2020-06-16,El Dorado,017,186661,181,115,1,116,0
2020-06-16,Fresno,019,978130,5432,2731,58,2789,50
2020-06-16,Glenn,021,27897,71,30,0,30,0
2020-06-16,Humboldt,023,135768,135,105,0,105,3
2020-06-16,Imperial,025,180216,6345,3939,4,3943,36
2020-06-16,Inyo,027,18085,25,24,0,24,1
2020-06-16,Kern,029,883053,4939,3496,13,3509,55
2020-06-16,Kings,031,150075,2162,1044,5,1049,6
2020-06-16,Lake,033,64148,44,31,0,31,0
2020-06-16,Lassen,035,31185,15,5,2,7,0
2020-06-16,Los Angeles,037,10098052,86654,75051,22,75073,2942
2020-06-16,Madera,039,155013,533,239,2,241,3
2020-06-16,Marin,041,260295,1203,725,3,728,17
2020-06-16,Mariposa,043,17540,18,17,0,17,1
2020-06-16,Mendocino,045,87422,61,35,0,35,0
2020-06-16,Merced,047,269075,814,436,1,437,7
2020-06-16,Modoc,049,8938,1,0,0,0,0
2020-06-16,Mono,051,14174,42,34,0,34,1
2020-06-16,Monterey,053,433212,1413,1019,5,1024,12
2020-06-16,Napa,055,140530,257,196,0,196,3
2020-06-16,Nevada,057,99092,91,53,1,54,1
2020-06-16,Orange,059,3164182,13581,9163,102,9265,223
2020-06-16,Placer,061,380077,577,392,3,395,9
2020-06-16,Plumas,063,18699,6,5,0,5,0
2020-06-16,Riverside,065,2383286,15248,11638,24,11662,364
2020-06-16,Sacramento,067,1510023,2286,1825,4,1829,60
2020-06-16,San Benito,069,59416,190,110,0,110,2
2020-06-16,San Bernardino,071,2135413,11003,7463,7,7470,225
2020-06-16,San Diego,073,3302833,11677,9732,1,9733,323
2020-06-16,San Francisco,075,870044,3208,2893,1,2894,46
2020-06-16,San Joaquin,077,732212,2634,1718,3,1721,47
2020-06-16,San Luis Obispo,079,281455,531,343,5,348,1
2020-06-16,San Mateo,081,765935,2948,2618,3,2621,77
2020-06-16,Santa Barbara,083,443738,2601,2090,19,2109,16
2020-06-16,Santa Clara,085,1922200,4336,3228,15,3243,148
2020-06-16,Santa Cruz,087,273765,323,257,0,257,2
2020-06-16,Shasta,089,179085,115,51,0,51,4
2020-06-16,Sierra,091,2930,1,1,0,1,0
2020-06-16,Siskiyou,093,43540,27,15,0,15,0
2020-06-16,Solano,095,438530,1060,694,4,698,19
2020-06-16,Sonoma,097,501317,953,739,2,741,4
2020-06-16,Stanislaus,099,539301,2070,1278,6,1284,36
2020-06-16,Sutter,101,95872,112,73,0,73,2
2020-06-16,Tehama,103,63373,37,24,2,26,1
2020-06-16,Trinity,105,12862,14,2,3,5,0
2020-06-16,Tulare,107,460477,3969,2802,10,2812,96
2020-06-16,Tuolumne,109,53932,12,7,0,7,0
2020-06-16,Ventura,111,848112,2573,1676,14,1690,37
2020-06-16,Yolo,113,214977,381,262,0,262,24
2020-06-16,Yuba,115,75493,39,29,0,29,1
2020-06-15,Alameda,001,1643700,5192,4323,7,4330,112
2020-06-15,Alpine,003,1148,1,1,0,1,0
2020-06-15,Amador,005,37829,12,10,0,10,0
2020-06-15,Butte,007,227075,133,78,10,88,1
2020-06-15,Calaveras,009,45235,34,18,0,18,0
2020-06-15,Colusa,011,21464,14,7,0,7,0
2020-06-15,Contra Costa,013,1133247,2338,1918,2,1920,43
2020-06-15,Del Norte,015,27424,47,45,0,45,0
2020-06-15,El Dorado,017,186661,171,114,1,115,0
2020-06-15,Fresno,019,978130,5220,2616,57,2673,48
2020-06-15,Glenn,021,27897,66,21,0,21,0
2020-06-15,Humboldt,023,135768,133,105,0,105,3
2020-06-15,Imperial,025,180216,6170,3726,4,3730,36
2020-06-15,Inyo,027,18085,25,23,0,23,1
2020-06-15,Kern,029,883053,4716,3417,13,3430,55
2020-06-15,Kings,031,150075,2085,1022,5,1027,6
2020-06-15,Lake,033,64148,44,31,0,31,0
2020-06-15,Lassen,035,31185,15,5,2,7,0
2020-06-15,Los Angeles,037,10098052,84465,73705,22,73727,2908
2020-06-15,Madera,039,155013,511,203,2,205,3
2020-06-15,Marin,041,260295,1036,708,3,711,17
2020-06-15,Mariposa,043,17540,18,17,0,17,1
2020-06-15,Mendocino,045,87422,52,33,0,33,0
2020-06-15,Merced,047,269075,768,414,1,415,7
2020-06-15,Modoc,049,8938,1,0,0,0,0
2020-06-15,Mono,051,14174,42,34,0,34,1
2020-06-15,Monterey,053,433212,1347,998,5,1003,12
2020-06-15,Napa,055,140530,249,187,0,187,3
2020-06-15,Nevada,057,99092,85,52,1,53,1
2020-06-15,Orange,059,3164182,13013,8944,94,9038,212
2020-06-15,Placer,061,380077,555,386,3,389,9
2020-06-15,Plumas,063,18699,6,4,0,4,0
2020-06-15,Riverside,065,2383286,14630,11376,23,11399,364
2020-06-15,Sacramento,067,1510023,2170,1791,4,1795,60
2020-06-15,San Benito,069,59416,184,108,0,108,2
2020-06-15,San Bernardino,071,2135413,10500,7189,7,7196,224
2020-06-15,San Diego,073,3302833,11337,9612,1,9613,320
2020-06-15,San Francisco,075,870044,3164,2833,1,2834,45
2020-06-15,San Joaquin,077,732212,2498,1667,3,1670,43
2020-06-15,San Luis Obispo,079,281455,516,332,5,337,1
2020-06-15,San Mateo,081,765935,2901,2591,3,2594,75
2020-06-15,Santa Barbara,083,443738,2533,2054,19,2073,16
2020-06-15,Santa Clara,085,1922200,4236,3204,15,3219,148
2020-06-15,Santa Cruz,087,273765,312,254,0,254,2
2020-06-15,Shasta,089,179085,109,50,0,50,4
2020-06-15,Sierra,091,2930,1,1,0,1,0
2020-06-15,Siskiyou,093,43540,26,14,0,14,0
2020-06-15,Solano,095,438530,1000,638,4,642,19
2020-06-15,Sonoma,097,501317,924,726,2,728,4
2020-06-15,Stanislaus,099,539301,1953,1253,6,1259,35
2020-06-15,Sutter,101,95872,102,71,0,71,2
2020-06-15,Tehama,103,63373,37,17,2,19,1
2020-06-15,Trinity,105,12862,13,2,3,5,0
2020-06-15,Tulare,107,460477,3855,2662,10,2672,96
2020-06-15,Tuolumne,109,53932,11,7,0,7,0
2020-06-15,Ventura,111,848112,2492,1656,14,1670,37
2020-06-15,Yolo,113,214977,361,255,0,255,24
2020-06-15,Yuba,115,75493,39,28,0,28,1
2020-06-14,Alameda,001,1643700,5045,4271,7,4278,112
2020-06-14,Alpine,003,1148,1,1,0,1,0
2020-06-14,Amador,005,37829,12,10,0,10,0
2020-06-14,Butte,007,227075,125,78,10,88,1
2020-06-14,Calaveras,009,45235,33,18,0,18,0
2020-06-14,Colusa,011,21464,13,7,0,7,0
2020-06-14,Contra Costa,013,1133247,2270,1893,2,1895,43
2020-06-14,Del Norte,015,27424,47,45,0,45,0
2020-06-14,El Dorado,017,186661,167,110,1,111,0
2020-06-14,Fresno,019,978130,5035,2585,56,2641,48
2020-06-14,Glenn,021,27897,51,21,0,21,0
2020-06-14,Humboldt,023,135768,129,105,0,105,3
2020-06-14,Imperial,025,180216,5939,3730,4,3734,36
2020-06-14,Inyo,027,18085,24,23,0,23,1
2020-06-14,Kern,029,883053,4505,3328,13,3341,55
2020-06-14,Kings,031,150075,2034,1022,4,1026,6
2020-06-14,Lake,033,64148,41,31,0,31,0
2020-06-14,Lassen,035,31185,15,5,2,7,0
2020-06-14,Los Angeles,037,10098052,82139,72932,21,72953,2887
2020-06-14,Madera,039,155013,492,203,2,205,3
2020-06-14,Marin,041,260295,871,689,2,691,17
2020-06-14,Mariposa,043,17540,18,16,0,16,1
2020-06-14,Mendocino,045,87422,49,33,0,33,0
2020-06-14,Merced,047,269075,717,403,1,404,7
2020-06-14,Modoc,049,8938,1,0,0,0,0
2020-06-14,Mono,051,14174,42,34,0,34,1
2020-06-14,Monterey,053,433212,1286,949,5,954,12
2020-06-14,Napa,055,140530,227,181,0,181,3
2020-06-14,Nevada,057,99092,81,52,1,53,1
2020-06-14,Orange,059,3164182,12586,8744,90,8834,211
2020-06-14,Placer,061,380077,529,369,3,372,9
2020-06-14,Plumas,063,18699,5,4,0,4,0
2020-06-14,Riverside,065,2383286,14187,11218,23,11241,364
2020-06-14,Sacramento,067,1510023,2083,1750,4,1754,60
2020-06-14,San Benito,069,59416,173,104,0,104,2
2020-06-14,San Bernardino,071,2135413,9961,7015,7,7022,224
2020-06-14,San Diego,073,3302833,10962,9442,1,9443,319
2020-06-14,San Francisco,075,870044,3124,2834,1,2835,45
2020-06-14,San Joaquin,077,732212,2347,1603,3,1606,43
2020-06-14,San Luis Obispo,079,281455,501,330,5,335,1
2020-06-14,San Mateo,081,765935,2843,2571,3,2574,75
2020-06-14,Santa Barbara,083,443738,2456,2049,19,2068,17
2020-06-14,Santa Clara,085,1922200,4141,3178,15,3193,148
2020-06-14,Santa Cruz,087,273765,298,254,0,254,2
2020-06-14,Shasta,089,179085,103,48,0,48,4
2020-06-14,Sierra,091,2930,1,1,0,1,0
2020-06-14,Siskiyou,093,43540,25,13,0,13,0
2020-06-14,Solano,095,438530,951,638,4,642,19
2020-06-14,Sonoma,097,501317,896,724,2,726,4
2020-06-14,Stanislaus,099,539301,1805,1159,6,1165,35
2020-06-14,Sutter,101,95872,97,63,0,63,2
2020-06-14,Tehama,103,63373,34,17,2,19,1
2020-06-14,Trinity,105,12862,13,2,3,5,0
2020-06-14,Tulare,107,460477,3721,2646,10,2656,96
2020-06-14,Tuolumne,109,53932,11,7,0,7,0
2020-06-14,Ventura,111,848112,2393,1610,13,1623,37
2020-06-14,Yolo,113,214977,345,254,0,254,24
2020-06-14,Yuba,115,75493,38,28,0,28,1
2020-06-13,Alameda,001,1643700,4982,4196,7,4203,112
2020-06-13,Alpine,003,1148,1,1,0,1,0
2020-06-13,Amador,005,37829,11,10,0,10,0
2020-06-13,Butte,007,227075,116,72,10,82,1
2020-06-13,Calaveras,009,45235,31,18,0,18,0
2020-06-13,Colusa,011,21464,12,7,0,7,0
2020-06-13,Contra Costa,013,1133247,2234,1868,2,1870,43
2020-06-13,Del Norte,015,27424,47,45,0,45,0
2020-06-13,El Dorado,017,186661,163,110,1,111,0
2020-06-13,Fresno,019,978130,4937,2499,56,2555,48
2020-06-13,Glenn,021,27897,49,21,0,21,0
2020-06-13,Humboldt,023,135768,128,104,0,104,3
2020-06-13,Imperial,025,180216,5866,3646,4,3650,36
2020-06-13,Inyo,027,18085,24,23,0,23,1
2020-06-13,Kern,029,883053,4396,3239,13,3252,55
2020-06-13,Kings,031,150075,2014,1023,4,1027,6
2020-06-13,Lake,033,64148,40,29,0,29,0
2020-06-13,Lassen,035,31185,15,5,2,7,0
2020-06-13,Los Angeles,037,10098052,81098,71938,21,71959,2874
2020-06-13,Madera,039,155013,488,203,2,205,3
2020-06-13,Marin,041,260295,840,677,2,679,17
2020-06-13,Mariposa,043,17540,18,16,0,16,1
2020-06-13,Mendocino,045,87422,49,33,0,33,0
2020-06-13,Merced,047,269075,699,376,1,377,7
2020-06-13,Modoc,049,8938,1,0,0,0,0
2020-06-13,Mono,051,14174,42,35,0,35,1
2020-06-13,Monterey,053,433212,1248,900,5,905,11
2020-06-13,Napa,055,140530,224,171,0,171,3
2020-06-13,Nevada,057,99092,79,52,1,53,1
2020-06-13,Orange,059,3164182,12342,8581,87,8668,211
2020-06-13,Placer,061,380077,512,346,3,349,9
2020-06-13,Plumas,063,18699,5,4,0,4,0
2020-06-13,Riverside,065,2383286,13908,10931,23,10954,364
2020-06-13,Sacramento,067,1510023,2028,1713,4,1717,60
2020-06-13,San Benito,069,59416,166,99,0,99,2
2020-06-13,San Bernardino,071,2135413,9738,6885,7,6892,224
2020-06-13,San Diego,073,3302833,10790,9316,1,9317,319
2020-06-13,San Francisco,075,870044,3104,2834,1,2835,44
2020-06-13,San Joaquin,077,732212,2266,1461,3,1464,43
2020-06-13,San Luis Obispo,079,281455,490,326,5,331,1
2020-06-13,San Mateo,081,765935,2820,2551,3,2554,75
2020-06-13,Santa Barbara,083,443738,2398,1999,19,2018,15
2020-06-13,Santa Clara,085,1922200,4098,3141,15,3156,148
2020-06-13,Santa Cruz,087,273765,292,254,0,254,2
2020-06-13,Shasta,089,179085,101,48,0,48,4
2020-06-13,Sierra,091,2930,1,1,0,1,0
2020-06-13,Siskiyou,093,43540,25,13,0,13,0
2020-06-13,Solano,095,438530,923,637,4,641,19
2020-06-13,Sonoma,097,501317,881,711,2,713,4
2020-06-13,Stanislaus,099,539301,1748,1122,6,1128,33
2020-06-13,Sutter,101,95872,96,62,0,62,2
2020-06-13,Tehama,103,63373,33,17,2,19,1
2020-06-13,Trinity,105,12862,13,2,3,5,0
2020-06-13,Tulare,107,460477,3689,2626,10,2636,96
2020-06-13,Tuolumne,109,53932,10,7,0,7,0
2020-06-13,Ventura,111,848112,2347,1567,13,1580,37
2020-06-13,Yolo,113,214977,325,251,0,251,24
2020-06-13,Yuba,115,75493,38,28,0,28,1
2020-06-12,Alameda,001,1643700,4909,4167,7,4174,109
2020-06-12,Alpine,003,1148,1,1,0,1,0
2020-06-12,Amador,005,37829,11,10,0,10,0
2020-06-12,Butte,007,227075,112,71,9,80,1
2020-06-12,Calaveras,009,45235,28,18,0,18,0
2020-06-12,Colusa,011,21464,12,7,0,7,0
2020-06-12,Contra Costa,013,1133247,2197,1827,2,1829,43
2020-06-12,Del Norte,015,27424,47,45,0,45,0
2020-06-12,El Dorado,017,186661,163,110,1,111,0
2020-06-12,Fresno,019,978130,4799,2428,56,2484,47
2020-06-12,Glenn,021,27897,46,21,0,21,0
2020-06-12,Humboldt,023,135768,126,105,0,105,3
2020-06-12,Imperial,025,180216,5782,3543,4,3547,36
2020-06-12,Inyo,027,18085,24,23,0,23,1
2020-06-12,Kern,029,883053,4279,3152,13,3165,54
2020-06-12,Kings,031,150075,2001,987,4,991,6
2020-06-12,Lake,033,64148,39,29,0,29,0
2020-06-12,Lassen,035,31185,15,5,2,7,0
2020-06-12,Los Angeles,037,10098052,79693,70385,21,70406,2814
2020-06-12,Madera,039,155013,463,187,2,189,3
2020-06-12,Marin,041,260295,837,649,2,651,17
2020-06-12,Mariposa,043,17540,18,16,0,16,1
2020-06-12,Mendocino,045,87422,49,33,0,33,0
2020-06-12,Merced,047,269075,665,372,1,373,7
2020-06-12,Modoc,049,8938,1,0,0,0,0
2020-06-12,Mono,051,14174,39,35,0,35,1
2020-06-12,Monterey,053,433212,1207,864,4,868,11
2020-06-12,Napa,055,140530,221,162,0,162,3
2020-06-12,Nevada,057,99092,73,52,1,53,1
2020-06-12,Orange,059,3164182,12036,8440,86,8526,203
2020-06-12,Placer,061,380077,495,333,3,336,9
2020-06-12,Plumas,063,18699,5,4,0,4,0
2020-06-12,Riverside,065,2383286,13571,10616,23,10639,364
2020-06-12,Sacramento,067,1510023,1973,1702,4,1706,60
2020-06-12,San Benito,069,59416,159,96,0,96,2
2020-06-12,San Bernardino,071,2135413,9470,6707,7,6714,223
2020-06-12,San Diego,073,3302833,10620,9132,1,9133,313
2020-06-12,San Francisco,075,870044,3070,2823,1,2824,44
2020-06-12,San Joaquin,077,732212,2186,1406,3,1409,43
2020-06-12,San Luis Obispo,079,281455,474,321,5,326,1
2020-06-12,San Mateo,081,765935,2785,2533,3,2536,75
2020-06-12,Santa Barbara,083,443738,2344,1969,19,1988,14
2020-06-12,Santa Clara,085,1922200,4054,3099,15,3114,149
2020-06-12,Santa Cruz,087,273765,284,251,0,251,2
2020-06-12,Shasta,089,179085,94,48,0,48,5
2020-06-12,Sierra,091,2930,1,1,0,1,0
2020-06-12,Siskiyou,093,43540,25,13,0,13,0
2020-06-12,Solano,095,438530,909,620,4,624,19
2020-06-12,Sonoma,097,501317,862,696,2,698,4
2020-06-12,Stanislaus,099,539301,1689,1092,6,1098,33
2020-06-12,Sutter,101,95872,95,56,0,56,2
2020-06-12,Tehama,103,63373,32,13,2,15,1
2020-06-12,Trinity,105,12862,13,2,3,5,0
2020-06-12,Tulare,107,460477,3635,2552,10,2562,95
2020-06-12,Tuolumne,109,53932,10,7,0,7,0
2020-06-12,Ventura,111,848112,2295,1534,13,1547,35
2020-06-12,Yolo,113,214977,313,243,0,243,24
2020-06-12,Yuba,115,75493,36,27,0,27,1
2020-06-11,Alameda,001,1643700,4779,4073,6,4079,108
2020-06-11,Alpine,003,1148,1,1,0,1,0
2020-06-11,Amador,005,37829,10,10,0,10,0
2020-06-11,Butte,007,227075,106,72,9,81,1
2020-06-11,Calaveras,009,45235,27,16,0,16,0
2020-06-11,Colusa,011,21464,12,7,0,7,0
2020-06-11,Contra Costa,013,1133247,2144,1797,2,1799,43
2020-06-11,Del Norte,015,27424,47,45,0,45,0
2020-06-11,El Dorado,017,186661,155,109,1,110,0
2020-06-11,Fresno,019,978130,4646,2338,56,2394,45
2020-06-11,Glenn,021,27897,42,21,0,21,0
2020-06-11,Humboldt,023,135768,122,113,0,113,3
2020-06-11,Imperial,025,180216,5625,3463,4,3467,36
2020-06-11,Inyo,027,18085,22,23,0,23,1
2020-06-11,Kern,029,883053,4127,3047,11,3058,54
2020-06-11,Kings,031,150075,1968,963,4,967,6
2020-06-11,Lake,033,64148,39,28,0,28,0
2020-06-11,Lassen,035,31185,15,5,2,7,0
2020-06-11,Los Angeles,037,10098052,78026,68807,20,68827,2800
2020-06-11,Madera,039,155013,445,178,2,180,3
2020-06-11,Marin,041,260295,789,637,2,639,17
2020-06-11,Mariposa,043,17540,18,16,0,16,1
2020-06-11,Mendocino,045,87422,40,35,0,35,0
2020-06-11,Merced,047,269075,625,370,1,371,7
2020-06-11,Modoc,049,8938,1,0,0,0,0
2020-06-11,Mono,051,14174,39,35,0,35,1
2020-06-11,Monterey,053,433212,1160,813,4,817,11
2020-06-11,Napa,055,140530,212,162,0,162,3
2020-06-11,Nevada,057,99092,67,50,1,51,1
2020-06-11,Orange,059,3164182,11728,8304,85,8389,188
2020-06-11,Placer,061,380077,476,321,3,324,9
2020-06-11,Plumas,063,18699,5,4,0,4,0
2020-06-11,Riverside,065,2383286,13218,10014,23,10037,361
2020-06-11,Sacramento,067,1510023,1925,1669,4,1673,60
2020-06-11,San Benito,069,59416,153,94,0,94,2
2020-06-11,San Bernardino,071,2135413,9173,6509,7,6516,221
2020-06-11,San Diego,073,3302833,10390,9000,0,9000,308
2020-06-11,San Francisco,075,870044,3041,2766,1,2767,44
2020-06-11,San Joaquin,077,732212,2074,1351,3,1354,43
2020-06-11,San Luis Obispo,079,281455,460,307,5,312,1
2020-06-11,San Mateo,081,765935,2747,2499,3,2502,74
2020-06-11,Santa Barbara,083,443738,2283,1895,19,1914,14
2020-06-11,Santa Clara,085,1922200,3987,3049,15,3064,149
2020-06-11,Santa Cruz,087,273765,280,247,0,247,2
2020-06-11,Shasta,089,179085,87,47,0,47,5
2020-06-11,Sierra,091,2930,1,1,0,1,0
2020-06-11,Siskiyou,093,43540,25,14,0,14,0
2020-06-11,Solano,095,438530,883,616,4,620,19
2020-06-11,Sonoma,097,501317,840,682,2,684,4
2020-06-11,Stanislaus,099,539301,1598,1062,6,1068,30
2020-06-11,Sutter,101,95872,92,56,0,56,2
2020-06-11,Tehama,103,63373,27,10,2,12,1
2020-06-11,Trinity,105,12862,11,2,3,5,0
2020-06-11,Tulare,107,460477,3536,2473,10,2483,95
2020-06-11,Tuolumne,109,53932,10,7,0,7,0
2020-06-11,Ventura,111,848112,2218,1491,12,1503,34
2020-06-11,Yolo,113,214977,305,230,0,230,24
2020-06-11,Yuba,115,75493,36,27,0,27,1
2020-06-10,Alameda,001,1643700,4679,4027,6,4033,107
2020-06-10,Alpine,003,1148,1,1,0,1,0
2020-06-10,Amador,005,37829,10,10,0,10,0
2020-06-10,Butte,007,227075,102,71,9,80,1
2020-06-10,Calaveras,009,45235,27,16,0,16,0
2020-06-10,Colusa,011,21464,11,7,0,7,0
2020-06-10,Contra Costa,013,1133247,2100,1778,2,1780,43
2020-06-10,Del Norte,015,27424,47,45,0,45,0
2020-06-10,El Dorado,017,186661,152,109,1,110,0
2020-06-10,Fresno,019,978130,4469,2324,56,2380,45
2020-06-10,Glenn,021,27897,39,21,0,21,0
2020-06-10,Humboldt,023,135768,118,112,0,112,3
2020-06-10,Imperial,025,180216,5477,3454,4,3458,36
2020-06-10,Inyo,027,18085,22,23,0,23,1
2020-06-10,Kern,029,883053,4002,3000,10,3010,54
2020-06-10,Kings,031,150075,1922,952,3,955,6
2020-06-10,Lake,033,64148,39,28,0,28,0
2020-06-10,Lassen,035,31185,15,5,2,7,0
2020-06-10,Los Angeles,037,10098052,76511,67018,20,67038,2752
2020-06-10,Madera,039,155013,431,176,1,177,3
2020-06-10,Marin,041,260295,757,633,2,635,17
2020-06-10,Mariposa,043,17540,17,16,0,16,1
2020-06-10,Mendocino,045,87422,39,35,0,35,0
2020-06-10,Merced,047,269075,592,370,1,371,7
2020-06-10,Modoc,049,8938,1,0,0,0,0
2020-06-10,Mono,051,14174,39,35,0,35,1
2020-06-10,Monterey,053,433212,1106,791,4,795,11
2020-06-10,Napa,055,140530,209,159,0,159,3
2020-06-10,Nevada,057,99092,65,50,1,51,1
2020-06-10,Orange,059,3164182,11452,8222,81,8303,184
2020-06-10,Placer,061,380077,451,309,3,312,9
2020-06-10,Plumas,063,18699,5,4,0,4,0
2020-06-10,Riverside,065,2383286,12895,9857,23,9880,361
2020-06-10,Sacramento,067,1510023,1886,1643,2,1645,59
2020-06-10,San Benito,069,59416,144,94,0,94,2
2020-06-10,San Bernardino,071,2135413,8880,6438,7,6445,219
2020-06-10,San Diego,073,3302833,10226,8839,0,8839,305
2020-06-10,San Francisco,075,870044,3016,2774,1,2775,44
2020-06-10,San Joaquin,077,732212,1945,1282,3,1285,41
2020-06-10,San Luis Obispo,079,281455,440,306,5,311,1
2020-06-10,San Mateo,081,765935,2707,2492,3,2495,74
2020-06-10,Santa Barbara,083,443738,2227,1878,19,1897,13
2020-06-10,Santa Clara,085,1922200,3936,3032,15,3047,149
2020-06-10,Santa Cruz,087,273765,276,242,0,242,2
2020-06-10,Shasta,089,179085,82,45,0,45,5
2020-06-10,Sierra,091,2930,1,1,0,1,0
2020-06-10,Siskiyou,093,43540,25,14,0,14,0
2020-06-10,Solano,095,438530,847,608,4,612,19
2020-06-10,Sonoma,097,501317,822,673,2,675,4
2020-06-10,Stanislaus,099,539301,1508,1030,6,1036,29
2020-06-10,Sutter,101,95872,91,56,0,56,2
2020-06-10,Tehama,103,63373,25,10,2,12,1
2020-06-10,Trinity,105,12862,11,2,3,5,0
2020-06-10,Tulare,107,460477,3443,2455,10,2465,95
2020-06-10,Tuolumne,109,53932,10,7,0,7,0
2020-06-10,Ventura,111,848112,2172,1446,11,1457,34
2020-06-10,Yolo,113,214977,297,226,0,226,24
2020-06-10,Yuba,115,75493,35,27,0,27,1
2020-06-09,Alameda,001,1643700,4569,3963,6,3969,103
2020-06-09,Alpine,003,1148,1,1,0,1,0
2020-06-09,Amador,005,37829,10,10,0,10,0
2020-06-09,Butte,007,227075,101,70,8,78,1
2020-06-09,Calaveras,009,45235,27,16,0,16,0
2020-06-09,Colusa,011,21464,10,7,0,7,0
2020-06-09,Contra Costa,013,1133247,2059,1744,2,1746,42
2020-06-09,Del Norte,015,27424,47,45,0,45,0
2020-06-09,El Dorado,017,186661,142,108,1,109,0
2020-06-09,Fresno,019,978130,4318,2278,56,2334,43
2020-06-09,Glenn,021,27897,38,19,0,19,0
2020-06-09,Humboldt,023,135768,116,113,0,113,2
2020-06-09,Imperial,025,180216,5326,3067,4,3071,36
2020-06-09,Inyo,027,18085,22,22,0,22,1
2020-06-09,Kern,029,883053,3874,2920,10,2930,51
2020-06-09,Kings,031,150075,1890,934,3,937,6
2020-06-09,Lake,033,64148,39,28,0,28,0
2020-06-09,Lassen,035,31185,15,5,2,7,0
2020-06-09,Los Angeles,037,10098052,74851,65827,20,65847,2692
2020-06-09,Madera,039,155013,416,172,1,173,3
2020-06-09,Marin,041,260295,721,616,2,618,17
2020-06-09,Mariposa,043,17540,17,16,0,16,1
2020-06-09,Mendocino,045,87422,35,35,0,35,0
2020-06-09,Merced,047,269075,563,349,1,350,7
2020-06-09,Modoc,049,8938,1,0,0,0,0
2020-06-09,Mono,051,14174,39,35,0,35,1
2020-06-09,Monterey,053,433212,1065,772,4,776,11
2020-06-09,Napa,055,140530,199,156,0,156,3
2020-06-09,Nevada,057,99092,57,50,1,51,1
2020-06-09,Orange,059,3164182,11211,7991,79,8070,174
2020-06-09,Placer,061,380077,438,301,3,304,9
2020-06-09,Plumas,063,18699,5,4,0,4,0
2020-06-09,Riverside,065,2383286,12517,9511,23,9534,354
2020-06-09,Sacramento,067,1510023,1832,1625,2,1627,59
2020-06-09,San Benito,069,59416,138,95,0,95,2
2020-06-09,San Bernardino,071,2135413,8557,6268,6,6274,217
2020-06-09,San Diego,073,3302833,10041,8731,0,8731,301
2020-06-09,San Francisco,075,870044,2991,2749,1,2750,44
2020-06-09,San Joaquin,077,732212,1839,1240,3,1243,41
2020-06-09,San Luis Obispo,079,281455,427,301,4,305,1
2020-06-09,San Mateo,081,765935,2676,2463,3,2466,74
2020-06-09,Santa Barbara,083,443738,2171,1854,19,1873,13
2020-06-09,Santa Clara,085,1922200,3868,3006,14,3020,147
2020-06-09,Santa Cruz,087,273765,270,237,0,237,2
2020-06-09,Shasta,089,179085,78,44,0,44,4
2020-06-09,Sierra,091,2930,1,1,0,1,0
2020-06-09,Siskiyou,093,43540,20,10,0,10,0
2020-06-09,Solano,095,438530,812,596,4,600,18
2020-06-09,Sonoma,097,501317,799,661,2,663,4
2020-06-09,Stanislaus,099,539301,1407,993,6,999,25
2020-06-09,Sutter,101,95872,88,56,0,56,2
2020-06-09,Tehama,103,63373,25,9,2,11,1
2020-06-09,Trinity,105,12862,10,2,3,5,0
2020-06-09,Tulare,107,460477,3377,2393,10,2403,91
2020-06-09,Tuolumne,109,53932,10,8,0,8,0
2020-06-09,Ventura,111,848112,2106,1407,11,1418,34
2020-06-09,Yolo,113,214977,286,226,0,226,24
2020-06-09,Yuba,115,75493,34,27,0,27,1
2020-06-08,Alameda,001,1643700,4488,3937,6,3943,103
2020-06-08,Alpine,003,1148,1,1,0,1,0
2020-06-08,Amador,005,37829,10,10,0,10,0
2020-06-08,Butte,007,227075,97,68,8,76,1
2020-06-08,Calaveras,009,45235,27,16,0,16,0
2020-06-08,Colusa,011,21464,9,7,0,7,0
2020-06-08,Contra Costa,013,1133247,2016,1714,2,1716,41
2020-06-08,Del Norte,015,27424,47,45,0,45,0
2020-06-08,El Dorado,017,186661,138,107,1,108,0
2020-06-08,Fresno,019,978130,4195,2194,55,2249,42
2020-06-08,Glenn,021,27897,36,17,0,17,0
2020-06-08,Humboldt,023,135768,116,112,0,112,2
2020-06-08,Imperial,025,180216,5174,3051,4,3055,21
2020-06-08,Inyo,027,18085,22,22,0,22,1
2020-06-08,Kern,029,883053,3743,2853,9,2862,49
2020-06-08,Kings,031,150075,1814,892,3,895,6
2020-06-08,Lake,033,64148,39,28,0,28,0
2020-06-08,Lassen,035,31185,15,4,2,6,0
2020-06-08,Los Angeles,037,10098052,73389,64634,20,64654,2640
2020-06-08,Madera,039,155013,386,154,1,155,3
2020-06-08,Marin,041,260295,680,596,2,598,17
2020-06-08,Mariposa,043,17540,16,16,0,16,1
2020-06-08,Mendocino,045,87422,33,32,0,32,0
2020-06-08,Merced,047,269075,529,331,1,332,7
2020-06-08,Modoc,049,8938,1,0,0,0,0
2020-06-08,Mono,051,14174,39,35,0,35,1
2020-06-08,Monterey,053,433212,1014,751,3,754,10
2020-06-08,Napa,055,140530,183,151,0,151,3
2020-06-08,Nevada,057,99092,56,50,1,51,1
2020-06-08,Orange,059,3164182,10960,7786,77,7863,160
2020-06-08,Placer,061,380077,421,290,3,293,9
2020-06-08,Plumas,063,18699,5,4,0,4,0
2020-06-08,Riverside,065,2383286,12148,9246,23,9269,347
2020-06-08,Sacramento,067,1510023,1782,1591,2,1593,59
2020-06-08,San Benito,069,59416,131,93,0,93,2
2020-06-08,San Bernardino,071,2135413,8238,6122,6,6128,214
2020-06-08,San Diego,073,3302833,9884,8621,0,8621,296
2020-06-08,San Francisco,075,870044,2964,2715,1,2716,43
2020-06-08,San Joaquin,077,732212,1732,1198,3,1201,40
2020-06-08,San Luis Obispo,079,281455,421,300,4,304,1
2020-06-08,San Mateo,081,765935,2645,2431,2,2433,74
2020-06-08,Santa Barbara,083,443738,2116,1824,17,1841,13
2020-06-08,Santa Clara,085,1922200,3822,2971,14,2985,146
2020-06-08,Santa Cruz,087,273765,269,234,0,234,2
2020-06-08,Shasta,089,179085,74,43,0,43,4
2020-06-08,Sierra,091,2930,1,1,0,1,0
2020-06-08,Siskiyou,093,43540,20,8,0,8,0
2020-06-08,Solano,095,438530,785,560,4,564,19
2020-06-08,Sonoma,097,501317,783,654,2,656,4
2020-06-08,Stanislaus,099,539301,1325,956,6,962,28
2020-06-08,Sutter,101,95872,81,55,0,55,2
2020-06-08,Tehama,103,63373,19,8,2,10,1
2020-06-08,Trinity,105,12862,10,2,3,5,0
2020-06-08,Tulare,107,460477,3294,2301,10,2311,91
2020-06-08,Tuolumne,109,53932,9,8,0,8,0
2020-06-08,Ventura,111,848112,2048,1382,11,1393,30
2020-06-08,Yolo,113,214977,275,228,0,228,24
2020-06-08,Yuba,115,75493,32,27,0,27,1
2020-06-07,Alameda,001,1643700,4375,3866,6,3872,102
2020-06-07,Alpine,003,1148,1,1,0,1,0
2020-06-07,Amador,005,37829,10,10,0,10,0
2020-06-07,Butte,007,227075,95,64,6,70,1
2020-06-07,Calaveras,009,45235,25,16,0,16,0
2020-06-07,Colusa,011,21464,9,7,0,7,0
2020-06-07,Contra Costa,013,1133247,1965,1653,1,1654,38
2020-06-07,Del Norte,015,27424,45,45,0,45,0
2020-06-07,El Dorado,017,186661,138,104,1,105,0
2020-06-07,Fresno,019,978130,4065,2144,55,2199,41
2020-06-07,Glenn,021,27897,29,16,0,16,0
2020-06-07,Humboldt,023,135768,116,112,0,112,2
2020-06-07,Imperial,025,180216,5024,3048,4,3052,19
2020-06-07,Inyo,027,18085,22,21,0,21,1
2020-06-07,Kern,029,883053,3612,2771,9,2780,46
2020-06-07,Kings,031,150075,1765,882,3,885,6
2020-06-07,Lake,033,64148,36,28,0,28,0
2020-06-07,Lassen,035,31185,14,4,2,6,0
2020-06-07,Los Angeles,037,10098052,71681,63750,20,63770,2629
2020-06-07,Madera,039,155013,369,149,1,150,3
2020-06-07,Marin,041,260295,666,584,2,586,17
2020-06-07,Mariposa,043,17540,16,16,0,16,1
2020-06-07,Mendocino,045,87422,33,32,0,32,0
2020-06-07,Merced,047,269075,496,318,1,319,7
2020-06-07,Modoc,049,8938,1,0,0,0,0
2020-06-07,Mono,051,14174,39,35,0,35,1
2020-06-07,Monterey,053,433212,968,732,3,735,10
2020-06-07,Napa,055,140530,175,142,0,142,3
2020-06-07,Nevada,057,99092,55,50,1,51,1
2020-06-07,Orange,059,3164182,10703,7643,75,7718,158
2020-06-07,Placer,061,380077,400,273,2,275,9
2020-06-07,Plumas,063,18699,5,4,0,4,0
2020-06-07,Riverside,065,2383286,11852,9105,23,9128,344
2020-06-07,Sacramento,067,1510023,1734,1568,2,1570,59
2020-06-07,San Benito,069,59416,128,92,0,92,2
2020-06-07,San Bernardino,071,2135413,7952,6033,6,6039,214
2020-06-07,San Diego,073,3302833,9705,8478,0,8478,296
2020-06-07,San Francisco,075,870044,2920,2674,0,2674,43
2020-06-07,San Joaquin,077,732212,1631,1126,3,1129,37
2020-06-07,San Luis Obispo,079,281455,411,296,4,300,1
2020-06-07,San Mateo,081,765935,2618,2399,2,2401,73
2020-06-07,Santa Barbara,083,443738,2061,1818,17,1835,13
2020-06-07,Santa Clara,085,1922200,3770,2947,14,2961,146
2020-06-07,Santa Cruz,087,273765,261,230,0,230,2
2020-06-07,Shasta,089,179085,73,41,0,41,4
2020-06-07,Sierra,091,2930,1,1,0,1,0
2020-06-07,Siskiyou,093,43540,20,8,0,8,0
2020-06-07,Solano,095,438530,762,560,4,564,19
2020-06-07,Sonoma,097,501317,752,639,2,641,4
2020-06-07,Stanislaus,099,539301,1245,905,5,910,28
2020-06-07,Sutter,101,95872,73,55,0,55,2
2020-06-07,Tehama,103,63373,16,8,2,10,1
2020-06-07,Trinity,105,12862,8,2,3,5,0
2020-06-07,Tulare,107,460477,3172,2219,10,2229,90
2020-06-07,Tuolumne,109,53932,9,4,0,4,0
2020-06-07,Ventura,111,848112,1982,1337,11,1348,30
2020-06-07,Yolo,113,214977,265,224,0,224,24
2020-06-07,Yuba,115,75493,32,27,0,27,1
2020-06-06,Alameda,001,1643700,4330,3801,6,3807,102
2020-06-06,Alpine,003,1148,1,1,0,1,0
2020-06-06,Amador,005,37829,10,10,0,10,0
2020-06-06,Butte,007,227075,94,63,6,69,1
2020-06-06,Calaveras,009,45235,23,16,0,16,0
2020-06-06,Colusa,011,21464,9,7,0,7,0
2020-06-06,Contra Costa,013,1133247,1944,1619,1,1620,37
2020-06-06,Del Norte,015,27424,45,45,0,45,0
2020-06-06,El Dorado,017,186661,133,104,1,105,0
2020-06-06,Fresno,019,978130,4010,2117,55,2172,41
2020-06-06,Glenn,021,27897,27,16,0,16,0
2020-06-06,Humboldt,023,135768,116,112,0,112,2
2020-06-06,Imperial,025,180216,4948,3047,4,3051,19
2020-06-06,Inyo,027,18085,22,21,0,21,1
2020-06-06,Kern,029,883053,3541,2695,9,2704,46
2020-06-06,Kings,031,150075,1746,882,3,885,6
2020-06-06,Lake,033,64148,36,28,0,28,0
2020-06-06,Lassen,035,31185,14,4,2,6,0
2020-06-06,Los Angeles,037,10098052,70928,62269,20,62289,2607
2020-06-06,Madera,039,155013,360,149,1,150,3
2020-06-06,Marin,041,260295,661,556,2,558,17
2020-06-06,Mariposa,043,17540,16,16,0,16,1
2020-06-06,Mendocino,045,87422,33,32,0,32,0
2020-06-06,Merced,047,269075,495,315,1,316,7
2020-06-06,Modoc,049,8938,1,0,0,0,0
2020-06-06,Mono,051,14174,39,35,0,35,1
2020-06-06,Monterey,053,433212,944,679,3,682,10
2020-06-06,Napa,055,140530,169,136,0,136,3
2020-06-06,Nevada,057,99092,54,50,1,51,1
2020-06-06,Orange,059,3164182,10544,7576,74,7650,157
2020-06-06,Placer,061,380077,388,270,2,272,9
2020-06-06,Plumas,063,18699,5,4,0,4,0
2020-06-06,Riverside,065,2383286,11674,8935,23,8958,345
2020-06-06,Sacramento,067,1510023,1711,1533,2,1535,59
2020-06-06,San Benito,069,59416,118,92,0,92,2
2020-06-06,San Bernardino,071,2135413,7803,5946,6,5952,214
2020-06-06,San Diego,073,3302833,9584,8347,0,8347,296
2020-06-06,San Francisco,075,870044,2905,2674,0,2674,43
2020-06-06,San Joaquin,077,732212,1591,1076,3,1079,37
2020-06-06,San Luis Obispo,079,281455,405,295,4,299,1
2020-06-06,San Mateo,081,765935,2603,2342,2,2344,72
2020-06-06,Santa Barbara,083,443738,2022,1815,17,1832,13
2020-06-06,Santa Clara,085,1922200,3729,2934,14,2948,144
2020-06-06,Santa Cruz,087,273765,259,226,0,226,2
2020-06-06,Shasta,089,179085,73,40,0,40,4
2020-06-06,Sierra,091,2930,1,1,0,1,0
2020-06-06,Siskiyou,093,43540,18,8,0,8,0
2020-06-06,Solano,095,438530,747,560,4,564,19
2020-06-06,Sonoma,097,501317,740,622,2,624,4
2020-06-06,Stanislaus,099,539301,1211,858,5,863,27
2020-06-06,Sutter,101,95872,73,51,0,51,2
2020-06-06,Tehama,103,63373,15,8,2,10,1
2020-06-06,Trinity,105,12862,8,2,2,4,0
2020-06-06,Tulare,107,460477,3139,2213,10,2223,90
2020-06-06,Tuolumne,109,53932,9,4,0,4,0
2020-06-06,Ventura,111,848112,1958,1303,11,1314,30
2020-06-06,Yolo,113,214977,263,223,0,223,24
2020-06-06,Yuba,115,75493,32,27,0,27,1
2020-06-05,Alameda,001,1643700,4279,3734,6,3740,102
2020-06-05,Alpine,003,1148,1,1,0,1,0
2020-06-05,Amador,005,37829,10,10,0,10,0
2020-06-05,Butte,007,227075,91,61,6,67,1
2020-06-05,Calaveras,009,45235,22,16,0,16,0
2020-06-05,Colusa,011,21464,9,7,0,7,0
2020-06-05,Contra Costa,013,1133247,1929,1575,1,1576,37
2020-06-05,Del Norte,015,27424,45,45,0,45,0
2020-06-05,El Dorado,017,186661,131,101,1,102,0
2020-06-05,Fresno,019,978130,3946,2051,54,2105,38
2020-06-05,Glenn,021,27897,25,16,0,16,0
2020-06-05,Humboldt,023,135768,115,111,0,111,2
2020-06-05,Imperial,025,180216,4841,2778,4,2782,19
2020-06-05,Inyo,027,18085,22,21,0,21,1
2020-06-05,Kern,029,883053,3452,2624,9,2633,46
2020-06-05,Kings,031,150075,1731,865,3,868,6
2020-06-05,Lake,033,64148,35,28,0,28,0
2020-06-05,Lassen,035,31185,13,4,2,6,0
2020-06-05,Los Angeles,037,10098052,69776,60955,20,60975,2553
2020-06-05,Madera,039,155013,338,144,1,145,3
2020-06-05,Marin,041,260295,652,546,2,548,17
2020-06-05,Mariposa,043,17540,16,16,0,16,1
2020-06-05,Mendocino,045,87422,33,32,0,32,0
2020-06-05,Merced,047,269075,493,309,1,310,7
2020-06-05,Modoc,049,8938,1,0,0,0,0
2020-06-05,Mono,051,14174,39,35,0,35,1
2020-06-05,Monterey,053,433212,912,649,3,652,10
2020-06-05,Napa,055,140530,166,123,0,123,3
2020-06-05,Nevada,057,99092,54,50,1,51,1
2020-06-05,Orange,059,3164182,10349,7391,73,7464,153
2020-06-05,Placer,061,380077,378,265,2,267,9
2020-06-05,Plumas,063,18699,5,4,0,4,0
2020-06-05,Riverside,065,2383286,11415,8700,23,8723,345
2020-06-05,Sacramento,067,1510023,1689,1514,2,1516,59
2020-06-05,San Benito,069,59416,116,92,0,92,2
2020-06-05,San Bernardino,071,2135413,7621,5869,5,5874,212
2020-06-05,San Diego,073,3302833,9469,8182,0,8182,294
2020-06-05,San Francisco,075,870044,2887,2675,0,2675,43
2020-06-05,San Joaquin,077,732212,1512,1046,3,1049,36
2020-06-05,San Luis Obispo,079,281455,398,293,4,297,1
2020-06-05,San Mateo,081,765935,2578,2331,2,2333,72
2020-06-05,Santa Barbara,083,443738,1991,1795,17,1812,13
2020-06-05,Santa Clara,085,1922200,3694,2902,14,2916,144
2020-06-05,Santa Cruz,087,273765,256,222,0,222,2
2020-06-05,Shasta,089,179085,72,40,0,40,4
2020-06-05,Sierra,091,2930,1,1,0,1,0
2020-06-05,Siskiyou,093,43540,16,8,0,8,0
2020-06-05,Solano,095,438530,740,558,4,562,19
2020-06-05,Sonoma,097,501317,719,618,2,620,4
2020-06-05,Stanislaus,099,539301,1178,842,5,847,27
2020-06-05,Sutter,101,95872,73,49,0,49,2
2020-06-05,Tehama,103,63373,15,7,2,9,1
2020-06-05,Trinity,105,12862,8,1,2,3,0
2020-06-05,Tulare,107,460477,3090,2180,10,2190,90
2020-06-05,Tuolumne,109,53932,9,4,0,4,0
2020-06-05,Ventura,111,848112,1925,1274,11,1285,30
2020-06-05,Yolo,113,214977,262,216,0,216,24
2020-06-05,Yuba,115,75493,32,27,0,27,1
2020-06-04,Alameda,001,1643700,4180,3643,6,3649,99
2020-06-04,Alpine,003,1148,1,1,0,1,0
2020-06-04,Amador,005,37829,10,10,0,10,0
2020-06-04,Butte,007,227075,87,57,5,62,1
2020-06-04,Calaveras,009,45235,22,15,0,15,0
2020-06-04,Colusa,011,21464,9,7,0,7,0
2020-06-04,Contra Costa,013,1133247,1871,1551,1,1552,37
2020-06-04,Del Norte,015,27424,45,45,0,45,0
2020-06-04,El Dorado,017,186661,129,101,1,102,0
2020-06-04,Fresno,019,978130,3841,2007,53,2060,35
2020-06-04,Glenn,021,27897,22,16,0,16,0
2020-06-04,Humboldt,023,135768,115,109,0,109,2
2020-06-04,Imperial,025,180216,4659,2631,4,2635,19
2020-06-04,Inyo,027,18085,22,20,0,20,1
2020-06-04,Kern,029,883053,3336,2530,9,2539,46
2020-06-04,Kings,031,150075,1661,842,3,845,6
2020-06-04,Lake,033,64148,34,27,0,27,0
2020-06-04,Lassen,035,31185,11,4,2,6,0
2020-06-04,Los Angeles,037,10098052,68310,59596,20,59616,2515
2020-06-04,Madera,039,155013,330,127,1,128,3
2020-06-04,Marin,041,260295,630,533,2,535,14
2020-06-04,Mariposa,043,17540,16,16,0,16,1
2020-06-04,Mendocino,045,87422,33,29,0,29,0
2020-06-04,Merced,047,269075,473,304,1,305,7
2020-06-04,Modoc,049,8938,1,0,0,0,0
2020-06-04,Mono,051,14174,39,35,0,35,1
2020-06-04,Monterey,053,433212,877,621,2,623,10
2020-06-04,Napa,055,140530,162,117,0,117,3
2020-06-04,Nevada,057,99092,53,49,1,50,1
2020-06-04,Orange,059,3164182,10097,7192,72,7264,148
2020-06-04,Placer,061,380077,362,256,2,258,9
2020-06-04,Plumas,063,18699,4,4,0,4,0
2020-06-04,Riverside,065,2383286,11137,8473,23,8496,341
2020-06-04,Sacramento,067,1510023,1661,1492,2,1494,58
2020-06-04,San Benito,069,59416,114,88,0,88,2
2020-06-04,San Bernardino,071,2135413,7352,5726,5,5731,207
2020-06-04,San Diego,073,3302833,9306,7942,0,7942,288
2020-06-04,San Francisco,075,870044,2854,2636,0,2636,43
2020-06-04,San Joaquin,077,732212,1450,1016,3,1019,36
2020-06-04,San Luis Obispo,079,281455,387,288,4,292,1
2020-06-04,San Mateo,081,765935,2551,2284,2,2286,72
2020-06-04,Santa Barbara,083,443738,1960,1750,16,1766,13
2020-06-04,Santa Clara,085,1922200,3660,2871,14,2885,144
2020-06-04,Santa Cruz,087,273765,250,218,0,218,2
2020-06-04,Shasta,089,179085,66,40,0,40,4
2020-06-04,Sierra,091,2930,1,1,0,1,0
2020-06-04,Siskiyou,093,43540,15,8,0,8,0
2020-06-04,Solano,095,438530,723,551,4,555,19
2020-06-04,Sonoma,097,501317,700,591,1,592,4
2020-06-04,Stanislaus,099,539301,1102,806,5,811,28
2020-06-04,Sutter,101,95872,68,46,0,46,2
2020-06-04,Tehama,103,63373,14,6,1,7,1
2020-06-04,Trinity,105,12862,8,1,2,3,0
2020-06-04,Tulare,107,460477,2973,2086,10,2096,90
2020-06-04,Tuolumne,109,53932,8,4,0,4,0
2020-06-04,Ventura,111,848112,1881,1236,10,1246,30
2020-06-04,Yolo,113,214977,257,216,0,216,24
2020-06-04,Yuba,115,75493,31,27,0,27,1
2020-06-03,Alameda,001,1643700,4121,3589,5,3594,99
2020-06-03,Alpine,003,1148,1,1,0,1,0
2020-06-03,Amador,005,37829,10,10,0,10,0
2020-06-03,Butte,007,227075,85,53,5,58,1
2020-06-03,Calaveras,009,45235,21,15,0,15,0
2020-06-03,Colusa,011,21464,9,7,0,7,0
2020-06-03,Contra Costa,013,1133247,1823,1511,1,1512,37
2020-06-03,Del Norte,015,27424,45,39,0,39,0
2020-06-03,El Dorado,017,186661,126,90,1,91,0
2020-06-03,Fresno,019,978130,3742,1943,53,1996,35
2020-06-03,Glenn,021,27897,22,16,0,16,0
2020-06-03,Humboldt,023,135768,115,103,0,103,2
2020-06-03,Imperial,025,180216,4486,2540,4,2544,19
2020-06-03,Inyo,027,18085,22,20,0,20,1
2020-06-03,Kern,029,883053,3240,2452,8,2460,44
2020-06-03,Kings,031,150075,1596,744,3,747,6
2020-06-03,Lake,033,64148,32,26,0,26,0
2020-06-03,Lassen,035,31185,11,4,2,6,0
2020-06-03,Los Angeles,037,10098052,66701,58166,20,58186,2472
2020-06-03,Madera,039,155013,322,117,1,118,3
2020-06-03,Marin,041,260295,612,527,2,529,14
2020-06-03,Mariposa,043,17540,16,16,0,16,1
2020-06-03,Mendocino,045,87422,32,29,0,29,0
2020-06-03,Merced,047,269075,459,299,1,300,7
2020-06-03,Modoc,049,8938,1,0,0,0,0
2020-06-03,Mono,051,14174,39,35,0,35,1
2020-06-03,Monterey,053,433212,849,592,2,594,10
2020-06-03,Napa,055,140530,161,116,0,116,3
2020-06-03,Nevada,057,99092,52,43,1,44,1
2020-06-03,Orange,059,3164182,9871,6939,71,7010,145
2020-06-03,Placer,061,380077,342,243,2,245,9
2020-06-03,Plumas,063,18699,4,4,0,4,0
2020-06-03,Riverside,065,2383286,10863,8208,23,8231,335
2020-06-03,Sacramento,067,1510023,1632,1457,2,1459,58
2020-06-03,San Benito,069,59416,108,88,0,88,2
2020-06-03,San Bernardino,071,2135413,7129,5565,5,5570,203
2020-06-03,San Diego,073,3302833,9158,7800,0,7800,283
2020-06-03,San Francisco,075,870044,2823,2608,0,2608,43
2020-06-03,San Joaquin,077,732212,1386,1004,3,1007,35
2020-06-03,San Luis Obispo,079,281455,382,279,4,283,1
2020-06-03,San Mateo,081,765935,2523,2243,2,2245,71
2020-06-03,Santa Barbara,083,443738,1926,1722,15,1737,12
2020-06-03,Santa Clara,085,1922200,3618,2836,14,2850,144
2020-06-03,Santa Cruz,087,273765,244,217,0,217,2
2020-06-03,Shasta,089,179085,63,40,0,40,4
2020-06-03,Sierra,091,2930,1,1,0,1,0
2020-06-03,Siskiyou,093,43540,14,8,0,8,0
2020-06-03,Solano,095,438530,698,543,2,545,18
2020-06-03,Sonoma,097,501317,688,578,1,579,4
2020-06-03,Stanislaus,099,539301,1062,780,5,785,27
2020-06-03,Sutter,101,95872,60,45,0,45,2
2020-06-03,Tehama,103,63373,14,6,1,7,1
2020-06-03,Trinity,105,12862,8,1,2,3,0
2020-06-03,Tulare,107,460477,2904,2041,10,2051,88
2020-06-03,Tuolumne,109,53932,6,4,0,4,0
2020-06-03,Ventura,111,848112,1814,1202,10,1212,30
2020-06-03,Yolo,113,214977,253,213,0,213,24
2020-06-03,Yuba,115,75493,31,27,0,27,1
2020-06-02,Alameda,001,1643700,4045,3517,5,3522,99
2020-06-02,Alpine,003,1148,1,1,0,1,0
2020-06-02,Amador,005,37829,10,10,0,10,0
2020-06-02,Butte,007,227075,81,51,4,55,1
2020-06-02,Calaveras,009,45235,21,15,0,15,0
2020-06-02,Colusa,011,21464,9,7,0,7,0
2020-06-02,Contra Costa,013,1133247,1791,1505,1,1506,37
2020-06-02,Del Norte,015,27424,45,39,0,39,0
2020-06-02,El Dorado,017,186661,125,88,1,89,0
2020-06-02,Fresno,019,978130,3629,1917,53,1970,34
2020-06-02,Glenn,021,27897,21,16,0,16,0
2020-06-02,Humboldt,023,135768,115,101,0,101,2
2020-06-02,Imperial,025,180216,4293,2459,4,2463,19
2020-06-02,Inyo,027,18085,20,20,0,20,1
2020-06-02,Kern,029,883053,3141,2406,6,2412,41
2020-06-02,Kings,031,150075,1568,720,3,723,5
2020-06-02,Lake,033,64148,32,25,0,25,0
2020-06-02,Lassen,035,31185,10,4,2,6,0
2020-06-02,Los Angeles,037,10098052,65297,57144,20,57164,2430
2020-06-02,Madera,039,155013,301,110,1,111,2
2020-06-02,Marin,041,260295,585,509,2,511,14
2020-06-02,Mariposa,043,17540,16,16,0,16,1
2020-06-02,Mendocino,045,87422,32,29,0,29,0
2020-06-02,Merced,047,269075,443,297,1,298,6
2020-06-02,Modoc,049,8938,1,0,0,0,0
2020-06-02,Mono,051,14174,39,35,0,35,1
2020-06-02,Monterey,053,433212,819,582,2,584,10
2020-06-02,Napa,055,140530,152,116,0,116,3
2020-06-02,Nevada,057,99092,51,41,1,42,1
2020-06-02,Orange,059,3164182,9670,6790,70,6860,142
2020-06-02,Placer,061,380077,328,226,2,228,9
2020-06-02,Plumas,063,18699,4,4,0,4,0
2020-06-02,Riverside,065,2383286,10567,8091,22,8113,330
2020-06-02,Sacramento,067,1510023,1603,1428,2,1430,58
2020-06-02,San Benito,069,59416,107,86,0,86,2
2020-06-02,San Bernardino,071,2135413,6922,5438,5,5443,202
2020-06-02,San Diego,073,3302833,9012,7676,0,7676,276
2020-06-02,San Francisco,075,870044,2788,2554,0,2554,43
2020-06-02,San Joaquin,077,732212,1320,985,3,988,35
2020-06-02,San Luis Obispo,079,281455,377,275,4,279,1
2020-06-02,San Mateo,081,765935,2488,2203,2,2205,71
2020-06-02,Santa Barbara,083,443738,1886,1703,15,1718,12
2020-06-02,Santa Clara,085,1922200,3568,2819,14,2833,144
2020-06-02,Santa Cruz,087,273765,239,215,0,215,2
2020-06-02,Shasta,089,179085,62,38,0,38,4
2020-06-02,Sierra,091,2930,1,1,0,1,0
2020-06-02,Siskiyou,093,43540,13,8,0,8,0
2020-06-02,Solano,095,438530,683,537,1,538,18
2020-06-02,Sonoma,097,501317,677,571,1,572,4
2020-06-02,Stanislaus,099,539301,1003,772,5,777,27
2020-06-02,Sutter,101,95872,57,43,0,43,2
2020-06-02,Tehama,103,63373,14,6,1,7,1
2020-06-02,Trinity,105,12862,8,1,2,3,0
2020-06-02,Tulare,107,460477,2824,2012,10,2022,86
2020-06-02,Tuolumne,109,53932,6,4,0,4,0
2020-06-02,Ventura,111,848112,1761,1178,10,1188,30
2020-06-02,Yolo,113,214977,251,213,0,213,24
2020-06-02,Yuba,115,75493,31,27,0,27,1
2020-06-01,Alameda,001,1643700,3979,3460,5,3465,98
2020-06-01,Alpine,003,1148,1,1,0,1,0
2020-06-01,Amador,005,37829,10,10,0,10,0
2020-06-01,Butte,007,227075,80,50,3,53,1
2020-06-01,Calaveras,009,45235,21,15,0,15,0
2020-06-01,Colusa,011,21464,9,7,0,7,0
2020-06-01,Contra Costa,013,1133247,1755,1486,1,1487,37
2020-06-01,Del Norte,015,27424,45,38,0,38,0
2020-06-01,El Dorado,017,186661,123,88,1,89,0
2020-06-01,Fresno,019,978130,3534,1854,51,1905,33
2020-06-01,Glenn,021,27897,21,16,0,16,0
2020-06-01,Humboldt,023,135768,115,98,0,98,2
2020-06-01,Imperial,025,180216,4071,2366,4,2370,14
2020-06-01,Inyo,027,18085,20,20,0,20,1
2020-06-01,Kern,029,883053,3058,2366,6,2372,38
2020-06-01,Kings,031,150075,1300,703,3,706,4
2020-06-01,Lake,033,64148,32,22,0,22,0
2020-06-01,Lassen,035,31185,10,4,2,6,0
2020-06-01,Los Angeles,037,10098052,63824,55899,20,55919,2367
2020-06-01,Madera,039,155013,289,103,1,104,2
2020-06-01,Marin,041,260295,544,495,2,497,14
2020-06-01,Mariposa,043,17540,16,16,0,16,1
2020-06-01,Mendocino,045,87422,32,28,0,28,0
2020-06-01,Merced,047,269075,424,289,1,290,6
2020-06-01,Modoc,049,8938,1,0,0,0,0
2020-06-01,Mono,051,14174,39,35,0,35,1
2020-06-01,Monterey,053,433212,795,554,2,556,10
2020-06-01,Napa,055,140530,149,114,0,114,3
2020-06-01,Nevada,057,99092,51,41,1,42,1
2020-06-01,Orange,059,3164182,9473,6640,69,6709,135
2020-06-01,Placer,061,380077,316,218,2,220,9
2020-06-01,Plumas,063,18699,4,4,0,4,0
2020-06-01,Riverside,065,2383286,10115,7921,21,7942,322
2020-06-01,Sacramento,067,1510023,1564,1415,2,1417,58
2020-06-01,San Benito,069,59416,104,86,0,86,2
2020-06-01,San Bernardino,071,2135413,6716,5310,5,5315,202
2020-06-01,San Diego,073,3302833,8832,7556,0,7556,269
2020-06-01,San Francisco,075,870044,2751,2546,0,2546,43
2020-06-01,San Joaquin,077,732212,1255,957,3,960,35
2020-06-01,San Luis Obispo,079,281455,373,275,4,279,1
2020-06-01,San Mateo,081,765935,2458,2190,2,2192,71
2020-06-01,Santa Barbara,083,443738,1852,1671,14,1685,10
2020-06-01,Santa Clara,085,1922200,3530,2797,13,2810,142
2020-06-01,Santa Cruz,087,273765,235,215,0,215,2
2020-06-01,Shasta,089,179085,62,38,0,38,4
2020-06-01,Sierra,091,2930,1,1,0,1,0
2020-06-01,Siskiyou,093,43540,13,7,0,7,0
2020-06-01,Solano,095,438530,659,529,1,530,17
2020-06-01,Sonoma,097,501317,661,565,1,566,4
2020-06-01,Stanislaus,099,539301,966,758,5,763,27
2020-06-01,Sutter,101,95872,52,43,0,43,2
2020-06-01,Tehama,103,63373,11,5,1,6,1
2020-06-01,Trinity,105,12862,7,1,2,3,0
2020-06-01,Tulare,107,460477,2709,1976,10,1986,84
2020-06-01,Tuolumne,109,53932,5,4,0,4,0
2020-06-01,Ventura,111,848112,1708,1163,10,1173,29
2020-06-01,Yolo,113,214977,248,212,0,212,24
2020-06-01,Yuba,115,75493,30,26,0,26,1
2020-05-31,Alameda,001,1643700,3874,3362,5,3367,98
2020-05-31,Alpine,003,1148,1,1,0,1,0
2020-05-31,Amador,005,37829,10,10,0,10,0
2020-05-31,Butte,007,227075,78,51,3,54,0
2020-05-31,Calaveras,009,45235,18,15,0,15,0
2020-05-31,Colusa,011,21464,9,5,0,5,0
2020-05-31,Contra Costa,013,1133247,1721,1458,1,1459,37
2020-05-31,Del Norte,015,27424,45,37,0,37,0
2020-05-31,El Dorado,017,186661,119,88,1,89,0
2020-05-31,Fresno,019,978130,3370,1780,46,1826,31
2020-05-31,Glenn,021,27897,20,16,0,16,0
2020-05-31,Humboldt,023,135768,113,98,0,98,2
2020-05-31,Imperial,025,180216,3804,2197,4,2201,14
2020-05-31,Inyo,027,18085,20,20,0,20,1
2020-05-31,Kern,029,883053,2923,2300,6,2306,38
2020-05-31,Kings,031,150075,1263,703,3,706,3
2020-05-31,Lake,033,64148,32,19,0,19,0
2020-05-31,Lassen,035,31185,10,4,2,6,0
2020-05-31,Los Angeles,037,10098052,62529,54925,20,54945,2344
2020-05-31,Madera,039,155013,271,101,1,102,2
2020-05-31,Marin,041,260295,534,486,2,488,14
2020-05-31,Mariposa,043,17540,16,16,0,16,1
2020-05-31,Mendocino,045,87422,32,24,0,24,0
2020-05-31,Merced,047,269075,397,288,0,288,6
2020-05-31,Modoc,049,8938,0,0,0,0,0
2020-05-31,Mono,051,14174,39,34,0,34,1
2020-05-31,Monterey,053,433212,721,545,2,547,10
2020-05-31,Napa,055,140530,147,114,0,114,3
2020-05-31,Nevada,057,99092,50,41,1,42,1
2020-05-31,Orange,059,3164182,9263,6532,68,6600,135
2020-05-31,Placer,061,380077,294,215,2,217,9
2020-05-31,Plumas,063,18699,4,4,0,4,0
2020-05-31,Riverside,065,2383286,9859,7704,21,7725,321
2020-05-31,Sacramento,067,1510023,1533,1398,2,1400,57
2020-05-31,San Benito,069,59416,98,85,0,85,2
2020-05-31,San Bernardino,071,2135413,6448,5185,5,5190,198
2020-05-31,San Diego,073,3302833,8638,7483,0,7483,269
2020-05-31,San Francisco,075,870044,2715,2501,0,2501,43
2020-05-31,San Joaquin,077,732212,1190,888,3,891,34
2020-05-31,San Luis Obispo,079,281455,363,271,4,275,1
2020-05-31,San Mateo,081,765935,2412,2169,2,2171,71
2020-05-31,Santa Barbara,083,443738,1801,1662,13,1675,9
2020-05-31,Santa Clara,085,1922200,3486,2785,13,2798,142
2020-05-31,Santa Cruz,087,273765,232,210,0,210,2
2020-05-31,Shasta,089,179085,60,38,0,38,4
2020-05-31,Sierra,091,2930,1,1,0,1,0
2020-05-31,Siskiyou,093,43540,12,7,0,7,0
2020-05-31,Solano,095,438530,633,512,1,513,6
2020-05-31,Sonoma,097,501317,641,555,1,556,4
2020-05-31,Stanislaus,099,539301,912,738,5,743,27
2020-05-31,Sutter,101,95872,50,42,0,42,2
2020-05-31,Tehama,103,63373,10,4,1,5,1
2020-05-31,Trinity,105,12862,7,1,2,3,0
2020-05-31,Tulare,107,460477,2636,1884,10,1894,82
2020-05-31,Tuolumne,109,53932,5,4,0,4,0
2020-05-31,Ventura,111,848112,1647,1151,10,1161,30
2020-05-31,Yolo,113,214977,242,211,0,211,24
2020-05-31,Yuba,115,75493,30,26,0,26,1
2020-05-30,Alameda,001,1643700,3848,3304,5,3309,96
2020-05-30,Alpine,003,1148,1,1,0,1,0
2020-05-30,Amador,005,37829,10,10,0,10,0
2020-05-30,Butte,007,227075,77,44,3,47,0
2020-05-30,Calaveras,009,45235,17,15,0,15,0
2020-05-30,Colusa,011,21464,8,5,0,5,0
2020-05-30,Contra Costa,013,1133247,1705,1429,1,1430,37
2020-05-30,Del Norte,015,27424,45,37,0,37,0
2020-05-30,El Dorado,017,186661,118,86,1,87,0
2020-05-30,Fresno,019,978130,3309,1744,45,1789,31
2020-05-30,Glenn,021,27897,19,16,0,16,0
2020-05-30,Humboldt,023,135768,112,98,0,98,2
2020-05-30,Imperial,025,180216,3714,2091,4,2095,14
2020-05-30,Inyo,027,18085,20,20,0,20,1
2020-05-30,Kern,029,883053,2854,2217,6,2223,38
2020-05-30,Kings,031,150075,1249,703,3,706,3
2020-05-30,Lake,033,64148,31,18,0,18,0
2020-05-30,Lassen,035,31185,10,4,2,6,0
2020-05-30,Los Angeles,037,10098052,61993,53627,20,53647,2319
2020-05-30,Madera,039,155013,266,101,1,102,2
2020-05-30,Marin,041,260295,534,462,2,464,14
2020-05-30,Mariposa,043,17540,16,16,0,16,1
2020-05-30,Mendocino,045,87422,32,24,0,24,0
2020-05-30,Merced,047,269075,396,285,0,285,6
2020-05-30,Modoc,049,8938,0,0,0,0,0
2020-05-30,Mono,051,14174,39,34,0,34,1
2020-05-30,Monterey,053,433212,705,520,2,522,10
2020-05-30,Napa,055,140530,145,113,0,113,3
2020-05-30,Nevada,057,99092,50,41,1,42,1
2020-05-30,Orange,059,3164182,9106,6354,67,6421,134
2020-05-30,Placer,061,380077,286,199,1,200,9
2020-05-30,Plumas,063,18699,4,4,0,4,0
2020-05-30,Riverside,065,2383286,9715,7492,21,7513,316
2020-05-30,Sacramento,067,1510023,1522,1384,2,1386,57
2020-05-30,San Benito,069,59416,97,85,0,85,2
2020-05-30,San Bernardino,071,2135413,6339,5122,5,5127,198
2020-05-30,San Diego,073,3302833,8545,7387,0,7387,269
2020-05-30,San Francisco,075,870044,2690,2496,0,2496,41
2020-05-30,San Joaquin,077,732212,1152,888,3,891,34
2020-05-30,San Luis Obispo,079,281455,358,270,4,274,1
2020-05-30,San Mateo,081,765935,2388,2129,2,2131,71
2020-05-30,Santa Barbara,083,443738,1782,1660,13,1673,9
2020-05-30,Santa Clara,085,1922200,3470,2741,13,2754,141
2020-05-30,Santa Cruz,087,273765,232,206,0,206,2
2020-05-30,Shasta,089,179085,60,36,0,36,4
2020-05-30,Sierra,091,2930,1,1,0,1,0
2020-05-30,Siskiyou,093,43540,11,7,0,7,0
2020-05-30,Solano,095,438530,626,512,1,513,6
2020-05-30,Sonoma,097,501317,631,551,1,552,4
2020-05-30,Stanislaus,099,539301,895,712,5,717,27
2020-05-30,Sutter,101,95872,49,40,0,40,2
2020-05-30,Tehama,103,63373,10,4,1,5,1
2020-05-30,Trinity,105,12862,7,1,2,3,0
2020-05-30,Tulare,107,460477,2599,1879,10,1889,81
2020-05-30,Tuolumne,109,53932,5,4,0,4,0
2020-05-30,Ventura,111,848112,1630,1116,10,1126,30
2020-05-30,Yolo,113,214977,238,210,0,210,24
2020-05-30,Yuba,115,75493,30,25,0,25,1
2020-05-29,Alameda,001,1643700,3813,3209,5,3214,96
2020-05-29,Alpine,003,1148,1,1,0,1,0
2020-05-29,Amador,005,37829,10,10,0,10,0
2020-05-29,Butte,007,227075,72,41,3,44,0
2020-05-29,Calaveras,009,45235,17,15,0,15,0
2020-05-29,Colusa,011,21464,8,5,0,5,0
2020-05-29,Contra Costa,013,1133247,1689,1411,1,1412,37
2020-05-29,Del Norte,015,27424,45,37,0,37,0
2020-05-29,El Dorado,017,186661,117,85,1,86,0
2020-05-29,Fresno,019,978130,3259,1687,45,1732,31
2020-05-29,Glenn,021,27897,19,14,0,14,0
2020-05-29,Humboldt,023,135768,111,98,0,98,2
2020-05-29,Imperial,025,180216,3596,1607,4,1611,14
2020-05-29,Inyo,027,18085,20,20,0,20,1
2020-05-29,Kern,029,883053,2796,2128,6,2134,36
2020-05-29,Kings,031,150075,1238,693,3,696,3
2020-05-29,Lake,033,64148,30,17,0,17,0
2020-05-29,Lassen,035,31185,10,0,2,2,0
2020-05-29,Los Angeles,037,10098052,61036,51578,20,51598,2273
2020-05-29,Madera,039,155013,251,98,1,99,2
2020-05-29,Marin,041,260295,526,448,2,450,14
2020-05-29,Mariposa,043,17540,16,16,0,16,1
2020-05-29,Mendocino,045,87422,30,25,0,25,0
2020-05-29,Merced,047,269075,391,285,0,285,7
2020-05-29,Modoc,049,8938,0,0,0,0,0
2020-05-29,Mono,051,14174,38,34,0,34,1
2020-05-29,Monterey,053,433212,675,479,2,481,10
2020-05-29,Napa,055,140530,142,113,0,113,3
2020-05-29,Nevada,057,99092,50,41,1,42,1
2020-05-29,Orange,059,3164182,8920,6176,64,6240,133
2020-05-29,Placer,061,380077,264,199,1,200,9
2020-05-29,Plumas,063,18699,4,4,0,4,0
2020-05-29,Riverside,065,2383286,9529,7376,21,7397,313
2020-05-29,Sacramento,067,1510023,1499,1360,2,1362,57
2020-05-29,San Benito,069,59416,97,84,0,84,2
2020-05-29,San Bernardino,071,2135413,6231,4983,5,4988,196
2020-05-29,San Diego,073,3302833,8422,7242,0,7242,266
2020-05-29,San Francisco,075,870044,2666,2453,0,2453,41
2020-05-29,San Joaquin,077,732212,1115,855,3,858,34
2020-05-29,San Luis Obispo,079,281455,354,270,4,274,1
2020-05-29,San Mateo,081,765935,2372,2103,2,2105,71
2020-05-29,Santa Barbara,083,443738,1755,1656,13,1669,9
2020-05-29,Santa Clara,085,1922200,3442,2707,13,2720,141
2020-05-29,Santa Cruz,087,273765,229,203,0,203,2
2020-05-29,Shasta,089,179085,60,36,0,36,4
2020-05-29,Sierra,091,2930,1,1,0,1,0
2020-05-29,Siskiyou,093,43540,11,7,0,7,0
2020-05-29,Solano,095,438530,618,498,1,499,6
2020-05-29,Sonoma,097,501317,620,537,1,538,4
2020-05-29,Stanislaus,099,539301,865,698,5,703,27
2020-05-29,Sutter,101,95872,47,40,0,40,2
2020-05-29,Tehama,103,63373,9,4,1,5,1
2020-05-29,Trinity,105,12862,7,1,2,3,0
2020-05-29,Tulare,107,460477,2561,1852,10,1862,80
2020-05-29,Tuolumne,109,53932,5,4,0,4,0
2020-05-29,Ventura,111,848112,1606,1093,10,1103,29
2020-05-29,Yolo,113,214977,234,211,0,211,24
2020-05-29,Yuba,115,75493,29,25,0,25,1
2020-05-28,Alameda,001,1643700,3714,3083,5,3088,94
2020-05-28,Alpine,003,1148,1,1,0,1,0
2020-05-28,Amador,005,37829,10,10,0,10,0
2020-05-28,Butte,007,227075,71,40,3,43,0
2020-05-28,Calaveras,009,45235,16,15,0,15,0
2020-05-28,Colusa,011,21464,8,5,0,5,0
2020-05-28,Contra Costa,013,1133247,1650,1392,1,1393,37
2020-05-28,Del Norte,015,27424,45,37,0,37,0
2020-05-28,El Dorado,017,186661,114,82,1,83,0
2020-05-28,Fresno,019,978130,3178,1653,44,1697,31
2020-05-28,Glenn,021,27897,18,14,0,14,0
2020-05-28,Humboldt,023,135768,110,97,0,97,2
2020-05-28,Imperial,025,180216,3402,1430,4,1434,14
2020-05-28,Inyo,027,18085,20,20,0,20,1
2020-05-28,Kern,029,883053,2718,2069,6,2075,36
2020-05-28,Kings,031,150075,901,626,3,629,3
2020-05-28,Lake,033,64148,29,17,0,17,0
2020-05-28,Lassen,035,31185,10,0,2,2,0
2020-05-28,Los Angeles,037,10098052,59459,49861,20,49881,2222
2020-05-28,Madera,039,155013,233,93,1,94,2
2020-05-28,Marin,041,260295,501,443,2,445,14
2020-05-28,Mariposa,043,17540,16,16,0,16,1
2020-05-28,Mendocino,045,87422,28,24,0,24,0
2020-05-28,Merced,047,269075,382,283,0,283,7
2020-05-28,Modoc,049,8938,0,0,0,0,0
2020-05-28,Mono,051,14174,38,34,0,34,1
2020-05-28,Monterey,053,433212,643,471,2,473,10
2020-05-28,Napa,055,140530,139,113,0,113,3
2020-05-28,Nevada,057,99092,45,41,1,42,1
2020-05-28,Orange,059,3164182,8724,6045,64,6109,130
2020-05-28,Placer,061,380077,257,196,1,197,9
2020-05-28,Plumas,063,18699,4,4,0,4,0
2020-05-28,Riverside,065,2383286,9125,7240,20,7260,304
2020-05-28,Sacramento,067,1510023,1479,1339,2,1341,57
2020-05-28,San Benito,069,59416,96,82,0,82,2
2020-05-28,San Bernardino,071,2135413,6066,4831,5,4836,191
2020-05-28,San Diego,073,3302833,8265,7102,0,7102,260
2020-05-28,San Francisco,075,870044,2632,2417,0,2417,40
2020-05-28,San Joaquin,077,732212,1080,840,3,843,34
2020-05-28,San Luis Obispo,079,281455,351,267,4,271,1
2020-05-28,San Mateo,081,765935,2345,2070,2,2072,71
2020-05-28,Santa Barbara,083,443738,1727,1642,12,1654,9
2020-05-28,Santa Clara,085,1922200,3402,2698,13,2711,140
2020-05-28,Santa Cruz,087,273765,228,201,0,201,2
2020-05-28,Shasta,089,179085,58,36,0,36,4
2020-05-28,Sierra,091,2930,1,1,0,1,0
2020-05-28,Siskiyou,093,43540,9,6,0,6,0
2020-05-28,Solano,095,438530,601,489,1,490,6
2020-05-28,Sonoma,097,501317,598,529,1,530,4
2020-05-28,Stanislaus,099,539301,824,684,5,689,27
2020-05-28,Sutter,101,95872,47,40,0,40,2
2020-05-28,Tehama,103,63373,9,4,1,5,1
2020-05-28,Trinity,105,12862,6,1,2,3,0
2020-05-28,Tulare,107,460477,2525,1832,10,1842,79
2020-05-28,Tuolumne,109,53932,5,4,0,4,0
2020-05-28,Ventura,111,848112,1573,1083,10,1093,29
2020-05-28,Yolo,113,214977,231,206,0,206,22
2020-05-28,Yuba,115,75493,28,24,0,24,1
2020-05-27,Alameda,001,1643700,3631,3037,5,3042,94
2020-05-27,Alpine,003,1148,1,1,0,1,0
2020-05-27,Amador,005,37829,10,10,0,10,0
2020-05-27,Butte,007,227075,68,40,2,42,0
2020-05-27,Calaveras,009,45235,15,15,0,15,0
2020-05-27,Colusa,011,21464,8,5,0,5,0
2020-05-27,Contra Costa,013,1133247,1610,1373,1,1374,37
2020-05-27,Del Norte,015,27424,45,34,0,34,0
2020-05-27,El Dorado,017,186661,113,82,1,83,0
2020-05-27,Fresno,019,978130,3090,1620,44,1664,27
2020-05-27,Glenn,021,27897,18,14,0,14,0
2020-05-27,Humboldt,023,135768,110,86,0,86,2
2020-05-27,Imperial,025,180216,3222,1369,4,1373,14
2020-05-27,Inyo,027,18085,20,20,0,20,1
2020-05-27,Kern,029,883053,2653,1999,6,2005,37
2020-05-27,Kings,031,150075,874,586,3,589,3
2020-05-27,Lake,033,64148,29,13,0,13,0
2020-05-27,Lassen,035,31185,10,0,2,2,0
2020-05-27,Los Angeles,037,10098052,58084,48711,20,48731,2177
2020-05-27,Madera,039,155013,224,91,1,92,2
2020-05-27,Marin,041,260295,472,439,2,441,14
2020-05-27,Mariposa,043,17540,16,16,0,16,1
2020-05-27,Mendocino,045,87422,27,21,0,21,0
2020-05-27,Merced,047,269075,378,278,0,278,7
2020-05-27,Modoc,049,8938,0,0,0,0,0
2020-05-27,Mono,051,14174,38,34,0,34,1
2020-05-27,Monterey,053,433212,603,443,2,445,8
2020-05-27,Napa,055,140530,134,112,0,112,3
2020-05-27,Nevada,057,99092,44,41,1,42,1
2020-05-27,Orange,059,3164182,8569,5849,64,5913,121
2020-05-27,Placer,061,380077,238,196,0,196,9
2020-05-27,Plumas,063,18699,4,4,0,4,0
2020-05-27,Riverside,065,2383286,8746,7156,20,7176,299
2020-05-27,Sacramento,067,1510023,1451,1318,2,1320,50
2020-05-27,San Benito,069,59416,93,74,0,74,2
2020-05-27,San Bernardino,071,2135413,5882,4708,5,4713,183
2020-05-27,San Diego,073,3302833,8114,6985,0,6985,255
2020-05-27,San Francisco,075,870044,2603,2394,0,2394,40
2020-05-27,San Joaquin,077,732212,1039,825,3,828,34
2020-05-27,San Luis Obispo,079,281455,346,266,4,270,1
2020-05-27,San Mateo,081,765935,2305,2045,2,2047,71
2020-05-27,Santa Barbara,083,443738,1712,1629,12,1641,9
2020-05-27,Santa Clara,085,1922200,3369,2680,13,2693,140
2020-05-27,Santa Cruz,087,273765,224,202,0,202,2
2020-05-27,Shasta,089,179085,55,36,0,36,4
2020-05-27,Sierra,091,2930,1,1,0,1,0
2020-05-27,Siskiyou,093,43540,9,6,0,6,0
2020-05-27,Solano,095,438530,581,477,1,478,5
2020-05-27,Sonoma,097,501317,584,521,1,522,4
2020-05-27,Stanislaus,099,539301,799,675,5,680,27
2020-05-27,Sutter,101,95872,46,40,0,40,2
2020-05-27,Tehama,103,63373,9,3,1,4,1
2020-05-27,Trinity,105,12862,6,1,2,3,0
2020-05-27,Tulare,107,460477,2473,1817,10,1827,77
2020-05-27,Tuolumne,109,53932,5,4,0,4,0
2020-05-27,Ventura,111,848112,1548,1065,10,1075,28
2020-05-27,Yolo,113,214977,230,204,0,204,22
2020-05-27,Yuba,115,75493,28,24,0,24,1
2020-05-26,Alameda,001,1643700,3536,2956,5,2961,92
2020-05-26,Alpine,003,1148,1,1,0,1,0
2020-05-26,Amador,005,37829,10,10,0,10,0
2020-05-26,Butte,007,227075,66,37,1,38,0
2020-05-26,Calaveras,009,45235,15,13,0,13,0
2020-05-26,Colusa,011,21464,8,4,0,4,0
2020-05-26,Contra Costa,013,1133247,1574,1352,1,1353,37
2020-05-26,Del Norte,015,27424,44,30,0,30,0
2020-05-26,El Dorado,017,186661,109,79,1,80,0
2020-05-26,Fresno,019,978130,3003,1496,44,1540,22
2020-05-26,Glenn,021,27897,16,12,0,12,0
2020-05-26,Humboldt,023,135768,108,81,0,81,2
2020-05-26,Imperial,025,180216,3007,1369,4,1373,14
2020-05-26,Inyo,027,18085,20,20,0,20,1
2020-05-26,Kern,029,883053,2575,1890,6,1896,31
2020-05-26,Kings,031,150075,806,449,2,451,2
2020-05-26,Lake,033,64148,27,12,0,12,0
2020-05-26,Lassen,035,31185,9,0,2,2,0
2020-05-26,Los Angeles,037,10098052,56617,47760,20,47780,2121
2020-05-26,Madera,039,155013,209,83,1,84,2
2020-05-26,Marin,041,260295,460,424,2,426,14
2020-05-26,Mariposa,043,17540,16,16,0,16,1
2020-05-26,Mendocino,045,87422,25,20,0,20,0
2020-05-26,Merced,047,269075,363,266,0,266,7
2020-05-26,Modoc,049,8938,0,1,0,1,0
2020-05-26,Mono,051,14174,37,34,0,34,1
2020-05-26,Monterey,053,433212,575,424,1,425,8
2020-05-26,Napa,055,140530,129,109,0,109,3
2020-05-26,Nevada,057,99092,43,41,1,42,1
2020-05-26,Orange,059,3164182,8299,5651,63,5714,115
2020-05-26,Placer,061,380077,233,188,0,188,9
2020-05-26,Plumas,063,18699,4,4,0,4,0
2020-05-26,Riverside,065,2383286,8299,6917,20,6937,284
2020-05-26,Sacramento,067,1510023,1425,1298,2,1300,50
2020-05-26,San Benito,069,59416,88,69,0,69,2
2020-05-26,San Bernardino,071,2135413,5714,4430,5,4435,175
2020-05-26,San Diego,073,3302833,7971,6884,0,6884,249
2020-05-26,San Francisco,075,870044,2570,2363,0,2363,40
2020-05-26,San Joaquin,077,732212,992,760,3,763,33
2020-05-26,San Luis Obispo,079,281455,344,260,4,264,1
2020-05-26,San Mateo,081,765935,2267,1967,2,1969,71
2020-05-26,Santa Barbara,083,443738,1695,1590,11,1601,9
2020-05-26,Santa Clara,085,1922200,3337,2659,13,2672,139
2020-05-26,Santa Cruz,087,273765,222,197,0,197,2
2020-05-26,Shasta,089,179085,55,36,0,36,4
2020-05-26,Sierra,091,2930,1,1,0,1,0
2020-05-26,Siskiyou,093,43540,8,6,0,6,0
2020-05-26,Solano,095,438530,563,470,1,471,5
2020-05-26,Sonoma,097,501317,576,509,0,509,4
2020-05-26,Stanislaus,099,539301,779,663,5,668,27
2020-05-26,Sutter,101,95872,45,39,0,39,2
2020-05-26,Tehama,103,63373,8,2,1,3,1
2020-05-26,Trinity,105,12862,6,1,2,3,0
2020-05-26,Tulare,107,460477,2417,1768,10,1778,76
2020-05-26,Tuolumne,109,53932,5,2,0,2,0
2020-05-26,Ventura,111,848112,1511,1033,8,1041,27
2020-05-26,Yolo,113,214977,224,198,0,198,22
2020-05-26,Yuba,115,75493,27,24,0,24,1
2020-05-25,Alameda,001,1643700,3442,2900,5,2905,92
2020-05-25,Alpine,003,1148,1,1,0,1,0
2020-05-25,Amador,005,37829,10,10,0,10,0
2020-05-25,Butte,007,227075,63,37,1,38,0
2020-05-25,Calaveras,009,45235,15,13,0,13,0
2020-05-25,Colusa,011,21464,7,4,0,4,0
2020-05-25,Contra Costa,013,1133247,1542,1348,1,1349,37
2020-05-25,Del Norte,015,27424,44,20,0,20,0
2020-05-25,El Dorado,017,186661,101,78,1,79,0
2020-05-25,Fresno,019,978130,2900,1496,42,1538,22
2020-05-25,Glenn,021,27897,16,12,0,12,0
2020-05-25,Humboldt,023,135768,107,81,0,81,2
2020-05-25,Imperial,025,180216,2798,1369,4,1373,14
2020-05-25,Inyo,027,18085,19,20,0,20,1
2020-05-25,Kern,029,883053,2504,1890,6,1896,31
2020-05-25,Kings,031,150075,776,447,2,449,2
2020-05-25,Lake,033,64148,25,13,0,13,0
2020-05-25,Lassen,035,31185,9,0,2,2,0
2020-05-25,Los Angeles,037,10098052,54805,45952,19,45971,2094
2020-05-25,Madera,039,155013,196,83,1,84,2
2020-05-25,Marin,041,260295,442,415,2,417,14
2020-05-25,Mariposa,043,17540,16,15,0,15,1
2020-05-25,Mendocino,045,87422,22,19,0,19,0
2020-05-25,Merced,047,269075,356,262,0,262,6
2020-05-25,Modoc,049,8938,0,1,0,1,0
2020-05-25,Mono,051,14174,37,34,0,34,1
2020-05-25,Monterey,053,433212,545,418,1,419,8
2020-05-25,Napa,055,140530,129,107,0,107,3
2020-05-25,Nevada,057,99092,43,41,1,42,1
2020-05-25,Orange,059,3164182,8077,5601,62,5663,115
2020-05-25,Placer,061,380077,229,186,0,186,9
2020-05-25,Plumas,063,18699,4,4,0,4,0
2020-05-25,Riverside,065,2383286,8068,6900,20,6920,284
2020-05-25,Sacramento,067,1510023,1405,1290,1,1291,50
2020-05-25,San Benito,069,59416,87,70,0,70,2
2020-05-25,San Bernardino,071,2135413,5524,4393,4,4397,175
2020-05-25,San Diego,073,3302833,7795,6799,0,6799,249
2020-05-25,San Francisco,075,870044,2533,2358,0,2358,40
2020-05-25,San Joaquin,077,732212,966,760,3,763,33
2020-05-25,San Luis Obispo,079,281455,341,260,4,264,1
2020-05-25,San Mateo,081,765935,2230,1938,2,1940,71
2020-05-25,Santa Barbara,083,443738,1685,1590,11,1601,9
2020-05-25,Santa Clara,085,1922200,3304,2647,13,2660,139
2020-05-25,Santa Cruz,087,273765,220,191,0,191,2
2020-05-25,Shasta,089,179085,54,36,0,36,4
2020-05-25,Sierra,091,2930,1,1,0,1,0
2020-05-25,Siskiyou,093,43540,8,6,0,6,0
2020-05-25,Solano,095,438530,549,437,1,438,5
2020-05-25,Sonoma,097,501317,564,496,0,496,4
2020-05-25,Stanislaus,099,539301,749,651,5,656,27
2020-05-25,Sutter,101,95872,45,38,0,38,2
2020-05-25,Tehama,103,63373,7,2,1,3,1
2020-05-25,Trinity,105,12862,6,1,2,3,0
2020-05-25,Tulare,107,460477,2353,1747,10,1757,76
2020-05-25,Tuolumne,109,53932,5,2,0,2,0
2020-05-25,Ventura,111,848112,1470,1020,8,1028,27
2020-05-25,Yolo,113,214977,222,197,0,197,22
2020-05-25,Yuba,115,75493,26,24,0,24,1
2020-05-24,Alameda,001,1643700,3369,2830,5,2835,92
2020-05-24,Alpine,003,1148,1,1,0,1,0
2020-05-24,Amador,005,37829,10,9,0,9,0
2020-05-24,Butte,007,227075,61,35,1,36,0
2020-05-24,Calaveras,009,45235,15,13,0,13,0
2020-05-24,Colusa,011,21464,7,4,0,4,0
2020-05-24,Contra Costa,013,1133247,1514,1325,1,1326,37
2020-05-24,Del Norte,015,27424,43,16,0,16,0
2020-05-24,El Dorado,017,186661,100,76,1,77,0
2020-05-24,Fresno,019,978130,2833,1455,41,1496,22
2020-05-24,Glenn,021,27897,15,12,0,12,0
2020-05-24,Humboldt,023,135768,107,81,0,81,2
2020-05-24,Imperial,025,180216,2672,1369,4,1373,14
2020-05-24,Inyo,027,18085,19,20,0,20,1
2020-05-24,Kern,029,883053,2431,1861,5,1866,31
2020-05-24,Kings,031,150075,765,446,2,448,2
2020-05-24,Lake,033,64148,24,12,0,12,0
2020-05-24,Lassen,035,31185,8,0,2,2,0
2020-05-24,Los Angeles,037,10098052,53789,44954,19,44973,2085
2020-05-24,Madera,039,155013,190,83,1,84,2
2020-05-24,Marin,041,260295,440,401,2,403,14
2020-05-24,Mariposa,043,17540,16,15,0,15,1
2020-05-24,Mendocino,045,87422,21,19,0,19,0
2020-05-24,Merced,047,269075,355,258,0,258,6
2020-05-24,Modoc,049,8938,0,0,0,0,0
2020-05-24,Mono,051,14174,37,34,0,34,1
2020-05-24,Monterey,053,433212,517,405,1,406,8
2020-05-24,Napa,055,140530,127,104,0,104,3
2020-05-24,Nevada,057,99092,43,41,1,42,1
2020-05-24,Orange,059,3164182,7923,5439,61,5500,113
2020-05-24,Placer,061,380077,221,184,0,184,9
2020-05-24,Plumas,063,18699,4,4,0,4,0
2020-05-24,Riverside,065,2383286,7927,6571,20,6591,284
2020-05-24,Sacramento,067,1510023,1389,1283,1,1284,50
2020-05-24,San Benito,069,59416,86,67,0,67,2
2020-05-24,San Bernardino,071,2135413,5416,4262,4,4266,175
2020-05-24,San Diego,073,3302833,7652,6703,0,6703,249
2020-05-24,San Francisco,075,870044,2510,2318,0,2318,40
2020-05-24,San Joaquin,077,732212,947,760,3,763,33
2020-05-24,San Luis Obispo,079,281455,339,257,4,261,1
2020-05-24,San Mateo,081,765935,2195,1925,2,1927,71
2020-05-24,Santa Barbara,083,443738,1673,1573,11,1584,9
2020-05-24,Santa Clara,085,1922200,3284,2623,13,2636,139
2020-05-24,Santa Cruz,087,273765,217,185,0,185,2
2020-05-24,Shasta,089,179085,53,36,0,36,4
2020-05-24,Sierra,091,2930,1,1,0,1,0
2020-05-24,Siskiyou,093,43540,7,6,0,6,0
2020-05-24,Solano,095,438530,541,436,0,436,5
2020-05-24,Sonoma,097,501317,553,485,0,485,4
2020-05-24,Stanislaus,099,539301,729,634,5,639,27
2020-05-24,Sutter,101,95872,45,38,0,38,2
2020-05-24,Tehama,103,63373,5,2,1,3,1
2020-05-24,Trinity,105,12862,6,1,2,3,0
2020-05-24,Tulare,107,460477,2307,1684,10,1694,74
2020-05-24,Tuolumne,109,53932,5,2,0,2,0
2020-05-24,Ventura,111,848112,1458,982,8,990,27
2020-05-24,Yolo,113,214977,220,192,0,192,22
2020-05-24,Yuba,115,75493,26,24,0,24,1
2020-05-23,Alameda,001,1643700,3328,2783,5,2788,91
2020-05-23,Alpine,003,1148,1,1,0,1,0
2020-05-23,Amador,005,37829,10,9,0,9,0
2020-05-23,Butte,007,227075,60,34,1,35,0
2020-05-23,Calaveras,009,45235,15,13,0,13,0
2020-05-23,Colusa,011,21464,7,4,0,4,0
2020-05-23,Contra Costa,013,1133247,1503,1302,1,1303,36
2020-05-23,Del Norte,015,27424,43,10,0,10,0
2020-05-23,El Dorado,017,186661,100,74,1,75,0
2020-05-23,Fresno,019,978130,2813,1447,41,1488,21
2020-05-23,Glenn,021,27897,15,12,0,12,0
2020-05-23,Humboldt,023,135768,105,80,0,80,2
2020-05-23,Imperial,025,180216,2584,1283,4,1287,14
2020-05-23,Inyo,027,18085,19,20,0,20,1
2020-05-23,Kern,029,883053,2388,1806,5,1811,31
2020-05-23,Kings,031,150075,761,444,2,446,2
2020-05-23,Lake,033,64148,23,10,0,10,0
2020-05-23,Lassen,035,31185,8,0,2,2,0
2020-05-23,Los Angeles,037,10098052,53244,44029,19,44048,2069
2020-05-23,Madera,039,155013,186,83,1,84,2
2020-05-23,Marin,041,260295,440,393,1,394,14
2020-05-23,Mariposa,043,17540,16,15,0,15,1
2020-05-23,Mendocino,045,87422,21,13,0,13,0
2020-05-23,Merced,047,269075,352,247,0,247,6
2020-05-23,Modoc,049,8938,0,0,0,0,0
2020-05-23,Mono,051,14174,36,34,0,34,1
2020-05-23,Monterey,053,433212,503,397,1,398,8
2020-05-23,Napa,055,140530,123,101,0,101,3
2020-05-23,Nevada,057,99092,43,41,1,42,1
2020-05-23,Orange,059,3164182,7764,5313,60,5373,113
2020-05-23,Placer,061,380077,215,184,0,184,9
2020-05-23,Plumas,063,18699,4,4,0,4,0
2020-05-23,Riverside,065,2383286,7836,6460,20,6480,284
2020-05-23,Sacramento,067,1510023,1373,1275,1,1276,50
2020-05-23,San Benito,069,59416,81,67,0,67,2
2020-05-23,San Bernardino,071,2135413,5322,4172,4,4176,175
2020-05-23,San Diego,073,3302833,7561,6561,0,6561,249
2020-05-23,San Francisco,075,870044,2491,2312,0,2312,40
2020-05-23,San Joaquin,077,732212,932,759,3,762,33
2020-05-23,San Luis Obispo,079,281455,335,256,4,260,1
2020-05-23,San Mateo,081,765935,2167,1862,2,1864,71
2020-05-23,Santa Barbara,083,443738,1665,1566,11,1577,9
2020-05-23,Santa Clara,085,1922200,3270,2593,12,2605,139
2020-05-23,Santa Cruz,087,273765,215,177,0,177,2
2020-05-23,Shasta,089,179085,53,35,0,35,4
2020-05-23,Sierra,091,2930,1,1,0,1,0
2020-05-23,Siskiyou,093,43540,7,6,0,6,0
2020-05-23,Solano,095,438530,536,435,0,435,5
2020-05-23,Sonoma,097,501317,539,462,0,462,4
2020-05-23,Stanislaus,099,539301,721,625,5,630,27
2020-05-23,Sutter,101,95872,44,38,0,38,2
2020-05-23,Tehama,103,63373,5,2,1,3,1
2020-05-23,Trinity,105,12862,6,1,2,3,0
2020-05-23,Tulare,107,460477,2286,1682,10,1692,73
2020-05-23,Tuolumne,109,53932,5,2,0,2,0
2020-05-23,Ventura,111,848112,1438,961,8,969,27
2020-05-23,Yolo,113,214977,219,188,0,188,22
2020-05-23,Yuba,115,75493,26,24,0,24,1
2020-05-22,Alameda,001,1643700,3274,2722,5,2727,91
2020-05-22,Alpine,003,1148,1,1,0,1,0
2020-05-22,Amador,005,37829,10,9,0,9,0
2020-05-22,Butte,007,227075,58,34,1,35,0
2020-05-22,Calaveras,009,45235,15,13,0,13,0
2020-05-22,Colusa,011,21464,7,4,0,4,0
2020-05-22,Contra Costa,013,1133247,1491,1272,1,1273,36
2020-05-22,Del Norte,015,27424,41,9,0,9,0
2020-05-22,El Dorado,017,186661,97,74,1,75,0
2020-05-22,Fresno,019,978130,2754,1399,40,1439,20
2020-05-22,Glenn,021,27897,15,12,0,12,0
2020-05-22,Humboldt,023,135768,105,80,0,80,2
2020-05-22,Imperial,025,180216,2483,1214,4,1218,14
2020-05-22,Inyo,027,18085,19,20,0,20,1
2020-05-22,Kern,029,883053,2339,1749,5,1754,28
2020-05-22,Kings,031,150075,758,428,2,430,2
2020-05-22,Lake,033,64148,22,10,0,10,0
2020-05-22,Lassen,035,31185,6,0,2,2,0
2020-05-22,Los Angeles,037,10098052,52447,43025,19,43044,2027
2020-05-22,Madera,039,155013,182,82,1,83,2
2020-05-22,Marin,041,260295,436,372,1,373,14
2020-05-22,Mariposa,043,17540,16,15,0,15,1
2020-05-22,Mendocino,045,87422,20,13,0,13,0
2020-05-22,Merced,047,269075,352,233,0,233,6
2020-05-22,Modoc,049,8938,0,0,0,0,0
2020-05-22,Mono,051,14174,36,34,0,34,1
2020-05-22,Monterey,053,433212,492,372,1,373,8
2020-05-22,Napa,055,140530,121,97,0,97,3
2020-05-22,Nevada,057,99092,42,41,1,42,1
2020-05-22,Orange,059,3164182,7567,5144,58,5202,113
2020-05-22,Placer,061,380077,215,181,0,181,9
2020-05-22,Plumas,063,18699,4,4,0,4,0
2020-05-22,Riverside,065,2383286,7721,6351,20,6371,283
2020-05-22,Sacramento,067,1510023,1357,1262,1,1263,50
2020-05-22,San Benito,069,59416,80,64,0,64,2
2020-05-22,San Bernardino,071,2135413,5247,4107,4,4111,173
2020-05-22,San Diego,073,3302833,7475,6436,0,6436,242
2020-05-22,San Francisco,075,870044,2473,2251,0,2251,40
2020-05-22,San Joaquin,077,732212,919,747,3,750,33
2020-05-22,San Luis Obispo,079,281455,334,254,4,258,1
2020-05-22,San Mateo,081,765935,2148,1847,2,1849,71
2020-05-22,Santa Barbara,083,443738,1655,1554,11,1565,9
2020-05-22,Santa Clara,085,1922200,3250,2537,12,2549,139
2020-05-22,Santa Cruz,087,273765,212,171,0,171,2
2020-05-22,Shasta,089,179085,53,34,0,34,4
2020-05-22,Sierra,091,2930,1,0,0,0,0
2020-05-22,Siskiyou,093,43540,7,6,0,6,0
2020-05-22,Solano,095,438530,533,431,0,431,4
2020-05-22,Sonoma,097,501317,535,444,0,444,4
2020-05-22,Stanislaus,099,539301,711,616,5,621,27
2020-05-22,Sutter,101,95872,44,38,0,38,2
2020-05-22,Tehama,103,63373,5,2,0,2,1
2020-05-22,Trinity,105,12862,6,1,2,3,0
2020-05-22,Tulare,107,460477,2256,1662,10,1672,73
2020-05-22,Tuolumne,109,53932,5,2,0,2,0
2020-05-22,Ventura,111,848112,1420,937,8,945,27
2020-05-22,Yolo,113,214977,217,187,0,187,22
2020-05-22,Yuba,115,75493,26,24,0,24,1
2020-05-21,Alameda,001,1643700,3208,2606,5,2611,89
2020-05-21,Alpine,003,1148,1,1,0,1,0
2020-05-21,Amador,005,37829,10,9,0,9,0
2020-05-21,Butte,007,227075,57,31,1,32,0
2020-05-21,Calaveras,009,45235,15,13,0,13,0
2020-05-21,Colusa,011,21464,7,4,0,4,0
2020-05-21,Contra Costa,013,1133247,1455,1243,1,1244,36
2020-05-21,Del Norte,015,27424,38,9,0,9,0
2020-05-21,El Dorado,017,186661,95,67,1,68,0
2020-05-21,Fresno,019,978130,2663,1362,39,1401,20
2020-05-21,Glenn,021,27897,14,12,0,12,0
2020-05-21,Humboldt,023,135768,104,79,0,79,0
2020-05-21,Imperial,025,180216,2322,1096,4,1100,14
2020-05-21,Inyo,027,18085,19,20,0,20,1
2020-05-21,Kern,029,883053,2263,1684,4,1688,27
2020-05-21,Kings,031,150075,737,417,2,419,2
2020-05-21,Lake,033,64148,17,10,0,10,0
2020-05-21,Lassen,035,31185,6,0,2,2,0
2020-05-21,Los Angeles,037,10098052,51409,42063,19,42082,1996
2020-05-21,Madera,039,155013,179,82,1,83,2
2020-05-21,Marin,041,260295,425,359,1,360,14
2020-05-21,Mariposa,043,17540,16,15,0,15,1
2020-05-21,Mendocino,045,87422,20,12,0,12,0
2020-05-21,Merced,047,269075,341,226,0,226,6
2020-05-21,Modoc,049,8938,0,0,0,0,0
2020-05-21,Mono,051,14174,36,33,0,33,1
2020-05-21,Monterey,053,433212,481,363,1,364,8
2020-05-21,Napa,055,140530,119,96,0,96,3
2020-05-21,Nevada,057,99092,42,41,1,42,1
2020-05-21,Orange,059,3164182,7364,4975,58,5033,106
2020-05-21,Placer,061,380077,208,176,0,176,8
2020-05-21,Plumas,063,18699,4,4,0,4,0
2020-05-21,Riverside,065,2383286,7535,6245,20,6265,279
2020-05-21,Sacramento,067,1510023,1344,1258,1,1259,56
2020-05-21,San Benito,069,59416,77,61,0,61,2
2020-05-21,San Bernardino,071,2135413,5100,3950,4,3954,167
2020-05-21,San Diego,073,3302833,7339,6317,0,6317,241
2020-05-21,San Francisco,075,870044,2449,2248,0,2248,37
2020-05-21,San Joaquin,077,732212,883,730,3,733,33
2020-05-21,San Luis Obispo,079,281455,334,251,3,254,1
2020-05-21,San Mateo,081,765935,2112,1791,2,1793,74
2020-05-21,Santa Barbara,083,443738,1640,1541,11,1552,10
2020-05-21,Santa Clara,085,1922200,3227,2520,12,2532,138
2020-05-21,Santa Cruz,087,273765,204,164,0,164,3
2020-05-21,Shasta,089,179085,51,34,0,34,4
2020-05-21,Sierra,091,2930,1,0,0,0,0
2020-05-21,Siskiyou,093,43540,7,6,0,6,0
2020-05-21,Solano,095,438530,524,424,0,424,4
2020-05-21,Sonoma,097,501317,517,427,0,427,4
2020-05-21,Stanislaus,099,539301,700,602,5,607,27
2020-05-21,Sutter,101,95872,43,38,0,38,2
2020-05-21,Tehama,103,63373,4,2,0,2,1
2020-05-21,Trinity,105,12862,5,1,2,3,0
2020-05-21,Tulare,107,460477,2206,1606,8,1614,73
2020-05-21,Tuolumne,109,53932,3,2,0,2,0
2020-05-21,Ventura,111,848112,1371,907,8,915,30
2020-05-21,Yolo,113,214977,214,185,0,185,22
2020-05-21,Yuba,115,75493,26,24,0,24,1
2020-05-20,Alameda,001,1643700,3135,2554,5,2559,89
2020-05-20,Alpine,003,1148,1,1,0,1,0
2020-05-20,Amador,005,37829,10,9,0,9,0
2020-05-20,Butte,007,227075,54,30,1,31,0
2020-05-20,Calaveras,009,45235,15,13,0,13,0
2020-05-20,Colusa,011,21464,7,3,0,3,0
2020-05-20,Contra Costa,013,1133247,1425,1223,1,1224,33
2020-05-20,Del Norte,015,27424,31,9,0,9,0
2020-05-20,El Dorado,017,186661,94,67,1,68,0
2020-05-20,Fresno,019,978130,2590,1329,38,1367,17
2020-05-20,Glenn,021,27897,13,12,0,12,0
2020-05-20,Humboldt,023,135768,101,73,0,73,0
2020-05-20,Imperial,025,180216,2209,1047,4,1051,14
2020-05-20,Inyo,027,18085,19,20,0,20,1
2020-05-20,Kern,029,883053,2200,1639,3,1642,27
2020-05-20,Kings,031,150075,593,403,2,405,2
2020-05-20,Lake,033,64148,17,9,0,9,0
2020-05-20,Lassen,035,31185,5,0,2,2,0
2020-05-20,Los Angeles,037,10098052,50412,40932,19,40951,1955
2020-05-20,Madera,039,155013,177,82,1,83,2
2020-05-20,Marin,041,260295,398,348,1,349,14
2020-05-20,Mariposa,043,17540,16,15,0,15,1
2020-05-20,Mendocino,045,87422,20,12,0,12,0
2020-05-20,Merced,047,269075,334,225,0,225,6
2020-05-20,Modoc,049,8938,0,0,0,0,0
2020-05-20,Mono,051,14174,36,33,0,33,1
2020-05-20,Monterey,053,433212,467,356,1,357,8
2020-05-20,Napa,055,140530,112,93,0,93,3
2020-05-20,Nevada,057,99092,42,41,1,42,1
2020-05-20,Orange,059,3164182,7156,4866,56,4922,96
2020-05-20,Placer,061,380077,206,176,0,176,8
2020-05-20,Plumas,063,18699,4,4,0,4,0
2020-05-20,Riverside,065,2383286,7392,6090,20,6110,265
2020-05-20,Sacramento,067,1510023,1334,1244,1,1245,56
2020-05-20,San Benito,069,59416,76,61,0,61,2
2020-05-20,San Bernardino,071,2135413,4972,3771,4,3775,161
2020-05-20,San Diego,073,3302833,7222,6142,0,6142,230
2020-05-20,San Francisco,075,870044,2426,2199,0,2199,37
2020-05-20,San Joaquin,077,732212,847,713,3,716,33
2020-05-20,San Luis Obispo,079,281455,327,249,3,252,1
2020-05-20,San Mateo,081,765935,2059,1739,2,1741,74
2020-05-20,Santa Barbara,083,443738,1621,1524,11,1535,10
2020-05-20,Santa Clara,085,1922200,3206,2508,11,2519,138
2020-05-20,Santa Cruz,087,273765,201,163,0,163,3
2020-05-20,Shasta,089,179085,51,34,0,34,4
2020-05-20,Sierra,091,2930,1,0,0,0,0
2020-05-20,Siskiyou,093,43540,7,6,0,6,0
2020-05-20,Solano,095,438530,519,418,0,418,4
2020-05-20,Sonoma,097,501317,508,411,0,411,4
2020-05-20,Stanislaus,099,539301,684,584,4,588,25
2020-05-20,Sutter,101,95872,43,38,0,38,2
2020-05-20,Tehama,103,63373,4,2,0,2,1
2020-05-20,Trinity,105,12862,4,1,1,2,0
2020-05-20,Tulare,107,460477,2165,1585,8,1593,71
2020-05-20,Tuolumne,109,53932,3,2,0,2,0
2020-05-20,Ventura,111,848112,1335,879,8,887,29
2020-05-20,Yolo,113,214977,211,184,0,184,22
2020-05-20,Yuba,115,75493,26,23,0,23,1
2020-05-19,Alameda,001,1643700,3058,2493,3,2496,88
2020-05-19,Alpine,003,1148,1,1,0,1,0
2020-05-19,Amador,005,37829,10,9,0,9,0
2020-05-19,Butte,007,227075,52,25,1,26,0
2020-05-19,Calaveras,009,45235,15,13,0,13,0
2020-05-19,Colusa,011,21464,5,3,0,3,0
2020-05-19,Contra Costa,013,1133247,1401,1205,1,1206,33
2020-05-19,Del Norte,015,27424,28,8,0,8,0
2020-05-19,El Dorado,017,186661,91,67,0,67,0
2020-05-19,Fresno,019,978130,2476,1288,37,1325,15
2020-05-19,Glenn,021,27897,13,12,0,12,0
2020-05-19,Humboldt,023,135768,101,72,0,72,0
2020-05-19,Imperial,025,180216,2048,1012,4,1016,14
2020-05-19,Inyo,027,18085,19,20,0,20,1
2020-05-19,Kern,029,883053,2102,1601,3,1604,26
2020-05-19,Kings,031,150075,582,393,2,395,2
2020-05-19,Lake,033,64148,14,11,0,11,0
2020-05-19,Lassen,035,31185,5,0,2,2,0
2020-05-19,Los Angeles,037,10098052,49208,39670,19,39689,1906
2020-05-19,Madera,039,155013,173,80,1,81,2
2020-05-19,Marin,041,260295,374,340,1,341,14
2020-05-19,Mariposa,043,17540,16,15,0,15,1
2020-05-19,Mendocino,045,87422,20,12,0,12,0
2020-05-19,Merced,047,269075,326,222,0,222,5
2020-05-19,Modoc,049,8938,0,0,0,0,0
2020-05-19,Mono,051,14174,36,33,0,33,1
2020-05-19,Monterey,053,433212,455,350,1,351,8
2020-05-19,Napa,055,140530,111,93,0,93,3
2020-05-19,Nevada,057,99092,42,41,1,42,1
2020-05-19,Orange,059,3164182,6962,4746,54,4800,90
2020-05-19,Placer,061,380077,204,177,0,177,8
2020-05-19,Plumas,063,18699,4,5,0,5,0
2020-05-19,Riverside,065,2383286,7232,5963,19,5982,265
2020-05-19,Sacramento,067,1510023,1320,1239,1,1240,57
2020-05-19,San Benito,069,59416,74,59,0,59,2
2020-05-19,San Bernardino,071,2135413,4822,3656,4,3660,158
2020-05-19,San Diego,073,3302833,7078,6028,0,6028,222
2020-05-19,San Francisco,075,870044,2392,2186,0,2186,37
2020-05-19,San Joaquin,077,732212,825,705,3,708,33
2020-05-19,San Luis Obispo,079,281455,327,245,3,248,1
2020-05-19,San Mateo,081,765935,2018,1704,2,1706,71
2020-05-19,Santa Barbara,083,443738,1607,1521,11,1532,10
2020-05-19,Santa Clara,085,1922200,3156,2480,11,2491,138
2020-05-19,Santa Cruz,087,273765,190,161,0,161,3
2020-05-19,Shasta,089,179085,51,34,0,34,4
2020-05-19,Sierra,091,2930,0,0,0,0,0
2020-05-19,Siskiyou,093,43540,7,6,0,6,0
2020-05-19,Solano,095,438530,505,415,0,415,4
2020-05-19,Sonoma,097,501317,497,389,0,389,4
2020-05-19,Stanislaus,099,539301,670,582,4,586,25
2020-05-19,Sutter,101,95872,43,38,0,38,2
2020-05-19,Tehama,103,63373,4,2,0,2,1
2020-05-19,Trinity,105,12862,3,1,0,1,0
2020-05-19,Tulare,107,460477,2117,1551,8,1559,68
2020-05-19,Tuolumne,109,53932,3,2,0,2,0
2020-05-19,Ventura,111,848112,1294,861,7,868,28
2020-05-19,Yolo,113,214977,209,183,0,183,22
2020-05-19,Yuba,115,75493,26,23,0,23,1
2020-05-18,Alameda,001,1643700,2985,2442,3,2445,84
2020-05-18,Alpine,003,1148,1,1,0,1,0
2020-05-18,Amador,005,37829,10,8,0,8,0
2020-05-18,Butte,007,227075,50,24,1,25,0
2020-05-18,Calaveras,009,45235,15,13,0,13,0
2020-05-18,Colusa,011,21464,5,3,0,3,0
2020-05-18,Contra Costa,013,1133247,1370,1173,1,1174,33
2020-05-18,Del Norte,015,27424,23,8,0,8,0
2020-05-18,El Dorado,017,186661,89,67,0,67,0
2020-05-18,Fresno,019,978130,2399,1244,36,1280,14
2020-05-18,Glenn,021,27897,13,11,0,11,0
2020-05-18,Humboldt,023,135768,101,70,0,70,0
2020-05-18,Imperial,025,180216,1894,767,4,771,14
2020-05-18,Inyo,027,18085,19,20,0,20,1
2020-05-18,Kern,029,883053,2053,1566,3,1569,26
2020-05-18,Kings,031,150075,551,381,2,383,2
2020-05-18,Lake,033,64148,13,9,0,9,0
2020-05-18,Lassen,035,31185,5,0,2,2,0
2020-05-18,Los Angeles,037,10098052,48180,38477,19,38496,1825
2020-05-18,Madera,039,155013,167,74,1,75,2
2020-05-18,Marin,041,260295,361,329,1,330,14
2020-05-18,Mariposa,043,17540,16,15,0,15,1
2020-05-18,Mendocino,045,87422,15,12,0,12,0
2020-05-18,Merced,047,269075,317,217,0,217,5
2020-05-18,Modoc,049,8938,0,0,0,0,0
2020-05-18,Mono,051,14174,36,33,0,33,1
2020-05-18,Monterey,053,433212,444,345,1,346,8
2020-05-18,Napa,055,140530,107,92,0,92,3
2020-05-18,Nevada,057,99092,42,41,1,42,1
2020-05-18,Orange,059,3164182,6773,4558,52,4610,88
2020-05-18,Placer,061,380077,202,176,0,176,8
2020-05-18,Plumas,063,18699,4,5,0,5,0
2020-05-18,Riverside,065,2383286,7032,5873,18,5891,253
2020-05-18,Sacramento,067,1510023,1314,1233,0,1233,57
2020-05-18,San Benito,069,59416,72,59,0,59,2
2020-05-18,San Bernardino,071,2135413,4675,3558,4,3562,156
2020-05-18,San Diego,073,3302833,6945,5948,0,5948,211
2020-05-18,San Francisco,075,870044,2369,2183,0,2183,36
2020-05-18,San Joaquin,077,732212,813,697,3,700,33
2020-05-18,San Luis Obispo,079,281455,323,243,3,246,1
2020-05-18,San Mateo,081,765935,1980,1701,2,1703,68
2020-05-18,Santa Barbara,083,443738,1596,1501,11,1512,10
2020-05-18,Santa Clara,085,1922200,3123,2468,11,2479,137
2020-05-18,Santa Cruz,087,273765,188,160,0,160,3
2020-05-18,Shasta,089,179085,50,34,0,34,4
2020-05-18,Sierra,091,2930,0,0,0,0,0
2020-05-18,Siskiyou,093,43540,7,6,0,6,0
2020-05-18,Solano,095,438530,495,398,0,398,4
2020-05-18,Sonoma,097,501317,479,387,0,387,4
2020-05-18,Stanislaus,099,539301,658,572,4,576,25
2020-05-18,Sutter,101,95872,43,38,0,38,2
2020-05-18,Tehama,103,63373,4,2,0,2,1
2020-05-18,Trinity,105,12862,3,1,0,1,0
2020-05-18,Tulare,107,460477,2073,1491,8,1499,63
2020-05-18,Tuolumne,109,53932,3,2,0,2,0
2020-05-18,Ventura,111,848112,1271,850,6,856,27
2020-05-18,Yolo,113,214977,204,183,0,183,22
2020-05-18,Yuba,115,75493,26,23,0,23,1
2020-05-17,Alameda,001,1643700,2890,2389,3,2392,83
2020-05-17,Alpine,003,1148,1,1,0,1,0
2020-05-17,Amador,005,37829,10,8,0,8,0
2020-05-17,Butte,007,227075,49,23,1,24,0
2020-05-17,Calaveras,009,45235,15,13,0,13,0
2020-05-17,Colusa,011,21464,3,3,0,3,0
2020-05-17,Contra Costa,013,1133247,1331,1155,1,1156,33
2020-05-17,Del Norte,015,27424,23,7,0,7,0
2020-05-17,El Dorado,017,186661,89,65,0,65,0
2020-05-17,Fresno,019,978130,2292,1213,33,1246,14
2020-05-17,Glenn,021,27897,13,9,0,9,0
2020-05-17,Humboldt,023,135768,94,70,0,70,0
2020-05-17,Imperial,025,180216,1746,715,4,719,14
2020-05-17,Inyo,027,18085,19,20,0,20,1
2020-05-17,Kern,029,883053,1975,1546,3,1549,26
2020-05-17,Kings,031,150075,504,356,2,358,2
2020-05-17,Lake,033,64148,13,7,0,7,0
2020-05-17,Lassen,035,31185,5,0,2,2,0
2020-05-17,Los Angeles,037,10098052,46939,37996,19,38015,1807
2020-05-17,Madera,039,155013,165,69,1,70,2
2020-05-17,Marin,041,260295,350,315,1,316,14
2020-05-17,Mariposa,043,17540,15,15,0,15,1
2020-05-17,Mendocino,045,87422,14,10,0,10,0
2020-05-17,Merced,047,269075,306,214,0,214,5
2020-05-17,Modoc,049,8938,0,0,0,0,0
2020-05-17,Mono,051,14174,36,32,0,32,1
2020-05-17,Monterey,053,433212,424,342,1,343,8
2020-05-17,Napa,055,140530,104,89,0,89,3
2020-05-17,Nevada,057,99092,42,41,1,42,1
2020-05-17,Orange,059,3164182,6594,4466,51,4517,88
2020-05-17,Placer,061,380077,197,175,0,175,8
2020-05-17,Plumas,063,18699,4,4,0,4,0
2020-05-17,Riverside,065,2383286,6859,5776,18,5794,245
2020-05-17,Sacramento,067,1510023,1303,1224,0,1224,56
2020-05-17,San Benito,069,59416,71,59,0,59,2
2020-05-17,San Bernardino,071,2135413,4525,3467,4,3471,155
2020-05-17,San Diego,073,3302833,6813,5838,0,5838,209
2020-05-17,San Francisco,075,870044,2342,2132,0,2132,36
2020-05-17,San Joaquin,077,732212,783,688,3,691,32
2020-05-17,San Luis Obispo,079,281455,321,242,3,245,1
2020-05-17,San Mateo,081,765935,1943,1680,2,1682,68
2020-05-17,Santa Barbara,083,443738,1576,1457,11,1468,10
2020-05-17,Santa Clara,085,1922200,3086,2453,11,2464,135
2020-05-17,Santa Cruz,087,273765,177,155,0,155,3
2020-05-17,Shasta,089,179085,49,34,0,34,4
2020-05-17,Sierra,091,2930,0,0,0,0,0
2020-05-17,Siskiyou,093,43540,7,6,0,6,0
2020-05-17,Solano,095,438530,483,392,0,392,4
2020-05-17,Sonoma,097,501317,458,376,0,376,4
2020-05-17,Stanislaus,099,539301,647,566,4,570,25
2020-05-17,Sutter,101,95872,42,38,0,38,2
2020-05-17,Tehama,103,63373,3,2,0,2,1
2020-05-17,Trinity,105,12862,2,1,0,1,0
2020-05-17,Tulare,107,460477,1997,1430,7,1437,63
2020-05-17,Tuolumne,109,53932,3,2,0,2,0
2020-05-17,Ventura,111,848112,1226,838,6,844,27
2020-05-17,Yolo,113,214977,202,182,0,182,22
2020-05-17,Yuba,115,75493,26,21,0,21,1
2020-05-16,Alameda,001,1643700,2840,2327,3,2330,83
2020-05-16,Alpine,003,1148,1,1,0,1,0
2020-05-16,Amador,005,37829,10,8,0,8,0
2020-05-16,Butte,007,227075,44,22,1,23,0
2020-05-16,Calaveras,009,45235,15,13,0,13,0
2020-05-16,Colusa,011,21464,3,3,0,3,0
2020-05-16,Contra Costa,013,1133247,1313,1136,1,1137,33
2020-05-16,Del Norte,015,27424,19,4,0,4,0
2020-05-16,El Dorado,017,186661,89,65,0,65,0
2020-05-16,Fresno,019,978130,2235,1177,33,1210,14
2020-05-16,Glenn,021,27897,13,9,0,9,0
2020-05-16,Humboldt,023,135768,92,69,0,69,0
2020-05-16,Imperial,025,180216,1682,712,4,716,14
2020-05-16,Inyo,027,18085,19,20,0,20,1
2020-05-16,Kern,029,883053,1939,1509,3,1512,26
2020-05-16,Kings,031,150075,494,356,2,358,2
2020-05-16,Lake,033,64148,13,7,0,7,0
2020-05-16,Lassen,035,31185,4,0,2,2,0
2020-05-16,Los Angeles,037,10098052,46365,37352,19,37371,1778
2020-05-16,Madera,039,155013,163,70,1,71,2
2020-05-16,Marin,041,260295,346,297,1,298,14
2020-05-16,Mariposa,043,17540,15,15,0,15,1
2020-05-16,Mendocino,045,87422,14,10,0,10,0
2020-05-16,Merced,047,269075,304,201,0,201,5
2020-05-16,Modoc,049,8938,0,0,0,0,0
2020-05-16,Mono,051,14174,36,32,0,32,1
2020-05-16,Monterey,053,433212,409,329,1,330,8
2020-05-16,Napa,055,140530,104,86,0,86,3
2020-05-16,Nevada,057,99092,42,41,1,42,1
2020-05-16,Orange,059,3164182,6518,4396,50,4446,87
2020-05-16,Placer,061,380077,195,174,0,174,8
2020-05-16,Plumas,063,18699,4,4,0,4,0
2020-05-16,Riverside,065,2383286,6774,5633,18,5651,243
2020-05-16,Sacramento,067,1510023,1296,1209,0,1209,55
2020-05-16,San Benito,069,59416,66,58,0,58,2
2020-05-16,San Bernardino,071,2135413,4453,3362,4,3366,155
2020-05-16,San Diego,073,3302833,6727,5664,0,5664,209
2020-05-16,San Francisco,075,870044,2319,2094,0,2094,36
2020-05-16,San Joaquin,077,732212,775,668,3,671,32
2020-05-16,San Luis Obispo,079,281455,320,240,3,243,1
2020-05-16,San Mateo,081,765935,1928,1652,2,1654,68
2020-05-16,Santa Barbara,083,443738,1565,1422,10,1432,10
2020-05-16,Santa Clara,085,1922200,3068,2420,11,2431,135
2020-05-16,Santa Cruz,087,273765,174,154,0,154,3
2020-05-16,Shasta,089,179085,49,33,0,33,4
2020-05-16,Sierra,091,2930,0,0,0,0,0
2020-05-16,Siskiyou,093,43540,7,6,0,6,0
2020-05-16,Solano,095,438530,478,392,0,392,4
2020-05-16,Sonoma,097,501317,445,356,0,356,4
2020-05-16,Stanislaus,099,539301,638,546,4,550,24
2020-05-16,Sutter,101,95872,42,35,0,35,2
2020-05-16,Tehama,103,63373,3,2,0,2,1
2020-05-16,Trinity,105,12862,2,1,0,1,0
2020-05-16,Tulare,107,460477,1979,1426,7,1433,63
2020-05-16,Tuolumne,109,53932,3,2,0,2,0
2020-05-16,Ventura,111,848112,1200,813,6,819,25
2020-05-16,Yolo,113,214977,201,181,0,181,22
2020-05-16,Yuba,115,75493,26,21,0,21,1
2020-05-15,Alameda,001,1643700,2806,2289,3,2292,83
2020-05-15,Alpine,003,1148,1,1,0,1,0
2020-05-15,Amador,005,37829,10,8,0,8,0
2020-05-15,Butte,007,227075,42,22,1,23,0
2020-05-15,Calaveras,009,45235,14,13,0,13,0
2020-05-15,Colusa,011,21464,3,3,0,3,0
2020-05-15,Contra Costa,013,1133247,1295,1106,1,1107,33
2020-05-15,Del Norte,015,27424,14,4,0,4,0
2020-05-15,El Dorado,017,186661,89,64,0,64,0
2020-05-15,Fresno,019,978130,2168,1126,33,1159,14
2020-05-15,Glenn,021,27897,13,9,0,9,0
2020-05-15,Humboldt,023,135768,91,60,0,60,0
2020-05-15,Imperial,025,180216,1598,680,0,680,14
2020-05-15,Inyo,027,18085,19,20,0,20,1
2020-05-15,Kern,029,883053,1883,1472,3,1475,25
2020-05-15,Kings,031,150075,491,347,2,349,2
2020-05-15,Lake,033,64148,13,7,0,7,0
2020-05-15,Lassen,035,31185,4,0,2,2,0
2020-05-15,Los Angeles,037,10098052,45578,36317,19,36336,1734
2020-05-15,Madera,039,155013,162,71,1,72,2
2020-05-15,Marin,041,260295,338,295,1,296,14
2020-05-15,Mariposa,043,17540,15,15,0,15,1
2020-05-15,Mendocino,045,87422,14,10,0,10,0
2020-05-15,Merced,047,269075,301,191,0,191,5
2020-05-15,Modoc,049,8938,0,0,0,0,0
2020-05-15,Mono,051,14174,36,31,0,31,1
2020-05-15,Monterey,053,433212,403,321,1,322,8
2020-05-15,Napa,055,140530,104,83,0,83,3
2020-05-15,Nevada,057,99092,42,41,1,42,1
2020-05-15,Orange,059,3164182,6345,4281,50,4331,87
2020-05-15,Placer,061,380077,193,174,0,174,8
2020-05-15,Plumas,063,18699,4,4,0,4,0
2020-05-15,Riverside,065,2383286,6660,5496,18,5514,233
2020-05-15,Sacramento,067,1510023,1286,1203,0,1203,55
2020-05-15,San Benito,069,59416,63,57,0,57,2
2020-05-15,San Bernardino,071,2135413,4375,3225,4,3229,153
2020-05-15,San Diego,073,3302833,6620,5525,0,5525,208
2020-05-15,San Francisco,075,870044,2303,2062,0,2062,36
2020-05-15,San Joaquin,077,732212,769,656,3,659,32
2020-05-15,San Luis Obispo,079,281455,318,237,3,240,1
2020-05-15,San Mateo,081,765935,1906,1612,2,1614,68
2020-05-15,Santa Barbara,083,443738,1556,1409,9,1418,10
2020-05-15,Santa Clara,085,1922200,3025,2395,10,2405,135
2020-05-15,Santa Cruz,087,273765,173,146,0,146,3
2020-05-15,Shasta,089,179085,48,33,0,33,4
2020-05-15,Sierra,091,2930,0,0,0,0,0
2020-05-15,Siskiyou,093,43540,6,5,0,5,0
2020-05-15,Solano,095,438530,474,388,0,388,4
2020-05-15,Sonoma,097,501317,437,349,0,349,4
2020-05-15,Stanislaus,099,539301,631,540,4,544,23
2020-05-15,Sutter,101,95872,41,35,0,35,2
2020-05-15,Tehama,103,63373,3,1,0,1,1
2020-05-15,Trinity,105,12862,2,1,0,1,0
2020-05-15,Tulare,107,460477,1951,1356,7,1363,61
2020-05-15,Tuolumne,109,53932,3,2,0,2,0
2020-05-15,Ventura,111,848112,1182,789,5,794,25
2020-05-15,Yolo,113,214977,200,182,0,182,22
2020-05-15,Yuba,115,75493,26,21,0,21,1
2020-05-14,Alameda,001,1643700,2714,2255,3,2258,80
2020-05-14,Alpine,003,1148,1,1,0,1,0
2020-05-14,Amador,005,37829,10,8,0,8,0
2020-05-14,Butte,007,227075,40,22,1,23,0
2020-05-14,Calaveras,009,45235,14,13,0,13,0
2020-05-14,Colusa,011,21464,3,3,0,3,0
2020-05-14,Contra Costa,013,1133247,1268,1090,1,1091,32
2020-05-14,Del Norte,015,27424,14,4,0,4,0
2020-05-14,El Dorado,017,186661,80,59,0,59,0
2020-05-14,Fresno,019,978130,2108,1038,29,1067,12
2020-05-14,Glenn,021,27897,12,8,0,8,0
2020-05-14,Humboldt,023,135768,89,59,0,59,0
2020-05-14,Imperial,025,180216,1481,652,0,652,13
2020-05-14,Inyo,027,18085,19,20,0,20,1
2020-05-14,Kern,029,883053,1841,1430,3,1433,21
2020-05-14,Kings,031,150075,475,342,2,344,1
2020-05-14,Lake,033,64148,13,7,0,7,0
2020-05-14,Lassen,035,31185,4,0,2,2,0
2020-05-14,Los Angeles,037,10098052,44403,35427,19,35446,1693
2020-05-14,Madera,039,155013,153,69,1,70,2
2020-05-14,Marin,041,260295,320,283,1,284,14
2020-05-14,Mariposa,043,17540,15,15,0,15,0
2020-05-14,Mendocino,045,87422,13,10,0,10,0
2020-05-14,Merced,047,269075,290,182,0,182,3
2020-05-14,Modoc,049,8938,0,0,0,0,0
2020-05-14,Mono,051,14174,36,31,0,31,1
2020-05-14,Monterey,053,433212,393,317,1,318,7
2020-05-14,Napa,055,140530,102,83,0,83,3
2020-05-14,Nevada,057,99092,41,41,1,42,1
2020-05-14,Orange,059,3164182,6170,4163,48,4211,83
2020-05-14,Placer,061,380077,193,172,0,172,8
2020-05-14,Plumas,063,18699,4,4,0,4,0
2020-05-14,Riverside,065,2383286,6476,5339,18,5357,224
2020-05-14,Sacramento,067,1510023,1274,1181,0,1181,55
2020-05-14,San Benito,069,59416,61,56,0,56,2
2020-05-14,San Bernardino,071,2135413,4196,3149,4,3153,149
2020-05-14,San Diego,073,3302833,6485,5393,0,5393,200
2020-05-14,San Francisco,075,870044,2270,2029,0,2029,36
2020-05-14,San Joaquin,077,732212,754,643,3,646,31
2020-05-14,San Luis Obispo,079,281455,315,236,3,239,1
2020-05-14,San Mateo,081,765935,1874,1588,2,1590,67
2020-05-14,Santa Barbara,083,443738,1544,1395,9,1404,11
2020-05-14,Santa Clara,085,1922200,3002,2380,10,2390,134
2020-05-14,Santa Cruz,087,273765,171,145,0,145,3
2020-05-14,Shasta,089,179085,48,33,0,33,4
2020-05-14,Sierra,091,2930,0,0,0,0,0
2020-05-14,Siskiyou,093,43540,6,5,0,5,0
2020-05-14,Solano,095,438530,465,372,0,372,4
2020-05-14,Sonoma,097,501317,420,333,0,333,4
2020-05-14,Stanislaus,099,539301,612,533,4,537,23
2020-05-14,Sutter,101,95872,41,34,0,34,2
2020-05-14,Tehama,103,63373,3,1,0,1,1
2020-05-14,Trinity,105,12862,2,1,0,1,0
2020-05-14,Tulare,107,460477,1912,1317,7,1324,55
2020-05-14,Tuolumne,109,53932,3,2,0,2,0
2020-05-14,Ventura,111,848112,1151,760,5,765,25
2020-05-14,Yolo,113,214977,200,180,0,180,22
2020-05-14,Yuba,115,75493,26,21,0,21,1
2020-05-13,Alameda,001,1643700,2656,2181,3,2184,78
2020-05-13,Alpine,003,1148,1,1,0,1,0
2020-05-13,Amador,005,37829,10,8,0,8,0
2020-05-13,Butte,007,227075,40,21,1,22,0
2020-05-13,Calaveras,009,45235,14,13,0,13,0
2020-05-13,Colusa,011,21464,3,3,0,3,0
2020-05-13,Contra Costa,013,1133247,1246,1082,1,1083,32
2020-05-13,Del Norte,015,27424,13,4,0,4,0
2020-05-13,El Dorado,017,186661,79,58,0,58,0
2020-05-13,Fresno,019,978130,2010,993,29,1022,10
2020-05-13,Glenn,021,27897,11,6,0,6,0
2020-05-13,Humboldt,023,135768,83,58,0,58,0
2020-05-13,Imperial,025,180216,1411,610,0,610,11
2020-05-13,Inyo,027,18085,19,20,0,20,1
2020-05-13,Kern,029,883053,1795,1390,3,1393,19
2020-05-13,Kings,031,150075,461,314,2,316,1
2020-05-13,Lake,033,64148,13,7,0,7,0
2020-05-13,Lassen,035,31185,4,0,2,2,0
2020-05-13,Los Angeles,037,10098052,43092,34574,19,34593,1643
2020-05-13,Madera,039,155013,144,69,1,70,2
2020-05-13,Marin,041,260295,307,278,1,279,14
2020-05-13,Mariposa,043,17540,15,15,0,15,0
2020-05-13,Mendocino,045,87422,13,10,0,10,0
2020-05-13,Merced,047,269075,287,176,0,176,3
2020-05-13,Modoc,049,8938,0,0,0,0,0
2020-05-13,Mono,051,14174,35,31,0,31,1
2020-05-13,Monterey,053,433212,383,309,1,310,6
2020-05-13,Napa,055,140530,102,81,0,81,3
2020-05-13,Nevada,057,99092,41,41,1,42,1
2020-05-13,Orange,059,3164182,5924,4025,46,4071,79
2020-05-13,Placer,061,380077,192,170,0,170,8
2020-05-13,Plumas,063,18699,4,4,0,4,0
2020-05-13,Riverside,065,2383286,6353,5204,18,5222,216
2020-05-13,Sacramento,067,1510023,1259,1173,0,1173,53
2020-05-13,San Benito,069,59416,61,55,0,55,2
2020-05-13,San Bernardino,071,2135413,3940,3064,3,3067,140
2020-05-13,San Diego,073,3302833,6349,5280,0,5280,194
2020-05-13,San Francisco,075,870044,2242,2004,0,2004,35
2020-05-13,San Joaquin,077,732212,733,639,3,642,31
2020-05-13,San Luis Obispo,079,281455,313,231,3,234,1
2020-05-13,San Mateo,081,765935,1842,1550,2,1552,66
2020-05-13,Santa Barbara,083,443738,1533,1382,9,1391,10
2020-05-13,Santa Clara,085,1922200,2982,2370,10,2380,132
2020-05-13,Santa Cruz,087,273765,167,142,0,142,2
2020-05-13,Shasta,089,179085,48,32,0,32,4
2020-05-13,Sierra,091,2930,0,0,0,0,0
2020-05-13,Siskiyou,093,43540,6,5,0,5,0
2020-05-13,Solano,095,438530,452,368,0,368,4
2020-05-13,Sonoma,097,501317,410,330,0,330,4
2020-05-13,Stanislaus,099,539301,603,521,4,525,15
2020-05-13,Sutter,101,95872,41,33,0,33,2
2020-05-13,Tehama,103,63373,3,1,0,1,1
2020-05-13,Trinity,105,12862,2,2,0,2,0
2020-05-13,Tulare,107,460477,1879,1283,7,1290,54
2020-05-13,Tuolumne,109,53932,3,2,0,2,0
2020-05-13,Ventura,111,848112,1120,742,5,747,25
2020-05-13,Yolo,113,214977,198,178,0,178,22
2020-05-13,Yuba,115,75493,24,19,0,19,1
2020-05-12,Alameda,001,1643700,2592,2146,3,2149,74
2020-05-12,Alpine,003,1148,1,1,0,1,0
2020-05-12,Amador,005,37829,10,8,0,8,0
2020-05-12,Butte,007,227075,38,20,1,21,0
2020-05-12,Calaveras,009,45235,13,13,0,13,0
2020-05-12,Colusa,011,21464,3,3,0,3,0
2020-05-12,Contra Costa,013,1133247,1215,1067,1,1068,32
2020-05-12,Del Norte,015,27424,10,3,0,3,0
2020-05-12,El Dorado,017,186661,76,56,0,56,0
2020-05-12,Fresno,019,978130,1926,978,27,1005,9
2020-05-12,Glenn,021,27897,10,6,0,6,0
2020-05-12,Humboldt,023,135768,80,58,0,58,0
2020-05-12,Imperial,025,180216,1281,602,0,602,9
2020-05-12,Inyo,027,18085,19,20,0,20,1
2020-05-12,Kern,029,883053,1754,1363,3,1366,18
2020-05-12,Kings,031,150075,440,302,2,304,1
2020-05-12,Lake,033,64148,13,7,0,7,0
2020-05-12,Lassen,035,31185,4,0,2,2,0
2020-05-12,Los Angeles,037,10098052,42094,33281,18,33299,1601
2020-05-12,Madera,039,155013,138,69,1,70,2
2020-05-12,Marin,041,260295,302,274,1,275,14
2020-05-12,Mariposa,043,17540,15,15,0,15,0
2020-05-12,Mendocino,045,87422,13,10,0,10,0
2020-05-12,Merced,047,269075,276,175,0,175,3
2020-05-12,Modoc,049,8938,0,0,0,0,0
2020-05-12,Mono,051,14174,35,31,0,31,1
2020-05-12,Monterey,053,433212,376,298,1,299,6
2020-05-12,Napa,055,140530,100,80,0,80,3
2020-05-12,Nevada,057,99092,41,41,1,42,1
2020-05-12,Orange,059,3164182,5741,3843,44,3887,78
2020-05-12,Placer,061,380077,191,170,0,170,8
2020-05-12,Plumas,063,18699,4,4,0,4,0
2020-05-12,Riverside,065,2383286,6230,5134,18,5152,210
2020-05-12,Sacramento,067,1510023,1239,1166,0,1166,52
2020-05-12,San Benito,069,59416,61,55,0,55,2
2020-05-12,San Bernardino,071,2135413,3788,2997,3,3000,131
2020-05-12,San Diego,073,3302833,6205,3,0,3,0
2020-05-12,San Francisco,075,870044,2207,1981,0,1981,35
2020-05-12,San Joaquin,077,732212,718,625,3,628,30
2020-05-12,San Luis Obispo,079,281455,310,226,3,229,1
2020-05-12,San Mateo,081,765935,1816,1533,2,1535,66
2020-05-12,Santa Barbara,083,443738,1502,1377,9,1386,10
2020-05-12,Santa Clara,085,1922200,2952,2362,10,2372,131
2020-05-12,Santa Cruz,087,273765,165,141,0,141,2
2020-05-12,Shasta,089,179085,47,33,0,33,4
2020-05-12,Sierra,091,2930,0,0,0,0,0
2020-05-12,Siskiyou,093,43540,6,5,0,5,0
2020-05-12,Solano,095,438530,444,361,0,361,4
2020-05-12,Sonoma,097,501317,387,308,0,308,4
2020-05-12,Stanislaus,099,539301,596,515,4,519,15
2020-05-12,Sutter,101,95872,41,33,0,33,2
2020-05-12,Tehama,103,63373,3,1,0,1,1
2020-05-12,Trinity,105,12862,2,1,0,1,0
2020-05-12,Tulare,107,460477,1847,1261,7,1268,52
2020-05-12,Tuolumne,109,53932,3,2,0,2,0
2020-05-12,Ventura,111,848112,1064,718,5,723,20
2020-05-12,Yolo,113,214977,197,176,0,176,22
2020-05-12,Yuba,115,75493,24,19,0,19,1
2020-05-11,Alameda,001,1643700,2542,2103,3,2106,71
2020-05-11,Alpine,003,1148,1,1,0,1,0
2020-05-11,Amador,005,37829,10,8,0,8,0
2020-05-11,Butte,007,227075,37,19,1,20,0
2020-05-11,Calaveras,009,45235,13,13,0,13,0
2020-05-11,Colusa,011,21464,3,3,0,3,0
2020-05-11,Contra Costa,013,1133247,1201,1052,1,1053,32
2020-05-11,Del Norte,015,27424,8,3,0,3,0
2020-05-11,El Dorado,017,186661,76,55,0,55,0
2020-05-11,Fresno,019,978130,1834,937,26,963,8
2020-05-11,Glenn,021,27897,10,6,0,6,0
2020-05-11,Humboldt,023,135768,77,56,0,56,0
2020-05-11,Imperial,025,180216,1174,562,0,562,9
2020-05-11,Inyo,027,18085,19,20,0,20,1
2020-05-11,Kern,029,883053,1702,1331,3,1334,17
2020-05-11,Kings,031,150075,417,289,1,290,1
2020-05-11,Lake,033,64148,12,7,0,7,0
2020-05-11,Lassen,035,31185,4,0,2,2,0
2020-05-11,Los Angeles,037,10098052,40913,32279,18,32297,1553
2020-05-11,Madera,039,155013,129,68,1,69,2
2020-05-11,Marin,041,260295,293,271,1,272,14
2020-05-11,Mariposa,043,17540,15,15,0,15,0
2020-05-11,Mendocino,045,87422,13,10,0,10,0
2020-05-11,Merced,047,269075,261,158,0,158,3
2020-05-11,Modoc,049,8938,0,0,0,0,0
2020-05-11,Mono,051,14174,35,30,0,30,1
2020-05-11,Monterey,053,433212,373,286,1,287,6
2020-05-11,Napa,055,140530,94,79,0,79,2
2020-05-11,Nevada,057,99092,41,41,1,42,1
2020-05-11,Orange,059,3164182,5527,3699,38,3737,77
2020-05-11,Placer,061,380077,191,170,0,170,8
2020-05-11,Plumas,063,18699,4,4,0,4,0
2020-05-11,Riverside,065,2383286,6072,5082,17,5099,203
2020-05-11,Sacramento,067,1510023,1224,1160,0,1160,52
2020-05-11,San Benito,069,59416,59,52,0,52,2
2020-05-11,San Bernardino,071,2135413,3677,2945,3,2948,124
2020-05-11,San Diego,073,3302833,6052,5067,0,5067,175
2020-05-11,San Francisco,075,870044,2161,1974,0,1974,35
2020-05-11,San Joaquin,077,732212,708,620,3,623,30
2020-05-11,San Luis Obispo,079,281455,308,224,3,227,1
2020-05-11,San Mateo,081,765935,1790,1499,2,1501,66
2020-05-11,Santa Barbara,083,443738,1491,1372,8,1380,10
2020-05-11,Santa Clara,085,1922200,2935,2340,10,2350,129
2020-05-11,Santa Cruz,087,273765,162,140,0,140,2
2020-05-11,Shasta,089,179085,47,31,0,31,4
2020-05-11,Sierra,091,2930,0,0,0,0,0
2020-05-11,Siskiyou,093,43540,6,5,0,5,0
2020-05-11,Solano,095,438530,439,354,0,354,4
2020-05-11,Sonoma,097,501317,377,303,0,303,3
2020-05-11,Stanislaus,099,539301,586,507,4,511,14
2020-05-11,Sutter,101,95872,40,32,0,32,2
2020-05-11,Tehama,103,63373,3,1,0,1,1
2020-05-11,Trinity,105,12862,2,1,0,1,0
2020-05-11,Tulare,107,460477,1798,1203,7,1210,49
2020-05-11,Tuolumne,109,53932,3,2,0,2,0
2020-05-11,Ventura,111,848112,1003,698,4,702,19
2020-05-11,Yolo,113,214977,197,174,0,174,20
2020-05-11,Yuba,115,75493,24,18,0,18,1
2020-05-10,Alameda,001,1643700,2465,2047,3,2050,71
2020-05-10,Alpine,003,1148,1,1,0,1,0
2020-05-10,Amador,005,37829,10,8,0,8,0
2020-05-10,Butte,007,227075,32,18,1,19,0
2020-05-10,Calaveras,009,45235,13,13,0,13,0
2020-05-10,Colusa,011,21464,3,3,0,3,0
2020-05-10,Contra Costa,013,1133247,1187,1046,0,1046,31
2020-05-10,Del Norte,015,27424,7,3,0,3,0
2020-05-10,El Dorado,017,186661,76,55,0,55,0
2020-05-10,Fresno,019,978130,1749,894,26,920,8
2020-05-10,Glenn,021,27897,10,6,0,6,0
2020-05-10,Humboldt,023,135768,73,56,0,56,0
2020-05-10,Imperial,025,180216,1079,509,0,509,7
2020-05-10,Inyo,027,18085,19,20,0,20,1
2020-05-10,Kern,029,883053,1651,1300,2,1302,16
2020-05-10,Kings,031,150075,404,266,1,267,1
2020-05-10,Lake,033,64148,12,7,0,7,0
2020-05-10,Lassen,035,31185,4,0,2,2,0
2020-05-10,Los Angeles,037,10098052,39652,31711,18,31729,1514
2020-05-10,Madera,039,155013,127,65,1,66,2
2020-05-10,Marin,041,260295,285,267,1,268,14
2020-05-10,Mariposa,043,17540,15,15,0,15,0
2020-05-10,Mendocino,045,87422,12,10,0,10,0
2020-05-10,Merced,047,269075,246,154,0,154,3
2020-05-10,Modoc,049,8938,0,0,0,0,0
2020-05-10,Mono,051,14174,35,27,0,27,1
2020-05-10,Monterey,053,433212,359,282,1,283,6
2020-05-10,Napa,055,140530,88,79,0,79,2
2020-05-10,Nevada,057,99092,41,41,1,42,1
2020-05-10,Orange,059,3164182,5384,3627,38,3665,76
2020-05-10,Placer,061,380077,190,168,0,168,8
2020-05-10,Plumas,063,18699,4,4,0,4,0
2020-05-10,Riverside,065,2383286,5950,4951,17,4968,193
2020-05-10,Sacramento,067,1510023,1208,1152,0,1152,52
2020-05-10,San Benito,069,59416,59,52,0,52,2
2020-05-10,San Bernardino,071,2135413,3579,2910,3,2913,121
2020-05-10,San Diego,073,3302833,5900,4928,0,4928,175
2020-05-10,San Francisco,075,870044,2143,1953,0,1953,35
2020-05-10,San Joaquin,077,732212,693,611,3,614,29
2020-05-10,San Luis Obispo,079,281455,305,218,3,221,1
2020-05-10,San Mateo,081,765935,1768,1463,2,1465,65
2020-05-10,Santa Barbara,083,443738,1480,1323,8,1331,10
2020-05-10,Santa Clara,085,1922200,2908,2331,10,2341,129
2020-05-10,Santa Cruz,087,273765,161,139,0,139,2
2020-05-10,Shasta,089,179085,47,31,0,31,4
2020-05-10,Sierra,091,2930,0,0,0,0,0
2020-05-10,Siskiyou,093,43540,5,5,0,5,0
2020-05-10,Solano,095,438530,429,322,0,322,4
2020-05-10,Sonoma,097,501317,367,290,0,290,3
2020-05-10,Stanislaus,099,539301,579,498,4,502,14
2020-05-10,Sutter,101,95872,37,31,0,31,2
2020-05-10,Tehama,103,63373,3,1,0,1,1
2020-05-10,Trinity,105,12862,2,1,0,1,0
2020-05-10,Tulare,107,460477,1727,1143,7,1150,47
2020-05-10,Tuolumne,109,53932,3,2,0,2,0
2020-05-10,Ventura,111,848112,945,690,2,692,19
2020-05-10,Yolo,113,214977,197,173,0,173,20
2020-05-10,Yuba,115,75493,23,17,0,17,1
2020-05-09,Alameda,001,1643700,2422,2011,3,2014,71
2020-05-09,Alpine,003,1148,1,1,0,1,0
2020-05-09,Amador,005,37829,9,8,0,8,0
2020-05-09,Butte,007,227075,31,18,1,19,0
2020-05-09,Calaveras,009,45235,13,13,0,13,0
2020-05-09,Colusa,011,21464,3,3,0,3,0
2020-05-09,Contra Costa,013,1133247,1173,1039,0,1039,31
2020-05-09,Del Norte,015,27424,7,3,0,3,0
2020-05-09,El Dorado,017,186661,73,54,0,54,0
2020-05-09,Fresno,019,978130,1711,861,25,886,8
2020-05-09,Glenn,021,27897,9,6,0,6,0
2020-05-09,Humboldt,023,135768,71,55,0,55,0
2020-05-09,Imperial,025,180216,1023,474,0,474,7
2020-05-09,Inyo,027,18085,19,20,0,20,1
2020-05-09,Kern,029,883053,1615,1262,1,1263,15
2020-05-09,Kings,031,150075,399,264,1,265,1
2020-05-09,Lake,033,64148,12,7,0,7,0
2020-05-09,Lassen,035,31185,4,0,2,2,0
2020-05-09,Los Angeles,037,10098052,39030,31268,18,31286,1499
2020-05-09,Madera,039,155013,126,61,1,62,2
2020-05-09,Marin,041,260295,284,261,1,262,14
2020-05-09,Mariposa,043,17540,15,15,0,15,0
2020-05-09,Mendocino,045,87422,12,10,0,10,0
2020-05-09,Merced,047,269075,242,153,0,153,3
2020-05-09,Modoc,049,8938,0,0,0,0,0
2020-05-09,Mono,051,14174,35,27,0,27,1
2020-05-09,Monterey,053,433212,352,273,0,273,6
2020-05-09,Napa,055,140530,87,78,0,78,2
2020-05-09,Nevada,057,99092,41,41,1,42,1
2020-05-09,Orange,059,3164182,5301,3506,38,3544,75
2020-05-09,Placer,061,380077,189,168,0,168,8
2020-05-09,Plumas,063,18699,4,4,0,4,0
2020-05-09,Riverside,065,2383286,5855,4871,17,4888,183
2020-05-09,Sacramento,067,1510023,1204,1150,0,1150,52
2020-05-09,San Benito,069,59416,58,52,0,52,2
2020-05-09,San Bernardino,071,2135413,3523,2825,3,2828,121
2020-05-09,San Diego,073,3302833,5788,4778,0,4778,175
2020-05-09,San Francisco,075,870044,2128,1944,0,1944,34
2020-05-09,San Joaquin,077,732212,684,605,3,608,28
2020-05-09,San Luis Obispo,079,281455,301,213,3,216,1
2020-05-09,San Mateo,081,765935,1749,1453,2,1455,65
2020-05-09,Santa Barbara,083,443738,1472,1245,8,1253,10
2020-05-09,Santa Clara,085,1922200,2894,2317,10,2327,128
2020-05-09,Santa Cruz,087,273765,160,138,0,138,2
2020-05-09,Shasta,089,179085,47,31,0,31,4
2020-05-09,Sierra,091,2930,0,0,0,0,0
2020-05-09,Siskiyou,093,43540,5,5,0,5,0
2020-05-09,Solano,095,438530,423,321,0,321,4
2020-05-09,Sonoma,097,501317,363,288,0,288,3
2020-05-09,Stanislaus,099,539301,571,491,4,495,12
2020-05-09,Sutter,101,95872,37,31,0,31,2
2020-05-09,Tehama,103,63373,2,1,0,1,1
2020-05-09,Trinity,105,12862,2,1,0,1,0
2020-05-09,Tulare,107,460477,1699,1083,7,1090,47
2020-05-09,Tuolumne,109,53932,3,2,0,2,0
2020-05-09,Ventura,111,848112,924,679,2,681,19
2020-05-09,Yolo,113,214977,197,172,0,172,18
2020-05-09,Yuba,115,75493,23,17,0,17,1
2020-05-08,Alameda,001,1643700,2379,1955,3,1958,70
2020-05-08,Alpine,003,1148,1,1,0,1,0
2020-05-08,Amador,005,37829,9,8,0,8,0
2020-05-08,Butte,007,227075,31,18,1,19,0
2020-05-08,Calaveras,009,45235,13,13,0,13,0
2020-05-08,Colusa,011,21464,3,3,0,3,0
2020-05-08,Contra Costa,013,1133247,1161,1024,0,1024,29
2020-05-08,Del Norte,015,27424,7,3,0,3,0
2020-05-08,El Dorado,017,186661,72,54,0,54,0
2020-05-08,Fresno,019,978130,1669,838,23,861,8
2020-05-08,Glenn,021,27897,8,6,0,6,0
2020-05-08,Humboldt,023,135768,68,54,0,54,0
2020-05-08,Imperial,025,180216,978,467,0,467,7
2020-05-08,Inyo,027,18085,19,20,0,20,1
2020-05-08,Kern,029,883053,1584,1214,1,1215,13
2020-05-08,Kings,031,150075,390,236,1,237,1
2020-05-08,Lake,033,64148,12,7,0,7,0
2020-05-08,Lassen,035,31185,4,0,2,2,0
2020-05-08,Los Angeles,037,10098052,38299,30357,18,30375,1447
2020-05-08,Madera,039,155013,123,57,1,58,2
2020-05-08,Marin,041,260295,284,257,1,258,14
2020-05-08,Mariposa,043,17540,15,15,0,15,0
2020-05-08,Mendocino,045,87422,12,10,0,10,0
2020-05-08,Merced,047,269075,241,151,0,151,3
2020-05-08,Modoc,049,8938,0,0,0,0,0
2020-05-08,Mono,051,14174,32,27,0,27,1
2020-05-08,Monterey,053,433212,344,265,0,265,6
2020-05-08,Napa,055,140530,86,78,0,78,2
2020-05-08,Nevada,057,99092,41,41,1,42,1
2020-05-08,Orange,059,3164182,5154,3395,38,3433,72
2020-05-08,Placer,061,380077,187,166,0,166,8
2020-05-08,Plumas,063,18699,4,4,0,4,0
2020-05-08,Riverside,065,2383286,5755,4672,16,4688,181
2020-05-08,Sacramento,067,1510023,1199,1145,0,1145,51
2020-05-08,San Benito,069,59416,58,51,0,51,2
2020-05-08,San Bernardino,071,2135413,3475,2631,3,2634,119
2020-05-08,San Diego,073,3302833,5681,4664,0,4664,169
2020-05-08,San Francisco,075,870044,2110,1890,0,1890,33
2020-05-08,San Joaquin,077,732212,677,595,3,598,28
2020-05-08,San Luis Obispo,079,281455,298,210,3,213,1
2020-05-08,San Mateo,081,765935,1664,1423,2,1425,62
2020-05-08,Santa Barbara,083,443738,1463,1054,6,1060,8
2020-05-08,Santa Clara,085,1922200,2871,2285,10,2295,128
2020-05-08,Santa Cruz,087,273765,156,137,0,137,2
2020-05-08,Shasta,089,179085,47,31,0,31,4
2020-05-08,Sierra,091,2930,0,0,0,0,0
2020-05-08,Siskiyou,093,43540,5,5,0,5,0
2020-05-08,Solano,095,438530,418,314,0,314,4
2020-05-08,Sonoma,097,501317,358,285,0,285,3
2020-05-08,Stanislaus,099,539301,557,487,4,491,12
2020-05-08,Sutter,101,95872,37,30,0,30,2
2020-05-08,Tehama,103,63373,2,1,0,1,1
2020-05-08,Trinity,105,12862,2,0,0,0,0
2020-05-08,Tulare,107,460477,1654,1050,6,1056,43
2020-05-08,Tuolumne,109,53932,3,2,0,2,0
2020-05-08,Ventura,111,848112,906,665,2,667,19
2020-05-08,Yolo,113,214977,196,172,0,172,18
2020-05-08,Yuba,115,75493,22,16,0,16,1
2020-05-07,Alameda,001,1643700,2319,1914,3,1917,68
2020-05-07,Alpine,003,1148,1,1,0,1,0
2020-05-07,Amador,005,37829,9,8,0,8,0
2020-05-07,Butte,007,227075,31,19,1,20,0
2020-05-07,Calaveras,009,45235,13,13,0,13,0
2020-05-07,Colusa,011,21464,3,3,0,3,0
2020-05-07,Contra Costa,013,1133247,1147,1005,0,1005,29
2020-05-07,Del Norte,015,27424,6,3,0,3,0
2020-05-07,El Dorado,017,186661,71,54,0,54,0
2020-05-07,Fresno,019,978130,1583,812,22,834,8
2020-05-07,Glenn,021,27897,8,5,0,5,0
2020-05-07,Humboldt,023,135768,67,54,0,54,0
2020-05-07,Imperial,025,180216,915,442,0,442,6
2020-05-07,Inyo,027,18085,19,20,0,20,1
2020-05-07,Kern,029,883053,1540,1176,1,1177,13
2020-05-07,Kings,031,150075,367,219,1,220,1
2020-05-07,Lake,033,64148,11,7,0,7,0
2020-05-07,Lassen,035,31185,4,0,2,2,0
2020-05-07,Los Angeles,037,10098052,37177,29544,18,29562,1399
2020-05-07,Madera,039,155013,119,54,1,55,2
2020-05-07,Marin,041,260295,277,252,1,253,14
2020-05-07,Mariposa,043,17540,15,15,0,15,0
2020-05-07,Mendocino,045,87422,12,10,0,10,0
2020-05-07,Merced,047,269075,233,146,0,146,3
2020-05-07,Modoc,049,8938,0,0,0,0,0
2020-05-07,Mono,051,14174,32,26,0,26,1
2020-05-07,Monterey,053,433212,336,249,0,249,6
2020-05-07,Napa,055,140530,86,78,0,78,2
2020-05-07,Nevada,057,99092,41,41,1,42,1
2020-05-07,Orange,059,3164182,4969,3283,37,3320,69
2020-05-07,Placer,061,380077,187,165,0,165,8
2020-05-07,Plumas,063,18699,4,4,0,4,0
2020-05-07,Riverside,065,2383286,5639,4608,16,4624,170
2020-05-07,Sacramento,067,1510023,1193,1139,0,1139,50
2020-05-07,San Benito,069,59416,58,50,0,50,2
2020-05-07,San Bernardino,071,2135413,3383,2522,3,2525,115
2020-05-07,San Diego,073,3302833,5524,4431,0,4431,165
2020-05-07,San Francisco,075,870044,2079,1852,0,1852,33
2020-05-07,San Joaquin,077,732212,664,583,3,586,28
2020-05-07,San Luis Obispo,079,281455,287,209,3,212,1
2020-05-07,San Mateo,081,765935,1642,1398,2,1400,58
2020-05-07,Santa Barbara,083,443738,1436,720,5,725,8
2020-05-07,Santa Clara,085,1922200,2833,2281,10,2291,127
2020-05-07,Santa Cruz,087,273765,153,136,0,136,2
2020-05-07,Shasta,089,179085,46,31,0,31,4
2020-05-07,Sierra,091,2930,0,0,0,0,0
2020-05-07,Siskiyou,093,43540,5,5,0,5,0
2020-05-07,Solano,095,438530,412,307,0,307,4
2020-05-07,Sonoma,097,501317,346,282,0,282,3
2020-05-07,Stanislaus,099,539301,548,466,4,470,10
2020-05-07,Sutter,101,95872,37,29,0,29,2
2020-05-07,Tehama,103,63373,2,1,0,1,1
2020-05-07,Trinity,105,12862,2,0,0,0,0
2020-05-07,Tulare,107,460477,1586,1001,6,1007,41
2020-05-07,Tuolumne,109,53932,3,2,0,2,0
2020-05-07,Ventura,111,848112,882,647,1,648,19
2020-05-07,Yolo,113,214977,195,172,0,172,18
2020-05-07,Yuba,115,75493,22,16,0,16,1
2020-05-06,Alameda,001,1643700,2281,1864,3,1867,67
2020-05-06,Alpine,003,1148,1,1,0,1,0
2020-05-06,Amador,005,37829,9,8,0,8,0
2020-05-06,Butte,007,227075,30,19,1,20,0
2020-05-06,Calaveras,009,45235,13,13,0,13,0
2020-05-06,Colusa,011,21464,3,3,0,3,0
2020-05-06,Contra Costa,013,1133247,1126,990,0,990,29
2020-05-06,Del Norte,015,27424,6,3,0,3,0
2020-05-06,El Dorado,017,186661,69,53,0,53,0
2020-05-06,Fresno,019,978130,1520,773,20,793,8
2020-05-06,Glenn,021,27897,8,3,0,3,0
2020-05-06,Humboldt,023,135768,66,54,0,54,0
2020-05-06,Imperial,025,180216,847,399,0,399,6
2020-05-06,Inyo,027,18085,19,20,0,20,1
2020-05-06,Kern,029,883053,1484,1112,1,1113,12
2020-05-06,Kings,031,150075,349,208,1,209,1
2020-05-06,Lake,033,64148,11,7,0,7,0
2020-05-06,Lassen,035,31185,4,0,2,2,0
2020-05-06,Los Angeles,037,10098052,36169,28687,18,28705,1347
2020-05-06,Madera,039,155013,117,55,1,56,2
2020-05-06,Marin,041,260295,270,244,1,245,14
2020-05-06,Mariposa,043,17540,15,14,0,14,0
2020-05-06,Mendocino,045,87422,12,10,0,10,0
2020-05-06,Merced,047,269075,226,140,0,140,3
2020-05-06,Modoc,049,8938,0,0,0,0,0
2020-05-06,Mono,051,14174,32,26,0,26,1
2020-05-06,Monterey,053,433212,328,246,0,246,6
2020-05-06,Napa,055,140530,85,78,0,78,2
2020-05-06,Nevada,057,99092,41,41,1,42,1
2020-05-06,Orange,059,3164182,4785,3156,36,3192,66
2020-05-06,Placer,061,380077,184,164,0,164,8
2020-05-06,Plumas,063,18699,4,4,0,4,0
2020-05-06,Riverside,065,2383286,5495,4535,16,4551,163
2020-05-06,Sacramento,067,1510023,1187,1135,0,1135,49
2020-05-06,San Benito,069,59416,57,50,0,50,2
2020-05-06,San Bernardino,071,2135413,3261,2426,2,2428,110
2020-05-06,San Diego,073,3302833,5391,4321,0,4321,158
2020-05-06,San Francisco,075,870044,2054,1804,0,1804,32
2020-05-06,San Joaquin,077,732212,651,581,3,584,28
2020-05-06,San Luis Obispo,079,281455,284,207,3,210,1
2020-05-06,San Mateo,081,765935,1611,1348,2,1350,57
2020-05-06,Santa Barbara,083,443738,1395,565,4,569,8
2020-05-06,Santa Clara,085,1922200,2816,2270,9,2279,127
2020-05-06,Santa Cruz,087,273765,149,135,0,135,2
2020-05-06,Shasta,089,179085,45,31,0,31,4
2020-05-06,Sierra,091,2930,0,0,0,0,0
2020-05-06,Siskiyou,093,43540,5,5,0,5,0
2020-05-06,Solano,095,438530,402,300,0,300,4
2020-05-06,Sonoma,097,501317,330,269,0,269,3
2020-05-06,Stanislaus,099,539301,532,434,4,438,9
2020-05-06,Sutter,101,95872,37,29,0,29,2
2020-05-06,Tehama,103,63373,2,1,0,1,1
2020-05-06,Trinity,105,12862,2,0,0,0,0
2020-05-06,Tulare,107,460477,1538,963,6,969,40
2020-05-06,Tuolumne,109,53932,3,2,0,2,0
2020-05-06,Ventura,111,848112,855,619,1,620,19
2020-05-06,Yolo,113,214977,194,172,0,172,18
2020-05-06,Yuba,115,75493,22,15,0,15,1
2020-05-05,Alameda,001,1643700,2238,1819,3,1822,67
2020-05-05,Alpine,003,1148,1,1,0,1,0
2020-05-05,Amador,005,37829,9,8,0,8,0
2020-05-05,Butte,007,227075,29,19,1,20,0
2020-05-05,Calaveras,009,45235,13,13,0,13,0
2020-05-05,Colusa,011,21464,3,3,0,3,0
2020-05-05,Contra Costa,013,1133247,1108,976,0,976,29
2020-05-05,Del Norte,015,27424,6,3,0,3,0
2020-05-05,El Dorado,017,186661,67,54,0,54,0
2020-05-05,Fresno,019,978130,1447,726,18,744,8
2020-05-05,Glenn,021,27897,8,3,0,3,0
2020-05-05,Humboldt,023,135768,63,54,0,54,0
2020-05-05,Imperial,025,180216,792,389,0,389,6
2020-05-05,Inyo,027,18085,19,20,0,20,1
2020-05-05,Kern,029,883053,1432,1084,1,1085,11
2020-05-05,Kings,031,150075,331,187,1,188,1
2020-05-05,Lake,033,64148,10,7,0,7,0
2020-05-05,Lassen,035,31185,4,0,2,2,0
2020-05-05,Los Angeles,037,10098052,35099,27867,18,27885,1289
2020-05-05,Madera,039,155013,113,53,1,54,2
2020-05-05,Marin,041,260295,264,244,1,245,14
2020-05-05,Mariposa,043,17540,15,14,0,14,0
2020-05-05,Mendocino,045,87422,12,10,0,10,0
2020-05-05,Merced,047,269075,221,141,0,141,3
2020-05-05,Modoc,049,8938,0,0,0,0,0
2020-05-05,Mono,051,14174,32,25,0,25,1
2020-05-05,Monterey,053,433212,314,240,0,240,6
2020-05-05,Napa,055,140530,85,74,0,74,2
2020-05-05,Nevada,057,99092,41,41,1,42,1
2020-05-05,Orange,059,3164182,4661,3041,36,3077,63
2020-05-05,Placer,061,380077,184,162,0,162,8
2020-05-05,Plumas,063,18699,4,4,0,4,0
2020-05-05,Riverside,065,2383286,5385,4309,16,4325,161
2020-05-05,Sacramento,067,1510023,1180,1125,0,1125,48
2020-05-05,San Benito,069,59416,56,50,0,50,2
2020-05-05,San Bernardino,071,2135413,3168,2345,2,2347,104
2020-05-05,San Diego,073,3302833,5248,4162,0,4162,150
2020-05-05,San Francisco,075,870044,2019,1779,0,1779,31
2020-05-05,San Joaquin,077,732212,642,577,3,580,26
2020-05-05,San Luis Obispo,079,281455,282,203,3,206,1
2020-05-05,San Mateo,081,765935,1579,1335,2,1337,56
2020-05-05,Santa Barbara,083,443738,1174,541,4,545,7
2020-05-05,Santa Clara,085,1922200,2770,2249,8,2257,124
2020-05-05,Santa Cruz,087,273765,146,134,0,134,2
2020-05-05,Shasta,089,179085,44,31,0,31,4
2020-05-05,Sierra,091,2930,0,0,0,0,0
2020-05-05,Siskiyou,093,43540,5,5,0,5,0
2020-05-05,Solano,095,438530,386,299,0,299,4
2020-05-05,Sonoma,097,501317,327,263,0,263,3
2020-05-05,Stanislaus,099,539301,520,430,4,434,9
2020-05-05,Sutter,101,95872,36,29,0,29,2
2020-05-05,Tehama,103,63373,2,1,0,1,1
2020-05-05,Trinity,105,12862,2,0,0,0,0
2020-05-05,Tulare,107,460477,1440,869,6,875,40
2020-05-05,Tuolumne,109,53932,3,2,0,2,0
2020-05-05,Ventura,111,848112,831,607,1,608,19
2020-05-05,Yolo,113,214977,192,171,0,171,18
2020-05-05,Yuba,115,75493,22,15,0,15,1
2020-05-04,Alameda,001,1643700,2180,1762,2,1764,65
2020-05-04,Alpine,003,1148,1,1,0,1,0
2020-05-04,Amador,005,37829,8,8,0,8,0
2020-05-04,Butte,007,227075,28,16,1,17,0
2020-05-04,Calaveras,009,45235,13,13,0,13,0
2020-05-04,Colusa,011,21464,3,3,0,3,0
2020-05-04,Contra Costa,013,1133247,1090,949,0,949,28
2020-05-04,Del Norte,015,27424,5,3,0,3,0
2020-05-04,El Dorado,017,186661,66,51,0,51,0
2020-05-04,Fresno,019,978130,1377,680,17,697,8
2020-05-04,Glenn,021,27897,8,4,0,4,0
2020-05-04,Humboldt,023,135768,61,54,0,54,0
2020-05-04,Imperial,025,180216,740,351,0,351,6
2020-05-04,Inyo,027,18085,19,20,0,20,1
2020-05-04,Kern,029,883053,1390,1047,1,1048,8
2020-05-04,Kings,031,150075,314,153,1,154,1
2020-05-04,Lake,033,64148,9,7,0,7,0
2020-05-04,Lassen,035,31185,3,0,2,2,0
2020-05-04,Los Angeles,037,10098052,33802,26243,16,26259,1235
2020-05-04,Madera,039,155013,110,52,1,53,2
2020-05-04,Marin,041,260295,259,244,1,245,13
2020-05-04,Mariposa,043,17540,15,13,0,13,0
2020-05-04,Mendocino,045,87422,12,10,0,10,0
2020-05-04,Merced,047,269075,221,138,0,138,3
2020-05-04,Modoc,049,8938,0,0,0,0,0
2020-05-04,Mono,051,14174,32,25,0,25,1
2020-05-04,Monterey,053,433212,303,237,0,237,6
2020-05-04,Napa,055,140530,85,72,0,72,2
2020-05-04,Nevada,057,99092,41,41,1,42,1
2020-05-04,Orange,059,3164182,4523,2931,33,2964,57
2020-05-04,Placer,061,380077,182,162,0,162,8
2020-05-04,Plumas,063,18699,4,4,0,4,0
2020-05-04,Riverside,065,2383286,5291,4221,16,4237,147
2020-05-04,Sacramento,067,1510023,1170,1119,0,1119,44
2020-05-04,San Benito,069,59416,54,49,0,49,2
2020-05-04,San Bernardino,071,2135413,3028,2184,2,2186,99
2020-05-04,San Diego,073,3302833,5107,4022,0,4022,144
2020-05-04,San Francisco,075,870044,1981,1760,0,1760,31
2020-05-04,San Joaquin,077,732212,628,574,3,577,26
2020-05-04,San Luis Obispo,079,281455,279,202,3,205,1
2020-05-04,San Mateo,081,765935,1554,1313,2,1315,53
2020-05-04,Santa Barbara,083,443738,927,524,4,528,7
2020-05-04,Santa Clara,085,1922200,2755,2238,8,2246,119
2020-05-04,Santa Cruz,087,273765,145,133,0,133,2
2020-05-04,Shasta,089,179085,42,31,0,31,4
2020-05-04,Sierra,091,2930,0,0,0,0,0
2020-05-04,Siskiyou,093,43540,5,5,0,5,0
2020-05-04,Solano,095,438530,372,293,0,293,4
2020-05-04,Sonoma,097,501317,313,256,0,256,4
2020-05-04,Stanislaus,099,539301,514,422,4,426,8
2020-05-04,Sutter,101,95872,33,28,0,28,2
2020-05-04,Tehama,103,63373,2,1,0,1,1
2020-05-04,Trinity,105,12862,1,0,0,0,0
2020-05-04,Tulare,107,460477,1361,760,6,766,40
2020-05-04,Tuolumne,109,53932,3,3,0,3,0
2020-05-04,Ventura,111,848112,810,590,1,591,19
2020-05-04,Yolo,113,214977,191,171,0,171,18
2020-05-04,Yuba,115,75493,19,16,0,16,1
2020-05-03,Alameda,001,1643700,2123,1731,2,1733,64
2020-05-03,Alpine,003,1148,1,1,0,1,0
2020-05-03,Amador,005,37829,8,8,0,8,0
2020-05-03,Butte,007,227075,28,17,1,18,0
2020-05-03,Calaveras,009,45235,13,13,0,13,0
2020-05-03,Colusa,011,21464,3,3,0,3,0
2020-05-03,Contra Costa,013,1133247,1074,945,0,945,28
2020-05-03,Del Norte,015,27424,5,3,0,3,0
2020-05-03,El Dorado,017,186661,64,49,0,49,0
2020-05-03,Fresno,019,978130,1285,646,15,661,8
2020-05-03,Glenn,021,27897,7,5,0,5,0
2020-05-03,Humboldt,023,135768,60,54,0,54,0
2020-05-03,Imperial,025,180216,684,351,0,351,6
2020-05-03,Inyo,027,18085,19,20,0,20,1
2020-05-03,Kern,029,883053,1335,1025,1,1026,8
2020-05-03,Kings,031,150075,294,137,1,138,1
2020-05-03,Lake,033,64148,9,7,0,7,0
2020-05-03,Lassen,035,31185,3,0,2,2,0
2020-05-03,Los Angeles,037,10098052,32816,25708,16,25724,1210
2020-05-03,Madera,039,155013,103,46,1,47,2
2020-05-03,Marin,041,260295,254,243,1,244,13
2020-05-03,Mariposa,043,17540,15,13,0,13,0
2020-05-03,Mendocino,045,87422,12,10,0,10,0
2020-05-03,Merced,047,269075,213,134,0,134,3
2020-05-03,Modoc,049,8938,0,0,0,0,0
2020-05-03,Mono,051,14174,32,25,0,25,1
2020-05-03,Monterey,053,433212,294,235,0,235,6
2020-05-03,Napa,055,140530,85,72,0,72,2
2020-05-03,Nevada,057,99092,41,41,1,42,1
2020-05-03,Orange,059,3164182,4349,2859,32,2891,55
2020-05-03,Placer,061,380077,182,161,0,161,8
2020-05-03,Plumas,063,18699,4,4,0,4,0
2020-05-03,Riverside,065,2383286,5186,4034,16,4050,139
2020-05-03,Sacramento,067,1510023,1161,1109,0,1109,43
2020-05-03,San Benito,069,59416,54,49,0,49,2
2020-05-03,San Bernardino,071,2135413,2968,2123,2,2125,99
2020-05-03,San Diego,073,3302833,4970,3929,0,3929,142
2020-05-03,San Francisco,075,870044,1952,1692,0,1692,30
2020-05-03,San Joaquin,077,732212,621,570,3,573,26
2020-05-03,San Luis Obispo,079,281455,276,200,3,203,1
2020-05-03,San Mateo,081,765935,1526,1277,2,1279,53
2020-05-03,Santa Barbara,083,443738,568,512,4,516,7
2020-05-03,Santa Clara,085,1922200,2718,2235,8,2243,116
2020-05-03,Santa Cruz,087,273765,145,133,0,133,2
2020-05-03,Shasta,089,179085,40,31,0,31,4
2020-05-03,Sierra,091,2930,0,0,0,0,0
2020-05-03,Siskiyou,093,43540,5,5,0,5,0
2020-05-03,Solano,095,438530,362,266,0,266,4
2020-05-03,Sonoma,097,501317,304,254,0,254,4
2020-05-03,Stanislaus,099,539301,486,411,4,415,8
2020-05-03,Sutter,101,95872,31,28,0,28,2
2020-05-03,Tehama,103,63373,2,1,0,1,1
2020-05-03,Trinity,105,12862,1,0,0,0,0
2020-05-03,Tulare,107,460477,1282,736,6,742,40
2020-05-03,Tuolumne,109,53932,3,3,0,3,0
2020-05-03,Ventura,111,848112,776,583,1,584,19
2020-05-03,Yolo,113,214977,190,171,0,171,18
2020-05-03,Yuba,115,75493,19,16,0,16,1
2020-05-02,Alameda,001,1643700,2086,1678,2,1680,63
2020-05-02,Alpine,003,1148,1,1,0,1,0
2020-05-02,Amador,005,37829,8,8,0,8,0
2020-05-02,Butte,007,227075,28,17,1,18,0
2020-05-02,Calaveras,009,45235,13,13,0,13,0
2020-05-02,Colusa,011,21464,3,3,0,3,0
2020-05-02,Contra Costa,013,1133247,1056,929,0,929,28
2020-05-02,Del Norte,015,27424,5,3,0,3,0
2020-05-02,El Dorado,017,186661,64,47,0,47,0
2020-05-02,Fresno,019,978130,1259,629,14,643,8
2020-05-02,Glenn,021,27897,7,5,0,5,0
2020-05-02,Humboldt,023,135768,60,54,0,54,0
2020-05-02,Imperial,025,180216,657,345,0,345,6
2020-05-02,Inyo,027,18085,19,20,0,20,1
2020-05-02,Kern,029,883053,1309,1007,1,1008,8
2020-05-02,Kings,031,150075,291,120,1,121,1
2020-05-02,Lake,033,64148,9,7,0,7,0
2020-05-02,Lassen,035,31185,3,0,2,2,0
2020-05-02,Los Angeles,037,10098052,32287,24955,16,24971,1192
2020-05-02,Madera,039,155013,103,46,1,47,2
2020-05-02,Marin,041,260295,253,243,1,244,13
2020-05-02,Mariposa,043,17540,15,13,0,13,0
2020-05-02,Mendocino,045,87422,12,10,0,10,0
2020-05-02,Merced,047,269075,210,131,0,131,3
2020-05-02,Modoc,049,8938,0,0,0,0,0
2020-05-02,Mono,051,14174,32,25,0,25,1
2020-05-02,Monterey,053,433212,288,225,0,225,5
2020-05-02,Napa,055,140530,85,71,0,71,2
2020-05-02,Nevada,057,99092,41,41,1,42,1
2020-05-02,Orange,059,3164182,4235,2774,32,2806,52
2020-05-02,Placer,061,380077,180,150,0,150,8
2020-05-02,Plumas,063,18699,4,4,0,4,0
2020-05-02,Riverside,065,2383286,5120,3997,16,4013,137
2020-05-02,Sacramento,067,1510023,1158,1097,0,1097,43
2020-05-02,San Benito,069,59416,54,49,0,49,2
2020-05-02,San Bernardino,071,2135413,2929,2124,2,2126,99
2020-05-02,San Diego,073,3302833,4868,3844,0,3844,138
2020-05-02,San Francisco,075,870044,1929,1632,0,1632,29
2020-05-02,San Joaquin,077,732212,613,559,3,562,25
2020-05-02,San Luis Obispo,079,281455,270,193,3,196,1
2020-05-02,San Mateo,081,765935,1510,1272,2,1274,52
2020-05-02,Santa Barbara,083,443738,560,506,4,510,7
2020-05-02,Santa Clara,085,1922200,2708,2203,8,2211,115
2020-05-02,Santa Cruz,087,273765,144,131,0,131,2
2020-05-02,Shasta,089,179085,40,31,0,31,4
2020-05-02,Sierra,091,2930,0,0,0,0,0
2020-05-02,Siskiyou,093,43540,5,5,0,5,0
2020-05-02,Solano,095,438530,355,267,0,267,4
2020-05-02,Sonoma,097,501317,301,250,0,250,3
2020-05-02,Stanislaus,099,539301,478,388,4,392,8
2020-05-02,Sutter,101,95872,31,28,0,28,2
2020-05-02,Tehama,103,63373,2,1,0,1,1
2020-05-02,Trinity,105,12862,1,0,0,0,0
2020-05-02,Tulare,107,460477,1239,711,6,717,35
2020-05-02,Tuolumne,109,53932,3,3,0,3,0
2020-05-02,Ventura,111,848112,762,564,1,565,19
2020-05-02,Yolo,113,214977,190,169,0,169,17
2020-05-02,Yuba,115,75493,19,16,0,16,1
2020-05-01,Alameda,001,1643700,2048,1630,2,1632,63
2020-05-01,Alpine,003,1148,1,1,0,1,0
2020-05-01,Amador,005,37829,8,8,0,8,0
2020-05-01,Butte,007,227075,28,17,1,18,0
2020-05-01,Calaveras,009,45235,13,13,0,13,0
2020-05-01,Colusa,011,21464,3,3,0,3,0
2020-05-01,Contra Costa,013,1133247,1042,915,0,915,28
2020-05-01,Del Norte,015,27424,5,3,0,3,0
2020-05-01,El Dorado,017,186661,64,47,0,47,0
2020-05-01,Fresno,019,978130,1228,617,14,631,7
2020-05-01,Glenn,021,27897,7,4,0,4,0
2020-05-01,Humboldt,023,135768,60,54,0,54,0
2020-05-01,Imperial,025,180216,620,337,0,337,6
2020-05-01,Inyo,027,18085,19,20,0,20,1
2020-05-01,Kern,029,883053,1282,972,1,973,8
2020-05-01,Kings,031,150075,274,112,1,113,1
2020-05-01,Lake,033,64148,9,6,0,6,0
2020-05-01,Lassen,035,31185,3,0,2,2,0
2020-05-01,Los Angeles,037,10098052,31531,24306,16,24322,1155
2020-05-01,Madera,039,155013,99,46,1,47,2
2020-05-01,Marin,041,260295,253,242,1,243,13
2020-05-01,Mariposa,043,17540,15,10,0,10,0
2020-05-01,Mendocino,045,87422,12,11,0,11,0
2020-05-01,Merced,047,269075,207,131,0,131,3
2020-05-01,Modoc,049,8938,0,0,0,0,0
2020-05-01,Mono,051,14174,32,25,0,25,1
2020-05-01,Monterey,053,433212,284,222,0,222,5
2020-05-01,Napa,055,140530,85,69,0,69,2
2020-05-01,Nevada,057,99092,41,41,1,42,1
2020-05-01,Orange,059,3164182,4158,2660,30,2690,51
2020-05-01,Placer,061,380077,179,149,0,149,8
2020-05-01,Plumas,063,18699,4,4,0,4,0
2020-05-01,Riverside,065,2383286,5056,3893,16,3909,132
2020-05-01,Sacramento,067,1510023,1153,1081,0,1081,43
2020-05-01,San Benito,069,59416,54,49,0,49,2
2020-05-01,San Bernardino,071,2135413,2874,2084,2,2086,98
2020-05-01,San Diego,073,3302833,4777,3713,0,3713,134
2020-05-01,San Francisco,075,870044,1885,1552,0,1552,29
2020-05-01,San Joaquin,077,732212,609,554,3,557,25
2020-05-01,San Luis Obispo,079,281455,267,186,3,189,1
2020-05-01,San Mateo,081,765935,1488,1222,2,1224,52
2020-05-01,Santa Barbara,083,443738,554,499,3,502,7
2020-05-01,Santa Clara,085,1922200,2696,2176,8,2184,112
2020-05-01,Santa Cruz,087,273765,144,127,0,127,2
2020-05-01,Shasta,089,179085,40,31,0,31,4
2020-05-01,Sierra,091,2930,0,0,0,0,0
2020-05-01,Siskiyou,093,43540,5,5,0,5,0
2020-05-01,Solano,095,438530,347,266,0,266,4
2020-05-01,Sonoma,097,501317,298,242,0,242,3
2020-05-01,Stanislaus,099,539301,473,384,4,388,8
2020-05-01,Sutter,101,95872,31,28,0,28,2
2020-05-01,Tehama,103,63373,2,1,0,1,1
2020-05-01,Trinity,105,12862,1,0,0,0,0
2020-05-01,Tulare,107,460477,1195,685,6,691,32
2020-05-01,Tuolumne,109,53932,3,3,0,3,0
2020-05-01,Ventura,111,848112,749,556,1,557,18
2020-05-01,Yolo,113,214977,190,165,0,165,18
2020-05-01,Yuba,115,75493,19,16,0,16,1
2020-04-30,Alameda,001,1643700,1988,1599,2,1601,60
2020-04-30,Alpine,003,1148,1,1,0,1,0
2020-04-30,Amador,005,37829,8,8,0,8,0
2020-04-30,Butte,007,227075,28,16,1,17,0
2020-04-30,Calaveras,009,45235,13,13,0,13,0
2020-04-30,Colusa,011,21464,3,3,0,3,0
2020-04-30,Contra Costa,013,1133247,1020,900,0,900,25
2020-04-30,Del Norte,015,27424,4,3,0,3,0
2020-04-30,El Dorado,017,186661,64,44,0,44,0
2020-04-30,Fresno,019,978130,1163,562,11,573,7
2020-04-30,Glenn,021,27897,7,4,0,4,0
2020-04-30,Humboldt,023,135768,60,54,0,54,0
2020-04-30,Imperial,025,180216,574,322,0,322,6
2020-04-30,Inyo,027,18085,19,20,0,20,1
2020-04-30,Kern,029,883053,1250,941,1,942,8
2020-04-30,Kings,031,150075,262,87,1,88,1
2020-04-30,Lake,033,64148,9,6,0,6,0
2020-04-30,Lassen,035,31185,3,0,2,2,0
2020-04-30,Los Angeles,037,10098052,30521,23284,16,23300,1099
2020-04-30,Madera,039,155013,88,46,1,47,2
2020-04-30,Marin,041,260295,253,240,1,241,13
2020-04-30,Mariposa,043,17540,15,3,0,3,0
2020-04-30,Mendocino,045,87422,12,11,0,11,0
2020-04-30,Merced,047,269075,200,122,0,122,3
2020-04-30,Modoc,049,8938,0,0,0,0,0
2020-04-30,Mono,051,14174,31,25,0,25,1
2020-04-30,Monterey,053,433212,274,213,0,213,5
2020-04-30,Napa,055,140530,83,69,0,69,2
2020-04-30,Nevada,057,99092,41,41,1,42,1
2020-04-30,Orange,059,3164182,3935,2591,27,2618,46
2020-04-30,Placer,061,380077,178,148,0,148,8
2020-04-30,Plumas,063,18699,4,4,0,4,0
2020-04-30,Riverside,065,2383286,4956,3820,15,3835,124
2020-04-30,Sacramento,067,1510023,1147,1071,0,1071,43
2020-04-30,San Benito,069,59416,54,48,0,48,2
2020-04-30,San Bernardino,071,2135413,2672,2020,2,2022,96
2020-04-30,San Diego,073,3302833,4606,3566,0,3566,124
2020-04-30,San Francisco,075,870044,1851,1518,0,1518,26
2020-04-30,San Joaquin,077,732212,601,548,3,551,25
2020-04-30,San Luis Obispo,079,281455,264,182,3,185,1
2020-04-30,San Mateo,081,765935,1458,1194,2,1196,52
2020-04-30,Santa Barbara,083,443738,542,490,3,493,7
2020-04-30,Santa Clara,085,1922200,2656,2172,8,2180,111
2020-04-30,Santa Cruz,087,273765,143,126,0,126,2
2020-04-30,Shasta,089,179085,39,31,0,31,4
2020-04-30,Sierra,091,2930,0,0,0,0,0
2020-04-30,Siskiyou,093,43540,5,5,0,5,0
2020-04-30,Solano,095,438530,337,262,0,262,4
2020-04-30,Sonoma,097,501317,289,233,0,233,3
2020-04-30,Stanislaus,099,539301,466,378,4,382,7
2020-04-30,Sutter,101,95872,31,28,0,28,2
2020-04-30,Tehama,103,63373,1,1,0,1,1
2020-04-30,Trinity,105,12862,1,0,0,0,0
2020-04-30,Tulare,107,460477,1129,637,6,643,31
2020-04-30,Tuolumne,109,53932,3,3,0,3,0
2020-04-30,Ventura,111,848112,721,547,1,548,18
2020-04-30,Yolo,113,214977,189,164,0,164,16
2020-04-30,Yuba,115,75493,19,15,0,15,1
2020-04-29,Alameda,001,1643700,1930,1564,2,1566,60
2020-04-29,Alpine,003,1148,1,1,0,1,0
2020-04-29,Amador,005,37829,8,8,0,8,0
2020-04-29,Butte,007,227075,28,16,1,17,0
2020-04-29,Calaveras,009,45235,13,13,0,13,0
2020-04-29,Colusa,011,21464,3,3,0,3,0
2020-04-29,Contra Costa,013,1133247,1001,885,0,885,25
2020-04-29,Del Norte,015,27424,4,3,0,3,0
2020-04-29,El Dorado,017,186661,62,44,0,44,0
2020-04-29,Fresno,019,978130,1111,544,11,555,7
2020-04-29,Glenn,021,27897,7,4,0,4,0
2020-04-29,Humboldt,023,135768,60,53,0,53,0
2020-04-29,Imperial,025,180216,544,300,0,300,6
2020-04-29,Inyo,027,18085,19,20,0,20,1
2020-04-29,Kern,029,883053,1207,910,1,911,6
2020-04-29,Kings,031,150075,243,80,1,81,1
2020-04-29,Lake,033,64148,9,6,0,6,0
2020-04-29,Lassen,035,31185,3,0,2,2,0
2020-04-29,Los Angeles,037,10098052,29544,22560,15,22575,1043
2020-04-29,Madera,039,155013,86,45,1,46,2
2020-04-29,Marin,041,260295,250,234,1,235,13
2020-04-29,Mariposa,043,17540,15,1,0,1,0
2020-04-29,Mendocino,045,87422,12,11,0,11,0
2020-04-29,Merced,047,269075,193,116,0,116,3
2020-04-29,Modoc,049,8938,0,0,0,0,0
2020-04-29,Mono,051,14174,31,25,0,25,1
2020-04-29,Monterey,053,433212,266,204,0,204,5
2020-04-29,Napa,055,140530,81,68,0,68,2
2020-04-29,Nevada,057,99092,41,41,1,42,1
2020-04-29,Orange,059,3164182,3800,2421,26,2447,43
2020-04-29,Placer,061,380077,176,145,0,145,8
2020-04-29,Plumas,063,18699,4,4,0,4,0
2020-04-29,Riverside,065,2383286,4879,3700,15,3715,116
2020-04-29,Sacramento,067,1510023,1125,1055,0,1055,41
2020-04-29,San Benito,069,59416,54,48,0,48,2
2020-04-29,San Bernardino,071,2135413,2585,1975,1,1976,91
2020-04-29,San Diego,073,3302833,4464,3434,0,3434,120
2020-04-29,San Francisco,075,870044,1823,1489,0,1489,23
2020-04-29,San Joaquin,077,732212,593,540,3,543,25
2020-04-29,San Luis Obispo,079,281455,262,181,3,184,1
2020-04-29,San Mateo,081,765935,1432,1170,2,1172,50
2020-04-29,Santa Barbara,083,443738,529,477,3,480,7
2020-04-29,Santa Clara,085,1922200,2629,2147,8,2155,108
2020-04-29,Santa Cruz,087,273765,142,124,0,124,2
2020-04-29,Shasta,089,179085,38,31,0,31,4
2020-04-29,Sierra,091,2930,0,0,0,0,0
2020-04-29,Siskiyou,093,43540,5,5,0,5,0
2020-04-29,Solano,095,438530,313,252,0,252,3
2020-04-29,Sonoma,097,501317,281,230,0,230,2
2020-04-29,Stanislaus,099,539301,453,374,4,378,5
2020-04-29,Sutter,101,95872,31,28,0,28,2
2020-04-29,Tehama,103,63373,1,1,0,1,1
2020-04-29,Trinity,105,12862,1,0,0,0,0
2020-04-29,Tulare,107,460477,1056,615,5,620,30
2020-04-29,Tuolumne,109,53932,3,4,0,4,0
2020-04-29,Ventura,111,848112,697,530,1,531,18
2020-04-29,Yolo,113,214977,186,161,0,161,11
2020-04-29,Yuba,115,75493,19,15,0,15,1
2020-04-28,Alameda,001,1643700,1873,1525,2,1527,55
2020-04-28,Alpine,003,1148,1,1,0,1,0
2020-04-28,Amador,005,37829,8,8,0,8,0
2020-04-28,Butte,007,227075,28,16,1,17,0
2020-04-28,Calaveras,009,45235,13,13,0,13,0
2020-04-28,Colusa,011,21464,3,3,0,3,0
2020-04-28,Contra Costa,013,1133247,994,866,0,866,25
2020-04-28,Del Norte,015,27424,4,3,0,3,0
2020-04-28,El Dorado,017,186661,61,43,0,43,0
2020-04-28,Fresno,019,978130,1060,525,9,534,7
2020-04-28,Glenn,021,27897,5,4,0,4,0
2020-04-28,Humboldt,023,135768,59,53,0,53,0
2020-04-28,Imperial,025,180216,510,295,0,295,6
2020-04-28,Inyo,027,18085,19,20,0,20,1
2020-04-28,Kern,029,883053,1164,882,1,883,5
2020-04-28,Kings,031,150075,230,57,1,58,1
2020-04-28,Lake,033,64148,9,6,0,6,0
2020-04-28,Lassen,035,31185,3,0,2,2,0
2020-04-28,Los Angeles,037,10098052,28480,21029,15,21044,984
2020-04-28,Madera,039,155013,86,44,1,45,2
2020-04-28,Marin,041,260295,249,228,1,229,12
2020-04-28,Mariposa,043,17540,15,0,0,0,0
2020-04-28,Mendocino,045,87422,12,10,0,10,0
2020-04-28,Merced,047,269075,186,108,0,108,3
2020-04-28,Modoc,049,8938,0,0,0,0,0
2020-04-28,Mono,051,14174,31,25,0,25,1
2020-04-28,Monterey,053,433212,260,191,0,191,5
2020-04-28,Napa,055,140530,80,67,0,67,2
2020-04-28,Nevada,057,99092,41,41,1,42,1
2020-04-28,Orange,059,3164182,3637,2324,25,2349,42
2020-04-28,Placer,061,380077,166,143,0,143,8
2020-04-28,Plumas,063,18699,4,4,0,4,0
2020-04-28,Riverside,065,2383286,4784,3504,15,3519,113
2020-04-28,Sacramento,067,1510023,1110,1044,0,1044,41
2020-04-28,San Benito,069,59416,52,46,0,46,2
2020-04-28,San Bernardino,071,2135413,2508,1891,1,1892,89
2020-04-28,San Diego,073,3302833,4334,3316,0,3316,118
2020-04-28,San Francisco,075,870044,1788,1471,0,1471,23
2020-04-28,San Joaquin,077,732212,587,532,3,535,25
2020-04-28,San Luis Obispo,079,281455,255,172,3,175,1
2020-04-28,San Mateo,081,765935,1419,1129,2,1131,48
2020-04-28,Santa Barbara,083,443738,524,469,2,471,7
2020-04-28,Santa Clara,085,1922200,2595,2130,8,2138,106
2020-04-28,Santa Cruz,087,273765,142,123,0,123,2
2020-04-28,Shasta,089,179085,38,29,0,29,4
2020-04-28,Sierra,091,2930,0,0,0,0,0
2020-04-28,Siskiyou,093,43540,5,5,0,5,0
2020-04-28,Solano,095,438530,294,246,0,246,3
2020-04-28,Sonoma,097,501317,278,226,0,226,1
2020-04-28,Stanislaus,099,539301,437,330,4,334,5
2020-04-28,Sutter,101,95872,31,25,0,25,2
2020-04-28,Tehama,103,63373,1,1,0,1,1
2020-04-28,Trinity,105,12862,1,0,0,0,0
2020-04-28,Tulare,107,460477,960,579,5,584,30
2020-04-28,Tuolumne,109,53932,3,4,0,4,0
2020-04-28,Ventura,111,848112,677,517,1,518,17
2020-04-28,Yolo,113,214977,186,160,0,160,10
2020-04-28,Yuba,115,75493,19,15,0,15,1
2020-04-27,Alameda,001,1643700,1813,1494,2,1496,53
2020-04-27,Alpine,003,1148,1,1,0,1,0
2020-04-27,Amador,005,37829,8,8,0,8,0
2020-04-27,Butte,007,227075,27,16,1,17,0
2020-04-27,Calaveras,009,45235,13,13,0,13,0
2020-04-27,Colusa,011,21464,3,3,0,3,0
2020-04-27,Contra Costa,013,1133247,982,843,0,843,25
2020-04-27,Del Norte,015,27424,4,3,0,3,0
2020-04-27,El Dorado,017,186661,60,43,0,43,0
2020-04-27,Fresno,019,978130,957,504,8,512,7
2020-04-27,Glenn,021,27897,5,4,0,4,0
2020-04-27,Humboldt,023,135768,59,52,0,52,0
2020-04-27,Imperial,025,180216,480,290,0,290,6
2020-04-27,Inyo,027,18085,19,20,0,20,1
2020-04-27,Kern,029,883053,1125,865,1,866,4
2020-04-27,Kings,031,150075,207,48,1,49,1
2020-04-27,Lake,033,64148,8,6,0,6,0
2020-04-27,Lassen,035,31185,3,0,2,2,0
2020-04-27,Los Angeles,037,10098052,27461,20456,15,20471,931
2020-04-27,Madera,039,155013,84,42,1,43,2
2020-04-27,Marin,041,260295,244,227,1,228,12
2020-04-27,Mariposa,043,17540,14,0,0,0,0
2020-04-27,Mendocino,045,87422,12,10,0,10,0
2020-04-27,Merced,047,269075,183,108,0,108,3
2020-04-27,Modoc,049,8938,0,0,0,0,0
2020-04-27,Mono,051,14174,31,23,0,23,1
2020-04-27,Monterey,053,433212,253,185,0,185,4
2020-04-27,Napa,055,140530,77,64,0,64,2
2020-04-27,Nevada,057,99092,41,39,1,40,1
2020-04-27,Orange,059,3164182,3468,2198,25,2223,42
2020-04-27,Placer,061,380077,166,142,0,142,8
2020-04-27,Plumas,063,18699,4,4,0,4,0
2020-04-27,Riverside,065,2383286,4661,3381,15,3396,100
2020-04-27,Sacramento,067,1510023,1095,1035,0,1035,41
2020-04-27,San Benito,069,59416,50,45,0,45,2
2020-04-27,San Bernardino,071,2135413,2394,1742,1,1743,82
2020-04-27,San Diego,073,3302833,4208,3143,0,3143,113
2020-04-27,San Francisco,075,870044,1734,1453,0,1453,23
2020-04-27,San Joaquin,077,732212,581,522,3,525,25
2020-04-27,San Luis Obispo,079,281455,247,166,3,169,1
2020-04-27,San Mateo,081,765935,1397,1092,2,1094,46
2020-04-27,Santa Barbara,083,443738,516,466,2,468,7
2020-04-27,Santa Clara,085,1922200,2570,2104,7,2111,105
2020-04-27,Santa Cruz,087,273765,142,123,0,123,2
2020-04-27,Shasta,089,179085,38,29,0,29,4
2020-04-27,Sierra,091,2930,0,0,0,0,0
2020-04-27,Siskiyou,093,43540,5,5,0,5,0
2020-04-27,Solano,095,438530,294,222,0,222,3
2020-04-27,Sonoma,097,501317,269,220,0,220,1
2020-04-27,Stanislaus,099,539301,421,316,4,320,5
2020-04-27,Sutter,101,95872,29,26,0,26,2
2020-04-27,Tehama,103,63373,1,1,0,1,1
2020-04-27,Trinity,105,12862,1,0,0,0,0
2020-04-27,Tulare,107,460477,889,535,5,540,28
2020-04-27,Tuolumne,109,53932,3,3,0,3,0
2020-04-27,Ventura,111,848112,658,513,1,514,17
2020-04-27,Yolo,113,214977,183,160,0,160,9
2020-04-27,Yuba,115,75493,19,15,0,15,1
2020-04-26,Alameda,001,1643700,1752,1449,2,1451,52
2020-04-26,Alpine,003,1148,1,1,0,1,0
2020-04-26,Amador,005,37829,8,8,0,8,0
2020-04-26,Butte,007,227075,27,16,1,17,0
2020-04-26,Calaveras,009,45235,13,13,0,13,0
2020-04-26,Colusa,011,21464,3,3,0,3,0
2020-04-26,Contra Costa,013,1133247,966,830,0,830,25
2020-04-26,Del Norte,015,27424,3,3,0,3,0
2020-04-26,El Dorado,017,186661,58,41,0,41,0
2020-04-26,Fresno,019,978130,863,476,7,483,7
2020-04-26,Glenn,021,27897,5,4,0,4,0
2020-04-26,Humboldt,023,135768,59,53,0,53,0
2020-04-26,Imperial,025,180216,446,272,0,272,6
2020-04-26,Inyo,027,18085,19,20,0,20,1
2020-04-26,Kern,029,883053,1075,831,1,832,4
2020-04-26,Kings,031,150075,182,33,1,34,1
2020-04-26,Lake,033,64148,8,6,0,6,0
2020-04-26,Lassen,035,31185,3,0,2,2,0
2020-04-26,Los Angeles,037,10098052,26303,19570,15,19585,901
2020-04-26,Madera,039,155013,82,39,1,40,2
2020-04-26,Marin,041,260295,238,225,1,226,12
2020-04-26,Mariposa,043,17540,14,0,0,0,0
2020-04-26,Mendocino,045,87422,12,5,0,5,0
2020-04-26,Merced,047,269075,166,104,0,104,3
2020-04-26,Modoc,049,8938,0,0,0,0,0
2020-04-26,Mono,051,14174,31,23,0,23,1
2020-04-26,Monterey,053,433212,246,182,0,182,4
2020-04-26,Napa,055,140530,76,62,0,62,2
2020-04-26,Nevada,057,99092,41,37,1,38,1
2020-04-26,Orange,059,3164182,3303,2124,25,2149,40
2020-04-26,Placer,061,380077,165,141,0,141,8
2020-04-26,Plumas,063,18699,4,4,0,4,0
2020-04-26,Riverside,065,2383286,4518,3301,15,3316,95
2020-04-26,Sacramento,067,1510023,1086,1027,0,1027,41
2020-04-26,San Benito,069,59416,50,45,0,45,2
2020-04-26,San Bernardino,071,2135413,2298,1681,1,1682,82
2020-04-26,San Diego,073,3302833,4066,3045,0,3045,111
2020-04-26,San Francisco,075,870044,1695,1403,0,1403,23
2020-04-26,San Joaquin,077,732212,573,514,3,517,25
2020-04-26,San Luis Obispo,079,281455,244,165,3,168,1
2020-04-26,San Mateo,081,765935,1371,1070,2,1072,46
2020-04-26,Santa Barbara,083,443738,509,464,2,466,7
2020-04-26,Santa Clara,085,1922200,2547,2097,6,2103,102
2020-04-26,Santa Cruz,087,273765,142,116,0,116,2
2020-04-26,Shasta,089,179085,35,29,0,29,4
2020-04-26,Sierra,091,2930,0,0,0,0,0
2020-04-26,Siskiyou,093,43540,5,5,0,5,0
2020-04-26,Solano,095,438530,285,205,0,205,3
2020-04-26,Sonoma,097,501317,258,216,0,216,1
2020-04-26,Stanislaus,099,539301,406,294,4,298,4
2020-04-26,Sutter,101,95872,29,26,0,26,2
2020-04-26,Tehama,103,63373,1,1,0,1,1
2020-04-26,Trinity,105,12862,1,0,0,0,0
2020-04-26,Tulare,107,460477,830,497,5,502,28
2020-04-26,Tuolumne,109,53932,3,3,0,3,0
2020-04-26,Ventura,111,848112,640,509,1,510,17
2020-04-26,Yolo,113,214977,182,158,0,158,8
2020-04-26,Yuba,115,75493,18,15,0,15,1
2020-04-25,Alameda,001,1643700,1727,1396,2,1398,52
2020-04-25,Alpine,003,1148,1,1,0,1,0
2020-04-25,Amador,005,37829,8,8,0,8,0
2020-04-25,Butte,007,227075,26,16,1,17,0
2020-04-25,Calaveras,009,45235,13,12,0,12,0
2020-04-25,Colusa,011,21464,3,3,0,3,0
2020-04-25,Contra Costa,013,1133247,952,821,0,821,24
2020-04-25,Del Norte,015,27424,2,2,0,2,0
2020-04-25,El Dorado,017,186661,57,41,0,41,0
2020-04-25,Fresno,019,978130,831,459,6,465,7
2020-04-25,Glenn,021,27897,5,4,0,4,0
2020-04-25,Humboldt,023,135768,59,53,0,53,0
2020-04-25,Imperial,025,180216,429,232,0,232,6
2020-04-25,Inyo,027,18085,19,20,0,20,1
2020-04-25,Kern,029,883053,1044,802,1,803,4
2020-04-25,Kings,031,150075,170,33,1,34,1
2020-04-25,Lake,033,64148,6,6,0,6,0
2020-04-25,Lassen,035,31185,3,0,2,2,0
2020-04-25,Los Angeles,037,10098052,25670,19144,15,19159,881
2020-04-25,Madera,039,155013,79,39,1,40,2
2020-04-25,Marin,041,260295,238,215,1,216,12
2020-04-25,Mariposa,043,17540,14,0,0,0,0
2020-04-25,Mendocino,045,87422,11,5,0,5,0
2020-04-25,Merced,047,269075,166,103,0,103,3
2020-04-25,Modoc,049,8938,0,0,0,0,0
2020-04-25,Mono,051,14174,31,23,0,23,1
2020-04-25,Monterey,053,433212,244,173,0,173,4
2020-04-25,Napa,055,140530,76,60,0,60,2
2020-04-25,Nevada,057,99092,41,37,1,38,1
2020-04-25,Orange,059,3164182,3195,2047,25,2072,40
2020-04-25,Placer,061,380077,165,137,0,137,8
2020-04-25,Plumas,063,18699,4,4,0,4,0
2020-04-25,Riverside,065,2383286,4428,3037,15,3052,93
2020-04-25,Sacramento,067,1510023,1084,1015,0,1015,41
2020-04-25,San Benito,069,59416,50,45,0,45,2
2020-04-25,San Bernardino,071,2135413,2252,1675,1,1676,82
2020-04-25,San Diego,073,3302833,3965,2945,0,2945,111
2020-04-25,San Francisco,075,870044,1670,1341,0,1341,22
2020-04-25,San Joaquin,077,732212,566,497,3,500,24
2020-04-25,San Luis Obispo,079,281455,243,159,3,162,1
2020-04-25,San Mateo,081,765935,1353,1054,2,1056,46
2020-04-25,Santa Barbara,083,443738,502,457,2,459,7
2020-04-25,Santa Clara,085,1922200,2525,2045,5,2050,99
2020-04-25,Santa Cruz,087,273765,142,112,0,112,2
2020-04-25,Shasta,089,179085,35,29,0,29,4
2020-04-25,Sierra,091,2930,0,0,0,0,0
2020-04-25,Siskiyou,093,43540,5,5,0,5,0
2020-04-25,Solano,095,438530,281,203,0,203,3
2020-04-25,Sonoma,097,501317,254,199,0,199,1
2020-04-25,Stanislaus,099,539301,398,276,4,280,4
2020-04-25,Sutter,101,95872,29,24,0,24,2
2020-04-25,Tehama,103,63373,1,1,0,1,1
2020-04-25,Trinity,105,12862,0,0,0,0,0
2020-04-25,Tulare,107,460477,797,478,5,483,28
2020-04-25,Tuolumne,109,53932,3,2,0,2,0
2020-04-25,Ventura,111,848112,626,494,1,495,16
2020-04-25,Yolo,113,214977,182,157,0,157,8
2020-04-25,Yuba,115,75493,17,15,0,15,1
2020-04-24,Alameda,001,1643700,1696,1385,2,1387,50
2020-04-24,Alpine,003,1148,1,1,0,1,0
2020-04-24,Amador,005,37829,8,8,0,8,0
2020-04-24,Butte,007,227075,25,15,1,16,0
2020-04-24,Calaveras,009,45235,13,12,0,12,0
2020-04-24,Colusa,011,21464,3,3,0,3,0
2020-04-24,Contra Costa,013,1133247,943,806,0,806,23
2020-04-24,Del Norte,015,27424,2,2,0,2,0
2020-04-24,El Dorado,017,186661,56,41,0,41,0
2020-04-24,Fresno,019,978130,808,449,6,455,7
2020-04-24,Glenn,021,27897,5,4,0,4,0
2020-04-24,Humboldt,023,135768,59,53,0,53,0
2020-04-24,Imperial,025,180216,413,232,0,232,6
2020-04-24,Inyo,027,18085,19,20,0,20,0
2020-04-24,Kern,029,883053,1020,770,1,771,4
2020-04-24,Kings,031,150075,141,30,1,31,1
2020-04-24,Lake,033,64148,6,6,0,6,0
2020-04-24,Lassen,035,31185,3,0,2,2,0
2020-04-24,Los Angeles,037,10098052,24740,18553,15,18568,836
2020-04-24,Madera,039,155013,79,39,1,40,2
2020-04-24,Marin,041,260295,238,211,1,212,11
2020-04-24,Mariposa,043,17540,8,0,0,0,0
2020-04-24,Mendocino,045,87422,11,5,0,5,0
2020-04-24,Merced,047,269075,163,102,0,102,3
2020-04-24,Modoc,049,8938,0,0,0,0,0
2020-04-24,Mono,051,14174,30,23,0,23,1
2020-04-24,Monterey,053,433212,237,167,0,167,4
2020-04-24,Napa,055,140530,75,59,0,59,2
2020-04-24,Nevada,057,99092,41,36,1,37,1
2020-04-24,Orange,059,3164182,3088,1945,25,1970,39
2020-04-24,Placer,061,380077,163,137,0,137,8
2020-04-24,Plumas,063,18699,4,4,0,4,0
2020-04-24,Riverside,065,2383286,4347,3044,15,3059,87
2020-04-24,Sacramento,067,1510023,1078,1009,0,1009,41
2020-04-24,San Benito,069,59416,50,45,0,45,2
2020-04-24,San Bernardino,071,2135413,2217,1667,1,1668,80
2020-04-24,San Diego,073,3302833,3854,2828,0,2828,102
2020-04-24,San Francisco,075,870044,1612,1345,0,1345,22
2020-04-24,San Joaquin,077,732212,559,484,3,487,24
2020-04-24,San Luis Obispo,079,281455,240,151,3,154,1
2020-04-24,San Mateo,081,765935,1330,1004,2,1006,43
2020-04-24,Santa Barbara,083,443738,496,450,2,452,6
2020-04-24,Santa Clara,085,1922200,2483,2026,5,2031,98
2020-04-24,Santa Cruz,087,273765,138,111,0,111,2
2020-04-24,Shasta,089,179085,35,28,0,28,4
2020-04-24,Sierra,091,2930,0,0,0,0,0
2020-04-24,Siskiyou,093,43540,5,5,0,5,0
2020-04-24,Solano,095,438530,279,203,0,203,3
2020-04-24,Sonoma,097,501317,250,199,0,199,1
2020-04-24,Stanislaus,099,539301,395,273,4,277,4
2020-04-24,Sutter,101,95872,28,24,0,24,2
2020-04-24,Tehama,103,63373,1,1,0,1,1
2020-04-24,Trinity,105,12862,0,0,0,0,0
2020-04-24,Tulare,107,460477,769,459,5,464,27
2020-04-24,Tuolumne,109,53932,3,2,0,2,0
2020-04-24,Ventura,111,848112,616,489,1,490,16
2020-04-24,Yolo,113,214977,181,155,0,155,8
2020-04-24,Yuba,115,75493,16,15,0,15,1
2020-04-23,Alameda,001,1643700,1658,1336,2,1338,46
2020-04-23,Alpine,003,1148,1,1,0,1,0
2020-04-23,Amador,005,37829,8,8,0,8,0
2020-04-23,Butte,007,227075,25,15,1,16,0
2020-04-23,Calaveras,009,45235,13,12,0,12,0
2020-04-23,Colusa,011,21464,3,3,0,3,0
2020-04-23,Contra Costa,013,1133247,922,786,0,786,23
2020-04-23,Del Norte,015,27424,2,2,0,2,0
2020-04-23,El Dorado,017,186661,55,39,0,39,0
2020-04-23,Fresno,019,978130,770,426,6,432,7
2020-04-23,Glenn,021,27897,5,3,0,3,0
2020-04-23,Humboldt,023,135768,59,53,0,53,0
2020-04-23,Imperial,025,180216,392,181,0,181,4
2020-04-23,Inyo,027,18085,19,19,0,19,0
2020-04-23,Kern,029,883053,972,732,1,733,4
2020-04-23,Kings,031,150075,126,28,1,29,1
2020-04-23,Lake,033,64148,6,6,0,6,0
2020-04-23,Lassen,035,31185,3,0,2,2,0
2020-04-23,Los Angeles,037,10098052,23679,17548,14,17562,784
2020-04-23,Madera,039,155013,77,37,1,38,2
2020-04-23,Marin,041,260295,225,209,1,210,11
2020-04-23,Mariposa,043,17540,7,0,0,0,0
2020-04-23,Mendocino,045,87422,9,5,0,5,0
2020-04-23,Merced,047,269075,159,98,0,98,3
2020-04-23,Modoc,049,8938,0,0,0,0,0
2020-04-23,Mono,051,14174,30,23,0,23,1
2020-04-23,Monterey,053,433212,233,161,0,161,4
2020-04-23,Napa,055,140530,68,59,0,59,2
2020-04-23,Nevada,057,99092,41,36,1,37,1
2020-04-23,Orange,059,3164182,2909,1841,24,1865,37
2020-04-23,Placer,061,380077,160,136,0,136,8
2020-04-23,Plumas,063,18699,4,4,0,4,0
2020-04-23,Riverside,065,2383286,4233,2935,14,2949,78
2020-04-23,Sacramento,067,1510023,1066,978,0,978,41
2020-04-23,San Benito,069,59416,47,43,0,43,2
2020-04-23,San Bernardino,071,2135413,2152,1604,1,1605,79
2020-04-23,San Diego,073,3302833,3693,2645,0,2645,100
2020-04-23,San Francisco,075,870044,1587,1312,0,1312,21
2020-04-23,San Joaquin,077,732212,549,479,3,482,20
2020-04-23,San Luis Obispo,079,281455,236,146,3,149,1
2020-04-23,San Mateo,081,765935,1291,970,2,972,42
2020-04-23,Santa Barbara,083,443738,490,445,2,447,6
2020-04-23,Santa Clara,085,1922200,2448,1996,5,2001,95
2020-04-23,Santa Cruz,087,273765,137,110,0,110,2
2020-04-23,Shasta,089,179085,35,27,0,27,3
2020-04-23,Sierra,091,2930,0,0,0,0,0
2020-04-23,Siskiyou,093,43540,5,5,0,5,0
2020-04-23,Solano,095,438530,265,196,0,196,3
2020-04-23,Sonoma,097,501317,238,187,0,187,1
2020-04-23,Stanislaus,099,539301,391,254,4,258,4
2020-04-23,Sutter,101,95872,28,24,0,24,2
2020-04-23,Tehama,103,63373,1,1,0,1,1
2020-04-23,Trinity,105,12862,0,0,0,0,0
2020-04-23,Tulare,107,460477,740,440,5,445,25
2020-04-23,Tuolumne,109,53932,3,2,0,2,0
2020-04-23,Ventura,111,848112,602,479,1,480,16
2020-04-23,Yolo,113,214977,178,151,0,151,8
2020-04-23,Yuba,115,75493,16,15,0,15,1
2020-04-22,Alameda,001,1643700,1609,1275,2,1277,46
2020-04-22,Alpine,003,1148,1,1,0,1,0
2020-04-22,Amador,005,37829,8,7,0,7,0
2020-04-22,Butte,007,227075,24,15,1,16,0
2020-04-22,Calaveras,009,45235,13,12,0,12,0
2020-04-22,Colusa,011,21464,3,3,0,3,0
2020-04-22,Contra Costa,013,1133247,907,772,0,772,22
2020-04-22,Del Norte,015,27424,2,2,0,2,0
2020-04-22,El Dorado,017,186661,55,39,0,39,0
2020-04-22,Fresno,019,978130,730,388,6,394,7
2020-04-22,Glenn,021,27897,5,3,0,3,0
2020-04-22,Humboldt,023,135768,59,53,0,53,0
2020-04-22,Imperial,025,180216,381,170,0,170,3
2020-04-22,Inyo,027,18085,19,18,0,18,0
2020-04-22,Kern,029,883053,950,713,1,714,4
2020-04-22,Kings,031,150075,105,28,1,29,1
2020-04-22,Lake,033,64148,6,6,0,6,0
2020-04-22,Lassen,035,31185,3,0,2,2,0
2020-04-22,Los Angeles,037,10098052,22654,16400,14,16414,715
2020-04-22,Madera,039,155013,75,37,1,38,2
2020-04-22,Marin,041,260295,223,202,1,203,11
2020-04-22,Mariposa,043,17540,6,0,0,0,0
2020-04-22,Mendocino,045,87422,6,5,0,5,0
2020-04-22,Merced,047,269075,147,92,0,92,3
2020-04-22,Modoc,049,8938,0,0,0,0,0
2020-04-22,Mono,051,14174,29,23,0,23,1
2020-04-22,Monterey,053,433212,226,154,0,154,4
2020-04-22,Napa,055,140530,67,58,0,58,2
2020-04-22,Nevada,057,99092,41,36,1,37,1
2020-04-22,Orange,059,3164182,2815,1785,23,1808,36
2020-04-22,Placer,061,380077,158,133,0,133,8
2020-04-22,Plumas,063,18699,4,4,0,4,0
2020-04-22,Riverside,065,2383286,4129,2822,14,2836,76
2020-04-22,Sacramento,067,1510023,1061,959,0,959,36
2020-04-22,San Benito,069,59416,46,43,0,43,2
2020-04-22,San Bernardino,071,2135413,2089,1564,1,1565,74
2020-04-22,San Diego,073,3302833,3565,2493,0,2493,96
2020-04-22,San Francisco,075,870044,1550,1255,0,1255,21
2020-04-22,San Joaquin,077,732212,538,462,3,465,20
2020-04-22,San Luis Obispo,079,281455,227,142,3,145,1
2020-04-22,San Mateo,081,765935,1268,945,2,947,40
2020-04-22,Santa Barbara,083,443738,485,437,2,439,6
2020-04-22,Santa Clara,085,1922200,2432,1969,5,1974,95
2020-04-22,Santa Cruz,087,273765,133,106,0,106,2
2020-04-22,Shasta,089,179085,34,26,0,26,3
2020-04-22,Sierra,091,2930,0,0,0,0,0
2020-04-22,Siskiyou,093,43540,5,5,0,5,0
2020-04-22,Solano,095,438530,247,195,0,195,3
2020-04-22,Sonoma,097,501317,235,185,0,185,1
2020-04-22,Stanislaus,099,539301,334,247,4,251,4
2020-04-22,Sutter,101,95872,28,22,0,22,2
2020-04-22,Tehama,103,63373,1,1,0,1,1
2020-04-22,Trinity,105,12862,0,0,0,0,0
2020-04-22,Tulare,107,460477,706,425,5,430,23
2020-04-22,Tuolumne,109,53932,3,2,0,2,0
2020-04-22,Ventura,111,848112,591,465,1,466,15
2020-04-22,Yolo,113,214977,177,147,0,147,8
2020-04-22,Yuba,115,75493,16,15,0,15,1
2020-04-21,Alameda,001,1643700,1579,1234,2,1236,46
2020-04-21,Alpine,003,1148,1,1,0,1,0
2020-04-21,Amador,005,37829,8,7,0,7,0
2020-04-21,Butte,007,227075,23,15,1,16,0
2020-04-21,Calaveras,009,45235,12,12,0,12,0
2020-04-21,Colusa,011,21464,3,3,0,3,0
2020-04-21,Contra Costa,013,1133247,893,766,0,766,22
2020-04-21,Del Norte,015,27424,2,2,0,2,0
2020-04-21,El Dorado,017,186661,54,36,0,36,0
2020-04-21,Fresno,019,978130,696,372,6,378,7
2020-04-21,Glenn,021,27897,5,3,0,3,0
2020-04-21,Humboldt,023,135768,58,53,0,53,0
2020-04-21,Imperial,025,180216,361,165,0,165,2
2020-04-21,Inyo,027,18085,19,18,0,18,0
2020-04-21,Kern,029,883053,908,676,1,677,4
2020-04-21,Kings,031,150075,91,28,1,29,1
2020-04-21,Lake,033,64148,6,6,0,6,0
2020-04-21,Lassen,035,31185,3,0,2,2,0
2020-04-21,Los Angeles,037,10098052,21793,15096,14,15110,650
2020-04-21,Madera,039,155013,75,37,1,38,2
2020-04-21,Marin,041,260295,217,202,1,203,10
2020-04-21,Mariposa,043,17540,5,0,0,0,0
2020-04-21,Mendocino,045,87422,6,5,0,5,0
2020-04-21,Merced,047,269075,143,89,0,89,3
2020-04-21,Modoc,049,8938,0,0,0,0,0
2020-04-21,Mono,051,14174,29,23,0,23,1
2020-04-21,Monterey,053,433212,223,151,0,151,4
2020-04-21,Napa,055,140530,66,58,0,58,2
2020-04-21,Nevada,057,99092,41,36,1,37,1
2020-04-21,Orange,059,3164182,2692,1717,22,1739,36
2020-04-21,Placer,061,380077,156,133,0,133,8
2020-04-21,Plumas,063,18699,4,4,0,4,0
2020-04-21,Riverside,065,2383286,3997,2631,14,2645,68
2020-04-21,Sacramento,067,1510023,1051,941,0,941,33
2020-04-21,San Benito,069,59416,44,43,0,43,2
2020-04-21,San Bernardino,071,2135413,2029,1499,1,1500,71
2020-04-21,San Diego,073,3302833,3409,2436,0,2436,87
2020-04-21,San Francisco,075,870044,1520,1232,0,1232,20
2020-04-21,San Joaquin,077,732212,528,447,3,450,20
2020-04-21,San Luis Obispo,079,281455,219,134,3,137,1
2020-04-21,San Mateo,081,765935,1222,933,2,935,34
2020-04-21,Santa Barbara,083,443738,476,414,2,416,5
2020-04-21,Santa Clara,085,1922200,2382,1943,5,1948,91
2020-04-21,Santa Cruz,087,273765,131,104,0,104,2
2020-04-21,Shasta,089,179085,33,26,0,26,3
2020-04-21,Sierra,091,2930,0,0,0,0,0
2020-04-21,Siskiyou,093,43540,5,5,0,5,0
2020-04-21,Solano,095,438530,239,193,0,193,3
2020-04-21,Sonoma,097,501317,225,182,0,182,1
2020-04-21,Stanislaus,099,539301,315,235,4,239,4
2020-04-21,Sutter,101,95872,28,22,0,22,2
2020-04-21,Tehama,103,63373,1,1,0,1,1
2020-04-21,Trinity,105,12862,0,0,0,0,0
2020-04-21,Tulare,107,460477,669,410,5,415,23
2020-04-21,Tuolumne,109,53932,3,2,0,2,0
2020-04-21,Ventura,111,848112,579,455,1,456,14
2020-04-21,Yolo,113,214977,175,143,0,143,8
2020-04-21,Yuba,115,75493,16,15,0,15,1
2020-04-20,Alameda,001,1643700,1546,1181,2,1183,42
2020-04-20,Alpine,003,1148,1,1,0,1,0
2020-04-20,Amador,005,37829,8,7,0,7,0
2020-04-20,Butte,007,227075,23,15,1,16,0
2020-04-20,Calaveras,009,45235,12,12,0,12,0
2020-04-20,Colusa,011,21464,3,3,0,3,0
2020-04-20,Contra Costa,013,1133247,883,753,0,753,22
2020-04-20,Del Norte,015,27424,2,2,0,2,0
2020-04-20,El Dorado,017,186661,54,36,0,36,0
2020-04-20,Fresno,019,978130,678,356,6,362,7
2020-04-20,Glenn,021,27897,4,3,0,3,0
2020-04-20,Humboldt,023,135768,58,53,0,53,0
2020-04-20,Imperial,025,180216,342,149,0,149,2
2020-04-20,Inyo,027,18085,19,17,0,17,0
2020-04-20,Kern,029,883053,876,651,1,652,3
2020-04-20,Kings,031,150075,80,19,1,20,1
2020-04-20,Lake,033,64148,6,6,0,6,0
2020-04-20,Lassen,035,31185,3,0,2,2,0
2020-04-20,Los Angeles,037,10098052,20877,13787,14,13801,608
2020-04-20,Madera,039,155013,74,35,1,36,2
2020-04-20,Marin,041,260295,213,200,1,201,10
2020-04-20,Mariposa,043,17540,5,0,0,0,0
2020-04-20,Mendocino,045,87422,6,5,0,5,0
2020-04-20,Merced,047,269075,136,88,0,88,3
2020-04-20,Modoc,049,8938,0,0,0,0,0
2020-04-20,Mono,051,14174,29,23,0,23,1
2020-04-20,Monterey,053,433212,214,147,0,147,4
2020-04-20,Napa,055,140530,66,55,0,55,2
2020-04-20,Nevada,057,99092,41,34,1,35,1
2020-04-20,Orange,059,3164182,2608,1679,22,1701,33
2020-04-20,Placer,061,380077,155,132,0,132,8
2020-04-20,Plumas,063,18699,4,4,0,4,0
2020-04-20,Riverside,065,2383286,3872,2477,14,2491,61
2020-04-20,Sacramento,067,1510023,1041,924,0,924,32
2020-04-20,San Benito,069,59416,44,43,0,43,2
2020-04-20,San Bernardino,071,2135413,1942,1344,1,1345,63
2020-04-20,San Diego,073,3302833,3267,2327,0,2327,72
2020-04-20,San Francisco,075,870044,1488,1223,0,1223,19
2020-04-20,San Joaquin,077,732212,524,422,3,425,17
2020-04-20,San Luis Obispo,079,281455,205,132,3,135,1
2020-04-20,San Mateo,081,765935,1199,890,2,892,31
2020-04-20,Santa Barbara,083,443738,469,388,2,390,4
2020-04-20,Santa Clara,085,1922200,2351,1920,5,1925,84
2020-04-20,Santa Cruz,087,273765,129,102,0,102,2
2020-04-20,Shasta,089,179085,33,26,0,26,3
2020-04-20,Sierra,091,2930,0,0,0,0,0
2020-04-20,Siskiyou,093,43540,5,5,0,5,0
2020-04-20,Solano,095,438530,236,185,0,185,2
2020-04-20,Sonoma,097,501317,217,178,0,178,1
2020-04-20,Stanislaus,099,539301,301,228,4,232,3
2020-04-20,Sutter,101,95872,27,22,0,22,2
2020-04-20,Tehama,103,63373,1,1,0,1,1
2020-04-20,Trinity,105,12862,0,0,0,0,0
2020-04-20,Tulare,107,460477,659,401,5,406,20
2020-04-20,Tuolumne,109,53932,3,2,0,2,0
2020-04-20,Ventura,111,848112,565,426,1,427,13
2020-04-20,Yolo,113,214977,174,125,0,125,5
2020-04-20,Yuba,115,75493,16,15,0,15,1
2020-04-19,Alameda,001,1643700,1496,1134,2,1136,41
2020-04-19,Alpine,003,1148,1,1,0,1,0
2020-04-19,Amador,005,37829,7,7,0,7,0
2020-04-19,Butte,007,227075,22,15,1,16,0
2020-04-19,Calaveras,009,45235,12,12,0,12,0
2020-04-19,Colusa,011,21464,3,3,0,3,0
2020-04-19,Contra Costa,013,1133247,867,731,0,731,20
2020-04-19,Del Norte,015,27424,2,2,0,2,0
2020-04-19,El Dorado,017,186661,54,36,0,36,0
2020-04-19,Fresno,019,978130,642,326,6,332,7
2020-04-19,Glenn,021,27897,4,3,0,3,0
2020-04-19,Humboldt,023,135768,58,53,0,53,0
2020-04-19,Imperial,025,180216,316,144,0,144,2
2020-04-19,Inyo,027,18085,19,17,0,17,0
2020-04-19,Kern,029,883053,851,629,1,630,3
2020-04-19,Kings,031,150075,70,17,1,18,1
2020-04-19,Lake,033,64148,6,6,0,6,0
2020-04-19,Lassen,035,31185,3,0,2,2,0
2020-04-19,Los Angeles,037,10098052,19874,12299,14,12313,589
2020-04-19,Madera,039,155013,72,34,1,35,2
2020-04-19,Marin,041,260295,212,194,1,195,10
2020-04-19,Mariposa,043,17540,2,0,0,0,0
2020-04-19,Mendocino,045,87422,6,4,0,4,0
2020-04-19,Merced,047,269075,131,85,0,85,3
2020-04-19,Modoc,049,8938,0,0,0,0,0
2020-04-19,Mono,051,14174,29,23,0,23,1
2020-04-19,Monterey,053,433212,205,140,0,140,4
2020-04-19,Napa,055,140530,64,49,0,49,2
2020-04-19,Nevada,057,99092,40,34,1,35,1
2020-04-19,Orange,059,3164182,2511,1591,21,1612,32
2020-04-19,Placer,061,380077,154,131,0,131,8
2020-04-19,Plumas,063,18699,4,4,0,4,0
2020-04-19,Riverside,065,2383286,3729,2316,14,2330,56
2020-04-19,Sacramento,067,1510023,1014,912,0,912,32
2020-04-19,San Benito,069,59416,42,40,0,40,2
2020-04-19,San Bernardino,071,2135413,1879,1262,1,1263,58
2020-04-19,San Diego,073,3302833,3100,2270,0,2270,71
2020-04-19,San Francisco,075,870044,1455,1153,0,1153,19
2020-04-19,San Joaquin,077,732212,506,404,3,407,17
2020-04-19,San Luis Obispo,079,281455,200,132,3,135,1
2020-04-19,San Mateo,081,765935,1163,845,2,847,31
2020-04-19,Santa Barbara,083,443738,462,377,2,379,3
2020-04-19,Santa Clara,085,1922200,2306,1878,5,1883,81
2020-04-19,Santa Cruz,087,273765,126,98,0,98,2
2020-04-19,Shasta,089,179085,31,26,0,26,3
2020-04-19,Sierra,091,2930,0,0,0,0,0
2020-04-19,Siskiyou,093,43540,5,5,0,5,0
2020-04-19,Solano,095,438530,228,174,0,174,2
2020-04-19,Sonoma,097,501317,211,172,0,172,1
2020-04-19,Stanislaus,099,539301,293,221,4,225,3
2020-04-19,Sutter,101,95872,26,21,0,21,2
2020-04-19,Tehama,103,63373,1,1,0,1,1
2020-04-19,Trinity,105,12862,0,0,0,0,0
2020-04-19,Tulare,107,460477,613,391,5,396,17
2020-04-19,Tuolumne,109,53932,3,2,0,2,0
2020-04-19,Ventura,111,848112,557,418,1,419,13
2020-04-19,Yolo,113,214977,174,120,0,120,5
2020-04-19,Yuba,115,75493,16,15,0,15,1
2020-04-18,Alameda,001,1643700,1471,1085,2,1087,40
2020-04-18,Alpine,003,1148,1,1,0,1,0
2020-04-18,Amador,005,37829,7,7,0,7,0
2020-04-18,Butte,007,227075,21,15,1,16,0
2020-04-18,Calaveras,009,45235,12,12,0,12,0
2020-04-18,Colusa,011,21464,3,3,0,3,0
2020-04-18,Contra Costa,013,1133247,855,721,0,721,17
2020-04-18,Del Norte,015,27424,2,2,0,2,0
2020-04-18,El Dorado,017,186661,54,36,0,36,0
2020-04-18,Fresno,019,978130,622,319,6,325,7
2020-04-18,Glenn,021,27897,4,3,0,3,0
2020-04-18,Humboldt,023,135768,58,52,0,52,0
2020-04-18,Imperial,025,180216,307,137,0,137,2
2020-04-18,Inyo,027,18085,19,17,0,17,0
2020-04-18,Kern,029,883053,829,626,1,627,3
2020-04-18,Kings,031,150075,69,17,1,18,1
2020-04-18,Lake,033,64148,6,6,0,6,0
2020-04-18,Lassen,035,31185,3,0,2,2,0
2020-04-18,Los Angeles,037,10098052,19344,11984,14,11998,566
2020-04-18,Madera,039,155013,71,34,1,35,2
2020-04-18,Marin,041,260295,210,193,1,194,10
2020-04-18,Mariposa,043,17540,2,0,0,0,0
2020-04-18,Mendocino,045,87422,6,4,0,4,0
2020-04-18,Merced,047,269075,129,82,0,82,3
2020-04-18,Modoc,049,8938,0,0,0,0,0
2020-04-18,Mono,051,14174,29,22,0,22,1
2020-04-18,Monterey,053,433212,201,135,0,135,3
2020-04-18,Napa,055,140530,64,49,0,49,2
2020-04-18,Nevada,057,99092,39,34,1,35,1
2020-04-18,Orange,059,3164182,2447,1569,20,1589,32
2020-04-18,Placer,061,380077,152,130,0,130,8
2020-04-18,Plumas,063,18699,4,4,0,4,0
2020-04-18,Riverside,065,2383286,3654,2257,14,2271,56
2020-04-18,Sacramento,067,1510023,1002,901,0,901,32
2020-04-18,San Benito,069,59416,42,40,0,40,2
2020-04-18,San Bernardino,071,2135413,1834,1255,1,1256,58
2020-04-18,San Diego,073,3302833,2998,2215,0,2215,71
2020-04-18,San Francisco,075,870044,1416,1144,0,1144,19
2020-04-18,San Joaquin,077,732212,497,392,3,395,17
2020-04-18,San Luis Obispo,079,281455,196,129,3,132,1
2020-04-18,San Mateo,081,765935,1141,821,2,823,31
2020-04-18,Santa Barbara,083,443738,456,372,2,374,3
2020-04-18,Santa Clara,085,1922200,2273,1862,5,1867,79
2020-04-18,Santa Cruz,087,273765,124,96,0,96,2
2020-04-18,Shasta,089,179085,31,26,0,26,3
2020-04-18,Sierra,091,2930,0,0,0,0,0
2020-04-18,Siskiyou,093,43540,5,5,0,5,0
2020-04-18,Solano,095,438530,225,175,0,175,2
2020-04-18,Sonoma,097,501317,207,168,0,168,1
2020-04-18,Stanislaus,099,539301,285,216,4,220,3
2020-04-18,Sutter,101,95872,26,21,0,21,2
2020-04-18,Tehama,103,63373,1,1,0,1,1
2020-04-18,Trinity,105,12862,0,0,0,0,0
2020-04-18,Tulare,107,460477,602,385,5,390,17
2020-04-18,Tuolumne,109,53932,3,2,0,2,0
2020-04-18,Ventura,111,848112,549,416,1,417,13
2020-04-18,Yolo,113,214977,172,118,0,118,5
2020-04-18,Yuba,115,75493,16,14,0,14,1
2020-04-17,Alameda,001,1643700,1415,1043,1,1044,40
2020-04-17,Alpine,003,1148,1,1,0,1,0
2020-04-17,Amador,005,37829,7,7,0,7,0
2020-04-17,Butte,007,227075,21,15,1,16,0
2020-04-17,Calaveras,009,45235,12,11,0,11,0
2020-04-17,Colusa,011,21464,3,3,0,3,0
2020-04-17,Contra Costa,013,1133247,844,687,0,687,15
2020-04-17,Del Norte,015,27424,2,2,0,2,0
2020-04-17,El Dorado,017,186661,54,35,0,35,0
2020-04-17,Fresno,019,978130,600,315,6,321,7
2020-04-17,Glenn,021,27897,4,3,0,3,0
2020-04-17,Humboldt,023,135768,57,52,0,52,0
2020-04-17,Imperial,025,180216,298,135,0,135,2
2020-04-17,Inyo,027,18085,19,17,0,17,0
2020-04-17,Kern,029,883053,809,612,1,613,3
2020-04-17,Kings,031,150075,67,15,1,16,1
2020-04-17,Lake,033,64148,6,6,0,6,0
2020-04-17,Lassen,035,31185,3,0,2,2,0
2020-04-17,Los Angeles,037,10098052,18705,11354,14,11368,489
2020-04-17,Madera,039,155013,71,34,1,35,2
2020-04-17,Marin,041,260295,207,189,1,190,10
2020-04-17,Mariposa,043,17540,1,0,0,0,0
2020-04-17,Mendocino,045,87422,6,4,0,4,0
2020-04-17,Merced,047,269075,128,80,0,80,3
2020-04-17,Modoc,049,8938,0,0,0,0,0
2020-04-17,Mono,051,14174,29,22,0,22,1
2020-04-17,Monterey,053,433212,196,119,0,119,3
2020-04-17,Napa,055,140530,62,46,0,46,2
2020-04-17,Nevada,057,99092,38,34,1,35,1
2020-04-17,Orange,059,3164182,2396,1496,20,1516,31
2020-04-17,Placer,061,380077,152,130,0,130,8
2020-04-17,Plumas,063,18699,4,4,0,4,0
2020-04-17,Riverside,065,2383286,3527,2080,14,2094,50
2020-04-17,Sacramento,067,1510023,995,882,0,882,32
2020-04-17,San Benito,069,59416,42,38,0,38,2
2020-04-17,San Bernardino,071,2135413,1795,1229,1,1230,57
2020-04-17,San Diego,073,3302833,2908,2160,0,2160,70
2020-04-17,San Francisco,075,870044,1391,1090,0,1090,19
2020-04-17,San Joaquin,077,732212,486,356,3,359,17
2020-04-17,San Luis Obispo,079,281455,189,116,3,119,1
2020-04-17,San Mateo,081,765935,1125,768,2,770,31
2020-04-17,Santa Barbara,083,443738,451,349,2,351,3
2020-04-17,Santa Clara,085,1922200,2237,1834,5,1839,74
2020-04-17,Santa Cruz,087,273765,123,94,0,94,2
2020-04-17,Shasta,089,179085,31,26,0,26,3
2020-04-17,Sierra,091,2930,0,0,0,0,0
2020-04-17,Siskiyou,093,43540,5,5,0,5,0
2020-04-17,Solano,095,438530,224,173,0,173,2
2020-04-17,Sonoma,097,501317,204,167,0,167,1
2020-04-17,Stanislaus,099,539301,283,201,4,205,3
2020-04-17,Sutter,101,95872,26,20,0,20,2
2020-04-17,Tehama,103,63373,1,1,0,1,1
2020-04-17,Trinity,105,12862,0,0,0,0,0
2020-04-17,Tulare,107,460477,595,370,5,375,17
2020-04-17,Tuolumne,109,53932,3,2,0,2,0
2020-04-17,Ventura,111,848112,544,398,1,399,13
2020-04-17,Yolo,113,214977,171,117,0,117,5
2020-04-17,Yuba,115,75493,16,14,0,14,1
2020-04-16,Alameda,001,1643700,1381,981,1,982,39
2020-04-16,Alpine,003,1148,1,1,0,1,0
2020-04-16,Amador,005,37829,7,7,0,7,0
2020-04-16,Butte,007,227075,20,15,1,16,0
2020-04-16,Calaveras,009,45235,12,10,0,10,0
2020-04-16,Colusa,011,21464,3,3,0,3,0
2020-04-16,Contra Costa,013,1133247,830,675,0,675,14
2020-04-16,Del Norte,015,27424,2,2,0,2,0
2020-04-16,El Dorado,017,186661,53,34,0,34,0
2020-04-16,Fresno,019,978130,570,289,6,295,7
2020-04-16,Glenn,021,27897,4,3,0,3,0
2020-04-16,Humboldt,023,135768,57,47,0,47,0
2020-04-16,Imperial,025,180216,283,132,0,132,2
2020-04-16,Inyo,027,18085,17,17,0,17,0
2020-04-16,Kern,029,883053,782,587,1,588,3
2020-04-16,Kings,031,150075,63,12,1,13,1
2020-04-16,Lake,033,64148,6,6,0,6,0
2020-04-16,Lassen,035,31185,3,0,2,2,0
2020-04-16,Los Angeles,037,10098052,17813,10786,14,10800,447
2020-04-16,Madera,039,155013,69,34,1,35,2
2020-04-16,Marin,041,260295,203,170,1,171,10
2020-04-16,Mariposa,043,17540,1,1,0,1,0
2020-04-16,Mendocino,045,87422,6,4,0,4,0
2020-04-16,Merced,047,269075,122,76,0,76,3
2020-04-16,Modoc,049,8938,0,0,0,0,0
2020-04-16,Mono,051,14174,29,22,0,22,1
2020-04-16,Monterey,053,433212,193,116,0,116,3
2020-04-16,Napa,055,140530,59,44,0,44,2
2020-04-16,Nevada,057,99092,38,34,1,35,1
2020-04-16,Orange,059,3164182,2331,1439,19,1458,28
2020-04-16,Placer,061,380077,150,129,0,129,7
2020-04-16,Plumas,063,18699,4,4,0,4,0
2020-04-16,Riverside,065,2383286,3407,1913,14,1927,45
2020-04-16,Sacramento,067,1510023,987,865,0,865,32
2020-04-16,San Benito,069,59416,42,36,0,36,2
2020-04-16,San Bernardino,071,2135413,1714,1143,0,1143,54
2020-04-16,San Diego,073,3302833,2800,2089,0,2089,63
2020-04-16,San Francisco,075,870044,1347,1039,0,1039,16
2020-04-16,San Joaquin,077,732212,471,345,3,348,17
2020-04-16,San Luis Obispo,079,281455,185,113,3,116,1
2020-04-16,San Mateo,081,765935,1096,745,2,747,29
2020-04-16,Santa Barbara,083,443738,440,331,2,333,3
2020-04-16,Santa Clara,085,1922200,2200,1789,5,1794,70
2020-04-16,Santa Cruz,087,273765,121,90,0,90,2
2020-04-16,Shasta,089,179085,31,25,0,25,3
2020-04-16,Sierra,091,2930,0,0,0,0,0
2020-04-16,Siskiyou,093,43540,5,5,0,5,0
2020-04-16,Solano,095,438530,221,162,0,162,2
2020-04-16,Sonoma,097,501317,199,145,0,145,1
2020-04-16,Stanislaus,099,539301,280,185,4,189,3
2020-04-16,Sutter,101,95872,25,21,0,21,2
2020-04-16,Tehama,103,63373,1,1,0,1,1
2020-04-16,Trinity,105,12862,0,0,0,0,0
2020-04-16,Tulare,107,460477,578,305,5,310,16
2020-04-16,Tuolumne,109,53932,3,1,0,1,0
2020-04-16,Ventura,111,848112,532,384,1,385,13
2020-04-16,Yolo,113,214977,169,98,0,98,4
2020-04-16,Yuba,115,75493,15,14,0,14,1
2020-04-15,Alameda,001,1643700,1331,915,1,916,38
2020-04-15,Alpine,003,1148,1,1,0,1,0
2020-04-15,Amador,005,37829,7,7,0,7,0
2020-04-15,Butte,007,227075,20,14,1,15,0
2020-04-15,Calaveras,009,45235,11,9,0,9,0
2020-04-15,Colusa,011,21464,3,3,0,3,0
2020-04-15,Contra Costa,013,1133247,808,645,0,645,14
2020-04-15,Del Norte,015,27424,2,2,0,2,0
2020-04-15,El Dorado,017,186661,51,33,0,33,0
2020-04-15,Fresno,019,978130,544,264,6,270,7
2020-04-15,Glenn,021,27897,4,3,0,3,0
2020-04-15,Humboldt,023,135768,57,47,0,47,0
2020-04-15,Imperial,025,180216,257,115,0,115,2
2020-04-15,Inyo,027,18085,17,12,0,12,0
2020-04-15,Kern,029,883053,760,500,1,501,3
2020-04-15,Kings,031,150075,59,12,1,13,1
2020-04-15,Lake,033,64148,6,4,0,4,0
2020-04-15,Lassen,035,31185,3,0,2,2,0
2020-04-15,Los Angeles,037,10098052,16989,10416,14,10430,394
2020-04-15,Madera,039,155013,69,30,1,31,2
2020-04-15,Marin,041,260295,200,162,1,163,10
2020-04-15,Mariposa,043,17540,0,0,0,0,0
2020-04-15,Mendocino,045,87422,5,4,0,4,0
2020-04-15,Merced,047,269075,120,74,0,74,3
2020-04-15,Modoc,049,8938,0,0,0,0,0
2020-04-15,Mono,051,14174,29,22,0,22,1
2020-04-15,Monterey,053,433212,185,106,0,106,3
2020-04-15,Napa,055,140530,56,34,0,34,2
2020-04-15,Nevada,057,99092,37,34,1,35,1
2020-04-15,Orange,059,3164182,2228,1377,19,1396,24
2020-04-15,Placer,061,380077,149,123,0,123,6
2020-04-15,Plumas,063,18699,4,4,0,4,0
2020-04-15,Riverside,065,2383286,3212,1723,14,1737,42
2020-04-15,Sacramento,067,1510023,978,839,0,839,32
2020-04-15,San Benito,069,59416,42,34,0,34,2
2020-04-15,San Bernardino,071,2135413,1644,1063,0,1063,45
2020-04-15,San Diego,073,3302833,2712,2014,0,2014,60
2020-04-15,San Francisco,075,870044,1311,1006,0,1006,16
2020-04-15,San Joaquin,077,732212,463,329,3,332,17
2020-04-15,San Luis Obispo,079,281455,177,112,3,115,1
2020-04-15,San Mateo,081,765935,1047,707,2,709,28
2020-04-15,Santa Barbara,083,443738,424,317,2,319,2
2020-04-15,Santa Clara,085,1922200,2161,1692,5,1697,69
2020-04-15,Santa Cruz,087,273765,117,92,0,92,2
2020-04-15,Shasta,089,179085,31,25,0,25,3
2020-04-15,Sierra,091,2930,0,0,0,0,0
2020-04-15,Siskiyou,093,43540,5,5,0,5,0
2020-04-15,Solano,095,438530,216,153,0,153,2
2020-04-15,Sonoma,097,501317,197,140,0,140,1
2020-04-15,Stanislaus,099,539301,273,174,4,178,3
2020-04-15,Sutter,101,95872,25,19,0,19,2
2020-04-15,Tehama,103,63373,1,1,0,1,1
2020-04-15,Trinity,105,12862,0,0,0,0,0
2020-04-15,Tulare,107,460477,560,289,5,294,14
2020-04-15,Tuolumne,109,53932,3,1,0,1,0
2020-04-15,Ventura,111,848112,517,365,1,366,13
2020-04-15,Yolo,113,214977,162,93,0,93,3
2020-04-15,Yuba,115,75493,15,15,0,15,1
2020-04-14,Alameda,001,1643700,1286,843,1,844,30
2020-04-14,Alpine,003,1148,1,1,0,1,0
2020-04-14,Amador,005,37829,7,6,0,6,0
2020-04-14,Butte,007,227075,20,13,1,14,0
2020-04-14,Calaveras,009,45235,11,5,0,5,0
2020-04-14,Colusa,011,21464,3,3,0,3,0
2020-04-14,Contra Costa,013,1133247,796,617,0,617,12
2020-04-14,Del Norte,015,27424,2,2,0,2,0
2020-04-14,El Dorado,017,186661,51,30,0,30,0
2020-04-14,Fresno,019,978130,521,244,6,250,6
2020-04-14,Glenn,021,27897,4,3,0,3,0
2020-04-14,Humboldt,023,135768,57,44,0,44,0
2020-04-14,Imperial,025,180216,237,86,0,86,2
2020-04-14,Inyo,027,18085,17,12,0,12,0
2020-04-14,Kern,029,883053,736,453,1,454,3
2020-04-14,Kings,031,150075,58,12,1,13,1
2020-04-14,Lake,033,64148,6,3,0,3,0
2020-04-14,Lassen,035,31185,3,0,2,2,0
2020-04-14,Los Angeles,037,10098052,16094,9948,13,9961,357
2020-04-14,Madera,039,155013,68,29,1,30,2
2020-04-14,Marin,041,260295,196,147,1,148,9
2020-04-14,Mariposa,043,17540,0,0,0,0,0
2020-04-14,Mendocino,045,87422,5,4,0,4,0
2020-04-14,Merced,047,269075,113,61,0,61,3
2020-04-14,Modoc,049,8938,0,0,0,0,0
2020-04-14,Mono,051,14174,29,22,0,22,1
2020-04-14,Monterey,053,433212,180,98,0,98,3
2020-04-14,Napa,055,140530,56,33,0,33,2
2020-04-14,Nevada,057,99092,37,34,1,35,1
2020-04-14,Orange,059,3164182,2126,1362,19,1381,24
2020-04-14,Placer,061,380077,148,117,0,117,5
2020-04-14,Plumas,063,18699,4,3,0,3,0
2020-04-14,Riverside,065,2383286,3077,1467,14,1481,40
2020-04-14,Sacramento,067,1510023,969,737,0,737,29
2020-04-14,San Benito,069,59416,39,34,0,34,2
2020-04-14,San Bernardino,071,2135413,1589,933,0,933,37
2020-04-14,San Diego,073,3302833,2617,1932,0,1932,53
2020-04-14,San Francisco,075,870044,1257,968,0,968,14
2020-04-14,San Joaquin,077,732212,453,280,3,283,17
2020-04-14,San Luis Obispo,079,281455,174,109,3,112,1
2020-04-14,San Mateo,081,765935,1013,681,2,683,28
2020-04-14,Santa Barbara,083,443738,400,292,2,294,2
2020-04-14,Santa Clara,085,1922200,2128,1561,5,1566,63
2020-04-14,Santa Cruz,087,273765,109,84,0,84,2
2020-04-14,Shasta,089,179085,31,24,0,24,3
2020-04-14,Sierra,091,2930,0,0,0,0,0
2020-04-14,Siskiyou,093,43540,5,5,0,5,0
2020-04-14,Solano,095,438530,213,140,0,140,2
2020-04-14,Sonoma,097,501317,193,133,0,133,1
2020-04-14,Stanislaus,099,539301,260,136,4,140,3
2020-04-14,Sutter,101,95872,24,19,0,19,2
2020-04-14,Tehama,103,63373,1,1,0,1,1
2020-04-14,Trinity,105,12862,0,0,0,0,0
2020-04-14,Tulare,107,460477,536,228,5,233,12
2020-04-14,Tuolumne,109,53932,3,0,0,0,0
2020-04-14,Ventura,111,848112,504,328,1,329,11
2020-04-14,Yolo,113,214977,159,81,0,81,3
2020-04-14,Yuba,115,75493,14,14,0,14,1
2020-04-13,Alameda,001,1643700,1247,821,1,822,23
2020-04-13,Alpine,003,1148,1,1,0,1,0
2020-04-13,Amador,005,37829,7,6,0,6,0
2020-04-13,Butte,007,227075,19,13,1,14,0
2020-04-13,Calaveras,009,45235,10,5,0,5,0
2020-04-13,Colusa,011,21464,3,3,0,3,0
2020-04-13,Contra Costa,013,1133247,780,569,0,569,12
2020-04-13,Del Norte,015,27424,2,2,0,2,0
2020-04-13,El Dorado,017,186661,49,29,0,29,0
2020-04-13,Fresno,019,978130,499,205,5,210,4
2020-04-13,Glenn,021,27897,4,3,0,3,0
2020-04-13,Humboldt,023,135768,57,44,0,44,0
2020-04-13,Imperial,025,180216,219,82,0,82,2
2020-04-13,Inyo,027,18085,17,12,0,12,0
2020-04-13,Kern,029,883053,711,346,1,347,3
2020-04-13,Kings,031,150075,54,9,1,10,0
2020-04-13,Lake,033,64148,6,3,0,3,0
2020-04-13,Lassen,035,31185,3,0,2,2,0
2020-04-13,Los Angeles,037,10098052,15376,9367,13,9380,317
2020-04-13,Madera,039,155013,66,29,1,30,2
2020-04-13,Marin,041,260295,192,144,1,145,6
2020-04-13,Mariposa,043,17540,0,0,0,0,0
2020-04-13,Mendocino,045,87422,5,4,0,4,0
2020-04-13,Merced,047,269075,112,60,0,60,3
2020-04-13,Modoc,049,8938,0,0,0,0,0
2020-04-13,Mono,051,14174,29,21,0,21,1
2020-04-13,Monterey,053,433212,173,86,0,86,3
2020-04-13,Napa,055,140530,55,30,0,30,2
2020-04-13,Nevada,057,99092,37,24,1,25,1
2020-04-13,Orange,059,3164182,2053,1313,19,1332,21
2020-04-13,Placer,061,380077,147,116,0,116,5
2020-04-13,Plumas,063,18699,4,3,0,3,0
2020-04-13,Riverside,065,2383286,2936,1460,13,1473,35
2020-04-13,Sacramento,067,1510023,957,723,0,723,25
2020-04-13,San Benito,069,59416,38,33,0,33,2
2020-04-13,San Bernardino,071,2135413,1514,920,0,920,30
2020-04-13,San Diego,073,3302833,2534,1849,0,1849,47
2020-04-13,San Francisco,075,870044,1219,948,0,948,12
2020-04-13,San Joaquin,077,732212,438,255,3,258,16
2020-04-13,San Luis Obispo,079,281455,169,106,3,109,1
2020-04-13,San Mateo,081,765935,973,679,2,681,25
2020-04-13,Santa Barbara,083,443738,381,271,1,272,2
2020-04-13,Santa Clara,085,1922200,2082,1540,5,1545,58
2020-04-13,Santa Cruz,087,273765,103,82,0,82,1
2020-04-13,Shasta,089,179085,30,24,0,24,3
2020-04-13,Sierra,091,2930,0,0,0,0,0
2020-04-13,Siskiyou,093,43540,5,5,0,5,0
2020-04-13,Solano,095,438530,210,136,0,136,2
2020-04-13,Sonoma,097,501317,186,133,0,133,1
2020-04-13,Stanislaus,099,539301,254,130,4,134,1
2020-04-13,Sutter,101,95872,24,18,0,18,2
2020-04-13,Tehama,103,63373,1,1,0,1,0
2020-04-13,Trinity,105,12862,0,0,0,0,0
2020-04-13,Tulare,107,460477,500,185,5,190,11
2020-04-13,Tuolumne,109,53932,3,0,0,0,0
2020-04-13,Ventura,111,848112,483,309,0,309,9
2020-04-13,Yolo,113,214977,153,81,0,81,3
2020-04-13,Yuba,115,75493,14,13,0,13,1
2020-04-12,Alameda,001,1643700,1204,774,1,775,23
2020-04-12,Alpine,003,1148,1,1,0,1,0
2020-04-12,Amador,005,37829,7,6,0,6,0
2020-04-12,Butte,007,227075,19,13,1,14,0
2020-04-12,Calaveras,009,45235,10,5,0,5,0
2020-04-12,Colusa,011,21464,3,3,0,3,0
2020-04-12,Contra Costa,013,1133247,767,553,0,553,12
2020-04-12,Del Norte,015,27424,2,2,0,2,0
2020-04-12,El Dorado,017,186661,49,28,0,28,0
2020-04-12,Fresno,019,978130,470,205,5,210,4
2020-04-12,Glenn,021,27897,4,3,0,3,0
2020-04-12,Humboldt,023,135768,57,43,0,43,0
2020-04-12,Imperial,025,180216,196,78,0,78,2
2020-04-12,Inyo,027,18085,15,12,0,12,0
2020-04-12,Kern,029,883053,679,319,0,319,3
2020-04-12,Kings,031,150075,52,9,1,10,0
2020-04-12,Lake,033,64148,6,3,0,3,0
2020-04-12,Lassen,035,31185,3,0,2,2,0
2020-04-12,Los Angeles,037,10098052,14656,9133,13,9146,294
2020-04-12,Madera,039,155013,65,29,1,30,2
2020-04-12,Marin,041,260295,181,138,1,139,6
2020-04-12,Mariposa,043,17540,0,0,0,0,0
2020-04-12,Mendocino,045,87422,5,4,0,4,0
2020-04-12,Merced,047,269075,106,58,0,58,3
2020-04-12,Modoc,049,8938,0,0,0,0,0
2020-04-12,Mono,051,14174,29,20,0,20,1
2020-04-12,Monterey,053,433212,159,85,0,85,3
2020-04-12,Napa,055,140530,53,29,0,29,2
2020-04-12,Nevada,057,99092,37,24,1,25,1
2020-04-12,Orange,059,3164182,1993,1283,18,1301,21
2020-04-12,Placer,061,380077,146,114,0,114,4
2020-04-12,Plumas,063,18699,4,3,0,3,0
2020-04-12,Riverside,065,2383286,2754,1330,13,1343,34
2020-04-12,Sacramento,067,1510023,920,689,0,689,25
2020-04-12,San Benito,069,59416,36,33,0,33,2
2020-04-12,San Bernardino,071,2135413,1438,827,0,827,30
2020-04-12,San Diego,073,3302833,2444,1806,0,1806,45
2020-04-12,San Francisco,075,870044,1192,886,0,886,11
2020-04-12,San Joaquin,077,732212,420,246,3,249,15
2020-04-12,San Luis Obispo,079,281455,166,102,2,104,1
2020-04-12,San Mateo,081,765935,947,664,2,666,25
2020-04-12,Santa Barbara,083,443738,362,261,1,262,2
2020-04-12,Santa Clara,085,1922200,2054,1461,5,1466,53
2020-04-12,Santa Cruz,087,273765,102,80,0,80,1
2020-04-12,Shasta,089,179085,30,24,0,24,3
2020-04-12,Sierra,091,2930,0,0,0,0,0
2020-04-12,Siskiyou,093,43540,5,5,0,5,0
2020-04-12,Solano,095,438530,204,136,0,136,2
2020-04-12,Sonoma,097,501317,183,131,0,131,1
2020-04-12,Stanislaus,099,539301,246,117,4,121,1
2020-04-12,Sutter,101,95872,23,18,0,18,2
2020-04-12,Tehama,103,63373,1,1,0,1,0
2020-04-12,Trinity,105,12862,0,0,0,0,0
2020-04-12,Tulare,107,460477,488,166,5,171,11
2020-04-12,Tuolumne,109,53932,3,0,0,0,0
2020-04-12,Ventura,111,848112,473,306,0,306,9
2020-04-12,Yolo,113,214977,139,67,0,67,3
2020-04-12,Yuba,115,75493,14,13,0,13,1
2020-04-11,Alameda,001,1643700,1163,751,1,752,23
2020-04-11,Alpine,003,1148,1,1,0,1,0
2020-04-11,Amador,005,37829,7,6,0,6,0
2020-04-11,Butte,007,227075,19,13,1,14,0
2020-04-11,Calaveras,009,45235,10,5,0,5,0
2020-04-11,Colusa,011,21464,3,3,0,3,0
2020-04-11,Contra Costa,013,1133247,758,550,0,550,12
2020-04-11,Del Norte,015,27424,2,2,0,2,0
2020-04-11,El Dorado,017,186661,48,29,0,29,0
2020-04-11,Fresno,019,978130,460,201,5,206,4
2020-04-11,Glenn,021,27897,4,3,0,3,0
2020-04-11,Humboldt,023,135768,57,38,0,38,0
2020-04-11,Imperial,025,180216,186,78,0,78,2
2020-04-11,Inyo,027,18085,15,12,0,12,0
2020-04-11,Kern,029,883053,651,304,0,304,3
2020-04-11,Kings,031,150075,49,9,1,10,0
2020-04-11,Lake,033,64148,6,3,0,3,0
2020-04-11,Lassen,035,31185,3,0,2,2,0
2020-04-11,Los Angeles,037,10098052,14181,8823,13,8836,262
2020-04-11,Madera,039,155013,64,29,1,30,2
2020-04-11,Marin,041,260295,178,136,1,137,6
2020-04-11,Mariposa,043,17540,0,0,0,0,0
2020-04-11,Mendocino,045,87422,5,4,0,4,0
2020-04-11,Merced,047,269075,103,59,0,59,3
2020-04-11,Modoc,049,8938,0,0,0,0,0
2020-04-11,Mono,051,14174,29,20,0,20,1
2020-04-11,Monterey,053,433212,153,78,0,78,3
2020-04-11,Napa,055,140530,53,29,0,29,2
2020-04-11,Nevada,057,99092,37,24,1,25,1
2020-04-11,Orange,059,3164182,1931,1267,18,1285,21
2020-04-11,Placer,061,380077,146,113,0,113,4
2020-04-11,Plumas,063,18699,4,3,0,3,0
2020-04-11,Riverside,065,2383286,2675,1260,13,1273,33
2020-04-11,Sacramento,067,1510023,909,685,0,685,25
2020-04-11,San Benito,069,59416,36,33,0,33,2
2020-04-11,San Bernardino,071,2135413,1402,826,0,826,28
2020-04-11,San Diego,073,3302833,2378,1763,0,1763,45
2020-04-11,San Francisco,075,870044,1170,860,0,860,11
2020-04-11,San Joaquin,077,732212,415,244,3,247,15
2020-04-11,San Luis Obispo,079,281455,166,100,1,101,1
2020-04-11,San Mateo,081,765935,935,662,2,664,25
2020-04-11,Santa Barbara,083,443738,354,258,1,259,2
2020-04-11,Santa Clara,085,1922200,1995,1441,5,1446,51
2020-04-11,Santa Cruz,087,273765,102,79,0,79,1
2020-04-11,Shasta,089,179085,30,24,0,24,3
2020-04-11,Sierra,091,2930,0,0,0,0,0
2020-04-11,Siskiyou,093,43540,5,5,0,5,0
2020-04-11,Solano,095,438530,200,138,0,138,2
2020-04-11,Sonoma,097,501317,181,131,0,131,1
2020-04-11,Stanislaus,099,539301,238,119,3,122,1
2020-04-11,Sutter,101,95872,23,18,0,18,2
2020-04-11,Tehama,103,63373,1,1,0,1,0
2020-04-11,Trinity,105,12862,0,0,0,0,0
2020-04-11,Tulare,107,460477,466,168,5,173,10
2020-04-11,Tuolumne,109,53932,3,0,0,0,0
2020-04-11,Ventura,111,848112,463,304,0,304,9
2020-04-11,Yolo,113,214977,136,67,0,67,3
2020-04-11,Yuba,115,75493,14,13,0,13,1
2020-04-10,Alameda,001,1643700,1122,706,1,707,21
2020-04-10,Alpine,003,1148,1,1,0,1,0
2020-04-10,Amador,005,37829,7,5,0,5,0
2020-04-10,Butte,007,227075,19,13,1,14,0
2020-04-10,Calaveras,009,45235,10,5,0,5,0
2020-04-10,Colusa,011,21464,3,3,0,3,0
2020-04-10,Contra Costa,013,1133247,745,537,0,537,10
2020-04-10,Del Norte,015,27424,2,2,0,2,0
2020-04-10,El Dorado,017,186661,48,26,0,26,0
2020-04-10,Fresno,019,978130,453,186,4,190,3
2020-04-10,Glenn,021,27897,4,3,0,3,0
2020-04-10,Humboldt,023,135768,57,36,0,36,0
2020-04-10,Imperial,025,180216,179,70,0,70,2
2020-04-10,Inyo,027,18085,13,11,0,11,0
2020-04-10,Kern,029,883053,627,272,0,272,3
2020-04-10,Kings,031,150075,46,7,1,8,0
2020-04-10,Lake,033,64148,6,3,0,3,0
2020-04-10,Lassen,035,31185,3,0,2,2,0
2020-04-10,Los Angeles,037,10098052,13666,8384,12,8396,239
2020-04-10,Madera,039,155013,63,29,1,30,2
2020-04-10,Marin,041,260295,173,128,1,129,6
2020-04-10,Mariposa,043,17540,0,0,0,0,0
2020-04-10,Mendocino,045,87422,5,4,0,4,0
2020-04-10,Merced,047,269075,100,56,0,56,3
2020-04-10,Modoc,049,8938,0,0,0,0,0
2020-04-10,Mono,051,14174,29,20,0,20,1
2020-04-10,Monterey,053,433212,142,78,0,78,3
2020-04-10,Napa,055,140530,50,28,0,28,2
2020-04-10,Nevada,057,99092,37,23,1,24,1
2020-04-10,Orange,059,3164182,1884,1167,18,1185,21
2020-04-10,Placer,061,380077,145,112,0,112,4
2020-04-10,Plumas,063,18699,4,3,0,3,0
2020-04-10,Riverside,065,2383286,2609,1162,13,1175,30
2020-04-10,Sacramento,067,1510023,900,642,0,642,24
2020-04-10,San Benito,069,59416,36,32,0,32,2
2020-04-10,San Bernardino,071,2135413,1354,779,0,779,27
2020-04-10,San Diego,073,3302833,2318,1695,0,1695,44
2020-04-10,San Francisco,075,870044,1139,797,0,797,10
2020-04-10,San Joaquin,077,732212,403,234,3,237,14
2020-04-10,San Luis Obispo,079,281455,166,97,1,98,1
2020-04-10,San Mateo,081,765935,919,642,2,644,24
2020-04-10,Santa Barbara,083,443738,346,254,1,255,2
2020-04-10,Santa Clara,085,1922200,1943,1351,5,1356,50
2020-04-10,Santa Cruz,087,273765,101,75,0,75,1
2020-04-10,Shasta,089,179085,30,24,0,24,3
2020-04-10,Sierra,091,2930,0,0,0,0,0
2020-04-10,Siskiyou,093,43540,5,5,0,5,0
2020-04-10,Solano,095,438530,197,129,0,129,2
2020-04-10,Sonoma,097,501317,180,129,0,129,1
2020-04-10,Stanislaus,099,539301,231,101,3,104,0
2020-04-10,Sutter,101,95872,23,18,0,18,2
2020-04-10,Tehama,103,63373,1,1,0,1,0
2020-04-10,Trinity,105,12862,0,0,0,0,0
2020-04-10,Tulare,107,460477,424,163,5,168,10
2020-04-10,Tuolumne,109,53932,3,0,0,0,0
2020-04-10,Ventura,111,848112,454,290,0,290,9
2020-04-10,Yolo,113,214977,134,62,0,62,3
2020-04-10,Yuba,115,75493,14,13,0,13,1
2020-04-09,Alameda,001,1643700,1072,641,1,642,17
2020-04-09,Alpine,003,1148,1,1,0,1,0
2020-04-09,Amador,005,37829,7,2,0,2,0
2020-04-09,Butte,007,227075,19,12,1,13,0
2020-04-09,Calaveras,009,45235,10,5,0,5,0
2020-04-09,Colusa,011,21464,3,3,0,3,0
2020-04-09,Contra Costa,013,1133247,702,505,0,505,7
2020-04-09,Del Norte,015,27424,2,2,0,2,0
2020-04-09,El Dorado,017,186661,47,25,0,25,0
2020-04-09,Fresno,019,978130,428,165,4,169,3
2020-04-09,Glenn,021,27897,4,2,0,2,0
2020-04-09,Humboldt,023,135768,57,36,0,36,0
2020-04-09,Imperial,025,180216,158,67,0,67,2
2020-04-09,Inyo,027,18085,12,11,0,11,0
2020-04-09,Kern,029,883053,591,241,0,241,2
2020-04-09,Kings,031,150075,43,5,1,6,0
2020-04-09,Lake,033,64148,5,1,0,1,0
2020-04-09,Lassen,035,31185,3,0,2,2,0
2020-04-09,Los Angeles,037,10098052,13035,7919,12,7931,220
2020-04-09,Madera,039,155013,63,28,1,29,2
2020-04-09,Marin,041,260295,171,126,1,127,7
2020-04-09,Mariposa,043,17540,0,0,0,0,0
2020-04-09,Mendocino,045,87422,5,4,0,4,0
2020-04-09,Merced,047,269075,97,41,0,41,3
2020-04-09,Modoc,049,8938,0,0,0,0,0
2020-04-09,Mono,051,14174,29,19,0,19,1
2020-04-09,Monterey,053,433212,124,70,0,70,3
2020-04-09,Napa,055,140530,46,27,0,27,2
2020-04-09,Nevada,057,99092,36,23,1,24,1
2020-04-09,Orange,059,3164182,1810,1105,18,1123,19
2020-04-09,Placer,061,380077,144,107,0,107,4
2020-04-09,Plumas,063,18699,4,3,0,3,0
2020-04-09,Riverside,065,2383286,2466,1083,13,1096,29
2020-04-09,Sacramento,067,1510023,877,601,0,601,21
2020-04-09,San Benito,069,59416,36,32,0,32,2
2020-04-09,San Bernardino,071,2135413,1285,717,0,717,27
2020-04-09,San Diego,073,3302833,2222,1630,0,1630,40
2020-04-09,San Francisco,075,870044,1119,748,0,748,8
2020-04-09,San Joaquin,077,732212,382,223,3,226,14
2020-04-09,San Luis Obispo,079,281455,158,93,1,94,1
2020-04-09,San Mateo,081,765935,903,630,2,632,23
2020-04-09,Santa Barbara,083,443738,336,232,1,233,2
2020-04-09,Santa Clara,085,1922200,1873,1301,5,1306,49
2020-04-09,Santa Cruz,087,273765,101,73,0,73,1
2020-04-09,Shasta,089,179085,30,22,0,22,3
2020-04-09,Sierra,091,2930,0,0,0,0,0
2020-04-09,Siskiyou,093,43540,5,4,0,4,0
2020-04-09,Solano,095,438530,188,118,0,118,2
2020-04-09,Sonoma,097,501317,176,113,0,113,1
2020-04-09,Stanislaus,099,539301,219,93,3,96,0
2020-04-09,Sutter,101,95872,23,17,0,17,2
2020-04-09,Tehama,103,63373,1,1,0,1,0
2020-04-09,Trinity,105,12862,0,0,0,0,0
2020-04-09,Tulare,107,460477,395,147,5,152,9
2020-04-09,Tuolumne,109,53932,3,0,0,0,0
2020-04-09,Ventura,111,848112,435,273,0,273,9
2020-04-09,Yolo,113,214977,125,59,0,59,3
2020-04-09,Yuba,115,75493,14,13,0,13,0
2020-04-08,Alameda,001,1643700,1030,594,1,595,15
2020-04-08,Alpine,003,1148,1,1,0,1,0
2020-04-08,Amador,005,37829,7,2,0,2,0
2020-04-08,Butte,007,227075,18,11,1,12,0
2020-04-08,Calaveras,009,45235,10,5,0,5,0
2020-04-08,Colusa,011,21464,3,3,0,3,0
2020-04-08,Contra Costa,013,1133247,689,481,0,481,7
2020-04-08,Del Norte,015,27424,2,2,0,2,0
2020-04-08,El Dorado,017,186661,47,25,0,25,0
2020-04-08,Fresno,019,978130,408,151,4,155,3
2020-04-08,Glenn,021,27897,4,2,0,2,0
2020-04-08,Humboldt,023,135768,57,40,0,40,0
2020-04-08,Imperial,025,180216,147,59,0,59,2
2020-04-08,Inyo,027,18085,12,11,0,11,0
2020-04-08,Kern,029,883053,550,198,0,198,2
2020-04-08,Kings,031,150075,43,5,1,6,0
2020-04-08,Lake,033,64148,5,1,0,1,0
2020-04-08,Lassen,035,31185,3,0,2,2,0
2020-04-08,Los Angeles,037,10098052,12434,7505,12,7517,196
2020-04-08,Madera,039,155013,62,28,1,29,2
2020-04-08,Marin,041,260295,165,125,1,126,7
2020-04-08,Mariposa,043,17540,0,0,0,0,0
2020-04-08,Mendocino,045,87422,5,4,0,4,0
2020-04-08,Merced,047,269075,82,35,0,35,1
2020-04-08,Modoc,049,8938,0,0,0,0,0
2020-04-08,Mono,051,14174,29,19,0,19,1
2020-04-08,Monterey,053,433212,115,68,0,68,3
2020-04-08,Napa,055,140530,44,21,0,21,2
2020-04-08,Nevada,057,99092,36,21,1,22,1
2020-04-08,Orange,059,3164182,1747,1034,18,1052,19
2020-04-08,Placer,061,380077,144,102,0,102,4
2020-04-08,Plumas,063,18699,4,3,0,3,0
2020-04-08,Riverside,065,2383286,2309,974,13,987,28
2020-04-08,Sacramento,067,1510023,843,565,0,565,21
2020-04-08,San Benito,069,59416,36,31,0,31,2
2020-04-08,San Bernardino,071,2135413,1228,635,0,635,22
2020-04-08,San Diego,073,3302833,2148,1532,0,1532,36
2020-04-08,San Francisco,075,870044,1052,687,0,687,7
2020-04-08,San Joaquin,077,732212,365,211,3,214,12
2020-04-08,San Luis Obispo,079,281455,156,90,1,91,1
2020-04-08,San Mateo,081,765935,888,608,2,610,22
2020-04-08,Santa Barbara,083,443738,319,221,1,222,2
2020-04-08,Santa Clara,085,1922200,1828,1257,5,1262,47
2020-04-08,Santa Cruz,087,273765,100,69,0,69,1
2020-04-08,Shasta,089,179085,30,18,0,18,3
2020-04-08,Sierra,091,2930,0,0,0,0,0
2020-04-08,Siskiyou,093,43540,5,4,0,4,0
2020-04-08,Solano,095,438530,175,111,0,111,2
2020-04-08,Sonoma,097,501317,170,107,0,107,1
2020-04-08,Stanislaus,099,539301,203,86,3,89,0
2020-04-08,Sutter,101,95872,22,17,0,17,2
2020-04-08,Tehama,103,63373,1,1,0,1,0
2020-04-08,Trinity,105,12862,0,0,0,0,0
2020-04-08,Tulare,107,460477,364,145,5,150,6
2020-04-08,Tuolumne,109,53932,3,0,0,0,0
2020-04-08,Ventura,111,848112,426,263,0,263,7
2020-04-08,Yolo,113,214977,108,56,0,56,3
2020-04-08,Yuba,115,75493,14,10,0,10,0
2020-04-07,Alameda,001,1643700,995,560,1,561,14
2020-04-07,Alpine,003,1148,1,1,0,1,0
2020-04-07,Amador,005,37829,7,2,0,2,0
2020-04-07,Butte,007,227075,17,11,1,12,0
2020-04-07,Calaveras,009,45235,9,5,0,5,0
2020-04-07,Colusa,011,21464,3,2,0,2,0
2020-04-07,Contra Costa,013,1133247,669,471,0,471,7
2020-04-07,Del Norte,015,27424,2,2,0,2,0
2020-04-07,El Dorado,017,186661,46,22,0,22,0
2020-04-07,Fresno,019,978130,393,138,4,142,3
2020-04-07,Glenn,021,27897,4,2,0,2,0
2020-04-07,Humboldt,023,135768,56,40,0,40,0
2020-04-07,Imperial,025,180216,128,53,0,53,2
2020-04-07,Inyo,027,18085,12,11,0,11,0
2020-04-07,Kern,029,883053,507,134,0,134,2
2020-04-07,Kings,031,150075,40,5,1,6,0
2020-04-07,Lake,033,64148,4,1,0,1,0
2020-04-07,Lassen,035,31185,3,0,2,2,0
2020-04-07,Los Angeles,037,10098052,11785,6885,12,6897,170
2020-04-07,Madera,039,155013,60,28,0,28,2
2020-04-07,Marin,041,260295,163,122,1,123,7
2020-04-07,Mariposa,043,17540,0,0,0,0,0
2020-04-07,Mendocino,045,87422,5,4,0,4,0
2020-04-07,Merced,047,269075,67,27,0,27,1
2020-04-07,Modoc,049,8938,0,0,0,0,0
2020-04-07,Mono,051,14174,28,18,0,18,1
2020-04-07,Monterey,053,433212,106,63,0,63,2
2020-04-07,Napa,055,140530,42,18,0,18,2
2020-04-07,Nevada,057,99092,36,20,1,21,1
2020-04-07,Orange,059,3164182,1700,971,16,987,19
2020-04-07,Placer,061,380077,139,94,0,94,3
2020-04-07,Plumas,063,18699,4,3,0,3,0
2020-04-07,Riverside,065,2383286,2152,905,13,918,25
2020-04-07,Sacramento,067,1510023,813,513,0,513,18
2020-04-07,San Benito,069,59416,36,26,0,26,2
2020-04-07,San Bernardino,071,2135413,1161,554,0,554,19
2020-04-07,San Diego,073,3302833,2071,1456,0,1456,31
2020-04-07,San Francisco,075,870044,992,636,0,636,6
2020-04-07,San Joaquin,077,732212,347,198,3,201,12
2020-04-07,San Luis Obispo,079,281455,149,87,1,88,1
2020-04-07,San Mateo,081,765935,867,573,2,575,22
2020-04-07,Santa Barbara,083,443738,305,209,1,210,2
2020-04-07,Santa Clara,085,1922200,1759,1193,4,1197,46
2020-04-07,Santa Cruz,087,273765,100,67,0,67,1
2020-04-07,Shasta,089,179085,29,16,0,16,3
2020-04-07,Sierra,091,2930,0,0,0,0,0
2020-04-07,Siskiyou,093,43540,5,4,0,4,0
2020-04-07,Solano,095,438530,170,99,0,99,1
2020-04-07,Sonoma,097,501317,167,102,0,102,1
2020-04-07,Stanislaus,099,539301,186,83,3,86,0
2020-04-07,Sutter,101,95872,22,16,0,16,2
2020-04-07,Tehama,103,63373,1,1,0,1,0
2020-04-07,Trinity,105,12862,0,0,0,0,0
2020-04-07,Tulare,107,460477,335,144,5,149,5
2020-04-07,Tuolumne,109,53932,3,1,0,1,0
2020-04-07,Ventura,111,848112,409,247,0,247,6
2020-04-07,Yolo,113,214977,101,51,0,51,2
2020-04-07,Yuba,115,75493,14,10,0,10,0
2020-04-06,Alameda,001,1643700,964,527,1,528,13
2020-04-06,Alpine,003,1148,1,1,0,1,0
2020-04-06,Amador,005,37829,6,2,0,2,0
2020-04-06,Butte,007,227075,16,11,1,12,0
2020-04-06,Calaveras,009,45235,9,4,0,4,0
2020-04-06,Colusa,011,21464,3,1,0,1,0
2020-04-06,Contra Costa,013,1133247,644,447,0,447,7
2020-04-06,Del Norte,015,27424,2,2,0,2,0
2020-04-06,El Dorado,017,186661,44,23,0,23,0
2020-04-06,Fresno,019,978130,371,122,4,126,1
2020-04-06,Glenn,021,27897,4,2,0,2,0
2020-04-06,Humboldt,023,135768,55,37,0,37,0
2020-04-06,Imperial,025,180216,121,47,0,47,1
2020-04-06,Inyo,027,18085,11,11,0,11,0
2020-04-06,Kern,029,883053,470,117,0,117,2
2020-04-06,Kings,031,150075,40,3,1,4,0
2020-04-06,Lake,033,64148,4,1,0,1,0
2020-04-06,Lassen,035,31185,3,0,2,2,0
2020-04-06,Los Angeles,037,10098052,11052,6346,12,6358,145
2020-04-06,Madera,039,155013,58,29,0,29,2
2020-04-06,Marin,041,260295,160,119,1,120,7
2020-04-06,Mariposa,043,17540,0,0,0,0,0
2020-04-06,Mendocino,045,87422,5,4,0,4,0
2020-04-06,Merced,047,269075,60,25,0,25,1
2020-04-06,Modoc,049,8938,0,0,0,0,0
2020-04-06,Mono,051,14174,28,18,0,18,1
2020-04-06,Monterey,053,433212,101,62,0,62,2
2020-04-06,Napa,055,140530,42,18,0,18,2
2020-04-06,Nevada,057,99092,36,19,1,20,1
2020-04-06,Orange,059,3164182,1656,910,15,925,17
2020-04-06,Placer,061,380077,139,90,0,90,3
2020-04-06,Plumas,063,18699,4,2,0,2,0
2020-04-06,Riverside,065,2383286,2026,854,13,867,17
2020-04-06,Sacramento,067,1510023,783,448,0,448,15
2020-04-06,San Benito,069,59416,34,25,0,25,1
2020-04-06,San Bernardino,071,2135413,1102,550,0,550,13
2020-04-06,San Diego,073,3302833,1989,1406,0,1406,19
2020-04-06,San Francisco,075,870044,952,586,0,586,6
2020-04-06,San Joaquin,077,732212,332,191,3,194,10
2020-04-06,San Luis Obispo,079,281455,147,85,1,86,1
2020-04-06,San Mateo,081,765935,849,569,2,571,20
2020-04-06,Santa Barbara,083,443738,296,189,1,190,2
2020-04-06,Santa Clara,085,1922200,1706,1128,4,1132,43
2020-04-06,Santa Cruz,087,273765,98,65,0,65,1
2020-04-06,Shasta,089,179085,29,16,0,16,3
2020-04-06,Sierra,091,2930,0,0,0,0,0
2020-04-06,Siskiyou,093,43540,4,4,0,4,0
2020-04-06,Solano,095,438530,163,95,0,95,1
2020-04-06,Sonoma,097,501317,166,102,0,102,1
2020-04-06,Stanislaus,099,539301,170,72,3,75,0
2020-04-06,Sutter,101,95872,22,14,0,14,2
2020-04-06,Tehama,103,63373,1,1,0,1,0
2020-04-06,Trinity,105,12862,0,0,0,0,0
2020-04-06,Tulare,107,460477,319,126,5,131,5
2020-04-06,Tuolumne,109,53932,3,1,0,1,0
2020-04-06,Ventura,111,848112,391,234,0,234,6
2020-04-06,Yolo,113,214977,97,43,0,43,1
2020-04-06,Yuba,115,75493,14,8,0,8,0
2020-04-05,Alameda,001,1643700,922,475,1,476,12
2020-04-05,Alpine,003,1148,1,1,0,1,0
2020-04-05,Amador,005,37829,6,2,0,2,0
2020-04-05,Butte,007,227075,16,10,1,11,0
2020-04-05,Calaveras,009,45235,9,3,0,3,0
2020-04-05,Colusa,011,21464,3,1,0,1,0
2020-04-05,Contra Costa,013,1133247,627,415,0,415,6
2020-04-05,Del Norte,015,27424,2,1,0,1,0
2020-04-05,El Dorado,017,186661,42,19,0,19,0
2020-04-05,Fresno,019,978130,337,102,4,106,1
2020-04-05,Glenn,021,27897,4,2,0,2,0
2020-04-05,Humboldt,023,135768,55,29,0,29,0
2020-04-05,Imperial,025,180216,113,42,0,42,1
2020-04-05,Inyo,027,18085,11,10,0,10,0
2020-04-05,Kern,029,883053,415,109,0,109,2
2020-04-05,Kings,031,150075,39,4,1,5,0
2020-04-05,Lake,033,64148,4,0,0,0,0
2020-04-05,Lassen,035,31185,3,0,2,2,0
2020-04-05,Los Angeles,037,10098052,10481,5892,12,5904,130
2020-04-05,Madera,039,155013,57,27,0,27,2
2020-04-05,Marin,041,260295,160,113,1,114,6
2020-04-05,Mariposa,043,17540,0,0,0,0,0
2020-04-05,Mendocino,045,87422,5,4,0,4,0
2020-04-05,Merced,047,269075,53,16,0,16,0
2020-04-05,Modoc,049,8938,0,0,0,0,0
2020-04-05,Mono,051,14174,28,18,0,18,1
2020-04-05,Monterey,053,433212,94,61,0,61,2
2020-04-05,Napa,055,140530,40,15,0,15,2
2020-04-05,Nevada,057,99092,36,19,1,20,1
2020-04-05,Orange,059,3164182,1599,820,15,835,15
2020-04-05,Placer,061,380077,136,86,0,86,3
2020-04-05,Plumas,063,18699,3,2,0,2,0
2020-04-05,Riverside,065,2383286,1896,669,13,682,17
2020-04-05,Sacramento,067,1510023,752,393,0,393,11
2020-04-05,San Benito,069,59416,34,22,0,22,1
2020-04-05,San Bernardino,071,2135413,1029,375,0,375,13
2020-04-05,San Diego,073,3302833,1907,1328,0,1328,19
2020-04-05,San Francisco,075,870044,905,559,0,559,6
2020-04-05,San Joaquin,077,732212,317,179,3,182,10
2020-04-05,San Luis Obispo,079,281455,145,83,1,84,1
2020-04-05,San Mateo,081,765935,829,528,2,530,19
2020-04-05,Santa Barbara,083,443738,280,171,1,172,1
2020-04-05,Santa Clara,085,1922200,1659,1052,4,1056,42
2020-04-05,Santa Cruz,087,273765,98,59,0,59,1
2020-04-05,Shasta,089,179085,28,11,0,11,2
2020-04-05,Sierra,091,2930,0,0,0,0,0
2020-04-05,Siskiyou,093,43540,4,3,0,3,0
2020-04-05,Solano,095,438530,159,78,0,78,1
2020-04-05,Sonoma,097,501317,164,88,0,88,1
2020-04-05,Stanislaus,099,539301,156,51,3,54,0
2020-04-05,Sutter,101,95872,22,14,0,14,1
2020-04-05,Tehama,103,63373,1,1,0,1,0
2020-04-05,Trinity,105,12862,0,0,0,0,0
2020-04-05,Tulare,107,460477,282,81,5,86,4
2020-04-05,Tuolumne,109,53932,3,1,0,1,0
2020-04-05,Ventura,111,848112,377,196,0,196,6
2020-04-05,Yolo,113,214977,78,37,0,37,2
2020-04-05,Yuba,115,75493,14,7,0,7,0
2020-04-04,Alameda,001,1643700,899,468,1,469,12
2020-04-04,Alpine,003,1148,1,1,0,1,0
2020-04-04,Amador,005,37829,5,2,0,2,0
2020-04-04,Butte,007,227075,16,10,1,11,0
2020-04-04,Calaveras,009,45235,9,3,0,3,0
2020-04-04,Colusa,011,21464,3,1,0,1,0
2020-04-04,Contra Costa,013,1133247,619,382,0,382,5
2020-04-04,Del Norte,015,27424,2,1,0,1,0
2020-04-04,El Dorado,017,186661,42,19,0,19,0
2020-04-04,Fresno,019,978130,327,102,4,106,1
2020-04-04,Glenn,021,27897,4,2,0,2,0
2020-04-04,Humboldt,023,135768,55,29,0,29,0
2020-04-04,Imperial,025,180216,112,42,0,42,1
2020-04-04,Inyo,027,18085,11,10,0,10,0
2020-04-04,Kern,029,883053,385,103,0,103,2
2020-04-04,Kings,031,150075,39,3,1,4,0
2020-04-04,Lake,033,64148,4,0,0,0,0
2020-04-04,Lassen,035,31185,3,0,2,2,0
2020-04-04,Los Angeles,037,10098052,9867,5275,12,5287,117
2020-04-04,Madera,039,155013,55,27,0,27,2
2020-04-04,Marin,041,260295,158,111,0,111,6
2020-04-04,Mariposa,043,17540,0,0,0,0,0
2020-04-04,Mendocino,045,87422,5,4,0,4,0
2020-04-04,Merced,047,269075,49,11,0,11,0
2020-04-04,Modoc,049,8938,0,0,0,0,0
2020-04-04,Mono,051,14174,28,18,0,18,1
2020-04-04,Monterey,053,433212,91,61,0,61,2
2020-04-04,Napa,055,140530,40,15,0,15,2
2020-04-04,Nevada,057,99092,36,19,1,20,1
2020-04-04,Orange,059,3164182,1557,781,14,795,15
2020-04-04,Placer,061,380077,135,87,0,87,2
2020-04-04,Plumas,063,18699,3,2,0,2,0
2020-04-04,Riverside,065,2383286,1795,652,13,665,15
2020-04-04,Sacramento,067,1510023,734,393,0,393,11
2020-04-04,San Benito,069,59416,34,22,0,22,1
2020-04-04,San Bernardino,071,2135413,981,373,0,373,13
2020-04-04,San Diego,073,3302833,1859,1211,0,1211,18
2020-04-04,San Francisco,075,870044,867,537,0,537,6
2020-04-04,San Joaquin,077,732212,294,171,3,174,10
2020-04-04,San Luis Obispo,079,281455,145,82,1,83,0
2020-04-04,San Mateo,081,765935,817,520,2,522,17
2020-04-04,Santa Barbara,083,443738,271,167,1,168,1
2020-04-04,Santa Clara,085,1922200,1607,1045,4,1049,39
2020-04-04,Santa Cruz,087,273765,98,56,0,56,1
2020-04-04,Shasta,089,179085,27,11,0,11,2
2020-04-04,Sierra,091,2930,0,0,0,0,0
2020-04-04,Siskiyou,093,43540,4,3,0,3,0
2020-04-04,Solano,095,438530,154,79,0,79,1
2020-04-04,Sonoma,097,501317,161,88,0,88,1
2020-04-04,Stanislaus,099,539301,145,51,3,54,0
2020-04-04,Sutter,101,95872,22,14,0,14,1
2020-04-04,Tehama,103,63373,1,1,0,1,0
2020-04-04,Trinity,105,12862,0,0,0,0,0
2020-04-04,Tulare,107,460477,268,79,5,84,4
2020-04-04,Tuolumne,109,53932,3,1,0,1,0
2020-04-04,Ventura,111,848112,364,194,0,194,6
2020-04-04,Yolo,113,214977,76,40,0,40,2
2020-04-04,Yuba,115,75493,13,7,0,7,0
2020-04-03,Alameda,001,1643700,863,395,1,396,11
2020-04-03,Alpine,003,1148,1,1,0,1,0
2020-04-03,Amador,005,37829,5,2,0,2,0
2020-04-03,Butte,007,227075,16,8,1,9,0
2020-04-03,Calaveras,009,45235,9,3,0,3,0
2020-04-03,Colusa,011,21464,3,1,0,1,0
2020-04-03,Contra Costa,013,1133247,596,327,0,327,5
2020-04-03,Del Norte,015,27424,2,1,0,1,0
2020-04-03,El Dorado,017,186661,40,16,0,16,0
2020-04-03,Fresno,019,978130,315,98,4,102,1
2020-04-03,Glenn,021,27897,4,2,0,2,0
2020-04-03,Humboldt,023,135768,55,34,0,34,0
2020-04-03,Imperial,025,180216,103,35,0,35,0
2020-04-03,Inyo,027,18085,11,10,0,10,0
2020-04-03,Kern,029,883053,359,87,0,87,1
2020-04-03,Kings,031,150075,37,3,1,4,0
2020-04-03,Lake,033,64148,3,0,0,0,0
2020-04-03,Lassen,035,31185,3,0,2,2,0
2020-04-03,Los Angeles,037,10098052,9253,4566,12,4578,91
2020-04-03,Madera,039,155013,54,28,0,28,2
2020-04-03,Marin,041,260295,156,106,0,106,6
2020-04-03,Mariposa,043,17540,0,0,0,0,0
2020-04-03,Mendocino,045,87422,5,4,0,4,0
2020-04-03,Merced,047,269075,46,9,0,9,0
2020-04-03,Modoc,049,8938,0,0,0,0,0
2020-04-03,Mono,051,14174,28,18,0,18,1
2020-04-03,Monterey,053,433212,88,58,0,58,2
2020-04-03,Napa,055,140530,39,13,0,13,1
2020-04-03,Nevada,057,99092,36,19,1,20,1
2020-04-03,Orange,059,3164182,1518,713,14,727,13
2020-04-03,Placer,061,380077,131,76,0,76,2
2020-04-03,Plumas,063,18699,3,2,0,2,0
2020-04-03,Riverside,065,2383286,1715,540,13,553,14
2020-04-03,Sacramento,067,1510023,713,363,0,363,11
2020-04-03,San Benito,069,59416,34,22,0,22,1
2020-04-03,San Bernardino,071,2135413,936,356,0,356,11
2020-04-03,San Diego,073,3302833,1798,1114,0,1114,17
2020-04-03,San Francisco,075,870044,843,506,0,506,6
2020-04-03,San Joaquin,077,732212,282,162,3,165,10
2020-04-03,San Luis Obispo,079,281455,144,82,1,83,0
2020-04-03,San Mateo,081,765935,800,474,2,476,13
2020-04-03,Santa Barbara,083,443738,260,154,1,155,1
2020-04-03,Santa Clara,085,1922200,1571,983,4,987,39
2020-04-03,Santa Cruz,087,273765,98,52,0,52,1
2020-04-03,Shasta,089,179085,27,10,0,10,1
2020-04-03,Sierra,091,2930,0,0,0,0,0
2020-04-03,Siskiyou,093,43540,4,3,0,3,0
2020-04-03,Solano,095,438530,146,72,0,72,1
2020-04-03,Sonoma,097,501317,161,84,0,84,1
2020-04-03,Stanislaus,099,539301,139,48,3,51,0
2020-04-03,Sutter,101,95872,22,12,0,12,1
2020-04-03,Tehama,103,63373,1,1,0,1,0
2020-04-03,Trinity,105,12862,0,0,0,0,0
2020-04-03,Tulare,107,460477,254,73,5,78,3
2020-04-03,Tuolumne,109,53932,3,1,0,1,0
2020-04-03,Ventura,111,848112,354,186,0,186,6
2020-04-03,Yolo,113,214977,75,33,0,33,1
2020-04-03,Yuba,115,75493,13,6,0,6,0
2020-04-02,Alameda,001,1643700,812,345,1,346,10
2020-04-02,Alpine,003,1148,1,1,0,1,0
2020-04-02,Amador,005,37829,5,2,0,2,0
2020-04-02,Butte,007,227075,16,7,0,7,0
2020-04-02,Calaveras,009,45235,7,3,0,3,0
2020-04-02,Colusa,011,21464,3,1,0,1,0
2020-04-02,Contra Costa,013,1133247,566,297,0,297,3
2020-04-02,Del Norte,015,27424,2,0,0,0,0
2020-04-02,El Dorado,017,186661,38,16,0,16,0
2020-04-02,Fresno,019,978130,299,92,4,96,0
2020-04-02,Glenn,021,27897,3,2,0,2,0
2020-04-02,Humboldt,023,135768,51,23,0,23,0
2020-04-02,Imperial,025,180216,99,24,0,24,0
2020-04-02,Inyo,027,18085,10,8,0,8,0
2020-04-02,Kern,029,883053,332,74,0,74,0
2020-04-02,Kings,031,150075,37,3,1,4,0
2020-04-02,Lake,033,64148,3,0,0,0,0
2020-04-02,Lassen,035,31185,3,0,2,2,0
2020-04-02,Los Angeles,037,10098052,8419,4040,12,4052,79
2020-04-02,Madera,039,155013,52,25,0,25,1
2020-04-02,Marin,041,260295,150,102,0,102,1
2020-04-02,Mariposa,043,17540,0,0,0,0,0
2020-04-02,Mendocino,045,87422,5,4,0,4,0
2020-04-02,Merced,047,269075,41,9,0,9,0
2020-04-02,Modoc,049,8938,0,0,0,0,0
2020-04-02,Mono,051,14174,28,16,0,16,1
2020-04-02,Monterey,053,433212,86,50,0,50,2
2020-04-02,Napa,055,140530,39,13,0,13,0
2020-04-02,Nevada,057,99092,35,17,1,18,0
2020-04-02,Orange,059,3164182,1466,640,13,653,12
2020-04-02,Placer,061,380077,130,72,0,72,2
2020-04-02,Plumas,063,18699,3,1,0,1,0
2020-04-02,Riverside,065,2383286,1598,438,13,451,13
2020-04-02,Sacramento,067,1510023,695,322,0,322,9
2020-04-02,San Benito,069,59416,32,18,0,18,1
2020-04-02,San Bernardino,071,2135413,881,335,0,335,8
2020-04-02,San Diego,073,3302833,1731,968,0,968,16
2020-04-02,San Francisco,075,870044,817,473,0,473,6
2020-04-02,San Joaquin,077,732212,263,148,3,151,9
2020-04-02,San Luis Obispo,079,281455,139,79,1,80,0
2020-04-02,San Mateo,081,765935,779,423,2,425,13
2020-04-02,Santa Barbara,083,443738,249,125,1,126,1
2020-04-02,Santa Clara,085,1922200,1520,908,4,912,38
2020-04-02,Santa Cruz,087,273765,96,49,0,49,1
2020-04-02,Shasta,089,179085,26,7,0,7,1
2020-04-02,Sierra,091,2930,0,0,0,0,0
2020-04-02,Siskiyou,093,43540,4,3,0,3,0
2020-04-02,Solano,095,438530,136,65,0,65,0
2020-04-02,Sonoma,097,501317,157,76,0,76,1
2020-04-02,Stanislaus,099,539301,128,40,3,43,0
2020-04-02,Sutter,101,95872,21,10,0,10,1
2020-04-02,Tehama,103,63373,1,1,0,1,0
2020-04-02,Trinity,105,12862,0,0,0,0,0
2020-04-02,Tulare,107,460477,220,64,5,69,1
2020-04-02,Tuolumne,109,53932,3,1,0,1,0
2020-04-02,Ventura,111,848112,336,178,0,178,5
2020-04-02,Yolo,113,214977,73,29,0,29,1
2020-04-02,Yuba,115,75493,10,5,0,5,0
2020-04-01,Alameda,001,1643700,785,287,1,288,8
2020-04-01,Alpine,003,1148,1,1,0,1,0
2020-04-01,Amador,005,37829,5,1,0,1,0
2020-04-01,Butte,007,227075,16,6,0,6,0
2020-04-01,Calaveras,009,45235,6,3,0,3,0
2020-04-01,Colusa,011,21464,3,1,0,1,0
2020-04-01,Contra Costa,013,1133247,523,267,0,267,3
2020-04-01,Del Norte,015,27424,2,0,0,0,0
2020-04-01,El Dorado,017,186661,37,14,0,14,0
2020-04-01,Fresno,019,978130,277,75,3,78,0
2020-04-01,Glenn,021,27897,3,2,0,2,0
2020-04-01,Humboldt,023,135768,51,19,0,19,0
2020-04-01,Imperial,025,180216,93,25,0,25,0
2020-04-01,Inyo,027,18085,10,8,0,8,0
2020-04-01,Kern,029,883053,305,53,0,53,0
2020-04-01,Kings,031,150075,35,3,1,4,0
2020-04-01,Lake,033,64148,3,0,0,0,0
2020-04-01,Lassen,035,31185,3,0,2,2,0
2020-04-01,Los Angeles,037,10098052,7769,3502,12,3514,66
2020-04-01,Madera,039,155013,50,17,0,17,1
2020-04-01,Marin,041,260295,146,87,0,87,1
2020-04-01,Mariposa,043,17540,0,0,0,0,0
2020-04-01,Mendocino,045,87422,5,4,0,4,0
2020-04-01,Merced,047,269075,38,7,0,7,0
2020-04-01,Modoc,049,8938,0,0,0,0,0
2020-04-01,Mono,051,14174,28,12,0,12,1
2020-04-01,Monterey,053,433212,85,47,0,47,2
2020-04-01,Napa,055,140530,36,11,0,11,0
2020-04-01,Nevada,057,99092,35,15,1,16,0
2020-04-01,Orange,059,3164182,1414,579,13,592,11
2020-04-01,Placer,061,380077,128,52,0,52,2
2020-04-01,Plumas,063,18699,3,1,0,1,0
2020-04-01,Riverside,065,2383286,1430,306,12,318,11
2020-04-01,Sacramento,067,1510023,662,299,0,299,8
2020-04-01,San Benito,069,59416,29,14,0,14,1
2020-04-01,San Bernardino,071,2135413,832,245,0,245,5
2020-04-01,San Diego,073,3302833,1661,851,0,851,11
2020-04-01,San Francisco,075,870044,789,432,0,432,6
2020-04-01,San Joaquin,077,732212,251,132,3,135,8
2020-04-01,San Luis Obispo,079,281455,133,69,1,70,0
2020-04-01,San Mateo,081,765935,761,354,2,356,13
2020-04-01,Santa Barbara,083,443738,236,103,1,104,0
2020-04-01,Santa Clara,085,1922200,1478,805,4,809,33
2020-04-01,Santa Cruz,087,273765,91,44,0,44,1
2020-04-01,Shasta,089,179085,25,5,0,5,1
2020-04-01,Sierra,091,2930,0,0,0,0,0
2020-04-01,Siskiyou,093,43540,4,3,0,3,0
2020-04-01,Solano,095,438530,131,57,0,57,0
2020-04-01,Sonoma,097,501317,153,60,0,60,1
2020-04-01,Stanislaus,099,539301,117,29,3,32,0
2020-04-01,Sutter,101,95872,21,9,0,9,1
2020-04-01,Tehama,103,63373,1,0,0,0,0
2020-04-01,Trinity,105,12862,0,0,0,0,0
2020-04-01,Tulare,107,460477,182,43,5,48,1
2020-04-01,Tuolumne,109,53932,3,1,0,1,0
2020-04-01,Ventura,111,848112,323,154,0,154,5
2020-04-01,Yolo,113,214977,68,22,0,22,1
2020-04-01,Yuba,115,75493,9,5,0,5,0
2020-03-31,Alameda,001,1643700,719,269,1,270,7
2020-03-31,Alpine,003,1148,1,1,0,1,0
2020-03-31,Amador,005,37829,5,1,0,1,0
2020-03-31,Butte,007,227075,16,6,0,6,0
2020-03-31,Calaveras,009,45235,6,3,0,3,0
2020-03-31,Colusa,011,21464,3,1,0,1,0
2020-03-31,Contra Costa,013,1133247,498,246,0,246,3
2020-03-31,Del Norte,015,27424,1,0,0,0,0
2020-03-31,El Dorado,017,186661,33,14,0,14,0
2020-03-31,Fresno,019,978130,252,59,3,62,0
2020-03-31,Glenn,021,27897,3,2,0,2,0
2020-03-31,Humboldt,023,135768,51,18,0,18,0
2020-03-31,Imperial,025,180216,88,17,0,17,0
2020-03-31,Inyo,027,18085,10,8,0,8,0
2020-03-31,Kern,029,883053,281,47,0,47,0
2020-03-31,Kings,031,150075,33,2,1,3,0
2020-03-31,Lake,033,64148,1,0,0,0,0
2020-03-31,Lassen,035,31185,3,0,2,2,0
2020-03-31,Los Angeles,037,10098052,7108,3001,12,3013,53
2020-03-31,Madera,039,155013,49,17,0,17,1
2020-03-31,Marin,041,260295,137,85,0,85,1
2020-03-31,Mariposa,043,17540,0,0,0,0,0
2020-03-31,Mendocino,045,87422,5,4,0,4,0
2020-03-31,Merced,047,269075,33,6,0,6,0
2020-03-31,Modoc,049,8938,0,0,0,0,0
2020-03-31,Mono,051,14174,26,12,0,12,0
2020-03-31,Monterey,053,433212,83,43,0,43,2
2020-03-31,Napa,055,140530,35,9,0,9,0
2020-03-31,Nevada,057,99092,35,15,1,16,0
2020-03-31,Orange,059,3164182,1344,506,13,519,7
2020-03-31,Placer,061,380077,121,49,0,49,2
2020-03-31,Plumas,063,18699,1,0,0,0,0
2020-03-31,Riverside,065,2383286,1284,284,12,296,8
2020-03-31,Sacramento,067,1510023,610,271,0,271,8
2020-03-31,San Benito,069,59416,29,14,0,14,1
2020-03-31,San Bernardino,071,2135413,747,193,0,193,5
2020-03-31,San Diego,073,3302833,1579,736,0,736,9
2020-03-31,San Francisco,075,870044,754,404,0,404,5
2020-03-31,San Joaquin,077,732212,235,122,3,125,7
2020-03-31,San Luis Obispo,079,281455,129,67,1,68,0
2020-03-31,San Mateo,081,765935,742,297,2,299,12
2020-03-31,Santa Barbara,083,443738,221,89,1,90,0
2020-03-31,Santa Clara,085,1922200,1428,777,4,781,30
2020-03-31,Santa Cruz,087,273765,84,40,0,40,1
2020-03-31,Shasta,089,179085,22,5,0,5,1
2020-03-31,Sierra,091,2930,0,0,0,0,0
2020-03-31,Siskiyou,093,43540,4,3,0,3,0
2020-03-31,Solano,095,438530,117,56,0,56,0
2020-03-31,Sonoma,097,501317,148,58,0,58,1
2020-03-31,Stanislaus,099,539301,102,28,3,31,0
2020-03-31,Sutter,101,95872,21,8,0,8,0
2020-03-31,Tehama,103,63373,1,0,0,0,0
2020-03-31,Trinity,105,12862,0,0,0,0,0
2020-03-31,Tulare,107,460477,159,42,4,46,1
2020-03-31,Tuolumne,109,53932,3,1,0,1,0
2020-03-31,Ventura,111,848112,312,143,0,143,4
2020-03-31,Yolo,113,214977,61,21,0,21,1
2020-03-31,Yuba,115,75493,9,5,0,5,0
2020-03-30,Alameda,001,1643700,680,250,1,251,7
2020-03-30,Alpine,003,1148,1,1,0,1,0
2020-03-30,Amador,005,37829,5,1,0,1,0
2020-03-30,Butte,007,227075,14,5,0,5,0
2020-03-30,Calaveras,009,45235,6,3,0,3,0
2020-03-30,Colusa,011,21464,3,1,0,1,0
2020-03-30,Contra Costa,013,1133247,472,212,0,212,3
2020-03-30,Del Norte,015,27424,0,0,0,0,0
2020-03-30,El Dorado,017,186661,33,11,0,11,0
2020-03-30,Fresno,019,978130,227,46,3,49,0
2020-03-30,Glenn,021,27897,3,2,0,2,0
2020-03-30,Humboldt,023,135768,49,11,0,11,0
2020-03-30,Imperial,025,180216,85,9,0,9,0
2020-03-30,Inyo,027,18085,10,5,0,5,0
2020-03-30,Kern,029,883053,248,30,0,30,0
2020-03-30,Kings,031,150075,33,1,1,2,0
2020-03-30,Lake,033,64148,1,0,0,0,0
2020-03-30,Lassen,035,31185,3,0,1,1,0
2020-03-30,Los Angeles,037,10098052,6448,2467,12,2479,44
2020-03-30,Madera,039,155013,48,14,0,14,1
2020-03-30,Marin,041,260295,130,78,0,78,0
2020-03-30,Mariposa,043,17540,0,0,0,0,0
2020-03-30,Mendocino,045,87422,5,2,0,2,0
2020-03-30,Merced,047,269075,29,6,0,6,0
2020-03-30,Modoc,049,8938,0,0,0,0,0
2020-03-30,Mono,051,14174,26,11,0,11,0
2020-03-30,Monterey,053,433212,78,41,0,41,1
2020-03-30,Napa,055,140530,34,9,0,9,0
2020-03-30,Nevada,057,99092,34,14,1,15,0
2020-03-30,Orange,059,3164182,1279,418,13,431,5
2020-03-30,Placer,061,380077,118,44,0,44,2
2020-03-30,Plumas,063,18699,1,0,0,0,0
2020-03-30,Riverside,065,2383286,1203,204,12,216,7
2020-03-30,Sacramento,067,1510023,586,238,0,238,8
2020-03-30,San Benito,069,59416,29,11,0,11,1
2020-03-30,San Bernardino,071,2135413,703,145,0,145,4
2020-03-30,San Diego,073,3302833,1509,605,0,605,7
2020-03-30,San Francisco,075,870044,714,368,0,368,5
2020-03-30,San Joaquin,077,732212,228,112,3,115,5
2020-03-30,San Luis Obispo,079,281455,126,62,1,63,0
2020-03-30,San Mateo,081,765935,717,257,2,259,11
2020-03-30,Santa Barbara,083,443738,212,79,1,80,0
2020-03-30,Santa Clara,085,1922200,1397,745,3,748,31
2020-03-30,Santa Cruz,087,273765,81,36,0,36,1
2020-03-30,Shasta,089,179085,21,4,0,4,1
2020-03-30,Sierra,091,2930,0,0,0,0,0
2020-03-30,Siskiyou,093,43540,4,2,0,2,0
2020-03-30,Solano,095,438530,111,50,0,50,0
2020-03-30,Sonoma,097,501317,145,57,0,57,1
2020-03-30,Stanislaus,099,539301,95,28,3,31,0
2020-03-30,Sutter,101,95872,20,6,0,6,0
2020-03-30,Tehama,103,63373,1,0,0,0,0
2020-03-30,Trinity,105,12862,0,0,0,0,0
2020-03-30,Tulare,107,460477,147,40,3,43,1
2020-03-30,Tuolumne,109,53932,3,1,0,1,0
2020-03-30,Ventura,111,848112,301,118,0,118,2
2020-03-30,Yolo,113,214977,58,17,0,17,1
2020-03-30,Yuba,115,75493,8,5,0,5,0
2020-03-29,Alameda,001,1643700,646,207,1,208,6
2020-03-29,Alpine,003,1148,1,0,0,0,0
2020-03-29,Amador,005,37829,5,1,0,1,0
2020-03-29,Butte,007,227075,14,4,0,4,0
2020-03-29,Calaveras,009,45235,6,2,0,2,0
2020-03-29,Colusa,011,21464,3,1,0,1,0
2020-03-29,Contra Costa,013,1133247,442,187,0,187,3
2020-03-29,Del Norte,015,27424,0,0,0,0,0
2020-03-29,El Dorado,017,186661,32,9,0,9,0
2020-03-29,Fresno,019,978130,203,31,3,34,0
2020-03-29,Glenn,021,27897,2,1,0,1,0
2020-03-29,Humboldt,023,135768,46,9,0,9,0
2020-03-29,Imperial,025,180216,79,9,0,9,0
2020-03-29,Inyo,027,18085,9,0,0,0,0
2020-03-29,Kern,029,883053,230,20,0,20,0
2020-03-29,Kings,031,150075,30,1,1,2,0
2020-03-29,Lake,033,64148,0,0,0,0,0
2020-03-29,Lassen,035,31185,3,0,1,1,0
2020-03-29,Los Angeles,037,10098052,5800,2119,11,2130,37
2020-03-29,Madera,039,155013,43,11,0,11,1
2020-03-29,Marin,041,260295,125,60,0,60,0
2020-03-29,Mariposa,043,17540,0,0,0,0,0
2020-03-29,Mendocino,045,87422,5,2,0,2,0
2020-03-29,Merced,047,269075,28,4,0,4,0
2020-03-29,Modoc,049,8938,0,0,0,0,0
2020-03-29,Mono,051,14174,26,8,0,8,0
2020-03-29,Monterey,053,433212,73,36,0,36,1
2020-03-29,Napa,055,140530,32,5,0,5,0
2020-03-29,Nevada,057,99092,32,13,1,14,0
2020-03-29,Orange,059,3164182,1206,343,13,356,2
2020-03-29,Placer,061,380077,117,35,0,35,2
2020-03-29,Plumas,063,18699,1,0,0,0,0
2020-03-29,Riverside,065,2383286,1079,122,12,134,7
2020-03-29,Sacramento,067,1510023,546,217,0,217,7
2020-03-29,San Benito,069,59416,28,10,0,10,1
2020-03-29,San Bernardino,071,2135413,651,94,0,94,2
2020-03-29,San Diego,073,3302833,1437,521,0,521,7
2020-03-29,San Francisco,075,870044,670,333,0,333,5
2020-03-29,San Joaquin,077,732212,219,86,3,89,4
2020-03-29,San Luis Obispo,079,281455,119,55,0,55,0
2020-03-29,San Mateo,081,765935,692,234,2,236,12
2020-03-29,Santa Barbara,083,443738,204,52,1,53,0
2020-03-29,Santa Clara,085,1922200,1340,591,3,594,30
2020-03-29,Santa Cruz,087,273765,81,33,0,33,1
2020-03-29,Shasta,089,179085,20,4,0,4,1
2020-03-29,Sierra,091,2930,0,0,0,0,0
2020-03-29,Siskiyou,093,43540,4,2,0,2,0
2020-03-29,Solano,095,438530,103,48,0,48,0
2020-03-29,Sonoma,097,501317,143,35,0,35,1
2020-03-29,Stanislaus,099,539301,90,19,3,22,0
2020-03-29,Sutter,101,95872,17,6,0,6,0
2020-03-29,Tehama,103,63373,1,0,0,0,0
2020-03-29,Trinity,105,12862,0,0,0,0,0
2020-03-29,Tulare,107,460477,122,24,3,27,1
2020-03-29,Tuolumne,109,53932,2,1,0,1,0
2020-03-29,Ventura,111,848112,274,92,0,92,2
2020-03-29,Yolo,113,214977,53,13,0,13,1
2020-03-29,Yuba,115,75493,8,3,0,3,0
2020-03-28,Alameda,001,1643700,619,410,1,411,12
2020-03-28,Alpine,003,1148,1,0,0,0,0
2020-03-28,Amador,005,37829,5,2,0,2,0
2020-03-28,Butte,007,227075,14,8,0,8,0
2020-03-28,Calaveras,009,45235,6,4,0,4,0
2020-03-28,Colusa,011,21464,3,2,0,2,0
2020-03-28,Contra Costa,013,1133247,419,350,0,350,4
2020-03-28,Del Norte,015,27424,0,0,0,0,0
2020-03-28,El Dorado,017,186661,31,18,0,18,0
2020-03-28,Fresno,019,978130,193,62,3,65,0
2020-03-28,Glenn,021,27897,2,2,0,2,0
2020-03-28,Humboldt,023,135768,46,18,0,18,0
2020-03-28,Imperial,025,180216,74,18,0,18,0
2020-03-28,Inyo,027,18085,9,0,0,0,0
2020-03-28,Kern,029,883053,213,40,0,40,0
2020-03-28,Kings,031,150075,29,2,1,3,0
2020-03-28,Lake,033,64148,0,0,0,0,0
2020-03-28,Lassen,035,31185,3,0,1,1,0
2020-03-28,Los Angeles,037,10098052,5414,3600,10,3610,64
2020-03-28,Madera,039,155013,43,22,0,22,2
2020-03-28,Marin,041,260295,120,116,0,116,0
2020-03-28,Mariposa,043,17540,0,0,0,0,0
2020-03-28,Mendocino,045,87422,5,4,0,4,0
2020-03-28,Merced,047,269075,27,8,0,8,0
2020-03-28,Modoc,049,8938,0,0,0,0,0
2020-03-28,Mono,051,14174,24,12,0,12,0
2020-03-28,Monterey,053,433212,72,64,0,64,2
2020-03-28,Napa,055,140530,27,10,0,10,0
2020-03-28,Nevada,057,99092,32,22,1,23,0
2020-03-28,Orange,059,3164182,1170,656,13,669,4
2020-03-28,Placer,061,380077,112,70,0,70,2
2020-03-28,Plumas,063,18699,1,0,0,0,0
2020-03-28,Riverside,065,2383286,1011,242,12,254,14
2020-03-28,Sacramento,067,1510023,528,406,0,406,14
2020-03-28,San Benito,069,59416,28,20,0,20,2
2020-03-28,San Bernardino,071,2135413,603,162,0,162,4
2020-03-28,San Diego,073,3302833,1378,980,0,980,14
2020-03-28,San Francisco,075,870044,646,600,0,600,6
2020-03-28,San Joaquin,077,732212,212,166,3,169,8
2020-03-28,San Luis Obispo,079,281455,117,104,0,104,0
2020-03-28,San Mateo,081,765935,672,462,2,464,17
2020-03-28,Santa Barbara,083,443738,194,98,1,99,0
2020-03-28,Santa Clara,085,1922200,1321,1174,3,1177,54
2020-03-28,Santa Cruz,087,273765,80,62,0,62,0
2020-03-28,Shasta,089,179085,20,8,0,8,2
2020-03-28,Sierra,091,2930,0,0,0,0,0
2020-03-28,Siskiyou,093,43540,4,4,0,4,0
2020-03-28,Solano,095,438530,99,96,0,96,0
2020-03-28,Sonoma,097,501317,141,70,0,70,2
2020-03-28,Stanislaus,099,539301,85,34,3,37,0
2020-03-28,Sutter,101,95872,17,6,0,6,0
2020-03-28,Tehama,103,63373,1,0,0,0,0
2020-03-28,Trinity,105,12862,0,0,0,0,0
2020-03-28,Tulare,107,460477,114,46,3,49,0
2020-03-28,Tuolumne,109,53932,2,2,0,2,0
2020-03-28,Ventura,111,848112,270,178,0,178,4
2020-03-28,Yolo,113,214977,52,26,0,26,2
2020-03-28,Yuba,115,75493,8,6,0,6,0
2020-03-27,Alameda,001,1643700,600,185,1,186,4
2020-03-27,Alpine,003,1148,1,0,0,0,0
2020-03-27,Amador,005,37829,4,1,0,1,0
2020-03-27,Butte,007,227075,12,4,0,4,0
2020-03-27,Calaveras,009,45235,6,2,0,2,0
2020-03-27,Colusa,011,21464,3,0,0,0,0
2020-03-27,Contra Costa,013,1133247,398,161,0,161,2
2020-03-27,Del Norte,015,27424,0,0,0,0,0
2020-03-27,El Dorado,017,186661,29,9,0,9,0
2020-03-27,Fresno,019,978130,181,29,2,31,0
2020-03-27,Glenn,021,27897,2,0,0,0,0
2020-03-27,Humboldt,023,135768,42,9,0,9,0
2020-03-27,Imperial,025,180216,69,9,0,9,0
2020-03-27,Inyo,027,18085,9,0,0,0,0
2020-03-27,Kern,029,883053,200,20,0,20,0
2020-03-27,Kings,031,150075,28,0,1,1,0
2020-03-27,Lake,033,64148,0,0,0,0,0
2020-03-27,Lassen,035,31185,3,0,1,1,0
2020-03-27,Los Angeles,037,10098052,5008,1474,10,1484,26
2020-03-27,Madera,039,155013,41,10,0,10,1
2020-03-27,Marin,041,260295,115,58,0,58,0
2020-03-27,Mariposa,043,17540,0,0,0,0,0
2020-03-27,Mendocino,045,87422,5,2,0,2,0
2020-03-27,Merced,047,269075,26,3,0,3,0
2020-03-27,Modoc,049,8938,0,0,0,0,0
2020-03-27,Mono,051,14174,24,6,0,6,0
2020-03-27,Monterey,053,433212,69,26,0,26,1
2020-03-27,Napa,055,140530,27,5,0,5,0
2020-03-27,Nevada,057,99092,32,6,1,7,0
2020-03-27,Orange,059,3164182,1120,299,13,312,2
2020-03-27,Placer,061,380077,109,33,0,33,1
2020-03-27,Plumas,063,18699,0,0,0,0,0
2020-03-27,Riverside,065,2383286,955,121,12,133,7
2020-03-27,Sacramento,067,1510023,505,163,0,163,6
2020-03-27,San Benito,069,59416,27,9,0,9,1
2020-03-27,San Bernardino,071,2135413,513,77,0,77,2
2020-03-27,San Diego,073,3302833,1321,419,0,419,5
2020-03-27,San Francisco,075,870044,621,285,0,285,2
2020-03-27,San Joaquin,077,732212,201,73,3,76,3
2020-03-27,San Luis Obispo,079,281455,115,46,0,46,0
2020-03-27,San Mateo,081,765935,646,213,2,215,7
2020-03-27,Santa Barbara,083,443738,180,37,1,38,0
2020-03-27,Santa Clara,085,1922200,1283,557,3,560,25
2020-03-27,Santa Cruz,087,273765,79,31,0,31,0
2020-03-27,Shasta,089,179085,17,3,0,3,1
2020-03-27,Sierra,091,2930,0,0,0,0,0
2020-03-27,Siskiyou,093,43540,4,2,0,2,0
2020-03-27,Solano,095,438530,93,48,0,48,0
2020-03-27,Sonoma,097,501317,133,35,0,35,1
2020-03-27,Stanislaus,099,539301,83,16,3,19,0
2020-03-27,Sutter,101,95872,16,2,0,2,0
2020-03-27,Tehama,103,63373,1,0,0,0,0
2020-03-27,Trinity,105,12862,0,0,0,0,0
2020-03-27,Tulare,107,460477,106,15,3,18,0
2020-03-27,Tuolumne,109,53932,2,1,0,1,0
2020-03-27,Ventura,111,848112,261,80,0,80,2
2020-03-27,Yolo,113,214977,51,13,0,13,1
2020-03-27,Yuba,115,75493,7,3,0,3,0
2020-03-26,Alameda,001,1643700,560,172,1,173,4
2020-03-26,Alpine,003,1148,1,0,0,0,0
2020-03-26,Amador,005,37829,4,1,0,1,0
2020-03-26,Butte,007,227075,12,4,0,4,0
2020-03-26,Calaveras,009,45235,6,2,0,2,0
2020-03-26,Colusa,011,21464,3,0,0,0,0
2020-03-26,Contra Costa,013,1133247,387,147,0,147,2
2020-03-26,Del Norte,015,27424,0,0,0,0,0
2020-03-26,El Dorado,017,186661,27,7,0,7,0
2020-03-26,Fresno,019,978130,172,25,2,27,0
2020-03-26,Glenn,021,27897,2,0,0,0,0
2020-03-26,Humboldt,023,135768,38,8,0,8,0
2020-03-26,Imperial,025,180216,65,8,0,8,0
2020-03-26,Inyo,027,18085,8,0,0,0,0
2020-03-26,Kern,029,883053,184,20,0,20,0
2020-03-26,Kings,031,150075,28,0,1,1,0
2020-03-26,Lake,033,64148,0,0,0,0,0
2020-03-26,Lassen,035,31185,3,0,1,1,0
2020-03-26,Los Angeles,037,10098052,4601,1075,10,1085,19
2020-03-26,Madera,039,155013,39,8,0,8,0
2020-03-26,Marin,041,260295,106,56,0,56,0
2020-03-26,Mariposa,043,17540,0,0,0,0,0
2020-03-26,Mendocino,045,87422,4,1,0,1,0
2020-03-26,Merced,047,269075,23,1,0,1,0
2020-03-26,Modoc,049,8938,0,0,0,0,0
2020-03-26,Mono,051,14174,23,5,0,5,0
2020-03-26,Monterey,053,433212,66,25,0,25,1
2020-03-26,Napa,055,140530,26,5,0,5,0
2020-03-26,Nevada,057,99092,32,7,1,8,0
2020-03-26,Orange,059,3164182,1058,279,11,290,1
2020-03-26,Placer,061,380077,106,34,0,34,1
2020-03-26,Plumas,063,18699,0,0,0,0,0
2020-03-26,Riverside,065,2383286,884,118,12,130,7
2020-03-26,Sacramento,067,1510023,472,147,0,147,5
2020-03-26,San Benito,069,59416,27,8,0,8,1
2020-03-26,San Bernardino,071,2135413,447,57,0,57,1
2020-03-26,San Diego,073,3302833,1254,299,0,299,2
2020-03-26,San Francisco,075,870044,594,261,0,261,1
2020-03-26,San Joaquin,077,732212,190,69,3,72,3
2020-03-26,San Luis Obispo,079,281455,110,38,0,38,0
2020-03-26,San Mateo,081,765935,612,122,2,124,5
2020-03-26,Santa Barbara,083,443738,167,33,1,34,0
2020-03-26,Santa Clara,085,1922200,1238,487,2,489,20
2020-03-26,Santa Cruz,087,273765,75,30,0,30,0
2020-03-26,Shasta,089,179085,17,3,0,3,1
2020-03-26,Sierra,091,2930,0,0,0,0,0
2020-03-26,Siskiyou,093,43540,4,2,0,2,0
2020-03-26,Solano,095,438530,85,41,0,41,0
2020-03-26,Sonoma,097,501317,128,33,0,33,1
2020-03-26,Stanislaus,099,539301,81,15,3,18,0
2020-03-26,Sutter,101,95872,12,2,0,2,0
2020-03-26,Tehama,103,63373,1,0,0,0,0
2020-03-26,Trinity,105,12862,0,0,0,0,0
2020-03-26,Tulare,107,460477,97,15,3,18,0
2020-03-26,Tuolumne,109,53932,2,0,0,0,0
2020-03-26,Ventura,111,848112,245,70,0,70,1
2020-03-26,Yolo,113,214977,47,13,0,13,1
2020-03-26,Yuba,115,75493,7,3,0,3,0
2020-03-25,Alameda,001,1643700,539,134,1,135,3
2020-03-25,Alpine,003,1148,1,0,0,0,0
2020-03-25,Amador,005,37829,4,1,0,1,0
2020-03-25,Butte,007,227075,12,4,0,4,0
2020-03-25,Calaveras,009,45235,6,2,0,2,0
2020-03-25,Colusa,011,21464,2,0,0,0,0
2020-03-25,Contra Costa,013,1133247,373,131,0,131,1
2020-03-25,Del Norte,015,27424,0,0,0,0,0
2020-03-25,El Dorado,017,186661,27,5,0,5,0
2020-03-25,Fresno,019,978130,152,21,2,23,0
2020-03-25,Glenn,021,27897,2,0,0,0,0
2020-03-25,Humboldt,023,135768,35,3,0,3,0
2020-03-25,Imperial,025,180216,57,8,0,8,0
2020-03-25,Inyo,027,18085,5,0,0,0,0
2020-03-25,Kern,029,883053,164,13,0,13,0
2020-03-25,Kings,031,150075,26,0,1,1,0
2020-03-25,Lake,033,64148,0,0,0,0,0
2020-03-25,Lassen,035,31185,3,0,1,1,0
2020-03-25,Los Angeles,037,10098052,4202,725,10,735,10
2020-03-25,Madera,039,155013,37,6,0,6,0
2020-03-25,Marin,041,260295,100,47,0,47,0
2020-03-25,Mariposa,043,17540,0,0,0,0,0
2020-03-25,Mendocino,045,87422,3,1,0,1,0
2020-03-25,Merced,047,269075,19,0,0,0,0
2020-03-25,Modoc,049,8938,0,0,0,0,0
2020-03-25,Mono,051,14174,22,4,0,4,0
2020-03-25,Monterey,053,433212,63,23,0,23,1
2020-03-25,Napa,055,140530,26,5,0,5,0
2020-03-25,Nevada,057,99092,31,5,1,6,0
2020-03-25,Orange,059,3164182,1000,214,9,223,1
2020-03-25,Placer,061,380077,100,30,0,30,1
2020-03-25,Plumas,063,18699,0,1,0,1,0
2020-03-25,Riverside,065,2383286,813,87,12,99,5
2020-03-25,Sacramento,067,1510023,446,114,0,114,5
2020-03-25,San Benito,069,59416,26,4,0,4,1
2020-03-25,San Bernardino,071,2135413,408,46,0,46,1
2020-03-25,San Diego,073,3302833,1192,238,0,238,2
2020-03-25,San Francisco,075,870044,553,212,0,212,1
2020-03-25,San Joaquin,077,732212,177,64,3,67,2
2020-03-25,San Luis Obispo,079,281455,105,35,0,35,0
2020-03-25,San Mateo,081,765935,577,111,2,113,5
2020-03-25,Santa Barbara,083,443738,157,25,1,26,0
2020-03-25,Santa Clara,085,1922200,1194,452,2,454,20
2020-03-25,Santa Cruz,087,273765,72,26,0,26,0
2020-03-25,Shasta,089,179085,16,3,0,3,1
2020-03-25,Sierra,091,2930,0,0,0,0,0
2020-03-25,Siskiyou,093,43540,4,2,0,2,0
2020-03-25,Solano,095,438530,80,39,0,39,0
2020-03-25,Sonoma,097,501317,123,31,0,31,1
2020-03-25,Stanislaus,099,539301,74,14,3,17,0
2020-03-25,Sutter,101,95872,9,1,0,1,0
2020-03-25,Tehama,103,63373,1,0,0,0,0
2020-03-25,Trinity,105,12862,0,0,0,0,0
2020-03-25,Tulare,107,460477,87,11,3,14,0
2020-03-25,Tuolumne,109,53932,2,0,0,0,0
2020-03-25,Ventura,111,848112,229,53,0,53,1
2020-03-25,Yolo,113,214977,45,9,0,9,1
2020-03-25,Yuba,115,75493,7,2,0,2,0
2020-03-24,Alameda,001,1643700,506,96,1,97,2
2020-03-24,Alpine,003,1148,1,0,0,0,0
2020-03-24,Amador,005,37829,2,1,0,1,0
2020-03-24,Butte,007,227075,11,3,0,3,0
2020-03-24,Calaveras,009,45235,5,2,0,2,0
2020-03-24,Colusa,011,21464,2,0,0,0,0
2020-03-24,Contra Costa,013,1133247,360,108,0,108,1
2020-03-24,Del Norte,015,27424,0,0,0,0,0
2020-03-24,El Dorado,017,186661,27,3,0,3,0
2020-03-24,Fresno,019,978130,133,18,2,20,0
2020-03-24,Glenn,021,27897,2,0,0,0,0
2020-03-24,Humboldt,023,135768,33,2,0,2,0
2020-03-24,Imperial,025,180216,54,3,0,3,0
2020-03-24,Inyo,027,18085,5,0,0,0,0
2020-03-24,Kern,029,883053,144,5,0,5,0
2020-03-24,Kings,031,150075,25,0,1,1,0
2020-03-24,Lake,033,64148,0,0,0,0,0
2020-03-24,Lassen,035,31185,3,0,1,1,0
2020-03-24,Los Angeles,037,10098052,3758,633,10,643,7
2020-03-24,Madera,039,155013,36,6,0,6,0
2020-03-24,Marin,041,260295,89,44,0,44,0
2020-03-24,Mariposa,043,17540,0,0,0,0,0
2020-03-24,Mendocino,045,87422,3,1,0,1,0
2020-03-24,Merced,047,269075,17,0,0,0,0
2020-03-24,Modoc,049,8938,0,0,0,0,0
2020-03-24,Mono,051,14174,21,1,0,1,0
2020-03-24,Monterey,053,433212,59,23,0,23,1
2020-03-24,Napa,055,140530,23,2,0,2,0
2020-03-24,Nevada,057,99092,30,4,1,5,0
2020-03-24,Orange,059,3164182,938,166,9,175,0
2020-03-24,Placer,061,380077,93,22,0,22,1
2020-03-24,Plumas,063,18699,0,1,0,1,0
2020-03-24,Riverside,065,2383286,746,56,12,68,5
2020-03-24,Sacramento,067,1510023,426,93,0,93,4
2020-03-24,San Benito,069,59416,25,4,0,4,1
2020-03-24,San Bernardino,071,2135413,364,27,0,27,0
2020-03-24,San Diego,073,3302833,1125,231,0,231,2
2020-03-24,San Francisco,075,870044,521,181,0,181,1
2020-03-24,San Joaquin,077,732212,166,52,3,55,2
2020-03-24,San Luis Obispo,079,281455,102,32,0,32,0
2020-03-24,San Mateo,081,765935,536,100,2,102,2
2020-03-24,Santa Barbara,083,443738,151,20,1,21,0
2020-03-24,Santa Clara,085,1922200,1125,389,2,391,17
2020-03-24,Santa Cruz,087,273765,67,22,0,22,0
2020-03-24,Shasta,089,179085,15,3,0,3,0
2020-03-24,Sierra,091,2930,0,0,0,0,0
2020-03-24,Siskiyou,093,43540,4,2,0,2,0
2020-03-24,Solano,095,438530,78,34,0,34,0
2020-03-24,Sonoma,097,501317,116,27,0,27,1
2020-03-24,Stanislaus,099,539301,65,13,3,16,0
2020-03-24,Sutter,101,95872,9,0,0,0,0
2020-03-24,Tehama,103,63373,1,0,0,0,0
2020-03-24,Trinity,105,12862,0,0,0,0,0
2020-03-24,Tulare,107,460477,77,10,3,13,0
2020-03-24,Tuolumne,109,53932,2,0,0,0,0
2020-03-24,Ventura,111,848112,213,44,0,44,1
2020-03-24,Yolo,113,214977,41,8,0,8,0
2020-03-24,Yuba,115,75493,7,2,0,2,0
2020-03-23,Alameda,001,1643700,475,88,1,89,1
2020-03-23,Alpine,003,1148,1,0,0,0,0
2020-03-23,Amador,005,37829,2,1,0,1,0
2020-03-23,Butte,007,227075,11,2,0,2,0
2020-03-23,Calaveras,009,45235,5,2,0,2,0
2020-03-23,Colusa,011,21464,1,0,0,0,0
2020-03-23,Contra Costa,013,1133247,340,91,0,91,2
2020-03-23,Del Norte,015,27424,0,0,0,0,0
2020-03-23,El Dorado,017,186661,26,3,0,3,0
2020-03-23,Fresno,019,978130,123,10,2,12,0
2020-03-23,Glenn,021,27897,2,0,0,0,0
2020-03-23,Humboldt,023,135768,31,2,0,2,0
2020-03-23,Imperial,025,180216,50,2,0,2,0
2020-03-23,Inyo,027,18085,3,0,0,0,0
2020-03-23,Kern,029,883053,130,5,0,5,0
2020-03-23,Kings,031,150075,25,0,1,1,0
2020-03-23,Lake,033,64148,0,0,0,0,0
2020-03-23,Lassen,035,31185,3,0,1,1,0
2020-03-23,Los Angeles,037,10098052,3450,389,10,399,4
2020-03-23,Madera,039,155013,36,4,0,4,0
2020-03-23,Marin,041,260295,84,30,0,30,0
2020-03-23,Mariposa,043,17540,0,0,0,0,0
2020-03-23,Mendocino,045,87422,3,1,0,1,0
2020-03-23,Merced,047,269075,11,0,0,0,0
2020-03-23,Modoc,049,8938,0,0,0,0,0
2020-03-23,Mono,051,14174,19,1,0,1,0
2020-03-23,Monterey,053,433212,54,14,0,14,1
2020-03-23,Napa,055,140530,21,1,0,1,0
2020-03-23,Nevada,057,99092,27,2,1,3,0
2020-03-23,Orange,059,3164182,883,138,7,145,0
2020-03-23,Placer,061,380077,90,19,0,19,1
2020-03-23,Plumas,063,18699,0,0,0,0,0
2020-03-23,Riverside,065,2383286,703,39,12,51,5
2020-03-23,Sacramento,067,1510023,393,87,0,87,4
2020-03-23,San Benito,069,59416,24,4,0,4,1
2020-03-23,San Bernardino,071,2135413,334,17,0,17,0
2020-03-23,San Diego,073,3302833,1066,178,0,178,1
2020-03-23,San Francisco,075,870044,492,152,0,152,0
2020-03-23,San Joaquin,077,732212,154,37,3,40,2
2020-03-23,San Luis Obispo,079,281455,96,23,0,23,0
2020-03-23,San Mateo,081,765935,497,88,2,90,1
2020-03-23,Santa Barbara,083,443738,133,18,1,19,0
2020-03-23,Santa Clara,085,1922200,1076,336,2,338,13
2020-03-23,Santa Cruz,087,273765,65,21,0,21,0
2020-03-23,Shasta,089,179085,13,2,0,2,0
2020-03-23,Sierra,091,2930,0,0,0,0,0
2020-03-23,Siskiyou,093,43540,4,2,0,2,0
2020-03-23,Solano,095,438530,74,33,0,33,0
2020-03-23,Sonoma,097,501317,104,19,0,19,1
2020-03-23,Stanislaus,099,539301,57,10,3,13,0
2020-03-23,Sutter,101,95872,9,0,0,0,0
2020-03-23,Tehama,103,63373,1,0,0,0,0
2020-03-23,Trinity,105,12862,0,0,0,0,0
2020-03-23,Tulare,107,460477,68,9,3,12,0
2020-03-23,Tuolumne,109,53932,2,0,0,0,0
2020-03-23,Ventura,111,848112,196,30,0,30,0
2020-03-23,Yolo,113,214977,40,8,0,8,0
2020-03-23,Yuba,115,75493,7,2,0,2,0
2020-03-22,Alameda,001,1643700,436,72,1,73,1
2020-03-22,Alpine,003,1148,1,0,0,0,0
2020-03-22,Amador,005,37829,2,1,0,1,0
2020-03-22,Butte,007,227075,8,1,0,1,0
2020-03-22,Calaveras,009,45235,4,2,0,2,0
2020-03-22,Colusa,011,21464,1,0,0,0,0
2020-03-22,Contra Costa,013,1133247,313,79,0,79,1
2020-03-22,Del Norte,015,27424,0,0,0,0,0
2020-03-22,El Dorado,017,186661,24,1,0,1,0
2020-03-22,Fresno,019,978130,103,8,2,10,0
2020-03-22,Glenn,021,27897,2,0,0,0,0
2020-03-22,Humboldt,023,135768,28,1,0,1,0
2020-03-22,Imperial,025,180216,48,2,0,2,0
2020-03-22,Inyo,027,18085,1,0,0,0,0
2020-03-22,Kern,029,883053,114,3,0,3,0
2020-03-22,Kings,031,150075,22,0,1,1,0
2020-03-22,Lake,033,64148,0,0,0,0,0
2020-03-22,Lassen,035,31185,3,0,1,1,0
2020-03-22,Los Angeles,037,10098052,3120,384,10,394,3
2020-03-22,Madera,039,155013,33,4,0,4,0
2020-03-22,Marin,041,260295,74,30,0,30,0
2020-03-22,Mariposa,043,17540,0,0,0,0,0
2020-03-22,Mendocino,045,87422,3,1,0,1,0
2020-03-22,Merced,047,269075,7,0,0,0,0
2020-03-22,Modoc,049,8938,0,0,0,0,0
2020-03-22,Mono,051,14174,14,1,0,1,0
2020-03-22,Monterey,053,433212,51,14,0,14,1
2020-03-22,Napa,055,140530,17,1,0,1,0
2020-03-22,Nevada,057,99092,23,2,1,3,0
2020-03-22,Orange,059,3164182,810,102,4,106,0
2020-03-22,Placer,061,380077,88,18,0,18,1
2020-03-22,Plumas,063,18699,0,0,0,0,0
2020-03-22,Riverside,065,2383286,613,26,8,34,5
2020-03-22,Sacramento,067,1510023,361,82,0,82,4
2020-03-22,San Benito,069,59416,19,4,0,4,1
2020-03-22,San Bernardino,071,2135413,290,16,0,16,0
2020-03-22,San Diego,073,3302833,978,161,0,161,0
2020-03-22,San Francisco,075,870044,455,134,0,134,0
2020-03-22,San Joaquin,077,732212,140,30,3,33,2
2020-03-22,San Luis Obispo,079,281455,89,19,0,19,0
2020-03-22,San Mateo,081,765935,464,82,2,84,1
2020-03-22,Santa Barbara,083,443738,119,16,1,17,0
2020-03-22,Santa Clara,085,1922200,1012,284,2,286,13
2020-03-22,Santa Cruz,087,273765,64,19,0,19,0
2020-03-22,Shasta,089,179085,13,1,0,1,0
2020-03-22,Sierra,091,2930,0,0,0,0,0
2020-03-22,Siskiyou,093,43540,4,2,0,2,0
2020-03-22,Solano,095,438530,65,30,0,30,0
2020-03-22,Sonoma,097,501317,99,18,0,18,1
2020-03-22,Stanislaus,099,539301,51,8,3,11,0
2020-03-22,Sutter,101,95872,8,0,0,0,0
2020-03-22,Tehama,103,63373,0,0,0,0,0
2020-03-22,Trinity,105,12862,0,0,0,0,0
2020-03-22,Tulare,107,460477,62,5,3,8,0
2020-03-22,Tuolumne,109,53932,2,0,0,0,0
2020-03-22,Ventura,111,848112,174,26,0,26,0
2020-03-22,Yolo,113,214977,34,6,0,6,0
2020-03-22,Yuba,115,75493,7,2,0,2,0
2020-03-21,Alameda,001,1643700,412,62,1,63,0
2020-03-21,Alpine,003,1148,1,0,0,0,0
2020-03-21,Amador,005,37829,2,1,0,1,0
2020-03-21,Butte,007,227075,7,1,0,1,0
2020-03-21,Calaveras,009,45235,4,2,0,2,0
2020-03-21,Colusa,011,21464,1,0,0,0,0
2020-03-21,Contra Costa,013,1133247,302,62,0,62,1
2020-03-21,Del Norte,015,27424,0,0,0,0,0
2020-03-21,El Dorado,017,186661,21,1,0,1,0
2020-03-21,Fresno,019,978130,99,8,2,10,0
2020-03-21,Glenn,021,27897,2,0,0,0,0
2020-03-21,Humboldt,023,135768,25,1,0,1,0
2020-03-21,Imperial,025,180216,44,2,0,2,0
2020-03-21,Inyo,027,18085,1,0,0,0,0
2020-03-21,Kern,029,883053,108,3,0,3,0
2020-03-21,Kings,031,150075,22,0,1,1,0
2020-03-21,Lake,033,64148,0,0,0,0,0
2020-03-21,Lassen,035,31185,3,0,1,1,0
2020-03-21,Los Angeles,037,10098052,2843,322,10,332,2
2020-03-21,Madera,039,155013,33,4,0,4,0
2020-03-21,Marin,041,260295,69,30,0,30,0
2020-03-21,Mariposa,043,17540,0,0,0,0,0
2020-03-21,Mendocino,045,87422,3,1,0,1,0
2020-03-21,Merced,047,269075,6,0,0,0,0
2020-03-21,Modoc,049,8938,0,0,0,0,0
2020-03-21,Mono,051,14174,14,1,0,1,0
2020-03-21,Monterey,053,433212,48,8,0,8,1
2020-03-21,Napa,055,140530,17,0,0,0,0
2020-03-21,Nevada,057,99092,23,2,1,3,0
2020-03-21,Orange,059,3164182,761,85,4,89,0
2020-03-21,Placer,061,380077,78,11,0,11,1
2020-03-21,Plumas,063,18699,0,0,0,0,0
2020-03-21,Riverside,065,2383286,566,20,8,28,3
2020-03-21,Sacramento,067,1510023,334,66,0,66,3
2020-03-21,San Benito,069,59416,17,4,0,4,1
2020-03-21,San Bernardino,071,2135413,270,13,0,13,0
2020-03-21,San Diego,073,3302833,901,121,0,121,0
2020-03-21,San Francisco,075,870044,419,106,0,106,0
2020-03-21,San Joaquin,077,732212,131,26,3,29,2
2020-03-21,San Luis Obispo,079,281455,84,16,0,16,0
2020-03-21,San Mateo,081,765935,426,78,2,80,1
2020-03-21,Santa Barbara,083,443738,109,8,1,9,0
2020-03-21,Santa Clara,085,1922200,950,269,2,271,10
2020-03-21,Santa Cruz,087,273765,62,17,0,17,0
2020-03-21,Shasta,089,179085,12,1,0,1,0
2020-03-21,Sierra,091,2930,0,0,0,0,0
2020-03-21,Siskiyou,093,43540,4,0,0,0,0
2020-03-21,Solano,095,438530,63,30,0,30,0
2020-03-21,Sonoma,097,501317,98,15,0,15,1
2020-03-21,Stanislaus,099,539301,45,7,3,10,0
2020-03-21,Sutter,101,95872,7,0,0,0,0
2020-03-21,Tehama,103,63373,0,0,0,0,0
2020-03-21,Trinity,105,12862,0,0,0,0,0
2020-03-21,Tulare,107,460477,54,5,3,8,0
2020-03-21,Tuolumne,109,53932,2,0,0,0,0
2020-03-21,Ventura,111,848112,166,22,0,22,0
2020-03-21,Yolo,113,214977,34,6,0,6,0
2020-03-21,Yuba,115,75493,7,1,0,1,0
2020-03-20,Alameda,001,1643700,391,42,1,43,0
2020-03-20,Alpine,003,1148,1,0,0,0,0
2020-03-20,Amador,005,37829,1,0,0,0,0
2020-03-20,Butte,007,227075,7,0,0,0,0
2020-03-20,Calaveras,009,45235,4,2,0,2,0
2020-03-20,Colusa,011,21464,1,0,0,0,0
2020-03-20,Contra Costa,013,1133247,272,52,0,52,1
2020-03-20,Del Norte,015,27424,0,0,0,0,0
2020-03-20,El Dorado,017,186661,20,1,0,1,0
2020-03-20,Fresno,019,978130,96,7,2,9,0
2020-03-20,Glenn,021,27897,1,0,0,0,0
2020-03-20,Humboldt,023,135768,25,1,0,1,0
2020-03-20,Imperial,025,180216,43,2,0,2,0
2020-03-20,Inyo,027,18085,0,0,0,0,0
2020-03-20,Kern,029,883053,93,3,0,3,0
2020-03-20,Kings,031,150075,21,0,1,1,0
2020-03-20,Lake,033,64148,0,0,0,0,0
2020-03-20,Lassen,035,31185,3,0,1,1,0
2020-03-20,Los Angeles,037,10098052,2614,267,9,276,1
2020-03-20,Madera,039,155013,32,4,0,4,0
2020-03-20,Marin,041,260295,66,30,0,30,0
2020-03-20,Mariposa,043,17540,0,0,0,0,0
2020-03-20,Mendocino,045,87422,3,1,0,1,0
2020-03-20,Merced,047,269075,6,0,0,0,0
2020-03-20,Modoc,049,8938,0,0,0,0,0
2020-03-20,Mono,051,14174,14,0,0,0,0
2020-03-20,Monterey,053,433212,47,4,0,4,0
2020-03-20,Napa,055,140530,16,0,0,0,0
2020-03-20,Nevada,057,99092,20,2,1,3,0
2020-03-20,Orange,059,3164182,714,71,4,75,2
2020-03-20,Placer,061,380077,72,9,0,9,1
2020-03-20,Plumas,063,18699,0,0,0,0,0
2020-03-20,Riverside,065,2383286,507,19,8,27,3
2020-03-20,Sacramento,067,1510023,313,56,0,56,4
2020-03-20,San Benito,069,59416,17,4,0,4,1
2020-03-20,San Bernardino,071,2135413,243,9,0,9,0
2020-03-20,San Diego,073,3302833,849,98,0,98,0
2020-03-20,San Francisco,075,870044,387,87,0,87,0
2020-03-20,San Joaquin,077,732212,116,18,3,21,2
2020-03-20,San Luis Obispo,079,281455,80,11,0,11,0
2020-03-20,San Mateo,081,765935,396,71,2,73,1
2020-03-20,Santa Barbara,083,443738,97,7,1,8,0
2020-03-20,Santa Clara,085,1922200,914,246,2,248,8
2020-03-20,Santa Cruz,087,273765,60,13,0,13,0
2020-03-20,Shasta,089,179085,11,1,0,1,0
2020-03-20,Sierra,091,2930,0,0,0,0,0
2020-03-20,Siskiyou,093,43540,4,0,0,0,0
2020-03-20,Solano,095,438530,59,29,0,29,0
2020-03-20,Sonoma,097,501317,90,7,0,7,0
2020-03-20,Stanislaus,099,539301,39,7,3,10,0
2020-03-20,Sutter,101,95872,7,0,0,0,0
2020-03-20,Tehama,103,63373,0,0,0,0,0
2020-03-20,Trinity,105,12862,0,0,0,0,0
2020-03-20,Tulare,107,460477,50,4,3,7,0
2020-03-20,Tuolumne,109,53932,2,0,0,0,0
2020-03-20,Ventura,111,848112,156,18,0,18,0
2020-03-20,Yolo,113,214977,32,5,0,5,0
2020-03-20,Yuba,115,75493,6,0,0,0,0
2020-03-19,Alameda,001,1643700,355,36,1,37,0
2020-03-19,Alpine,003,1148,1,0,0,0,0
2020-03-19,Amador,005,37829,1,0,0,0,0
2020-03-19,Butte,007,227075,5,0,0,0,0
2020-03-19,Calaveras,009,45235,4,2,0,2,0
2020-03-19,Colusa,011,21464,0,0,0,0,0
2020-03-19,Contra Costa,013,1133247,256,46,0,46,0
2020-03-19,Del Norte,015,27424,0,0,0,0,0
2020-03-19,El Dorado,017,186661,18,0,0,0,0
2020-03-19,Fresno,019,978130,87,6,2,8,0
2020-03-19,Glenn,021,27897,1,0,0,0,0
2020-03-19,Humboldt,023,135768,23,1,0,1,0
2020-03-19,Imperial,025,180216,36,2,0,2,0
2020-03-19,Inyo,027,18085,0,0,0,0,0
2020-03-19,Kern,029,883053,81,3,0,3,0
2020-03-19,Kings,031,150075,17,0,1,1,0
2020-03-19,Lake,033,64148,0,0,0,0,0
2020-03-19,Lassen,035,31185,2,0,1,1,0
2020-03-19,Los Angeles,037,10098052,2323,233,9,242,0
2020-03-19,Madera,039,155013,31,3,0,3,0
2020-03-19,Marin,041,260295,63,19,0,19,0
2020-03-19,Mariposa,043,17540,0,0,0,0,0
2020-03-19,Mendocino,045,87422,2,1,0,1,0
2020-03-19,Merced,047,269075,5,0,0,0,0
2020-03-19,Modoc,049,8938,0,0,0,0,0
2020-03-19,Mono,051,14174,12,0,0,0,0
2020-03-19,Monterey,053,433212,39,3,0,3,0
2020-03-19,Napa,055,140530,14,0,0,0,0
2020-03-19,Nevada,057,99092,18,2,1,3,0
2020-03-19,Orange,059,3164182,633,59,4,63,0
2020-03-19,Placer,061,380077,64,8,0,8,1
2020-03-19,Plumas,063,18699,0,0,0,0,0
2020-03-19,Riverside,065,2383286,396,14,6,20,3
2020-03-19,Sacramento,067,1510023,280,52,0,52,3
2020-03-19,San Benito,069,59416,14,3,0,3,0
2020-03-19,San Bernardino,071,2135413,213,7,0,7,0
2020-03-19,San Diego,073,3302833,766,68,0,68,0
2020-03-19,San Francisco,075,870044,351,80,0,80,0
2020-03-19,San Joaquin,077,732212,102,15,3,18,2
2020-03-19,San Luis Obispo,079,281455,77,6,0,6,0
2020-03-19,San Mateo,081,765935,361,58,2,60,1
2020-03-19,Santa Barbara,083,443738,85,5,0,5,0
2020-03-19,Santa Clara,085,1922200,847,183,2,185,8
2020-03-19,Santa Cruz,087,273765,57,13,0,13,0
2020-03-19,Shasta,089,179085,10,1,0,1,0
2020-03-19,Sierra,091,2930,0,0,0,0,0
2020-03-19,Siskiyou,093,43540,3,0,0,0,0
2020-03-19,Solano,095,438530,55,26,0,26,0
2020-03-19,Sonoma,097,501317,87,8,0,8,0
2020-03-19,Stanislaus,099,539301,38,7,3,10,0
2020-03-19,Sutter,101,95872,7,0,0,0,0
2020-03-19,Tehama,103,63373,0,0,0,0,0
2020-03-19,Trinity,105,12862,0,0,0,0,0
2020-03-19,Tulare,107,460477,44,3,3,6,0
2020-03-19,Tuolumne,109,53932,2,0,0,0,0
2020-03-19,Ventura,111,848112,134,15,0,15,0
2020-03-19,Yolo,113,214977,28,5,0,5,0
2020-03-19,Yuba,115,75493,5,0,0,0,0
2020-03-18,Alameda,001,1643700,326,29,1,30,0
2020-03-18,Alpine,003,1148,1,0,0,0,0
2020-03-18,Amador,005,37829,1,0,0,0,0
2020-03-18,Butte,007,227075,4,0,0,0,0
2020-03-18,Calaveras,009,45235,4,2,0,2,0
2020-03-18,Colusa,011,21464,0,0,0,0,0
2020-03-18,Contra Costa,013,1133247,234,44,0,44,0
2020-03-18,Del Norte,015,27424,0,0,0,0,0
2020-03-18,El Dorado,017,186661,17,0,0,0,0
2020-03-18,Fresno,019,978130,78,3,1,4,0
2020-03-18,Glenn,021,27897,1,0,0,0,0
2020-03-18,Humboldt,023,135768,19,1,0,1,0
2020-03-18,Imperial,025,180216,30,2,0,2,0
2020-03-18,Inyo,027,18085,0,0,0,0,0
2020-03-18,Kern,029,883053,66,1,0,1,0
2020-03-18,Kings,031,150075,15,0,1,1,0
2020-03-18,Lake,033,64148,0,0,0,0,0
2020-03-18,Lassen,035,31185,1,0,1,1,0
2020-03-18,Los Angeles,037,10098052,2077,47,9,56,0
2020-03-18,Madera,039,155013,30,2,0,2,0
2020-03-18,Marin,041,260295,58,10,0,10,0
2020-03-18,Mariposa,043,17540,0,0,0,0,0
2020-03-18,Mendocino,045,87422,2,0,0,0,0
2020-03-18,Merced,047,269075,5,0,0,0,0
2020-03-18,Modoc,049,8938,0,0,0,0,0
2020-03-18,Mono,051,14174,11,0,0,0,0
2020-03-18,Monterey,053,433212,31,1,0,1,0
2020-03-18,Napa,055,140530,11,0,0,0,0
2020-03-18,Nevada,057,99092,16,2,1,3,0
2020-03-18,Orange,059,3164182,575,38,4,42,0
2020-03-18,Placer,061,380077,57,8,0,8,1
2020-03-18,Plumas,063,18699,0,0,0,0,0
2020-03-18,Riverside,065,2383286,333,11,5,16,2
2020-03-18,Sacramento,067,1510023,257,46,0,46,3
2020-03-18,San Benito,069,59416,13,3,0,3,0
2020-03-18,San Bernardino,071,2135413,191,3,0,3,0
2020-03-18,San Diego,073,3302833,681,40,0,40,0
2020-03-18,San Francisco,075,870044,332,65,0,65,0
2020-03-18,San Joaquin,077,732212,90,14,3,17,2
2020-03-18,San Luis Obispo,079,281455,70,5,0,5,0
2020-03-18,San Mateo,081,765935,340,57,2,59,1
2020-03-18,Santa Barbara,083,443738,77,2,0,2,0
2020-03-18,Santa Clara,085,1922200,796,151,2,153,6
2020-03-18,Santa Cruz,087,273765,55,11,0,11,0
2020-03-18,Shasta,089,179085,9,1,0,1,0
2020-03-18,Sierra,091,2930,0,0,0,0,0
2020-03-18,Siskiyou,093,43540,3,0,0,0,0
2020-03-18,Solano,095,438530,51,26,0,26,0
2020-03-18,Sonoma,097,501317,78,6,0,6,0
2020-03-18,Stanislaus,099,539301,34,5,2,7,0
2020-03-18,Sutter,101,95872,5,0,0,0,0
2020-03-18,Tehama,103,63373,0,0,0,0,0
2020-03-18,Trinity,105,12862,0,0,0,0,0
2020-03-18,Tulare,107,460477,34,3,3,6,0
2020-03-18,Tuolumne,109,53932,2,0,0,0,0
2020-03-18,Ventura,111,848112,115,11,0,11,0
2020-03-18,Yolo,113,214977,25,4,0,4,0
2020-03-18,Yuba,115,75493,4,0,0,0,0
2020-03-17,Alameda,001,1643700,294,19,0,19,0
2020-03-17,Alpine,003,1148,0,0,0,0,0
2020-03-17,Amador,005,37829,1,0,0,0,0
2020-03-17,Butte,007,227075,4,0,0,0,0
2020-03-17,Calaveras,009,45235,4,2,0,2,0
2020-03-17,Colusa,011,21464,0,0,0,0,0
2020-03-17,Contra Costa,013,1133247,212,37,0,37,0
2020-03-17,Del Norte,015,27424,0,0,0,0,0
2020-03-17,El Dorado,017,186661,16,0,0,0,0
2020-03-17,Fresno,019,978130,68,2,1,3,0
2020-03-17,Glenn,021,27897,1,0,0,0,0
2020-03-17,Humboldt,023,135768,17,1,0,1,0
2020-03-17,Imperial,025,180216,24,2,0,2,0
2020-03-17,Inyo,027,18085,0,0,0,0,0
2020-03-17,Kern,029,883053,52,0,0,0,0
2020-03-17,Kings,031,150075,12,0,1,1,0
2020-03-17,Lake,033,64148,0,0,0,0,0
2020-03-17,Lassen,035,31185,1,0,1,1,0
2020-03-17,Los Angeles,037,10098052,1868,41,9,50,0
2020-03-17,Madera,039,155013,22,2,0,2,0
2020-03-17,Marin,041,260295,51,4,0,4,0
2020-03-17,Mariposa,043,17540,0,0,0,0,0
2020-03-17,Mendocino,045,87422,2,0,0,0,0
2020-03-17,Merced,047,269075,5,0,0,0,0
2020-03-17,Modoc,049,8938,0,0,0,0,0
2020-03-17,Mono,051,14174,9,0,0,0,0
2020-03-17,Monterey,053,433212,29,0,0,0,0
2020-03-17,Napa,055,140530,8,0,0,0,0
2020-03-17,Nevada,057,99092,15,1,1,2,0
2020-03-17,Orange,059,3164182,497,24,3,27,0
2020-03-17,Placer,061,380077,47,7,0,7,1
2020-03-17,Plumas,063,18699,0,0,0,0,0
2020-03-17,Riverside,065,2383286,271,11,5,16,0
2020-03-17,Sacramento,067,1510023,237,36,0,36,1
2020-03-17,San Benito,069,59416,12,2,0,2,0
2020-03-17,San Bernardino,071,2135413,163,2,0,2,0
2020-03-17,San Diego,073,3302833,614,17,0,17,0
2020-03-17,San Francisco,075,870044,305,46,0,46,0
2020-03-17,San Joaquin,077,732212,84,11,3,14,0
2020-03-17,San Luis Obispo,079,281455,62,1,0,1,0
2020-03-17,San Mateo,081,765935,308,46,2,48,1
2020-03-17,Santa Barbara,083,443738,65,0,0,0,0
2020-03-17,Santa Clara,085,1922200,738,121,2,123,4
2020-03-17,Santa Cruz,087,273765,52,10,0,10,0
2020-03-17,Shasta,089,179085,5,1,0,1,0
2020-03-17,Sierra,091,2930,0,0,0,0,0
2020-03-17,Siskiyou,093,43540,3,0,0,0,0
2020-03-17,Solano,095,438530,48,27,0,27,0
2020-03-17,Sonoma,097,501317,70,4,0,4,0
2020-03-17,Stanislaus,099,539301,31,4,2,6,0
2020-03-17,Sutter,101,95872,5,0,0,0,0
2020-03-17,Tehama,103,63373,0,0,0,0,0
2020-03-17,Trinity,105,12862,0,0,0,0,0
2020-03-17,Tulare,107,460477,29,2,3,5,0
2020-03-17,Tuolumne,109,53932,2,0,0,0,0
2020-03-17,Ventura,111,848112,98,7,0,7,0
2020-03-17,Yolo,113,214977,21,2,0,2,0
2020-03-17,Yuba,115,75493,4,0,0,0,0
2020-03-16,Alameda,001,1643700,265,17,0,17,0
2020-03-16,Alpine,003,1148,0,0,0,0,0
2020-03-16,Amador,005,37829,1,0,0,0,0
2020-03-16,Butte,007,227075,3,0,0,0,0
2020-03-16,Calaveras,009,45235,4,2,0,2,0
2020-03-16,Colusa,011,21464,0,0,0,0,0
2020-03-16,Contra Costa,013,1133247,188,36,0,36,0
2020-03-16,Del Norte,015,27424,0,0,0,0,0
2020-03-16,El Dorado,017,186661,15,0,0,0,0
2020-03-16,Fresno,019,978130,53,2,1,3,0
2020-03-16,Glenn,021,27897,0,0,0,0,0
2020-03-16,Humboldt,023,135768,13,1,0,1,0
2020-03-16,Imperial,025,180216,19,2,0,2,0
2020-03-16,Inyo,027,18085,0,0,0,0,0
2020-03-16,Kern,029,883053,43,0,0,0,0
2020-03-16,Kings,031,150075,11,0,1,1,0
2020-03-16,Lake,033,64148,0,0,0,0,0
2020-03-16,Lassen,035,31185,1,0,0,0,0
2020-03-16,Los Angeles,037,10098052,1630,43,9,52,0
2020-03-16,Madera,039,155013,21,2,0,2,0
2020-03-16,Marin,041,260295,48,4,0,4,0
2020-03-16,Mariposa,043,17540,0,0,0,0,0
2020-03-16,Mendocino,045,87422,2,0,0,0,0
2020-03-16,Merced,047,269075,5,0,0,0,0
2020-03-16,Modoc,049,8938,0,0,0,0,0
2020-03-16,Mono,051,14174,7,0,0,0,0
2020-03-16,Monterey,053,433212,28,0,0,0,0
2020-03-16,Napa,055,140530,7,0,0,0,0
2020-03-16,Nevada,057,99092,11,1,1,2,0
2020-03-16,Orange,059,3164182,414,18,3,21,0
2020-03-16,Placer,061,380077,39,7,0,7,1
2020-03-16,Plumas,063,18699,0,0,0,0,0
2020-03-16,Riverside,065,2383286,235,10,5,15,0
2020-03-16,Sacramento,067,1510023,210,34,0,34,1
2020-03-16,San Benito,069,59416,8,2,0,2,0
2020-03-16,San Bernardino,071,2135413,143,1,0,1,0
2020-03-16,San Diego,073,3302833,523,17,0,17,0
2020-03-16,San Francisco,075,870044,267,40,0,40,0
2020-03-16,San Joaquin,077,732212,74,9,3,12,0
2020-03-16,San Luis Obispo,079,281455,55,1,0,1,0
2020-03-16,San Mateo,081,765935,269,42,2,44,1
2020-03-16,Santa Barbara,083,443738,55,0,0,0,0
2020-03-16,Santa Clara,085,1922200,658,115,1,116,2
2020-03-16,Santa Cruz,087,273765,45,9,0,9,0
2020-03-16,Shasta,089,179085,5,1,0,1,0
2020-03-16,Sierra,091,2930,0,0,0,0,0
2020-03-16,Siskiyou,093,43540,2,0,0,0,0
2020-03-16,Solano,095,438530,43,27,0,27,0
2020-03-16,Sonoma,097,501317,62,4,0,4,0
2020-03-16,Stanislaus,099,539301,27,2,2,4,0
2020-03-16,Sutter,101,95872,3,0,0,0,0
2020-03-16,Tehama,103,63373,0,0,0,0,0
2020-03-16,Trinity,105,12862,0,0,0,0,0
2020-03-16,Tulare,107,460477,25,2,3,5,0
2020-03-16,Tuolumne,109,53932,2,0,0,0,0
2020-03-16,Ventura,111,848112,88,7,0,7,0
2020-03-16,Yolo,113,214977,19,2,0,2,0
2020-03-16,Yuba,115,75493,3,0,0,0,0
2020-03-15,Alameda,001,1643700,217,17,0,17,0
2020-03-15,Alpine,003,1148,0,0,0,0,0
2020-03-15,Amador,005,37829,1,0,0,0,0
2020-03-15,Butte,007,227075,3,0,0,0,0
2020-03-15,Calaveras,009,45235,2,2,0,2,0
2020-03-15,Colusa,011,21464,0,0,0,0,0
2020-03-15,Contra Costa,013,1133247,163,34,0,34,0
2020-03-15,Del Norte,015,27424,0,0,0,0,0
2020-03-15,El Dorado,017,186661,14,0,0,0,0
2020-03-15,Fresno,019,978130,33,1,1,2,0
2020-03-15,Glenn,021,27897,0,0,0,0,0
2020-03-15,Humboldt,023,135768,11,1,0,1,0
2020-03-15,Imperial,025,180216,14,2,0,2,0
2020-03-15,Inyo,027,18085,0,0,0,0,0
2020-03-15,Kern,029,883053,37,0,0,0,0
2020-03-15,Kings,031,150075,11,0,1,1,0
2020-03-15,Lake,033,64148,0,0,0,0,0
2020-03-15,Lassen,035,31185,1,0,0,0,0
2020-03-15,Los Angeles,037,10098052,1381,41,9,50,0
2020-03-15,Madera,039,155013,20,2,0,2,0
2020-03-15,Marin,041,260295,41,3,0,3,0
2020-03-15,Mariposa,043,17540,0,0,0,0,0
2020-03-15,Mendocino,045,87422,2,0,0,0,0
2020-03-15,Merced,047,269075,3,0,0,0,0
2020-03-15,Modoc,049,8938,0,0,0,0,0
2020-03-15,Mono,051,14174,6,0,0,0,0
2020-03-15,Monterey,053,433212,21,0,0,0,0
2020-03-15,Napa,055,140530,7,0,0,0,0
2020-03-15,Nevada,057,99092,11,0,1,1,0
2020-03-15,Orange,059,3164182,346,16,1,17,0
2020-03-15,Placer,061,380077,33,7,0,7,1
2020-03-15,Plumas,063,18699,0,0,0,0,0
2020-03-15,Riverside,065,2383286,183,10,5,15,0
2020-03-15,Sacramento,067,1510023,174,30,0,30,1
2020-03-15,San Benito,069,59416,8,2,0,2,0
2020-03-15,San Bernardino,071,2135413,121,0,0,0,0
2020-03-15,San Diego,073,3302833,436,16,0,16,0
2020-03-15,San Francisco,075,870044,209,31,0,31,0
2020-03-15,San Joaquin,077,732212,63,6,3,9,0
2020-03-15,San Luis Obispo,079,281455,45,1,0,1,0
2020-03-15,San Mateo,081,765935,235,29,1,30,1
2020-03-15,Santa Barbara,083,443738,46,0,0,0,0
2020-03-15,Santa Clara,085,1922200,586,79,1,80,2
2020-03-15,Santa Cruz,087,273765,38,8,0,8,0
2020-03-15,Shasta,089,179085,5,1,0,1,0
2020-03-15,Sierra,091,2930,0,0,0,0,0
2020-03-15,Siskiyou,093,43540,2,0,0,0,0
2020-03-15,Solano,095,438530,42,26,0,26,0
2020-03-15,Sonoma,097,501317,53,4,0,4,0
2020-03-15,Stanislaus,099,539301,26,2,2,4,0
2020-03-15,Sutter,101,95872,2,0,0,0,0
2020-03-15,Tehama,103,63373,0,0,0,0,0
2020-03-15,Trinity,105,12862,0,0,0,0,0
2020-03-15,Tulare,107,460477,19,2,3,5,0
2020-03-15,Tuolumne,109,53932,1,0,0,0,0
2020-03-15,Ventura,111,848112,77,5,0,5,0
2020-03-15,Yolo,113,214977,15,2,0,2,0
2020-03-15,Yuba,115,75493,2,0,0,0,0
2020-03-14,Alameda,001,1643700,198,11,0,11,0
2020-03-14,Alpine,003,1148,0,0,0,0,0
2020-03-14,Amador,005,37829,1,0,0,0,0
2020-03-14,Butte,007,227075,2,0,0,0,0
2020-03-14,Calaveras,009,45235,2,2,0,2,0
2020-03-14,Colusa,011,21464,0,0,0,0,0
2020-03-14,Contra Costa,013,1133247,141,30,0,30,0
2020-03-14,Del Norte,015,27424,0,0,0,0,0
2020-03-14,El Dorado,017,186661,12,0,0,0,0
2020-03-14,Fresno,019,978130,25,1,1,2,0
2020-03-14,Glenn,021,27897,0,0,0,0,0
2020-03-14,Humboldt,023,135768,7,1,0,1,0
2020-03-14,Imperial,025,180216,10,2,0,2,0
2020-03-14,Inyo,027,18085,0,0,0,0,0
2020-03-14,Kern,029,883053,32,0,0,0,0
2020-03-14,Kings,031,150075,11,0,1,1,0
2020-03-14,Lake,033,64148,0,0,0,0,0
2020-03-14,Lassen,035,31185,1,0,0,0,0
2020-03-14,Los Angeles,037,10098052,1199,35,9,44,0
2020-03-14,Madera,039,155013,19,2,0,2,0
2020-03-14,Marin,041,260295,37,3,0,3,0
2020-03-14,Mariposa,043,17540,0,0,0,0,0
2020-03-14,Mendocino,045,87422,2,0,0,0,0
2020-03-14,Merced,047,269075,3,0,0,0,0
2020-03-14,Modoc,049,8938,0,0,0,0,0
2020-03-14,Mono,051,14174,5,0,0,0,0
2020-03-14,Monterey,053,433212,15,0,0,0,0
2020-03-14,Napa,055,140530,5,0,0,0,0
2020-03-14,Nevada,057,99092,8,0,1,1,0
2020-03-14,Orange,059,3164182,307,14,0,14,0
2020-03-14,Placer,061,380077,29,6,0,6,1
2020-03-14,Plumas,063,18699,0,0,0,0,0
2020-03-14,Riverside,065,2383286,163,10,5,15,0
2020-03-14,Sacramento,067,1510023,152,31,0,31,1
2020-03-14,San Benito,069,59416,8,2,0,2,0
2020-03-14,San Bernardino,071,2135413,102,0,0,0,0
2020-03-14,San Diego,073,3302833,361,10,0,10,0
2020-03-14,San Francisco,075,870044,188,29,0,29,0
2020-03-14,San Joaquin,077,732212,54,6,3,9,0
2020-03-14,San Luis Obispo,079,281455,40,0,0,0,0
2020-03-14,San Mateo,081,765935,212,27,1,28,0
2020-03-14,Santa Barbara,083,443738,37,0,0,0,0
2020-03-14,Santa Clara,085,1922200,531,62,1,63,2
2020-03-14,Santa Cruz,087,273765,33,8,0,8,0
2020-03-14,Shasta,089,179085,5,1,0,1,0
2020-03-14,Sierra,091,2930,0,0,0,0,0
2020-03-14,Siskiyou,093,43540,1,0,0,0,0
2020-03-14,Solano,095,438530,40,26,0,26,0
2020-03-14,Sonoma,097,501317,40,2,0,2,0
2020-03-14,Stanislaus,099,539301,22,2,2,4,0
2020-03-14,Sutter,101,95872,2,0,0,0,0
2020-03-14,Tehama,103,63373,0,0,0,0,0
2020-03-14,Trinity,105,12862,0,0,0,0,0
2020-03-14,Tulare,107,460477,17,2,2,4,0
2020-03-14,Tuolumne,109,53932,1,0,0,0,0
2020-03-14,Ventura,111,848112,68,5,0,5,0
2020-03-14,Yolo,113,214977,15,2,0,2,0
2020-03-14,Yuba,115,75493,1,0,0,0,0
2020-03-13,Alameda,001,1643700,179,12,0,12,0
2020-03-13,Alpine,003,1148,0,0,0,0,0
2020-03-13,Amador,005,37829,1,0,0,0,0
2020-03-13,Butte,007,227075,0,0,0,0,0
2020-03-13,Calaveras,009,45235,2,2,0,2,0
2020-03-13,Colusa,011,21464,0,0,0,0,0
2020-03-13,Contra Costa,013,1133247,127,22,0,22,0
2020-03-13,Del Norte,015,27424,0,0,0,0,0
2020-03-13,El Dorado,017,186661,11,0,0,0,0
2020-03-13,Fresno,019,978130,20,1,1,2,0
2020-03-13,Glenn,021,27897,0,0,0,0,0
2020-03-13,Humboldt,023,135768,7,1,0,1,0
2020-03-13,Imperial,025,180216,9,2,0,2,0
2020-03-13,Inyo,027,18085,0,0,0,0,0
2020-03-13,Kern,029,883053,27,0,0,0,0
2020-03-13,Kings,031,150075,10,0,1,1,0
2020-03-13,Lake,033,64148,0,0,0,0,0
2020-03-13,Lassen,035,31185,1,0,0,0,0
2020-03-13,Los Angeles,037,10098052,1042,30,7,37,0
2020-03-13,Madera,039,155013,18,1,0,1,0
2020-03-13,Marin,041,260295,34,3,0,3,0
2020-03-13,Mariposa,043,17540,0,0,0,0,0
2020-03-13,Mendocino,045,87422,2,0,0,0,0
2020-03-13,Merced,047,269075,2,0,0,0,0
2020-03-13,Modoc,049,8938,0,0,0,0,0
2020-03-13,Mono,051,14174,3,0,0,0,0
2020-03-13,Monterey,053,433212,10,0,0,0,0
2020-03-13,Napa,055,140530,3,0,0,0,0
2020-03-13,Nevada,057,99092,7,0,1,1,0
2020-03-13,Orange,059,3164182,267,10,0,10,0
2020-03-13,Placer,061,380077,27,6,0,6,1
2020-03-13,Plumas,063,18699,0,0,0,0,0
2020-03-13,Riverside,065,2383286,133,5,4,9,0
2020-03-13,Sacramento,067,1510023,130,18,0,18,1
2020-03-13,San Benito,069,59416,6,2,0,2,0
2020-03-13,San Bernardino,071,2135413,96,0,0,0,0
2020-03-13,San Diego,073,3302833,311,8,0,8,0
2020-03-13,San Francisco,075,870044,174,28,0,28,0
2020-03-13,San Joaquin,077,732212,50,6,3,9,0
2020-03-13,San Luis Obispo,079,281455,33,0,0,0,0
2020-03-13,San Mateo,081,765935,191,24,1,25,0
2020-03-13,Santa Barbara,083,443738,33,0,0,0,0
2020-03-13,Santa Clara,085,1922200,469,59,1,60,1
2020-03-13,Santa Cruz,087,273765,32,7,0,7,0
2020-03-13,Shasta,089,179085,3,1,0,1,0
2020-03-13,Sierra,091,2930,0,0,0,0,0
2020-03-13,Siskiyou,093,43540,0,0,0,0,0
2020-03-13,Solano,095,438530,39,26,0,26,0
2020-03-13,Sonoma,097,501317,39,2,0,2,0
2020-03-13,Stanislaus,099,539301,17,2,2,4,0
2020-03-13,Sutter,101,95872,2,0,0,0,0
2020-03-13,Tehama,103,63373,0,0,0,0,0
2020-03-13,Trinity,105,12862,0,0,0,0,0
2020-03-13,Tulare,107,460477,14,2,2,4,0
2020-03-13,Tuolumne,109,53932,1,0,0,0,0
2020-03-13,Ventura,111,848112,54,5,0,5,0
2020-03-13,Yolo,113,214977,14,1,0,1,0
2020-03-13,Yuba,115,75493,1,0,0,0,0
2020-03-12,Alameda,001,1643700,154,9,0,9,0
2020-03-12,Alpine,003,1148,0,0,0,0,0
2020-03-12,Amador,005,37829,1,0,0,0,0
2020-03-12,Butte,007,227075,0,0,0,0,0
2020-03-12,Calaveras,009,45235,2,2,0,2,0
2020-03-12,Colusa,011,21464,0,0,0,0,0
2020-03-12,Contra Costa,013,1133247,110,18,0,18,0
2020-03-12,Del Norte,015,27424,0,0,0,0,0
2020-03-12,El Dorado,017,186661,9,0,0,0,0
2020-03-12,Fresno,019,978130,12,1,1,2,0
2020-03-12,Glenn,021,27897,0,0,0,0,0
2020-03-12,Humboldt,023,135768,6,1,0,1,0
2020-03-12,Imperial,025,180216,8,2,0,2,0
2020-03-12,Inyo,027,18085,0,0,0,0,0
2020-03-12,Kern,029,883053,18,0,0,0,0
2020-03-12,Kings,031,150075,7,0,1,1,0
2020-03-12,Lake,033,64148,0,0,0,0,0
2020-03-12,Lassen,035,31185,1,0,0,0,0
2020-03-12,Los Angeles,037,10098052,878,30,7,37,0
2020-03-12,Madera,039,155013,15,1,0,1,0
2020-03-12,Marin,041,260295,24,1,0,1,0
2020-03-12,Mariposa,043,17540,0,0,0,0,0
2020-03-12,Mendocino,045,87422,2,0,0,0,0
2020-03-12,Merced,047,269075,2,0,0,0,0
2020-03-12,Modoc,049,8938,0,0,0,0,0
2020-03-12,Mono,051,14174,3,0,0,0,0
2020-03-12,Monterey,053,433212,8,0,0,0,0
2020-03-12,Napa,055,140530,3,0,0,0,0
2020-03-12,Nevada,057,99092,4,0,1,1,0
2020-03-12,Orange,059,3164182,230,7,0,7,0
2020-03-12,Placer,061,380077,23,6,0,6,1
2020-03-12,Plumas,063,18699,0,0,0,0,0
2020-03-12,Riverside,065,2383286,107,5,2,7,0
2020-03-12,Sacramento,067,1510023,106,17,0,17,1
2020-03-12,San Benito,069,59416,5,2,0,2,0
2020-03-12,San Bernardino,071,2135413,80,0,0,0,0
2020-03-12,San Diego,073,3302833,256,9,0,9,0
2020-03-12,San Francisco,075,870044,149,20,0,20,0
2020-03-12,San Joaquin,077,732212,44,3,3,6,1
2020-03-12,San Luis Obispo,079,281455,26,0,0,0,0
2020-03-12,San Mateo,081,765935,157,21,1,22,0
2020-03-12,Santa Barbara,083,443738,22,0,0,0,0
2020-03-12,Santa Clara,085,1922200,411,51,1,52,1
2020-03-12,Santa Cruz,087,273765,29,5,0,5,0
2020-03-12,Shasta,089,179085,2,1,0,1,0
2020-03-12,Sierra,091,2930,0,0,0,0,0
2020-03-12,Siskiyou,093,43540,0,0,0,0,0
2020-03-12,Solano,095,438530,34,26,0,26,0
2020-03-12,Sonoma,097,501317,34,2,0,2,0
2020-03-12,Stanislaus,099,539301,15,2,2,4,0
2020-03-12,Sutter,101,95872,0,0,0,0,0
2020-03-12,Tehama,103,63373,0,0,0,0,0
2020-03-12,Trinity,105,12862,0,0,0,0,0
2020-03-12,Tulare,107,460477,12,1,1,2,0
2020-03-12,Tuolumne,109,53932,1,0,0,0,0
2020-03-12,Ventura,111,848112,45,3,0,3,0
2020-03-12,Yolo,113,214977,13,1,0,1,0
2020-03-12,Yuba,115,75493,1,0,0,0,0
2020-03-11,Alameda,001,1643700,122,5,0,5,0
2020-03-11,Alpine,003,1148,0,0,0,0,0
2020-03-11,Amador,005,37829,1,0,0,0,0
2020-03-11,Butte,007,227075,0,0,0,0,0
2020-03-11,Calaveras,009,45235,2,2,0,2,0
2020-03-11,Colusa,011,21464,0,0,0,0,0
2020-03-11,Contra Costa,013,1133247,94,16,0,16,0
2020-03-11,Del Norte,015,27424,0,0,0,0,0
2020-03-11,El Dorado,017,186661,8,0,0,0,0
2020-03-11,Fresno,019,978130,9,1,1,2,0
2020-03-11,Glenn,021,27897,0,0,0,0,0
2020-03-11,Humboldt,023,135768,6,1,0,1,0
2020-03-11,Imperial,025,180216,6,0,0,0,0
2020-03-11,Inyo,027,18085,0,0,0,0,0
2020-03-11,Kern,029,883053,16,0,0,0,0
2020-03-11,Kings,031,150075,5,0,1,1,0
2020-03-11,Lake,033,64148,0,0,0,0,0
2020-03-11,Lassen,035,31185,1,0,0,0,0
2020-03-11,Los Angeles,037,10098052,706,21,7,28,0
2020-03-11,Madera,039,155013,12,1,0,1,0
2020-03-11,Marin,041,260295,17,1,0,1,0
2020-03-11,Mariposa,043,17540,0,0,0,0,0
2020-03-11,Mendocino,045,87422,1,0,0,0,0
2020-03-11,Merced,047,269075,2,0,0,0,0
2020-03-11,Modoc,049,8938,0,0,0,0,0
2020-03-11,Mono,051,14174,3,0,0,0,0
2020-03-11,Monterey,053,433212,7,0,0,0,0
2020-03-11,Napa,055,140530,2,0,0,0,0
2020-03-11,Nevada,057,99092,4,0,1,1,0
2020-03-11,Orange,059,3164182,201,6,0,6,0
2020-03-11,Placer,061,380077,18,6,0,6,1
2020-03-11,Plumas,063,18699,0,0,0,0,0
2020-03-11,Riverside,065,2383286,81,4,1,5,0
2020-03-11,Sacramento,067,1510023,88,9,0,9,1
2020-03-11,San Benito,069,59416,5,2,0,2,0
2020-03-11,San Bernardino,071,2135413,73,0,0,0,0
2020-03-11,San Diego,073,3302833,206,4,0,4,0
2020-03-11,San Francisco,075,870044,124,17,0,17,0
2020-03-11,San Joaquin,077,732212,33,1,3,4,0
2020-03-11,San Luis Obispo,079,281455,23,0,0,0,0
2020-03-11,San Mateo,081,765935,139,16,0,16,0
2020-03-11,Santa Barbara,083,443738,13,0,0,0,0
2020-03-11,Santa Clara,085,1922200,370,48,1,49,1
2020-03-11,Santa Cruz,087,273765,26,2,0,2,0
2020-03-11,Shasta,089,179085,2,1,0,1,0
2020-03-11,Sierra,091,2930,0,0,0,0,0
2020-03-11,Siskiyou,093,43540,0,0,0,0,0
2020-03-11,Solano,095,438530,29,26,0,26,0
2020-03-11,Sonoma,097,501317,30,2,0,2,0
2020-03-11,Stanislaus,099,539301,15,2,2,4,0
2020-03-11,Sutter,101,95872,0,0,0,0,0
2020-03-11,Tehama,103,63373,0,0,0,0,0
2020-03-11,Trinity,105,12862,0,0,0,0,0
2020-03-11,Tulare,107,460477,10,0,1,1,0
2020-03-11,Tuolumne,109,53932,1,0,0,0,0
2020-03-11,Ventura,111,848112,37,3,0,3,0
2020-03-11,Yolo,113,214977,9,1,0,1,0
2020-03-11,Yuba,115,75493,1,0,0,0,0
2020-03-10,Alameda,001,1643700,101,4,0,4,0
2020-03-10,Alpine,003,1148,0,0,0,0,0
2020-03-10,Amador,005,37829,1,0,0,0,0
2020-03-10,Butte,007,227075,0,0,0,0,0
2020-03-10,Calaveras,009,45235,2,2,0,2,0
2020-03-10,Colusa,011,21464,0,0,0,0,0
2020-03-10,Contra Costa,013,1133247,84,11,0,11,0
2020-03-10,Del Norte,015,27424,0,0,0,0,0
2020-03-10,El Dorado,017,186661,7,0,0,0,0
2020-03-10,Fresno,019,978130,7,1,1,2,0
2020-03-10,Glenn,021,27897,0,0,0,0,0
2020-03-10,Humboldt,023,135768,6,1,0,1,0
2020-03-10,Imperial,025,180216,5,0,0,0,0
2020-03-10,Inyo,027,18085,0,0,0,0,0
2020-03-10,Kern,029,883053,11,0,0,0,0
2020-03-10,Kings,031,150075,5,0,1,1,0
2020-03-10,Lake,033,64148,0,0,0,0,0
2020-03-10,Lassen,035,31185,1,0,0,0,0
2020-03-10,Los Angeles,037,10098052,570,20,7,27,0
2020-03-10,Madera,039,155013,7,1,0,1,0
2020-03-10,Marin,041,260295,16,1,0,1,0
2020-03-10,Mariposa,043,17540,0,0,0,0,0
2020-03-10,Mendocino,045,87422,0,0,0,0,0
2020-03-10,Merced,047,269075,2,0,0,0,0
2020-03-10,Modoc,049,8938,0,0,0,0,0
2020-03-10,Mono,051,14174,3,0,0,0,0
2020-03-10,Monterey,053,433212,5,0,0,0,0
2020-03-10,Napa,055,140530,2,0,0,0,0
2020-03-10,Nevada,057,99092,3,0,1,1,0
2020-03-10,Orange,059,3164182,181,5,0,5,1
2020-03-10,Placer,061,380077,14,7,0,7,1
2020-03-10,Plumas,063,18699,0,0,0,0,0
2020-03-10,Riverside,065,2383286,59,4,1,5,0
2020-03-10,Sacramento,067,1510023,79,8,0,8,0
2020-03-10,San Benito,069,59416,5,2,0,2,0
2020-03-10,San Bernardino,071,2135413,65,0,0,0,0
2020-03-10,San Diego,073,3302833,163,3,0,3,0
2020-03-10,San Francisco,075,870044,92,16,0,16,0
2020-03-10,San Joaquin,077,732212,30,1,3,4,0
2020-03-10,San Luis Obispo,079,281455,15,0,0,0,0
2020-03-10,San Mateo,081,765935,123,11,0,11,0
2020-03-10,Santa Barbara,083,443738,10,0,0,0,0
2020-03-10,Santa Clara,085,1922200,322,45,1,46,1
2020-03-10,Santa Cruz,087,273765,22,2,0,2,0
2020-03-10,Shasta,089,179085,2,1,0,1,0
2020-03-10,Sierra,091,2930,0,0,0,0,0
2020-03-10,Siskiyou,093,43540,0,0,0,0,0
2020-03-10,Solano,095,438530,27,26,0,26,0
2020-03-10,Sonoma,097,501317,27,2,0,2,0
2020-03-10,Stanislaus,099,539301,11,0,2,2,0
2020-03-10,Sutter,101,95872,0,0,0,0,0
2020-03-10,Tehama,103,63373,0,0,0,0,0
2020-03-10,Trinity,105,12862,0,0,0,0,0
2020-03-10,Tulare,107,460477,9,0,1,1,0
2020-03-10,Tuolumne,109,53932,1,0,0,0,0
2020-03-10,Ventura,111,848112,29,1,0,1,0
2020-03-10,Yolo,113,214977,6,2,0,2,0
2020-03-10,Yuba,115,75493,1,0,0,0,0
2020-03-09,Alameda,001,1643700,73,4,0,4,0
2020-03-09,Alpine,003,1148,0,0,0,0,0
2020-03-09,Amador,005,37829,0,0,0,0,0
2020-03-09,Butte,007,227075,0,0,0,0,0
2020-03-09,Calaveras,009,45235,2,0,0,0,0
2020-03-09,Colusa,011,21464,0,0,0,0,0
2020-03-09,Contra Costa,013,1133247,72,9,0,9,0
2020-03-09,Del Norte,015,27424,0,0,0,0,0
2020-03-09,El Dorado,017,186661,5,0,0,0,0
2020-03-09,Fresno,019,978130,7,1,1,2,0
2020-03-09,Glenn,021,27897,0,0,0,0,0
2020-03-09,Humboldt,023,135768,5,1,0,1,0
2020-03-09,Imperial,025,180216,5,0,0,0,0
2020-03-09,Inyo,027,18085,0,0,0,0,0
2020-03-09,Kern,029,883053,8,0,0,0,0
2020-03-09,Kings,031,150075,4,0,1,1,0
2020-03-09,Lake,033,64148,0,0,0,0,0
2020-03-09,Lassen,035,31185,1,0,0,0,0
2020-03-09,Los Angeles,037,10098052,465,17,6,23,0
2020-03-09,Madera,039,155013,7,1,0,1,0
2020-03-09,Marin,041,260295,15,1,0,1,0
2020-03-09,Mariposa,043,17540,0,0,0,0,0
2020-03-09,Mendocino,045,87422,0,0,0,0,0
2020-03-09,Merced,047,269075,2,0,0,0,0
2020-03-09,Modoc,049,8938,0,0,0,0,0
2020-03-09,Mono,051,14174,3,0,0,0,0
2020-03-09,Monterey,053,433212,3,0,0,0,0
2020-03-09,Napa,055,140530,2,0,0,0,0
2020-03-09,Nevada,057,99092,2,0,1,1,0
2020-03-09,Orange,059,3164182,153,4,0,4,0
2020-03-09,Placer,061,380077,12,7,0,7,1
2020-03-09,Plumas,063,18699,0,0,0,0,0
2020-03-09,Riverside,065,2383286,49,4,1,5,0
2020-03-09,Sacramento,067,1510023,75,8,0,8,0
2020-03-09,San Benito,069,59416,3,2,0,2,0
2020-03-09,San Bernardino,071,2135413,54,0,0,0,0
2020-03-09,San Diego,073,3302833,124,2,0,2,0
2020-03-09,San Francisco,075,870044,72,14,0,14,0
2020-03-09,San Joaquin,077,732212,21,0,3,3,0
2020-03-09,San Luis Obispo,079,281455,15,0,0,0,0
2020-03-09,San Mateo,081,765935,109,6,0,6,0
2020-03-09,Santa Barbara,083,443738,8,0,0,0,0
2020-03-09,Santa Clara,085,1922200,278,42,1,43,1
2020-03-09,Santa Cruz,087,273765,19,2,0,2,0
2020-03-09,Shasta,089,179085,2,1,0,1,0
2020-03-09,Sierra,091,2930,0,0,0,0,0
2020-03-09,Siskiyou,093,43540,0,0,0,0,0
2020-03-09,Solano,095,438530,25,26,0,26,0
2020-03-09,Sonoma,097,501317,22,2,0,2,0
2020-03-09,Stanislaus,099,539301,11,0,2,2,0
2020-03-09,Sutter,101,95872,0,0,0,0,0
2020-03-09,Tehama,103,63373,0,0,0,0,0
2020-03-09,Trinity,105,12862,0,0,0,0,0
2020-03-09,Tulare,107,460477,9,0,1,1,0
2020-03-09,Tuolumne,109,53932,1,0,0,0,0
2020-03-09,Ventura,111,848112,25,1,0,1,0
2020-03-09,Yolo,113,214977,5,2,0,2,0
2020-03-09,Yuba,115,75493,0,0,0,0,0
2020-03-08,Alameda,001,1643700,48,4,0,4,0
2020-03-08,Alpine,003,1148,0,0,0,0,0
2020-03-08,Amador,005,37829,0,0,0,0,0
2020-03-08,Butte,007,227075,0,0,0,0,0
2020-03-08,Calaveras,009,45235,2,0,0,0,0
2020-03-08,Colusa,011,21464,0,0,0,0,0
2020-03-08,Contra Costa,013,1133247,58,9,0,9,0
2020-03-08,Del Norte,015,27424,0,0,0,0,0
2020-03-08,El Dorado,017,186661,5,0,0,0,0
2020-03-08,Fresno,019,978130,5,1,1,2,0
2020-03-08,Glenn,021,27897,0,0,0,0,0
2020-03-08,Humboldt,023,135768,5,1,0,1,0
2020-03-08,Imperial,025,180216,5,0,0,0,0
2020-03-08,Inyo,027,18085,0,0,0,0,0
2020-03-08,Kern,029,883053,8,0,0,0,0
2020-03-08,Kings,031,150075,3,0,1,1,0
2020-03-08,Lake,033,64148,0,0,0,0,0
2020-03-08,Lassen,035,31185,0,0,0,0,0
2020-03-08,Los Angeles,037,10098052,370,14,6,20,0
2020-03-08,Madera,039,155013,7,1,0,1,0
2020-03-08,Marin,041,260295,13,1,0,1,0
2020-03-08,Mariposa,043,17540,0,0,0,0,0
2020-03-08,Mendocino,045,87422,0,0,0,0,0
2020-03-08,Merced,047,269075,2,0,0,0,0
2020-03-08,Modoc,049,8938,0,0,0,0,0
2020-03-08,Mono,051,14174,3,0,0,0,0
2020-03-08,Monterey,053,433212,3,0,0,0,0
2020-03-08,Napa,055,140530,2,0,0,0,0
2020-03-08,Nevada,057,99092,1,0,1,1,0
2020-03-08,Orange,059,3164182,128,4,0,4,0
2020-03-08,Placer,061,380077,11,7,0,7,1
2020-03-08,Plumas,063,18699,0,0,0,0,0
2020-03-08,Riverside,065,2383286,41,1,1,2,0
2020-03-08,Sacramento,067,1510023,65,5,0,5,0
2020-03-08,San Benito,069,59416,3,2,0,2,0
2020-03-08,San Bernardino,071,2135413,43,0,0,0,0
2020-03-08,San Diego,073,3302833,90,2,0,2,0
2020-03-08,San Francisco,075,870044,53,9,0,9,0
2020-03-08,San Joaquin,077,732212,18,0,3,3,0
2020-03-08,San Luis Obispo,079,281455,9,0,0,0,0
2020-03-08,San Mateo,081,765935,96,4,0,4,0
2020-03-08,Santa Barbara,083,443738,5,0,0,0,0
2020-03-08,Santa Clara,085,1922200,236,36,1,37,0
2020-03-08,Santa Cruz,087,273765,17,1,0,1,0
2020-03-08,Shasta,089,179085,2,0,0,0,0
2020-03-08,Sierra,091,2930,0,0,0,0,0
2020-03-08,Siskiyou,093,43540,0,0,0,0,0
2020-03-08,Solano,095,438530,24,26,0,26,0
2020-03-08,Sonoma,097,501317,17,2,0,2,0
2020-03-08,Stanislaus,099,539301,10,0,2,2,0
2020-03-08,Sutter,101,95872,0,0,0,0,0
2020-03-08,Tehama,103,63373,0,0,0,0,0
2020-03-08,Trinity,105,12862,0,0,0,0,0
2020-03-08,Tulare,107,460477,9,0,0,0,0
2020-03-08,Tuolumne,109,53932,1,0,0,0,0
2020-03-08,Ventura,111,848112,21,1,0,1,0
2020-03-08,Yolo,113,214977,2,2,0,2,0
2020-03-08,Yuba,115,75493,0,0,0,0,0
2020-03-07,Alameda,001,1643700,43,3,0,3,0
2020-03-07,Alpine,003,1148,0,0,0,0,0
2020-03-07,Amador,005,37829,0,0,0,0,0
2020-03-07,Butte,007,227075,0,0,0,0,0
2020-03-07,Calaveras,009,45235,2,0,0,0,0
2020-03-07,Colusa,011,21464,0,0,0,0,0
2020-03-07,Contra Costa,013,1133247,55,4,0,4,0
2020-03-07,Del Norte,015,27424,0,0,0,0,0
2020-03-07,El Dorado,017,186661,4,0,0,0,0
2020-03-07,Fresno,019,978130,4,1,1,2,0
2020-03-07,Glenn,021,27897,0,0,0,0,0
2020-03-07,Humboldt,023,135768,5,1,0,1,0
2020-03-07,Imperial,025,180216,4,0,0,0,0
2020-03-07,Inyo,027,18085,0,0,0,0,0
2020-03-07,Kern,029,883053,7,0,0,0,0
2020-03-07,Kings,031,150075,3,0,1,1,0
2020-03-07,Lake,033,64148,0,0,0,0,0
2020-03-07,Lassen,035,31185,0,0,0,0,0
2020-03-07,Los Angeles,037,10098052,319,14,6,20,0
2020-03-07,Madera,039,155013,6,1,0,1,0
2020-03-07,Marin,041,260295,11,0,0,0,0
2020-03-07,Mariposa,043,17540,0,0,0,0,0
2020-03-07,Mendocino,045,87422,0,0,0,0,0
2020-03-07,Merced,047,269075,2,0,0,0,0
2020-03-07,Modoc,049,8938,0,0,0,0,0
2020-03-07,Mono,051,14174,3,0,0,0,0
2020-03-07,Monterey,053,433212,3,0,0,0,0
2020-03-07,Napa,055,140530,1,0,0,0,0
2020-03-07,Nevada,057,99092,1,0,1,1,0
2020-03-07,Orange,059,3164182,120,4,0,4,0
2020-03-07,Placer,061,380077,11,6,0,6,1
2020-03-07,Plumas,063,18699,0,0,0,0,0
2020-03-07,Riverside,065,2383286,31,0,1,1,0
2020-03-07,Sacramento,067,1510023,52,4,0,4,0
2020-03-07,San Benito,069,59416,3,2,0,2,0
2020-03-07,San Bernardino,071,2135413,41,0,0,0,0
2020-03-07,San Diego,073,3302833,72,2,0,2,0
2020-03-07,San Francisco,075,870044,47,9,0,9,0
2020-03-07,San Joaquin,077,732212,16,0,3,3,0
2020-03-07,San Luis Obispo,079,281455,6,0,0,0,0
2020-03-07,San Mateo,081,765935,86,1,0,1,0
2020-03-07,Santa Barbara,083,443738,5,0,0,0,0
2020-03-07,Santa Clara,085,1922200,206,31,1,32,0
2020-03-07,Santa Cruz,087,273765,17,1,0,1,0
2020-03-07,Shasta,089,179085,2,0,0,0,0
2020-03-07,Sierra,091,2930,0,0,0,0,0
2020-03-07,Siskiyou,093,43540,0,0,0,0,0
2020-03-07,Solano,095,438530,23,25,0,25,0
2020-03-07,Sonoma,097,501317,13,2,0,2,0
2020-03-07,Stanislaus,099,539301,9,0,2,2,0
2020-03-07,Sutter,101,95872,0,0,0,0,0
2020-03-07,Tehama,103,63373,0,0,0,0,0
2020-03-07,Trinity,105,12862,0,0,0,0,0
2020-03-07,Tulare,107,460477,6,0,0,0,0
2020-03-07,Tuolumne,109,53932,1,0,0,0,0
2020-03-07,Ventura,111,848112,18,1,0,1,0
2020-03-07,Yolo,113,214977,2,2,0,2,0
2020-03-07,Yuba,115,75493,0,0,0,0,0
2020-03-06,Alameda,001,1643700,41,3,0,3,0
2020-03-06,Alpine,003,1148,0,0,0,0,0
2020-03-06,Amador,005,37829,0,0,0,0,0
2020-03-06,Butte,007,227075,0,0,0,0,0
2020-03-06,Calaveras,009,45235,2,0,0,0,0
2020-03-06,Colusa,011,21464,0,0,0,0,0
2020-03-06,Contra Costa,013,1133247,46,4,0,4,0
2020-03-06,Del Norte,015,27424,0,0,0,0,0
2020-03-06,El Dorado,017,186661,3,0,0,0,0
2020-03-06,Fresno,019,978130,3,0,1,1,0
2020-03-06,Glenn,021,27897,0,0,0,0,0
2020-03-06,Humboldt,023,135768,4,1,0,1,0
2020-03-06,Imperial,025,180216,3,0,0,0,0
2020-03-06,Inyo,027,18085,0,0,0,0,0
2020-03-06,Kern,029,883053,6,0,0,0,0
2020-03-06,Kings,031,150075,3,0,1,1,0
2020-03-06,Lake,033,64148,0,0,0,0,0
2020-03-06,Lassen,035,31185,0,0,0,0,0
2020-03-06,Los Angeles,037,10098052,276,13,6,19,0
2020-03-06,Madera,039,155013,5,0,0,0,0
2020-03-06,Marin,041,260295,10,0,0,0,0
2020-03-06,Mariposa,043,17540,0,0,0,0,0
2020-03-06,Mendocino,045,87422,0,0,0,0,0
2020-03-06,Merced,047,269075,2,0,0,0,0
2020-03-06,Modoc,049,8938,0,0,0,0,0
2020-03-06,Mono,051,14174,1,0,0,0,0
2020-03-06,Monterey,053,433212,3,0,0,0,0
2020-03-06,Napa,055,140530,1,0,0,0,0
2020-03-06,Nevada,057,99092,1,0,1,1,0
2020-03-06,Orange,059,3164182,94,4,0,4,0
2020-03-06,Placer,061,380077,10,5,0,5,1
2020-03-06,Plumas,063,18699,0,0,0,0,0
2020-03-06,Riverside,065,2383286,30,0,1,1,0
2020-03-06,Sacramento,067,1510023,43,2,0,2,0
2020-03-06,San Benito,069,59416,3,2,0,2,0
2020-03-06,San Bernardino,071,2135413,39,0,0,0,0
2020-03-06,San Diego,073,3302833,59,2,0,2,0
2020-03-06,San Francisco,075,870044,41,2,0,2,0
2020-03-06,San Joaquin,077,732212,13,0,3,3,0
2020-03-06,San Luis Obispo,079,281455,4,0,0,0,0
2020-03-06,San Mateo,081,765935,78,1,0,1,0
2020-03-06,Santa Barbara,083,443738,3,0,0,0,0
2020-03-06,Santa Clara,085,1922200,188,20,1,21,0
2020-03-06,Santa Cruz,087,273765,15,0,0,0,0
2020-03-06,Shasta,089,179085,2,0,0,0,0
2020-03-06,Sierra,091,2930,0,0,0,0,0
2020-03-06,Siskiyou,093,43540,0,0,0,0,0
2020-03-06,Solano,095,438530,22,25,0,25,0
2020-03-06,Sonoma,097,501317,13,2,0,2,0
2020-03-06,Stanislaus,099,539301,5,0,2,2,0
2020-03-06,Sutter,101,95872,0,0,0,0,0
2020-03-06,Tehama,103,63373,0,0,0,0,0
2020-03-06,Trinity,105,12862,0,0,0,0,0
2020-03-06,Tulare,107,460477,6,0,0,0,0
2020-03-06,Tuolumne,109,53932,1,0,0,0,0
2020-03-06,Ventura,111,848112,15,1,0,1,0
2020-03-06,Yolo,113,214977,2,1,0,1,0
2020-03-06,Yuba,115,75493,0,0,0,0,0
2020-03-05,Alameda,001,1643700,35,2,0,2,0
2020-03-05,Alpine,003,1148,0,0,0,0,0
2020-03-05,Amador,005,37829,0,0,0,0,0
2020-03-05,Butte,007,227075,0,0,0,0,0
2020-03-05,Calaveras,009,45235,2,0,0,0,0
2020-03-05,Colusa,011,21464,0,0,0,0,0
2020-03-05,Contra Costa,013,1133247,39,1,0,1,0
2020-03-05,Del Norte,015,27424,0,0,0,0,0
2020-03-05,El Dorado,017,186661,1,0,0,0,0
2020-03-05,Fresno,019,978130,3,0,1,1,0
2020-03-05,Glenn,021,27897,0,0,0,0,0
2020-03-05,Humboldt,023,135768,4,1,0,1,0
2020-03-05,Imperial,025,180216,2,0,0,0,0
2020-03-05,Inyo,027,18085,0,0,0,0,0
2020-03-05,Kern,029,883053,6,0,0,0,0
2020-03-05,Kings,031,150075,3,0,1,1,0
2020-03-05,Lake,033,64148,0,0,0,0,0
2020-03-05,Lassen,035,31185,0,0,0,0,0
2020-03-05,Los Angeles,037,10098052,229,11,6,17,0
2020-03-05,Madera,039,155013,5,0,0,0,0
2020-03-05,Marin,041,260295,10,0,0,0,0
2020-03-05,Mariposa,043,17540,0,0,0,0,0
2020-03-05,Mendocino,045,87422,0,0,0,0,0
2020-03-05,Merced,047,269075,2,0,0,0,0
2020-03-05,Modoc,049,8938,0,0,0,0,0
2020-03-05,Mono,051,14174,1,0,0,0,0
2020-03-05,Monterey,053,433212,3,0,0,0,0
2020-03-05,Napa,055,140530,1,0,0,0,0
2020-03-05,Nevada,057,99092,0,0,1,1,0
2020-03-05,Orange,059,3164182,79,3,0,3,0
2020-03-05,Placer,061,380077,10,2,0,2,1
2020-03-05,Plumas,063,18699,0,0,0,0,0
2020-03-05,Riverside,065,2383286,27,0,1,1,0
2020-03-05,Sacramento,067,1510023,37,2,0,2,0
2020-03-05,San Benito,069,59416,1,2,0,2,0
2020-03-05,San Bernardino,071,2135413,34,0,0,0,0
2020-03-05,San Diego,073,3302833,52,2,0,2,0
2020-03-05,San Francisco,075,870044,31,2,0,2,0
2020-03-05,San Joaquin,077,732212,10,0,3,3,0
2020-03-05,San Luis Obispo,079,281455,4,0,0,0,0
2020-03-05,San Mateo,081,765935,65,1,0,1,0
2020-03-05,Santa Barbara,083,443738,2,0,0,0,0
2020-03-05,Santa Clara,085,1922200,164,14,1,15,0
2020-03-05,Santa Cruz,087,273765,13,0,0,0,0
2020-03-05,Shasta,089,179085,2,0,0,0,0
2020-03-05,Sierra,091,2930,0,0,0,0,0
2020-03-05,Siskiyou,093,43540,0,0,0,0,0
2020-03-05,Solano,095,438530,22,24,0,24,0
2020-03-05,Sonoma,097,501317,12,2,0,2,0
2020-03-05,Stanislaus,099,539301,4,0,2,2,0
2020-03-05,Sutter,101,95872,0,0,0,0,0
2020-03-05,Tehama,103,63373,0,0,0,0,0
2020-03-05,Trinity,105,12862,0,0,0,0,0
2020-03-05,Tulare,107,460477,6,0,0,0,0
2020-03-05,Tuolumne,109,53932,1,0,0,0,0
2020-03-05,Ventura,111,848112,13,0,0,0,0
2020-03-05,Yolo,113,214977,2,0,0,0,0
2020-03-05,Yuba,115,75493,0,0,0,0,0
2020-03-04,Alameda,001,1643700,31,2,0,2,0
2020-03-04,Alpine,003,1148,0,0,0,0,0
2020-03-04,Amador,005,37829,0,0,0,0,0
2020-03-04,Butte,007,227075,0,0,0,0,0
2020-03-04,Calaveras,009,45235,0,0,0,0,0
2020-03-04,Colusa,011,21464,0,0,0,0,0
2020-03-04,Contra Costa,013,1133247,34,1,0,1,0
2020-03-04,Del Norte,015,27424,0,0,0,0,0
2020-03-04,El Dorado,017,186661,1,0,0,0,0
2020-03-04,Fresno,019,978130,3,0,1,1,0
2020-03-04,Glenn,021,27897,0,0,0,0,0
2020-03-04,Humboldt,023,135768,1,1,0,1,0
2020-03-04,Imperial,025,180216,2,0,0,0,0
2020-03-04,Inyo,027,18085,0,0,0,0,0
2020-03-04,Kern,029,883053,6,0,0,0,0
2020-03-04,Kings,031,150075,3,0,1,1,0
2020-03-04,Lake,033,64148,0,0,0,0,0
2020-03-04,Lassen,035,31185,0,0,0,0,0
2020-03-04,Los Angeles,037,10098052,193,7,6,13,0
2020-03-04,Madera,039,155013,5,0,0,0,0
2020-03-04,Marin,041,260295,10,0,0,0,0
2020-03-04,Mariposa,043,17540,0,0,0,0,0
2020-03-04,Mendocino,045,87422,0,0,0,0,0
2020-03-04,Merced,047,269075,2,0,0,0,0
2020-03-04,Modoc,049,8938,0,0,0,0,0
2020-03-04,Mono,051,14174,1,0,0,0,0
2020-03-04,Monterey,053,433212,3,0,0,0,0
2020-03-04,Napa,055,140530,1,0,0,0,0
2020-03-04,Nevada,057,99092,0,0,1,1,0
2020-03-04,Orange,059,3164182,76,3,0,3,0
2020-03-04,Placer,061,380077,9,2,0,2,1
2020-03-04,Plumas,063,18699,0,0,0,0,0
2020-03-04,Riverside,065,2383286,23,0,1,1,0
2020-03-04,Sacramento,067,1510023,32,1,0,1,0
2020-03-04,San Benito,069,59416,1,2,0,2,0
2020-03-04,San Bernardino,071,2135413,31,0,0,0,0
2020-03-04,San Diego,073,3302833,39,2,0,2,0
2020-03-04,San Francisco,075,870044,26,0,0,0,0
2020-03-04,San Joaquin,077,732212,9,0,3,3,0
2020-03-04,San Luis Obispo,079,281455,4,0,0,0,0
2020-03-04,San Mateo,081,765935,60,1,0,1,0
2020-03-04,Santa Barbara,083,443738,2,0,0,0,0
2020-03-04,Santa Clara,085,1922200,147,12,1,13,0
2020-03-04,Santa Cruz,087,273765,13,0,0,0,0
2020-03-04,Shasta,089,179085,2,0,0,0,0
2020-03-04,Sierra,091,2930,0,0,0,0,0
2020-03-04,Siskiyou,093,43540,0,0,0,0,0
2020-03-04,Solano,095,438530,21,24,0,24,0
2020-03-04,Sonoma,097,501317,11,2,0,2,0
2020-03-04,Stanislaus,099,539301,4,0,2,2,0
2020-03-04,Sutter,101,95872,0,0,0,0,0
2020-03-04,Tehama,103,63373,0,0,0,0,0
2020-03-04,Trinity,105,12862,0,0,0,0,0
2020-03-04,Tulare,107,460477,6,0,0,0,0
2020-03-04,Tuolumne,109,53932,0,0,0,0,0
2020-03-04,Ventura,111,848112,12,0,0,0,0
2020-03-04,Yolo,113,214977,2,0,0,0,0
2020-03-04,Yuba,115,75493,0,0,0,0,0
2020-03-03,Alameda,001,1643700,25,2,0,2,0
2020-03-03,Alpine,003,1148,0,0,0,0,0
2020-03-03,Amador,005,37829,0,0,0,0,0
2020-03-03,Butte,007,227075,0,0,0,0,0
2020-03-03,Calaveras,009,45235,0,0,0,0,0
2020-03-03,Colusa,011,21464,0,0,0,0,0
2020-03-03,Contra Costa,013,1133247,30,0,0,0,0
2020-03-03,Del Norte,015,27424,0,0,0,0,0
2020-03-03,El Dorado,017,186661,1,0,0,0,0
2020-03-03,Fresno,019,978130,2,0,1,1,0
2020-03-03,Glenn,021,27897,0,0,0,0,0
2020-03-03,Humboldt,023,135768,1,1,0,1,0
2020-03-03,Imperial,025,180216,2,0,0,0,0
2020-03-03,Inyo,027,18085,0,0,0,0,0
2020-03-03,Kern,029,883053,4,0,0,0,0
2020-03-03,Kings,031,150075,3,0,1,1,0
2020-03-03,Lake,033,64148,0,0,0,0,0
2020-03-03,Lassen,035,31185,0,0,0,0,0
2020-03-03,Los Angeles,037,10098052,174,5,6,11,0
2020-03-03,Madera,039,155013,4,0,0,0,0
2020-03-03,Marin,041,260295,6,0,0,0,0
2020-03-03,Mariposa,043,17540,0,0,0,0,0
2020-03-03,Mendocino,045,87422,0,0,0,0,0
2020-03-03,Merced,047,269075,2,0,0,0,0
2020-03-03,Modoc,049,8938,0,0,0,0,0
2020-03-03,Mono,051,14174,1,0,0,0,0
2020-03-03,Monterey,053,433212,2,0,0,0,0
2020-03-03,Napa,055,140530,1,0,0,0,0
2020-03-03,Nevada,057,99092,0,0,1,1,0
2020-03-03,Orange,059,3164182,68,1,0,1,0
2020-03-03,Placer,061,380077,8,2,0,2,0
2020-03-03,Plumas,063,18699,0,0,0,0,0
2020-03-03,Riverside,065,2383286,20,0,1,1,0
2020-03-03,Sacramento,067,1510023,31,1,0,1,0
2020-03-03,San Benito,069,59416,1,2,0,2,0
2020-03-03,San Bernardino,071,2135413,28,0,0,0,0
2020-03-03,San Diego,073,3302833,32,2,0,2,0
2020-03-03,San Francisco,075,870044,24,0,0,0,0
2020-03-03,San Joaquin,077,732212,8,0,3,3,0
2020-03-03,San Luis Obispo,079,281455,2,0,0,0,0
2020-03-03,San Mateo,081,765935,53,1,0,1,0
2020-03-03,Santa Barbara,083,443738,1,0,0,0,0
2020-03-03,Santa Clara,085,1922200,132,11,1,12,0
2020-03-03,Santa Cruz,087,273765,10,0,0,0,0
2020-03-03,Shasta,089,179085,2,0,0,0,0
2020-03-03,Sierra,091,2930,0,0,0,0,0
2020-03-03,Siskiyou,093,43540,0,0,0,0,0
2020-03-03,Solano,095,438530,20,24,0,24,0
2020-03-03,Sonoma,097,501317,11,1,0,1,0
2020-03-03,Stanislaus,099,539301,4,0,2,2,0
2020-03-03,Sutter,101,95872,0,0,0,0,0
2020-03-03,Tehama,103,63373,0,0,0,0,0
2020-03-03,Trinity,105,12862,0,0,0,0,0
2020-03-03,Tulare,107,460477,6,0,0,0,0
2020-03-03,Tuolumne,109,53932,0,0,0,0,0
2020-03-03,Ventura,111,848112,11,0,0,0,0
2020-03-03,Yolo,113,214977,1,0,0,0,0
2020-03-03,Yuba,115,75493,0,0,0,0,0
2020-03-02,Alameda,001,1643700,22,1,0,1,0
2020-03-02,Alpine,003,1148,0,0,0,0,0
2020-03-02,Amador,005,37829,0,0,0,0,0
2020-03-02,Butte,007,227075,0,0,0,0,0
2020-03-02,Calaveras,009,45235,0,0,0,0,0
2020-03-02,Colusa,011,21464,0,0,0,0,0
2020-03-02,Contra Costa,013,1133247,27,0,0,0,0
2020-03-02,Del Norte,015,27424,0,0,0,0,0
2020-03-02,El Dorado,017,186661,1,0,0,0,0
2020-03-02,Fresno,019,978130,2,0,1,1,0
2020-03-02,Glenn,021,27897,0,0,0,0,0
2020-03-02,Humboldt,023,135768,1,1,0,1,0
2020-03-02,Imperial,025,180216,2,0,0,0,0
2020-03-02,Inyo,027,18085,0,0,0,0,0
2020-03-02,Kern,029,883053,4,0,0,0,0
2020-03-02,Kings,031,150075,3,0,1,1,0
2020-03-02,Lake,033,64148,0,0,0,0,0
2020-03-02,Lassen,035,31185,0,0,0,0,0
2020-03-02,Los Angeles,037,10098052,159,1,6,7,0
2020-03-02,Madera,039,155013,4,0,0,0,0
2020-03-02,Marin,041,260295,6,0,0,0,0
2020-03-02,Mariposa,043,17540,0,0,0,0,0
2020-03-02,Mendocino,045,87422,0,0,0,0,0
2020-03-02,Merced,047,269075,1,0,0,0,0
2020-03-02,Modoc,049,8938,0,0,0,0,0
2020-03-02,Mono,051,14174,1,0,0,0,0
2020-03-02,Monterey,053,433212,2,0,0,0,0
2020-03-02,Napa,055,140530,1,0,0,0,0
2020-03-02,Nevada,057,99092,0,0,1,1,0
2020-03-02,Orange,059,3164182,63,1,0,1,0
2020-03-02,Placer,061,380077,8,1,0,1,0
2020-03-02,Plumas,063,18699,0,0,0,0,0
2020-03-02,Riverside,065,2383286,19,0,1,1,0
2020-03-02,Sacramento,067,1510023,25,1,0,1,0
2020-03-02,San Benito,069,59416,1,2,0,2,0
2020-03-02,San Bernardino,071,2135413,28,0,0,0,0
2020-03-02,San Diego,073,3302833,26,2,0,2,0
2020-03-02,San Francisco,075,870044,17,0,0,0,0
2020-03-02,San Joaquin,077,732212,7,0,3,3,0
2020-03-02,San Luis Obispo,079,281455,2,0,0,0,0
2020-03-02,San Mateo,081,765935,44,1,0,1,0
2020-03-02,Santa Barbara,083,443738,1,0,0,0,0
2020-03-02,Santa Clara,085,1922200,110,7,1,8,0
2020-03-02,Santa Cruz,087,273765,9,0,0,0,0
2020-03-02,Shasta,089,179085,2,0,0,0,0
2020-03-02,Sierra,091,2930,0,0,0,0,0
2020-03-02,Siskiyou,093,43540,0,0,0,0,0
2020-03-02,Solano,095,438530,19,24,0,24,0
2020-03-02,Sonoma,097,501317,10,1,0,1,0
2020-03-02,Stanislaus,099,539301,2,0,2,2,0
2020-03-02,Sutter,101,95872,0,0,0,0,0
2020-03-02,Tehama,103,63373,0,0,0,0,0
2020-03-02,Trinity,105,12862,0,0,0,0,0
2020-03-02,Tulare,107,460477,6,0,0,0,0
2020-03-02,Tuolumne,109,53932,0,0,0,0,0
2020-03-02,Ventura,111,848112,10,0,0,0,0
2020-03-02,Yolo,113,214977,1,0,0,0,0
2020-03-02,Yuba,115,75493,0,0,0,0,0
2020-03-01,Alameda,001,1643700,21,1,0,1,0
2020-03-01,Alpine,003,1148,0,0,0,0,0
2020-03-01,Amador,005,37829,0,0,0,0,0
2020-03-01,Butte,007,227075,0,0,0,0,0
2020-03-01,Calaveras,009,45235,0,0,0,0,0
2020-03-01,Colusa,011,21464,0,0,0,0,0
2020-03-01,Contra Costa,013,1133247,24,0,0,0,0
2020-03-01,Del Norte,015,27424,0,0,0,0,0
2020-03-01,El Dorado,017,186661,1,0,0,0,0
2020-03-01,Fresno,019,978130,1,0,1,1,0
2020-03-01,Glenn,021,27897,0,0,0,0,0
2020-03-01,Humboldt,023,135768,1,1,0,1,0
2020-03-01,Imperial,025,180216,2,0,0,0,0
2020-03-01,Inyo,027,18085,0,0,0,0,0
2020-03-01,Kern,029,883053,2,0,0,0,0
2020-03-01,Kings,031,150075,3,0,1,1,0
2020-03-01,Lake,033,64148,0,0,0,0,0
2020-03-01,Lassen,035,31185,0,0,0,0,0
2020-03-01,Los Angeles,037,10098052,140,1,6,7,0
2020-03-01,Madera,039,155013,2,0,0,0,0
2020-03-01,Marin,041,260295,5,0,0,0,0
2020-03-01,Mariposa,043,17540,0,0,0,0,0
2020-03-01,Mendocino,045,87422,0,0,0,0,0
2020-03-01,Merced,047,269075,1,0,0,0,0
2020-03-01,Modoc,049,8938,0,0,0,0,0
2020-03-01,Mono,051,14174,1,0,0,0,0
2020-03-01,Monterey,053,433212,1,0,0,0,0
2020-03-01,Napa,055,140530,1,0,0,0,0
2020-03-01,Nevada,057,99092,0,0,1,1,0
2020-03-01,Orange,059,3164182,60,1,0,1,0
2020-03-01,Placer,061,380077,8,0,0,0,0
2020-03-01,Plumas,063,18699,0,0,0,0,0
2020-03-01,Riverside,065,2383286,18,0,1,1,0
2020-03-01,Sacramento,067,1510023,21,1,0,1,0
2020-03-01,San Benito,069,59416,0,2,0,2,0
2020-03-01,San Bernardino,071,2135413,27,0,0,0,0
2020-03-01,San Diego,073,3302833,19,2,0,2,0
2020-03-01,San Francisco,075,870044,13,0,0,0,0
2020-03-01,San Joaquin,077,732212,7,0,3,3,0
2020-03-01,San Luis Obispo,079,281455,2,0,0,0,0
2020-03-01,San Mateo,081,765935,36,0,0,0,0
2020-03-01,Santa Barbara,083,443738,1,0,0,0,0
2020-03-01,Santa Clara,085,1922200,97,6,1,7,0
2020-03-01,Santa Cruz,087,273765,8,0,0,0,0
2020-03-01,Shasta,089,179085,2,0,0,0,0
2020-03-01,Sierra,091,2930,0,0,0,0,0
2020-03-01,Siskiyou,093,43540,0,0,0,0,0
2020-03-01,Solano,095,438530,19,24,0,24,0
2020-03-01,Sonoma,097,501317,9,0,0,0,0
2020-03-01,Stanislaus,099,539301,2,0,2,2,0
2020-03-01,Sutter,101,95872,0,0,0,0,0
2020-03-01,Tehama,103,63373,0,0,0,0,0
2020-03-01,Trinity,105,12862,0,0,0,0,0
2020-03-01,Tulare,107,460477,6,0,0,0,0
2020-03-01,Tuolumne,109,53932,0,0,0,0,0
2020-03-01,Ventura,111,848112,8,0,0,0,0
2020-03-01,Yolo,113,214977,1,0,0,0,0
2020-03-01,Yuba,115,75493,0,0,0,0,0
2020-02-29,Alameda,001,1643700,17,0,0,0,0
2020-02-29,Alpine,003,1148,0,0,0,0,0
2020-02-29,Amador,005,37829,0,0,0,0,0
2020-02-29,Butte,007,227075,0,0,0,0,0
2020-02-29,Calaveras,009,45235,0,0,0,0,0
2020-02-29,Colusa,011,21464,0,0,0,0,0
2020-02-29,Contra Costa,013,1133247,20,0,0,0,0
2020-02-29,Del Norte,015,27424,0,0,0,0,0
2020-02-29,El Dorado,017,186661,1,0,0,0,0
2020-02-29,Fresno,019,978130,1,0,0,0,0
2020-02-29,Glenn,021,27897,0,0,0,0,0
2020-02-29,Humboldt,023,135768,1,1,0,1,0
2020-02-29,Imperial,025,180216,1,0,0,0,0
2020-02-29,Inyo,027,18085,0,0,0,0,0
2020-02-29,Kern,029,883053,2,0,0,0,0
2020-02-29,Kings,031,150075,3,0,1,1,0
2020-02-29,Lake,033,64148,0,0,0,0,0
2020-02-29,Lassen,035,31185,0,0,0,0,0
2020-02-29,Los Angeles,037,10098052,111,1,6,7,0
2020-02-29,Madera,039,155013,2,0,0,0,0
2020-02-29,Marin,041,260295,4,0,0,0,0
2020-02-29,Mariposa,043,17540,0,0,0,0,0
2020-02-29,Mendocino,045,87422,0,0,0,0,0
2020-02-29,Merced,047,269075,1,0,0,0,0
2020-02-29,Modoc,049,8938,0,0,0,0,0
2020-02-29,Mono,051,14174,1,0,0,0,0
2020-02-29,Monterey,053,433212,1,0,0,0,0
2020-02-29,Napa,055,140530,1,0,0,0,0
2020-02-29,Nevada,057,99092,0,0,1,1,0
2020-02-29,Orange,059,3164182,55,1,0,1,0
2020-02-29,Placer,061,380077,7,0,0,0,0
2020-02-29,Plumas,063,18699,0,0,0,0,0
2020-02-29,Riverside,065,2383286,15,0,1,1,0
2020-02-29,Sacramento,067,1510023,16,1,0,1,0
2020-02-29,San Benito,069,59416,0,2,0,2,0
2020-02-29,San Bernardino,071,2135413,25,0,0,0,0
2020-02-29,San Diego,073,3302833,14,2,0,2,0
2020-02-29,San Francisco,075,870044,12,0,0,0,0
2020-02-29,San Joaquin,077,732212,6,0,3,3,0
2020-02-29,San Luis Obispo,079,281455,2,0,0,0,0
2020-02-29,San Mateo,081,765935,29,0,0,0,0
2020-02-29,Santa Barbara,083,443738,0,0,0,0,0
2020-02-29,Santa Clara,085,1922200,75,3,1,4,0
2020-02-29,Santa Cruz,087,273765,8,0,0,0,0
2020-02-29,Shasta,089,179085,2,0,0,0,0
2020-02-29,Sierra,091,2930,0,0,0,0,0
2020-02-29,Siskiyou,093,43540,0,0,0,0,0
2020-02-29,Solano,095,438530,18,23,0,23,0
2020-02-29,Sonoma,097,501317,6,0,0,0,0
2020-02-29,Stanislaus,099,539301,2,0,2,2,0
2020-02-29,Sutter,101,95872,0,0,0,0,0
2020-02-29,Tehama,103,63373,0,0,0,0,0
2020-02-29,Trinity,105,12862,0,0,0,0,0
2020-02-29,Tulare,107,460477,4,0,0,0,0
2020-02-29,Tuolumne,109,53932,0,0,0,0,0
2020-02-29,Ventura,111,848112,6,0,0,0,0
2020-02-29,Yolo,113,214977,1,0,0,0,0
2020-02-29,Yuba,115,75493,0,0,0,0,0
2020-02-28,Alameda,001,1643700,15,0,0,0,0
2020-02-28,Alpine,003,1148,0,0,0,0,0
2020-02-28,Amador,005,37829,0,0,0,0,0
2020-02-28,Butte,007,227075,0,0,0,0,0
2020-02-28,Calaveras,009,45235,0,0,0,0,0
2020-02-28,Colusa,011,21464,0,0,0,0,0
2020-02-28,Contra Costa,013,1133247,20,0,0,0,0
2020-02-28,Del Norte,015,27424,0,0,0,0,0
2020-02-28,El Dorado,017,186661,0,0,0,0,0
2020-02-28,Fresno,019,978130,1,0,0,0,0
2020-02-28,Glenn,021,27897,0,0,0,0,0
2020-02-28,Humboldt,023,135768,1,1,0,1,0
2020-02-28,Imperial,025,180216,1,0,0,0,0
2020-02-28,Inyo,027,18085,0,0,0,0,0
2020-02-28,Kern,029,883053,2,0,0,0,0
2020-02-28,Kings,031,150075,3,0,1,1,0
2020-02-28,Lake,033,64148,0,0,0,0,0
2020-02-28,Lassen,035,31185,0,0,0,0,0
2020-02-28,Los Angeles,037,10098052,103,1,6,7,0
2020-02-28,Madera,039,155013,2,0,0,0,0
2020-02-28,Marin,041,260295,2,0,0,0,0
2020-02-28,Mariposa,043,17540,0,0,0,0,0
2020-02-28,Mendocino,045,87422,0,0,0,0,0
2020-02-28,Merced,047,269075,1,0,0,0,0
2020-02-28,Modoc,049,8938,0,0,0,0,0
2020-02-28,Mono,051,14174,0,0,0,0,0
2020-02-28,Monterey,053,433212,1,0,0,0,0
2020-02-28,Napa,055,140530,1,0,0,0,0
2020-02-28,Nevada,057,99092,0,0,1,1,0
2020-02-28,Orange,059,3164182,53,1,0,1,0
2020-02-28,Placer,061,380077,7,0,0,0,0
2020-02-28,Plumas,063,18699,0,0,0,0,0
2020-02-28,Riverside,065,2383286,13,0,1,1,0
2020-02-28,Sacramento,067,1510023,10,1,0,1,0
2020-02-28,San Benito,069,59416,0,2,0,2,0
2020-02-28,San Bernardino,071,2135413,25,0,0,0,0
2020-02-28,San Diego,073,3302833,11,2,0,2,0
2020-02-28,San Francisco,075,870044,10,0,0,0,0
2020-02-28,San Joaquin,077,732212,6,0,3,3,0
2020-02-28,San Luis Obispo,079,281455,2,0,0,0,0
2020-02-28,San Mateo,081,765935,24,0,0,0,0
2020-02-28,Santa Barbara,083,443738,0,0,0,0,0
2020-02-28,Santa Clara,085,1922200,70,3,1,4,0
2020-02-28,Santa Cruz,087,273765,8,0,0,0,0
2020-02-28,Shasta,089,179085,2,0,0,0,0
2020-02-28,Sierra,091,2930,0,0,0,0,0
2020-02-28,Siskiyou,093,43540,0,0,0,0,0
2020-02-28,Solano,095,438530,17,23,0,23,0
2020-02-28,Sonoma,097,501317,6,0,0,0,0
2020-02-28,Stanislaus,099,539301,2,0,2,2,0
2020-02-28,Sutter,101,95872,0,0,0,0,0
2020-02-28,Tehama,103,63373,0,0,0,0,0
2020-02-28,Trinity,105,12862,0,0,0,0,0
2020-02-28,Tulare,107,460477,3,0,0,0,0
2020-02-28,Tuolumne,109,53932,0,0,0,0,0
2020-02-28,Ventura,111,848112,6,0,0,0,0
2020-02-28,Yolo,113,214977,1,0,0,0,0
2020-02-28,Yuba,115,75493,0,0,0,0,0
2020-02-27,Alameda,001,1643700,14,0,0,0,0
2020-02-27,Alpine,003,1148,0,0,0,0,0
2020-02-27,Amador,005,37829,0,0,0,0,0
2020-02-27,Butte,007,227075,0,0,0,0,0
2020-02-27,Calaveras,009,45235,0,0,0,0,0
2020-02-27,Colusa,011,21464,0,0,0,0,0
2020-02-27,Contra Costa,013,1133247,14,0,0,0,0
2020-02-27,Del Norte,015,27424,0,0,0,0,0
2020-02-27,El Dorado,017,186661,0,0,0,0,0
2020-02-27,Fresno,019,978130,1,0,0,0,0
2020-02-27,Glenn,021,27897,0,0,0,0,0
2020-02-27,Humboldt,023,135768,1,1,0,1,0
2020-02-27,Imperial,025,180216,1,0,0,0,0
2020-02-27,Inyo,027,18085,0,0,0,0,0
2020-02-27,Kern,029,883053,2,0,0,0,0
2020-02-27,Kings,031,150075,3,0,1,1,0
2020-02-27,Lake,033,64148,0,0,0,0,0
2020-02-27,Lassen,035,31185,0,0,0,0,0
2020-02-27,Los Angeles,037,10098052,95,1,6,7,0
2020-02-27,Madera,039,155013,2,0,0,0,0
2020-02-27,Marin,041,260295,1,0,0,0,0
2020-02-27,Mariposa,043,17540,0,0,0,0,0
2020-02-27,Mendocino,045,87422,0,0,0,0,0
2020-02-27,Merced,047,269075,1,0,0,0,0
2020-02-27,Modoc,049,8938,0,0,0,0,0
2020-02-27,Mono,051,14174,0,0,0,0,0
2020-02-27,Monterey,053,433212,1,0,0,0,0
2020-02-27,Napa,055,140530,1,0,0,0,0
2020-02-27,Nevada,057,99092,0,0,1,1,0
2020-02-27,Orange,059,3164182,47,1,0,1,0
2020-02-27,Placer,061,380077,6,0,0,0,0
2020-02-27,Plumas,063,18699,0,0,0,0,0
2020-02-27,Riverside,065,2383286,12,0,1,1,0
2020-02-27,Sacramento,067,1510023,10,1,0,1,0
2020-02-27,San Benito,069,59416,0,2,0,2,0
2020-02-27,San Bernardino,071,2135413,25,0,0,0,0
2020-02-27,San Diego,073,3302833,10,2,0,2,0
2020-02-27,San Francisco,075,870044,9,0,0,0,0
2020-02-27,San Joaquin,077,732212,5,0,3,3,0
2020-02-27,San Luis Obispo,079,281455,2,0,0,0,0
2020-02-27,San Mateo,081,765935,20,0,0,0,0
2020-02-27,Santa Barbara,083,443738,0,0,0,0,0
2020-02-27,Santa Clara,085,1922200,59,2,1,3,0
2020-02-27,Santa Cruz,087,273765,6,0,0,0,0
2020-02-27,Shasta,089,179085,0,0,0,0,0
2020-02-27,Sierra,091,2930,0,0,0,0,0
2020-02-27,Siskiyou,093,43540,0,0,0,0,0
2020-02-27,Solano,095,438530,17,23,0,23,0
2020-02-27,Sonoma,097,501317,5,0,0,0,0
2020-02-27,Stanislaus,099,539301,2,0,2,2,0
2020-02-27,Sutter,101,95872,0,0,0,0,0
2020-02-27,Tehama,103,63373,0,0,0,0,0
2020-02-27,Trinity,105,12862,0,0,0,0,0
2020-02-27,Tulare,107,460477,3,0,0,0,0
2020-02-27,Tuolumne,109,53932,0,0,0,0,0
2020-02-27,Ventura,111,848112,4,0,0,0,0
2020-02-27,Yolo,113,214977,1,0,0,0,0
2020-02-27,Yuba,115,75493,0,0,0,0,0
2020-02-26,Alameda,001,1643700,14,0,0,0,0
2020-02-26,Alpine,003,1148,0,0,0,0,0
2020-02-26,Amador,005,37829,0,0,0,0,0
2020-02-26,Butte,007,227075,0,0,0,0,0
2020-02-26,Calaveras,009,45235,0,0,0,0,0
2020-02-26,Colusa,011,21464,0,0,0,0,0
2020-02-26,Contra Costa,013,1133247,13,0,0,0,0
2020-02-26,Del Norte,015,27424,0,0,0,0,0
2020-02-26,El Dorado,017,186661,0,0,0,0,0
2020-02-26,Fresno,019,978130,1,0,0,0,0
2020-02-26,Glenn,021,27897,0,0,0,0,0
2020-02-26,Humboldt,023,135768,1,1,0,1,0
2020-02-26,Imperial,025,180216,1,0,0,0,0
2020-02-26,Inyo,027,18085,0,0,0,0,0
2020-02-26,Kern,029,883053,2,0,0,0,0
2020-02-26,Kings,031,150075,3,0,1,1,0
2020-02-26,Lake,033,64148,0,0,0,0,0
2020-02-26,Lassen,035,31185,0,0,0,0,0
2020-02-26,Los Angeles,037,10098052,89,1,6,7,0
2020-02-26,Madera,039,155013,2,0,0,0,0
2020-02-26,Marin,041,260295,1,0,0,0,0
2020-02-26,Mariposa,043,17540,0,0,0,0,0
2020-02-26,Mendocino,045,87422,0,0,0,0,0
2020-02-26,Merced,047,269075,1,0,0,0,0
2020-02-26,Modoc,049,8938,0,0,0,0,0
2020-02-26,Mono,051,14174,0,0,0,0,0
2020-02-26,Monterey,053,433212,1,0,0,0,0
2020-02-26,Napa,055,140530,0,0,0,0,0
2020-02-26,Nevada,057,99092,0,0,1,1,0
2020-02-26,Orange,059,3164182,46,1,0,1,0
2020-02-26,Placer,061,380077,5,0,0,0,0
2020-02-26,Plumas,063,18699,0,0,0,0,0
2020-02-26,Riverside,065,2383286,10,0,1,1,0
2020-02-26,Sacramento,067,1510023,10,1,0,1,0
2020-02-26,San Benito,069,59416,0,2,0,2,0
2020-02-26,San Bernardino,071,2135413,23,0,0,0,0
2020-02-26,San Diego,073,3302833,9,2,0,2,0
2020-02-26,San Francisco,075,870044,9,0,0,0,0
2020-02-26,San Joaquin,077,732212,5,0,3,3,0
2020-02-26,San Luis Obispo,079,281455,2,0,0,0,0
2020-02-26,San Mateo,081,765935,18,0,0,0,0
2020-02-26,Santa Barbara,083,443738,0,0,0,0,0
2020-02-26,Santa Clara,085,1922200,50,2,1,3,0
2020-02-26,Santa Cruz,087,273765,6,0,0,0,0
2020-02-26,Shasta,089,179085,0,0,0,0,0
2020-02-26,Sierra,091,2930,0,0,0,0,0
2020-02-26,Siskiyou,093,43540,0,0,0,0,0
2020-02-26,Solano,095,438530,17,23,0,23,0
2020-02-26,Sonoma,097,501317,5,0,0,0,0
2020-02-26,Stanislaus,099,539301,2,0,2,2,0
2020-02-26,Sutter,101,95872,0,0,0,0,0
2020-02-26,Tehama,103,63373,0,0,0,0,0
2020-02-26,Trinity,105,12862,0,0,0,0,0
2020-02-26,Tulare,107,460477,3,0,0,0,0
2020-02-26,Tuolumne,109,53932,0,0,0,0,0
2020-02-26,Ventura,111,848112,4,0,0,0,0
2020-02-26,Yolo,113,214977,1,0,0,0,0
2020-02-26,Yuba,115,75493,0,0,0,0,0
2020-02-25,Alameda,001,1643700,14,0,0,0,0
2020-02-25,Alpine,003,1148,0,0,0,0,0
2020-02-25,Amador,005,37829,0,0,0,0,0
2020-02-25,Butte,007,227075,0,0,0,0,0
2020-02-25,Calaveras,009,45235,0,0,0,0,0
2020-02-25,Colusa,011,21464,0,0,0,0,0
2020-02-25,Contra Costa,013,1133247,11,0,0,0,0
2020-02-25,Del Norte,015,27424,0,0,0,0,0
2020-02-25,El Dorado,017,186661,0,0,0,0,0
2020-02-25,Fresno,019,978130,1,0,0,0,0
2020-02-25,Glenn,021,27897,0,0,0,0,0
2020-02-25,Humboldt,023,135768,1,1,0,1,0
2020-02-25,Imperial,025,180216,1,0,0,0,0
2020-02-25,Inyo,027,18085,0,0,0,0,0
2020-02-25,Kern,029,883053,2,0,0,0,0
2020-02-25,Kings,031,150075,3,0,1,1,0
2020-02-25,Lake,033,64148,0,0,0,0,0
2020-02-25,Lassen,035,31185,0,0,0,0,0
2020-02-25,Los Angeles,037,10098052,77,1,6,7,0
2020-02-25,Madera,039,155013,2,0,0,0,0
2020-02-25,Marin,041,260295,1,0,0,0,0
2020-02-25,Mariposa,043,17540,0,0,0,0,0
2020-02-25,Mendocino,045,87422,0,0,0,0,0
2020-02-25,Merced,047,269075,0,0,0,0,0
2020-02-25,Modoc,049,8938,0,0,0,0,0
2020-02-25,Mono,051,14174,0,0,0,0,0
2020-02-25,Monterey,053,433212,1,0,0,0,0
2020-02-25,Napa,055,140530,0,0,0,0,0
2020-02-25,Nevada,057,99092,0,0,1,1,0
2020-02-25,Orange,059,3164182,45,1,0,1,0
2020-02-25,Placer,061,380077,5,0,0,0,0
2020-02-25,Plumas,063,18699,0,0,0,0,0
2020-02-25,Riverside,065,2383286,10,0,1,1,0
2020-02-25,Sacramento,067,1510023,8,1,0,1,0
2020-02-25,San Benito,069,59416,0,2,0,2,0
2020-02-25,San Bernardino,071,2135413,21,0,0,0,0
2020-02-25,San Diego,073,3302833,5,2,0,2,0
2020-02-25,San Francisco,075,870044,7,0,0,0,0
2020-02-25,San Joaquin,077,732212,5,0,2,2,0
2020-02-25,San Luis Obispo,079,281455,2,0,0,0,0
2020-02-25,San Mateo,081,765935,17,0,0,0,0
2020-02-25,Santa Barbara,083,443738,0,0,0,0,0
2020-02-25,Santa Clara,085,1922200,40,2,1,3,0
2020-02-25,Santa Cruz,087,273765,5,0,0,0,0
2020-02-25,Shasta,089,179085,0,0,0,0,0
2020-02-25,Sierra,091,2930,0,0,0,0,0
2020-02-25,Siskiyou,093,43540,0,0,0,0,0
2020-02-25,Solano,095,438530,16,21,0,21,0
2020-02-25,Sonoma,097,501317,5,0,0,0,0
2020-02-25,Stanislaus,099,539301,2,0,2,2,0
2020-02-25,Sutter,101,95872,0,0,0,0,0
2020-02-25,Tehama,103,63373,0,0,0,0,0
2020-02-25,Trinity,105,12862,0,0,0,0,0
2020-02-25,Tulare,107,460477,3,0,0,0,0
2020-02-25,Tuolumne,109,53932,0,0,0,0,0
2020-02-25,Ventura,111,848112,4,0,0,0,0
2020-02-25,Yolo,113,214977,1,0,0,0,0
2020-02-25,Yuba,115,75493,0,0,0,0,0
2020-02-24,Alameda,001,1643700,14,0,0,0,0
2020-02-24,Alpine,003,1148,0,0,0,0,0
2020-02-24,Amador,005,37829,0,0,0,0,0
2020-02-24,Butte,007,227075,0,0,0,0,0
2020-02-24,Calaveras,009,45235,0,0,0,0,0
2020-02-24,Colusa,011,21464,0,0,0,0,0
2020-02-24,Contra Costa,013,1133247,9,0,0,0,0
2020-02-24,Del Norte,015,27424,0,0,0,0,0
2020-02-24,El Dorado,017,186661,0,0,0,0,0
2020-02-24,Fresno,019,978130,1,0,0,0,0
2020-02-24,Glenn,021,27897,0,0,0,0,0
2020-02-24,Humboldt,023,135768,1,1,0,1,0
2020-02-24,Imperial,025,180216,1,0,0,0,0
2020-02-24,Inyo,027,18085,0,0,0,0,0
2020-02-24,Kern,029,883053,2,0,0,0,0
2020-02-24,Kings,031,150075,3,0,1,1,0
2020-02-24,Lake,033,64148,0,0,0,0,0
2020-02-24,Lassen,035,31185,0,0,0,0,0
2020-02-24,Los Angeles,037,10098052,71,1,6,7,0
2020-02-24,Madera,039,155013,1,0,0,0,0
2020-02-24,Marin,041,260295,1,0,0,0,0
2020-02-24,Mariposa,043,17540,0,0,0,0,0
2020-02-24,Mendocino,045,87422,0,0,0,0,0
2020-02-24,Merced,047,269075,0,0,0,0,0
2020-02-24,Modoc,049,8938,0,0,0,0,0
2020-02-24,Mono,051,14174,0,0,0,0,0
2020-02-24,Monterey,053,433212,1,0,0,0,0
2020-02-24,Napa,055,140530,0,0,0,0,0
2020-02-24,Nevada,057,99092,0,0,1,1,0
2020-02-24,Orange,059,3164182,43,1,0,1,0
2020-02-24,Placer,061,380077,3,0,0,0,0
2020-02-24,Plumas,063,18699,0,0,0,0,0
2020-02-24,Riverside,065,2383286,9,0,1,1,0
2020-02-24,Sacramento,067,1510023,7,1,0,1,0
2020-02-24,San Benito,069,59416,0,2,0,2,0
2020-02-24,San Bernardino,071,2135413,21,0,0,0,0
2020-02-24,San Diego,073,3302833,5,2,0,2,0
2020-02-24,San Francisco,075,870044,6,0,0,0,0
2020-02-24,San Joaquin,077,732212,5,0,1,1,0
2020-02-24,San Luis Obispo,079,281455,2,0,0,0,0
2020-02-24,San Mateo,081,765935,13,0,0,0,0
2020-02-24,Santa Barbara,083,443738,0,0,0,0,0
2020-02-24,Santa Clara,085,1922200,38,2,1,3,0
2020-02-24,Santa Cruz,087,273765,5,0,0,0,0
2020-02-24,Shasta,089,179085,0,0,0,0,0
2020-02-24,Sierra,091,2930,0,0,0,0,0
2020-02-24,Siskiyou,093,43540,0,0,0,0,0
2020-02-24,Solano,095,438530,13,15,0,15,0
2020-02-24,Sonoma,097,501317,5,0,0,0,0
2020-02-24,Stanislaus,099,539301,2,0,2,2,0
2020-02-24,Sutter,101,95872,0,0,0,0,0
2020-02-24,Tehama,103,63373,0,0,0,0,0
2020-02-24,Trinity,105,12862,0,0,0,0,0
2020-02-24,Tulare,107,460477,3,0,0,0,0
2020-02-24,Tuolumne,109,53932,0,0,0,0,0
2020-02-24,Ventura,111,848112,4,0,0,0,0
2020-02-24,Yolo,113,214977,1,0,0,0,0
2020-02-24,Yuba,115,75493,0,0,0,0,0
2020-02-23,Alameda,001,1643700,12,0,0,0,0
2020-02-23,Alpine,003,1148,0,0,0,0,0
2020-02-23,Amador,005,37829,0,0,0,0,0
2020-02-23,Butte,007,227075,0,0,0,0,0
2020-02-23,Calaveras,009,45235,0,0,0,0,0
2020-02-23,Colusa,011,21464,0,0,0,0,0
2020-02-23,Contra Costa,013,1133247,6,0,0,0,0
2020-02-23,Del Norte,015,27424,0,0,0,0,0
2020-02-23,El Dorado,017,186661,0,0,0,0,0
2020-02-23,Fresno,019,978130,1,0,0,0,0
2020-02-23,Glenn,021,27897,0,0,0,0,0
2020-02-23,Humboldt,023,135768,1,1,0,1,0
2020-02-23,Imperial,025,180216,1,0,0,0,0
2020-02-23,Inyo,027,18085,0,0,0,0,0
2020-02-23,Kern,029,883053,2,0,0,0,0
2020-02-23,Kings,031,150075,3,0,1,1,0
2020-02-23,Lake,033,64148,0,0,0,0,0
2020-02-23,Lassen,035,31185,0,0,0,0,0
2020-02-23,Los Angeles,037,10098052,63,1,6,7,0
2020-02-23,Madera,039,155013,1,0,0,0,0
2020-02-23,Marin,041,260295,1,0,0,0,0
2020-02-23,Mariposa,043,17540,0,0,0,0,0
2020-02-23,Mendocino,045,87422,0,0,0,0,0
2020-02-23,Merced,047,269075,0,0,0,0,0
2020-02-23,Modoc,049,8938,0,0,0,0,0
2020-02-23,Mono,051,14174,0,0,0,0,0
2020-02-23,Monterey,053,433212,1,0,0,0,0
2020-02-23,Napa,055,140530,0,0,0,0,0
2020-02-23,Nevada,057,99092,0,0,1,1,0
2020-02-23,Orange,059,3164182,43,1,0,1,0
2020-02-23,Placer,061,380077,3,0,0,0,0
2020-02-23,Plumas,063,18699,0,0,0,0,0
2020-02-23,Riverside,065,2383286,9,0,0,0,0
2020-02-23,Sacramento,067,1510023,6,1,0,1,0
2020-02-23,San Benito,069,59416,0,2,0,2,0
2020-02-23,San Bernardino,071,2135413,20,0,0,0,0
2020-02-23,San Diego,073,3302833,4,2,0,2,0
2020-02-23,San Francisco,075,870044,5,0,0,0,0
2020-02-23,San Joaquin,077,732212,4,0,1,1,0
2020-02-23,San Luis Obispo,079,281455,2,0,0,0,0
2020-02-23,San Mateo,081,765935,10,0,0,0,0
2020-02-23,Santa Barbara,083,443738,0,0,0,0,0
2020-02-23,Santa Clara,085,1922200,26,2,1,3,0
2020-02-23,Santa Cruz,087,273765,2,0,0,0,0
2020-02-23,Shasta,089,179085,0,0,0,0,0
2020-02-23,Sierra,091,2930,0,0,0,0,0
2020-02-23,Siskiyou,093,43540,0,0,0,0,0
2020-02-23,Solano,095,438530,11,15,0,15,0
2020-02-23,Sonoma,097,501317,5,0,0,0,0
2020-02-23,Stanislaus,099,539301,2,0,2,2,0
2020-02-23,Sutter,101,95872,0,0,0,0,0
2020-02-23,Tehama,103,63373,0,0,0,0,0
2020-02-23,Trinity,105,12862,0,0,0,0,0
2020-02-23,Tulare,107,460477,2,0,0,0,0
2020-02-23,Tuolumne,109,53932,0,0,0,0,0
2020-02-23,Ventura,111,848112,4,0,0,0,0
2020-02-23,Yolo,113,214977,1,0,0,0,0
2020-02-23,Yuba,115,75493,0,0,0,0,0
2020-02-22,Alameda,001,1643700,11,0,0,0,0
2020-02-22,Alpine,003,1148,0,0,0,0,0
2020-02-22,Amador,005,37829,0,0,0,0,0
2020-02-22,Butte,007,227075,0,0,0,0,0
2020-02-22,Calaveras,009,45235,0,0,0,0,0
2020-02-22,Colusa,011,21464,0,0,0,0,0
2020-02-22,Contra Costa,013,1133247,5,0,0,0,0
2020-02-22,Del Norte,015,27424,0,0,0,0,0
2020-02-22,El Dorado,017,186661,0,0,0,0,0
2020-02-22,Fresno,019,978130,1,0,0,0,0
2020-02-22,Glenn,021,27897,0,0,0,0,0
2020-02-22,Humboldt,023,135768,1,1,0,1,0
2020-02-22,Imperial,025,180216,0,0,0,0,0
2020-02-22,Inyo,027,18085,0,0,0,0,0
2020-02-22,Kern,029,883053,2,0,0,0,0
2020-02-22,Kings,031,150075,3,0,1,1,0
2020-02-22,Lake,033,64148,0,0,0,0,0
2020-02-22,Lassen,035,31185,0,0,0,0,0
2020-02-22,Los Angeles,037,10098052,61,1,6,7,0
2020-02-22,Madera,039,155013,0,0,0,0,0
2020-02-22,Marin,041,260295,1,0,0,0,0
2020-02-22,Mariposa,043,17540,0,0,0,0,0
2020-02-22,Mendocino,045,87422,0,0,0,0,0
2020-02-22,Merced,047,269075,0,0,0,0,0
2020-02-22,Modoc,049,8938,0,0,0,0,0
2020-02-22,Mono,051,14174,0,0,0,0,0
2020-02-22,Monterey,053,433212,1,0,0,0,0
2020-02-22,Napa,055,140530,0,0,0,0,0
2020-02-22,Nevada,057,99092,0,0,1,1,0
2020-02-22,Orange,059,3164182,42,1,0,1,0
2020-02-22,Placer,061,380077,3,0,0,0,0
2020-02-22,Plumas,063,18699,0,0,0,0,0
2020-02-22,Riverside,065,2383286,9,0,0,0,0
2020-02-22,Sacramento,067,1510023,6,1,0,1,0
2020-02-22,San Benito,069,59416,0,2,0,2,0
2020-02-22,San Bernardino,071,2135413,18,0,0,0,0
2020-02-22,San Diego,073,3302833,3,2,0,2,0
2020-02-22,San Francisco,075,870044,3,0,0,0,0
2020-02-22,San Joaquin,077,732212,4,0,1,1,0
2020-02-22,San Luis Obispo,079,281455,2,0,0,0,0
2020-02-22,San Mateo,081,765935,8,0,0,0,0
2020-02-22,Santa Barbara,083,443738,0,0,0,0,0
2020-02-22,Santa Clara,085,1922200,23,2,1,3,0
2020-02-22,Santa Cruz,087,273765,2,0,0,0,0
2020-02-22,Shasta,089,179085,0,0,0,0,0
2020-02-22,Sierra,091,2930,0,0,0,0,0
2020-02-22,Siskiyou,093,43540,0,0,0,0,0
2020-02-22,Solano,095,438530,11,11,0,11,0
2020-02-22,Sonoma,097,501317,4,0,0,0,0
2020-02-22,Stanislaus,099,539301,2,0,2,2,0
2020-02-22,Sutter,101,95872,0,0,0,0,0
2020-02-22,Tehama,103,63373,0,0,0,0,0
2020-02-22,Trinity,105,12862,0,0,0,0,0
2020-02-22,Tulare,107,460477,2,0,0,0,0
2020-02-22,Tuolumne,109,53932,0,0,0,0,0
2020-02-22,Ventura,111,848112,4,0,0,0,0
2020-02-22,Yolo,113,214977,0,0,0,0,0
2020-02-22,Yuba,115,75493,0,0,0,0,0
2020-02-21,Alameda,001,1643700,10,0,0,0,0
2020-02-21,Alpine,003,1148,0,0,0,0,0
2020-02-21,Amador,005,37829,0,0,0,0,0
2020-02-21,Butte,007,227075,0,0,0,0,0
2020-02-21,Calaveras,009,45235,0,0,0,0,0
2020-02-21,Colusa,011,21464,0,0,0,0,0
2020-02-21,Contra Costa,013,1133247,4,0,0,0,0
2020-02-21,Del Norte,015,27424,0,0,0,0,0
2020-02-21,El Dorado,017,186661,0,0,0,0,0
2020-02-21,Fresno,019,978130,1,0,0,0,0
2020-02-21,Glenn,021,27897,0,0,0,0,0
2020-02-21,Humboldt,023,135768,1,1,0,1,0
2020-02-21,Imperial,025,180216,0,0,0,0,0
2020-02-21,Inyo,027,18085,0,0,0,0,0
2020-02-21,Kern,029,883053,2,0,0,0,0
2020-02-21,Kings,031,150075,3,0,1,1,0
2020-02-21,Lake,033,64148,0,0,0,0,0
2020-02-21,Lassen,035,31185,0,0,0,0,0
2020-02-21,Los Angeles,037,10098052,57,1,6,7,0
2020-02-21,Madera,039,155013,0,0,0,0,0
2020-02-21,Marin,041,260295,1,0,0,0,0
2020-02-21,Mariposa,043,17540,0,0,0,0,0
2020-02-21,Mendocino,045,87422,0,0,0,0,0
2020-02-21,Merced,047,269075,0,0,0,0,0
2020-02-21,Modoc,049,8938,0,0,0,0,0
2020-02-21,Mono,051,14174,0,0,0,0,0
2020-02-21,Monterey,053,433212,1,0,0,0,0
2020-02-21,Napa,055,140530,0,0,0,0,0
2020-02-21,Nevada,057,99092,0,0,1,1,0
2020-02-21,Orange,059,3164182,40,1,0,1,0
2020-02-21,Placer,061,380077,2,0,0,0,0
2020-02-21,Plumas,063,18699,0,0,0,0,0
2020-02-21,Riverside,065,2383286,9,0,0,0,0
2020-02-21,Sacramento,067,1510023,5,1,0,1,0
2020-02-21,San Benito,069,59416,0,2,0,2,0
2020-02-21,San Bernardino,071,2135413,17,0,0,0,0
2020-02-21,San Diego,073,3302833,3,2,0,2,0
2020-02-21,San Francisco,075,870044,3,0,0,0,0
2020-02-21,San Joaquin,077,732212,2,0,1,1,0
2020-02-21,San Luis Obispo,079,281455,2,0,0,0,0
2020-02-21,San Mateo,081,765935,8,0,0,0,0
2020-02-21,Santa Barbara,083,443738,0,0,0,0,0
2020-02-21,Santa Clara,085,1922200,21,2,1,3,0
2020-02-21,Santa Cruz,087,273765,2,0,0,0,0
2020-02-21,Shasta,089,179085,0,0,0,0,0
2020-02-21,Sierra,091,2930,0,0,0,0,0
2020-02-21,Siskiyou,093,43540,0,0,0,0,0
2020-02-21,Solano,095,438530,10,11,0,11,0
2020-02-21,Sonoma,097,501317,3,0,0,0,0
2020-02-21,Stanislaus,099,539301,2,0,2,2,0
2020-02-21,Sutter,101,95872,0,0,0,0,0
2020-02-21,Tehama,103,63373,0,0,0,0,0
2020-02-21,Trinity,105,12862,0,0,0,0,0
2020-02-21,Tulare,107,460477,2,0,0,0,0
2020-02-21,Tuolumne,109,53932,0,0,0,0,0
2020-02-21,Ventura,111,848112,4,0,0,0,0
2020-02-21,Yolo,113,214977,0,0,0,0,0
2020-02-21,Yuba,115,75493,0,0,0,0,0
2020-02-20,Alameda,001,1643700,8,0,0,0,0
2020-02-20,Alpine,003,1148,0,0,0,0,0
2020-02-20,Amador,005,37829,0,0,0,0,0
2020-02-20,Butte,007,227075,0,0,0,0,0
2020-02-20,Calaveras,009,45235,0,0,0,0,0
2020-02-20,Colusa,011,21464,0,0,0,0,0
2020-02-20,Contra Costa,013,1133247,3,0,0,0,0
2020-02-20,Del Norte,015,27424,0,0,0,0,0
2020-02-20,El Dorado,017,186661,0,0,0,0,0
2020-02-20,Fresno,019,978130,1,0,0,0,0
2020-02-20,Glenn,021,27897,0,0,0,0,0
2020-02-20,Humboldt,023,135768,1,1,0,1,0
2020-02-20,Imperial,025,180216,0,0,0,0,0
2020-02-20,Inyo,027,18085,0,0,0,0,0
2020-02-20,Kern,029,883053,2,0,0,0,0
2020-02-20,Kings,031,150075,3,0,1,1,0
2020-02-20,Lake,033,64148,0,0,0,0,0
2020-02-20,Lassen,035,31185,0,0,0,0,0
2020-02-20,Los Angeles,037,10098052,56,1,5,6,0
2020-02-20,Madera,039,155013,0,0,0,0,0
2020-02-20,Marin,041,260295,0,0,0,0,0
2020-02-20,Mariposa,043,17540,0,0,0,0,0
2020-02-20,Mendocino,045,87422,0,0,0,0,0
2020-02-20,Merced,047,269075,0,0,0,0,0
2020-02-20,Modoc,049,8938,0,0,0,0,0
2020-02-20,Mono,051,14174,0,0,0,0,0
2020-02-20,Monterey,053,433212,1,0,0,0,0
2020-02-20,Napa,055,140530,0,0,0,0,0
2020-02-20,Nevada,057,99092,0,0,1,1,0
2020-02-20,Orange,059,3164182,40,1,0,1,0
2020-02-20,Placer,061,380077,2,0,0,0,0
2020-02-20,Plumas,063,18699,0,0,0,0,0
2020-02-20,Riverside,065,2383286,7,0,0,0,0
2020-02-20,Sacramento,067,1510023,2,1,0,1,0
2020-02-20,San Benito,069,59416,0,2,0,2,0
2020-02-20,San Bernardino,071,2135413,15,0,0,0,0
2020-02-20,San Diego,073,3302833,3,2,0,2,0
2020-02-20,San Francisco,075,870044,3,0,0,0,0
2020-02-20,San Joaquin,077,732212,2,0,1,1,0
2020-02-20,San Luis Obispo,079,281455,2,0,0,0,0
2020-02-20,San Mateo,081,765935,7,0,0,0,0
2020-02-20,Santa Barbara,083,443738,0,0,0,0,0
2020-02-20,Santa Clara,085,1922200,17,2,1,3,0
2020-02-20,Santa Cruz,087,273765,2,0,0,0,0
2020-02-20,Shasta,089,179085,0,0,0,0,0
2020-02-20,Sierra,091,2930,0,0,0,0,0
2020-02-20,Siskiyou,093,43540,0,0,0,0,0
2020-02-20,Solano,095,438530,8,7,0,7,0
2020-02-20,Sonoma,097,501317,2,0,0,0,0
2020-02-20,Stanislaus,099,539301,2,0,2,2,0
2020-02-20,Sutter,101,95872,0,0,0,0,0
2020-02-20,Tehama,103,63373,0,0,0,0,0
2020-02-20,Trinity,105,12862,0,0,0,0,0
2020-02-20,Tulare,107,460477,2,0,0,0,0
2020-02-20,Tuolumne,109,53932,0,0,0,0,0
2020-02-20,Ventura,111,848112,4,0,0,0,0
2020-02-20,Yolo,113,214977,0,0,0,0,0
2020-02-20,Yuba,115,75493,0,0,0,0,0
2020-02-19,Alameda,001,1643700,7,0,0,0,0
2020-02-19,Alpine,003,1148,0,0,0,0,0
2020-02-19,Amador,005,37829,0,0,0,0,0
2020-02-19,Butte,007,227075,0,0,0,0,0
2020-02-19,Calaveras,009,45235,0,0,0,0,0
2020-02-19,Colusa,011,21464,0,0,0,0,0
2020-02-19,Contra Costa,013,1133247,3,0,0,0,0
2020-02-19,Del Norte,015,27424,0,0,0,0,0
2020-02-19,El Dorado,017,186661,0,0,0,0,0
2020-02-19,Fresno,019,978130,1,0,0,0,0
2020-02-19,Glenn,021,27897,0,0,0,0,0
2020-02-19,Humboldt,023,135768,1,0,0,0,0
2020-02-19,Imperial,025,180216,0,0,0,0,0
2020-02-19,Inyo,027,18085,0,0,0,0,0
2020-02-19,Kern,029,883053,2,0,0,0,0
2020-02-19,Kings,031,150075,3,0,1,1,0
2020-02-19,Lake,033,64148,0,0,0,0,0
2020-02-19,Lassen,035,31185,0,0,0,0,0
2020-02-19,Los Angeles,037,10098052,53,1,5,6,0
2020-02-19,Madera,039,155013,0,0,0,0,0
2020-02-19,Marin,041,260295,0,0,0,0,0
2020-02-19,Mariposa,043,17540,0,0,0,0,0
2020-02-19,Mendocino,045,87422,0,0,0,0,0
2020-02-19,Merced,047,269075,0,0,0,0,0
2020-02-19,Modoc,049,8938,0,0,0,0,0
2020-02-19,Mono,051,14174,0,0,0,0,0
2020-02-19,Monterey,053,433212,1,0,0,0,0
2020-02-19,Napa,055,140530,0,0,0,0,0
2020-02-19,Nevada,057,99092,0,0,1,1,0
2020-02-19,Orange,059,3164182,39,1,0,1,0
2020-02-19,Placer,061,380077,2,0,0,0,0
2020-02-19,Plumas,063,18699,0,0,0,0,0
2020-02-19,Riverside,065,2383286,5,0,0,0,0
2020-02-19,Sacramento,067,1510023,2,0,0,0,0
2020-02-19,San Benito,069,59416,0,2,0,2,0
2020-02-19,San Bernardino,071,2135413,14,0,0,0,0
2020-02-19,San Diego,073,3302833,2,2,0,2,0
2020-02-19,San Francisco,075,870044,2,0,0,0,0
2020-02-19,San Joaquin,077,732212,2,0,1,1,0
2020-02-19,San Luis Obispo,079,281455,2,0,0,0,0
2020-02-19,San Mateo,081,765935,6,0,0,0,0
2020-02-19,Santa Barbara,083,443738,0,0,0,0,0
2020-02-19,Santa Clara,085,1922200,15,2,1,3,0
2020-02-19,Santa Cruz,087,273765,0,0,0,0,0
2020-02-19,Shasta,089,179085,0,0,0,0,0
2020-02-19,Sierra,091,2930,0,0,0,0,0
2020-02-19,Siskiyou,093,43540,0,0,0,0,0
2020-02-19,Solano,095,438530,5,7,0,7,0
2020-02-19,Sonoma,097,501317,2,0,0,0,0
2020-02-19,Stanislaus,099,539301,1,0,2,2,0
2020-02-19,Sutter,101,95872,0,0,0,0,0
2020-02-19,Tehama,103,63373,0,0,0,0,0
2020-02-19,Trinity,105,12862,0,0,0,0,0
2020-02-19,Tulare,107,460477,2,0,0,0,0
2020-02-19,Tuolumne,109,53932,0,0,0,0,0
2020-02-19,Ventura,111,848112,2,0,0,0,0
2020-02-19,Yolo,113,214977,0,0,0,0,0
2020-02-19,Yuba,115,75493,0,0,0,0,0
2020-02-18,Alameda,001,1643700,7,0,0,0,0
2020-02-18,Alpine,003,1148,0,0,0,0,0
2020-02-18,Amador,005,37829,0,0,0,0,0
2020-02-18,Butte,007,227075,0,0,0,0,0
2020-02-18,Calaveras,009,45235,0,0,0,0,0
2020-02-18,Colusa,011,21464,0,0,0,0,0
2020-02-18,Contra Costa,013,1133247,3,0,0,0,0
2020-02-18,Del Norte,015,27424,0,0,0,0,0
2020-02-18,El Dorado,017,186661,0,0,0,0,0
2020-02-18,Fresno,019,978130,0,0,0,0,0
2020-02-18,Glenn,021,27897,0,0,0,0,0
2020-02-18,Humboldt,023,135768,1,0,0,0,0
2020-02-18,Imperial,025,180216,0,0,0,0,0
2020-02-18,Inyo,027,18085,0,0,0,0,0
2020-02-18,Kern,029,883053,2,0,0,0,0
2020-02-18,Kings,031,150075,3,0,1,1,0
2020-02-18,Lake,033,64148,0,0,0,0,0
2020-02-18,Lassen,035,31185,0,0,0,0,0
2020-02-18,Los Angeles,037,10098052,50,1,4,5,0
2020-02-18,Madera,039,155013,0,0,0,0,0
2020-02-18,Marin,041,260295,0,0,0,0,0
2020-02-18,Mariposa,043,17540,0,0,0,0,0
2020-02-18,Mendocino,045,87422,0,0,0,0,0
2020-02-18,Merced,047,269075,0,0,0,0,0
2020-02-18,Modoc,049,8938,0,0,0,0,0
2020-02-18,Mono,051,14174,0,0,0,0,0
2020-02-18,Monterey,053,433212,1,0,0,0,0
2020-02-18,Napa,055,140530,0,0,0,0,0
2020-02-18,Nevada,057,99092,0,0,1,1,0
2020-02-18,Orange,059,3164182,38,1,0,1,0
2020-02-18,Placer,061,380077,0,0,0,0,0
2020-02-18,Plumas,063,18699,0,0,0,0,0
2020-02-18,Riverside,065,2383286,5,0,0,0,0
2020-02-18,Sacramento,067,1510023,2,0,0,0,0
2020-02-18,San Benito,069,59416,0,2,0,2,0
2020-02-18,San Bernardino,071,2135413,13,0,0,0,0
2020-02-18,San Diego,073,3302833,2,2,0,2,0
2020-02-18,San Francisco,075,870044,2,0,0,0,0
2020-02-18,San Joaquin,077,732212,1,0,1,1,0
2020-02-18,San Luis Obispo,079,281455,2,0,0,0,0
2020-02-18,San Mateo,081,765935,5,0,0,0,0
2020-02-18,Santa Barbara,083,443738,0,0,0,0,0
2020-02-18,Santa Clara,085,1922200,14,2,1,3,0
2020-02-18,Santa Cruz,087,273765,0,0,0,0,0
2020-02-18,Shasta,089,179085,0,0,0,0,0
2020-02-18,Sierra,091,2930,0,0,0,0,0
2020-02-18,Siskiyou,093,43540,0,0,0,0,0
2020-02-18,Solano,095,438530,5,7,0,7,0
2020-02-18,Sonoma,097,501317,1,0,0,0,0
2020-02-18,Stanislaus,099,539301,1,0,2,2,0
2020-02-18,Sutter,101,95872,0,0,0,0,0
2020-02-18,Tehama,103,63373,0,0,0,0,0
2020-02-18,Trinity,105,12862,0,0,0,0,0
2020-02-18,Tulare,107,460477,2,0,0,0,0
2020-02-18,Tuolumne,109,53932,0,0,0,0,0
2020-02-18,Ventura,111,848112,2,0,0,0,0
2020-02-18,Yolo,113,214977,0,0,0,0,0
2020-02-18,Yuba,115,75493,0,0,0,0,0
2020-02-17,Alameda,001,1643700,7,0,0,0,0
2020-02-17,Alpine,003,1148,0,0,0,0,0
2020-02-17,Amador,005,37829,0,0,0,0,0
2020-02-17,Butte,007,227075,0,0,0,0,0
2020-02-17,Calaveras,009,45235,0,0,0,0,0
2020-02-17,Colusa,011,21464,0,0,0,0,0
2020-02-17,Contra Costa,013,1133247,3,0,0,0,0
2020-02-17,Del Norte,015,27424,0,0,0,0,0
2020-02-17,El Dorado,017,186661,0,0,0,0,0
2020-02-17,Fresno,019,978130,0,0,0,0,0
2020-02-17,Glenn,021,27897,0,0,0,0,0
2020-02-17,Humboldt,023,135768,1,0,0,0,0
2020-02-17,Imperial,025,180216,0,0,0,0,0
2020-02-17,Inyo,027,18085,0,0,0,0,0
2020-02-17,Kern,029,883053,2,0,0,0,0
2020-02-17,Kings,031,150075,3,0,0,0,0
2020-02-17,Lake,033,64148,0,0,0,0,0
2020-02-17,Lassen,035,31185,0,0,0,0,0
2020-02-17,Los Angeles,037,10098052,47,1,4,5,0
2020-02-17,Madera,039,155013,0,0,0,0,0
2020-02-17,Marin,041,260295,0,0,0,0,0
2020-02-17,Mariposa,043,17540,0,0,0,0,0
2020-02-17,Mendocino,045,87422,0,0,0,0,0
2020-02-17,Merced,047,269075,0,0,0,0,0
2020-02-17,Modoc,049,8938,0,0,0,0,0
2020-02-17,Mono,051,14174,0,0,0,0,0
2020-02-17,Monterey,053,433212,1,0,0,0,0
2020-02-17,Napa,055,140530,0,0,0,0,0
2020-02-17,Nevada,057,99092,0,0,1,1,0
2020-02-17,Orange,059,3164182,38,1,0,1,0
2020-02-17,Placer,061,380077,0,0,0,0,0
2020-02-17,Plumas,063,18699,0,0,0,0,0
2020-02-17,Riverside,065,2383286,5,0,0,0,0
2020-02-17,Sacramento,067,1510023,2,0,0,0,0
2020-02-17,San Benito,069,59416,0,2,0,2,0
2020-02-17,San Bernardino,071,2135413,11,0,0,0,0
2020-02-17,San Diego,073,3302833,2,2,0,2,0
2020-02-17,San Francisco,075,870044,2,0,0,0,0
2020-02-17,San Joaquin,077,732212,1,0,1,1,0
2020-02-17,San Luis Obispo,079,281455,1,0,0,0,0
2020-02-17,San Mateo,081,765935,5,0,0,0,0
2020-02-17,Santa Barbara,083,443738,0,0,0,0,0
2020-02-17,Santa Clara,085,1922200,12,2,1,3,0
2020-02-17,Santa Cruz,087,273765,0,0,0,0,0
2020-02-17,Shasta,089,179085,0,0,0,0,0
2020-02-17,Sierra,091,2930,0,0,0,0,0
2020-02-17,Siskiyou,093,43540,0,0,0,0,0
2020-02-17,Solano,095,438530,3,5,0,5,0
2020-02-17,Sonoma,097,501317,1,0,0,0,0
2020-02-17,Stanislaus,099,539301,1,0,2,2,0
2020-02-17,Sutter,101,95872,0,0,0,0,0
2020-02-17,Tehama,103,63373,0,0,0,0,0
2020-02-17,Trinity,105,12862,0,0,0,0,0
2020-02-17,Tulare,107,460477,2,0,0,0,0
2020-02-17,Tuolumne,109,53932,0,0,0,0,0
2020-02-17,Ventura,111,848112,2,0,0,0,0
2020-02-17,Yolo,113,214977,0,0,0,0,0
2020-02-17,Yuba,115,75493,0,0,0,0,0
2020-02-16,Alameda,001,1643700,6,0,0,0,0
2020-02-16,Alpine,003,1148,0,0,0,0,0
2020-02-16,Amador,005,37829,0,0,0,0,0
2020-02-16,Butte,007,227075,0,0,0,0,0
2020-02-16,Calaveras,009,45235,0,0,0,0,0
2020-02-16,Colusa,011,21464,0,0,0,0,0
2020-02-16,Contra Costa,013,1133247,3,0,0,0,0
2020-02-16,Del Norte,015,27424,0,0,0,0,0
2020-02-16,El Dorado,017,186661,0,0,0,0,0
2020-02-16,Fresno,019,978130,0,0,0,0,0
2020-02-16,Glenn,021,27897,0,0,0,0,0
2020-02-16,Humboldt,023,135768,1,0,0,0,0
2020-02-16,Imperial,025,180216,0,0,0,0,0
2020-02-16,Inyo,027,18085,0,0,0,0,0
2020-02-16,Kern,029,883053,2,0,0,0,0
2020-02-16,Kings,031,150075,3,0,0,0,0
2020-02-16,Lake,033,64148,0,0,0,0,0
2020-02-16,Lassen,035,31185,0,0,0,0,0
2020-02-16,Los Angeles,037,10098052,42,1,4,5,0
2020-02-16,Madera,039,155013,0,0,0,0,0
2020-02-16,Marin,041,260295,0,0,0,0,0
2020-02-16,Mariposa,043,17540,0,0,0,0,0
2020-02-16,Mendocino,045,87422,0,0,0,0,0
2020-02-16,Merced,047,269075,0,0,0,0,0
2020-02-16,Modoc,049,8938,0,0,0,0,0
2020-02-16,Mono,051,14174,0,0,0,0,0
2020-02-16,Monterey,053,433212,1,0,0,0,0
2020-02-16,Napa,055,140530,0,0,0,0,0
2020-02-16,Nevada,057,99092,0,0,0,0,0
2020-02-16,Orange,059,3164182,37,1,0,1,0
2020-02-16,Placer,061,380077,0,0,0,0,0
2020-02-16,Plumas,063,18699,0,0,0,0,0
2020-02-16,Riverside,065,2383286,5,0,0,0,0
2020-02-16,Sacramento,067,1510023,2,0,0,0,0
2020-02-16,San Benito,069,59416,0,2,0,2,0
2020-02-16,San Bernardino,071,2135413,10,0,0,0,0
2020-02-16,San Diego,073,3302833,2,2,0,2,0
2020-02-16,San Francisco,075,870044,2,0,0,0,0
2020-02-16,San Joaquin,077,732212,1,0,1,1,0
2020-02-16,San Luis Obispo,079,281455,1,0,0,0,0
2020-02-16,San Mateo,081,765935,4,0,0,0,0
2020-02-16,Santa Barbara,083,443738,0,0,0,0,0
2020-02-16,Santa Clara,085,1922200,10,2,1,3,0
2020-02-16,Santa Cruz,087,273765,0,0,0,0,0
2020-02-16,Shasta,089,179085,0,0,0,0,0
2020-02-16,Sierra,091,2930,0,0,0,0,0
2020-02-16,Siskiyou,093,43540,0,0,0,0,0
2020-02-16,Solano,095,438530,1,0,0,0,0
2020-02-16,Sonoma,097,501317,1,0,0,0,0
2020-02-16,Stanislaus,099,539301,1,0,2,2,0
2020-02-16,Sutter,101,95872,0,0,0,0,0
2020-02-16,Tehama,103,63373,0,0,0,0,0
2020-02-16,Trinity,105,12862,0,0,0,0,0
2020-02-16,Tulare,107,460477,2,0,0,0,0
2020-02-16,Tuolumne,109,53932,0,0,0,0,0
2020-02-16,Ventura,111,848112,2,0,0,0,0
2020-02-16,Yolo,113,214977,0,0,0,0,0
2020-02-16,Yuba,115,75493,0,0,0,0,0
2020-02-15,Alameda,001,1643700,6,0,0,0,0
2020-02-15,Alpine,003,1148,0,0,0,0,0
2020-02-15,Amador,005,37829,0,0,0,0,0
2020-02-15,Butte,007,227075,0,0,0,0,0
2020-02-15,Calaveras,009,45235,0,0,0,0,0
2020-02-15,Colusa,011,21464,0,0,0,0,0
2020-02-15,Contra Costa,013,1133247,3,0,0,0,0
2020-02-15,Del Norte,015,27424,0,0,0,0,0
2020-02-15,El Dorado,017,186661,0,0,0,0,0
2020-02-15,Fresno,019,978130,0,0,0,0,0
2020-02-15,Glenn,021,27897,0,0,0,0,0
2020-02-15,Humboldt,023,135768,1,0,0,0,0
2020-02-15,Imperial,025,180216,0,0,0,0,0
2020-02-15,Inyo,027,18085,0,0,0,0,0
2020-02-15,Kern,029,883053,2,0,0,0,0
2020-02-15,Kings,031,150075,3,0,0,0,0
2020-02-15,Lake,033,64148,0,0,0,0,0
2020-02-15,Lassen,035,31185,0,0,0,0,0
2020-02-15,Los Angeles,037,10098052,39,1,4,5,0
2020-02-15,Madera,039,155013,0,0,0,0,0
2020-02-15,Marin,041,260295,0,0,0,0,0
2020-02-15,Mariposa,043,17540,0,0,0,0,0
2020-02-15,Mendocino,045,87422,0,0,0,0,0
2020-02-15,Merced,047,269075,0,0,0,0,0
2020-02-15,Modoc,049,8938,0,0,0,0,0
2020-02-15,Mono,051,14174,0,0,0,0,0
2020-02-15,Monterey,053,433212,1,0,0,0,0
2020-02-15,Napa,055,140530,0,0,0,0,0
2020-02-15,Nevada,057,99092,0,0,0,0,0
2020-02-15,Orange,059,3164182,36,1,0,1,0
2020-02-15,Placer,061,380077,0,0,0,0,0
2020-02-15,Plumas,063,18699,0,0,0,0,0
2020-02-15,Riverside,065,2383286,4,0,0,0,0
2020-02-15,Sacramento,067,1510023,2,0,0,0,0
2020-02-15,San Benito,069,59416,0,2,0,2,0
2020-02-15,San Bernardino,071,2135413,9,0,0,0,0
2020-02-15,San Diego,073,3302833,2,2,0,2,0
2020-02-15,San Francisco,075,870044,2,0,0,0,0
2020-02-15,San Joaquin,077,732212,1,0,1,1,0
2020-02-15,San Luis Obispo,079,281455,1,0,0,0,0
2020-02-15,San Mateo,081,765935,4,0,0,0,0
2020-02-15,Santa Barbara,083,443738,0,0,0,0,0
2020-02-15,Santa Clara,085,1922200,10,2,1,3,0
2020-02-15,Santa Cruz,087,273765,0,0,0,0,0
2020-02-15,Shasta,089,179085,0,0,0,0,0
2020-02-15,Sierra,091,2930,0,0,0,0,0
2020-02-15,Siskiyou,093,43540,0,0,0,0,0
2020-02-15,Solano,095,438530,1,0,0,0,0
2020-02-15,Sonoma,097,501317,0,0,0,0,0
2020-02-15,Stanislaus,099,539301,1,0,2,2,0
2020-02-15,Sutter,101,95872,0,0,0,0,0
2020-02-15,Tehama,103,63373,0,0,0,0,0
2020-02-15,Trinity,105,12862,0,0,0,0,0
2020-02-15,Tulare,107,460477,2,0,0,0,0
2020-02-15,Tuolumne,109,53932,0,0,0,0,0
2020-02-15,Ventura,111,848112,2,0,0,0,0
2020-02-15,Yolo,113,214977,0,0,0,0,0
2020-02-15,Yuba,115,75493,0,0,0,0,0
2020-02-14,Alameda,001,1643700,5,0,0,0,0
2020-02-14,Alpine,003,1148,0,0,0,0,0
2020-02-14,Amador,005,37829,0,0,0,0,0
2020-02-14,Butte,007,227075,0,0,0,0,0
2020-02-14,Calaveras,009,45235,0,0,0,0,0
2020-02-14,Colusa,011,21464,0,0,0,0,0
2020-02-14,Contra Costa,013,1133247,3,0,0,0,0
2020-02-14,Del Norte,015,27424,0,0,0,0,0
2020-02-14,El Dorado,017,186661,0,0,0,0,0
2020-02-14,Fresno,019,978130,0,0,0,0,0
2020-02-14,Glenn,021,27897,0,0,0,0,0
2020-02-14,Humboldt,023,135768,1,0,0,0,0
2020-02-14,Imperial,025,180216,0,0,0,0,0
2020-02-14,Inyo,027,18085,0,0,0,0,0
2020-02-14,Kern,029,883053,2,0,0,0,0
2020-02-14,Kings,031,150075,1,0,0,0,0
2020-02-14,Lake,033,64148,0,0,0,0,0
2020-02-14,Lassen,035,31185,0,0,0,0,0
2020-02-14,Los Angeles,037,10098052,34,1,4,5,0
2020-02-14,Madera,039,155013,0,0,0,0,0
2020-02-14,Marin,041,260295,0,0,0,0,0
2020-02-14,Mariposa,043,17540,0,0,0,0,0
2020-02-14,Mendocino,045,87422,0,0,0,0,0
2020-02-14,Merced,047,269075,0,0,0,0,0
2020-02-14,Modoc,049,8938,0,0,0,0,0
2020-02-14,Mono,051,14174,0,0,0,0,0
2020-02-14,Monterey,053,433212,1,0,0,0,0
2020-02-14,Napa,055,140530,0,0,0,0,0
2020-02-14,Nevada,057,99092,0,0,0,0,0
2020-02-14,Orange,059,3164182,36,1,0,1,0
2020-02-14,Placer,061,380077,0,0,0,0,0
2020-02-14,Plumas,063,18699,0,0,0,0,0
2020-02-14,Riverside,065,2383286,4,0,0,0,0
2020-02-14,Sacramento,067,1510023,1,0,0,0,0
2020-02-14,San Benito,069,59416,0,2,0,2,0
2020-02-14,San Bernardino,071,2135413,9,0,0,0,0
2020-02-14,San Diego,073,3302833,1,2,0,2,0
2020-02-14,San Francisco,075,870044,2,0,0,0,0
2020-02-14,San Joaquin,077,732212,1,0,1,1,0
2020-02-14,San Luis Obispo,079,281455,0,0,0,0,0
2020-02-14,San Mateo,081,765935,3,0,0,0,0
2020-02-14,Santa Barbara,083,443738,0,0,0,0,0
2020-02-14,Santa Clara,085,1922200,8,2,1,3,0
2020-02-14,Santa Cruz,087,273765,0,0,0,0,0
2020-02-14,Shasta,089,179085,0,0,0,0,0
2020-02-14,Sierra,091,2930,0,0,0,0,0
2020-02-14,Siskiyou,093,43540,0,0,0,0,0
2020-02-14,Solano,095,438530,1,0,0,0,0
2020-02-14,Sonoma,097,501317,0,0,0,0,0
2020-02-14,Stanislaus,099,539301,1,0,2,2,0
2020-02-14,Sutter,101,95872,0,0,0,0,0
2020-02-14,Tehama,103,63373,0,0,0,0,0
2020-02-14,Trinity,105,12862,0,0,0,0,0
2020-02-14,Tulare,107,460477,2,0,0,0,0
2020-02-14,Tuolumne,109,53932,0,0,0,0,0
2020-02-14,Ventura,111,848112,2,0,0,0,0
2020-02-14,Yolo,113,214977,0,0,0,0,0
2020-02-14,Yuba,115,75493,0,0,0,0,0
2020-02-13,Alameda,001,1643700,5,0,0,0,0
2020-02-13,Alpine,003,1148,0,0,0,0,0
2020-02-13,Amador,005,37829,0,0,0,0,0
2020-02-13,Butte,007,227075,0,0,0,0,0
2020-02-13,Calaveras,009,45235,0,0,0,0,0
2020-02-13,Colusa,011,21464,0,0,0,0,0
2020-02-13,Contra Costa,013,1133247,3,0,0,0,0
2020-02-13,Del Norte,015,27424,0,0,0,0,0
2020-02-13,El Dorado,017,186661,0,0,0,0,0
2020-02-13,Fresno,019,978130,0,0,0,0,0
2020-02-13,Glenn,021,27897,0,0,0,0,0
2020-02-13,Humboldt,023,135768,1,0,0,0,0
2020-02-13,Imperial,025,180216,0,0,0,0,0
2020-02-13,Inyo,027,18085,0,0,0,0,0
2020-02-13,Kern,029,883053,2,0,0,0,0
2020-02-13,Kings,031,150075,1,0,0,0,0
2020-02-13,Lake,033,64148,0,0,0,0,0
2020-02-13,Lassen,035,31185,0,0,0,0,0
2020-02-13,Los Angeles,037,10098052,31,1,3,4,0
2020-02-13,Madera,039,155013,0,0,0,0,0
2020-02-13,Marin,041,260295,0,0,0,0,0
2020-02-13,Mariposa,043,17540,0,0,0,0,0
2020-02-13,Mendocino,045,87422,0,0,0,0,0
2020-02-13,Merced,047,269075,0,0,0,0,0
2020-02-13,Modoc,049,8938,0,0,0,0,0
2020-02-13,Mono,051,14174,0,0,0,0,0
2020-02-13,Monterey,053,433212,1,0,0,0,0
2020-02-13,Napa,055,140530,0,0,0,0,0
2020-02-13,Nevada,057,99092,0,0,0,0,0
2020-02-13,Orange,059,3164182,35,1,0,1,0
2020-02-13,Placer,061,380077,0,0,0,0,0
2020-02-13,Plumas,063,18699,0,0,0,0,0
2020-02-13,Riverside,065,2383286,4,0,0,0,0
2020-02-13,Sacramento,067,1510023,1,0,0,0,0
2020-02-13,San Benito,069,59416,0,2,0,2,0
2020-02-13,San Bernardino,071,2135413,8,0,0,0,0
2020-02-13,San Diego,073,3302833,0,2,0,2,0
2020-02-13,San Francisco,075,870044,2,0,0,0,0
2020-02-13,San Joaquin,077,732212,1,0,1,1,0
2020-02-13,San Luis Obispo,079,281455,0,0,0,0,0
2020-02-13,San Mateo,081,765935,2,0,0,0,0
2020-02-13,Santa Barbara,083,443738,0,0,0,0,0
2020-02-13,Santa Clara,085,1922200,7,2,0,2,0
2020-02-13,Santa Cruz,087,273765,0,0,0,0,0
2020-02-13,Shasta,089,179085,0,0,0,0,0
2020-02-13,Sierra,091,2930,0,0,0,0,0
2020-02-13,Siskiyou,093,43540,0,0,0,0,0
2020-02-13,Solano,095,438530,0,0,0,0,0
2020-02-13,Sonoma,097,501317,0,0,0,0,0
2020-02-13,Stanislaus,099,539301,1,0,1,1,0
2020-02-13,Sutter,101,95872,0,0,0,0,0
2020-02-13,Tehama,103,63373,0,0,0,0,0
2020-02-13,Trinity,105,12862,0,0,0,0,0
2020-02-13,Tulare,107,460477,2,0,0,0,0
2020-02-13,Tuolumne,109,53932,0,0,0,0,0
2020-02-13,Ventura,111,848112,2,0,0,0,0
2020-02-13,Yolo,113,214977,0,0,0,0,0
2020-02-13,Yuba,115,75493,0,0,0,0,0
2020-02-12,Alameda,001,1643700,5,0,0,0,0
2020-02-12,Alpine,003,1148,0,0,0,0,0
2020-02-12,Amador,005,37829,0,0,0,0,0
2020-02-12,Butte,007,227075,0,0,0,0,0
2020-02-12,Calaveras,009,45235,0,0,0,0,0
2020-02-12,Colusa,011,21464,0,0,0,0,0
2020-02-12,Contra Costa,013,1133247,3,0,0,0,0
2020-02-12,Del Norte,015,27424,0,0,0,0,0
2020-02-12,El Dorado,017,186661,0,0,0,0,0
2020-02-12,Fresno,019,978130,0,0,0,0,0
2020-02-12,Glenn,021,27897,0,0,0,0,0
2020-02-12,Humboldt,023,135768,1,0,0,0,0
2020-02-12,Imperial,025,180216,0,0,0,0,0
2020-02-12,Inyo,027,18085,0,0,0,0,0
2020-02-12,Kern,029,883053,2,0,0,0,0
2020-02-12,Kings,031,150075,1,0,0,0,0
2020-02-12,Lake,033,64148,0,0,0,0,0
2020-02-12,Lassen,035,31185,0,0,0,0,0
2020-02-12,Los Angeles,037,10098052,30,1,3,4,0
2020-02-12,Madera,039,155013,0,0,0,0,0
2020-02-12,Marin,041,260295,0,0,0,0,0
2020-02-12,Mariposa,043,17540,0,0,0,0,0
2020-02-12,Mendocino,045,87422,0,0,0,0,0
2020-02-12,Merced,047,269075,0,0,0,0,0
2020-02-12,Modoc,049,8938,0,0,0,0,0
2020-02-12,Mono,051,14174,0,0,0,0,0
2020-02-12,Monterey,053,433212,1,0,0,0,0
2020-02-12,Napa,055,140530,0,0,0,0,0
2020-02-12,Nevada,057,99092,0,0,0,0,0
2020-02-12,Orange,059,3164182,35,1,0,1,0
2020-02-12,Placer,061,380077,0,0,0,0,0
2020-02-12,Plumas,063,18699,0,0,0,0,0
2020-02-12,Riverside,065,2383286,4,0,0,0,0
2020-02-12,Sacramento,067,1510023,1,0,0,0,0
2020-02-12,San Benito,069,59416,0,2,0,2,0
2020-02-12,San Bernardino,071,2135413,8,0,0,0,0
2020-02-12,San Diego,073,3302833,0,2,0,2,0
2020-02-12,San Francisco,075,870044,2,0,0,0,0
2020-02-12,San Joaquin,077,732212,1,0,1,1,0
2020-02-12,San Luis Obispo,079,281455,0,0,0,0,0
2020-02-12,San Mateo,081,765935,2,0,0,0,0
2020-02-12,Santa Barbara,083,443738,0,0,0,0,0
2020-02-12,Santa Clara,085,1922200,6,2,0,2,0
2020-02-12,Santa Cruz,087,273765,0,0,0,0,0
2020-02-12,Shasta,089,179085,0,0,0,0,0
2020-02-12,Sierra,091,2930,0,0,0,0,0
2020-02-12,Siskiyou,093,43540,0,0,0,0,0
2020-02-12,Solano,095,438530,0,0,0,0,0
2020-02-12,Sonoma,097,501317,0,0,0,0,0
2020-02-12,Stanislaus,099,539301,1,0,1,1,0
2020-02-12,Sutter,101,95872,0,0,0,0,0
2020-02-12,Tehama,103,63373,0,0,0,0,0
2020-02-12,Trinity,105,12862,0,0,0,0,0
2020-02-12,Tulare,107,460477,2,0,0,0,0
2020-02-12,Tuolumne,109,53932,0,0,0,0,0
2020-02-12,Ventura,111,848112,2,0,0,0,0
2020-02-12,Yolo,113,214977,0,0,0,0,0
2020-02-12,Yuba,115,75493,0,0,0,0,0
2020-02-11,Alameda,001,1643700,5,0,0,0,0
2020-02-11,Alpine,003,1148,0,0,0,0,0
2020-02-11,Amador,005,37829,0,0,0,0,0
2020-02-11,Butte,007,227075,0,0,0,0,0
2020-02-11,Calaveras,009,45235,0,0,0,0,0
2020-02-11,Colusa,011,21464,0,0,0,0,0
2020-02-11,Contra Costa,013,1133247,3,0,0,0,0
2020-02-11,Del Norte,015,27424,0,0,0,0,0
2020-02-11,El Dorado,017,186661,0,0,0,0,0
2020-02-11,Fresno,019,978130,0,0,0,0,0
2020-02-11,Glenn,021,27897,0,0,0,0,0
2020-02-11,Humboldt,023,135768,1,0,0,0,0
2020-02-11,Imperial,025,180216,0,0,0,0,0
2020-02-11,Inyo,027,18085,0,0,0,0,0
2020-02-11,Kern,029,883053,2,0,0,0,0
2020-02-11,Kings,031,150075,1,0,0,0,0
2020-02-11,Lake,033,64148,0,0,0,0,0
2020-02-11,Lassen,035,31185,0,0,0,0,0
2020-02-11,Los Angeles,037,10098052,30,1,3,4,0
2020-02-11,Madera,039,155013,0,0,0,0,0
2020-02-11,Marin,041,260295,0,0,0,0,0
2020-02-11,Mariposa,043,17540,0,0,0,0,0
2020-02-11,Mendocino,045,87422,0,0,0,0,0
2020-02-11,Merced,047,269075,0,0,0,0,0
2020-02-11,Modoc,049,8938,0,0,0,0,0
2020-02-11,Mono,051,14174,0,0,0,0,0
2020-02-11,Monterey,053,433212,1,0,0,0,0
2020-02-11,Napa,055,140530,0,0,0,0,0
2020-02-11,Nevada,057,99092,0,0,0,0,0
2020-02-11,Orange,059,3164182,34,1,0,1,0
2020-02-11,Placer,061,380077,0,0,0,0,0
2020-02-11,Plumas,063,18699,0,0,0,0,0
2020-02-11,Riverside,065,2383286,4,0,0,0,0
2020-02-11,Sacramento,067,1510023,1,0,0,0,0
2020-02-11,San Benito,069,59416,0,2,0,2,0
2020-02-11,San Bernardino,071,2135413,8,0,0,0,0
2020-02-11,San Diego,073,3302833,0,1,0,1,0
2020-02-11,San Francisco,075,870044,2,0,0,0,0
2020-02-11,San Joaquin,077,732212,0,0,1,1,0
2020-02-11,San Luis Obispo,079,281455,0,0,0,0,0
2020-02-11,San Mateo,081,765935,2,0,0,0,0
2020-02-11,Santa Barbara,083,443738,0,0,0,0,0
2020-02-11,Santa Clara,085,1922200,5,2,0,2,0
2020-02-11,Santa Cruz,087,273765,0,0,0,0,0
2020-02-11,Shasta,089,179085,0,0,0,0,0
2020-02-11,Sierra,091,2930,0,0,0,0,0
2020-02-11,Siskiyou,093,43540,0,0,0,0,0
2020-02-11,Solano,095,438530,0,0,0,0,0
2020-02-11,Sonoma,097,501317,0,0,0,0,0
2020-02-11,Stanislaus,099,539301,1,0,1,1,0
2020-02-11,Sutter,101,95872,0,0,0,0,0
2020-02-11,Tehama,103,63373,0,0,0,0,0
2020-02-11,Trinity,105,12862,0,0,0,0,0
2020-02-11,Tulare,107,460477,2,0,0,0,0
2020-02-11,Tuolumne,109,53932,0,0,0,0,0
2020-02-11,Ventura,111,848112,2,0,0,0,0
2020-02-11,Yolo,113,214977,0,0,0,0,0
2020-02-11,Yuba,115,75493,0,0,0,0,0
2020-02-10,Alameda,001,1643700,5,0,0,0,0
2020-02-10,Alpine,003,1148,0,0,0,0,0
2020-02-10,Amador,005,37829,0,0,0,0,0
2020-02-10,Butte,007,227075,0,0,0,0,0
2020-02-10,Calaveras,009,45235,0,0,0,0,0
2020-02-10,Colusa,011,21464,0,0,0,0,0
2020-02-10,Contra Costa,013,1133247,3,0,0,0,0
2020-02-10,Del Norte,015,27424,0,0,0,0,0
2020-02-10,El Dorado,017,186661,0,0,0,0,0
2020-02-10,Fresno,019,978130,0,0,0,0,0
2020-02-10,Glenn,021,27897,0,0,0,0,0
2020-02-10,Humboldt,023,135768,0,0,0,0,0
2020-02-10,Imperial,025,180216,0,0,0,0,0
2020-02-10,Inyo,027,18085,0,0,0,0,0
2020-02-10,Kern,029,883053,2,0,0,0,0
2020-02-10,Kings,031,150075,1,0,0,0,0
2020-02-10,Lake,033,64148,0,0,0,0,0
2020-02-10,Lassen,035,31185,0,0,0,0,0
2020-02-10,Los Angeles,037,10098052,28,1,3,4,0
2020-02-10,Madera,039,155013,0,0,0,0,0
2020-02-10,Marin,041,260295,0,0,0,0,0
2020-02-10,Mariposa,043,17540,0,0,0,0,0
2020-02-10,Mendocino,045,87422,0,0,0,0,0
2020-02-10,Merced,047,269075,0,0,0,0,0
2020-02-10,Modoc,049,8938,0,0,0,0,0
2020-02-10,Mono,051,14174,0,0,0,0,0
2020-02-10,Monterey,053,433212,1,0,0,0,0
2020-02-10,Napa,055,140530,0,0,0,0,0
2020-02-10,Nevada,057,99092,0,0,0,0,0
2020-02-10,Orange,059,3164182,34,1,0,1,0
2020-02-10,Placer,061,380077,0,0,0,0,0
2020-02-10,Plumas,063,18699,0,0,0,0,0
2020-02-10,Riverside,065,2383286,4,0,0,0,0
2020-02-10,Sacramento,067,1510023,1,0,0,0,0
2020-02-10,San Benito,069,59416,0,2,0,2,0
2020-02-10,San Bernardino,071,2135413,7,0,0,0,0
2020-02-10,San Diego,073,3302833,0,0,0,0,0
2020-02-10,San Francisco,075,870044,2,0,0,0,0
2020-02-10,San Joaquin,077,732212,0,0,1,1,0
2020-02-10,San Luis Obispo,079,281455,0,0,0,0,0
2020-02-10,San Mateo,081,765935,2,0,0,0,0
2020-02-10,Santa Barbara,083,443738,0,0,0,0,0
2020-02-10,Santa Clara,085,1922200,5,2,0,2,0
2020-02-10,Santa Cruz,087,273765,0,0,0,0,0
2020-02-10,Shasta,089,179085,0,0,0,0,0
2020-02-10,Sierra,091,2930,0,0,0,0,0
2020-02-10,Siskiyou,093,43540,0,0,0,0,0
2020-02-10,Solano,095,438530,0,0,0,0,0
2020-02-10,Sonoma,097,501317,0,0,0,0,0
2020-02-10,Stanislaus,099,539301,1,0,0,0,0
2020-02-10,Sutter,101,95872,0,0,0,0,0
2020-02-10,Tehama,103,63373,0,0,0,0,0
2020-02-10,Trinity,105,12862,0,0,0,0,0
2020-02-10,Tulare,107,460477,2,0,0,0,0
2020-02-10,Tuolumne,109,53932,0,0,0,0,0
2020-02-10,Ventura,111,848112,2,0,0,0,0
2020-02-10,Yolo,113,214977,0,0,0,0,0
2020-02-10,Yuba,115,75493,0,0,0,0,0
2020-02-09,Alameda,001,1643700,5,0,0,0,0
2020-02-09,Alpine,003,1148,0,0,0,0,0
2020-02-09,Amador,005,37829,0,0,0,0,0
2020-02-09,Butte,007,227075,0,0,0,0,0
2020-02-09,Calaveras,009,45235,0,0,0,0,0
2020-02-09,Colusa,011,21464,0,0,0,0,0
2020-02-09,Contra Costa,013,1133247,3,0,0,0,0
2020-02-09,Del Norte,015,27424,0,0,0,0,0
2020-02-09,El Dorado,017,186661,0,0,0,0,0
2020-02-09,Fresno,019,978130,0,0,0,0,0
2020-02-09,Glenn,021,27897,0,0,0,0,0
2020-02-09,Humboldt,023,135768,0,0,0,0,0
2020-02-09,Imperial,025,180216,0,0,0,0,0
2020-02-09,Inyo,027,18085,0,0,0,0,0
2020-02-09,Kern,029,883053,2,0,0,0,0
2020-02-09,Kings,031,150075,1,0,0,0,0
2020-02-09,Lake,033,64148,0,0,0,0,0
2020-02-09,Lassen,035,31185,0,0,0,0,0
2020-02-09,Los Angeles,037,10098052,27,1,3,4,0
2020-02-09,Madera,039,155013,0,0,0,0,0
2020-02-09,Marin,041,260295,0,0,0,0,0
2020-02-09,Mariposa,043,17540,0,0,0,0,0
2020-02-09,Mendocino,045,87422,0,0,0,0,0
2020-02-09,Merced,047,269075,0,0,0,0,0
2020-02-09,Modoc,049,8938,0,0,0,0,0
2020-02-09,Mono,051,14174,0,0,0,0,0
2020-02-09,Monterey,053,433212,1,0,0,0,0
2020-02-09,Napa,055,140530,0,0,0,0,0
2020-02-09,Nevada,057,99092,0,0,0,0,0
2020-02-09,Orange,059,3164182,34,1,0,1,0
2020-02-09,Placer,061,380077,0,0,0,0,0
2020-02-09,Plumas,063,18699,0,0,0,0,0
2020-02-09,Riverside,065,2383286,4,0,0,0,0
2020-02-09,Sacramento,067,1510023,0,0,0,0,0
2020-02-09,San Benito,069,59416,0,2,0,2,0
2020-02-09,San Bernardino,071,2135413,7,0,0,0,0
2020-02-09,San Diego,073,3302833,0,0,0,0,0
2020-02-09,San Francisco,075,870044,1,0,0,0,0
2020-02-09,San Joaquin,077,732212,0,0,1,1,0
2020-02-09,San Luis Obispo,079,281455,0,0,0,0,0
2020-02-09,San Mateo,081,765935,2,0,0,0,0
2020-02-09,Santa Barbara,083,443738,0,0,0,0,0
2020-02-09,Santa Clara,085,1922200,4,2,0,2,0
2020-02-09,Santa Cruz,087,273765,0,0,0,0,0
2020-02-09,Shasta,089,179085,0,0,0,0,0
2020-02-09,Sierra,091,2930,0,0,0,0,0
2020-02-09,Siskiyou,093,43540,0,0,0,0,0
2020-02-09,Solano,095,438530,0,0,0,0,0
2020-02-09,Sonoma,097,501317,0,0,0,0,0
2020-02-09,Stanislaus,099,539301,0,0,0,0,0
2020-02-09,Sutter,101,95872,0,0,0,0,0
2020-02-09,Tehama,103,63373,0,0,0,0,0
2020-02-09,Trinity,105,12862,0,0,0,0,0
2020-02-09,Tulare,107,460477,2,0,0,0,0
2020-02-09,Tuolumne,109,53932,0,0,0,0,0
2020-02-09,Ventura,111,848112,1,0,0,0,0
2020-02-09,Yolo,113,214977,0,0,0,0,0
2020-02-09,Yuba,115,75493,0,0,0,0,0
2020-02-08,Alameda,001,1643700,4,0,0,0,0
2020-02-08,Alpine,003,1148,0,0,0,0,0
2020-02-08,Amador,005,37829,0,0,0,0,0
2020-02-08,Butte,007,227075,0,0,0,0,0
2020-02-08,Calaveras,009,45235,0,0,0,0,0
2020-02-08,Colusa,011,21464,0,0,0,0,0
2020-02-08,Contra Costa,013,1133247,2,0,0,0,0
2020-02-08,Del Norte,015,27424,0,0,0,0,0
2020-02-08,El Dorado,017,186661,0,0,0,0,0
2020-02-08,Fresno,019,978130,0,0,0,0,0
2020-02-08,Glenn,021,27897,0,0,0,0,0
2020-02-08,Humboldt,023,135768,0,0,0,0,0
2020-02-08,Imperial,025,180216,0,0,0,0,0
2020-02-08,Inyo,027,18085,0,0,0,0,0
2020-02-08,Kern,029,883053,2,0,0,0,0
2020-02-08,Kings,031,150075,1,0,0,0,0
2020-02-08,Lake,033,64148,0,0,0,0,0
2020-02-08,Lassen,035,31185,0,0,0,0,0
2020-02-08,Los Angeles,037,10098052,24,1,1,2,0
2020-02-08,Madera,039,155013,0,0,0,0,0
2020-02-08,Marin,041,260295,0,0,0,0,0
2020-02-08,Mariposa,043,17540,0,0,0,0,0
2020-02-08,Mendocino,045,87422,0,0,0,0,0
2020-02-08,Merced,047,269075,0,0,0,0,0
2020-02-08,Modoc,049,8938,0,0,0,0,0
2020-02-08,Mono,051,14174,0,0,0,0,0
2020-02-08,Monterey,053,433212,1,0,0,0,0
2020-02-08,Napa,055,140530,0,0,0,0,0
2020-02-08,Nevada,057,99092,0,0,0,0,0
2020-02-08,Orange,059,3164182,34,1,0,1,0
2020-02-08,Placer,061,380077,0,0,0,0,0
2020-02-08,Plumas,063,18699,0,0,0,0,0
2020-02-08,Riverside,065,2383286,4,0,0,0,0
2020-02-08,Sacramento,067,1510023,0,0,0,0,0
2020-02-08,San Benito,069,59416,0,2,0,2,0
2020-02-08,San Bernardino,071,2135413,7,0,0,0,0
2020-02-08,San Diego,073,3302833,0,0,0,0,0
2020-02-08,San Francisco,075,870044,1,0,0,0,0
2020-02-08,San Joaquin,077,732212,0,0,1,1,0
2020-02-08,San Luis Obispo,079,281455,0,0,0,0,0
2020-02-08,San Mateo,081,765935,2,0,0,0,0
2020-02-08,Santa Barbara,083,443738,0,0,0,0,0
2020-02-08,Santa Clara,085,1922200,4,2,0,2,0
2020-02-08,Santa Cruz,087,273765,0,0,0,0,0
2020-02-08,Shasta,089,179085,0,0,0,0,0
2020-02-08,Sierra,091,2930,0,0,0,0,0
2020-02-08,Siskiyou,093,43540,0,0,0,0,0
2020-02-08,Solano,095,438530,0,0,0,0,0
2020-02-08,Sonoma,097,501317,0,0,0,0,0
2020-02-08,Stanislaus,099,539301,0,0,0,0,0
2020-02-08,Sutter,101,95872,0,0,0,0,0
2020-02-08,Tehama,103,63373,0,0,0,0,0
2020-02-08,Trinity,105,12862,0,0,0,0,0
2020-02-08,Tulare,107,460477,2,0,0,0,0
2020-02-08,Tuolumne,109,53932,0,0,0,0,0
2020-02-08,Ventura,111,848112,1,0,0,0,0
2020-02-08,Yolo,113,214977,0,0,0,0,0
2020-02-08,Yuba,115,75493,0,0,0,0,0
2020-02-07,Alameda,001,1643700,4,0,0,0,0
2020-02-07,Alpine,003,1148,0,0,0,0,0
2020-02-07,Amador,005,37829,0,0,0,0,0
2020-02-07,Butte,007,227075,0,0,0,0,0
2020-02-07,Calaveras,009,45235,0,0,0,0,0
2020-02-07,Colusa,011,21464,0,0,0,0,0
2020-02-07,Contra Costa,013,1133247,2,0,0,0,0
2020-02-07,Del Norte,015,27424,0,0,0,0,0
2020-02-07,El Dorado,017,186661,0,0,0,0,0
2020-02-07,Fresno,019,978130,0,0,0,0,0
2020-02-07,Glenn,021,27897,0,0,0,0,0
2020-02-07,Humboldt,023,135768,0,0,0,0,0
2020-02-07,Imperial,025,180216,0,0,0,0,0
2020-02-07,Inyo,027,18085,0,0,0,0,0
2020-02-07,Kern,029,883053,2,0,0,0,0
2020-02-07,Kings,031,150075,1,0,0,0,0
2020-02-07,Lake,033,64148,0,0,0,0,0
2020-02-07,Lassen,035,31185,0,0,0,0,0
2020-02-07,Los Angeles,037,10098052,23,1,0,1,0
2020-02-07,Madera,039,155013,0,0,0,0,0
2020-02-07,Marin,041,260295,0,0,0,0,0
2020-02-07,Mariposa,043,17540,0,0,0,0,0
2020-02-07,Mendocino,045,87422,0,0,0,0,0
2020-02-07,Merced,047,269075,0,0,0,0,0
2020-02-07,Modoc,049,8938,0,0,0,0,0
2020-02-07,Mono,051,14174,0,0,0,0,0
2020-02-07,Monterey,053,433212,1,0,0,0,0
2020-02-07,Napa,055,140530,0,0,0,0,0
2020-02-07,Nevada,057,99092,0,0,0,0,0
2020-02-07,Orange,059,3164182,32,1,0,1,0
2020-02-07,Placer,061,380077,0,0,0,0,0
2020-02-07,Plumas,063,18699,0,0,0,0,0
2020-02-07,Riverside,065,2383286,4,0,0,0,0
2020-02-07,Sacramento,067,1510023,0,0,0,0,0
2020-02-07,San Benito,069,59416,0,2,0,2,0
2020-02-07,San Bernardino,071,2135413,4,0,0,0,0
2020-02-07,San Diego,073,3302833,0,0,0,0,0
2020-02-07,San Francisco,075,870044,1,0,0,0,0
2020-02-07,San Joaquin,077,732212,0,0,1,1,0
2020-02-07,San Luis Obispo,079,281455,0,0,0,0,0
2020-02-07,San Mateo,081,765935,1,0,0,0,0
2020-02-07,Santa Barbara,083,443738,0,0,0,0,0
2020-02-07,Santa Clara,085,1922200,4,2,0,2,0
2020-02-07,Santa Cruz,087,273765,0,0,0,0,0
2020-02-07,Shasta,089,179085,0,0,0,0,0
2020-02-07,Sierra,091,2930,0,0,0,0,0
2020-02-07,Siskiyou,093,43540,0,0,0,0,0
2020-02-07,Solano,095,438530,0,0,0,0,0
2020-02-07,Sonoma,097,501317,0,0,0,0,0
2020-02-07,Stanislaus,099,539301,0,0,0,0,0
2020-02-07,Sutter,101,95872,0,0,0,0,0
2020-02-07,Tehama,103,63373,0,0,0,0,0
2020-02-07,Trinity,105,12862,0,0,0,0,0
2020-02-07,Tulare,107,460477,2,0,0,0,0
2020-02-07,Tuolumne,109,53932,0,0,0,0,0
2020-02-07,Ventura,111,848112,1,0,0,0,0
2020-02-07,Yolo,113,214977,0,0,0,0,0
2020-02-07,Yuba,115,75493,0,0,0,0,0
2020-02-06,Alameda,001,1643700,4,0,0,0,0
2020-02-06,Alpine,003,1148,0,0,0,0,0
2020-02-06,Amador,005,37829,0,0,0,0,0
2020-02-06,Butte,007,227075,0,0,0,0,0
2020-02-06,Calaveras,009,45235,0,0,0,0,0
2020-02-06,Colusa,011,21464,0,0,0,0,0
2020-02-06,Contra Costa,013,1133247,2,0,0,0,0
2020-02-06,Del Norte,015,27424,0,0,0,0,0
2020-02-06,El Dorado,017,186661,0,0,0,0,0
2020-02-06,Fresno,019,978130,0,0,0,0,0
2020-02-06,Glenn,021,27897,0,0,0,0,0
2020-02-06,Humboldt,023,135768,0,0,0,0,0
2020-02-06,Imperial,025,180216,0,0,0,0,0
2020-02-06,Inyo,027,18085,0,0,0,0,0
2020-02-06,Kern,029,883053,2,0,0,0,0
2020-02-06,Kings,031,150075,0,0,0,0,0
2020-02-06,Lake,033,64148,0,0,0,0,0
2020-02-06,Lassen,035,31185,0,0,0,0,0
2020-02-06,Los Angeles,037,10098052,22,1,0,1,0
2020-02-06,Madera,039,155013,0,0,0,0,0
2020-02-06,Marin,041,260295,0,0,0,0,0
2020-02-06,Mariposa,043,17540,0,0,0,0,0
2020-02-06,Mendocino,045,87422,0,0,0,0,0
2020-02-06,Merced,047,269075,0,0,0,0,0
2020-02-06,Modoc,049,8938,0,0,0,0,0
2020-02-06,Mono,051,14174,0,0,0,0,0
2020-02-06,Monterey,053,433212,1,0,0,0,0
2020-02-06,Napa,055,140530,0,0,0,0,0
2020-02-06,Nevada,057,99092,0,0,0,0,0
2020-02-06,Orange,059,3164182,2,1,0,1,0
2020-02-06,Placer,061,380077,0,0,0,0,0
2020-02-06,Plumas,063,18699,0,0,0,0,0
2020-02-06,Riverside,065,2383286,4,0,0,0,0
2020-02-06,Sacramento,067,1510023,0,0,0,0,0
2020-02-06,San Benito,069,59416,0,2,0,2,0
2020-02-06,San Bernardino,071,2135413,4,0,0,0,0
2020-02-06,San Diego,073,3302833,0,0,0,0,0
2020-02-06,San Francisco,075,870044,1,0,0,0,0
2020-02-06,San Joaquin,077,732212,0,0,1,1,0
2020-02-06,San Luis Obispo,079,281455,0,0,0,0,0
2020-02-06,San Mateo,081,765935,1,0,0,0,0
2020-02-06,Santa Barbara,083,443738,0,0,0,0,0
2020-02-06,Santa Clara,085,1922200,4,2,0,2,0
2020-02-06,Santa Cruz,087,273765,0,0,0,0,0
2020-02-06,Shasta,089,179085,0,0,0,0,0
2020-02-06,Sierra,091,2930,0,0,0,0,0
2020-02-06,Siskiyou,093,43540,0,0,0,0,0
2020-02-06,Solano,095,438530,0,0,0,0,0
2020-02-06,Sonoma,097,501317,0,0,0,0,0
2020-02-06,Stanislaus,099,539301,0,0,0,0,0
2020-02-06,Sutter,101,95872,0,0,0,0,0
2020-02-06,Tehama,103,63373,0,0,0,0,0
2020-02-06,Trinity,105,12862,0,0,0,0,0
2020-02-06,Tulare,107,460477,2,0,0,0,0
2020-02-06,Tuolumne,109,53932,0,0,0,0,0
2020-02-06,Ventura,111,848112,1,0,0,0,0
2020-02-06,Yolo,113,214977,0,0,0,0,0
2020-02-06,Yuba,115,75493,0,0,0,0,0
2020-02-05,Alameda,001,1643700,3,0,0,0,0
2020-02-05,Alpine,003,1148,0,0,0,0,0
2020-02-05,Amador,005,37829,0,0,0,0,0
2020-02-05,Butte,007,227075,0,0,0,0,0
2020-02-05,Calaveras,009,45235,0,0,0,0,0
2020-02-05,Colusa,011,21464,0,0,0,0,0
2020-02-05,Contra Costa,013,1133247,2,0,0,0,0
2020-02-05,Del Norte,015,27424,0,0,0,0,0
2020-02-05,El Dorado,017,186661,0,0,0,0,0
2020-02-05,Fresno,019,978130,0,0,0,0,0
2020-02-05,Glenn,021,27897,0,0,0,0,0
2020-02-05,Humboldt,023,135768,0,0,0,0,0
2020-02-05,Imperial,025,180216,0,0,0,0,0
2020-02-05,Inyo,027,18085,0,0,0,0,0
2020-02-05,Kern,029,883053,1,0,0,0,0
2020-02-05,Kings,031,150075,0,0,0,0,0
2020-02-05,Lake,033,64148,0,0,0,0,0
2020-02-05,Lassen,035,31185,0,0,0,0,0
2020-02-05,Los Angeles,037,10098052,22,1,0,1,0
2020-02-05,Madera,039,155013,0,0,0,0,0
2020-02-05,Marin,041,260295,0,0,0,0,0
2020-02-05,Mariposa,043,17540,0,0,0,0,0
2020-02-05,Mendocino,045,87422,0,0,0,0,0
2020-02-05,Merced,047,269075,0,0,0,0,0
2020-02-05,Modoc,049,8938,0,0,0,0,0
2020-02-05,Mono,051,14174,0,0,0,0,0
2020-02-05,Monterey,053,433212,1,0,0,0,0
2020-02-05,Napa,055,140530,0,0,0,0,0
2020-02-05,Nevada,057,99092,0,0,0,0,0
2020-02-05,Orange,059,3164182,1,1,0,1,0
2020-02-05,Placer,061,380077,0,0,0,0,0
2020-02-05,Plumas,063,18699,0,0,0,0,0
2020-02-05,Riverside,065,2383286,4,0,0,0,0
2020-02-05,Sacramento,067,1510023,0,0,0,0,0
2020-02-05,San Benito,069,59416,0,2,0,2,0
2020-02-05,San Bernardino,071,2135413,4,0,0,0,0
2020-02-05,San Diego,073,3302833,0,0,0,0,0
2020-02-05,San Francisco,075,870044,1,0,0,0,0
2020-02-05,San Joaquin,077,732212,0,0,1,1,0
2020-02-05,San Luis Obispo,079,281455,0,0,0,0,0
2020-02-05,San Mateo,081,765935,1,0,0,0,0
2020-02-05,Santa Barbara,083,443738,0,0,0,0,0
2020-02-05,Santa Clara,085,1922200,2,2,0,2,0
2020-02-05,Santa Cruz,087,273765,0,0,0,0,0
2020-02-05,Shasta,089,179085,0,0,0,0,0
2020-02-05,Sierra,091,2930,0,0,0,0,0
2020-02-05,Siskiyou,093,43540,0,0,0,0,0
2020-02-05,Solano,095,438530,0,0,0,0,0
2020-02-05,Sonoma,097,501317,0,0,0,0,0
2020-02-05,Stanislaus,099,539301,0,0,0,0,0
2020-02-05,Sutter,101,95872,0,0,0,0,0
2020-02-05,Tehama,103,63373,0,0,0,0,0
2020-02-05,Trinity,105,12862,0,0,0,0,0
2020-02-05,Tulare,107,460477,2,0,0,0,0
2020-02-05,Tuolumne,109,53932,0,0,0,0,0
2020-02-05,Ventura,111,848112,0,0,0,0,0
2020-02-05,Yolo,113,214977,0,0,0,0,0
2020-02-05,Yuba,115,75493,0,0,0,0,0
2020-02-04,Alameda,001,1643700,3,0,0,0,0
2020-02-04,Alpine,003,1148,0,0,0,0,0
2020-02-04,Amador,005,37829,0,0,0,0,0
2020-02-04,Butte,007,227075,0,0,0,0,0
2020-02-04,Calaveras,009,45235,0,0,0,0,0
2020-02-04,Colusa,011,21464,0,0,0,0,0
2020-02-04,Contra Costa,013,1133247,2,0,0,0,0
2020-02-04,Del Norte,015,27424,0,0,0,0,0
2020-02-04,El Dorado,017,186661,0,0,0,0,0
2020-02-04,Fresno,019,978130,0,0,0,0,0
2020-02-04,Glenn,021,27897,0,0,0,0,0
2020-02-04,Humboldt,023,135768,0,0,0,0,0
2020-02-04,Imperial,025,180216,0,0,0,0,0
2020-02-04,Inyo,027,18085,0,0,0,0,0
2020-02-04,Kern,029,883053,0,0,0,0,0
2020-02-04,Kings,031,150075,0,0,0,0,0
2020-02-04,Lake,033,64148,0,0,0,0,0
2020-02-04,Lassen,035,31185,0,0,0,0,0
2020-02-04,Los Angeles,037,10098052,22,1,0,1,0
2020-02-04,Madera,039,155013,0,0,0,0,0
2020-02-04,Marin,041,260295,0,0,0,0,0
2020-02-04,Mariposa,043,17540,0,0,0,0,0
2020-02-04,Mendocino,045,87422,0,0,0,0,0
2020-02-04,Merced,047,269075,0,0,0,0,0
2020-02-04,Modoc,049,8938,0,0,0,0,0
2020-02-04,Mono,051,14174,0,0,0,0,0
2020-02-04,Monterey,053,433212,1,0,0,0,0
2020-02-04,Napa,055,140530,0,0,0,0,0
2020-02-04,Nevada,057,99092,0,0,0,0,0
2020-02-04,Orange,059,3164182,1,1,0,1,0
2020-02-04,Placer,061,380077,0,0,0,0,0
2020-02-04,Plumas,063,18699,0,0,0,0,0
2020-02-04,Riverside,065,2383286,4,0,0,0,0
2020-02-04,Sacramento,067,1510023,0,0,0,0,0
2020-02-04,San Benito,069,59416,0,2,0,2,0
2020-02-04,San Bernardino,071,2135413,3,0,0,0,0
2020-02-04,San Diego,073,3302833,0,0,0,0,0
2020-02-04,San Francisco,075,870044,1,0,0,0,0
2020-02-04,San Joaquin,077,732212,0,0,1,1,0
2020-02-04,San Luis Obispo,079,281455,0,0,0,0,0
2020-02-04,San Mateo,081,765935,0,0,0,0,0
2020-02-04,Santa Barbara,083,443738,0,0,0,0,0
2020-02-04,Santa Clara,085,1922200,2,2,0,2,0
2020-02-04,Santa Cruz,087,273765,0,0,0,0,0
2020-02-04,Shasta,089,179085,0,0,0,0,0
2020-02-04,Sierra,091,2930,0,0,0,0,0
2020-02-04,Siskiyou,093,43540,0,0,0,0,0
2020-02-04,Solano,095,438530,0,0,0,0,0
2020-02-04,Sonoma,097,501317,0,0,0,0,0
2020-02-04,Stanislaus,099,539301,0,0,0,0,0
2020-02-04,Sutter,101,95872,0,0,0,0,0
2020-02-04,Tehama,103,63373,0,0,0,0,0
2020-02-04,Trinity,105,12862,0,0,0,0,0
2020-02-04,Tulare,107,460477,2,0,0,0,0
2020-02-04,Tuolumne,109,53932,0,0,0,0,0
2020-02-04,Ventura,111,848112,0,0,0,0,0
2020-02-04,Yolo,113,214977,0,0,0,0,0
2020-02-04,Yuba,115,75493,0,0,0,0,0
2020-02-03,Alameda,001,1643700,3,0,0,0,0
2020-02-03,Alpine,003,1148,0,0,0,0,0
2020-02-03,Amador,005,37829,0,0,0,0,0
2020-02-03,Butte,007,227075,0,0,0,0,0
2020-02-03,Calaveras,009,45235,0,0,0,0,0
2020-02-03,Colusa,011,21464,0,0,0,0,0
2020-02-03,Contra Costa,013,1133247,2,0,0,0,0
2020-02-03,Del Norte,015,27424,0,0,0,0,0
2020-02-03,El Dorado,017,186661,0,0,0,0,0
2020-02-03,Fresno,019,978130,0,0,0,0,0
2020-02-03,Glenn,021,27897,0,0,0,0,0
2020-02-03,Humboldt,023,135768,0,0,0,0,0
2020-02-03,Imperial,025,180216,0,0,0,0,0
2020-02-03,Inyo,027,18085,0,0,0,0,0
2020-02-03,Kern,029,883053,0,0,0,0,0
2020-02-03,Kings,031,150075,0,0,0,0,0
2020-02-03,Lake,033,64148,0,0,0,0,0
2020-02-03,Lassen,035,31185,0,0,0,0,0
2020-02-03,Los Angeles,037,10098052,21,1,0,1,0
2020-02-03,Madera,039,155013,0,0,0,0,0
2020-02-03,Marin,041,260295,0,0,0,0,0
2020-02-03,Mariposa,043,17540,0,0,0,0,0
2020-02-03,Mendocino,045,87422,0,0,0,0,0
2020-02-03,Merced,047,269075,0,0,0,0,0
2020-02-03,Modoc,049,8938,0,0,0,0,0
2020-02-03,Mono,051,14174,0,0,0,0,0
2020-02-03,Monterey,053,433212,1,0,0,0,0
2020-02-03,Napa,055,140530,0,0,0,0,0
2020-02-03,Nevada,057,99092,0,0,0,0,0
2020-02-03,Orange,059,3164182,1,1,0,1,0
2020-02-03,Placer,061,380077,0,0,0,0,0
2020-02-03,Plumas,063,18699,0,0,0,0,0
2020-02-03,Riverside,065,2383286,4,0,0,0,0
2020-02-03,Sacramento,067,1510023,0,0,0,0,0
2020-02-03,San Benito,069,59416,0,2,0,2,0
2020-02-03,San Bernardino,071,2135413,3,0,0,0,0
2020-02-03,San Diego,073,3302833,0,0,0,0,0
2020-02-03,San Francisco,075,870044,1,0,0,0,0
2020-02-03,San Joaquin,077,732212,0,0,1,1,0
2020-02-03,San Luis Obispo,079,281455,0,0,0,0,0
2020-02-03,San Mateo,081,765935,0,0,0,0,0
2020-02-03,Santa Barbara,083,443738,0,0,0,0,0
2020-02-03,Santa Clara,085,1922200,2,2,0,2,0
2020-02-03,Santa Cruz,087,273765,0,0,0,0,0
2020-02-03,Shasta,089,179085,0,0,0,0,0
2020-02-03,Sierra,091,2930,0,0,0,0,0
2020-02-03,Siskiyou,093,43540,0,0,0,0,0
2020-02-03,Solano,095,438530,0,0,0,0,0
2020-02-03,Sonoma,097,501317,0,0,0,0,0
2020-02-03,Stanislaus,099,539301,0,0,0,0,0
2020-02-03,Sutter,101,95872,0,0,0,0,0
2020-02-03,Tehama,103,63373,0,0,0,0,0
2020-02-03,Trinity,105,12862,0,0,0,0,0
2020-02-03,Tulare,107,460477,2,0,0,0,0
2020-02-03,Tuolumne,109,53932,0,0,0,0,0
2020-02-03,Ventura,111,848112,0,0,0,0,0
2020-02-03,Yolo,113,214977,0,0,0,0,0
2020-02-03,Yuba,115,75493,0,0,0,0,0
2020-02-02,Alameda,001,1643700,3,0,0,0,0
2020-02-02,Alpine,003,1148,0,0,0,0,0
2020-02-02,Amador,005,37829,0,0,0,0,0
2020-02-02,Butte,007,227075,0,0,0,0,0
2020-02-02,Calaveras,009,45235,0,0,0,0,0
2020-02-02,Colusa,011,21464,0,0,0,0,0
2020-02-02,Contra Costa,013,1133247,1,0,0,0,0
2020-02-02,Del Norte,015,27424,0,0,0,0,0
2020-02-02,El Dorado,017,186661,0,0,0,0,0
2020-02-02,Fresno,019,978130,0,0,0,0,0
2020-02-02,Glenn,021,27897,0,0,0,0,0
2020-02-02,Humboldt,023,135768,0,0,0,0,0
2020-02-02,Imperial,025,180216,0,0,0,0,0
2020-02-02,Inyo,027,18085,0,0,0,0,0
2020-02-02,Kern,029,883053,0,0,0,0,0
2020-02-02,Kings,031,150075,0,0,0,0,0
2020-02-02,Lake,033,64148,0,0,0,0,0
2020-02-02,Lassen,035,31185,0,0,0,0,0
2020-02-02,Los Angeles,037,10098052,17,1,0,1,0
2020-02-02,Madera,039,155013,0,0,0,0,0
2020-02-02,Marin,041,260295,0,0,0,0,0
2020-02-02,Mariposa,043,17540,0,0,0,0,0
2020-02-02,Mendocino,045,87422,0,0,0,0,0
2020-02-02,Merced,047,269075,0,0,0,0,0
2020-02-02,Modoc,049,8938,0,0,0,0,0
2020-02-02,Mono,051,14174,0,0,0,0,0
2020-02-02,Monterey,053,433212,1,0,0,0,0
2020-02-02,Napa,055,140530,0,0,0,0,0
2020-02-02,Nevada,057,99092,0,0,0,0,0
2020-02-02,Orange,059,3164182,1,1,0,1,0
2020-02-02,Placer,061,380077,0,0,0,0,0
2020-02-02,Plumas,063,18699,0,0,0,0,0
2020-02-02,Riverside,065,2383286,3,0,0,0,0
2020-02-02,Sacramento,067,1510023,0,0,0,0,0
2020-02-02,San Benito,069,59416,0,2,0,2,0
2020-02-02,San Bernardino,071,2135413,2,0,0,0,0
2020-02-02,San Diego,073,3302833,0,0,0,0,0
2020-02-02,San Francisco,075,870044,1,0,0,0,0
2020-02-02,San Joaquin,077,732212,0,0,1,1,0
2020-02-02,San Luis Obispo,079,281455,0,0,0,0,0
2020-02-02,San Mateo,081,765935,0,0,0,0,0
2020-02-02,Santa Barbara,083,443738,0,0,0,0,0
2020-02-02,Santa Clara,085,1922200,2,2,0,2,0
2020-02-02,Santa Cruz,087,273765,0,0,0,0,0
2020-02-02,Shasta,089,179085,0,0,0,0,0
2020-02-02,Sierra,091,2930,0,0,0,0,0
2020-02-02,Siskiyou,093,43540,0,0,0,0,0
2020-02-02,Solano,095,438530,0,0,0,0,0
2020-02-02,Sonoma,097,501317,0,0,0,0,0
2020-02-02,Stanislaus,099,539301,0,0,0,0,0
2020-02-02,Sutter,101,95872,0,0,0,0,0
2020-02-02,Tehama,103,63373,0,0,0,0,0
2020-02-02,Trinity,105,12862,0,0,0,0,0
2020-02-02,Tulare,107,460477,2,0,0,0,0
2020-02-02,Tuolumne,109,53932,0,0,0,0,0
2020-02-02,Ventura,111,848112,0,0,0,0,0
2020-02-02,Yolo,113,214977,0,0,0,0,0
2020-02-02,Yuba,115,75493,0,0,0,0,0
2020-02-01,Alameda,001,1643700,3,0,0,0,0
2020-02-01,Alpine,003,1148,0,0,0,0,0
2020-02-01,Amador,005,37829,0,0,0,0,0
2020-02-01,Butte,007,227075,0,0,0,0,0
2020-02-01,Calaveras,009,45235,0,0,0,0,0
2020-02-01,Colusa,011,21464,0,0,0,0,0
2020-02-01,Contra Costa,013,1133247,0,0,0,0,0
2020-02-01,Del Norte,015,27424,0,0,0,0,0
2020-02-01,El Dorado,017,186661,0,0,0,0,0
2020-02-01,Fresno,019,978130,0,0,0,0,0
2020-02-01,Glenn,021,27897,0,0,0,0,0
2020-02-01,Humboldt,023,135768,0,0,0,0,0
2020-02-01,Imperial,025,180216,0,0,0,0,0
2020-02-01,Inyo,027,18085,0,0,0,0,0
2020-02-01,Kern,029,883053,0,0,0,0,0
2020-02-01,Kings,031,150075,0,0,0,0,0
2020-02-01,Lake,033,64148,0,0,0,0,0
2020-02-01,Lassen,035,31185,0,0,0,0,0
2020-02-01,Los Angeles,037,10098052,13,1,0,1,0
2020-02-01,Madera,039,155013,0,0,0,0,0
2020-02-01,Marin,041,260295,0,0,0,0,0
2020-02-01,Mariposa,043,17540,0,0,0,0,0
2020-02-01,Mendocino,045,87422,0,0,0,0,0
2020-02-01,Merced,047,269075,0,0,0,0,0
2020-02-01,Modoc,049,8938,0,0,0,0,0
2020-02-01,Mono,051,14174,0,0,0,0,0
2020-02-01,Monterey,053,433212,0,0,0,0,0
2020-02-01,Napa,055,140530,0,0,0,0,0
2020-02-01,Nevada,057,99092,0,0,0,0,0
2020-02-01,Orange,059,3164182,1,1,0,1,0
2020-02-01,Placer,061,380077,0,0,0,0,0
2020-02-01,Plumas,063,18699,0,0,0,0,0
2020-02-01,Riverside,065,2383286,2,0,0,0,0
2020-02-01,Sacramento,067,1510023,0,0,0,0,0
2020-02-01,San Benito,069,59416,0,0,0,0,0
2020-02-01,San Bernardino,071,2135413,1,0,0,0,0
2020-02-01,San Diego,073,3302833,0,0,0,0,0
2020-02-01,San Francisco,075,870044,1,0,0,0,0
2020-02-01,San Joaquin,077,732212,0,0,1,1,0
2020-02-01,San Luis Obispo,079,281455,0,0,0,0,0
2020-02-01,San Mateo,081,765935,0,0,0,0,0
2020-02-01,Santa Barbara,083,443738,0,0,0,0,0
2020-02-01,Santa Clara,085,1922200,2,1,0,1,0
2020-02-01,Santa Cruz,087,273765,0,0,0,0,0
2020-02-01,Shasta,089,179085,0,0,0,0,0
2020-02-01,Sierra,091,2930,0,0,0,0,0
2020-02-01,Siskiyou,093,43540,0,0,0,0,0
2020-02-01,Solano,095,438530,0,0,0,0,0
2020-02-01,Sonoma,097,501317,0,0,0,0,0
2020-02-01,Stanislaus,099,539301,0,0,0,0,0
2020-02-01,Sutter,101,95872,0,0,0,0,0
2020-02-01,Tehama,103,63373,0,0,0,0,0
2020-02-01,Trinity,105,12862,0,0,0,0,0
2020-02-01,Tulare,107,460477,1,0,0,0,0
2020-02-01,Tuolumne,109,53932,0,0,0,0,0
2020-02-01,Ventura,111,848112,0,0,0,0,0
2020-02-01,Yolo,113,214977,0,0,0,0,0
2020-02-01,Yuba,115,75493,0,0,0,0,0
