date,county,fips,population,confirmed_cases,reported_cases,probable_cases,reported_and_probable_cases,reported_deaths
2022-01-26,Alameda,001,1643700,222721,222680,12819,235499,1596
2022-01-26,Alpine,003,1148,123,123,1,124,0
2022-01-26,Amador,005,37829,7429,7427,454,7881,73
2022-01-26,Butte,007,227075,29232,29229,5744,34973,353
2022-01-26,Calaveras,009,45235,6388,6387,244,6631,96
2022-01-26,Colusa,011,21464,3094,3094,915,4009,21
2022-01-26,Contra Costa,013,1133247,165992,165972,10580,176552,1095
2022-01-26,Del Norte,015,27424,4542,4542,135,4677,43
2022-01-26,El Dorado,017,186661,23807,23819,2852,26671,181
2022-01-26,Fresno,019,978130,199709,199689,17489,217178,2452
2022-01-26,Glenn,021,27897,4472,4472,1367,5839,39
2022-01-26,Humboldt,023,135768,14714,14715,2367,17082,126
2022-01-26,Imperial,025,180216,49477,49477,7075,56552,839
2022-01-26,Inyo,027,18085,3889,3889,304,4193,50
2022-01-26,Kern,029,883053,173105,173052,32867,205919,1953
2022-01-26,Kings,031,150075,44373,44367,2977,47344,396
2022-01-26,Lake,033,64148,8647,8645,830,9475,119
2022-01-26,Lassen,035,31185,7888,7888,787,8675,55
2022-01-26,Los Angeles,037,10098052,2450384,2450620,105526,2556146,28382
2022-01-26,Madera,039,155013,32324,32323,4357,36680,329
2022-01-26,Marin,041,260295,29807,29813,2964,32777,253
2022-01-26,Mariposa,043,17540,2108,2108,121,2229,6
2022-01-26,Mendocino,045,87422,11454,11453,2087,13540,103
2022-01-26,Merced,047,269075,56068,56060,5507,61567,733
2022-01-26,Modoc,049,8938,652,652,230,882,6
2022-01-26,Mono,051,14174,2852,2852,115,2967,4
2022-01-26,Monterey,053,433212,63265,63264,15651,78915,659
2022-01-26,Napa,055,140530,21863,21864,509,22373,112
2022-01-26,Nevada,057,99092,14123,14128,971,15099,112
2022-01-26,Orange,059,3164182,506422,506419,31696,538115,6007
2022-01-26,Placer,061,380077,55907,55892,6273,62165,524
2022-01-26,Plumas,063,18699,2425,2425,266,2691,12
2022-01-26,Riverside,065,2383286,543713,543788,23093,566881,5701
2022-01-26,Sacramento,067,1510023,246419,246416,21796,268212,2559
2022-01-26,San Benito,069,59416,11562,11563,515,12078,90
2022-01-26,San Bernardino,071,2135413,521676,521699,20502,542201,6291
2022-01-26,San Diego,073,3302833,676392,676392,43044,719436,4622
2022-01-26,San Francisco,075,870044,107166,107174,11267,118441,704
2022-01-26,San Joaquin,077,732212,148769,148770,9157,157927,1971
2022-01-26,San Luis Obispo,079,281455,45706,45716,3263,48979,391
2022-01-26,San Mateo,081,765935,99008,99016,13748,112764,586
2022-01-26,Santa Barbara,083,443738,75547,75548,3847,79395,600
2022-01-26,Santa Clara,085,1922200,270500,270470,11192,281662,2015
2022-01-26,Santa Cruz,087,273765,38294,38298,1896,40194,239
2022-01-26,Shasta,089,179085,27256,27255,5275,32530,452
2022-01-26,Sierra,091,2930,260,260,38,298,0
2022-01-26,Siskiyou,093,43540,3971,3971,2308,6279,66
2022-01-26,Solano,095,438530,69145,69150,4332,73482,401
2022-01-26,Sonoma,097,501317,72504,72509,1763,74272,423
2022-01-26,Stanislaus,099,539301,106566,106582,13501,120083,1396
2022-01-26,Sutter,101,95872,18662,18670,1292,19962,202
2022-01-26,Tehama,103,63373,10749,10749,2347,13096,145
2022-01-26,Trinity,105,12862,1008,1008,270,1278,19
2022-01-26,Tulare,107,460477,91907,91904,24309,116213,1234
2022-01-26,Tuolumne,109,53932,10697,10699,384,11083,91
2022-01-26,Ventura,111,848112,159086,159077,7275,166352,1263
2022-01-26,Yolo,113,214977,31918,31913,2653,34566,275
2022-01-26,Yuba,115,75493,14172,14171,959,15130,103
2022-01-25,Alameda,001,1643700,222721,219753,12819,232572,1589
2022-01-25,Alpine,003,1148,123,122,1,123,0
2022-01-25,Amador,005,37829,7429,7352,454,7806,73
2022-01-25,Butte,007,227075,29232,28887,5744,34631,351
2022-01-25,Calaveras,009,45235,6388,6266,244,6510,95
2022-01-25,Colusa,011,21464,3094,3074,915,3989,21
2022-01-25,Contra Costa,013,1133247,165992,163792,10580,174372,1092
2022-01-25,Del Norte,015,27424,4542,4514,135,4649,43
2022-01-25,El Dorado,017,186661,23807,23339,2852,26191,179
2022-01-25,Fresno,019,978130,199709,198262,17489,215751,2434
2022-01-25,Glenn,021,27897,4472,4418,1367,5785,39
2022-01-25,Humboldt,023,135768,14714,14574,2367,16941,126
2022-01-25,Imperial,025,180216,49477,48913,7075,55988,832
2022-01-25,Inyo,027,18085,3889,3857,304,4161,50
2022-01-25,Kern,029,883053,173105,171695,32867,204562,1947
2022-01-25,Kings,031,150075,44373,43853,2977,46830,396
2022-01-25,Lake,033,64148,8647,8543,830,9373,118
2022-01-25,Lassen,035,31185,7888,7834,787,8621,55
2022-01-25,Los Angeles,037,10098052,2450384,2433516,105526,2539042,28293
2022-01-25,Madera,039,155013,32324,31794,4357,36151,329
2022-01-25,Marin,041,260295,29807,29589,2964,32553,253
2022-01-25,Mariposa,043,17540,2108,2069,121,2190,6
2022-01-25,Mendocino,045,87422,11454,11280,2087,13367,103
2022-01-25,Merced,047,269075,56068,55555,5507,61062,733
2022-01-25,Modoc,049,8938,652,652,230,882,6
2022-01-25,Mono,051,14174,2852,2826,115,2941,4
2022-01-25,Monterey,053,433212,63265,62498,15651,78149,654
2022-01-25,Napa,055,140530,21863,21668,509,22177,111
2022-01-25,Nevada,057,99092,14123,13944,971,14915,112
2022-01-25,Orange,059,3164182,506422,504274,31696,535970,5980
2022-01-25,Placer,061,380077,55907,55465,6273,61738,518
2022-01-25,Plumas,063,18699,2425,2397,266,2663,12
2022-01-25,Riverside,065,2383286,543713,540723,23093,563816,5686
2022-01-25,Sacramento,067,1510023,246419,244468,21796,266264,2545
2022-01-25,San Benito,069,59416,11562,11446,515,11961,88
2022-01-25,San Bernardino,071,2135413,521676,519150,20502,539652,6288
2022-01-25,San Diego,073,3302833,676392,670110,43044,713154,4604
2022-01-25,San Francisco,075,870044,107166,106254,11267,117521,703
2022-01-25,San Joaquin,077,732212,148769,147271,9157,156428,1972
2022-01-25,San Luis Obispo,079,281455,45706,45130,3263,48393,391
2022-01-25,San Mateo,081,765935,99008,98010,13748,111758,586
2022-01-25,Santa Barbara,083,443738,75547,74686,3847,78533,594
2022-01-25,Santa Clara,085,1922200,270500,268031,11192,279223,2006
2022-01-25,Santa Cruz,087,273765,38294,37850,1896,39746,237
2022-01-25,Shasta,089,179085,27256,27090,5275,32365,452
2022-01-25,Sierra,091,2930,260,260,38,298,0
2022-01-25,Siskiyou,093,43540,3971,3958,2308,6266,65
2022-01-25,Solano,095,438530,69145,68657,4332,72989,399
2022-01-25,Sonoma,097,501317,72504,71633,1763,73396,423
2022-01-25,Stanislaus,099,539301,106566,105965,13501,119466,1396
2022-01-25,Sutter,101,95872,18662,18508,1292,19800,200
2022-01-25,Tehama,103,63373,10749,10669,2347,13016,145
2022-01-25,Trinity,105,12862,1008,999,270,1269,19
2022-01-25,Tulare,107,460477,91907,91237,24309,115546,1229
2022-01-25,Tuolumne,109,53932,10697,10516,384,10900,91
2022-01-25,Ventura,111,848112,159086,157971,7275,165246,1263
2022-01-25,Yolo,113,214977,31918,31677,2653,34330,274
2022-01-25,Yuba,115,75493,14172,14038,959,14997,103
2022-01-24,Alameda,001,1643700,222600,216252,12819,229071,1581
2022-01-24,Alpine,003,1148,123,120,1,121,0
2022-01-24,Amador,005,37829,7427,7166,454,7620,73
2022-01-24,Butte,007,227075,29179,28607,5734,34341,350
2022-01-24,Calaveras,009,45235,6375,6172,244,6416,95
2022-01-24,Colusa,011,21464,3087,3052,911,3963,21
2022-01-24,Contra Costa,013,1133247,165936,162161,10580,172741,1092
2022-01-24,Del Norte,015,27424,4540,4460,135,4595,43
2022-01-24,El Dorado,017,186661,23795,23128,2851,25979,179
2022-01-24,Fresno,019,978130,199535,196092,17489,213581,2430
2022-01-24,Glenn,021,27897,4469,4367,1366,5733,39
2022-01-24,Humboldt,023,135768,14708,14416,2367,16783,126
2022-01-24,Imperial,025,180216,49365,48228,7075,55303,824
2022-01-24,Inyo,027,18085,3888,3805,283,4088,50
2022-01-24,Kern,029,883053,172987,169892,32859,202751,1946
2022-01-24,Kings,031,150075,44334,43260,2972,46232,396
2022-01-24,Lake,033,64148,8637,8423,830,9253,118
2022-01-24,Lassen,035,31185,7888,7732,787,8519,55
2022-01-24,Los Angeles,037,10098052,2450237,2391045,105458,2496503,28230
2022-01-24,Madera,039,155013,32288,31339,4357,35696,329
2022-01-24,Marin,041,260295,29779,29301,2964,32265,253
2022-01-24,Mariposa,043,17540,2104,2033,119,2152,6
2022-01-24,Mendocino,045,87422,11423,11002,2087,13089,103
2022-01-24,Merced,047,269075,56054,54970,5491,60461,730
2022-01-24,Modoc,049,8938,652,648,230,878,6
2022-01-24,Mono,051,14174,2849,2802,115,2917,4
2022-01-24,Monterey,053,433212,63202,61975,15617,77592,654
2022-01-24,Napa,055,140530,21841,21494,508,22002,111
2022-01-24,Nevada,057,99092,14118,13774,971,14745,112
2022-01-24,Orange,059,3164182,506159,501634,31694,533328,5969
2022-01-24,Placer,061,380077,55867,54933,6273,61206,518
2022-01-24,Plumas,063,18699,2406,2370,266,2636,12
2022-01-24,Riverside,065,2383286,543573,535962,23092,559054,5661
2022-01-24,Sacramento,067,1510023,246305,241522,21796,263318,2526
2022-01-24,San Benito,069,59416,11554,11331,515,11846,88
2022-01-24,San Bernardino,071,2135413,521541,515604,20500,536104,6285
2022-01-24,San Diego,073,3302833,675608,663580,42799,706379,4586
2022-01-24,San Francisco,075,870044,107108,105418,11267,116685,703
2022-01-24,San Joaquin,077,732212,148679,145984,9156,155140,1959
2022-01-24,San Luis Obispo,079,281455,45676,44616,3262,47878,387
2022-01-24,San Mateo,081,765935,98955,96968,13748,110716,586
2022-01-24,Santa Barbara,083,443738,75476,73866,3847,77713,591
2022-01-24,Santa Clara,085,1922200,270362,265341,11192,276533,2006
2022-01-24,Santa Cruz,087,273765,38258,37188,1896,39084,237
2022-01-24,Shasta,089,179085,27237,26871,5267,32138,452
2022-01-24,Sierra,091,2930,260,258,38,296,0
2022-01-24,Siskiyou,093,43540,3967,3934,2292,6226,64
2022-01-24,Solano,095,438530,69114,68094,4332,72426,400
2022-01-24,Sonoma,097,501317,72482,70733,1763,72496,423
2022-01-24,Stanislaus,099,539301,106503,104933,13497,118430,1395
2022-01-24,Sutter,101,95872,18614,18336,1292,19628,200
2022-01-24,Tehama,103,63373,10745,10567,2345,12912,145
2022-01-24,Trinity,105,12862,1007,978,270,1248,19
2022-01-24,Tulare,107,460477,91828,90089,24276,114365,1219
2022-01-24,Tuolumne,109,53932,10659,10374,384,10758,91
2022-01-24,Ventura,111,848112,159002,156551,7275,163826,1261
2022-01-24,Yolo,113,214977,31903,31480,2651,34131,273
2022-01-24,Yuba,115,75493,14129,13862,947,14809,103
2022-01-23,Alameda,001,1643700,221716,214003,12461,226464,1583
2022-01-23,Alpine,003,1148,123,120,1,121,0
2022-01-23,Amador,005,37829,7408,7090,396,7486,73
2022-01-23,Butte,007,227075,29058,28340,5630,33970,350
2022-01-23,Calaveras,009,45235,6355,6095,215,6310,95
2022-01-23,Colusa,011,21464,3081,3040,901,3941,21
2022-01-23,Contra Costa,013,1133247,165221,160798,10481,171279,1092
2022-01-23,Del Norte,015,27424,4534,4419,127,4546,43
2022-01-23,El Dorado,017,186661,23736,22925,2805,25730,179
2022-01-23,Fresno,019,978130,198826,193642,17168,210810,2430
2022-01-23,Glenn,021,27897,4455,4340,1350,5690,39
2022-01-23,Humboldt,023,135768,14685,14296,2255,16551,126
2022-01-23,Imperial,025,180216,49119,47935,7033,54968,824
2022-01-23,Inyo,027,18085,3857,3781,272,4053,50
2022-01-23,Kern,029,883053,172596,168585,32728,201313,1946
2022-01-23,Kings,031,150075,44195,42622,2898,45520,397
2022-01-23,Lake,033,64148,8615,8363,822,9185,118
2022-01-23,Lassen,035,31185,7873,7710,770,8480,55
2022-01-23,Los Angeles,037,10098052,2444262,2390590,104904,2495494,28231
2022-01-23,Madera,039,155013,32111,30962,4189,35151,329
2022-01-23,Marin,041,260295,29680,29025,2927,31952,253
2022-01-23,Mariposa,043,17540,2094,2011,115,2126,6
2022-01-23,Mendocino,045,87422,11374,10889,1969,12858,103
2022-01-23,Merced,047,269075,55846,54644,5207,59851,730
2022-01-23,Modoc,049,8938,652,645,229,874,6
2022-01-23,Mono,051,14174,2848,2788,113,2901,4
2022-01-23,Monterey,053,433212,63054,61522,15241,76763,654
2022-01-23,Napa,055,140530,21774,21281,494,21775,111
2022-01-23,Nevada,057,99092,14091,13629,945,14574,112
2022-01-23,Orange,059,3164182,505089,498968,31499,530467,5970
2022-01-23,Placer,061,380077,55750,54568,6228,60796,518
2022-01-23,Plumas,063,18699,2376,2368,234,2602,12
2022-01-23,Riverside,065,2383286,542098,532273,22811,555084,5661
2022-01-23,Sacramento,067,1510023,245733,239589,20946,260535,2530
2022-01-23,San Benito,069,59416,11500,11225,505,11730,88
2022-01-23,San Bernardino,071,2135413,520342,512657,20278,532935,6281
2022-01-23,San Diego,073,3302833,672057,640215,42054,682269,4566
2022-01-23,San Francisco,075,870044,106508,104485,11129,115614,704
2022-01-23,San Joaquin,077,732212,148412,144621,8966,153587,1959
2022-01-23,San Luis Obispo,079,281455,45533,44183,3207,47390,386
2022-01-23,San Mateo,081,765935,98553,95940,13610,109550,586
2022-01-23,Santa Barbara,083,443738,75302,73041,3751,76792,590
2022-01-23,Santa Clara,085,1922200,269077,261991,10900,272891,2005
2022-01-23,Santa Cruz,087,273765,38079,36547,1886,38433,237
2022-01-23,Shasta,089,179085,27135,26732,5160,31892,452
2022-01-23,Sierra,091,2930,260,252,38,290,0
2022-01-23,Siskiyou,093,43540,3956,3916,2219,6135,64
2022-01-23,Solano,095,438530,68914,67457,4263,71720,400
2022-01-23,Sonoma,097,501317,72275,69791,1729,71520,423
2022-01-23,Stanislaus,099,539301,106332,104067,13279,117346,1395
2022-01-23,Sutter,101,95872,18516,18175,1212,19387,200
2022-01-23,Tehama,103,63373,10718,10481,2307,12788,145
2022-01-23,Trinity,105,12862,1007,961,270,1231,19
2022-01-23,Tulare,107,460477,91350,89120,23889,113009,1219
2022-01-23,Tuolumne,109,53932,10576,10243,349,10592,91
2022-01-23,Ventura,111,848112,158566,155052,7204,162256,1261
2022-01-23,Yolo,113,214977,31793,30908,2627,33535,273
2022-01-23,Yuba,115,75493,14063,13762,899,14661,103
2022-01-22,Alameda,001,1643700,220923,203927,12437,216364,1575
2022-01-22,Alpine,003,1148,122,119,1,120,0
2022-01-22,Amador,005,37829,7398,6845,395,7240,73
2022-01-22,Butte,007,227075,28990,27232,5612,32844,350
2022-01-22,Calaveras,009,45235,6344,5835,215,6050,95
2022-01-22,Colusa,011,21464,3073,2954,901,3855,21
2022-01-22,Contra Costa,013,1133247,164469,154111,10469,164580,1091
2022-01-22,Del Norte,015,27424,4520,4269,125,4394,43
2022-01-22,El Dorado,017,186661,23690,22273,2797,25070,179
2022-01-22,Fresno,019,978130,198390,185292,17155,202447,2429
2022-01-22,Glenn,021,27897,4452,4174,1348,5522,39
2022-01-22,Humboldt,023,135768,14644,13628,2247,15875,125
2022-01-22,Imperial,025,180216,48999,45741,6997,52738,820
2022-01-22,Inyo,027,18085,3856,3706,249,3955,50
2022-01-22,Kern,029,883053,172296,162902,32690,195592,1946
2022-01-22,Kings,031,150075,44149,40580,2895,43475,396
2022-01-22,Lake,033,64148,8600,8056,812,8868,118
2022-01-22,Lassen,035,31185,7861,7545,767,8312,55
2022-01-22,Los Angeles,037,10098052,2440116,2286280,104609,2390889,28038
2022-01-22,Madera,039,155013,32036,29595,4178,33773,329
2022-01-22,Marin,041,260295,29604,27893,2927,30820,253
2022-01-22,Mariposa,043,17540,2093,1920,115,2035,6
2022-01-22,Mendocino,045,87422,11343,10395,1948,12343,103
2022-01-22,Merced,047,269075,55749,53025,5196,58221,727
2022-01-22,Modoc,049,8938,651,639,229,868,6
2022-01-22,Mono,051,14174,2848,2723,112,2835,4
2022-01-22,Monterey,053,433212,62951,59038,15221,74259,651
2022-01-22,Napa,055,140530,21705,20402,490,20892,111
2022-01-22,Nevada,057,99092,14068,12957,943,13900,112
2022-01-22,Orange,059,3164182,503834,480329,31316,511645,5946
2022-01-22,Placer,061,380077,55607,52557,6221,58778,512
2022-01-22,Plumas,063,18699,2372,2289,233,2522,12
2022-01-22,Riverside,065,2383286,540724,513567,22777,536344,5623
2022-01-22,Sacramento,067,1510023,245063,230206,20904,251110,2510
2022-01-22,San Benito,069,59416,11450,10743,500,11243,88
2022-01-22,San Bernardino,071,2135413,519552,495209,20254,515463,6267
2022-01-22,San Diego,073,3302833,670040,628904,41958,670862,4559
2022-01-22,San Francisco,075,870044,106135,100238,10944,111182,702
2022-01-22,San Joaquin,077,732212,148207,138264,8950,147214,1960
2022-01-22,San Luis Obispo,079,281455,45470,42154,3202,45356,385
2022-01-22,San Mateo,081,765935,98109,91440,13546,104986,585
2022-01-22,Santa Barbara,083,443738,74983,69555,3745,73300,589
2022-01-22,Santa Clara,085,1922200,267837,249205,10819,260024,1993
2022-01-22,Santa Cruz,087,273765,37981,33741,1883,35624,237
2022-01-22,Shasta,089,179085,27107,25919,5150,31069,450
2022-01-22,Sierra,091,2930,260,248,38,286,0
2022-01-22,Siskiyou,093,43540,3950,3845,2211,6056,62
2022-01-22,Solano,095,438530,68765,63882,4235,68117,391
2022-01-22,Sonoma,097,501317,71961,66013,1709,67722,422
2022-01-22,Stanislaus,099,539301,106107,100092,13260,113352,1393
2022-01-22,Sutter,101,95872,18463,17616,1210,18826,199
2022-01-22,Tehama,103,63373,10704,10171,2302,12473,142
2022-01-22,Trinity,105,12862,1007,925,269,1194,19
2022-01-22,Tulare,107,460477,91153,85223,23840,109063,1211
2022-01-22,Tuolumne,109,53932,10550,9731,348,10079,91
2022-01-22,Ventura,111,848112,158092,148742,7187,155929,1250
2022-01-22,Yolo,113,214977,31673,30061,2626,32687,273
2022-01-22,Yuba,115,75493,14005,13288,898,14186,103
2022-01-21,Alameda,001,1643700,219636,203927,12414,216341,1575
2022-01-21,Alpine,003,1148,122,119,1,120,0
2022-01-21,Amador,005,37829,7340,6845,395,7240,73
2022-01-21,Butte,007,227075,28886,27232,5584,32816,350
2022-01-21,Calaveras,009,45235,6334,5835,215,6050,95
2022-01-21,Colusa,011,21464,3068,2954,901,3855,21
2022-01-21,Contra Costa,013,1133247,163590,154111,10453,164564,1091
2022-01-21,Del Norte,015,27424,4488,4269,125,4394,43
2022-01-21,El Dorado,017,186661,23640,22273,2787,25060,179
2022-01-21,Fresno,019,978130,197388,185292,17146,202438,2429
2022-01-21,Glenn,021,27897,4434,4174,1345,5519,39
2022-01-21,Humboldt,023,135768,14602,13628,2239,15867,125
2022-01-21,Imperial,025,180216,48814,45741,6901,52642,820
2022-01-21,Inyo,027,18085,3850,3706,249,3955,50
2022-01-21,Kern,029,883053,171789,162902,32631,195533,1946
2022-01-21,Kings,031,150075,44002,40580,2892,43472,396
2022-01-21,Lake,033,64148,8572,8056,800,8856,118
2022-01-21,Lassen,035,31185,7824,7545,765,8310,55
2022-01-21,Los Angeles,037,10098052,2431341,2286280,104345,2390625,28038
2022-01-21,Madera,039,155013,31807,29595,4154,33749,329
2022-01-21,Marin,041,260295,29443,27893,2899,30792,253
2022-01-21,Mariposa,043,17540,2081,1920,115,2035,6
2022-01-21,Mendocino,045,87422,11281,10395,1945,12340,103
2022-01-21,Merced,047,269075,55630,53025,5194,58219,727
2022-01-21,Modoc,049,8938,651,639,229,868,6
2022-01-21,Mono,051,14174,2832,2723,110,2833,4
2022-01-21,Monterey,053,433212,62563,59038,15106,74144,651
2022-01-21,Napa,055,140530,21629,20402,485,20887,111
2022-01-21,Nevada,057,99092,13994,12957,940,13897,112
2022-01-21,Orange,059,3164182,501778,480329,31099,511428,5946
2022-01-21,Placer,061,380077,55316,52557,6206,58763,512
2022-01-21,Plumas,063,18699,2370,2289,232,2521,12
2022-01-21,Riverside,065,2383286,538402,513567,22735,536302,5623
2022-01-21,Sacramento,067,1510023,243862,230206,20828,251034,2510
2022-01-21,San Benito,069,59416,11420,10743,497,11240,88
2022-01-21,San Bernardino,071,2135413,518009,495209,20219,515428,6267
2022-01-21,San Diego,073,3302833,666262,628904,41890,670794,4559
2022-01-21,San Francisco,075,870044,105587,100238,10818,111056,702
2022-01-21,San Joaquin,077,732212,147901,138264,8867,147131,1960
2022-01-21,San Luis Obispo,079,281455,45397,42154,3201,45355,385
2022-01-21,San Mateo,081,765935,97639,91440,13502,104942,585
2022-01-21,Santa Barbara,083,443738,74556,69555,3739,73294,589
2022-01-21,Santa Clara,085,1922200,266326,249205,10718,259923,1993
2022-01-21,Santa Cruz,087,273765,37320,33741,1880,35621,237
2022-01-21,Shasta,089,179085,27072,25919,5129,31048,450
2022-01-21,Sierra,091,2930,259,248,36,284,0
2022-01-21,Siskiyou,093,43540,3946,3845,2207,6052,62
2022-01-21,Solano,095,438530,68409,63882,4151,68033,391
2022-01-21,Sonoma,097,501317,71508,66013,1694,67707,422
2022-01-21,Stanislaus,099,539301,105770,100092,13240,113332,1393
2022-01-21,Sutter,101,95872,18395,17616,1202,18818,199
2022-01-21,Tehama,103,63373,10681,10171,2298,12469,142
2022-01-21,Trinity,105,12862,1007,925,262,1187,19
2022-01-21,Tulare,107,460477,90840,85223,23738,108961,1211
2022-01-21,Tuolumne,109,53932,10491,9731,347,10078,91
2022-01-21,Ventura,111,848112,157360,148742,7175,155917,1250
2022-01-21,Yolo,113,214977,31547,30061,2620,32681,273
2022-01-21,Yuba,115,75493,13948,13288,896,14184,103
2022-01-20,Alameda,001,1643700,216844,203927,12165,216092,1575
2022-01-20,Alpine,003,1148,122,119,1,120,0
2022-01-20,Amador,005,37829,7294,6845,377,7222,73
2022-01-20,Butte,007,227075,28662,27232,5517,32749,350
2022-01-20,Calaveras,009,45235,6231,5835,203,6038,95
2022-01-20,Colusa,011,21464,3041,2954,899,3853,21
2022-01-20,Contra Costa,013,1133247,161779,154111,10364,164475,1091
2022-01-20,Del Norte,015,27424,4454,4269,122,4391,43
2022-01-20,El Dorado,017,186661,23466,22273,2749,25022,179
2022-01-20,Fresno,019,978130,195041,185292,16892,202184,2429
2022-01-20,Glenn,021,27897,4403,4174,1340,5514,39
2022-01-20,Humboldt,023,135768,14491,13628,2185,15813,125
2022-01-20,Imperial,025,180216,48266,45741,6820,52561,820
2022-01-20,Inyo,027,18085,3840,3706,244,3950,50
2022-01-20,Kern,029,883053,170483,162902,32524,195426,1946
2022-01-20,Kings,031,150075,43539,40580,2851,43431,396
2022-01-20,Lake,033,64148,8489,8056,781,8837,118
2022-01-20,Lassen,035,31185,7790,7545,745,8290,55
2022-01-20,Los Angeles,037,10098052,2410329,2286280,103747,2390027,28038
2022-01-20,Madera,039,155013,31485,29595,4036,33631,329
2022-01-20,Marin,041,260295,29171,27893,2863,30756,253
2022-01-20,Mariposa,043,17540,2056,1920,111,2031,6
2022-01-20,Mendocino,045,87422,11205,10395,1875,12270,103
2022-01-20,Merced,047,269075,55225,53025,5080,58105,727
2022-01-20,Modoc,049,8938,649,639,229,868,6
2022-01-20,Mono,051,14174,2823,2723,109,2832,4
2022-01-20,Monterey,053,433212,61976,59038,14727,73765,651
2022-01-20,Napa,055,140530,21386,20402,475,20877,111
2022-01-20,Nevada,057,99092,13853,12957,915,13872,112
2022-01-20,Orange,059,3164182,497855,480329,30800,511129,5946
2022-01-20,Placer,061,380077,54945,52557,6165,58722,512
2022-01-20,Plumas,063,18699,2355,2289,229,2518,12
2022-01-20,Riverside,065,2383286,534195,513567,22503,536070,5623
2022-01-20,Sacramento,067,1510023,241831,230206,20132,250338,2510
2022-01-20,San Benito,069,59416,11314,10743,485,11228,88
2022-01-20,San Bernardino,071,2135413,514567,495209,19980,515189,6267
2022-01-20,San Diego,073,3302833,659931,628904,41303,670207,4559
2022-01-20,San Francisco,075,870044,104568,100238,10646,110884,702
2022-01-20,San Joaquin,077,732212,146864,138264,8660,146924,1960
2022-01-20,San Luis Obispo,079,281455,44938,42154,3174,45328,385
2022-01-20,San Mateo,081,765935,96697,91440,13265,104705,585
2022-01-20,Santa Barbara,083,443738,73729,69555,3631,73186,589
2022-01-20,Santa Clara,085,1922200,263436,249205,10328,259533,1993
2022-01-20,Santa Cruz,087,273765,36477,33741,1873,35614,237
2022-01-20,Shasta,089,179085,26889,25919,5086,31005,450
2022-01-20,Sierra,091,2930,259,248,32,280,0
2022-01-20,Siskiyou,093,43540,3938,3845,2172,6017,62
2022-01-20,Solano,095,438530,67781,63882,4069,67951,391
2022-01-20,Sonoma,097,501317,70540,66013,1656,67669,422
2022-01-20,Stanislaus,099,539301,104979,100092,13053,113145,1393
2022-01-20,Sutter,101,95872,18230,17616,1196,18812,199
2022-01-20,Tehama,103,63373,10609,10171,2273,12444,142
2022-01-20,Trinity,105,12862,1005,925,254,1179,19
2022-01-20,Tulare,107,460477,89957,85223,23485,108708,1211
2022-01-20,Tuolumne,109,53932,10383,9731,337,10068,91
2022-01-20,Ventura,111,848112,156049,148742,7108,155850,1250
2022-01-20,Yolo,113,214977,31302,30061,2601,32662,273
2022-01-20,Yuba,115,75493,13858,13288,867,14155,103
2022-01-19,Alameda,001,1643700,213582,199739,11833,211572,1571
2022-01-19,Alpine,003,1148,121,119,1,120,0
2022-01-19,Amador,005,37829,7225,6789,333,7122,73
2022-01-19,Butte,007,227075,28376,26839,5462,32301,351
2022-01-19,Calaveras,009,45235,6144,5765,193,5958,95
2022-01-19,Colusa,011,21464,3017,2938,887,3825,21
2022-01-19,Contra Costa,013,1133247,159660,151543,10110,161653,1091
2022-01-19,Del Norte,015,27424,4408,4240,119,4359,43
2022-01-19,El Dorado,017,186661,23267,21953,2712,24665,177
2022-01-19,Fresno,019,978130,192330,181526,16680,198206,2430
2022-01-19,Glenn,021,27897,4354,4127,1331,5458,39
2022-01-19,Humboldt,023,135768,14335,13391,2127,15518,125
2022-01-19,Imperial,025,180216,47518,45156,6749,51905,820
2022-01-19,Inyo,027,18085,3820,3680,211,3891,49
2022-01-19,Kern,029,883053,168869,160747,32381,193128,1946
2022-01-19,Kings,031,150075,42899,40027,2789,42816,395
2022-01-19,Lake,033,64148,8395,7972,749,8721,118
2022-01-19,Lassen,035,31185,7731,7507,725,8232,55
2022-01-19,Los Angeles,037,10098052,2385488,2251718,102985,2354703,27934
2022-01-19,Madera,039,155013,31187,29021,3864,32885,329
2022-01-19,Marin,041,260295,28873,27375,2792,30167,251
2022-01-19,Mariposa,043,17540,2029,1896,105,2001,6
2022-01-19,Mendocino,045,87422,11035,10252,1778,12030,103
2022-01-19,Merced,047,269075,54683,52355,4798,57153,724
2022-01-19,Modoc,049,8938,646,635,229,864,6
2022-01-19,Mono,051,14174,2804,2677,104,2781,4
2022-01-19,Monterey,053,433212,61155,58426,14233,72659,651
2022-01-19,Napa,055,140530,21164,20090,446,20536,110
2022-01-19,Nevada,057,99092,13723,12703,886,13589,112
2022-01-19,Orange,059,3164182,493303,468460,30496,498956,5943
2022-01-19,Placer,061,380077,54446,51545,6112,57657,511
2022-01-19,Plumas,063,18699,2333,2239,221,2460,12
2022-01-19,Riverside,065,2383286,528861,503575,22309,525884,5604
2022-01-19,Sacramento,067,1510023,239072,226035,19322,245357,2512
2022-01-19,San Benito,069,59416,11176,10639,473,11112,88
2022-01-19,San Bernardino,071,2135413,510650,487846,19648,507494,6265
2022-01-19,San Diego,073,3302833,651904,614709,40743,655452,4553
2022-01-19,San Francisco,075,870044,103444,98652,10553,109205,694
2022-01-19,San Joaquin,077,732212,145074,135953,8538,144491,1959
2022-01-19,San Luis Obispo,079,281455,44365,41374,3096,44470,382
2022-01-19,San Mateo,081,765935,95499,89715,12949,102664,585
2022-01-19,Santa Barbara,083,443738,72753,68531,3526,72057,586
2022-01-19,Santa Clara,085,1922200,260013,244922,9915,254837,1991
2022-01-19,Santa Cruz,087,273765,35253,33026,1862,34888,237
2022-01-19,Shasta,089,179085,26659,25355,5013,30368,450
2022-01-19,Sierra,091,2930,259,245,30,275,0
2022-01-19,Siskiyou,093,43540,3918,3821,2115,5936,62
2022-01-19,Solano,095,438530,66998,63003,3942,66945,392
2022-01-19,Sonoma,097,501317,69479,64689,1625,66314,420
2022-01-19,Stanislaus,099,539301,104089,98952,12827,111779,1381
2022-01-19,Sutter,101,95872,18089,17436,1122,18558,199
2022-01-19,Tehama,103,63373,10506,10064,2231,12295,142
2022-01-19,Trinity,105,12862,991,916,253,1169,19
2022-01-19,Tulare,107,460477,88870,83743,23021,106764,1200
2022-01-19,Tuolumne,109,53932,10249,9613,311,9924,91
2022-01-19,Ventura,111,848112,154634,144738,7051,151789,1234
2022-01-19,Yolo,113,214977,31018,29392,2567,31959,273
2022-01-19,Yuba,115,75493,13707,13114,850,13964,104
2022-01-18,Alameda,001,1643700,210359,195728,11491,207219,1566
2022-01-18,Alpine,003,1148,121,118,1,119,0
2022-01-18,Amador,005,37829,7096,6691,296,6987,73
2022-01-18,Butte,007,227075,28026,26514,5380,31894,347
2022-01-18,Calaveras,009,45235,6068,5684,175,5859,94
2022-01-18,Colusa,011,21464,2985,2903,884,3787,21
2022-01-18,Contra Costa,013,1133247,157821,149446,9727,159173,1085
2022-01-18,Del Norte,015,27424,4343,4229,115,4344,43
2022-01-18,El Dorado,017,186661,22933,21707,2668,24375,175
2022-01-18,Fresno,019,978130,189147,178922,16314,195236,2425
2022-01-18,Glenn,021,27897,4322,4070,1321,5391,39
2022-01-18,Humboldt,023,135768,14178,13218,2050,15268,125
2022-01-18,Imperial,025,180216,46844,44742,6585,51327,819
2022-01-18,Inyo,027,18085,3778,3654,205,3859,49
2022-01-18,Kern,029,883053,167045,158864,32168,191032,1943
2022-01-18,Kings,031,150075,42082,39440,2721,42161,392
2022-01-18,Lake,033,64148,8318,7919,713,8632,117
2022-01-18,Lassen,035,31185,7646,7461,678,8139,55
2022-01-18,Los Angeles,037,10098052,2356104,2227360,102188,2329548,27871
2022-01-18,Madera,039,155013,30723,28717,3677,32394,329
2022-01-18,Marin,041,260295,28612,27036,2710,29746,251
2022-01-18,Mariposa,043,17540,2007,1872,100,1972,6
2022-01-18,Mendocino,045,87422,10872,10114,1691,11805,103
2022-01-18,Merced,047,269075,54095,51746,4510,56256,718
2022-01-18,Modoc,049,8938,644,633,224,857,6
2022-01-18,Mono,051,14174,2780,2643,102,2745,4
2022-01-18,Monterey,053,433212,60509,57846,13687,71533,650
2022-01-18,Napa,055,140530,20859,19911,423,20334,109
2022-01-18,Nevada,057,99092,13535,12584,841,13425,111
2022-01-18,Orange,059,3164182,488141,461324,30072,491396,5938
2022-01-18,Placer,061,380077,53819,50983,6053,57036,508
2022-01-18,Plumas,063,18699,2306,2218,215,2433,12
2022-01-18,Riverside,065,2383286,522994,497278,22004,519282,5599
2022-01-18,Sacramento,067,1510023,236149,223745,18254,241999,2496
2022-01-18,San Benito,069,59416,11036,10520,457,10977,88
2022-01-18,San Bernardino,071,2135413,505932,483753,19243,502996,6258
2022-01-18,San Diego,073,3302833,642287,605137,39968,645105,4547
2022-01-18,San Francisco,075,870044,102193,96505,10333,106838,694
2022-01-18,San Joaquin,077,732212,143307,134365,8378,142743,1957
2022-01-18,San Luis Obispo,079,281455,43711,40848,3004,43852,381
2022-01-18,San Mateo,081,765935,94236,88225,12670,100895,585
2022-01-18,Santa Barbara,083,443738,71540,67216,3357,70573,581
2022-01-18,Santa Clara,085,1922200,256126,240281,9460,249741,1986
2022-01-18,Santa Cruz,087,273765,34663,32203,1842,34045,237
2022-01-18,Shasta,089,179085,26403,25162,4898,30060,448
2022-01-18,Sierra,091,2930,255,244,30,274,0
2022-01-18,Siskiyou,093,43540,3886,3799,2066,5865,62
2022-01-18,Solano,095,438530,66202,62204,3845,66049,391
2022-01-18,Sonoma,097,501317,68221,63714,1567,65281,419
2022-01-18,Stanislaus,099,539301,102998,98000,12528,110528,1379
2022-01-18,Sutter,101,95872,17906,17295,1068,18363,198
2022-01-18,Tehama,103,63373,10409,9975,2175,12150,142
2022-01-18,Trinity,105,12862,980,907,251,1158,19
2022-01-18,Tulare,107,460477,87558,82667,22540,105207,1196
2022-01-18,Tuolumne,109,53932,10112,9528,300,9828,91
2022-01-18,Ventura,111,848112,153038,143384,6982,150366,1233
2022-01-18,Yolo,113,214977,30688,28786,2517,31303,270
2022-01-18,Yuba,115,75493,13560,12971,819,13790,101
2022-01-17,Alameda,001,1643700,205748,193276,10878,204154,1565
2022-01-17,Alpine,003,1148,120,118,0,118,0
2022-01-17,Amador,005,37829,6997,6640,240,6880,73
2022-01-17,Butte,007,227075,27690,26303,5272,31575,348
2022-01-17,Calaveras,009,45235,5915,5584,142,5726,94
2022-01-17,Colusa,011,21464,2961,2905,883,3788,21
2022-01-17,Contra Costa,013,1133247,155182,147993,9221,157214,1086
2022-01-17,Del Norte,015,27424,4294,4209,107,4316,43
2022-01-17,El Dorado,017,186661,22733,21540,2588,24128,175
2022-01-17,Fresno,019,978130,185854,176959,15901,192860,2426
2022-01-17,Glenn,021,27897,4265,4055,1305,5360,39
2022-01-17,Humboldt,023,135768,13978,13120,1862,14982,125
2022-01-17,Imperial,025,180216,46196,44412,6459,50871,821
2022-01-17,Inyo,027,18085,3755,3650,193,3843,49
2022-01-17,Kern,029,883053,164726,157645,31931,189576,1944
2022-01-17,Kings,031,150075,40970,39143,2598,41741,392
2022-01-17,Lake,033,64148,8210,7864,656,8520,117
2022-01-17,Lassen,035,31185,7551,7417,634,8051,55
2022-01-17,Los Angeles,037,10098052,2321692,2205740,100876,2306616,27832
2022-01-17,Madera,039,155013,30160,28568,3488,32056,329
2022-01-17,Marin,041,260295,28218,26633,2600,29233,251
2022-01-17,Mariposa,043,17540,1986,1862,93,1955,6
2022-01-17,Mendocino,045,87422,10663,10030,1560,11590,103
2022-01-17,Merced,047,269075,53436,51227,4100,55327,718
2022-01-17,Modoc,049,8938,643,630,224,854,6
2022-01-17,Mono,051,14174,2754,2642,101,2743,4
2022-01-17,Monterey,053,433212,59535,57318,13057,70375,647
2022-01-17,Napa,055,140530,20549,19647,406,20053,109
2022-01-17,Nevada,057,99092,13363,12414,804,13218,111
2022-01-17,Orange,059,3164182,482367,457418,29711,487129,5933
2022-01-17,Placer,061,380077,53056,50511,5938,56449,508
2022-01-17,Plumas,063,18699,2284,2205,182,2387,12
2022-01-17,Riverside,065,2383286,516502,491322,21511,512833,5600
2022-01-17,Sacramento,067,1510023,232251,221143,16812,237955,2497
2022-01-17,San Benito,069,59416,10870,10432,427,10859,88
2022-01-17,San Bernardino,071,2135413,500259,480243,18720,498963,6259
2022-01-17,San Diego,073,3302833,631060,569241,38932,608173,4545
2022-01-17,San Francisco,075,870044,100469,95292,9964,105256,694
2022-01-17,San Joaquin,077,732212,140607,133414,8184,141598,1958
2022-01-17,San Luis Obispo,079,281455,42936,40425,2895,43320,379
2022-01-17,San Mateo,081,765935,92554,87013,12234,99247,585
2022-01-17,Santa Barbara,083,443738,70230,66704,3163,69867,581
2022-01-17,Santa Clara,085,1922200,251931,237934,8909,246843,1985
2022-01-17,Santa Cruz,087,273765,33864,31714,1821,33535,237
2022-01-17,Shasta,089,179085,26137,25025,4766,29791,448
2022-01-17,Sierra,091,2930,252,242,30,272,0
2022-01-17,Siskiyou,093,43540,3847,3764,1976,5740,62
2022-01-17,Solano,095,438530,65184,61497,3616,65113,391
2022-01-17,Sonoma,097,501317,66759,62763,1504,64267,419
2022-01-17,Stanislaus,099,539301,101767,96951,12146,109097,1379
2022-01-17,Sutter,101,95872,17722,17159,935,18094,198
2022-01-17,Tehama,103,63373,10277,9912,2099,12011,142
2022-01-17,Trinity,105,12862,969,906,243,1149,19
2022-01-17,Tulare,107,460477,86003,81741,21934,103675,1199
2022-01-17,Tuolumne,109,53932,9996,9416,265,9681,91
2022-01-17,Ventura,111,848112,151038,142070,6884,148954,1234
2022-01-17,Yolo,113,214977,30242,28638,2428,31066,270
2022-01-17,Yuba,115,75493,13376,12871,752,13623,101
2022-01-16,Alameda,001,1643700,202849,190691,10586,201277,1564
2022-01-16,Alpine,003,1148,120,118,0,118,0
2022-01-16,Amador,005,37829,6927,6618,233,6851,73
2022-01-16,Butte,007,227075,27406,26139,5230,31369,348
2022-01-16,Calaveras,009,45235,5822,5537,138,5675,94
2022-01-16,Colusa,011,21464,2946,2886,881,3767,21
2022-01-16,Contra Costa,013,1133247,153371,146307,9012,155319,1086
2022-01-16,Del Norte,015,27424,4253,4177,98,4275,43
2022-01-16,El Dorado,017,186661,22516,21303,2557,23860,175
2022-01-16,Fresno,019,978130,183324,174818,15604,190422,2425
2022-01-16,Glenn,021,27897,4212,4049,1286,5335,39
2022-01-16,Humboldt,023,135768,13845,13075,1852,14927,125
2022-01-16,Imperial,025,180216,45627,44035,6366,50401,821
2022-01-16,Inyo,027,18085,3723,3602,176,3778,49
2022-01-16,Kern,029,883053,163650,156655,31731,188386,1944
2022-01-16,Kings,031,150075,40648,38861,2578,41439,392
2022-01-16,Lake,033,64148,8126,7823,615,8438,117
2022-01-16,Lassen,035,31185,7513,7391,625,8016,55
2022-01-16,Los Angeles,037,10098052,2301578,2174403,99912,2274315,27805
2022-01-16,Madera,039,155013,29828,28313,3428,31741,329
2022-01-16,Marin,041,260295,27931,26292,2546,28838,251
2022-01-16,Mariposa,043,17540,1960,1851,88,1939,6
2022-01-16,Mendocino,045,87422,10524,9992,1439,11431,102
2022-01-16,Merced,047,269075,52848,50882,4075,54957,718
2022-01-16,Modoc,049,8938,640,629,222,851,6
2022-01-16,Mono,051,14174,2752,2614,98,2712,4
2022-01-16,Monterey,053,433212,58989,57012,12711,69723,647
2022-01-16,Napa,055,140530,20325,19521,398,19919,109
2022-01-16,Nevada,057,99092,13149,12307,778,13085,111
2022-01-16,Orange,059,3164182,477156,451962,29316,481278,5932
2022-01-16,Placer,061,380077,52300,50076,5828,55904,508
2022-01-16,Plumas,063,18699,2261,2204,165,2369,12
2022-01-16,Riverside,065,2383286,511155,485191,21368,506559,5600
2022-01-16,Sacramento,067,1510023,229435,218819,16107,234926,2491
2022-01-16,San Benito,069,59416,10714,10377,424,10801,88
2022-01-16,San Bernardino,071,2135413,496938,474425,18479,492904,6259
2022-01-16,San Diego,073,3302833,624327,569241,38676,607917,4545
2022-01-16,San Francisco,075,870044,98893,94139,9676,103815,694
2022-01-16,San Joaquin,077,732212,138941,132214,8067,140281,1958
2022-01-16,San Luis Obispo,079,281455,42341,40113,2856,42969,379
2022-01-16,San Mateo,081,765935,91431,85966,11871,97837,585
2022-01-16,Santa Barbara,083,443738,69268,66111,3122,69233,582
2022-01-16,Santa Clara,085,1922200,248435,234293,8738,243031,1984
2022-01-16,Santa Cruz,087,273765,33236,31469,1812,33281,237
2022-01-16,Shasta,089,179085,25926,24980,4688,29668,449
2022-01-16,Sierra,091,2930,249,238,30,268,0
2022-01-16,Siskiyou,093,43540,3823,3748,1937,5685,62
2022-01-16,Solano,095,438530,64484,60885,3497,64382,391
2022-01-16,Sonoma,097,501317,65766,61842,1485,63327,419
2022-01-16,Stanislaus,099,539301,100774,96370,12075,108445,1379
2022-01-16,Sutter,101,95872,17538,16996,922,17918,198
2022-01-16,Tehama,103,63373,10206,9868,2082,11950,142
2022-01-16,Trinity,105,12862,967,889,242,1131,19
2022-01-16,Tulare,107,460477,84777,80867,21649,102516,1199
2022-01-16,Tuolumne,109,53932,9907,9369,255,9624,91
2022-01-16,Ventura,111,848112,149542,140715,6810,147525,1234
2022-01-16,Yolo,113,214977,29909,28481,2392,30873,270
2022-01-16,Yuba,115,75493,13220,12760,746,13506,101
2022-01-15,Alameda,001,1643700,201599,177768,10531,188299,1561
2022-01-15,Alpine,003,1148,120,117,0,117,0
2022-01-15,Amador,005,37829,6901,6434,225,6659,72
2022-01-15,Butte,007,227075,27275,25032,5188,30220,348
2022-01-15,Calaveras,009,45235,5808,5258,138,5396,93
2022-01-15,Colusa,011,21464,2942,2796,880,3676,21
2022-01-15,Contra Costa,013,1133247,152227,137643,8966,146609,1082
2022-01-15,Del Norte,015,27424,4241,4065,94,4159,43
2022-01-15,El Dorado,017,186661,22431,20434,2538,22972,175
2022-01-15,Fresno,019,978130,182484,167361,15584,182945,2415
2022-01-15,Glenn,021,27897,4204,3906,1281,5187,39
2022-01-15,Humboldt,023,135768,13752,12419,1839,14258,123
2022-01-15,Imperial,025,180216,45500,42508,6359,48867,817
2022-01-15,Inyo,027,18085,3713,3395,174,3569,49
2022-01-15,Kern,029,883053,162932,150085,31643,181728,1938
2022-01-15,Kings,031,150075,40439,37221,2568,39789,391
2022-01-15,Lake,033,64148,8093,7641,604,8245,117
2022-01-15,Lassen,035,31185,7491,7274,622,7896,55
2022-01-15,Los Angeles,037,10098052,2291373,2047927,99313,2147240,27641
2022-01-15,Madera,039,155013,29706,27294,3407,30701,329
2022-01-15,Marin,041,260295,27749,25248,2529,27777,251
2022-01-15,Mariposa,043,17540,1955,1762,88,1850,6
2022-01-15,Mendocino,045,87422,10463,9534,1438,10972,102
2022-01-15,Merced,047,269075,52695,48904,4058,52962,715
2022-01-15,Modoc,049,8938,638,628,220,848,6
2022-01-15,Mono,051,14174,2748,2508,97,2605,4
2022-01-15,Monterey,053,433212,58692,55315,12505,67820,647
2022-01-15,Napa,055,140530,20245,17648,395,18043,109
2022-01-15,Nevada,057,99092,13103,11773,763,12536,111
2022-01-15,Orange,059,3164182,474697,433141,29094,462235,5914
2022-01-15,Placer,061,380077,52050,47780,5804,53584,501
2022-01-15,Plumas,063,18699,2248,2158,159,2317,12
2022-01-15,Riverside,065,2383286,508645,466381,21329,487710,5578
2022-01-15,Sacramento,067,1510023,228470,208156,16023,224179,2491
2022-01-15,San Benito,069,59416,10615,9868,417,10285,87
2022-01-15,San Bernardino,071,2135413,495009,454395,18367,472762,6233
2022-01-15,San Diego,073,3302833,621058,559385,38536,597921,4540
2022-01-15,San Francisco,075,870044,98114,88004,9504,97508,692
2022-01-15,San Joaquin,077,732212,138447,125136,7998,133134,1954
2022-01-15,San Luis Obispo,079,281455,42179,38231,2840,41071,374
2022-01-15,San Mateo,081,765935,90610,80494,11753,92247,582
2022-01-15,Santa Barbara,083,443738,68703,62312,3111,65423,579
2022-01-15,Santa Clara,085,1922200,246354,218986,8606,227592,1974
2022-01-15,Santa Cruz,087,273765,32917,29414,1810,31224,235
2022-01-15,Shasta,089,179085,25854,24482,4650,29132,445
2022-01-15,Sierra,091,2930,248,232,29,261,0
2022-01-15,Siskiyou,093,43540,3815,3661,1927,5588,62
2022-01-15,Solano,095,438530,64220,58061,3463,61524,389
2022-01-15,Sonoma,097,501317,65226,58181,1476,59657,418
2022-01-15,Stanislaus,099,539301,100251,92986,12032,105018,1379
2022-01-15,Sutter,101,95872,17459,16345,914,17259,197
2022-01-15,Tehama,103,63373,10170,9572,2070,11642,141
2022-01-15,Trinity,105,12862,966,872,241,1113,19
2022-01-15,Tulare,107,460477,84431,77769,21537,99306,1192
2022-01-15,Tuolumne,109,53932,9825,9042,251,9293,91
2022-01-15,Ventura,111,848112,148812,134736,6783,141519,1227
2022-01-15,Yolo,113,214977,29744,27311,2379,29690,270
2022-01-15,Yuba,115,75493,13163,12200,740,12940,101
2022-01-14,Alameda,001,1643700,199595,177768,10458,188226,1561
2022-01-14,Alpine,003,1148,120,117,0,117,0
2022-01-14,Amador,005,37829,6831,6434,219,6653,72
2022-01-14,Butte,007,227075,27110,25032,5163,30195,348
2022-01-14,Calaveras,009,45235,5778,5258,137,5395,93
2022-01-14,Colusa,011,21464,2933,2796,876,3672,21
2022-01-14,Contra Costa,013,1133247,150841,137643,8867,146510,1082
2022-01-14,Del Norte,015,27424,4223,4065,93,4158,43
2022-01-14,El Dorado,017,186661,22285,20434,2519,22953,175
2022-01-14,Fresno,019,978130,180937,167361,15548,182909,2415
2022-01-14,Glenn,021,27897,4182,3906,1272,5178,39
2022-01-14,Humboldt,023,135768,13654,12419,1820,14239,123
2022-01-14,Imperial,025,180216,45367,42508,6347,48855,817
2022-01-14,Inyo,027,18085,3688,3395,173,3568,49
2022-01-14,Kern,029,883053,162034,150085,31562,181647,1938
2022-01-14,Kings,031,150075,40226,37221,2562,39783,391
2022-01-14,Lake,033,64148,8054,7641,588,8229,117
2022-01-14,Lassen,035,31185,7476,7274,614,7888,55
2022-01-14,Los Angeles,037,10098052,2272887,2047927,98667,2146594,27641
2022-01-14,Madera,039,155013,29490,27294,3379,30673,329
2022-01-14,Marin,041,260295,27505,25248,2475,27723,251
2022-01-14,Mariposa,043,17540,1940,1762,88,1850,6
2022-01-14,Mendocino,045,87422,10359,9534,1420,10954,102
2022-01-14,Merced,047,269075,52524,48904,4036,52940,715
2022-01-14,Modoc,049,8938,637,628,219,847,6
2022-01-14,Mono,051,14174,2719,2508,93,2601,4
2022-01-14,Monterey,053,433212,58301,55315,12192,67507,647
2022-01-14,Napa,055,140530,20125,17648,391,18039,109
2022-01-14,Nevada,057,99092,12999,11773,757,12530,111
2022-01-14,Orange,059,3164182,471180,433141,28892,462033,5914
2022-01-14,Placer,061,380077,51632,47780,5729,53509,501
2022-01-14,Plumas,063,18699,2240,2158,148,2306,12
2022-01-14,Riverside,065,2383286,505282,466381,21272,487653,5578
2022-01-14,Sacramento,067,1510023,226660,208156,15912,224068,2491
2022-01-14,San Benito,069,59416,10568,9868,413,10281,87
2022-01-14,San Bernardino,071,2135413,492206,454395,18212,472607,6233
2022-01-14,San Diego,073,3302833,615710,559385,38369,597754,4540
2022-01-14,San Francisco,075,870044,97219,88004,9200,97204,692
2022-01-14,San Joaquin,077,732212,137652,125136,7942,133078,1954
2022-01-14,San Luis Obispo,079,281455,42030,38231,2827,41058,374
2022-01-14,San Mateo,081,765935,89730,80494,11466,91960,582
2022-01-14,Santa Barbara,083,443738,68216,62312,3102,65414,579
2022-01-14,Santa Clara,085,1922200,243881,218986,8481,227467,1974
2022-01-14,Santa Cruz,087,273765,32601,29414,1807,31221,235
2022-01-14,Shasta,089,179085,25744,24482,4611,29093,445
2022-01-14,Sierra,091,2930,246,232,27,259,0
2022-01-14,Siskiyou,093,43540,3802,3661,1918,5579,62
2022-01-14,Solano,095,438530,63760,58061,3410,61471,389
2022-01-14,Sonoma,097,501317,64721,58181,1451,59632,418
2022-01-14,Stanislaus,099,539301,99708,92986,11981,104967,1379
2022-01-14,Sutter,101,95872,17344,16345,905,17250,197
2022-01-14,Tehama,103,63373,10127,9572,2060,11632,141
2022-01-14,Trinity,105,12862,962,872,240,1112,19
2022-01-14,Tulare,107,460477,83975,77769,21364,99133,1192
2022-01-14,Tuolumne,109,53932,9721,9042,247,9289,91
2022-01-14,Ventura,111,848112,147755,134736,6743,141479,1227
2022-01-14,Yolo,113,214977,29529,27311,2361,29672,270
2022-01-14,Yuba,115,75493,13063,12200,734,12934,101
2022-01-13,Alameda,001,1643700,195386,177768,10060,187828,1561
2022-01-13,Alpine,003,1148,119,117,0,117,0
2022-01-13,Amador,005,37829,6774,6434,199,6633,72
2022-01-13,Butte,007,227075,26832,25032,5069,30101,348
2022-01-13,Calaveras,009,45235,5686,5258,133,5391,93
2022-01-13,Colusa,011,21464,2903,2796,870,3666,21
2022-01-13,Contra Costa,013,1133247,148397,137643,8373,146016,1082
2022-01-13,Del Norte,015,27424,4196,4065,90,4155,43
2022-01-13,El Dorado,017,186661,22058,20434,2473,22907,175
2022-01-13,Fresno,019,978130,178211,167361,15217,182578,2415
2022-01-13,Glenn,021,27897,4138,3906,1250,5156,39
2022-01-13,Humboldt,023,135768,13503,12419,1748,14167,123
2022-01-13,Imperial,025,180216,44843,42508,6253,48761,817
2022-01-13,Inyo,027,18085,3630,3395,150,3545,49
2022-01-13,Kern,029,883053,160589,150085,31304,181389,1938
2022-01-13,Kings,031,150075,39765,37221,2517,39738,391
2022-01-13,Lake,033,64148,7968,7641,569,8210,117
2022-01-13,Lassen,035,31185,7458,7274,596,7870,55
2022-01-13,Los Angeles,037,10098052,2237067,2047927,97367,2145294,27641
2022-01-13,Madera,039,155013,29034,27294,3278,30572,329
2022-01-13,Marin,041,260295,27162,25248,2425,27673,251
2022-01-13,Mariposa,043,17540,1918,1762,85,1847,6
2022-01-13,Mendocino,045,87422,10280,9534,1348,10882,102
2022-01-13,Merced,047,269075,51890,48904,3866,52770,715
2022-01-13,Modoc,049,8938,634,628,219,847,6
2022-01-13,Mono,051,14174,2689,2508,86,2594,4
2022-01-13,Monterey,053,433212,57612,55315,11707,67022,647
2022-01-13,Napa,055,140530,19857,17648,385,18033,109
2022-01-13,Nevada,057,99092,12798,11773,722,12495,111
2022-01-13,Orange,059,3164182,464918,433141,28514,461655,5914
2022-01-13,Placer,061,380077,50989,47780,5613,53393,501
2022-01-13,Plumas,063,18699,2221,2158,135,2293,12
2022-01-13,Riverside,065,2383286,499347,466381,20952,487333,5578
2022-01-13,Sacramento,067,1510023,223751,208156,15054,223210,2491
2022-01-13,San Benito,069,59416,10470,9868,402,10270,87
2022-01-13,San Bernardino,071,2135413,486964,454395,17731,472126,6233
2022-01-13,San Diego,073,3302833,607478,559385,37690,597075,4540
2022-01-13,San Francisco,075,870044,95690,88004,8856,96860,692
2022-01-13,San Joaquin,077,732212,135624,125136,7805,132941,1954
2022-01-13,San Luis Obispo,079,281455,41443,38231,2727,40958,374
2022-01-13,San Mateo,081,765935,88311,80494,10961,91455,582
2022-01-13,Santa Barbara,083,443738,67243,62312,3032,65344,579
2022-01-13,Santa Clara,085,1922200,239700,218986,8104,227090,1974
2022-01-13,Santa Cruz,087,273765,31898,29414,1801,31215,235
2022-01-13,Shasta,089,179085,25544,24482,4539,29021,445
2022-01-13,Sierra,091,2930,245,232,27,259,0
2022-01-13,Siskiyou,093,43540,3784,3661,1866,5527,62
2022-01-13,Solano,095,438530,62870,58061,3310,61371,389
2022-01-13,Sonoma,097,501317,63667,58181,1399,59580,418
2022-01-13,Stanislaus,099,539301,98583,92986,11809,104795,1379
2022-01-13,Sutter,101,95872,17155,16345,852,17197,197
2022-01-13,Tehama,103,63373,10037,9572,2009,11581,141
2022-01-13,Trinity,105,12862,954,872,238,1110,19
2022-01-13,Tulare,107,460477,82826,77769,21020,98789,1192
2022-01-13,Tuolumne,109,53932,9589,9042,226,9268,91
2022-01-13,Ventura,111,848112,146024,134736,6672,141408,1227
2022-01-13,Yolo,113,214977,29156,27311,2320,29631,270
2022-01-13,Yuba,115,75493,12928,12200,705,12905,101
2022-01-12,Alameda,001,1643700,190883,173001,9563,182564,1563
2022-01-12,Alpine,003,1148,119,117,0,117,0
2022-01-12,Amador,005,37829,6728,6354,185,6539,71
2022-01-12,Butte,007,227075,26520,24631,4989,29620,348
2022-01-12,Calaveras,009,45235,5602,5151,124,5275,93
2022-01-12,Colusa,011,21464,2868,2772,853,3625,21
2022-01-12,Contra Costa,013,1133247,145955,134579,7966,142545,1077
2022-01-12,Del Norte,015,27424,4170,4019,86,4105,43
2022-01-12,El Dorado,017,186661,21745,20092,2435,22527,175
2022-01-12,Fresno,019,978130,175522,165316,14901,180217,2413
2022-01-12,Glenn,021,27897,4088,3859,1226,5085,39
2022-01-12,Humboldt,023,135768,13336,12081,1657,13738,122
2022-01-12,Imperial,025,180216,44226,41985,6157,48142,814
2022-01-12,Inyo,027,18085,3584,3334,133,3467,49
2022-01-12,Kern,029,883053,158573,148435,31053,179488,1933
2022-01-12,Kings,031,150075,39179,36780,2473,39253,391
2022-01-12,Lake,033,64148,7871,7535,509,8044,117
2022-01-12,Lassen,035,31185,7418,7223,570,7793,55
2022-01-12,Los Angeles,037,10098052,2199163,2005065,95559,2100624,27601
2022-01-12,Madera,039,155013,28726,26952,3170,30122,329
2022-01-12,Marin,041,260295,26682,24704,2340,27044,251
2022-01-12,Mariposa,043,17540,1889,1725,82,1807,6
2022-01-12,Mendocino,045,87422,10122,9379,1246,10625,103
2022-01-12,Merced,047,269075,51205,48441,3652,52093,710
2022-01-12,Modoc,049,8938,632,627,219,846,6
2022-01-12,Mono,051,14174,2653,2466,82,2548,4
2022-01-12,Monterey,053,433212,56950,54524,11061,65585,647
2022-01-12,Napa,055,140530,19618,17347,366,17713,109
2022-01-12,Nevada,057,99092,12577,11552,677,12229,111
2022-01-12,Orange,059,3164182,458335,425737,28102,453839,5912
2022-01-12,Placer,061,380077,50359,47004,5493,52497,501
2022-01-12,Plumas,063,18699,2198,2135,122,2257,12
2022-01-12,Riverside,065,2383286,492467,458881,20626,479507,5565
2022-01-12,Sacramento,067,1510023,220280,204696,14161,218857,2479
2022-01-12,San Benito,069,59416,10343,9737,383,10120,87
2022-01-12,San Bernardino,071,2135413,481134,447869,17196,465065,6222
2022-01-12,San Diego,073,3302833,597207,551669,37024,588693,4529
2022-01-12,San Francisco,075,870044,93952,85700,8578,94278,691
2022-01-12,San Joaquin,077,732212,133380,122850,7656,130506,1948
2022-01-12,San Luis Obispo,079,281455,40725,37727,2641,40368,373
2022-01-12,San Mateo,081,765935,86635,78476,10297,88773,582
2022-01-12,Santa Barbara,083,443738,66060,60815,2963,63778,578
2022-01-12,Santa Clara,085,1922200,235252,213177,7675,220852,1971
2022-01-12,Santa Cruz,087,273765,31264,28463,1769,30232,235
2022-01-12,Shasta,089,179085,25341,24324,4461,28785,446
2022-01-12,Sierra,091,2930,244,228,27,255,0
2022-01-12,Siskiyou,093,43540,3757,3639,1819,5458,62
2022-01-12,Solano,095,438530,61841,57052,3200,60252,386
2022-01-12,Sonoma,097,501317,62390,56394,1327,57721,417
2022-01-12,Stanislaus,099,539301,97372,91738,11601,103339,1373
2022-01-12,Sutter,101,95872,16965,16135,820,16955,197
2022-01-12,Tehama,103,63373,9957,9475,1950,11425,141
2022-01-12,Trinity,105,12862,951,868,238,1106,19
2022-01-12,Tulare,107,460477,81871,76943,20618,97561,1192
2022-01-12,Tuolumne,109,53932,9473,8870,208,9078,91
2022-01-12,Ventura,111,848112,144177,132180,6601,138781,1220
2022-01-12,Yolo,113,214977,28781,26888,2235,29123,270
2022-01-12,Yuba,115,75493,12775,12015,667,12682,101
2022-01-11,Alameda,001,1643700,186536,169181,9129,178310,1561
2022-01-11,Alpine,003,1148,119,116,0,116,0
2022-01-11,Amador,005,37829,6646,6317,169,6486,71
2022-01-11,Butte,007,227075,26126,24479,4891,29370,347
2022-01-11,Calaveras,009,45235,5464,5083,110,5193,93
2022-01-11,Colusa,011,21464,2842,2766,834,3600,21
2022-01-11,Contra Costa,013,1133247,143055,132410,7456,139866,1077
2022-01-11,Del Norte,015,27424,4135,4006,84,4090,43
2022-01-11,El Dorado,017,186661,21441,19842,2365,22207,174
2022-01-11,Fresno,019,978130,172547,163509,14651,178160,2404
2022-01-11,Glenn,021,27897,4025,3844,1180,5024,39
2022-01-11,Humboldt,023,135768,13112,11960,1560,13520,122
2022-01-11,Imperial,025,180216,43638,41444,6017,47461,813
2022-01-11,Inyo,027,18085,3485,3278,125,3403,49
2022-01-11,Kern,029,883053,156472,146942,30671,177613,1929
2022-01-11,Kings,031,150075,38601,36524,2438,38962,389
2022-01-11,Lake,033,64148,7820,7494,477,7971,117
2022-01-11,Lassen,035,31185,7375,7210,555,7765,55
2022-01-11,Los Angeles,037,10098052,2158741,1966319,93663,2059982,27563
2022-01-11,Madera,039,155013,28313,26688,3087,29775,329
2022-01-11,Marin,041,260295,26343,24387,2268,26655,251
2022-01-11,Mariposa,043,17540,1868,1718,79,1797,6
2022-01-11,Mendocino,045,87422,9959,9301,1146,10447,102
2022-01-11,Merced,047,269075,50456,48068,3469,51537,708
2022-01-11,Modoc,049,8938,631,626,218,844,6
2022-01-11,Mono,051,14174,2600,2425,81,2506,4
2022-01-11,Monterey,053,433212,56194,53911,10413,64324,646
2022-01-11,Napa,055,140530,19336,17020,319,17339,109
2022-01-11,Nevada,057,99092,12336,11467,641,12108,110
2022-01-11,Orange,059,3164182,451010,417703,27647,445350,5909
2022-01-11,Placer,061,380077,49617,46459,5338,51797,500
2022-01-11,Plumas,063,18699,2177,2099,119,2218,12
2022-01-11,Riverside,065,2383286,485178,453766,20138,473904,5551
2022-01-11,Sacramento,067,1510023,216360,201058,13085,214143,2489
2022-01-11,San Benito,069,59416,10206,9624,369,9993,83
2022-01-11,San Bernardino,071,2135413,473922,442960,16667,459627,6198
2022-01-11,San Diego,073,3302833,585472,536954,36057,573011,4520
2022-01-11,San Francisco,075,870044,91987,83678,8153,91831,691
2022-01-11,San Joaquin,077,732212,131058,121139,7478,128617,1944
2022-01-11,San Luis Obispo,079,281455,39979,37183,2515,39698,372
2022-01-11,San Mateo,081,765935,84812,76756,9712,86468,582
2022-01-11,Santa Barbara,083,443738,64747,59758,2887,62645,578
2022-01-11,Santa Clara,085,1922200,229867,208425,7185,215610,1971
2022-01-11,Santa Cruz,087,273765,30802,27709,1723,29432,232
2022-01-11,Shasta,089,179085,25098,24132,4361,28493,446
2022-01-11,Sierra,091,2930,242,228,25,253,0
2022-01-11,Siskiyou,093,43540,3731,3621,1767,5388,62
2022-01-11,Solano,095,438530,60820,56349,3066,59415,388
2022-01-11,Sonoma,097,501317,60920,55411,1252,56663,416
2022-01-11,Stanislaus,099,539301,96049,90998,11343,102341,1372
2022-01-11,Sutter,101,95872,16772,15993,766,16759,197
2022-01-11,Tehama,103,63373,9830,9406,1904,11310,140
2022-01-11,Trinity,105,12862,939,858,237,1095,19
2022-01-11,Tulare,107,460477,80696,76267,20197,96464,1188
2022-01-11,Tuolumne,109,53932,9334,8811,200,9011,91
2022-01-11,Ventura,111,848112,142001,129548,6495,136043,1220
2022-01-11,Yolo,113,214977,28256,26482,2177,28659,270
2022-01-11,Yuba,115,75493,12606,11912,635,12547,101
2022-01-10,Alameda,001,1643700,181587,165657,8553,174210,1559
2022-01-10,Alpine,003,1148,119,116,0,116,0
2022-01-10,Amador,005,37829,6545,6279,153,6432,71
2022-01-10,Butte,007,227075,25770,24217,4786,29003,347
2022-01-10,Calaveras,009,45235,5363,5025,100,5125,93
2022-01-10,Colusa,011,21464,2814,2758,826,3584,21
2022-01-10,Contra Costa,013,1133247,140434,129951,6908,136859,1077
2022-01-10,Del Norte,015,27424,4113,3970,84,4054,43
2022-01-10,El Dorado,017,186661,20925,19606,2309,21915,172
2022-01-10,Fresno,019,978130,169580,161593,14381,175974,2404
2022-01-10,Glenn,021,27897,3965,3807,1167,4974,39
2022-01-10,Humboldt,023,135768,12863,11778,1423,13201,121
2022-01-10,Imperial,025,180216,42981,41080,5840,46920,811
2022-01-10,Inyo,027,18085,3431,3227,113,3340,49
2022-01-10,Kern,029,883053,154018,145744,30310,176054,1929
2022-01-10,Kings,031,150075,37972,36286,2397,38683,389
2022-01-10,Lake,033,64148,7749,7416,432,7848,117
2022-01-10,Lassen,035,31185,7339,7192,534,7726,55
2022-01-10,Los Angeles,037,10098052,2115340,1932475,91618,2024093,27546
2022-01-10,Madera,039,155013,27866,26501,2993,29494,328
2022-01-10,Marin,041,260295,25854,24023,2156,26179,251
2022-01-10,Mariposa,043,17540,1827,1684,74,1758,6
2022-01-10,Mendocino,045,87422,9786,9163,1056,10219,101
2022-01-10,Merced,047,269075,49705,47632,3150,50782,707
2022-01-10,Modoc,049,8938,629,622,216,838,6
2022-01-10,Mono,051,14174,2533,2415,78,2493,4
2022-01-10,Monterey,053,433212,55579,53485,9710,63195,645
2022-01-10,Napa,055,140530,19097,16775,312,17087,109
2022-01-10,Nevada,057,99092,12120,11300,601,11901,110
2022-01-10,Orange,059,3164182,442755,406170,27072,433242,5906
2022-01-10,Placer,061,380077,48810,45642,5198,50840,498
2022-01-10,Plumas,063,18699,2156,2086,117,2203,12
2022-01-10,Riverside,065,2383286,477162,445536,19822,465358,5546
2022-01-10,Sacramento,067,1510023,212132,198023,12037,210060,2474
2022-01-10,San Benito,069,59416,10041,9467,353,9820,83
2022-01-10,San Bernardino,071,2135413,466303,437207,16042,453249,6184
2022-01-10,San Diego,073,3302833,572998,530506,34916,565422,4500
2022-01-10,San Francisco,075,870044,90357,82209,7662,89871,690
2022-01-10,San Joaquin,077,732212,128408,119587,7226,126813,1927
2022-01-10,San Luis Obispo,079,281455,39198,36618,2412,39030,371
2022-01-10,San Mateo,081,765935,82815,75210,8900,84110,582
2022-01-10,Santa Barbara,083,443738,63487,58957,2711,61668,578
2022-01-10,Santa Clara,085,1922200,224094,203540,6652,210192,1971
2022-01-10,Santa Cruz,087,273765,29958,26906,1685,28591,232
2022-01-10,Shasta,089,179085,24902,23983,4285,28268,446
2022-01-10,Sierra,091,2930,239,223,25,248,0
2022-01-10,Siskiyou,093,43540,3697,3592,1721,5313,62
2022-01-10,Solano,095,438530,59799,55663,2882,58545,385
2022-01-10,Sonoma,097,501317,59373,54478,1196,55674,412
2022-01-10,Stanislaus,099,539301,94778,89997,11094,101091,1372
2022-01-10,Sutter,101,95872,16543,15823,706,16529,196
2022-01-10,Tehama,103,63373,9721,9360,1848,11208,140
2022-01-10,Trinity,105,12862,935,849,235,1084,19
2022-01-10,Tulare,107,460477,79350,75498,19766,95264,1186
2022-01-10,Tuolumne,109,53932,9222,8685,184,8869,91
2022-01-10,Ventura,111,848112,139446,126240,6379,132619,1217
2022-01-10,Yolo,113,214977,27724,26065,2117,28182,270
2022-01-10,Yuba,115,75493,12357,11776,597,12373,101
2022-01-09,Alameda,001,1643700,177269,162701,7763,170464,1561
2022-01-09,Alpine,003,1148,119,116,0,116,0
2022-01-09,Amador,005,37829,6460,6215,139,6354,71
2022-01-09,Butte,007,227075,25393,24018,4651,28669,347
2022-01-09,Calaveras,009,45235,5249,4976,91,5067,93
2022-01-09,Colusa,011,21464,2790,2750,808,3558,21
2022-01-09,Contra Costa,013,1133247,137700,128050,6143,134193,1077
2022-01-09,Del Norte,015,27424,4068,3950,78,4028,43
2022-01-09,El Dorado,017,186661,20605,19430,2240,21670,172
2022-01-09,Fresno,019,978130,167076,159989,14126,174115,2405
2022-01-09,Glenn,021,27897,3913,3797,1136,4933,39
2022-01-09,Humboldt,023,135768,12623,11582,1293,12875,121
2022-01-09,Imperial,025,180216,42217,40608,5672,46280,811
2022-01-09,Inyo,027,18085,3324,3149,106,3255,49
2022-01-09,Kern,029,883053,151675,144819,29924,174743,1927
2022-01-09,Kings,031,150075,37292,36041,2357,38398,389
2022-01-09,Lake,033,64148,7654,7393,360,7753,117
2022-01-09,Lassen,035,31185,7281,7172,501,7673,55
2022-01-09,Los Angeles,037,10098052,2070283,1887830,88907,1976737,27532
2022-01-09,Madera,039,155013,27489,26325,2886,29211,328
2022-01-09,Marin,041,260295,25372,23708,2016,25724,251
2022-01-09,Mariposa,043,17540,1778,1660,72,1732,6
2022-01-09,Mendocino,045,87422,9572,9097,947,10044,101
2022-01-09,Merced,047,269075,48978,47294,2879,50173,706
2022-01-09,Modoc,049,8938,627,619,216,835,6
2022-01-09,Mono,051,14174,2498,2390,69,2459,4
2022-01-09,Monterey,053,433212,54804,53251,9120,62371,645
2022-01-09,Napa,055,140530,18609,16614,301,16915,109
2022-01-09,Nevada,057,99092,11898,11152,533,11685,110
2022-01-09,Orange,059,3164182,433196,400563,26414,426977,5905
2022-01-09,Placer,061,380077,47854,45081,5045,50126,498
2022-01-09,Plumas,063,18699,2126,2081,94,2175,12
2022-01-09,Riverside,065,2383286,468435,440413,19362,459775,5546
2022-01-09,Sacramento,067,1510023,207727,195444,10889,206333,2475
2022-01-09,San Benito,069,59416,9863,9363,316,9679,83
2022-01-09,San Bernardino,071,2135413,458759,430257,15353,445610,6180
2022-01-09,San Diego,073,3302833,560289,478206,32832,511038,4500
2022-01-09,San Francisco,075,870044,88655,80463,7236,87699,690
2022-01-09,San Joaquin,077,732212,125375,118422,6986,125408,1927
2022-01-09,San Luis Obispo,079,281455,38409,36291,2277,38568,371
2022-01-09,San Mateo,081,765935,80890,73867,8070,81937,582
2022-01-09,Santa Barbara,083,443738,61831,58280,2447,60727,578
2022-01-09,Santa Clara,085,1922200,218022,199889,6036,205925,1976
2022-01-09,Santa Cruz,087,273765,29220,26513,1647,28160,232
2022-01-09,Shasta,089,179085,24679,23926,4179,28105,446
2022-01-09,Sierra,091,2930,237,223,24,247,0
2022-01-09,Siskiyou,093,43540,3671,3580,1646,5226,62
2022-01-09,Solano,095,438530,58671,54985,2630,57615,384
2022-01-09,Sonoma,097,501317,57739,53543,1141,54684,412
2022-01-09,Stanislaus,099,539301,93442,89248,10876,100124,1372
2022-01-09,Sutter,101,95872,16266,15695,624,16319,196
2022-01-09,Tehama,103,63373,9605,9306,1796,11102,140
2022-01-09,Trinity,105,12862,928,848,235,1083,19
2022-01-09,Tulare,107,460477,78042,75085,19374,94459,1186
2022-01-09,Tuolumne,109,53932,9070,8595,164,8759,91
2022-01-09,Ventura,111,848112,136430,124269,6208,130477,1217
2022-01-09,Yolo,113,214977,27147,25632,2062,27694,270
2022-01-09,Yuba,115,75493,12166,11666,559,12225,101
2022-01-08,Alameda,001,1643700,175447,148560,7538,156098,1558
2022-01-08,Alpine,003,1148,119,114,0,114,0
2022-01-08,Amador,005,37829,6426,6091,133,6224,71
2022-01-08,Butte,007,227075,25218,23429,4618,28047,347
2022-01-08,Calaveras,009,45235,5217,4823,89,4912,93
2022-01-08,Colusa,011,21464,2780,2713,805,3518,21
2022-01-08,Contra Costa,013,1133247,136244,119907,6011,125918,1077
2022-01-08,Del Norte,015,27424,4055,3902,77,3979,43
2022-01-08,El Dorado,017,186661,20437,18599,2205,20804,172
2022-01-08,Fresno,019,978130,166198,155394,14075,169469,2393
2022-01-08,Glenn,021,27897,3905,3732,1134,4866,39
2022-01-08,Humboldt,023,135768,12504,11149,1267,12416,121
2022-01-08,Imperial,025,180216,42051,39429,5599,45028,800
2022-01-08,Inyo,027,18085,3310,3020,103,3123,49
2022-01-08,Kern,029,883053,150596,140410,29660,170070,1921
2022-01-08,Kings,031,150075,37080,35275,2342,37617,390
2022-01-08,Lake,033,64148,7615,7209,349,7558,117
2022-01-08,Lassen,035,31185,7257,7127,486,7613,55
2022-01-08,Los Angeles,037,10098052,2053337,1765787,87422,1853209,27476
2022-01-08,Madera,039,155013,27329,25767,2853,28620,328
2022-01-08,Marin,041,260295,25110,22377,1970,24347,251
2022-01-08,Mariposa,043,17540,1768,1588,72,1660,6
2022-01-08,Mendocino,045,87422,9504,8792,942,9734,101
2022-01-08,Merced,047,269075,48854,46094,2866,48960,703
2022-01-08,Modoc,049,8938,627,610,216,826,6
2022-01-08,Mono,051,14174,2496,2240,65,2305,4
2022-01-08,Monterey,053,433212,54599,51721,8677,60398,644
2022-01-08,Napa,055,140530,18460,15819,287,16106,109
2022-01-08,Nevada,057,99092,11832,10765,517,11282,110
2022-01-08,Orange,059,3164182,429629,375124,25972,401096,5903
2022-01-08,Placer,061,380077,47480,43172,5010,48182,495
2022-01-08,Plumas,063,18699,2119,2053,89,2142,12
2022-01-08,Riverside,065,2383286,465065,422591,19168,441759,5535
2022-01-08,Sacramento,067,1510023,206516,185118,10781,195899,2470
2022-01-08,San Benito,069,59416,9700,9016,313,9329,83
2022-01-08,San Bernardino,071,2135413,455674,411724,15193,426917,6122
2022-01-08,San Diego,073,3302833,555545,472273,32466,504739,4495
2022-01-08,San Francisco,075,870044,87495,73660,6854,80514,690
2022-01-08,San Joaquin,077,732212,124423,112514,6872,119386,1916
2022-01-08,San Luis Obispo,079,281455,38223,34489,2187,36676,369
2022-01-08,San Mateo,081,765935,79755,67918,7799,75717,582
2022-01-08,Santa Barbara,083,443738,61172,54617,2422,57039,575
2022-01-08,Santa Clara,085,1922200,215045,183842,5791,189633,1966
2022-01-08,Santa Cruz,087,273765,28830,24678,1559,26237,230
2022-01-08,Shasta,089,179085,24598,23585,4153,27738,445
2022-01-08,Sierra,091,2930,233,215,24,239,0
2022-01-08,Siskiyou,093,43540,3661,3545,1632,5177,62
2022-01-08,Solano,095,438530,58286,52452,2565,55017,383
2022-01-08,Sonoma,097,501317,57259,50130,1068,51198,411
2022-01-08,Stanislaus,099,539301,92816,87049,10737,97786,1372
2022-01-08,Sutter,101,95872,16152,15261,611,15872,195
2022-01-08,Tehama,103,63373,9574,9109,1791,10900,140
2022-01-08,Trinity,105,12862,924,836,235,1071,19
2022-01-08,Tulare,107,460477,77676,73600,19190,92790,1185
2022-01-08,Tuolumne,109,53932,8980,8360,159,8519,91
2022-01-08,Ventura,111,848112,135312,117229,6145,123374,1216
2022-01-08,Yolo,113,214977,26875,24006,2006,26012,270
2022-01-08,Yuba,115,75493,12085,11277,555,11832,101
2022-01-07,Alameda,001,1643700,172864,148560,7321,155881,1558
2022-01-07,Alpine,003,1148,119,114,0,114,0
2022-01-07,Amador,005,37829,6379,6091,130,6221,71
2022-01-07,Butte,007,227075,25024,23429,4586,28015,347
2022-01-07,Calaveras,009,45235,5186,4823,89,4912,93
2022-01-07,Colusa,011,21464,2772,2713,797,3510,21
2022-01-07,Contra Costa,013,1133247,134443,119907,5811,125718,1077
2022-01-07,Del Norte,015,27424,4039,3902,76,3978,43
2022-01-07,El Dorado,017,186661,20290,18599,2195,20794,172
2022-01-07,Fresno,019,978130,164873,155394,14036,169430,2393
2022-01-07,Glenn,021,27897,3885,3732,1132,4864,39
2022-01-07,Humboldt,023,135768,12363,11149,1240,12389,121
2022-01-07,Imperial,025,180216,41914,39429,5527,44956,800
2022-01-07,Inyo,027,18085,3291,3020,101,3121,49
2022-01-07,Kern,029,883053,149683,140410,29368,169778,1921
2022-01-07,Kings,031,150075,36901,35275,2330,37605,390
2022-01-07,Lake,033,64148,7567,7209,326,7535,117
2022-01-07,Lassen,035,31185,7243,7127,482,7609,55
2022-01-07,Los Angeles,037,10098052,2023477,1765787,86133,1851920,27476
2022-01-07,Madera,039,155013,27156,25767,2825,28592,328
2022-01-07,Marin,041,260295,24743,22377,1935,24312,251
2022-01-07,Mariposa,043,17540,1752,1588,72,1660,6
2022-01-07,Mendocino,045,87422,9412,8792,940,9732,101
2022-01-07,Merced,047,269075,48727,46094,2842,48936,703
2022-01-07,Modoc,049,8938,626,610,216,826,6
2022-01-07,Mono,051,14174,2455,2240,59,2299,4
2022-01-07,Monterey,053,433212,54313,51721,8448,60169,644
2022-01-07,Napa,055,140530,18263,15819,280,16099,109
2022-01-07,Nevada,057,99092,11722,10765,500,11265,110
2022-01-07,Orange,059,3164182,425202,375124,25517,400641,5903
2022-01-07,Placer,061,380077,47036,43172,4966,48138,495
2022-01-07,Plumas,063,18699,2111,2053,88,2141,12
2022-01-07,Riverside,065,2383286,461370,422591,19047,441638,5535
2022-01-07,Sacramento,067,1510023,204560,185118,10642,195760,2470
2022-01-07,San Benito,069,59416,9656,9016,307,9323,83
2022-01-07,San Bernardino,071,2135413,452010,411724,15083,426807,6122
2022-01-07,San Diego,073,3302833,548462,472273,32002,504275,4495
2022-01-07,San Francisco,075,870044,86144,73660,6474,80134,690
2022-01-07,San Joaquin,077,732212,123496,112514,6787,119301,1916
2022-01-07,San Luis Obispo,079,281455,38015,34489,2119,36608,369
2022-01-07,San Mateo,081,765935,78588,67918,7491,75409,582
2022-01-07,Santa Barbara,083,443738,60495,54617,2403,57020,575
2022-01-07,Santa Clara,085,1922200,211831,183842,5670,189512,1966
2022-01-07,Santa Cruz,087,273765,28374,24678,1542,26220,230
2022-01-07,Shasta,089,179085,24509,23585,4117,27702,445
2022-01-07,Sierra,091,2930,230,215,24,239,0
2022-01-07,Siskiyou,093,43540,3653,3545,1623,5168,62
2022-01-07,Solano,095,438530,57752,52452,2535,54987,383
2022-01-07,Sonoma,097,501317,56669,50130,1020,51150,411
2022-01-07,Stanislaus,099,539301,92319,87049,10656,97705,1372
2022-01-07,Sutter,101,95872,16008,15261,598,15859,195
2022-01-07,Tehama,103,63373,9535,9109,1778,10887,140
2022-01-07,Trinity,105,12862,919,836,234,1070,19
2022-01-07,Tulare,107,460477,77294,73600,19030,92630,1185
2022-01-07,Tuolumne,109,53932,8903,8360,154,8514,91
2022-01-07,Ventura,111,848112,133766,117229,6086,123315,1216
2022-01-07,Yolo,113,214977,26524,24006,1972,25978,270
2022-01-07,Yuba,115,75493,11986,11277,552,11829,101
2022-01-06,Alameda,001,1643700,167634,148560,6785,155345,1558
2022-01-06,Alpine,003,1148,118,114,0,114,0
2022-01-06,Amador,005,37829,6333,6091,122,6213,71
2022-01-06,Butte,007,227075,24736,23429,4508,27937,347
2022-01-06,Calaveras,009,45235,5060,4823,88,4911,93
2022-01-06,Colusa,011,21464,2752,2713,789,3502,21
2022-01-06,Contra Costa,013,1133247,131688,119907,5341,125248,1077
2022-01-06,Del Norte,015,27424,4009,3902,74,3976,43
2022-01-06,El Dorado,017,186661,19977,18599,2153,20752,172
2022-01-06,Fresno,019,978130,162759,155394,13835,169229,2393
2022-01-06,Glenn,021,27897,3859,3732,1124,4856,39
2022-01-06,Humboldt,023,135768,12121,11149,1198,12347,121
2022-01-06,Imperial,025,180216,41353,39429,5402,44831,800
2022-01-06,Inyo,027,18085,3251,3020,99,3119,49
2022-01-06,Kern,029,883053,148129,140410,28968,169378,1921
2022-01-06,Kings,031,150075,36568,35275,2309,37584,390
2022-01-06,Lake,033,64148,7501,7209,308,7517,117
2022-01-06,Lassen,035,31185,7219,7127,475,7602,55
2022-01-06,Los Angeles,037,10098052,1970708,1765787,83983,1849770,27476
2022-01-06,Madera,039,155013,26853,25767,2761,28528,328
2022-01-06,Marin,041,260295,24360,22377,1853,24230,251
2022-01-06,Mariposa,043,17540,1733,1588,70,1658,6
2022-01-06,Mendocino,045,87422,9319,8792,897,9689,101
2022-01-06,Merced,047,269075,48186,46094,2711,48805,703
2022-01-06,Modoc,049,8938,625,610,216,826,6
2022-01-06,Mono,051,14174,2429,2240,55,2295,4
2022-01-06,Monterey,053,433212,53768,51721,7786,59507,644
2022-01-06,Napa,055,140530,17871,15819,270,16089,109
2022-01-06,Nevada,057,99092,11533,10765,480,11245,110
2022-01-06,Orange,059,3164182,416463,375124,24866,399990,5903
2022-01-06,Placer,061,380077,46361,43172,4876,48048,495
2022-01-06,Plumas,063,18699,2101,2053,79,2132,12
2022-01-06,Riverside,065,2383286,454074,422591,18725,441316,5535
2022-01-06,Sacramento,067,1510023,200894,185118,9874,194992,2470
2022-01-06,San Benito,069,59416,9556,9016,300,9316,83
2022-01-06,San Bernardino,071,2135413,445078,411724,14725,426449,6122
2022-01-06,San Diego,073,3302833,536913,472273,30933,503206,4495
2022-01-06,San Francisco,075,870044,83892,73660,6045,79705,690
2022-01-06,San Joaquin,077,732212,121352,112514,6661,119175,1916
2022-01-06,San Luis Obispo,079,281455,37319,34489,1966,36455,369
2022-01-06,San Mateo,081,765935,76564,67918,6969,74887,582
2022-01-06,Santa Barbara,083,443738,59335,54617,2340,56957,575
2022-01-06,Santa Clara,085,1922200,206932,183842,5235,189077,1966
2022-01-06,Santa Cruz,087,273765,27842,24678,1506,26184,230
2022-01-06,Shasta,089,179085,24365,23585,4076,27661,445
2022-01-06,Sierra,091,2930,226,215,24,239,0
2022-01-06,Siskiyou,093,43540,3638,3545,1579,5124,62
2022-01-06,Solano,095,438530,56762,52452,2388,54840,383
2022-01-06,Sonoma,097,501317,55304,50130,950,51080,411
2022-01-06,Stanislaus,099,539301,91183,87049,10461,97510,1372
2022-01-06,Sutter,101,95872,15837,15261,574,15835,195
2022-01-06,Tehama,103,63373,9462,9109,1749,10858,140
2022-01-06,Trinity,105,12862,913,836,232,1068,19
2022-01-06,Tulare,107,460477,76642,73600,18826,92426,1185
2022-01-06,Tuolumne,109,53932,8798,8360,148,8508,91
2022-01-06,Ventura,111,848112,131111,117229,5949,123178,1216
2022-01-06,Yolo,113,214977,26003,24006,1916,25922,270
2022-01-06,Yuba,115,75493,11851,11277,533,11810,101
2022-01-05,Alameda,001,1643700,162614,144824,6304,151128,1548
2022-01-05,Alpine,003,1148,118,112,0,112,0
2022-01-05,Amador,005,37829,6293,6012,119,6131,70
2022-01-05,Butte,007,227075,24424,23134,4453,27587,343
2022-01-05,Calaveras,009,45235,5012,4758,87,4845,90
2022-01-05,Colusa,011,21464,2740,2704,777,3481,21
2022-01-05,Contra Costa,013,1133247,128772,117188,4864,122052,1071
2022-01-05,Del Norte,015,27424,3988,3862,72,3934,43
2022-01-05,El Dorado,017,186661,19659,18367,2120,20487,171
2022-01-05,Fresno,019,978130,160744,153033,13639,166672,2377
2022-01-05,Glenn,021,27897,3810,3700,1115,4815,39
2022-01-05,Humboldt,023,135768,11914,10938,1145,12083,120
2022-01-05,Imperial,025,180216,40740,38789,5277,44066,800
2022-01-05,Inyo,027,18085,3162,2939,94,3033,49
2022-01-05,Kern,029,883053,146441,138186,28536,166722,1913
2022-01-05,Kings,031,150075,36250,34893,2289,37182,387
2022-01-05,Lake,033,64148,7416,7129,289,7418,117
2022-01-05,Lassen,035,31185,7201,7077,466,7543,55
2022-01-05,Los Angeles,037,10098052,1916802,1729640,81882,1811522,27443
2022-01-05,Madera,039,155013,26604,25392,2681,28073,327
2022-01-05,Marin,041,260295,24044,21829,1763,23592,251
2022-01-05,Mariposa,043,17540,1707,1564,69,1633,6
2022-01-05,Mendocino,045,87422,9196,8625,861,9486,101
2022-01-05,Merced,047,269075,47618,45721,2580,48301,700
2022-01-05,Modoc,049,8938,623,603,216,819,6
2022-01-05,Mono,051,14174,2402,2201,49,2250,4
2022-01-05,Monterey,053,433212,53112,51241,7413,58654,639
2022-01-05,Napa,055,140530,17509,15494,249,15743,108
2022-01-05,Nevada,057,99092,11347,10624,462,11086,110
2022-01-05,Orange,059,3164182,406941,366139,24116,390255,5869
2022-01-05,Placer,061,380077,45520,42456,4778,47234,492
2022-01-05,Plumas,063,18699,2085,2020,78,2098,12
2022-01-05,Riverside,065,2383286,446894,415253,18504,433757,5502
2022-01-05,Sacramento,067,1510023,196553,181488,8938,190426,2455
2022-01-05,San Benito,069,59416,9366,8829,287,9116,83
2022-01-05,San Bernardino,071,2135413,437171,405323,14305,419628,6085
2022-01-05,San Diego,073,3302833,523694,466602,30139,496741,4495
2022-01-05,San Francisco,075,870044,81382,71405,5752,77157,686
2022-01-05,San Joaquin,077,732212,118842,110497,6585,117082,1903
2022-01-05,San Luis Obispo,079,281455,36530,34066,1866,35932,369
2022-01-05,San Mateo,081,765935,74598,66018,6604,72622,578
2022-01-05,Santa Barbara,083,443738,58060,53082,2263,55345,570
2022-01-05,Santa Clara,085,1922200,201147,178629,4794,183423,1961
2022-01-05,Santa Cruz,087,273765,27087,24394,1474,25868,229
2022-01-05,Shasta,089,179085,24213,23361,4045,27406,441
2022-01-05,Sierra,091,2930,223,210,23,233,0
2022-01-05,Siskiyou,093,43540,3627,3513,1553,5066,60
2022-01-05,Solano,095,438530,55750,51505,2279,53784,380
2022-01-05,Sonoma,097,501317,54111,49120,901,50021,412
2022-01-05,Stanislaus,099,539301,90222,86248,10275,96523,1360
2022-01-05,Sutter,101,95872,15633,15117,536,15653,193
2022-01-05,Tehama,103,63373,9366,9011,1719,10730,140
2022-01-05,Trinity,105,12862,910,822,230,1052,19
2022-01-05,Tulare,107,460477,75925,72718,18644,91362,1173
2022-01-05,Tuolumne,109,53932,8707,8223,140,8363,90
2022-01-05,Ventura,111,848112,128406,114752,5794,120546,1211
2022-01-05,Yolo,113,214977,25431,23401,1861,25262,269
2022-01-05,Yuba,115,75493,11671,11138,508,11646,100
2022-01-04,Alameda,001,1643700,157189,143360,5899,149259,1532
2022-01-04,Alpine,003,1148,118,113,0,113,0
2022-01-04,Amador,005,37829,6227,6025,113,6138,71
2022-01-04,Butte,007,227075,24125,23094,4383,27477,346
2022-01-04,Calaveras,009,45235,4940,4767,83,4850,93
2022-01-04,Colusa,011,21464,2728,2689,772,3461,21
2022-01-04,Contra Costa,013,1133247,125790,116005,4459,120464,1075
2022-01-04,Del Norte,015,27424,3956,3882,70,3952,43
2022-01-04,El Dorado,017,186661,19350,18339,2096,20435,172
2022-01-04,Fresno,019,978130,158599,153244,13514,166758,2380
2022-01-04,Glenn,021,27897,3778,3705,1103,4808,39
2022-01-04,Humboldt,023,135768,11654,10865,1093,11958,120
2022-01-04,Imperial,025,180216,40173,38596,5104,43700,800
2022-01-04,Inyo,027,18085,3079,2870,92,2962,49
2022-01-04,Kern,029,883053,144642,138245,28068,166313,1916
2022-01-04,Kings,031,150075,35981,34931,2272,37203,388
2022-01-04,Lake,033,64148,7381,7152,270,7422,117
2022-01-04,Lassen,035,31185,7179,7111,463,7574,55
2022-01-04,Los Angeles,037,10098052,1859276,1705253,79697,1784950,27419
2022-01-04,Madera,039,155013,26265,25425,2618,28043,328
2022-01-04,Marin,041,260295,23594,21675,1607,23282,251
2022-01-04,Mariposa,043,17540,1669,1564,67,1631,6
2022-01-04,Mendocino,045,87422,9075,8636,837,9473,101
2022-01-04,Merced,047,269075,47015,45583,2452,48035,700
2022-01-04,Modoc,049,8938,621,611,216,827,6
2022-01-04,Mono,051,14174,2345,2190,40,2230,4
2022-01-04,Monterey,053,433212,52580,51176,7010,58186,643
2022-01-04,Napa,055,140530,17001,15370,241,15611,107
2022-01-04,Nevada,057,99092,11199,10608,449,11057,110
2022-01-04,Orange,059,3164182,396732,362051,23348,385399,5897
2022-01-04,Placer,061,380077,44723,42285,4669,46954,494
2022-01-04,Plumas,063,18699,2072,2014,76,2090,12
2022-01-04,Riverside,065,2383286,438561,413366,18342,431708,5504
2022-01-04,Sacramento,067,1510023,192135,181271,8213,189484,2453
2022-01-04,San Benito,069,59416,9183,8763,274,9037,79
2022-01-04,San Bernardino,071,2135413,429093,404409,13928,418337,6060
2022-01-04,San Diego,073,3302833,507462,458499,29286,487785,4487
2022-01-04,San Francisco,075,870044,78698,70666,5403,76069,688
2022-01-04,San Joaquin,077,732212,116435,110374,6432,116806,1911
2022-01-04,San Luis Obispo,079,281455,35735,33788,1762,35550,371
2022-01-04,San Mateo,081,765935,72501,65157,6259,71416,582
2022-01-04,Santa Barbara,083,443738,56608,52449,2185,54634,574
2022-01-04,Santa Clara,085,1922200,195200,176854,4198,181052,1964
2022-01-04,Santa Cruz,087,273765,26329,23904,1428,25332,228
2022-01-04,Shasta,089,179085,24074,23366,3994,27360,442
2022-01-04,Sierra,091,2930,223,214,23,237,0
2022-01-04,Siskiyou,093,43540,3610,3509,1533,5042,61
2022-01-04,Solano,095,438530,54497,51300,2121,53421,383
2022-01-04,Sonoma,097,501317,52514,48653,839,49492,410
2022-01-04,Stanislaus,099,539301,89178,86107,10124,96231,1361
2022-01-04,Sutter,101,95872,15486,15032,510,15542,193
2022-01-04,Tehama,103,63373,9287,9020,1697,10717,140
2022-01-04,Trinity,105,12862,903,833,226,1059,18
2022-01-04,Tulare,107,460477,75174,72893,18454,91347,1172
2022-01-04,Tuolumne,109,53932,8603,8235,132,8367,91
2022-01-04,Ventura,111,848112,125374,114079,5646,119725,1213
2022-01-04,Yolo,113,214977,24829,22938,1822,24760,270
2022-01-04,Yuba,115,75493,11491,11104,494,11598,101
2022-01-03,Alameda,001,1643700,151301,142090,5488,147578,1529
2022-01-03,Alpine,003,1148,117,113,0,113,0
2022-01-03,Amador,005,37829,6172,6004,105,6109,71
2022-01-03,Butte,007,227075,23837,22924,4336,27260,345
2022-01-03,Calaveras,009,45235,4881,4742,79,4821,93
2022-01-03,Colusa,011,21464,2720,2683,766,3449,21
2022-01-03,Contra Costa,013,1133247,122672,114966,3838,118804,1073
2022-01-03,Del Norte,015,27424,3937,3873,67,3940,43
2022-01-03,El Dorado,017,186661,18986,18183,2065,20248,172
2022-01-03,Fresno,019,978130,156635,152674,13383,166057,2379
2022-01-03,Glenn,021,27897,3750,3703,1064,4767,39
2022-01-03,Humboldt,023,135768,11452,10784,1043,11827,119
2022-01-03,Imperial,025,180216,39579,38411,5019,43430,800
2022-01-03,Inyo,027,18085,3014,2845,87,2932,49
2022-01-03,Kern,029,883053,142787,137773,27625,165398,1916
2022-01-03,Kings,031,150075,35697,34817,2241,37058,387
2022-01-03,Lake,033,64148,7287,7134,245,7379,117
2022-01-03,Lassen,035,31185,7163,7103,461,7564,55
2022-01-03,Los Angeles,037,10098052,1801858,1686203,77187,1763390,27394
2022-01-03,Madera,039,155013,25982,25323,2577,27900,320
2022-01-03,Marin,041,260295,23029,21532,1424,22956,251
2022-01-03,Mariposa,043,17540,1628,1559,67,1626,6
2022-01-03,Mendocino,045,87422,8928,8573,782,9355,101
2022-01-03,Merced,047,269075,46429,45459,2343,47802,696
2022-01-03,Modoc,049,8938,618,602,216,818,6
2022-01-03,Mono,051,14174,2233,2172,31,2203,4
2022-01-03,Monterey,053,433212,52004,51047,6579,57626,644
2022-01-03,Napa,055,140530,16487,15260,220,15480,107
2022-01-03,Nevada,057,99092,11054,10572,437,11009,110
2022-01-03,Orange,059,3164182,385869,358052,22525,380577,5894
2022-01-03,Placer,061,380077,43963,42054,4611,46665,489
2022-01-03,Plumas,063,18699,2055,2005,75,2080,12
2022-01-03,Riverside,065,2383286,430225,410155,18100,428255,5504
2022-01-03,Sacramento,067,1510023,187483,179992,7649,187641,2452
2022-01-03,San Benito,069,59416,9021,8688,258,8946,79
2022-01-03,San Bernardino,071,2135413,421084,401938,13603,415541,6056
2022-01-03,San Diego,073,3302833,491781,451154,28499,479653,4476
2022-01-03,San Francisco,075,870044,76047,69315,4987,74302,686
2022-01-03,San Joaquin,077,732212,114137,109757,6329,116086,1903
2022-01-03,San Luis Obispo,079,281455,34928,33667,1665,35332,367
2022-01-03,San Mateo,081,765935,70157,64470,5727,70197,582
2022-01-03,Santa Barbara,083,443738,55194,51912,2091,54003,571
2022-01-03,Santa Clara,085,1922200,189309,174215,3674,177889,1963
2022-01-03,Santa Cruz,087,273765,25550,23765,1371,25136,228
2022-01-03,Shasta,089,179085,23892,23301,3970,27271,440
2022-01-03,Sierra,091,2930,217,213,22,235,0
2022-01-03,Siskiyou,093,43540,3585,3500,1509,5009,61
2022-01-03,Solano,095,438530,53225,51030,1939,52969,380
2022-01-03,Sonoma,097,501317,50870,48391,802,49193,410
2022-01-03,Stanislaus,099,539301,88213,85793,9988,95781,1332
2022-01-03,Sutter,101,95872,15335,14973,489,15462,193
2022-01-03,Tehama,103,63373,9213,9005,1669,10674,140
2022-01-03,Trinity,105,12862,898,833,225,1058,18
2022-01-03,Tulare,107,460477,74524,72664,18260,90924,1167
2022-01-03,Tuolumne,109,53932,8475,8179,129,8308,91
2022-01-03,Ventura,111,848112,122248,112762,5475,118237,1211
2022-01-03,Yolo,113,214977,24177,22563,1772,24335,270
2022-01-03,Yuba,115,75493,11359,11037,475,11512,99
2022-01-02,Alameda,001,1643700,147070,133486,4926,138412,1528
2022-01-02,Alpine,003,1148,115,113,0,113,0
2022-01-02,Amador,005,37829,6109,5913,95,6008,70
2022-01-02,Butte,007,227075,23519,22469,4278,26747,341
2022-01-02,Calaveras,009,45235,4823,4668,74,4742,93
2022-01-02,Colusa,011,21464,2715,2659,756,3415,21
2022-01-02,Contra Costa,013,1133247,119360,109593,3313,112906,1073
2022-01-02,Del Norte,015,27424,3908,3841,65,3906,43
2022-01-02,El Dorado,017,186661,18692,17621,2007,19628,172
2022-01-02,Fresno,019,978130,154955,149927,13243,163170,2379
2022-01-02,Glenn,021,27897,3724,3663,1057,4720,39
2022-01-02,Humboldt,023,135768,11220,10381,957,11338,119
2022-01-02,Imperial,025,180216,38920,37672,4829,42501,800
2022-01-02,Inyo,027,18085,2949,2726,75,2801,49
2022-01-02,Kern,029,883053,140957,136123,27151,163274,1917
2022-01-02,Kings,031,150075,35397,34318,2212,36530,386
2022-01-02,Lake,033,64148,7220,7060,225,7285,117
2022-01-02,Lassen,035,31185,7148,7089,458,7547,55
2022-01-02,Los Angeles,037,10098052,1754080,1596123,74513,1670636,27371
2022-01-02,Madera,039,155013,25734,25002,2522,27524,320
2022-01-02,Marin,041,260295,22499,20475,1188,21663,249
2022-01-02,Mariposa,043,17540,1598,1509,65,1574,6
2022-01-02,Mendocino,045,87422,8812,8422,759,9181,101
2022-01-02,Merced,047,269075,45908,44769,2238,47007,694
2022-01-02,Modoc,049,8938,616,601,215,816,6
2022-01-02,Mono,051,14174,2209,2101,29,2130,4
2022-01-02,Monterey,053,433212,51579,50251,6208,56459,643
2022-01-02,Napa,055,140530,15935,14439,213,14652,107
2022-01-02,Nevada,057,99092,10871,10299,421,10720,110
2022-01-02,Orange,059,3164182,375303,339526,21677,361203,5890
2022-01-02,Placer,061,380077,43305,40857,4533,45390,489
2022-01-02,Plumas,063,18699,2040,1994,71,2065,12
2022-01-02,Riverside,065,2383286,422174,397124,17766,414890,5501
2022-01-02,Sacramento,067,1510023,183894,173562,6837,180399,2448
2022-01-02,San Benito,069,59416,8842,8320,241,8561,79
2022-01-02,San Bernardino,071,2135413,413890,386278,13218,399496,6051
2022-01-02,San Diego,073,3302833,477253,427087,27201,454288,4469
2022-01-02,San Francisco,075,870044,73369,64498,4589,69087,682
2022-01-02,San Joaquin,077,732212,112281,106640,6237,112877,1902
2022-01-02,San Luis Obispo,079,281455,34203,32342,1579,33921,365
2022-01-02,San Mateo,081,765935,68035,60504,5028,65532,581
2022-01-02,Santa Barbara,083,443738,53802,49555,2031,51586,568
2022-01-02,Santa Clara,085,1922200,183248,164547,3082,167629,1969
2022-01-02,Santa Cruz,087,273765,24921,22980,1334,24314,228
2022-01-02,Shasta,089,179085,23708,23161,3917,27078,435
2022-01-02,Sierra,091,2930,216,206,22,228,0
2022-01-02,Siskiyou,093,43540,3561,3474,1486,4960,61
2022-01-02,Solano,095,438530,52320,48957,1746,50703,379
2022-01-02,Sonoma,097,501317,49591,46040,767,46807,410
2022-01-02,Stanislaus,099,539301,87387,84367,9889,94256,1332
2022-01-02,Sutter,101,95872,15168,14741,467,15208,193
2022-01-02,Tehama,103,63373,9149,8944,1649,10593,139
2022-01-02,Trinity,105,12862,896,832,224,1056,17
2022-01-02,Tulare,107,460477,73933,71941,18080,90021,1160
2022-01-02,Tuolumne,109,53932,8382,8044,124,8168,91
2022-01-02,Ventura,111,848112,119400,107992,5296,113288,1211
2022-01-02,Yolo,113,214977,23542,21747,1695,23442,270
2022-01-02,Yuba,115,75493,11242,10844,455,11299,99
2022-01-01,Alameda,001,1643700,145353,133486,4433,137919,1528
2022-01-01,Alpine,003,1148,115,113,0,113,0
2022-01-01,Amador,005,37829,6074,5913,91,6004,70
2022-01-01,Butte,007,227075,23347,22469,4252,26721,341
2022-01-01,Calaveras,009,45235,4801,4668,73,4741,93
2022-01-01,Colusa,011,21464,2713,2659,746,3405,21
2022-01-01,Contra Costa,013,1133247,118098,109593,3167,112760,1073
2022-01-01,Del Norte,015,27424,3902,3841,65,3906,43
2022-01-01,El Dorado,017,186661,18553,17621,1990,19611,172
2022-01-01,Fresno,019,978130,154322,149927,13212,163139,2379
2022-01-01,Glenn,021,27897,3719,3663,1057,4720,39
2022-01-01,Humboldt,023,135768,11092,10381,934,11315,119
2022-01-01,Imperial,025,180216,38782,37672,4786,42458,800
2022-01-01,Inyo,027,18085,2921,2726,71,2797,49
2022-01-01,Kern,029,883053,140289,136123,26891,163014,1917
2022-01-01,Kings,031,150075,35265,34318,2196,36514,386
2022-01-01,Lake,033,64148,7190,7060,219,7279,117
2022-01-01,Lassen,035,31185,7142,7089,453,7542,55
2022-01-01,Los Angeles,037,10098052,1736206,1596123,72827,1668950,27371
2022-01-01,Madera,039,155013,25653,25002,2508,27510,320
2022-01-01,Marin,041,260295,22211,20475,1027,21502,249
2022-01-01,Mariposa,043,17540,1587,1509,65,1574,6
2022-01-01,Mendocino,045,87422,8721,8422,740,9162,101
2022-01-01,Merced,047,269075,45781,44769,2218,46987,694
2022-01-01,Modoc,049,8938,613,601,215,816,6
2022-01-01,Mono,051,14174,2205,2101,25,2126,4
2022-01-01,Monterey,053,433212,51411,50251,6020,56271,643
2022-01-01,Napa,055,140530,15795,14439,208,14647,107
2022-01-01,Nevada,057,99092,10810,10299,414,10713,110
2022-01-01,Orange,059,3164182,371271,339526,21253,360779,5890
2022-01-01,Placer,061,380077,43028,40857,4483,45340,489
2022-01-01,Plumas,063,18699,2030,1994,70,2064,12
2022-01-01,Riverside,065,2383286,418823,397124,17721,414845,5501
2022-01-01,Sacramento,067,1510023,182808,173562,6493,180055,2448
2022-01-01,San Benito,069,59416,8750,8320,237,8557,79
2022-01-01,San Bernardino,071,2135413,410995,386278,13062,399340,6051
2022-01-01,San Diego,073,3302833,471637,427087,26752,453839,4469
2022-01-01,San Francisco,075,870044,72070,64498,4299,68797,682
2022-01-01,San Joaquin,077,732212,111609,106640,6200,112840,1902
2022-01-01,San Luis Obispo,079,281455,34010,32342,1568,33910,365
2022-01-01,San Mateo,081,765935,66839,60504,4576,65080,581
2022-01-01,Santa Barbara,083,443738,53096,49555,1962,51517,568
2022-01-01,Santa Clara,085,1922200,180270,164547,2861,167408,1969
2022-01-01,Santa Cruz,087,273765,24619,22980,1291,24271,228
2022-01-01,Shasta,089,179085,23630,23161,3902,27063,435
2022-01-01,Sierra,091,2930,215,206,22,228,0
2022-01-01,Siskiyou,093,43540,3559,3474,1479,4953,61
2022-01-01,Solano,095,438530,52064,48957,1696,50653,379
2022-01-01,Sonoma,097,501317,49239,46040,749,46789,410
2022-01-01,Stanislaus,099,539301,86996,84367,9855,94222,1332
2022-01-01,Sutter,101,95872,15092,14741,458,15199,193
2022-01-01,Tehama,103,63373,9118,8944,1638,10582,139
2022-01-01,Trinity,105,12862,893,832,224,1056,17
2022-01-01,Tulare,107,460477,73706,71941,17981,89922,1160
2022-01-01,Tuolumne,109,53932,8326,8044,122,8166,91
2022-01-01,Ventura,111,848112,118051,107992,5216,113208,1211
2022-01-01,Yolo,113,214977,23127,21747,1654,23401,270
2022-01-01,Yuba,115,75493,11178,10844,449,11293,99
2021-12-31,Alameda,001,1643700,144678,133486,4334,137820,1528
2021-12-31,Alpine,003,1148,115,113,0,113,0
2021-12-31,Amador,005,37829,6053,5913,89,6002,70
2021-12-31,Butte,007,227075,23269,22469,4225,26694,341
2021-12-31,Calaveras,009,45235,4780,4668,73,4741,93
2021-12-31,Colusa,011,21464,2708,2659,740,3399,21
2021-12-31,Contra Costa,013,1133247,117308,109593,3123,112716,1073
2021-12-31,Del Norte,015,27424,3893,3841,63,3904,43
2021-12-31,El Dorado,017,186661,18482,17621,1969,19590,172
2021-12-31,Fresno,019,978130,154046,149927,13200,163127,2379
2021-12-31,Glenn,021,27897,3718,3663,1057,4720,39
2021-12-31,Humboldt,023,135768,11006,10381,916,11297,119
2021-12-31,Imperial,025,180216,38680,37672,4772,42444,800
2021-12-31,Inyo,027,18085,2896,2726,71,2797,49
2021-12-31,Kern,029,883053,139806,136123,26787,162910,1917
2021-12-31,Kings,031,150075,35171,34318,2192,36510,386
2021-12-31,Lake,033,64148,7172,7060,214,7274,117
2021-12-31,Lassen,035,31185,7131,7089,453,7542,55
2021-12-31,Los Angeles,037,10098052,1726926,1596123,72208,1668331,27371
2021-12-31,Madera,039,155013,25594,25002,2491,27493,320
2021-12-31,Marin,041,260295,22064,20475,965,21440,249
2021-12-31,Mariposa,043,17540,1582,1509,64,1573,6
2021-12-31,Mendocino,045,87422,8690,8422,730,9152,101
2021-12-31,Merced,047,269075,45709,44769,2199,46968,694
2021-12-31,Modoc,049,8938,609,601,213,814,6
2021-12-31,Mono,051,14174,2200,2101,25,2126,4
2021-12-31,Monterey,053,433212,51322,50251,5936,56187,643
2021-12-31,Napa,055,140530,15691,14439,206,14645,107
2021-12-31,Nevada,057,99092,10753,10299,408,10707,110
2021-12-31,Orange,059,3164182,368942,339526,21001,360527,5890
2021-12-31,Placer,061,380077,42822,40857,4438,45295,489
2021-12-31,Plumas,063,18699,2026,1994,69,2063,12
2021-12-31,Riverside,065,2383286,417315,397124,17693,414817,5501
2021-12-31,Sacramento,067,1510023,182091,173562,6391,179953,2448
2021-12-31,San Benito,069,59416,8736,8320,236,8556,79
2021-12-31,San Bernardino,071,2135413,409033,386278,12944,399222,6051
2021-12-31,San Diego,073,3302833,468652,427087,26487,453574,4469
2021-12-31,San Francisco,075,870044,71238,64498,4197,68695,682
2021-12-31,San Joaquin,077,732212,111018,106640,6162,112802,1902
2021-12-31,San Luis Obispo,079,281455,33918,32342,1556,33898,365
2021-12-31,San Mateo,081,765935,66071,60504,4450,64954,581
2021-12-31,Santa Barbara,083,443738,52748,49555,1939,51494,568
2021-12-31,Santa Clara,085,1922200,178388,164547,2719,167266,1969
2021-12-31,Santa Cruz,087,273765,24408,22980,1271,24251,228
2021-12-31,Shasta,089,179085,23569,23161,3880,27041,435
2021-12-31,Sierra,091,2930,215,206,22,228,0
2021-12-31,Siskiyou,093,43540,3554,3474,1463,4937,61
2021-12-31,Solano,095,438530,51917,48957,1668,50625,379
2021-12-31,Sonoma,097,501317,49030,46040,734,46774,410
2021-12-31,Stanislaus,099,539301,86687,84367,9825,94192,1332
2021-12-31,Sutter,101,95872,15034,14741,449,15190,193
2021-12-31,Tehama,103,63373,9090,8944,1629,10573,139
2021-12-31,Trinity,105,12862,892,832,224,1056,17
2021-12-31,Tulare,107,460477,73528,71941,17902,89843,1160
2021-12-31,Tuolumne,109,53932,8282,8044,120,8164,91
2021-12-31,Ventura,111,848112,117113,107992,5156,113148,1211
2021-12-31,Yolo,113,214977,22914,21747,1631,23378,270
2021-12-31,Yuba,115,75493,11123,10844,444,11288,99
2021-12-30,Alameda,001,1643700,143470,133486,4086,137572,1528
2021-12-30,Alpine,003,1148,114,113,0,113,0
2021-12-30,Amador,005,37829,6036,5913,88,6001,70
2021-12-30,Butte,007,227075,23156,22469,4202,26671,341
2021-12-30,Calaveras,009,45235,4764,4668,73,4741,93
2021-12-30,Colusa,011,21464,2707,2659,738,3397,21
2021-12-30,Contra Costa,013,1133247,116293,109593,3016,112609,1073
2021-12-30,Del Norte,015,27424,3883,3841,62,3903,43
2021-12-30,El Dorado,017,186661,18383,17621,1949,19570,172
2021-12-30,Fresno,019,978130,153567,149927,13166,163093,2379
2021-12-30,Glenn,021,27897,3712,3663,1056,4719,39
2021-12-30,Humboldt,023,135768,10940,10381,904,11285,119
2021-12-30,Imperial,025,180216,38529,37672,4712,42384,800
2021-12-30,Inyo,027,18085,2876,2726,70,2796,49
2021-12-30,Kern,029,883053,139300,136123,26566,162689,1917
2021-12-30,Kings,031,150075,35054,34318,2180,36498,386
2021-12-30,Lake,033,64148,7160,7060,208,7268,117
2021-12-30,Lassen,035,31185,7125,7089,453,7542,55
2021-12-30,Los Angeles,037,10098052,1705633,1596123,71029,1667152,27371
2021-12-30,Madera,039,155013,25513,25002,2472,27474,320
2021-12-30,Marin,041,260295,21899,20475,913,21388,249
2021-12-30,Mariposa,043,17540,1577,1509,64,1573,6
2021-12-30,Mendocino,045,87422,8673,8422,718,9140,101
2021-12-30,Merced,047,269075,45620,44769,2181,46950,694
2021-12-30,Modoc,049,8938,608,601,213,814,6
2021-12-30,Mono,051,14174,2199,2101,24,2125,4
2021-12-30,Monterey,053,433212,51186,50251,5727,55978,643
2021-12-30,Napa,055,140530,15551,14439,198,14637,107
2021-12-30,Nevada,057,99092,10691,10299,400,10699,110
2021-12-30,Orange,059,3164182,364058,339526,20599,360125,5890
2021-12-30,Placer,061,380077,42559,40857,4409,45266,489
2021-12-30,Plumas,063,18699,2023,1994,68,2062,12
2021-12-30,Riverside,065,2383286,414152,397124,17656,414780,5501
2021-12-30,Sacramento,067,1510023,180934,173562,6219,179781,2448
2021-12-30,San Benito,069,59416,8696,8320,229,8549,79
2021-12-30,San Bernardino,071,2135413,406760,386278,12878,399156,6051
2021-12-30,San Diego,073,3302833,463863,427087,26039,453126,4469
2021-12-30,San Francisco,075,870044,70248,64498,4007,68505,682
2021-12-30,San Joaquin,077,732212,110442,106640,6134,112774,1902
2021-12-30,San Luis Obispo,079,281455,33807,32342,1544,33886,365
2021-12-30,San Mateo,081,765935,65276,60504,4115,64619,581
2021-12-30,Santa Barbara,083,443738,52284,49555,1889,51444,568
2021-12-30,Santa Clara,085,1922200,176127,164547,2602,167149,1969
2021-12-30,Santa Cruz,087,273765,24177,22980,1237,24217,228
2021-12-30,Shasta,089,179085,23521,23161,3876,27037,435
2021-12-30,Sierra,091,2930,215,206,22,228,0
2021-12-30,Siskiyou,093,43540,3545,3474,1459,4933,61
2021-12-30,Solano,095,438530,51576,48957,1622,50579,379
2021-12-30,Sonoma,097,501317,48711,46040,720,46760,410
2021-12-30,Stanislaus,099,539301,86377,84367,9785,94152,1332
2021-12-30,Sutter,101,95872,14975,14741,446,15187,193
2021-12-30,Tehama,103,63373,9064,8944,1623,10567,139
2021-12-30,Trinity,105,12862,889,832,224,1056,17
2021-12-30,Tulare,107,460477,73359,71941,17825,89766,1160
2021-12-30,Tuolumne,109,53932,8244,8044,119,8163,91
2021-12-30,Ventura,111,848112,115880,107992,5093,113085,1211
2021-12-30,Yolo,113,214977,22783,21747,1606,23353,270
2021-12-30,Yuba,115,75493,11077,10844,441,11285,99
2021-12-29,Alameda,001,1643700,140335,131586,3936,135522,1529
2021-12-29,Alpine,003,1148,114,113,0,113,0
2021-12-29,Amador,005,37829,6013,5905,84,5989,70
2021-12-29,Butte,007,227075,23019,22353,4166,26519,338
2021-12-29,Calaveras,009,45235,4739,4646,71,4717,93
2021-12-29,Colusa,011,21464,2697,2657,733,3390,21
2021-12-29,Contra Costa,013,1133247,114239,108165,2915,111080,1072
2021-12-29,Del Norte,015,27424,3870,3826,60,3886,43
2021-12-29,El Dorado,017,186661,18168,17489,1931,19420,172
2021-12-29,Fresno,019,978130,152532,149318,13103,162421,2364
2021-12-29,Glenn,021,27897,3701,3653,1054,4707,39
2021-12-29,Humboldt,023,135768,10835,10249,881,11130,119
2021-12-29,Imperial,025,180216,38324,37460,4636,42096,800
2021-12-29,Inyo,027,18085,2844,2703,69,2772,49
2021-12-29,Kern,029,883053,138527,135648,26264,161912,1913
2021-12-29,Kings,031,150075,34933,34216,2177,36393,386
2021-12-29,Lake,033,64148,7132,7048,203,7251,117
2021-12-29,Lassen,035,31185,7122,7085,452,7537,55
2021-12-29,Los Angeles,037,10098052,1676964,1576414,69443,1645857,27349
2021-12-29,Madera,039,155013,25409,24923,2464,27387,320
2021-12-29,Marin,041,260295,21548,20025,882,20907,249
2021-12-29,Mariposa,043,17540,1555,1507,64,1571,6
2021-12-29,Mendocino,045,87422,8615,8386,709,9095,99
2021-12-29,Merced,047,269075,45403,44548,2168,46716,693
2021-12-29,Modoc,049,8938,605,600,213,813,6
2021-12-29,Mono,051,14174,2170,2056,24,2080,4
2021-12-29,Monterey,053,433212,50900,50097,5509,55606,641
2021-12-29,Napa,055,140530,15230,14247,181,14428,107
2021-12-29,Nevada,057,99092,10601,10274,399,10673,110
2021-12-29,Orange,059,3164182,356737,334557,20119,354676,5887
2021-12-29,Placer,061,380077,42078,40545,4353,44898,489
2021-12-29,Plumas,063,18699,2011,1990,68,2058,12
2021-12-29,Riverside,065,2383286,408898,392989,17572,410561,5486
2021-12-29,Sacramento,067,1510023,178709,172145,6082,178227,2437
2021-12-29,San Benito,069,59416,8553,8239,226,8465,79
2021-12-29,San Bernardino,071,2135413,401759,382872,12788,395660,6049
2021-12-29,San Diego,073,3302833,453470,421045,25450,446495,4461
2021-12-29,San Francisco,075,870044,68610,63117,3868,66985,684
2021-12-29,San Joaquin,077,732212,109277,106063,6090,112153,1891
2021-12-29,San Luis Obispo,079,281455,33398,31936,1502,33438,365
2021-12-29,San Mateo,081,765935,63960,59478,3776,63254,581
2021-12-29,Santa Barbara,083,443738,51470,49003,1862,50865,568
2021-12-29,Santa Clara,085,1922200,173004,162008,2489,164497,1962
2021-12-29,Santa Cruz,087,273765,23906,22669,1216,23885,228
2021-12-29,Shasta,089,179085,23446,23083,3868,26951,435
2021-12-29,Sierra,091,2930,215,206,22,228,0
2021-12-29,Siskiyou,093,43540,3533,3472,1448,4920,61
2021-12-29,Solano,095,438530,50884,48562,1576,50138,379
2021-12-29,Sonoma,097,501317,47909,45479,700,46179,410
2021-12-29,Stanislaus,099,539301,85889,84083,9748,93831,1332
2021-12-29,Sutter,101,95872,14910,14688,445,15133,193
2021-12-29,Tehama,103,63373,9043,8914,1612,10526,138
2021-12-29,Trinity,105,12862,888,832,224,1056,17
2021-12-29,Tulare,107,460477,73087,71752,17708,89460,1160
2021-12-29,Tuolumne,109,53932,8191,8012,118,8130,91
2021-12-29,Ventura,111,848112,113952,106974,5027,112001,1207
2021-12-29,Yolo,113,214977,22554,21564,1581,23145,270
2021-12-29,Yuba,115,75493,11015,10808,437,11245,99
2021-12-28,Alameda,001,1643700,137294,130427,3766,134193,1522
2021-12-28,Alpine,003,1148,114,113,0,113,0
2021-12-28,Amador,005,37829,5994,5900,83,5983,70
2021-12-28,Butte,007,227075,22881,22285,4149,26434,338
2021-12-28,Calaveras,009,45235,4724,4641,70,4711,91
2021-12-28,Colusa,011,21464,2691,2653,731,3384,21
2021-12-28,Contra Costa,013,1133247,112056,107160,2832,109992,1072
2021-12-28,Del Norte,015,27424,3864,3815,60,3875,43
2021-12-28,El Dorado,017,186661,17959,17419,1920,19339,172
2021-12-28,Fresno,019,978130,151578,148987,13045,162032,2365
2021-12-28,Glenn,021,27897,3676,3639,1053,4692,39
2021-12-28,Humboldt,023,135768,10716,10198,856,11054,119
2021-12-28,Imperial,025,180216,38059,37223,4531,41754,800
2021-12-28,Inyo,027,18085,2787,2676,67,2743,48
2021-12-28,Kern,029,883053,137834,135346,25973,161319,1909
2021-12-28,Kings,031,150075,34793,34165,2165,36330,386
2021-12-28,Lake,033,64148,7118,7044,197,7241,116
2021-12-28,Lassen,035,31185,7114,7083,452,7535,55
2021-12-28,Los Angeles,037,10098052,1645096,1561791,68054,1629845,27323
2021-12-28,Madera,039,155013,25283,24865,2448,27313,320
2021-12-28,Marin,041,260295,21144,19739,843,20582,249
2021-12-28,Mariposa,043,17540,1544,1499,63,1562,6
2021-12-28,Mendocino,045,87422,8554,8366,700,9066,98
2021-12-28,Merced,047,269075,45164,44434,2160,46594,691
2021-12-28,Modoc,049,8938,605,599,212,811,6
2021-12-28,Mono,051,14174,2152,2045,23,2068,4
2021-12-28,Monterey,053,433212,50665,49973,5317,55290,639
2021-12-28,Napa,055,140530,14915,14131,166,14297,107
2021-12-28,Nevada,057,99092,10511,10250,397,10647,110
2021-12-28,Orange,059,3164182,349262,331279,19614,350893,5882
2021-12-28,Placer,061,380077,41618,40410,4297,44707,489
2021-12-28,Plumas,063,18699,2008,1989,67,2056,12
2021-12-28,Riverside,065,2383286,403802,390343,17468,407811,5470
2021-12-28,Sacramento,067,1510023,176612,171290,5962,177252,2426
2021-12-28,San Benito,069,59416,8413,8170,223,8393,79
2021-12-28,San Bernardino,071,2135413,396489,381316,12670,393986,6047
2021-12-28,San Diego,073,3302833,442988,417383,25083,442466,4450
2021-12-28,San Francisco,075,870044,67090,61745,3726,65471,682
2021-12-28,San Joaquin,077,732212,108233,105572,6049,111621,1884
2021-12-28,San Luis Obispo,079,281455,32908,31759,1490,33249,365
2021-12-28,San Mateo,081,765935,62737,58712,3477,62189,582
2021-12-28,Santa Barbara,083,443738,50852,48493,1844,50337,568
2021-12-28,Santa Clara,085,1922200,169896,160811,2397,163208,1962
2021-12-28,Santa Cruz,087,273765,23539,22513,1189,23702,228
2021-12-28,Shasta,089,179085,23374,23035,3864,26899,434
2021-12-28,Sierra,091,2930,212,206,22,228,0
2021-12-28,Siskiyou,093,43540,3524,3468,1442,4910,60
2021-12-28,Solano,095,438530,50079,48318,1523,49841,378
2021-12-28,Sonoma,097,501317,47071,45086,688,45774,410
2021-12-28,Stanislaus,099,539301,85405,83946,9712,93658,1331
2021-12-28,Sutter,101,95872,14861,14662,444,15106,193
2021-12-28,Tehama,103,63373,9026,8893,1609,10502,138
2021-12-28,Trinity,105,12862,886,831,223,1054,17
2021-12-28,Tulare,107,460477,72830,71630,17590,89220,1156
2021-12-28,Tuolumne,109,53932,8148,8006,118,8124,91
2021-12-28,Ventura,111,848112,111848,105883,4968,110851,1207
2021-12-28,Yolo,113,214977,22227,21320,1534,22854,270
2021-12-28,Yuba,115,75493,10961,10778,434,11212,99
2021-12-27,Alameda,001,1643700,134790,129910,3613,133523,1530
2021-12-27,Alpine,003,1148,114,113,0,113,0
2021-12-27,Amador,005,37829,5966,5891,83,5974,70
2021-12-27,Butte,007,227075,22753,22234,4127,26361,335
2021-12-27,Calaveras,009,45235,4702,4630,69,4699,91
2021-12-27,Colusa,011,21464,2682,2652,725,3377,21
2021-12-27,Contra Costa,013,1133247,110017,106692,2764,109456,1071
2021-12-27,Del Norte,015,27424,3855,3802,59,3861,43
2021-12-27,El Dorado,017,186661,17804,17361,1907,19268,172
2021-12-27,Fresno,019,978130,150730,148826,12987,161813,2364
2021-12-27,Glenn,021,27897,3666,3634,1046,4680,39
2021-12-27,Humboldt,023,135768,10602,10164,831,10995,119
2021-12-27,Imperial,025,180216,37848,37180,4448,41628,800
2021-12-27,Inyo,027,18085,2759,2662,65,2727,48
2021-12-27,Kern,029,883053,137199,135119,25724,160843,1907
2021-12-27,Kings,031,150075,34642,34126,2155,36281,382
2021-12-27,Lake,033,64148,7098,7037,185,7222,116
2021-12-27,Lassen,035,31185,7108,7080,452,7532,55
2021-12-27,Los Angeles,037,10098052,1610482,1554074,66477,1620551,27300
2021-12-27,Madera,039,155013,25167,24840,2433,27273,320
2021-12-27,Marin,041,260295,20757,19601,811,20412,249
2021-12-27,Mariposa,043,17540,1529,1495,63,1558,6
2021-12-27,Mendocino,045,87422,8490,8351,695,9046,98
2021-12-27,Merced,047,269075,44935,44383,2142,46525,690
2021-12-27,Modoc,049,8938,603,599,212,811,6
2021-12-27,Mono,051,14174,2061,2026,23,2049,4
2021-12-27,Monterey,053,433212,50450,49918,5190,55108,639
2021-12-27,Napa,055,140530,14652,14083,161,14244,107
2021-12-27,Nevada,057,99092,10445,10239,390,10629,110
2021-12-27,Orange,059,3164182,341941,329222,19045,348267,5875
2021-12-27,Placer,061,380077,41244,40263,4267,44530,489
2021-12-27,Plumas,063,18699,2007,1988,65,2053,12
2021-12-27,Riverside,065,2383286,399358,389096,17381,406477,5470
2021-12-27,Sacramento,067,1510023,174666,170858,5810,176668,2422
2021-12-27,San Benito,069,59416,8299,8133,213,8346,79
2021-12-27,San Bernardino,071,2135413,391022,380526,12558,393084,6047
2021-12-27,San Diego,073,3302833,433375,414968,24786,439754,4445
2021-12-27,San Francisco,075,870044,65443,60920,3566,64486,682
2021-12-27,San Joaquin,077,732212,107327,105413,6008,111421,1876
2021-12-27,San Luis Obispo,079,281455,32453,31671,1470,33141,365
2021-12-27,San Mateo,081,765935,61495,58397,3175,61572,581
2021-12-27,Santa Barbara,083,443738,50093,48209,1825,50034,568
2021-12-27,Santa Clara,085,1922200,166937,159904,2292,162196,1961
2021-12-27,Santa Cruz,087,273765,23254,22456,1175,23631,228
2021-12-27,Shasta,089,179085,23310,23015,3853,26868,432
2021-12-27,Sierra,091,2930,212,206,22,228,0
2021-12-27,Siskiyou,093,43540,3515,3466,1438,4904,60
2021-12-27,Solano,095,438530,49352,48172,1472,49644,378
2021-12-27,Sonoma,097,501317,46509,44990,677,45667,410
2021-12-27,Stanislaus,099,539301,84957,83833,9687,93520,1331
2021-12-27,Sutter,101,95872,14806,14642,437,15079,191
2021-12-27,Tehama,103,63373,9011,8887,1603,10490,136
2021-12-27,Trinity,105,12862,886,827,223,1050,17
2021-12-27,Tulare,107,460477,72587,71562,17493,89055,1146
2021-12-27,Tuolumne,109,53932,8111,7978,117,8095,91
2021-12-27,Ventura,111,848112,109765,105212,4907,110119,1206
2021-12-27,Yolo,113,214977,21947,21300,1501,22801,270
2021-12-27,Yuba,115,75493,10901,10759,432,11191,98
2021-12-26,Alameda,001,1643700,132799,127221,3550,130771,1525
2021-12-26,Alpine,003,1148,114,113,0,113,0
2021-12-26,Amador,005,37829,5951,5861,79,5940,70
2021-12-26,Butte,007,227075,22605,22087,4104,26191,330
2021-12-26,Calaveras,009,45235,4680,4591,69,4660,91
2021-12-26,Colusa,011,21464,2672,2647,719,3366,21
2021-12-26,Contra Costa,013,1133247,108378,105022,2685,107707,1071
2021-12-26,Del Norte,015,27424,3850,3795,59,3854,43
2021-12-26,El Dorado,017,186661,17659,17188,1898,19086,172
2021-12-26,Fresno,019,978130,150103,148027,12932,160959,2358
2021-12-26,Glenn,021,27897,3660,3611,1042,4653,39
2021-12-26,Humboldt,023,135768,10460,10052,807,10859,119
2021-12-26,Imperial,025,180216,37573,36878,4364,41242,800
2021-12-26,Inyo,027,18085,2734,2636,62,2698,47
2021-12-26,Kern,029,883053,136503,134591,25496,160087,1908
2021-12-26,Kings,031,150075,34494,34009,2150,36159,379
2021-12-26,Lake,033,64148,7078,7019,182,7201,116
2021-12-26,Lassen,035,31185,7102,7072,451,7523,55
2021-12-26,Los Angeles,037,10098052,1582184,1515469,64878,1580347,27257
2021-12-26,Madera,039,155013,25048,24741,2418,27159,320
2021-12-26,Marin,041,260295,20384,19085,757,19842,249
2021-12-26,Mariposa,043,17540,1523,1480,63,1543,6
2021-12-26,Mendocino,045,87422,8440,8314,690,9004,98
2021-12-26,Merced,047,269075,44693,44208,2134,46342,690
2021-12-26,Modoc,049,8938,602,597,210,807,6
2021-12-26,Mono,051,14174,2043,2000,23,2023,4
2021-12-26,Monterey,053,433212,50266,49709,5058,54767,638
2021-12-26,Napa,055,140530,14423,13809,157,13966,107
2021-12-26,Nevada,057,99092,10389,10153,382,10535,110
2021-12-26,Orange,059,3164182,335737,322991,18503,341494,5863
2021-12-26,Placer,061,380077,40905,39852,4210,44062,489
2021-12-26,Plumas,063,18699,2000,1987,64,2051,12
2021-12-26,Riverside,065,2383286,395284,384567,17332,401899,5470
2021-12-26,Sacramento,067,1510023,173066,169144,5677,174821,2418
2021-12-26,San Benito,069,59416,8215,7991,203,8194,79
2021-12-26,San Bernardino,071,2135413,386654,376052,12480,388532,6043
2021-12-26,San Diego,073,3302833,424819,406616,24500,431116,4442
2021-12-26,San Francisco,075,870044,63934,58229,3443,61672,682
2021-12-26,San Joaquin,077,732212,106528,104590,5960,110550,1872
2021-12-26,San Luis Obispo,079,281455,32008,31290,1452,32742,365
2021-12-26,San Mateo,081,765935,60376,56973,2913,59886,581
2021-12-26,Santa Barbara,083,443738,49440,47553,1803,49356,567
2021-12-26,Santa Clara,085,1922200,164249,156872,2172,159044,1967
2021-12-26,Santa Cruz,087,273765,22976,22176,1162,23338,228
2021-12-26,Shasta,089,179085,23229,22959,3842,26801,432
2021-12-26,Sierra,091,2930,212,202,22,224,0
2021-12-26,Siskiyou,093,43540,3507,3460,1429,4889,60
2021-12-26,Solano,095,438530,48860,47646,1437,49083,377
2021-12-26,Sonoma,097,501317,46028,44358,652,45010,408
2021-12-26,Stanislaus,099,539301,84587,83368,9660,93028,1331
2021-12-26,Sutter,101,95872,14743,14533,434,14967,191
2021-12-26,Tehama,103,63373,8980,8861,1600,10461,136
2021-12-26,Trinity,105,12862,886,826,222,1048,17
2021-12-26,Tulare,107,460477,72367,71292,17383,88675,1137
2021-12-26,Tuolumne,109,53932,8074,7919,116,8035,91
2021-12-26,Ventura,111,848112,107949,103498,4843,108341,1206
2021-12-26,Yolo,113,214977,21669,21084,1463,22547,270
2021-12-26,Yuba,115,75493,10854,10694,429,11123,98
2021-12-25,Alameda,001,1643700,131791,127221,3496,130717,1525
2021-12-25,Alpine,003,1148,114,113,0,113,0
2021-12-25,Amador,005,37829,5933,5861,79,5940,70
2021-12-25,Butte,007,227075,22514,22087,4088,26175,330
2021-12-25,Calaveras,009,45235,4652,4591,69,4660,91
2021-12-25,Colusa,011,21464,2668,2647,713,3360,21
2021-12-25,Contra Costa,013,1133247,107616,105022,2647,107669,1071
2021-12-25,Del Norte,015,27424,3843,3795,58,3853,43
2021-12-25,El Dorado,017,186661,17608,17188,1889,19077,172
2021-12-25,Fresno,019,978130,149818,148027,12907,160934,2358
2021-12-25,Glenn,021,27897,3652,3611,1040,4651,39
2021-12-25,Humboldt,023,135768,10385,10052,798,10850,119
2021-12-25,Imperial,025,180216,37465,36878,4340,41218,800
2021-12-25,Inyo,027,18085,2714,2636,62,2698,47
2021-12-25,Kern,029,883053,136157,134591,25379,159970,1908
2021-12-25,Kings,031,150075,34412,34009,2142,36151,379
2021-12-25,Lake,033,64148,7067,7019,179,7198,116
2021-12-25,Lassen,035,31185,7100,7072,451,7523,55
2021-12-25,Los Angeles,037,10098052,1570453,1515469,63732,1579201,27257
2021-12-25,Madera,039,155013,25001,24741,2412,27153,320
2021-12-25,Marin,041,260295,20050,19085,714,19799,249
2021-12-25,Mariposa,043,17540,1517,1480,63,1543,6
2021-12-25,Mendocino,045,87422,8402,8314,690,9004,98
2021-12-25,Merced,047,269075,44595,44208,2132,46340,690
2021-12-25,Modoc,049,8938,602,597,210,807,6
2021-12-25,Mono,051,14174,2039,2000,23,2023,4
2021-12-25,Monterey,053,433212,50163,49709,4963,54672,638
2021-12-25,Napa,055,140530,14313,13809,157,13966,107
2021-12-25,Nevada,057,99092,10362,10153,379,10532,110
2021-12-25,Orange,059,3164182,332943,322991,18121,341112,5863
2021-12-25,Placer,061,380077,40737,39852,4191,44043,489
2021-12-25,Plumas,063,18699,1998,1987,63,2050,12
2021-12-25,Riverside,065,2383286,393067,384567,17289,401856,5470
2021-12-25,Sacramento,067,1510023,172297,169144,5586,174730,2418
2021-12-25,San Benito,069,59416,8152,7991,202,8193,79
2021-12-25,San Bernardino,071,2135413,384598,376052,12405,388457,6043
2021-12-25,San Diego,073,3302833,420889,406616,24396,431012,4442
2021-12-25,San Francisco,075,870044,62944,58229,3385,61614,682
2021-12-25,San Joaquin,077,732212,106203,104590,5931,110521,1872
2021-12-25,San Luis Obispo,079,281455,31882,31290,1445,32735,365
2021-12-25,San Mateo,081,765935,59584,56973,2682,59655,581
2021-12-25,Santa Barbara,083,443738,49087,47553,1794,49347,567
2021-12-25,Santa Clara,085,1922200,162793,156872,2108,158980,1967
2021-12-25,Santa Cruz,087,273765,22821,22176,1157,23333,228
2021-12-25,Shasta,089,179085,23198,22959,3836,26795,432
2021-12-25,Sierra,091,2930,212,202,22,224,0
2021-12-25,Siskiyou,093,43540,3504,3460,1423,4883,60
2021-12-25,Solano,095,438530,48741,47646,1420,49066,377
2021-12-25,Sonoma,097,501317,45654,44358,634,44992,408
2021-12-25,Stanislaus,099,539301,84378,83368,9645,93013,1331
2021-12-25,Sutter,101,95872,14703,14533,430,14963,191
2021-12-25,Tehama,103,63373,8961,8861,1596,10457,136
2021-12-25,Trinity,105,12862,885,826,222,1048,17
2021-12-25,Tulare,107,460477,72243,71292,17306,88598,1137
2021-12-25,Tuolumne,109,53932,8044,7919,116,8035,91
2021-12-25,Ventura,111,848112,106796,103498,4804,108302,1206
2021-12-25,Yolo,113,214977,21559,21084,1442,22526,270
2021-12-25,Yuba,115,75493,10828,10694,428,11122,98
2021-12-24,Alameda,001,1643700,131216,127221,3476,130697,1525
2021-12-24,Alpine,003,1148,114,113,0,113,0
2021-12-24,Amador,005,37829,5926,5861,78,5939,70
2021-12-24,Butte,007,227075,22460,22087,4075,26162,330
2021-12-24,Calaveras,009,45235,4646,4591,69,4660,91
2021-12-24,Colusa,011,21464,2666,2647,712,3359,21
2021-12-24,Contra Costa,013,1133247,107333,105022,2640,107662,1071
2021-12-24,Del Norte,015,27424,3836,3795,58,3853,43
2021-12-24,El Dorado,017,186661,17560,17188,1884,19072,172
2021-12-24,Fresno,019,978130,149659,148027,12902,160929,2358
2021-12-24,Glenn,021,27897,3650,3611,1040,4651,39
2021-12-24,Humboldt,023,135768,10329,10052,792,10844,119
2021-12-24,Imperial,025,180216,37384,36878,4334,41212,800
2021-12-24,Inyo,027,18085,2694,2636,62,2698,47
2021-12-24,Kern,029,883053,136035,134591,25340,159931,1908
2021-12-24,Kings,031,150075,34360,34009,2141,36150,379
2021-12-24,Lake,033,64148,7063,7019,179,7198,116
2021-12-24,Lassen,035,31185,7098,7072,450,7522,55
2021-12-24,Los Angeles,037,10098052,1566467,1515469,63373,1578842,27257
2021-12-24,Madera,039,155013,24968,24741,2407,27148,320
2021-12-24,Marin,041,260295,19909,19085,690,19775,249
2021-12-24,Mariposa,043,17540,1515,1480,63,1543,6
2021-12-24,Mendocino,045,87422,8387,8314,690,9004,98
2021-12-24,Merced,047,269075,44551,44208,2128,46336,690
2021-12-24,Modoc,049,8938,602,597,210,807,6
2021-12-24,Mono,051,14174,2037,2000,23,2023,4
2021-12-24,Monterey,053,433212,50101,49709,4906,54615,638
2021-12-24,Napa,055,140530,14248,13809,155,13964,107
2021-12-24,Nevada,057,99092,10335,10153,377,10530,110
2021-12-24,Orange,059,3164182,331961,322991,18048,341039,5863
2021-12-24,Placer,061,380077,40622,39852,4176,44028,489
2021-12-24,Plumas,063,18699,1997,1987,61,2048,12
2021-12-24,Riverside,065,2383286,392103,384567,17283,401850,5470
2021-12-24,Sacramento,067,1510023,172002,169144,5562,174706,2418
2021-12-24,San Benito,069,59416,8144,7991,202,8193,79
2021-12-24,San Bernardino,071,2135413,383544,376052,12371,388423,6043
2021-12-24,San Diego,073,3302833,419818,406616,24347,430963,4442
2021-12-24,San Francisco,075,870044,62454,58229,3359,61588,682
2021-12-24,San Joaquin,077,732212,106022,104590,5924,110514,1872
2021-12-24,San Luis Obispo,079,281455,31837,31290,1440,32730,365
2021-12-24,San Mateo,081,765935,59229,56973,2607,59580,581
2021-12-24,Santa Barbara,083,443738,48890,47553,1790,49343,567
2021-12-24,Santa Clara,085,1922200,161986,156872,2074,158946,1967
2021-12-24,Santa Cruz,087,273765,22739,22176,1154,23330,228
2021-12-24,Shasta,089,179085,23168,22959,3832,26791,432
2021-12-24,Sierra,091,2930,211,202,22,224,0
2021-12-24,Siskiyou,093,43540,3499,3460,1419,4879,60
2021-12-24,Solano,095,438530,48689,47646,1419,49065,377
2021-12-24,Sonoma,097,501317,45496,44358,628,44986,408
2021-12-24,Stanislaus,099,539301,84268,83368,9634,93002,1331
2021-12-24,Sutter,101,95872,14683,14533,426,14959,191
2021-12-24,Tehama,103,63373,8952,8861,1593,10454,136
2021-12-24,Trinity,105,12862,883,826,222,1048,17
2021-12-24,Tulare,107,460477,72179,71292,17262,88554,1137
2021-12-24,Tuolumne,109,53932,8020,7919,116,8035,91
2021-12-24,Ventura,111,848112,106359,103498,4788,108286,1206
2021-12-24,Yolo,113,214977,21488,21084,1422,22506,270
2021-12-24,Yuba,115,75493,10805,10694,427,11121,98
2021-12-23,Alameda,001,1643700,130563,127221,3446,130667,1525
2021-12-23,Alpine,003,1148,114,113,0,113,0
2021-12-23,Amador,005,37829,5914,5861,76,5937,70
2021-12-23,Butte,007,227075,22411,22087,4063,26150,330
2021-12-23,Calaveras,009,45235,4636,4591,69,4660,91
2021-12-23,Colusa,011,21464,2660,2647,708,3355,21
2021-12-23,Contra Costa,013,1133247,106949,105022,2612,107634,1071
2021-12-23,Del Norte,015,27424,3833,3795,58,3853,43
2021-12-23,El Dorado,017,186661,17503,17188,1878,19066,172
2021-12-23,Fresno,019,978130,149470,148027,12890,160917,2358
2021-12-23,Glenn,021,27897,3648,3611,1040,4651,39
2021-12-23,Humboldt,023,135768,10276,10052,789,10841,119
2021-12-23,Imperial,025,180216,37318,36878,4303,41181,800
2021-12-23,Inyo,027,18085,2682,2636,62,2698,47
2021-12-23,Kern,029,883053,135887,134591,25246,159837,1908
2021-12-23,Kings,031,150075,34322,34009,2140,36149,379
2021-12-23,Lake,033,64148,7053,7019,177,7196,116
2021-12-23,Lassen,035,31185,7097,7072,450,7522,55
2021-12-23,Los Angeles,037,10098052,1557606,1515469,62363,1577832,27257
2021-12-23,Madera,039,155013,24937,24741,2404,27145,320
2021-12-23,Marin,041,260295,19778,19085,676,19761,249
2021-12-23,Mariposa,043,17540,1510,1480,63,1543,6
2021-12-23,Mendocino,045,87422,8379,8314,690,9004,98
2021-12-23,Merced,047,269075,44506,44208,2126,46334,690
2021-12-23,Modoc,049,8938,602,597,210,807,6
2021-12-23,Mono,051,14174,2034,2000,22,2022,4
2021-12-23,Monterey,053,433212,50042,49709,4832,54541,638
2021-12-23,Napa,055,140530,14168,13809,153,13962,107
2021-12-23,Nevada,057,99092,10312,10153,376,10529,110
2021-12-23,Orange,059,3164182,330335,322991,17796,340787,5863
2021-12-23,Placer,061,380077,40502,39852,4161,44013,489
2021-12-23,Plumas,063,18699,1997,1987,61,2048,12
2021-12-23,Riverside,065,2383286,390923,384567,17259,401826,5470
2021-12-23,Sacramento,067,1510023,171576,169144,5527,174671,2418
2021-12-23,San Benito,069,59416,8126,7991,199,8190,79
2021-12-23,San Bernardino,071,2135413,382450,376052,12307,388359,6043
2021-12-23,San Diego,073,3302833,418037,406616,24249,430865,4442
2021-12-23,San Francisco,075,870044,61776,58229,3293,61522,682
2021-12-23,San Joaquin,077,732212,105807,104590,5913,110503,1872
2021-12-23,San Luis Obispo,079,281455,31778,31290,1436,32726,365
2021-12-23,San Mateo,081,765935,58780,56973,2511,59484,581
2021-12-23,Santa Barbara,083,443738,48694,47553,1787,49340,567
2021-12-23,Santa Clara,085,1922200,161088,156872,2014,158886,1967
2021-12-23,Santa Cruz,087,273765,22629,22176,1139,23315,228
2021-12-23,Shasta,089,179085,23142,22959,3828,26787,432
2021-12-23,Sierra,091,2930,208,202,22,224,0
2021-12-23,Siskiyou,093,43540,3499,3460,1417,4877,60
2021-12-23,Solano,095,438530,48588,47646,1405,49051,377
2021-12-23,Sonoma,097,501317,45321,44358,626,44984,408
2021-12-23,Stanislaus,099,539301,84143,83368,9622,92990,1331
2021-12-23,Sutter,101,95872,14665,14533,425,14958,191
2021-12-23,Tehama,103,63373,8940,8861,1589,10450,136
2021-12-23,Trinity,105,12862,883,826,222,1048,17
2021-12-23,Tulare,107,460477,72106,71292,17218,88510,1137
2021-12-23,Tuolumne,109,53932,8002,7919,115,8034,91
2021-12-23,Ventura,111,848112,105834,103498,4755,108253,1206
2021-12-23,Yolo,113,214977,21421,21084,1404,22488,270
2021-12-23,Yuba,115,75493,10792,10694,427,11121,98
2021-12-22,Alameda,001,1643700,129705,126533,3378,129911,1522
2021-12-22,Alpine,003,1148,114,112,0,112,0
2021-12-22,Amador,005,37829,5901,5850,75,5925,70
2021-12-22,Butte,007,227075,22363,22070,4052,26122,330
2021-12-22,Calaveras,009,45235,4627,4580,69,4649,91
2021-12-22,Colusa,011,21464,2660,2645,705,3350,21
2021-12-22,Contra Costa,013,1133247,106373,104559,2587,107146,1070
2021-12-22,Del Norte,015,27424,3833,3794,58,3852,43
2021-12-22,El Dorado,017,186661,17443,17140,1869,19009,172
2021-12-22,Fresno,019,978130,149221,147838,12871,160709,2349
2021-12-22,Glenn,021,27897,3642,3604,1039,4643,39
2021-12-22,Humboldt,023,135768,10216,10022,784,10806,119
2021-12-22,Imperial,025,180216,37240,36755,4264,41019,798
2021-12-22,Inyo,027,18085,2664,2632,62,2694,47
2021-12-22,Kern,029,883053,135652,134433,25166,159599,1900
2021-12-22,Kings,031,150075,34275,33953,2133,36086,376
2021-12-22,Lake,033,64148,7047,7008,176,7184,116
2021-12-22,Lassen,035,31185,7092,7069,449,7518,55
2021-12-22,Los Angeles,037,10098052,1544548,1507110,61387,1568497,27234
2021-12-22,Madera,039,155013,24898,24702,2400,27102,320
2021-12-22,Marin,041,260295,19560,18927,658,19585,249
2021-12-22,Mariposa,043,17540,1503,1480,63,1543,6
2021-12-22,Mendocino,045,87422,8370,8299,690,8989,99
2021-12-22,Merced,047,269075,44434,44137,2125,46262,689
2021-12-22,Modoc,049,8938,602,595,210,805,6
2021-12-22,Mono,051,14174,2029,1979,21,2000,4
2021-12-22,Monterey,053,433212,49947,49650,4764,54414,639
2021-12-22,Napa,055,140530,14041,13746,150,13896,107
2021-12-22,Nevada,057,99092,10285,10101,371,10472,110
2021-12-22,Orange,059,3164182,328123,321765,17549,339314,5858
2021-12-22,Placer,061,380077,40323,39758,4137,43895,489
2021-12-22,Plumas,063,18699,1994,1986,61,2047,12
2021-12-22,Riverside,065,2383286,389145,383319,17221,400540,5472
2021-12-22,Sacramento,067,1510023,170950,168695,5479,174174,2422
2021-12-22,San Benito,069,59416,8073,7971,197,8168,79
2021-12-22,San Bernardino,071,2135413,380858,375044,12262,387306,6039
2021-12-22,San Diego,073,3302833,413975,404269,24010,428279,4434
2021-12-22,San Francisco,075,870044,60800,57520,3242,60762,682
2021-12-22,San Joaquin,077,732212,105539,104385,5900,110285,1870
2021-12-22,San Luis Obispo,079,281455,31633,31175,1420,32595,365
2021-12-22,San Mateo,081,765935,58236,56604,2375,58979,581
2021-12-22,Santa Barbara,083,443738,48444,47372,1779,49151,566
2021-12-22,Santa Clara,085,1922200,159977,156258,1978,158236,1954
2021-12-22,Santa Cruz,087,273765,22524,22075,1134,23209,228
2021-12-22,Shasta,089,179085,23114,22937,3824,26761,432
2021-12-22,Sierra,091,2930,208,202,22,224,0
2021-12-22,Siskiyou,093,43540,3496,3458,1414,4872,59
2021-12-22,Solano,095,438530,48407,47531,1390,48921,375
2021-12-22,Sonoma,097,501317,45045,44201,616,44817,408
2021-12-22,Stanislaus,099,539301,84004,83245,9612,92857,1331
2021-12-22,Sutter,101,95872,14630,14513,422,14935,191
2021-12-22,Tehama,103,63373,8926,8853,1586,10439,136
2021-12-22,Trinity,105,12862,883,826,222,1048,17
2021-12-22,Tulare,107,460477,72010,71226,17166,88392,1137
2021-12-22,Tuolumne,109,53932,7982,7903,115,8018,91
2021-12-22,Ventura,111,848112,105234,103089,4716,107805,1206
2021-12-22,Yolo,113,214977,21348,21012,1390,22402,270
2021-12-22,Yuba,115,75493,10774,10681,427,11108,98
2021-12-21,Alameda,001,1643700,128755,126007,3340,129347,1518
2021-12-21,Alpine,003,1148,114,112,0,112,0
2021-12-21,Amador,005,37829,5891,5845,75,5920,70
2021-12-21,Butte,007,227075,22302,22041,4040,26081,330
2021-12-21,Calaveras,009,45235,4614,4575,68,4643,91
2021-12-21,Colusa,011,21464,2658,2643,704,3347,21
2021-12-21,Contra Costa,013,1133247,105795,104255,2558,106813,1068
2021-12-21,Del Norte,015,27424,3832,3793,58,3851,43
2021-12-21,El Dorado,017,186661,17382,17098,1859,18957,172
2021-12-21,Fresno,019,978130,148960,147707,12855,160562,2341
2021-12-21,Glenn,021,27897,3627,3602,1039,4641,39
2021-12-21,Humboldt,023,135768,10150,9989,779,10768,118
2021-12-21,Imperial,025,180216,37149,36580,4221,40801,792
2021-12-21,Inyo,027,18085,2652,2627,62,2689,47
2021-12-21,Kern,029,883053,135445,134321,25065,159386,1892
2021-12-21,Kings,031,150075,34220,33914,2132,36046,376
2021-12-21,Lake,033,64148,7042,7004,175,7179,116
2021-12-21,Lassen,035,31185,7090,7069,449,7518,55
2021-12-21,Los Angeles,037,10098052,1531020,1501169,60518,1561687,27220
2021-12-21,Madera,039,155013,24863,24688,2394,27082,320
2021-12-21,Marin,041,260295,19392,18828,631,19459,249
2021-12-21,Mariposa,043,17540,1502,1480,62,1542,6
2021-12-21,Mendocino,045,87422,8354,8282,689,8971,97
2021-12-21,Merced,047,269075,44363,44096,2122,46218,688
2021-12-21,Modoc,049,8938,600,595,208,803,6
2021-12-21,Mono,051,14174,2003,1979,20,1999,4
2021-12-21,Monterey,053,433212,49889,49586,4717,54303,638
2021-12-21,Napa,055,140530,13941,13703,145,13848,107
2021-12-21,Nevada,057,99092,10256,10095,371,10466,110
2021-12-21,Orange,059,3164182,326038,320705,17309,338014,5855
2021-12-21,Placer,061,380077,40194,39649,4108,43757,487
2021-12-21,Plumas,063,18699,1994,1975,60,2035,12
2021-12-21,Riverside,065,2383286,387453,382415,17181,399596,5465
2021-12-21,Sacramento,067,1510023,170339,168422,5434,173856,2419
2021-12-21,San Benito,069,59416,8033,7950,195,8145,79
2021-12-21,San Bernardino,071,2135413,379313,374219,12227,386446,6026
2021-12-21,San Diego,073,3302833,410284,402386,23720,426106,4424
2021-12-21,San Francisco,075,870044,59895,56950,3177,60127,681
2021-12-21,San Joaquin,077,732212,105256,104238,5884,110122,1870
2021-12-21,San Luis Obispo,079,281455,31471,31103,1412,32515,365
2021-12-21,San Mateo,081,765935,57740,56381,2269,58650,581
2021-12-21,Santa Barbara,083,443738,48220,47194,1774,48968,564
2021-12-21,Santa Clara,085,1922200,158974,155769,1952,157721,1951
2021-12-21,Santa Cruz,087,273765,22411,22028,1123,23151,228
2021-12-21,Shasta,089,179085,23084,22920,3821,26741,429
2021-12-21,Sierra,091,2930,206,201,22,223,0
2021-12-21,Siskiyou,093,43540,3495,3455,1414,4869,59
2021-12-21,Solano,095,438530,48256,47474,1385,48859,372
2021-12-21,Sonoma,097,501317,44823,44051,614,44665,408
2021-12-21,Stanislaus,099,539301,83851,83167,9592,92759,1331
2021-12-21,Sutter,101,95872,14607,14492,421,14913,190
2021-12-21,Tehama,103,63373,8918,8849,1582,10431,136
2021-12-21,Trinity,105,12862,883,826,222,1048,17
2021-12-21,Tulare,107,460477,71923,71166,17123,88289,1137
2021-12-21,Tuolumne,109,53932,7958,7893,115,8008,91
2021-12-21,Ventura,111,848112,104618,102631,4681,107312,1205
2021-12-21,Yolo,113,214977,21241,20944,1386,22330,267
2021-12-21,Yuba,115,75493,10758,10668,427,11095,98
2021-12-20,Alameda,001,1643700,127859,125762,3294,129056,1515
2021-12-20,Alpine,003,1148,114,112,0,112,0
2021-12-20,Amador,005,37829,5878,5838,75,5913,70
2021-12-20,Butte,007,227075,22240,22030,4031,26061,329
2021-12-20,Calaveras,009,45235,4604,4569,68,4637,91
2021-12-20,Colusa,011,21464,2656,2644,704,3348,21
2021-12-20,Contra Costa,013,1133247,105288,104051,2538,106589,1068
2021-12-20,Del Norte,015,27424,3830,3792,58,3850,43
2021-12-20,El Dorado,017,186661,17321,17083,1849,18932,172
2021-12-20,Fresno,019,978130,148724,147605,12837,160442,2341
2021-12-20,Glenn,021,27897,3619,3597,1039,4636,39
2021-12-20,Humboldt,023,135768,10107,9973,776,10749,118
2021-12-20,Imperial,025,180216,37038,36532,4189,40721,792
2021-12-20,Inyo,027,18085,2649,2615,61,2676,47
2021-12-20,Kern,029,883053,135252,134203,25009,159212,1883
2021-12-20,Kings,031,150075,34176,33898,2131,36029,376
2021-12-20,Lake,033,64148,7037,6999,175,7174,116
2021-12-20,Lassen,035,31185,7088,7065,448,7513,55
2021-12-20,Los Angeles,037,10098052,1519839,1495251,59929,1555180,27188
2021-12-20,Madera,039,155013,24834,24668,2390,27058,313
2021-12-20,Marin,041,260295,19178,18747,618,19365,249
2021-12-20,Mariposa,043,17540,1493,1479,62,1541,6
2021-12-20,Mendocino,045,87422,8342,8264,687,8951,96
2021-12-20,Merced,047,269075,44306,44071,2117,46188,687
2021-12-20,Modoc,049,8938,600,595,205,800,6
2021-12-20,Mono,051,14174,1983,1973,20,1993,4
2021-12-20,Monterey,053,433212,49821,49556,4672,54228,636
2021-12-20,Napa,055,140530,13859,13672,143,13815,107
2021-12-20,Nevada,057,99092,10216,10079,370,10449,109
2021-12-20,Orange,059,3164182,324466,320235,17124,337359,5852
2021-12-20,Placer,061,380077,40067,39579,4083,43662,485
2021-12-20,Plumas,063,18699,1992,1971,58,2029,12
2021-12-20,Riverside,065,2383286,386020,381841,17154,398995,5452
2021-12-20,Sacramento,067,1510023,169775,168153,5398,173551,2414
2021-12-20,San Benito,069,59416,7988,7934,193,8127,79
2021-12-20,San Bernardino,071,2135413,377879,373881,12181,386062,6023
2021-12-20,San Diego,073,3302833,407066,401483,23481,424964,4412
2021-12-20,San Francisco,075,870044,58850,56661,3106,59767,681
2021-12-20,San Joaquin,077,732212,105015,104188,5878,110066,1865
2021-12-20,San Luis Obispo,079,281455,31370,31075,1407,32482,365
2021-12-20,San Mateo,081,765935,57282,56247,2178,58425,581
2021-12-20,Santa Barbara,083,443738,48014,47131,1773,48904,562
2021-12-20,Santa Clara,085,1922200,158011,155427,1915,157342,1950
2021-12-20,Santa Cruz,087,273765,22330,21989,1118,23107,227
2021-12-20,Shasta,089,179085,23063,22888,3817,26705,429
2021-12-20,Sierra,091,2930,205,201,22,223,0
2021-12-20,Siskiyou,093,43540,3494,3453,1412,4865,59
2021-12-20,Solano,095,438530,48128,47394,1377,48771,370
2021-12-20,Sonoma,097,501317,44636,43982,611,44593,408
2021-12-20,Stanislaus,099,539301,83726,83110,9577,92687,1331
2021-12-20,Sutter,101,95872,14585,14480,421,14901,190
2021-12-20,Tehama,103,63373,8910,8840,1580,10420,136
2021-12-20,Trinity,105,12862,883,826,222,1048,17
2021-12-20,Tulare,107,460477,71836,71124,17056,88180,1129
2021-12-20,Tuolumne,109,53932,7945,7867,111,7978,91
2021-12-20,Ventura,111,848112,104108,102452,4659,107111,1203
2021-12-20,Yolo,113,214977,21156,20903,1375,22278,267
2021-12-20,Yuba,115,75493,10742,10656,424,11080,97
2021-12-19,Alameda,001,1643700,127027,125464,3254,128718,1519
2021-12-19,Alpine,003,1148,114,112,0,112,0
2021-12-19,Amador,005,37829,5866,5832,74,5906,70
2021-12-19,Butte,007,227075,22187,22022,4025,26047,329
2021-12-19,Calaveras,009,45235,4588,4563,67,4630,91
2021-12-19,Colusa,011,21464,2656,2643,701,3344,21
2021-12-19,Contra Costa,013,1133247,104810,103906,2512,106418,1068
2021-12-19,Del Norte,015,27424,3826,3797,58,3855,43
2021-12-19,El Dorado,017,186661,17265,17067,1847,18914,172
2021-12-19,Fresno,019,978130,148492,147505,12823,160328,2341
2021-12-19,Glenn,021,27897,3615,3596,1039,4635,39
2021-12-19,Humboldt,023,135768,10068,9957,771,10728,118
2021-12-19,Imperial,025,180216,36914,36501,4145,40646,792
2021-12-19,Inyo,027,18085,2640,2613,61,2674,47
2021-12-19,Kern,029,883053,135057,134136,24942,159078,1883
2021-12-19,Kings,031,150075,34117,33874,2127,36001,378
2021-12-19,Lake,033,64148,7028,6999,172,7171,116
2021-12-19,Lassen,035,31185,7084,7065,448,7513,55
2021-12-19,Los Angeles,037,10098052,1511186,1495082,59419,1554501,27189
2021-12-19,Madera,039,155013,24809,24642,2385,27027,313
2021-12-19,Marin,041,260295,19004,18707,606,19313,249
2021-12-19,Mariposa,043,17540,1487,1475,62,1537,6
2021-12-19,Mendocino,045,87422,8325,8257,684,8941,96
2021-12-19,Merced,047,269075,44211,44045,2109,46154,687
2021-12-19,Modoc,049,8938,599,595,205,800,6
2021-12-19,Mono,051,14174,1978,1968,20,1988,4
2021-12-19,Monterey,053,433212,49746,49516,4625,54141,636
2021-12-19,Napa,055,140530,13786,13659,141,13800,107
2021-12-19,Nevada,057,99092,10181,10057,366,10423,109
2021-12-19,Orange,059,3164182,323103,319615,16965,336580,5852
2021-12-19,Placer,061,380077,39947,39525,4069,43594,485
2021-12-19,Plumas,063,18699,1989,1971,58,2029,12
2021-12-19,Riverside,065,2383286,384600,381305,17130,398435,5452
2021-12-19,Sacramento,067,1510023,169290,167933,5375,173308,2415
2021-12-19,San Benito,069,59416,7962,7929,192,8121,79
2021-12-19,San Bernardino,071,2135413,376619,373480,12155,385635,6023
2021-12-19,San Diego,073,3302833,404567,398197,23285,421482,4406
2021-12-19,San Francisco,075,870044,57994,56358,3030,59388,681
2021-12-19,San Joaquin,077,732212,104758,104125,5867,109992,1865
2021-12-19,San Luis Obispo,079,281455,31255,31035,1399,32434,366
2021-12-19,San Mateo,081,765935,56894,56132,2102,58234,581
2021-12-19,Santa Barbara,083,443738,47794,47070,1771,48841,562
2021-12-19,Santa Clara,085,1922200,157112,155049,1889,156938,1950
2021-12-19,Santa Cruz,087,273765,22230,21960,1112,23072,227
2021-12-19,Shasta,089,179085,23027,22875,3813,26688,429
2021-12-19,Sierra,091,2930,204,201,22,223,0
2021-12-19,Siskiyou,093,43540,3491,3452,1412,4864,59
2021-12-19,Solano,095,438530,48011,47341,1372,48713,370
2021-12-19,Sonoma,097,501317,44455,43944,610,44554,408
2021-12-19,Stanislaus,099,539301,83588,83040,9554,92594,1331
2021-12-19,Sutter,101,95872,14546,14475,420,14895,190
2021-12-19,Tehama,103,63373,8903,8840,1580,10420,136
2021-12-19,Trinity,105,12862,883,826,222,1048,17
2021-12-19,Tulare,107,460477,71742,71085,17014,88099,1129
2021-12-19,Tuolumne,109,53932,7929,7865,110,7975,91
2021-12-19,Ventura,111,848112,103530,102170,4633,106803,1203
2021-12-19,Yolo,113,214977,21082,20887,1357,22244,267
2021-12-19,Yuba,115,75493,10725,10646,422,11068,97
2021-12-18,Alameda,001,1643700,126640,124583,3235,127818,1512
2021-12-18,Alpine,003,1148,114,110,0,110,0
2021-12-18,Amador,005,37829,5860,5821,74,5895,69
2021-12-18,Butte,007,227075,22170,21956,4020,25976,328
2021-12-18,Calaveras,009,45235,4581,4534,67,4601,91
2021-12-18,Colusa,011,21464,2654,2635,699,3334,21
2021-12-18,Contra Costa,013,1133247,104603,103380,2502,105882,1065
2021-12-18,Del Norte,015,27424,3823,3791,58,3849,43
2021-12-18,El Dorado,017,186661,17237,16968,1844,18812,171
2021-12-18,Fresno,019,978130,148390,147038,12819,159857,2335
2021-12-18,Glenn,021,27897,3612,3590,1039,4629,39
2021-12-18,Humboldt,023,135768,10052,9889,771,10660,118
2021-12-18,Imperial,025,180216,36848,36280,4134,40414,790
2021-12-18,Inyo,027,18085,2634,2607,61,2668,47
2021-12-18,Kern,029,883053,134967,133754,24898,158652,1873
2021-12-18,Kings,031,150075,34088,33783,2123,35906,374
2021-12-18,Lake,033,64148,7027,6976,172,7148,115
2021-12-18,Lassen,035,31185,7082,7061,447,7508,55
2021-12-18,Los Angeles,037,10098052,1507354,1484840,59138,1543978,27135
2021-12-18,Madera,039,155013,24795,24575,2383,26958,313
2021-12-18,Marin,041,260295,18906,18537,597,19134,249
2021-12-18,Mariposa,043,17540,1486,1468,62,1530,6
2021-12-18,Mendocino,045,87422,8319,8219,684,8903,95
2021-12-18,Merced,047,269075,44178,43929,2108,46037,686
2021-12-18,Modoc,049,8938,597,595,205,800,6
2021-12-18,Mono,051,14174,1978,1956,20,1976,4
2021-12-18,Monterey,053,433212,49713,49343,4596,53939,635
2021-12-18,Napa,055,140530,13760,13581,140,13721,107
2021-12-18,Nevada,057,99092,10159,9991,363,10354,108
2021-12-18,Orange,059,3164182,322451,318149,16862,335011,5844
2021-12-18,Placer,061,380077,39847,39336,4061,43397,485
2021-12-18,Plumas,063,18699,1989,1964,58,2022,13
2021-12-18,Riverside,065,2383286,383913,379354,17117,396471,5439
2021-12-18,Sacramento,067,1510023,169051,167046,5361,172407,2404
2021-12-18,San Benito,069,59416,7947,7894,192,8086,79
2021-12-18,San Bernardino,071,2135413,375987,371658,12135,383793,6017
2021-12-18,San Diego,073,3302833,403620,397130,23232,420362,4399
2021-12-18,San Francisco,075,870044,57513,55562,2983,58545,679
2021-12-18,San Joaquin,077,732212,104670,103698,5859,109557,1858
2021-12-18,San Luis Obispo,079,281455,31217,30873,1394,32267,365
2021-12-18,San Mateo,081,765935,56683,55730,2076,57806,580
2021-12-18,Santa Barbara,083,443738,47698,46776,1770,48546,562
2021-12-18,Santa Clara,085,1922200,156660,154243,1878,156121,1946
2021-12-18,Santa Cruz,087,273765,22178,21805,1110,22915,225
2021-12-18,Shasta,089,179085,23006,22811,3813,26624,429
2021-12-18,Sierra,091,2930,204,199,22,221,0
2021-12-18,Siskiyou,093,43540,3489,3441,1411,4852,58
2021-12-18,Solano,095,438530,47966,47174,1370,48544,369
2021-12-18,Sonoma,097,501317,44344,43658,608,44266,407
2021-12-18,Stanislaus,099,539301,83507,82736,9544,92280,1330
2021-12-18,Sutter,101,95872,14528,14435,420,14855,190
2021-12-18,Tehama,103,63373,8897,8814,1579,10393,136
2021-12-18,Trinity,105,12862,883,823,222,1045,17
2021-12-18,Tulare,107,460477,71706,70922,16989,87911,1120
2021-12-18,Tuolumne,109,53932,7916,7834,110,7944,91
2021-12-18,Ventura,111,848112,103246,101612,4623,106235,1201
2021-12-18,Yolo,113,214977,21042,20793,1351,22144,267
2021-12-18,Yuba,115,75493,10714,10599,422,11021,96
2021-12-17,Alameda,001,1643700,126327,124583,3215,127798,1512
2021-12-17,Alpine,003,1148,114,110,0,110,0
2021-12-17,Amador,005,37829,5853,5821,74,5895,69
2021-12-17,Butte,007,227075,22150,21956,4014,25970,328
2021-12-17,Calaveras,009,45235,4577,4534,67,4601,91
2021-12-17,Colusa,011,21464,2653,2635,698,3333,21
2021-12-17,Contra Costa,013,1133247,104403,103380,2498,105878,1065
2021-12-17,Del Norte,015,27424,3822,3791,58,3849,43
2021-12-17,El Dorado,017,186661,17208,16968,1841,18809,171
2021-12-17,Fresno,019,978130,148286,147038,12819,159857,2335
2021-12-17,Glenn,021,27897,3608,3590,1039,4629,39
2021-12-17,Humboldt,023,135768,10033,9889,769,10658,118
2021-12-17,Imperial,025,180216,36790,36280,4116,40396,790
2021-12-17,Inyo,027,18085,2629,2607,61,2668,47
2021-12-17,Kern,029,883053,134879,133754,24860,158614,1873
2021-12-17,Kings,031,150075,34070,33783,2123,35906,374
2021-12-17,Lake,033,64148,7023,6976,172,7148,115
2021-12-17,Lassen,035,31185,7082,7061,446,7507,55
2021-12-17,Los Angeles,037,10098052,1503509,1484840,58895,1543735,27135
2021-12-17,Madera,039,155013,24779,24575,2377,26952,313
2021-12-17,Marin,041,260295,18829,18537,592,19129,249
2021-12-17,Mariposa,043,17540,1482,1468,62,1530,6
2021-12-17,Mendocino,045,87422,8308,8219,684,8903,95
2021-12-17,Merced,047,269075,44150,43929,2107,46036,686
2021-12-17,Modoc,049,8938,597,595,205,800,6
2021-12-17,Mono,051,14174,1975,1956,20,1976,4
2021-12-17,Monterey,053,433212,49669,49343,4578,53921,635
2021-12-17,Napa,055,140530,13733,13581,139,13720,107
2021-12-17,Nevada,057,99092,10148,9991,363,10354,108
2021-12-17,Orange,059,3164182,321902,318149,16797,334946,5844
2021-12-17,Placer,061,380077,39795,39336,4054,43390,485
2021-12-17,Plumas,063,18699,1988,1964,58,2022,13
2021-12-17,Riverside,065,2383286,383273,379354,17108,396462,5439
2021-12-17,Sacramento,067,1510023,168826,167046,5348,172394,2404
2021-12-17,San Benito,069,59416,7945,7894,192,8086,79
2021-12-17,San Bernardino,071,2135413,375458,371658,12117,383775,6017
2021-12-17,San Diego,073,3302833,402691,397130,23182,420312,4399
2021-12-17,San Francisco,075,870044,57194,55562,2946,58508,679
2021-12-17,San Joaquin,077,732212,104596,103698,5849,109547,1858
2021-12-17,San Luis Obispo,079,281455,31190,30873,1390,32263,365
2021-12-17,San Mateo,081,765935,56519,55730,2051,57781,580
2021-12-17,Santa Barbara,083,443738,47621,46776,1764,48540,562
2021-12-17,Santa Clara,085,1922200,156290,154243,1861,156104,1946
2021-12-17,Santa Cruz,087,273765,22132,21805,1108,22913,225
2021-12-17,Shasta,089,179085,22993,22811,3811,26622,429
2021-12-17,Sierra,091,2930,203,199,22,221,0
2021-12-17,Siskiyou,093,43540,3485,3441,1409,4850,58
2021-12-17,Solano,095,438530,47898,47174,1366,48540,369
2021-12-17,Sonoma,097,501317,44249,43658,605,44263,407
2021-12-17,Stanislaus,099,539301,83456,82736,9538,92274,1330
2021-12-17,Sutter,101,95872,14517,14435,418,14853,190
2021-12-17,Tehama,103,63373,8890,8814,1578,10392,136
2021-12-17,Trinity,105,12862,883,823,222,1045,17
2021-12-17,Tulare,107,460477,71664,70922,16958,87880,1120
2021-12-17,Tuolumne,109,53932,7904,7834,110,7944,91
2021-12-17,Ventura,111,848112,102997,101612,4612,106224,1201
2021-12-17,Yolo,113,214977,21011,20793,1346,22139,267
2021-12-17,Yuba,115,75493,10703,10599,419,11018,96
2021-12-16,Alameda,001,1643700,125969,124583,3202,127785,1512
2021-12-16,Alpine,003,1148,112,110,0,110,0
2021-12-16,Amador,005,37829,5845,5821,74,5895,69
2021-12-16,Butte,007,227075,22132,21956,4011,25967,328
2021-12-16,Calaveras,009,45235,4569,4534,67,4601,91
2021-12-16,Colusa,011,21464,2653,2635,698,3333,21
2021-12-16,Contra Costa,013,1133247,104182,103380,2486,105866,1065
2021-12-16,Del Norte,015,27424,3819,3791,58,3849,43
2021-12-16,El Dorado,017,186661,17173,16968,1836,18804,171
2021-12-16,Fresno,019,978130,148129,147038,12812,159850,2335
2021-12-16,Glenn,021,27897,3607,3590,1039,4629,39
2021-12-16,Humboldt,023,135768,10008,9889,760,10649,118
2021-12-16,Imperial,025,180216,36708,36280,4085,40365,790
2021-12-16,Inyo,027,18085,2625,2607,60,2667,47
2021-12-16,Kern,029,883053,134738,133754,24810,158564,1873
2021-12-16,Kings,031,150075,34047,33783,2122,35905,374
2021-12-16,Lake,033,64148,7019,6976,172,7148,115
2021-12-16,Lassen,035,31185,7079,7061,445,7506,55
2021-12-16,Los Angeles,037,10098052,1499376,1484840,58643,1543483,27135
2021-12-16,Madera,039,155013,24751,24575,2373,26948,313
2021-12-16,Marin,041,260295,18782,18537,584,19121,249
2021-12-16,Mariposa,043,17540,1479,1468,62,1530,6
2021-12-16,Mendocino,045,87422,8297,8219,681,8900,95
2021-12-16,Merced,047,269075,44112,43929,2107,46036,686
2021-12-16,Modoc,049,8938,597,595,205,800,6
2021-12-16,Mono,051,14174,1966,1956,20,1976,4
2021-12-16,Monterey,053,433212,49609,49343,4551,53894,635
2021-12-16,Napa,055,140530,13702,13581,139,13720,107
2021-12-16,Nevada,057,99092,10122,9991,362,10353,108
2021-12-16,Orange,059,3164182,321310,318149,16720,334869,5844
2021-12-16,Placer,061,380077,39719,39336,4049,43385,485
2021-12-16,Plumas,063,18699,1988,1964,58,2022,13
2021-12-16,Riverside,065,2383286,382477,379354,17094,396448,5439
2021-12-16,Sacramento,067,1510023,168546,167046,5323,172369,2404
2021-12-16,San Benito,069,59416,7938,7894,192,8086,79
2021-12-16,San Bernardino,071,2135413,374824,371658,12100,383758,6017
2021-12-16,San Diego,073,3302833,401510,397130,23117,420247,4399
2021-12-16,San Francisco,075,870044,56838,55562,2915,58477,679
2021-12-16,San Joaquin,077,732212,104481,103698,5841,109539,1858
2021-12-16,San Luis Obispo,079,281455,31121,30873,1384,32257,365
2021-12-16,San Mateo,081,765935,56335,55730,2032,57762,580
2021-12-16,Santa Barbara,083,443738,47502,46776,1761,48537,562
2021-12-16,Santa Clara,085,1922200,155961,154243,1851,156094,1946
2021-12-16,Santa Cruz,087,273765,22085,21805,1107,22912,225
2021-12-16,Shasta,089,179085,22963,22811,3809,26620,429
2021-12-16,Sierra,091,2930,203,199,22,221,0
2021-12-16,Siskiyou,093,43540,3484,3441,1405,4846,58
2021-12-16,Solano,095,438530,47835,47174,1358,48532,369
2021-12-16,Sonoma,097,501317,44150,43658,603,44261,407
2021-12-16,Stanislaus,099,539301,83370,82736,9524,92260,1330
2021-12-16,Sutter,101,95872,14504,14435,417,14852,190
2021-12-16,Tehama,103,63373,8883,8814,1577,10391,136
2021-12-16,Trinity,105,12862,883,823,221,1044,17
2021-12-16,Tulare,107,460477,71616,70922,16931,87853,1120
2021-12-16,Tuolumne,109,53932,7885,7834,110,7944,91
2021-12-16,Ventura,111,848112,102729,101612,4605,106217,1201
2021-12-16,Yolo,113,214977,20962,20793,1341,22134,267
2021-12-16,Yuba,115,75493,10688,10599,418,11017,96
2021-12-15,Alameda,001,1643700,125658,124342,3189,127531,1509
2021-12-15,Alpine,003,1148,112,109,0,109,0
2021-12-15,Amador,005,37829,5839,5810,74,5884,69
2021-12-15,Butte,007,227075,22114,21922,4010,25932,327
2021-12-15,Calaveras,009,45235,4563,4523,67,4590,89
2021-12-15,Colusa,011,21464,2652,2632,697,3329,21
2021-12-15,Contra Costa,013,1133247,103968,103236,2482,105718,1064
2021-12-15,Del Norte,015,27424,3818,3789,57,3846,43
2021-12-15,El Dorado,017,186661,17141,16936,1830,18766,171
2021-12-15,Fresno,019,978130,148002,146859,12802,159661,2319
2021-12-15,Glenn,021,27897,3607,3589,1039,4628,39
2021-12-15,Humboldt,023,135768,9987,9854,759,10613,118
2021-12-15,Imperial,025,180216,36633,36187,4039,40226,789
2021-12-15,Inyo,027,18085,2620,2606,60,2666,47
2021-12-15,Kern,029,883053,134601,133590,24763,158353,1866
2021-12-15,Kings,031,150075,34018,33716,2118,35834,374
2021-12-15,Lake,033,64148,7010,6968,171,7139,115
2021-12-15,Lassen,035,31185,7079,7062,445,7507,55
2021-12-15,Los Angeles,037,10098052,1495536,1482735,58445,1541180,27116
2021-12-15,Madera,039,155013,24733,24549,2367,26916,313
2021-12-15,Marin,041,260295,18724,18514,579,19093,249
2021-12-15,Mariposa,043,17540,1476,1463,62,1525,6
2021-12-15,Mendocino,045,87422,8293,8209,678,8887,95
2021-12-15,Merced,047,269075,44072,43890,2095,45985,685
2021-12-15,Modoc,049,8938,597,595,205,800,6
2021-12-15,Mono,051,14174,1963,1955,20,1975,4
2021-12-15,Monterey,053,433212,49563,49279,4524,53803,635
2021-12-15,Napa,055,140530,13673,13557,137,13694,107
2021-12-15,Nevada,057,99092,10100,9958,362,10320,107
2021-12-15,Orange,059,3164182,320747,317808,16681,334489,5838
2021-12-15,Placer,061,380077,39666,39264,4039,43303,485
2021-12-15,Plumas,063,18699,1984,1957,58,2015,12
2021-12-15,Riverside,065,2383286,381765,378769,17083,395852,5438
2021-12-15,Sacramento,067,1510023,168245,166793,5301,172094,2401
2021-12-15,San Benito,069,59416,7925,7877,192,8069,79
2021-12-15,San Bernardino,071,2135413,374297,371122,12068,383190,6013
2021-12-15,San Diego,073,3302833,400328,396546,23046,419592,4395
2021-12-15,San Francisco,075,870044,56523,55414,2891,58305,679
2021-12-15,San Joaquin,077,732212,104334,103579,5831,109410,1853
2021-12-15,San Luis Obispo,079,281455,31073,30784,1377,32161,365
2021-12-15,San Mateo,081,765935,56213,55657,2009,57666,580
2021-12-15,Santa Barbara,083,443738,47422,46681,1759,48440,562
2021-12-15,Santa Clara,085,1922200,155650,153928,1828,155756,1944
2021-12-15,Santa Cruz,087,273765,22045,21753,1100,22853,225
2021-12-15,Shasta,089,179085,22948,22778,3805,26583,427
2021-12-15,Sierra,091,2930,203,199,22,221,0
2021-12-15,Siskiyou,093,43540,3483,3434,1404,4838,58
2021-12-15,Solano,095,438530,47766,47098,1352,48450,367
2021-12-15,Sonoma,097,501317,44067,43580,598,44178,407
2021-12-15,Stanislaus,099,539301,83261,82628,9516,92144,1298
2021-12-15,Sutter,101,95872,14484,14428,416,14844,189
2021-12-15,Tehama,103,63373,8876,8806,1576,10382,136
2021-12-15,Trinity,105,12862,882,822,221,1043,17
2021-12-15,Tulare,107,460477,71564,70846,16899,87745,1120
2021-12-15,Tuolumne,109,53932,7876,7818,109,7927,91
2021-12-15,Ventura,111,848112,102514,101447,4599,106046,1199
2021-12-15,Yolo,113,214977,20934,20749,1336,22085,267
2021-12-15,Yuba,115,75493,10677,10587,417,11004,96
2021-12-14,Alameda,001,1643700,125358,124272,3178,127450,1506
2021-12-14,Alpine,003,1148,111,109,0,109,0
2021-12-14,Amador,005,37829,5833,5808,73,5881,69
2021-12-14,Butte,007,227075,22082,21901,4008,25909,326
2021-12-14,Calaveras,009,45235,4551,4517,67,4584,89
2021-12-14,Colusa,011,21464,2650,2628,697,3325,21
2021-12-14,Contra Costa,013,1133247,103791,103135,2478,105613,1064
2021-12-14,Del Norte,015,27424,3815,3788,57,3845,43
2021-12-14,El Dorado,017,186661,17108,16915,1828,18743,170
2021-12-14,Fresno,019,978130,147835,146756,12799,159555,2316
2021-12-14,Glenn,021,27897,3605,3589,1039,4628,39
2021-12-14,Humboldt,023,135768,9973,9836,750,10586,118
2021-12-14,Imperial,025,180216,36568,36049,3997,40046,789
2021-12-14,Inyo,027,18085,2620,2601,60,2661,46
2021-12-14,Kern,029,883053,134465,133498,24716,158214,1863
2021-12-14,Kings,031,150075,33981,33693,2115,35808,373
2021-12-14,Lake,033,64148,7000,6961,171,7132,115
2021-12-14,Lassen,035,31185,7078,7061,445,7506,55
2021-12-14,Los Angeles,037,10098052,1491950,1481131,58265,1539396,27099
2021-12-14,Madera,039,155013,24707,24535,2359,26894,313
2021-12-14,Marin,041,260295,18676,18491,577,19068,249
2021-12-14,Mariposa,043,17540,1473,1463,61,1524,6
2021-12-14,Mendocino,045,87422,8266,8206,676,8882,95
2021-12-14,Merced,047,269075,44025,43870,2093,45963,684
2021-12-14,Modoc,049,8938,596,595,205,800,6
2021-12-14,Mono,051,14174,1958,1955,20,1975,4
2021-12-14,Monterey,053,433212,49492,49237,4501,53738,635
2021-12-14,Napa,055,140530,13645,13528,137,13665,107
2021-12-14,Nevada,057,99092,10074,9956,361,10317,106
2021-12-14,Orange,059,3164182,320202,317465,16631,334096,5827
2021-12-14,Placer,061,380077,39590,39221,4034,43255,482
2021-12-14,Plumas,063,18699,1980,1950,56,2006,12
2021-12-14,Riverside,065,2383286,381096,378227,17064,395291,5427
2021-12-14,Sacramento,067,1510023,167937,166605,5277,171882,2394
2021-12-14,San Benito,069,59416,7907,7871,192,8063,79
2021-12-14,San Bernardino,071,2135413,373684,370604,12039,382643,6013
2021-12-14,San Diego,073,3302833,399181,395876,22996,418872,4393
2021-12-14,San Francisco,075,870044,56225,55278,2868,58146,679
2021-12-14,San Joaquin,077,732212,104194,103488,5812,109300,1848
2021-12-14,San Luis Obispo,079,281455,31014,30753,1373,32126,363
2021-12-14,San Mateo,081,765935,56067,55601,1986,57587,580
2021-12-14,Santa Barbara,083,443738,47324,46648,1754,48402,560
2021-12-14,Santa Clara,085,1922200,155338,153814,1814,155628,1945
2021-12-14,Santa Cruz,087,273765,21980,21737,1096,22833,225
2021-12-14,Shasta,089,179085,22921,22756,3804,26560,427
2021-12-14,Sierra,091,2930,201,199,22,221,0
2021-12-14,Siskiyou,093,43540,3478,3430,1403,4833,58
2021-12-14,Solano,095,438530,47719,47065,1346,48411,367
2021-12-14,Sonoma,097,501317,43985,43538,597,44135,407
2021-12-14,Stanislaus,099,539301,83174,82581,9502,92083,1293
2021-12-14,Sutter,101,95872,14472,14421,415,14836,189
2021-12-14,Tehama,103,63373,8872,8805,1576,10381,134
2021-12-14,Trinity,105,12862,882,821,221,1042,17
2021-12-14,Tulare,107,460477,71491,70803,16868,87671,1120
2021-12-14,Tuolumne,109,53932,7863,7815,109,7924,91
2021-12-14,Ventura,111,848112,102292,101343,4592,105935,1199
2021-12-14,Yolo,113,214977,20901,20734,1322,22056,267
2021-12-14,Yuba,115,75493,10660,10574,417,10991,92
2021-12-13,Alameda,001,1643700,125086,124174,3160,127334,1501
2021-12-13,Alpine,003,1148,111,109,0,109,0
2021-12-13,Amador,005,37829,5829,5797,73,5870,69
2021-12-13,Butte,007,227075,22060,21889,4004,25893,326
2021-12-13,Calaveras,009,45235,4544,4507,66,4573,89
2021-12-13,Colusa,011,21464,2648,2627,697,3324,21
2021-12-13,Contra Costa,013,1133247,103645,103041,2466,105507,1064
2021-12-13,Del Norte,015,27424,3811,3787,57,3844,42
2021-12-13,El Dorado,017,186661,17085,16896,1826,18722,170
2021-12-13,Fresno,019,978130,147690,146641,12789,159430,2312
2021-12-13,Glenn,021,27897,3601,3589,1037,4626,37
2021-12-13,Humboldt,023,135768,9944,9821,746,10567,118
2021-12-13,Imperial,025,180216,36489,35974,3978,39952,787
2021-12-13,Inyo,027,18085,2619,2592,60,2652,46
2021-12-13,Kern,029,883053,134338,133381,24664,158045,1863
2021-12-13,Kings,031,150075,33938,33680,2110,35790,372
2021-12-13,Lake,033,64148,6998,6958,169,7127,115
2021-12-13,Lassen,035,31185,7077,7057,445,7502,55
2021-12-13,Los Angeles,037,10098052,1489219,1480195,58102,1538297,27085
2021-12-13,Madera,039,155013,24679,24527,2354,26881,311
2021-12-13,Marin,041,260295,18616,18471,574,19045,249
2021-12-13,Mariposa,043,17540,1470,1462,61,1523,6
2021-12-13,Mendocino,045,87422,8253,8196,674,8870,95
2021-12-13,Merced,047,269075,43988,43848,2088,45936,682
2021-12-13,Modoc,049,8938,595,595,205,800,6
2021-12-13,Mono,051,14174,1956,1952,20,1972,4
2021-12-13,Monterey,053,433212,49447,49222,4475,53697,631
2021-12-13,Napa,055,140530,13632,13518,137,13655,107
2021-12-13,Nevada,057,99092,10055,9946,360,10306,106
2021-12-13,Orange,059,3164182,319741,317112,16579,333691,5824
2021-12-13,Placer,061,380077,39529,39168,4023,43191,481
2021-12-13,Plumas,063,18699,1976,1943,56,1999,12
2021-12-13,Riverside,065,2383286,380515,377728,17048,394776,5414
2021-12-13,Sacramento,067,1510023,167660,166439,5243,171682,2392
2021-12-13,San Benito,069,59416,7898,7856,192,8048,79
2021-12-13,San Bernardino,071,2135413,373118,370274,12033,382307,6011
2021-12-13,San Diego,073,3302833,398360,395266,22944,418210,4389
2021-12-13,San Francisco,075,870044,55959,55245,2851,58096,678
2021-12-13,San Joaquin,077,732212,104079,103449,5803,109252,1846
2021-12-13,San Luis Obispo,079,281455,30968,30746,1370,32116,363
2021-12-13,San Mateo,081,765935,55925,55569,1967,57536,580
2021-12-13,Santa Barbara,083,443738,47239,46608,1749,48357,560
2021-12-13,Santa Clara,085,1922200,155069,153672,1803,155475,1944
2021-12-13,Santa Cruz,087,273765,21926,21698,1093,22791,225
2021-12-13,Shasta,089,179085,22901,22731,3802,26533,426
2021-12-13,Sierra,091,2930,201,199,22,221,0
2021-12-13,Siskiyou,093,43540,3474,3426,1399,4825,57
2021-12-13,Solano,095,438530,47658,47045,1341,48386,365
2021-12-13,Sonoma,097,501317,43889,43492,595,44087,407
2021-12-13,Stanislaus,099,539301,83060,82507,9482,91989,1282
2021-12-13,Sutter,101,95872,14465,14408,415,14823,188
2021-12-13,Tehama,103,63373,8860,8800,1576,10376,134
2021-12-13,Trinity,105,12862,882,820,221,1041,17
2021-12-13,Tulare,107,460477,71436,70758,16844,87602,1114
2021-12-13,Tuolumne,109,53932,7853,7804,109,7913,91
2021-12-13,Ventura,111,848112,102069,101180,4581,105761,1197
2021-12-13,Yolo,113,214977,20855,20706,1316,22022,267
2021-12-13,Yuba,115,75493,10643,10570,417,10987,92
2021-12-12,Alameda,001,1643700,124806,124075,3147,127222,1503
2021-12-12,Alpine,003,1148,111,109,0,109,0
2021-12-12,Amador,005,37829,5822,5797,72,5869,69
2021-12-12,Butte,007,227075,22035,21874,4001,25875,326
2021-12-12,Calaveras,009,45235,4534,4501,66,4567,89
2021-12-12,Colusa,011,21464,2643,2627,694,3321,21
2021-12-12,Contra Costa,013,1133247,103459,102976,2464,105440,1065
2021-12-12,Del Norte,015,27424,3808,3793,57,3850,42
2021-12-12,El Dorado,017,186661,17049,16890,1818,18708,170
2021-12-12,Fresno,019,978130,147529,146518,12778,159296,2310
2021-12-12,Glenn,021,27897,3601,3589,1036,4625,37
2021-12-12,Humboldt,023,135768,9920,9804,739,10543,118
2021-12-12,Imperial,025,180216,36350,35926,3946,39872,787
2021-12-12,Inyo,027,18085,2614,2592,60,2652,46
2021-12-12,Kern,029,883053,134174,133314,24624,157938,1861
2021-12-12,Kings,031,150075,33885,33661,2108,35769,372
2021-12-12,Lake,033,64148,6991,6955,167,7122,115
2021-12-12,Lassen,035,31185,7076,7057,445,7502,55
2021-12-12,Los Angeles,037,10098052,1486408,1479054,57918,1536972,27074
2021-12-12,Madera,039,155013,24649,24493,2346,26839,311
2021-12-12,Marin,041,260295,18563,18451,569,19020,249
2021-12-12,Mariposa,043,17540,1469,1461,61,1522,6
2021-12-12,Mendocino,045,87422,8240,8190,673,8863,95
2021-12-12,Merced,047,269075,43956,43821,2081,45902,682
2021-12-12,Modoc,049,8938,595,595,204,799,6
2021-12-12,Mono,051,14174,1955,1947,20,1967,4
2021-12-12,Monterey,053,433212,49400,49192,4442,53634,631
2021-12-12,Napa,055,140530,13589,13508,135,13643,107
2021-12-12,Nevada,057,99092,10029,9938,359,10297,106
2021-12-12,Orange,059,3164182,319245,316918,16519,333437,5825
2021-12-12,Placer,061,380077,39465,39139,4017,43156,481
2021-12-12,Plumas,063,18699,1972,1942,54,1996,12
2021-12-12,Riverside,065,2383286,379842,377467,17022,394489,5414
2021-12-12,Sacramento,067,1510023,167391,166291,5221,171512,2392
2021-12-12,San Benito,069,59416,7878,7853,192,8045,79
2021-12-12,San Bernardino,071,2135413,372493,369977,12009,381986,6011
2021-12-12,San Diego,073,3302833,397458,393307,22905,416212,4378
2021-12-12,San Francisco,075,870044,55711,55180,2834,58014,678
2021-12-12,San Joaquin,077,732212,103941,103405,5793,109198,1846
2021-12-12,San Luis Obispo,079,281455,30916,30719,1368,32087,363
2021-12-12,San Mateo,081,765935,55821,55505,1953,57458,580
2021-12-12,Santa Barbara,083,443738,47165,46586,1747,48333,560
2021-12-12,Santa Clara,085,1922200,154790,153452,1786,155238,1945
2021-12-12,Santa Cruz,087,273765,21878,21671,1091,22762,225
2021-12-12,Shasta,089,179085,22873,22732,3801,26533,426
2021-12-12,Sierra,091,2930,201,199,22,221,0
2021-12-12,Siskiyou,093,43540,3474,3424,1399,4823,57
2021-12-12,Solano,095,438530,47591,47021,1337,48358,365
2021-12-12,Sonoma,097,501317,43797,43424,592,44016,407
2021-12-12,Stanislaus,099,539301,82961,82460,9472,91932,1282
2021-12-12,Sutter,101,95872,14454,14396,415,14811,189
2021-12-12,Tehama,103,63373,8849,8796,1574,10370,134
2021-12-12,Trinity,105,12862,880,820,221,1041,17
2021-12-12,Tulare,107,460477,71359,70733,16802,87535,1115
2021-12-12,Tuolumne,109,53932,7836,7794,109,7903,91
2021-12-12,Ventura,111,848112,101874,101105,4568,105673,1197
2021-12-12,Yolo,113,214977,20805,20685,1305,21990,267
2021-12-12,Yuba,115,75493,10629,10565,414,10979,92
2021-12-11,Alameda,001,1643700,124683,123572,3144,126716,1496
2021-12-11,Alpine,003,1148,111,109,0,109,0
2021-12-11,Amador,005,37829,5817,5787,72,5859,69
2021-12-11,Butte,007,227075,22021,21819,4000,25819,326
2021-12-11,Calaveras,009,45235,4526,4469,65,4534,89
2021-12-11,Colusa,011,21464,2639,2619,693,3312,21
2021-12-11,Contra Costa,013,1133247,103375,102618,2462,105080,1061
2021-12-11,Del Norte,015,27424,3808,3778,57,3835,42
2021-12-11,El Dorado,017,186661,17028,16796,1817,18613,170
2021-12-11,Fresno,019,978130,147443,145988,12772,158760,2294
2021-12-11,Glenn,021,27897,3601,3585,1035,4620,37
2021-12-11,Humboldt,023,135768,9903,9721,736,10457,118
2021-12-11,Imperial,025,180216,36290,35635,3935,39570,782
2021-12-11,Inyo,027,18085,2609,2576,60,2636,46
2021-12-11,Kern,029,883053,134105,132852,24589,157441,1854
2021-12-11,Kings,031,150075,33871,33530,2106,35636,371
2021-12-11,Lake,033,64148,6990,6932,165,7097,114
2021-12-11,Lassen,035,31185,7075,7049,445,7494,55
2021-12-11,Los Angeles,037,10098052,1485226,1474030,57826,1531856,27031
2021-12-11,Madera,039,155013,24643,24417,2345,26762,311
2021-12-11,Marin,041,260295,18529,18339,566,18905,249
2021-12-11,Mariposa,043,17540,1468,1450,61,1511,6
2021-12-11,Mendocino,045,87422,8233,8130,673,8803,95
2021-12-11,Merced,047,269075,43937,43690,2080,45770,681
2021-12-11,Modoc,049,8938,595,594,204,798,6
2021-12-11,Mono,051,14174,1953,1926,20,1946,4
2021-12-11,Monterey,053,433212,49379,49008,4432,53440,631
2021-12-11,Napa,055,140530,13572,13459,135,13594,107
2021-12-11,Nevada,057,99092,10015,9880,359,10239,106
2021-12-11,Orange,059,3164182,318991,315759,16494,332253,5805
2021-12-11,Placer,061,380077,39407,38959,4010,42969,481
2021-12-11,Plumas,063,18699,1966,1934,54,1988,12
2021-12-11,Riverside,065,2383286,379426,375649,17007,392656,5408
2021-12-11,Sacramento,067,1510023,167266,165530,5211,170741,2386
2021-12-11,San Benito,069,59416,7864,7808,192,8000,79
2021-12-11,San Bernardino,071,2135413,372138,368145,12000,380145,6007
2021-12-11,San Diego,073,3302833,397033,392274,22864,415138,4374
2021-12-11,San Francisco,075,870044,55559,54869,2827,57696,678
2021-12-11,San Joaquin,077,732212,103881,103013,5789,108802,1842
2021-12-11,San Luis Obispo,079,281455,30893,30567,1364,31931,362
2021-12-11,San Mateo,081,765935,55747,55284,1950,57234,580
2021-12-11,Santa Barbara,083,443738,47131,46309,1747,48056,559
2021-12-11,Santa Clara,085,1922200,154593,152846,1774,154620,1941
2021-12-11,Santa Cruz,087,273765,21854,21557,1091,22648,225
2021-12-11,Shasta,089,179085,22858,22660,3797,26457,419
2021-12-11,Sierra,091,2930,201,199,22,221,0
2021-12-11,Siskiyou,093,43540,3468,3418,1396,4814,57
2021-12-11,Solano,095,438530,47562,46891,1332,48223,365
2021-12-11,Sonoma,097,501317,43749,43227,592,43819,407
2021-12-11,Stanislaus,099,539301,82911,82133,9464,91597,1264
2021-12-11,Sutter,101,95872,14445,14354,415,14769,187
2021-12-11,Tehama,103,63373,8846,8776,1572,10348,134
2021-12-11,Trinity,105,12862,880,819,221,1040,17
2021-12-11,Tulare,107,460477,71318,70523,16792,87315,1103
2021-12-11,Tuolumne,109,53932,7827,7760,109,7869,91
2021-12-11,Ventura,111,848112,101798,100711,4561,105272,1195
2021-12-11,Yolo,113,214977,20785,20608,1301,21909,267
2021-12-11,Yuba,115,75493,10617,10519,413,10932,92
2021-12-10,Alameda,001,1643700,124562,123572,3137,126709,1496
2021-12-10,Alpine,003,1148,110,109,0,109,0
2021-12-10,Amador,005,37829,5810,5787,72,5859,69
2021-12-10,Butte,007,227075,22008,21819,3998,25817,326
2021-12-10,Calaveras,009,45235,4523,4469,65,4534,89
2021-12-10,Colusa,011,21464,2638,2619,693,3312,21
2021-12-10,Contra Costa,013,1133247,103279,102618,2461,105079,1061
2021-12-10,Del Norte,015,27424,3808,3778,57,3835,42
2021-12-10,El Dorado,017,186661,17015,16796,1817,18613,170
2021-12-10,Fresno,019,978130,147353,145988,12768,158756,2294
2021-12-10,Glenn,021,27897,3601,3585,1035,4620,37
2021-12-10,Humboldt,023,135768,9886,9721,734,10455,118
2021-12-10,Imperial,025,180216,36233,35635,3919,39554,782
2021-12-10,Inyo,027,18085,2606,2576,60,2636,46
2021-12-10,Kern,029,883053,134017,132852,24565,157417,1854
2021-12-10,Kings,031,150075,33858,33530,2104,35634,371
2021-12-10,Lake,033,64148,6983,6932,165,7097,114
2021-12-10,Lassen,035,31185,7074,7049,445,7494,55
2021-12-10,Los Angeles,037,10098052,1484163,1474030,57740,1531770,27031
2021-12-10,Madera,039,155013,24625,24417,2343,26760,311
2021-12-10,Marin,041,260295,18507,18339,566,18905,249
2021-12-10,Mariposa,043,17540,1465,1450,61,1511,6
2021-12-10,Mendocino,045,87422,8226,8130,672,8802,95
2021-12-10,Merced,047,269075,43920,43690,2078,45768,681
2021-12-10,Modoc,049,8938,595,594,204,798,6
2021-12-10,Mono,051,14174,1950,1926,20,1946,4
2021-12-10,Monterey,053,433212,49349,49008,4421,53429,631
2021-12-10,Napa,055,140530,13560,13459,134,13593,107
2021-12-10,Nevada,057,99092,10006,9880,359,10239,106
2021-12-10,Orange,059,3164182,318718,315759,16462,332221,5805
2021-12-10,Placer,061,380077,39364,38959,4007,42966,481
2021-12-10,Plumas,063,18699,1964,1934,54,1988,12
2021-12-10,Riverside,065,2383286,379020,375649,16996,392645,5408
2021-12-10,Sacramento,067,1510023,167112,165530,5209,170739,2386
2021-12-10,San Benito,069,59416,7860,7808,192,8000,79
2021-12-10,San Bernardino,071,2135413,371766,368145,11979,380124,6007
2021-12-10,San Diego,073,3302833,396546,392274,22850,415124,4374
2021-12-10,San Francisco,075,870044,55475,54869,2821,57690,678
2021-12-10,San Joaquin,077,732212,103827,103013,5785,108798,1842
2021-12-10,San Luis Obispo,079,281455,30883,30567,1361,31928,362
2021-12-10,San Mateo,081,765935,55697,55284,1940,57224,580
2021-12-10,Santa Barbara,083,443738,47095,46309,1746,48055,559
2021-12-10,Santa Clara,085,1922200,154421,152846,1761,154607,1941
2021-12-10,Santa Cruz,087,273765,21835,21557,1090,22647,225
2021-12-10,Shasta,089,179085,22848,22660,3794,26454,419
2021-12-10,Sierra,091,2930,201,199,22,221,0
2021-12-10,Siskiyou,093,43540,3461,3418,1396,4814,57
2021-12-10,Solano,095,438530,47519,46891,1328,48219,365
2021-12-10,Sonoma,097,501317,43715,43227,591,43818,407
2021-12-10,Stanislaus,099,539301,82846,82133,9458,91591,1264
2021-12-10,Sutter,101,95872,14436,14354,415,14769,187
2021-12-10,Tehama,103,63373,8844,8776,1570,10346,134
2021-12-10,Trinity,105,12862,880,819,221,1040,17
2021-12-10,Tulare,107,460477,71288,70523,16765,87288,1103
2021-12-10,Tuolumne,109,53932,7822,7760,109,7869,91
2021-12-10,Ventura,111,848112,101694,100711,4558,105269,1195
2021-12-10,Yolo,113,214977,20770,20608,1299,21907,267
2021-12-10,Yuba,115,75493,10605,10519,412,10931,92
2021-12-09,Alameda,001,1643700,124424,123572,3132,126704,1496
2021-12-09,Alpine,003,1148,110,109,0,109,0
2021-12-09,Amador,005,37829,5807,5787,71,5858,69
2021-12-09,Butte,007,227075,21987,21819,3995,25814,326
2021-12-09,Calaveras,009,45235,4514,4469,65,4534,89
2021-12-09,Colusa,011,21464,2636,2619,693,3312,21
2021-12-09,Contra Costa,013,1133247,103160,102618,2455,105073,1061
2021-12-09,Del Norte,015,27424,3807,3778,57,3835,42
2021-12-09,El Dorado,017,186661,16988,16796,1812,18608,170
2021-12-09,Fresno,019,978130,147207,145988,12758,158746,2294
2021-12-09,Glenn,021,27897,3601,3585,1035,4620,37
2021-12-09,Humboldt,023,135768,9864,9721,733,10454,118
2021-12-09,Imperial,025,180216,36160,35635,3891,39526,782
2021-12-09,Inyo,027,18085,2604,2576,60,2636,46
2021-12-09,Kern,029,883053,133892,132852,24532,157384,1854
2021-12-09,Kings,031,150075,33832,33530,2101,35631,371
2021-12-09,Lake,033,64148,6976,6932,164,7096,114
2021-12-09,Lassen,035,31185,7072,7049,445,7494,55
2021-12-09,Los Angeles,037,10098052,1482643,1474030,57656,1531686,27031
2021-12-09,Madera,039,155013,24600,24417,2340,26757,311
2021-12-09,Marin,041,260295,18494,18339,564,18903,249
2021-12-09,Mariposa,043,17540,1464,1450,61,1511,6
2021-12-09,Mendocino,045,87422,8212,8130,672,8802,95
2021-12-09,Merced,047,269075,43881,43690,2067,45757,681
2021-12-09,Modoc,049,8938,595,594,204,798,6
2021-12-09,Mono,051,14174,1939,1926,20,1946,4
2021-12-09,Monterey,053,433212,49310,49008,4403,53411,631
2021-12-09,Napa,055,140530,13540,13459,130,13589,107
2021-12-09,Nevada,057,99092,9987,9880,359,10239,106
2021-12-09,Orange,059,3164182,318389,315759,16424,332183,5805
2021-12-09,Placer,061,380077,39321,38959,3994,42953,481
2021-12-09,Plumas,063,18699,1957,1934,54,1988,12
2021-12-09,Riverside,065,2383286,378475,375649,16981,392630,5408
2021-12-09,Sacramento,067,1510023,166894,165530,5193,170723,2386
2021-12-09,San Benito,069,59416,7848,7808,191,7999,79
2021-12-09,San Bernardino,071,2135413,371287,368145,11963,380108,6007
2021-12-09,San Diego,073,3302833,395899,392274,22819,415093,4374
2021-12-09,San Francisco,075,870044,55390,54869,2814,57683,678
2021-12-09,San Joaquin,077,732212,103735,103013,5779,108792,1842
2021-12-09,San Luis Obispo,079,281455,30855,30567,1359,31926,362
2021-12-09,San Mateo,081,765935,55614,55284,1933,57217,580
2021-12-09,Santa Barbara,083,443738,47017,46309,1739,48048,559
2021-12-09,Santa Clara,085,1922200,154208,152846,1750,154596,1941
2021-12-09,Santa Cruz,087,273765,21811,21557,1088,22645,225
2021-12-09,Shasta,089,179085,22832,22660,3793,26453,419
2021-12-09,Sierra,091,2930,201,199,22,221,0
2021-12-09,Siskiyou,093,43540,3457,3418,1395,4813,57
2021-12-09,Solano,095,438530,47484,46891,1326,48217,365
2021-12-09,Sonoma,097,501317,43658,43227,590,43817,407
2021-12-09,Stanislaus,099,539301,82774,82133,9445,91578,1264
2021-12-09,Sutter,101,95872,14421,14354,415,14769,187
2021-12-09,Tehama,103,63373,8837,8776,1569,10345,134
2021-12-09,Trinity,105,12862,880,819,221,1040,17
2021-12-09,Tulare,107,460477,71231,70523,16736,87259,1103
2021-12-09,Tuolumne,109,53932,7812,7760,109,7869,91
2021-12-09,Ventura,111,848112,101548,100711,4546,105257,1195
2021-12-09,Yolo,113,214977,20748,20608,1291,21899,267
2021-12-09,Yuba,115,75493,10597,10519,408,10927,92
2021-12-08,Alameda,001,1643700,124284,123438,3122,126560,1496
2021-12-08,Alpine,003,1148,110,108,0,108,0
2021-12-08,Amador,005,37829,5802,5781,71,5852,69
2021-12-08,Butte,007,227075,21971,21780,3992,25772,326
2021-12-08,Calaveras,009,45235,4505,4455,65,4520,89
2021-12-08,Colusa,011,21464,2633,2619,692,3311,21
2021-12-08,Contra Costa,013,1133247,103032,102506,2451,104957,1058
2021-12-08,Del Norte,015,27424,3806,3767,57,3824,42
2021-12-08,El Dorado,017,186661,16956,16757,1812,18569,170
2021-12-08,Fresno,019,978130,147051,145830,12747,158577,2293
2021-12-08,Glenn,021,27897,3600,3584,1033,4617,37
2021-12-08,Humboldt,023,135768,9841,9704,731,10435,117
2021-12-08,Imperial,025,180216,36087,35537,3860,39397,782
2021-12-08,Inyo,027,18085,2601,2570,60,2630,46
2021-12-08,Kern,029,883053,133769,132709,24488,157197,1846
2021-12-08,Kings,031,150075,33797,33468,2100,35568,371
2021-12-08,Lake,033,64148,6971,6927,163,7090,114
2021-12-08,Lassen,035,31185,7070,7041,443,7484,55
2021-12-08,Los Angeles,037,10098052,1481130,1472410,57546,1529956,27018
2021-12-08,Madera,039,155013,24579,24396,2333,26729,311
2021-12-08,Marin,041,260295,18473,18305,561,18866,249
2021-12-08,Mariposa,043,17540,1462,1447,61,1508,6
2021-12-08,Mendocino,045,87422,8200,8118,671,8789,95
2021-12-08,Merced,047,269075,43851,43631,2059,45690,680
2021-12-08,Modoc,049,8938,595,594,204,798,6
2021-12-08,Mono,051,14174,1938,1924,20,1944,4
2021-12-08,Monterey,053,433212,49256,48957,4378,53335,631
2021-12-08,Napa,055,140530,13526,13421,130,13551,107
2021-12-08,Nevada,057,99092,9971,9862,359,10221,106
2021-12-08,Orange,059,3164182,318047,315421,16387,331808,5795
2021-12-08,Placer,061,380077,39268,38934,3989,42923,478
2021-12-08,Plumas,063,18699,1955,1924,54,1978,12
2021-12-08,Riverside,065,2383286,377969,375099,16958,392057,5404
2021-12-08,Sacramento,067,1510023,166646,165278,5163,170441,2373
2021-12-08,San Benito,069,59416,7839,7793,191,7984,79
2021-12-08,San Bernardino,071,2135413,370827,367516,11944,379460,6006
2021-12-08,San Diego,073,3302833,395254,391676,22785,414461,4369
2021-12-08,San Francisco,075,870044,55302,54792,2806,57598,677
2021-12-08,San Joaquin,077,732212,103634,102877,5769,108646,1841
2021-12-08,San Luis Obispo,079,281455,30807,30519,1354,31873,361
2021-12-08,San Mateo,081,765935,55549,55220,1922,57142,580
2021-12-08,Santa Barbara,083,443738,46963,46250,1736,47986,558
2021-12-08,Santa Clara,085,1922200,154046,152674,1738,154412,1937
2021-12-08,Santa Cruz,087,273765,21764,21505,1086,22591,224
2021-12-08,Shasta,089,179085,22811,22616,3787,26403,419
2021-12-08,Sierra,091,2930,201,199,22,221,0
2021-12-08,Siskiyou,093,43540,3456,3415,1393,4808,57
2021-12-08,Solano,095,438530,47454,46837,1325,48162,365
2021-12-08,Sonoma,097,501317,43595,43179,589,43768,405
2021-12-08,Stanislaus,099,539301,82691,82038,9435,91473,1264
2021-12-08,Sutter,101,95872,14405,14336,413,14749,187
2021-12-08,Tehama,103,63373,8828,8768,1569,10337,133
2021-12-08,Trinity,105,12862,880,818,221,1039,17
2021-12-08,Tulare,107,460477,71169,70472,16711,87183,1102
2021-12-08,Tuolumne,109,53932,7799,7749,109,7858,91
2021-12-08,Ventura,111,848112,101419,100647,4543,105190,1194
2021-12-08,Yolo,113,214977,20721,20575,1284,21859,267
2021-12-08,Yuba,115,75493,10583,10499,405,10904,92
2021-12-07,Alameda,001,1643700,124123,123325,3113,126438,1497
2021-12-07,Alpine,003,1148,110,108,0,108,0
2021-12-07,Amador,005,37829,5799,5778,70,5848,69
2021-12-07,Butte,007,227075,21947,21761,3987,25748,324
2021-12-07,Calaveras,009,45235,4489,4445,65,4510,88
2021-12-07,Colusa,011,21464,2632,2619,691,3310,21
2021-12-07,Contra Costa,013,1133247,102911,102421,2442,104863,1058
2021-12-07,Del Norte,015,27424,3805,3766,57,3823,42
2021-12-07,El Dorado,017,186661,16933,16742,1809,18551,170
2021-12-07,Fresno,019,978130,146904,145715,12732,158447,2289
2021-12-07,Glenn,021,27897,3599,3579,1032,4611,36
2021-12-07,Humboldt,023,135768,9817,9693,726,10419,117
2021-12-07,Imperial,025,180216,36007,35502,3842,39344,778
2021-12-07,Inyo,027,18085,2597,2567,60,2627,46
2021-12-07,Kern,029,883053,133613,132564,24433,156997,1838
2021-12-07,Kings,031,150075,33765,33441,2097,35538,372
2021-12-07,Lake,033,64148,6966,6925,163,7088,113
2021-12-07,Lassen,035,31185,7069,7040,442,7482,55
2021-12-07,Los Angeles,037,10098052,1479366,1470904,57444,1528348,27007
2021-12-07,Madera,039,155013,24557,24367,2326,26693,311
2021-12-07,Marin,041,260295,18439,18284,555,18839,249
2021-12-07,Mariposa,043,17540,1460,1446,61,1507,6
2021-12-07,Mendocino,045,87422,8182,8107,671,8778,95
2021-12-07,Merced,047,269075,43809,43600,2053,45653,675
2021-12-07,Modoc,049,8938,595,594,203,797,6
2021-12-07,Mono,051,14174,1933,1921,20,1941,4
2021-12-07,Monterey,053,433212,49187,48880,4347,53227,631
2021-12-07,Napa,055,140530,13508,13409,130,13539,107
2021-12-07,Nevada,057,99092,9957,9858,358,10216,105
2021-12-07,Orange,059,3164182,317716,315138,16338,331476,5784
2021-12-07,Placer,061,380077,39192,38860,3985,42845,474
2021-12-07,Plumas,063,18699,1951,1915,54,1969,12
2021-12-07,Riverside,065,2383286,377443,374552,16942,391494,5397
2021-12-07,Sacramento,067,1510023,166402,165148,5149,170297,2375
2021-12-07,San Benito,069,59416,7823,7776,191,7967,78
2021-12-07,San Bernardino,071,2135413,370280,366981,11928,378909,6007
2021-12-07,San Diego,073,3302833,394401,391110,22745,413855,4357
2021-12-07,San Francisco,075,870044,55195,54729,2798,57527,676
2021-12-07,San Joaquin,077,732212,103516,102797,5757,108554,1839
2021-12-07,San Luis Obispo,079,281455,30768,30495,1352,31847,361
2021-12-07,San Mateo,081,765935,55466,55163,1911,57074,580
2021-12-07,Santa Barbara,083,443738,46892,46205,1734,47939,556
2021-12-07,Santa Clara,085,1922200,153859,152465,1729,154194,1941
2021-12-07,Santa Cruz,087,273765,21717,21493,1086,22579,224
2021-12-07,Shasta,089,179085,22790,22594,3784,26378,418
2021-12-07,Sierra,091,2930,201,199,22,221,0
2021-12-07,Siskiyou,093,43540,3453,3412,1393,4805,57
2021-12-07,Solano,095,438530,47414,46812,1325,48137,365
2021-12-07,Sonoma,097,501317,43521,43154,588,43742,405
2021-12-07,Stanislaus,099,539301,82614,81980,9422,91402,1258
2021-12-07,Sutter,101,95872,14397,14322,412,14734,186
2021-12-07,Tehama,103,63373,8820,8765,1568,10333,133
2021-12-07,Trinity,105,12862,880,818,221,1039,17
2021-12-07,Tulare,107,460477,71110,70411,16682,87093,1103
2021-12-07,Tuolumne,109,53932,7791,7743,109,7852,91
2021-12-07,Ventura,111,848112,101323,100569,4533,105102,1194
2021-12-07,Yolo,113,214977,20694,20560,1282,21842,263
2021-12-07,Yuba,115,75493,10566,10491,404,10895,91
2021-12-06,Alameda,001,1643700,123969,123227,3109,126336,1496
2021-12-06,Alpine,003,1148,110,108,0,108,0
2021-12-06,Amador,005,37829,5793,5769,69,5838,67
2021-12-06,Butte,007,227075,21930,21732,3984,25716,321
2021-12-06,Calaveras,009,45235,4482,4443,65,4508,88
2021-12-06,Colusa,011,21464,2631,2615,687,3302,21
2021-12-06,Contra Costa,013,1133247,102792,102327,2439,104766,1058
2021-12-06,Del Norte,015,27424,3803,3744,57,3801,42
2021-12-06,El Dorado,017,186661,16909,16726,1807,18533,168
2021-12-06,Fresno,019,978130,146710,145539,12722,158261,2285
2021-12-06,Glenn,021,27897,3597,3577,1030,4607,36
2021-12-06,Humboldt,023,135768,9797,9671,719,10390,117
2021-12-06,Imperial,025,180216,35931,35453,3824,39277,778
2021-12-06,Inyo,027,18085,2592,2562,58,2620,46
2021-12-06,Kern,029,883053,133428,132366,24376,156742,1835
2021-12-06,Kings,031,150075,33732,33399,2092,35491,368
2021-12-06,Lake,033,64148,6962,6922,163,7085,113
2021-12-06,Lassen,035,31185,7064,7032,440,7472,51
2021-12-06,Los Angeles,037,10098052,1477728,1470059,57348,1527407,26993
2021-12-06,Madera,039,155013,24530,24334,2322,26656,307
2021-12-06,Marin,041,260295,18411,18252,553,18805,249
2021-12-06,Mariposa,043,17540,1457,1443,61,1504,6
2021-12-06,Mendocino,045,87422,8168,8079,668,8747,95
2021-12-06,Merced,047,269075,43767,43549,2043,45592,672
2021-12-06,Modoc,049,8938,595,593,203,796,6
2021-12-06,Mono,051,14174,1925,1913,20,1933,4
2021-12-06,Monterey,053,433212,49120,48831,4317,53148,626
2021-12-06,Napa,055,140530,13485,13387,128,13515,107
2021-12-06,Nevada,057,99092,9931,9847,357,10204,105
2021-12-06,Orange,059,3164182,317340,314859,16297,331156,5771
2021-12-06,Placer,061,380077,39135,38785,3980,42765,473
2021-12-06,Plumas,063,18699,1943,1913,54,1967,10
2021-12-06,Riverside,065,2383286,376925,374116,16928,391044,5388
2021-12-06,Sacramento,067,1510023,166123,164926,5128,170054,2367
2021-12-06,San Benito,069,59416,7807,7755,191,7946,78
2021-12-06,San Bernardino,071,2135413,369738,366606,11903,378509,5998
2021-12-06,San Diego,073,3302833,393549,390389,22700,413089,4352
2021-12-06,San Francisco,075,870044,55089,54659,2791,57450,674
2021-12-06,San Joaquin,077,732212,103389,102728,5750,108478,1837
2021-12-06,San Luis Obispo,079,281455,30732,30464,1350,31814,361
2021-12-06,San Mateo,081,765935,55401,55112,1898,57010,580
2021-12-06,Santa Barbara,083,443738,46801,46146,1733,47879,556
2021-12-06,Santa Clara,085,1922200,153651,152310,1713,154023,1937
2021-12-06,Santa Cruz,087,273765,21683,21450,1082,22532,224
2021-12-06,Shasta,089,179085,22767,22556,3777,26333,416
2021-12-06,Sierra,091,2930,200,198,22,220,0
2021-12-06,Siskiyou,093,43540,3451,3409,1388,4797,57
2021-12-06,Solano,095,438530,47373,46748,1324,48072,360
2021-12-06,Sonoma,097,501317,43453,43114,580,43694,405
2021-12-06,Stanislaus,099,539301,82517,81889,9400,91289,1241
2021-12-06,Sutter,101,95872,14385,14319,412,14731,186
2021-12-06,Tehama,103,63373,8812,8760,1568,10328,133
2021-12-06,Trinity,105,12862,880,815,220,1035,17
2021-12-06,Tulare,107,460477,71037,70285,16643,86928,1101
2021-12-06,Tuolumne,109,53932,7778,7726,109,7835,91
2021-12-06,Ventura,111,848112,101219,100426,4525,104951,1194
2021-12-06,Yolo,113,214977,20672,20548,1281,21829,263
2021-12-06,Yuba,115,75493,10551,10480,398,10878,91
2021-12-05,Alameda,001,1643700,123786,123104,3101,126205,1496
2021-12-05,Alpine,003,1148,109,108,0,108,0
2021-12-05,Amador,005,37829,5790,5761,69,5830,67
2021-12-05,Butte,007,227075,21896,21720,3978,25698,320
2021-12-05,Calaveras,009,45235,4466,4434,65,4499,88
2021-12-05,Colusa,011,21464,2630,2615,686,3301,21
2021-12-05,Contra Costa,013,1133247,102666,102251,2428,104679,1058
2021-12-05,Del Norte,015,27424,3801,3751,57,3808,42
2021-12-05,El Dorado,017,186661,16872,16717,1801,18518,168
2021-12-05,Fresno,019,978130,146536,145452,12701,158153,2284
2021-12-05,Glenn,021,27897,3595,3577,1028,4605,36
2021-12-05,Humboldt,023,135768,9767,9662,716,10378,117
2021-12-05,Imperial,025,180216,35840,35422,3795,39217,778
2021-12-05,Inyo,027,18085,2585,2559,58,2617,46
2021-12-05,Kern,029,883053,133265,132286,24323,156609,1833
2021-12-05,Kings,031,150075,33667,33360,2092,35452,369
2021-12-05,Lake,033,64148,6958,6919,162,7081,113
2021-12-05,Lassen,035,31185,7062,7031,440,7471,51
2021-12-05,Los Angeles,037,10098052,1475903,1468937,57212,1526149,26991
2021-12-05,Madera,039,155013,24489,24311,2319,26630,307
2021-12-05,Marin,041,260295,18364,18216,545,18761,249
2021-12-05,Mariposa,043,17540,1454,1440,60,1500,6
2021-12-05,Mendocino,045,87422,8150,8069,662,8731,95
2021-12-05,Merced,047,269075,43725,43534,2034,45568,672
2021-12-05,Modoc,049,8938,595,593,203,796,6
2021-12-05,Mono,051,14174,1920,1907,20,1927,4
2021-12-05,Monterey,053,433212,49061,48813,4275,53088,626
2021-12-05,Napa,055,140530,13459,13382,125,13507,107
2021-12-05,Nevada,057,99092,9910,9827,357,10184,105
2021-12-05,Orange,059,3164182,316909,314560,16255,330815,5771
2021-12-05,Placer,061,380077,39078,38738,3971,42709,473
2021-12-05,Plumas,063,18699,1939,1913,53,1966,9
2021-12-05,Riverside,065,2383286,376272,373827,16898,390725,5388
2021-12-05,Sacramento,067,1510023,165816,164721,5110,169831,2367
2021-12-05,San Benito,069,59416,7790,7748,190,7938,78
2021-12-05,San Bernardino,071,2135413,369045,366282,11859,378141,5998
2021-12-05,San Diego,073,3302833,392751,387979,22651,410630,4351
2021-12-05,San Francisco,075,870044,54991,54603,2789,57392,674
2021-12-05,San Joaquin,077,732212,103248,102698,5745,108443,1837
2021-12-05,San Luis Obispo,079,281455,30663,30454,1347,31801,360
2021-12-05,San Mateo,081,765935,55322,55050,1880,56930,580
2021-12-05,Santa Barbara,083,443738,46718,46097,1725,47822,555
2021-12-05,Santa Clara,085,1922200,153395,152114,1693,153807,1933
2021-12-05,Santa Cruz,087,273765,21633,21424,1082,22506,224
2021-12-05,Shasta,089,179085,22709,22550,3776,26326,416
2021-12-05,Sierra,091,2930,200,198,22,220,0
2021-12-05,Siskiyou,093,43540,3449,3409,1385,4794,57
2021-12-05,Solano,095,438530,47312,46715,1322,48037,360
2021-12-05,Sonoma,097,501317,43376,43038,575,43613,405
2021-12-05,Stanislaus,099,539301,82372,81847,9392,91239,1241
2021-12-05,Sutter,101,95872,14361,14303,407,14710,186
2021-12-05,Tehama,103,63373,8805,8755,1567,10322,133
2021-12-05,Trinity,105,12862,879,815,220,1035,17
2021-12-05,Tulare,107,460477,70960,70254,16592,86846,1102
2021-12-05,Tuolumne,109,53932,7766,7718,109,7827,91
2021-12-05,Ventura,111,848112,101082,100367,4512,104879,1194
2021-12-05,Yolo,113,214977,20631,20512,1279,21791,263
2021-12-05,Yuba,115,75493,10538,10467,390,10857,91
2021-12-04,Alameda,001,1643700,123682,122508,3097,125605,1494
2021-12-04,Alpine,003,1148,109,108,0,108,0
2021-12-04,Amador,005,37829,5787,5729,69,5798,67
2021-12-04,Butte,007,227075,21877,21638,3974,25612,318
2021-12-04,Calaveras,009,45235,4458,4392,64,4456,88
2021-12-04,Colusa,011,21464,2630,2600,684,3284,21
2021-12-04,Contra Costa,013,1133247,102596,101824,2422,104246,1056
2021-12-04,Del Norte,015,27424,3798,3726,57,3783,42
2021-12-04,El Dorado,017,186661,16863,16621,1800,18421,168
2021-12-04,Fresno,019,978130,146448,144734,12696,157430,2270
2021-12-04,Glenn,021,27897,3595,3559,1028,4587,36
2021-12-04,Humboldt,023,135768,9752,9596,712,10308,117
2021-12-04,Imperial,025,180216,35785,35206,3782,38988,776
2021-12-04,Inyo,027,18085,2580,2538,58,2596,46
2021-12-04,Kern,029,883053,133188,131771,24300,156071,1817
2021-12-04,Kings,031,150075,33643,33183,2091,35274,367
2021-12-04,Lake,033,64148,6950,6903,161,7064,113
2021-12-04,Lassen,035,31185,7061,7014,438,7452,51
2021-12-04,Los Angeles,037,10098052,1475045,1463270,57134,1520404,26952
2021-12-04,Madera,039,155013,24475,24188,2315,26503,307
2021-12-04,Marin,041,260295,18342,18075,544,18619,249
2021-12-04,Mariposa,043,17540,1450,1421,60,1481,6
2021-12-04,Mendocino,045,87422,8145,7981,662,8643,91
2021-12-04,Merced,047,269075,43698,43337,2032,45369,671
2021-12-04,Modoc,049,8938,595,591,203,794,6
2021-12-04,Mono,051,14174,1920,1883,20,1903,4
2021-12-04,Monterey,053,433212,49033,48682,4263,52945,626
2021-12-04,Napa,055,140530,13449,13327,124,13451,106
2021-12-04,Nevada,057,99092,9903,9752,357,10109,105
2021-12-04,Orange,059,3164182,316682,313112,16229,329341,5748
2021-12-04,Placer,061,380077,39038,38460,3965,42425,473
2021-12-04,Plumas,063,18699,1936,1903,53,1956,7
2021-12-04,Riverside,065,2383286,375914,371768,16892,388660,5381
2021-12-04,Sacramento,067,1510023,165677,163900,5102,169002,2365
2021-12-04,San Benito,069,59416,7764,7688,190,7878,78
2021-12-04,San Bernardino,071,2135413,368661,364154,11846,376000,5983
2021-12-04,San Diego,073,3302833,392273,386710,22621,409331,4350
2021-12-04,San Francisco,075,870044,54925,54286,2785,57071,674
2021-12-04,San Joaquin,077,732212,103195,102286,5743,108029,1835
2021-12-04,San Luis Obispo,079,281455,30642,30318,1343,31661,360
2021-12-04,San Mateo,081,765935,55281,54774,1870,56644,579
2021-12-04,Santa Barbara,083,443738,46673,45774,1725,47499,555
2021-12-04,Santa Clara,085,1922200,153239,151275,1679,152954,1928
2021-12-04,Santa Cruz,087,273765,21607,21286,1081,22367,224
2021-12-04,Shasta,089,179085,22692,22418,3774,26192,414
2021-12-04,Sierra,091,2930,200,196,22,218,0
2021-12-04,Siskiyou,093,43540,3447,3398,1385,4783,57
2021-12-04,Solano,095,438530,47292,46529,1321,47850,360
2021-12-04,Sonoma,097,501317,43330,42778,572,43350,405
2021-12-04,Stanislaus,099,539301,82299,81462,9385,90847,1231
2021-12-04,Sutter,101,95872,14353,14258,406,14664,186
2021-12-04,Tehama,103,63373,8803,8742,1567,10309,131
2021-12-04,Trinity,105,12862,878,801,220,1021,17
2021-12-04,Tulare,107,460477,70922,70014,16564,86578,1100
2021-12-04,Tuolumne,109,53932,7761,7676,109,7785,91
2021-12-04,Ventura,111,848112,100991,99751,4508,104259,1192
2021-12-04,Yolo,113,214977,20610,20442,1278,21720,261
2021-12-04,Yuba,115,75493,10527,10418,389,10807,91
2021-12-03,Alameda,001,1643700,123592,122508,3087,125595,1494
2021-12-03,Alpine,003,1148,109,108,0,108,0
2021-12-03,Amador,005,37829,5782,5729,68,5797,67
2021-12-03,Butte,007,227075,21864,21638,3969,25607,318
2021-12-03,Calaveras,009,45235,4449,4392,64,4456,88
2021-12-03,Colusa,011,21464,2628,2600,684,3284,21
2021-12-03,Contra Costa,013,1133247,102523,101824,2417,104241,1056
2021-12-03,Del Norte,015,27424,3796,3726,57,3783,42
2021-12-03,El Dorado,017,186661,16834,16621,1798,18419,168
2021-12-03,Fresno,019,978130,146333,144734,12694,157428,2270
2021-12-03,Glenn,021,27897,3593,3559,1027,4586,36
2021-12-03,Humboldt,023,135768,9735,9596,710,10306,117
2021-12-03,Imperial,025,180216,35741,35206,3752,38958,776
2021-12-03,Inyo,027,18085,2573,2538,58,2596,46
2021-12-03,Kern,029,883053,133117,131771,24264,156035,1817
2021-12-03,Kings,031,150075,33614,33183,2091,35274,367
2021-12-03,Lake,033,64148,6950,6903,161,7064,113
2021-12-03,Lassen,035,31185,7059,7014,437,7451,51
2021-12-03,Los Angeles,037,10098052,1474118,1463270,57054,1520324,26952
2021-12-03,Madera,039,155013,24449,24188,2311,26499,307
2021-12-03,Marin,041,260295,18310,18075,539,18614,249
2021-12-03,Mariposa,043,17540,1448,1421,60,1481,6
2021-12-03,Mendocino,045,87422,8138,7981,662,8643,91
2021-12-03,Merced,047,269075,43675,43337,2029,45366,671
2021-12-03,Modoc,049,8938,595,591,203,794,6
2021-12-03,Mono,051,14174,1914,1883,20,1903,4
2021-12-03,Monterey,053,433212,49003,48682,4244,52926,626
2021-12-03,Napa,055,140530,13437,13327,124,13451,106
2021-12-03,Nevada,057,99092,9892,9752,357,10109,105
2021-12-03,Orange,059,3164182,316415,313112,16199,329311,5748
2021-12-03,Placer,061,380077,39001,38460,3958,42418,473
2021-12-03,Plumas,063,18699,1933,1903,53,1956,7
2021-12-03,Riverside,065,2383286,375525,371768,16886,388654,5381
2021-12-03,Sacramento,067,1510023,165498,163900,5088,168988,2365
2021-12-03,San Benito,069,59416,7757,7688,190,7878,78
2021-12-03,San Bernardino,071,2135413,368222,364154,11836,375990,5983
2021-12-03,San Diego,073,3302833,391796,386710,22596,409306,4350
2021-12-03,San Francisco,075,870044,54855,54286,2782,57068,674
2021-12-03,San Joaquin,077,732212,103139,102286,5742,108028,1835
2021-12-03,San Luis Obispo,079,281455,30616,30318,1340,31658,360
2021-12-03,San Mateo,081,765935,55222,54774,1864,56638,579
2021-12-03,Santa Barbara,083,443738,46638,45774,1725,47499,555
2021-12-03,Santa Clara,085,1922200,153057,151275,1664,152939,1928
2021-12-03,Santa Cruz,087,273765,21580,21286,1081,22367,224
2021-12-03,Shasta,089,179085,22677,22418,3774,26192,414
2021-12-03,Sierra,091,2930,200,196,22,218,0
2021-12-03,Siskiyou,093,43540,3444,3398,1383,4781,57
2021-12-03,Solano,095,438530,47250,46529,1320,47849,360
2021-12-03,Sonoma,097,501317,43294,42778,570,43348,405
2021-12-03,Stanislaus,099,539301,82242,81462,9376,90838,1231
2021-12-03,Sutter,101,95872,14340,14258,404,14662,186
2021-12-03,Tehama,103,63373,8802,8742,1566,10308,131
2021-12-03,Trinity,105,12862,878,801,220,1021,17
2021-12-03,Tulare,107,460477,70882,70014,16532,86546,1100
2021-12-03,Tuolumne,109,53932,7752,7676,109,7785,91
2021-12-03,Ventura,111,848112,100904,99751,4501,104252,1192
2021-12-03,Yolo,113,214977,20593,20442,1277,21719,261
2021-12-03,Yuba,115,75493,10519,10418,389,10807,91
2021-12-02,Alameda,001,1643700,123444,122508,3079,125587,1494
2021-12-02,Alpine,003,1148,109,108,0,108,0
2021-12-02,Amador,005,37829,5777,5729,67,5796,67
2021-12-02,Butte,007,227075,21839,21638,3966,25604,318
2021-12-02,Calaveras,009,45235,4439,4392,63,4455,88
2021-12-02,Colusa,011,21464,2627,2600,684,3284,21
2021-12-02,Contra Costa,013,1133247,102412,101824,2412,104236,1056
2021-12-02,Del Norte,015,27424,3788,3726,57,3783,42
2021-12-02,El Dorado,017,186661,16813,16621,1796,18417,168
2021-12-02,Fresno,019,978130,146167,144734,12685,157419,2270
2021-12-02,Glenn,021,27897,3593,3559,1026,4585,36
2021-12-02,Humboldt,023,135768,9716,9596,708,10304,117
2021-12-02,Imperial,025,180216,35676,35206,3729,38935,776
2021-12-02,Inyo,027,18085,2568,2538,58,2596,46
2021-12-02,Kern,029,883053,132946,131771,24213,155984,1817
2021-12-02,Kings,031,150075,33560,33183,2089,35272,367
2021-12-02,Lake,033,64148,6946,6903,161,7064,113
2021-12-02,Lassen,035,31185,7055,7014,437,7451,51
2021-12-02,Los Angeles,037,10098052,1472618,1463270,56971,1520241,26952
2021-12-02,Madera,039,155013,24413,24188,2301,26489,307
2021-12-02,Marin,041,260295,18280,18075,535,18610,249
2021-12-02,Mariposa,043,17540,1446,1421,60,1481,6
2021-12-02,Mendocino,045,87422,8122,7981,661,8642,91
2021-12-02,Merced,047,269075,43629,43337,2023,45360,671
2021-12-02,Modoc,049,8938,594,591,203,794,6
2021-12-02,Mono,051,14174,1900,1883,20,1903,4
2021-12-02,Monterey,053,433212,48944,48682,4210,52892,626
2021-12-02,Napa,055,140530,13424,13327,124,13451,106
2021-12-02,Nevada,057,99092,9874,9752,356,10108,105
2021-12-02,Orange,059,3164182,316077,313112,16163,329275,5748
2021-12-02,Placer,061,380077,38937,38460,3952,42412,473
2021-12-02,Plumas,063,18699,1931,1903,53,1956,7
2021-12-02,Riverside,065,2383286,374999,371768,16876,388644,5381
2021-12-02,Sacramento,067,1510023,165273,163900,5077,168977,2365
2021-12-02,San Benito,069,59416,7737,7688,190,7878,78
2021-12-02,San Bernardino,071,2135413,367680,364154,11816,375970,5983
2021-12-02,San Diego,073,3302833,391153,386710,22542,409252,4350
2021-12-02,San Francisco,075,870044,54757,54286,2775,57061,674
2021-12-02,San Joaquin,077,732212,103023,102286,5737,108023,1835
2021-12-02,San Luis Obispo,079,281455,30583,30318,1333,31651,360
2021-12-02,San Mateo,081,765935,55154,54774,1844,56618,579
2021-12-02,Santa Barbara,083,443738,46558,45774,1722,47496,555
2021-12-02,Santa Clara,085,1922200,152812,151275,1647,152922,1928
2021-12-02,Santa Cruz,087,273765,21529,21286,1080,22366,224
2021-12-02,Shasta,089,179085,22645,22418,3773,26191,414
2021-12-02,Sierra,091,2930,200,196,22,218,0
2021-12-02,Siskiyou,093,43540,3443,3398,1376,4774,57
2021-12-02,Solano,095,438530,47199,46529,1318,47847,360
2021-12-02,Sonoma,097,501317,43221,42778,570,43348,405
2021-12-02,Stanislaus,099,539301,82145,81462,9368,90830,1231
2021-12-02,Sutter,101,95872,14327,14258,401,14659,186
2021-12-02,Tehama,103,63373,8795,8742,1564,10306,131
2021-12-02,Trinity,105,12862,878,801,220,1021,17
2021-12-02,Tulare,107,460477,70797,70014,16480,86494,1100
2021-12-02,Tuolumne,109,53932,7737,7676,108,7784,91
2021-12-02,Ventura,111,848112,100779,99751,4498,104249,1192
2021-12-02,Yolo,113,214977,20568,20442,1273,21715,261
2021-12-02,Yuba,115,75493,10503,10418,386,10804,91
2021-12-01,Alameda,001,1643700,123296,122298,3068,125366,1492
2021-12-01,Alpine,003,1148,109,108,0,108,0
2021-12-01,Amador,005,37829,5770,5723,67,5790,67
2021-12-01,Butte,007,227075,21819,21600,3961,25561,318
2021-12-01,Calaveras,009,45235,4434,4371,63,4434,88
2021-12-01,Colusa,011,21464,2620,2595,681,3276,20
2021-12-01,Contra Costa,013,1133247,102306,101651,2401,104052,1048
2021-12-01,Del Norte,015,27424,3786,3722,57,3779,42
2021-12-01,El Dorado,017,186661,16793,16575,1794,18369,166
2021-12-01,Fresno,019,978130,145961,144507,12676,157183,2264
2021-12-01,Glenn,021,27897,3583,3556,1025,4581,36
2021-12-01,Humboldt,023,135768,9692,9573,703,10276,117
2021-12-01,Imperial,025,180216,35596,35085,3702,38787,776
2021-12-01,Inyo,027,18085,2564,2533,58,2591,46
2021-12-01,Kern,029,883053,132800,131580,24160,155740,1804
2021-12-01,Kings,031,150075,33510,33112,2088,35200,364
2021-12-01,Lake,033,64148,6938,6896,160,7056,112
2021-12-01,Lassen,035,31185,7049,7008,435,7443,51
2021-12-01,Los Angeles,037,10098052,1471039,1461394,56875,1518269,26928
2021-12-01,Madera,039,155013,24381,24134,2292,26426,307
2021-12-01,Marin,041,260295,18243,18038,528,18566,249
2021-12-01,Mariposa,043,17540,1442,1415,60,1475,6
2021-12-01,Mendocino,045,87422,8108,7966,656,8622,90
2021-12-01,Merced,047,269075,43574,43259,2002,45261,670
2021-12-01,Modoc,049,8938,594,576,203,779,5
2021-12-01,Mono,051,14174,1899,1876,20,1896,4
2021-12-01,Monterey,053,433212,48898,48611,4198,52809,626
2021-12-01,Napa,055,140530,13407,13319,122,13441,107
2021-12-01,Nevada,057,99092,9861,9706,356,10062,105
2021-12-01,Orange,059,3164182,315718,312772,16125,328897,5735
2021-12-01,Placer,061,380077,38881,38373,3946,42319,472
2021-12-01,Plumas,063,18699,1927,1893,53,1946,7
2021-12-01,Riverside,065,2383286,374480,371189,16859,388048,5369
2021-12-01,Sacramento,067,1510023,165062,163616,5057,168673,2360
2021-12-01,San Benito,069,59416,7723,7669,190,7859,78
2021-12-01,San Bernardino,071,2135413,367105,363368,11791,375159,5973
2021-12-01,San Diego,073,3302833,390353,386056,22489,408545,4346
2021-12-01,San Francisco,075,870044,54676,54199,2768,56967,672
2021-12-01,San Joaquin,077,732212,102916,102109,5736,107845,1834
2021-12-01,San Luis Obispo,079,281455,30543,30238,1329,31567,360
2021-12-01,San Mateo,081,765935,55077,54711,1835,56546,579
2021-12-01,Santa Barbara,083,443738,46488,45681,1719,47400,554
2021-12-01,Santa Clara,085,1922200,152592,150961,1628,152589,1925
2021-12-01,Santa Cruz,087,273765,21499,21191,1079,22270,224
2021-12-01,Shasta,089,179085,22613,22375,3767,26142,410
2021-12-01,Sierra,091,2930,200,195,22,217,0
2021-12-01,Siskiyou,093,43540,3440,3391,1376,4767,55
2021-12-01,Solano,095,438530,47156,46485,1318,47803,360
2021-12-01,Sonoma,097,501317,43147,42713,569,43282,405
2021-12-01,Stanislaus,099,539301,82050,81330,9357,90687,1231
2021-12-01,Sutter,101,95872,14312,14229,400,14629,186
2021-12-01,Tehama,103,63373,8785,8728,1564,10292,130
2021-12-01,Trinity,105,12862,873,801,220,1021,17
2021-12-01,Tulare,107,460477,70719,69953,16439,86392,1098
2021-12-01,Tuolumne,109,53932,7729,7655,108,7763,91
2021-12-01,Ventura,111,848112,100672,99680,4487,104167,1191
2021-12-01,Yolo,113,214977,20540,20393,1272,21665,260
2021-12-01,Yuba,115,75493,10491,10401,385,10786,89
2021-11-30,Alameda,001,1643700,123134,122196,3056,125252,1489
2021-11-30,Alpine,003,1148,109,108,0,108,0
2021-11-30,Amador,005,37829,5762,5716,67,5783,66
2021-11-30,Butte,007,227075,21790,21565,3952,25517,318
2021-11-30,Calaveras,009,45235,4416,4360,63,4423,88
2021-11-30,Colusa,011,21464,2619,2592,681,3273,21
2021-11-30,Contra Costa,013,1133247,102169,101538,2394,103932,1046
2021-11-30,Del Norte,015,27424,3780,3718,57,3775,42
2021-11-30,El Dorado,017,186661,16765,16558,1788,18346,166
2021-11-30,Fresno,019,978130,145764,144384,12669,157053,2259
2021-11-30,Glenn,021,27897,3577,3555,1024,4579,36
2021-11-30,Humboldt,023,135768,9661,9539,697,10236,116
2021-11-30,Imperial,025,180216,35487,34999,3674,38673,773
2021-11-30,Inyo,027,18085,2555,2530,58,2588,46
2021-11-30,Kern,029,883053,132627,131451,24104,155555,1799
2021-11-30,Kings,031,150075,33460,33074,2084,35158,362
2021-11-30,Lake,033,64148,6933,6892,158,7050,110
2021-11-30,Lassen,035,31185,7045,7003,434,7437,51
2021-11-30,Los Angeles,037,10098052,1469260,1460177,56769,1516946,26913
2021-11-30,Madera,039,155013,24347,24108,2287,26395,307
2021-11-30,Marin,041,260295,18199,18010,526,18536,249
2021-11-30,Mariposa,043,17540,1436,1412,60,1472,6
2021-11-30,Mendocino,045,87422,8079,7960,650,8610,89
2021-11-30,Merced,047,269075,43505,43200,1995,45195,668
2021-11-30,Modoc,049,8938,593,576,203,779,5
2021-11-30,Mono,051,14174,1894,1873,20,1893,4
2021-11-30,Monterey,053,433212,48841,48581,4180,52761,626
2021-11-30,Napa,055,140530,13387,13308,122,13430,105
2021-11-30,Nevada,057,99092,9845,9699,355,10054,105
2021-11-30,Orange,059,3164182,315300,312451,16084,328535,5724
2021-11-30,Placer,061,380077,38779,38324,3938,42262,470
2021-11-30,Plumas,063,18699,1922,1887,52,1939,7
2021-11-30,Riverside,065,2383286,373797,370739,16834,387573,5358
2021-11-30,Sacramento,067,1510023,164780,163420,5035,168455,2353
2021-11-30,San Benito,069,59416,7701,7645,189,7834,78
2021-11-30,San Bernardino,071,2135413,366442,363006,11769,374775,5967
2021-11-30,San Diego,073,3302833,389423,385405,22443,407848,4340
2021-11-30,San Francisco,075,870044,54574,54147,2757,56904,672
2021-11-30,San Joaquin,077,732212,102791,101972,5728,107700,1834
2021-11-30,San Luis Obispo,079,281455,30518,30200,1326,31526,360
2021-11-30,San Mateo,081,765935,54991,54656,1810,56466,579
2021-11-30,Santa Barbara,083,443738,46392,45628,1713,47341,553
2021-11-30,Santa Clara,085,1922200,152331,150799,1609,152408,1929
2021-11-30,Santa Cruz,087,273765,21441,21169,1075,22244,224
2021-11-30,Shasta,089,179085,22583,22347,3764,26111,401
2021-11-30,Sierra,091,2930,197,195,22,217,0
2021-11-30,Siskiyou,093,43540,3436,3385,1373,4758,55
2021-11-30,Solano,095,438530,47093,46434,1312,47746,358
2021-11-30,Sonoma,097,501317,43069,42663,568,43231,405
2021-11-30,Stanislaus,099,539301,81944,81276,9331,90607,1227
2021-11-30,Sutter,101,95872,14302,14210,397,14607,186
2021-11-30,Tehama,103,63373,8778,8727,1563,10290,130
2021-11-30,Trinity,105,12862,872,799,220,1019,17
2021-11-30,Tulare,107,460477,70631,69900,16393,86293,1099
2021-11-30,Tuolumne,109,53932,7714,7643,108,7751,91
2021-11-30,Ventura,111,848112,100517,99601,4475,104076,1191
2021-11-30,Yolo,113,214977,20501,20376,1266,21642,260
2021-11-30,Yuba,115,75493,10473,10398,379,10777,89
2021-11-29,Alameda,001,1643700,122980,122136,3046,125182,1489
2021-11-29,Alpine,003,1148,109,108,0,108,0
2021-11-29,Amador,005,37829,5755,5706,67,5773,66
2021-11-29,Butte,007,227075,21763,21544,3946,25490,314
2021-11-29,Calaveras,009,45235,4400,4353,63,4416,88
2021-11-29,Colusa,011,21464,2617,2585,678,3263,20
2021-11-29,Contra Costa,013,1133247,102025,101441,2386,103827,1046
2021-11-29,Del Norte,015,27424,3776,3704,57,3761,42
2021-11-29,El Dorado,017,186661,16747,16534,1783,18317,166
2021-11-29,Fresno,019,978130,145562,144282,12654,156936,2254
2021-11-29,Glenn,021,27897,3574,3555,1023,4578,36
2021-11-29,Humboldt,023,135768,9644,9514,690,10204,115
2021-11-29,Imperial,025,180216,35423,34960,3654,38614,773
2021-11-29,Inyo,027,18085,2550,2529,58,2587,46
2021-11-29,Kern,029,883053,132443,131362,24062,155424,1789
2021-11-29,Kings,031,150075,33407,33059,2080,35139,363
2021-11-29,Lake,033,64148,6922,6889,157,7046,110
2021-11-29,Lassen,035,31185,7042,7003,432,7435,51
2021-11-29,Los Angeles,037,10098052,1467423,1459446,56682,1516128,26889
2021-11-29,Madera,039,155013,24309,24069,2279,26348,307
2021-11-29,Marin,041,260295,18152,17980,521,18501,249
2021-11-29,Mariposa,043,17540,1428,1409,60,1469,6
2021-11-29,Mendocino,045,87422,8062,7954,646,8600,89
2021-11-29,Merced,047,269075,43431,43167,1988,45155,667
2021-11-29,Modoc,049,8938,592,569,203,772,5
2021-11-29,Mono,051,14174,1873,1859,20,1879,4
2021-11-29,Monterey,053,433212,48791,48548,4153,52701,626
2021-11-29,Napa,055,140530,13377,13304,121,13425,104
2021-11-29,Nevada,057,99092,9831,9689,355,10044,105
2021-11-29,Orange,059,3164182,314904,312203,16039,328242,5709
2021-11-29,Placer,061,380077,38714,38261,3933,42194,470
2021-11-29,Plumas,063,18699,1919,1884,52,1936,7
2021-11-29,Riverside,065,2383286,373264,370334,16823,387157,5358
2021-11-29,Sacramento,067,1510023,164529,163282,5001,168283,2342
2021-11-29,San Benito,069,59416,7681,7631,188,7819,77
2021-11-29,San Bernardino,071,2135413,365852,362694,11737,374431,5962
2021-11-29,San Diego,073,3302833,388532,384853,22412,407265,4335
2021-11-29,San Francisco,075,870044,54476,54125,2753,56878,669
2021-11-29,San Joaquin,077,732212,102655,101927,5721,107648,1834
2021-11-29,San Luis Obispo,079,281455,30483,30165,1322,31487,359
2021-11-29,San Mateo,081,765935,54898,54622,1797,56419,579
2021-11-29,Santa Barbara,083,443738,46295,45576,1709,47285,549
2021-11-29,Santa Clara,085,1922200,152062,150620,1603,152223,1925
2021-11-29,Santa Cruz,087,273765,21403,21149,1073,22222,224
2021-11-29,Shasta,089,179085,22549,22315,3760,26075,399
2021-11-29,Sierra,091,2930,197,195,22,217,0
2021-11-29,Siskiyou,093,43540,3433,3374,1366,4740,55
2021-11-29,Solano,095,438530,47046,46412,1310,47722,357
2021-11-29,Sonoma,097,501317,42996,42624,565,43189,405
2021-11-29,Stanislaus,099,539301,81862,81227,9314,90541,1223
2021-11-29,Sutter,101,95872,14286,14204,394,14598,186
2021-11-29,Tehama,103,63373,8773,8720,1558,10278,130
2021-11-29,Trinity,105,12862,867,798,220,1018,17
2021-11-29,Tulare,107,460477,70555,69850,16358,86208,1096
2021-11-29,Tuolumne,109,53932,7701,7627,107,7734,90
2021-11-29,Ventura,111,848112,100396,99520,4465,103985,1190
2021-11-29,Yolo,113,214977,20457,20344,1263,21607,257
2021-11-29,Yuba,115,75493,10456,10395,378,10773,89
2021-11-28,Alameda,001,1643700,122767,122082,3037,125119,1491
2021-11-28,Alpine,003,1148,109,108,0,108,0
2021-11-28,Amador,005,37829,5745,5703,67,5770,66
2021-11-28,Butte,007,227075,21725,21530,3944,25474,313
2021-11-28,Calaveras,009,45235,4378,4350,63,4413,88
2021-11-28,Colusa,011,21464,2613,2586,677,3263,19
2021-11-28,Contra Costa,013,1133247,101854,101355,2374,103729,1046
2021-11-28,Del Norte,015,27424,3771,3703,57,3760,42
2021-11-28,El Dorado,017,186661,16707,16527,1782,18309,166
2021-11-28,Fresno,019,978130,145318,144164,12633,156797,2252
2021-11-28,Glenn,021,27897,3571,3547,1021,4568,36
2021-11-28,Humboldt,023,135768,9612,9499,686,10185,115
2021-11-28,Imperial,025,180216,35315,34929,3631,38560,773
2021-11-28,Inyo,027,18085,2543,2531,58,2589,46
2021-11-28,Kern,029,883053,132236,131279,24006,155285,1789
2021-11-28,Kings,031,150075,33332,33057,2073,35130,364
2021-11-28,Lake,033,64148,6913,6885,155,7040,110
2021-11-28,Lassen,035,31185,7035,7002,428,7430,51
2021-11-28,Los Angeles,037,10098052,1465267,1458646,56592,1515238,26878
2021-11-28,Madera,039,155013,24261,24055,2272,26327,307
2021-11-28,Marin,041,260295,18104,17962,517,18479,249
2021-11-28,Mariposa,043,17540,1424,1406,60,1466,6
2021-11-28,Mendocino,045,87422,8032,7943,641,8584,89
2021-11-28,Merced,047,269075,43365,43166,1973,45139,667
2021-11-28,Modoc,049,8938,591,569,203,772,5
2021-11-28,Mono,051,14174,1868,1841,20,1861,4
2021-11-28,Monterey,053,433212,48734,48537,4125,52662,626
2021-11-28,Napa,055,140530,13365,13303,121,13424,104
2021-11-28,Nevada,057,99092,9802,9684,354,10038,105
2021-11-28,Orange,059,3164182,314526,312028,16001,328029,5693
2021-11-28,Placer,061,380077,38633,38240,3913,42153,470
2021-11-28,Plumas,063,18699,1913,1884,51,1935,7
2021-11-28,Riverside,065,2383286,372608,370051,16802,386853,5358
2021-11-28,Sacramento,067,1510023,164174,163170,4978,168148,2335
2021-11-28,San Benito,069,59416,7663,7623,187,7810,77
2021-11-28,San Bernardino,071,2135413,365142,362407,11712,374119,5958
2021-11-28,San Diego,073,3302833,387641,383025,22348,405373,4325
2021-11-28,San Francisco,075,870044,54403,54082,2747,56829,669
2021-11-28,San Joaquin,077,732212,102472,101895,5704,107599,1834
2021-11-28,San Luis Obispo,079,281455,30420,30152,1318,31470,358
2021-11-28,San Mateo,081,765935,54811,54567,1786,56353,579
2021-11-28,Santa Barbara,083,443738,46217,45551,1698,47249,549
2021-11-28,Santa Clara,085,1922200,151759,150436,1587,152023,1920
2021-11-28,Santa Cruz,087,273765,21332,21110,1072,22182,224
2021-11-28,Shasta,089,179085,22509,22316,3758,26074,400
2021-11-28,Sierra,091,2930,197,195,22,217,0
2021-11-28,Siskiyou,093,43540,3427,3372,1362,4734,55
2021-11-28,Solano,095,438530,46984,46385,1309,47694,356
2021-11-28,Sonoma,097,501317,42912,42583,562,43145,405
2021-11-28,Stanislaus,099,539301,81737,81181,9297,90478,1223
2021-11-28,Sutter,101,95872,14265,14192,388,14580,186
2021-11-28,Tehama,103,63373,8765,8720,1554,10274,130
2021-11-28,Trinity,105,12862,866,797,220,1017,17
2021-11-28,Tulare,107,460477,70460,69833,16303,86136,1095
2021-11-28,Tuolumne,109,53932,7681,7620,107,7727,90
2021-11-28,Ventura,111,848112,100240,99486,4454,103940,1190
2021-11-28,Yolo,113,214977,20416,20333,1262,21595,257
2021-11-28,Yuba,115,75493,10438,10391,376,10767,89
2021-11-27,Alameda,001,1643700,122674,121618,3033,124651,1477
2021-11-27,Alpine,003,1148,109,106,0,106,0
2021-11-27,Amador,005,37829,5744,5670,67,5737,66
2021-11-27,Butte,007,227075,21702,21384,3939,25323,309
2021-11-27,Calaveras,009,45235,4372,4294,63,4357,85
2021-11-27,Colusa,011,21464,2612,2568,675,3243,19
2021-11-27,Contra Costa,013,1133247,101772,100961,2372,103333,1045
2021-11-27,Del Norte,015,27424,3764,3661,57,3718,42
2021-11-27,El Dorado,017,186661,16672,16399,1781,18180,161
2021-11-27,Fresno,019,978130,145209,143386,12628,156014,2246
2021-11-27,Glenn,021,27897,3569,3532,1021,4553,36
2021-11-27,Humboldt,023,135768,9584,9399,684,10083,115
2021-11-27,Imperial,025,180216,35232,34611,3615,38226,769
2021-11-27,Inyo,027,18085,2540,2506,58,2564,45
2021-11-27,Kern,029,883053,132151,130245,23977,154222,1773
2021-11-27,Kings,031,150075,33310,32891,2071,34962,358
2021-11-27,Lake,033,64148,6911,6836,153,6989,110
2021-11-27,Lassen,035,31185,7033,6959,427,7386,47
2021-11-27,Los Angeles,037,10098052,1464277,1454495,56520,1511015,26817
2021-11-27,Madera,039,155013,24241,23880,2268,26148,296
2021-11-27,Marin,041,260295,18066,17857,512,18369,248
2021-11-27,Mariposa,043,17540,1422,1374,60,1434,6
2021-11-27,Mendocino,045,87422,8013,7871,641,8512,89
2021-11-27,Merced,047,269075,43330,42921,1970,44891,664
2021-11-27,Modoc,049,8938,589,551,203,754,5
2021-11-27,Mono,051,14174,1867,1810,20,1830,4
2021-11-27,Monterey,053,433212,48705,48400,4107,52507,625
2021-11-27,Napa,055,140530,13351,13256,121,13377,104
2021-11-27,Nevada,057,99092,9780,9584,353,9937,103
2021-11-27,Orange,059,3164182,314274,310809,15968,326777,5665
2021-11-27,Placer,061,380077,38572,38001,3907,41908,468
2021-11-27,Plumas,063,18699,1909,1860,51,1911,7
2021-11-27,Riverside,065,2383286,372249,367601,16795,384396,5306
2021-11-27,Sacramento,067,1510023,164020,162328,4975,167303,2335
2021-11-27,San Benito,069,59416,7646,7575,187,7762,77
2021-11-27,San Bernardino,071,2135413,364710,360033,11705,371738,5932
2021-11-27,San Diego,073,3302833,387144,382634,22322,404956,4319
2021-11-27,San Francisco,075,870044,54356,53830,2741,56571,669
2021-11-27,San Joaquin,077,732212,102405,101368,5702,107070,1833
2021-11-27,San Luis Obispo,079,281455,30385,29983,1317,31300,358
2021-11-27,San Mateo,081,765935,54760,54360,1778,56138,577
2021-11-27,Santa Barbara,083,443738,46163,45318,1696,47014,548
2021-11-27,Santa Clara,085,1922200,151554,149700,1581,151281,1922
2021-11-27,Santa Cruz,087,273765,21292,20929,1069,21998,222
2021-11-27,Shasta,089,179085,22486,22151,3757,25908,396
2021-11-27,Sierra,091,2930,196,194,22,216,0
2021-11-27,Siskiyou,093,43540,3424,3336,1359,4695,54
2021-11-27,Solano,095,438530,46948,46163,1306,47469,356
2021-11-27,Sonoma,097,501317,42849,42368,562,42930,405
2021-11-27,Stanislaus,099,539301,81664,80782,9279,90061,1220
2021-11-27,Sutter,101,95872,14257,14127,387,14514,181
2021-11-27,Tehama,103,63373,8763,8675,1553,10228,129
2021-11-27,Trinity,105,12862,866,789,220,1009,17
2021-11-27,Tulare,107,460477,70409,69377,16286,85663,1082
2021-11-27,Tuolumne,109,53932,7668,7574,107,7681,90
2021-11-27,Ventura,111,848112,100166,99163,4446,103609,1188
2021-11-27,Yolo,113,214977,20395,20237,1253,21490,257
2021-11-27,Yuba,115,75493,10428,10335,376,10711,88
2021-11-26,Alameda,001,1643700,122571,121618,3031,124649,1477
2021-11-26,Alpine,003,1148,109,106,0,106,0
2021-11-26,Amador,005,37829,5740,5670,67,5737,66
2021-11-26,Butte,007,227075,21679,21384,3934,25318,309
2021-11-26,Calaveras,009,45235,4363,4294,63,4357,85
2021-11-26,Colusa,011,21464,2610,2568,674,3242,19
2021-11-26,Contra Costa,013,1133247,101686,100961,2368,103329,1045
2021-11-26,Del Norte,015,27424,3761,3661,57,3718,42
2021-11-26,El Dorado,017,186661,16655,16399,1778,18177,161
2021-11-26,Fresno,019,978130,145077,143386,12619,156005,2246
2021-11-26,Glenn,021,27897,3562,3532,1021,4553,36
2021-11-26,Humboldt,023,135768,9565,9399,680,10079,115
2021-11-26,Imperial,025,180216,35175,34611,3602,38213,769
2021-11-26,Inyo,027,18085,2540,2506,58,2564,45
2021-11-26,Kern,029,883053,132068,130245,23933,154178,1773
2021-11-26,Kings,031,150075,33286,32891,2069,34960,358
2021-11-26,Lake,033,64148,6909,6836,153,6989,110
2021-11-26,Lassen,035,31185,7027,6959,427,7386,47
2021-11-26,Los Angeles,037,10098052,1463442,1454495,56461,1510956,26817
2021-11-26,Madera,039,155013,24214,23880,2266,26146,296
2021-11-26,Marin,041,260295,18037,17857,512,18369,248
2021-11-26,Mariposa,043,17540,1416,1374,59,1433,6
2021-11-26,Mendocino,045,87422,8003,7871,641,8512,89
2021-11-26,Merced,047,269075,43299,42921,1965,44886,664
2021-11-26,Modoc,049,8938,587,551,203,754,5
2021-11-26,Mono,051,14174,1855,1810,20,1830,4
2021-11-26,Monterey,053,433212,48674,48400,4089,52489,625
2021-11-26,Napa,055,140530,13335,13256,121,13377,104
2021-11-26,Nevada,057,99092,9769,9584,353,9937,103
2021-11-26,Orange,059,3164182,314003,310809,15937,326746,5665
2021-11-26,Placer,061,380077,38527,38001,3899,41900,468
2021-11-26,Plumas,063,18699,1904,1860,51,1911,7
2021-11-26,Riverside,065,2383286,371850,367601,16788,384389,5306
2021-11-26,Sacramento,067,1510023,163909,162328,4970,167298,2335
2021-11-26,San Benito,069,59416,7638,7575,187,7762,77
2021-11-26,San Bernardino,071,2135413,364280,360033,11698,371731,5932
2021-11-26,San Diego,073,3302833,386588,382634,22310,404944,4319
2021-11-26,San Francisco,075,870044,54311,53830,2736,56566,669
2021-11-26,San Joaquin,077,732212,102349,101368,5700,107068,1833
2021-11-26,San Luis Obispo,079,281455,30343,29983,1314,31297,358
2021-11-26,San Mateo,081,765935,54706,54360,1770,56130,577
2021-11-26,Santa Barbara,083,443738,46116,45318,1695,47013,548
2021-11-26,Santa Clara,085,1922200,151387,149700,1572,151272,1922
2021-11-26,Santa Cruz,087,273765,21252,20929,1069,21998,222
2021-11-26,Shasta,089,179085,22467,22151,3755,25906,396
2021-11-26,Sierra,091,2930,196,194,22,216,0
2021-11-26,Siskiyou,093,43540,3421,3336,1358,4694,54
2021-11-26,Solano,095,438530,46912,46163,1305,47468,356
2021-11-26,Sonoma,097,501317,42798,42368,560,42928,405
2021-11-26,Stanislaus,099,539301,81589,80782,9268,90050,1220
2021-11-26,Sutter,101,95872,14244,14127,386,14513,181
2021-11-26,Tehama,103,63373,8761,8675,1552,10227,129
2021-11-26,Trinity,105,12862,865,789,220,1009,17
2021-11-26,Tulare,107,460477,70367,69377,16254,85631,1082
2021-11-26,Tuolumne,109,53932,7658,7574,107,7681,90
2021-11-26,Ventura,111,848112,100086,99163,4441,103604,1188
2021-11-26,Yolo,113,214977,20375,20237,1247,21484,257
2021-11-26,Yuba,115,75493,10422,10335,376,10711,88
2021-11-25,Alameda,001,1643700,122465,121618,3026,124644,1477
2021-11-25,Alpine,003,1148,109,106,0,106,0
2021-11-25,Amador,005,37829,5732,5670,67,5737,66
2021-11-25,Butte,007,227075,21661,21384,3932,25316,309
2021-11-25,Calaveras,009,45235,4358,4294,63,4357,85
2021-11-25,Colusa,011,21464,2607,2568,672,3240,19
2021-11-25,Contra Costa,013,1133247,101582,100961,2363,103324,1045
2021-11-25,Del Norte,015,27424,3756,3661,57,3718,42
2021-11-25,El Dorado,017,186661,16636,16399,1777,18176,161
2021-11-25,Fresno,019,978130,144944,143386,12612,155998,2246
2021-11-25,Glenn,021,27897,3562,3532,1021,4553,36
2021-11-25,Humboldt,023,135768,9546,9399,677,10076,115
2021-11-25,Imperial,025,180216,35130,34611,3590,38201,769
2021-11-25,Inyo,027,18085,2538,2506,58,2564,45
2021-11-25,Kern,029,883053,131970,130245,23887,154132,1773
2021-11-25,Kings,031,150075,33258,32891,2068,34959,358
2021-11-25,Lake,033,64148,6902,6836,153,6989,110
2021-11-25,Lassen,035,31185,7025,6959,426,7385,47
2021-11-25,Los Angeles,037,10098052,1462482,1454495,56402,1510897,26817
2021-11-25,Madera,039,155013,24179,23880,2265,26145,296
2021-11-25,Marin,041,260295,18011,17857,506,18363,248
2021-11-25,Mariposa,043,17540,1413,1374,59,1433,6
2021-11-25,Mendocino,045,87422,7985,7871,641,8512,89
2021-11-25,Merced,047,269075,43260,42921,1960,44881,664
2021-11-25,Modoc,049,8938,586,551,203,754,5
2021-11-25,Mono,051,14174,1843,1810,20,1830,4
2021-11-25,Monterey,053,433212,48635,48400,4075,52475,625
2021-11-25,Napa,055,140530,13327,13256,121,13377,104
2021-11-25,Nevada,057,99092,9751,9584,350,9934,103
2021-11-25,Orange,059,3164182,313738,310809,15909,326718,5665
2021-11-25,Placer,061,380077,38480,38001,3892,41893,468
2021-11-25,Plumas,063,18699,1902,1860,51,1911,7
2021-11-25,Riverside,065,2383286,371437,367601,16781,384382,5306
2021-11-25,Sacramento,067,1510023,163727,162328,4964,167292,2335
2021-11-25,San Benito,069,59416,7631,7575,187,7762,77
2021-11-25,San Bernardino,071,2135413,363886,360033,11683,371716,5932
2021-11-25,San Diego,073,3302833,386142,382634,22290,404924,4319
2021-11-25,San Francisco,075,870044,54262,53830,2733,56563,669
2021-11-25,San Joaquin,077,732212,102265,101368,5696,107064,1833
2021-11-25,San Luis Obispo,079,281455,30315,29983,1311,31294,358
2021-11-25,San Mateo,081,765935,54660,54360,1765,56125,577
2021-11-25,Santa Barbara,083,443738,46079,45318,1693,47011,548
2021-11-25,Santa Clara,085,1922200,151231,149700,1566,151266,1922
2021-11-25,Santa Cruz,087,273765,21220,20929,1069,21998,222
2021-11-25,Shasta,089,179085,22441,22151,3755,25906,396
2021-11-25,Sierra,091,2930,196,194,22,216,0
2021-11-25,Siskiyou,093,43540,3418,3336,1358,4694,54
2021-11-25,Solano,095,438530,46875,46163,1304,47467,356
2021-11-25,Sonoma,097,501317,42741,42368,556,42924,405
2021-11-25,Stanislaus,099,539301,81518,80782,9254,90036,1220
2021-11-25,Sutter,101,95872,14228,14127,385,14512,181
2021-11-25,Tehama,103,63373,8753,8675,1552,10227,129
2021-11-25,Trinity,105,12862,865,789,220,1009,17
2021-11-25,Tulare,107,460477,70302,69377,16227,85604,1082
2021-11-25,Tuolumne,109,53932,7647,7574,107,7681,90
2021-11-25,Ventura,111,848112,100018,99163,4438,103601,1188
2021-11-25,Yolo,113,214977,20346,20237,1243,21480,257
2021-11-25,Yuba,115,75493,10413,10335,375,10710,88
2021-11-24,Alameda,001,1643700,122401,121618,3022,124640,1477
2021-11-24,Alpine,003,1148,109,106,0,106,0
2021-11-24,Amador,005,37829,5722,5670,67,5737,66
2021-11-24,Butte,007,227075,21646,21384,3931,25315,309
2021-11-24,Calaveras,009,45235,4351,4294,63,4357,85
2021-11-24,Colusa,011,21464,2607,2568,671,3239,19
2021-11-24,Contra Costa,013,1133247,101545,100961,2360,103321,1045
2021-11-24,Del Norte,015,27424,3753,3661,57,3718,42
2021-11-24,El Dorado,017,186661,16624,16399,1776,18175,161
2021-11-24,Fresno,019,978130,144889,143386,12612,155998,2246
2021-11-24,Glenn,021,27897,3561,3532,1020,4552,36
2021-11-24,Humboldt,023,135768,9532,9399,677,10076,115
2021-11-24,Imperial,025,180216,35102,34611,3584,38195,769
2021-11-24,Inyo,027,18085,2535,2506,58,2564,45
2021-11-24,Kern,029,883053,131906,130245,23875,154120,1773
2021-11-24,Kings,031,150075,33245,32891,2066,34957,358
2021-11-24,Lake,033,64148,6898,6836,153,6989,110
2021-11-24,Lassen,035,31185,7025,6959,426,7385,47
2021-11-24,Los Angeles,037,10098052,1462002,1454495,56358,1510853,26817
2021-11-24,Madera,039,155013,24156,23880,2259,26139,296
2021-11-24,Marin,041,260295,17999,17857,504,18361,248
2021-11-24,Mariposa,043,17540,1413,1374,59,1433,6
2021-11-24,Mendocino,045,87422,7973,7871,641,8512,89
2021-11-24,Merced,047,269075,43228,42921,1957,44878,664
2021-11-24,Modoc,049,8938,586,551,203,754,5
2021-11-24,Mono,051,14174,1842,1810,20,1830,4
2021-11-24,Monterey,053,433212,48627,48400,4068,52468,625
2021-11-24,Napa,055,140530,13323,13256,121,13377,104
2021-11-24,Nevada,057,99092,9736,9584,350,9934,103
2021-11-24,Orange,059,3164182,313581,310809,15896,326705,5665
2021-11-24,Placer,061,380077,38448,38001,3890,41891,468
2021-11-24,Plumas,063,18699,1900,1860,51,1911,7
2021-11-24,Riverside,065,2383286,371257,367601,16775,384376,5306
2021-11-24,Sacramento,067,1510023,163654,162328,4964,167292,2335
2021-11-24,San Benito,069,59416,7629,7575,187,7762,77
2021-11-24,San Bernardino,071,2135413,363679,360033,11672,371705,5932
2021-11-24,San Diego,073,3302833,385888,382634,22277,404911,4319
2021-11-24,San Francisco,075,870044,54231,53830,2731,56561,669
2021-11-24,San Joaquin,077,732212,102224,101368,5693,107061,1833
2021-11-24,San Luis Obispo,079,281455,30297,29983,1311,31294,358
2021-11-24,San Mateo,081,765935,54630,54360,1764,56124,577
2021-11-24,Santa Barbara,083,443738,46052,45318,1693,47011,548
2021-11-24,Santa Clara,085,1922200,151135,149700,1566,151266,1922
2021-11-24,Santa Cruz,087,273765,21196,20929,1068,21997,222
2021-11-24,Shasta,089,179085,22430,22151,3752,25903,396
2021-11-24,Sierra,091,2930,196,194,22,216,0
2021-11-24,Siskiyou,093,43540,3416,3336,1358,4694,54
2021-11-24,Solano,095,438530,46847,46163,1302,47465,356
2021-11-24,Sonoma,097,501317,42711,42368,554,42922,405
2021-11-24,Stanislaus,099,539301,81480,80782,9249,90031,1220
2021-11-24,Sutter,101,95872,14215,14127,383,14510,181
2021-11-24,Tehama,103,63373,8750,8675,1551,10226,129
2021-11-24,Trinity,105,12862,865,789,220,1009,17
2021-11-24,Tulare,107,460477,70280,69377,16208,85585,1082
2021-11-24,Tuolumne,109,53932,7643,7574,107,7681,90
2021-11-24,Ventura,111,848112,99983,99163,4434,103597,1188
2021-11-24,Yolo,113,214977,20338,20237,1242,21479,257
2021-11-24,Yuba,115,75493,10409,10335,374,10709,88
2021-11-23,Alameda,001,1643700,122287,121618,3014,124632,1477
2021-11-23,Alpine,003,1148,109,106,0,106,0
2021-11-23,Amador,005,37829,5715,5670,67,5737,66
2021-11-23,Butte,007,227075,21617,21384,3927,25311,309
2021-11-23,Calaveras,009,45235,4345,4294,62,4356,85
2021-11-23,Colusa,011,21464,2603,2568,670,3238,19
2021-11-23,Contra Costa,013,1133247,101440,100961,2357,103318,1045
2021-11-23,Del Norte,015,27424,3750,3661,57,3718,42
2021-11-23,El Dorado,017,186661,16592,16399,1773,18172,161
2021-11-23,Fresno,019,978130,144753,143386,12602,155988,2246
2021-11-23,Glenn,021,27897,3555,3532,1020,4552,36
2021-11-23,Humboldt,023,135768,9508,9399,674,10073,115
2021-11-23,Imperial,025,180216,35032,34611,3564,38175,769
2021-11-23,Inyo,027,18085,2531,2506,58,2564,45
2021-11-23,Kern,029,883053,131802,130245,23827,154072,1773
2021-11-23,Kings,031,150075,33205,32891,2065,34956,358
2021-11-23,Lake,033,64148,6893,6836,153,6989,110
2021-11-23,Lassen,035,31185,7021,6959,423,7382,47
2021-11-23,Los Angeles,037,10098052,1460991,1454495,56297,1510792,26817
2021-11-23,Madera,039,155013,24130,23880,2257,26137,296
2021-11-23,Marin,041,260295,17968,17857,500,18357,248
2021-11-23,Mariposa,043,17540,1410,1374,59,1433,6
2021-11-23,Mendocino,045,87422,7952,7871,638,8509,89
2021-11-23,Merced,047,269075,43190,42921,1956,44877,664
2021-11-23,Modoc,049,8938,584,551,203,754,5
2021-11-23,Mono,051,14174,1832,1810,19,1829,4
2021-11-23,Monterey,053,433212,48601,48400,4054,52454,625
2021-11-23,Napa,055,140530,13314,13256,121,13377,104
2021-11-23,Nevada,057,99092,9707,9584,349,9933,103
2021-11-23,Orange,059,3164182,313331,310809,15862,326671,5665
2021-11-23,Placer,061,380077,38390,38001,3873,41874,468
2021-11-23,Plumas,063,18699,1896,1860,51,1911,7
2021-11-23,Riverside,065,2383286,370875,367601,16762,384363,5306
2021-11-23,Sacramento,067,1510023,163469,162328,4952,167280,2335
2021-11-23,San Benito,069,59416,7620,7575,185,7760,77
2021-11-23,San Bernardino,071,2135413,363265,360033,11658,371691,5932
2021-11-23,San Diego,073,3302833,385396,382634,22253,404887,4319
2021-11-23,San Francisco,075,870044,54172,53830,2727,56557,669
2021-11-23,San Joaquin,077,732212,102117,101368,5683,107051,1833
2021-11-23,San Luis Obispo,079,281455,30263,29983,1308,31291,358
2021-11-23,San Mateo,081,765935,54586,54360,1756,56116,577
2021-11-23,Santa Barbara,083,443738,46001,45318,1693,47011,548
2021-11-23,Santa Clara,085,1922200,150923,149700,1554,151254,1922
2021-11-23,Santa Cruz,087,273765,21158,20929,1068,21997,222
2021-11-23,Shasta,089,179085,22394,22151,3751,25902,396
2021-11-23,Sierra,091,2930,196,194,22,216,0
2021-11-23,Siskiyou,093,43540,3411,3336,1357,4693,54
2021-11-23,Solano,095,438530,46793,46163,1298,47461,356
2021-11-23,Sonoma,097,501317,42660,42368,551,42919,405
2021-11-23,Stanislaus,099,539301,81411,80782,9236,90018,1220
2021-11-23,Sutter,101,95872,14199,14127,382,14509,181
2021-11-23,Tehama,103,63373,8737,8675,1550,10225,129
2021-11-23,Trinity,105,12862,864,789,220,1009,17
2021-11-23,Tulare,107,460477,70233,69377,16178,85555,1082
2021-11-23,Tuolumne,109,53932,7632,7574,107,7681,90
2021-11-23,Ventura,111,848112,99900,99163,4428,103591,1188
2021-11-23,Yolo,113,214977,20317,20237,1234,21471,257
2021-11-23,Yuba,115,75493,10397,10335,374,10709,88
2021-11-22,Alameda,001,1643700,122176,121566,3011,124577,1475
2021-11-22,Alpine,003,1148,109,106,0,106,0
2021-11-22,Amador,005,37829,5702,5670,67,5737,66
2021-11-22,Butte,007,227075,21578,21363,3921,25284,305
2021-11-22,Calaveras,009,45235,4333,4294,62,4356,84
2021-11-22,Colusa,011,21464,2600,2565,670,3235,19
2021-11-22,Contra Costa,013,1133247,101354,100877,2352,103229,1045
2021-11-22,Del Norte,015,27424,3747,3659,57,3716,42
2021-11-22,El Dorado,017,186661,16570,16378,1770,18148,161
2021-11-22,Fresno,019,978130,144621,143290,12596,155886,2243
2021-11-22,Glenn,021,27897,3550,3530,1019,4549,36
2021-11-22,Humboldt,023,135768,9481,9389,669,10058,115
2021-11-22,Imperial,025,180216,34970,34562,3550,38112,766
2021-11-22,Inyo,027,18085,2525,2501,58,2559,44
2021-11-22,Kern,029,883053,131640,130091,23777,153868,1762
2021-11-22,Kings,031,150075,33169,32867,2060,34927,358
2021-11-22,Lake,033,64148,6888,6837,153,6990,110
2021-11-22,Lassen,035,31185,7020,6954,422,7376,47
2021-11-22,Los Angeles,037,10098052,1459928,1453945,56218,1510163,26800
2021-11-22,Madera,039,155013,24096,23872,2250,26122,296
2021-11-22,Marin,041,260295,17937,17842,498,18340,248
2021-11-22,Mariposa,043,17540,1406,1372,59,1431,6
2021-11-22,Mendocino,045,87422,7936,7859,637,8496,89
2021-11-22,Merced,047,269075,43139,42898,1945,44843,660
2021-11-22,Modoc,049,8938,583,551,203,754,5
2021-11-22,Mono,051,14174,1818,1809,19,1828,4
2021-11-22,Monterey,053,433212,48579,48374,4045,52419,611
2021-11-22,Napa,055,140530,13306,13255,120,13375,104
2021-11-22,Nevada,057,99092,9688,9575,347,9922,96
2021-11-22,Orange,059,3164182,313087,310654,15836,326490,5663
2021-11-22,Placer,061,380077,38345,37956,3865,41821,465
2021-11-22,Plumas,063,18699,1893,1858,51,1909,7
2021-11-22,Riverside,065,2383286,370440,367301,16752,384053,5283
2021-11-22,Sacramento,067,1510023,163277,162222,4943,167165,2328
2021-11-22,San Benito,069,59416,7600,7567,185,7752,77
2021-11-22,San Bernardino,071,2135413,362857,359851,11648,371499,5916
2021-11-22,San Diego,073,3302833,384897,382132,22228,404360,4317
2021-11-22,San Francisco,075,870044,54082,53778,2719,56497,669
2021-11-22,San Joaquin,077,732212,101992,101299,5678,106977,1833
2021-11-22,San Luis Obispo,079,281455,30237,29963,1307,31270,358
2021-11-22,San Mateo,081,765935,54532,54330,1751,56081,577
2021-11-22,Santa Barbara,083,443738,45930,45279,1693,46972,546
2021-11-22,Santa Clara,085,1922200,150737,149541,1544,151085,1919
2021-11-22,Santa Cruz,087,273765,21117,20891,1068,21959,222
2021-11-22,Shasta,089,179085,22380,22116,3747,25863,393
2021-11-22,Sierra,091,2930,196,193,22,215,0
2021-11-22,Siskiyou,093,43540,3405,3336,1355,4691,54
2021-11-22,Solano,095,438530,46745,46153,1296,47449,356
2021-11-22,Sonoma,097,501317,42603,42344,550,42894,404
2021-11-22,Stanislaus,099,539301,81322,80718,9227,89945,1209
2021-11-22,Sutter,101,95872,14183,14125,380,14505,181
2021-11-22,Tehama,103,63373,8731,8669,1545,10214,127
2021-11-22,Trinity,105,12862,863,785,220,1005,17
2021-11-22,Tulare,107,460477,70170,69314,16143,85457,1075
2021-11-22,Tuolumne,109,53932,7617,7567,107,7674,90
2021-11-22,Ventura,111,848112,99833,99114,4425,103539,1186
2021-11-22,Yolo,113,214977,20294,20227,1232,21459,257
2021-11-22,Yuba,115,75493,10388,10332,373,10705,88
2021-11-21,Alameda,001,1643700,122055,121443,3007,124450,1475
2021-11-21,Alpine,003,1148,107,106,0,106,0
2021-11-21,Amador,005,37829,5697,5662,66,5728,66
2021-11-21,Butte,007,227075,21537,21342,3916,25258,306
2021-11-21,Calaveras,009,45235,4324,4287,62,4349,84
2021-11-21,Colusa,011,21464,2596,2562,669,3231,19
2021-11-21,Contra Costa,013,1133247,101252,100807,2346,103153,1045
2021-11-21,Del Norte,015,27424,3743,3659,57,3716,42
2021-11-21,El Dorado,017,186661,16543,16370,1764,18134,161
2021-11-21,Fresno,019,978130,144455,143203,12582,155785,2242
2021-11-21,Glenn,021,27897,3547,3529,1019,4548,36
2021-11-21,Humboldt,023,135768,9458,9378,668,10046,115
2021-11-21,Imperial,025,180216,34881,34527,3538,38065,766
2021-11-21,Inyo,027,18085,2518,2501,58,2559,44
2021-11-21,Kern,029,883053,131476,130020,23732,153752,1762
2021-11-21,Kings,031,150075,33132,32843,2056,34899,356
2021-11-21,Lake,033,64148,6881,6834,153,6987,110
2021-11-21,Lassen,035,31185,7011,6953,422,7375,47
2021-11-21,Los Angeles,037,10098052,1458860,1453181,56170,1509351,26793
2021-11-21,Madera,039,155013,24070,23856,2245,26101,296
2021-11-21,Marin,041,260295,17908,17829,495,18324,248
2021-11-21,Mariposa,043,17540,1405,1371,58,1429,6
2021-11-21,Mendocino,045,87422,7930,7846,634,8480,89
2021-11-21,Merced,047,269075,43084,42881,1941,44822,660
2021-11-21,Modoc,049,8938,579,551,203,754,5
2021-11-21,Mono,051,14174,1810,1799,19,1818,4
2021-11-21,Monterey,053,433212,48537,48358,4031,52389,611
2021-11-21,Napa,055,140530,13294,13250,120,13370,104
2021-11-21,Nevada,057,99092,9662,9556,346,9902,96
2021-11-21,Orange,059,3164182,312833,310477,15804,326281,5663
2021-11-21,Placer,061,380077,38263,37929,3864,41793,465
2021-11-21,Plumas,063,18699,1892,1858,51,1909,7
2021-11-21,Riverside,065,2383286,369952,367093,16744,383837,5283
2021-11-21,Sacramento,067,1510023,163057,162087,4933,167020,2327
2021-11-21,San Benito,069,59416,7586,7563,184,7747,77
2021-11-21,San Bernardino,071,2135413,362380,359621,11613,371234,5912
2021-11-21,San Diego,073,3302833,384361,380747,22203,402950,4317
2021-11-21,San Francisco,075,870044,54017,53741,2711,56452,669
2021-11-21,San Joaquin,077,732212,101888,101264,5665,106929,1833
2021-11-21,San Luis Obispo,079,281455,30199,29948,1307,31255,358
2021-11-21,San Mateo,081,765935,54487,54290,1745,56035,577
2021-11-21,Santa Barbara,083,443738,45870,45237,1690,46927,546
2021-11-21,Santa Clara,085,1922200,150533,149387,1524,150911,1918
2021-11-21,Santa Cruz,087,273765,21073,20866,1066,21932,222
2021-11-21,Shasta,089,179085,22349,22112,3745,25857,393
2021-11-21,Sierra,091,2930,196,193,22,215,0
2021-11-21,Siskiyou,093,43540,3402,3333,1352,4685,54
2021-11-21,Solano,095,438530,46690,46122,1289,47411,356
2021-11-21,Sonoma,097,501317,42543,42298,549,42847,404
2021-11-21,Stanislaus,099,539301,81225,80687,9214,89901,1209
2021-11-21,Sutter,101,95872,14169,14111,380,14491,181
2021-11-21,Tehama,103,63373,8725,8669,1544,10213,127
2021-11-21,Trinity,105,12862,861,784,218,1002,17
2021-11-21,Tulare,107,460477,70088,69285,16105,85390,1075
2021-11-21,Tuolumne,109,53932,7609,7560,106,7666,90
2021-11-21,Ventura,111,848112,99742,99081,4421,103502,1186
2021-11-21,Yolo,113,214977,20267,20209,1229,21438,257
2021-11-21,Yuba,115,75493,10379,10326,373,10699,88
2021-11-20,Alameda,001,1643700,121966,121059,3000,124059,1473
2021-11-20,Alpine,003,1148,107,105,0,105,0
2021-11-20,Amador,005,37829,5691,5652,65,5717,66
2021-11-20,Butte,007,227075,21521,21265,3912,25177,300
2021-11-20,Calaveras,009,45235,4315,4268,62,4330,84
2021-11-20,Colusa,011,21464,2595,2549,668,3217,19
2021-11-20,Contra Costa,013,1133247,101174,100491,2342,102833,1043
2021-11-20,Del Norte,015,27424,3740,3637,57,3694,42
2021-11-20,El Dorado,017,186661,16522,16308,1762,18070,161
2021-11-20,Fresno,019,978130,144384,142579,12575,155154,2233
2021-11-20,Glenn,021,27897,3547,3526,1018,4544,35
2021-11-20,Humboldt,023,135768,9445,9302,666,9968,115
2021-11-20,Imperial,025,180216,34828,34312,3532,37844,766
2021-11-20,Inyo,027,18085,2517,2467,58,2525,44
2021-11-20,Kern,029,883053,131376,129488,23695,153183,1750
2021-11-20,Kings,031,150075,33122,32720,2056,34776,354
2021-11-20,Lake,033,64148,6878,6808,153,6961,110
2021-11-20,Lassen,035,31185,7010,6931,422,7353,47
2021-11-20,Los Angeles,037,10098052,1458248,1448963,56124,1505087,26741
2021-11-20,Madera,039,155013,24058,23720,2242,25962,296
2021-11-20,Marin,041,260295,17893,17774,495,18269,248
2021-11-20,Mariposa,043,17540,1404,1354,58,1412,6
2021-11-20,Mendocino,045,87422,7922,7773,634,8407,89
2021-11-20,Merced,047,269075,43059,42692,1941,44633,656
2021-11-20,Modoc,049,8938,578,550,203,753,5
2021-11-20,Mono,051,14174,1809,1767,19,1786,4
2021-11-20,Monterey,053,433212,48524,48260,4022,52282,609
2021-11-20,Napa,055,140530,13291,13184,120,13304,103
2021-11-20,Nevada,057,99092,9646,9480,346,9826,92
2021-11-20,Orange,059,3164182,312634,309672,15788,325460,5658
2021-11-20,Placer,061,380077,38222,37800,3859,41659,462
2021-11-20,Plumas,063,18699,1888,1841,51,1892,7
2021-11-20,Riverside,065,2383286,369680,365809,16731,382540,5265
2021-11-20,Sacramento,067,1510023,162954,161533,4929,166462,2316
2021-11-20,San Benito,069,59416,7582,7533,184,7717,77
2021-11-20,San Bernardino,071,2135413,362109,358322,11603,369925,5897
2021-11-20,San Diego,073,3302833,384030,380147,22175,402322,4311
2021-11-20,San Francisco,075,870044,53979,53525,2710,56235,669
2021-11-20,San Joaquin,077,732212,101840,100922,5660,106582,1832
2021-11-20,San Luis Obispo,079,281455,30184,29815,1306,31121,355
2021-11-20,San Mateo,081,765935,54455,54132,1741,55873,577
2021-11-20,Santa Barbara,083,443738,45838,45074,1690,46764,544
2021-11-20,Santa Clara,085,1922200,150428,148829,1523,150352,1917
2021-11-20,Santa Cruz,087,273765,21054,20756,1066,21822,222
2021-11-20,Shasta,089,179085,22325,21968,3744,25712,383
2021-11-20,Sierra,091,2930,196,191,22,213,0
2021-11-20,Siskiyou,093,43540,3399,3313,1352,4665,54
2021-11-20,Solano,095,438530,46669,46006,1289,47295,356
2021-11-20,Sonoma,097,501317,42512,42151,549,42700,403
2021-11-20,Stanislaus,099,539301,81179,80412,9209,89621,1205
2021-11-20,Sutter,101,95872,14161,14074,380,14454,181
2021-11-20,Tehama,103,63373,8720,8648,1544,10192,125
2021-11-20,Trinity,105,12862,857,771,218,989,17
2021-11-20,Tulare,107,460477,70052,69074,16084,85158,1054
2021-11-20,Tuolumne,109,53932,7600,7511,106,7617,90
2021-11-20,Ventura,111,848112,99693,98893,4414,103307,1186
2021-11-20,Yolo,113,214977,20260,20139,1225,21364,257
2021-11-20,Yuba,115,75493,10373,10290,372,10662,88
2021-11-19,Alameda,001,1643700,121895,121059,2997,124056,1473
2021-11-19,Alpine,003,1148,107,105,0,105,0
2021-11-19,Amador,005,37829,5681,5652,65,5717,66
2021-11-19,Butte,007,227075,21498,21265,3905,25170,300
2021-11-19,Calaveras,009,45235,4308,4268,62,4330,84
2021-11-19,Colusa,011,21464,2593,2549,667,3216,19
2021-11-19,Contra Costa,013,1133247,101118,100491,2337,102828,1043
2021-11-19,Del Norte,015,27424,3735,3637,57,3694,42
2021-11-19,El Dorado,017,186661,16501,16308,1760,18068,161
2021-11-19,Fresno,019,978130,144269,142579,12571,155150,2233
2021-11-19,Glenn,021,27897,3546,3526,1017,4543,35
2021-11-19,Humboldt,023,135768,9432,9302,663,9965,115
2021-11-19,Imperial,025,180216,34789,34312,3525,37837,766
2021-11-19,Inyo,027,18085,2513,2467,58,2525,44
2021-11-19,Kern,029,883053,131272,129488,23653,153141,1750
2021-11-19,Kings,031,150075,33096,32720,2054,34774,354
2021-11-19,Lake,033,64148,6875,6808,153,6961,110
2021-11-19,Lassen,035,31185,7006,6931,421,7352,47
2021-11-19,Los Angeles,037,10098052,1457570,1448963,56069,1505032,26741
2021-11-19,Madera,039,155013,24037,23720,2238,25958,296
2021-11-19,Marin,041,260295,17874,17774,493,18267,248
2021-11-19,Mariposa,043,17540,1402,1354,58,1412,6
2021-11-19,Mendocino,045,87422,7902,7773,634,8407,89
2021-11-19,Merced,047,269075,43033,42692,1940,44632,656
2021-11-19,Modoc,049,8938,577,550,203,753,5
2021-11-19,Mono,051,14174,1802,1767,19,1786,4
2021-11-19,Monterey,053,433212,48510,48260,4013,52273,609
2021-11-19,Napa,055,140530,13281,13184,119,13303,103
2021-11-19,Nevada,057,99092,9633,9480,346,9826,92
2021-11-19,Orange,059,3164182,312478,309672,15764,325436,5658
2021-11-19,Placer,061,380077,38185,37800,3855,41655,462
2021-11-19,Plumas,063,18699,1884,1841,51,1892,7
2021-11-19,Riverside,065,2383286,369408,365809,16726,382535,5265
2021-11-19,Sacramento,067,1510023,162832,161533,4925,166458,2316
2021-11-19,San Benito,069,59416,7576,7533,182,7715,77
2021-11-19,San Bernardino,071,2135413,361794,358322,11597,369919,5897
2021-11-19,San Diego,073,3302833,383628,380147,22148,402295,4311
2021-11-19,San Francisco,075,870044,53942,53525,2709,56234,669
2021-11-19,San Joaquin,077,732212,101784,100922,5656,106578,1832
2021-11-19,San Luis Obispo,079,281455,30166,29815,1304,31119,355
2021-11-19,San Mateo,081,765935,54414,54132,1730,55862,577
2021-11-19,Santa Barbara,083,443738,45802,45074,1690,46764,544
2021-11-19,Santa Clara,085,1922200,150281,148829,1520,150349,1917
2021-11-19,Santa Cruz,087,273765,21027,20756,1063,21819,222
2021-11-19,Shasta,089,179085,22313,21968,3743,25711,383
2021-11-19,Sierra,091,2930,196,191,22,213,0
2021-11-19,Siskiyou,093,43540,3396,3313,1352,4665,54
2021-11-19,Solano,095,438530,46639,46006,1285,47291,356
2021-11-19,Sonoma,097,501317,42479,42151,546,42697,403
2021-11-19,Stanislaus,099,539301,81120,80412,9199,89611,1205
2021-11-19,Sutter,101,95872,14159,14074,380,14454,181
2021-11-19,Tehama,103,63373,8717,8648,1544,10192,125
2021-11-19,Trinity,105,12862,855,771,218,989,17
2021-11-19,Tulare,107,460477,70013,69074,16055,85129,1054
2021-11-19,Tuolumne,109,53932,7589,7511,106,7617,90
2021-11-19,Ventura,111,848112,99627,98893,4410,103303,1186
2021-11-19,Yolo,113,214977,20251,20139,1222,21361,257
2021-11-19,Yuba,115,75493,10370,10290,372,10662,88
2021-11-18,Alameda,001,1643700,121776,121059,2988,124047,1473
2021-11-18,Alpine,003,1148,107,105,0,105,0
2021-11-18,Amador,005,37829,5679,5652,65,5717,66
2021-11-18,Butte,007,227075,21481,21265,3898,25163,300
2021-11-18,Calaveras,009,45235,4301,4268,61,4329,84
2021-11-18,Colusa,011,21464,2585,2549,667,3216,19
2021-11-18,Contra Costa,013,1133247,101016,100491,2329,102820,1043
2021-11-18,Del Norte,015,27424,3732,3637,57,3694,42
2021-11-18,El Dorado,017,186661,16483,16308,1757,18065,161
2021-11-18,Fresno,019,978130,144131,142579,12562,155141,2233
2021-11-18,Glenn,021,27897,3545,3526,1016,4542,35
2021-11-18,Humboldt,023,135768,9416,9302,658,9960,115
2021-11-18,Imperial,025,180216,34734,34312,3509,37821,766
2021-11-18,Inyo,027,18085,2505,2467,58,2525,44
2021-11-18,Kern,029,883053,131128,129488,23605,153093,1750
2021-11-18,Kings,031,150075,33059,32720,2051,34771,354
2021-11-18,Lake,033,64148,6870,6808,153,6961,110
2021-11-18,Lassen,035,31185,7003,6931,416,7347,47
2021-11-18,Los Angeles,037,10098052,1456590,1448963,56005,1504968,26741
2021-11-18,Madera,039,155013,24012,23720,2235,25955,296
2021-11-18,Marin,041,260295,17857,17774,489,18263,248
2021-11-18,Mariposa,043,17540,1399,1354,58,1412,6
2021-11-18,Mendocino,045,87422,7880,7773,625,8398,89
2021-11-18,Merced,047,269075,42976,42692,1938,44630,656
2021-11-18,Modoc,049,8938,566,550,203,753,5
2021-11-18,Mono,051,14174,1789,1767,19,1786,4
2021-11-18,Monterey,053,433212,48489,48260,4004,52264,609
2021-11-18,Napa,055,140530,13269,13184,118,13302,103
2021-11-18,Nevada,057,99092,9609,9480,346,9826,92
2021-11-18,Orange,059,3164182,312243,309672,15747,325419,5658
2021-11-18,Placer,061,380077,38143,37800,3844,41644,462
2021-11-18,Plumas,063,18699,1883,1841,51,1892,7
2021-11-18,Riverside,065,2383286,369036,365809,16713,382522,5265
2021-11-18,Sacramento,067,1510023,162605,161533,4908,166441,2316
2021-11-18,San Benito,069,59416,7566,7533,182,7715,77
2021-11-18,San Bernardino,071,2135413,361366,358322,11578,369900,5897
2021-11-18,San Diego,073,3302833,383122,380147,22132,402279,4311
2021-11-18,San Francisco,075,870044,53892,53525,2703,56228,669
2021-11-18,San Joaquin,077,732212,101691,100922,5647,106569,1832
2021-11-18,San Luis Obispo,079,281455,30136,29815,1303,31118,355
2021-11-18,San Mateo,081,765935,54362,54132,1721,55853,577
2021-11-18,Santa Barbara,083,443738,45758,45074,1683,46757,544
2021-11-18,Santa Clara,085,1922200,150097,148829,1512,150341,1917
2021-11-18,Santa Cruz,087,273765,20976,20756,1062,21818,222
2021-11-18,Shasta,089,179085,22277,21968,3738,25706,383
2021-11-18,Sierra,091,2930,195,191,22,213,0
2021-11-18,Siskiyou,093,43540,3396,3313,1347,4660,54
2021-11-18,Solano,095,438530,46597,46006,1283,47289,356
2021-11-18,Sonoma,097,501317,42431,42151,544,42695,403
2021-11-18,Stanislaus,099,539301,81053,80412,9192,89604,1205
2021-11-18,Sutter,101,95872,14148,14074,380,14454,181
2021-11-18,Tehama,103,63373,8712,8648,1544,10192,125
2021-11-18,Trinity,105,12862,854,771,218,989,17
2021-11-18,Tulare,107,460477,69943,69074,16007,85081,1054
2021-11-18,Tuolumne,109,53932,7581,7511,106,7617,90
2021-11-18,Ventura,111,848112,99549,98893,4406,103299,1186
2021-11-18,Yolo,113,214977,20234,20139,1217,21356,257
2021-11-18,Yuba,115,75493,10364,10290,372,10662,88
2021-11-17,Alameda,001,1643700,121658,120913,2986,123899,1472
2021-11-17,Alpine,003,1148,107,105,0,105,0
2021-11-17,Amador,005,37829,5672,5646,65,5711,66
2021-11-17,Butte,007,227075,21455,21230,3895,25125,300
2021-11-17,Calaveras,009,45235,4294,4259,61,4320,84
2021-11-17,Colusa,011,21464,2582,2546,666,3212,19
2021-11-17,Contra Costa,013,1133247,100924,100387,2325,102712,1039
2021-11-17,Del Norte,015,27424,3729,3630,57,3687,42
2021-11-17,El Dorado,017,186661,16464,16269,1756,18025,161
2021-11-17,Fresno,019,978130,143951,142366,12548,154914,2230
2021-11-17,Glenn,021,27897,3544,3527,1015,4542,34
2021-11-17,Humboldt,023,135768,9405,9270,655,9925,115
2021-11-17,Imperial,025,180216,34677,34256,3487,37743,766
2021-11-17,Inyo,027,18085,2499,2457,58,2515,44
2021-11-17,Kern,029,883053,130956,129307,23563,152870,1743
2021-11-17,Kings,031,150075,33031,32669,2047,34716,352
2021-11-17,Lake,033,64148,6866,6795,152,6947,110
2021-11-17,Lassen,035,31185,7001,6918,416,7334,47
2021-11-17,Los Angeles,037,10098052,1455490,1447947,55940,1503887,26721
2021-11-17,Madera,039,155013,23978,23673,2234,25907,287
2021-11-17,Marin,041,260295,17838,17757,487,18244,248
2021-11-17,Mariposa,043,17540,1395,1353,58,1411,6
2021-11-17,Mendocino,045,87422,7872,7735,624,8359,89
2021-11-17,Merced,047,269075,42915,42612,1935,44547,654
2021-11-17,Modoc,049,8938,562,540,203,743,5
2021-11-17,Mono,051,14174,1787,1765,19,1784,5
2021-11-17,Monterey,053,433212,48447,48221,3987,52208,609
2021-11-17,Napa,055,140530,13245,13167,118,13285,103
2021-11-17,Nevada,057,99092,9596,9447,346,9793,92
2021-11-17,Orange,059,3164182,312002,309396,15720,325116,5651
2021-11-17,Placer,061,380077,38094,37725,3835,41560,460
2021-11-17,Plumas,063,18699,1879,1833,51,1884,7
2021-11-17,Riverside,065,2383286,368626,365406,16698,382104,5229
2021-11-17,Sacramento,067,1510023,162434,161269,4900,166169,2302
2021-11-17,San Benito,069,59416,7559,7524,182,7706,77
2021-11-17,San Bernardino,071,2135413,361008,357947,11562,369509,5893
2021-11-17,San Diego,073,3302833,382625,379769,22103,401872,4301
2021-11-17,San Francisco,075,870044,53838,53469,2698,56167,667
2021-11-17,San Joaquin,077,732212,101589,100764,5642,106406,1828
2021-11-17,San Luis Obispo,079,281455,30110,29731,1300,31031,354
2021-11-17,San Mateo,081,765935,54307,54092,1706,55798,577
2021-11-17,Santa Barbara,083,443738,45721,45000,1683,46683,542
2021-11-17,Santa Clara,085,1922200,149935,148626,1504,150130,1915
2021-11-17,Santa Cruz,087,273765,20941,20700,1062,21762,222
2021-11-17,Shasta,089,179085,22244,21883,3736,25619,382
2021-11-17,Sierra,091,2930,194,189,22,211,0
2021-11-17,Siskiyou,093,43540,3392,3307,1344,4651,54
2021-11-17,Solano,095,438530,46564,45948,1282,47230,353
2021-11-17,Sonoma,097,501317,42385,42093,541,42634,403
2021-11-17,Stanislaus,099,539301,80963,80276,9182,89458,1199
2021-11-17,Sutter,101,95872,14134,14064,378,14442,181
2021-11-17,Tehama,103,63373,8703,8633,1541,10174,125
2021-11-17,Trinity,105,12862,853,765,218,983,17
2021-11-17,Tulare,107,460477,69873,68977,15980,84957,1047
2021-11-17,Tuolumne,109,53932,7565,7485,106,7591,90
2021-11-17,Ventura,111,848112,99488,98812,4400,103212,1183
2021-11-17,Yolo,113,214977,20215,20100,1214,21314,257
2021-11-17,Yuba,115,75493,10352,10275,368,10643,88
2021-11-16,Alameda,001,1643700,121552,120809,2982,123791,1467
2021-11-16,Alpine,003,1148,107,105,0,105,0
2021-11-16,Amador,005,37829,5666,5644,65,5709,66
2021-11-16,Butte,007,227075,21430,21208,3890,25098,297
2021-11-16,Calaveras,009,45235,4285,4249,61,4310,83
2021-11-16,Colusa,011,21464,2576,2538,666,3204,19
2021-11-16,Contra Costa,013,1133247,100803,100320,2322,102642,1038
2021-11-16,Del Norte,015,27424,3723,3630,57,3687,42
2021-11-16,El Dorado,017,186661,16440,16248,1754,18002,159
2021-11-16,Fresno,019,978130,143764,142200,12532,154732,2218
2021-11-16,Glenn,021,27897,3543,3527,1012,4539,34
2021-11-16,Humboldt,023,135768,9385,9252,650,9902,115
2021-11-16,Imperial,025,180216,34592,34177,3475,37652,766
2021-11-16,Inyo,027,18085,2492,2449,58,2507,42
2021-11-16,Kern,029,883053,130798,129136,23502,152638,1735
2021-11-16,Kings,031,150075,32979,32614,2042,34656,350
2021-11-16,Lake,033,64148,6861,6789,152,6941,110
2021-11-16,Lassen,035,31185,6991,6915,416,7331,47
2021-11-16,Los Angeles,037,10098052,1454327,1446815,55868,1502683,26703
2021-11-16,Madera,039,155013,23942,23642,2229,25871,287
2021-11-16,Marin,041,260295,17819,17736,486,18222,248
2021-11-16,Mariposa,043,17540,1387,1349,57,1406,6
2021-11-16,Mendocino,045,87422,7830,7723,620,8343,89
2021-11-16,Merced,047,269075,42878,42578,1928,44506,653
2021-11-16,Modoc,049,8938,561,539,202,741,5
2021-11-16,Mono,051,14174,1779,1767,19,1786,4
2021-11-16,Monterey,053,433212,48418,48195,3972,52167,609
2021-11-16,Napa,055,140530,13234,13151,118,13269,103
2021-11-16,Nevada,057,99092,9579,9435,344,9779,92
2021-11-16,Orange,059,3164182,311735,309170,15687,324857,5651
2021-11-16,Placer,061,380077,38051,37676,3829,41505,459
2021-11-16,Plumas,063,18699,1872,1832,51,1883,7
2021-11-16,Riverside,065,2383286,368205,365078,16676,381754,5208
2021-11-16,Sacramento,067,1510023,162255,161102,4887,165989,2299
2021-11-16,San Benito,069,59416,7545,7513,182,7695,77
2021-11-16,San Bernardino,071,2135413,360598,357528,11511,369039,5901
2021-11-16,San Diego,073,3302833,382069,379435,22073,401508,4287
2021-11-16,San Francisco,075,870044,53767,53415,2691,56106,667
2021-11-16,San Joaquin,077,732212,101450,100637,5626,106263,1807
2021-11-16,San Luis Obispo,079,281455,30079,29703,1297,31000,356
2021-11-16,San Mateo,081,765935,54250,54034,1699,55733,577
2021-11-16,Santa Barbara,083,443738,45653,44932,1680,46612,539
2021-11-16,Santa Clara,085,1922200,149756,148452,1492,149944,1916
2021-11-16,Santa Cruz,087,273765,20897,20684,1059,21743,222
2021-11-16,Shasta,089,179085,22205,21853,3732,25585,379
2021-11-16,Sierra,091,2930,194,189,22,211,0
2021-11-16,Siskiyou,093,43540,3389,3304,1342,4646,54
2021-11-16,Solano,095,438530,46524,45908,1281,47189,351
2021-11-16,Sonoma,097,501317,42336,42056,540,42596,401
2021-11-16,Stanislaus,099,539301,80864,80214,9160,89374,1196
2021-11-16,Sutter,101,95872,14122,14058,376,14434,181
2021-11-16,Tehama,103,63373,8696,8621,1534,10155,125
2021-11-16,Trinity,105,12862,853,762,217,979,17
2021-11-16,Tulare,107,460477,69795,68881,15945,84826,1039
2021-11-16,Tuolumne,109,53932,7556,7478,106,7584,90
2021-11-16,Ventura,111,848112,99412,98731,4397,103128,1183
2021-11-16,Yolo,113,214977,20178,20077,1212,21289,257
2021-11-16,Yuba,115,75493,10343,10262,366,10628,85
2021-11-15,Alameda,001,1643700,121400,120731,2977,123708,1464
2021-11-15,Alpine,003,1148,107,105,0,105,0
2021-11-15,Amador,005,37829,5662,5637,65,5702,66
2021-11-15,Butte,007,227075,21406,21182,3886,25068,296
2021-11-15,Calaveras,009,45235,4271,4237,61,4298,83
2021-11-15,Colusa,011,21464,2569,2535,663,3198,19
2021-11-15,Contra Costa,013,1133247,100700,100251,2318,102569,1038
2021-11-15,Del Norte,015,27424,3718,3630,56,3686,42
2021-11-15,El Dorado,017,186661,16416,16236,1750,17986,159
2021-11-15,Fresno,019,978130,143539,142015,12514,154529,2210
2021-11-15,Glenn,021,27897,3541,3526,1012,4538,34
2021-11-15,Humboldt,023,135768,9360,9230,642,9872,115
2021-11-15,Imperial,025,180216,34518,34130,3458,37588,766
2021-11-15,Inyo,027,18085,2487,2442,58,2500,42
2021-11-15,Kern,029,883053,130589,128928,23432,152360,1730
2021-11-15,Kings,031,150075,32945,32584,2038,34622,348
2021-11-15,Lake,033,64148,6857,6784,152,6936,109
2021-11-15,Lassen,035,31185,6981,6915,414,7329,47
2021-11-15,Los Angeles,037,10098052,1453140,1446114,55802,1501916,26677
2021-11-15,Madera,039,155013,23903,23605,2218,25823,287
2021-11-15,Marin,041,260295,17802,17723,485,18208,248
2021-11-15,Mariposa,043,17540,1386,1347,55,1402,6
2021-11-15,Mendocino,045,87422,7810,7694,614,8308,89
2021-11-15,Merced,047,269075,42819,42552,1918,44470,648
2021-11-15,Modoc,049,8938,560,538,202,740,5
2021-11-15,Mono,051,14174,1768,1763,19,1782,4
2021-11-15,Monterey,053,433212,48392,48154,3958,52112,609
2021-11-15,Napa,055,140530,13226,13143,118,13261,103
2021-11-15,Nevada,057,99092,9550,9420,344,9764,92
2021-11-15,Orange,059,3164182,311462,308859,15665,324524,5646
2021-11-15,Placer,061,380077,37987,37610,3825,41435,452
2021-11-15,Plumas,063,18699,1866,1829,51,1880,7
2021-11-15,Riverside,065,2383286,367759,364750,16657,381407,5199
2021-11-15,Sacramento,067,1510023,162033,160937,4874,165811,2293
2021-11-15,San Benito,069,59416,7540,7511,181,7692,77
2021-11-15,San Bernardino,071,2135413,360182,357306,11492,368798,5898
2021-11-15,San Diego,073,3302833,381519,378845,22047,400892,4284
2021-11-15,San Francisco,075,870044,53701,53374,2686,56060,667
2021-11-15,San Joaquin,077,732212,101297,100587,5615,106202,1799
2021-11-15,San Luis Obispo,079,281455,30036,29669,1285,30954,351
2021-11-15,San Mateo,081,765935,54206,54010,1687,55697,576
2021-11-15,Santa Barbara,083,443738,45598,44879,1674,46553,539
2021-11-15,Santa Clara,085,1922200,149537,148313,1485,149798,1914
2021-11-15,Santa Cruz,087,273765,20854,20630,1058,21688,223
2021-11-15,Shasta,089,179085,22159,21779,3727,25506,374
2021-11-15,Sierra,091,2930,194,189,22,211,0
2021-11-15,Siskiyou,093,43540,3382,3302,1340,4642,54
2021-11-15,Solano,095,438530,46487,45885,1278,47163,351
2021-11-15,Sonoma,097,501317,42286,42021,539,42560,401
2021-11-15,Stanislaus,099,539301,80779,80129,9146,89275,1174
2021-11-15,Sutter,101,95872,14109,14043,375,14418,181
2021-11-15,Tehama,103,63373,8690,8615,1533,10148,125
2021-11-15,Trinity,105,12862,852,757,215,972,17
2021-11-15,Tulare,107,460477,69708,68826,15900,84726,1039
2021-11-15,Tuolumne,109,53932,7546,7461,106,7567,90
2021-11-15,Ventura,111,848112,99327,98605,4392,102997,1183
2021-11-15,Yolo,113,214977,20148,20065,1207,21272,255
2021-11-15,Yuba,115,75493,10324,10254,362,10616,85
2021-11-14,Alameda,001,1643700,121232,120629,2973,123602,1461
2021-11-14,Alpine,003,1148,106,105,0,105,0
2021-11-14,Amador,005,37829,5655,5632,64,5696,66
2021-11-14,Butte,007,227075,21376,21146,3877,25023,296
2021-11-14,Calaveras,009,45235,4260,4222,61,4283,83
2021-11-14,Colusa,011,21464,2567,2532,660,3192,19
2021-11-14,Contra Costa,013,1133247,100594,100188,2316,102504,1038
2021-11-14,Del Norte,015,27424,3715,3629,56,3685,42
2021-11-14,El Dorado,017,186661,16375,16212,1745,17957,159
2021-11-14,Fresno,019,978130,143257,141869,12483,154352,2209
2021-11-14,Glenn,021,27897,3540,3521,1012,4533,34
2021-11-14,Humboldt,023,135768,9332,9215,632,9847,115
2021-11-14,Imperial,025,180216,34415,34078,3443,37521,766
2021-11-14,Inyo,027,18085,2475,2441,58,2499,42
2021-11-14,Kern,029,883053,130350,128842,23365,152207,1730
2021-11-14,Kings,031,150075,32888,32545,2031,34576,349
2021-11-14,Lake,033,64148,6849,6777,152,6929,109
2021-11-14,Lassen,035,31185,6971,6911,413,7324,47
2021-11-14,Los Angeles,037,10098052,1451784,1445284,55727,1501011,26667
2021-11-14,Madera,039,155013,23854,23566,2209,25775,287
2021-11-14,Marin,041,260295,17787,17712,485,18197,247
2021-11-14,Mariposa,043,17540,1376,1337,51,1388,6
2021-11-14,Mendocino,045,87422,7776,7684,610,8294,89
2021-11-14,Merced,047,269075,42729,42513,1912,44425,648
2021-11-14,Modoc,049,8938,558,538,202,740,5
2021-11-14,Mono,051,14174,1760,1760,19,1779,4
2021-11-14,Monterey,053,433212,48343,48135,3936,52071,609
2021-11-14,Napa,055,140530,13208,13132,118,13250,103
2021-11-14,Nevada,057,99092,9522,9408,344,9752,92
2021-11-14,Orange,059,3164182,311159,308699,15645,324344,5646
2021-11-14,Placer,061,380077,37906,37569,3815,41384,452
2021-11-14,Plumas,063,18699,1863,1829,50,1879,7
2021-11-14,Riverside,065,2383286,367263,364490,16640,381130,5199
2021-11-14,Sacramento,067,1510023,161797,160761,4857,165618,2295
2021-11-14,San Benito,069,59416,7529,7507,180,7687,77
2021-11-14,San Bernardino,071,2135413,359604,357014,11477,368491,5897
2021-11-14,San Diego,073,3302833,380920,377633,22009,399642,4280
2021-11-14,San Francisco,075,870044,53628,53338,2678,56016,667
2021-11-14,San Joaquin,077,732212,101171,100518,5610,106128,1799
2021-11-14,San Luis Obispo,079,281455,29953,29645,1281,30926,352
2021-11-14,San Mateo,081,765935,54159,53978,1679,55657,576
2021-11-14,Santa Barbara,083,443738,45520,44842,1671,46513,539
2021-11-14,Santa Clara,085,1922200,149340,148152,1475,149627,1913
2021-11-14,Santa Cruz,087,273765,20801,20609,1055,21664,223
2021-11-14,Shasta,089,179085,22107,21771,3714,25485,373
2021-11-14,Sierra,091,2930,194,189,22,211,0
2021-11-14,Siskiyou,093,43540,3373,3302,1339,4641,54
2021-11-14,Solano,095,438530,46431,45860,1271,47131,351
2021-11-14,Sonoma,097,501317,42220,41974,537,42511,401
2021-11-14,Stanislaus,099,539301,80646,80076,9133,89209,1174
2021-11-14,Sutter,101,95872,14092,14031,370,14401,181
2021-11-14,Tehama,103,63373,8680,8607,1531,10138,125
2021-11-14,Trinity,105,12862,849,754,213,967,17
2021-11-14,Tulare,107,460477,69588,68772,15842,84614,1037
2021-11-14,Tuolumne,109,53932,7528,7439,105,7544,90
2021-11-14,Ventura,111,848112,99208,98550,4390,102940,1183
2021-11-14,Yolo,113,214977,20121,20040,1201,21241,255
2021-11-14,Yuba,115,75493,10317,10238,360,10598,85
2021-11-13,Alameda,001,1643700,121163,120407,2971,123378,1454
2021-11-13,Alpine,003,1148,106,105,0,105,0
2021-11-13,Amador,005,37829,5654,5614,64,5678,66
2021-11-13,Butte,007,227075,21356,21104,3874,24978,296
2021-11-13,Calaveras,009,45235,4249,4203,61,4264,83
2021-11-13,Colusa,011,21464,2565,2522,660,3182,19
2021-11-13,Contra Costa,013,1133247,100522,100004,2310,102314,1028
2021-11-13,Del Norte,015,27424,3715,3629,56,3685,42
2021-11-13,El Dorado,017,186661,16363,16163,1742,17905,159
2021-11-13,Fresno,019,978130,143150,141452,12472,153924,2205
2021-11-13,Glenn,021,27897,3540,3514,1011,4525,34
2021-11-13,Humboldt,023,135768,9318,9177,626,9803,115
2021-11-13,Imperial,025,180216,34365,33990,3426,37416,766
2021-11-13,Inyo,027,18085,2469,2436,58,2494,42
2021-11-13,Kern,029,883053,130250,128472,23320,151792,1719
2021-11-13,Kings,031,150075,32871,32452,2030,34482,347
2021-11-13,Lake,033,64148,6844,6769,152,6921,109
2021-11-13,Lassen,035,31185,6966,6897,413,7310,47
2021-11-13,Los Angeles,037,10098052,1451133,1443088,55684,1498772,26649
2021-11-13,Madera,039,155013,23824,23462,2204,25666,287
2021-11-13,Marin,041,260295,17774,17684,483,18167,247
2021-11-13,Mariposa,043,17540,1373,1323,51,1374,6
2021-11-13,Mendocino,045,87422,7757,7652,608,8260,89
2021-11-13,Merced,047,269075,42691,42411,1909,44320,644
2021-11-13,Modoc,049,8938,557,536,202,738,5
2021-11-13,Mono,051,14174,1760,1750,19,1769,4
2021-11-13,Monterey,053,433212,48323,48087,3929,52016,609
2021-11-13,Napa,055,140530,13200,13110,118,13228,103
2021-11-13,Nevada,057,99092,9502,9369,342,9711,92
2021-11-13,Orange,059,3164182,310992,308211,15620,323831,5641
2021-11-13,Placer,061,380077,37856,37453,3812,41265,445
2021-11-13,Plumas,063,18699,1860,1828,50,1878,8
2021-11-13,Riverside,065,2383286,366958,363801,16633,380434,5187
2021-11-13,Sacramento,067,1510023,161664,160397,4844,165241,2291
2021-11-13,San Benito,069,59416,7516,7491,179,7670,77
2021-11-13,San Bernardino,071,2135413,359352,356325,11471,367796,5873
2021-11-13,San Diego,073,3302833,380583,377633,21979,399612,4280
2021-11-13,San Francisco,075,870044,53596,53195,2676,55871,667
2021-11-13,San Joaquin,077,732212,101114,100263,5601,105864,1799
2021-11-13,San Luis Obispo,079,281455,29923,29589,1279,30868,351
2021-11-13,San Mateo,081,765935,54125,53853,1675,55528,574
2021-11-13,Santa Barbara,083,443738,45487,44734,1671,46405,537
2021-11-13,Santa Clara,085,1922200,149223,147821,1469,149290,1905
2021-11-13,Santa Cruz,087,273765,20786,20565,1054,21619,223
2021-11-13,Shasta,089,179085,22076,21713,3710,25423,366
2021-11-13,Sierra,091,2930,193,188,22,210,0
2021-11-13,Siskiyou,093,43540,3364,3299,1338,4637,54
2021-11-13,Solano,095,438530,46403,45774,1267,47041,350
2021-11-13,Sonoma,097,501317,42186,41882,536,42418,399
2021-11-13,Stanislaus,099,539301,80569,79872,9119,88991,1174
2021-11-13,Sutter,101,95872,14082,14017,369,14386,181
2021-11-13,Tehama,103,63373,8674,8592,1527,10119,125
2021-11-13,Trinity,105,12862,848,749,213,962,17
2021-11-13,Tulare,107,460477,69521,68619,15819,84438,1033
2021-11-13,Tuolumne,109,53932,7512,7392,105,7497,90
2021-11-13,Ventura,111,848112,99145,98452,4387,102839,1183
2021-11-13,Yolo,113,214977,20105,20009,1196,21205,255
2021-11-13,Yuba,115,75493,10307,10218,358,10576,85
2021-11-12,Alameda,001,1643700,121082,120407,2968,123375,1454
2021-11-12,Alpine,003,1148,106,105,0,105,0
2021-11-12,Amador,005,37829,5648,5614,63,5677,66
2021-11-12,Butte,007,227075,21339,21104,3870,24974,296
2021-11-12,Calaveras,009,45235,4238,4203,61,4264,83
2021-11-12,Colusa,011,21464,2561,2522,659,3181,19
2021-11-12,Contra Costa,013,1133247,100468,100004,2309,102313,1028
2021-11-12,Del Norte,015,27424,3715,3629,56,3685,42
2021-11-12,El Dorado,017,186661,16344,16163,1741,17904,159
2021-11-12,Fresno,019,978130,143009,141452,12462,153914,2205
2021-11-12,Glenn,021,27897,3537,3514,1010,4524,34
2021-11-12,Humboldt,023,135768,9311,9177,624,9801,115
2021-11-12,Imperial,025,180216,34336,33990,3416,37406,766
2021-11-12,Inyo,027,18085,2465,2436,58,2494,42
2021-11-12,Kern,029,883053,130112,128472,23289,151761,1719
2021-11-12,Kings,031,150075,32845,32452,2029,34481,347
2021-11-12,Lake,033,64148,6840,6769,152,6921,109
2021-11-12,Lassen,035,31185,6962,6897,412,7309,47
2021-11-12,Los Angeles,037,10098052,1450413,1443088,55636,1498724,26649
2021-11-12,Madera,039,155013,23794,23462,2199,25661,287
2021-11-12,Marin,041,260295,17758,17684,482,18166,247
2021-11-12,Mariposa,043,17540,1366,1323,51,1374,6
2021-11-12,Mendocino,045,87422,7746,7652,605,8257,89
2021-11-12,Merced,047,269075,42664,42411,1907,44318,644
2021-11-12,Modoc,049,8938,556,536,202,738,5
2021-11-12,Mono,051,14174,1759,1750,19,1769,4
2021-11-12,Monterey,053,433212,48304,48087,3910,51997,609
2021-11-12,Napa,055,140530,13191,13110,118,13228,103
2021-11-12,Nevada,057,99092,9488,9369,341,9710,92
2021-11-12,Orange,059,3164182,310803,308211,15603,323814,5641
2021-11-12,Placer,061,380077,37816,37453,3809,41262,445
2021-11-12,Plumas,063,18699,1855,1828,50,1878,8
2021-11-12,Riverside,065,2383286,366692,363801,16629,380430,5187
2021-11-12,Sacramento,067,1510023,161507,160397,4839,165236,2291
2021-11-12,San Benito,069,59416,7516,7491,179,7670,77
2021-11-12,San Bernardino,071,2135413,359053,356325,11464,367789,5873
2021-11-12,San Diego,073,3302833,380209,377633,21953,399586,4280
2021-11-12,San Francisco,075,870044,53561,53195,2672,55867,667
2021-11-12,San Joaquin,077,732212,101069,100263,5595,105858,1799
2021-11-12,San Luis Obispo,079,281455,29894,29589,1278,30867,351
2021-11-12,San Mateo,081,765935,54078,53853,1670,55523,574
2021-11-12,Santa Barbara,083,443738,45433,44734,1670,46404,537
2021-11-12,Santa Clara,085,1922200,149079,147821,1464,149285,1905
2021-11-12,Santa Cruz,087,273765,20759,20565,1052,21617,223
2021-11-12,Shasta,089,179085,22044,21713,3707,25420,366
2021-11-12,Sierra,091,2930,192,188,22,210,0
2021-11-12,Siskiyou,093,43540,3363,3299,1336,4635,54
2021-11-12,Solano,095,438530,46376,45774,1263,47037,350
2021-11-12,Sonoma,097,501317,42145,41882,536,42418,399
2021-11-12,Stanislaus,099,539301,80516,79872,9111,88983,1174
2021-11-12,Sutter,101,95872,14074,14017,369,14386,181
2021-11-12,Tehama,103,63373,8670,8592,1526,10118,125
2021-11-12,Trinity,105,12862,841,749,213,962,17
2021-11-12,Tulare,107,460477,69479,68619,15784,84403,1033
2021-11-12,Tuolumne,109,53932,7500,7392,104,7496,90
2021-11-12,Ventura,111,848112,99080,98452,4386,102838,1183
2021-11-12,Yolo,113,214977,20091,20009,1190,21199,255
2021-11-12,Yuba,115,75493,10298,10218,357,10575,85
2021-11-11,Alameda,001,1643700,120966,120147,2959,123106,1453
2021-11-11,Alpine,003,1148,106,105,0,105,0
2021-11-11,Amador,005,37829,5644,5603,62,5665,66
2021-11-11,Butte,007,227075,21297,21047,3865,24912,293
2021-11-11,Calaveras,009,45235,4220,4179,61,4240,83
2021-11-11,Colusa,011,21464,2553,2518,657,3175,19
2021-11-11,Contra Costa,013,1133247,100363,99808,2304,102112,1028
2021-11-11,Del Norte,015,27424,3713,3622,56,3678,42
2021-11-11,El Dorado,017,186661,16311,16085,1738,17823,159
2021-11-11,Fresno,019,978130,142807,140833,12435,153268,2202
2021-11-11,Glenn,021,27897,3535,3503,1010,4513,34
2021-11-11,Humboldt,023,135768,9288,9125,621,9746,115
2021-11-11,Imperial,025,180216,34267,33844,3394,37238,766
2021-11-11,Inyo,027,18085,2460,2428,58,2486,42
2021-11-11,Kern,029,883053,129928,128023,23226,151249,1709
2021-11-11,Kings,031,150075,32794,32318,2027,34345,345
2021-11-11,Lake,033,64148,6833,6745,152,6897,107
2021-11-11,Lassen,035,31185,6956,6875,412,7287,47
2021-11-11,Los Angeles,037,10098052,1449327,1440436,55576,1496012,26614
2021-11-11,Madera,039,155013,23746,23316,2191,25507,287
2021-11-11,Marin,041,260295,17748,17639,482,18121,247
2021-11-11,Mariposa,043,17540,1356,1317,51,1368,6
2021-11-11,Mendocino,045,87422,7731,7612,596,8208,89
2021-11-11,Merced,047,269075,42608,42292,1905,44197,643
2021-11-11,Modoc,049,8938,554,536,202,738,5
2021-11-11,Mono,051,14174,1750,1743,19,1762,4
2021-11-11,Monterey,053,433212,48275,48008,3892,51900,609
2021-11-11,Napa,055,140530,13182,13075,118,13193,103
2021-11-11,Nevada,057,99092,9466,9308,341,9649,92
2021-11-11,Orange,059,3164182,310535,307674,15566,323240,5633
2021-11-11,Placer,061,380077,37764,37333,3801,41134,440
2021-11-11,Plumas,063,18699,1851,1814,50,1864,7
2021-11-11,Riverside,065,2383286,366261,362930,16611,379541,5175
2021-11-11,Sacramento,067,1510023,161295,159962,4820,164782,2289
2021-11-11,San Benito,069,59416,7508,7473,179,7652,76
2021-11-11,San Bernardino,071,2135413,358631,355413,11453,366866,5849
2021-11-11,San Diego,073,3302833,379695,376428,21928,398356,4272
2021-11-11,San Francisco,075,870044,53503,53063,2668,55731,666
2021-11-11,San Joaquin,077,732212,100974,99937,5579,105516,1799
2021-11-11,San Luis Obispo,079,281455,29843,29532,1276,30808,351
2021-11-11,San Mateo,081,765935,54038,53722,1655,55377,574
2021-11-11,Santa Barbara,083,443738,45376,44603,1667,46270,534
2021-11-11,Santa Clara,085,1922200,148897,147458,1458,148916,1901
2021-11-11,Santa Cruz,087,273765,20714,20479,1052,21531,222
2021-11-11,Shasta,089,179085,21997,21600,3705,25305,364
2021-11-11,Sierra,091,2930,191,186,22,208,0
2021-11-11,Siskiyou,093,43540,3357,3297,1335,4632,53
2021-11-11,Solano,095,438530,46338,45679,1262,46941,350
2021-11-11,Sonoma,097,501317,42108,41774,536,42310,395
2021-11-11,Stanislaus,099,539301,80431,79570,9097,88667,1166
2021-11-11,Sutter,101,95872,14061,13993,368,14361,181
2021-11-11,Tehama,103,63373,8658,8565,1524,10089,125
2021-11-11,Trinity,105,12862,840,748,213,961,17
2021-11-11,Tulare,107,460477,69388,68367,15747,84114,1028
2021-11-11,Tuolumne,109,53932,7487,7354,104,7458,90
2021-11-11,Ventura,111,848112,98992,98297,4380,102677,1182
2021-11-11,Yolo,113,214977,20064,19946,1188,21134,255
2021-11-11,Yuba,115,75493,10282,10191,357,10548,85
2021-11-10,Alameda,001,1643700,120858,120147,2950,123097,1453
2021-11-10,Alpine,003,1148,106,105,0,105,0
2021-11-10,Amador,005,37829,5638,5603,62,5665,66
2021-11-10,Butte,007,227075,21271,21047,3861,24908,293
2021-11-10,Calaveras,009,45235,4209,4179,61,4240,83
2021-11-10,Colusa,011,21464,2547,2518,657,3175,19
2021-11-10,Contra Costa,013,1133247,100281,99808,2299,102107,1028
2021-11-10,Del Norte,015,27424,3712,3622,56,3678,42
2021-11-10,El Dorado,017,186661,16295,16085,1737,17822,159
2021-11-10,Fresno,019,978130,142629,140833,12424,153257,2202
2021-11-10,Glenn,021,27897,3535,3503,1009,4512,34
2021-11-10,Humboldt,023,135768,9270,9125,621,9746,115
2021-11-10,Imperial,025,180216,34214,33844,3375,37219,766
2021-11-10,Inyo,027,18085,2453,2428,58,2486,42
2021-11-10,Kern,029,883053,129779,128023,23170,151193,1709
2021-11-10,Kings,031,150075,32762,32318,2025,34343,345
2021-11-10,Lake,033,64148,6823,6745,152,6897,107
2021-11-10,Lassen,035,31185,6951,6875,412,7287,47
2021-11-10,Los Angeles,037,10098052,1448383,1440436,55520,1495956,26614
2021-11-10,Madera,039,155013,23697,23316,2185,25501,287
2021-11-10,Marin,041,260295,17735,17639,480,18119,247
2021-11-10,Mariposa,043,17540,1350,1317,51,1368,6
2021-11-10,Mendocino,045,87422,7719,7612,595,8207,89
2021-11-10,Merced,047,269075,42573,42292,1903,44195,643
2021-11-10,Modoc,049,8938,553,536,201,737,5
2021-11-10,Mono,051,14174,1748,1743,19,1762,4
2021-11-10,Monterey,053,433212,48249,48008,3873,51881,609
2021-11-10,Napa,055,140530,13168,13075,117,13192,103
2021-11-10,Nevada,057,99092,9459,9308,339,9647,92
2021-11-10,Orange,059,3164182,310278,307674,15536,323210,5633
2021-11-10,Placer,061,380077,37719,37333,3794,41127,440
2021-11-10,Plumas,063,18699,1848,1814,49,1863,7
2021-11-10,Riverside,065,2383286,365881,362930,16605,379535,5175
2021-11-10,Sacramento,067,1510023,161142,159962,4810,164772,2289
2021-11-10,San Benito,069,59416,7500,7473,179,7652,76
2021-11-10,San Bernardino,071,2135413,358292,355413,11447,366860,5849
2021-11-10,San Diego,073,3302833,379282,376428,21903,398331,4272
2021-11-10,San Francisco,075,870044,53442,53063,2664,55727,666
2021-11-10,San Joaquin,077,732212,100868,99937,5573,105510,1799
2021-11-10,San Luis Obispo,079,281455,29813,29532,1275,30807,351
2021-11-10,San Mateo,081,765935,53991,53722,1650,55372,574
2021-11-10,Santa Barbara,083,443738,45338,44603,1666,46269,534
2021-11-10,Santa Clara,085,1922200,148751,147458,1451,148909,1901
2021-11-10,Santa Cruz,087,273765,20687,20479,1051,21530,222
2021-11-10,Shasta,089,179085,21961,21600,3703,25303,364
2021-11-10,Sierra,091,2930,190,186,22,208,0
2021-11-10,Siskiyou,093,43540,3355,3297,1335,4632,53
2021-11-10,Solano,095,438530,46309,45679,1260,46939,350
2021-11-10,Sonoma,097,501317,42057,41774,536,42310,395
2021-11-10,Stanislaus,099,539301,80330,79570,9080,88650,1166
2021-11-10,Sutter,101,95872,14053,13993,368,14361,181
2021-11-10,Tehama,103,63373,8647,8565,1518,10083,125
2021-11-10,Trinity,105,12862,836,748,212,960,17
2021-11-10,Tulare,107,460477,69328,68367,15707,84074,1028
2021-11-10,Tuolumne,109,53932,7463,7354,104,7458,90
2021-11-10,Ventura,111,848112,98917,98297,4380,102677,1182
2021-11-10,Yolo,113,214977,20046,19946,1188,21134,255
2021-11-10,Yuba,115,75493,10273,10191,357,10548,85
2021-11-09,Alameda,001,1643700,120721,120051,2941,122992,1450
2021-11-09,Alpine,003,1148,106,105,0,105,0
2021-11-09,Amador,005,37829,5634,5596,62,5658,66
2021-11-09,Butte,007,227075,21250,21022,3858,24880,291
2021-11-09,Calaveras,009,45235,4205,4174,61,4235,84
2021-11-09,Colusa,011,21464,2542,2517,656,3173,19
2021-11-09,Contra Costa,013,1133247,100190,99732,2292,102024,1028
2021-11-09,Del Norte,015,27424,3711,3620,56,3676,42
2021-11-09,El Dorado,017,186661,16257,16073,1732,17805,160
2021-11-09,Fresno,019,978130,142387,140666,12411,153077,2188
2021-11-09,Glenn,021,27897,3530,3499,1008,4507,34
2021-11-09,Humboldt,023,135768,9248,9112,616,9728,115
2021-11-09,Imperial,025,180216,34162,33751,3361,37112,766
2021-11-09,Inyo,027,18085,2449,2404,58,2462,42
2021-11-09,Kern,029,883053,129536,127901,23109,151010,1694
2021-11-09,Kings,031,150075,32695,32279,2021,34300,344
2021-11-09,Lake,033,64148,6814,6743,152,6895,106
2021-11-09,Lassen,035,31185,6939,6846,412,7258,47
2021-11-09,Los Angeles,037,10098052,1447146,1439125,55459,1494584,26581
2021-11-09,Madera,039,155013,23646,23285,2176,25461,287
2021-11-09,Marin,041,260295,17716,17630,478,18108,247
2021-11-09,Mariposa,043,17540,1342,1317,50,1367,5
2021-11-09,Mendocino,045,87422,7696,7598,589,8187,85
2021-11-09,Merced,047,269075,42531,42251,1899,44150,613
2021-11-09,Modoc,049,8938,552,536,199,735,5
2021-11-09,Mono,051,14174,1743,1738,19,1757,4
2021-11-09,Monterey,053,433212,48217,47975,3842,51817,609
2021-11-09,Napa,055,140530,13150,13051,117,13168,103
2021-11-09,Nevada,057,99092,9440,9288,339,9627,92
2021-11-09,Orange,059,3164182,309996,307412,15510,322922,5621
2021-11-09,Placer,061,380077,37665,37291,3777,41068,440
2021-11-09,Plumas,063,18699,1846,1802,49,1851,7
2021-11-09,Riverside,065,2383286,365416,362557,16590,379147,5160
2021-11-09,Sacramento,067,1510023,160904,159856,4798,164654,2286
2021-11-09,San Benito,069,59416,7489,7471,178,7649,76
2021-11-09,San Bernardino,071,2135413,357843,354972,11430,366402,5839
2021-11-09,San Diego,073,3302833,378781,375997,21871,397868,4272
2021-11-09,San Francisco,075,870044,53371,52996,2657,55653,666
2021-11-09,San Joaquin,077,732212,100690,99848,5560,105408,1794
2021-11-09,San Luis Obispo,079,281455,29772,29488,1274,30762,350
2021-11-09,San Mateo,081,765935,53947,53697,1636,55333,574
2021-11-09,Santa Barbara,083,443738,45271,44579,1658,46237,533
2021-11-09,Santa Clara,085,1922200,148545,147281,1444,148725,1901
2021-11-09,Santa Cruz,087,273765,20652,20463,1050,21513,222
2021-11-09,Shasta,089,179085,21907,21558,3698,25256,364
2021-11-09,Sierra,091,2930,190,186,22,208,0
2021-11-09,Siskiyou,093,43540,3353,3295,1333,4628,52
2021-11-09,Solano,095,438530,46255,45639,1259,46898,350
2021-11-09,Sonoma,097,501317,42002,41727,534,42261,395
2021-11-09,Stanislaus,099,539301,80226,79505,9064,88569,1165
2021-11-09,Sutter,101,95872,14038,13988,366,14354,180
2021-11-09,Tehama,103,63373,8629,8555,1516,10071,125
2021-11-09,Trinity,105,12862,835,746,212,958,17
2021-11-09,Tulare,107,460477,69225,68298,15667,83965,1024
2021-11-09,Tuolumne,109,53932,7444,7347,104,7451,90
2021-11-09,Ventura,111,848112,98836,98202,4375,102577,1182
2021-11-09,Yolo,113,214977,20022,19931,1184,21115,255
2021-11-09,Yuba,115,75493,10256,10175,351,10526,85
2021-11-08,Alameda,001,1643700,120582,119983,2934,122917,1447
2021-11-08,Alpine,003,1148,106,105,0,105,0
2021-11-08,Amador,005,37829,5628,5590,62,5652,66
2021-11-08,Butte,007,227075,21222,21000,3850,24850,288
2021-11-08,Calaveras,009,45235,4197,4166,61,4227,82
2021-11-08,Colusa,011,21464,2541,2514,655,3169,19
2021-11-08,Contra Costa,013,1133247,100089,99669,2287,101956,1028
2021-11-08,Del Norte,015,27424,3707,3619,56,3675,42
2021-11-08,El Dorado,017,186661,16239,16055,1727,17782,156
2021-11-08,Fresno,019,978130,142088,140466,12393,152859,2179
2021-11-08,Glenn,021,27897,3527,3496,1004,4500,34
2021-11-08,Humboldt,023,135768,9221,9095,606,9701,109
2021-11-08,Imperial,025,180216,34083,33690,3343,37033,766
2021-11-08,Inyo,027,18085,2442,2398,58,2456,41
2021-11-08,Kern,029,883053,129300,127722,23027,150749,1692
2021-11-08,Kings,031,150075,32649,32248,2020,34268,344
2021-11-08,Lake,033,64148,6808,6737,152,6889,106
2021-11-08,Lassen,035,31185,6932,6830,410,7240,46
2021-11-08,Los Angeles,037,10098052,1445807,1438322,55400,1493722,26575
2021-11-08,Madera,039,155013,23597,23253,2166,25419,287
2021-11-08,Marin,041,260295,17699,17617,475,18092,247
2021-11-08,Mariposa,043,17540,1334,1316,49,1365,5
2021-11-08,Mendocino,045,87422,7682,7581,583,8164,85
2021-11-08,Merced,047,269075,42460,42224,1891,44115,607
2021-11-08,Modoc,049,8938,551,529,199,728,5
2021-11-08,Mono,051,14174,1737,1739,19,1758,4
2021-11-08,Monterey,053,433212,48188,47942,3809,51751,602
2021-11-08,Napa,055,140530,13136,13045,117,13162,103
2021-11-08,Nevada,057,99092,9422,9278,337,9615,92
2021-11-08,Orange,059,3164182,309723,307156,15479,322635,5616
2021-11-08,Placer,061,380077,37612,37250,3774,41024,439
2021-11-08,Plumas,063,18699,1845,1788,48,1836,7
2021-11-08,Riverside,065,2383286,364962,362201,16575,378776,5152
2021-11-08,Sacramento,067,1510023,160689,159735,4778,164513,2275
2021-11-08,San Benito,069,59416,7487,7461,178,7639,75
2021-11-08,San Bernardino,071,2135413,357340,354741,11410,366151,5836
2021-11-08,San Diego,073,3302833,378197,375557,21821,397378,4259
2021-11-08,San Francisco,075,870044,53317,52942,2651,55593,666
2021-11-08,San Joaquin,077,732212,100575,99736,5558,105294,1794
2021-11-08,San Luis Obispo,079,281455,29723,29464,1270,30734,350
2021-11-08,San Mateo,081,765935,53873,53658,1628,55286,574
2021-11-08,Santa Barbara,083,443738,45217,44548,1657,46205,532
2021-11-08,Santa Clara,085,1922200,148317,147183,1438,148621,1899
2021-11-08,Santa Cruz,087,273765,20624,20435,1050,21485,222
2021-11-08,Shasta,089,179085,21860,21504,3692,25196,354
2021-11-08,Sierra,091,2930,190,183,22,205,0
2021-11-08,Siskiyou,093,43540,3349,3290,1322,4612,50
2021-11-08,Solano,095,438530,46214,45613,1257,46870,350
2021-11-08,Sonoma,097,501317,41934,41669,532,42201,395
2021-11-08,Stanislaus,099,539301,80074,79417,9050,88467,1150
2021-11-08,Sutter,101,95872,14030,13976,362,14338,180
2021-11-08,Tehama,103,63373,8619,8534,1516,10050,123
2021-11-08,Trinity,105,12862,835,743,211,954,13
2021-11-08,Tulare,107,460477,69108,68199,15629,83828,1020
2021-11-08,Tuolumne,109,53932,7425,7328,103,7431,90
2021-11-08,Ventura,111,848112,98743,98144,4372,102516,1182
2021-11-08,Yolo,113,214977,19984,19916,1179,21095,255
2021-11-08,Yuba,115,75493,10245,10172,348,10520,83
2021-11-07,Alameda,001,1643700,120429,119902,2928,122830,1444
2021-11-07,Alpine,003,1148,106,105,0,105,0
2021-11-07,Amador,005,37829,5621,5580,60,5640,66
2021-11-07,Butte,007,227075,21182,20969,3841,24810,288
2021-11-07,Calaveras,009,45235,4170,4158,60,4218,82
2021-11-07,Colusa,011,21464,2535,2511,653,3164,19
2021-11-07,Contra Costa,013,1133247,99979,99596,2278,101874,1028
2021-11-07,Del Norte,015,27424,3705,3617,56,3673,42
2021-11-07,El Dorado,017,186661,16202,16040,1724,17764,156
2021-11-07,Fresno,019,978130,141748,140263,12370,152633,2179
2021-11-07,Glenn,021,27897,3520,3493,1003,4496,34
2021-11-07,Humboldt,023,135768,9195,9074,602,9676,109
2021-11-07,Imperial,025,180216,34009,33674,3323,36997,766
2021-11-07,Inyo,027,18085,2429,2394,58,2452,41
2021-11-07,Kern,029,883053,129028,127583,22935,150518,1692
2021-11-07,Kings,031,150075,32559,32221,2015,34236,343
2021-11-07,Lake,033,64148,6792,6734,151,6885,106
2021-11-07,Lassen,035,31185,6923,6819,406,7225,46
2021-11-07,Los Angeles,037,10098052,1444326,1437314,55321,1492635,26573
2021-11-07,Madera,039,155013,23551,23225,2160,25385,287
2021-11-07,Marin,041,260295,17679,17594,474,18068,247
2021-11-07,Mariposa,043,17540,1333,1306,49,1355,5
2021-11-07,Mendocino,045,87422,7653,7567,579,8146,85
2021-11-07,Merced,047,269075,42379,42186,1861,44047,607
2021-11-07,Modoc,049,8938,548,528,198,726,5
2021-11-07,Mono,051,14174,1733,1739,19,1758,4
2021-11-07,Monterey,053,433212,48150,47924,3791,51715,602
2021-11-07,Napa,055,140530,13115,13041,117,13158,103
2021-11-07,Nevada,057,99092,9373,9254,337,9591,92
2021-11-07,Orange,059,3164182,309405,306954,15445,322399,5616
2021-11-07,Placer,061,380077,37535,37202,3759,40961,439
2021-11-07,Plumas,063,18699,1838,1787,47,1834,7
2021-11-07,Riverside,065,2383286,364428,361960,16556,378516,5152
2021-11-07,Sacramento,067,1510023,160458,159549,4760,164309,2277
2021-11-07,San Benito,069,59416,7474,7460,178,7638,75
2021-11-07,San Bernardino,071,2135413,356838,354488,11387,365875,5832
2021-11-07,San Diego,073,3302833,377611,375165,21786,396951,4250
2021-11-07,San Francisco,075,870044,53236,52868,2642,55510,666
2021-11-07,San Joaquin,077,732212,100390,99696,5552,105248,1794
2021-11-07,San Luis Obispo,079,281455,29674,29454,1266,30720,350
2021-11-07,San Mateo,081,765935,53814,53600,1626,55226,574
2021-11-07,Santa Barbara,083,443738,45154,44501,1656,46157,532
2021-11-07,Santa Clara,085,1922200,148116,147054,1424,148478,1898
2021-11-07,Santa Cruz,087,273765,20566,20397,1049,21446,222
2021-11-07,Shasta,089,179085,21813,21479,3686,25165,354
2021-11-07,Sierra,091,2930,188,183,22,205,0
2021-11-07,Siskiyou,093,43540,3344,3289,1319,4608,51
2021-11-07,Solano,095,438530,46162,45582,1252,46834,350
2021-11-07,Sonoma,097,501317,41885,41630,532,42162,395
2021-11-07,Stanislaus,099,539301,79921,79351,9029,88380,1150
2021-11-07,Sutter,101,95872,14017,13964,359,14323,180
2021-11-07,Tehama,103,63373,8596,8528,1514,10042,121
2021-11-07,Trinity,105,12862,834,742,210,952,13
2021-11-07,Tulare,107,460477,68955,68145,15586,83731,1020
2021-11-07,Tuolumne,109,53932,7407,7300,101,7401,90
2021-11-07,Ventura,111,848112,98639,98085,4370,102455,1182
2021-11-07,Yolo,113,214977,19964,19899,1174,21073,255
2021-11-07,Yuba,115,75493,10228,10162,343,10505,83
2021-11-06,Alameda,001,1643700,120370,119499,2925,122424,1436
2021-11-06,Alpine,003,1148,106,105,0,105,0
2021-11-06,Amador,005,37829,5615,5557,60,5617,66
2021-11-06,Butte,007,227075,21162,20796,3837,24633,288
2021-11-06,Calaveras,009,45235,4162,4105,60,4165,82
2021-11-06,Colusa,011,21464,2534,2501,652,3153,19
2021-11-06,Contra Costa,013,1133247,99925,99282,2276,101558,1025
2021-11-06,Del Norte,015,27424,3702,3607,56,3663,42
2021-11-06,El Dorado,017,186661,16185,15958,1724,17682,156
2021-11-06,Fresno,019,978130,141631,139249,12368,151617,2170
2021-11-06,Glenn,021,27897,3517,3479,1003,4482,33
2021-11-06,Humboldt,023,135768,9183,8972,598,9570,109
2021-11-06,Imperial,025,180216,33963,33471,3317,36788,766
2021-11-06,Inyo,027,18085,2423,2353,58,2411,41
2021-11-06,Kern,029,883053,128895,126848,22882,149730,1684
2021-11-06,Kings,031,150075,32527,32018,2010,34028,342
2021-11-06,Lake,033,64148,6790,6695,151,6846,106
2021-11-06,Lassen,035,31185,6918,6796,405,7201,46
2021-11-06,Los Angeles,037,10098052,1443552,1433081,55276,1488357,26533
2021-11-06,Madera,039,155013,23515,22994,2151,25145,287
2021-11-06,Marin,041,260295,17660,17520,471,17991,247
2021-11-06,Mariposa,043,17540,1331,1282,49,1331,5
2021-11-06,Mendocino,045,87422,7631,7486,579,8065,85
2021-11-06,Merced,047,269075,42355,41958,1853,43811,604
2021-11-06,Modoc,049,8938,547,523,198,721,5
2021-11-06,Mono,051,14174,1732,1725,19,1744,4
2021-11-06,Monterey,053,433212,48125,47830,3774,51604,602
2021-11-06,Napa,055,140530,13104,12950,117,13067,103
2021-11-06,Nevada,057,99092,9351,9169,336,9505,91
2021-11-06,Orange,059,3164182,309197,306049,15419,321468,5611
2021-11-06,Placer,061,380077,37494,36967,3756,40723,438
2021-11-06,Plumas,063,18699,1834,1755,46,1801,7
2021-11-06,Riverside,065,2383286,364110,360584,16547,377131,5138
2021-11-06,Sacramento,067,1510023,160366,158766,4755,163521,2263
2021-11-06,San Benito,069,59416,7467,7429,178,7607,75
2021-11-06,San Bernardino,071,2135413,356567,353142,11383,364525,5813
2021-11-06,San Diego,073,3302833,377265,373423,21767,395190,4246
2021-11-06,San Francisco,075,870044,53182,52556,2639,55195,666
2021-11-06,San Joaquin,077,732212,100334,99372,5551,104923,1782
2021-11-06,San Luis Obispo,079,281455,29646,29335,1262,30597,350
2021-11-06,San Mateo,081,765935,53784,53442,1621,55063,574
2021-11-06,Santa Barbara,083,443738,45118,44301,1655,45956,532
2021-11-06,Santa Clara,085,1922200,147971,146519,1418,147937,1894
2021-11-06,Santa Cruz,087,273765,20547,20311,1047,21358,222
2021-11-06,Shasta,089,179085,21794,21281,3681,24962,349
2021-11-06,Sierra,091,2930,188,181,22,203,0
2021-11-06,Siskiyou,093,43540,3344,3279,1317,4596,48
2021-11-06,Solano,095,438530,46132,45465,1251,46716,350
2021-11-06,Sonoma,097,501317,41835,41398,531,41929,395
2021-11-06,Stanislaus,099,539301,79853,78902,9021,87923,1193
2021-11-06,Sutter,101,95872,14013,13908,358,14266,180
2021-11-06,Tehama,103,63373,8585,8474,1512,9986,120
2021-11-06,Trinity,105,12862,831,732,210,942,11
2021-11-06,Tulare,107,460477,68905,67767,15558,83325,1010
2021-11-06,Tuolumne,109,53932,7394,7245,101,7346,90
2021-11-06,Ventura,111,848112,98573,97770,4366,102136,1180
2021-11-06,Yolo,113,214977,19947,19827,1170,20997,255
2021-11-06,Yuba,115,75493,10214,10107,343,10450,83
2021-11-05,Alameda,001,1643700,120291,119499,2923,122422,1436
2021-11-05,Alpine,003,1148,106,105,0,105,0
2021-11-05,Amador,005,37829,5610,5557,60,5617,66
2021-11-05,Butte,007,227075,21148,20796,3836,24632,288
2021-11-05,Calaveras,009,45235,4157,4105,60,4165,82
2021-11-05,Colusa,011,21464,2534,2501,651,3152,19
2021-11-05,Contra Costa,013,1133247,99860,99282,2274,101556,1025
2021-11-05,Del Norte,015,27424,3700,3607,56,3663,42
2021-11-05,El Dorado,017,186661,16167,15958,1718,17676,156
2021-11-05,Fresno,019,978130,141453,139249,12359,151608,2170
2021-11-05,Glenn,021,27897,3517,3479,1003,4482,33
2021-11-05,Humboldt,023,135768,9169,8972,598,9570,109
2021-11-05,Imperial,025,180216,33928,33471,3314,36785,766
2021-11-05,Inyo,027,18085,2415,2353,58,2411,41
2021-11-05,Kern,029,883053,128768,126848,22826,149674,1684
2021-11-05,Kings,031,150075,32504,32018,2009,34027,342
2021-11-05,Lake,033,64148,6784,6695,151,6846,106
2021-11-05,Lassen,035,31185,6914,6796,404,7200,46
2021-11-05,Los Angeles,037,10098052,1442734,1433081,55237,1488318,26533
2021-11-05,Madera,039,155013,23477,22994,2150,25144,287
2021-11-05,Marin,041,260295,17638,17520,470,17990,247
2021-11-05,Mariposa,043,17540,1328,1282,48,1330,5
2021-11-05,Mendocino,045,87422,7620,7486,578,8064,85
2021-11-05,Merced,047,269075,42329,41958,1849,43807,604
2021-11-05,Modoc,049,8938,547,523,198,721,5
2021-11-05,Mono,051,14174,1732,1725,19,1744,4
2021-11-05,Monterey,053,433212,48102,47830,3767,51597,602
2021-11-05,Napa,055,140530,13082,12950,117,13067,103
2021-11-05,Nevada,057,99092,9338,9169,336,9505,91
2021-11-05,Orange,059,3164182,309002,306049,15399,321448,5611
2021-11-05,Placer,061,380077,37468,36967,3746,40713,438
2021-11-05,Plumas,063,18699,1827,1755,46,1801,7
2021-11-05,Riverside,065,2383286,363770,360584,16536,377120,5138
2021-11-05,Sacramento,067,1510023,160243,158766,4749,163515,2263
2021-11-05,San Benito,069,59416,7465,7429,177,7606,75
2021-11-05,San Bernardino,071,2135413,356239,353142,11373,364515,5813
2021-11-05,San Diego,073,3302833,376900,373423,21754,395177,4246
2021-11-05,San Francisco,075,870044,53132,52556,2635,55191,666
2021-11-05,San Joaquin,077,732212,100281,99372,5542,104914,1782
2021-11-05,San Luis Obispo,079,281455,29624,29335,1262,30597,350
2021-11-05,San Mateo,081,765935,53745,53442,1619,55061,574
2021-11-05,Santa Barbara,083,443738,45074,44301,1654,45955,532
2021-11-05,Santa Clara,085,1922200,147833,146519,1417,147936,1894
2021-11-05,Santa Cruz,087,273765,20523,20311,1046,21357,222
2021-11-05,Shasta,089,179085,21762,21281,3676,24957,349
2021-11-05,Sierra,091,2930,188,181,22,203,0
2021-11-05,Siskiyou,093,43540,3339,3279,1316,4595,48
2021-11-05,Solano,095,438530,46093,45465,1248,46713,350
2021-11-05,Sonoma,097,501317,41795,41398,531,41929,395
2021-11-05,Stanislaus,099,539301,79795,78902,9009,87911,1193
2021-11-05,Sutter,101,95872,14005,13908,357,14265,180
2021-11-05,Tehama,103,63373,8578,8474,1511,9985,120
2021-11-05,Trinity,105,12862,831,732,210,942,11
2021-11-05,Tulare,107,460477,68835,67767,15520,83287,1010
2021-11-05,Tuolumne,109,53932,7377,7245,100,7345,90
2021-11-05,Ventura,111,848112,98527,97770,4363,102133,1180
2021-11-05,Yolo,113,214977,19937,19827,1169,20996,255
2021-11-05,Yuba,115,75493,10201,10107,341,10448,83
2021-11-04,Alameda,001,1643700,120179,119499,2917,122416,1436
2021-11-04,Alpine,003,1148,106,105,0,105,0
2021-11-04,Amador,005,37829,5602,5557,60,5617,66
2021-11-04,Butte,007,227075,21106,20796,3826,24622,288
2021-11-04,Calaveras,009,45235,4143,4105,58,4163,82
2021-11-04,Colusa,011,21464,2528,2501,650,3151,19
2021-11-04,Contra Costa,013,1133247,99767,99282,2269,101551,1025
2021-11-04,Del Norte,015,27424,3697,3607,56,3663,42
2021-11-04,El Dorado,017,186661,16141,15958,1714,17672,156
2021-11-04,Fresno,019,978130,141175,139249,12352,151601,2170
2021-11-04,Glenn,021,27897,3512,3479,1002,4481,33
2021-11-04,Humboldt,023,135768,9144,8972,595,9567,109
2021-11-04,Imperial,025,180216,33869,33471,3305,36776,766
2021-11-04,Inyo,027,18085,2407,2353,58,2411,41
2021-11-04,Kern,029,883053,128535,126848,22761,149609,1684
2021-11-04,Kings,031,150075,32423,32018,2001,34019,342
2021-11-04,Lake,033,64148,6774,6695,149,6844,106
2021-11-04,Lassen,035,31185,6904,6796,399,7195,46
2021-11-04,Los Angeles,037,10098052,1441436,1433081,55153,1488234,26533
2021-11-04,Madera,039,155013,23422,22994,2139,25133,287
2021-11-04,Marin,041,260295,17626,17520,468,17988,247
2021-11-04,Mariposa,043,17540,1321,1282,48,1330,5
2021-11-04,Mendocino,045,87422,7607,7486,572,8058,85
2021-11-04,Merced,047,269075,42274,41958,1845,43803,604
2021-11-04,Modoc,049,8938,546,523,198,721,5
2021-11-04,Mono,051,14174,1729,1725,19,1744,4
2021-11-04,Monterey,053,433212,48067,47830,3743,51573,602
2021-11-04,Napa,055,140530,13061,12950,117,13067,103
2021-11-04,Nevada,057,99092,9307,9169,335,9504,91
2021-11-04,Orange,059,3164182,308754,306049,15381,321430,5611
2021-11-04,Placer,061,380077,37397,36967,3737,40704,438
2021-11-04,Plumas,063,18699,1819,1755,42,1797,7
2021-11-04,Riverside,065,2383286,363374,360584,16527,377111,5138
2021-11-04,Sacramento,067,1510023,160007,158766,4728,163494,2263
2021-11-04,San Benito,069,59416,7459,7429,177,7606,75
2021-11-04,San Bernardino,071,2135413,355807,353142,11366,364508,5813
2021-11-04,San Diego,073,3302833,376422,373423,21732,395155,4246
2021-11-04,San Francisco,075,870044,53055,52556,2631,55187,666
2021-11-04,San Joaquin,077,732212,100174,99372,5530,104902,1782
2021-11-04,San Luis Obispo,079,281455,29600,29335,1256,30591,350
2021-11-04,San Mateo,081,765935,53692,53442,1606,55048,574
2021-11-04,Santa Barbara,083,443738,45018,44301,1654,45955,532
2021-11-04,Santa Clara,085,1922200,147679,146519,1413,147932,1894
2021-11-04,Santa Cruz,087,273765,20488,20311,1046,21357,222
2021-11-04,Shasta,089,179085,21703,21281,3670,24951,349
2021-11-04,Sierra,091,2930,186,181,22,203,0
2021-11-04,Siskiyou,093,43540,3336,3279,1309,4588,48
2021-11-04,Solano,095,438530,46051,45465,1247,46712,350
2021-11-04,Sonoma,097,501317,41734,41398,531,41929,395
2021-11-04,Stanislaus,099,539301,79657,78902,9003,87905,1193
2021-11-04,Sutter,101,95872,13994,13908,355,14263,180
2021-11-04,Tehama,103,63373,8569,8474,1507,9981,120
2021-11-04,Trinity,105,12862,830,732,210,942,11
2021-11-04,Tulare,107,460477,68719,67767,15473,83240,1010
2021-11-04,Tuolumne,109,53932,7355,7245,98,7343,90
2021-11-04,Ventura,111,848112,98437,97770,4358,102128,1180
2021-11-04,Yolo,113,214977,19911,19827,1163,20990,255
2021-11-04,Yuba,115,75493,10187,10107,339,10446,83
2021-11-03,Alameda,001,1643700,120042,119356,2914,122270,1428
2021-11-03,Alpine,003,1148,106,105,0,105,0
2021-11-03,Amador,005,37829,5596,5545,59,5604,66
2021-11-03,Butte,007,227075,21061,20769,3817,24586,284
2021-11-03,Calaveras,009,45235,4125,4087,57,4144,82
2021-11-03,Colusa,011,21464,2522,2499,650,3149,20
2021-11-03,Contra Costa,013,1133247,99668,99168,2264,101432,1025
2021-11-03,Del Norte,015,27424,3695,3600,55,3655,42
2021-11-03,El Dorado,017,186661,16115,15915,1711,17626,156
2021-11-03,Fresno,019,978130,140812,138873,12334,151207,2166
2021-11-03,Glenn,021,27897,3508,3470,1002,4472,33
2021-11-03,Humboldt,023,135768,9126,8949,590,9539,109
2021-11-03,Imperial,025,180216,33799,33402,3295,36697,766
2021-11-03,Inyo,027,18085,2387,2344,58,2402,41
2021-11-03,Kern,029,883053,128273,126523,22667,149190,1681
2021-11-03,Kings,031,150075,32368,31923,1993,33916,341
2021-11-03,Lake,033,64148,6758,6685,149,6834,106
2021-11-03,Lassen,035,31185,6888,6782,393,7175,46
2021-11-03,Los Angeles,037,10098052,1440090,1431209,55067,1486276,26517
2021-11-03,Madera,039,155013,23355,22893,2131,25024,287
2021-11-03,Marin,041,260295,17605,17491,464,17955,247
2021-11-03,Mariposa,043,17540,1311,1276,48,1324,5
2021-11-03,Mendocino,045,87422,7591,7457,564,8021,84
2021-11-03,Merced,047,269075,42212,41849,1835,43684,597
2021-11-03,Modoc,049,8938,546,521,196,717,5
2021-11-03,Mono,051,14174,1726,1719,19,1738,4
2021-11-03,Monterey,053,433212,48025,47794,3722,51516,601
2021-11-03,Napa,055,140530,13049,12937,116,13053,103
2021-11-03,Nevada,057,99092,9280,9131,334,9465,91
2021-11-03,Orange,059,3164182,308445,305661,15348,321009,5607
2021-11-03,Placer,061,380077,37327,36868,3732,40600,438
2021-11-03,Plumas,063,18699,1808,1739,41,1780,7
2021-11-03,Riverside,065,2383286,362915,360060,16523,376583,5131
2021-11-03,Sacramento,067,1510023,159781,158311,4717,163028,2259
2021-11-03,San Benito,069,59416,7451,7419,177,7596,75
2021-11-03,San Bernardino,071,2135413,355336,352225,11346,363571,5813
2021-11-03,San Diego,073,3302833,375912,372951,21706,394657,4241
2021-11-03,San Francisco,075,870044,52961,52493,2625,55118,663
2021-11-03,San Joaquin,077,732212,100062,99188,5519,104707,1776
2021-11-03,San Luis Obispo,079,281455,29558,29276,1250,30526,348
2021-11-03,San Mateo,081,765935,53632,53396,1595,54991,571
2021-11-03,Santa Barbara,083,443738,44962,44220,1651,45871,531
2021-11-03,Santa Clara,085,1922200,147511,146259,1406,147665,1897
2021-11-03,Santa Cruz,087,273765,20453,20275,1046,21321,222
2021-11-03,Shasta,089,179085,21645,21215,3663,24878,346
2021-11-03,Sierra,091,2930,184,180,22,202,0
2021-11-03,Siskiyou,093,43540,3332,3276,1307,4583,46
2021-11-03,Solano,095,438530,46025,45411,1245,46656,351
2021-11-03,Sonoma,097,501317,41657,41326,529,41855,395
2021-11-03,Stanislaus,099,539301,79527,78736,8988,87724,1193
2021-11-03,Sutter,101,95872,13981,13876,353,14229,179
2021-11-03,Tehama,103,63373,8558,8438,1507,9945,118
2021-11-03,Trinity,105,12862,829,730,210,940,11
2021-11-03,Tulare,107,460477,68593,67588,15430,83018,1007
2021-11-03,Tuolumne,109,53932,7338,7218,96,7314,90
2021-11-03,Ventura,111,848112,98319,97682,4354,102036,1178
2021-11-03,Yolo,113,214977,19895,19758,1155,20913,250
2021-11-03,Yuba,115,75493,10175,10092,339,10431,83
2021-11-02,Alameda,001,1643700,119905,119241,2908,122149,1425
2021-11-02,Alpine,003,1148,105,105,0,105,0
2021-11-02,Amador,005,37829,5591,5535,59,5594,66
2021-11-02,Butte,007,227075,21017,20744,3806,24550,282
2021-11-02,Calaveras,009,45235,4103,4075,56,4131,82
2021-11-02,Colusa,011,21464,2517,2497,649,3146,19
2021-11-02,Contra Costa,013,1133247,99566,99080,2251,101331,1025
2021-11-02,Del Norte,015,27424,3693,3596,55,3651,42
2021-11-02,El Dorado,017,186661,16087,15883,1711,17594,154
2021-11-02,Fresno,019,978130,140490,138644,12306,150950,2158
2021-11-02,Glenn,021,27897,3500,3469,999,4468,33
2021-11-02,Humboldt,023,135768,9088,8937,586,9523,109
2021-11-02,Imperial,025,180216,33726,33371,3283,36654,766
2021-11-02,Inyo,027,18085,2380,2324,58,2382,41
2021-11-02,Kern,029,883053,128018,126311,22548,148859,1665
2021-11-02,Kings,031,150075,32309,31896,1988,33884,339
2021-11-02,Lake,033,64148,6753,6681,148,6829,106
2021-11-02,Lassen,035,31185,6876,6777,390,7167,45
2021-11-02,Los Angeles,037,10098052,1438641,1429601,54990,1484591,26496
2021-11-02,Madera,039,155013,23273,22837,2120,24957,287
2021-11-02,Marin,041,260295,17577,17482,464,17946,247
2021-11-02,Mariposa,043,17540,1300,1270,47,1317,5
2021-11-02,Mendocino,045,87422,7567,7447,552,7999,84
2021-11-02,Merced,047,269075,42145,41785,1827,43612,596
2021-11-02,Modoc,049,8938,543,520,195,715,5
2021-11-02,Mono,051,14174,1723,1718,19,1737,4
2021-11-02,Monterey,053,433212,47981,47775,3696,51471,599
2021-11-02,Napa,055,140530,13031,12930,116,13046,104
2021-11-02,Nevada,057,99092,9250,9122,333,9455,91
2021-11-02,Orange,059,3164182,308134,305369,15302,320671,5600
2021-11-02,Placer,061,380077,37255,36817,3717,40534,438
2021-11-02,Plumas,063,18699,1797,1721,41,1762,7
2021-11-02,Riverside,065,2383286,362463,359586,16503,376089,5116
2021-11-02,Sacramento,067,1510023,159525,158112,4695,162807,2250
2021-11-02,San Benito,069,59416,7434,7407,177,7584,75
2021-11-02,San Bernardino,071,2135413,354863,351832,11292,363124,5813
2021-11-02,San Diego,073,3302833,375322,372440,21673,394113,4232
2021-11-02,San Francisco,075,870044,52843,52450,2620,55070,663
2021-11-02,San Joaquin,077,732212,99927,99076,5507,104583,1772
2021-11-02,San Luis Obispo,079,281455,29525,29224,1247,30471,348
2021-11-02,San Mateo,081,765935,53570,53351,1582,54933,571
2021-11-02,Santa Barbara,083,443738,44906,44177,1647,45824,531
2021-11-02,Santa Clara,085,1922200,147319,146115,1399,147514,1896
2021-11-02,Santa Cruz,087,273765,20420,20266,1045,21311,222
2021-11-02,Shasta,089,179085,21571,21127,3652,24779,344
2021-11-02,Sierra,091,2930,184,180,21,201,0
2021-11-02,Siskiyou,093,43540,3330,3272,1304,4576,46
2021-11-02,Solano,095,438530,45988,45378,1240,46618,350
2021-11-02,Sonoma,097,501317,41579,41288,528,41816,395
2021-11-02,Stanislaus,099,539301,79373,78629,8968,87597,1193
2021-11-02,Sutter,101,95872,13960,13868,353,14221,179
2021-11-02,Tehama,103,63373,8545,8422,1505,9927,116
2021-11-02,Trinity,105,12862,829,729,210,939,11
2021-11-02,Tulare,107,460477,68469,67502,15379,82881,1002
2021-11-02,Tuolumne,109,53932,7317,7204,94,7298,90
2021-11-02,Ventura,111,848112,98203,97574,4350,101924,1178
2021-11-02,Yolo,113,214977,19864,19736,1153,20889,250
2021-11-02,Yuba,115,75493,10152,10080,337,10417,83
2021-11-01,Alameda,001,1643700,119772,119159,2906,122065,1421
2021-11-01,Alpine,003,1148,105,105,0,105,0
2021-11-01,Amador,005,37829,5589,5532,59,5591,64
2021-11-01,Butte,007,227075,20967,20710,3801,24511,281
2021-11-01,Calaveras,009,45235,4093,4059,55,4114,82
2021-11-01,Colusa,011,21464,2515,2494,646,3140,19
2021-11-01,Contra Costa,013,1133247,99444,99011,2239,101250,1025
2021-11-01,Del Norte,015,27424,3691,3594,55,3649,42
2021-11-01,El Dorado,017,186661,16063,15858,1705,17563,154
2021-11-01,Fresno,019,978130,140115,138421,12277,150698,2149
2021-11-01,Glenn,021,27897,3493,3461,997,4458,33
2021-11-01,Humboldt,023,135768,9060,8929,581,9510,108
2021-11-01,Imperial,025,180216,33675,33342,3274,36616,766
2021-11-01,Inyo,027,18085,2368,2307,58,2365,41
2021-11-01,Kern,029,883053,127719,126092,22437,148529,1660
2021-11-01,Kings,031,150075,32257,31866,1986,33852,337
2021-11-01,Lake,033,64148,6742,6676,147,6823,106
2021-11-01,Lassen,035,31185,6861,6775,387,7162,42
2021-11-01,Los Angeles,037,10098052,1437268,1428891,54898,1483789,26483
2021-11-01,Madera,039,155013,23194,22801,2116,24917,283
2021-11-01,Marin,041,260295,17557,17460,463,17923,247
2021-11-01,Mariposa,043,17540,1292,1266,46,1312,5
2021-11-01,Mendocino,045,87422,7533,7422,534,7956,84
2021-11-01,Merced,047,269075,42058,41740,1824,43564,594
2021-11-01,Modoc,049,8938,538,520,193,713,5
2021-11-01,Mono,051,14174,1718,1714,19,1733,3
2021-11-01,Monterey,053,433212,47945,47756,3678,51434,597
2021-11-01,Napa,055,140530,13004,12916,115,13031,101
2021-11-01,Nevada,057,99092,9227,9108,332,9440,91
2021-11-01,Orange,059,3164182,307803,305192,15260,320452,5596
2021-11-01,Placer,061,380077,37172,36747,3705,40452,435
2021-11-01,Plumas,063,18699,1780,1719,39,1758,7
2021-11-01,Riverside,065,2383286,361962,359263,16481,375744,5115
2021-11-01,Sacramento,067,1510023,159253,157893,4670,162563,2239
2021-11-01,San Benito,069,59416,7424,7406,176,7582,73
2021-11-01,San Bernardino,071,2135413,354378,351620,11272,362892,5815
2021-11-01,San Diego,073,3302833,374740,372043,21651,393694,4232
2021-11-01,San Francisco,075,870044,52761,52418,2608,55026,661
2021-11-01,San Joaquin,077,732212,99764,98969,5500,104469,1772
2021-11-01,San Luis Obispo,079,281455,29481,29199,1243,30442,343
2021-11-01,San Mateo,081,765935,53508,53314,1576,54890,571
2021-11-01,Santa Barbara,083,443738,44840,44146,1643,45789,529
2021-11-01,Santa Clara,085,1922200,147122,145978,1394,147372,1907
2021-11-01,Santa Cruz,087,273765,20385,20238,1045,21283,221
2021-11-01,Shasta,089,179085,21518,21104,3645,24749,338
2021-11-01,Sierra,091,2930,184,180,21,201,0
2021-11-01,Siskiyou,093,43540,3323,3272,1299,4571,46
2021-11-01,Solano,095,438530,45940,45358,1240,46598,350
2021-11-01,Sonoma,097,501317,41506,41234,528,41762,395
2021-11-01,Stanislaus,099,539301,79245,78534,8953,87487,1193
2021-11-01,Sutter,101,95872,13936,13852,351,14203,179
2021-11-01,Tehama,103,63373,8517,8412,1504,9916,116
2021-11-01,Trinity,105,12862,827,727,210,937,11
2021-11-01,Tulare,107,460477,68326,67388,15327,82715,1002
2021-11-01,Tuolumne,109,53932,7301,7175,93,7268,90
2021-11-01,Ventura,111,848112,98122,97507,4344,101851,1178
2021-11-01,Yolo,113,214977,19844,19708,1146,20854,250
2021-11-01,Yuba,115,75493,10134,10066,334,10400,83
2021-10-31,Alameda,001,1643700,119633,119071,2903,121974,1419
2021-10-31,Alpine,003,1148,105,105,0,105,0
2021-10-31,Amador,005,37829,5578,5518,59,5577,64
2021-10-31,Butte,007,227075,20906,20689,3792,24481,281
2021-10-31,Calaveras,009,45235,4075,4052,54,4106,82
2021-10-31,Colusa,011,21464,2513,2493,643,3136,18
2021-10-31,Contra Costa,013,1133247,99319,98936,2236,101172,1025
2021-10-31,Del Norte,015,27424,3685,3591,55,3646,42
2021-10-31,El Dorado,017,186661,16017,15841,1702,17543,154
2021-10-31,Fresno,019,978130,139709,138165,12246,150411,2147
2021-10-31,Glenn,021,27897,3488,3459,997,4456,33
2021-10-31,Humboldt,023,135768,9014,8919,574,9493,108
2021-10-31,Imperial,025,180216,33599,33334,3262,36596,766
2021-10-31,Inyo,027,18085,2349,2309,58,2367,41
2021-10-31,Kern,029,883053,127352,125917,22315,148232,1666
2021-10-31,Kings,031,150075,32170,31814,1973,33787,338
2021-10-31,Lake,033,64148,6731,6665,147,6812,106
2021-10-31,Lassen,035,31185,6846,6768,382,7150,42
2021-10-31,Los Angeles,037,10098052,1435738,1427933,54810,1482743,26474
2021-10-31,Madera,039,155013,23099,22744,2103,24847,283
2021-10-31,Marin,041,260295,17529,17443,462,17905,247
2021-10-31,Mariposa,043,17540,1286,1257,45,1302,5
2021-10-31,Mendocino,045,87422,7491,7403,517,7920,84
2021-10-31,Merced,047,269075,41964,41699,1804,43503,589
2021-10-31,Modoc,049,8938,532,517,190,707,5
2021-10-31,Mono,051,14174,1715,1711,19,1730,3
2021-10-31,Monterey,053,433212,47911,47744,3653,51397,596
2021-10-31,Napa,055,140530,12987,12906,113,13019,101
2021-10-31,Nevada,057,99092,9190,9084,327,9411,91
2021-10-31,Orange,059,3164182,307460,305032,15179,320211,5596
2021-10-31,Placer,061,380077,37075,36698,3691,40389,435
2021-10-31,Plumas,063,18699,1763,1716,38,1754,7
2021-10-31,Riverside,065,2383286,361385,359005,16467,375472,5104
2021-10-31,Sacramento,067,1510023,158905,157667,4655,162322,2243
2021-10-31,San Benito,069,59416,7415,7397,172,7569,73
2021-10-31,San Bernardino,071,2135413,353847,351411,11259,362670,5810
2021-10-31,San Diego,073,3302833,374167,371603,21618,393221,4218
2021-10-31,San Francisco,075,870044,52655,52370,2600,54970,661
2021-10-31,San Joaquin,077,732212,99601,98893,5486,104379,1772
2021-10-31,San Luis Obispo,079,281455,29430,29176,1242,30418,343
2021-10-31,San Mateo,081,765935,53457,53284,1568,54852,571
2021-10-31,Santa Barbara,083,443738,44772,44113,1638,45751,529
2021-10-31,Santa Clara,085,1922200,146910,145829,1380,147209,1908
2021-10-31,Santa Cruz,087,273765,20350,20218,1044,21262,221
2021-10-31,Shasta,089,179085,21435,21086,3633,24719,338
2021-10-31,Sierra,091,2930,184,180,21,201,0
2021-10-31,Siskiyou,093,43540,3317,3271,1298,4569,46
2021-10-31,Solano,095,438530,45893,45310,1234,46544,350
2021-10-31,Sonoma,097,501317,41437,41183,525,41708,395
2021-10-31,Stanislaus,099,539301,79055,78426,8938,87364,1193
2021-10-31,Sutter,101,95872,13917,13838,348,14186,179
2021-10-31,Tehama,103,63373,8486,8391,1500,9891,116
2021-10-31,Trinity,105,12862,827,724,210,934,11
2021-10-31,Tulare,107,460477,68130,67310,15236,82546,1002
2021-10-31,Tuolumne,109,53932,7272,7141,92,7233,90
2021-10-31,Ventura,111,848112,98004,97460,4339,101799,1178
2021-10-31,Yolo,113,214977,19803,19662,1140,20802,250
2021-10-31,Yuba,115,75493,10116,10051,324,10375,83
2021-10-30,Alameda,001,1643700,119576,118632,2900,121532,1419
2021-10-30,Alpine,003,1148,105,105,0,105,0
2021-10-30,Amador,005,37829,5569,5480,59,5539,64
2021-10-30,Butte,007,227075,20891,20516,3786,24302,277
2021-10-30,Calaveras,009,45235,4068,3992,54,4046,82
2021-10-30,Colusa,011,21464,2513,2484,642,3126,19
2021-10-30,Contra Costa,013,1133247,99258,98562,2235,100797,1024
2021-10-30,Del Norte,015,27424,3682,3574,55,3629,42
2021-10-30,El Dorado,017,186661,16001,15752,1697,17449,154
2021-10-30,Fresno,019,978130,139566,136901,12241,149142,2131
2021-10-30,Glenn,021,27897,3484,3442,997,4439,33
2021-10-30,Humboldt,023,135768,8999,8871,572,9443,105
2021-10-30,Imperial,025,180216,33555,33156,3258,36414,766
2021-10-30,Inyo,027,18085,2346,2249,58,2307,41
2021-10-30,Kern,029,883053,127200,124892,22243,147135,1653
2021-10-30,Kings,031,150075,32133,31578,1969,33547,337
2021-10-30,Lake,033,64148,6726,6610,147,6757,106
2021-10-30,Lassen,035,31185,6840,6719,380,7099,42
2021-10-30,Los Angeles,037,10098052,1435018,1424257,54756,1479013,26625
2021-10-30,Madera,039,155013,23055,22524,2098,24622,283
2021-10-30,Marin,041,260295,17514,17380,460,17840,247
2021-10-30,Mariposa,043,17540,1283,1228,45,1273,5
2021-10-30,Mendocino,045,87422,7469,7338,515,7853,84
2021-10-30,Merced,047,269075,41924,41428,1802,43230,586
2021-10-30,Modoc,049,8938,531,513,188,701,5
2021-10-30,Mono,051,14174,1715,1684,19,1703,3
2021-10-30,Monterey,053,433212,47899,47649,3642,51291,588
2021-10-30,Napa,055,140530,12974,12863,112,12975,101
2021-10-30,Nevada,057,99092,9171,9015,327,9342,91
2021-10-30,Orange,059,3164182,307284,304120,15160,319280,5588
2021-10-30,Placer,061,380077,37029,36400,3685,40085,434
2021-10-30,Plumas,063,18699,1758,1695,38,1733,7
2021-10-30,Riverside,065,2383286,361085,357645,16458,374103,5088
2021-10-30,Sacramento,067,1510023,158749,157125,4645,161770,2233
2021-10-30,San Benito,069,59416,7408,7362,172,7534,71
2021-10-30,San Bernardino,071,2135413,353571,350076,11244,361320,5777
2021-10-30,San Diego,073,3302833,373797,370006,21594,391600,4213
2021-10-30,San Francisco,075,870044,52626,52161,2598,54759,661
2021-10-30,San Joaquin,077,732212,99546,98314,5485,103799,1768
2021-10-30,San Luis Obispo,079,281455,29398,29053,1239,30292,341
2021-10-30,San Mateo,081,765935,53424,53083,1563,54646,571
2021-10-30,Santa Barbara,083,443738,44737,43972,1637,45609,528
2021-10-30,Santa Clara,085,1922200,146805,145262,1376,146638,1903
2021-10-30,Santa Cruz,087,273765,20332,20134,1042,21176,221
2021-10-30,Shasta,089,179085,21390,20878,3627,24505,332
2021-10-30,Sierra,091,2930,184,175,21,196,0
2021-10-30,Siskiyou,093,43540,3316,3257,1295,4552,46
2021-10-30,Solano,095,438530,45872,45146,1233,46379,346
2021-10-30,Sonoma,097,501317,41398,40924,525,41449,393
2021-10-30,Stanislaus,099,539301,78986,77871,8931,86802,1191
2021-10-30,Sutter,101,95872,13904,13773,348,14121,178
2021-10-30,Tehama,103,63373,8475,8307,1495,9802,114
2021-10-30,Trinity,105,12862,825,708,209,917,11
2021-10-30,Tulare,107,460477,68062,66745,15188,81933,995
2021-10-30,Tuolumne,109,53932,7248,7050,91,7141,90
2021-10-30,Ventura,111,848112,97960,97182,4338,101520,1174
2021-10-30,Yolo,113,214977,19783,19568,1138,20706,250
2021-10-30,Yuba,115,75493,10106,9969,324,10293,82
2021-10-29,Alameda,001,1643700,119500,118632,2896,121528,1419
2021-10-29,Alpine,003,1148,105,105,0,105,0
2021-10-29,Amador,005,37829,5558,5480,59,5539,64
2021-10-29,Butte,007,227075,20867,20516,3776,24292,277
2021-10-29,Calaveras,009,45235,4061,3992,54,4046,82
2021-10-29,Colusa,011,21464,2513,2484,640,3124,19
2021-10-29,Contra Costa,013,1133247,99192,98562,2233,100795,1024
2021-10-29,Del Norte,015,27424,3675,3574,55,3629,42
2021-10-29,El Dorado,017,186661,15987,15752,1697,17449,154
2021-10-29,Fresno,019,978130,139352,136901,12230,149131,2131
2021-10-29,Glenn,021,27897,3482,3442,996,4438,33
2021-10-29,Humboldt,023,135768,8994,8871,571,9442,105
2021-10-29,Imperial,025,180216,33528,33156,3255,36411,766
2021-10-29,Inyo,027,18085,2343,2249,58,2307,41
2021-10-29,Kern,029,883053,127023,124892,22154,147046,1653
2021-10-29,Kings,031,150075,32098,31578,1967,33545,337
2021-10-29,Lake,033,64148,6717,6610,145,6755,106
2021-10-29,Lassen,035,31185,6831,6719,377,7096,42
2021-10-29,Los Angeles,037,10098052,1434176,1424257,54713,1478970,26625
2021-10-29,Madera,039,155013,23003,22524,2093,24617,283
2021-10-29,Marin,041,260295,17498,17380,459,17839,247
2021-10-29,Mariposa,043,17540,1279,1228,45,1273,5
2021-10-29,Mendocino,045,87422,7461,7338,515,7853,84
2021-10-29,Merced,047,269075,41874,41428,1796,43224,586
2021-10-29,Modoc,049,8938,529,513,187,700,5
2021-10-29,Mono,051,14174,1712,1684,19,1703,3
2021-10-29,Monterey,053,433212,47883,47649,3634,51283,588
2021-10-29,Napa,055,140530,12953,12863,112,12975,101
2021-10-29,Nevada,057,99092,9159,9015,327,9342,91
2021-10-29,Orange,059,3164182,307059,304120,15143,319263,5588
2021-10-29,Placer,061,380077,36993,36400,3674,40074,434
2021-10-29,Plumas,063,18699,1752,1695,38,1733,7
2021-10-29,Riverside,065,2383286,360750,357645,16453,374098,5088
2021-10-29,Sacramento,067,1510023,158561,157125,4636,161761,2233
2021-10-29,San Benito,069,59416,7405,7362,172,7534,71
2021-10-29,San Bernardino,071,2135413,353275,350076,11235,361311,5777
2021-10-29,San Diego,073,3302833,373422,370006,21563,391569,4213
2021-10-29,San Francisco,075,870044,52568,52161,2591,54752,661
2021-10-29,San Joaquin,077,732212,99489,98314,5480,103794,1768
2021-10-29,San Luis Obispo,079,281455,29372,29053,1237,30290,341
2021-10-29,San Mateo,081,765935,53386,53083,1557,54640,571
2021-10-29,Santa Barbara,083,443738,44697,43972,1634,45606,528
2021-10-29,Santa Clara,085,1922200,146691,145262,1368,146630,1903
2021-10-29,Santa Cruz,087,273765,20325,20134,1041,21175,221
2021-10-29,Shasta,089,179085,21351,20878,3621,24499,332
2021-10-29,Sierra,091,2930,182,175,21,196,0
2021-10-29,Siskiyou,093,43540,3316,3257,1294,4551,46
2021-10-29,Solano,095,438530,45837,45146,1232,46378,346
2021-10-29,Sonoma,097,501317,41377,40924,525,41449,393
2021-10-29,Stanislaus,099,539301,78901,77871,8920,86791,1191
2021-10-29,Sutter,101,95872,13885,13773,348,14121,178
2021-10-29,Tehama,103,63373,8462,8307,1494,9801,114
2021-10-29,Trinity,105,12862,824,708,209,917,11
2021-10-29,Tulare,107,460477,67962,66745,15142,81887,995
2021-10-29,Tuolumne,109,53932,7235,7050,91,7141,90
2021-10-29,Ventura,111,848112,97906,97182,4336,101518,1174
2021-10-29,Yolo,113,214977,19765,19568,1134,20702,250
2021-10-29,Yuba,115,75493,10098,9969,320,10289,82
2021-10-28,Alameda,001,1643700,119377,118632,2889,121521,1419
2021-10-28,Alpine,003,1148,105,105,0,105,0
2021-10-28,Amador,005,37829,5545,5480,59,5539,64
2021-10-28,Butte,007,227075,20827,20516,3767,24283,277
2021-10-28,Calaveras,009,45235,4048,3992,54,4046,82
2021-10-28,Colusa,011,21464,2510,2484,639,3123,19
2021-10-28,Contra Costa,013,1133247,99063,98562,2226,100788,1024
2021-10-28,Del Norte,015,27424,3674,3574,55,3629,42
2021-10-28,El Dorado,017,186661,15961,15752,1694,17446,154
2021-10-28,Fresno,019,978130,139024,136901,12202,149103,2131
2021-10-28,Glenn,021,27897,3478,3442,993,4435,33
2021-10-28,Humboldt,023,135768,8978,8871,566,9437,105
2021-10-28,Imperial,025,180216,33463,33156,3249,36405,766
2021-10-28,Inyo,027,18085,2326,2249,58,2307,41
2021-10-28,Kern,029,883053,126779,124892,22039,146931,1653
2021-10-28,Kings,031,150075,32030,31578,1962,33540,337
2021-10-28,Lake,033,64148,6707,6610,145,6755,106
2021-10-28,Lassen,035,31185,6821,6719,373,7092,42
2021-10-28,Los Angeles,037,10098052,1433047,1424257,54638,1478895,26625
2021-10-28,Madera,039,155013,22949,22524,2082,24606,283
2021-10-28,Marin,041,260295,17480,17380,458,17838,247
2021-10-28,Mariposa,043,17540,1275,1228,45,1273,5
2021-10-28,Mendocino,045,87422,7448,7338,504,7842,84
2021-10-28,Merced,047,269075,41789,41428,1785,43213,586
2021-10-28,Modoc,049,8938,528,513,187,700,5
2021-10-28,Mono,051,14174,1707,1684,19,1703,3
2021-10-28,Monterey,053,433212,47861,47649,3609,51258,588
2021-10-28,Napa,055,140530,12944,12863,111,12974,101
2021-10-28,Nevada,057,99092,9141,9015,327,9342,91
2021-10-28,Orange,059,3164182,306773,304120,15079,319199,5588
2021-10-28,Placer,061,380077,36914,36400,3665,40065,434
2021-10-28,Plumas,063,18699,1744,1695,38,1733,7
2021-10-28,Riverside,065,2383286,360312,357645,16429,374074,5088
2021-10-28,Sacramento,067,1510023,158295,157125,4624,161749,2233
2021-10-28,San Benito,069,59416,7397,7362,172,7534,71
2021-10-28,San Bernardino,071,2135413,352861,350076,11213,361289,5777
2021-10-28,San Diego,073,3302833,372949,370006,21540,391546,4213
2021-10-28,San Francisco,075,870044,52523,52161,2584,54745,661
2021-10-28,San Joaquin,077,732212,99361,98314,5479,103793,1768
2021-10-28,San Luis Obispo,079,281455,29343,29053,1234,30287,341
2021-10-28,San Mateo,081,765935,53346,53083,1551,54634,571
2021-10-28,Santa Barbara,083,443738,44658,43972,1632,45604,528
2021-10-28,Santa Clara,085,1922200,146534,145262,1362,146624,1903
2021-10-28,Santa Cruz,087,273765,20301,20134,1041,21175,221
2021-10-28,Shasta,089,179085,21275,20878,3614,24492,332
2021-10-28,Sierra,091,2930,181,175,21,196,0
2021-10-28,Siskiyou,093,43540,3315,3257,1294,4551,46
2021-10-28,Solano,095,438530,45797,45146,1231,46377,346
2021-10-28,Sonoma,097,501317,41309,40924,524,41448,393
2021-10-28,Stanislaus,099,539301,78749,77871,8904,86775,1191
2021-10-28,Sutter,101,95872,13872,13773,344,14117,178
2021-10-28,Tehama,103,63373,8424,8307,1491,9798,114
2021-10-28,Trinity,105,12862,821,708,209,917,11
2021-10-28,Tulare,107,460477,67825,66745,15085,81830,995
2021-10-28,Tuolumne,109,53932,7204,7050,91,7141,90
2021-10-28,Ventura,111,848112,97814,97182,4334,101516,1174
2021-10-28,Yolo,113,214977,19728,19568,1129,20697,250
2021-10-28,Yuba,115,75493,10069,9969,317,10286,82
2021-10-27,Alameda,001,1643700,119258,118487,2885,121372,1414
2021-10-27,Alpine,003,1148,105,105,0,105,0
2021-10-27,Amador,005,37829,5533,5470,58,5528,64
2021-10-27,Butte,007,227075,20783,20446,3753,24199,274
2021-10-27,Calaveras,009,45235,4031,3970,53,4023,82
2021-10-27,Colusa,011,21464,2509,2480,638,3118,18
2021-10-27,Contra Costa,013,1133247,98957,98442,2214,100656,1018
2021-10-27,Del Norte,015,27424,3667,3571,54,3625,42
2021-10-27,El Dorado,017,186661,15930,15723,1689,17412,154
2021-10-27,Fresno,019,978130,138644,136447,12173,148620,2128
2021-10-27,Glenn,021,27897,3472,3435,992,4427,33
2021-10-27,Humboldt,023,135768,8959,8851,563,9414,105
2021-10-27,Imperial,025,180216,33424,33068,3244,36312,766
2021-10-27,Inyo,027,18085,2306,2236,58,2294,41
2021-10-27,Kern,029,883053,126510,124557,21939,146496,1647
2021-10-27,Kings,031,150075,31963,31437,1957,33394,335
2021-10-27,Lake,033,64148,6680,6589,145,6734,105
2021-10-27,Lassen,035,31185,6807,6706,371,7077,42
2021-10-27,Los Angeles,037,10098052,1431813,1422615,54579,1477194,26604
2021-10-27,Madera,039,155013,22863,22413,2059,24472,283
2021-10-27,Marin,041,260295,17465,17362,458,17820,247
2021-10-27,Mariposa,043,17540,1262,1228,45,1273,5
2021-10-27,Mendocino,045,87422,7435,7321,497,7818,84
2021-10-27,Merced,047,269075,41692,41310,1771,43081,583
2021-10-27,Modoc,049,8938,524,513,187,700,5
2021-10-27,Mono,051,14174,1704,1682,19,1701,3
2021-10-27,Monterey,053,433212,47828,47610,3582,51192,588
2021-10-27,Napa,055,140530,12929,12856,110,12966,101
2021-10-27,Nevada,057,99092,9124,8987,326,9313,90
2021-10-27,Orange,059,3164182,306461,303825,15028,318853,5584
2021-10-27,Placer,061,380077,36848,36296,3658,39954,434
2021-10-27,Plumas,063,18699,1736,1686,38,1724,7
2021-10-27,Riverside,065,2383286,359884,357152,16421,373573,5081
2021-10-27,Sacramento,067,1510023,158025,156830,4603,161433,2230
2021-10-27,San Benito,069,59416,7391,7337,172,7509,71
2021-10-27,San Bernardino,071,2135413,352439,349624,11191,360815,5770
2021-10-27,San Diego,073,3302833,372375,369579,21514,391093,4207
2021-10-27,San Francisco,075,870044,52472,52108,2579,54687,655
2021-10-27,San Joaquin,077,732212,99202,98168,5463,103631,1753
2021-10-27,San Luis Obispo,079,281455,29303,29002,1232,30234,341
2021-10-27,San Mateo,081,765935,53293,53032,1540,54572,571
2021-10-27,Santa Barbara,083,443738,44605,43901,1629,45530,527
2021-10-27,Santa Clara,085,1922200,146357,145081,1354,146435,1902
2021-10-27,Santa Cruz,087,273765,20274,20091,1039,21130,221
2021-10-27,Shasta,089,179085,21201,20813,3606,24419,331
2021-10-27,Sierra,091,2930,180,176,21,197,0
2021-10-27,Siskiyou,093,43540,3312,3256,1290,4546,46
2021-10-27,Solano,095,438530,45754,45089,1223,46312,346
2021-10-27,Sonoma,097,501317,41234,40829,522,41351,393
2021-10-27,Stanislaus,099,539301,78589,77687,8890,86577,1191
2021-10-27,Sutter,101,95872,13858,13754,344,14098,177
2021-10-27,Tehama,103,63373,8402,8265,1490,9755,113
2021-10-27,Trinity,105,12862,821,706,208,914,11
2021-10-27,Tulare,107,460477,67671,66568,15028,81596,991
2021-10-27,Tuolumne,109,53932,7177,7009,90,7099,90
2021-10-27,Ventura,111,848112,97724,97108,4330,101438,1172
2021-10-27,Yolo,113,214977,19699,19517,1122,20639,250
2021-10-27,Yuba,115,75493,10048,9945,315,10260,82
2021-10-26,Alameda,001,1643700,119125,118360,2880,121240,1407
2021-10-26,Alpine,003,1148,105,105,0,105,0
2021-10-26,Amador,005,37829,5525,5465,57,5522,64
2021-10-26,Butte,007,227075,20725,20387,3736,24123,274
2021-10-26,Calaveras,009,45235,4020,3966,53,4019,81
2021-10-26,Colusa,011,21464,2507,2478,637,3115,18
2021-10-26,Contra Costa,013,1133247,98836,98352,2204,100556,1017
2021-10-26,Del Norte,015,27424,3662,3563,54,3617,42
2021-10-26,El Dorado,017,186661,15902,15690,1680,17370,153
2021-10-26,Fresno,019,978130,138202,136211,12138,148349,2122
2021-10-26,Glenn,021,27897,3457,3431,989,4420,33
2021-10-26,Humboldt,023,135768,8941,8830,557,9387,105
2021-10-26,Imperial,025,180216,33358,33012,3239,36251,766
2021-10-26,Inyo,027,18085,2291,2200,58,2258,41
2021-10-26,Kern,029,883053,126167,124351,21818,146169,1645
2021-10-26,Kings,031,150075,31900,31382,1950,33332,336
2021-10-26,Lake,033,64148,6670,6584,143,6727,105
2021-10-26,Lassen,035,31185,6787,6689,369,7058,42
2021-10-26,Los Angeles,037,10098052,1430473,1421795,54506,1476301,26599
2021-10-26,Madera,039,155013,22773,22363,2048,24411,283
2021-10-26,Marin,041,260295,17448,17354,457,17811,244
2021-10-26,Mariposa,043,17540,1257,1225,44,1269,5
2021-10-26,Mendocino,045,87422,7406,7308,480,7788,83
2021-10-26,Merced,047,269075,41614,41267,1764,43031,583
2021-10-26,Modoc,049,8938,524,513,187,700,5
2021-10-26,Mono,051,14174,1695,1680,19,1699,3
2021-10-26,Monterey,053,433212,47795,47572,3567,51139,588
2021-10-26,Napa,055,140530,12917,12849,110,12959,101
2021-10-26,Nevada,057,99092,9092,8971,325,9296,90
2021-10-26,Orange,059,3164182,306191,303533,14989,318522,5580
2021-10-26,Placer,061,380077,36751,36245,3652,39897,434
2021-10-26,Plumas,063,18699,1727,1645,38,1683,7
2021-10-26,Riverside,065,2383286,359398,356775,16411,373186,5068
2021-10-26,Sacramento,067,1510023,157720,156643,4586,161229,2228
2021-10-26,San Benito,069,59416,7368,7325,172,7497,71
2021-10-26,San Bernardino,071,2135413,352016,349346,11176,360522,5764
2021-10-26,San Diego,073,3302833,371856,369043,21484,390527,4198
2021-10-26,San Francisco,075,870044,52396,52063,2576,54639,655
2021-10-26,San Joaquin,077,732212,99026,98036,5448,103484,1748
2021-10-26,San Luis Obispo,079,281455,29265,28928,1226,30154,337
2021-10-26,San Mateo,081,765935,53229,52974,1530,54504,571
2021-10-26,Santa Barbara,083,443738,44560,43835,1628,45463,525
2021-10-26,Santa Clara,085,1922200,146160,144932,1348,146280,1903
2021-10-26,Santa Cruz,087,273765,20243,20067,1038,21105,221
2021-10-26,Shasta,089,179085,21141,20725,3588,24313,330
2021-10-26,Sierra,091,2930,180,169,21,190,0
2021-10-26,Siskiyou,093,43540,3306,3254,1288,4542,46
2021-10-26,Solano,095,438530,45697,45044,1223,46267,344
2021-10-26,Sonoma,097,501317,41152,40794,520,41314,393
2021-10-26,Stanislaus,099,539301,78414,77552,8866,86418,1157
2021-10-26,Sutter,101,95872,13828,13739,343,14082,176
2021-10-26,Tehama,103,63373,8374,8247,1484,9731,112
2021-10-26,Trinity,105,12862,817,705,208,913,11
2021-10-26,Tulare,107,460477,67517,66476,14969,81445,991
2021-10-26,Tuolumne,109,53932,7152,6995,88,7083,90
2021-10-26,Ventura,111,848112,97617,97014,4325,101339,1170
2021-10-26,Yolo,113,214977,19671,19490,1119,20609,248
2021-10-26,Yuba,115,75493,10030,9927,310,10237,82
2021-10-25,Alameda,001,1643700,118981,118319,2877,121196,1404
2021-10-25,Alpine,003,1148,105,105,0,105,0
2021-10-25,Amador,005,37829,5511,5455,57,5512,64
2021-10-25,Butte,007,227075,20651,20331,3728,24059,273
2021-10-25,Calaveras,009,45235,3990,3942,52,3994,82
2021-10-25,Colusa,011,21464,2505,2471,635,3106,18
2021-10-25,Contra Costa,013,1133247,98722,98267,2199,100466,1017
2021-10-25,Del Norte,015,27424,3655,3562,54,3616,42
2021-10-25,El Dorado,017,186661,15867,15663,1678,17341,149
2021-10-25,Fresno,019,978130,137767,135974,12098,148072,2112
2021-10-25,Glenn,021,27897,3455,3421,988,4409,33
2021-10-25,Humboldt,023,135768,8917,8825,552,9377,105
2021-10-25,Imperial,025,180216,33296,32968,3228,36196,766
2021-10-25,Inyo,027,18085,2273,2183,58,2241,41
2021-10-25,Kern,029,883053,125817,124078,21678,145756,1649
2021-10-25,Kings,031,150075,31812,31329,1941,33270,335
2021-10-25,Lake,033,64148,6657,6571,143,6714,105
2021-10-25,Lassen,035,31185,6776,6688,367,7055,42
2021-10-25,Los Angeles,037,10098052,1429113,1421061,54439,1475500,26579
2021-10-25,Madera,039,155013,22719,22325,2040,24365,281
2021-10-25,Marin,041,260295,17426,17334,455,17789,244
2021-10-25,Mariposa,043,17540,1243,1220,44,1264,5
2021-10-25,Mendocino,045,87422,7376,7296,476,7772,82
2021-10-25,Merced,047,269075,41547,41207,1737,42944,583
2021-10-25,Modoc,049,8938,522,512,185,697,5
2021-10-25,Mono,051,14174,1679,1677,19,1696,3
2021-10-25,Monterey,053,433212,47768,47547,3563,51110,587
2021-10-25,Napa,055,140530,12904,12841,110,12951,100
2021-10-25,Nevada,057,99092,9066,8958,325,9283,90
2021-10-25,Orange,059,3164182,305893,303279,14951,318230,5574
2021-10-25,Placer,061,380077,36644,36153,3641,39794,431
2021-10-25,Plumas,063,18699,1715,1641,38,1679,7
2021-10-25,Riverside,065,2383286,358973,356381,16396,372777,5056
2021-10-25,Sacramento,067,1510023,157417,156516,4559,161075,2235
2021-10-25,San Benito,069,59416,7354,7314,171,7485,71
2021-10-25,San Bernardino,071,2135413,351520,349075,11163,360238,5748
2021-10-25,San Diego,073,3302833,371275,368386,21454,389840,4196
2021-10-25,San Francisco,075,870044,52324,52041,2568,54609,649
2021-10-25,San Joaquin,077,732212,98824,97980,5439,103419,1740
2021-10-25,San Luis Obispo,079,281455,29217,28907,1221,30128,336
2021-10-25,San Mateo,081,765935,53177,52927,1518,54445,571
2021-10-25,Santa Barbara,083,443738,44503,43775,1628,45403,525
2021-10-25,Santa Clara,085,1922200,145971,144895,1342,146237,1901
2021-10-25,Santa Cruz,087,273765,20214,20053,1037,21090,221
2021-10-25,Shasta,089,179085,21069,20666,3581,24247,326
2021-10-25,Sierra,091,2930,180,168,21,189,0
2021-10-25,Siskiyou,093,43540,3302,3248,1283,4531,46
2021-10-25,Solano,095,438530,45645,45022,1221,46243,344
2021-10-25,Sonoma,097,501317,41079,40746,518,41264,393
2021-10-25,Stanislaus,099,539301,78223,77452,8836,86288,1145
2021-10-25,Sutter,101,95872,13815,13721,340,14061,176
2021-10-25,Tehama,103,63373,8347,8224,1479,9703,111
2021-10-25,Trinity,105,12862,812,699,207,906,11
2021-10-25,Tulare,107,460477,67327,66357,14906,81263,986
2021-10-25,Tuolumne,109,53932,7118,6952,87,7039,90
2021-10-25,Ventura,111,848112,97519,96932,4321,101253,1167
2021-10-25,Yolo,113,214977,19622,19457,1116,20573,248
2021-10-25,Yuba,115,75493,10014,9924,306,10230,82
2021-10-24,Alameda,001,1643700,118851,117816,2872,120688,1397
2021-10-24,Alpine,003,1148,105,105,0,105,0
2021-10-24,Amador,005,37829,5506,5412,57,5469,64
2021-10-24,Butte,007,227075,20582,20101,3716,23817,273
2021-10-24,Calaveras,009,45235,3971,3865,51,3916,81
2021-10-24,Colusa,011,21464,2501,2458,632,3090,18
2021-10-24,Contra Costa,013,1133247,98607,97855,2189,100044,1008
2021-10-24,Del Norte,015,27424,3651,3540,54,3594,42
2021-10-24,El Dorado,017,186661,15832,15540,1674,17214,149
2021-10-24,Fresno,019,978130,137339,134466,12061,146527,2094
2021-10-24,Glenn,021,27897,3444,3399,986,4385,33
2021-10-24,Humboldt,023,135768,8902,8753,546,9299,105
2021-10-24,Imperial,025,180216,33218,32777,3221,35998,766
2021-10-24,Inyo,027,18085,2241,2108,58,2166,41
2021-10-24,Kern,029,883053,125487,122939,21558,144497,1636
2021-10-24,Kings,031,150075,31683,30942,1925,32867,325
2021-10-24,Lake,033,64148,6634,6501,143,6644,105
2021-10-24,Lassen,035,31185,6759,6632,366,6998,27
2021-10-24,Los Angeles,037,10098052,1427674,1415919,54371,1470290,26527
2021-10-24,Madera,039,155013,22642,22062,2027,24089,281
2021-10-24,Marin,041,260295,17410,17264,454,17718,244
2021-10-24,Mariposa,043,17540,1240,1184,44,1228,5
2021-10-24,Mendocino,045,87422,7352,7220,465,7685,82
2021-10-24,Merced,047,269075,41425,40808,1732,42540,581
2021-10-24,Modoc,049,8938,521,507,185,692,5
2021-10-24,Mono,051,14174,1676,1655,19,1674,3
2021-10-24,Monterey,053,433212,47727,47456,3545,51001,586
2021-10-24,Napa,055,140530,12893,12789,110,12899,100
2021-10-24,Nevada,057,99092,9043,8861,322,9183,90
2021-10-24,Orange,059,3164182,305547,302237,14914,317151,5546
2021-10-24,Placer,061,380077,36540,35822,3627,39449,426
2021-10-24,Plumas,063,18699,1705,1623,37,1660,7
2021-10-24,Riverside,065,2383286,358499,354688,16376,371064,5041
2021-10-24,Sacramento,067,1510023,157074,155125,4535,159660,2232
2021-10-24,San Benito,069,59416,7334,7280,171,7451,71
2021-10-24,San Bernardino,071,2135413,350975,347681,11151,358832,5688
2021-10-24,San Diego,073,3302833,370673,366085,21420,387505,4183
2021-10-24,San Francisco,075,870044,52262,51820,2561,54381,649
2021-10-24,San Joaquin,077,732212,98651,97440,5433,102873,1721
2021-10-24,San Luis Obispo,079,281455,29157,28755,1214,29969,333
2021-10-24,San Mateo,081,765935,53111,52719,1512,54231,571
2021-10-24,Santa Barbara,083,443738,44439,43552,1626,45178,523
2021-10-24,Santa Clara,085,1922200,145783,144276,1331,145607,1897
2021-10-24,Santa Cruz,087,273765,20176,19967,1036,21003,221
2021-10-24,Shasta,089,179085,20969,20386,3575,23961,321
2021-10-24,Sierra,091,2930,180,168,21,189,0
2021-10-24,Siskiyou,093,43540,3296,3231,1278,4509,46
2021-10-24,Solano,095,438530,45596,44861,1219,46080,341
2021-10-24,Sonoma,097,501317,40997,40476,518,40994,393
2021-10-24,Stanislaus,099,539301,78033,76812,8824,85636,1145
2021-10-24,Sutter,101,95872,13788,13616,332,13948,175
2021-10-24,Tehama,103,63373,8299,8105,1468,9573,110
2021-10-24,Trinity,105,12862,808,696,204,900,11
2021-10-24,Tulare,107,460477,67157,65585,14833,80418,978
2021-10-24,Tuolumne,109,53932,7077,6840,85,6925,90
2021-10-24,Ventura,111,848112,97417,96664,4318,100982,1167
2021-10-24,Yolo,113,214977,19571,19280,1113,20393,248
2021-10-24,Yuba,115,75493,9989,9838,304,10142,82
2021-10-23,Alameda,001,1643700,118763,117816,2867,120683,1397
2021-10-23,Alpine,003,1148,105,105,0,105,0
2021-10-23,Amador,005,37829,5499,5412,57,5469,64
2021-10-23,Butte,007,227075,20548,20101,3707,23808,273
2021-10-23,Calaveras,009,45235,3964,3865,50,3915,81
2021-10-23,Colusa,011,21464,2499,2458,631,3089,18
2021-10-23,Contra Costa,013,1133247,98555,97855,2185,100040,1008
2021-10-23,Del Norte,015,27424,3649,3540,54,3594,42
2021-10-23,El Dorado,017,186661,15806,15540,1672,17212,149
2021-10-23,Fresno,019,978130,137164,134466,12053,146519,2094
2021-10-23,Glenn,021,27897,3441,3399,985,4384,33
2021-10-23,Humboldt,023,135768,8887,8753,541,9294,105
2021-10-23,Imperial,025,180216,33171,32777,3217,35994,766
2021-10-23,Inyo,027,18085,2230,2108,58,2166,41
2021-10-23,Kern,029,883053,125328,122939,21468,144407,1636
2021-10-23,Kings,031,150075,31637,30942,1923,32865,325
2021-10-23,Lake,033,64148,6629,6501,143,6644,105
2021-10-23,Lassen,035,31185,6756,6632,364,6996,27
2021-10-23,Los Angeles,037,10098052,1427003,1415919,54316,1470235,26527
2021-10-23,Madera,039,155013,22593,22062,2018,24080,281
2021-10-23,Marin,041,260295,17393,17264,453,17717,244
2021-10-23,Mariposa,043,17540,1237,1184,43,1227,5
2021-10-23,Mendocino,045,87422,7347,7220,464,7684,82
2021-10-23,Merced,047,269075,41384,40808,1730,42538,581
2021-10-23,Modoc,049,8938,519,507,185,692,5
2021-10-23,Mono,051,14174,1675,1655,19,1674,3
2021-10-23,Monterey,053,433212,47711,47456,3539,50995,586
2021-10-23,Napa,055,140530,12888,12789,110,12899,100
2021-10-23,Nevada,057,99092,9032,8861,320,9181,90
2021-10-23,Orange,059,3164182,305360,302237,14897,317134,5546
2021-10-23,Placer,061,380077,36478,35822,3621,39443,426
2021-10-23,Plumas,063,18699,1704,1623,37,1660,7
2021-10-23,Riverside,065,2383286,358179,354688,16369,371057,5041
2021-10-23,Sacramento,067,1510023,156945,155125,4527,159652,2232
2021-10-23,San Benito,069,59416,7324,7280,171,7451,71
2021-10-23,San Bernardino,071,2135413,350711,347681,11145,358826,5688
2021-10-23,San Diego,073,3302833,370315,366085,21389,387474,4183
2021-10-23,San Francisco,075,870044,52229,51820,2558,54378,649
2021-10-23,San Joaquin,077,732212,98584,97440,5424,102864,1721
2021-10-23,San Luis Obispo,079,281455,29120,28755,1212,29967,333
2021-10-23,San Mateo,081,765935,53081,52719,1502,54221,571
2021-10-23,Santa Barbara,083,443738,44408,43552,1624,45176,523
2021-10-23,Santa Clara,085,1922200,145674,144276,1327,145603,1897
2021-10-23,Santa Cruz,087,273765,20164,19967,1036,21003,221
2021-10-23,Shasta,089,179085,20933,20386,3563,23949,321
2021-10-23,Sierra,091,2930,179,168,21,189,0
2021-10-23,Siskiyou,093,43540,3294,3231,1278,4509,46
2021-10-23,Solano,095,438530,45571,44861,1216,46077,341
2021-10-23,Sonoma,097,501317,40957,40476,518,40994,393
2021-10-23,Stanislaus,099,539301,77944,76812,8805,85617,1145
2021-10-23,Sutter,101,95872,13783,13616,331,13947,175
2021-10-23,Tehama,103,63373,8287,8105,1467,9572,110
2021-10-23,Trinity,105,12862,807,696,204,900,11
2021-10-23,Tulare,107,460477,67069,65585,14773,80358,978
2021-10-23,Tuolumne,109,53932,7057,6840,85,6925,90
2021-10-23,Ventura,111,848112,97359,96664,4317,100981,1167
2021-10-23,Yolo,113,214977,19553,19280,1110,20390,248
2021-10-23,Yuba,115,75493,9981,9838,304,10142,82
2021-10-22,Alameda,001,1643700,118678,117816,2863,120679,1397
2021-10-22,Alpine,003,1148,105,105,0,105,0
2021-10-22,Amador,005,37829,5488,5412,57,5469,64
2021-10-22,Butte,007,227075,20516,20101,3703,23804,273
2021-10-22,Calaveras,009,45235,3956,3865,50,3915,81
2021-10-22,Colusa,011,21464,2496,2458,631,3089,18
2021-10-22,Contra Costa,013,1133247,98464,97855,2183,100038,1008
2021-10-22,Del Norte,015,27424,3645,3540,54,3594,42
2021-10-22,El Dorado,017,186661,15793,15540,1670,17210,149
2021-10-22,Fresno,019,978130,136951,134466,12048,146514,2094
2021-10-22,Glenn,021,27897,3430,3399,985,4384,33
2021-10-22,Humboldt,023,135768,8874,8753,540,9293,105
2021-10-22,Imperial,025,180216,33128,32777,3217,35994,766
2021-10-22,Inyo,027,18085,2217,2108,58,2166,41
2021-10-22,Kern,029,883053,125141,122939,21395,144334,1636
2021-10-22,Kings,031,150075,31602,30942,1922,32864,325
2021-10-22,Lake,033,64148,6619,6501,143,6644,105
2021-10-22,Lassen,035,31185,6749,6632,361,6993,27
2021-10-22,Los Angeles,037,10098052,1426254,1415919,54257,1470176,26527
2021-10-22,Madera,039,155013,22544,22062,2005,24067,281
2021-10-22,Marin,041,260295,17381,17264,453,17717,244
2021-10-22,Mariposa,043,17540,1234,1184,43,1227,5
2021-10-22,Mendocino,045,87422,7333,7220,463,7683,82
2021-10-22,Merced,047,269075,41345,40808,1725,42533,581
2021-10-22,Modoc,049,8938,519,507,185,692,5
2021-10-22,Mono,051,14174,1675,1655,19,1674,3
2021-10-22,Monterey,053,433212,47689,47456,3525,50981,586
2021-10-22,Napa,055,140530,12882,12789,110,12899,100
2021-10-22,Nevada,057,99092,9015,8861,319,9180,90
2021-10-22,Orange,059,3164182,305143,302237,14871,317108,5546
2021-10-22,Placer,061,380077,36450,35822,3612,39434,426
2021-10-22,Plumas,063,18699,1698,1623,37,1660,7
2021-10-22,Riverside,065,2383286,357868,354688,16364,371052,5041
2021-10-22,Sacramento,067,1510023,156758,155125,4517,159642,2232
2021-10-22,San Benito,069,59416,7319,7280,171,7451,71
2021-10-22,San Bernardino,071,2135413,350385,347681,11131,358812,5688
2021-10-22,San Diego,073,3302833,369903,366085,21370,387455,4183
2021-10-22,San Francisco,075,870044,52197,51820,2551,54371,649
2021-10-22,San Joaquin,077,732212,98525,97440,5421,102861,1721
2021-10-22,San Luis Obispo,079,281455,29090,28755,1212,29967,333
2021-10-22,San Mateo,081,765935,53036,52719,1490,54209,571
2021-10-22,Santa Barbara,083,443738,44368,43552,1624,45176,523
2021-10-22,Santa Clara,085,1922200,145519,144276,1319,145595,1897
2021-10-22,Santa Cruz,087,273765,20142,19967,1036,21003,221
2021-10-22,Shasta,089,179085,20901,20386,3560,23946,321
2021-10-22,Sierra,091,2930,178,168,20,188,0
2021-10-22,Siskiyou,093,43540,3292,3231,1275,4506,46
2021-10-22,Solano,095,438530,45536,44861,1212,46073,341
2021-10-22,Sonoma,097,501317,40900,40476,518,40994,393
2021-10-22,Stanislaus,099,539301,77841,76812,8786,85598,1145
2021-10-22,Sutter,101,95872,13768,13616,331,13947,175
2021-10-22,Tehama,103,63373,8266,8105,1462,9567,110
2021-10-22,Trinity,105,12862,806,696,204,900,11
2021-10-22,Tulare,107,460477,66986,65585,14718,80303,978
2021-10-22,Tuolumne,109,53932,7022,6840,85,6925,90
2021-10-22,Ventura,111,848112,97307,96664,4310,100974,1167
2021-10-22,Yolo,113,214977,19526,19280,1108,20388,248
2021-10-22,Yuba,115,75493,9967,9838,302,10140,82
2021-10-21,Alameda,001,1643700,118564,117816,2858,120674,1397
2021-10-21,Alpine,003,1148,105,105,0,105,0
2021-10-21,Amador,005,37829,5480,5412,57,5469,64
2021-10-21,Butte,007,227075,20433,20101,3690,23791,273
2021-10-21,Calaveras,009,45235,3937,3865,50,3915,81
2021-10-21,Colusa,011,21464,2492,2458,624,3082,18
2021-10-21,Contra Costa,013,1133247,98350,97855,2177,100032,1008
2021-10-21,Del Norte,015,27424,3639,3540,53,3593,42
2021-10-21,El Dorado,017,186661,15765,15540,1663,17203,149
2021-10-21,Fresno,019,978130,136603,134466,12011,146477,2094
2021-10-21,Glenn,021,27897,3426,3399,981,4380,33
2021-10-21,Humboldt,023,135768,8859,8753,536,9289,105
2021-10-21,Imperial,025,180216,33073,32777,3213,35990,766
2021-10-21,Inyo,027,18085,2195,2108,58,2166,41
2021-10-21,Kern,029,883053,124894,122939,21283,144222,1636
2021-10-21,Kings,031,150075,31503,30942,1916,32858,325
2021-10-21,Lake,033,64148,6606,6501,143,6644,105
2021-10-21,Lassen,035,31185,6736,6632,357,6989,27
2021-10-21,Los Angeles,037,10098052,1425144,1415919,54207,1470126,26527
2021-10-21,Madera,039,155013,22486,22062,1995,24057,281
2021-10-21,Marin,041,260295,17363,17264,453,17717,244
2021-10-21,Mariposa,043,17540,1228,1184,42,1226,5
2021-10-21,Mendocino,045,87422,7315,7220,455,7675,82
2021-10-21,Merced,047,269075,41243,40808,1718,42526,581
2021-10-21,Modoc,049,8938,519,507,185,692,5
2021-10-21,Mono,051,14174,1667,1655,19,1674,3
2021-10-21,Monterey,053,433212,47662,47456,3506,50962,586
2021-10-21,Napa,055,140530,12870,12789,110,12899,100
2021-10-21,Nevada,057,99092,8990,8861,319,9180,90
2021-10-21,Orange,059,3164182,304867,302237,14837,317074,5546
2021-10-21,Placer,061,380077,36362,35822,3599,39421,426
2021-10-21,Plumas,063,18699,1684,1623,37,1660,7
2021-10-21,Riverside,065,2383286,357424,354688,16352,371040,5041
2021-10-21,Sacramento,067,1510023,156438,155125,4492,159617,2232
2021-10-21,San Benito,069,59416,7312,7280,169,7449,71
2021-10-21,San Bernardino,071,2135413,350007,347681,11096,358777,5688
2021-10-21,San Diego,073,3302833,369381,366085,21337,387422,4183
2021-10-21,San Francisco,075,870044,52142,51820,2550,54370,649
2021-10-21,San Joaquin,077,732212,98386,97440,5414,102854,1721
2021-10-21,San Luis Obispo,079,281455,29048,28755,1210,29965,333
2021-10-21,San Mateo,081,765935,52993,52719,1487,54206,571
2021-10-21,Santa Barbara,083,443738,44303,43552,1622,45174,523
2021-10-21,Santa Clara,085,1922200,145346,144276,1315,145591,1897
2021-10-21,Santa Cruz,087,273765,20118,19967,1034,21001,221
2021-10-21,Shasta,089,179085,20839,20386,3545,23931,321
2021-10-21,Sierra,091,2930,177,168,19,187,0
2021-10-21,Siskiyou,093,43540,3287,3231,1273,4504,46
2021-10-21,Solano,095,438530,45485,44861,1211,46072,341
2021-10-21,Sonoma,097,501317,40831,40476,516,40992,393
2021-10-21,Stanislaus,099,539301,77672,76812,8775,85587,1145
2021-10-21,Sutter,101,95872,13740,13616,327,13943,175
2021-10-21,Tehama,103,63373,8238,8105,1455,9560,110
2021-10-21,Trinity,105,12862,804,696,204,900,11
2021-10-21,Tulare,107,460477,66799,65585,14645,80230,978
2021-10-21,Tuolumne,109,53932,6985,6840,84,6924,90
2021-10-21,Ventura,111,848112,97215,96664,4309,100973,1167
2021-10-21,Yolo,113,214977,19481,19280,1106,20386,248
2021-10-21,Yuba,115,75493,9943,9838,301,10139,82
2021-10-20,Alameda,001,1643700,118444,117654,2856,120510,1390
2021-10-20,Alpine,003,1148,105,103,0,103,0
2021-10-20,Amador,005,37829,5472,5379,57,5436,64
2021-10-20,Butte,007,227075,20379,20021,3675,23696,270
2021-10-20,Calaveras,009,45235,3916,3844,49,3893,81
2021-10-20,Colusa,011,21464,2488,2454,622,3076,18
2021-10-20,Contra Costa,013,1133247,98240,97721,2171,99892,1008
2021-10-20,Del Norte,015,27424,3635,3536,53,3589,42
2021-10-20,El Dorado,017,186661,15735,15502,1659,17161,149
2021-10-20,Fresno,019,978130,136205,134025,11987,146012,2084
2021-10-20,Glenn,021,27897,3419,3382,979,4361,33
2021-10-20,Humboldt,023,135768,8837,8727,534,9261,105
2021-10-20,Imperial,025,180216,32999,32705,3204,35909,766
2021-10-20,Inyo,027,18085,2175,2077,57,2134,40
2021-10-20,Kern,029,883053,124601,122630,21162,143792,1623
2021-10-20,Kings,031,150075,31428,30805,1906,32711,322
2021-10-20,Lake,033,64148,6584,6475,143,6618,104
2021-10-20,Lassen,035,31185,6721,6622,357,6979,27
2021-10-20,Los Angeles,037,10098052,1424037,1414931,54128,1469059,26506
2021-10-20,Madera,039,155013,22416,21983,1986,23969,281
2021-10-20,Marin,041,260295,17342,17250,451,17701,244
2021-10-20,Mariposa,043,17540,1221,1174,42,1216,5
2021-10-20,Mendocino,045,87422,7288,7189,452,7641,82
2021-10-20,Merced,047,269075,41156,40685,1707,42392,581
2021-10-20,Modoc,049,8938,519,504,185,689,5
2021-10-20,Mono,051,14174,1666,1653,19,1672,3
2021-10-20,Monterey,053,433212,47639,47430,3492,50922,587
2021-10-20,Napa,055,140530,12857,12773,109,12882,100
2021-10-20,Nevada,057,99092,8962,8836,319,9155,90
2021-10-20,Orange,059,3164182,304587,301957,14816,316773,5534
2021-10-20,Placer,061,380077,36273,35729,3590,39319,425
2021-10-20,Plumas,063,18699,1677,1604,37,1641,7
2021-10-20,Riverside,065,2383286,356981,354311,16334,370645,5030
2021-10-20,Sacramento,067,1510023,156139,154822,4468,159290,2222
2021-10-20,San Benito,069,59416,7309,7275,167,7442,71
2021-10-20,San Bernardino,071,2135413,349611,347217,11065,358282,5663
2021-10-20,San Diego,073,3302833,368869,365698,21313,387011,4178
2021-10-20,San Francisco,075,870044,52096,51755,2545,54300,646
2021-10-20,San Joaquin,077,732212,98239,97246,5406,102652,1721
2021-10-20,San Luis Obispo,079,281455,29004,28727,1206,29933,332
2021-10-20,San Mateo,081,765935,52931,52663,1469,54132,571
2021-10-20,Santa Barbara,083,443738,44243,43489,1621,45110,523
2021-10-20,Santa Clara,085,1922200,145210,144124,1310,145434,1896
2021-10-20,Santa Cruz,087,273765,20105,19951,1034,20985,219
2021-10-20,Shasta,089,179085,20778,20313,3518,23831,320
2021-10-20,Sierra,091,2930,177,168,19,187,0
2021-10-20,Siskiyou,093,43540,3287,3224,1267,4491,46
2021-10-20,Solano,095,438530,45453,44819,1209,46028,341
2021-10-20,Sonoma,097,501317,40785,40404,516,40920,393
2021-10-20,Stanislaus,099,539301,77522,76631,8756,85387,1145
2021-10-20,Sutter,101,95872,13716,13592,321,13913,175
2021-10-20,Tehama,103,63373,8207,8081,1444,9525,110
2021-10-20,Trinity,105,12862,804,693,203,896,11
2021-10-20,Tulare,107,460477,66625,65413,14600,80013,967
2021-10-20,Tuolumne,109,53932,6964,6803,84,6887,89
2021-10-20,Ventura,111,848112,97125,96610,4306,100916,1166
2021-10-20,Yolo,113,214977,19437,19236,1104,20340,248
2021-10-20,Yuba,115,75493,9926,9808,298,10106,82
2021-10-19,Alameda,001,1643700,118333,117542,2850,120392,1383
2021-10-19,Alpine,003,1148,105,103,0,103,0
2021-10-19,Amador,005,37829,5456,5367,57,5424,64
2021-10-19,Butte,007,227075,20325,19974,3667,23641,268
2021-10-19,Calaveras,009,45235,3899,3826,48,3874,80
2021-10-19,Colusa,011,21464,2485,2447,620,3067,18
2021-10-19,Contra Costa,013,1133247,98150,97613,2165,99778,1004
2021-10-19,Del Norte,015,27424,3628,3531,53,3584,42
2021-10-19,El Dorado,017,186661,15710,15478,1654,17132,149
2021-10-19,Fresno,019,978130,135848,133813,11952,145765,2073
2021-10-19,Glenn,021,27897,3418,3380,975,4355,33
2021-10-19,Humboldt,023,135768,8813,8714,528,9242,105
2021-10-19,Imperial,025,180216,32931,32632,3200,35832,764
2021-10-19,Inyo,027,18085,2144,2045,57,2102,40
2021-10-19,Kern,029,883053,124282,122391,21038,143429,1613
2021-10-19,Kings,031,150075,31333,30757,1899,32656,322
2021-10-19,Lake,033,64148,6580,6465,143,6608,104
2021-10-19,Lassen,035,31185,6715,6612,352,6964,27
2021-10-19,Los Angeles,037,10098052,1422802,1413882,54050,1467932,26473
2021-10-19,Madera,039,155013,22353,21950,1978,23928,281
2021-10-19,Marin,041,260295,17328,17241,448,17689,244
2021-10-19,Mariposa,043,17540,1215,1171,40,1211,5
2021-10-19,Mendocino,045,87422,7273,7172,449,7621,82
2021-10-19,Merced,047,269075,41040,40628,1687,42315,580
2021-10-19,Modoc,049,8938,517,502,185,687,5
2021-10-19,Mono,051,14174,1660,1651,19,1670,3
2021-10-19,Monterey,053,433212,47610,47412,3472,50884,583
2021-10-19,Napa,055,140530,12850,12769,109,12878,100
2021-10-19,Nevada,057,99092,8941,8829,318,9147,90
2021-10-19,Orange,059,3164182,304334,301700,14786,316486,5527
2021-10-19,Placer,061,380077,36152,35663,3575,39238,422
2021-10-19,Plumas,063,18699,1659,1586,37,1623,8
2021-10-19,Riverside,065,2383286,356560,353891,16326,370217,5020
2021-10-19,Sacramento,067,1510023,155831,154570,4442,159012,2227
2021-10-19,San Benito,069,59416,7293,7264,167,7431,71
2021-10-19,San Bernardino,071,2135413,349215,346814,11035,357849,5627
2021-10-19,San Diego,073,3302833,368278,365285,21280,386565,4170
2021-10-19,San Francisco,075,870044,52036,51704,2542,54246,645
2021-10-19,San Joaquin,077,732212,98073,97105,5394,102499,1721
2021-10-19,San Luis Obispo,079,281455,28957,28670,1203,29873,332
2021-10-19,San Mateo,081,765935,52879,52617,1461,54078,571
2021-10-19,Santa Barbara,083,443738,44176,43413,1619,45032,522
2021-10-19,Santa Clara,085,1922200,145037,143989,1301,145290,1898
2021-10-19,Santa Cruz,087,273765,20081,19895,1032,20927,218
2021-10-19,Shasta,089,179085,20701,20209,3510,23719,319
2021-10-19,Sierra,091,2930,174,168,19,187,0
2021-10-19,Siskiyou,093,43540,3283,3216,1262,4478,46
2021-10-19,Solano,095,438530,45410,44782,1205,45987,341
2021-10-19,Sonoma,097,501317,40711,40379,515,40894,392
2021-10-19,Stanislaus,099,539301,77383,76526,8742,85268,1145
2021-10-19,Sutter,101,95872,13692,13569,320,13889,174
2021-10-19,Tehama,103,63373,8177,8057,1428,9485,108
2021-10-19,Trinity,105,12862,797,691,203,894,11
2021-10-19,Tulare,107,460477,66442,65253,14532,79785,958
2021-10-19,Tuolumne,109,53932,6936,6782,83,6865,89
2021-10-19,Ventura,111,848112,97045,96539,4302,100841,1166
2021-10-19,Yolo,113,214977,19394,19206,1099,20305,248
2021-10-19,Yuba,115,75493,9908,9796,297,10093,82
2021-10-18,Alameda,001,1643700,118199,117506,2841,120347,1381
2021-10-18,Alpine,003,1148,105,103,0,103,0
2021-10-18,Amador,005,37829,5445,5345,57,5402,64
2021-10-18,Butte,007,227075,20275,19921,3659,23580,265
2021-10-18,Calaveras,009,45235,3874,3819,47,3866,80
2021-10-18,Colusa,011,21464,2484,2444,618,3062,18
2021-10-18,Contra Costa,013,1133247,98039,97585,2161,99746,995
2021-10-18,Del Norte,015,27424,3621,3529,53,3582,41
2021-10-18,El Dorado,017,186661,15679,15452,1651,17103,149
2021-10-18,Fresno,019,978130,135453,133688,11917,145605,2063
2021-10-18,Glenn,021,27897,3412,3370,969,4339,32
2021-10-18,Humboldt,023,135768,8795,8699,519,9218,104
2021-10-18,Imperial,025,180216,32840,32558,3200,35758,764
2021-10-18,Inyo,027,18085,2126,2020,57,2077,40
2021-10-18,Kern,029,883053,123981,122231,20941,143172,1605
2021-10-18,Kings,031,150075,31217,30698,1886,32584,320
2021-10-18,Lake,033,64148,6561,6455,141,6596,104
2021-10-18,Lassen,035,31185,6695,6607,349,6956,26
2021-10-18,Los Angeles,037,10098052,1421567,1413291,53971,1467262,26446
2021-10-18,Madera,039,155013,22299,21909,1966,23875,277
2021-10-18,Marin,041,260295,17308,17232,445,17677,244
2021-10-18,Mariposa,043,17540,1207,1160,40,1200,5
2021-10-18,Mendocino,045,87422,7254,7156,440,7596,82
2021-10-18,Merced,047,269075,40916,40573,1677,42250,579
2021-10-18,Modoc,049,8938,517,498,185,683,5
2021-10-18,Mono,051,14174,1649,1648,18,1666,3
2021-10-18,Monterey,053,433212,47593,47389,3462,50851,583
2021-10-18,Napa,055,140530,12835,12762,109,12871,100
2021-10-18,Nevada,057,99092,8922,8816,318,9134,90
2021-10-18,Orange,059,3164182,303996,301573,14752,316325,5524
2021-10-18,Placer,061,380077,36074,35598,3571,39169,420
2021-10-18,Plumas,063,18699,1651,1579,37,1616,6
2021-10-18,Riverside,065,2383286,356145,353699,16312,370011,5008
2021-10-18,Sacramento,067,1510023,155526,154428,4410,158838,2203
2021-10-18,San Benito,069,59416,7281,7253,167,7420,71
2021-10-18,San Bernardino,071,2135413,348796,346742,11021,357763,5606
2021-10-18,San Diego,073,3302833,367715,364948,21238,386186,4169
2021-10-18,San Francisco,075,870044,51974,51671,2535,54206,644
2021-10-18,San Joaquin,077,732212,97906,97041,5384,102425,1721
2021-10-18,San Luis Obispo,079,281455,28918,28644,1200,29844,331
2021-10-18,San Mateo,081,765935,52818,52594,1459,54053,571
2021-10-18,Santa Barbara,083,443738,44119,43386,1617,45003,522
2021-10-18,Santa Clara,085,1922200,144881,143891,1292,145183,1895
2021-10-18,Santa Cruz,087,273765,20067,19876,1030,20906,218
2021-10-18,Shasta,089,179085,20620,20146,3498,23644,313
2021-10-18,Sierra,091,2930,174,166,19,185,0
2021-10-18,Siskiyou,093,43540,3280,3210,1254,4464,42
2021-10-18,Solano,095,438530,45366,44758,1203,45961,339
2021-10-18,Sonoma,097,501317,40648,40349,511,40860,392
2021-10-18,Stanislaus,099,539301,77218,76466,8729,85195,1145
2021-10-18,Sutter,101,95872,13658,13557,318,13875,172
2021-10-18,Tehama,103,63373,8143,8042,1416,9458,107
2021-10-18,Trinity,105,12862,796,688,203,891,11
2021-10-18,Tulare,107,460477,66267,65171,14468,79639,958
2021-10-18,Tuolumne,109,53932,6907,6755,83,6838,89
2021-10-18,Ventura,111,848112,96953,96506,4300,100806,1165
2021-10-18,Yolo,113,214977,19357,19197,1096,20293,248
2021-10-18,Yuba,115,75493,9882,9782,294,10076,82
2021-10-17,Alameda,001,1643700,118051,117423,2836,120259,1376
2021-10-17,Alpine,003,1148,105,103,0,103,0
2021-10-17,Amador,005,37829,5422,5341,57,5398,64
2021-10-17,Butte,007,227075,20189,19897,3650,23547,265
2021-10-17,Calaveras,009,45235,3858,3805,47,3852,80
2021-10-17,Colusa,011,21464,2479,2442,611,3053,18
2021-10-17,Contra Costa,013,1133247,97916,97485,2150,99635,995
2021-10-17,Del Norte,015,27424,3616,3526,53,3579,41
2021-10-17,El Dorado,017,186661,15621,15438,1644,17082,149
2021-10-17,Fresno,019,978130,134987,133429,11886,145315,2063
2021-10-17,Glenn,021,27897,3396,3364,967,4331,32
2021-10-17,Humboldt,023,135768,8775,8690,516,9206,104
2021-10-17,Imperial,025,180216,32758,32520,3194,35714,764
2021-10-17,Inyo,027,18085,2098,2000,57,2057,40
2021-10-17,Kern,029,883053,123633,122085,20843,142928,1603
2021-10-17,Kings,031,150075,31103,30636,1877,32513,315
2021-10-17,Lake,033,64148,6545,6437,140,6577,104
2021-10-17,Lassen,035,31185,6683,6605,344,6949,26
2021-10-17,Los Angeles,037,10098052,1420232,1412371,53894,1466265,26443
2021-10-17,Madera,039,155013,22237,21869,1956,23825,277
2021-10-17,Marin,041,260295,17286,17211,445,17656,243
2021-10-17,Mariposa,043,17540,1200,1150,40,1190,5
2021-10-17,Mendocino,045,87422,7226,7148,434,7582,82
2021-10-17,Merced,047,269075,40789,40531,1663,42194,579
2021-10-17,Modoc,049,8938,514,498,183,681,5
2021-10-17,Mono,051,14174,1648,1640,17,1657,3
2021-10-17,Monterey,053,433212,47561,47369,3442,50811,583
2021-10-17,Napa,055,140530,12820,12753,106,12859,100
2021-10-17,Nevada,057,99092,8905,8794,317,9111,90
2021-10-17,Orange,059,3164182,303683,301414,14721,316135,5524
2021-10-17,Placer,061,380077,35973,35559,3556,39115,420
2021-10-17,Plumas,063,18699,1628,1571,34,1605,6
2021-10-17,Riverside,065,2383286,355662,353500,16299,369799,5008
2021-10-17,Sacramento,067,1510023,155125,154080,4391,158471,2213
2021-10-17,San Benito,069,59416,7272,7250,166,7416,71
2021-10-17,San Bernardino,071,2135413,348367,346524,11000,357524,5597
2021-10-17,San Diego,073,3302833,367108,364675,21209,385884,4163
2021-10-17,San Francisco,075,870044,51901,51625,2525,54150,644
2021-10-17,San Joaquin,077,732212,97733,96950,5375,102325,1721
2021-10-17,San Luis Obispo,079,281455,28867,28604,1192,29796,331
2021-10-17,San Mateo,081,765935,52775,52541,1447,53988,571
2021-10-17,Santa Barbara,083,443738,44057,43344,1616,44960,522
2021-10-17,Santa Clara,085,1922200,144706,143768,1282,145050,1895
2021-10-17,Santa Cruz,087,273765,20039,19861,1028,20889,218
2021-10-17,Shasta,089,179085,20530,20116,3488,23604,312
2021-10-17,Sierra,091,2930,172,165,19,184,0
2021-10-17,Siskiyou,093,43540,3272,3204,1251,4455,42
2021-10-17,Solano,095,438530,45309,44722,1202,45924,340
2021-10-17,Sonoma,097,501317,40572,40306,511,40817,392
2021-10-17,Stanislaus,099,539301,77020,76354,8716,85070,1145
2021-10-17,Sutter,101,95872,13641,13543,316,13859,172
2021-10-17,Tehama,103,63373,8111,8015,1399,9414,107
2021-10-17,Trinity,105,12862,793,686,202,888,11
2021-10-17,Tulare,107,460477,66084,65057,14394,79451,958
2021-10-17,Tuolumne,109,53932,6873,6735,82,6817,89
2021-10-17,Ventura,111,848112,96858,96458,4297,100755,1165
2021-10-17,Yolo,113,214977,19317,19171,1086,20257,248
2021-10-17,Yuba,115,75493,9856,9771,292,10063,82
2021-10-16,Alameda,001,1643700,117964,117027,2835,119862,1365
2021-10-16,Alpine,003,1148,104,102,0,102,0
2021-10-16,Amador,005,37829,5415,5310,57,5367,64
2021-10-16,Butte,007,227075,20158,19612,3643,23255,260
2021-10-16,Calaveras,009,45235,3851,3771,47,3818,80
2021-10-16,Colusa,011,21464,2475,2431,608,3039,18
2021-10-16,Contra Costa,013,1133247,97825,97107,2143,99250,982
2021-10-16,Del Norte,015,27424,3613,3516,53,3569,41
2021-10-16,El Dorado,017,186661,15599,15315,1642,16957,149
2021-10-16,Fresno,019,978130,134838,132433,11879,144312,2051
2021-10-16,Glenn,021,27897,3393,3331,967,4298,26
2021-10-16,Humboldt,023,135768,8762,8621,511,9132,104
2021-10-16,Imperial,025,180216,32743,32368,3192,35560,764
2021-10-16,Inyo,027,18085,2084,1932,57,1989,39
2021-10-16,Kern,029,883053,123479,121354,20758,142112,1590
2021-10-16,Kings,031,150075,31055,30418,1874,32292,314
2021-10-16,Lake,033,64148,6534,6378,140,6518,104
2021-10-16,Lassen,035,31185,6675,6559,339,6898,26
2021-10-16,Los Angeles,037,10098052,1419585,1409418,53839,1463257,26398
2021-10-16,Madera,039,155013,22193,21707,1953,23660,277
2021-10-16,Marin,041,260295,17277,17148,445,17593,243
2021-10-16,Mariposa,043,17540,1197,1096,40,1136,5
2021-10-16,Mendocino,045,87422,7216,7099,434,7533,82
2021-10-16,Merced,047,269075,40756,40265,1662,41927,577
2021-10-16,Modoc,049,8938,511,492,183,675,5
2021-10-16,Mono,051,14174,1647,1628,17,1645,3
2021-10-16,Monterey,053,433212,47547,47293,3431,50724,582
2021-10-16,Napa,055,140530,12809,12706,106,12812,100
2021-10-16,Nevada,057,99092,8885,8739,317,9056,90
2021-10-16,Orange,059,3164182,303506,300722,14699,315421,5509
2021-10-16,Placer,061,380077,35888,35343,3550,38893,412
2021-10-16,Plumas,063,18699,1623,1542,33,1575,6
2021-10-16,Riverside,065,2383286,355394,352435,16287,368722,4990
2021-10-16,Sacramento,067,1510023,154926,153264,4387,157651,2192
2021-10-16,San Benito,069,59416,7259,7210,165,7375,71
2021-10-16,San Bernardino,071,2135413,348162,345418,10993,356411,5566
2021-10-16,San Diego,073,3302833,366785,363109,21193,384302,4151
2021-10-16,San Francisco,075,870044,51853,51436,2520,53956,645
2021-10-16,San Joaquin,077,732212,97662,96507,5372,101879,1708
2021-10-16,San Luis Obispo,079,281455,28841,28460,1191,29651,329
2021-10-16,San Mateo,081,765935,52732,52399,1441,53840,569
2021-10-16,Santa Barbara,083,443738,44021,43175,1615,44790,521
2021-10-16,Santa Clara,085,1922200,144605,143282,1274,144556,1890
2021-10-16,Santa Cruz,087,273765,20024,19794,1027,20821,218
2021-10-16,Shasta,089,179085,20481,19932,3476,23408,309
2021-10-16,Sierra,091,2930,170,160,19,179,0
2021-10-16,Siskiyou,093,43540,3270,3173,1244,4417,42
2021-10-16,Solano,095,438530,45283,44585,1198,45783,334
2021-10-16,Sonoma,097,501317,40532,40195,511,40706,390
2021-10-16,Stanislaus,099,539301,76934,75868,8707,84575,1142
2021-10-16,Sutter,101,95872,13622,13471,315,13786,169
2021-10-16,Tehama,103,63373,8097,7907,1394,9301,104
2021-10-16,Trinity,105,12862,793,679,202,881,11
2021-10-16,Tulare,107,460477,65950,64489,14361,78850,951
2021-10-16,Tuolumne,109,53932,6841,6666,82,6748,89
2021-10-16,Ventura,111,848112,96830,96181,4292,100473,1164
2021-10-16,Yolo,113,214977,19290,19078,1080,20158,247
2021-10-16,Yuba,115,75493,9833,9705,288,9993,82
2021-10-15,Alameda,001,1643700,117893,117027,2831,119858,1365
2021-10-15,Alpine,003,1148,104,102,0,102,0
2021-10-15,Amador,005,37829,5391,5310,57,5367,64
2021-10-15,Butte,007,227075,20122,19612,3636,23248,260
2021-10-15,Calaveras,009,45235,3845,3771,47,3818,80
2021-10-15,Colusa,011,21464,2473,2431,605,3036,18
2021-10-15,Contra Costa,013,1133247,97744,97107,2139,99246,982
2021-10-15,Del Norte,015,27424,3611,3516,53,3569,41
2021-10-15,El Dorado,017,186661,15579,15315,1637,16952,149
2021-10-15,Fresno,019,978130,134586,132433,11873,144306,2051
2021-10-15,Glenn,021,27897,3389,3331,966,4297,26
2021-10-15,Humboldt,023,135768,8753,8621,509,9130,104
2021-10-15,Imperial,025,180216,32696,32368,3188,35556,764
2021-10-15,Inyo,027,18085,2066,1932,57,1989,39
2021-10-15,Kern,029,883053,123344,121354,20684,142038,1590
2021-10-15,Kings,031,150075,30999,30418,1870,32288,314
2021-10-15,Lake,033,64148,6525,6378,140,6518,104
2021-10-15,Lassen,035,31185,6663,6559,338,6897,26
2021-10-15,Los Angeles,037,10098052,1418896,1409418,53790,1463208,26398
2021-10-15,Madera,039,155013,22149,21707,1945,23652,277
2021-10-15,Marin,041,260295,17266,17148,445,17593,243
2021-10-15,Mariposa,043,17540,1189,1096,40,1136,5
2021-10-15,Mendocino,045,87422,7201,7099,434,7533,82
2021-10-15,Merced,047,269075,40726,40265,1659,41924,577
2021-10-15,Modoc,049,8938,510,492,183,675,5
2021-10-15,Mono,051,14174,1646,1628,17,1645,3
2021-10-15,Monterey,053,433212,47527,47293,3427,50720,582
2021-10-15,Napa,055,140530,12805,12706,106,12812,100
2021-10-15,Nevada,057,99092,8870,8739,317,9056,90
2021-10-15,Orange,059,3164182,303337,300722,14682,315404,5509
2021-10-15,Placer,061,380077,35834,35343,3544,38887,412
2021-10-15,Plumas,063,18699,1615,1542,33,1575,6
2021-10-15,Riverside,065,2383286,355152,352435,16282,368717,4990
2021-10-15,Sacramento,067,1510023,154741,153264,4377,157641,2192
2021-10-15,San Benito,069,59416,7256,7210,165,7375,71
2021-10-15,San Bernardino,071,2135413,347927,345418,10991,356409,5566
2021-10-15,San Diego,073,3302833,366421,363109,21168,384277,4151
2021-10-15,San Francisco,075,870044,51815,51436,2512,53948,645
2021-10-15,San Joaquin,077,732212,97585,96507,5365,101872,1708
2021-10-15,San Luis Obispo,079,281455,28820,28460,1189,29649,329
2021-10-15,San Mateo,081,765935,52695,52399,1434,53833,569
2021-10-15,Santa Barbara,083,443738,43985,43175,1615,44790,521
2021-10-15,Santa Clara,085,1922200,144484,143282,1265,144547,1890
2021-10-15,Santa Cruz,087,273765,20013,19794,1027,20821,218
2021-10-15,Shasta,089,179085,20424,19932,3468,23400,309
2021-10-15,Sierra,091,2930,169,160,19,179,0
2021-10-15,Siskiyou,093,43540,3269,3173,1241,4414,42
2021-10-15,Solano,095,438530,45257,44585,1198,45783,334
2021-10-15,Sonoma,097,501317,40498,40195,510,40705,390
2021-10-15,Stanislaus,099,539301,76854,75868,8691,84559,1142
2021-10-15,Sutter,101,95872,13605,13471,313,13784,169
2021-10-15,Tehama,103,63373,8075,7907,1388,9295,104
2021-10-15,Trinity,105,12862,793,679,202,881,11
2021-10-15,Tulare,107,460477,65871,64489,14324,78813,951
2021-10-15,Tuolumne,109,53932,6818,6666,80,6746,89
2021-10-15,Ventura,111,848112,96789,96181,4288,100469,1164
2021-10-15,Yolo,113,214977,19276,19078,1076,20154,247
2021-10-15,Yuba,115,75493,9823,9705,287,9992,82
2021-10-14,Alameda,001,1643700,117787,117027,2825,119852,1365
2021-10-14,Alpine,003,1148,104,102,0,102,0
2021-10-14,Amador,005,37829,5380,5310,57,5367,64
2021-10-14,Butte,007,227075,20070,19612,3631,23243,260
2021-10-14,Calaveras,009,45235,3832,3771,46,3817,80
2021-10-14,Colusa,011,21464,2471,2431,603,3034,18
2021-10-14,Contra Costa,013,1133247,97610,97107,2131,99238,982
2021-10-14,Del Norte,015,27424,3605,3516,53,3569,41
2021-10-14,El Dorado,017,186661,15540,15315,1634,16949,149
2021-10-14,Fresno,019,978130,134293,132433,11853,144286,2051
2021-10-14,Glenn,021,27897,3386,3331,965,4296,26
2021-10-14,Humboldt,023,135768,8735,8621,506,9127,104
2021-10-14,Imperial,025,180216,32632,32368,3181,35549,764
2021-10-14,Inyo,027,18085,2047,1932,57,1989,39
2021-10-14,Kern,029,883053,123074,121354,20584,141938,1590
2021-10-14,Kings,031,150075,30934,30418,1862,32280,314
2021-10-14,Lake,033,64148,6504,6378,139,6517,104
2021-10-14,Lassen,035,31185,6657,6559,337,6896,26
2021-10-14,Los Angeles,037,10098052,1417919,1409418,53738,1463156,26398
2021-10-14,Madera,039,155013,22084,21707,1941,23648,277
2021-10-14,Marin,041,260295,17261,17148,443,17591,243
2021-10-14,Mariposa,043,17540,1176,1096,39,1135,5
2021-10-14,Mendocino,045,87422,7187,7099,433,7532,82
2021-10-14,Merced,047,269075,40637,40265,1646,41911,577
2021-10-14,Modoc,049,8938,510,492,183,675,5
2021-10-14,Mono,051,14174,1640,1628,17,1645,3
2021-10-14,Monterey,053,433212,47503,47293,3420,50713,582
2021-10-14,Napa,055,140530,12790,12706,106,12812,100
2021-10-14,Nevada,057,99092,8842,8739,315,9054,90
2021-10-14,Orange,059,3164182,303132,300722,14666,315388,5509
2021-10-14,Placer,061,380077,35767,35343,3530,38873,412
2021-10-14,Plumas,063,18699,1600,1542,33,1575,6
2021-10-14,Riverside,065,2383286,354755,352435,16271,368706,4990
2021-10-14,Sacramento,067,1510023,154489,153264,4355,157619,2192
2021-10-14,San Benito,069,59416,7245,7210,165,7375,71
2021-10-14,San Bernardino,071,2135413,347571,345418,10984,356402,5566
2021-10-14,San Diego,073,3302833,365973,363109,21140,384249,4151
2021-10-14,San Francisco,075,870044,51762,51436,2506,53942,645
2021-10-14,San Joaquin,077,732212,97456,96507,5356,101863,1708
2021-10-14,San Luis Obispo,079,281455,28777,28460,1185,29645,329
2021-10-14,San Mateo,081,765935,52650,52399,1430,53829,569
2021-10-14,Santa Barbara,083,443738,43929,43175,1610,44785,521
2021-10-14,Santa Clara,085,1922200,144343,143282,1259,144541,1890
2021-10-14,Santa Cruz,087,273765,19990,19794,1027,20821,218
2021-10-14,Shasta,089,179085,20368,19932,3456,23388,309
2021-10-14,Sierra,091,2930,169,160,19,179,0
2021-10-14,Siskiyou,093,43540,3266,3173,1233,4406,42
2021-10-14,Solano,095,438530,45207,44585,1192,45777,334
2021-10-14,Sonoma,097,501317,40447,40195,507,40702,390
2021-10-14,Stanislaus,099,539301,76708,75868,8678,84546,1142
2021-10-14,Sutter,101,95872,13585,13471,312,13783,169
2021-10-14,Tehama,103,63373,8044,7907,1381,9288,104
2021-10-14,Trinity,105,12862,792,679,201,880,11
2021-10-14,Tulare,107,460477,65691,64489,14277,78766,951
2021-10-14,Tuolumne,109,53932,6788,6666,79,6745,89
2021-10-14,Ventura,111,848112,96723,96181,4281,100462,1164
2021-10-14,Yolo,113,214977,19244,19078,1069,20147,247
2021-10-14,Yuba,115,75493,9809,9705,278,9983,82
2021-10-13,Alameda,001,1643700,117686,116914,2819,119733,1360
2021-10-13,Alpine,003,1148,104,102,0,102,0
2021-10-13,Amador,005,37829,5366,5305,57,5362,63
2021-10-13,Butte,007,227075,19996,19546,3627,23173,257
2021-10-13,Calaveras,009,45235,3811,3756,44,3800,79
2021-10-13,Colusa,011,21464,2464,2430,599,3029,18
2021-10-13,Contra Costa,013,1133247,97496,96975,2130,99105,969
2021-10-13,Del Norte,015,27424,3600,3512,53,3565,39
2021-10-13,El Dorado,017,186661,15517,15302,1629,16931,149
2021-10-13,Fresno,019,978130,133962,132055,11832,143887,2048
2021-10-13,Glenn,021,27897,3375,3327,962,4289,26
2021-10-13,Humboldt,023,135768,8724,8604,500,9104,102
2021-10-13,Imperial,025,180216,32572,32317,3178,35495,762
2021-10-13,Inyo,027,18085,2010,1907,57,1964,39
2021-10-13,Kern,029,883053,122832,120956,20492,141448,1586
2021-10-13,Kings,031,150075,30853,30246,1855,32101,312
2021-10-13,Lake,033,64148,6484,6371,139,6510,103
2021-10-13,Lassen,035,31185,6647,6535,331,6866,25
2021-10-13,Los Angeles,037,10098052,1416866,1408384,53680,1462064,26379
2021-10-13,Madera,039,155013,22029,21609,1926,23535,277
2021-10-13,Marin,041,260295,17237,17137,442,17579,243
2021-10-13,Mariposa,043,17540,1162,1090,39,1129,5
2021-10-13,Mendocino,045,87422,7172,7088,425,7513,82
2021-10-13,Merced,047,269075,40553,40164,1635,41799,577
2021-10-13,Modoc,049,8938,508,490,181,671,5
2021-10-13,Mono,051,14174,1640,1612,17,1629,3
2021-10-13,Monterey,053,433212,47486,47273,3411,50684,582
2021-10-13,Napa,055,140530,12779,12695,104,12799,100
2021-10-13,Nevada,057,99092,8820,8725,315,9040,90
2021-10-13,Orange,059,3164182,302926,300468,14650,315118,5503
2021-10-13,Placer,061,380077,35702,35254,3519,38773,412
2021-10-13,Plumas,063,18699,1586,1514,33,1547,6
2021-10-13,Riverside,065,2383286,354425,352044,16258,368302,4978
2021-10-13,Sacramento,067,1510023,154239,153141,4332,157473,2182
2021-10-13,San Benito,069,59416,7239,7196,164,7360,71
2021-10-13,San Bernardino,071,2135413,347248,344951,10968,355919,5562
2021-10-13,San Diego,073,3302833,365536,362564,21118,383682,4141
2021-10-13,San Francisco,075,870044,51720,51379,2502,53881,644
2021-10-13,San Joaquin,077,732212,97313,96343,5351,101694,1696
2021-10-13,San Luis Obispo,079,281455,28739,28397,1182,29579,330
2021-10-13,San Mateo,081,765935,52600,52352,1424,53776,569
2021-10-13,Santa Barbara,083,443738,43877,43109,1610,44719,518
2021-10-13,Santa Clara,085,1922200,144204,143064,1258,144322,1886
2021-10-13,Santa Cruz,087,273765,19964,19763,1026,20789,217
2021-10-13,Shasta,089,179085,20298,19802,3434,23236,307
2021-10-13,Sierra,091,2930,169,155,19,174,0
2021-10-13,Siskiyou,093,43540,3258,3173,1232,4405,42
2021-10-13,Solano,095,438530,45168,44558,1190,45748,334
2021-10-13,Sonoma,097,501317,40390,40122,507,40629,390
2021-10-13,Stanislaus,099,539301,76567,75698,8669,84367,1136
2021-10-13,Sutter,101,95872,13555,13458,310,13768,169
2021-10-13,Tehama,103,63373,8006,7849,1375,9224,103
2021-10-13,Trinity,105,12862,789,677,201,878,11
2021-10-13,Tulare,107,460477,65512,64297,14222,78519,945
2021-10-13,Tuolumne,109,53932,6774,6644,78,6722,89
2021-10-13,Ventura,111,848112,96649,96099,4276,100375,1162
2021-10-13,Yolo,113,214977,19214,19023,1067,20090,247
2021-10-13,Yuba,115,75493,9784,9690,264,9954,80
2021-10-12,Alameda,001,1643700,117585,116813,2814,119627,1357
2021-10-12,Alpine,003,1148,104,102,0,102,0
2021-10-12,Amador,005,37829,5355,5301,57,5358,63
2021-10-12,Butte,007,227075,19927,19506,3615,23121,256
2021-10-12,Calaveras,009,45235,3796,3750,44,3794,75
2021-10-12,Colusa,011,21464,2461,2428,597,3025,18
2021-10-12,Contra Costa,013,1133247,97383,96894,2121,99015,960
2021-10-12,Del Norte,015,27424,3594,3511,53,3564,39
2021-10-12,El Dorado,017,186661,15484,15287,1627,16914,148
2021-10-12,Fresno,019,978130,133603,131848,11804,143652,2042
2021-10-12,Glenn,021,27897,3365,3321,959,4280,26
2021-10-12,Humboldt,023,135768,8698,8587,493,9080,102
2021-10-12,Imperial,025,180216,32520,32267,3176,35443,762
2021-10-12,Inyo,027,18085,1978,1889,57,1946,39
2021-10-12,Kern,029,883053,122547,120826,20383,141209,1580
2021-10-12,Kings,031,150075,30781,30200,1844,32044,312
2021-10-12,Lake,033,64148,6469,6372,139,6511,97
2021-10-12,Lassen,035,31185,6637,6526,330,6856,25
2021-10-12,Los Angeles,037,10098052,1415805,1407462,53630,1461092,26362
2021-10-12,Madera,039,155013,21958,21574,1914,23488,277
2021-10-12,Marin,041,260295,17214,17126,442,17568,242
2021-10-12,Mariposa,043,17540,1148,1088,39,1127,5
2021-10-12,Mendocino,045,87422,7143,7077,423,7500,82
2021-10-12,Merced,047,269075,40474,40113,1629,41742,567
2021-10-12,Modoc,049,8938,503,485,180,665,5
2021-10-12,Mono,051,14174,1636,1608,17,1625,3
2021-10-12,Monterey,053,433212,47458,47254,3400,50654,582
2021-10-12,Napa,055,140530,12765,12671,104,12775,97
2021-10-12,Nevada,057,99092,8808,8720,314,9034,89
2021-10-12,Orange,059,3164182,302668,300256,14626,314882,5499
2021-10-12,Placer,061,380077,35639,35214,3511,38725,404
2021-10-12,Plumas,063,18699,1572,1488,32,1520,6
2021-10-12,Riverside,065,2383286,354098,351771,16245,368016,4973
2021-10-12,Sacramento,067,1510023,153934,152935,4307,157242,2170
2021-10-12,San Benito,069,59416,7225,7193,164,7357,71
2021-10-12,San Bernardino,071,2135413,346935,344788,10958,355746,5563
2021-10-12,San Diego,073,3302833,365012,362256,21088,383344,4137
2021-10-12,San Francisco,075,870044,51661,51301,2499,53800,643
2021-10-12,San Joaquin,077,732212,97176,96237,5346,101583,1690
2021-10-12,San Luis Obispo,079,281455,28692,28379,1181,29560,327
2021-10-12,San Mateo,081,765935,52553,52328,1420,53748,569
2021-10-12,Santa Barbara,083,443738,43816,43076,1610,44686,515
2021-10-12,Santa Clara,085,1922200,144050,142954,1256,144210,1882
2021-10-12,Santa Cruz,087,273765,19939,19757,1026,20783,218
2021-10-12,Shasta,089,179085,20224,19731,3412,23143,304
2021-10-12,Sierra,091,2930,169,153,19,172,0
2021-10-12,Siskiyou,093,43540,3248,3166,1225,4391,42
2021-10-12,Solano,095,438530,45125,44516,1185,45701,329
2021-10-12,Sonoma,097,501317,40348,40105,507,40612,390
2021-10-12,Stanislaus,099,539301,76416,75589,8654,84243,1126
2021-10-12,Sutter,101,95872,13532,13436,306,13742,168
2021-10-12,Tehama,103,63373,7973,7820,1371,9191,103
2021-10-12,Trinity,105,12862,786,676,201,877,11
2021-10-12,Tulare,107,460477,65334,64216,14165,78381,944
2021-10-12,Tuolumne,109,53932,6757,6637,77,6714,89
2021-10-12,Ventura,111,848112,96541,96022,4272,100294,1160
2021-10-12,Yolo,113,214977,19188,18987,1059,20046,247
2021-10-12,Yuba,115,75493,9769,9676,260,9936,70
2021-10-11,Alameda,001,1643700,117447,116759,2813,119572,1358
2021-10-11,Alpine,003,1148,103,102,0,102,0
2021-10-11,Amador,005,37829,5343,5286,57,5343,62
2021-10-11,Butte,007,227075,19868,19452,3610,23062,253
2021-10-11,Calaveras,009,45235,3775,3750,44,3794,75
2021-10-11,Colusa,011,21464,2457,2427,590,3017,18
2021-10-11,Contra Costa,013,1133247,97246,96832,2116,98948,960
2021-10-11,Del Norte,015,27424,3591,3510,49,3559,39
2021-10-11,El Dorado,017,186661,15456,15273,1623,16896,146
2021-10-11,Fresno,019,978130,133276,131703,11775,143478,2036
2021-10-11,Glenn,021,27897,3347,3308,958,4266,26
2021-10-11,Humboldt,023,135768,8673,8571,486,9057,101
2021-10-11,Imperial,025,180216,32470,32207,3170,35377,762
2021-10-11,Inyo,027,18085,1955,1862,56,1918,39
2021-10-11,Kern,029,883053,122313,120684,20286,140970,1575
2021-10-11,Kings,031,150075,30693,30180,1834,32014,309
2021-10-11,Lake,033,64148,6453,6361,135,6496,97
2021-10-11,Lassen,035,31185,6617,6499,327,6826,25
2021-10-11,Los Angeles,037,10098052,1414762,1406826,53577,1460403,26346
2021-10-11,Madera,039,155013,21901,21555,1898,23453,272
2021-10-11,Marin,041,260295,17196,17121,438,17559,242
2021-10-11,Mariposa,043,17540,1118,1083,38,1121,5
2021-10-11,Mendocino,045,87422,7127,7064,419,7483,82
2021-10-11,Merced,047,269075,40357,40064,1605,41669,566
2021-10-11,Modoc,049,8938,500,482,177,659,5
2021-10-11,Mono,051,14174,1626,1604,17,1621,3
2021-10-11,Monterey,053,433212,47429,47241,3393,50634,580
2021-10-11,Napa,055,140530,12742,12654,102,12756,96
2021-10-11,Nevada,057,99092,8788,8716,313,9029,90
2021-10-11,Orange,059,3164182,302441,299941,14598,314539,5499
2021-10-11,Placer,061,380077,35570,35173,3494,38667,404
2021-10-11,Plumas,063,18699,1554,1469,30,1499,6
2021-10-11,Riverside,065,2383286,353757,351444,16239,367683,4973
2021-10-11,Sacramento,067,1510023,153645,152681,4276,156957,2169
2021-10-11,San Benito,069,59416,7203,7184,162,7346,71
2021-10-11,San Bernardino,071,2135413,346548,344594,10949,355543,5549
2021-10-11,San Diego,073,3302833,364492,361712,21055,382767,4124
2021-10-11,San Francisco,075,870044,51591,51275,2493,53768,643
2021-10-11,San Joaquin,077,732212,97023,96152,5335,101487,1681
2021-10-11,San Luis Obispo,079,281455,28646,28355,1176,29531,327
2021-10-11,San Mateo,081,765935,52505,52298,1419,53717,569
2021-10-11,Santa Barbara,083,443738,43769,43018,1609,44627,515
2021-10-11,Santa Clara,085,1922200,143888,142836,1253,144089,1882
2021-10-11,Santa Cruz,087,273765,19915,19745,1025,20770,217
2021-10-11,Shasta,089,179085,20145,19662,3396,23058,295
2021-10-11,Sierra,091,2930,164,147,18,165,0
2021-10-11,Siskiyou,093,43540,3240,3159,1221,4380,42
2021-10-11,Solano,095,438530,45077,44474,1182,45656,329
2021-10-11,Sonoma,097,501317,40303,40067,507,40574,390
2021-10-11,Stanislaus,099,539301,76243,75478,8633,84111,1118
2021-10-11,Sutter,101,95872,13513,13427,304,13731,165
2021-10-11,Tehama,103,63373,7932,7795,1361,9156,102
2021-10-11,Trinity,105,12862,780,675,200,875,11
2021-10-11,Tulare,107,460477,65155,64094,14098,78192,942
2021-10-11,Tuolumne,109,53932,6721,6602,77,6679,89
2021-10-11,Ventura,111,848112,96440,95876,4264,100140,1160
2021-10-11,Yolo,113,214977,19142,18977,1056,20033,247
2021-10-11,Yuba,115,75493,9752,9657,248,9905,69
2021-10-10,Alameda,001,1643700,117327,116679,2809,119488,1358
2021-10-10,Alpine,003,1148,103,102,0,102,0
2021-10-10,Amador,005,37829,5328,5278,57,5335,62
2021-10-10,Butte,007,227075,19804,19430,3596,23026,253
2021-10-10,Calaveras,009,45235,3763,3747,44,3791,75
2021-10-10,Colusa,011,21464,2456,2425,589,3014,18
2021-10-10,Contra Costa,013,1133247,97147,96760,2110,98870,960
2021-10-10,Del Norte,015,27424,3587,3507,49,3556,39
2021-10-10,El Dorado,017,186661,15425,15250,1617,16867,146
2021-10-10,Fresno,019,978130,132948,131434,11747,143181,2035
2021-10-10,Glenn,021,27897,3345,3297,956,4253,26
2021-10-10,Humboldt,023,135768,8651,8554,482,9036,101
2021-10-10,Imperial,025,180216,32396,32167,3169,35336,762
2021-10-10,Inyo,027,18085,1934,1857,56,1913,39
2021-10-10,Kern,029,883053,121987,120552,20182,140734,1573
2021-10-10,Kings,031,150075,30605,30122,1824,31946,308
2021-10-10,Lake,033,64148,6437,6349,134,6483,97
2021-10-10,Lassen,035,31185,6597,6495,326,6821,26
2021-10-10,Los Angeles,037,10098052,1413589,1406034,53502,1459536,26338
2021-10-10,Madera,039,155013,21855,21486,1889,23375,272
2021-10-10,Marin,041,260295,17179,17112,438,17550,242
2021-10-10,Mariposa,043,17540,1115,1074,38,1112,5
2021-10-10,Mendocino,045,87422,7112,7060,411,7471,81
2021-10-10,Merced,047,269075,40274,40036,1587,41623,566
2021-10-10,Modoc,049,8938,500,482,177,659,5
2021-10-10,Mono,051,14174,1625,1596,17,1613,3
2021-10-10,Monterey,053,433212,47404,47228,3387,50615,580
2021-10-10,Napa,055,140530,12719,12641,102,12743,96
2021-10-10,Nevada,057,99092,8776,8689,313,9002,90
2021-10-10,Orange,059,3164182,302178,299787,14572,314359,5499
2021-10-10,Placer,061,380077,35477,35128,3482,38610,404
2021-10-10,Plumas,063,18699,1538,1468,28,1496,6
2021-10-10,Riverside,065,2383286,353385,351248,16220,367468,4973
2021-10-10,Sacramento,067,1510023,153381,152405,4259,156664,2178
2021-10-10,San Benito,069,59416,7198,7180,161,7341,71
2021-10-10,San Bernardino,071,2135413,346243,344423,10941,355364,5551
2021-10-10,San Diego,073,3302833,363971,361038,21003,382041,4113
2021-10-10,San Francisco,075,870044,51545,51216,2488,53704,643
2021-10-10,San Joaquin,077,732212,96852,96084,5318,101402,1681
2021-10-10,San Luis Obispo,079,281455,28605,28343,1176,29519,326
2021-10-10,San Mateo,081,765935,52464,52273,1418,53691,569
2021-10-10,Santa Barbara,083,443738,43724,42987,1608,44595,515
2021-10-10,Santa Clara,085,1922200,143723,142768,1246,144014,1881
2021-10-10,Santa Cruz,087,273765,19895,19727,1025,20752,217
2021-10-10,Shasta,089,179085,20057,19635,3386,23021,296
2021-10-10,Sierra,091,2930,162,147,18,165,0
2021-10-10,Siskiyou,093,43540,3226,3155,1214,4369,42
2021-10-10,Solano,095,438530,45021,44431,1182,45613,329
2021-10-10,Sonoma,097,501317,40251,40027,507,40534,390
2021-10-10,Stanislaus,099,539301,76064,75403,8618,84021,1118
2021-10-10,Sutter,101,95872,13489,13412,299,13711,165
2021-10-10,Tehama,103,63373,7894,7764,1352,9116,102
2021-10-10,Trinity,105,12862,779,669,199,868,11
2021-10-10,Tulare,107,460477,64986,63930,14049,77979,940
2021-10-10,Tuolumne,109,53932,6698,6580,76,6656,89
2021-10-10,Ventura,111,848112,96353,95829,4262,100091,1160
2021-10-10,Yolo,113,214977,19110,18952,1051,20003,247
2021-10-10,Yuba,115,75493,9735,9641,244,9885,69
2021-10-09,Alameda,001,1643700,117233,116253,2807,119060,1356
2021-10-09,Alpine,003,1148,102,102,0,102,0
2021-10-09,Amador,005,37829,5326,5237,56,5293,62
2021-10-09,Butte,007,227075,19774,19277,3593,22870,250
2021-10-09,Calaveras,009,45235,3759,3716,44,3760,75
2021-10-09,Colusa,011,21464,2452,2419,588,3007,18
2021-10-09,Contra Costa,013,1133247,97083,96378,2103,98481,958
2021-10-09,Del Norte,015,27424,3586,3495,49,3544,39
2021-10-09,El Dorado,017,186661,15407,15153,1614,16767,144
2021-10-09,Fresno,019,978130,132817,130508,11730,142238,2018
2021-10-09,Glenn,021,27897,3341,3277,955,4232,26
2021-10-09,Humboldt,023,135768,8637,8448,480,8928,97
2021-10-09,Imperial,025,180216,32362,31989,3167,35156,760
2021-10-09,Inyo,027,18085,1925,1808,56,1864,39
2021-10-09,Kern,029,883053,121849,119795,20154,139949,1559
2021-10-09,Kings,031,150075,30556,29894,1822,31716,308
2021-10-09,Lake,033,64148,6419,6283,132,6415,97
2021-10-09,Lassen,035,31185,6592,6442,325,6767,25
2021-10-09,Los Angeles,037,10098052,1413004,1402810,53462,1456272,26280
2021-10-09,Madera,039,155013,21822,21313,1876,23189,271
2021-10-09,Marin,041,260295,17174,17049,436,17485,242
2021-10-09,Mariposa,043,17540,1108,1042,37,1079,5
2021-10-09,Mendocino,045,87422,7105,7011,411,7422,82
2021-10-09,Merced,047,269075,40233,39784,1587,41371,565
2021-10-09,Modoc,049,8938,498,477,176,653,5
2021-10-09,Mono,051,14174,1623,1577,17,1594,3
2021-10-09,Monterey,053,433212,47393,47168,3383,50551,577
2021-10-09,Napa,055,140530,12715,12586,102,12688,96
2021-10-09,Nevada,057,99092,8765,8613,312,8925,90
2021-10-09,Orange,059,3164182,301999,299089,14553,313642,5457
2021-10-09,Placer,061,380077,35439,34877,3475,38352,393
2021-10-09,Plumas,063,18699,1527,1418,28,1446,6
2021-10-09,Riverside,065,2383286,353134,350082,16203,366285,4965
2021-10-09,Sacramento,067,1510023,153172,151566,4246,155812,2160
2021-10-09,San Benito,069,59416,7190,7123,161,7284,71
2021-10-09,San Bernardino,071,2135413,346060,343452,10937,354389,5556
2021-10-09,San Diego,073,3302833,363658,359909,20996,380905,4111
2021-10-09,San Francisco,075,870044,51499,50960,2481,53441,643
2021-10-09,San Joaquin,077,732212,96785,95606,5313,100919,1669
2021-10-09,San Luis Obispo,079,281455,28588,28197,1174,29371,324
2021-10-09,San Mateo,081,765935,52433,52121,1416,53537,569
2021-10-09,Santa Barbara,083,443738,43697,42735,1608,44343,514
2021-10-09,Santa Clara,085,1922200,143600,142298,1240,143538,1873
2021-10-09,Santa Cruz,087,273765,19886,19635,1024,20659,217
2021-10-09,Shasta,089,179085,20007,19437,3381,22818,290
2021-10-09,Sierra,091,2930,159,141,18,159,0
2021-10-09,Siskiyou,093,43540,3225,3124,1213,4337,42
2021-10-09,Solano,095,438530,45004,44265,1181,45446,329
2021-10-09,Sonoma,097,501317,40207,39848,507,40355,387
2021-10-09,Stanislaus,099,539301,75974,74899,8607,83506,1114
2021-10-09,Sutter,101,95872,13480,13314,297,13611,165
2021-10-09,Tehama,103,63373,7883,7670,1347,9017,99
2021-10-09,Trinity,105,12862,778,660,199,859,11
2021-10-09,Tulare,107,460477,64879,63398,14028,77426,932
2021-10-09,Tuolumne,109,53932,6679,6521,76,6597,89
2021-10-09,Ventura,111,848112,96297,95542,4259,99801,1158
2021-10-09,Yolo,113,214977,19089,18850,1048,19898,247
2021-10-09,Yuba,115,75493,9723,9551,242,9793,69
2021-10-08,Alameda,001,1643700,117151,116253,2804,119057,1356
2021-10-08,Alpine,003,1148,102,102,0,102,0
2021-10-08,Amador,005,37829,5313,5237,56,5293,62
2021-10-08,Butte,007,227075,19745,19277,3589,22866,250
2021-10-08,Calaveras,009,45235,3754,3716,44,3760,75
2021-10-08,Colusa,011,21464,2450,2419,588,3007,18
2021-10-08,Contra Costa,013,1133247,97039,96378,2098,98476,958
2021-10-08,Del Norte,015,27424,3585,3495,49,3544,39
2021-10-08,El Dorado,017,186661,15388,15153,1610,16763,144
2021-10-08,Fresno,019,978130,132621,130508,11709,142217,2018
2021-10-08,Glenn,021,27897,3330,3277,954,4231,26
2021-10-08,Humboldt,023,135768,8626,8448,477,8925,97
2021-10-08,Imperial,025,180216,32332,31989,3163,35152,760
2021-10-08,Inyo,027,18085,1907,1808,56,1864,39
2021-10-08,Kern,029,883053,121712,119795,20112,139907,1559
2021-10-08,Kings,031,150075,30463,29894,1821,31715,308
2021-10-08,Lake,033,64148,6411,6283,132,6415,97
2021-10-08,Lassen,035,31185,6579,6442,321,6763,25
2021-10-08,Los Angeles,037,10098052,1412344,1402810,53424,1456234,26280
2021-10-08,Madera,039,155013,21764,21313,1869,23182,271
2021-10-08,Marin,041,260295,17163,17049,435,17484,242
2021-10-08,Mariposa,043,17540,1101,1042,35,1077,5
2021-10-08,Mendocino,045,87422,7092,7011,411,7422,82
2021-10-08,Merced,047,269075,40201,39784,1584,41368,565
2021-10-08,Modoc,049,8938,496,477,176,653,5
2021-10-08,Mono,051,14174,1621,1577,17,1594,3
2021-10-08,Monterey,053,433212,47369,47168,3378,50546,577
2021-10-08,Napa,055,140530,12699,12586,102,12688,96
2021-10-08,Nevada,057,99092,8752,8613,312,8925,90
2021-10-08,Orange,059,3164182,301850,299089,14535,313624,5457
2021-10-08,Placer,061,380077,35401,34877,3467,38344,393
2021-10-08,Plumas,063,18699,1515,1418,28,1446,6
2021-10-08,Riverside,065,2383286,352865,350082,16192,366274,4965
2021-10-08,Sacramento,067,1510023,153005,151566,4231,155797,2160
2021-10-08,San Benito,069,59416,7186,7123,159,7282,71
2021-10-08,San Bernardino,071,2135413,345857,343452,10929,354381,5556
2021-10-08,San Diego,073,3302833,363323,359909,20975,380884,4111
2021-10-08,San Francisco,075,870044,51452,50960,2472,53432,643
2021-10-08,San Joaquin,077,732212,96717,95606,5307,100913,1669
2021-10-08,San Luis Obispo,079,281455,28561,28197,1173,29370,324
2021-10-08,San Mateo,081,765935,52408,52121,1415,53536,569
2021-10-08,Santa Barbara,083,443738,43662,42735,1607,44342,514
2021-10-08,Santa Clara,085,1922200,143487,142298,1235,143533,1873
2021-10-08,Santa Cruz,087,273765,19871,19635,1024,20659,217
2021-10-08,Shasta,089,179085,19965,19437,3375,22812,290
2021-10-08,Sierra,091,2930,157,141,16,157,0
2021-10-08,Siskiyou,093,43540,3217,3124,1212,4336,42
2021-10-08,Solano,095,438530,44965,44265,1180,45445,329
2021-10-08,Sonoma,097,501317,40172,39848,507,40355,387
2021-10-08,Stanislaus,099,539301,75905,74899,8599,83498,1114
2021-10-08,Sutter,101,95872,13467,13314,294,13608,165
2021-10-08,Tehama,103,63373,7867,7670,1344,9014,99
2021-10-08,Trinity,105,12862,777,660,199,859,11
2021-10-08,Tulare,107,460477,64762,63398,13995,77393,932
2021-10-08,Tuolumne,109,53932,6656,6521,76,6597,89
2021-10-08,Ventura,111,848112,96252,95542,4254,99796,1158
2021-10-08,Yolo,113,214977,19076,18850,1044,19894,247
2021-10-08,Yuba,115,75493,9702,9551,241,9792,69
2021-10-07,Alameda,001,1643700,117035,116253,2802,119055,1356
2021-10-07,Alpine,003,1148,102,102,0,102,0
2021-10-07,Amador,005,37829,5306,5237,56,5293,62
2021-10-07,Butte,007,227075,19695,19277,3578,22855,250
2021-10-07,Calaveras,009,45235,3742,3716,44,3760,75
2021-10-07,Colusa,011,21464,2447,2419,582,3001,18
2021-10-07,Contra Costa,013,1133247,96919,96378,2092,98470,958
2021-10-07,Del Norte,015,27424,3582,3495,49,3544,39
2021-10-07,El Dorado,017,186661,15352,15153,1606,16759,144
2021-10-07,Fresno,019,978130,132347,130508,11686,142194,2018
2021-10-07,Glenn,021,27897,3323,3277,951,4228,26
2021-10-07,Humboldt,023,135768,8600,8448,474,8922,97
2021-10-07,Imperial,025,180216,32260,31989,3150,35139,760
2021-10-07,Inyo,027,18085,1888,1808,56,1864,39
2021-10-07,Kern,029,883053,121481,119795,20046,139841,1559
2021-10-07,Kings,031,150075,30398,29894,1815,31709,308
2021-10-07,Lake,033,64148,6400,6283,132,6415,97
2021-10-07,Lassen,035,31185,6561,6442,319,6761,25
2021-10-07,Los Angeles,037,10098052,1411387,1402810,53378,1456188,26280
2021-10-07,Madera,039,155013,21691,21313,1853,23166,271
2021-10-07,Marin,041,260295,17145,17049,435,17484,242
2021-10-07,Mariposa,043,17540,1093,1042,35,1077,5
2021-10-07,Mendocino,045,87422,7082,7011,407,7418,82
2021-10-07,Merced,047,269075,40134,39784,1568,41352,565
2021-10-07,Modoc,049,8938,493,477,175,652,5
2021-10-07,Mono,051,14174,1610,1577,17,1594,3
2021-10-07,Monterey,053,433212,47348,47168,3365,50533,577
2021-10-07,Napa,055,140530,12684,12586,102,12688,96
2021-10-07,Nevada,057,99092,8724,8613,312,8925,90
2021-10-07,Orange,059,3164182,301626,299089,14522,313611,5457
2021-10-07,Placer,061,380077,35339,34877,3460,38337,393
2021-10-07,Plumas,063,18699,1498,1418,28,1446,6
2021-10-07,Riverside,065,2383286,352531,350082,16180,366262,4965
2021-10-07,Sacramento,067,1510023,152725,151566,4203,155769,2160
2021-10-07,San Benito,069,59416,7170,7123,157,7280,71
2021-10-07,San Bernardino,071,2135413,345584,343452,10922,354374,5556
2021-10-07,San Diego,073,3302833,362911,359909,20954,380863,4111
2021-10-07,San Francisco,075,870044,51382,50960,2469,53429,643
2021-10-07,San Joaquin,077,732212,96565,95606,5299,100905,1669
2021-10-07,San Luis Obispo,079,281455,28510,28197,1171,29368,324
2021-10-07,San Mateo,081,765935,52370,52121,1411,53532,569
2021-10-07,Santa Barbara,083,443738,43595,42735,1601,44336,514
2021-10-07,Santa Clara,085,1922200,143336,142298,1229,143527,1873
2021-10-07,Santa Cruz,087,273765,19851,19635,1023,20658,217
2021-10-07,Shasta,089,179085,19876,19437,3359,22796,290
2021-10-07,Sierra,091,2930,157,141,16,157,0
2021-10-07,Siskiyou,093,43540,3214,3124,1207,4331,42
2021-10-07,Solano,095,438530,44920,44265,1176,45441,329
2021-10-07,Sonoma,097,501317,40135,39848,505,40353,387
2021-10-07,Stanislaus,099,539301,75743,74899,8574,83473,1114
2021-10-07,Sutter,101,95872,13445,13314,291,13605,165
2021-10-07,Tehama,103,63373,7835,7670,1338,9008,99
2021-10-07,Trinity,105,12862,775,660,199,859,11
2021-10-07,Tulare,107,460477,64601,63398,13956,77354,932
2021-10-07,Tuolumne,109,53932,6634,6521,76,6597,89
2021-10-07,Ventura,111,848112,96169,95542,4251,99793,1158
2021-10-07,Yolo,113,214977,19042,18850,1039,19889,247
2021-10-07,Yuba,115,75493,9676,9551,234,9785,69
2021-10-06,Alameda,001,1643700,116901,116058,2796,118854,1353
2021-10-06,Alpine,003,1148,102,102,0,102,0
2021-10-06,Amador,005,37829,5303,5205,56,5261,62
2021-10-06,Butte,007,227075,19632,19208,3571,22779,247
2021-10-06,Calaveras,009,45235,3733,3669,44,3713,75
2021-10-06,Colusa,011,21464,2445,2414,575,2989,18
2021-10-06,Contra Costa,013,1133247,96792,96184,2088,98272,953
2021-10-06,Del Norte,015,27424,3579,3490,46,3536,39
2021-10-06,El Dorado,017,186661,15327,15078,1604,16682,140
2021-10-06,Fresno,019,978130,132058,130074,11659,141733,2008
2021-10-06,Glenn,021,27897,3313,3270,948,4218,26
2021-10-06,Humboldt,023,135768,8585,8416,467,8883,94
2021-10-06,Imperial,025,180216,32207,31930,3139,35069,760
2021-10-06,Inyo,027,18085,1873,1806,56,1862,39
2021-10-06,Kern,029,883053,121225,119491,19953,139444,1552
2021-10-06,Kings,031,150075,30333,29785,1806,31591,308
2021-10-06,Lake,033,64148,6386,6271,132,6403,97
2021-10-06,Lassen,035,31185,6545,6429,318,6747,25
2021-10-06,Los Angeles,037,10098052,1410429,1401675,53332,1455007,26252
2021-10-06,Madera,039,155013,21636,21230,1843,23073,269
2021-10-06,Marin,041,260295,17136,17042,432,17474,242
2021-10-06,Mariposa,043,17540,1086,1036,35,1071,5
2021-10-06,Mendocino,045,87422,7073,6986,406,7392,81
2021-10-06,Merced,047,269075,40056,39666,1559,41225,563
2021-10-06,Modoc,049,8938,493,477,173,650,5
2021-10-06,Mono,051,14174,1599,1568,17,1585,3
2021-10-06,Monterey,053,433212,47317,47136,3359,50495,577
2021-10-06,Napa,055,140530,12660,12552,101,12653,96
2021-10-06,Nevada,057,99092,8708,8582,311,8893,90
2021-10-06,Orange,059,3164182,301391,298785,14509,313294,5448
2021-10-06,Placer,061,380077,35288,34764,3453,38217,390
2021-10-06,Plumas,063,18699,1475,1383,28,1411,6
2021-10-06,Riverside,065,2383286,352175,349645,16159,365804,4953
2021-10-06,Sacramento,067,1510023,152474,151164,4172,155336,2141
2021-10-06,San Benito,069,59416,7155,7108,157,7265,69
2021-10-06,San Bernardino,071,2135413,345292,343022,10915,353937,5551
2021-10-06,San Diego,073,3302833,362412,359564,20926,380490,4104
2021-10-06,San Francisco,075,870044,51319,50894,2465,53359,641
2021-10-06,San Joaquin,077,732212,96430,95418,5287,100705,1658
2021-10-06,San Luis Obispo,079,281455,28461,28170,1165,29335,323
2021-10-06,San Mateo,081,765935,52325,52056,1401,53457,569
2021-10-06,Santa Barbara,083,443738,43513,42687,1599,44286,513
2021-10-06,Santa Clara,085,1922200,143185,142124,1224,143348,1872
2021-10-06,Santa Cruz,087,273765,19822,19604,1021,20625,217
2021-10-06,Shasta,089,179085,19801,19325,3345,22670,287
2021-10-06,Sierra,091,2930,155,138,16,154,0
2021-10-06,Siskiyou,093,43540,3205,3116,1199,4315,42
2021-10-06,Solano,095,438530,44886,44185,1175,45360,328
2021-10-06,Sonoma,097,501317,40085,39787,505,40292,383
2021-10-06,Stanislaus,099,539301,75601,74699,8561,83260,1114
2021-10-06,Sutter,101,95872,13424,13284,289,13573,164
2021-10-06,Tehama,103,63373,7799,7629,1331,8960,99
2021-10-06,Trinity,105,12862,772,656,199,855,11
2021-10-06,Tulare,107,460477,64426,63198,13898,77096,926
2021-10-06,Tuolumne,109,53932,6609,6486,76,6562,89
2021-10-06,Ventura,111,848112,96080,95449,4244,99693,1158
2021-10-06,Yolo,113,214977,19010,18815,1034,19849,247
2021-10-06,Yuba,115,75493,9652,9520,233,9753,69
2021-10-05,Alameda,001,1643700,116759,115968,2790,118758,1350
2021-10-05,Alpine,003,1148,102,102,0,102,0
2021-10-05,Amador,005,37829,5282,5194,55,5249,61
2021-10-05,Butte,007,227075,19584,19137,3561,22698,246
2021-10-05,Calaveras,009,45235,3717,3657,44,3701,73
2021-10-05,Colusa,011,21464,2438,2414,574,2988,18
2021-10-05,Contra Costa,013,1133247,96677,96108,2080,98188,941
2021-10-05,Del Norte,015,27424,3577,3485,45,3530,39
2021-10-05,El Dorado,017,186661,15288,15052,1601,16653,140
2021-10-05,Fresno,019,978130,131719,129957,11629,141586,1987
2021-10-05,Glenn,021,27897,3304,3270,944,4214,26
2021-10-05,Humboldt,023,135768,8553,8398,463,8861,94
2021-10-05,Imperial,025,180216,32159,31909,3134,35043,759
2021-10-05,Inyo,027,18085,1856,1800,56,1856,39
2021-10-05,Kern,029,883053,120959,119260,19852,139112,1540
2021-10-05,Kings,031,150075,30258,29749,1800,31549,301
2021-10-05,Lake,033,64148,6365,6264,131,6395,97
2021-10-05,Lassen,035,31185,6526,6417,316,6733,25
2021-10-05,Los Angeles,037,10098052,1409287,1400300,53280,1453580,26223
2021-10-05,Madera,039,155013,21578,21183,1830,23013,269
2021-10-05,Marin,041,260295,17124,17024,432,17456,242
2021-10-05,Mariposa,043,17540,1067,1033,32,1065,5
2021-10-05,Mendocino,045,87422,7057,6972,399,7371,79
2021-10-05,Merced,047,269075,39990,39608,1550,41158,562
2021-10-05,Modoc,049,8938,489,475,172,647,5
2021-10-05,Mono,051,14174,1593,1565,17,1582,3
2021-10-05,Monterey,053,433212,47304,47087,3345,50432,573
2021-10-05,Napa,055,140530,12636,12533,101,12634,96
2021-10-05,Nevada,057,99092,8678,8576,311,8887,90
2021-10-05,Orange,059,3164182,301116,298589,14478,313067,5441
2021-10-05,Placer,061,380077,35208,34728,3446,38174,382
2021-10-05,Plumas,063,18699,1450,1357,28,1385,6
2021-10-05,Riverside,065,2383286,351816,349365,16144,365509,4942
2021-10-05,Sacramento,067,1510023,152201,151111,4144,155255,2126
2021-10-05,San Benito,069,59416,7136,7103,155,7258,69
2021-10-05,San Bernardino,071,2135413,344966,342711,10908,353619,5557
2021-10-05,San Diego,073,3302833,361830,359194,20897,380091,4092
2021-10-05,San Francisco,075,870044,51228,50826,2459,53285,641
2021-10-05,San Joaquin,077,732212,96277,95276,5260,100536,1651
2021-10-05,San Luis Obispo,079,281455,28417,28113,1163,29276,324
2021-10-05,San Mateo,081,765935,52281,52008,1400,53408,569
2021-10-05,Santa Barbara,083,443738,43435,42595,1595,44190,511
2021-10-05,Santa Clara,085,1922200,143027,141971,1217,143188,1873
2021-10-05,Santa Cruz,087,273765,19781,19582,1020,20602,216
2021-10-05,Shasta,089,179085,19729,19285,3331,22616,286
2021-10-05,Sierra,091,2930,151,136,16,152,0
2021-10-05,Siskiyou,093,43540,3191,3107,1199,4306,42
2021-10-05,Solano,095,438530,44815,44149,1173,45322,325
2021-10-05,Sonoma,097,501317,40031,39756,500,40256,383
2021-10-05,Stanislaus,099,539301,75439,74599,8544,83143,1114
2021-10-05,Sutter,101,95872,13396,13270,288,13558,164
2021-10-05,Tehama,103,63373,7771,7607,1322,8929,98
2021-10-05,Trinity,105,12862,769,655,199,854,11
2021-10-05,Tulare,107,460477,64223,63093,13844,76937,920
2021-10-05,Tuolumne,109,53932,6594,6473,75,6548,89
2021-10-05,Ventura,111,848112,95975,95351,4243,99594,1155
2021-10-05,Yolo,113,214977,18975,18782,1028,19810,245
2021-10-05,Yuba,115,75493,9620,9504,230,9734,69
2021-10-04,Alameda,001,1643700,116602,115845,2786,118631,1347
2021-10-04,Alpine,003,1148,102,102,0,102,0
2021-10-04,Amador,005,37829,5272,5163,54,5217,61
2021-10-04,Butte,007,227075,19507,19081,3549,22630,245
2021-10-04,Calaveras,009,45235,3708,3641,44,3685,73
2021-10-04,Colusa,011,21464,2437,2414,573,2987,18
2021-10-04,Contra Costa,013,1133247,96536,95958,2075,98033,937
2021-10-04,Del Norte,015,27424,3575,3485,41,3526,39
2021-10-04,El Dorado,017,186661,15240,15031,1594,16625,138
2021-10-04,Fresno,019,978130,131411,129665,11608,141273,1978
2021-10-04,Glenn,021,27897,3298,3270,938,4208,26
2021-10-04,Humboldt,023,135768,8519,8355,455,8810,94
2021-10-04,Imperial,025,180216,32110,31866,3127,34993,757
2021-10-04,Inyo,027,18085,1844,1792,53,1845,39
2021-10-04,Kern,029,883053,120675,118984,19726,138710,1531
2021-10-04,Kings,031,150075,30165,29702,1796,31498,303
2021-10-04,Lake,033,64148,6352,6248,131,6379,97
2021-10-04,Lassen,035,31185,6510,6405,316,6721,25
2021-10-04,Los Angeles,037,10098052,1408176,1399604,53221,1452825,26186
2021-10-04,Madera,039,155013,21514,21126,1820,22946,266
2021-10-04,Marin,041,260295,17108,17008,431,17439,242
2021-10-04,Mariposa,043,17540,1055,1024,32,1056,5
2021-10-04,Mendocino,045,87422,7039,6947,396,7343,79
2021-10-04,Merced,047,269075,39875,39565,1533,41098,558
2021-10-04,Modoc,049,8938,486,473,172,645,5
2021-10-04,Mono,051,14174,1583,1561,17,1578,3
2021-10-04,Monterey,053,433212,47284,47058,3337,50395,571
2021-10-04,Napa,055,140530,12612,12506,101,12607,96
2021-10-04,Nevada,057,99092,8658,8563,311,8874,90
2021-10-04,Orange,059,3164182,300823,298165,14445,312610,5438
2021-10-04,Placer,061,380077,35124,34630,3418,38048,379
2021-10-04,Plumas,063,18699,1428,1329,28,1357,6
2021-10-04,Riverside,065,2383286,351435,348828,16134,364962,4923
2021-10-04,Sacramento,067,1510023,151878,150887,4117,155004,2115
2021-10-04,San Benito,069,59416,7123,7099,155,7254,69
2021-10-04,San Bernardino,071,2135413,344610,342418,10896,353314,5551
2021-10-04,San Diego,073,3302833,361252,358525,20866,379391,4090
2021-10-04,San Francisco,075,870044,51134,50798,2454,53252,638
2021-10-04,San Joaquin,077,732212,96079,95198,5240,100438,1649
2021-10-04,San Luis Obispo,079,281455,28372,28090,1157,29247,323
2021-10-04,San Mateo,081,765935,52229,51958,1392,53350,569
2021-10-04,Santa Barbara,083,443738,43352,42585,1594,44179,511
2021-10-04,Santa Clara,085,1922200,142883,141840,1211,143051,1869
2021-10-04,Santa Cruz,087,273765,19752,19559,1019,20578,216
2021-10-04,Shasta,089,179085,19622,19170,3317,22487,279
2021-10-04,Sierra,091,2930,144,136,15,151,0
2021-10-04,Siskiyou,093,43540,3182,3103,1184,4287,42
2021-10-04,Solano,095,438530,44756,44092,1171,45263,322
2021-10-04,Sonoma,097,501317,39966,39720,500,40220,381
2021-10-04,Stanislaus,099,539301,75286,74444,8525,82969,1106
2021-10-04,Sutter,101,95872,13367,13261,287,13548,164
2021-10-04,Tehama,103,63373,7730,7585,1316,8901,95
2021-10-04,Trinity,105,12862,768,649,198,847,11
2021-10-04,Tulare,107,460477,64037,62957,13776,76733,920
2021-10-04,Tuolumne,109,53932,6568,6442,75,6517,89
2021-10-04,Ventura,111,848112,95888,95170,4236,99406,1153
2021-10-04,Yolo,113,214977,18931,18761,1023,19784,242
2021-10-04,Yuba,115,75493,9581,9481,228,9709,68
2021-10-03,Alameda,001,1643700,116463,115751,2777,118528,1349
2021-10-03,Alpine,003,1148,102,102,0,102,0
2021-10-03,Amador,005,37829,5254,5160,52,5212,61
2021-10-03,Butte,007,227075,19434,19066,3533,22599,245
2021-10-03,Calaveras,009,45235,3691,3632,44,3676,73
2021-10-03,Colusa,011,21464,2436,2413,570,2983,18
2021-10-03,Contra Costa,013,1133247,96406,95890,2068,97958,937
2021-10-03,Del Norte,015,27424,3569,3483,40,3523,39
2021-10-03,El Dorado,017,186661,15182,15014,1587,16601,139
2021-10-03,Fresno,019,978130,131032,129365,11574,140939,1978
2021-10-03,Glenn,021,27897,3286,3266,930,4196,26
2021-10-03,Humboldt,023,135768,8474,8352,451,8803,94
2021-10-03,Imperial,025,180216,32043,31844,3119,34963,757
2021-10-03,Inyo,027,18085,1824,1788,52,1840,39
2021-10-03,Kern,029,883053,120371,118851,19604,138455,1535
2021-10-03,Kings,031,150075,30065,29623,1789,31412,300
2021-10-03,Lake,033,64148,6326,6239,131,6370,97
2021-10-03,Lassen,035,31185,6488,6400,314,6714,25
2021-10-03,Los Angeles,037,10098052,1406904,1398790,53166,1451956,26179
2021-10-03,Madera,039,155013,21442,21066,1810,22876,266
2021-10-03,Marin,041,260295,17085,16995,426,17421,242
2021-10-03,Mariposa,043,17540,1048,1011,32,1043,5
2021-10-03,Mendocino,045,87422,7019,6939,387,7326,79
2021-10-03,Merced,047,269075,39767,39516,1516,41032,558
2021-10-03,Modoc,049,8938,485,472,171,643,5
2021-10-03,Mono,051,14174,1572,1554,17,1571,3
2021-10-03,Monterey,053,433212,47264,47049,3321,50370,571
2021-10-03,Napa,055,140530,12584,12489,99,12588,96
2021-10-03,Nevada,057,99092,8623,8545,311,8856,90
2021-10-03,Orange,059,3164182,300542,298027,14427,312454,5447
2021-10-03,Placer,061,380077,34986,34596,3401,37997,379
2021-10-03,Plumas,063,18699,1400,1328,28,1356,6
2021-10-03,Riverside,065,2383286,351004,348593,16114,364707,4924
2021-10-03,Sacramento,067,1510023,151588,150664,4089,154753,2120
2021-10-03,San Benito,069,59416,7114,7095,155,7250,69
2021-10-03,San Bernardino,071,2135413,344204,342302,10888,353190,5555
2021-10-03,San Diego,073,3302833,360658,358153,20830,378983,4081
2021-10-03,San Francisco,075,870044,51049,50733,2448,53181,638
2021-10-03,San Joaquin,077,732212,95889,95133,5232,100365,1649
2021-10-03,San Luis Obispo,079,281455,28305,28065,1152,29217,325
2021-10-03,San Mateo,081,765935,52172,51923,1382,53305,569
2021-10-03,Santa Barbara,083,443738,43257,42550,1586,44136,511
2021-10-03,Santa Clara,085,1922200,142713,141737,1203,142940,1869
2021-10-03,Santa Cruz,087,273765,19712,19548,1017,20565,216
2021-10-03,Shasta,089,179085,19517,19132,3286,22418,279
2021-10-03,Sierra,091,2930,141,136,15,151,0
2021-10-03,Siskiyou,093,43540,3169,3096,1173,4269,42
2021-10-03,Solano,095,438530,44692,44051,1168,45219,322
2021-10-03,Sonoma,097,501317,39900,39679,500,40179,381
2021-10-03,Stanislaus,099,539301,75098,74366,8507,82873,1106
2021-10-03,Sutter,101,95872,13352,13248,283,13531,164
2021-10-03,Tehama,103,63373,7687,7564,1311,8875,94
2021-10-03,Trinity,105,12862,764,647,196,843,11
2021-10-03,Tulare,107,460477,63845,62860,13701,76561,924
2021-10-03,Tuolumne,109,53932,6539,6430,73,6503,89
2021-10-03,Ventura,111,848112,95777,95108,4233,99341,1153
2021-10-03,Yolo,113,214977,18901,18720,1016,19736,242
2021-10-03,Yuba,115,75493,9563,9462,227,9689,68
2021-10-02,Alameda,001,1643700,116360,115185,2773,117958,1343
2021-10-02,Alpine,003,1148,102,102,0,102,0
2021-10-02,Amador,005,37829,5245,5105,52,5157,61
2021-10-02,Butte,007,227075,19403,18911,3526,22437,243
2021-10-02,Calaveras,009,45235,3684,3585,44,3629,72
2021-10-02,Colusa,011,21464,2435,2403,568,2971,18
2021-10-02,Contra Costa,013,1133247,96335,95369,2064,97433,933
2021-10-02,Del Norte,015,27424,3564,3468,40,3508,39
2021-10-02,El Dorado,017,186661,15156,14887,1586,16473,136
2021-10-02,Fresno,019,978130,130861,128450,11563,140013,1964
2021-10-02,Glenn,021,27897,3286,3234,930,4164,26
2021-10-02,Humboldt,023,135768,8455,8244,451,8695,94
2021-10-02,Imperial,025,180216,32009,31674,3115,34789,757
2021-10-02,Inyo,027,18085,1815,1746,52,1798,39
2021-10-02,Kern,029,883053,120238,117962,19521,137483,1524
2021-10-02,Kings,031,150075,30015,29339,1786,31125,301
2021-10-02,Lake,033,64148,6317,6191,131,6322,97
2021-10-02,Lassen,035,31185,6483,6360,314,6674,25
2021-10-02,Los Angeles,037,10098052,1406300,1395070,53129,1448199,26126
2021-10-02,Madera,039,155013,21417,20931,1801,22732,266
2021-10-02,Marin,041,260295,17080,16936,423,17359,242
2021-10-02,Mariposa,043,17540,1046,967,32,999,5
2021-10-02,Mendocino,045,87422,7009,6869,387,7256,78
2021-10-02,Merced,047,269075,39740,39196,1513,40709,552
2021-10-02,Modoc,049,8938,483,468,171,639,5
2021-10-02,Mono,051,14174,1570,1540,17,1557,3
2021-10-02,Monterey,053,433212,47219,46964,3312,50276,571
2021-10-02,Napa,055,140530,12574,12433,99,12532,96
2021-10-02,Nevada,057,99092,8612,8474,310,8784,87
2021-10-02,Orange,059,3164182,300376,297307,14407,311714,5435
2021-10-02,Placer,061,380077,34920,34377,3392,37769,381
2021-10-02,Plumas,063,18699,1389,1298,28,1326,6
2021-10-02,Riverside,065,2383286,350763,347227,16103,363330,4895
2021-10-02,Sacramento,067,1510023,151414,149897,4081,153978,2099
2021-10-02,San Benito,069,59416,7107,7055,155,7210,69
2021-10-02,San Bernardino,071,2135413,344020,341212,10838,352050,5540
2021-10-02,San Diego,073,3302833,360338,356454,20806,377260,4078
2021-10-02,San Francisco,075,870044,51003,50393,2440,52833,634
2021-10-02,San Joaquin,077,732212,95825,94599,5226,99825,1646
2021-10-02,San Luis Obispo,079,281455,28282,27915,1152,29067,323
2021-10-02,San Mateo,081,765935,52133,51767,1376,53143,573
2021-10-02,Santa Barbara,083,443738,43217,42423,1586,44009,508
2021-10-02,Santa Clara,085,1922200,142599,141231,1199,142430,1862
2021-10-02,Santa Cruz,087,273765,19695,19461,1016,20477,214
2021-10-02,Shasta,089,179085,19471,18912,3280,22192,270
2021-10-02,Sierra,091,2930,140,131,15,146,0
2021-10-02,Siskiyou,093,43540,3168,3053,1170,4223,42
2021-10-02,Solano,095,438530,44647,43800,1167,44967,321
2021-10-02,Sonoma,097,501317,39866,39497,499,39996,382
2021-10-02,Stanislaus,099,539301,75012,73859,8493,82352,1099
2021-10-02,Sutter,101,95872,13343,13160,282,13442,160
2021-10-02,Tehama,103,63373,7672,7453,1311,8764,93
2021-10-02,Trinity,105,12862,761,625,196,821,10
2021-10-02,Tulare,107,460477,63771,62247,13674,75921,908
2021-10-02,Tuolumne,109,53932,6525,6369,73,6442,89
2021-10-02,Ventura,111,848112,95715,94854,4228,99082,1148
2021-10-02,Yolo,113,214977,18876,18640,1012,19652,242
2021-10-02,Yuba,115,75493,9544,9370,226,9596,66
2021-10-01,Alameda,001,1643700,116287,115185,2767,117952,1343
2021-10-01,Alpine,003,1148,102,102,0,102,0
2021-10-01,Amador,005,37829,5225,5105,52,5157,61
2021-10-01,Butte,007,227075,19362,18911,3520,22431,243
2021-10-01,Calaveras,009,45235,3674,3585,44,3629,72
2021-10-01,Colusa,011,21464,2433,2403,568,2971,18
2021-10-01,Contra Costa,013,1133247,96238,95369,2060,97429,933
2021-10-01,Del Norte,015,27424,3561,3468,39,3507,39
2021-10-01,El Dorado,017,186661,15138,14887,1582,16469,136
2021-10-01,Fresno,019,978130,130673,128450,11554,140004,1964
2021-10-01,Glenn,021,27897,3286,3234,928,4162,26
2021-10-01,Humboldt,023,135768,8439,8244,450,8694,94
2021-10-01,Imperial,025,180216,31990,31674,3105,34779,757
2021-10-01,Inyo,027,18085,1806,1746,52,1798,39
2021-10-01,Kern,029,883053,120087,117962,19462,137424,1524
2021-10-01,Kings,031,150075,29981,29339,1780,31119,301
2021-10-01,Lake,033,64148,6307,6191,131,6322,97
2021-10-01,Lassen,035,31185,6472,6360,312,6672,25
2021-10-01,Los Angeles,037,10098052,1405541,1395070,53084,1448154,26126
2021-10-01,Madera,039,155013,21367,20931,1792,22723,266
2021-10-01,Marin,041,260295,17065,16936,422,17358,242
2021-10-01,Mariposa,043,17540,1039,967,32,999,5
2021-10-01,Mendocino,045,87422,6997,6869,387,7256,78
2021-10-01,Merced,047,269075,39695,39196,1504,40700,552
2021-10-01,Modoc,049,8938,482,468,171,639,5
2021-10-01,Mono,051,14174,1568,1540,17,1557,3
2021-10-01,Monterey,053,433212,47200,46964,3307,50271,571
2021-10-01,Napa,055,140530,12564,12433,98,12531,96
2021-10-01,Nevada,057,99092,8598,8474,309,8783,87
2021-10-01,Orange,059,3164182,300192,297307,14390,311697,5435
2021-10-01,Placer,061,380077,34886,34377,3388,37765,381
2021-10-01,Plumas,063,18699,1380,1298,28,1326,6
2021-10-01,Riverside,065,2383286,350470,347227,16096,363323,4895
2021-10-01,Sacramento,067,1510023,151264,149897,4070,153967,2099
2021-10-01,San Benito,069,59416,7105,7055,153,7208,69
2021-10-01,San Bernardino,071,2135413,343822,341212,10835,352047,5540
2021-10-01,San Diego,073,3302833,359971,356454,20784,377238,4078
2021-10-01,San Francisco,075,870044,50961,50393,2438,52831,634
2021-10-01,San Joaquin,077,732212,95755,94599,5222,99821,1646
2021-10-01,San Luis Obispo,079,281455,28259,27915,1149,29064,323
2021-10-01,San Mateo,081,765935,52099,51767,1367,53134,573
2021-10-01,Santa Barbara,083,443738,43182,42423,1586,44009,508
2021-10-01,Santa Clara,085,1922200,142506,141231,1194,142425,1862
2021-10-01,Santa Cruz,087,273765,19675,19461,1015,20476,214
2021-10-01,Shasta,089,179085,19417,18912,3272,22184,270
2021-10-01,Sierra,091,2930,140,131,15,146,0
2021-10-01,Siskiyou,093,43540,3167,3053,1167,4220,42
2021-10-01,Solano,095,438530,44595,43800,1161,44961,321
2021-10-01,Sonoma,097,501317,39834,39497,498,39995,382
2021-10-01,Stanislaus,099,539301,74930,73859,8481,82340,1099
2021-10-01,Sutter,101,95872,13327,13160,280,13440,160
2021-10-01,Tehama,103,63373,7660,7453,1309,8762,93
2021-10-01,Trinity,105,12862,759,625,196,821,10
2021-10-01,Tulare,107,460477,63668,62247,13639,75886,908
2021-10-01,Tuolumne,109,53932,6508,6369,73,6442,89
2021-10-01,Ventura,111,848112,95655,94854,4222,99076,1148
2021-10-01,Yolo,113,214977,18852,18640,1009,19649,242
2021-10-01,Yuba,115,75493,9522,9370,226,9596,66
2021-09-30,Alameda,001,1643700,116146,115185,2763,117948,1343
2021-09-30,Alpine,003,1148,102,102,0,102,0
2021-09-30,Amador,005,37829,5213,5105,52,5157,61
2021-09-30,Butte,007,227075,19313,18911,3511,22422,243
2021-09-30,Calaveras,009,45235,3660,3585,44,3629,72
2021-09-30,Colusa,011,21464,2430,2403,567,2970,18
2021-09-30,Contra Costa,013,1133247,96135,95369,2054,97423,933
2021-09-30,Del Norte,015,27424,3557,3468,36,3504,39
2021-09-30,El Dorado,017,186661,15113,14887,1574,16461,136
2021-09-30,Fresno,019,978130,130396,128450,11525,139975,1964
2021-09-30,Glenn,021,27897,3275,3234,928,4162,26
2021-09-30,Humboldt,023,135768,8407,8244,444,8688,94
2021-09-30,Imperial,025,180216,31939,31674,3103,34777,757
2021-09-30,Inyo,027,18085,1796,1746,52,1798,39
2021-09-30,Kern,029,883053,119844,117962,19380,137342,1524
2021-09-30,Kings,031,150075,29893,29339,1776,31115,301
2021-09-30,Lake,033,64148,6289,6191,131,6322,97
2021-09-30,Lassen,035,31185,6458,6360,312,6672,25
2021-09-30,Los Angeles,037,10098052,1404336,1395070,53024,1448094,26126
2021-09-30,Madera,039,155013,21284,20931,1777,22708,266
2021-09-30,Marin,041,260295,17045,16936,421,17357,242
2021-09-30,Mariposa,043,17540,1017,967,32,999,5
2021-09-30,Mendocino,045,87422,6988,6869,378,7247,78
2021-09-30,Merced,047,269075,39598,39196,1501,40697,552
2021-09-30,Modoc,049,8938,482,468,170,638,5
2021-09-30,Mono,051,14174,1559,1540,17,1557,3
2021-09-30,Monterey,053,433212,47181,46964,3285,50249,571
2021-09-30,Napa,055,140530,12544,12433,98,12531,96
2021-09-30,Nevada,057,99092,8581,8474,308,8782,87
2021-09-30,Orange,059,3164182,299922,297307,14352,311659,5435
2021-09-30,Placer,061,380077,34834,34377,3367,37744,381
2021-09-30,Plumas,063,18699,1362,1298,28,1326,6
2021-09-30,Riverside,065,2383286,350038,347227,16075,363302,4895
2021-09-30,Sacramento,067,1510023,151009,149897,4044,153941,2099
2021-09-30,San Benito,069,59416,7099,7055,153,7208,69
2021-09-30,San Bernardino,071,2135413,343511,341212,10820,352032,5540
2021-09-30,San Diego,073,3302833,359479,356454,20756,377210,4078
2021-09-30,San Francisco,075,870044,50886,50393,2434,52827,634
2021-09-30,San Joaquin,077,732212,95626,94599,5214,99813,1646
2021-09-30,San Luis Obispo,079,281455,28211,27915,1145,29060,323
2021-09-30,San Mateo,081,765935,52055,51767,1362,53129,573
2021-09-30,Santa Barbara,083,443738,43127,42423,1585,44008,508
2021-09-30,Santa Clara,085,1922200,142356,141231,1191,142422,1862
2021-09-30,Santa Cruz,087,273765,19636,19461,1013,20474,214
2021-09-30,Shasta,089,179085,19355,18912,3257,22169,270
2021-09-30,Sierra,091,2930,139,131,15,146,0
2021-09-30,Siskiyou,093,43540,3159,3053,1162,4215,42
2021-09-30,Solano,095,438530,44543,43800,1158,44958,321
2021-09-30,Sonoma,097,501317,39785,39497,498,39995,382
2021-09-30,Stanislaus,099,539301,74770,73859,8461,82320,1099
2021-09-30,Sutter,101,95872,13306,13160,280,13440,160
2021-09-30,Tehama,103,63373,7623,7453,1298,8751,93
2021-09-30,Trinity,105,12862,755,625,196,821,10
2021-09-30,Tulare,107,460477,63497,62247,13580,75827,908
2021-09-30,Tuolumne,109,53932,6484,6369,73,6442,89
2021-09-30,Ventura,111,848112,95560,94854,4215,99069,1148
2021-09-30,Yolo,113,214977,18814,18640,1005,19645,242
2021-09-30,Yuba,115,75493,9499,9370,225,9595,66
2021-09-29,Alameda,001,1643700,116002,114998,2759,117757,1339
2021-09-29,Alpine,003,1148,102,101,0,101,0
2021-09-29,Amador,005,37829,5191,5058,52,5110,61
2021-09-29,Butte,007,227075,19259,18835,3504,22339,242
2021-09-29,Calaveras,009,45235,3643,3553,43,3596,72
2021-09-29,Colusa,011,21464,2428,2401,567,2968,18
2021-09-29,Contra Costa,013,1133247,96021,95213,2046,97259,929
2021-09-29,Del Norte,015,27424,3551,3467,36,3503,39
2021-09-29,El Dorado,017,186661,15082,14834,1567,16401,136
2021-09-29,Fresno,019,978130,130099,128068,11505,139573,1957
2021-09-29,Glenn,021,27897,3268,3213,926,4139,26
2021-09-29,Humboldt,023,135768,8384,8203,443,8646,94
2021-09-29,Imperial,025,180216,31872,31600,3098,34698,757
2021-09-29,Inyo,027,18085,1786,1740,51,1791,39
2021-09-29,Kern,029,883053,119609,117605,19304,136909,1513
2021-09-29,Kings,031,150075,29809,29195,1761,30956,299
2021-09-29,Lake,033,64148,6269,6164,131,6295,97
2021-09-29,Lassen,035,31185,6444,6347,312,6659,25
2021-09-29,Los Angeles,037,10098052,1403132,1393617,52952,1446569,26098
2021-09-29,Madera,039,155013,21239,20818,1762,22580,266
2021-09-29,Marin,041,260295,17027,16921,419,17340,242
2021-09-29,Mariposa,043,17540,1003,963,32,995,5
2021-09-29,Mendocino,045,87422,6976,6821,370,7191,78
2021-09-29,Merced,047,269075,39505,39026,1489,40515,552
2021-09-29,Modoc,049,8938,480,468,170,638,5
2021-09-29,Mono,051,14174,1558,1527,17,1544,3
2021-09-29,Monterey,053,433212,47152,46917,3264,50181,571
2021-09-29,Napa,055,140530,12524,12416,94,12510,96
2021-09-29,Nevada,057,99092,8568,8434,308,8742,87
2021-09-29,Orange,059,3164182,299652,296936,14317,311253,5429
2021-09-29,Placer,061,380077,34770,34271,3344,37615,379
2021-09-29,Plumas,063,18699,1343,1289,28,1317,6
2021-09-29,Riverside,065,2383286,349602,346558,16064,362622,4886
2021-09-29,Sacramento,067,1510023,150758,149686,4034,153720,2099
2021-09-29,San Benito,069,59416,7088,7039,153,7192,69
2021-09-29,San Bernardino,071,2135413,343190,340672,10807,351479,5539
2021-09-29,San Diego,073,3302833,358977,355899,20726,376625,4066
2021-09-29,San Francisco,075,870044,50801,50286,2431,52717,629
2021-09-29,San Joaquin,077,732212,95468,94356,5192,99548,1645
2021-09-29,San Luis Obispo,079,281455,28165,27800,1139,28939,323
2021-09-29,San Mateo,081,765935,52001,51673,1355,53028,573
2021-09-29,Santa Barbara,083,443738,43055,42328,1582,43910,507
2021-09-29,Santa Clara,085,1922200,142222,141036,1185,142221,1861
2021-09-29,Santa Cruz,087,273765,19619,19425,1011,20436,214
2021-09-29,Shasta,089,179085,19289,18805,3245,22050,271
2021-09-29,Sierra,091,2930,135,130,15,145,0
2021-09-29,Siskiyou,093,43540,3146,3043,1155,4198,42
2021-09-29,Solano,095,438530,44487,43724,1151,44875,321
2021-09-29,Sonoma,097,501317,39724,39426,496,39922,370
2021-09-29,Stanislaus,099,539301,74641,73634,8448,82082,1096
2021-09-29,Sutter,101,95872,13279,13135,277,13412,155
2021-09-29,Tehama,103,63373,7593,7409,1283,8692,88
2021-09-29,Trinity,105,12862,751,616,196,812,10
2021-09-29,Tulare,107,460477,63327,62046,13521,75567,908
2021-09-29,Tuolumne,109,53932,6467,6336,73,6409,89
2021-09-29,Ventura,111,848112,95472,94753,4211,98964,1144
2021-09-29,Yolo,113,214977,18781,18587,1000,19587,239
2021-09-29,Yuba,115,75493,9468,9351,221,9572,66
2021-09-28,Alameda,001,1643700,115844,114869,2752,117621,1333
2021-09-28,Alpine,003,1148,102,101,0,101,0
2021-09-28,Amador,005,37829,5169,5049,52,5101,61
2021-09-28,Butte,007,227075,19208,18764,3491,22255,241
2021-09-28,Calaveras,009,45235,3623,3530,43,3573,72
2021-09-28,Colusa,011,21464,2425,2399,565,2964,18
2021-09-28,Contra Costa,013,1133247,95879,95115,2041,97156,929
2021-09-28,Del Norte,015,27424,3548,3462,36,3498,39
2021-09-28,El Dorado,017,186661,15035,14793,1563,16356,133
2021-09-28,Fresno,019,978130,129753,127877,11478,139355,1948
2021-09-28,Glenn,021,27897,3262,3205,925,4130,26
2021-09-28,Humboldt,023,135768,8342,8159,440,8599,91
2021-09-28,Imperial,025,180216,31828,31543,3094,34637,757
2021-09-28,Inyo,027,18085,1772,1708,50,1758,39
2021-09-28,Kern,029,883053,119341,117420,19208,136628,1506
2021-09-28,Kings,031,150075,29711,29141,1751,30892,295
2021-09-28,Lake,033,64148,6254,6155,131,6286,95
2021-09-28,Lassen,035,31185,6438,6340,308,6648,25
2021-09-28,Los Angeles,037,10098052,1401841,1392445,52885,1445330,26068
2021-09-28,Madera,039,155013,21186,20764,1747,22511,266
2021-09-28,Marin,041,260295,17008,16887,417,17304,242
2021-09-28,Mariposa,043,17540,998,952,32,984,5
2021-09-28,Mendocino,045,87422,6954,6804,368,7172,78
2021-09-28,Merced,047,269075,39419,38953,1475,40428,551
2021-09-28,Modoc,049,8938,479,467,170,637,5
2021-09-28,Mono,051,14174,1548,1527,17,1544,3
2021-09-28,Monterey,053,433212,47120,46859,3250,50109,571
2021-09-28,Napa,055,140530,12507,12388,93,12481,96
2021-09-28,Nevada,057,99092,8545,8409,307,8716,84
2021-09-28,Orange,059,3164182,299401,296596,14290,310886,5421
2021-09-28,Placer,061,380077,34705,34187,3326,37513,370
2021-09-28,Plumas,063,18699,1333,1276,28,1304,6
2021-09-28,Riverside,065,2383286,349141,346096,16042,362138,4874
2021-09-28,Sacramento,067,1510023,150469,149310,4012,153322,2086
2021-09-28,San Benito,069,59416,7071,7028,152,7180,69
2021-09-28,San Bernardino,071,2135413,342839,340342,10790,351132,5540
2021-09-28,San Diego,073,3302833,358415,355373,20695,376068,4054
2021-09-28,San Francisco,075,870044,50703,50234,2426,52660,627
2021-09-28,San Joaquin,077,732212,95315,94194,5179,99373,1639
2021-09-28,San Luis Obispo,079,281455,28130,27755,1134,28889,321
2021-09-28,San Mateo,081,765935,51961,51620,1350,52970,571
2021-09-28,Santa Barbara,083,443738,42983,42226,1578,43804,506
2021-09-28,Santa Clara,085,1922200,142060,140886,1176,142062,1858
2021-09-28,Santa Cruz,087,273765,19578,19324,1010,20334,214
2021-09-28,Shasta,089,179085,19227,18701,3231,21932,267
2021-09-28,Sierra,091,2930,134,130,14,144,0
2021-09-28,Siskiyou,093,43540,3134,3032,1152,4184,42
2021-09-28,Solano,095,438530,44414,43652,1148,44800,316
2021-09-28,Sonoma,097,501317,39677,39395,495,39890,370
2021-09-28,Stanislaus,099,539301,74471,73528,8435,81963,1094
2021-09-28,Sutter,101,95872,13260,13102,273,13375,155
2021-09-28,Tehama,103,63373,7575,7382,1268,8650,88
2021-09-28,Trinity,105,12862,748,613,196,809,10
2021-09-28,Tulare,107,460477,63168,61916,13462,75378,905
2021-09-28,Tuolumne,109,53932,6441,6308,73,6381,89
2021-09-28,Ventura,111,848112,95353,94632,4208,98840,1143
2021-09-28,Yolo,113,214977,18755,18564,997,19561,239
2021-09-28,Yuba,115,75493,9449,9323,220,9543,66
2021-09-27,Alameda,001,1643700,115657,114731,2743,117474,1327
2021-09-27,Alpine,003,1148,102,101,0,101,0
2021-09-27,Amador,005,37829,5155,5017,52,5069,59
2021-09-27,Butte,007,227075,19151,18687,3475,22162,239
2021-09-27,Calaveras,009,45235,3603,3514,42,3556,70
2021-09-27,Colusa,011,21464,2424,2393,564,2957,18
2021-09-27,Contra Costa,013,1133247,95748,94979,2032,97011,924
2021-09-27,Del Norte,015,27424,3546,3468,34,3502,37
2021-09-27,El Dorado,017,186661,14996,14764,1556,16320,132
2021-09-27,Fresno,019,978130,129433,127475,11446,138921,1942
2021-09-27,Glenn,021,27897,3249,3189,921,4110,26
2021-09-27,Humboldt,023,135768,8302,8118,440,8558,91
2021-09-27,Imperial,025,180216,31765,31491,3087,34578,756
2021-09-27,Inyo,027,18085,1760,1698,50,1748,39
2021-09-27,Kern,029,883053,119065,117064,19110,136174,1503
2021-09-27,Kings,031,150075,29613,28998,1739,30737,297
2021-09-27,Lake,033,64148,6234,6126,131,6257,95
2021-09-27,Lassen,035,31185,6423,6327,304,6631,25
2021-09-27,Los Angeles,037,10098052,1400509,1391538,52815,1444353,26040
2021-09-27,Madera,039,155013,21121,20691,1738,22429,262
2021-09-27,Marin,041,260295,16986,16861,416,17277,242
2021-09-27,Mariposa,043,17540,988,931,32,963,5
2021-09-27,Mendocino,045,87422,6928,6761,361,7122,74
2021-09-27,Merced,047,269075,39321,38840,1469,40309,548
2021-09-27,Modoc,049,8938,478,465,168,633,5
2021-09-27,Mono,051,14174,1533,1525,17,1542,3
2021-09-27,Monterey,053,433212,47081,46811,3234,50045,571
2021-09-27,Napa,055,140530,12483,12354,92,12446,95
2021-09-27,Nevada,057,99092,8522,8379,304,8683,84
2021-09-27,Orange,059,3164182,299095,296334,14260,310594,5409
2021-09-27,Placer,061,380077,34618,34087,3321,37408,370
2021-09-27,Plumas,063,18699,1324,1269,28,1297,6
2021-09-27,Riverside,065,2383286,348700,345529,16032,361561,4864
2021-09-27,Sacramento,067,1510023,150152,149096,3990,153086,2076
2021-09-27,San Benito,069,59416,7054,7017,152,7169,67
2021-09-27,San Bernardino,071,2135413,342427,339952,10765,350717,5544
2021-09-27,San Diego,073,3302833,357757,354755,20670,375425,4054
2021-09-27,San Francisco,075,870044,50619,50157,2422,52579,622
2021-09-27,San Joaquin,077,732212,95132,94085,5176,99261,1633
2021-09-27,San Luis Obispo,079,281455,28075,27674,1131,28805,320
2021-09-27,San Mateo,081,765935,51895,51552,1341,52893,571
2021-09-27,Santa Barbara,083,443738,42917,42012,1574,43586,505
2021-09-27,Santa Clara,085,1922200,141879,140802,1165,141967,1853
2021-09-27,Santa Cruz,087,273765,19555,19292,1009,20301,214
2021-09-27,Shasta,089,179085,19145,18599,3203,21802,267
2021-09-27,Sierra,091,2930,134,128,14,142,0
2021-09-27,Siskiyou,093,43540,3122,3015,1147,4162,42
2021-09-27,Solano,095,438530,44339,43582,1143,44725,314
2021-09-27,Sonoma,097,501317,39622,39347,495,39842,370
2021-09-27,Stanislaus,099,539301,74316,73370,8416,81786,1091
2021-09-27,Sutter,101,95872,13230,13082,269,13351,155
2021-09-27,Tehama,103,63373,7534,7345,1258,8603,88
2021-09-27,Trinity,105,12862,737,605,195,800,9
2021-09-27,Tulare,107,460477,62970,61708,13391,75099,904
2021-09-27,Tuolumne,109,53932,6423,6264,73,6337,89
2021-09-27,Ventura,111,848112,95230,94477,4204,98681,1138
2021-09-27,Yolo,113,214977,18723,18524,996,19520,239
2021-09-27,Yuba,115,75493,9412,9292,216,9508,64
2021-09-26,Alameda,001,1643700,115460,114601,2736,117337,1326
2021-09-26,Alpine,003,1148,101,101,0,101,0
2021-09-26,Amador,005,37829,5123,5001,51,5052,59
2021-09-26,Butte,007,227075,19075,18634,3458,22092,238
2021-09-26,Calaveras,009,45235,3581,3505,42,3547,70
2021-09-26,Colusa,011,21464,2418,2392,561,2953,18
2021-09-26,Contra Costa,013,1133247,95576,94877,2018,96895,924
2021-09-26,Del Norte,015,27424,3540,3466,33,3499,37
2021-09-26,El Dorado,017,186661,14955,14738,1548,16286,132
2021-09-26,Fresno,019,978130,129078,127235,11407,138642,1939
2021-09-26,Glenn,021,27897,3237,3182,921,4103,26
2021-09-26,Humboldt,023,135768,8267,8098,439,8537,91
2021-09-26,Imperial,025,180216,31704,31462,3086,34548,756
2021-09-26,Inyo,027,18085,1745,1685,50,1735,39
2021-09-26,Kern,029,883053,118729,116927,18999,135926,1502
2021-09-26,Kings,031,150075,29511,28930,1728,30658,293
2021-09-26,Lake,033,64148,6217,6113,131,6244,95
2021-09-26,Lassen,035,31185,6413,6319,299,6618,25
2021-09-26,Los Angeles,037,10098052,1399023,1390577,52743,1443320,26035
2021-09-26,Madera,039,155013,21047,20629,1719,22348,262
2021-09-26,Marin,041,260295,16963,16860,416,17276,242
2021-09-26,Mariposa,043,17540,982,929,32,961,5
2021-09-26,Mendocino,045,87422,6895,6744,346,7090,74
2021-09-26,Merced,047,269075,39160,38717,1464,40181,548
2021-09-26,Modoc,049,8938,478,465,167,632,5
2021-09-26,Mono,051,14174,1531,1516,17,1533,3
2021-09-26,Monterey,053,433212,47036,46792,3218,50010,571
2021-09-26,Napa,055,140530,12459,12340,91,12431,95
2021-09-26,Nevada,057,99092,8491,8356,299,8655,84
2021-09-26,Orange,059,3164182,298763,296085,14227,310312,5409
2021-09-26,Placer,061,380077,34524,34043,3311,37354,370
2021-09-26,Plumas,063,18699,1306,1268,28,1296,6
2021-09-26,Riverside,065,2383286,348168,345257,16018,361275,4864
2021-09-26,Sacramento,067,1510023,149748,148745,3971,152716,2071
2021-09-26,San Benito,069,59416,7037,7012,151,7163,67
2021-09-26,San Bernardino,071,2135413,341974,339771,10750,350521,5545
2021-09-26,San Diego,073,3302833,357118,354414,20627,375041,4051
2021-09-26,San Francisco,075,870044,50495,50092,2412,52504,622
2021-09-26,San Joaquin,077,732212,94927,93935,5161,99096,1633
2021-09-26,San Luis Obispo,079,281455,28002,27624,1126,28750,319
2021-09-26,San Mateo,081,765935,51841,51496,1327,52823,571
2021-09-26,Santa Barbara,083,443738,42831,41946,1571,43517,505
2021-09-26,Santa Clara,085,1922200,141679,140667,1162,141829,1852
2021-09-26,Santa Cruz,087,273765,19530,19279,1009,20288,214
2021-09-26,Shasta,089,179085,19036,18566,3179,21745,266
2021-09-26,Sierra,091,2930,134,128,14,142,0
2021-09-26,Siskiyou,093,43540,3108,2998,1137,4135,42
2021-09-26,Solano,095,438530,44272,43537,1142,44679,314
2021-09-26,Sonoma,097,501317,39563,39302,495,39797,370
2021-09-26,Stanislaus,099,539301,74114,73243,8389,81632,1091
2021-09-26,Sutter,101,95872,13193,13045,268,13313,155
2021-09-26,Tehama,103,63373,7476,7323,1248,8571,88
2021-09-26,Trinity,105,12862,734,591,195,786,9
2021-09-26,Tulare,107,460477,62749,61560,13311,74871,904
2021-09-26,Tuolumne,109,53932,6395,6236,71,6307,89
2021-09-26,Ventura,111,848112,95118,94391,4197,98588,1138
2021-09-26,Yolo,113,214977,18688,18496,988,19484,239
2021-09-26,Yuba,115,75493,9385,9275,216,9491,64
2021-09-25,Alameda,001,1643700,115385,114014,2732,116746,1324
2021-09-25,Alpine,003,1148,101,101,0,101,0
2021-09-25,Amador,005,37829,5109,4934,51,4985,59
2021-09-25,Butte,007,227075,19046,18396,3449,21845,236
2021-09-25,Calaveras,009,45235,3578,3461,42,3503,70
2021-09-25,Colusa,011,21464,2416,2387,559,2946,16
2021-09-25,Contra Costa,013,1133247,95505,94337,2014,96351,924
2021-09-25,Del Norte,015,27424,3539,3404,33,3437,35
2021-09-25,El Dorado,017,186661,14932,14641,1544,16185,130
2021-09-25,Fresno,019,978130,128934,126299,11394,137693,1927
2021-09-25,Glenn,021,27897,3235,3144,920,4064,25
2021-09-25,Humboldt,023,135768,8248,8014,437,8451,88
2021-09-25,Imperial,025,180216,31677,31280,3086,34366,755
2021-09-25,Inyo,027,18085,1737,1657,50,1707,39
2021-09-25,Kern,029,883053,118574,116021,18931,134952,1485
2021-09-25,Kings,031,150075,29460,28636,1725,30361,293
2021-09-25,Lake,033,64148,6212,6046,129,6175,92
2021-09-25,Lassen,035,31185,6401,6248,298,6546,25
2021-09-25,Los Angeles,037,10098052,1398309,1386417,52702,1439119,25964
2021-09-25,Madera,039,155013,21022,20432,1713,22145,262
2021-09-25,Marin,041,260295,16954,16802,414,17216,242
2021-09-25,Mariposa,043,17540,977,906,32,938,5
2021-09-25,Mendocino,045,87422,6876,6657,345,7002,74
2021-09-25,Merced,047,269075,39114,38393,1462,39855,546
2021-09-25,Modoc,049,8938,478,460,167,627,5
2021-09-25,Mono,051,14174,1530,1501,17,1518,3
2021-09-25,Monterey,053,433212,47011,46653,3211,49864,567
2021-09-25,Napa,055,140530,12439,12266,91,12357,95
2021-09-25,Nevada,057,99092,8474,8285,299,8584,84
2021-09-25,Orange,059,3164182,298590,294514,14209,308723,5374
2021-09-25,Placer,061,380077,34460,33764,3308,37072,367
2021-09-25,Plumas,063,18699,1302,1238,28,1266,6
2021-09-25,Riverside,065,2383286,347845,343463,16010,359473,4843
2021-09-25,Sacramento,067,1510023,149572,147728,3962,151690,2049
2021-09-25,San Benito,069,59416,7032,6965,151,7116,67
2021-09-25,San Bernardino,071,2135413,341739,338413,10736,349149,5540
2021-09-25,San Diego,073,3302833,356768,352017,20601,372618,4039
2021-09-25,San Francisco,075,870044,50451,49840,2411,52251,615
2021-09-25,San Joaquin,077,732212,94841,93273,5159,98432,1628
2021-09-25,San Luis Obispo,079,281455,27964,27447,1122,28569,318
2021-09-25,San Mateo,081,765935,51787,51266,1317,52583,568
2021-09-25,Santa Barbara,083,443738,42773,41728,1571,43299,505
2021-09-25,Santa Clara,085,1922200,141573,140023,1159,141182,1844
2021-09-25,Santa Cruz,087,273765,19514,19200,1007,20207,214
2021-09-25,Shasta,089,179085,18985,18256,3170,21426,262
2021-09-25,Sierra,091,2930,133,127,14,141,0
2021-09-25,Siskiyou,093,43540,3101,2956,1127,4083,41
2021-09-25,Solano,095,438530,44231,43331,1139,44470,312
2021-09-25,Sonoma,097,501317,39522,39112,495,39607,369
2021-09-25,Stanislaus,099,539301,74005,72628,8374,81002,1091
2021-09-25,Sutter,101,95872,13175,12976,265,13241,154
2021-09-25,Tehama,103,63373,7461,7200,1246,8446,86
2021-09-25,Trinity,105,12862,734,576,195,771,9
2021-09-25,Tulare,107,460477,62666,60909,13265,74174,898
2021-09-25,Tuolumne,109,53932,6384,6168,71,6239,89
2021-09-25,Ventura,111,848112,95052,94059,4193,98252,1129
2021-09-25,Yolo,113,214977,18666,18393,987,19380,239
2021-09-25,Yuba,115,75493,9365,9191,216,9407,61
2021-09-24,Alameda,001,1643700,115282,114014,2727,116741,1324
2021-09-24,Alpine,003,1148,101,101,0,101,0
2021-09-24,Amador,005,37829,5079,4934,51,4985,59
2021-09-24,Butte,007,227075,18994,18396,3440,21836,236
2021-09-24,Calaveras,009,45235,3571,3461,41,3502,70
2021-09-24,Colusa,011,21464,2413,2387,558,2945,16
2021-09-24,Contra Costa,013,1133247,95397,94337,2010,96347,924
2021-09-24,Del Norte,015,27424,3536,3404,33,3437,35
2021-09-24,El Dorado,017,186661,14914,14641,1540,16181,130
2021-09-24,Fresno,019,978130,128735,126299,11382,137681,1927
2021-09-24,Glenn,021,27897,3230,3144,920,4064,25
2021-09-24,Humboldt,023,135768,8229,8014,434,8448,88
2021-09-24,Imperial,025,180216,31639,31280,3084,34364,755
2021-09-24,Inyo,027,18085,1728,1657,50,1707,39
2021-09-24,Kern,029,883053,118437,116021,18865,134886,1485
2021-09-24,Kings,031,150075,29419,28636,1720,30356,293
2021-09-24,Lake,033,64148,6204,6046,129,6175,92
2021-09-24,Lassen,035,31185,6393,6248,297,6545,25
2021-09-24,Los Angeles,037,10098052,1397430,1386417,52659,1439076,25964
2021-09-24,Madera,039,155013,20991,20432,1704,22136,262
2021-09-24,Marin,041,260295,16940,16802,413,17215,242
2021-09-24,Mariposa,043,17540,965,906,32,938,5
2021-09-24,Mendocino,045,87422,6863,6657,345,7002,74
2021-09-24,Merced,047,269075,39070,38393,1462,39855,546
2021-09-24,Modoc,049,8938,478,460,166,626,5
2021-09-24,Mono,051,14174,1527,1501,17,1518,3
2021-09-24,Monterey,053,433212,46995,46653,3198,49851,567
2021-09-24,Napa,055,140530,12420,12266,91,12357,95
2021-09-24,Nevada,057,99092,8460,8285,296,8581,84
2021-09-24,Orange,059,3164182,298385,294514,14191,308705,5374
2021-09-24,Placer,061,380077,34405,33764,3295,37059,367
2021-09-24,Plumas,063,18699,1297,1238,28,1266,6
2021-09-24,Riverside,065,2383286,347511,343463,16001,359464,4843
2021-09-24,Sacramento,067,1510023,149388,147728,3958,151686,2049
2021-09-24,San Benito,069,59416,7026,6965,151,7116,67
2021-09-24,San Bernardino,071,2135413,341474,338413,10726,349139,5540
2021-09-24,San Diego,073,3302833,356413,352017,20587,372604,4039
2021-09-24,San Francisco,075,870044,50389,49840,2401,52241,615
2021-09-24,San Joaquin,077,732212,94727,93273,5157,98430,1628
2021-09-24,San Luis Obispo,079,281455,27933,27447,1117,28564,318
2021-09-24,San Mateo,081,765935,51734,51266,1310,52576,568
2021-09-24,Santa Barbara,083,443738,42734,41728,1570,43298,505
2021-09-24,Santa Clara,085,1922200,141461,140023,1158,141181,1844
2021-09-24,Santa Cruz,087,273765,19491,19200,1006,20206,214
2021-09-24,Shasta,089,179085,18930,18256,3156,21412,262
2021-09-24,Sierra,091,2930,132,127,14,141,0
2021-09-24,Siskiyou,093,43540,3092,2956,1121,4077,41
2021-09-24,Solano,095,438530,44194,43331,1137,44468,312
2021-09-24,Sonoma,097,501317,39490,39112,495,39607,369
2021-09-24,Stanislaus,099,539301,73890,72628,8359,80987,1091
2021-09-24,Sutter,101,95872,13156,12976,264,13240,154
2021-09-24,Tehama,103,63373,7449,7200,1241,8441,86
2021-09-24,Trinity,105,12862,731,576,195,771,9
2021-09-24,Tulare,107,460477,62575,60909,13220,74129,898
2021-09-24,Tuolumne,109,53932,6355,6168,71,6239,89
2021-09-24,Ventura,111,848112,94974,94059,4186,98245,1129
2021-09-24,Yolo,113,214977,18634,18393,984,19377,239
2021-09-24,Yuba,115,75493,9346,9191,216,9407,61
2021-09-23,Alameda,001,1643700,115128,114014,2722,116736,1324
2021-09-23,Alpine,003,1148,101,101,0,101,0
2021-09-23,Amador,005,37829,5066,4934,51,4985,59
2021-09-23,Butte,007,227075,18932,18396,3416,21812,236
2021-09-23,Calaveras,009,45235,3550,3461,41,3502,70
2021-09-23,Colusa,011,21464,2411,2387,556,2943,16
2021-09-23,Contra Costa,013,1133247,95256,94337,2002,96339,924
2021-09-23,Del Norte,015,27424,3527,3404,32,3436,35
2021-09-23,El Dorado,017,186661,14888,14641,1534,16175,130
2021-09-23,Fresno,019,978130,128440,126299,11364,137663,1927
2021-09-23,Glenn,021,27897,3215,3144,917,4061,25
2021-09-23,Humboldt,023,135768,8203,8014,432,8446,88
2021-09-23,Imperial,025,180216,31603,31280,3084,34364,755
2021-09-23,Inyo,027,18085,1714,1657,50,1707,39
2021-09-23,Kern,029,883053,118180,116021,18783,134804,1485
2021-09-23,Kings,031,150075,29316,28636,1711,30347,293
2021-09-23,Lake,033,64148,6194,6046,129,6175,92
2021-09-23,Lassen,035,31185,6384,6248,292,6540,25
2021-09-23,Los Angeles,037,10098052,1396239,1386417,52595,1439012,25964
2021-09-23,Madera,039,155013,20909,20432,1700,22132,262
2021-09-23,Marin,041,260295,16925,16802,412,17214,242
2021-09-23,Mariposa,043,17540,952,906,32,938,5
2021-09-23,Mendocino,045,87422,6842,6657,343,7000,74
2021-09-23,Merced,047,269075,38967,38393,1455,39848,546
2021-09-23,Modoc,049,8938,477,460,166,626,5
2021-09-23,Mono,051,14174,1525,1501,17,1518,3
2021-09-23,Monterey,053,433212,46956,46653,3178,49831,567
2021-09-23,Napa,055,140530,12403,12266,91,12357,95
2021-09-23,Nevada,057,99092,8433,8285,296,8581,84
2021-09-23,Orange,059,3164182,298087,294514,14168,308682,5374
2021-09-23,Placer,061,380077,34329,33764,3288,37052,367
2021-09-23,Plumas,063,18699,1278,1238,27,1265,6
2021-09-23,Riverside,065,2383286,347060,343463,15993,359456,4843
2021-09-23,Sacramento,067,1510023,149058,147728,3938,151666,2049
2021-09-23,San Benito,069,59416,7015,6965,151,7116,67
2021-09-23,San Bernardino,071,2135413,341115,338413,10711,349124,5540
2021-09-23,San Diego,073,3302833,355950,352017,20548,372565,4039
2021-09-23,San Francisco,075,870044,50317,49840,2398,52238,615
2021-09-23,San Joaquin,077,732212,94554,93273,5142,98415,1628
2021-09-23,San Luis Obispo,079,281455,27890,27447,1115,28562,318
2021-09-23,San Mateo,081,765935,51668,51266,1301,52567,568
2021-09-23,Santa Barbara,083,443738,42656,41728,1567,43295,505
2021-09-23,Santa Clara,085,1922200,141312,140023,1150,141173,1844
2021-09-23,Santa Cruz,087,273765,19460,19200,1006,20206,214
2021-09-23,Shasta,089,179085,18850,18256,3139,21395,262
2021-09-23,Sierra,091,2930,132,127,14,141,0
2021-09-23,Siskiyou,093,43540,3088,2956,1110,4066,41
2021-09-23,Solano,095,438530,44126,43331,1134,44465,312
2021-09-23,Sonoma,097,501317,39431,39112,492,39604,369
2021-09-23,Stanislaus,099,539301,73733,72628,8327,80955,1091
2021-09-23,Sutter,101,95872,13127,12976,264,13240,154
2021-09-23,Tehama,103,63373,7408,7200,1236,8436,86
2021-09-23,Trinity,105,12862,717,576,194,770,9
2021-09-23,Tulare,107,460477,62399,60909,13164,74073,898
2021-09-23,Tuolumne,109,53932,6330,6168,70,6238,89
2021-09-23,Ventura,111,848112,94871,94059,4179,98238,1129
2021-09-23,Yolo,113,214977,18605,18393,979,19372,239
2021-09-23,Yuba,115,75493,9318,9191,215,9406,61
2021-09-22,Alameda,001,1643700,114974,113862,2718,116580,1322
2021-09-22,Alpine,003,1148,101,100,0,100,0
2021-09-22,Amador,005,37829,5050,4915,51,4966,59
2021-09-22,Butte,007,227075,18873,18337,3401,21738,235
2021-09-22,Calaveras,009,45235,3534,3448,41,3489,70
2021-09-22,Colusa,011,21464,2406,2384,555,2939,16
2021-09-22,Contra Costa,013,1133247,95072,94209,1994,96203,924
2021-09-22,Del Norte,015,27424,3516,3386,31,3417,35
2021-09-22,El Dorado,017,186661,14852,14605,1527,16132,127
2021-09-22,Fresno,019,978130,128183,126006,11352,137358,1908
2021-09-22,Glenn,021,27897,3213,3138,916,4054,25
2021-09-22,Humboldt,023,135768,8180,7998,424,8422,80
2021-09-22,Imperial,025,180216,31551,31243,3077,34320,755
2021-09-22,Inyo,027,18085,1704,1651,50,1701,39
2021-09-22,Kern,029,883053,117937,115757,18661,134418,1477
2021-09-22,Kings,031,150075,29232,28589,1705,30294,292
2021-09-22,Lake,033,64148,6182,6035,129,6164,93
2021-09-22,Lassen,035,31185,6364,6209,288,6497,25
2021-09-22,Los Angeles,037,10098052,1394920,1384719,52537,1437256,25930
2021-09-22,Madera,039,155013,20852,20382,1692,22074,262
2021-09-22,Marin,041,260295,16916,16782,409,17191,242
2021-09-22,Mariposa,043,17540,946,901,32,933,5
2021-09-22,Mendocino,045,87422,6815,6624,337,6961,70
2021-09-22,Merced,047,269075,38836,38305,1452,39757,541
2021-09-22,Modoc,049,8938,474,458,166,624,5
2021-09-22,Mono,051,14174,1516,1496,16,1512,3
2021-09-22,Monterey,053,433212,46912,46615,3165,49780,566
2021-09-22,Napa,055,140530,12380,12248,90,12338,95
2021-09-22,Nevada,057,99092,8411,8273,293,8566,84
2021-09-22,Orange,059,3164182,297813,294214,14151,308365,5366
2021-09-22,Placer,061,380077,34242,33661,3275,36936,367
2021-09-22,Plumas,063,18699,1265,1230,27,1257,6
2021-09-22,Riverside,065,2383286,346525,342946,15968,358914,4830
2021-09-22,Sacramento,067,1510023,148743,147533,3907,151440,2043
2021-09-22,San Benito,069,59416,7004,6961,149,7110,67
2021-09-22,San Bernardino,071,2135413,340720,337938,10702,348640,5528
2021-09-22,San Diego,073,3302833,355489,351132,20526,371658,4027
2021-09-22,San Francisco,075,870044,50233,49734,2393,52127,610
2021-09-22,San Joaquin,077,732212,94323,93010,5115,98125,1626
2021-09-22,San Luis Obispo,079,281455,27842,27398,1112,28510,315
2021-09-22,San Mateo,081,765935,51601,51197,1291,52488,568
2021-09-22,Santa Barbara,083,443738,42593,41678,1566,43244,504
2021-09-22,Santa Clara,085,1922200,141148,139803,1143,140946,1844
2021-09-22,Santa Cruz,087,273765,19421,19177,1006,20183,214
2021-09-22,Shasta,089,179085,18760,18153,3127,21280,260
2021-09-22,Sierra,091,2930,132,127,14,141,0
2021-09-22,Siskiyou,093,43540,3071,2947,1100,4047,41
2021-09-22,Solano,095,438530,44061,43269,1133,44402,312
2021-09-22,Sonoma,097,501317,39378,39063,491,39554,369
2021-09-22,Stanislaus,099,539301,73567,72355,8308,80663,1091
2021-09-22,Sutter,101,95872,13107,12960,261,13221,153
2021-09-22,Tehama,103,63373,7381,7173,1233,8406,86
2021-09-22,Trinity,105,12862,716,572,194,766,9
2021-09-22,Tulare,107,460477,62190,60776,13092,73868,896
2021-09-22,Tuolumne,109,53932,6309,6155,69,6224,89
2021-09-22,Ventura,111,848112,94767,93978,4173,98151,1122
2021-09-22,Yolo,113,214977,18567,18342,971,19313,239
2021-09-22,Yuba,115,75493,9289,9169,210,9379,61
2021-09-21,Alameda,001,1643700,114824,113765,2718,116483,1321
2021-09-21,Alpine,003,1148,101,100,0,100,0
2021-09-21,Amador,005,37829,5028,4897,51,4948,59
2021-09-21,Butte,007,227075,18776,18229,3363,21592,232
2021-09-21,Calaveras,009,45235,3516,3437,41,3478,70
2021-09-21,Colusa,011,21464,2403,2378,554,2932,16
2021-09-21,Contra Costa,013,1133247,94879,94101,1980,96081,924
2021-09-21,Del Norte,015,27424,3503,3378,31,3409,34
2021-09-21,El Dorado,017,186661,14822,14578,1520,16098,127
2021-09-21,Fresno,019,978130,127833,125789,11334,137123,1892
2021-09-21,Glenn,021,27897,3206,3134,909,4043,25
2021-09-21,Humboldt,023,135768,8148,7955,419,8374,80
2021-09-21,Imperial,025,180216,31493,31185,3075,34260,755
2021-09-21,Inyo,027,18085,1694,1646,50,1696,39
2021-09-21,Kern,029,883053,117644,115534,18547,134081,1467
2021-09-21,Kings,031,150075,29144,28545,1697,30242,291
2021-09-21,Lake,033,64148,6159,6013,129,6142,90
2021-09-21,Lassen,035,31185,6346,6159,284,6443,25
2021-09-21,Los Angeles,037,10098052,1393478,1383277,52481,1435758,25893
2021-09-21,Madera,039,155013,20791,20317,1681,21998,262
2021-09-21,Marin,041,260295,16901,16748,408,17156,242
2021-09-21,Mariposa,043,17540,941,894,31,925,5
2021-09-21,Mendocino,045,87422,6776,6580,326,6906,68
2021-09-21,Merced,047,269075,38715,38225,1448,39673,539
2021-09-21,Modoc,049,8938,471,458,166,624,5
2021-09-21,Mono,051,14174,1513,1495,15,1510,3
2021-09-21,Monterey,053,433212,46853,46583,3146,49729,565
2021-09-21,Napa,055,140530,12359,12238,90,12328,95
2021-09-21,Nevada,057,99092,8384,8259,284,8543,84
2021-09-21,Orange,059,3164182,297485,293898,14120,308018,5357
2021-09-21,Placer,061,380077,34141,33609,3264,36873,365
2021-09-21,Plumas,063,18699,1259,1225,27,1252,5
2021-09-21,Riverside,065,2383286,345964,342460,15943,358403,4817
2021-09-21,Sacramento,067,1510023,148360,147378,3879,151257,2027
2021-09-21,San Benito,069,59416,6993,6950,148,7098,67
2021-09-21,San Bernardino,071,2135413,340280,337387,10685,348072,5520
2021-09-21,San Diego,073,3302833,354869,350265,20503,370768,4021
2021-09-21,San Francisco,075,870044,50141,49653,2388,52041,609
2021-09-21,San Joaquin,077,732212,94089,92762,5103,97865,1621
2021-09-21,San Luis Obispo,079,281455,27784,27318,1108,28426,314
2021-09-21,San Mateo,081,765935,51538,51136,1285,52421,568
2021-09-21,Santa Barbara,083,443738,42526,41644,1562,43206,503
2021-09-21,Santa Clara,085,1922200,140931,139657,1139,140796,1843
2021-09-21,Santa Cruz,087,273765,19391,19140,1005,20145,212
2021-09-21,Shasta,089,179085,18632,18027,3104,21131,258
2021-09-21,Sierra,091,2930,132,127,14,141,0
2021-09-21,Siskiyou,093,43540,3058,2927,1085,4012,36
2021-09-21,Solano,095,438530,43985,43220,1133,44353,311
2021-09-21,Sonoma,097,501317,39325,39042,491,39533,369
2021-09-21,Stanislaus,099,539301,73380,72211,8286,80497,1091
2021-09-21,Sutter,101,95872,13084,12930,258,13188,153
2021-09-21,Tehama,103,63373,7335,7151,1228,8379,85
2021-09-21,Trinity,105,12862,705,572,192,764,9
2021-09-21,Tulare,107,460477,61975,60607,13032,73639,896
2021-09-21,Tuolumne,109,53932,6278,6139,69,6208,89
2021-09-21,Ventura,111,848112,94663,93818,4166,97984,1120
2021-09-21,Yolo,113,214977,18532,18313,967,19280,239
2021-09-21,Yuba,115,75493,9261,9135,210,9345,61
2021-09-20,Alameda,001,1643700,114645,113637,2714,116351,1320
2021-09-20,Alpine,003,1148,101,100,0,100,0
2021-09-20,Amador,005,37829,5010,4883,50,4933,59
2021-09-20,Butte,007,227075,18694,18135,3347,21482,231
2021-09-20,Calaveras,009,45235,3494,3395,40,3435,66
2021-09-20,Colusa,011,21464,2401,2376,551,2927,16
2021-09-20,Contra Costa,013,1133247,94729,93919,1974,95893,924
2021-09-20,Del Norte,015,27424,3495,3374,30,3404,34
2021-09-20,El Dorado,017,186661,14789,14545,1508,16053,127
2021-09-20,Fresno,019,978130,127420,125287,11312,136599,1889
2021-09-20,Glenn,021,27897,3197,3112,906,4018,25
2021-09-20,Humboldt,023,135768,8112,7938,414,8352,80
2021-09-20,Imperial,025,180216,31411,31146,3074,34220,755
2021-09-20,Inyo,027,18085,1686,1641,49,1690,39
2021-09-20,Kern,029,883053,117304,115271,18414,133685,1459
2021-09-20,Kings,031,150075,29057,28471,1691,30162,285
2021-09-20,Lake,033,64148,6144,5984,128,6112,87
2021-09-20,Lassen,035,31185,6316,6132,284,6416,25
2021-09-20,Los Angeles,037,10098052,1391961,1382206,52400,1434606,25858
2021-09-20,Madera,039,155013,20739,20203,1672,21875,257
2021-09-20,Marin,041,260295,16876,16732,406,17138,242
2021-09-20,Mariposa,043,17540,930,887,31,918,5
2021-09-20,Mendocino,045,87422,6742,6568,321,6889,67
2021-09-20,Merced,047,269075,38607,38144,1438,39582,536
2021-09-20,Modoc,049,8938,470,457,164,621,5
2021-09-20,Mono,051,14174,1508,1480,15,1495,3
2021-09-20,Monterey,053,433212,46819,46506,3120,49626,565
2021-09-20,Napa,055,140530,12334,12209,89,12298,95
2021-09-20,Nevada,057,99092,8364,8228,282,8510,84
2021-09-20,Orange,059,3164182,297143,293642,14094,307736,5354
2021-09-20,Placer,061,380077,34051,33531,3249,36780,364
2021-09-20,Plumas,063,18699,1256,1211,27,1238,5
2021-09-20,Riverside,065,2383286,345464,341961,15930,357891,4802
2021-09-20,Sacramento,067,1510023,147986,147016,3845,150861,2016
2021-09-20,San Benito,069,59416,6984,6947,147,7094,67
2021-09-20,San Bernardino,071,2135413,339887,337059,10669,347728,5507
2021-09-20,San Diego,073,3302833,354194,349579,20466,370045,4009
2021-09-20,San Francisco,075,870044,50039,49559,2382,51941,605
2021-09-20,San Joaquin,077,732212,93846,92614,5090,97704,1615
2021-09-20,San Luis Obispo,079,281455,27708,27259,1100,28359,313
2021-09-20,San Mateo,081,765935,51462,51100,1275,52375,567
2021-09-20,Santa Barbara,083,443738,42430,41589,1558,43147,500
2021-09-20,Santa Clara,085,1922200,140730,139578,1137,140715,1841
2021-09-20,Santa Cruz,087,273765,19359,19121,1005,20126,211
2021-09-20,Shasta,089,179085,18533,17893,3073,20966,258
2021-09-20,Sierra,091,2930,130,126,14,140,0
2021-09-20,Siskiyou,093,43540,3036,2902,1072,3974,35
2021-09-20,Solano,095,438530,43917,43152,1126,44278,312
2021-09-20,Sonoma,097,501317,39280,38991,491,39482,369
2021-09-20,Stanislaus,099,539301,73178,72031,8267,80298,1091
2021-09-20,Sutter,101,95872,13049,12896,253,13149,153
2021-09-20,Tehama,103,63373,7303,7121,1216,8337,84
2021-09-20,Trinity,105,12862,699,568,191,759,7
2021-09-20,Tulare,107,460477,61772,60302,12976,73278,896
2021-09-20,Tuolumne,109,53932,6252,6113,69,6182,89
2021-09-20,Ventura,111,848112,94551,93700,4159,97859,1120
2021-09-20,Yolo,113,214977,18487,18287,965,19252,239
2021-09-20,Yuba,115,75493,9225,9107,208,9315,61
2021-09-19,Alameda,001,1643700,114438,113446,2710,116156,1320
2021-09-19,Alpine,003,1148,100,100,0,100,0
2021-09-19,Amador,005,37829,4970,4875,49,4924,59
2021-09-19,Butte,007,227075,18601,18063,3320,21383,230
2021-09-19,Calaveras,009,45235,3469,3390,37,3427,66
2021-09-19,Colusa,011,21464,2399,2375,549,2924,16
2021-09-19,Contra Costa,013,1133247,94545,93788,1964,95752,924
2021-09-19,Del Norte,015,27424,3468,3344,29,3373,34
2021-09-19,El Dorado,017,186661,14737,14512,1502,16014,127
2021-09-19,Fresno,019,978130,127017,124985,11280,136265,1888
2021-09-19,Glenn,021,27897,3188,3102,901,4003,25
2021-09-19,Humboldt,023,135768,8066,7914,412,8326,80
2021-09-19,Imperial,025,180216,31342,31122,3071,34193,755
2021-09-19,Inyo,027,18085,1677,1639,49,1688,39
2021-09-19,Kern,029,883053,116991,115074,18307,133381,1459
2021-09-19,Kings,031,150075,28929,28416,1682,30098,284
2021-09-19,Lake,033,64148,6113,5962,128,6090,87
2021-09-19,Lassen,035,31185,6296,6129,278,6407,25
2021-09-19,Los Angeles,037,10098052,1389994,1381200,52300,1433500,25852
2021-09-19,Madera,039,155013,20661,20161,1661,21822,257
2021-09-19,Marin,041,260295,16847,16711,404,17115,242
2021-09-19,Mariposa,043,17540,922,881,31,912,5
2021-09-19,Mendocino,045,87422,6697,6538,315,6853,67
2021-09-19,Merced,047,269075,38450,38068,1430,39498,535
2021-09-19,Modoc,049,8938,467,457,162,619,5
2021-09-19,Mono,051,14174,1503,1480,15,1495,3
2021-09-19,Monterey,053,433212,46776,46486,3107,49593,565
2021-09-19,Napa,055,140530,12313,12190,87,12277,95
2021-09-19,Nevada,057,99092,8336,8203,280,8483,84
2021-09-19,Orange,059,3164182,296773,293258,14073,307331,5354
2021-09-19,Placer,061,380077,33938,33406,3231,36637,364
2021-09-19,Plumas,063,18699,1247,1211,27,1238,5
2021-09-19,Riverside,065,2383286,344870,341566,15921,357487,4804
2021-09-19,Sacramento,067,1510023,147627,146603,3799,150402,2012
2021-09-19,San Benito,069,59416,6965,6942,147,7089,67
2021-09-19,San Bernardino,071,2135413,339398,336688,10658,347346,5506
2021-09-19,San Diego,073,3302833,353479,349225,20430,369655,4006
2021-09-19,San Francisco,075,870044,49931,49458,2374,51832,605
2021-09-19,San Joaquin,077,732212,93550,92467,5079,97546,1615
2021-09-19,San Luis Obispo,079,281455,27607,27208,1091,28299,313
2021-09-19,San Mateo,081,765935,51378,51028,1260,52288,567
2021-09-19,Santa Barbara,083,443738,42326,41512,1558,43070,500
2021-09-19,Santa Clara,085,1922200,140543,139410,1132,140542,1841
2021-09-19,Santa Cruz,087,273765,19321,19096,1005,20101,211
2021-09-19,Shasta,089,179085,18419,17813,3038,20851,258
2021-09-19,Sierra,091,2930,129,126,14,140,0
2021-09-19,Siskiyou,093,43540,3010,2882,1063,3945,35
2021-09-19,Solano,095,438530,43828,43056,1121,44177,312
2021-09-19,Sonoma,097,501317,39208,38956,487,39443,369
2021-09-19,Stanislaus,099,539301,72933,71830,8244,80074,1091
2021-09-19,Sutter,101,95872,13022,12868,246,13114,153
2021-09-19,Tehama,103,63373,7249,7081,1206,8287,84
2021-09-19,Trinity,105,12862,688,562,189,751,7
2021-09-19,Tulare,107,460477,61511,60160,12882,73042,896
2021-09-19,Tuolumne,109,53932,6210,6097,69,6166,89
2021-09-19,Ventura,111,848112,94389,93491,4150,97641,1120
2021-09-19,Yolo,113,214977,18437,18238,959,19197,239
2021-09-19,Yuba,115,75493,9199,9087,207,9294,61
2021-09-18,Alameda,001,1643700,114334,113300,2709,116009,1320
2021-09-18,Alpine,003,1148,100,100,0,100,0
2021-09-18,Amador,005,37829,4960,4850,49,4899,59
2021-09-18,Butte,007,227075,18564,17961,3306,21267,230
2021-09-18,Calaveras,009,45235,3463,3361,36,3397,66
2021-09-18,Colusa,011,21464,2399,2373,548,2921,16
2021-09-18,Contra Costa,013,1133247,94455,93656,1960,95616,924
2021-09-18,Del Norte,015,27424,3460,3326,27,3353,34
2021-09-18,El Dorado,017,186661,14714,14472,1498,15970,127
2021-09-18,Fresno,019,978130,126875,124771,11267,136038,1889
2021-09-18,Glenn,021,27897,3180,3086,900,3986,25
2021-09-18,Humboldt,023,135768,8052,7881,411,8292,80
2021-09-18,Imperial,025,180216,31318,31096,3070,34166,755
2021-09-18,Inyo,027,18085,1671,1636,49,1685,39
2021-09-18,Kern,029,883053,116837,114781,18243,133024,1459
2021-09-18,Kings,031,150075,28881,28330,1677,30007,285
2021-09-18,Lake,033,64148,6096,5936,128,6064,87
2021-09-18,Lassen,035,31185,6286,6121,275,6396,25
2021-09-18,Los Angeles,037,10098052,1389237,1379880,52248,1432128,25849
2021-09-18,Madera,039,155013,20617,20126,1652,21778,257
2021-09-18,Marin,041,260295,16830,16685,403,17088,242
2021-09-18,Mariposa,043,17540,919,871,31,902,5
2021-09-18,Mendocino,045,87422,6676,6523,315,6838,67
2021-09-18,Merced,047,269075,38413,37977,1424,39401,535
2021-09-18,Modoc,049,8938,467,457,161,618,5
2021-09-18,Mono,051,14174,1501,1480,15,1495,3
2021-09-18,Monterey,053,433212,46744,46466,3098,49564,565
2021-09-18,Napa,055,140530,12301,12168,87,12255,95
2021-09-18,Nevada,057,99092,8319,8183,280,8463,84
2021-09-18,Orange,059,3164182,296576,293005,14059,307064,5354
2021-09-18,Placer,061,380077,33867,33309,3228,36537,364
2021-09-18,Plumas,063,18699,1247,1204,27,1231,5
2021-09-18,Riverside,065,2383286,344483,341136,15908,357044,4802
2021-09-18,Sacramento,067,1510023,147444,146162,3790,149952,2016
2021-09-18,San Benito,069,59416,6960,6937,147,7084,67
2021-09-18,San Bernardino,071,2135413,339126,336380,10645,347025,5501
2021-09-18,San Diego,073,3302833,353078,348848,20420,369268,4006
2021-09-18,San Francisco,075,870044,49869,49359,2368,51727,605
2021-09-18,San Joaquin,077,732212,93441,92242,5067,97309,1615
2021-09-18,San Luis Obispo,079,281455,27570,27181,1088,28269,313
2021-09-18,San Mateo,081,765935,51329,50961,1256,52217,567
2021-09-18,Santa Barbara,083,443738,42262,41465,1558,43023,500
2021-09-18,Santa Clara,085,1922200,140422,139233,1129,140362,1841
2021-09-18,Santa Cruz,087,273765,19301,19079,1005,20084,211
2021-09-18,Shasta,089,179085,18356,17777,3020,20797,258
2021-09-18,Sierra,091,2930,128,125,14,139,0
2021-09-18,Siskiyou,093,43540,3007,2875,1057,3932,35
2021-09-18,Solano,095,438530,43788,42966,1118,44084,312
2021-09-18,Sonoma,097,501317,39173,38891,485,39376,369
2021-09-18,Stanislaus,099,539301,72787,71587,8219,79806,1091
2021-09-18,Sutter,101,95872,13008,12829,246,13075,153
2021-09-18,Tehama,103,63373,7234,7055,1198,8253,84
2021-09-18,Trinity,105,12862,686,561,189,750,7
2021-09-18,Tulare,107,460477,61436,60003,12830,72833,896
2021-09-18,Tuolumne,109,53932,6195,6069,69,6138,89
2021-09-18,Ventura,111,848112,94321,93424,4145,97569,1120
2021-09-18,Yolo,113,214977,18411,18213,953,19166,239
2021-09-18,Yuba,115,75493,9185,9061,206,9267,61
2021-09-17,Alameda,001,1643700,114212,113070,2707,115777,1320
2021-09-17,Alpine,003,1148,100,99,0,99,0
2021-09-17,Amador,005,37829,4944,4835,48,4883,58
2021-09-17,Butte,007,227075,18513,17870,3297,21167,230
2021-09-17,Calaveras,009,45235,3451,3338,35,3373,66
2021-09-17,Colusa,011,21464,2398,2369,543,2912,16
2021-09-17,Contra Costa,013,1133247,94355,93485,1957,95442,924
2021-09-17,Del Norte,015,27424,3455,3311,25,3336,34
2021-09-17,El Dorado,017,186661,14695,14421,1496,15917,127
2021-09-17,Fresno,019,978130,126656,124296,11258,135554,1882
2021-09-17,Glenn,021,27897,3165,3072,898,3970,25
2021-09-17,Humboldt,023,135768,8031,7850,411,8261,80
2021-09-17,Imperial,025,180216,31292,31031,3069,34100,755
2021-09-17,Inyo,027,18085,1663,1634,49,1683,39
2021-09-17,Kern,029,883053,116646,114303,18147,132450,1456
2021-09-17,Kings,031,150075,28816,28240,1675,29915,281
2021-09-17,Lake,033,64148,6083,5915,128,6043,87
2021-09-17,Lassen,035,31185,6271,6080,273,6353,25
2021-09-17,Los Angeles,037,10098052,1388268,1377905,52179,1430084,25820
2021-09-17,Madera,039,155013,20565,20040,1640,21680,257
2021-09-17,Marin,041,260295,16817,16658,401,17059,242
2021-09-17,Mariposa,043,17540,917,869,31,900,5
2021-09-17,Mendocino,045,87422,6657,6498,315,6813,67
2021-09-17,Merced,047,269075,38366,37803,1422,39225,533
2021-09-17,Modoc,049,8938,467,456,161,617,5
2021-09-17,Mono,051,14174,1497,1457,15,1472,3
2021-09-17,Monterey,053,433212,46724,46421,3094,49515,564
2021-09-17,Napa,055,140530,12280,12153,87,12240,95
2021-09-17,Nevada,057,99092,8304,8157,280,8437,84
2021-09-17,Orange,059,3164182,296360,292685,14041,306726,5346
2021-09-17,Placer,061,380077,33806,33188,3217,36405,362
2021-09-17,Plumas,063,18699,1238,1192,26,1218,5
2021-09-17,Riverside,065,2383286,344081,340445,15898,356343,4792
2021-09-17,Sacramento,067,1510023,147245,145985,3779,149764,1999
2021-09-17,San Benito,069,59416,6957,6929,147,7076,67
2021-09-17,San Bernardino,071,2135413,338772,335810,10638,346448,5488
2021-09-17,San Diego,073,3302833,352644,348098,20403,368501,4002
2021-09-17,San Francisco,075,870044,49819,49249,2361,51610,605
2021-09-17,San Joaquin,077,732212,93303,91977,5055,97032,1610
2021-09-17,San Luis Obispo,079,281455,27536,27102,1077,28179,311
2021-09-17,San Mateo,081,765935,51280,50854,1250,52104,564
2021-09-17,Santa Barbara,083,443738,42200,41354,1558,42912,498
2021-09-17,Santa Clara,085,1922200,140273,138939,1128,140067,1838
2021-09-17,Santa Cruz,087,273765,19276,19039,1005,20044,211
2021-09-17,Shasta,089,179085,18285,17617,3007,20624,254
2021-09-17,Sierra,091,2930,128,124,14,138,0
2021-09-17,Siskiyou,093,43540,2992,2852,1057,3909,35
2021-09-17,Solano,095,438530,43725,42898,1114,44012,312
2021-09-17,Sonoma,097,501317,39136,38808,484,39292,369
2021-09-17,Stanislaus,099,539301,72681,71408,8201,79609,1091
2021-09-17,Sutter,101,95872,12992,12799,244,13043,153
2021-09-17,Tehama,103,63373,7210,7020,1186,8206,84
2021-09-17,Trinity,105,12862,681,556,188,744,7
2021-09-17,Tulare,107,460477,61320,59689,12796,72485,895
2021-09-17,Tuolumne,109,53932,6177,6047,68,6115,89
2021-09-17,Ventura,111,848112,94209,93273,4142,97415,1116
2021-09-17,Yolo,113,214977,18380,18177,949,19126,239
2021-09-17,Yuba,115,75493,9158,9019,205,9224,61
2021-09-16,Alameda,001,1643700,114033,112770,2704,115474,1318
2021-09-16,Alpine,003,1148,100,99,0,99,0
2021-09-16,Amador,005,37829,4924,4819,48,4867,58
2021-09-16,Butte,007,227075,18439,17750,3281,21031,230
2021-09-16,Calaveras,009,45235,3417,3313,35,3348,66
2021-09-16,Colusa,011,21464,2396,2363,541,2904,16
2021-09-16,Contra Costa,013,1133247,94186,93213,1948,95161,917
2021-09-16,Del Norte,015,27424,3437,3285,25,3310,34
2021-09-16,El Dorado,017,186661,14655,14372,1488,15860,127
2021-09-16,Fresno,019,978130,126299,123853,11216,135069,1868
2021-09-16,Glenn,021,27897,3153,3068,896,3964,24
2021-09-16,Humboldt,023,135768,7997,7809,401,8210,80
2021-09-16,Imperial,025,180216,31249,30966,3061,34027,753
2021-09-16,Inyo,027,18085,1661,1623,49,1672,39
2021-09-16,Kern,029,883053,116375,113828,18079,131907,1448
2021-09-16,Kings,031,150075,28730,28114,1666,29780,280
2021-09-16,Lake,033,64148,6059,5890,125,6015,87
2021-09-16,Lassen,035,31185,6237,6028,266,6294,25
2021-09-16,Los Angeles,037,10098052,1386884,1376277,52113,1428390,25796
2021-09-16,Madera,039,155013,20489,19974,1634,21608,257
2021-09-16,Marin,041,260295,16790,16625,400,17025,242
2021-09-16,Mariposa,043,17540,911,849,31,880,6
2021-09-16,Mendocino,045,87422,6625,6445,306,6751,67
2021-09-16,Merced,047,269075,38259,37675,1419,39094,532
2021-09-16,Modoc,049,8938,465,455,161,616,5
2021-09-16,Mono,051,14174,1488,1449,15,1464,3
2021-09-16,Monterey,053,433212,46678,46342,3080,49422,562
2021-09-16,Napa,055,140530,12255,12115,83,12198,95
2021-09-16,Nevada,057,99092,8276,8121,279,8400,84
2021-09-16,Orange,059,3164182,296017,292183,14021,306204,5340
2021-09-16,Placer,061,380077,33710,33037,3198,36235,354
2021-09-16,Plumas,063,18699,1228,1178,26,1204,5
2021-09-16,Riverside,065,2383286,343550,339770,15884,355654,4786
2021-09-16,Sacramento,067,1510023,146887,145754,3747,149501,1996
2021-09-16,San Benito,069,59416,6944,6913,146,7059,67
2021-09-16,San Bernardino,071,2135413,338346,335129,10632,345761,5474
2021-09-16,San Diego,073,3302833,352018,347472,20368,367840,3994
2021-09-16,San Francisco,075,870044,49735,49133,2351,51484,605
2021-09-16,San Joaquin,077,732212,93061,91650,5010,96660,1608
2021-09-16,San Luis Obispo,079,281455,27464,27044,1073,28117,310
2021-09-16,San Mateo,081,765935,51219,50773,1234,52007,564
2021-09-16,Santa Barbara,083,443738,42134,41272,1555,42827,497
2021-09-16,Santa Clara,085,1922200,140118,138685,1124,139809,1835
2021-09-16,Santa Cruz,087,273765,19248,19011,1005,20016,211
2021-09-16,Shasta,089,179085,18160,17438,2973,20411,251
2021-09-16,Sierra,091,2930,128,123,14,137,0
2021-09-16,Siskiyou,093,43540,2972,2819,1050,3869,35
2021-09-16,Solano,095,438530,43653,42792,1108,43900,312
2021-09-16,Sonoma,097,501317,39073,38707,483,39190,369
2021-09-16,Stanislaus,099,539301,72446,71105,8184,79289,1091
2021-09-16,Sutter,101,95872,12948,12729,238,12967,152
2021-09-16,Tehama,103,63373,7171,6953,1175,8128,83
2021-09-16,Trinity,105,12862,678,547,186,733,7
2021-09-16,Tulare,107,460477,61100,59459,12722,72181,894
2021-09-16,Tuolumne,109,53932,6157,5999,67,6066,89
2021-09-16,Ventura,111,848112,94070,93087,4138,97225,1110
2021-09-16,Yolo,113,214977,18349,18135,947,19082,239
2021-09-16,Yuba,115,75493,9124,8981,202,9183,61
2021-09-15,Alameda,001,1643700,113860,112498,2696,115194,1317
2021-09-15,Alpine,003,1148,100,99,0,99,0
2021-09-15,Amador,005,37829,4916,4792,48,4840,58
2021-09-15,Butte,007,227075,18341,17664,3261,20925,228
2021-09-15,Calaveras,009,45235,3385,3293,33,3326,66
2021-09-15,Colusa,011,21464,2394,2352,538,2890,16
2021-09-15,Contra Costa,013,1133247,94006,92989,1936,94925,913
2021-09-15,Del Norte,015,27424,3424,3271,23,3294,34
2021-09-15,El Dorado,017,186661,14629,14309,1480,15789,127
2021-09-15,Fresno,019,978130,125921,123370,11175,134545,1867
2021-09-15,Glenn,021,27897,3140,3051,891,3942,20
2021-09-15,Humboldt,023,135768,7962,7754,396,8150,52
2021-09-15,Imperial,025,180216,31194,30891,3056,33947,753
2021-09-15,Inyo,027,18085,1657,1614,49,1663,39
2021-09-15,Kern,029,883053,116026,113546,17980,131526,1434
2021-09-15,Kings,031,150075,28650,27991,1657,29648,279
2021-09-15,Lake,033,64148,6027,5852,124,5976,85
2021-09-15,Lassen,035,31185,6177,6018,261,6279,25
2021-09-15,Los Angeles,037,10098052,1385390,1374307,52044,1426351,25767
2021-09-15,Madera,039,155013,20415,19880,1627,21507,257
2021-09-15,Marin,041,260295,16755,16592,395,16987,242
2021-09-15,Mariposa,043,17540,900,843,31,874,5
2021-09-15,Mendocino,045,87422,6595,6399,301,6700,66
2021-09-15,Merced,047,269075,38151,37508,1417,38925,529
2021-09-15,Modoc,049,8938,465,454,161,615,5
2021-09-15,Mono,051,14174,1484,1445,15,1460,3
2021-09-15,Monterey,053,433212,46613,46317,3063,49380,562
2021-09-15,Napa,055,140530,12234,12082,83,12165,95
2021-09-15,Nevada,057,99092,8254,8081,276,8357,84
2021-09-15,Orange,059,3164182,295694,291834,14002,305836,5328
2021-09-15,Placer,061,380077,33599,32860,3176,36036,352
2021-09-15,Plumas,063,18699,1223,1164,25,1189,5
2021-09-15,Riverside,065,2383286,342967,339077,15860,354937,4769
2021-09-15,Sacramento,067,1510023,146461,145202,3716,148918,1981
2021-09-15,San Benito,069,59416,6941,6902,146,7048,67
2021-09-15,San Bernardino,071,2135413,337888,334556,10618,345174,5470
2021-09-15,San Diego,073,3302833,351389,346933,20342,367275,3983
2021-09-15,San Francisco,075,870044,49625,48999,2346,51345,605
2021-09-15,San Joaquin,077,732212,92787,91322,4967,96289,1607
2021-09-15,San Luis Obispo,079,281455,27381,26943,1067,28010,306
2021-09-15,San Mateo,081,765935,51141,50691,1228,51919,564
2021-09-15,Santa Barbara,083,443738,42034,41077,1551,42628,497
2021-09-15,Santa Clara,085,1922200,139946,138410,1119,139529,1833
2021-09-15,Santa Cruz,087,273765,19210,18984,1003,19987,210
2021-09-15,Shasta,089,179085,18049,17317,2952,20269,250
2021-09-15,Sierra,091,2930,128,123,14,137,0
2021-09-15,Siskiyou,093,43540,2952,2804,1019,3823,35
2021-09-15,Solano,095,438530,43581,42682,1103,43785,312
2021-09-15,Sonoma,097,501317,39014,38629,483,39112,369
2021-09-15,Stanislaus,099,539301,72223,70852,8163,79015,1091
2021-09-15,Sutter,101,95872,12915,12699,233,12932,151
2021-09-15,Tehama,103,63373,7130,6894,1166,8060,79
2021-09-15,Trinity,105,12862,676,541,184,725,7
2021-09-15,Tulare,107,460477,60843,59149,12660,71809,890
2021-09-15,Tuolumne,109,53932,6131,5969,67,6036,89
2021-09-15,Ventura,111,848112,93929,92960,4131,97091,1109
2021-09-15,Yolo,113,214977,18315,18064,939,19003,239
2021-09-15,Yuba,115,75493,9089,8953,202,9155,61
2021-09-14,Alameda,001,1643700,113649,112329,2690,115019,1316
2021-09-14,Alpine,003,1148,100,98,0,98,0
2021-09-14,Amador,005,37829,4896,4790,48,4838,57
2021-09-14,Butte,007,227075,18209,17516,3238,20754,226
2021-09-14,Calaveras,009,45235,3362,3280,30,3310,66
2021-09-14,Colusa,011,21464,2390,2344,534,2878,16
2021-09-14,Contra Costa,013,1133247,93808,92822,1927,94749,908
2021-09-14,Del Norte,015,27424,3408,3252,22,3274,32
2021-09-14,El Dorado,017,186661,14577,14247,1472,15719,123
2021-09-14,Fresno,019,978130,125446,123151,11132,134283,1856
2021-09-14,Glenn,021,27897,3119,3045,886,3931,20
2021-09-14,Humboldt,023,135768,7928,7717,391,8108,52
2021-09-14,Imperial,025,180216,31143,30845,3053,33898,752
2021-09-14,Inyo,027,18085,1648,1605,49,1654,39
2021-09-14,Kern,029,883053,115647,113250,17854,131104,1428
2021-09-14,Kings,031,150075,28574,27955,1649,29604,278
2021-09-14,Lake,033,64148,5995,5845,124,5969,83
2021-09-14,Lassen,035,31185,6163,5977,256,6233,25
2021-09-14,Los Angeles,037,10098052,1383555,1372831,51960,1424791,25729
2021-09-14,Madera,039,155013,20333,19800,1618,21418,254
2021-09-14,Marin,041,260295,16728,16584,393,16977,242
2021-09-14,Mariposa,043,17540,889,834,30,864,5
2021-09-14,Mendocino,045,87422,6560,6372,289,6661,65
2021-09-14,Merced,047,269075,38001,37430,1413,38843,526
2021-09-14,Modoc,049,8938,464,453,161,614,5
2021-09-14,Mono,051,14174,1472,1440,15,1455,4
2021-09-14,Monterey,053,433212,46583,46224,3039,49263,558
2021-09-14,Napa,055,140530,12201,12070,82,12152,91
2021-09-14,Nevada,057,99092,8220,8056,276,8332,83
2021-09-14,Orange,059,3164182,295305,291423,13978,305401,5319
2021-09-14,Placer,061,380077,33469,32735,3155,35890,350
2021-09-14,Plumas,063,18699,1212,1148,25,1173,5
2021-09-14,Riverside,065,2383286,342325,338534,15831,354365,4748
2021-09-14,Sacramento,067,1510023,146077,145051,3667,148718,1977
2021-09-14,San Benito,069,59416,6932,6887,145,7032,64
2021-09-14,San Bernardino,071,2135413,337393,333968,10593,344561,5465
2021-09-14,San Diego,073,3302833,350718,346204,20297,366501,3966
2021-09-14,San Francisco,075,870044,49503,48998,2331,51329,603
2021-09-14,San Joaquin,077,732212,92548,91128,4957,96085,1596
2021-09-14,San Luis Obispo,079,281455,27308,26845,1062,27907,304
2021-09-14,San Mateo,081,765935,51051,50602,1217,51819,564
2021-09-14,Santa Barbara,083,443738,41939,40783,1542,42325,495
2021-09-14,Santa Clara,085,1922200,139712,138321,1115,139436,1828
2021-09-14,Santa Cruz,087,273765,19170,18965,1001,19966,210
2021-09-14,Shasta,089,179085,17918,17152,2931,20083,246
2021-09-14,Sierra,091,2930,128,123,14,137,0
2021-09-14,Siskiyou,093,43540,2927,2756,1002,3758,35
2021-09-14,Solano,095,438530,43498,42599,1100,43699,307
2021-09-14,Sonoma,097,501317,38944,38595,479,39074,369
2021-09-14,Stanislaus,099,539301,71965,70697,8135,78832,1091
2021-09-14,Sutter,101,95872,12873,12670,226,12896,149
2021-09-14,Tehama,103,63373,7076,6859,1158,8017,80
2021-09-14,Trinity,105,12862,670,538,183,721,7
2021-09-14,Tulare,107,460477,60591,58961,12588,71549,888
2021-09-14,Tuolumne,109,53932,6110,5951,65,6016,89
2021-09-14,Ventura,111,848112,93749,92841,4115,96956,1107
2021-09-14,Yolo,113,214977,18271,18039,934,18973,239
2021-09-14,Yuba,115,75493,9053,8928,202,9130,61
2021-09-13,Alameda,001,1643700,113432,112159,2685,114844,1309
2021-09-13,Alpine,003,1148,99,98,0,98,0
2021-09-13,Amador,005,37829,4878,4761,48,4809,56
2021-09-13,Butte,007,227075,18085,17393,3211,20604,225
2021-09-13,Calaveras,009,45235,3332,3253,28,3281,65
2021-09-13,Colusa,011,21464,2380,2346,529,2875,16
2021-09-13,Contra Costa,013,1133247,93562,92658,1922,94580,908
2021-09-13,Del Norte,015,27424,3372,3232,22,3254,28
2021-09-13,El Dorado,017,186661,14517,14194,1463,15657,119
2021-09-13,Fresno,019,978130,124979,122650,11075,133725,1853
2021-09-13,Glenn,021,27897,3107,3026,878,3904,20
2021-09-13,Humboldt,023,135768,7896,7659,388,8047,52
2021-09-13,Imperial,025,180216,31091,30802,3050,33852,751
2021-09-13,Inyo,027,18085,1641,1602,49,1651,39
2021-09-13,Kern,029,883053,115266,112930,17728,130658,1424
2021-09-13,Kings,031,150075,28464,27858,1637,29495,275
2021-09-13,Lake,033,64148,5973,5809,124,5933,82
2021-09-13,Lassen,035,31185,6128,5953,255,6208,25
2021-09-13,Los Angeles,037,10098052,1381699,1371423,51891,1423314,25703
2021-09-13,Madera,039,155013,20262,19735,1608,21343,252
2021-09-13,Marin,041,260295,16692,16557,392,16949,242
2021-09-13,Mariposa,043,17540,875,825,30,855,5
2021-09-13,Mendocino,045,87422,6526,6323,280,6603,61
2021-09-13,Merced,047,269075,37850,37291,1407,38698,521
2021-09-13,Modoc,049,8938,463,451,161,612,5
2021-09-13,Mono,051,14174,1466,1435,15,1450,3
2021-09-13,Monterey,053,433212,46501,46188,3018,49206,558
2021-09-13,Napa,055,140530,12183,12039,82,12121,91
2021-09-13,Nevada,057,99092,8194,8021,274,8295,83
2021-09-13,Orange,059,3164182,294869,291128,13957,305085,5312
2021-09-13,Placer,061,380077,33304,32617,3138,35755,343
2021-09-13,Plumas,063,18699,1201,1142,25,1167,5
2021-09-13,Riverside,065,2383286,341680,337876,15813,353689,4731
2021-09-13,Sacramento,067,1510023,145589,144537,3633,148170,1956
2021-09-13,San Benito,069,59416,6917,6867,144,7011,64
2021-09-13,San Bernardino,071,2135413,336905,333613,10569,344182,5441
2021-09-13,San Diego,073,3302833,349928,345647,20247,365894,3961
2021-09-13,San Francisco,075,870044,49374,48914,2325,51239,603
2021-09-13,San Joaquin,077,732212,92265,90966,4939,95905,1581
2021-09-13,San Luis Obispo,079,281455,27211,26805,1059,27864,300
2021-09-13,San Mateo,081,765935,50971,50525,1203,51728,564
2021-09-13,Santa Barbara,083,443738,41822,40661,1535,42196,494
2021-09-13,Santa Clara,085,1922200,139466,138152,1109,139261,1820
2021-09-13,Santa Cruz,087,273765,19130,18917,1000,19917,210
2021-09-13,Shasta,089,179085,17789,17033,2889,19922,243
2021-09-13,Sierra,091,2930,128,123,14,137,0
2021-09-13,Siskiyou,093,43540,2912,2745,990,3735,35
2021-09-13,Solano,095,438530,43396,42501,1096,43597,306
2021-09-13,Sonoma,097,501317,38877,38513,476,38989,368
2021-09-13,Stanislaus,099,539301,71713,70477,8098,78575,1091
2021-09-13,Sutter,101,95872,12815,12624,222,12846,145
2021-09-13,Tehama,103,63373,7013,6803,1146,7949,79
2021-09-13,Trinity,105,12862,668,533,181,714,7
2021-09-13,Tulare,107,460477,60305,58768,12525,71293,887
2021-09-13,Tuolumne,109,53932,6079,5909,65,5974,89
2021-09-13,Ventura,111,848112,93596,92679,4107,96786,1107
2021-09-13,Yolo,113,214977,18229,17974,929,18903,239
2021-09-13,Yuba,115,75493,9008,8884,201,9085,61
2021-09-12,Alameda,001,1643700,113162,111961,2681,114642,1309
2021-09-12,Alpine,003,1148,99,98,0,98,0
2021-09-12,Amador,005,37829,4857,4752,48,4800,56
2021-09-12,Butte,007,227075,17940,17257,3167,20424,221
2021-09-12,Calaveras,009,45235,3300,3236,24,3260,65
2021-09-12,Colusa,011,21464,2377,2344,528,2872,16
2021-09-12,Contra Costa,013,1133247,93295,92498,1910,94408,908
2021-09-12,Del Norte,015,27424,3337,3200,22,3222,28
2021-09-12,El Dorado,017,186661,14444,14167,1447,15614,119
2021-09-12,Fresno,019,978130,124464,122407,11027,133434,1853
2021-09-12,Glenn,021,27897,3088,3016,871,3887,20
2021-09-12,Humboldt,023,135768,7825,7636,377,8013,52
2021-09-12,Imperial,025,180216,31028,30790,3044,33834,751
2021-09-12,Inyo,027,18085,1631,1596,48,1644,39
2021-09-12,Kern,029,883053,114855,112602,17569,130171,1424
2021-09-12,Kings,031,150075,28354,27764,1620,29384,274
2021-09-12,Lake,033,64148,5934,5781,122,5903,82
2021-09-12,Lassen,035,31185,6091,5943,245,6188,25
2021-09-12,Los Angeles,037,10098052,1379647,1365968,51813,1417781,25630
2021-09-12,Madera,039,155013,20175,19691,1596,21287,252
2021-09-12,Marin,041,260295,16669,16526,392,16918,242
2021-09-12,Mariposa,043,17540,864,811,28,839,5
2021-09-12,Mendocino,045,87422,6485,6283,272,6555,61
2021-09-12,Merced,047,269075,37677,37172,1396,38568,521
2021-09-12,Modoc,049,8938,463,451,160,611,5
2021-09-12,Mono,051,14174,1456,1431,15,1446,3
2021-09-12,Monterey,053,433212,46422,46167,2990,49157,558
2021-09-12,Napa,055,140530,12153,12011,82,12093,91
2021-09-12,Nevada,057,99092,8155,7987,271,8258,83
2021-09-12,Orange,059,3164182,294404,290718,13932,304650,5312
2021-09-12,Placer,061,380077,33156,32520,3113,35633,343
2021-09-12,Plumas,063,18699,1185,1138,25,1163,5
2021-09-12,Riverside,065,2383286,340996,337332,15781,353113,4731
2021-09-12,Sacramento,067,1510023,145081,144030,3593,147623,1959
2021-09-12,San Benito,069,59416,6898,6852,143,6995,64
2021-09-12,San Bernardino,071,2135413,336295,333049,10556,343605,5439
2021-09-12,San Diego,073,3302833,349104,345058,20175,365233,3942
2021-09-12,San Francisco,075,870044,49263,48819,2317,51136,603
2021-09-12,San Joaquin,077,732212,91936,90730,4931,95661,1581
2021-09-12,San Luis Obispo,079,281455,27093,26729,1046,27775,299
2021-09-12,San Mateo,081,765935,50875,50432,1189,51621,564
2021-09-12,Santa Barbara,083,443738,41716,40600,1527,42127,494
2021-09-12,Santa Clara,085,1922200,139213,137899,1105,139004,1820
2021-09-12,Santa Cruz,087,273765,19098,18892,999,19891,210
2021-09-12,Shasta,089,179085,17624,16957,2830,19787,243
2021-09-12,Sierra,091,2930,128,123,14,137,0
2021-09-12,Siskiyou,093,43540,2885,2730,975,3705,35
2021-09-12,Solano,095,438530,43290,42409,1091,43500,306
2021-09-12,Sonoma,097,501317,38799,38456,474,38930,368
2021-09-12,Stanislaus,099,539301,71416,70184,8058,78242,1091
2021-09-12,Sutter,101,95872,12773,12589,216,12805,145
2021-09-12,Tehama,103,63373,6949,6732,1134,7866,79
2021-09-12,Trinity,105,12862,664,529,179,708,7
2021-09-12,Tulare,107,460477,59948,58582,12463,71045,887
2021-09-12,Tuolumne,109,53932,6046,5888,65,5953,89
2021-09-12,Ventura,111,848112,93479,92496,4101,96597,1107
2021-09-12,Yolo,113,214977,18163,17943,921,18864,239
2021-09-12,Yuba,115,75493,8971,8842,201,9043,61
2021-09-11,Alameda,001,1643700,113036,111715,2679,114394,1309
2021-09-11,Alpine,003,1148,99,98,0,98,0
2021-09-11,Amador,005,37829,4844,4728,47,4775,56
2021-09-11,Butte,007,227075,17858,17218,3140,20358,221
2021-09-11,Calaveras,009,45235,3297,3208,23,3231,65
2021-09-11,Colusa,011,21464,2376,2338,525,2863,16
2021-09-11,Contra Costa,013,1133247,93177,92269,1905,94174,908
2021-09-11,Del Norte,015,27424,3321,3184,22,3206,28
2021-09-11,El Dorado,017,186661,14425,14117,1440,15557,119
2021-09-11,Fresno,019,978130,124284,122224,11006,133230,1853
2021-09-11,Glenn,021,27897,3084,3007,869,3876,20
2021-09-11,Humboldt,023,135768,7803,7615,374,7989,52
2021-09-11,Imperial,025,180216,31003,30760,3040,33800,751
2021-09-11,Inyo,027,18085,1628,1590,48,1638,39
2021-09-11,Kern,029,883053,114607,112205,17451,129656,1424
2021-09-11,Kings,031,150075,28305,27631,1614,29245,275
2021-09-11,Lake,033,64148,5914,5761,122,5883,82
2021-09-11,Lassen,035,31185,6076,5930,241,6171,25
2021-09-11,Los Angeles,037,10098052,1378683,1365831,51748,1417579,25630
2021-09-11,Madera,039,155013,20122,19648,1590,21238,252
2021-09-11,Marin,041,260295,16641,16496,391,16887,242
2021-09-11,Mariposa,043,17540,859,799,28,827,5
2021-09-11,Mendocino,045,87422,6461,6257,272,6529,61
2021-09-11,Merced,047,269075,37623,37042,1393,38435,521
2021-09-11,Modoc,049,8938,463,449,160,609,5
2021-09-11,Mono,051,14174,1452,1431,15,1446,3
2021-09-11,Monterey,053,433212,46391,46140,2982,49122,558
2021-09-11,Napa,055,140530,12130,11991,82,12073,91
2021-09-11,Nevada,057,99092,8140,7967,271,8238,83
2021-09-11,Orange,059,3164182,294104,290429,13915,304344,5306
2021-09-11,Placer,061,380077,33072,32414,3102,35516,344
2021-09-11,Plumas,063,18699,1181,1112,25,1137,5
2021-09-11,Riverside,065,2383286,340558,336585,15767,352352,4731
2021-09-11,Sacramento,067,1510023,144781,143557,3581,147138,1955
2021-09-11,San Benito,069,59416,6885,6844,143,6987,64
2021-09-11,San Bernardino,071,2135413,335955,332512,10542,343054,5430
2021-09-11,San Diego,073,3302833,348614,344355,20151,364506,3942
2021-09-11,San Francisco,075,870044,49208,48660,2312,50972,603
2021-09-11,San Joaquin,077,732212,91791,90482,4924,95406,1581
2021-09-11,San Luis Obispo,079,281455,27047,26651,1045,27696,299
2021-09-11,San Mateo,081,765935,50810,50341,1187,51528,564
2021-09-11,Santa Barbara,083,443738,41643,40451,1527,41978,494
2021-09-11,Santa Clara,085,1922200,139063,137659,1102,138761,1820
2021-09-11,Santa Cruz,087,273765,19069,18865,999,19864,210
2021-09-11,Shasta,089,179085,17532,16877,2809,19686,243
2021-09-11,Sierra,091,2930,128,123,14,137,0
2021-09-11,Siskiyou,093,43540,2868,2717,972,3689,35
2021-09-11,Solano,095,438530,43239,42344,1088,43432,306
2021-09-11,Sonoma,097,501317,38752,38399,472,38871,368
2021-09-11,Stanislaus,099,539301,71291,69974,8043,78017,1091
2021-09-11,Sutter,101,95872,12747,12538,213,12751,145
2021-09-11,Tehama,103,63373,6928,6703,1126,7829,79
2021-09-11,Trinity,105,12862,657,526,179,705,7
2021-09-11,Tulare,107,460477,59837,58321,12416,70737,889
2021-09-11,Tuolumne,109,53932,6027,5879,62,5941,89
2021-09-11,Ventura,111,848112,93400,92328,4096,96424,1107
2021-09-11,Yolo,113,214977,18139,17906,916,18822,239
2021-09-11,Yuba,115,75493,8946,8813,201,9014,61
2021-09-10,Alameda,001,1643700,112844,111386,2678,114064,1306
2021-09-10,Alpine,003,1148,98,97,0,97,0
2021-09-10,Amador,005,37829,4832,4706,47,4753,56
2021-09-10,Butte,007,227075,17783,17051,3125,20176,222
2021-09-10,Calaveras,009,45235,3291,3183,23,3206,65
2021-09-10,Colusa,011,21464,2372,2327,522,2849,16
2021-09-10,Contra Costa,013,1133247,93056,92024,1903,93927,908
2021-09-10,Del Norte,015,27424,3306,3128,21,3149,28
2021-09-10,El Dorado,017,186661,14394,14051,1435,15486,119
2021-09-10,Fresno,019,978130,123963,121659,10985,132644,1846
2021-09-10,Glenn,021,27897,3079,2977,869,3846,20
2021-09-10,Humboldt,023,135768,7770,7543,370,7913,52
2021-09-10,Imperial,025,180216,30979,30716,3038,33754,751
2021-09-10,Inyo,027,18085,1624,1590,48,1638,39
2021-09-10,Kern,029,883053,114353,111832,17332,129164,1419
2021-09-10,Kings,031,150075,28231,27473,1606,29079,274
2021-09-10,Lake,033,64148,5898,5713,120,5833,79
2021-09-10,Lassen,035,31185,6068,5914,238,6152,25
2021-09-10,Los Angeles,037,10098052,1377476,1365709,51681,1417390,25630
2021-09-10,Madera,039,155013,20076,19520,1585,21105,252
2021-09-10,Marin,041,260295,16622,16458,388,16846,242
2021-09-10,Mariposa,043,17540,854,795,28,823,5
2021-09-10,Mendocino,045,87422,6430,6184,271,6455,61
2021-09-10,Merced,047,269075,37571,36884,1392,38276,521
2021-09-10,Modoc,049,8938,463,448,160,608,5
2021-09-10,Mono,051,14174,1449,1422,15,1437,3
2021-09-10,Monterey,053,433212,46364,46084,2963,49047,557
2021-09-10,Napa,055,140530,12106,11948,82,12030,90
2021-09-10,Nevada,057,99092,8122,7932,270,8202,83
2021-09-10,Orange,059,3164182,293801,290022,13906,303928,5302
2021-09-10,Placer,061,380077,32972,32264,3089,35353,343
2021-09-10,Plumas,063,18699,1174,1111,25,1136,5
2021-09-10,Riverside,065,2383286,340084,335988,15760,351748,4720
2021-09-10,Sacramento,067,1510023,144438,143244,3573,146817,1950
2021-09-10,San Benito,069,59416,6881,6824,143,6967,64
2021-09-10,San Bernardino,071,2135413,335535,331894,10532,342426,5422
2021-09-10,San Diego,073,3302833,348051,343173,20110,363283,3941
2021-09-10,San Francisco,075,870044,49131,48518,2303,50821,602
2021-09-10,San Joaquin,077,732212,91612,90208,4917,95125,1573
2021-09-10,San Luis Obispo,079,281455,27014,26526,1043,27569,299
2021-09-10,San Mateo,081,765935,50752,50251,1181,51432,564
2021-09-10,Santa Barbara,083,443738,41590,40321,1524,41845,492
2021-09-10,Santa Clara,085,1922200,138879,137337,1101,138438,1817
2021-09-10,Santa Cruz,087,273765,19050,18785,998,19783,210
2021-09-10,Shasta,089,179085,17438,16667,2781,19448,242
2021-09-10,Sierra,091,2930,128,117,14,131,0
2021-09-10,Siskiyou,093,43540,2856,2702,968,3670,35
2021-09-10,Solano,095,438530,43165,42230,1081,43311,305
2021-09-10,Sonoma,097,501317,38694,38271,471,38742,368
2021-09-10,Stanislaus,099,539301,71133,69617,8019,77636,1091
2021-09-10,Sutter,101,95872,12713,12468,213,12681,145
2021-09-10,Tehama,103,63373,6895,6652,1120,7772,77
2021-09-10,Trinity,105,12862,653,524,179,703,7
2021-09-10,Tulare,107,460477,59690,57930,12370,70300,883
2021-09-10,Tuolumne,109,53932,6009,5842,61,5903,89
2021-09-10,Ventura,111,848112,93311,92145,4091,96236,1104
2021-09-10,Yolo,113,214977,18115,17825,911,18736,239
2021-09-10,Yuba,115,75493,8927,8760,200,8960,62
2021-09-09,Alameda,001,1643700,112626,111014,2672,113686,1306
2021-09-09,Alpine,003,1148,98,94,0,94,0
2021-09-09,Amador,005,37829,4811,4698,46,4744,56
2021-09-09,Butte,007,227075,17638,16874,3099,19973,221
2021-09-09,Calaveras,009,45235,3257,3165,23,3188,65
2021-09-09,Colusa,011,21464,2365,2321,520,2841,16
2021-09-09,Contra Costa,013,1133247,92847,91687,1898,93585,904
2021-09-09,Del Norte,015,27424,3283,3102,21,3123,28
2021-09-09,El Dorado,017,186661,14337,13970,1425,15395,119
2021-09-09,Fresno,019,978130,123491,121040,10952,131992,1838
2021-09-09,Glenn,021,27897,3066,2947,862,3809,20
2021-09-09,Humboldt,023,135768,7721,7471,363,7834,52
2021-09-09,Imperial,025,180216,30941,30661,3035,33696,751
2021-09-09,Inyo,027,18085,1617,1586,48,1634,39
2021-09-09,Kern,029,883053,114005,111390,17174,128564,1414
2021-09-09,Kings,031,150075,28130,27282,1595,28877,273
2021-09-09,Lake,033,64148,5874,5638,118,5756,79
2021-09-09,Lassen,035,31185,6018,5860,232,6092,25
2021-09-09,Los Angeles,037,10098052,1375615,1363735,51608,1415343,25583
2021-09-09,Madera,039,155013,20003,19401,1572,20973,252
2021-09-09,Marin,041,260295,16598,16416,385,16801,242
2021-09-09,Mariposa,043,17540,841,779,27,806,5
2021-09-09,Mendocino,045,87422,6398,6089,262,6351,61
2021-09-09,Merced,047,269075,37416,36634,1379,38013,516
2021-09-09,Modoc,049,8938,463,448,160,608,5
2021-09-09,Mono,051,14174,1443,1420,15,1435,3
2021-09-09,Monterey,053,433212,46322,45991,2940,48931,556
2021-09-09,Napa,055,140530,12074,11878,82,11960,90
2021-09-09,Nevada,057,99092,8084,7855,270,8125,82
2021-09-09,Orange,059,3164182,293394,289109,13874,302983,5299
2021-09-09,Placer,061,380077,32855,32048,3074,35122,342
2021-09-09,Plumas,063,18699,1164,1098,24,1122,5
2021-09-09,Riverside,065,2383286,339445,334774,15742,350516,4701
2021-09-09,Sacramento,067,1510023,143956,142728,3527,146255,1929
2021-09-09,San Benito,069,59416,6871,6820,142,6962,64
2021-09-09,San Bernardino,071,2135413,334972,331040,10520,341560,5417
2021-09-09,San Diego,073,3302833,347325,342149,20053,362202,3929
2021-09-09,San Francisco,075,870044,49021,48404,2290,50694,597
2021-09-09,San Joaquin,077,732212,91338,89874,4899,94773,1570
2021-09-09,San Luis Obispo,079,281455,26932,26472,1040,27512,296
2021-09-09,San Mateo,081,765935,50640,50143,1169,51312,561
2021-09-09,Santa Barbara,083,443738,41485,40180,1519,41699,490
2021-09-09,Santa Clara,085,1922200,138656,137017,1096,138113,1816
2021-09-09,Santa Cruz,087,273765,19004,18728,998,19726,210
2021-09-09,Shasta,089,179085,17292,16401,2739,19140,238
2021-09-09,Sierra,091,2930,128,115,14,129,0
2021-09-09,Siskiyou,093,43540,2833,2683,954,3637,35
2021-09-09,Solano,095,438530,43049,42081,1077,43158,303
2021-09-09,Sonoma,097,501317,38626,38171,470,38641,360
2021-09-09,Stanislaus,099,539301,70848,69178,7985,77163,1074
2021-09-09,Sutter,101,95872,12658,12396,211,12607,144
2021-09-09,Tehama,103,63373,6841,6554,1115,7669,75
2021-09-09,Trinity,105,12862,647,523,177,700,6
2021-09-09,Tulare,107,460477,59448,57564,12310,69874,879
2021-09-09,Tuolumne,109,53932,5981,5802,60,5862,89
2021-09-09,Ventura,111,848112,93168,91610,4082,95692,1098
2021-09-09,Yolo,113,214977,18059,17724,908,18632,239
2021-09-09,Yuba,115,75493,8882,8707,197,8904,55
2021-09-08,Alameda,001,1643700,112372,110781,2668,113449,1305
2021-09-08,Alpine,003,1148,98,94,0,94,0
2021-09-08,Amador,005,37829,4799,4693,46,4739,56
2021-09-08,Butte,007,227075,17505,16775,3082,19857,220
2021-09-08,Calaveras,009,45235,3238,3157,23,3180,63
2021-09-08,Colusa,011,21464,2363,2308,518,2826,16
2021-09-08,Contra Costa,013,1133247,92575,91471,1893,93364,900
2021-09-08,Del Norte,015,27424,3259,3085,21,3106,25
2021-09-08,El Dorado,017,186661,14257,13928,1403,15331,119
2021-09-08,Fresno,019,978130,123000,120644,10901,131545,1831
2021-09-08,Glenn,021,27897,3048,2942,850,3792,20
2021-09-08,Humboldt,023,135768,7678,7438,354,7792,52
2021-09-08,Imperial,025,180216,30908,30609,3022,33631,751
2021-09-08,Inyo,027,18085,1606,1580,48,1628,39
2021-09-08,Kern,029,883053,113608,110933,17034,127967,1409
2021-09-08,Kings,031,150075,28001,27235,1580,28815,267
2021-09-08,Lake,033,64148,5844,5618,116,5734,79
2021-09-08,Lassen,035,31185,6001,5848,224,6072,25
2021-09-08,Los Angeles,037,10098052,1373551,1362029,51520,1413549,25533
2021-09-08,Madera,039,155013,19943,19352,1558,20910,252
2021-09-08,Marin,041,260295,16570,16386,384,16770,242
2021-09-08,Mariposa,043,17540,829,777,26,803,5
2021-09-08,Mendocino,045,87422,6353,6069,253,6322,61
2021-09-08,Merced,047,269075,37255,36500,1367,37867,516
2021-09-08,Modoc,049,8938,463,448,160,608,5
2021-09-08,Mono,051,14174,1440,1418,15,1433,3
2021-09-08,Monterey,053,433212,46284,45959,2922,48881,554
2021-09-08,Napa,055,140530,12039,11842,80,11922,90
2021-09-08,Nevada,057,99092,8048,7843,269,8112,82
2021-09-08,Orange,059,3164182,292987,288511,13850,302361,5290
2021-09-08,Placer,061,380077,32718,31852,3057,34909,337
2021-09-08,Plumas,063,18699,1157,1072,23,1095,5
2021-09-08,Riverside,065,2383286,338685,334037,15715,349752,4683
2021-09-08,Sacramento,067,1510023,143478,142448,3478,145926,1921
2021-09-08,San Benito,069,59416,6854,6800,141,6941,64
2021-09-08,San Bernardino,071,2135413,334369,330279,10504,340783,5411
2021-09-08,San Diego,073,3302833,346389,341437,20007,361444,3926
2021-09-08,San Francisco,075,870044,48882,48263,2287,50550,589
2021-09-08,San Joaquin,077,732212,91059,89631,4875,94506,1561
2021-09-08,San Luis Obispo,079,281455,26839,26303,1035,27338,294
2021-09-08,San Mateo,081,765935,50543,50051,1166,51217,561
2021-09-08,Santa Barbara,083,443738,41374,40000,1515,41515,490
2021-09-08,Santa Clara,085,1922200,138425,136836,1090,137926,1810
2021-09-08,Santa Cruz,087,273765,18967,18699,998,19697,210
2021-09-08,Shasta,089,179085,17138,16227,2695,18922,234
2021-09-08,Sierra,091,2930,128,113,14,127,0
2021-09-08,Siskiyou,093,43540,2800,2643,943,3586,35
2021-09-08,Solano,095,438530,42957,41971,1074,43045,302
2021-09-08,Sonoma,097,501317,38543,38075,469,38544,360
2021-09-08,Stanislaus,099,539301,70602,68945,7946,76891,1074
2021-09-08,Sutter,101,95872,12593,12349,208,12557,144
2021-09-08,Tehama,103,63373,6774,6520,1098,7618,75
2021-09-08,Trinity,105,12862,644,520,173,693,6
2021-09-08,Tulare,107,460477,59124,57425,12253,69678,876
2021-09-08,Tuolumne,109,53932,5948,5783,58,5841,89
2021-09-08,Ventura,111,848112,93018,91345,4064,95409,1096
2021-09-08,Yolo,113,214977,17977,17680,903,18583,239
2021-09-08,Yuba,115,75493,8840,8675,195,8870,55
2021-09-07,Alameda,001,1643700,112067,110550,2662,113212,1301
2021-09-07,Alpine,003,1148,97,94,0,94,0
2021-09-07,Amador,005,37829,4772,4679,46,4725,53
2021-09-07,Butte,007,227075,17349,16723,3046,19769,220
2021-09-07,Calaveras,009,45235,3197,3140,21,3161,63
2021-09-07,Colusa,011,21464,2352,2306,517,2823,16
2021-09-07,Contra Costa,013,1133247,92315,91167,1887,93054,891
2021-09-07,Del Norte,015,27424,3245,3081,21,3102,24
2021-09-07,El Dorado,017,186661,14185,13892,1387,15279,119
2021-09-07,Fresno,019,978130,122451,120268,10849,131117,1828
2021-09-07,Glenn,021,27897,3028,2937,842,3779,20
2021-09-07,Humboldt,023,135768,7618,7397,337,7734,52
2021-09-07,Imperial,025,180216,30868,30584,3014,33598,751
2021-09-07,Inyo,027,18085,1600,1579,47,1626,39
2021-09-07,Kern,029,883053,113175,110674,16871,127545,1408
2021-09-07,Kings,031,150075,27877,27169,1562,28731,267
2021-09-07,Lake,033,64148,5801,5597,108,5705,78
2021-09-07,Lassen,035,31185,5983,5842,218,6060,21
2021-09-07,Los Angeles,037,10098052,1371323,1360407,51427,1411834,25486
2021-09-07,Madera,039,155013,19856,19316,1551,20867,249
2021-09-07,Marin,041,260295,16532,16363,384,16747,242
2021-09-07,Mariposa,043,17540,814,771,26,797,5
2021-09-07,Mendocino,045,87422,6296,6036,242,6278,61
2021-09-07,Merced,047,269075,37081,36400,1361,37761,513
2021-09-07,Modoc,049,8938,461,449,160,609,5
2021-09-07,Mono,051,14174,1431,1416,15,1431,3
2021-09-07,Monterey,053,433212,46218,45911,2891,48802,543
2021-09-07,Napa,055,140530,11998,11814,80,11894,90
2021-09-07,Nevada,057,99092,8020,7829,269,8098,82
2021-09-07,Orange,059,3164182,292555,288225,13819,302044,5274
2021-09-07,Placer,061,380077,32565,31710,3028,34738,337
2021-09-07,Plumas,063,18699,1142,1071,23,1094,5
2021-09-07,Riverside,065,2383286,337898,333390,15697,349087,4666
2021-09-07,Sacramento,067,1510023,142938,142364,3431,145795,1905
2021-09-07,San Benito,069,59416,6836,6786,141,6927,64
2021-09-07,San Bernardino,071,2135413,333625,329962,10478,340440,5407
2021-09-07,San Diego,073,3302833,345377,340709,19944,360653,3922
2021-09-07,San Francisco,075,870044,48744,48175,2279,50454,589
2021-09-07,San Joaquin,077,732212,90724,89468,4861,94329,1548
2021-09-07,San Luis Obispo,079,281455,26721,26253,1026,27279,287
2021-09-07,San Mateo,081,765935,50455,49913,1160,51073,561
2021-09-07,Santa Barbara,083,443738,41249,39957,1510,41467,489
2021-09-07,Santa Clara,085,1922200,138139,136631,1083,137714,1807
2021-09-07,Santa Cruz,087,273765,18918,18669,996,19665,210
2021-09-07,Shasta,089,179085,16980,16096,2642,18738,226
2021-09-07,Sierra,091,2930,128,111,14,125,0
2021-09-07,Siskiyou,093,43540,2774,2607,926,3533,34
2021-09-07,Solano,095,438530,42827,41862,1070,42932,300
2021-09-07,Sonoma,097,501317,38459,38013,467,38480,358
2021-09-07,Stanislaus,099,539301,70316,68831,7918,76749,1074
2021-09-07,Sutter,101,95872,12519,12310,202,12512,138
2021-09-07,Tehama,103,63373,6722,6482,1078,7560,74
2021-09-07,Trinity,105,12862,638,517,173,690,6
2021-09-07,Tulare,107,460477,58771,57228,12173,69401,874
2021-09-07,Tuolumne,109,53932,5911,5759,58,5817,88
2021-09-07,Ventura,111,848112,92807,91246,4054,95300,1093
2021-09-07,Yolo,113,214977,17908,17653,898,18551,235
2021-09-07,Yuba,115,75493,8797,8642,190,8832,55
2021-09-06,Alameda,001,1643700,111757,110357,2653,113010,1301
2021-09-06,Alpine,003,1148,95,94,0,94,0
2021-09-06,Amador,005,37829,4756,4648,45,4693,53
2021-09-06,Butte,007,227075,17157,16588,3002,19590,218
2021-09-06,Calaveras,009,45235,3179,3122,21,3143,63
2021-09-06,Colusa,011,21464,2345,2306,512,2818,16
2021-09-06,Contra Costa,013,1133247,92022,90971,1877,92848,891
2021-09-06,Del Norte,015,27424,3204,3037,20,3057,24
2021-09-06,El Dorado,017,186661,14116,13848,1371,15219,119
2021-09-06,Fresno,019,978130,121884,119738,10791,130529,1828
2021-09-06,Glenn,021,27897,2994,2912,827,3739,20
2021-09-06,Humboldt,023,135768,7541,7320,319,7639,52
2021-09-06,Imperial,025,180216,30805,30576,3008,33584,751
2021-09-06,Inyo,027,18085,1592,1578,34,1612,39
2021-09-06,Kern,029,883053,112666,110347,16680,127027,1408
2021-09-06,Kings,031,150075,27735,27094,1546,28640,264
2021-09-06,Lake,033,64148,5737,5548,101,5649,78
2021-09-06,Lassen,035,31185,5957,5822,207,6029,21
2021-09-06,Los Angeles,037,10098052,1368951,1359348,51308,1410656,25477
2021-09-06,Madera,039,155013,19754,19191,1527,20718,249
2021-09-06,Marin,041,260295,16492,16356,384,16740,242
2021-09-06,Mariposa,043,17540,802,764,26,790,5
2021-09-06,Mendocino,045,87422,6228,5984,229,6213,61
2021-09-06,Merced,047,269075,36864,36300,1352,37652,513
2021-09-06,Modoc,049,8938,458,449,160,609,5
2021-09-06,Mono,051,14174,1428,1416,15,1431,3
2021-09-06,Monterey,053,433212,46153,45833,2847,48680,541
2021-09-06,Napa,055,140530,11955,11792,79,11871,90
2021-09-06,Nevada,057,99092,7972,7748,267,8015,82
2021-09-06,Orange,059,3164182,292058,287948,13765,301713,5274
2021-09-06,Placer,061,380077,32389,31595,2989,34584,337
2021-09-06,Plumas,063,18699,1121,1068,20,1088,5
2021-09-06,Riverside,065,2383286,337080,333052,15676,348728,4666
2021-09-06,Sacramento,067,1510023,142298,141730,3361,145091,1905
2021-09-06,San Benito,069,59416,6813,6777,138,6915,64
2021-09-06,San Bernardino,071,2135413,332742,329693,10447,340140,5398
2021-09-06,San Diego,073,3302833,344361,340222,19849,360071,3922
2021-09-06,San Francisco,075,870044,48610,48120,2273,50393,589
2021-09-06,San Joaquin,077,732212,90380,89293,4835,94128,1548
2021-09-06,San Luis Obispo,079,281455,26592,26183,1023,27206,286
2021-09-06,San Mateo,081,765935,50344,49859,1143,51002,561
2021-09-06,Santa Barbara,083,443738,41121,39876,1501,41377,489
2021-09-06,Santa Clara,085,1922200,137850,136458,1080,137538,1807
2021-09-06,Santa Cruz,087,273765,18866,18615,993,19608,210
2021-09-06,Shasta,089,179085,16800,15985,2587,18572,226
2021-09-06,Sierra,091,2930,128,109,14,123,0
2021-09-06,Siskiyou,093,43540,2730,2595,892,3487,34
2021-09-06,Solano,095,438530,42680,41774,1064,42838,300
2021-09-06,Sonoma,097,501317,38339,37929,466,38395,358
2021-09-06,Stanislaus,099,539301,69942,68596,7870,76466,1074
2021-09-06,Sutter,101,95872,12457,12238,193,12431,138
2021-09-06,Tehama,103,63373,6660,6413,1051,7464,74
2021-09-06,Trinity,105,12862,635,515,171,686,6
2021-09-06,Tulare,107,460477,58417,57068,12092,69160,874
2021-09-06,Tuolumne,109,53932,5876,5697,58,5755,88
2021-09-06,Ventura,111,848112,92632,91132,4043,95175,1093
2021-09-06,Yolo,113,214977,17826,17576,892,18468,235
2021-09-06,Yuba,115,75493,8747,8584,186,8770,55
2021-09-05,Alameda,001,1643700,111567,110173,2650,112823,1301
2021-09-05,Alpine,003,1148,95,94,0,94,0
2021-09-05,Amador,005,37829,4744,4642,45,4687,53
2021-09-05,Butte,007,227075,17067,16504,2974,19478,218
2021-09-05,Calaveras,009,45235,3172,3106,21,3127,63
2021-09-05,Colusa,011,21464,2337,2305,510,2815,16
2021-09-05,Contra Costa,013,1133247,91838,90862,1872,92734,891
2021-09-05,Del Norte,015,27424,3183,3023,20,3043,24
2021-09-05,El Dorado,017,186661,14087,13827,1356,15183,119
2021-09-05,Fresno,019,978130,121587,119384,10757,130141,1828
2021-09-05,Glenn,021,27897,2985,2899,824,3723,20
2021-09-05,Humboldt,023,135768,7508,7312,316,7628,52
2021-09-05,Imperial,025,180216,30776,30548,3006,33554,751
2021-09-05,Inyo,027,18085,1589,1572,34,1606,39
2021-09-05,Kern,029,883053,112366,110073,16519,126592,1408
2021-09-05,Kings,031,150075,27658,26989,1542,28531,264
2021-09-05,Lake,033,64148,5717,5525,101,5626,78
2021-09-05,Lassen,035,31185,5935,5820,203,6023,21
2021-09-05,Los Angeles,037,10098052,1367665,1357748,51236,1408984,25465
2021-09-05,Madera,039,155013,19711,19155,1516,20671,249
2021-09-05,Marin,041,260295,16473,16342,383,16725,242
2021-09-05,Mariposa,043,17540,798,761,26,787,5
2021-09-05,Mendocino,045,87422,6194,5965,229,6194,61
2021-09-05,Merced,047,269075,36788,36243,1351,37594,513
2021-09-05,Modoc,049,8938,458,447,160,607,5
2021-09-05,Mono,051,14174,1428,1416,15,1431,3
2021-09-05,Monterey,053,433212,46129,45795,2834,48629,540
2021-09-05,Napa,055,140530,11930,11770,79,11849,90
2021-09-05,Nevada,057,99092,7950,7722,266,7988,82
2021-09-05,Orange,059,3164182,291772,287614,13748,301362,5274
2021-09-05,Placer,061,380077,32262,31487,2975,34462,337
2021-09-05,Plumas,063,18699,1115,1067,20,1087,5
2021-09-05,Riverside,065,2383286,336628,332604,15665,348269,4654
2021-09-05,Sacramento,067,1510023,141859,141276,3343,144619,1905
2021-09-05,San Benito,069,59416,6812,6764,138,6902,64
2021-09-05,San Bernardino,071,2135413,332361,329062,10432,339494,5392
2021-09-05,San Diego,073,3302833,343802,339427,19813,359240,3914
2021-09-05,San Francisco,075,870044,48532,48035,2268,50303,589
2021-09-05,San Joaquin,077,732212,90215,89121,4818,93939,1548
2021-09-05,San Luis Obispo,079,281455,26544,26098,1022,27120,285
2021-09-05,San Mateo,081,765935,50280,49809,1137,50946,561
2021-09-05,Santa Barbara,083,443738,41054,39762,1499,41261,489
2021-09-05,Santa Clara,085,1922200,137640,136146,1078,137224,1807
2021-09-05,Santa Cruz,087,273765,18846,18588,991,19579,210
2021-09-05,Shasta,089,179085,16717,15960,2561,18521,226
2021-09-05,Sierra,091,2930,127,109,14,123,0
2021-09-05,Siskiyou,093,43540,2713,2585,878,3463,34
2021-09-05,Solano,095,438530,42585,41687,1059,42746,300
2021-09-05,Sonoma,097,501317,38254,37881,465,38346,358
2021-09-05,Stanislaus,099,539301,69793,68434,7845,76279,1074
2021-09-05,Sutter,101,95872,12427,12179,187,12366,138
2021-09-05,Tehama,103,63373,6635,6400,1045,7445,74
2021-09-05,Trinity,105,12862,628,505,170,675,6
2021-09-05,Tulare,107,460477,58249,56915,12048,68963,874
2021-09-05,Tuolumne,109,53932,5864,5688,58,5746,88
2021-09-05,Ventura,111,848112,92497,91004,4039,95043,1093
2021-09-05,Yolo,113,214977,17791,17557,886,18443,235
2021-09-05,Yuba,115,75493,8721,8521,184,8705,55
2021-09-04,Alameda,001,1643700,111440,109944,2643,112587,1301
2021-09-04,Alpine,003,1148,95,94,0,94,0
2021-09-04,Amador,005,37829,4726,4637,44,4681,53
2021-09-04,Butte,007,227075,17010,16403,2958,19361,218
2021-09-04,Calaveras,009,45235,3161,3087,20,3107,63
2021-09-04,Colusa,011,21464,2335,2301,510,2811,16
2021-09-04,Contra Costa,013,1133247,91725,90623,1869,92492,891
2021-09-04,Del Norte,015,27424,3172,2984,20,3004,24
2021-09-04,El Dorado,017,186661,14061,13782,1348,15130,119
2021-09-04,Fresno,019,978130,121394,119033,10741,129774,1828
2021-09-04,Glenn,021,27897,2979,2878,820,3698,20
2021-09-04,Humboldt,023,135768,7477,7298,310,7608,52
2021-09-04,Imperial,025,180216,30753,30526,3004,33530,751
2021-09-04,Inyo,027,18085,1587,1571,34,1605,39
2021-09-04,Kern,029,883053,112121,109751,16388,126139,1408
2021-09-04,Kings,031,150075,27570,26896,1536,28432,263
2021-09-04,Lake,033,64148,5699,5507,101,5608,78
2021-09-04,Lassen,035,31185,5920,5814,195,6009,21
2021-09-04,Los Angeles,037,10098052,1366725,1355634,51174,1406808,25454
2021-09-04,Madera,039,155013,19678,19112,1509,20621,249
2021-09-04,Marin,041,260295,16457,16319,382,16701,242
2021-09-04,Mariposa,043,17540,793,759,26,785,5
2021-09-04,Mendocino,045,87422,6158,5933,229,6162,61
2021-09-04,Merced,047,269075,36743,36083,1348,37431,513
2021-09-04,Modoc,049,8938,458,447,160,607,5
2021-09-04,Mono,051,14174,1428,1417,15,1432,3
2021-09-04,Monterey,053,433212,46107,45756,2821,48577,540
2021-09-04,Napa,055,140530,11905,11760,77,11837,90
2021-09-04,Nevada,057,99092,7935,7691,265,7956,82
2021-09-04,Orange,059,3164182,291506,287244,13727,300971,5274
2021-09-04,Placer,061,380077,32157,31374,2958,34332,337
2021-09-04,Plumas,063,18699,1107,1067,20,1087,5
2021-09-04,Riverside,065,2383286,336158,331958,15653,347611,4654
2021-09-04,Sacramento,067,1510023,141566,140735,3335,144070,1896
2021-09-04,San Benito,069,59416,6803,6758,138,6896,64
2021-09-04,San Bernardino,071,2135413,332029,328425,10419,338844,5393
2021-09-04,San Diego,073,3302833,343368,338748,19791,358539,3914
2021-09-04,San Francisco,075,870044,48461,47937,2255,50192,589
2021-09-04,San Joaquin,077,732212,90100,88846,4808,93654,1548
2021-09-04,San Luis Obispo,079,281455,26513,26020,1022,27042,285
2021-09-04,San Mateo,081,765935,50233,49721,1128,50849,560
2021-09-04,Santa Barbara,083,443738,40988,39667,1497,41164,489
2021-09-04,Santa Clara,085,1922200,137454,135845,1075,136920,1806
2021-09-04,Santa Cruz,087,273765,18828,18579,987,19566,210
2021-09-04,Shasta,089,179085,16640,15924,2535,18459,226
2021-09-04,Sierra,091,2930,125,108,14,122,0
2021-09-04,Siskiyou,093,43540,2687,2563,867,3430,34
2021-09-04,Solano,095,438530,42512,41614,1057,42671,300
2021-09-04,Sonoma,097,501317,38221,37809,465,38274,358
2021-09-04,Stanislaus,099,539301,69635,68210,7821,76031,1074
2021-09-04,Sutter,101,95872,12386,12137,186,12323,138
2021-09-04,Tehama,103,63373,6610,6367,1027,7394,74
2021-09-04,Trinity,105,12862,626,497,170,667,6
2021-09-04,Tulare,107,460477,58141,56719,12005,68724,874
2021-09-04,Tuolumne,109,53932,5846,5667,56,5723,88
2021-09-04,Ventura,111,848112,92362,90904,4036,94940,1090
2021-09-04,Yolo,113,214977,17757,17522,882,18404,235
2021-09-04,Yuba,115,75493,8693,8475,183,8658,55
2021-09-03,Alameda,001,1643700,111290,109636,2641,112277,1301
2021-09-03,Alpine,003,1148,95,94,0,94,0
2021-09-03,Amador,005,37829,4704,4614,44,4658,53
2021-09-03,Butte,007,227075,16920,16259,2932,19191,215
2021-09-03,Calaveras,009,45235,3151,3069,20,3089,63
2021-09-03,Colusa,011,21464,2330,2295,509,2804,16
2021-09-03,Contra Costa,013,1133247,91574,90299,1866,92165,886
2021-09-03,Del Norte,015,27424,3144,2943,19,2962,24
2021-09-03,El Dorado,017,186661,14028,13710,1344,15054,119
2021-09-03,Fresno,019,978130,121062,118508,10726,129234,1822
2021-09-03,Glenn,021,27897,2973,2867,813,3680,20
2021-09-03,Humboldt,023,135768,7453,7194,305,7499,52
2021-09-03,Imperial,025,180216,30730,30475,2999,33474,751
2021-09-03,Inyo,027,18085,1582,1567,33,1600,39
2021-09-03,Kern,029,883053,111904,109296,16277,125573,1407
2021-09-03,Kings,031,150075,27486,26753,1533,28286,263
2021-09-03,Lake,033,64148,5679,5479,99,5578,78
2021-09-03,Lassen,035,31185,5903,5789,190,5979,21
2021-09-03,Los Angeles,037,10098052,1365397,1351185,51109,1402294,25384
2021-09-03,Madera,039,155013,19594,19021,1503,20524,247
2021-09-03,Marin,041,260295,16435,16293,381,16674,242
2021-09-03,Mariposa,043,17540,785,753,26,779,5
2021-09-03,Mendocino,045,87422,6123,5891,228,6119,61
2021-09-03,Merced,047,269075,36689,35941,1339,37280,512
2021-09-03,Modoc,049,8938,458,445,160,605,5
2021-09-03,Mono,051,14174,1427,1410,15,1425,3
2021-09-03,Monterey,053,433212,46080,45707,2806,48513,540
2021-09-03,Napa,055,140530,11884,11733,77,11810,89
2021-09-03,Nevada,057,99092,7902,7632,265,7897,82
2021-09-03,Orange,059,3164182,291184,286818,13697,300515,5253
2021-09-03,Placer,061,380077,32050,31238,2934,34172,335
2021-09-03,Plumas,063,18699,1096,1057,20,1077,5
2021-09-03,Riverside,065,2383286,335626,331011,15637,346648,4653
2021-09-03,Sacramento,067,1510023,141197,139982,3316,143298,1886
2021-09-03,San Benito,069,59416,6797,6746,138,6884,64
2021-09-03,San Bernardino,071,2135413,331617,327599,10409,338008,5381
2021-09-03,San Diego,073,3302833,342746,337627,19760,357387,3911
2021-09-03,San Francisco,075,870044,48387,47822,2247,50069,589
2021-09-03,San Joaquin,077,732212,89947,88366,4800,93166,1540
2021-09-03,San Luis Obispo,079,281455,26438,25917,1020,26937,283
2021-09-03,San Mateo,081,765935,50152,49617,1113,50730,560
2021-09-03,Santa Barbara,083,443738,40922,39507,1494,41001,489
2021-09-03,Santa Clara,085,1922200,137251,135522,1071,136593,1801
2021-09-03,Santa Cruz,087,273765,18803,18532,987,19519,210
2021-09-03,Shasta,089,179085,16565,15778,2511,18289,226
2021-09-03,Sierra,091,2930,123,105,14,119,0
2021-09-03,Siskiyou,093,43540,2675,2529,854,3383,34
2021-09-03,Solano,095,438530,42436,41457,1054,42511,300
2021-09-03,Sonoma,097,501317,38159,37699,465,38164,358
2021-09-03,Stanislaus,099,539301,69456,67887,7794,75681,1074
2021-09-03,Sutter,101,95872,12347,12073,185,12258,139
2021-09-03,Tehama,103,63373,6571,6334,1020,7354,72
2021-09-03,Trinity,105,12862,625,490,165,655,6
2021-09-03,Tulare,107,460477,58014,56401,11952,68353,872
2021-09-03,Tuolumne,109,53932,5804,5630,56,5686,88
2021-09-03,Ventura,111,848112,92228,90742,4032,94774,1088
2021-09-03,Yolo,113,214977,17734,17446,876,18322,235
2021-09-03,Yuba,115,75493,8661,8412,183,8595,55
2021-09-02,Alameda,001,1643700,111032,109377,2637,112014,1301
2021-09-02,Alpine,003,1148,94,92,0,92,0
2021-09-02,Amador,005,37829,4688,4606,44,4650,53
2021-09-02,Butte,007,227075,16794,16154,2914,19068,215
2021-09-02,Calaveras,009,45235,3140,3042,20,3062,62
2021-09-02,Colusa,011,21464,2327,2290,507,2797,16
2021-09-02,Contra Costa,013,1133247,91394,90038,1856,91894,886
2021-09-02,Del Norte,015,27424,3113,2891,19,2910,24
2021-09-02,El Dorado,017,186661,13968,13641,1318,14959,119
2021-09-02,Fresno,019,978130,120576,117974,10689,128663,1804
2021-09-02,Glenn,021,27897,2952,2855,808,3663,20
2021-09-02,Humboldt,023,135768,7406,7141,293,7434,52
2021-09-02,Imperial,025,180216,30686,30449,2995,33444,751
2021-09-02,Inyo,027,18085,1577,1564,32,1596,39
2021-09-02,Kern,029,883053,111492,108930,16131,125061,1404
2021-09-02,Kings,031,150075,27394,26638,1523,28161,263
2021-09-02,Lake,033,64148,5649,5432,95,5527,78
2021-09-02,Lassen,035,31185,5889,5747,183,5930,21
2021-09-02,Los Angeles,037,10098052,1363542,1351105,51014,1402119,25382
2021-09-02,Madera,039,155013,19503,18937,1485,20422,247
2021-09-02,Marin,041,260295,16422,16244,379,16623,242
2021-09-02,Mariposa,043,17540,779,745,23,768,5
2021-09-02,Mendocino,045,87422,6082,5848,225,6073,61
2021-09-02,Merced,047,269075,36526,35820,1332,37152,508
2021-09-02,Modoc,049,8938,458,437,160,597,5
2021-09-02,Mono,051,14174,1427,1409,15,1424,3
2021-09-02,Monterey,053,433212,46028,45648,2779,48427,539
2021-09-02,Napa,055,140530,11855,11684,77,11761,88
2021-09-02,Nevada,057,99092,7850,7575,264,7839,82
2021-09-02,Orange,059,3164182,290726,286326,13661,299987,5240
2021-09-02,Placer,061,380077,31913,31067,2904,33971,330
2021-09-02,Plumas,063,18699,1085,1045,19,1064,5
2021-09-02,Riverside,065,2383286,334912,330190,15611,345801,4644
2021-09-02,Sacramento,067,1510023,140615,139274,3276,142550,1882
2021-09-02,San Benito,069,59416,6792,6734,137,6871,64
2021-09-02,San Bernardino,071,2135413,331013,326940,10334,337274,5369
2021-09-02,San Diego,073,3302833,341778,336382,19708,356090,3909
2021-09-02,San Francisco,075,870044,48280,47674,2241,49915,587
2021-09-02,San Joaquin,077,732212,89662,88056,4775,92831,1540
2021-09-02,San Luis Obispo,079,281455,26354,25851,1015,26866,283
2021-09-02,San Mateo,081,765935,50063,49490,1099,50589,558
2021-09-02,Santa Barbara,083,443738,40831,39386,1481,40867,486
2021-09-02,Santa Clara,085,1922200,136950,135216,1065,136281,1799
2021-09-02,Santa Cruz,087,273765,18769,18473,984,19457,210
2021-09-02,Shasta,089,179085,16427,15670,2482,18152,224
2021-09-02,Sierra,091,2930,123,105,14,119,0
2021-09-02,Siskiyou,093,43540,2656,2513,824,3337,34
2021-09-02,Solano,095,438530,42330,41293,1051,42344,294
2021-09-02,Sonoma,097,501317,38078,37558,465,38023,352
2021-09-02,Stanislaus,099,539301,69199,67576,7772,75348,1074
2021-09-02,Sutter,101,95872,12277,11995,181,12176,138
2021-09-02,Tehama,103,63373,6512,6265,1001,7266,72
2021-09-02,Trinity,105,12862,621,484,163,647,6
2021-09-02,Tulare,107,460477,57785,56105,11899,68004,872
2021-09-02,Tuolumne,109,53932,5749,5578,56,5634,88
2021-09-02,Ventura,111,848112,92046,90610,4027,94637,1084
2021-09-02,Yolo,113,214977,17665,17357,865,18222,235
2021-09-02,Yuba,115,75493,8602,8363,183,8546,55
2021-09-01,Alameda,001,1643700,110760,109075,2631,111706,1299
2021-09-01,Alpine,003,1148,94,92,0,92,0
2021-09-01,Amador,005,37829,4672,4599,43,4642,53
2021-09-01,Butte,007,227075,16679,16046,2888,18934,215
2021-09-01,Calaveras,009,45235,3126,3023,20,3043,59
2021-09-01,Colusa,011,21464,2322,2281,507,2788,16
2021-09-01,Contra Costa,013,1133247,91167,89834,1845,91679,877
2021-09-01,Del Norte,015,27424,3080,2860,19,2879,24
2021-09-01,El Dorado,017,186661,13912,13577,1291,14868,119
2021-09-01,Fresno,019,978130,120091,117492,10638,128130,1800
2021-09-01,Glenn,021,27897,2925,2846,798,3644,20
2021-09-01,Humboldt,023,135768,7358,7090,286,7376,52
2021-09-01,Imperial,025,180216,30649,30393,2990,33383,750
2021-09-01,Inyo,027,18085,1573,1561,31,1592,39
2021-09-01,Kern,029,883053,111068,108449,15989,124438,1400
2021-09-01,Kings,031,150075,27281,26443,1512,27955,263
2021-09-01,Lake,033,64148,5607,5396,90,5486,77
2021-09-01,Lassen,035,31185,5867,5731,179,5910,21
2021-09-01,Los Angeles,037,10098052,1361316,1348589,50905,1399494,25341
2021-09-01,Madera,039,155013,19425,18852,1471,20323,247
2021-09-01,Marin,041,260295,16400,16224,374,16598,240
2021-09-01,Mariposa,043,17540,771,735,23,758,5
2021-09-01,Mendocino,045,87422,6042,5821,220,6041,59
2021-09-01,Merced,047,269075,36349,35686,1323,37009,500
2021-09-01,Modoc,049,8938,452,436,158,594,5
2021-09-01,Mono,051,14174,1427,1400,15,1415,3
2021-09-01,Monterey,053,433212,45959,45590,2753,48343,539
2021-09-01,Napa,055,140530,11822,11653,77,11730,88
2021-09-01,Nevada,057,99092,7797,7508,263,7771,82
2021-09-01,Orange,059,3164182,290253,285840,13621,299461,5233
2021-09-01,Placer,061,380077,31759,30902,2890,33792,330
2021-09-01,Plumas,063,18699,1077,1033,19,1052,5
2021-09-01,Riverside,065,2383286,334098,329388,15579,344967,4634
2021-09-01,Sacramento,067,1510023,140004,138499,3230,141729,1875
2021-09-01,San Benito,069,59416,6775,6716,137,6853,64
2021-09-01,San Bernardino,071,2135413,330366,326250,10305,336555,5364
2021-09-01,San Diego,073,3302833,340737,335302,19659,354961,3908
2021-09-01,San Francisco,075,870044,48174,47538,2231,49769,584
2021-09-01,San Joaquin,077,732212,89340,87640,4751,92391,1540
2021-09-01,San Luis Obispo,079,281455,26258,25691,1010,26701,283
2021-09-01,San Mateo,081,765935,49956,49394,1085,50479,558
2021-09-01,Santa Barbara,083,443738,40714,39263,1465,40728,483
2021-09-01,Santa Clara,085,1922200,136682,134855,1058,135913,1796
2021-09-01,Santa Cruz,087,273765,18722,18453,982,19435,210
2021-09-01,Shasta,089,179085,16293,15552,2440,17992,221
2021-09-01,Sierra,091,2930,122,98,14,112,0
2021-09-01,Siskiyou,093,43540,2627,2482,803,3285,34
2021-09-01,Solano,095,438530,42179,41194,1046,42240,293
2021-09-01,Sonoma,097,501317,37983,37454,464,37918,352
2021-09-01,Stanislaus,099,539301,68908,67287,7741,75028,1075
2021-09-01,Sutter,101,95872,12213,11945,174,12119,136
2021-09-01,Tehama,103,63373,6478,6228,984,7212,72
2021-09-01,Trinity,105,12862,620,482,160,642,5
2021-09-01,Tulare,107,460477,57503,55768,11862,67630,870
2021-09-01,Tuolumne,109,53932,5709,5553,56,5609,88
2021-09-01,Ventura,111,848112,91831,90471,4011,94482,1089
2021-09-01,Yolo,113,214977,17611,17264,859,18123,235
2021-09-01,Yuba,115,75493,8541,8308,183,8491,55
2021-08-31,Alameda,001,1643700,110454,108837,2624,111461,1297
2021-08-31,Alpine,003,1148,92,92,0,92,0
2021-08-31,Amador,005,37829,4651,4555,43,4598,53
2021-08-31,Butte,007,227075,16538,15896,2847,18743,216
2021-08-31,Calaveras,009,45235,3087,3008,20,3028,59
2021-08-31,Colusa,011,21464,2320,2275,505,2780,16
2021-08-31,Contra Costa,013,1133247,90874,89546,1833,91379,871
2021-08-31,Del Norte,015,27424,3044,2830,19,2849,19
2021-08-31,El Dorado,017,186661,13843,13539,1273,14812,119
2021-08-31,Fresno,019,978130,119519,117155,10575,127730,1801
2021-08-31,Glenn,021,27897,2907,2829,784,3613,20
2021-08-31,Humboldt,023,135768,7282,7030,272,7302,52
2021-08-31,Imperial,025,180216,30612,30348,2982,33330,750
2021-08-31,Inyo,027,18085,1569,1550,31,1581,39
2021-08-31,Kern,029,883053,110565,108151,15808,123959,1393
2021-08-31,Kings,031,150075,27141,26405,1497,27902,260
2021-08-31,Lake,033,64148,5563,5359,87,5446,74
2021-08-31,Lassen,035,31185,5841,5702,176,5878,21
2021-08-31,Los Angeles,037,10098052,1358810,1346686,50824,1397510,25303
2021-08-31,Madera,039,155013,19335,18811,1453,20264,247
2021-08-31,Marin,041,260295,16371,16215,371,16586,240
2021-08-31,Mariposa,043,17540,763,732,23,755,5
2021-08-31,Mendocino,045,87422,6002,5777,218,5995,59
2021-08-31,Merced,047,269075,36179,35512,1318,36830,498
2021-08-31,Modoc,049,8938,451,436,158,594,5
2021-08-31,Mono,051,14174,1411,1398,15,1413,3
2021-08-31,Monterey,053,433212,45895,45550,2720,48270,539
2021-08-31,Napa,055,140530,11775,11618,77,11695,88
2021-08-31,Nevada,057,99092,7730,7460,263,7723,82
2021-08-31,Orange,059,3164182,289652,285310,13585,298895,5229
2021-08-31,Placer,061,380077,31572,30745,2852,33597,325
2021-08-31,Plumas,063,18699,1073,1018,18,1036,5
2021-08-31,Riverside,065,2383286,333125,328556,15546,344102,4627
2021-08-31,Sacramento,067,1510023,139318,137879,3194,141073,1863
2021-08-31,San Benito,069,59416,6763,6694,135,6829,64
2021-08-31,San Bernardino,071,2135413,329626,325446,10285,335731,5350
2021-08-31,San Diego,073,3302833,339468,334377,19611,353988,3888
2021-08-31,San Francisco,075,870044,48035,47440,2207,49647,581
2021-08-31,San Joaquin,077,732212,88895,87365,4736,92101,1540
2021-08-31,San Luis Obispo,079,281455,26134,25518,1006,26524,282
2021-08-31,San Mateo,081,765935,49851,49299,1078,50377,556
2021-08-31,Santa Barbara,083,443738,40567,39091,1457,40548,481
2021-08-31,Santa Clara,085,1922200,136331,134637,1051,135688,1793
2021-08-31,Santa Cruz,087,273765,18681,18419,979,19398,210
2021-08-31,Shasta,089,179085,16139,15368,2412,17780,220
2021-08-31,Sierra,091,2930,119,95,14,109,0
2021-08-31,Siskiyou,093,43540,2607,2435,788,3223,33
2021-08-31,Solano,095,438530,42040,41067,1039,42106,289
2021-08-31,Sonoma,097,501317,37887,37379,463,37842,352
2021-08-31,Stanislaus,099,539301,68544,67004,7707,74711,1075
2021-08-31,Sutter,101,95872,12147,11901,170,12071,136
2021-08-31,Tehama,103,63373,6418,6169,953,7122,72
2021-08-31,Trinity,105,12862,614,480,160,640,3
2021-08-31,Tulare,107,460477,57171,55567,11789,67356,870
2021-08-31,Tuolumne,109,53932,5673,5516,56,5572,88
2021-08-31,Ventura,111,848112,91614,90292,3998,94290,1081
2021-08-31,Yolo,113,214977,17532,17205,850,18055,234
2021-08-31,Yuba,115,75493,8487,8253,183,8436,54
2021-08-30,Alameda,001,1643700,110129,107734,2613,110347,1296
2021-08-30,Alpine,003,1148,92,92,0,92,0
2021-08-30,Amador,005,37829,4640,4507,43,4550,53
2021-08-30,Butte,007,227075,16386,15719,2814,18533,214
2021-08-30,Calaveras,009,45235,3068,2975,20,2995,59
2021-08-30,Colusa,011,21464,2311,2271,501,2772,16
2021-08-30,Contra Costa,013,1133247,90618,87679,1820,89499,872
2021-08-30,Del Norte,015,27424,3002,2796,18,2814,11
2021-08-30,El Dorado,017,186661,13774,13217,1256,14473,119
2021-08-30,Fresno,019,978130,118955,115867,10515,126382,1790
2021-08-30,Glenn,021,27897,2896,2804,782,3586,20
2021-08-30,Humboldt,023,135768,7229,6930,265,7195,52
2021-08-30,Imperial,025,180216,30574,30311,2976,33287,750
2021-08-30,Inyo,027,18085,1564,1544,31,1575,39
2021-08-30,Kern,029,883053,110088,107615,15642,123257,1389
2021-08-30,Kings,031,150075,27025,26236,1482,27718,259
2021-08-30,Lake,033,64148,5529,5323,83,5406,74
2021-08-30,Lassen,035,31185,5819,5667,170,5837,21
2021-08-30,Los Angeles,037,10098052,1356364,1344949,50736,1395685,25269
2021-08-30,Madera,039,155013,19253,18622,1433,20055,247
2021-08-30,Marin,041,260295,16340,16160,371,16531,240
2021-08-30,Mariposa,043,17540,757,715,22,737,5
2021-08-30,Mendocino,045,87422,5969,5721,214,5935,55
2021-08-30,Merced,047,269075,36049,35335,1316,36651,497
2021-08-30,Modoc,049,8938,449,436,157,593,5
2021-08-30,Mono,051,14174,1411,1390,15,1405,3
2021-08-30,Monterey,053,433212,45841,45463,2695,48158,539
2021-08-30,Napa,055,140530,11725,11579,75,11654,87
2021-08-30,Nevada,057,99092,7671,7356,260,7616,82
2021-08-30,Orange,059,3164182,289075,284750,13534,298284,5223
2021-08-30,Placer,061,380077,31410,29825,2828,32653,319
2021-08-30,Plumas,063,18699,1056,998,18,1016,5
2021-08-30,Riverside,065,2383286,332228,327593,15515,343108,4623
2021-08-30,Sacramento,067,1510023,138666,134571,3145,137716,1847
2021-08-30,San Benito,069,59416,6754,6663,135,6798,64
2021-08-30,San Bernardino,071,2135413,328949,324870,10255,335125,5348
2021-08-30,San Diego,073,3302833,338188,333011,19540,352551,3885
2021-08-30,San Francisco,075,870044,47900,46966,2189,49155,581
2021-08-30,San Joaquin,077,732212,88564,86203,4716,90919,1528
2021-08-30,San Luis Obispo,079,281455,26008,25422,999,26421,280
2021-08-30,San Mateo,081,765935,49737,48839,1061,49900,554
2021-08-30,Santa Barbara,083,443738,40419,38998,1452,40450,481
2021-08-30,Santa Clara,085,1922200,136010,133281,1043,134324,1789
2021-08-30,Santa Cruz,087,273765,18626,18326,975,19301,210
2021-08-30,Shasta,089,179085,16008,15238,2367,17605,217
2021-08-30,Sierra,091,2930,117,91,14,105,0
2021-08-30,Siskiyou,093,43540,2594,2411,777,3188,33
2021-08-30,Solano,095,438530,41897,39986,1035,41021,290
2021-08-30,Sonoma,097,501317,37784,36764,463,37227,352
2021-08-30,Stanislaus,099,539301,68201,66173,7677,73850,1074
2021-08-30,Sutter,101,95872,12076,11791,163,11954,136
2021-08-30,Tehama,103,63373,6339,6085,928,7013,71
2021-08-30,Trinity,105,12862,603,468,157,625,3
2021-08-30,Tulare,107,460477,56858,55140,11712,66852,870
2021-08-30,Tuolumne,109,53932,5627,5492,56,5548,74
2021-08-30,Ventura,111,848112,91398,90149,3986,94135,1082
2021-08-30,Yolo,113,214977,17469,17071,846,17917,231
2021-08-30,Yuba,115,75493,8413,8129,182,8311,54
2021-08-29,Alameda,001,1643700,109788,107494,2598,110092,1296
2021-08-29,Alpine,003,1148,92,92,0,92,0
2021-08-29,Amador,005,37829,4626,4501,43,4544,53
2021-08-29,Butte,007,227075,16216,15602,2778,18380,214
2021-08-29,Calaveras,009,45235,3034,2970,20,2990,59
2021-08-29,Colusa,011,21464,2301,2260,495,2755,16
2021-08-29,Contra Costa,013,1133247,90321,87439,1815,89254,872
2021-08-29,Del Norte,015,27424,2959,2752,18,2770,11
2021-08-29,El Dorado,017,186661,13719,13166,1245,14411,119
2021-08-29,Fresno,019,978130,118362,115502,10460,125962,1790
2021-08-29,Glenn,021,27897,2883,2778,775,3553,20
2021-08-29,Humboldt,023,135768,7185,6922,250,7172,52
2021-08-29,Imperial,025,180216,30513,30293,2966,33259,750
2021-08-29,Inyo,027,18085,1554,1543,29,1572,39
2021-08-29,Kern,029,883053,109640,107324,15470,122794,1389
2021-08-29,Kings,031,150075,26872,26143,1467,27610,259
2021-08-29,Lake,033,64148,5489,5293,73,5366,74
2021-08-29,Lassen,035,31185,5796,5666,166,5832,21
2021-08-29,Los Angeles,037,10098052,1353614,1342541,50622,1393163,25263
2021-08-29,Madera,039,155013,19166,18594,1417,20011,247
2021-08-29,Marin,041,260295,16309,16134,368,16502,240
2021-08-29,Mariposa,043,17540,751,709,20,729,5
2021-08-29,Mendocino,045,87422,5913,5689,201,5890,55
2021-08-29,Merced,047,269075,35811,35250,1303,36553,497
2021-08-29,Modoc,049,8938,446,436,157,593,5
2021-08-29,Mono,051,14174,1405,1387,15,1402,3
2021-08-29,Monterey,053,433212,45758,45424,2650,48074,539
2021-08-29,Napa,055,140530,11694,11552,75,11627,87
2021-08-29,Nevada,057,99092,7615,7294,259,7553,82
2021-08-29,Orange,059,3164182,288456,284432,13494,297926,5223
2021-08-29,Placer,061,380077,31237,29674,2787,32461,319
2021-08-29,Plumas,063,18699,1045,996,18,1014,5
2021-08-29,Riverside,065,2383286,331369,326987,15494,342481,4623
2021-08-29,Sacramento,067,1510023,137913,133981,3096,137077,1843
2021-08-29,San Benito,069,59416,6728,6646,135,6781,64
2021-08-29,San Bernardino,071,2135413,328161,324266,10221,334487,5347
2021-08-29,San Diego,073,3302833,337077,332014,19448,351462,3880
2021-08-29,San Francisco,075,870044,47769,46885,2173,49058,581
2021-08-29,San Joaquin,077,732212,88115,85922,4696,90618,1528
2021-08-29,San Luis Obispo,079,281455,25811,25288,994,26282,280
2021-08-29,San Mateo,081,765935,49629,48737,1051,49788,554
2021-08-29,Santa Barbara,083,443738,40254,38900,1448,40348,481
2021-08-29,Santa Clara,085,1922200,135658,132979,1037,134016,1789
2021-08-29,Santa Cruz,087,273765,18579,18285,973,19258,210
2021-08-29,Shasta,089,179085,15855,15198,2340,17538,217
2021-08-29,Sierra,091,2930,115,91,14,105,0
2021-08-29,Siskiyou,093,43540,2547,2407,757,3164,33
2021-08-29,Solano,095,438530,41742,39887,1030,40917,290
2021-08-29,Sonoma,097,501317,37648,36650,459,37109,352
2021-08-29,Stanislaus,099,539301,67856,65956,7643,73599,1074
2021-08-29,Sutter,101,95872,12018,11719,156,11875,136
2021-08-29,Tehama,103,63373,6268,6040,905,6945,71
2021-08-29,Trinity,105,12862,600,468,153,621,3
2021-08-29,Tulare,107,460477,56523,54974,11628,66602,870
2021-08-29,Tuolumne,109,53932,5602,5478,55,5533,74
2021-08-29,Ventura,111,848112,91141,90114,3977,94091,1082
2021-08-29,Yolo,113,214977,17370,17015,834,17849,231
2021-08-29,Yuba,115,75493,8349,8042,182,8224,54
2021-08-28,Alameda,001,1643700,109625,107007,2589,109596,1296
2021-08-28,Alpine,003,1148,92,92,0,92,0
2021-08-28,Amador,005,37829,4607,4484,43,4527,53
2021-08-28,Butte,007,227075,16157,15487,2750,18237,214
2021-08-28,Calaveras,009,45235,3026,2926,20,2946,59
2021-08-28,Colusa,011,21464,2297,2252,493,2745,16
2021-08-28,Contra Costa,013,1133247,90109,86938,1813,88751,872
2021-08-28,Del Norte,015,27424,2932,2734,17,2751,11
2021-08-28,El Dorado,017,186661,13679,13089,1239,14328,119
2021-08-28,Fresno,019,978130,118121,115079,10436,125515,1792
2021-08-28,Glenn,021,27897,2875,2773,768,3541,20
2021-08-28,Humboldt,023,135768,7150,6887,245,7132,52
2021-08-28,Imperial,025,180216,30486,30260,2963,33223,750
2021-08-28,Inyo,027,18085,1552,1539,29,1568,39
2021-08-28,Kern,029,883053,109402,107012,15327,122339,1389
2021-08-28,Kings,031,150075,26805,26059,1464,27523,257
2021-08-28,Lake,033,64148,5466,5267,69,5336,74
2021-08-28,Lassen,035,31185,5781,5665,165,5830,21
2021-08-28,Los Angeles,037,10098052,1352409,1337097,50548,1387645,25234
2021-08-28,Madera,039,155013,19116,18553,1401,19954,247
2021-08-28,Marin,041,260295,16294,16106,368,16474,240
2021-08-28,Mariposa,043,17540,749,704,20,724,5
2021-08-28,Mendocino,045,87422,5888,5658,201,5859,55
2021-08-28,Merced,047,269075,35759,35108,1300,36408,497
2021-08-28,Modoc,049,8938,446,436,156,592,5
2021-08-28,Mono,051,14174,1402,1385,15,1400,3
2021-08-28,Monterey,053,433212,45722,45394,2639,48033,539
2021-08-28,Napa,055,140530,11671,11512,74,11586,88
2021-08-28,Nevada,057,99092,7591,7238,257,7495,82
2021-08-28,Orange,059,3164182,288097,283953,13445,297398,5222
2021-08-28,Placer,061,380077,31127,29428,2774,32202,319
2021-08-28,Plumas,063,18699,1038,991,18,1009,5
2021-08-28,Riverside,065,2383286,330781,326222,15483,341705,4623
2021-08-28,Sacramento,067,1510023,137521,132985,3080,136065,1844
2021-08-28,San Benito,069,59416,6721,6636,135,6771,64
2021-08-28,San Bernardino,071,2135413,327715,323672,10213,333885,5348
2021-08-28,San Diego,073,3302833,336492,331330,19414,350744,3880
2021-08-28,San Francisco,075,870044,47696,46654,2166,48820,581
2021-08-28,San Joaquin,077,732212,87946,85481,4687,90168,1527
2021-08-28,San Luis Obispo,079,281455,25745,25138,989,26127,280
2021-08-28,San Mateo,081,765935,49559,48575,1043,49618,554
2021-08-28,Santa Barbara,083,443738,40182,38780,1447,40227,481
2021-08-28,Santa Clara,085,1922200,135451,132488,1035,133523,1789
2021-08-28,Santa Cruz,087,273765,18562,18240,970,19210,210
2021-08-28,Shasta,089,179085,15752,15147,2321,17468,217
2021-08-28,Sierra,091,2930,111,91,14,105,0
2021-08-28,Siskiyou,093,43540,2539,2402,746,3148,33
2021-08-28,Solano,095,438530,41693,39610,1029,40639,290
2021-08-28,Sonoma,097,501317,37575,36466,457,36923,352
2021-08-28,Stanislaus,099,539301,67694,65670,7625,73295,1074
2021-08-28,Sutter,101,95872,11997,11669,155,11824,136
2021-08-28,Tehama,103,63373,6243,6004,893,6897,71
2021-08-28,Trinity,105,12862,596,463,152,615,3
2021-08-28,Tulare,107,460477,56392,54746,11586,66332,870
2021-08-28,Tuolumne,109,53932,5586,5469,55,5524,74
2021-08-28,Ventura,111,848112,91023,89934,3975,93909,1081
2021-08-28,Yolo,113,214977,17334,16907,827,17734,231
2021-08-28,Yuba,115,75493,8317,7985,181,8166,55
2021-08-27,Alameda,001,1643700,109413,106622,2586,109208,1296
2021-08-27,Alpine,003,1148,92,92,0,92,0
2021-08-27,Amador,005,37829,4591,4458,42,4500,53
2021-08-27,Butte,007,227075,16077,15277,2731,18008,214
2021-08-27,Calaveras,009,45235,3012,2903,20,2923,59
2021-08-27,Colusa,011,21464,2291,2240,491,2731,16
2021-08-27,Contra Costa,013,1133247,89912,86386,1810,88196,872
2021-08-27,Del Norte,015,27424,2900,2695,17,2712,11
2021-08-27,El Dorado,017,186661,13640,12968,1235,14203,119
2021-08-27,Fresno,019,978130,117687,114481,10418,124899,1774
2021-08-27,Glenn,021,27897,2859,2754,759,3513,20
2021-08-27,Humboldt,023,135768,7118,6782,241,7023,52
2021-08-27,Imperial,025,180216,30466,30201,2960,33161,750
2021-08-27,Inyo,027,18085,1551,1529,29,1558,39
2021-08-27,Kern,029,883053,109108,106570,15217,121787,1385
2021-08-27,Kings,031,150075,26726,25957,1462,27419,257
2021-08-27,Lake,033,64148,5442,5228,67,5295,74
2021-08-27,Lassen,035,31185,5765,5646,160,5806,21
2021-08-27,Los Angeles,037,10098052,1350895,1337006,50480,1387486,25230
2021-08-27,Madera,039,155013,19060,18476,1387,19863,247
2021-08-27,Marin,041,260295,16278,16055,366,16421,240
2021-08-27,Mariposa,043,17540,743,690,20,710,5
2021-08-27,Mendocino,045,87422,5857,5602,200,5802,55
2021-08-27,Merced,047,269075,35705,34906,1291,36197,495
2021-08-27,Modoc,049,8938,446,434,156,590,5
2021-08-27,Mono,051,14174,1393,1385,15,1400,3
2021-08-27,Monterey,053,433212,45683,45337,2622,47959,539
2021-08-27,Napa,055,140530,11637,11460,74,11534,87
2021-08-27,Nevada,057,99092,7551,7169,255,7424,82
2021-08-27,Orange,059,3164182,287739,283407,13407,296814,5206
2021-08-27,Placer,061,380077,30997,29157,2754,31911,320
2021-08-27,Plumas,063,18699,1032,984,18,1002,5
2021-08-27,Riverside,065,2383286,330264,325379,15468,340847,4622
2021-08-27,Sacramento,067,1510023,137085,131921,3067,134988,1838
2021-08-27,San Benito,069,59416,6715,6622,135,6757,64
2021-08-27,San Bernardino,071,2135413,327192,322893,10195,333088,5342
2021-08-27,San Diego,073,3302833,335707,330162,19360,349522,3877
2021-08-27,San Francisco,075,870044,47623,46456,2146,48602,581
2021-08-27,San Joaquin,077,732212,87763,84949,4668,89617,1524
2021-08-27,San Luis Obispo,079,281455,25697,24952,986,25938,280
2021-08-27,San Mateo,081,765935,49489,48424,1035,49459,553
2021-08-27,Santa Barbara,083,443738,40091,38675,1444,40119,480
2021-08-27,Santa Clara,085,1922200,135221,132011,1032,133043,1783
2021-08-27,Santa Cruz,087,273765,18523,18163,966,19129,210
2021-08-27,Shasta,089,179085,15671,14996,2305,17301,217
2021-08-27,Sierra,091,2930,110,91,14,105,0
2021-08-27,Siskiyou,093,43540,2524,2358,732,3090,33
2021-08-27,Solano,095,438530,41579,39347,1025,40372,287
2021-08-27,Sonoma,097,501317,37503,36326,456,36782,342
2021-08-27,Stanislaus,099,539301,67484,65167,7586,72753,1061
2021-08-27,Sutter,101,95872,11951,11590,153,11743,135
2021-08-27,Tehama,103,63373,6210,5964,878,6842,71
2021-08-27,Trinity,105,12862,596,458,151,609,3
2021-08-27,Tulare,107,460477,56256,54443,11540,65983,870
2021-08-27,Tuolumne,109,53932,5554,5438,55,5493,74
2021-08-27,Ventura,111,848112,90894,89774,3971,93745,1076
2021-08-27,Yolo,113,214977,17295,16805,822,17627,231
2021-08-27,Yuba,115,75493,8260,7926,181,8107,54
2021-08-26,Alameda,001,1643700,109135,106146,2575,108721,1296
2021-08-26,Alpine,003,1148,92,92,0,92,0
2021-08-26,Amador,005,37829,4576,4442,41,4483,53
2021-08-26,Butte,007,227075,15944,15159,2695,17854,214
2021-08-26,Calaveras,009,45235,3003,2873,20,2893,59
2021-08-26,Colusa,011,21464,2285,2234,487,2721,16
2021-08-26,Contra Costa,013,1133247,89554,85808,1803,87611,866
2021-08-26,Del Norte,015,27424,2864,2625,17,2642,8
2021-08-26,El Dorado,017,186661,13571,12863,1221,14084,118
2021-08-26,Fresno,019,978130,117185,113854,10368,124222,1770
2021-08-26,Glenn,021,27897,2840,2740,750,3490,20
2021-08-26,Humboldt,023,135768,7060,6695,231,6926,53
2021-08-26,Imperial,025,180216,30417,30121,2952,33073,748
2021-08-26,Inyo,027,18085,1541,1521,28,1549,39
2021-08-26,Kern,029,883053,108681,106051,15071,121122,1380
2021-08-26,Kings,031,150075,26603,25838,1454,27292,260
2021-08-26,Lake,033,64148,5396,5196,64,5260,74
2021-08-26,Lassen,035,31185,5753,5626,158,5784,21
2021-08-26,Los Angeles,037,10098052,1348642,1334372,50384,1384756,25199
2021-08-26,Madera,039,155013,18990,18393,1375,19768,247
2021-08-26,Marin,041,260295,16249,15983,363,16346,240
2021-08-26,Mariposa,043,17540,733,677,20,697,5
2021-08-26,Mendocino,045,87422,5821,5533,195,5728,55
2021-08-26,Merced,047,269075,35538,34755,1270,36025,495
2021-08-26,Modoc,049,8938,446,433,156,589,5
2021-08-26,Mono,051,14174,1391,1385,15,1400,3
2021-08-26,Monterey,053,433212,45628,45265,2594,47859,539
2021-08-26,Napa,055,140530,11615,11394,73,11467,87
2021-08-26,Nevada,057,99092,7493,7086,252,7338,80
2021-08-26,Orange,059,3164182,287244,282814,13384,296198,5200
2021-08-26,Placer,061,380077,30829,28898,2728,31626,319
2021-08-26,Plumas,063,18699,1025,971,17,988,5
2021-08-26,Riverside,065,2383286,329470,324486,15449,339935,4615
2021-08-26,Sacramento,067,1510023,136553,130977,3024,134001,1827
2021-08-26,San Benito,069,59416,6705,6604,135,6739,64
2021-08-26,San Bernardino,071,2135413,326535,322100,10171,332271,5339
2021-08-26,San Diego,073,3302833,334678,328276,19294,347570,3869
2021-08-26,San Francisco,075,870044,47499,46288,2138,48426,581
2021-08-26,San Joaquin,077,732212,87385,84429,4645,89074,1513
2021-08-26,San Luis Obispo,079,281455,25548,24831,980,25811,278
2021-08-26,San Mateo,081,765935,49369,48263,1026,49289,553
2021-08-26,Santa Barbara,083,443738,40008,38566,1443,40009,479
2021-08-26,Santa Clara,085,1922200,134896,131443,1027,132470,1782
2021-08-26,Santa Cruz,087,273765,18463,18072,964,19036,210
2021-08-26,Shasta,089,179085,15547,14891,2278,17169,217
2021-08-26,Sierra,091,2930,108,90,14,104,0
2021-08-26,Siskiyou,093,43540,2502,2342,718,3060,33
2021-08-26,Solano,095,438530,41430,39027,1017,40044,286
2021-08-26,Sonoma,097,501317,37414,36102,456,36558,337
2021-08-26,Stanislaus,099,539301,67167,64785,7546,72331,1061
2021-08-26,Sutter,101,95872,11891,11499,150,11649,135
2021-08-26,Tehama,103,63373,6152,5913,865,6778,68
2021-08-26,Trinity,105,12862,591,450,149,599,3
2021-08-26,Tulare,107,460477,55998,54157,11490,65647,870
2021-08-26,Tuolumne,109,53932,5534,5387,55,5442,74
2021-08-26,Ventura,111,848112,90708,89595,3962,93557,1080
2021-08-26,Yolo,113,214977,17228,16727,811,17538,231
2021-08-26,Yuba,115,75493,8187,7834,179,8013,54
2021-08-25,Alameda,001,1643700,108806,105636,2567,108203,1296
2021-08-25,Alpine,003,1148,92,92,0,92,0
2021-08-25,Amador,005,37829,4561,4415,41,4456,53
2021-08-25,Butte,007,227075,15839,15039,2653,17692,214
2021-08-25,Calaveras,009,45235,2983,2851,20,2871,59
2021-08-25,Colusa,011,21464,2278,2227,478,2705,16
2021-08-25,Contra Costa,013,1133247,89173,85322,1796,87118,863
2021-08-25,Del Norte,015,27424,2819,2573,17,2590,8
2021-08-25,El Dorado,017,186661,13512,12787,1205,13992,118
2021-08-25,Fresno,019,978130,116648,113384,10325,123709,1761
2021-08-25,Glenn,021,27897,2819,2728,738,3466,20
2021-08-25,Humboldt,023,135768,6991,6653,221,6874,52
2021-08-25,Imperial,025,180216,30380,30085,2946,33031,748
2021-08-25,Inyo,027,18085,1537,1518,28,1546,39
2021-08-25,Kern,029,883053,108250,105687,14915,120602,1379
2021-08-25,Kings,031,150075,26496,25676,1447,27123,258
2021-08-25,Lake,033,64148,5366,5163,61,5224,74
2021-08-25,Lassen,035,31185,5736,5583,157,5740,21
2021-08-25,Los Angeles,037,10098052,1346048,1331400,50297,1381697,25170
2021-08-25,Madera,039,155013,18926,18311,1353,19664,247
2021-08-25,Marin,041,260295,16227,15938,357,16295,240
2021-08-25,Mariposa,043,17540,727,676,20,696,5
2021-08-25,Mendocino,045,87422,5785,5486,190,5676,53
2021-08-25,Merced,047,269075,35400,34600,1265,35865,492
2021-08-25,Modoc,049,8938,446,433,156,589,5
2021-08-25,Mono,051,14174,1387,1382,15,1397,3
2021-08-25,Monterey,053,433212,45566,45196,2567,47763,539
2021-08-25,Napa,055,140530,11581,11348,72,11420,87
2021-08-25,Nevada,057,99092,7427,7000,251,7251,77
2021-08-25,Orange,059,3164182,286723,282061,13350,295411,5193
2021-08-25,Placer,061,380077,30653,28740,2695,31435,319
2021-08-25,Plumas,063,18699,1010,962,17,979,5
2021-08-25,Riverside,065,2383286,328627,323548,15427,338975,4610
2021-08-25,Sacramento,067,1510023,135871,130046,2984,133030,1827
2021-08-25,San Benito,069,59416,6684,6587,134,6721,64
2021-08-25,San Bernardino,071,2135413,325840,321228,10150,331378,5337
2021-08-25,San Diego,073,3302833,333398,327166,19220,346386,3859
2021-08-25,San Francisco,075,870044,47354,46107,2129,48236,578
2021-08-25,San Joaquin,077,732212,87001,84002,4629,88631,1510
2021-08-25,San Luis Obispo,079,281455,25356,24607,977,25584,276
2021-08-25,San Mateo,081,765935,49260,48153,1008,49161,553
2021-08-25,Santa Barbara,083,443738,39879,38450,1443,39893,479
2021-08-25,Santa Clara,085,1922200,134527,130995,1024,132019,1783
2021-08-25,Santa Cruz,087,273765,18402,17987,961,18948,210
2021-08-25,Shasta,089,179085,15419,14752,2245,16997,217
2021-08-25,Sierra,091,2930,105,90,14,104,0
2021-08-25,Siskiyou,093,43540,2457,2322,699,3021,33
2021-08-25,Solano,095,438530,41259,38848,1005,39853,286
2021-08-25,Sonoma,097,501317,37290,35986,453,36439,336
2021-08-25,Stanislaus,099,539301,66877,64441,7512,71953,1061
2021-08-25,Sutter,101,95872,11823,11451,146,11597,134
2021-08-25,Tehama,103,63373,6093,5861,848,6709,68
2021-08-25,Trinity,105,12862,585,450,148,598,3
2021-08-25,Tulare,107,460477,55714,53877,11420,65297,866
2021-08-25,Tuolumne,109,53932,5508,5354,55,5409,74
2021-08-25,Ventura,111,848112,90525,89379,3948,93327,1068
2021-08-25,Yolo,113,214977,17164,16667,801,17468,231
2021-08-25,Yuba,115,75493,8121,7771,178,7949,54
2021-08-24,Alameda,001,1643700,108476,105319,2556,107875,1296
2021-08-24,Alpine,003,1148,92,92,0,92,0
2021-08-24,Amador,005,37829,4542,4380,41,4421,50
2021-08-24,Butte,007,227075,15684,14964,2619,17583,214
2021-08-24,Calaveras,009,45235,2943,2811,20,2831,59
2021-08-24,Colusa,011,21464,2270,2221,474,2695,16
2021-08-24,Contra Costa,013,1133247,88813,84963,1790,86753,857
2021-08-24,Del Norte,015,27424,2791,2543,17,2560,8
2021-08-24,El Dorado,017,186661,13435,12732,1189,13921,118
2021-08-24,Fresno,019,978130,116045,113024,10271,123295,1761
2021-08-24,Glenn,021,27897,2805,2717,730,3447,20
2021-08-24,Humboldt,023,135768,6928,6585,208,6793,52
2021-08-24,Imperial,025,180216,30319,30045,2940,32985,748
2021-08-24,Inyo,027,18085,1532,1512,28,1540,39
2021-08-24,Kern,029,883053,107788,105399,14746,120145,1375
2021-08-24,Kings,031,150075,26375,25629,1432,27061,258
2021-08-24,Lake,033,64148,5331,5135,61,5196,72
2021-08-24,Lassen,035,31185,5720,5576,155,5731,21
2021-08-24,Los Angeles,037,10098052,1343194,1328777,50196,1378973,25135
2021-08-24,Madera,039,155013,18850,18251,1336,19587,247
2021-08-24,Marin,041,260295,16191,15900,353,16253,240
2021-08-24,Mariposa,043,17540,720,670,20,690,5
2021-08-24,Mendocino,045,87422,5741,5416,183,5599,52
2021-08-24,Merced,047,269075,35232,34490,1254,35744,491
2021-08-24,Modoc,049,8938,446,432,156,588,5
2021-08-24,Mono,051,14174,1385,1382,15,1397,3
2021-08-24,Monterey,053,433212,45514,45126,2536,47662,539
2021-08-24,Napa,055,140530,11549,11299,70,11369,85
2021-08-24,Nevada,057,99092,7359,6981,247,7228,77
2021-08-24,Orange,059,3164182,286119,281461,13324,294785,5187
2021-08-24,Placer,061,380077,30450,28618,2655,31273,318
2021-08-24,Plumas,063,18699,1000,953,17,970,5
2021-08-24,Riverside,065,2383286,327753,322620,15396,338016,4605
2021-08-24,Sacramento,067,1510023,135186,129542,2936,132478,1812
2021-08-24,San Benito,069,59416,6671,6576,134,6710,64
2021-08-24,San Bernardino,071,2135413,325085,320300,10120,330420,5328
2021-08-24,San Diego,073,3302833,331935,325823,19124,344947,3851
2021-08-24,San Francisco,075,870044,47186,46010,2110,48120,574
2021-08-24,San Joaquin,077,732212,86561,83684,4591,88275,1508
2021-08-24,San Luis Obispo,079,281455,25179,24443,967,25410,274
2021-08-24,San Mateo,081,765935,49123,48050,995,49045,553
2021-08-24,Santa Barbara,083,443738,39750,38307,1442,39749,478
2021-08-24,Santa Clara,085,1922200,134102,130763,1019,131782,1779
2021-08-24,Santa Cruz,087,273765,18328,17928,955,18883,209
2021-08-24,Shasta,089,179085,15310,14664,2214,16878,217
2021-08-24,Sierra,091,2930,102,90,14,104,0
2021-08-24,Siskiyou,093,43540,2435,2294,684,2978,33
2021-08-24,Solano,095,438530,41050,38724,994,39718,283
2021-08-24,Sonoma,097,501317,37162,35849,451,36300,336
2021-08-24,Stanislaus,099,539301,66518,64195,7461,71656,1058
2021-08-24,Sutter,101,95872,11756,11384,143,11527,134
2021-08-24,Tehama,103,63373,6047,5826,833,6659,67
2021-08-24,Trinity,105,12862,574,446,140,586,3
2021-08-24,Tulare,107,460477,55361,53702,11330,65032,856
2021-08-24,Tuolumne,109,53932,5477,5287,55,5342,74
2021-08-24,Ventura,111,848112,90340,89167,3937,93104,1068
2021-08-24,Yolo,113,214977,17089,16492,788,17280,231
2021-08-24,Yuba,115,75493,8038,7723,176,7899,54
2021-08-23,Alameda,001,1643700,108074,104922,2544,107466,1294
2021-08-23,Alpine,003,1148,92,91,0,91,0
2021-08-23,Amador,005,37829,4528,4369,41,4410,50
2021-08-23,Butte,007,227075,15538,14847,2584,17431,211
2021-08-23,Calaveras,009,45235,2908,2803,20,2823,59
2021-08-23,Colusa,011,21464,2266,2206,471,2677,16
2021-08-23,Contra Costa,013,1133247,88435,84651,1782,86433,857
2021-08-23,Del Norte,015,27424,2745,2499,17,2516,8
2021-08-23,El Dorado,017,186661,13332,12684,1167,13851,118
2021-08-23,Fresno,019,978130,115487,112445,10225,122670,1759
2021-08-23,Glenn,021,27897,2787,2696,723,3419,20
2021-08-23,Humboldt,023,135768,6854,6498,192,6690,52
2021-08-23,Imperial,025,180216,30268,30011,2937,32948,748
2021-08-23,Inyo,027,18085,1525,1509,28,1537,39
2021-08-23,Kern,029,883053,107334,104995,14589,119584,1375
2021-08-23,Kings,031,150075,26244,25465,1425,26890,257
2021-08-23,Lake,033,64148,5291,5099,59,5158,69
2021-08-23,Lassen,035,31185,5708,5562,155,5717,21
2021-08-23,Los Angeles,037,10098052,1340250,1326412,50069,1376481,25096
2021-08-23,Madera,039,155013,18764,18155,1321,19476,246
2021-08-23,Marin,041,260295,16143,15856,349,16205,240
2021-08-23,Mariposa,043,17540,709,645,20,665,5
2021-08-23,Mendocino,045,87422,5674,5374,176,5550,51
2021-08-23,Merced,047,269075,35049,34322,1249,35571,488
2021-08-23,Modoc,049,8938,443,431,155,586,6
2021-08-23,Mono,051,14174,1383,1384,15,1399,3
2021-08-23,Monterey,053,433212,45436,45047,2505,47552,538
2021-08-23,Napa,055,140530,11511,11257,70,11327,85
2021-08-23,Nevada,057,99092,7279,6930,245,7175,77
2021-08-23,Orange,059,3164182,285482,280891,13289,294180,5181
2021-08-23,Placer,061,380077,30250,28540,2617,31157,314
2021-08-23,Plumas,063,18699,992,934,17,951,5
2021-08-23,Riverside,065,2383286,326840,321650,15370,337020,4598
2021-08-23,Sacramento,067,1510023,134397,128969,2867,131836,1807
2021-08-23,San Benito,069,59416,6653,6562,132,6694,64
2021-08-23,San Bernardino,071,2135413,324284,319577,10081,329658,5324
2021-08-23,San Diego,073,3302833,330475,324536,19021,343557,3848
2021-08-23,San Francisco,075,870044,47039,45945,2095,48040,573
2021-08-23,San Joaquin,077,732212,86129,83466,4557,88023,1499
2021-08-23,San Luis Obispo,079,281455,24997,24317,965,25282,274
2021-08-23,San Mateo,081,765935,48991,47935,985,48920,553
2021-08-23,Santa Barbara,083,443738,39573,38181,1440,39621,478
2021-08-23,Santa Clara,085,1922200,133704,130489,1015,131504,1778
2021-08-23,Santa Cruz,087,273765,18271,17871,953,18824,209
2021-08-23,Shasta,089,179085,15184,14537,2175,16712,216
2021-08-23,Sierra,091,2930,102,90,14,104,0
2021-08-23,Siskiyou,093,43540,2414,2274,663,2937,33
2021-08-23,Solano,095,438530,40897,38612,986,39598,283
2021-08-23,Sonoma,097,501317,37043,35769,449,36218,336
2021-08-23,Stanislaus,099,539301,66166,63922,7422,71344,1058
2021-08-23,Sutter,101,95872,11667,11314,135,11449,133
2021-08-23,Tehama,103,63373,5993,5805,815,6620,67
2021-08-23,Trinity,105,12862,571,435,137,572,3
2021-08-23,Tulare,107,460477,55055,53370,11257,64627,856
2021-08-23,Tuolumne,109,53932,5435,5240,55,5295,73
2021-08-23,Ventura,111,848112,90121,88960,3925,92885,1063
2021-08-23,Yolo,113,214977,17002,16445,773,17218,226
2021-08-23,Yuba,115,75493,7967,7653,174,7827,54
2021-08-22,Alameda,001,1643700,107626,104539,2509,107048,1294
2021-08-22,Alpine,003,1148,92,91,0,91,0
2021-08-22,Amador,005,37829,4498,4349,41,4390,50
2021-08-22,Butte,007,227075,15399,14791,2548,17339,211
2021-08-22,Calaveras,009,45235,2869,2771,20,2791,59
2021-08-22,Colusa,011,21464,2258,2201,465,2666,16
2021-08-22,Contra Costa,013,1133247,87895,84371,1767,86138,857
2021-08-22,Del Norte,015,27424,2685,2455,17,2472,8
2021-08-22,El Dorado,017,186661,13228,12629,1147,13776,118
2021-08-22,Fresno,019,978130,114890,112057,10153,122210,1759
2021-08-22,Glenn,021,27897,2766,2678,708,3386,20
2021-08-22,Humboldt,023,135768,6777,6483,173,6656,52
2021-08-22,Imperial,025,180216,30210,29993,2932,32925,748
2021-08-22,Inyo,027,18085,1519,1505,28,1533,39
2021-08-22,Kern,029,883053,106810,104691,14432,119123,1375
2021-08-22,Kings,031,150075,26086,25391,1408,26799,257
2021-08-22,Lake,033,64148,5245,5069,56,5125,69
2021-08-22,Lassen,035,31185,5676,5556,150,5706,21
2021-08-22,Los Angeles,037,10098052,1336958,1324151,49937,1374088,25089
2021-08-22,Madera,039,155013,18645,18120,1307,19427,246
2021-08-22,Marin,041,260295,16091,15822,341,16163,240
2021-08-22,Mariposa,043,17540,699,638,18,656,5
2021-08-22,Mendocino,045,87422,5615,5336,176,5512,51
2021-08-22,Merced,047,269075,34845,34234,1237,35471,488
2021-08-22,Modoc,049,8938,442,431,155,586,6
2021-08-22,Mono,051,14174,1382,1378,15,1393,3
2021-08-22,Monterey,053,433212,45349,45017,2479,47496,538
2021-08-22,Napa,055,140530,11466,11231,70,11301,85
2021-08-22,Nevada,057,99092,7205,6864,243,7107,77
2021-08-22,Orange,059,3164182,284792,280390,13244,293634,5181
2021-08-22,Placer,061,380077,30042,28395,2580,30975,314
2021-08-22,Plumas,063,18699,974,923,16,939,5
2021-08-22,Riverside,065,2383286,325819,320836,15320,336156,4594
2021-08-22,Sacramento,067,1510023,133626,128231,2821,131052,1802
2021-08-22,San Benito,069,59416,6636,6550,132,6682,64
2021-08-22,San Bernardino,071,2135413,323315,318839,10046,328885,5324
2021-08-22,San Diego,073,3302833,329147,323591,18916,342507,3848
2021-08-22,San Francisco,075,870044,46880,45831,2078,47909,573
2021-08-22,San Joaquin,077,732212,85673,83121,4522,87643,1498
2021-08-22,San Luis Obispo,079,281455,24792,24250,958,25208,274
2021-08-22,San Mateo,081,765935,48846,47821,952,48773,553
2021-08-22,Santa Barbara,083,443738,39392,38099,1432,39531,478
2021-08-22,Santa Clara,085,1922200,133287,130189,1008,131197,1778
2021-08-22,Santa Cruz,087,273765,18210,17823,948,18771,209
2021-08-22,Shasta,089,179085,15045,14478,2139,16617,216
2021-08-22,Sierra,091,2930,102,87,14,101,0
2021-08-22,Siskiyou,093,43540,2385,2261,645,2906,33
2021-08-22,Solano,095,438530,40698,38489,973,39462,283
2021-08-22,Sonoma,097,501317,36887,35676,446,36122,336
2021-08-22,Stanislaus,099,539301,65803,63683,7328,71011,1058
2021-08-22,Sutter,101,95872,11585,11251,131,11382,133
2021-08-22,Tehama,103,63373,5948,5791,795,6586,67
2021-08-22,Trinity,105,12862,564,433,135,568,3
2021-08-22,Tulare,107,460477,54733,53220,11173,64393,856
2021-08-22,Tuolumne,109,53932,5393,5214,55,5269,73
2021-08-22,Ventura,111,848112,89912,88791,3908,92699,1063
2021-08-22,Yolo,113,214977,16900,16374,764,17138,226
2021-08-22,Yuba,115,75493,7893,7626,173,7799,54
2021-08-21,Alameda,001,1643700,107424,104281,2500,106781,1294
2021-08-21,Alpine,003,1148,92,91,0,91,0
2021-08-21,Amador,005,37829,4488,4338,39,4377,50
2021-08-21,Butte,007,227075,15331,14714,2526,17240,211
2021-08-21,Calaveras,009,45235,2856,2744,20,2764,59
2021-08-21,Colusa,011,21464,2253,2192,460,2652,16
2021-08-21,Contra Costa,013,1133247,87639,84136,1761,85897,857
2021-08-21,Del Norte,015,27424,2662,2409,17,2426,8
2021-08-21,El Dorado,017,186661,13184,12590,1143,13733,118
2021-08-21,Fresno,019,978130,114695,111765,10139,121904,1759
2021-08-21,Glenn,021,27897,2756,2654,701,3355,20
2021-08-21,Humboldt,023,135768,6739,6446,167,6613,52
2021-08-21,Imperial,025,180216,30167,29976,2929,32905,748
2021-08-21,Inyo,027,18085,1516,1500,28,1528,39
2021-08-21,Kern,029,883053,106554,104443,14307,118750,1375
2021-08-21,Kings,031,150075,26015,25313,1403,26716,257
2021-08-21,Lake,033,64148,5225,5055,54,5109,69
2021-08-21,Lassen,035,31185,5662,5553,150,5703,21
2021-08-21,Los Angeles,037,10098052,1335676,1321308,49847,1371155,25080
2021-08-21,Madera,039,155013,18607,18067,1301,19368,246
2021-08-21,Marin,041,260295,16057,15775,339,16114,240
2021-08-21,Mariposa,043,17540,689,634,18,652,5
2021-08-21,Mendocino,045,87422,5570,5307,175,5482,51
2021-08-21,Merced,047,269075,34740,34148,1232,35380,488
2021-08-21,Modoc,049,8938,442,430,155,585,6
2021-08-21,Mono,051,14174,1382,1378,15,1393,3
2021-08-21,Monterey,053,433212,45311,44969,2464,47433,538
2021-08-21,Napa,055,140530,11431,11211,70,11281,85
2021-08-21,Nevada,057,99092,7161,6810,242,7052,77
2021-08-21,Orange,059,3164182,284346,279855,13210,293065,5181
2021-08-21,Placer,061,380077,29904,28289,2555,30844,314
2021-08-21,Plumas,063,18699,970,916,15,931,5
2021-08-21,Riverside,065,2383286,325238,320086,15307,335393,4594
2021-08-21,Sacramento,067,1510023,133129,127751,2809,130560,1809
2021-08-21,San Benito,069,59416,6626,6542,131,6673,64
2021-08-21,San Bernardino,071,2135413,322864,318293,10026,328319,5324
2021-08-21,San Diego,073,3302833,328482,322620,18876,341496,3848
2021-08-21,San Francisco,075,870044,46785,45637,2063,47700,573
2021-08-21,San Joaquin,077,732212,85456,82825,4507,87332,1498
2021-08-21,San Luis Obispo,079,281455,24737,24169,958,25127,273
2021-08-21,San Mateo,081,765935,48755,47685,946,48631,553
2021-08-21,Santa Barbara,083,443738,39312,37951,1428,39379,478
2021-08-21,Santa Clara,085,1922200,133022,129911,1004,130915,1778
2021-08-21,Santa Cruz,087,273765,18173,17763,943,18706,209
2021-08-21,Shasta,089,179085,14971,14417,2125,16542,217
2021-08-21,Sierra,091,2930,97,85,14,99,0
2021-08-21,Siskiyou,093,43540,2371,2246,634,2880,33
2021-08-21,Solano,095,438530,40587,38423,963,39386,281
2021-08-21,Sonoma,097,501317,36800,35582,445,36027,336
2021-08-21,Stanislaus,099,539301,65610,63512,7310,70822,1058
2021-08-21,Sutter,101,95872,11540,11204,129,11333,133
2021-08-21,Tehama,103,63373,5923,5757,788,6545,67
2021-08-21,Trinity,105,12862,559,431,133,564,3
2021-08-21,Tulare,107,460477,54590,53045,11128,64173,857
2021-08-21,Tuolumne,109,53932,5362,5193,55,5248,73
2021-08-21,Ventura,111,848112,89768,88558,3893,92451,1063
2021-08-21,Yolo,113,214977,16853,16322,758,17080,226
2021-08-21,Yuba,115,75493,7847,7580,172,7752,54
2021-08-20,Alameda,001,1643700,107180,103812,2491,106303,1294
2021-08-20,Alpine,003,1148,92,91,0,91,0
2021-08-20,Amador,005,37829,4462,4323,39,4362,50
2021-08-20,Butte,007,227075,15259,14617,2504,17121,211
2021-08-20,Calaveras,009,45235,2841,2717,20,2737,59
2021-08-20,Colusa,011,21464,2248,2178,458,2636,16
2021-08-20,Contra Costa,013,1133247,87366,83721,1754,85475,857
2021-08-20,Del Norte,015,27424,2630,2316,17,2333,8
2021-08-20,El Dorado,017,186661,13146,12495,1135,13630,118
2021-08-20,Fresno,019,978130,114343,111315,10105,121420,1759
2021-08-20,Glenn,021,27897,2749,2642,696,3338,20
2021-08-20,Humboldt,023,135768,6688,6349,162,6511,52
2021-08-20,Imperial,025,180216,30144,29934,2929,32863,747
2021-08-20,Inyo,027,18085,1510,1495,28,1523,39
2021-08-20,Kern,029,883053,106269,104048,14178,118226,1373
2021-08-20,Kings,031,150075,25949,25241,1401,26642,256
2021-08-20,Lake,033,64148,5210,5024,51,5075,69
2021-08-20,Lassen,035,31185,5642,5539,150,5689,21
2021-08-20,Los Angeles,037,10098052,1333811,1317541,49748,1367289,25049
2021-08-20,Madera,039,155013,18558,18018,1286,19304,246
2021-08-20,Marin,041,260295,16039,15727,335,16062,240
2021-08-20,Mariposa,043,17540,684,630,18,648,5
2021-08-20,Mendocino,045,87422,5525,5241,173,5414,51
2021-08-20,Merced,047,269075,34675,34035,1224,35259,486
2021-08-20,Modoc,049,8938,442,429,155,584,6
2021-08-20,Mono,051,14174,1381,1368,15,1383,3
2021-08-20,Monterey,053,433212,45281,44890,2450,47340,538
2021-08-20,Napa,055,140530,11399,11152,70,11222,83
2021-08-20,Nevada,057,99092,7120,6753,235,6988,77
2021-08-20,Orange,059,3164182,283901,279193,13189,292382,5179
2021-08-20,Placer,061,380077,29809,28156,2526,30682,313
2021-08-20,Plumas,063,18699,962,908,15,923,5
2021-08-20,Riverside,065,2383286,324543,319072,15276,334348,4594
2021-08-20,Sacramento,067,1510023,132654,127226,2792,130018,1797
2021-08-20,San Benito,069,59416,6612,6508,131,6639,64
2021-08-20,San Bernardino,071,2135413,322251,317372,9997,327369,5322
2021-08-20,San Diego,073,3302833,327576,321102,18807,339909,3846
2021-08-20,San Francisco,075,870044,46689,45432,2047,47479,573
2021-08-20,San Joaquin,077,732212,85226,82419,4489,86908,1496
2021-08-20,San Luis Obispo,079,281455,24660,23986,954,24940,273
2021-08-20,San Mateo,081,765935,48648,47561,936,48497,551
2021-08-20,Santa Barbara,083,443738,39228,37794,1423,39217,477
2021-08-20,Santa Clara,085,1922200,132740,129510,999,130509,1774
2021-08-20,Santa Cruz,087,273765,18133,17701,940,18641,209
2021-08-20,Shasta,089,179085,14892,14277,2106,16383,215
2021-08-20,Sierra,091,2930,95,83,14,97,0
2021-08-20,Siskiyou,093,43540,2355,2226,629,2855,33
2021-08-20,Solano,095,438530,40447,38214,952,39166,277
2021-08-20,Sonoma,097,501317,36731,35416,444,35860,336
2021-08-20,Stanislaus,099,539301,65408,63219,7287,70506,1047
2021-08-20,Sutter,101,95872,11484,11136,128,11264,133
2021-08-20,Tehama,103,63373,5907,5730,776,6506,66
2021-08-20,Trinity,105,12862,559,422,132,554,3
2021-08-20,Tulare,107,460477,54458,52855,11084,63939,856
2021-08-20,Tuolumne,109,53932,5338,5153,54,5207,73
2021-08-20,Ventura,111,848112,89602,88285,3890,92175,1061
2021-08-20,Yolo,113,214977,16798,16236,752,16988,225
2021-08-20,Yuba,115,75493,7807,7523,172,7695,54
2021-08-19,Alameda,001,1643700,106729,103276,2466,105742,1294
2021-08-19,Alpine,003,1148,92,91,0,91,0
2021-08-19,Amador,005,37829,4455,4317,39,4356,50
2021-08-19,Butte,007,227075,15125,14518,2474,16992,211
2021-08-19,Calaveras,009,45235,2822,2673,20,2693,59
2021-08-19,Colusa,011,21464,2239,2167,454,2621,16
2021-08-19,Contra Costa,013,1133247,86930,83296,1739,85035,852
2021-08-19,Del Norte,015,27424,2580,2257,17,2274,8
2021-08-19,El Dorado,017,186661,13061,12410,1114,13524,118
2021-08-19,Fresno,019,978130,113905,110947,10055,121002,1759
2021-08-19,Glenn,021,27897,2730,2629,689,3318,20
2021-08-19,Humboldt,023,135768,6627,6246,156,6402,52
2021-08-19,Imperial,025,180216,30098,29865,2924,32789,747
2021-08-19,Inyo,027,18085,1503,1494,28,1522,39
2021-08-19,Kern,029,883053,105873,103731,14036,117767,1371
2021-08-19,Kings,031,150075,25818,25128,1389,26517,256
2021-08-19,Lake,033,64148,5180,4991,47,5038,69
2021-08-19,Lassen,035,31185,5624,5520,149,5669,21
2021-08-19,Los Angeles,037,10098052,1330842,1314453,49608,1364061,25020
2021-08-19,Madera,039,155013,18496,17947,1269,19216,246
2021-08-19,Marin,041,260295,16006,15672,332,16004,240
2021-08-19,Mariposa,043,17540,669,618,18,636,5
2021-08-19,Mendocino,045,87422,5492,5167,171,5338,51
2021-08-19,Merced,047,269075,34540,33851,1210,35061,486
2021-08-19,Modoc,049,8938,442,427,155,582,6
2021-08-19,Mono,051,14174,1377,1349,15,1364,3
2021-08-19,Monterey,053,433212,45217,44821,2431,47252,538
2021-08-19,Napa,055,140530,11347,11104,70,11174,83
2021-08-19,Nevada,057,99092,7056,6695,233,6928,77
2021-08-19,Orange,059,3164182,283269,278562,13137,291699,5172
2021-08-19,Placer,061,380077,29629,27953,2508,30461,313
2021-08-19,Plumas,063,18699,949,896,15,911,5
2021-08-19,Riverside,065,2383286,323517,318056,15245,333301,4589
2021-08-19,Sacramento,067,1510023,131952,126720,2755,129475,1801
2021-08-19,San Benito,069,59416,6594,6493,129,6622,64
2021-08-19,San Bernardino,071,2135413,321430,316398,9974,326372,5318
2021-08-19,San Diego,073,3302833,326313,319582,18717,338299,3839
2021-08-19,San Francisco,075,870044,46532,45220,2029,47249,571
2021-08-19,San Joaquin,077,732212,84781,82047,4440,86487,1491
2021-08-19,San Luis Obispo,079,281455,24520,23878,947,24825,271
2021-08-19,San Mateo,081,765935,48522,47431,926,48357,551
2021-08-19,Santa Barbara,083,443738,39083,37693,1420,39113,477
2021-08-19,Santa Clara,085,1922200,132350,129133,992,130125,1774
2021-08-19,Santa Cruz,087,273765,18071,17644,933,18577,209
2021-08-19,Shasta,089,179085,14768,14200,2083,16283,214
2021-08-19,Sierra,091,2930,91,83,14,97,0
2021-08-19,Siskiyou,093,43540,2340,2218,617,2835,33
2021-08-19,Solano,095,438530,40289,38025,941,38966,273
2021-08-19,Sonoma,097,501317,36644,35233,443,35676,336
2021-08-19,Stanislaus,099,539301,65051,62928,7240,70168,1047
2021-08-19,Sutter,101,95872,11400,11057,127,11184,133
2021-08-19,Tehama,103,63373,5871,5683,748,6431,66
2021-08-19,Trinity,105,12862,555,414,130,544,3
2021-08-19,Tulare,107,460477,54227,52685,11020,63705,856
2021-08-19,Tuolumne,109,53932,5302,5112,53,5165,64
2021-08-19,Ventura,111,848112,89399,88073,3875,91948,1060
2021-08-19,Yolo,113,214977,16713,16153,744,16897,225
2021-08-19,Yuba,115,75493,7755,7458,170,7628,51
2021-08-18,Alameda,001,1643700,106319,102696,2437,105133,1294
2021-08-18,Alpine,003,1148,91,91,0,91,0
2021-08-18,Amador,005,37829,4438,4279,38,4317,50
2021-08-18,Butte,007,227075,15015,14426,2448,16874,208
2021-08-18,Calaveras,009,45235,2781,2643,19,2662,59
2021-08-18,Colusa,011,21464,2232,2160,450,2610,16
2021-08-18,Contra Costa,013,1133247,86436,82767,1732,84499,851
2021-08-18,Del Norte,015,27424,2523,2219,17,2236,8
2021-08-18,El Dorado,017,186661,12972,12306,1099,13405,118
2021-08-18,Fresno,019,978130,113452,110523,9999,120522,1759
2021-08-18,Glenn,021,27897,2703,2623,682,3305,20
2021-08-18,Humboldt,023,135768,6556,6195,150,6345,52
2021-08-18,Imperial,025,180216,30065,29821,2922,32743,746
2021-08-18,Inyo,027,18085,1500,1494,28,1522,39
2021-08-18,Kern,029,883053,105525,103440,13941,117381,1370
2021-08-18,Kings,031,150075,25709,24984,1382,26366,256
2021-08-18,Lake,033,64148,5139,4957,46,5003,69
2021-08-18,Lassen,035,31185,5605,5506,148,5654,21
2021-08-18,Los Angeles,037,10098052,1327702,1311477,49476,1360953,24984
2021-08-18,Madera,039,155013,18436,17871,1256,19127,246
2021-08-18,Marin,041,260295,15968,15610,329,15939,240
2021-08-18,Mariposa,043,17540,656,615,17,632,5
2021-08-18,Mendocino,045,87422,5441,5129,168,5297,51
2021-08-18,Merced,047,269075,34375,33708,1199,34907,484
2021-08-18,Modoc,049,8938,442,427,154,581,6
2021-08-18,Mono,051,14174,1374,1344,15,1359,3
2021-08-18,Monterey,053,433212,45147,44735,2401,47136,532
2021-08-18,Napa,055,140530,11308,11060,69,11129,83
2021-08-18,Nevada,057,99092,6990,6633,233,6866,76
2021-08-18,Orange,059,3164182,282628,277795,13082,290877,5168
2021-08-18,Placer,061,380077,29403,27741,2480,30221,312
2021-08-18,Plumas,063,18699,940,874,15,889,5
2021-08-18,Riverside,065,2383286,322517,317107,15211,332318,4585
2021-08-18,Sacramento,067,1510023,131191,125599,2721,128320,1781
2021-08-18,San Benito,069,59416,6583,6481,128,6609,64
2021-08-18,San Bernardino,071,2135413,320629,315477,9955,325432,5304
2021-08-18,San Diego,073,3302833,324969,318152,18652,336804,3834
2021-08-18,San Francisco,075,870044,46333,44957,2015,46972,568
2021-08-18,San Joaquin,077,732212,84330,81601,4410,86011,1491
2021-08-18,San Luis Obispo,079,281455,24371,23726,935,24661,270
2021-08-18,San Mateo,081,765935,48363,47255,916,48171,551
2021-08-18,Santa Barbara,083,443738,38951,37599,1414,39013,475
2021-08-18,Santa Clara,085,1922200,131987,128563,988,129551,1773
2021-08-18,Santa Cruz,087,273765,18017,17566,928,18494,209
2021-08-18,Shasta,089,179085,14669,14087,2064,16151,213
2021-08-18,Sierra,091,2930,90,83,14,97,0
2021-08-18,Siskiyou,093,43540,2311,2204,605,2809,33
2021-08-18,Solano,095,438530,40084,37812,929,38741,271
2021-08-18,Sonoma,097,501317,36500,35063,442,35505,333
2021-08-18,Stanislaus,099,539301,64702,62613,7197,69810,1047
2021-08-18,Sutter,101,95872,11328,11004,122,11126,130
2021-08-18,Tehama,103,63373,5836,5653,738,6391,66
2021-08-18,Trinity,105,12862,548,409,127,536,3
2021-08-18,Tulare,107,460477,53986,52486,10951,63437,856
2021-08-18,Tuolumne,109,53932,5266,5081,51,5132,64
2021-08-18,Ventura,111,848112,89167,87835,3865,91700,1055
2021-08-18,Yolo,113,214977,16631,16047,724,16771,225
2021-08-18,Yuba,115,75493,7690,7391,170,7561,51
2021-08-17,Alameda,001,1643700,105904,102379,2421,104800,1290
2021-08-17,Alpine,003,1148,91,91,0,91,0
2021-08-17,Amador,005,37829,4409,4266,38,4304,50
2021-08-17,Butte,007,227075,14908,14357,2414,16771,206
2021-08-17,Calaveras,009,45235,2740,2624,19,2643,59
2021-08-17,Colusa,011,21464,2223,2156,446,2602,16
2021-08-17,Contra Costa,013,1133247,85988,82482,1721,84203,848
2021-08-17,Del Norte,015,27424,2469,2188,17,2205,8
2021-08-17,El Dorado,017,186661,12884,12242,1085,13327,118
2021-08-17,Fresno,019,978130,112970,110263,9938,120201,1755
2021-08-17,Glenn,021,27897,2689,2608,674,3282,20
2021-08-17,Humboldt,023,135768,6478,6155,148,6303,52
2021-08-17,Imperial,025,180216,30014,29768,2918,32686,746
2021-08-17,Inyo,027,18085,1497,1492,28,1520,39
2021-08-17,Kern,029,883053,105130,103048,13817,116865,1367
2021-08-17,Kings,031,150075,25602,24930,1371,26301,254
2021-08-17,Lake,033,64148,5096,4930,40,4970,68
2021-08-17,Lassen,035,31185,5588,5499,146,5645,21
2021-08-17,Los Angeles,037,10098052,1324171,1307999,49340,1357339,24952
2021-08-17,Madera,039,155013,18362,17838,1235,19073,246
2021-08-17,Marin,041,260295,15913,15570,329,15899,240
2021-08-17,Mariposa,043,17540,648,609,16,625,5
2021-08-17,Mendocino,045,87422,5386,5097,168,5265,51
2021-08-17,Merced,047,269075,34227,33508,1185,34693,482
2021-08-17,Modoc,049,8938,439,424,152,576,6
2021-08-17,Mono,051,14174,1368,1341,15,1356,3
2021-08-17,Monterey,053,433212,45070,44672,2385,47057,528
2021-08-17,Napa,055,140530,11267,11007,68,11075,83
2021-08-17,Nevada,057,99092,6916,6605,231,6836,75
2021-08-17,Orange,059,3164182,281986,277121,13046,290167,5164
2021-08-17,Placer,061,380077,29188,27634,2451,30085,312
2021-08-17,Plumas,063,18699,928,860,15,875,5
2021-08-17,Riverside,065,2383286,321501,316051,15173,331224,4582
2021-08-17,Sacramento,067,1510023,130400,125151,2678,127829,1774
2021-08-17,San Benito,069,59416,6564,6470,128,6598,64
2021-08-17,San Bernardino,071,2135413,319692,314402,9913,324315,5302
2021-08-17,San Diego,073,3302833,323353,317058,18556,335614,3824
2021-08-17,San Francisco,075,870044,46138,44820,2004,46824,567
2021-08-17,San Joaquin,077,732212,83861,81300,4378,85678,1489
2021-08-17,San Luis Obispo,079,281455,24214,23556,932,24488,268
2021-08-17,San Mateo,081,765935,48221,47127,897,48024,551
2021-08-17,Santa Barbara,083,443738,38796,37478,1406,38884,475
2021-08-17,Santa Clara,085,1922200,131585,128354,983,129337,1773
2021-08-17,Santa Cruz,087,273765,17931,17528,926,18454,209
2021-08-17,Shasta,089,179085,14538,14012,2045,16057,214
2021-08-17,Sierra,091,2930,89,82,14,96,0
2021-08-17,Siskiyou,093,43540,2296,2183,591,2774,33
2021-08-17,Solano,095,438530,39855,37662,919,38581,269
2021-08-17,Sonoma,097,501317,36352,34943,438,35381,333
2021-08-17,Stanislaus,099,539301,64350,62385,7135,69520,1047
2021-08-17,Sutter,101,95872,11256,10973,122,11095,130
2021-08-17,Tehama,103,63373,5802,5612,716,6328,66
2021-08-17,Trinity,105,12862,543,406,124,530,3
2021-08-17,Tulare,107,460477,53719,52362,10883,63245,856
2021-08-17,Tuolumne,109,53932,5223,5042,50,5092,64
2021-08-17,Ventura,111,848112,88929,87601,3844,91445,1053
2021-08-17,Yolo,113,214977,16542,15975,709,16684,225
2021-08-17,Yuba,115,75493,7620,7355,170,7525,51
2021-08-16,Alameda,001,1643700,105400,102052,2409,104461,1287
2021-08-16,Alpine,003,1148,91,91,0,91,0
2021-08-16,Amador,005,37829,4399,4235,38,4273,50
2021-08-16,Butte,007,227075,14790,14283,2381,16664,206
2021-08-16,Calaveras,009,45235,2682,2609,18,2627,57
2021-08-16,Colusa,011,21464,2212,2147,442,2589,16
2021-08-16,Contra Costa,013,1133247,85447,82070,1710,83780,848
2021-08-16,Del Norte,015,27424,2392,2125,17,2142,8
2021-08-16,El Dorado,017,186661,12782,12139,1072,13211,118
2021-08-16,Fresno,019,978130,112470,109623,9891,119514,1753
2021-08-16,Glenn,021,27897,2670,2593,668,3261,20
2021-08-16,Humboldt,023,135768,6407,6064,126,6190,52
2021-08-16,Imperial,025,180216,29974,29737,2904,32641,746
2021-08-16,Inyo,027,18085,1494,1490,28,1518,39
2021-08-16,Kern,029,883053,104755,102690,13701,116391,1367
2021-08-16,Kings,031,150075,25500,24817,1361,26178,254
2021-08-16,Lake,033,64148,5069,4898,39,4937,68
2021-08-16,Lassen,035,31185,5572,5481,138,5619,21
2021-08-16,Los Angeles,037,10098052,1320793,1305330,49192,1354522,24923
2021-08-16,Madera,039,155013,18287,17756,1214,18970,246
2021-08-16,Marin,041,260295,15854,15497,327,15824,239
2021-08-16,Mariposa,043,17540,631,597,16,613,5
2021-08-16,Mendocino,045,87422,5330,5037,166,5203,49
2021-08-16,Merced,047,269075,34026,33364,1173,34537,481
2021-08-16,Modoc,049,8938,437,421,151,572,5
2021-08-16,Mono,051,14174,1359,1339,15,1354,3
2021-08-16,Monterey,053,433212,45008,44595,2357,46952,527
2021-08-16,Napa,055,140530,11238,10946,68,11014,83
2021-08-16,Nevada,057,99092,6860,6535,230,6765,74
2021-08-16,Orange,059,3164182,281194,275985,13001,288986,5161
2021-08-16,Placer,061,380077,29006,27384,2417,29801,306
2021-08-16,Plumas,063,18699,917,851,15,866,5
2021-08-16,Riverside,065,2383286,320411,314774,15136,329910,4582
2021-08-16,Sacramento,067,1510023,129590,124554,2635,127189,1762
2021-08-16,San Benito,069,59416,6540,6452,128,6580,64
2021-08-16,San Bernardino,071,2135413,318731,313617,9885,323502,5301
2021-08-16,San Diego,073,3302833,321746,315348,18421,333769,3824
2021-08-16,San Francisco,075,870044,45942,44681,1987,46668,567
2021-08-16,San Joaquin,077,732212,83359,81087,4350,85437,1488
2021-08-16,San Luis Obispo,079,281455,24064,23452,924,24376,265
2021-08-16,San Mateo,081,765935,48056,47024,874,47898,548
2021-08-16,Santa Barbara,083,443738,38629,37358,1401,38759,475
2021-08-16,Santa Clara,085,1922200,131122,127978,977,128955,1773
2021-08-16,Santa Cruz,087,273765,17869,17491,920,18411,209
2021-08-16,Shasta,089,179085,14447,13862,2028,15890,211
2021-08-16,Sierra,091,2930,86,82,14,96,0
2021-08-16,Siskiyou,093,43540,2279,2169,571,2740,33
2021-08-16,Solano,095,438530,39574,37436,905,38341,263
2021-08-16,Sonoma,097,501317,36182,34844,436,35280,333
2021-08-16,Stanislaus,099,539301,63988,62033,7083,69116,1039
2021-08-16,Sutter,101,95872,11187,10902,121,11023,130
2021-08-16,Tehama,103,63373,5738,5565,711,6276,66
2021-08-16,Trinity,105,12862,537,400,123,523,3
2021-08-16,Tulare,107,460477,53474,52162,10812,62974,856
2021-08-16,Tuolumne,109,53932,5184,4984,50,5034,64
2021-08-16,Ventura,111,848112,88684,86954,3826,90780,1052
2021-08-16,Yolo,113,214977,16442,15922,701,16623,225
2021-08-16,Yuba,115,75493,7536,7314,169,7483,51
2021-08-15,Alameda,001,1643700,104907,101660,2392,104052,1287
2021-08-15,Alpine,003,1148,91,91,0,91,0
2021-08-15,Amador,005,37829,4371,4231,38,4269,49
2021-08-15,Butte,007,227075,14665,14263,2357,16620,206
2021-08-15,Calaveras,009,45235,2635,2599,18,2617,57
2021-08-15,Colusa,011,21464,2200,2140,432,2572,16
2021-08-15,Contra Costa,013,1133247,84967,81781,1693,83474,848
2021-08-15,Del Norte,015,27424,2325,2060,17,2077,8
2021-08-15,El Dorado,017,186661,12647,12057,1055,13112,118
2021-08-15,Fresno,019,978130,111998,109382,9828,119210,1753
2021-08-15,Glenn,021,27897,2646,2592,656,3248,20
2021-08-15,Humboldt,023,135768,6334,6024,119,6143,52
2021-08-15,Imperial,025,180216,29907,29711,2900,32611,746
2021-08-15,Inyo,027,18085,1493,1489,28,1517,39
2021-08-15,Kern,029,883053,104311,102524,13588,116112,1367
2021-08-15,Kings,031,150075,25350,24736,1351,26087,254
2021-08-15,Lake,033,64148,5010,4886,38,4924,68
2021-08-15,Lassen,035,31185,5555,5482,137,5619,21
2021-08-15,Los Angeles,037,10098052,1317272,1302882,49019,1351901,24918
2021-08-15,Madera,039,155013,18199,17714,1199,18913,246
2021-08-15,Marin,041,260295,15795,15461,325,15786,239
2021-08-15,Mariposa,043,17540,624,591,15,606,5
2021-08-15,Mendocino,045,87422,5274,5022,160,5182,49
2021-08-15,Merced,047,269075,33782,33305,1162,34467,481
2021-08-15,Modoc,049,8938,435,421,151,572,5
2021-08-15,Mono,051,14174,1351,1334,15,1349,3
2021-08-15,Monterey,053,433212,44896,44567,2324,46891,527
2021-08-15,Napa,055,140530,11183,10919,68,10987,83
2021-08-15,Nevada,057,99092,6776,6486,230,6716,74
2021-08-15,Orange,059,3164182,280417,275447,12960,288407,5161
2021-08-15,Placer,061,380077,28784,27220,2369,29589,306
2021-08-15,Plumas,063,18699,905,850,15,865,5
2021-08-15,Riverside,065,2383286,319273,314133,15106,329239,4582
2021-08-15,Sacramento,067,1510023,128777,123924,2602,126526,1761
2021-08-15,San Benito,069,59416,6522,6446,127,6573,64
2021-08-15,San Bernardino,071,2135413,317658,313120,9853,322973,5301
2021-08-15,San Diego,073,3302833,320261,314247,18306,332553,3824
2021-08-15,San Francisco,075,870044,45720,44531,1964,46495,567
2021-08-15,San Joaquin,077,732212,82871,80832,4309,85141,1488
2021-08-15,San Luis Obispo,079,281455,23868,23404,914,24318,265
2021-08-15,San Mateo,081,765935,47890,46897,851,47748,548
2021-08-15,Santa Barbara,083,443738,38460,37276,1394,38670,475
2021-08-15,Santa Clara,085,1922200,130689,127715,971,128686,1773
2021-08-15,Santa Cruz,087,273765,17800,17440,912,18352,209
2021-08-15,Shasta,089,179085,14344,13835,2002,15837,211
2021-08-15,Sierra,091,2930,85,82,13,95,0
2021-08-15,Siskiyou,093,43540,2258,2169,557,2726,33
2021-08-15,Solano,095,438530,39319,37320,894,38214,263
2021-08-15,Sonoma,097,501317,35986,34706,428,35134,333
2021-08-15,Stanislaus,099,539301,63597,61795,7006,68801,1039
2021-08-15,Sutter,101,95872,11096,10863,121,10984,130
2021-08-15,Tehama,103,63373,5689,5550,705,6255,66
2021-08-15,Trinity,105,12862,534,400,121,521,3
2021-08-15,Tulare,107,460477,53218,52046,10751,62797,856
2021-08-15,Tuolumne,109,53932,5146,4934,48,4982,64
2021-08-15,Ventura,111,848112,88379,86797,3811,90608,1052
2021-08-15,Yolo,113,214977,16347,15873,691,16564,225
2021-08-15,Yuba,115,75493,7459,7265,168,7433,51
2021-08-14,Alameda,001,1643700,104688,101305,2388,103693,1287
2021-08-14,Alpine,003,1148,91,91,0,91,0
2021-08-14,Amador,005,37829,4353,4206,38,4244,49
2021-08-14,Butte,007,227075,14628,14192,2341,16533,206
2021-08-14,Calaveras,009,45235,2630,2579,18,2597,57
2021-08-14,Colusa,011,21464,2190,2134,428,2562,16
2021-08-14,Contra Costa,013,1133247,84719,81458,1685,83143,848
2021-08-14,Del Norte,015,27424,2298,2015,17,2032,8
2021-08-14,El Dorado,017,186661,12611,12019,1046,13065,118
2021-08-14,Fresno,019,978130,111840,109056,9798,118854,1753
2021-08-14,Glenn,021,27897,2635,2583,654,3237,20
2021-08-14,Humboldt,023,135768,6280,5998,115,6113,52
2021-08-14,Imperial,025,180216,29880,29671,2900,32571,746
2021-08-14,Inyo,027,18085,1491,1487,28,1515,39
2021-08-14,Kern,029,883053,104116,102306,13492,115798,1367
2021-08-14,Kings,031,150075,25256,24647,1342,25989,254
2021-08-14,Lake,033,64148,4993,4850,37,4887,68
2021-08-14,Lassen,035,31185,5548,5475,136,5611,21
2021-08-14,Los Angeles,037,10098052,1315509,1299346,48880,1348226,24911
2021-08-14,Madera,039,155013,18152,17691,1194,18885,246
2021-08-14,Marin,041,260295,15761,15441,325,15766,239
2021-08-14,Mariposa,043,17540,620,584,15,599,5
2021-08-14,Mendocino,045,87422,5238,4977,157,5134,49
2021-08-14,Merced,047,269075,33718,33234,1156,34390,481
2021-08-14,Modoc,049,8938,435,421,151,572,5
2021-08-14,Mono,051,14174,1349,1332,15,1347,3
2021-08-14,Monterey,053,433212,44857,44514,2316,46830,527
2021-08-14,Napa,055,140530,11153,10878,67,10945,83
2021-08-14,Nevada,057,99092,6741,6419,229,6648,74
2021-08-14,Orange,059,3164182,279984,274732,12932,287664,5161
2021-08-14,Placer,061,380077,28638,27115,2345,29460,306
2021-08-14,Plumas,063,18699,895,849,15,864,5
2021-08-14,Riverside,065,2383286,318560,313264,15083,328347,4582
2021-08-14,Sacramento,067,1510023,128285,123438,2584,126022,1758
2021-08-14,San Benito,069,59416,6509,6428,127,6555,64
2021-08-14,San Bernardino,071,2135413,317110,312142,9832,321974,5301
2021-08-14,San Diego,073,3302833,319590,313589,18238,331827,3824
2021-08-14,San Francisco,075,870044,45593,44353,1944,46297,567
2021-08-14,San Joaquin,077,732212,82655,80585,4293,84878,1488
2021-08-14,San Luis Obispo,079,281455,23809,23328,911,24239,265
2021-08-14,San Mateo,081,765935,47780,46792,839,47631,548
2021-08-14,Santa Barbara,083,443738,38367,37118,1390,38508,475
2021-08-14,Santa Clara,085,1922200,130410,127432,968,128400,1772
2021-08-14,Santa Cruz,087,273765,17761,17384,911,18295,209
2021-08-14,Shasta,089,179085,14269,13813,1981,15794,211
2021-08-14,Sierra,091,2930,85,81,13,94,0
2021-08-14,Siskiyou,093,43540,2248,2160,547,2707,33
2021-08-14,Solano,095,438530,39232,37237,882,38119,263
2021-08-14,Sonoma,097,501317,35863,34606,426,35032,333
2021-08-14,Stanislaus,099,539301,63407,61564,6961,68525,1039
2021-08-14,Sutter,101,95872,11051,10808,120,10928,130
2021-08-14,Tehama,103,63373,5665,5530,701,6231,66
2021-08-14,Trinity,105,12862,528,399,121,520,3
2021-08-14,Tulare,107,460477,53083,51951,10705,62656,856
2021-08-14,Tuolumne,109,53932,5111,4924,48,4972,64
2021-08-14,Ventura,111,848112,88222,86569,3791,90360,1052
2021-08-14,Yolo,113,214977,16302,15815,681,16496,225
2021-08-14,Yuba,115,75493,7410,7223,168,7391,51
2021-08-13,Alameda,001,1643700,104388,100930,2379,103309,1284
2021-08-13,Alpine,003,1148,91,91,0,91,0
2021-08-13,Amador,005,37829,4325,4169,38,4207,49
2021-08-13,Butte,007,227075,14557,14100,2325,16425,206
2021-08-13,Calaveras,009,45235,2620,2564,18,2582,57
2021-08-13,Colusa,011,21464,2183,2123,423,2546,16
2021-08-13,Contra Costa,013,1133247,84406,81046,1677,82723,848
2021-08-13,Del Norte,015,27424,2257,1973,17,1990,8
2021-08-13,El Dorado,017,186661,12572,11951,1033,12984,118
2021-08-13,Fresno,019,978130,111552,108638,9777,118415,1753
2021-08-13,Glenn,021,27897,2624,2574,652,3226,20
2021-08-13,Humboldt,023,135768,6233,5882,112,5994,52
2021-08-13,Imperial,025,180216,29853,29654,2899,32553,745
2021-08-13,Inyo,027,18085,1490,1484,28,1512,39
2021-08-13,Kern,029,883053,103908,102029,13383,115412,1364
2021-08-13,Kings,031,150075,25172,24531,1335,25866,253
2021-08-13,Lake,033,64148,4970,4811,36,4847,68
2021-08-13,Lassen,035,31185,5540,5455,135,5590,21
2021-08-13,Los Angeles,037,10098052,1313197,1295406,48745,1344151,24891
2021-08-13,Madera,039,155013,18103,17614,1185,18799,246
2021-08-13,Marin,041,260295,15731,15380,325,15705,239
2021-08-13,Mariposa,043,17540,614,577,15,592,5
2021-08-13,Mendocino,045,87422,5191,4924,155,5079,49
2021-08-13,Merced,047,269075,33670,33111,1151,34262,480
2021-08-13,Modoc,049,8938,434,421,150,571,5
2021-08-13,Mono,051,14174,1347,1331,15,1346,3
2021-08-13,Monterey,053,433212,44804,44450,2308,46758,527
2021-08-13,Napa,055,140530,11117,10830,67,10897,83
2021-08-13,Nevada,057,99092,6700,6356,228,6584,74
2021-08-13,Orange,059,3164182,279491,274004,12883,286887,5159
2021-08-13,Placer,061,380077,28538,26987,2318,29305,306
2021-08-13,Plumas,063,18699,881,842,15,857,5
2021-08-13,Riverside,065,2383286,317822,312408,15058,327466,4581
2021-08-13,Sacramento,067,1510023,127817,122868,2556,125424,1758
2021-08-13,San Benito,069,59416,6503,6422,125,6547,64
2021-08-13,San Bernardino,071,2135413,316442,311378,9813,321191,5301
2021-08-13,San Diego,073,3302833,318544,312293,18158,330451,3821
2021-08-13,San Francisco,075,870044,45457,44196,1919,46115,567
2021-08-13,San Joaquin,077,732212,82438,80232,4278,84510,1481
2021-08-13,San Luis Obispo,079,281455,23748,23226,908,24134,265
2021-08-13,San Mateo,081,765935,47670,46660,830,47490,548
2021-08-13,Santa Barbara,083,443738,38284,37023,1386,38409,474
2021-08-13,Santa Clara,085,1922200,130123,126958,963,127921,1769
2021-08-13,Santa Cruz,087,273765,17722,17332,904,18236,209
2021-08-13,Shasta,089,179085,14206,13698,1967,15665,211
2021-08-13,Sierra,091,2930,84,81,13,94,0
2021-08-13,Siskiyou,093,43540,2239,2147,543,2690,33
2021-08-13,Solano,095,438530,39098,37104,874,37978,264
2021-08-13,Sonoma,097,501317,35758,34464,426,34890,333
2021-08-13,Stanislaus,099,539301,63224,61294,6919,68213,1039
2021-08-13,Sutter,101,95872,11007,10751,119,10870,130
2021-08-13,Tehama,103,63373,5641,5496,699,6195,66
2021-08-13,Trinity,105,12862,524,392,121,513,3
2021-08-13,Tulare,107,460477,52979,51770,10630,62400,856
2021-08-13,Tuolumne,109,53932,5078,4899,47,4946,64
2021-08-13,Ventura,111,848112,88064,86368,3778,90146,1052
2021-08-13,Yolo,113,214977,16249,15761,671,16432,225
2021-08-13,Yuba,115,75493,7372,7184,168,7352,51
2021-08-12,Alameda,001,1643700,103887,100472,2365,102837,1284
2021-08-12,Alpine,003,1148,91,91,0,91,0
2021-08-12,Amador,005,37829,4295,4161,37,4198,49
2021-08-12,Butte,007,227075,14479,14006,2307,16313,206
2021-08-12,Calaveras,009,45235,2600,2531,18,2549,57
2021-08-12,Colusa,011,21464,2178,2111,422,2533,17
2021-08-12,Contra Costa,013,1133247,83924,80738,1662,82400,846
2021-08-12,Del Norte,015,27424,2185,1923,17,1940,8
2021-08-12,El Dorado,017,186661,12458,11880,1025,12905,118
2021-08-12,Fresno,019,978130,111136,108193,9716,117909,1753
2021-08-12,Glenn,021,27897,2616,2559,645,3204,20
2021-08-12,Humboldt,023,135768,6163,5845,108,5953,52
2021-08-12,Imperial,025,180216,29797,29585,2893,32478,745
2021-08-12,Inyo,027,18085,1488,1483,28,1511,39
2021-08-12,Kern,029,883053,103621,101698,13303,115001,1364
2021-08-12,Kings,031,150075,25072,24423,1326,25749,252
2021-08-12,Lake,033,64148,4945,4774,35,4809,68
2021-08-12,Lassen,035,31185,5518,5428,134,5562,21
2021-08-12,Los Angeles,037,10098052,1310016,1291875,48610,1340485,24874
2021-08-12,Madera,039,155013,18039,17564,1173,18737,246
2021-08-12,Marin,041,260295,15682,15277,321,15598,239
2021-08-12,Mariposa,043,17540,605,568,14,582,5
2021-08-12,Mendocino,045,87422,5161,4873,149,5022,49
2021-08-12,Merced,047,269075,33546,32960,1144,34104,480
2021-08-12,Modoc,049,8938,433,423,150,573,5
2021-08-12,Mono,051,14174,1344,1325,15,1340,3
2021-08-12,Monterey,053,433212,44739,44383,2280,46663,527
2021-08-12,Napa,055,140530,11068,10780,66,10846,83
2021-08-12,Nevada,057,99092,6639,6283,228,6511,74
2021-08-12,Orange,059,3164182,278814,273167,12825,285992,5158
2021-08-12,Placer,061,380077,28338,26856,2294,29150,306
2021-08-12,Plumas,063,18699,873,829,15,844,5
2021-08-12,Riverside,065,2383286,316813,311304,15025,326329,4575
2021-08-12,Sacramento,067,1510023,127048,122222,2524,124746,1758
2021-08-12,San Benito,069,59416,6486,6398,123,6521,64
2021-08-12,San Bernardino,071,2135413,315568,310420,9784,320204,5297
2021-08-12,San Diego,073,3302833,317166,310596,18073,328669,3821
2021-08-12,San Francisco,075,870044,45252,43774,1903,45677,564
2021-08-12,San Joaquin,077,732212,82044,79945,4255,84200,1479
2021-08-12,San Luis Obispo,079,281455,23648,23101,895,23996,264
2021-08-12,San Mateo,081,765935,47537,46435,816,47251,548
2021-08-12,Santa Barbara,083,443738,38147,36881,1377,38258,473
2021-08-12,Santa Clara,085,1922200,129674,126614,957,127571,1769
2021-08-12,Santa Cruz,087,273765,17658,17261,903,18164,209
2021-08-12,Shasta,089,179085,14120,13621,1940,15561,211
2021-08-12,Sierra,091,2930,84,81,13,94,0
2021-08-12,Siskiyou,093,43540,2232,2134,533,2667,33
2021-08-12,Solano,095,438530,38868,36980,865,37845,262
2021-08-12,Sonoma,097,501317,35610,34299,423,34722,333
2021-08-12,Stanislaus,099,539301,62949,61026,6860,67886,1039
2021-08-12,Sutter,101,95872,10946,10695,117,10812,130
2021-08-12,Tehama,103,63373,5611,5462,690,6152,66
2021-08-12,Trinity,105,12862,520,386,120,506,3
2021-08-12,Tulare,107,460477,52834,51632,10579,62211,856
2021-08-12,Tuolumne,109,53932,5031,4845,45,4890,64
2021-08-12,Ventura,111,848112,87828,86106,3753,89859,1052
2021-08-12,Yolo,113,214977,16178,15686,658,16344,224
2021-08-12,Yuba,115,75493,7324,7128,167,7295,51
2021-08-11,Alameda,001,1643700,103357,100040,2360,102400,1281
2021-08-11,Alpine,003,1148,91,91,0,91,0
2021-08-11,Amador,005,37829,4271,4127,37,4164,49
2021-08-11,Butte,007,227075,14375,13905,2282,16187,206
2021-08-11,Calaveras,009,45235,2578,2505,18,2523,57
2021-08-11,Colusa,011,21464,2168,2101,420,2521,16
2021-08-11,Contra Costa,013,1133247,83426,80275,1645,81920,843
2021-08-11,Del Norte,015,27424,2126,1893,17,1910,8
2021-08-11,El Dorado,017,186661,12345,11799,1013,12812,119
2021-08-11,Fresno,019,978130,110678,107773,9673,117446,1751
2021-08-11,Glenn,021,27897,2608,2547,638,3185,20
2021-08-11,Humboldt,023,135768,6116,5765,107,5872,52
2021-08-11,Imperial,025,180216,29754,29565,2889,32454,745
2021-08-11,Inyo,027,18085,1488,1483,28,1511,39
2021-08-11,Kern,029,883053,103307,101448,13192,114640,1363
2021-08-11,Kings,031,150075,24958,24304,1317,25621,250
2021-08-11,Lake,033,64148,4908,4713,34,4747,68
2021-08-11,Lassen,035,31185,5509,5408,132,5540,21
2021-08-11,Los Angeles,037,10098052,1306708,1288238,48420,1336658,24851
2021-08-11,Madera,039,155013,17989,17511,1162,18673,245
2021-08-11,Marin,041,260295,15633,15235,321,15556,239
2021-08-11,Mariposa,043,17540,595,554,13,567,5
2021-08-11,Mendocino,045,87422,5092,4796,141,4937,49
2021-08-11,Merced,047,269075,33412,32802,1140,33942,479
2021-08-11,Modoc,049,8938,433,421,150,571,5
2021-08-11,Mono,051,14174,1339,1320,15,1335,3
2021-08-11,Monterey,053,433212,44649,44314,2253,46567,527
2021-08-11,Napa,055,140530,11027,10732,66,10798,83
2021-08-11,Nevada,057,99092,6585,6172,225,6397,74
2021-08-11,Orange,059,3164182,277961,272212,12783,284995,5155
2021-08-11,Placer,061,380077,28126,26687,2268,28955,305
2021-08-11,Plumas,063,18699,864,824,15,839,5
2021-08-11,Riverside,065,2383286,315829,310265,14981,325246,4570
2021-08-11,Sacramento,067,1510023,126255,121603,2481,124084,1757
2021-08-11,San Benito,069,59416,6473,6381,123,6504,64
2021-08-11,San Bernardino,071,2135413,314676,309498,9762,319260,5296
2021-08-11,San Diego,073,3302833,315680,309406,17974,327380,3818
2021-08-11,San Francisco,075,870044,45031,43555,1893,45448,564
2021-08-11,San Joaquin,077,732212,81638,79641,4228,83869,1478
2021-08-11,San Luis Obispo,079,281455,23544,22920,888,23808,264
2021-08-11,San Mateo,081,765935,47381,46300,802,47102,548
2021-08-11,Santa Barbara,083,443738,37985,36699,1367,38066,472
2021-08-11,Santa Clara,085,1922200,129195,126301,948,127249,1769
2021-08-11,Santa Cruz,087,273765,17592,17191,900,18091,209
2021-08-11,Shasta,089,179085,14046,13546,1924,15470,211
2021-08-11,Sierra,091,2930,83,81,13,94,0
2021-08-11,Siskiyou,093,43540,2218,2124,526,2650,33
2021-08-11,Solano,095,438530,38633,36862,851,37713,262
2021-08-11,Sonoma,097,501317,35433,34188,418,34606,333
2021-08-11,Stanislaus,099,539301,62605,60767,6830,67597,1037
2021-08-11,Sutter,101,95872,10874,10628,117,10745,130
2021-08-11,Tehama,103,63373,5581,5410,673,6083,66
2021-08-11,Trinity,105,12862,518,385,120,505,3
2021-08-11,Tulare,107,460477,52666,51464,10533,61997,854
2021-08-11,Tuolumne,109,53932,4999,4794,45,4839,64
2021-08-11,Ventura,111,848112,87577,85863,3732,89595,1051
2021-08-11,Yolo,113,214977,16103,15593,644,16237,218
2021-08-11,Yuba,115,75493,7265,7063,166,7229,53
2021-08-10,Alameda,001,1643700,102870,99771,2351,102122,1281
2021-08-10,Alpine,003,1148,91,91,0,91,0
2021-08-10,Amador,005,37829,4255,4093,37,4130,49
2021-08-10,Butte,007,227075,14291,13853,2260,16113,205
2021-08-10,Calaveras,009,45235,2555,2491,16,2507,57
2021-08-10,Colusa,011,21464,2155,2088,411,2499,16
2021-08-10,Contra Costa,013,1133247,82886,80018,1633,81651,840
2021-08-10,Del Norte,015,27424,2082,1870,17,1887,8
2021-08-10,El Dorado,017,186661,12246,11734,1003,12737,117
2021-08-10,Fresno,019,978130,110225,107616,9623,117239,1747
2021-08-10,Glenn,021,27897,2595,2538,631,3169,20
2021-08-10,Humboldt,023,135768,6062,5718,104,5822,52
2021-08-10,Imperial,025,180216,29719,29522,2883,32405,745
2021-08-10,Inyo,027,18085,1488,1482,28,1510,39
2021-08-10,Kern,029,883053,102979,101254,13095,114349,1359
2021-08-10,Kings,031,150075,24830,24252,1301,25553,251
2021-08-10,Lake,033,64148,4868,4700,33,4733,67
2021-08-10,Lassen,035,31185,5491,5401,132,5533,21
2021-08-10,Los Angeles,037,10098052,1302969,1285140,48255,1333395,24821
2021-08-10,Madera,039,155013,17916,17481,1152,18633,245
2021-08-10,Marin,041,260295,15586,15194,321,15515,239
2021-08-10,Mariposa,043,17540,582,550,13,563,5
2021-08-10,Mendocino,045,87422,5047,4775,138,4913,49
2021-08-10,Merced,047,269075,33264,32721,1132,33853,477
2021-08-10,Modoc,049,8938,432,421,150,571,5
2021-08-10,Mono,051,14174,1334,1320,15,1335,3
2021-08-10,Monterey,053,433212,44599,44259,2227,46486,527
2021-08-10,Napa,055,140530,10971,10703,65,10768,83
2021-08-10,Nevada,057,99092,6519,6151,224,6375,73
2021-08-10,Orange,059,3164182,277077,271688,12736,284424,5155
2021-08-10,Placer,061,380077,27907,26561,2225,28786,305
2021-08-10,Plumas,063,18699,855,816,15,831,5
2021-08-10,Riverside,065,2383286,314717,309529,14955,324484,4564
2021-08-10,Sacramento,067,1510023,125402,121159,2451,123610,1755
2021-08-10,San Benito,069,59416,6459,6371,123,6494,64
2021-08-10,San Bernardino,071,2135413,313757,308672,9745,318417,5295
2021-08-10,San Diego,073,3302833,314017,308288,17898,326186,3815
2021-08-10,San Francisco,075,870044,44790,43389,1865,45254,564
2021-08-10,San Joaquin,077,732212,81238,79391,4211,83602,1478
2021-08-10,San Luis Obispo,079,281455,23418,22776,886,23662,264
2021-08-10,San Mateo,081,765935,47222,46184,785,46969,548
2021-08-10,Santa Barbara,083,443738,37821,36574,1360,37934,472
2021-08-10,Santa Clara,085,1922200,128735,126019,939,126958,1770
2021-08-10,Santa Cruz,087,273765,17509,17142,898,18040,209
2021-08-10,Shasta,089,179085,13969,13461,1899,15360,211
2021-08-10,Sierra,091,2930,83,76,13,89,0
2021-08-10,Siskiyou,093,43540,2210,2088,518,2606,33
2021-08-10,Solano,095,438530,38388,36767,841,37608,262
2021-08-10,Sonoma,097,501317,35289,34054,415,34469,333
2021-08-10,Stanislaus,099,539301,62257,60605,6792,67397,1037
2021-08-10,Sutter,101,95872,10809,10569,117,10686,130
2021-08-10,Tehama,103,63373,5552,5392,668,6060,66
2021-08-10,Trinity,105,12862,518,384,120,504,3
2021-08-10,Tulare,107,460477,52503,51390,10482,61872,854
2021-08-10,Tuolumne,109,53932,4971,4780,43,4823,64
2021-08-10,Ventura,111,848112,87287,85714,3711,89425,1051
2021-08-10,Yolo,113,214977,16016,15568,633,16201,218
2021-08-10,Yuba,115,75493,7215,7028,166,7194,50
2021-08-09,Alameda,001,1643700,102309,99496,2347,101843,1276
2021-08-09,Alpine,003,1148,91,91,0,91,0
2021-08-09,Amador,005,37829,4229,4078,37,4115,48
2021-08-09,Butte,007,227075,14196,13813,2228,16041,205
2021-08-09,Calaveras,009,45235,2527,2472,16,2488,57
2021-08-09,Colusa,011,21464,2145,2075,403,2478,16
2021-08-09,Contra Costa,013,1133247,82342,79740,1621,81361,840
2021-08-09,Del Norte,015,27424,2014,1848,17,1865,8
2021-08-09,El Dorado,017,186661,12138,11672,989,12661,117
2021-08-09,Fresno,019,978130,109733,107310,9587,116897,1747
2021-08-09,Glenn,021,27897,2584,2532,621,3153,20
2021-08-09,Humboldt,023,135768,5971,5632,102,5734,52
2021-08-09,Imperial,025,180216,29675,29512,2879,32391,745
2021-08-09,Inyo,027,18085,1488,1481,28,1509,39
2021-08-09,Kern,029,883053,102668,101069,13009,114078,1359
2021-08-09,Kings,031,150075,24723,24155,1286,25441,250
2021-08-09,Lake,033,64148,4833,4670,31,4701,66
2021-08-09,Lassen,035,31185,5469,5393,131,5524,21
2021-08-09,Los Angeles,037,10098052,1298975,1282891,48061,1330952,24798
2021-08-09,Madera,039,155013,17857,17429,1132,18561,245
2021-08-09,Marin,041,260295,15533,15154,320,15474,239
2021-08-09,Mariposa,043,17540,569,545,13,558,5
2021-08-09,Mendocino,045,87422,4996,4732,130,4862,49
2021-08-09,Merced,047,269075,33118,32666,1125,33791,477
2021-08-09,Modoc,049,8938,432,419,150,569,5
2021-08-09,Mono,051,14174,1331,1337,15,1352,3
2021-08-09,Monterey,053,433212,44535,44190,2202,46392,527
2021-08-09,Napa,055,140530,10924,10679,65,10744,83
2021-08-09,Nevada,057,99092,6449,6088,223,6311,73
2021-08-09,Orange,059,3164182,276044,271036,12684,283720,5153
2021-08-09,Placer,061,380077,27684,26457,2194,28651,305
2021-08-09,Plumas,063,18699,838,803,15,818,5
2021-08-09,Riverside,065,2383286,313639,308678,14935,323613,4562
2021-08-09,Sacramento,067,1510023,124570,120812,2425,123237,1748
2021-08-09,San Benito,069,59416,6439,6359,121,6480,63
2021-08-09,San Bernardino,071,2135413,312775,308038,9721,317759,5295
2021-08-09,San Diego,073,3302833,312345,306855,17803,324658,3811
2021-08-09,San Francisco,075,870044,44549,43261,1844,45105,564
2021-08-09,San Joaquin,077,732212,80854,79198,4193,83391,1469
2021-08-09,San Luis Obispo,079,281455,23280,22695,877,23572,264
2021-08-09,San Mateo,081,765935,47066,46040,765,46805,548
2021-08-09,Santa Barbara,083,443738,37635,36474,1352,37826,470
2021-08-09,Santa Clara,085,1922200,128231,125791,929,126720,2187
2021-08-09,Santa Cruz,087,273765,17448,17082,898,17980,209
2021-08-09,Shasta,089,179085,13852,13397,1888,15285,210
2021-08-09,Sierra,091,2930,82,75,13,88,0
2021-08-09,Siskiyou,093,43540,2199,2047,500,2547,32
2021-08-09,Solano,095,438530,38111,36653,839,37492,262
2021-08-09,Sonoma,097,501317,35108,33933,413,34346,333
2021-08-09,Stanislaus,099,539301,61974,60410,6741,67151,1037
2021-08-09,Sutter,101,95872,10760,10525,114,10639,129
2021-08-09,Tehama,103,63373,5509,5373,666,6039,66
2021-08-09,Trinity,105,12862,516,378,118,496,3
2021-08-09,Tulare,107,460477,52346,51274,10416,61690,854
2021-08-09,Tuolumne,109,53932,4929,4745,43,4788,64
2021-08-09,Ventura,111,848112,87016,85514,3701,89215,1047
2021-08-09,Yolo,113,214977,15938,15521,612,16133,218
2021-08-09,Yuba,115,75493,7156,6994,166,7160,50
2021-08-08,Alameda,001,1643700,101753,99135,2339,101474,1276
2021-08-08,Alpine,003,1148,91,91,0,91,0
2021-08-08,Amador,005,37829,4195,4057,36,4093,48
2021-08-08,Butte,007,227075,14111,13791,2209,16000,205
2021-08-08,Calaveras,009,45235,2495,2462,16,2478,57
2021-08-08,Colusa,011,21464,2128,2070,396,2466,16
2021-08-08,Contra Costa,013,1133247,81819,79454,1614,81068,840
2021-08-08,Del Norte,015,27424,1968,1810,17,1827,8
2021-08-08,El Dorado,017,186661,12020,11631,978,12609,117
2021-08-08,Fresno,019,978130,109296,107078,9554,116632,1747
2021-08-08,Glenn,021,27897,2574,2527,616,3143,20
2021-08-08,Humboldt,023,135768,5880,5571,102,5673,52
2021-08-08,Imperial,025,180216,29651,29485,2869,32354,745
2021-08-08,Inyo,027,18085,1488,1481,28,1509,39
2021-08-08,Kern,029,883053,102349,100909,12896,113805,1359
2021-08-08,Kings,031,150075,24609,24095,1277,25372,250
2021-08-08,Lake,033,64148,4783,4636,30,4666,66
2021-08-08,Lassen,035,31185,5454,5391,130,5521,21
2021-08-08,Los Angeles,037,10098052,1294740,1279982,47874,1327856,24793
2021-08-08,Madera,039,155013,17779,17398,1115,18513,245
2021-08-08,Marin,041,260295,15480,15124,318,15442,239
2021-08-08,Mariposa,043,17540,565,538,13,551,5
2021-08-08,Mendocino,045,87422,4934,4702,117,4819,49
2021-08-08,Merced,047,269075,32971,32634,1116,33750,477
2021-08-08,Modoc,049,8938,431,419,149,568,5
2021-08-08,Mono,051,14174,1327,1336,15,1351,3
2021-08-08,Monterey,053,433212,44474,44171,2182,46353,527
2021-08-08,Napa,055,140530,10888,10668,65,10733,83
2021-08-08,Nevada,057,99092,6364,6009,221,6230,73
2021-08-08,Orange,059,3164182,275132,270532,12645,283177,5153
2021-08-08,Placer,061,380077,27478,26332,2152,28484,305
2021-08-08,Plumas,063,18699,829,803,15,818,5
2021-08-08,Riverside,065,2383286,312518,308042,14910,322952,4562
2021-08-08,Sacramento,067,1510023,123743,120109,2413,122522,1744
2021-08-08,San Benito,069,59416,6422,6350,120,6470,63
2021-08-08,San Bernardino,071,2135413,311629,307378,9691,317069,5295
2021-08-08,San Diego,073,3302833,310998,305983,17709,323692,3811
2021-08-08,San Francisco,075,870044,44296,43098,1818,44916,564
2021-08-08,San Joaquin,077,732212,80406,79002,4177,83179,1469
2021-08-08,San Luis Obispo,079,281455,23106,22668,869,23537,263
2021-08-08,San Mateo,081,765935,46889,45927,750,46677,548
2021-08-08,Santa Barbara,083,443738,37459,36417,1345,37762,470
2021-08-08,Santa Clara,085,1922200,127781,125553,923,126476,2187
2021-08-08,Santa Cruz,087,273765,17373,17035,893,17928,209
2021-08-08,Shasta,089,179085,13767,13381,1877,15258,210
2021-08-08,Sierra,091,2930,82,74,13,87,0
2021-08-08,Siskiyou,093,43540,2183,2041,495,2536,32
2021-08-08,Solano,095,438530,37859,36551,836,37387,262
2021-08-08,Sonoma,097,501317,34864,33805,412,34217,333
2021-08-08,Stanislaus,099,539301,61630,60269,6696,66965,1037
2021-08-08,Sutter,101,95872,10700,10481,113,10594,129
2021-08-08,Tehama,103,63373,5471,5359,663,6022,66
2021-08-08,Trinity,105,12862,511,378,118,496,3
2021-08-08,Tulare,107,460477,52166,51220,10356,61576,854
2021-08-08,Tuolumne,109,53932,4890,4731,43,4774,64
2021-08-08,Ventura,111,848112,86725,85382,3691,89073,1047
2021-08-08,Yolo,113,214977,15846,15477,605,16082,218
2021-08-08,Yuba,115,75493,7117,6967,166,7133,50
2021-08-07,Alameda,001,1643700,101503,98812,2333,101145,1276
2021-08-07,Alpine,003,1148,91,91,0,91,0
2021-08-07,Amador,005,37829,4178,4041,35,4076,48
2021-08-07,Butte,007,227075,14059,13714,2198,15912,205
2021-08-07,Calaveras,009,45235,2485,2446,16,2462,57
2021-08-07,Colusa,011,21464,2123,2067,387,2454,16
2021-08-07,Contra Costa,013,1133247,81524,79168,1610,80778,840
2021-08-07,Del Norte,015,27424,1936,1791,17,1808,8
2021-08-07,El Dorado,017,186661,11970,11575,970,12545,117
2021-08-07,Fresno,019,978130,109095,106861,9532,116393,1747
2021-08-07,Glenn,021,27897,2567,2515,615,3130,20
2021-08-07,Humboldt,023,135768,5830,5510,99,5609,52
2021-08-07,Imperial,025,180216,29632,29470,2869,32339,745
2021-08-07,Inyo,027,18085,1486,1476,28,1504,39
2021-08-07,Kern,029,883053,102192,100693,12841,113534,1359
2021-08-07,Kings,031,150075,24551,24048,1271,25319,250
2021-08-07,Lake,033,64148,4762,4613,30,4643,66
2021-08-07,Lassen,035,31185,5450,5386,130,5516,21
2021-08-07,Los Angeles,037,10098052,1292741,1276853,47722,1324575,24786
2021-08-07,Madera,039,155013,17745,17366,1110,18476,245
2021-08-07,Marin,041,260295,15447,15085,316,15401,239
2021-08-07,Mariposa,043,17540,562,530,13,543,5
2021-08-07,Mendocino,045,87422,4898,4690,115,4805,49
2021-08-07,Merced,047,269075,32907,32569,1113,33682,477
2021-08-07,Modoc,049,8938,431,419,149,568,5
2021-08-07,Mono,051,14174,1325,1329,15,1344,3
2021-08-07,Monterey,053,433212,44426,44124,2173,46297,527
2021-08-07,Napa,055,140530,10867,10658,64,10722,83
2021-08-07,Nevada,057,99092,6314,5967,219,6186,73
2021-08-07,Orange,059,3164182,274544,269900,12614,282514,5153
2021-08-07,Placer,061,380077,27291,26244,2144,28388,305
2021-08-07,Plumas,063,18699,824,801,15,816,5
2021-08-07,Riverside,065,2383286,311847,307326,14902,322228,4562
2021-08-07,Sacramento,067,1510023,123242,119636,2409,122045,1744
2021-08-07,San Benito,069,59416,6412,6332,120,6452,63
2021-08-07,San Bernardino,071,2135413,311042,306663,9674,316337,5295
2021-08-07,San Diego,073,3302833,310243,304974,17673,322647,3811
2021-08-07,San Francisco,075,870044,44134,42926,1792,44718,564
2021-08-07,San Joaquin,077,732212,80242,78769,4163,82932,1469
2021-08-07,San Luis Obispo,079,281455,23039,22579,868,23447,263
2021-08-07,San Mateo,081,765935,46773,45804,739,46543,548
2021-08-07,Santa Barbara,083,443738,37363,36303,1339,37642,470
2021-08-07,Santa Clara,085,1922200,127510,125196,918,126114,2188
2021-08-07,Santa Cruz,087,273765,17331,16994,891,17885,209
2021-08-07,Shasta,089,179085,13712,13361,1869,15230,210
2021-08-07,Sierra,091,2930,82,74,13,87,0
2021-08-07,Siskiyou,093,43540,2171,2039,493,2532,32
2021-08-07,Solano,095,438530,37743,36458,828,37286,262
2021-08-07,Sonoma,097,501317,34742,33716,412,34128,333
2021-08-07,Stanislaus,099,539301,61442,60093,6665,66758,1037
2021-08-07,Sutter,101,95872,10663,10447,113,10560,129
2021-08-07,Tehama,103,63373,5461,5343,658,6001,66
2021-08-07,Trinity,105,12862,507,377,117,494,3
2021-08-07,Tulare,107,460477,52079,51133,10318,61451,854
2021-08-07,Tuolumne,109,53932,4860,4721,43,4764,64
2021-08-07,Ventura,111,848112,86545,85232,3676,88908,1047
2021-08-07,Yolo,113,214977,15803,15423,597,16020,218
2021-08-07,Yuba,115,75493,7093,6937,164,7101,50
2021-08-06,Alameda,001,1643700,101172,98487,2326,100813,1275
2021-08-06,Alpine,003,1148,91,91,0,91,0
2021-08-06,Amador,005,37829,4157,4002,35,4037,48
2021-08-06,Butte,007,227075,14011,13626,2186,15812,205
2021-08-06,Calaveras,009,45235,2475,2419,16,2435,57
2021-08-06,Colusa,011,21464,2117,2045,381,2426,16
2021-08-06,Contra Costa,013,1133247,81230,78796,1604,80400,840
2021-08-06,Del Norte,015,27424,1909,1755,16,1771,8
2021-08-06,El Dorado,017,186661,11921,11498,958,12456,117
2021-08-06,Fresno,019,978130,108835,106542,9506,116048,1747
2021-08-06,Glenn,021,27897,2552,2504,613,3117,20
2021-08-06,Humboldt,023,135768,5779,5421,96,5517,52
2021-08-06,Imperial,025,180216,29621,29404,2865,32269,745
2021-08-06,Inyo,027,18085,1483,1471,28,1499,39
2021-08-06,Kern,029,883053,102015,100427,12755,113182,1359
2021-08-06,Kings,031,150075,24494,23974,1267,25241,250
2021-08-06,Lake,033,64148,4739,4557,30,4587,66
2021-08-06,Lassen,035,31185,5430,5368,128,5496,21
2021-08-06,Los Angeles,037,10098052,1290261,1273081,47572,1320653,24772
2021-08-06,Madera,039,155013,17706,17324,1101,18425,245
2021-08-06,Marin,041,260295,15414,15051,316,15367,239
2021-08-06,Mariposa,043,17540,553,511,13,524,5
2021-08-06,Mendocino,045,87422,4856,4649,114,4763,49
2021-08-06,Merced,047,269075,32847,32456,1110,33566,477
2021-08-06,Modoc,049,8938,431,419,149,568,5
2021-08-06,Mono,051,14174,1323,1328,15,1343,3
2021-08-06,Monterey,053,433212,44367,44058,2151,46209,527
2021-08-06,Napa,055,140530,10840,10620,64,10684,83
2021-08-06,Nevada,057,99092,6258,5874,219,6093,73
2021-08-06,Orange,059,3164182,273983,269077,12597,281674,5151
2021-08-06,Placer,061,380077,27168,26086,2122,28208,305
2021-08-06,Plumas,063,18699,815,795,15,810,5
2021-08-06,Riverside,065,2383286,311137,306304,14891,321195,4562
2021-08-06,Sacramento,067,1510023,122754,119169,2389,121558,1740
2021-08-06,San Benito,069,59416,6395,6315,120,6435,63
2021-08-06,San Bernardino,071,2135413,310343,305806,9665,315471,5286
2021-08-06,San Diego,073,3302833,309205,303691,17624,321315,3810
2021-08-06,San Francisco,075,870044,43982,42659,1769,44428,565
2021-08-06,San Joaquin,077,732212,80094,78405,4151,82556,1469
2021-08-06,San Luis Obispo,079,281455,22973,22472,863,23335,263
2021-08-06,San Mateo,081,765935,46632,45665,723,46388,548
2021-08-06,Santa Barbara,083,443738,37273,36208,1335,37543,470
2021-08-06,Santa Clara,085,1922200,127219,124767,913,125680,2185
2021-08-06,Santa Cruz,087,273765,17289,16924,887,17811,207
2021-08-06,Shasta,089,179085,13646,13284,1863,15147,210
2021-08-06,Sierra,091,2930,82,73,13,86,0
2021-08-06,Siskiyou,093,43540,2161,2030,489,2519,32
2021-08-06,Solano,095,438530,37633,36351,819,37170,262
2021-08-06,Sonoma,097,501317,34655,33594,411,34005,333
2021-08-06,Stanislaus,099,539301,61289,59854,6643,66497,1037
2021-08-06,Sutter,101,95872,10620,10391,113,10504,128
2021-08-06,Tehama,103,63373,5437,5325,657,5982,66
2021-08-06,Trinity,105,12862,506,371,116,487,3
2021-08-06,Tulare,107,460477,51979,51018,10271,61289,854
2021-08-06,Tuolumne,109,53932,4833,4674,43,4717,64
2021-08-06,Ventura,111,848112,86374,85046,3664,88710,1047
2021-08-06,Yolo,113,214977,15749,15299,592,15891,218
2021-08-06,Yuba,115,75493,7070,6904,164,7068,50
2021-08-05,Alameda,001,1643700,100681,98052,2321,100373,1275
2021-08-05,Alpine,003,1148,91,91,0,91,0
2021-08-05,Amador,005,37829,4137,3992,35,4027,48
2021-08-05,Butte,007,227075,13955,13564,2164,15728,206
2021-08-05,Calaveras,009,45235,2457,2397,16,2413,57
2021-08-05,Colusa,011,21464,2105,2036,377,2413,16
2021-08-05,Contra Costa,013,1133247,80803,78514,1596,80110,840
2021-08-05,Del Norte,015,27424,1882,1731,16,1747,8
2021-08-05,El Dorado,017,186661,11837,11408,947,12355,117
2021-08-05,Fresno,019,978130,108466,106219,9470,115689,1747
2021-08-05,Glenn,021,27897,2547,2494,610,3104,20
2021-08-05,Humboldt,023,135768,5705,5328,95,5423,52
2021-08-05,Imperial,025,180216,29590,29383,2861,32244,745
2021-08-05,Inyo,027,18085,1479,1468,28,1496,38
2021-08-05,Kern,029,883053,101793,100091,12670,112761,1358
2021-08-05,Kings,031,150075,24410,23906,1262,25168,249
2021-08-05,Lake,033,64148,4700,4490,28,4518,66
2021-08-05,Lassen,035,31185,5422,5344,128,5472,21
2021-08-05,Los Angeles,037,10098052,1287053,1269445,47442,1316887,24756
2021-08-05,Madera,039,155013,17665,17301,1093,18394,245
2021-08-05,Marin,041,260295,15370,15005,312,15317,239
2021-08-05,Mariposa,043,17540,542,504,12,516,5
2021-08-05,Mendocino,045,87422,4813,4597,105,4702,49
2021-08-05,Merced,047,269075,32779,32381,1099,33480,477
2021-08-05,Modoc,049,8938,430,418,149,567,5
2021-08-05,Mono,051,14174,1313,1309,15,1324,3
2021-08-05,Monterey,053,433212,44315,43992,2130,46122,527
2021-08-05,Napa,055,140530,10804,10591,62,10653,83
2021-08-05,Nevada,057,99092,6177,5778,216,5994,73
2021-08-05,Orange,059,3164182,273207,268329,12572,280901,5149
2021-08-05,Placer,061,380077,26969,25965,2094,28059,305
2021-08-05,Plumas,063,18699,807,787,14,801,5
2021-08-05,Riverside,065,2383286,310221,305415,14863,320278,4562
2021-08-05,Sacramento,067,1510023,122046,118590,2376,120966,1739
2021-08-05,San Benito,069,59416,6377,6305,120,6425,63
2021-08-05,San Bernardino,071,2135413,309506,304956,9644,314600,5284
2021-08-05,San Diego,073,3302833,307925,302220,17547,319767,3806
2021-08-05,San Francisco,075,870044,43775,42301,1756,44057,564
2021-08-05,San Joaquin,077,732212,79734,78151,4133,82284,1468
2021-08-05,San Luis Obispo,079,281455,22859,22362,857,23219,263
2021-08-05,San Mateo,081,765935,46470,45554,711,46265,548
2021-08-05,Santa Barbara,083,443738,37168,36112,1332,37444,470
2021-08-05,Santa Clara,085,1922200,126886,124490,913,125403,2185
2021-08-05,Santa Cruz,087,273765,17246,16867,884,17751,207
2021-08-05,Shasta,089,179085,13589,13217,1854,15071,210
2021-08-05,Sierra,091,2930,77,73,13,86,0
2021-08-05,Siskiyou,093,43540,2140,2024,479,2503,32
2021-08-05,Solano,095,438530,37452,36250,812,37062,262
2021-08-05,Sonoma,097,501317,34520,33455,410,33865,330
2021-08-05,Stanislaus,099,539301,61042,59692,6605,66297,1037
2021-08-05,Sutter,101,95872,10565,10349,113,10462,127
2021-08-05,Tehama,103,63373,5419,5305,653,5958,66
2021-08-05,Trinity,105,12862,500,367,116,483,3
2021-08-05,Tulare,107,460477,51863,50889,10214,61103,854
2021-08-05,Tuolumne,109,53932,4803,4619,43,4662,64
2021-08-05,Ventura,111,848112,86124,84837,3650,88487,1047
2021-08-05,Yolo,113,214977,15683,15250,582,15832,218
2021-08-05,Yuba,115,75493,7027,6872,162,7034,50
2021-08-04,Alameda,001,1643700,100176,97477,2310,99787,1274
2021-08-04,Alpine,003,1148,91,91,0,91,0
2021-08-04,Amador,005,37829,4107,3962,34,3996,48
2021-08-04,Butte,007,227075,13888,13509,2148,15657,205
2021-08-04,Calaveras,009,45235,2434,2374,16,2390,57
2021-08-04,Colusa,011,21464,2093,2025,371,2396,16
2021-08-04,Contra Costa,013,1133247,80287,77966,1590,79556,840
2021-08-04,Del Norte,015,27424,1859,1701,16,1717,8
2021-08-04,El Dorado,017,186661,11759,11319,936,12255,117
2021-08-04,Fresno,019,978130,108102,105899,9433,115332,1747
2021-08-04,Glenn,021,27897,2540,2487,610,3097,20
2021-08-04,Humboldt,023,135768,5629,5271,94,5365,52
2021-08-04,Imperial,025,180216,29542,29375,2859,32234,745
2021-08-04,Inyo,027,18085,1478,1465,28,1493,38
2021-08-04,Kern,029,883053,101543,99868,12585,112453,1358
2021-08-04,Kings,031,150075,24340,23840,1254,25094,250
2021-08-04,Lake,033,64148,4669,4423,22,4445,65
2021-08-04,Lassen,035,31185,5414,5340,128,5468,21
2021-08-04,Los Angeles,037,10098052,1283584,1265788,47284,1313072,24737
2021-08-04,Madera,039,155013,17630,17251,1086,18337,245
2021-08-04,Marin,041,260295,15323,14950,311,15261,239
2021-08-04,Mariposa,043,17540,527,497,12,509,5
2021-08-04,Mendocino,045,87422,4789,4560,101,4661,49
2021-08-04,Merced,047,269075,32641,32274,1094,33368,476
2021-08-04,Modoc,049,8938,430,416,149,565,5
2021-08-04,Mono,051,14174,1310,1307,15,1322,3
2021-08-04,Monterey,053,433212,44256,43926,2113,46039,526
2021-08-04,Napa,055,140530,10767,10544,62,10606,82
2021-08-04,Nevada,057,99092,6112,5702,215,5917,73
2021-08-04,Orange,059,3164182,272335,267199,12533,279732,5146
2021-08-04,Placer,061,380077,26752,25688,2074,27762,305
2021-08-04,Plumas,063,18699,801,784,14,798,5
2021-08-04,Riverside,065,2383286,309296,304272,14837,319109,4562
2021-08-04,Sacramento,067,1510023,121286,117882,2350,120232,1736
2021-08-04,San Benito,069,59416,6362,6300,120,6420,63
2021-08-04,San Bernardino,071,2135413,308650,304164,9627,313791,5285
2021-08-04,San Diego,073,3302833,306402,301100,17487,318587,3805
2021-08-04,San Francisco,075,870044,43524,41913,1740,43653,562
2021-08-04,San Joaquin,077,732212,79377,77846,4121,81967,1466
2021-08-04,San Luis Obispo,079,281455,22752,22245,851,23096,262
2021-08-04,San Mateo,081,765935,46306,45392,703,46095,548
2021-08-04,Santa Barbara,083,443738,37040,36013,1324,37337,470
2021-08-04,Santa Clara,085,1922200,126495,124127,906,125033,2183
2021-08-04,Santa Cruz,087,273765,17185,16820,877,17697,208
2021-08-04,Shasta,089,179085,13537,13134,1843,14977,211
2021-08-04,Sierra,091,2930,77,73,13,86,0
2021-08-04,Siskiyou,093,43540,2120,2010,474,2484,32
2021-08-04,Solano,095,438530,37252,36025,803,36828,262
2021-08-04,Sonoma,097,501317,34349,33311,408,33719,330
2021-08-04,Stanislaus,099,539301,60803,59396,6566,65962,1037
2021-08-04,Sutter,101,95872,10528,10294,113,10407,127
2021-08-04,Tehama,103,63373,5393,5281,648,5929,66
2021-08-04,Trinity,105,12862,498,362,113,475,3
2021-08-04,Tulare,107,460477,51754,50797,10169,60966,855
2021-08-04,Tuolumne,109,53932,4778,4584,43,4627,64
2021-08-04,Ventura,111,848112,85867,84406,3628,88034,1047
2021-08-04,Yolo,113,214977,15605,15189,569,15758,215
2021-08-04,Yuba,115,75493,6987,6827,160,6987,50
2021-08-03,Alameda,001,1643700,99718,97275,2305,99580,1270
2021-08-03,Alpine,003,1148,91,91,0,91,0
2021-08-03,Amador,005,37829,4071,3953,34,3987,48
2021-08-03,Butte,007,227075,13822,13468,2133,15601,205
2021-08-03,Calaveras,009,45235,2411,2356,16,2372,57
2021-08-03,Colusa,011,21464,2080,2023,365,2388,16
2021-08-03,Contra Costa,013,1133247,79804,77739,1583,79322,836
2021-08-03,Del Norte,015,27424,1827,1691,15,1706,8
2021-08-03,El Dorado,017,186661,11669,11255,926,12181,117
2021-08-03,Fresno,019,978130,107743,105732,9401,115133,1746
2021-08-03,Glenn,021,27897,2533,2481,608,3089,20
2021-08-03,Humboldt,023,135768,5564,5199,89,5288,52
2021-08-03,Imperial,025,180216,29520,29333,2852,32185,745
2021-08-03,Inyo,027,18085,1475,1459,28,1487,38
2021-08-03,Kern,029,883053,101281,99708,12506,112214,1358
2021-08-03,Kings,031,150075,24253,23780,1247,25027,249
2021-08-03,Lake,033,64148,4613,4408,18,4426,66
2021-08-03,Lassen,035,31185,5404,5341,128,5469,21
2021-08-03,Los Angeles,037,10098052,1279860,1262678,47109,1309787,24721
2021-08-03,Madera,039,155013,17589,17220,1071,18291,245
2021-08-03,Marin,041,260295,15274,14906,308,15214,243
2021-08-03,Mariposa,043,17540,516,495,12,507,5
2021-08-03,Mendocino,045,87422,4740,4546,99,4645,49
2021-08-03,Merced,047,269075,32558,32197,1092,33289,476
2021-08-03,Modoc,049,8938,430,416,149,565,5
2021-08-03,Mono,051,14174,1306,1303,15,1318,3
2021-08-03,Monterey,053,433212,44196,43872,2097,45969,525
2021-08-03,Napa,055,140530,10724,10527,61,10588,82
2021-08-03,Nevada,057,99092,6031,5685,214,5899,73
2021-08-03,Orange,059,3164182,271594,266649,12503,279152,5146
2021-08-03,Placer,061,380077,26550,25624,2049,27673,305
2021-08-03,Plumas,063,18699,795,779,14,793,5
2021-08-03,Riverside,065,2383286,308372,303499,14810,318309,4562
2021-08-03,Sacramento,067,1510023,120543,117591,2329,119920,1732
2021-08-03,San Benito,069,59416,6346,6284,119,6403,63
2021-08-03,San Bernardino,071,2135413,307731,303386,9607,312993,5265
2021-08-03,San Diego,073,3302833,304953,300189,17387,317576,3803
2021-08-03,San Francisco,075,870044,43245,41758,1716,43474,562
2021-08-03,San Joaquin,077,732212,79028,77615,4100,81715,1461
2021-08-03,San Luis Obispo,079,281455,22617,22166,844,23010,264
2021-08-03,San Mateo,081,765935,46126,45255,683,45938,548
2021-08-03,Santa Barbara,083,443738,36921,35912,1318,37230,469
2021-08-03,Santa Clara,085,1922200,126074,123914,900,124814,2183
2021-08-03,Santa Cruz,087,273765,17118,16778,874,17652,207
2021-08-03,Shasta,089,179085,13463,13091,1832,14923,211
2021-08-03,Sierra,091,2930,77,72,13,85,0
2021-08-03,Siskiyou,093,43540,2109,1998,469,2467,32
2021-08-03,Solano,095,438530,37032,35953,791,36744,261
2021-08-03,Sonoma,097,501317,34167,33243,407,33650,330
2021-08-03,Stanislaus,099,539301,60571,59282,6547,65829,1037
2021-08-03,Sutter,101,95872,10488,10263,112,10375,127
2021-08-03,Tehama,103,63373,5368,5269,643,5912,66
2021-08-03,Trinity,105,12862,494,361,110,471,3
2021-08-03,Tulare,107,460477,51659,50729,10122,60851,854
2021-08-03,Tuolumne,109,53932,4743,4563,43,4606,64
2021-08-03,Ventura,111,848112,85623,84270,3607,87877,1046
2021-08-03,Yolo,113,214977,15514,15149,555,15704,215
2021-08-03,Yuba,115,75493,6951,6781,158,6939,50
2021-08-02,Alameda,001,1643700,99159,96954,2300,99254,1270
2021-08-02,Alpine,003,1148,91,91,0,91,0
2021-08-02,Amador,005,37829,4051,3927,34,3961,48
2021-08-02,Butte,007,227075,13746,13442,2114,15556,205
2021-08-02,Calaveras,009,45235,2382,2347,16,2363,57
2021-08-02,Colusa,011,21464,2068,2019,362,2381,16
2021-08-02,Contra Costa,013,1133247,79297,77516,1568,79084,836
2021-08-02,Del Norte,015,27424,1797,1653,15,1668,8
2021-08-02,El Dorado,017,186661,11566,11226,912,12138,116
2021-08-02,Fresno,019,978130,107401,105471,9364,114835,1744
2021-08-02,Glenn,021,27897,2525,2477,606,3083,20
2021-08-02,Humboldt,023,135768,5480,5161,87,5248,52
2021-08-02,Imperial,025,180216,29487,29302,2849,32151,743
2021-08-02,Inyo,027,18085,1469,1455,28,1483,38
2021-08-02,Kern,029,883053,101026,99556,12412,111968,1357
2021-08-02,Kings,031,150075,24184,23722,1240,24962,249
2021-08-02,Lake,033,64148,4571,4375,18,4393,66
2021-08-02,Lassen,035,31185,5381,5338,126,5464,21
2021-08-02,Los Angeles,037,10098052,1276150,1260807,46901,1307708,24705
2021-08-02,Madera,039,155013,17545,17158,1058,18216,245
2021-08-02,Marin,041,260295,15231,14859,306,15165,239
2021-08-02,Mariposa,043,17540,507,490,12,502,5
2021-08-02,Mendocino,045,87422,4700,4512,96,4608,49
2021-08-02,Merced,047,269075,32460,32163,1085,33248,474
2021-08-02,Modoc,049,8938,430,415,149,564,5
2021-08-02,Mono,051,14174,1301,1296,15,1311,3
2021-08-02,Monterey,053,433212,44138,43842,2087,45929,525
2021-08-02,Napa,055,140530,10681,10490,58,10548,82
2021-08-02,Nevada,057,99092,5960,5611,213,5824,73
2021-08-02,Orange,059,3164182,270678,266050,12457,278507,5146
2021-08-02,Placer,061,380077,26402,25516,2015,27531,306
2021-08-02,Plumas,063,18699,788,762,14,776,5
2021-08-02,Riverside,065,2383286,307435,302756,14795,317551,4562
2021-08-02,Sacramento,067,1510023,119848,117183,2308,119491,1728
2021-08-02,San Benito,069,59416,6327,6276,118,6394,63
2021-08-02,San Bernardino,071,2135413,306853,303000,9574,312574,5253
2021-08-02,San Diego,073,3302833,303458,299021,17317,316338,3798
2021-08-02,San Francisco,075,870044,42954,41553,1689,43242,562
2021-08-02,San Joaquin,077,732212,78686,77447,4073,81520,1461
2021-08-02,San Luis Obispo,079,281455,22523,22093,838,22931,261
2021-08-02,San Mateo,081,765935,45961,45154,660,45814,548
2021-08-02,Santa Barbara,083,443738,36783,35851,1312,37163,469
2021-08-02,Santa Clara,085,1922200,125604,123655,892,124547,2183
2021-08-02,Santa Cruz,087,273765,17061,16746,870,17616,207
2021-08-02,Shasta,089,179085,13399,13049,1818,14867,212
2021-08-02,Sierra,091,2930,77,71,13,84,0
2021-08-02,Siskiyou,093,43540,2098,1992,455,2447,31
2021-08-02,Solano,095,438530,36783,35852,780,36632,260
2021-08-02,Sonoma,097,501317,33940,33132,402,33534,330
2021-08-02,Stanislaus,099,539301,60338,59160,6519,65679,1037
2021-08-02,Sutter,101,95872,10442,10220,112,10332,127
2021-08-02,Tehama,103,63373,5344,5260,639,5899,66
2021-08-02,Trinity,105,12862,489,359,109,468,3
2021-08-02,Tulare,107,460477,51558,50640,10048,60688,854
2021-08-02,Tuolumne,109,53932,4677,4524,43,4567,64
2021-08-02,Ventura,111,848112,85438,84143,3584,87727,1044
2021-08-02,Yolo,113,214977,15415,15072,536,15608,215
2021-08-02,Yuba,115,75493,6909,6743,155,6898,50
2021-08-01,Alameda,001,1643700,98623,96775,2295,99070,1270
2021-08-01,Alpine,003,1148,91,91,0,91,0
2021-08-01,Amador,005,37829,4013,3923,34,3957,48
2021-08-01,Butte,007,227075,13665,13406,2097,15503,205
2021-08-01,Calaveras,009,45235,2357,2341,16,2357,57
2021-08-01,Colusa,011,21464,2057,2014,360,2374,16
2021-08-01,Contra Costa,013,1133247,78861,77360,1560,78920,836
2021-08-01,Del Norte,015,27424,1765,1642,15,1657,8
2021-08-01,El Dorado,017,186661,11465,11189,902,12091,116
2021-08-01,Fresno,019,978130,107075,105339,9318,114657,1744
2021-08-01,Glenn,021,27897,2519,2476,604,3080,20
2021-08-01,Humboldt,023,135768,5404,5118,83,5201,52
2021-08-01,Imperial,025,180216,29452,29297,2845,32142,743
2021-08-01,Inyo,027,18085,1467,1454,28,1482,38
2021-08-01,Kern,029,883053,100749,99396,12337,111733,1357
2021-08-01,Kings,031,150075,24095,23700,1235,24935,249
2021-08-01,Lake,033,64148,4492,4356,18,4374,66
2021-08-01,Lassen,035,31185,5368,5336,124,5460,21
2021-08-01,Los Angeles,037,10098052,1272471,1258461,46679,1305140,24700
2021-08-01,Madera,039,155013,17488,17146,1053,18199,245
2021-08-01,Marin,041,260295,15154,14844,305,15149,239
2021-08-01,Mariposa,043,17540,500,482,12,494,5
2021-08-01,Mendocino,045,87422,4654,4476,92,4568,49
2021-08-01,Merced,047,269075,32370,32144,1079,33223,474
2021-08-01,Modoc,049,8938,428,413,149,562,5
2021-08-01,Mono,051,14174,1298,1294,15,1309,3
2021-08-01,Monterey,053,433212,44092,43808,2072,45880,525
2021-08-01,Napa,055,140530,10633,10473,56,10529,82
2021-08-01,Nevada,057,99092,5875,5561,212,5773,73
2021-08-01,Orange,059,3164182,269874,265467,12414,277881,5146
2021-08-01,Placer,061,380077,26187,25464,1985,27449,306
2021-08-01,Plumas,063,18699,782,761,14,775,5
2021-08-01,Riverside,065,2383286,306504,302256,14777,317033,4562
2021-08-01,Sacramento,067,1510023,119113,116923,2291,119214,1727
2021-08-01,San Benito,069,59416,6310,6271,118,6389,63
2021-08-01,San Bernardino,071,2135413,305919,302542,9563,312105,5248
2021-08-01,San Diego,073,3302833,302264,298002,17258,315260,3798
2021-08-01,San Francisco,075,870044,42616,41432,1675,43107,562
2021-08-01,San Joaquin,077,732212,78319,77338,4046,81384,1461
2021-08-01,San Luis Obispo,079,281455,22421,22083,833,22916,261
2021-08-01,San Mateo,081,765935,45789,45036,644,45680,548
2021-08-01,Santa Barbara,083,443738,36663,35809,1308,37117,469
2021-08-01,Santa Clara,085,1922200,125194,123511,883,124394,2183
2021-08-01,Santa Cruz,087,273765,16982,16709,863,17572,207
2021-08-01,Shasta,089,179085,13328,13036,1809,14845,212
2021-08-01,Sierra,091,2930,75,71,13,84,0
2021-08-01,Siskiyou,093,43540,2092,1989,449,2438,31
2021-08-01,Solano,095,438530,36548,35800,772,36572,260
2021-08-01,Sonoma,097,501317,33748,33076,399,33475,330
2021-08-01,Stanislaus,099,539301,60097,59078,6486,65564,1037
2021-08-01,Sutter,101,95872,10387,10198,109,10307,127
2021-08-01,Tehama,103,63373,5328,5252,634,5886,66
2021-08-01,Trinity,105,12862,486,359,108,467,3
2021-08-01,Tulare,107,460477,51401,50600,9985,60585,854
2021-08-01,Tuolumne,109,53932,4639,4489,43,4532,64
2021-08-01,Ventura,111,848112,85208,84040,3569,87609,1044
2021-08-01,Yolo,113,214977,15343,15042,527,15569,215
2021-08-01,Yuba,115,75493,6871,6721,154,6875,50
2021-07-31,Alameda,001,1643700,98303,95279,2289,97568,1265
2021-07-31,Alpine,003,1148,91,89,0,89,0
2021-07-31,Amador,005,37829,3993,3877,34,3911,48
2021-07-31,Butte,007,227075,13632,13235,2077,15312,205
2021-07-31,Calaveras,009,45235,2350,2294,16,2310,57
2021-07-31,Colusa,011,21464,2051,2006,358,2364,16
2021-07-31,Contra Costa,013,1133247,78582,75866,1558,77424,832
2021-07-31,Del Norte,015,27424,1739,1576,15,1591,8
2021-07-31,El Dorado,017,186661,11412,11017,896,11913,116
2021-07-31,Fresno,019,978130,106916,104639,9303,113942,1744
2021-07-31,Glenn,021,27897,2514,2465,599,3064,20
2021-07-31,Humboldt,023,135768,5349,4978,82,5060,52
2021-07-31,Imperial,025,180216,29435,29164,2842,32006,743
2021-07-31,Inyo,027,18085,1464,1442,28,1470,38
2021-07-31,Kern,029,883053,100585,98903,12277,111180,1357
2021-07-31,Kings,031,150075,24043,23548,1230,24778,248
2021-07-31,Lake,033,64148,4468,4238,17,4255,66
2021-07-31,Lassen,035,31185,5362,5320,124,5444,21
2021-07-31,Los Angeles,037,10098052,1270286,1248545,46530,1295075,24691
2021-07-31,Madera,039,155013,17455,17058,1047,18105,245
2021-07-31,Marin,041,260295,15110,14701,304,15005,239
2021-07-31,Mariposa,043,17540,491,470,12,482,5
2021-07-31,Mendocino,045,87422,4629,4400,89,4489,49
2021-07-31,Merced,047,269075,32322,31959,1074,33033,474
2021-07-31,Modoc,049,8938,428,413,149,562,5
2021-07-31,Mono,051,14174,1297,1287,15,1302,3
2021-07-31,Monterey,053,433212,44054,43720,2063,45783,525
2021-07-31,Napa,055,140530,10613,10401,55,10456,82
2021-07-31,Nevada,057,99092,5836,5373,211,5584,72
2021-07-31,Orange,059,3164182,269300,263446,12395,275841,5144
2021-07-31,Placer,061,380077,26054,25104,1978,27082,306
2021-07-31,Plumas,063,18699,779,743,14,757,5
2021-07-31,Riverside,065,2383286,305888,300315,14768,315083,4554
2021-07-31,Sacramento,067,1510023,118701,115259,2285,117544,1720
2021-07-31,San Benito,069,59416,6299,6251,118,6369,63
2021-07-31,San Bernardino,071,2135413,305349,300726,9560,310286,5240
2021-07-31,San Diego,073,3302833,301585,295054,17223,312277,3798
2021-07-31,San Francisco,075,870044,42397,40412,1649,42061,562
2021-07-31,San Joaquin,077,732212,78154,76575,4033,80608,1443
2021-07-31,San Luis Obispo,079,281455,22367,21922,831,22753,260
2021-07-31,San Mateo,081,765935,45639,44622,632,45254,548
2021-07-31,Santa Barbara,083,443738,36582,35531,1307,36838,467
2021-07-31,Santa Clara,085,1922200,124939,122614,881,123495,2099
2021-07-31,Santa Cruz,087,273765,16943,16576,862,17438,207
2021-07-31,Shasta,089,179085,13292,12918,1801,14719,212
2021-07-31,Sierra,091,2930,75,68,13,81,0
2021-07-31,Siskiyou,093,43540,2083,1976,443,2419,31
2021-07-31,Solano,095,438530,36447,35340,765,36105,263
2021-07-31,Sonoma,097,501317,33623,32601,399,33000,329
2021-07-31,Stanislaus,099,539301,59935,58586,6463,65049,1035
2021-07-31,Sutter,101,95872,10352,10068,108,10176,127
2021-07-31,Tehama,103,63373,5313,5216,631,5847,66
2021-07-31,Trinity,105,12862,485,354,107,461,3
2021-07-31,Tulare,107,460477,51312,50409,9932,60341,854
2021-07-31,Tuolumne,109,53932,4600,4362,43,4405,64
2021-07-31,Ventura,111,848112,85047,83509,3552,87061,1044
2021-07-31,Yolo,113,214977,15295,14863,516,15379,215
2021-07-31,Yuba,115,75493,6848,6615,150,6765,50
2021-07-30,Alameda,001,1643700,97971,95279,2285,97564,1265
2021-07-30,Alpine,003,1148,91,89,0,89,0
2021-07-30,Amador,005,37829,3970,3877,34,3911,48
2021-07-30,Butte,007,227075,13577,13235,2064,15299,205
2021-07-30,Calaveras,009,45235,2345,2294,16,2310,57
2021-07-30,Colusa,011,21464,2047,2006,356,2362,16
2021-07-30,Contra Costa,013,1133247,78340,75866,1554,77420,832
2021-07-30,Del Norte,015,27424,1721,1576,15,1591,8
2021-07-30,El Dorado,017,186661,11379,11017,890,11907,116
2021-07-30,Fresno,019,978130,106721,104639,9291,113930,1744
2021-07-30,Glenn,021,27897,2509,2465,598,3063,20
2021-07-30,Humboldt,023,135768,5285,4978,79,5057,52
2021-07-30,Imperial,025,180216,29421,29164,2839,32003,743
2021-07-30,Inyo,027,18085,1463,1442,28,1470,38
2021-07-30,Kern,029,883053,100461,98903,12229,111132,1357
2021-07-30,Kings,031,150075,24002,23548,1226,24774,248
2021-07-30,Lake,033,64148,4440,4238,17,4255,66
2021-07-30,Lassen,035,31185,5358,5320,124,5444,21
2021-07-30,Los Angeles,037,10098052,1267969,1248545,46378,1294923,24691
2021-07-30,Madera,039,155013,17413,17058,1044,18102,245
2021-07-30,Marin,041,260295,15076,14701,304,15005,239
2021-07-30,Mariposa,043,17540,488,470,12,482,5
2021-07-30,Mendocino,045,87422,4599,4400,88,4488,49
2021-07-30,Merced,047,269075,32281,31959,1069,33028,474
2021-07-30,Modoc,049,8938,426,413,149,562,5
2021-07-30,Mono,051,14174,1291,1287,15,1302,3
2021-07-30,Monterey,053,433212,44021,43720,2053,45773,525
2021-07-30,Napa,055,140530,10591,10401,54,10455,82
2021-07-30,Nevada,057,99092,5779,5373,211,5584,72
2021-07-30,Orange,059,3164182,268669,263446,12369,275815,5144
2021-07-30,Placer,061,380077,25965,25104,1960,27064,306
2021-07-30,Plumas,063,18699,774,743,14,757,5
2021-07-30,Riverside,065,2383286,305251,300315,14758,315073,4554
2021-07-30,Sacramento,067,1510023,118250,115259,2281,117540,1720
2021-07-30,San Benito,069,59416,6292,6251,118,6369,63
2021-07-30,San Bernardino,071,2135413,304837,300726,9554,310280,5240
2021-07-30,San Diego,073,3302833,300812,295054,17165,312219,3798
2021-07-30,San Francisco,075,870044,42184,40412,1633,42045,562
2021-07-30,San Joaquin,077,732212,78001,76575,4027,80602,1443
2021-07-30,San Luis Obispo,079,281455,22329,21922,827,22749,260
2021-07-30,San Mateo,081,765935,45517,44622,616,45238,548
2021-07-30,Santa Barbara,083,443738,36513,35531,1301,36832,467
2021-07-30,Santa Clara,085,1922200,124715,122614,879,123493,2099
2021-07-30,Santa Cruz,087,273765,16917,16576,860,17436,207
2021-07-30,Shasta,089,179085,13245,12918,1801,14719,212
2021-07-30,Sierra,091,2930,74,68,13,81,0
2021-07-30,Siskiyou,093,43540,2074,1976,442,2418,31
2021-07-30,Solano,095,438530,36356,35340,749,36089,263
2021-07-30,Sonoma,097,501317,33529,32601,399,33000,329
2021-07-30,Stanislaus,099,539301,59790,58586,6443,65029,1035
2021-07-30,Sutter,101,95872,10316,10068,108,10176,127
2021-07-30,Tehama,103,63373,5302,5216,631,5847,66
2021-07-30,Trinity,105,12862,485,354,107,461,3
2021-07-30,Tulare,107,460477,51269,50409,9895,60304,854
2021-07-30,Tuolumne,109,53932,4582,4362,43,4405,64
2021-07-30,Ventura,111,848112,84883,83509,3537,87046,1044
2021-07-30,Yolo,113,214977,15234,14863,512,15375,215
2021-07-30,Yuba,115,75493,6812,6615,149,6764,50
2021-07-29,Alameda,001,1643700,97545,95279,2279,97558,1265
2021-07-29,Alpine,003,1148,91,89,0,89,0
2021-07-29,Amador,005,37829,3951,3877,34,3911,48
2021-07-29,Butte,007,227075,13529,13235,2056,15291,205
2021-07-29,Calaveras,009,45235,2325,2294,16,2310,57
2021-07-29,Colusa,011,21464,2040,2006,356,2362,16
2021-07-29,Contra Costa,013,1133247,77902,75866,1550,77416,832
2021-07-29,Del Norte,015,27424,1697,1576,15,1591,8
2021-07-29,El Dorado,017,186661,11315,11017,878,11895,116
2021-07-29,Fresno,019,978130,106459,104639,9264,113903,1744
2021-07-29,Glenn,021,27897,2499,2465,597,3062,20
2021-07-29,Humboldt,023,135768,5224,4978,77,5055,52
2021-07-29,Imperial,025,180216,29375,29164,2837,32001,743
2021-07-29,Inyo,027,18085,1459,1442,27,1469,38
2021-07-29,Kern,029,883053,100254,98903,12151,111054,1357
2021-07-29,Kings,031,150075,23958,23548,1221,24769,248
2021-07-29,Lake,033,64148,4405,4238,17,4255,66
2021-07-29,Lassen,035,31185,5350,5320,121,5441,21
2021-07-29,Los Angeles,037,10098052,1264888,1248545,46195,1294740,24691
2021-07-29,Madera,039,155013,17367,17058,1040,18098,245
2021-07-29,Marin,041,260295,15033,14701,304,15005,239
2021-07-29,Mariposa,043,17540,484,470,12,482,5
2021-07-29,Mendocino,045,87422,4576,4400,86,4486,49
2021-07-29,Merced,047,269075,32226,31959,1069,33028,474
2021-07-29,Modoc,049,8938,426,413,149,562,5
2021-07-29,Mono,051,14174,1290,1287,15,1302,3
2021-07-29,Monterey,053,433212,43972,43720,2042,45762,525
2021-07-29,Napa,055,140530,10559,10401,52,10453,82
2021-07-29,Nevada,057,99092,5727,5373,210,5583,72
2021-07-29,Orange,059,3164182,267960,263446,12337,275783,5144
2021-07-29,Placer,061,380077,25842,25104,1945,27049,306
2021-07-29,Plumas,063,18699,766,743,14,757,5
2021-07-29,Riverside,065,2383286,304546,300315,14735,315050,4554
2021-07-29,Sacramento,067,1510023,117694,115259,2268,117527,1720
2021-07-29,San Benito,069,59416,6281,6251,118,6369,63
2021-07-29,San Bernardino,071,2135413,304201,300726,9544,310270,5240
2021-07-29,San Diego,073,3302833,299750,295054,17105,312159,3798
2021-07-29,San Francisco,075,870044,41939,40412,1610,42022,562
2021-07-29,San Joaquin,077,732212,77746,76575,4019,80594,1443
2021-07-29,San Luis Obispo,079,281455,22276,21922,825,22747,260
2021-07-29,San Mateo,081,765935,45390,44622,606,45228,548
2021-07-29,Santa Barbara,083,443738,36429,35531,1300,36831,467
2021-07-29,Santa Clara,085,1922200,124418,122614,876,123490,2099
2021-07-29,Santa Cruz,087,273765,16864,16576,858,17434,207
2021-07-29,Shasta,089,179085,13191,12918,1792,14710,212
2021-07-29,Sierra,091,2930,74,68,13,81,0
2021-07-29,Siskiyou,093,43540,2069,1976,440,2416,31
2021-07-29,Solano,095,438530,36197,35340,739,36079,263
2021-07-29,Sonoma,097,501317,33354,32601,397,32998,329
2021-07-29,Stanislaus,099,539301,59617,58586,6426,65012,1035
2021-07-29,Sutter,101,95872,10270,10068,107,10175,127
2021-07-29,Tehama,103,63373,5290,5216,625,5841,66
2021-07-29,Trinity,105,12862,483,354,106,460,3
2021-07-29,Tulare,107,460477,51179,50409,9854,60263,854
2021-07-29,Tuolumne,109,53932,4544,4362,42,4404,64
2021-07-29,Ventura,111,848112,84716,83509,3530,87039,1044
2021-07-29,Yolo,113,214977,15166,14863,498,15361,215
2021-07-29,Yuba,115,75493,6764,6615,146,6761,50
2021-07-28,Alameda,001,1643700,97084,94965,2272,97237,1262
2021-07-28,Alpine,003,1148,91,89,0,89,0
2021-07-28,Amador,005,37829,3937,3870,34,3904,48
2021-07-28,Butte,007,227075,13473,13184,2043,15227,205
2021-07-28,Calaveras,009,45235,2311,2289,16,2305,57
2021-07-28,Colusa,011,21464,2036,2001,355,2356,16
2021-07-28,Contra Costa,013,1133247,77418,75487,1542,77029,832
2021-07-28,Del Norte,015,27424,1664,1545,15,1560,8
2021-07-28,El Dorado,017,186661,11266,10967,868,11835,116
2021-07-28,Fresno,019,978130,106213,104458,9244,113702,1744
2021-07-28,Glenn,021,27897,2495,2464,594,3058,20
2021-07-28,Humboldt,023,135768,5173,4946,76,5022,52
2021-07-28,Imperial,025,180216,29328,29096,2837,31933,743
2021-07-28,Inyo,027,18085,1453,1439,26,1465,38
2021-07-28,Kern,029,883053,100097,98781,12104,110885,1352
2021-07-28,Kings,031,150075,23894,23503,1211,24714,248
2021-07-28,Lake,033,64148,4359,4191,15,4206,65
2021-07-28,Lassen,035,31185,5342,5318,121,5439,21
2021-07-28,Los Angeles,037,10098052,1261733,1245485,46024,1291509,24673
2021-07-28,Madera,039,155013,17326,17024,1034,18058,245
2021-07-28,Marin,041,260295,14978,14652,304,14956,239
2021-07-28,Mariposa,043,17540,477,469,12,481,5
2021-07-28,Mendocino,045,87422,4548,4377,86,4463,49
2021-07-28,Merced,047,269075,32162,31886,1065,32951,474
2021-07-28,Modoc,049,8938,424,413,149,562,5
2021-07-28,Mono,051,14174,1289,1286,15,1301,3
2021-07-28,Monterey,053,433212,43925,43668,2032,45700,524
2021-07-28,Napa,055,140530,10519,10376,50,10426,82
2021-07-28,Nevada,057,99092,5672,5320,210,5530,72
2021-07-28,Orange,059,3164182,267170,262735,12307,275042,5143
2021-07-28,Placer,061,380077,25694,24978,1929,26907,306
2021-07-28,Plumas,063,18699,761,754,14,768,5
2021-07-28,Riverside,065,2383286,303777,299611,14716,314327,4554
2021-07-28,Sacramento,067,1510023,117043,114665,2247,116912,1714
2021-07-28,San Benito,069,59416,6270,6236,118,6354,63
2021-07-28,San Bernardino,071,2135413,303572,300121,9532,309653,5236
2021-07-28,San Diego,073,3302833,298466,294176,17040,311216,3798
2021-07-28,San Francisco,075,870044,41606,40144,1583,41727,561
2021-07-28,San Joaquin,077,732212,77496,76312,3989,80301,1443
2021-07-28,San Luis Obispo,079,281455,22217,21865,824,22689,260
2021-07-28,San Mateo,081,765935,45241,44477,596,45073,547
2021-07-28,Santa Barbara,083,443738,36353,35431,1295,36726,467
2021-07-28,Santa Clara,085,1922200,124157,122345,874,123219,2099
2021-07-28,Santa Cruz,087,273765,16826,16551,857,17408,207
2021-07-28,Shasta,089,179085,13147,12882,1781,14663,212
2021-07-28,Sierra,091,2930,70,67,13,80,0
2021-07-28,Siskiyou,093,43540,2060,1971,437,2408,31
2021-07-28,Solano,095,438530,36023,35204,732,35936,262
2021-07-28,Sonoma,097,501317,33211,32434,394,32828,328
2021-07-28,Stanislaus,099,539301,59418,58427,6410,64837,1035
2021-07-28,Sutter,101,95872,10238,10033,106,10139,126
2021-07-28,Tehama,103,63373,5278,5209,622,5831,66
2021-07-28,Trinity,105,12862,482,352,106,458,3
2021-07-28,Tulare,107,460477,51090,50363,9806,60169,854
2021-07-28,Tuolumne,109,53932,4505,4313,42,4355,64
2021-07-28,Ventura,111,848112,84520,83360,3514,86874,1043
2021-07-28,Yolo,113,214977,15094,14801,491,15292,215
2021-07-28,Yuba,115,75493,6731,6591,145,6736,51
2021-07-27,Alameda,001,1643700,96679,94682,2263,96945,1256
2021-07-27,Alpine,003,1148,91,89,0,89,0
2021-07-27,Amador,005,37829,3921,3861,34,3895,48
2021-07-27,Butte,007,227075,13424,13127,2032,15159,205
2021-07-27,Calaveras,009,45235,2299,2280,16,2296,57
2021-07-27,Colusa,011,21464,2028,1999,354,2353,16
2021-07-27,Contra Costa,013,1133247,76929,75227,1538,76765,830
2021-07-27,Del Norte,015,27424,1644,1538,15,1553,8
2021-07-27,El Dorado,017,186661,11206,10941,858,11799,116
2021-07-27,Fresno,019,978130,105921,104288,9220,113508,1746
2021-07-27,Glenn,021,27897,2487,2460,592,3052,20
2021-07-27,Humboldt,023,135768,5119,4925,75,5000,52
2021-07-27,Imperial,025,180216,29283,29048,2836,31884,743
2021-07-27,Inyo,027,18085,1451,1430,26,1456,38
2021-07-27,Kern,029,883053,99927,98724,12048,110772,1352
2021-07-27,Kings,031,150075,23837,23463,1201,24664,248
2021-07-27,Lake,033,64148,4320,4157,15,4172,65
2021-07-27,Lassen,035,31185,5336,5315,121,5436,21
2021-07-27,Los Angeles,037,10098052,1258300,1243336,45854,1289190,24658
2021-07-27,Madera,039,155013,17273,16998,1029,18027,245
2021-07-27,Marin,041,260295,14930,14631,301,14932,239
2021-07-27,Mariposa,043,17540,474,468,12,480,5
2021-07-27,Mendocino,045,87422,4524,4371,86,4457,49
2021-07-27,Merced,047,269075,32096,31825,1061,32886,473
2021-07-27,Modoc,049,8938,423,413,149,562,5
2021-07-27,Mono,051,14174,1285,1288,15,1303,3
2021-07-27,Monterey,053,433212,43885,43646,2021,45667,523
2021-07-27,Napa,055,140530,10489,10354,50,10404,82
2021-07-27,Nevada,057,99092,5595,5305,208,5513,72
2021-07-27,Orange,059,3164182,266430,262193,12281,274474,5143
2021-07-27,Placer,061,380077,25535,24916,1903,26819,306
2021-07-27,Plumas,063,18699,758,752,14,766,5
2021-07-27,Riverside,065,2383286,303046,299160,14697,313857,4554
2021-07-27,Sacramento,067,1510023,116440,114413,2238,116651,1710
2021-07-27,San Benito,069,59416,6261,6229,118,6347,63
2021-07-27,San Bernardino,071,2135413,302866,299593,9510,309103,5236
2021-07-27,San Diego,073,3302833,297375,293408,16967,310375,3798
2021-07-27,San Francisco,075,870044,41248,39939,1564,41503,561
2021-07-27,San Joaquin,077,732212,77235,76166,3968,80134,1442
2021-07-27,San Luis Obispo,079,281455,22162,21803,815,22618,260
2021-07-27,San Mateo,081,765935,45089,44378,592,44970,547
2021-07-27,Santa Barbara,083,443738,36255,35355,1293,36648,467
2021-07-27,Santa Clara,085,1922200,123863,122154,872,123026,2099
2021-07-27,Santa Cruz,087,273765,16780,16523,856,17379,207
2021-07-27,Shasta,089,179085,13096,12846,1768,14614,212
2021-07-27,Sierra,091,2930,70,65,13,78,0
2021-07-27,Siskiyou,093,43540,2055,1964,434,2398,31
2021-07-27,Solano,095,438530,35891,35093,722,35815,261
2021-07-27,Sonoma,097,501317,33065,32367,392,32759,328
2021-07-27,Stanislaus,099,539301,59246,58333,6384,64717,1033
2021-07-27,Sutter,101,95872,10197,9998,106,10104,115
2021-07-27,Tehama,103,63373,5257,5192,620,5812,66
2021-07-27,Trinity,105,12862,481,351,106,457,3
2021-07-27,Tulare,107,460477,51023,50324,9775,60099,854
2021-07-27,Tuolumne,109,53932,4453,4282,42,4324,64
2021-07-27,Ventura,111,848112,84312,83189,3502,86691,1043
2021-07-27,Yolo,113,214977,15020,14759,485,15244,215
2021-07-27,Yuba,115,75493,6709,6564,143,6707,51
2021-07-26,Alameda,001,1643700,96227,94436,2255,96691,1259
2021-07-26,Alpine,003,1148,91,89,0,89,0
2021-07-26,Amador,005,37829,3911,3854,34,3888,48
2021-07-26,Butte,007,227075,13370,13082,2020,15102,203
2021-07-26,Calaveras,009,45235,2294,2276,16,2292,57
2021-07-26,Colusa,011,21464,2021,1996,352,2348,16
2021-07-26,Contra Costa,013,1133247,76429,74854,1531,76385,830
2021-07-26,Del Norte,015,27424,1623,1530,15,1545,8
2021-07-26,El Dorado,017,186661,11142,10899,855,11754,116
2021-07-26,Fresno,019,978130,105718,104143,9197,113340,1742
2021-07-26,Glenn,021,27897,2485,2461,591,3052,20
2021-07-26,Humboldt,023,135768,5080,4906,73,4979,52
2021-07-26,Imperial,025,180216,29243,29034,2836,31870,743
2021-07-26,Inyo,027,18085,1446,1429,26,1455,38
2021-07-26,Kern,029,883053,99761,98633,11983,110616,1351
2021-07-26,Kings,031,150075,23789,23426,1197,24623,247
2021-07-26,Lake,033,64148,4299,4133,15,4148,65
2021-07-26,Lassen,035,31185,5332,5314,121,5435,21
2021-07-26,Los Angeles,037,10098052,1254986,1241527,45686,1287213,24647
2021-07-26,Madera,039,155013,17246,16971,1020,17991,245
2021-07-26,Marin,041,260295,14873,14579,300,14879,239
2021-07-26,Mariposa,043,17540,473,467,12,479,5
2021-07-26,Mendocino,045,87422,4504,4354,86,4440,49
2021-07-26,Merced,047,269075,32012,31774,1057,32831,473
2021-07-26,Modoc,049,8938,423,413,149,562,5
2021-07-26,Mono,051,14174,1283,1286,15,1301,3
2021-07-26,Monterey,053,433212,43843,43595,2007,45602,521
2021-07-26,Napa,055,140530,10466,10332,50,10382,82
2021-07-26,Nevada,057,99092,5508,5280,208,5488,72
2021-07-26,Orange,059,3164182,265796,261803,12260,274063,5142
2021-07-26,Placer,061,380077,25400,24842,1882,26724,304
2021-07-26,Plumas,063,18699,754,750,14,764,5
2021-07-26,Riverside,065,2383286,302352,298626,14683,313309,4553
2021-07-26,Sacramento,067,1510023,115840,113986,2222,116208,1705
2021-07-26,San Benito,069,59416,6255,6222,118,6340,63
2021-07-26,San Bernardino,071,2135413,302254,299238,9497,308735,5237
2021-07-26,San Diego,073,3302833,296261,292688,16894,309582,3793
2021-07-26,San Francisco,075,870044,40895,39800,1535,41335,561
2021-07-26,San Joaquin,077,732212,77000,76033,3964,79997,1440
2021-07-26,San Luis Obispo,079,281455,22113,21752,812,22564,260
2021-07-26,San Mateo,081,765935,44942,44297,581,44878,547
2021-07-26,Santa Barbara,083,443738,36184,35311,1281,36592,467
2021-07-26,Santa Clara,085,1922200,123554,121978,863,122841,2099
2021-07-26,Santa Cruz,087,273765,16741,16493,853,17346,207
2021-07-26,Shasta,089,179085,13047,12819,1755,14574,211
2021-07-26,Sierra,091,2930,69,65,13,78,0
2021-07-26,Siskiyou,093,43540,2052,1962,432,2394,31
2021-07-26,Solano,095,438530,35736,34990,714,35704,259
2021-07-26,Sonoma,097,501317,32930,32283,390,32673,328
2021-07-26,Stanislaus,099,539301,59100,58219,6365,64584,1033
2021-07-26,Sutter,101,95872,10157,9963,103,10066,115
2021-07-26,Tehama,103,63373,5247,5183,616,5799,66
2021-07-26,Trinity,105,12862,481,351,105,456,3
2021-07-26,Tulare,107,460477,50959,50265,9742,60007,854
2021-07-26,Tuolumne,109,53932,4423,4271,42,4313,64
2021-07-26,Ventura,111,848112,84139,83072,3487,86559,1041
2021-07-26,Yolo,113,214977,14960,14727,472,15199,215
2021-07-26,Yuba,115,75493,6675,6538,141,6679,51
2021-07-25,Alameda,001,1643700,95739,94146,2249,96395,1259
2021-07-25,Alpine,003,1148,89,89,0,89,0
2021-07-25,Amador,005,37829,3896,3848,34,3882,48
2021-07-25,Butte,007,227075,13331,13074,2010,15084,203
2021-07-25,Calaveras,009,45235,2283,2275,16,2291,57
2021-07-25,Colusa,011,21464,2012,1996,348,2344,16
2021-07-25,Contra Costa,013,1133247,75944,74634,1517,76151,830
2021-07-25,Del Norte,015,27424,1602,1526,15,1541,8
2021-07-25,El Dorado,017,186661,11084,10878,852,11730,116
2021-07-25,Fresno,019,978130,105477,104019,9181,113200,1742
2021-07-25,Glenn,021,27897,2476,2461,589,3050,20
2021-07-25,Humboldt,023,135768,5021,4892,71,4963,52
2021-07-25,Imperial,025,180216,29207,29037,2836,31873,743
2021-07-25,Inyo,027,18085,1441,1427,26,1453,38
2021-07-25,Kern,029,883053,99589,98503,11912,110415,1351
2021-07-25,Kings,031,150075,23736,23396,1193,24589,247
2021-07-25,Lake,033,64148,4246,4109,14,4123,65
2021-07-25,Lassen,035,31185,5328,5314,121,5435,21
2021-07-25,Los Angeles,037,10098052,1251594,1239596,45509,1285105,24643
2021-07-25,Madera,039,155013,17209,16947,1013,17960,245
2021-07-25,Marin,041,260295,14823,14558,297,14855,239
2021-07-25,Mariposa,043,17540,470,465,12,477,5
2021-07-25,Mendocino,045,87422,4474,4335,84,4419,49
2021-07-25,Merced,047,269075,31940,31760,1055,32815,473
2021-07-25,Modoc,049,8938,423,413,149,562,5
2021-07-25,Mono,051,14174,1281,1286,15,1301,3
2021-07-25,Monterey,053,433212,43804,43590,1999,45589,521
2021-07-25,Napa,055,140530,10429,10316,49,10365,82
2021-07-25,Nevada,057,99092,5443,5256,205,5461,72
2021-07-25,Orange,059,3164182,265088,261351,12237,273588,5142
2021-07-25,Placer,061,380077,25279,24755,1861,26616,304
2021-07-25,Plumas,063,18699,752,750,14,764,5
2021-07-25,Riverside,065,2383286,301585,298181,14667,312848,4553
2021-07-25,Sacramento,067,1510023,115292,113611,2206,115817,1704
2021-07-25,San Benito,069,59416,6248,6217,118,6335,63
2021-07-25,San Bernardino,071,2135413,301600,298982,9491,308473,5237
2021-07-25,San Diego,073,3302833,295187,290626,16826,307452,3793
2021-07-25,San Francisco,075,870044,40558,39663,1509,41172,561
2021-07-25,San Joaquin,077,732212,76745,75926,3945,79871,1440
2021-07-25,San Luis Obispo,079,281455,22040,21741,809,22550,260
2021-07-25,San Mateo,081,765935,44779,44189,575,44764,547
2021-07-25,Santa Barbara,083,443738,36107,35261,1278,36539,467
2021-07-25,Santa Clara,085,1922200,123223,121800,858,122658,2099
2021-07-25,Santa Cruz,087,273765,16694,16474,852,17326,207
2021-07-25,Shasta,089,179085,13000,12815,1750,14565,211
2021-07-25,Sierra,091,2930,69,65,13,78,0
2021-07-25,Siskiyou,093,43540,2044,1963,429,2392,31
2021-07-25,Solano,095,438530,35542,34863,711,35574,259
2021-07-25,Sonoma,097,501317,32805,32202,387,32589,328
2021-07-25,Stanislaus,099,539301,58933,58154,6360,64514,1033
2021-07-25,Sutter,101,95872,10103,9937,101,10038,115
2021-07-25,Tehama,103,63373,5231,5181,615,5796,66
2021-07-25,Trinity,105,12862,479,351,103,454,3
2021-07-25,Tulare,107,460477,50883,50221,9703,59924,854
2021-07-25,Tuolumne,109,53932,4371,4267,42,4309,64
2021-07-25,Ventura,111,848112,83925,82986,3465,86451,1041
2021-07-25,Yolo,113,214977,14899,14693,458,15151,215
2021-07-25,Yuba,115,75493,6642,6519,141,6660,51
2021-07-24,Alameda,001,1643700,95463,93170,2243,95413,1259
2021-07-24,Alpine,003,1148,89,89,0,89,0
2021-07-24,Amador,005,37829,3887,3816,34,3850,48
2021-07-24,Butte,007,227075,13302,12982,2008,14990,203
2021-07-24,Calaveras,009,45235,2279,2267,16,2283,57
2021-07-24,Colusa,011,21464,2011,1992,346,2338,16
2021-07-24,Contra Costa,013,1133247,75719,73682,1514,75196,830
2021-07-24,Del Norte,015,27424,1591,1497,15,1512,8
2021-07-24,El Dorado,017,186661,11050,10773,849,11622,116
2021-07-24,Fresno,019,978130,105359,103637,9172,112809,1736
2021-07-24,Glenn,021,27897,2475,2457,589,3046,20
2021-07-24,Humboldt,023,135768,4987,4780,70,4850,52
2021-07-24,Imperial,025,180216,29187,28996,2836,31832,742
2021-07-24,Inyo,027,18085,1438,1424,26,1450,38
2021-07-24,Kern,029,883053,99510,98261,11890,110151,1350
2021-07-24,Kings,031,150075,23705,23304,1190,24494,246
2021-07-24,Lake,033,64148,4223,3963,14,3977,64
2021-07-24,Lassen,035,31185,5327,5311,121,5432,21
2021-07-24,Los Angeles,037,10098052,1249830,1232164,45389,1277553,24623
2021-07-24,Madera,039,155013,17185,16885,1011,17896,245
2021-07-24,Marin,041,260295,14784,14454,297,14751,238
2021-07-24,Mariposa,043,17540,470,453,12,465,5
2021-07-24,Mendocino,045,87422,4449,4293,84,4377,49
2021-07-24,Merced,047,269075,31918,31661,1054,32715,473
2021-07-24,Modoc,049,8938,423,413,149,562,5
2021-07-24,Mono,051,14174,1279,1284,15,1299,3
2021-07-24,Monterey,053,433212,43779,43525,1992,45517,521
2021-07-24,Napa,055,140530,10413,10230,49,10279,81
2021-07-24,Nevada,057,99092,5410,5183,205,5388,72
2021-07-24,Orange,059,3164182,264622,259973,12224,272197,5141
2021-07-24,Placer,061,380077,25196,24530,1856,26386,303
2021-07-24,Plumas,063,18699,751,737,14,751,4
2021-07-24,Riverside,065,2383286,301117,296912,14657,311569,4552
2021-07-24,Sacramento,067,1510023,114975,112438,2201,114639,1698
2021-07-24,San Benito,069,59416,6244,6200,117,6317,63
2021-07-24,San Bernardino,071,2135413,301209,297899,9482,307381,5236
2021-07-24,San Diego,073,3302833,294720,289368,16799,306167,3788
2021-07-24,San Francisco,075,870044,40394,38954,1492,40446,561
2021-07-24,San Joaquin,077,732212,76618,75461,3934,79395,1436
2021-07-24,San Luis Obispo,079,281455,22009,21616,807,22423,260
2021-07-24,San Mateo,081,765935,44661,43880,569,44449,542
2021-07-24,Santa Barbara,083,443738,36048,35071,1274,36345,465
2021-07-24,Santa Clara,085,1922200,123011,121092,857,121949,2099
2021-07-24,Santa Cruz,087,273765,16672,16416,852,17268,207
2021-07-24,Shasta,089,179085,12972,12759,1747,14506,211
2021-07-24,Sierra,091,2930,68,64,13,77,0
2021-07-24,Siskiyou,093,43540,2044,1951,429,2380,31
2021-07-24,Solano,095,438530,35450,34499,702,35201,259
2021-07-24,Sonoma,097,501317,32681,31928,385,32313,327
2021-07-24,Stanislaus,099,539301,58840,57879,6350,64229,1030
2021-07-24,Sutter,101,95872,10076,9890,101,9991,115
2021-07-24,Tehama,103,63373,5224,5166,613,5779,65
2021-07-24,Trinity,105,12862,479,345,103,448,3
2021-07-24,Tulare,107,460477,50840,50104,9685,59789,854
2021-07-24,Tuolumne,109,53932,4345,4216,42,4258,64
2021-07-24,Ventura,111,848112,83798,82687,3448,86135,1041
2021-07-24,Yolo,113,214977,14862,14557,455,15012,214
2021-07-24,Yuba,115,75493,6623,6449,141,6590,51
2021-07-23,Alameda,001,1643700,95209,93170,2237,95407,1259
2021-07-23,Alpine,003,1148,89,89,0,89,0
2021-07-23,Amador,005,37829,3880,3816,34,3850,48
2021-07-23,Butte,007,227075,13273,12982,2000,14982,203
2021-07-23,Calaveras,009,45235,2277,2267,16,2283,57
2021-07-23,Colusa,011,21464,2010,1992,346,2338,16
2021-07-23,Contra Costa,013,1133247,75462,73682,1504,75186,830
2021-07-23,Del Norte,015,27424,1583,1497,15,1512,8
2021-07-23,El Dorado,017,186661,11021,10773,845,11618,116
2021-07-23,Fresno,019,978130,105228,103637,9163,112800,1736
2021-07-23,Glenn,021,27897,2473,2457,586,3043,20
2021-07-23,Humboldt,023,135768,4966,4780,68,4848,52
2021-07-23,Imperial,025,180216,29175,28996,2836,31832,742
2021-07-23,Inyo,027,18085,1435,1424,26,1450,38
2021-07-23,Kern,029,883053,99427,98261,11864,110125,1350
2021-07-23,Kings,031,150075,23674,23304,1187,24491,246
2021-07-23,Lake,033,64148,4193,3963,14,3977,64
2021-07-23,Lassen,035,31185,5325,5311,121,5432,21
2021-07-23,Los Angeles,037,10098052,1247907,1232164,45304,1277468,24623
2021-07-23,Madera,039,155013,17155,16885,1006,17891,245
2021-07-23,Marin,041,260295,14747,14454,295,14749,238
2021-07-23,Mariposa,043,17540,467,453,12,465,5
2021-07-23,Mendocino,045,87422,4436,4293,84,4377,49
2021-07-23,Merced,047,269075,31892,31661,1054,32715,473
2021-07-23,Modoc,049,8938,423,413,149,562,5
2021-07-23,Mono,051,14174,1278,1284,15,1299,3
2021-07-23,Monterey,053,433212,43754,43525,1992,45517,521
2021-07-23,Napa,055,140530,10392,10230,49,10279,81
2021-07-23,Nevada,057,99092,5365,5183,205,5388,72
2021-07-23,Orange,059,3164182,264170,259973,12201,272174,5141
2021-07-23,Placer,061,380077,25117,24530,1839,26369,303
2021-07-23,Plumas,063,18699,749,737,14,751,4
2021-07-23,Riverside,065,2383286,300652,296912,14645,311557,4552
2021-07-23,Sacramento,067,1510023,114620,112438,2199,114637,1698
2021-07-23,San Benito,069,59416,6238,6200,117,6317,63
2021-07-23,San Bernardino,071,2135413,300831,297899,9473,307372,5236
2021-07-23,San Diego,073,3302833,294119,289368,16751,306119,3788
2021-07-23,San Francisco,075,870044,40212,38954,1478,40432,561
2021-07-23,San Joaquin,077,732212,76518,75461,3919,79380,1436
2021-07-23,San Luis Obispo,079,281455,21971,21616,807,22423,260
2021-07-23,San Mateo,081,765935,44556,43880,564,44444,542
2021-07-23,Santa Barbara,083,443738,35981,35071,1273,36344,465
2021-07-23,Santa Clara,085,1922200,122792,121092,854,121946,2099
2021-07-23,Santa Cruz,087,273765,16647,16416,852,17268,207
2021-07-23,Shasta,089,179085,12945,12759,1744,14503,211
2021-07-23,Sierra,091,2930,68,64,13,77,0
2021-07-23,Siskiyou,093,43540,2042,1951,429,2380,31
2021-07-23,Solano,095,438530,35357,34499,698,35197,259
2021-07-23,Sonoma,097,501317,32587,31928,384,32312,327
2021-07-23,Stanislaus,099,539301,58760,57879,6339,64218,1030
2021-07-23,Sutter,101,95872,10047,9890,101,9991,115
2021-07-23,Tehama,103,63373,5215,5166,613,5779,65
2021-07-23,Trinity,105,12862,478,345,102,447,3
2021-07-23,Tulare,107,460477,50794,50104,9660,59764,854
2021-07-23,Tuolumne,109,53932,4323,4216,42,4258,64
2021-07-23,Ventura,111,848112,83636,82687,3430,86117,1041
2021-07-23,Yolo,113,214977,14823,14557,448,15005,214
2021-07-23,Yuba,115,75493,6597,6449,140,6589,51
2021-07-22,Alameda,001,1643700,94846,93170,2231,95401,1259
2021-07-22,Alpine,003,1148,89,89,0,89,0
2021-07-22,Amador,005,37829,3871,3816,34,3850,48
2021-07-22,Butte,007,227075,13239,12982,1991,14973,203
2021-07-22,Calaveras,009,45235,2274,2267,16,2283,57
2021-07-22,Colusa,011,21464,2008,1992,344,2336,16
2021-07-22,Contra Costa,013,1133247,75122,73682,1500,75182,830
2021-07-22,Del Norte,015,27424,1566,1497,15,1512,8
2021-07-22,El Dorado,017,186661,10987,10773,837,11610,116
2021-07-22,Fresno,019,978130,105099,103637,9153,112790,1736
2021-07-22,Glenn,021,27897,2469,2457,586,3043,20
2021-07-22,Humboldt,023,135768,4935,4780,66,4846,52
2021-07-22,Imperial,025,180216,29145,28996,2836,31832,742
2021-07-22,Inyo,027,18085,1433,1424,26,1450,38
2021-07-22,Kern,029,883053,99311,98261,11821,110082,1350
2021-07-22,Kings,031,150075,23635,23304,1185,24489,246
2021-07-22,Lake,033,64148,4142,3963,14,3977,64
2021-07-22,Lassen,035,31185,5322,5311,121,5432,21
2021-07-22,Los Angeles,037,10098052,1245512,1232164,45147,1277311,24623
2021-07-22,Madera,039,155013,17120,16885,1004,17889,245
2021-07-22,Marin,041,260295,14706,14454,294,14748,238
2021-07-22,Mariposa,043,17540,460,453,12,465,5
2021-07-22,Mendocino,045,87422,4423,4293,83,4376,49
2021-07-22,Merced,047,269075,31850,31661,1052,32713,473
2021-07-22,Modoc,049,8938,423,413,149,562,5
2021-07-22,Mono,051,14174,1277,1284,15,1299,3
2021-07-22,Monterey,053,433212,43725,43525,1986,45511,521
2021-07-22,Napa,055,140530,10374,10230,49,10279,81
2021-07-22,Nevada,057,99092,5339,5183,204,5387,72
2021-07-22,Orange,059,3164182,263617,259973,12192,272165,5141
2021-07-22,Placer,061,380077,25023,24530,1828,26358,303
2021-07-22,Plumas,063,18699,748,737,14,751,4
2021-07-22,Riverside,065,2383286,300142,296912,14625,311537,4552
2021-07-22,Sacramento,067,1510023,114184,112438,2190,114628,1698
2021-07-22,San Benito,069,59416,6230,6200,117,6317,63
2021-07-22,San Bernardino,071,2135413,300434,297899,9457,307356,5236
2021-07-22,San Diego,073,3302833,293396,289368,16691,306059,3788
2021-07-22,San Francisco,075,870044,39999,38954,1466,40420,561
2021-07-22,San Joaquin,077,732212,76375,75461,3906,79367,1436
2021-07-22,San Luis Obispo,079,281455,21934,21616,803,22419,260
2021-07-22,San Mateo,081,765935,44444,43880,559,44439,542
2021-07-22,Santa Barbara,083,443738,35917,35071,1271,36342,465
2021-07-22,Santa Clara,085,1922200,122550,121092,851,121943,2099
2021-07-22,Santa Cruz,087,273765,16610,16416,852,17268,207
2021-07-22,Shasta,089,179085,12921,12759,1740,14499,211
2021-07-22,Sierra,091,2930,66,64,13,77,0
2021-07-22,Siskiyou,093,43540,2039,1951,429,2380,31
2021-07-22,Solano,095,438530,35207,34499,691,35190,259
2021-07-22,Sonoma,097,501317,32478,31928,382,32310,327
2021-07-22,Stanislaus,099,539301,58630,57879,6327,64206,1030
2021-07-22,Sutter,101,95872,10026,9890,101,9991,115
2021-07-22,Tehama,103,63373,5209,5166,613,5779,65
2021-07-22,Trinity,105,12862,478,345,102,447,3
2021-07-22,Tulare,107,460477,50751,50104,9632,59736,854
2021-07-22,Tuolumne,109,53932,4311,4216,42,4258,64
2021-07-22,Ventura,111,848112,83502,82687,3417,86104,1041
2021-07-22,Yolo,113,214977,14785,14557,447,15004,214
2021-07-22,Yuba,115,75493,6567,6449,137,6586,51
2021-07-21,Alameda,001,1643700,94517,92840,2228,95068,1256
2021-07-21,Alpine,003,1148,89,89,0,89,0
2021-07-21,Amador,005,37829,3858,3813,34,3847,48
2021-07-21,Butte,007,227075,13198,12939,1986,14925,203
2021-07-21,Calaveras,009,45235,2273,2257,16,2273,57
2021-07-21,Colusa,011,21464,2004,1988,343,2331,16
2021-07-21,Contra Costa,013,1133247,74857,73320,1491,74811,827
2021-07-21,Del Norte,015,27424,1556,1492,15,1507,8
2021-07-21,El Dorado,017,186661,10952,10742,833,11575,116
2021-07-21,Fresno,019,978130,104951,103504,9144,112648,1736
2021-07-21,Glenn,021,27897,2467,2455,585,3040,20
2021-07-21,Humboldt,023,135768,4903,4763,64,4827,52
2021-07-21,Imperial,025,180216,29133,28964,2833,31797,742
2021-07-21,Inyo,027,18085,1433,1423,26,1449,38
2021-07-21,Kern,029,883053,99193,98152,11780,109932,1350
2021-07-21,Kings,031,150075,23607,23270,1181,24451,246
2021-07-21,Lake,033,64148,4077,3896,14,3910,64
2021-07-21,Lassen,035,31185,5319,5310,121,5431,21
2021-07-21,Los Angeles,037,10098052,1243037,1229598,45022,1274620,24609
2021-07-21,Madera,039,155013,17098,16858,1001,17859,245
2021-07-21,Marin,041,260295,14656,14427,294,14721,238
2021-07-21,Mariposa,043,17540,456,449,12,461,5
2021-07-21,Mendocino,045,87422,4405,4274,83,4357,49
2021-07-21,Merced,047,269075,31811,31607,1047,32654,473
2021-07-21,Modoc,049,8938,423,413,149,562,5
2021-07-21,Mono,051,14174,1274,1282,15,1297,3
2021-07-21,Monterey,053,433212,43695,43502,1982,45484,515
2021-07-21,Napa,055,140530,10349,10209,49,10258,81
2021-07-21,Nevada,057,99092,5304,5152,204,5356,72
2021-07-21,Orange,059,3164182,263066,259615,12160,271775,5139
2021-07-21,Placer,061,380077,24914,24441,1817,26258,303
2021-07-21,Plumas,063,18699,748,736,14,750,4
2021-07-21,Riverside,065,2383286,299629,296419,14608,311027,4552
2021-07-21,Sacramento,067,1510023,113768,112043,2179,114222,1696
2021-07-21,San Benito,069,59416,6220,6196,117,6313,63
2021-07-21,San Bernardino,071,2135413,299990,297519,9449,306968,5230
2021-07-21,San Diego,073,3302833,292548,288682,16627,305309,3787
2021-07-21,San Francisco,075,870044,39775,38699,1461,40160,559
2021-07-21,San Joaquin,077,732212,76186,75288,3894,79182,1434
2021-07-21,San Luis Obispo,079,281455,21897,21579,800,22379,260
2021-07-21,San Mateo,081,765935,44351,43755,555,44310,542
2021-07-21,Santa Barbara,083,443738,35858,34998,1255,36253,465
2021-07-21,Santa Clara,085,1922200,122340,120838,849,121687,2099
2021-07-21,Santa Cruz,087,273765,16576,16407,852,17259,207
2021-07-21,Shasta,089,179085,12888,12751,1737,14488,211
2021-07-21,Sierra,091,2930,66,64,13,77,0
2021-07-21,Siskiyou,093,43540,2037,1943,427,2370,31
2021-07-21,Solano,095,438530,35050,34374,686,35060,258
2021-07-21,Sonoma,097,501317,32362,31789,382,32171,327
2021-07-21,Stanislaus,099,539301,58528,57774,6318,64092,1028
2021-07-21,Sutter,101,95872,10002,9862,101,9963,113
2021-07-21,Tehama,103,63373,5205,5161,613,5774,65
2021-07-21,Trinity,105,12862,477,345,101,446,3
2021-07-21,Tulare,107,460477,50692,50066,9606,59672,854
2021-07-21,Tuolumne,109,53932,4274,4156,42,4198,64
2021-07-21,Ventura,111,848112,83380,82573,3405,85978,1041
2021-07-21,Yolo,113,214977,14744,14525,446,14971,213
2021-07-21,Yuba,115,75493,6539,6425,137,6562,52
2021-07-20,Alameda,001,1643700,94138,92625,2215,94840,1256
2021-07-20,Alpine,003,1148,89,89,0,89,0
2021-07-20,Amador,005,37829,3847,3807,34,3841,48
2021-07-20,Butte,007,227075,13161,12916,1981,14897,203
2021-07-20,Calaveras,009,45235,2270,2249,16,2265,57
2021-07-20,Colusa,011,21464,2004,1985,343,2328,16
2021-07-20,Contra Costa,013,1133247,74572,73143,1473,74616,825
2021-07-20,Del Norte,015,27424,1546,1490,15,1505,8
2021-07-20,El Dorado,017,186661,10912,10727,828,11555,116
2021-07-20,Fresno,019,978130,104815,103438,9125,112563,1736
2021-07-20,Glenn,021,27897,2467,2453,585,3038,20
2021-07-20,Humboldt,023,135768,4858,4735,62,4797,52
2021-07-20,Imperial,025,180216,29113,28933,2833,31766,742
2021-07-20,Inyo,027,18085,1429,1420,26,1446,36
2021-07-20,Kern,029,883053,99084,98082,11752,109834,1350
2021-07-20,Kings,031,150075,23566,23254,1177,24431,246
2021-07-20,Lake,033,64148,4052,3871,14,3885,64
2021-07-20,Lassen,035,31185,5319,5306,121,5427,21
2021-07-20,Los Angeles,037,10098052,1240264,1227404,44864,1272268,24603
2021-07-20,Madera,039,155013,17077,16856,997,17853,245
2021-07-20,Marin,041,260295,14621,14396,291,14687,234
2021-07-20,Mariposa,043,17540,455,448,12,460,5
2021-07-20,Mendocino,045,87422,4388,4259,83,4342,49
2021-07-20,Merced,047,269075,31773,31578,1040,32618,473
2021-07-20,Modoc,049,8938,423,413,149,562,5
2021-07-20,Mono,051,14174,1270,1281,15,1296,3
2021-07-20,Monterey,053,433212,43664,43481,1979,45460,515
2021-07-20,Napa,055,140530,10326,10191,49,10240,81
2021-07-20,Nevada,057,99092,5285,5148,203,5351,72
2021-07-20,Orange,059,3164182,262513,259303,12128,271431,5139
2021-07-20,Placer,061,380077,24822,24408,1793,26201,303
2021-07-20,Plumas,063,18699,746,736,14,750,4
2021-07-20,Riverside,065,2383286,299095,296118,14594,310712,4543
2021-07-20,Sacramento,067,1510023,113330,111796,2149,113945,1695
2021-07-20,San Benito,069,59416,6213,6196,117,6313,63
2021-07-20,San Bernardino,071,2135413,299579,297222,9424,306646,5231
2021-07-20,San Diego,073,3302833,291627,288209,16531,304740,3786
2021-07-20,San Francisco,075,870044,39518,38536,1450,39986,558
2021-07-20,San Joaquin,077,732212,76014,75198,3881,79079,1433
2021-07-20,San Luis Obispo,079,281455,21852,21556,799,22355,259
2021-07-20,San Mateo,081,765935,44235,43670,553,44223,542
2021-07-20,Santa Barbara,083,443738,35787,34935,1249,36184,462
2021-07-20,Santa Clara,085,1922200,122083,120704,847,121551,2098
2021-07-20,Santa Cruz,087,273765,16547,16399,852,17251,207
2021-07-20,Shasta,089,179085,12862,12734,1733,14467,211
2021-07-20,Sierra,091,2930,66,64,13,77,0
2021-07-20,Siskiyou,093,43540,2033,1931,426,2357,31
2021-07-20,Solano,095,438530,34917,34337,679,35016,258
2021-07-20,Sonoma,097,501317,32243,31763,381,32144,326
2021-07-20,Stanislaus,099,539301,58412,57706,6312,64018,1028
2021-07-20,Sutter,101,95872,9975,9854,98,9952,114
2021-07-20,Tehama,103,63373,5203,5153,613,5766,65
2021-07-20,Trinity,105,12862,475,344,100,444,3
2021-07-20,Tulare,107,460477,50651,50047,9588,59635,854
2021-07-20,Tuolumne,109,53932,4255,4156,42,4198,64
2021-07-20,Ventura,111,848112,83227,82504,3388,85892,1041
2021-07-20,Yolo,113,214977,14681,14495,443,14938,213
2021-07-20,Yuba,115,75493,6514,6393,134,6527,52
2021-07-19,Alameda,001,1643700,93768,92357,2199,94556,1256
2021-07-19,Alpine,003,1148,89,89,0,89,0
2021-07-19,Amador,005,37829,3843,3802,34,3836,48
2021-07-19,Butte,007,227075,13118,12901,1975,14876,202
2021-07-19,Calaveras,009,45235,2269,2245,16,2261,57
2021-07-19,Colusa,011,21464,2002,1981,342,2323,16
2021-07-19,Contra Costa,013,1133247,74260,72935,1453,74388,825
2021-07-19,Del Norte,015,27424,1533,1484,15,1499,8
2021-07-19,El Dorado,017,186661,10882,10703,820,11523,114
2021-07-19,Fresno,019,978130,104687,103350,9110,112460,1731
2021-07-19,Glenn,021,27897,2467,2452,584,3036,20
2021-07-19,Humboldt,023,135768,4828,4719,60,4779,52
2021-07-19,Imperial,025,180216,29086,28888,2833,31721,742
2021-07-19,Inyo,027,18085,1428,1417,26,1443,36
2021-07-19,Kern,029,883053,98972,97999,11717,109716,1349
2021-07-19,Kings,031,150075,23536,23221,1171,24392,246
2021-07-19,Lake,033,64148,4016,3848,14,3862,64
2021-07-19,Lassen,035,31185,5318,5305,121,5426,21
2021-07-19,Los Angeles,037,10098052,1237684,1225946,44676,1270622,24600
2021-07-19,Madera,039,155013,17054,16846,994,17840,244
2021-07-19,Marin,041,260295,14586,14369,288,14657,234
2021-07-19,Mariposa,043,17540,449,447,12,459,5
2021-07-19,Mendocino,045,87422,4370,4251,83,4334,49
2021-07-19,Merced,047,269075,31709,31565,1033,32598,472
2021-07-19,Modoc,049,8938,422,413,149,562,5
2021-07-19,Mono,051,14174,1268,1280,15,1295,3
2021-07-19,Monterey,053,433212,43641,43436,1977,45413,515
2021-07-19,Napa,055,140530,10301,10180,47,10227,81
2021-07-19,Nevada,057,99092,5257,5133,202,5335,72
2021-07-19,Orange,059,3164182,261994,258927,12096,271023,5138
2021-07-19,Placer,061,380077,24723,24359,1771,26130,303
2021-07-19,Plumas,063,18699,746,730,14,744,4
2021-07-19,Riverside,065,2383286,298606,295736,14556,310292,4543
2021-07-19,Sacramento,067,1510023,112967,111470,2125,113595,1696
2021-07-19,San Benito,069,59416,6210,6193,117,6310,63
2021-07-19,San Bernardino,071,2135413,299207,296929,9406,306335,5235
2021-07-19,San Diego,073,3302833,290737,287695,16431,304126,3786
2021-07-19,San Francisco,075,870044,39249,38463,1437,39900,560
2021-07-19,San Joaquin,077,732212,75848,75086,3875,78961,1431
2021-07-19,San Luis Obispo,079,281455,21807,21531,795,22326,259
2021-07-19,San Mateo,081,765935,44090,43563,544,44107,542
2021-07-19,Santa Barbara,083,443738,35714,34904,1247,36151,461
2021-07-19,Santa Clara,085,1922200,121825,120554,846,121400,2098
2021-07-19,Santa Cruz,087,273765,16531,16387,852,17239,207
2021-07-19,Shasta,089,179085,12844,12723,1731,14454,209
2021-07-19,Sierra,091,2930,65,64,13,77,0
2021-07-19,Siskiyou,093,43540,2028,1927,424,2351,31
2021-07-19,Solano,095,438530,34744,34262,668,34930,261
2021-07-19,Sonoma,097,501317,32122,31713,380,32093,325
2021-07-19,Stanislaus,099,539301,58309,57644,6302,63946,1027
2021-07-19,Sutter,101,95872,9959,9834,98,9932,114
2021-07-19,Tehama,103,63373,5197,5152,611,5763,65
2021-07-19,Trinity,105,12862,475,344,99,443,3
2021-07-19,Tulare,107,460477,50606,49994,9570,59564,855
2021-07-19,Tuolumne,109,53932,4245,4151,42,4193,64
2021-07-19,Ventura,111,848112,83131,82409,3366,85775,1041
2021-07-19,Yolo,113,214977,14650,14439,441,14880,213
2021-07-19,Yuba,115,75493,6490,6370,134,6504,52
2021-07-18,Alameda,001,1643700,93417,92162,2185,94347,1256
2021-07-18,Alpine,003,1148,89,89,0,89,0
2021-07-18,Amador,005,37829,3832,3799,34,3833,48
2021-07-18,Butte,007,227075,13075,12888,1970,14858,202
2021-07-18,Calaveras,009,45235,2268,2243,16,2259,57
2021-07-18,Colusa,011,21464,2002,1981,341,2322,16
2021-07-18,Contra Costa,013,1133247,73945,72849,1435,74284,825
2021-07-18,Del Norte,015,27424,1524,1482,15,1497,8
2021-07-18,El Dorado,017,186661,10844,10687,812,11499,114
2021-07-18,Fresno,019,978130,104534,103298,9092,112390,1731
2021-07-18,Glenn,021,27897,2466,2452,583,3035,20
2021-07-18,Humboldt,023,135768,4792,4714,60,4774,52
2021-07-18,Imperial,025,180216,29049,28877,2832,31709,742
2021-07-18,Inyo,027,18085,1424,1417,26,1443,36
2021-07-18,Kern,029,883053,98846,97963,11675,109638,1349
2021-07-18,Kings,031,150075,23515,23203,1167,24370,246
2021-07-18,Lake,033,64148,3980,3825,14,3839,64
2021-07-18,Lassen,035,31185,5318,5305,121,5426,21
2021-07-18,Los Angeles,037,10098052,1235014,1224691,44499,1269190,24598
2021-07-18,Madera,039,155013,17029,16838,990,17828,244
2021-07-18,Marin,041,260295,14550,14358,286,14644,234
2021-07-18,Mariposa,043,17540,448,447,12,459,5
2021-07-18,Mendocino,045,87422,4350,4246,83,4329,49
2021-07-18,Merced,047,269075,31678,31537,1031,32568,471
2021-07-18,Modoc,049,8938,422,413,149,562,5
2021-07-18,Mono,051,14174,1267,1280,15,1295,3
2021-07-18,Monterey,053,433212,43623,43422,1968,45390,515
2021-07-18,Napa,055,140530,10284,10174,44,10218,81
2021-07-18,Nevada,057,99092,5231,5124,202,5326,72
2021-07-18,Orange,059,3164182,261510,258724,12066,270790,5138
2021-07-18,Placer,061,380077,24656,24313,1744,26057,303
2021-07-18,Plumas,063,18699,746,730,14,744,4
2021-07-18,Riverside,065,2383286,298114,295522,14515,310037,4543
2021-07-18,Sacramento,067,1510023,112536,111255,2093,113348,1696
2021-07-18,San Benito,069,59416,6202,6191,117,6308,63
2021-07-18,San Bernardino,071,2135413,298734,296739,9390,306129,5233
2021-07-18,San Diego,073,3302833,289921,286287,16348,302635,3786
2021-07-18,San Francisco,075,870044,39018,38367,1425,39792,560
2021-07-18,San Joaquin,077,732212,75674,74997,3862,78859,1431
2021-07-18,San Luis Obispo,079,281455,21772,21527,792,22319,259
2021-07-18,San Mateo,081,765935,43976,43506,538,44044,542
2021-07-18,Santa Barbara,083,443738,35649,34880,1245,36125,461
2021-07-18,Santa Clara,085,1922200,121612,120438,838,121276,2098
2021-07-18,Santa Cruz,087,273765,16499,16372,851,17223,207
2021-07-18,Shasta,089,179085,12819,12714,1727,14441,209
2021-07-18,Sierra,091,2930,65,64,13,77,0
2021-07-18,Siskiyou,093,43540,2022,1927,419,2346,31
2021-07-18,Solano,095,438530,34617,34215,664,34879,261
2021-07-18,Sonoma,097,501317,32017,31675,379,32054,325
2021-07-18,Stanislaus,099,539301,58198,57600,6277,63877,1028
2021-07-18,Sutter,101,95872,9927,9826,98,9924,114
2021-07-18,Tehama,103,63373,5194,5150,610,5760,65
2021-07-18,Trinity,105,12862,475,344,99,443,3
2021-07-18,Tulare,107,460477,50553,49985,9547,59532,855
2021-07-18,Tuolumne,109,53932,4227,4149,42,4191,64
2021-07-18,Ventura,111,848112,83017,82361,3342,85703,1041
2021-07-18,Yolo,113,214977,14592,14425,435,14860,213
2021-07-18,Yuba,115,75493,6449,6357,134,6491,52
2021-07-17,Alameda,001,1643700,93195,91346,2173,93519,1255
2021-07-17,Alpine,003,1148,89,89,0,89,0
2021-07-17,Amador,005,37829,3823,3785,34,3819,48
2021-07-17,Butte,007,227075,13061,12824,1965,14789,202
2021-07-17,Calaveras,009,45235,2262,2237,16,2253,57
2021-07-17,Colusa,011,21464,1999,1976,341,2317,16
2021-07-17,Contra Costa,013,1133247,73765,72254,1422,73676,824
2021-07-17,Del Norte,015,27424,1516,1475,15,1490,8
2021-07-17,El Dorado,017,186661,10817,10622,808,11430,114
2021-07-17,Fresno,019,978130,104462,103055,9079,112134,1730
2021-07-17,Glenn,021,27897,2465,2451,583,3034,20
2021-07-17,Humboldt,023,135768,4779,4654,59,4713,52
2021-07-17,Imperial,025,180216,29033,28840,2832,31672,742
2021-07-17,Inyo,027,18085,1424,1416,26,1442,36
2021-07-17,Kern,029,883053,98789,97796,11638,109434,1348
2021-07-17,Kings,031,150075,23495,23163,1166,24329,246
2021-07-17,Lake,033,64148,3955,3760,14,3774,64
2021-07-17,Lassen,035,31185,5318,5302,121,5423,21
2021-07-17,Los Angeles,037,10098052,1233508,1219733,44354,1264087,24582
2021-07-17,Madera,039,155013,17021,16804,990,17794,240
2021-07-17,Marin,041,260295,14532,14297,284,14581,234
2021-07-17,Mariposa,043,17540,448,445,12,457,5
2021-07-17,Mendocino,045,87422,4338,4209,83,4292,49
2021-07-17,Merced,047,269075,31657,31451,1027,32478,471
2021-07-17,Modoc,049,8938,422,412,149,561,5
2021-07-17,Mono,051,14174,1265,1277,15,1292,3
2021-07-17,Monterey,053,433212,43600,43367,1963,45330,515
2021-07-17,Napa,055,140530,10268,10129,44,10173,81
2021-07-17,Nevada,057,99092,5216,5066,202,5268,72
2021-07-17,Orange,059,3164182,261200,257805,12027,269832,5136
2021-07-17,Placer,061,380077,24589,24169,1730,25899,303
2021-07-17,Plumas,063,18699,741,721,14,735,4
2021-07-17,Riverside,065,2383286,297807,294751,14483,309234,4542
2021-07-17,Sacramento,067,1510023,112300,110432,2071,112503,1694
2021-07-17,San Benito,069,59416,6196,6181,117,6298,63
2021-07-17,San Bernardino,071,2135413,298500,296048,9371,305419,5218
2021-07-17,San Diego,073,3302833,289514,285698,16281,301979,3786
2021-07-17,San Francisco,075,870044,38897,37978,1421,39399,560
2021-07-17,San Joaquin,077,732212,75588,74695,3854,78549,1430
2021-07-17,San Luis Obispo,079,281455,21745,21462,792,22254,258
2021-07-17,San Mateo,081,765935,43906,43324,536,43860,542
2021-07-17,Santa Barbara,083,443738,35608,34769,1242,36011,461
2021-07-17,Santa Clara,085,1922200,121440,119980,835,120815,2097
2021-07-17,Santa Cruz,087,273765,16492,16337,851,17188,207
2021-07-17,Shasta,089,179085,12804,12683,1722,14405,210
2021-07-17,Sierra,091,2930,65,62,13,75,0
2021-07-17,Siskiyou,093,43540,2017,1922,416,2338,29
2021-07-17,Solano,095,438530,34552,34015,656,34671,263
2021-07-17,Sonoma,097,501317,31950,31536,378,31914,322
2021-07-17,Stanislaus,099,539301,58120,57400,6263,63663,1028
2021-07-17,Sutter,101,95872,9917,9778,98,9876,114
2021-07-17,Tehama,103,63373,5191,5145,610,5755,64
2021-07-17,Trinity,105,12862,474,341,99,440,3
2021-07-17,Tulare,107,460477,50532,49937,9535,59472,854
2021-07-17,Tuolumne,109,53932,4217,4131,42,4173,64
2021-07-17,Ventura,111,848112,82949,82125,3331,85456,1041
2021-07-17,Yolo,113,214977,14561,14356,428,14784,213
2021-07-17,Yuba,115,75493,6438,6309,134,6443,52
2021-07-16,Alameda,001,1643700,92961,91346,2161,93507,1255
2021-07-16,Alpine,003,1148,89,89,0,89,0
2021-07-16,Amador,005,37829,3820,3785,34,3819,48
2021-07-16,Butte,007,227075,13036,12824,1962,14786,202
2021-07-16,Calaveras,009,45235,2262,2237,16,2253,57
2021-07-16,Colusa,011,21464,1997,1976,340,2316,16
2021-07-16,Contra Costa,013,1133247,73578,72254,1417,73671,824
2021-07-16,Del Norte,015,27424,1514,1475,15,1490,8
2021-07-16,El Dorado,017,186661,10798,10622,807,11429,114
2021-07-16,Fresno,019,978130,104410,103055,9060,112115,1730
2021-07-16,Glenn,021,27897,2465,2451,583,3034,20
2021-07-16,Humboldt,023,135768,4757,4654,59,4713,52
2021-07-16,Imperial,025,180216,29021,28840,2832,31672,742
2021-07-16,Inyo,027,18085,1422,1416,26,1442,36
2021-07-16,Kern,029,883053,98727,97796,11599,109395,1348
2021-07-16,Kings,031,150075,23470,23163,1164,24327,246
2021-07-16,Lake,033,64148,3928,3760,14,3774,64
2021-07-16,Lassen,035,31185,5317,5302,121,5423,21
2021-07-16,Los Angeles,037,10098052,1232015,1219733,44211,1263944,24582
2021-07-16,Madera,039,155013,17003,16804,990,17794,240
2021-07-16,Marin,041,260295,14508,14297,281,14578,234
2021-07-16,Mariposa,043,17540,448,445,12,457,5
2021-07-16,Mendocino,045,87422,4329,4209,82,4291,49
2021-07-16,Merced,047,269075,31635,31451,1025,32476,471
2021-07-16,Modoc,049,8938,422,412,149,561,5
2021-07-16,Mono,051,14174,1264,1277,15,1292,3
2021-07-16,Monterey,053,433212,43578,43367,1962,45329,515
2021-07-16,Napa,055,140530,10244,10129,43,10172,81
2021-07-16,Nevada,057,99092,5206,5066,202,5268,72
2021-07-16,Orange,059,3164182,260927,257805,11987,269792,5136
2021-07-16,Placer,061,380077,24536,24169,1725,25894,303
2021-07-16,Plumas,063,18699,740,721,14,735,4
2021-07-16,Riverside,065,2383286,297530,294751,14458,309209,4542
2021-07-16,Sacramento,067,1510023,112083,110432,2058,112490,1694
2021-07-16,San Benito,069,59416,6194,6181,117,6298,63
2021-07-16,San Bernardino,071,2135413,298222,296048,9354,305402,5218
2021-07-16,San Diego,073,3302833,289068,285698,16234,301932,3786
2021-07-16,San Francisco,075,870044,38780,37978,1416,39394,560
2021-07-16,San Joaquin,077,732212,75493,74695,3851,78546,1430
2021-07-16,San Luis Obispo,079,281455,21728,21462,792,22254,258
2021-07-16,San Mateo,081,765935,43853,43324,535,43859,542
2021-07-16,Santa Barbara,083,443738,35570,34769,1242,36011,461
2021-07-16,Santa Clara,085,1922200,121293,119980,827,120807,2097
2021-07-16,Santa Cruz,087,273765,16479,16337,851,17188,207
2021-07-16,Shasta,089,179085,12794,12683,1721,14404,210
2021-07-16,Sierra,091,2930,65,62,13,75,0
2021-07-16,Siskiyou,093,43540,2015,1922,414,2336,29
2021-07-16,Solano,095,438530,34485,34015,648,34663,263
2021-07-16,Sonoma,097,501317,31898,31536,375,31911,322
2021-07-16,Stanislaus,099,539301,58071,57400,6252,63652,1028
2021-07-16,Sutter,101,95872,9905,9778,98,9876,114
2021-07-16,Tehama,103,63373,5189,5145,610,5755,64
2021-07-16,Trinity,105,12862,474,341,98,439,3
2021-07-16,Tulare,107,460477,50508,49937,9525,59462,854
2021-07-16,Tuolumne,109,53932,4211,4131,42,4173,64
2021-07-16,Ventura,111,848112,82884,82125,3324,85449,1041
2021-07-16,Yolo,113,214977,14535,14356,424,14780,213
2021-07-16,Yuba,115,75493,6416,6309,133,6442,52
2021-07-15,Alameda,001,1643700,92664,91346,2152,93498,1255
2021-07-15,Alpine,003,1148,89,89,0,89,0
2021-07-15,Amador,005,37829,3817,3785,34,3819,48
2021-07-15,Butte,007,227075,13010,12824,1960,14784,202
2021-07-15,Calaveras,009,45235,2260,2237,16,2253,57
2021-07-15,Colusa,011,21464,1996,1976,339,2315,16
2021-07-15,Contra Costa,013,1133247,73365,72254,1409,73663,824
2021-07-15,Del Norte,015,27424,1511,1475,15,1490,8
2021-07-15,El Dorado,017,186661,10771,10622,805,11427,114
2021-07-15,Fresno,019,978130,104314,103055,9039,112094,1730
2021-07-15,Glenn,021,27897,2465,2451,583,3034,20
2021-07-15,Humboldt,023,135768,4739,4654,58,4712,52
2021-07-15,Imperial,025,180216,28998,28840,2832,31672,742
2021-07-15,Inyo,027,18085,1422,1416,26,1442,36
2021-07-15,Kern,029,883053,98657,97796,11571,109367,1348
2021-07-15,Kings,031,150075,23432,23163,1161,24324,246
2021-07-15,Lake,033,64148,3889,3760,14,3774,64
2021-07-15,Lassen,035,31185,5316,5302,121,5423,21
2021-07-15,Los Angeles,037,10098052,1230046,1219733,44049,1263782,24582
2021-07-15,Madera,039,155013,16981,16804,986,17790,240
2021-07-15,Marin,041,260295,14484,14297,281,14578,234
2021-07-15,Mariposa,043,17540,448,445,12,457,5
2021-07-15,Mendocino,045,87422,4321,4209,81,4290,49
2021-07-15,Merced,047,269075,31605,31451,1025,32476,471
2021-07-15,Modoc,049,8938,422,412,149,561,5
2021-07-15,Mono,051,14174,1264,1277,15,1292,3
2021-07-15,Monterey,053,433212,43549,43367,1959,45326,515
2021-07-15,Napa,055,140530,10219,10129,42,10171,81
2021-07-15,Nevada,057,99092,5188,5066,201,5267,72
2021-07-15,Orange,059,3164182,260575,257805,11955,269760,5136
2021-07-15,Placer,061,380077,24477,24169,1708,25877,303
2021-07-15,Plumas,063,18699,739,721,14,735,4
2021-07-15,Riverside,065,2383286,297207,294751,14443,309194,4542
2021-07-15,Sacramento,067,1510023,111779,110432,2040,112472,1694
2021-07-15,San Benito,069,59416,6192,6181,117,6298,63
2021-07-15,San Bernardino,071,2135413,297917,296048,9339,305387,5218
2021-07-15,San Diego,073,3302833,288435,285698,16158,301856,3786
2021-07-15,San Francisco,075,870044,38629,37978,1407,39385,560
2021-07-15,San Joaquin,077,732212,75376,74695,3846,78541,1430
2021-07-15,San Luis Obispo,079,281455,21696,21462,792,22254,258
2021-07-15,San Mateo,081,765935,43749,43324,531,43855,542
2021-07-15,Santa Barbara,083,443738,35517,34769,1241,36010,461
2021-07-15,Santa Clara,085,1922200,121171,119980,824,120804,2097
2021-07-15,Santa Cruz,087,273765,16466,16337,851,17188,207
2021-07-15,Shasta,089,179085,12786,12683,1716,14399,210
2021-07-15,Sierra,091,2930,65,62,13,75,0
2021-07-15,Siskiyou,093,43540,2014,1922,414,2336,29
2021-07-15,Solano,095,438530,34410,34015,642,34657,263
2021-07-15,Sonoma,097,501317,31837,31536,375,31911,322
2021-07-15,Stanislaus,099,539301,58003,57400,6239,63639,1028
2021-07-15,Sutter,101,95872,9885,9778,97,9875,114
2021-07-15,Tehama,103,63373,5183,5145,609,5754,64
2021-07-15,Trinity,105,12862,474,341,98,439,3
2021-07-15,Tulare,107,460477,50487,49937,9508,59445,854
2021-07-15,Tuolumne,109,53932,4199,4131,42,4173,64
2021-07-15,Ventura,111,848112,82807,82125,3319,85444,1041
2021-07-15,Yolo,113,214977,14508,14356,423,14779,213
2021-07-15,Yuba,115,75493,6401,6309,132,6441,52
2021-07-14,Alameda,001,1643700,92403,91092,2134,93226,1255
2021-07-14,Alpine,003,1148,89,89,0,89,0
2021-07-14,Amador,005,37829,3809,3784,34,3818,48
2021-07-14,Butte,007,227075,12983,12813,1953,14766,202
2021-07-14,Calaveras,009,45235,2252,2234,16,2250,57
2021-07-14,Colusa,011,21464,1993,1974,339,2313,16
2021-07-14,Contra Costa,013,1133247,73140,72091,1396,73487,823
2021-07-14,Del Norte,015,27424,1510,1472,15,1487,8
2021-07-14,El Dorado,017,186661,10745,10598,802,11400,114
2021-07-14,Fresno,019,978130,104235,102966,9028,111994,1728
2021-07-14,Glenn,021,27897,2465,2449,583,3032,20
2021-07-14,Humboldt,023,135768,4716,4644,56,4700,52
2021-07-14,Imperial,025,180216,28969,28822,2832,31654,742
2021-07-14,Inyo,027,18085,1421,1415,26,1441,36
2021-07-14,Kern,029,883053,98594,97736,11545,109281,1346
2021-07-14,Kings,031,150075,23419,23142,1161,24303,246
2021-07-14,Lake,033,64148,3856,3739,14,3753,63
2021-07-14,Lassen,035,31185,5315,5298,121,5419,21
2021-07-14,Los Angeles,037,10098052,1228045,1218265,43902,1262167,24578
2021-07-14,Madera,039,155013,16969,16786,984,17770,240
2021-07-14,Marin,041,260295,14450,14269,279,14548,233
2021-07-14,Mariposa,043,17540,446,445,12,457,5
2021-07-14,Mendocino,045,87422,4308,4193,81,4274,49
2021-07-14,Merced,047,269075,31568,31412,1022,32434,471
2021-07-14,Modoc,049,8938,422,412,149,561,4
2021-07-14,Mono,051,14174,1264,1278,15,1293,3
2021-07-14,Monterey,053,433212,43525,43347,1957,45304,504
2021-07-14,Napa,055,140530,10197,10121,42,10163,81
2021-07-14,Nevada,057,99092,5169,5058,201,5259,72
2021-07-14,Orange,059,3164182,260260,257558,11926,269484,5137
2021-07-14,Placer,061,380077,24424,24125,1696,25821,303
2021-07-14,Plumas,063,18699,732,719,14,733,4
2021-07-14,Riverside,065,2383286,296882,294511,14427,308938,4542
2021-07-14,Sacramento,067,1510023,111452,110193,2016,112209,1688
2021-07-14,San Benito,069,59416,6189,6177,117,6294,63
2021-07-14,San Bernardino,071,2135413,297616,295820,9324,305144,5193
2021-07-14,San Diego,073,3302833,287863,285269,16080,301349,3786
2021-07-14,San Francisco,075,870044,38490,37836,1400,39236,559
2021-07-14,San Joaquin,077,732212,75284,74599,3837,78436,1416
2021-07-14,San Luis Obispo,079,281455,21674,21444,790,22234,258
2021-07-14,San Mateo,081,765935,43652,43249,527,43776,542
2021-07-14,Santa Barbara,083,443738,35477,34719,1239,35958,461
2021-07-14,Santa Clara,085,1922200,121021,119844,821,120665,2098
2021-07-14,Santa Cruz,087,273765,16452,16326,851,17177,207
2021-07-14,Shasta,089,179085,12766,12669,1713,14382,209
2021-07-14,Sierra,091,2930,65,62,13,75,0
2021-07-14,Siskiyou,093,43540,2007,1922,411,2333,29
2021-07-14,Solano,095,438530,34337,33948,642,34590,268
2021-07-14,Sonoma,097,501317,31785,31470,375,31845,322
2021-07-14,Stanislaus,099,539301,57928,57340,6227,63567,1028
2021-07-14,Sutter,101,95872,9862,9766,97,9863,114
2021-07-14,Tehama,103,63373,5181,5142,609,5751,64
2021-07-14,Trinity,105,12862,474,341,98,439,3
2021-07-14,Tulare,107,460477,50470,49908,9494,59402,853
2021-07-14,Tuolumne,109,53932,4196,4128,41,4169,64
2021-07-14,Ventura,111,848112,82713,82041,3308,85349,1040
2021-07-14,Yolo,113,214977,14475,14332,420,14752,213
2021-07-14,Yuba,115,75493,6383,6294,132,6426,52
2021-07-13,Alameda,001,1643700,92136,90874,2123,92997,1255
2021-07-13,Alpine,003,1148,89,89,0,89,0
2021-07-13,Amador,005,37829,3802,3783,34,3817,48
2021-07-13,Butte,007,227075,12970,12802,1951,14753,202
2021-07-13,Calaveras,009,45235,2248,2230,16,2246,57
2021-07-13,Colusa,011,21464,1991,1972,335,2307,16
2021-07-13,Contra Costa,013,1133247,72915,71963,1387,73350,823
2021-07-13,Del Norte,015,27424,1506,1471,15,1486,8
2021-07-13,El Dorado,017,186661,10727,10581,799,11380,114
2021-07-13,Fresno,019,978130,104159,102909,9019,111928,1727
2021-07-13,Glenn,021,27897,2463,2448,583,3031,20
2021-07-13,Humboldt,023,135768,4701,4634,56,4690,51
2021-07-13,Imperial,025,180216,28958,28792,2832,31624,741
2021-07-13,Inyo,027,18085,1420,1415,26,1441,36
2021-07-13,Kern,029,883053,98505,97698,11506,109204,1346
2021-07-13,Kings,031,150075,23401,23132,1161,24293,246
2021-07-13,Lake,033,64148,3829,3719,13,3732,63
2021-07-13,Lassen,035,31185,5313,5292,121,5413,21
2021-07-13,Los Angeles,037,10098052,1226206,1217184,43729,1260913,24569
2021-07-13,Madera,039,155013,16960,16773,980,17753,240
2021-07-13,Marin,041,260295,14421,14254,278,14532,233
2021-07-13,Mariposa,043,17540,445,443,12,455,5
2021-07-13,Mendocino,045,87422,4301,4185,81,4266,49
2021-07-13,Merced,047,269075,31547,31379,1019,32398,471
2021-07-13,Modoc,049,8938,422,411,149,560,4
2021-07-13,Mono,051,14174,1263,1277,15,1292,3
2021-07-13,Monterey,053,433212,43507,43333,1953,45286,504
2021-07-13,Napa,055,140530,10176,10118,42,10160,81
2021-07-13,Nevada,057,99092,5144,5053,201,5254,72
2021-07-13,Orange,059,3164182,259928,257339,11897,269236,5136
2021-07-13,Placer,061,380077,24378,24091,1683,25774,303
2021-07-13,Plumas,063,18699,731,716,14,730,4
2021-07-13,Riverside,065,2383286,296559,294302,14401,308703,4541
2021-07-13,Sacramento,067,1510023,111142,109990,1993,111983,1687
2021-07-13,San Benito,069,59416,6187,6173,117,6290,63
2021-07-13,San Bernardino,071,2135413,297340,295596,9302,304898,5183
2021-07-13,San Diego,073,3302833,287321,284997,16001,300998,3785
2021-07-13,San Francisco,075,870044,38347,37725,1393,39118,559
2021-07-13,San Joaquin,077,732212,75168,74500,3834,78334,1417
2021-07-13,San Luis Obispo,079,281455,21648,21423,787,22210,258
2021-07-13,San Mateo,081,765935,43584,43180,526,43706,542
2021-07-13,Santa Barbara,083,443738,35428,34679,1236,35915,461
2021-07-13,Santa Clara,085,1922200,120867,119727,817,120544,2098
2021-07-13,Santa Cruz,087,273765,16443,16315,849,17164,207
2021-07-13,Shasta,089,179085,12753,12659,1706,14365,209
2021-07-13,Sierra,091,2930,65,62,13,75,0
2021-07-13,Siskiyou,093,43540,2006,1916,409,2325,29
2021-07-13,Solano,095,438530,34273,33918,636,34554,268
2021-07-13,Sonoma,097,501317,31726,31431,375,31806,322
2021-07-13,Stanislaus,099,539301,57859,57282,6213,63495,1028
2021-07-13,Sutter,101,95872,9844,9752,96,9848,114
2021-07-13,Tehama,103,63373,5174,5144,609,5753,64
2021-07-13,Trinity,105,12862,474,341,97,438,3
2021-07-13,Tulare,107,460477,50446,49891,9478,59369,853
2021-07-13,Tuolumne,109,53932,4188,4122,40,4162,64
2021-07-13,Ventura,111,848112,82629,81982,3283,85265,1040
2021-07-13,Yolo,113,214977,14447,14320,413,14733,213
2021-07-13,Yuba,115,75493,6366,6279,132,6411,52
2021-07-12,Alameda,001,1643700,91880,90720,2115,92835,1254
2021-07-12,Alpine,003,1148,89,89,0,89,0
2021-07-12,Amador,005,37829,3795,3781,34,3815,47
2021-07-12,Butte,007,227075,12950,12796,1949,14745,202
2021-07-12,Calaveras,009,45235,2246,2228,16,2244,57
2021-07-12,Colusa,011,21464,1987,1971,334,2305,16
2021-07-12,Contra Costa,013,1133247,72713,71833,1382,73215,823
2021-07-12,Del Norte,015,27424,1503,1469,15,1484,8
2021-07-12,El Dorado,017,186661,10699,10569,797,11366,114
2021-07-12,Fresno,019,978130,104066,102853,9007,111860,1728
2021-07-12,Glenn,021,27897,2463,2446,583,3029,20
2021-07-12,Humboldt,023,135768,4685,4621,56,4677,51
2021-07-12,Imperial,025,180216,28928,28789,2832,31621,741
2021-07-12,Inyo,027,18085,1420,1415,26,1441,36
2021-07-12,Kern,029,883053,98436,97660,11481,109141,1346
2021-07-12,Kings,031,150075,23381,23124,1159,24283,246
2021-07-12,Lake,033,64148,3808,3706,13,3719,63
2021-07-12,Lassen,035,31185,5312,5292,121,5413,21
2021-07-12,Los Angeles,037,10098052,1224428,1216230,43589,1259819,24559
2021-07-12,Madera,039,155013,16949,16772,980,17752,240
2021-07-12,Marin,041,260295,14396,14238,277,14515,233
2021-07-12,Mariposa,043,17540,445,442,12,454,5
2021-07-12,Mendocino,045,87422,4290,4175,81,4256,49
2021-07-12,Merced,047,269075,31516,31374,1018,32392,471
2021-07-12,Modoc,049,8938,421,411,149,560,4
2021-07-12,Mono,051,14174,1261,1275,15,1290,3
2021-07-12,Monterey,053,433212,43486,43315,1949,45264,504
2021-07-12,Napa,055,140530,10158,10104,41,10145,81
2021-07-12,Nevada,057,99092,5121,5046,201,5247,72
2021-07-12,Orange,059,3164182,259578,257171,11872,269043,5136
2021-07-12,Placer,061,380077,24327,24052,1677,25729,302
2021-07-12,Plumas,063,18699,731,716,14,730,4
2021-07-12,Riverside,065,2383286,296251,294108,14370,308478,4541
2021-07-12,Sacramento,067,1510023,110927,109849,1967,111816,1685
2021-07-12,San Benito,069,59416,6184,6166,117,6283,63
2021-07-12,San Bernardino,071,2135413,297069,295447,9288,304735,5171
2021-07-12,San Diego,073,3302833,286857,284648,15925,300573,3785
2021-07-12,San Francisco,075,870044,38200,37656,1389,39045,559
2021-07-12,San Joaquin,077,732212,75073,74424,3824,78248,1415
2021-07-12,San Luis Obispo,079,281455,21629,21408,786,22194,258
2021-07-12,San Mateo,081,765935,43491,43138,519,43657,542
2021-07-12,Santa Barbara,083,443738,35386,34664,1234,35898,461
2021-07-12,Santa Clara,085,1922200,120702,119634,814,120448,2098
2021-07-12,Santa Cruz,087,273765,16418,16310,848,17158,207
2021-07-12,Shasta,089,179085,12745,12648,1703,14351,208
2021-07-12,Sierra,091,2930,65,62,13,75,0
2021-07-12,Siskiyou,093,43540,2001,1916,404,2320,29
2021-07-12,Solano,095,438530,34183,33859,627,34486,268
2021-07-12,Sonoma,097,501317,31678,31377,374,31751,322
2021-07-12,Stanislaus,099,539301,57786,57243,6206,63449,1028
2021-07-12,Sutter,101,95872,9827,9736,95,9831,114
2021-07-12,Tehama,103,63373,5169,5138,608,5746,63
2021-07-12,Trinity,105,12862,470,340,95,435,3
2021-07-12,Tulare,107,460477,50418,49882,9465,59347,853
2021-07-12,Tuolumne,109,53932,4184,4116,40,4156,64
2021-07-12,Ventura,111,848112,82528,81919,3262,85181,1040
2021-07-12,Yolo,113,214977,14418,14303,409,14712,213
2021-07-12,Yuba,115,75493,6351,6266,132,6398,52
2021-07-11,Alameda,001,1643700,91552,90597,2100,92697,1254
2021-07-11,Alpine,003,1148,89,89,0,89,0
2021-07-11,Amador,005,37829,3793,3779,34,3813,47
2021-07-11,Butte,007,227075,12928,12794,1942,14736,202
2021-07-11,Calaveras,009,45235,2238,2226,15,2241,57
2021-07-11,Colusa,011,21464,1986,1971,333,2304,16
2021-07-11,Contra Costa,013,1133247,72503,71744,1375,73119,823
2021-07-11,Del Norte,015,27424,1499,1467,14,1481,8
2021-07-11,El Dorado,017,186661,10670,10554,795,11349,114
2021-07-11,Fresno,019,978130,103971,102813,8988,111801,1728
2021-07-11,Glenn,021,27897,2462,2446,583,3029,20
2021-07-11,Humboldt,023,135768,4672,4611,55,4666,51
2021-07-11,Imperial,025,180216,28910,28787,2831,31618,741
2021-07-11,Inyo,027,18085,1418,1415,26,1441,36
2021-07-11,Kern,029,883053,98363,97637,11465,109102,1346
2021-07-11,Kings,031,150075,23350,23116,1156,24272,246
2021-07-11,Lake,033,64148,3777,3699,13,3712,63
2021-07-11,Lassen,035,31185,5309,5291,121,5412,21
2021-07-11,Los Angeles,037,10098052,1222684,1215182,43429,1258611,24558
2021-07-11,Madera,039,155013,16930,16766,979,17745,240
2021-07-11,Marin,041,260295,14370,14231,277,14508,233
2021-07-11,Mariposa,043,17540,444,442,12,454,5
2021-07-11,Mendocino,045,87422,4270,4167,81,4248,49
2021-07-11,Merced,047,269075,31492,31366,1013,32379,471
2021-07-11,Modoc,049,8938,420,411,149,560,4
2021-07-11,Mono,051,14174,1261,1275,15,1290,3
2021-07-11,Monterey,053,433212,43468,43307,1944,45251,504
2021-07-11,Napa,055,140530,10154,10100,41,10141,81
2021-07-11,Nevada,057,99092,5110,5035,200,5235,72
2021-07-11,Orange,059,3164182,259265,257009,11843,268852,5136
2021-07-11,Placer,061,380077,24270,24017,1665,25682,302
2021-07-11,Plumas,063,18699,731,716,14,730,4
2021-07-11,Riverside,065,2383286,295987,293969,14352,308321,4541
2021-07-11,Sacramento,067,1510023,110649,109696,1957,111653,1685
2021-07-11,San Benito,069,59416,6179,6163,117,6280,63
2021-07-11,San Bernardino,071,2135413,296764,295342,9263,304605,5167
2021-07-11,San Diego,073,3302833,286444,283819,15839,299658,3784
2021-07-11,San Francisco,075,870044,38072,37596,1383,38979,559
2021-07-11,San Joaquin,077,732212,74957,74376,3807,78183,1415
2021-07-11,San Luis Obispo,079,281455,21596,21403,785,22188,258
2021-07-11,San Mateo,081,765935,43412,43107,512,43619,542
2021-07-11,Santa Barbara,083,443738,35340,34646,1234,35880,461
2021-07-11,Santa Clara,085,1922200,120548,119549,813,120362,2098
2021-07-11,Santa Cruz,087,273765,16402,16303,848,17151,207
2021-07-11,Shasta,089,179085,12728,12647,1701,14348,208
2021-07-11,Sierra,091,2930,65,62,13,75,0
2021-07-11,Siskiyou,093,43540,1997,1915,402,2317,29
2021-07-11,Solano,095,438530,34101,33837,623,34460,268
2021-07-11,Sonoma,097,501317,31596,31352,374,31726,322
2021-07-11,Stanislaus,099,539301,57713,57230,6195,63425,1028
2021-07-11,Sutter,101,95872,9813,9728,95,9823,114
2021-07-11,Tehama,103,63373,5166,5138,608,5746,63
2021-07-11,Trinity,105,12862,469,340,95,435,3
2021-07-11,Tulare,107,460477,50393,49877,9446,59323,853
2021-07-11,Tuolumne,109,53932,4178,4116,40,4156,64
2021-07-11,Ventura,111,848112,82456,81875,3242,85117,1040
2021-07-11,Yolo,113,214977,14391,14285,403,14688,213
2021-07-11,Yuba,115,75493,6340,6260,132,6392,52
2021-07-10,Alameda,001,1643700,91402,90090,2097,92187,1252
2021-07-10,Alpine,003,1148,89,89,0,89,0
2021-07-10,Amador,005,37829,3787,3773,34,3807,47
2021-07-10,Butte,007,227075,12917,12764,1939,14703,202
2021-07-10,Calaveras,009,45235,2237,2214,15,2229,57
2021-07-10,Colusa,011,21464,1984,1969,333,2302,16
2021-07-10,Contra Costa,013,1133247,72404,71376,1374,72750,821
2021-07-10,Del Norte,015,27424,1497,1451,14,1465,8
2021-07-10,El Dorado,017,186661,10654,10508,791,11299,114
2021-07-10,Fresno,019,978130,103938,102675,8981,111656,1730
2021-07-10,Glenn,021,27897,2459,2440,582,3022,20
2021-07-10,Humboldt,023,135768,4663,4574,55,4629,51
2021-07-10,Imperial,025,180216,28897,28729,2831,31560,741
2021-07-10,Inyo,027,18085,1417,1415,26,1441,36
2021-07-10,Kern,029,883053,98323,97538,11448,108986,1346
2021-07-10,Kings,031,150075,23343,23090,1155,24245,246
2021-07-10,Lake,033,64148,3760,3667,13,3680,63
2021-07-10,Lassen,035,31185,5309,5290,121,5411,21
2021-07-10,Los Angeles,037,10098052,1221666,1212043,43326,1255369,24542
2021-07-10,Madera,039,155013,16924,16744,976,17720,241
2021-07-10,Marin,041,260295,14356,14194,277,14471,233
2021-07-10,Mariposa,043,17540,444,442,12,454,5
2021-07-10,Mendocino,045,87422,4263,4153,80,4233,49
2021-07-10,Merced,047,269075,31479,31328,1013,32341,470
2021-07-10,Modoc,049,8938,420,410,149,559,4
2021-07-10,Mono,051,14174,1261,1275,15,1290,3
2021-07-10,Monterey,053,433212,43454,43251,1942,45193,499
2021-07-10,Napa,055,140530,10142,10077,41,10118,81
2021-07-10,Nevada,057,99092,5101,5000,200,5200,72
2021-07-10,Orange,059,3164182,259092,256438,11827,268265,5135
2021-07-10,Placer,061,380077,24241,23916,1655,25571,302
2021-07-10,Plumas,063,18699,730,717,14,731,4
2021-07-10,Riverside,065,2383286,295801,293474,14338,307812,4541
2021-07-10,Sacramento,067,1510023,110500,109091,1952,111043,1682
2021-07-10,San Benito,069,59416,6174,6141,117,6258,63
2021-07-10,San Bernardino,071,2135413,296576,294932,9251,304183,5117
2021-07-10,San Diego,073,3302833,286154,283577,15786,299363,3783
2021-07-10,San Francisco,075,870044,37987,37338,1380,38718,559
2021-07-10,San Joaquin,077,732212,74900,74150,3801,77951,1412
2021-07-10,San Luis Obispo,079,281455,21585,21375,784,22159,258
2021-07-10,San Mateo,081,765935,43362,42948,510,43458,542
2021-07-10,Santa Barbara,083,443738,35314,34595,1234,35829,460
2021-07-10,Santa Clara,085,1922200,120445,119330,810,120140,2094
2021-07-10,Santa Cruz,087,273765,16395,16286,848,17134,207
2021-07-10,Shasta,089,179085,12715,12623,1696,14319,206
2021-07-10,Sierra,091,2930,65,61,13,74,0
2021-07-10,Siskiyou,093,43540,1995,1909,399,2308,29
2021-07-10,Solano,095,438530,34060,33678,617,34295,268
2021-07-10,Sonoma,097,501317,31545,31231,374,31605,317
2021-07-10,Stanislaus,099,539301,57672,57104,6185,63289,1026
2021-07-10,Sutter,101,95872,9800,9692,95,9787,114
2021-07-10,Tehama,103,63373,5163,5131,608,5739,63
2021-07-10,Trinity,105,12862,469,341,95,436,3
2021-07-10,Tulare,107,460477,50383,49850,9440,59290,853
2021-07-10,Tuolumne,109,53932,4176,4114,40,4154,64
2021-07-10,Ventura,111,848112,82411,81713,3224,84937,1039
2021-07-10,Yolo,113,214977,14370,14250,400,14650,213
2021-07-10,Yuba,115,75493,6330,6238,132,6370,52
2021-07-09,Alameda,001,1643700,91249,90090,2091,92181,1252
2021-07-09,Alpine,003,1148,89,89,0,89,0
2021-07-09,Amador,005,37829,3786,3773,34,3807,47
2021-07-09,Butte,007,227075,12906,12764,1937,14701,202
2021-07-09,Calaveras,009,45235,2235,2214,15,2229,57
2021-07-09,Colusa,011,21464,1983,1969,333,2302,16
2021-07-09,Contra Costa,013,1133247,72279,71376,1373,72749,821
2021-07-09,Del Norte,015,27424,1492,1451,14,1465,8
2021-07-09,El Dorado,017,186661,10639,10508,790,11298,114
2021-07-09,Fresno,019,978130,103882,102675,8974,111649,1730
2021-07-09,Glenn,021,27897,2458,2440,580,3020,20
2021-07-09,Humboldt,023,135768,4644,4574,55,4629,51
2021-07-09,Imperial,025,180216,28889,28729,2830,31559,741
2021-07-09,Inyo,027,18085,1416,1415,26,1441,36
2021-07-09,Kern,029,883053,98285,97538,11436,108974,1346
2021-07-09,Kings,031,150075,23333,23090,1154,24244,246
2021-07-09,Lake,033,64148,3746,3667,13,3680,63
2021-07-09,Lassen,035,31185,5307,5290,120,5410,21
2021-07-09,Los Angeles,037,10098052,1220663,1212043,43253,1255296,24542
2021-07-09,Madera,039,155013,16915,16744,975,17719,241
2021-07-09,Marin,041,260295,14335,14194,276,14470,233
2021-07-09,Mariposa,043,17540,444,442,12,454,5
2021-07-09,Mendocino,045,87422,4256,4153,80,4233,49
2021-07-09,Merced,047,269075,31464,31328,1013,32341,470
2021-07-09,Modoc,049,8938,420,410,149,559,4
2021-07-09,Mono,051,14174,1261,1275,15,1290,3
2021-07-09,Monterey,053,433212,43445,43251,1942,45193,499
2021-07-09,Napa,055,140530,10135,10077,41,10118,81
2021-07-09,Nevada,057,99092,5092,5000,200,5200,72
2021-07-09,Orange,059,3164182,258888,256438,11813,268251,5135
2021-07-09,Placer,061,380077,24219,23916,1649,25565,302
2021-07-09,Plumas,063,18699,728,717,14,731,4
2021-07-09,Riverside,065,2383286,295615,293474,14325,307799,4541
2021-07-09,Sacramento,067,1510023,110347,109091,1943,111034,1682
2021-07-09,San Benito,069,59416,6172,6141,117,6258,63
2021-07-09,San Bernardino,071,2135413,296424,294932,9244,304176,5117
2021-07-09,San Diego,073,3302833,285868,283577,15738,299315,3783
2021-07-09,San Francisco,075,870044,37907,37338,1373,38711,559
2021-07-09,San Joaquin,077,732212,74827,74150,3794,77944,1412
2021-07-09,San Luis Obispo,079,281455,21573,21375,784,22159,258
2021-07-09,San Mateo,081,765935,43316,42948,506,43454,542
2021-07-09,Santa Barbara,083,443738,35295,34595,1233,35828,460
2021-07-09,Santa Clara,085,1922200,120335,119330,810,120140,2094
2021-07-09,Santa Cruz,087,273765,16392,16286,848,17134,207
2021-07-09,Shasta,089,179085,12709,12623,1691,14314,206
2021-07-09,Sierra,091,2930,65,61,13,74,0
2021-07-09,Siskiyou,093,43540,1993,1909,398,2307,29
2021-07-09,Solano,095,438530,34025,33678,613,34291,268
2021-07-09,Sonoma,097,501317,31509,31231,374,31605,317
2021-07-09,Stanislaus,099,539301,57630,57104,6183,63287,1026
2021-07-09,Sutter,101,95872,9791,9692,95,9787,114
2021-07-09,Tehama,103,63373,5161,5131,608,5739,63
2021-07-09,Trinity,105,12862,468,341,92,433,3
2021-07-09,Tulare,107,460477,50370,49850,9434,59284,853
2021-07-09,Tuolumne,109,53932,4173,4114,40,4154,64
2021-07-09,Ventura,111,848112,82356,81713,3215,84928,1039
2021-07-09,Yolo,113,214977,14355,14250,396,14646,213
2021-07-09,Yuba,115,75493,6317,6238,132,6370,52
2021-07-08,Alameda,001,1643700,91039,90090,2086,92176,1252
2021-07-08,Alpine,003,1148,89,89,0,89,0
2021-07-08,Amador,005,37829,3784,3773,34,3807,47
2021-07-08,Butte,007,227075,12893,12764,1934,14698,202
2021-07-08,Calaveras,009,45235,2230,2214,14,2228,57
2021-07-08,Colusa,011,21464,1983,1969,333,2302,16
2021-07-08,Contra Costa,013,1133247,72151,71376,1368,72744,821
2021-07-08,Del Norte,015,27424,1490,1451,14,1465,8
2021-07-08,El Dorado,017,186661,10622,10508,785,11293,114
2021-07-08,Fresno,019,978130,103820,102675,8963,111638,1730
2021-07-08,Glenn,021,27897,2458,2440,580,3020,20
2021-07-08,Humboldt,023,135768,4629,4574,54,4628,51
2021-07-08,Imperial,025,180216,28876,28729,2829,31558,741
2021-07-08,Inyo,027,18085,1416,1415,26,1441,36
2021-07-08,Kern,029,883053,98239,97538,11420,108958,1346
2021-07-08,Kings,031,150075,23324,23090,1154,24244,246
2021-07-08,Lake,033,64148,3732,3667,13,3680,63
2021-07-08,Lassen,035,31185,5304,5290,120,5410,21
2021-07-08,Los Angeles,037,10098052,1219453,1212043,43157,1255200,24542
2021-07-08,Madera,039,155013,16899,16744,975,17719,241
2021-07-08,Marin,041,260295,14321,14194,276,14470,233
2021-07-08,Mariposa,043,17540,443,442,12,454,5
2021-07-08,Mendocino,045,87422,4253,4153,80,4233,49
2021-07-08,Merced,047,269075,31450,31328,1011,32339,470
2021-07-08,Modoc,049,8938,420,410,149,559,4
2021-07-08,Mono,051,14174,1261,1275,15,1290,3
2021-07-08,Monterey,053,433212,43425,43251,1936,45187,499
2021-07-08,Napa,055,140530,10131,10077,41,10118,81
2021-07-08,Nevada,057,99092,5086,5000,200,5200,72
2021-07-08,Orange,059,3164182,258695,256438,11792,268230,5135
2021-07-08,Placer,061,380077,24180,23916,1641,25557,302
2021-07-08,Plumas,063,18699,727,717,14,731,4
2021-07-08,Riverside,065,2383286,295414,293474,14309,307783,4541
2021-07-08,Sacramento,067,1510023,110125,109091,1936,111027,1682
2021-07-08,San Benito,069,59416,6169,6141,117,6258,63
2021-07-08,San Bernardino,071,2135413,296249,294932,9235,304167,5117
2021-07-08,San Diego,073,3302833,285539,283577,15691,299268,3783
2021-07-08,San Francisco,075,870044,37827,37338,1369,38707,559
2021-07-08,San Joaquin,077,732212,74739,74150,3781,77931,1412
2021-07-08,San Luis Obispo,079,281455,21561,21375,781,22156,258
2021-07-08,San Mateo,081,765935,43266,42948,505,43453,542
2021-07-08,Santa Barbara,083,443738,35268,34595,1231,35826,460
2021-07-08,Santa Clara,085,1922200,120242,119330,809,120139,2094
2021-07-08,Santa Cruz,087,273765,16386,16286,848,17134,207
2021-07-08,Shasta,089,179085,12703,12623,1687,14310,206
2021-07-08,Sierra,091,2930,65,61,13,74,0
2021-07-08,Siskiyou,093,43540,1988,1909,395,2304,29
2021-07-08,Solano,095,438530,33971,33678,605,34283,268
2021-07-08,Sonoma,097,501317,31478,31231,373,31604,317
2021-07-08,Stanislaus,099,539301,57595,57104,6179,63283,1026
2021-07-08,Sutter,101,95872,9776,9692,93,9785,114
2021-07-08,Tehama,103,63373,5158,5131,607,5738,63
2021-07-08,Trinity,105,12862,468,341,92,433,3
2021-07-08,Tulare,107,460477,50352,49850,9426,59276,853
2021-07-08,Tuolumne,109,53932,4171,4114,40,4154,64
2021-07-08,Ventura,111,848112,82292,81713,3198,84911,1039
2021-07-08,Yolo,113,214977,14337,14250,394,14644,213
2021-07-08,Yuba,115,75493,6309,6238,132,6370,52
2021-07-07,Alameda,001,1643700,90855,89995,2080,92075,1253
2021-07-07,Alpine,003,1148,89,89,0,89,0
2021-07-07,Amador,005,37829,3779,3770,34,3804,47
2021-07-07,Butte,007,227075,12880,12750,1929,14679,202
2021-07-07,Calaveras,009,45235,2225,2212,14,2226,57
2021-07-07,Colusa,011,21464,1979,1969,333,2302,16
2021-07-07,Contra Costa,013,1133247,72006,71308,1366,72674,821
2021-07-07,Del Norte,015,27424,1485,1446,14,1460,8
2021-07-07,El Dorado,017,186661,10602,10494,783,11277,114
2021-07-07,Fresno,019,978130,103770,102639,8956,111595,1729
2021-07-07,Glenn,021,27897,2458,2441,580,3021,20
2021-07-07,Humboldt,023,135768,4615,4566,54,4620,51
2021-07-07,Imperial,025,180216,28869,28701,2829,31530,740
2021-07-07,Inyo,027,18085,1415,1415,26,1441,36
2021-07-07,Kern,029,883053,98195,97507,11405,108912,1348
2021-07-07,Kings,031,150075,23311,23085,1151,24236,245
2021-07-07,Lake,033,64148,3713,3660,13,3673,63
2021-07-07,Lassen,035,31185,5304,5286,120,5406,21
2021-07-07,Los Angeles,037,10098052,1218274,1211316,43051,1254367,24531
2021-07-07,Madera,039,155013,16888,16733,973,17706,241
2021-07-07,Marin,041,260295,14302,14183,275,14458,233
2021-07-07,Mariposa,043,17540,441,442,12,454,5
2021-07-07,Mendocino,045,87422,4244,4145,80,4225,49
2021-07-07,Merced,047,269075,31435,31317,1011,32328,470
2021-07-07,Modoc,049,8938,420,410,149,559,4
2021-07-07,Mono,051,14174,1260,1274,15,1289,3
2021-07-07,Monterey,053,433212,43401,43233,1934,45167,494
2021-07-07,Napa,055,140530,10120,10078,41,10119,81
2021-07-07,Nevada,057,99092,5079,4996,200,5196,72
2021-07-07,Orange,059,3164182,258468,256301,11769,268070,5132
2021-07-07,Placer,061,380077,24144,23901,1631,25532,302
2021-07-07,Plumas,063,18699,727,710,14,724,4
2021-07-07,Riverside,065,2383286,295199,293331,14299,307630,4538
2021-07-07,Sacramento,067,1510023,109934,108954,1928,110882,1682
2021-07-07,San Benito,069,59416,6164,6137,117,6254,63
2021-07-07,San Bernardino,071,2135413,296081,294787,9228,304015,5087
2021-07-07,San Diego,073,3302833,285221,283377,15651,299028,3782
2021-07-07,San Francisco,075,870044,37735,37284,1366,38650,558
2021-07-07,San Joaquin,077,732212,74662,74095,3765,77860,1410
2021-07-07,San Luis Obispo,079,281455,21552,21360,779,22139,258
2021-07-07,San Mateo,081,765935,43211,42908,502,43410,542
2021-07-07,Santa Barbara,083,443738,35242,34582,1231,35813,460
2021-07-07,Santa Clara,085,1922200,120144,119250,808,120058,2094
2021-07-07,Santa Cruz,087,273765,16377,16279,847,17126,207
2021-07-07,Shasta,089,179085,12695,12613,1684,14297,206
2021-07-07,Sierra,091,2930,65,60,13,73,0
2021-07-07,Siskiyou,093,43540,1982,1908,391,2299,29
2021-07-07,Solano,095,438530,33921,33659,598,34257,268
2021-07-07,Sonoma,097,501317,31432,31172,373,31545,316
2021-07-07,Stanislaus,099,539301,57550,57102,6174,63276,1028
2021-07-07,Sutter,101,95872,9766,9683,93,9776,114
2021-07-07,Tehama,103,63373,5157,5129,607,5736,63
2021-07-07,Trinity,105,12862,468,341,92,433,3
2021-07-07,Tulare,107,460477,50348,49835,9417,59252,853
2021-07-07,Tuolumne,109,53932,4167,4115,39,4154,64
2021-07-07,Ventura,111,848112,82248,81608,3184,84792,1036
2021-07-07,Yolo,113,214977,14327,14236,391,14627,213
2021-07-07,Yuba,115,75493,6293,6233,132,6365,51
2021-07-06,Alameda,001,1643700,90659,89918,2071,91989,1253
2021-07-06,Alpine,003,1148,89,89,0,89,0
2021-07-06,Amador,005,37829,3778,3768,33,3801,47
2021-07-06,Butte,007,227075,12867,12744,1926,14670,201
2021-07-06,Calaveras,009,45235,2225,2211,14,2225,55
2021-07-06,Colusa,011,21464,1978,1967,330,2297,16
2021-07-06,Contra Costa,013,1133247,71877,71262,1364,72626,820
2021-07-06,Del Norte,015,27424,1481,1445,14,1459,8
2021-07-06,El Dorado,017,186661,10584,10484,782,11266,113
2021-07-06,Fresno,019,978130,103718,102616,8945,111561,1727
2021-07-06,Glenn,021,27897,2457,2438,580,3018,20
2021-07-06,Humboldt,023,135768,4601,4565,53,4618,49
2021-07-06,Imperial,025,180216,28854,28693,2827,31520,739
2021-07-06,Inyo,027,18085,1415,1412,26,1438,36
2021-07-06,Kern,029,883053,98153,97491,11394,108885,1346
2021-07-06,Kings,031,150075,23303,23077,1150,24227,245
2021-07-06,Lake,033,64148,3703,3659,13,3672,63
2021-07-06,Lassen,035,31185,5303,5288,119,5407,21
2021-07-06,Los Angeles,037,10098052,1217064,1210965,42952,1253917,24525
2021-07-06,Madera,039,155013,16877,16730,973,17703,241
2021-07-06,Marin,041,260295,14288,14181,275,14456,233
2021-07-06,Mariposa,043,17540,441,442,12,454,5
2021-07-06,Mendocino,045,87422,4237,4143,80,4223,49
2021-07-06,Merced,047,269075,31418,31317,1010,32327,470
2021-07-06,Modoc,049,8938,420,411,149,560,4
2021-07-06,Mono,051,14174,1259,1274,15,1289,3
2021-07-06,Monterey,053,433212,43379,43224,1933,45157,494
2021-07-06,Napa,055,140530,10109,10081,41,10122,81
2021-07-06,Nevada,057,99092,5070,4988,200,5188,72
2021-07-06,Orange,059,3164182,258226,256227,11752,267979,5129
2021-07-06,Placer,061,380077,24103,23876,1625,25501,302
2021-07-06,Plumas,063,18699,726,708,14,722,4
2021-07-06,Riverside,065,2383286,294996,293227,14281,307508,4539
2021-07-06,Sacramento,067,1510023,109723,108850,1920,110770,1679
2021-07-06,San Benito,069,59416,6160,6137,117,6254,63
2021-07-06,San Bernardino,071,2135413,295902,294712,9215,303927,5056
2021-07-06,San Diego,073,3302833,284866,283278,15592,298870,3782
2021-07-06,San Francisco,075,870044,37617,37251,1365,38616,558
2021-07-06,San Joaquin,077,732212,74593,74019,3753,77772,1410
2021-07-06,San Luis Obispo,079,281455,21535,21354,778,22132,257
2021-07-06,San Mateo,081,765935,43135,42895,502,43397,541
2021-07-06,Santa Barbara,083,443738,35224,34572,1229,35801,460
2021-07-06,Santa Clara,085,1922200,120026,119194,805,119999,2095
2021-07-06,Santa Cruz,087,273765,16372,16274,846,17120,207
2021-07-06,Shasta,089,179085,12685,12606,1682,14288,205
2021-07-06,Sierra,091,2930,64,60,13,73,0
2021-07-06,Siskiyou,093,43540,1979,1905,387,2292,29
2021-07-06,Solano,095,438530,33870,33619,595,34214,268
2021-07-06,Sonoma,097,501317,31369,31130,372,31502,316
2021-07-06,Stanislaus,099,539301,57488,57120,6162,63282,1029
2021-07-06,Sutter,101,95872,9757,9674,92,9766,114
2021-07-06,Tehama,103,63373,5154,5126,606,5732,63
2021-07-06,Trinity,105,12862,468,341,92,433,3
2021-07-06,Tulare,107,460477,50333,49826,9406,59232,853
2021-07-06,Tuolumne,109,53932,4165,4113,39,4152,64
2021-07-06,Ventura,111,848112,82208,81534,3158,84692,1033
2021-07-06,Yolo,113,214977,14304,14227,388,14615,213
2021-07-06,Yuba,115,75493,6282,6231,132,6363,51
2021-07-05,Alameda,001,1643700,90483,89892,2065,91957,1253
2021-07-05,Alpine,003,1148,89,89,0,89,0
2021-07-05,Amador,005,37829,3776,3768,33,3801,47
2021-07-05,Butte,007,227075,12859,12740,1916,14656,201
2021-07-05,Calaveras,009,45235,2223,2211,14,2225,55
2021-07-05,Colusa,011,21464,1976,1966,329,2295,16
2021-07-05,Contra Costa,013,1133247,71750,71235,1364,72599,820
2021-07-05,Del Norte,015,27424,1477,1446,14,1460,8
2021-07-05,El Dorado,017,186661,10559,10481,782,11263,113
2021-07-05,Fresno,019,978130,103660,102592,8928,111520,1727
2021-07-05,Glenn,021,27897,2454,2438,579,3017,20
2021-07-05,Humboldt,023,135768,4587,4563,53,4616,49
2021-07-05,Imperial,025,180216,28836,28689,2827,31516,739
2021-07-05,Inyo,027,18085,1415,1412,26,1438,36
2021-07-05,Kern,029,883053,98105,97479,11373,108852,1346
2021-07-05,Kings,031,150075,23295,23065,1147,24212,245
2021-07-05,Lake,033,64148,3685,3645,13,3658,63
2021-07-05,Lassen,035,31185,5300,5288,118,5406,21
2021-07-05,Los Angeles,037,10098052,1215879,1210653,42849,1253502,24522
2021-07-05,Madera,039,155013,16866,16722,972,17694,241
2021-07-05,Marin,041,260295,14267,14178,275,14453,233
2021-07-05,Mariposa,043,17540,441,441,12,453,5
2021-07-05,Mendocino,045,87422,4232,4139,80,4219,49
2021-07-05,Merced,047,269075,31398,31312,1010,32322,470
2021-07-05,Modoc,049,8938,420,410,149,559,4
2021-07-05,Mono,051,14174,1259,1273,15,1288,3
2021-07-05,Monterey,053,433212,43359,43218,1928,45146,494
2021-07-05,Napa,055,140530,10103,10074,41,10115,81
2021-07-05,Nevada,057,99092,5052,4980,199,5179,72
2021-07-05,Orange,059,3164182,258025,256173,11734,267907,5129
2021-07-05,Placer,061,380077,24056,23867,1617,25484,302
2021-07-05,Plumas,063,18699,725,708,14,722,4
2021-07-05,Riverside,065,2383286,294803,293193,14269,307462,4539
2021-07-05,Sacramento,067,1510023,109541,108758,1911,110669,1679
2021-07-05,San Benito,069,59416,6153,6137,117,6254,63
2021-07-05,San Bernardino,071,2135413,295740,294647,9208,303855,5037
2021-07-05,San Diego,073,3302833,284504,282834,15549,298383,3782
2021-07-05,San Francisco,075,870044,37530,37237,1360,38597,558
2021-07-05,San Joaquin,077,732212,74523,73999,3748,77747,1410
2021-07-05,San Luis Obispo,079,281455,21522,21351,777,22128,257
2021-07-05,San Mateo,081,765935,43083,42876,499,43375,541
2021-07-05,Santa Barbara,083,443738,35204,34569,1229,35798,460
2021-07-05,Santa Clara,085,1922200,119921,119184,803,119987,2095
2021-07-05,Santa Cruz,087,273765,16363,16273,845,17118,208
2021-07-05,Shasta,089,179085,12676,12603,1680,14283,205
2021-07-05,Sierra,091,2930,64,60,13,73,0
2021-07-05,Siskiyou,093,43540,1978,1904,385,2289,29
2021-07-05,Solano,095,438530,33801,33612,589,34201,268
2021-07-05,Sonoma,097,501317,31316,31116,372,31488,316
2021-07-05,Stanislaus,099,539301,57452,57109,6152,63261,1029
2021-07-05,Sutter,101,95872,9745,9667,92,9759,114
2021-07-05,Tehama,103,63373,5153,5125,606,5731,63
2021-07-05,Trinity,105,12862,467,341,91,432,3
2021-07-05,Tulare,107,460477,50315,49818,9403,59221,853
2021-07-05,Tuolumne,109,53932,4161,4112,39,4151,64
2021-07-05,Ventura,111,848112,82158,81519,3138,84657,1033
2021-07-05,Yolo,113,214977,14286,14225,379,14604,213
2021-07-05,Yuba,115,75493,6274,6223,132,6355,51
2021-07-04,Alameda,001,1643700,90317,89683,2061,91744,1253
2021-07-04,Alpine,003,1148,89,89,0,89,0
2021-07-04,Amador,005,37829,3775,3758,33,3791,46
2021-07-04,Butte,007,227075,12849,12684,1916,14600,201
2021-07-04,Calaveras,009,45235,2223,2200,14,2214,55
2021-07-04,Colusa,011,21464,1976,1969,329,2298,15
2021-07-04,Contra Costa,013,1133247,71644,70941,1359,72300,818
2021-07-04,Del Norte,015,27424,1474,1439,14,1453,8
2021-07-04,El Dorado,017,186661,10550,10433,781,11214,113
2021-07-04,Fresno,019,978130,103614,102512,8911,111423,1727
2021-07-04,Glenn,021,27897,2452,2442,578,3020,20
2021-07-04,Humboldt,023,135768,4579,4530,53,4583,49
2021-07-04,Imperial,025,180216,28830,28661,2827,31488,739
2021-07-04,Inyo,027,18085,1415,1412,26,1438,35
2021-07-04,Kern,029,883053,98086,97421,11364,108785,1347
2021-07-04,Kings,031,150075,23287,23051,1147,24198,245
2021-07-04,Lake,033,64148,3675,3623,13,3636,62
2021-07-04,Lassen,035,31185,5299,5277,118,5395,20
2021-07-04,Los Angeles,037,10098052,1215026,1208705,42762,1251467,24506
2021-07-04,Madera,039,155013,16854,16696,970,17666,240
2021-07-04,Marin,041,260295,14252,14143,275,14418,233
2021-07-04,Mariposa,043,17540,441,441,12,453,5
2021-07-04,Mendocino,045,87422,4222,4122,80,4202,49
2021-07-04,Merced,047,269075,31387,31297,1010,32307,469
2021-07-04,Modoc,049,8938,420,410,149,559,4
2021-07-04,Mono,051,14174,1259,1275,15,1290,3
2021-07-04,Monterey,053,433212,43343,43212,1927,45139,492
2021-07-04,Napa,055,140530,10095,10045,40,10085,81
2021-07-04,Nevada,057,99092,5043,4966,199,5165,72
2021-07-04,Orange,059,3164182,257850,255823,11713,267536,5126
2021-07-04,Placer,061,380077,24019,23764,1610,25374,299
2021-07-04,Plumas,063,18699,725,707,14,721,4
2021-07-04,Riverside,065,2383286,294643,293260,14263,307523,4536
2021-07-04,Sacramento,067,1510023,109371,108257,1905,110162,1676
2021-07-04,San Benito,069,59416,6146,6108,117,6225,63
2021-07-04,San Bernardino,071,2135413,295573,294294,9201,303495,5003
2021-07-04,San Diego,073,3302833,284280,282692,15511,298203,3780
2021-07-04,San Francisco,075,870044,37473,37107,1354,38461,558
2021-07-04,San Joaquin,077,732212,74457,73841,3740,77581,1409
2021-07-04,San Luis Obispo,079,281455,21516,21330,776,22106,256
2021-07-04,San Mateo,081,765935,43049,42691,499,43190,541
2021-07-04,Santa Barbara,083,443738,35182,34526,1228,35754,456
2021-07-04,Santa Clara,085,1922200,119831,118966,802,119768,2090
2021-07-04,Santa Cruz,087,273765,16352,16254,845,17099,208
2021-07-04,Shasta,089,179085,12672,12582,1679,14261,204
2021-07-04,Sierra,091,2930,63,60,13,73,0
2021-07-04,Siskiyou,093,43540,1974,1899,384,2283,29
2021-07-04,Solano,095,438530,33760,33486,587,34073,268
2021-07-04,Sonoma,097,501317,31286,31000,371,31371,316
2021-07-04,Stanislaus,099,539301,57429,57018,6146,63164,1018
2021-07-04,Sutter,101,95872,9734,9644,92,9736,114
2021-07-04,Tehama,103,63373,5149,5124,606,5730,63
2021-07-04,Trinity,105,12862,466,341,91,432,3
2021-07-04,Tulare,107,460477,50305,49789,9400,59189,853
2021-07-04,Tuolumne,109,53932,4153,4113,39,4152,64
2021-07-04,Ventura,111,848112,82101,81425,3127,84552,1033
2021-07-04,Yolo,113,214977,14266,14188,376,14564,213
2021-07-04,Yuba,115,75493,6266,6197,132,6329,51
2021-07-03,Alameda,001,1643700,90233,89683,2053,91736,1253
2021-07-03,Alpine,003,1148,89,89,0,89,0
2021-07-03,Amador,005,37829,3775,3758,33,3791,46
2021-07-03,Butte,007,227075,12845,12684,1915,14599,201
2021-07-03,Calaveras,009,45235,2222,2200,14,2214,55
2021-07-03,Colusa,011,21464,1975,1969,329,2298,15
2021-07-03,Contra Costa,013,1133247,71585,70941,1356,72297,818
2021-07-03,Del Norte,015,27424,1471,1439,14,1453,8
2021-07-03,El Dorado,017,186661,10543,10433,779,11212,113
2021-07-03,Fresno,019,978130,103589,102512,8902,111414,1727
2021-07-03,Glenn,021,27897,2452,2442,578,3020,20
2021-07-03,Humboldt,023,135768,4574,4530,53,4583,49
2021-07-03,Imperial,025,180216,28820,28661,2827,31488,739
2021-07-03,Inyo,027,18085,1415,1412,26,1438,35
2021-07-03,Kern,029,883053,98066,97421,11356,108777,1347
2021-07-03,Kings,031,150075,23287,23051,1146,24197,245
2021-07-03,Lake,033,64148,3665,3623,13,3636,62
2021-07-03,Lassen,035,31185,5298,5277,118,5395,20
2021-07-03,Los Angeles,037,10098052,1214600,1208705,42732,1251437,24506
2021-07-03,Madera,039,155013,16845,16696,967,17663,240
2021-07-03,Marin,041,260295,14248,14143,275,14418,233
2021-07-03,Mariposa,043,17540,441,441,12,453,5
2021-07-03,Mendocino,045,87422,4221,4122,80,4202,49
2021-07-03,Merced,047,269075,31374,31297,1009,32306,469
2021-07-03,Modoc,049,8938,419,410,149,559,4
2021-07-03,Mono,051,14174,1258,1275,15,1290,3
2021-07-03,Monterey,053,433212,43331,43212,1924,45136,492
2021-07-03,Napa,055,140530,10090,10045,40,10085,81
2021-07-03,Nevada,057,99092,5029,4966,199,5165,72
2021-07-03,Orange,059,3164182,257766,255823,11706,267529,5126
2021-07-03,Placer,061,380077,24000,23764,1607,25371,299
2021-07-03,Plumas,063,18699,725,707,14,721,4
2021-07-03,Riverside,065,2383286,294551,293260,14259,307519,4536
2021-07-03,Sacramento,067,1510023,109297,108257,1902,110159,1676
2021-07-03,San Benito,069,59416,6139,6108,117,6225,63
2021-07-03,San Bernardino,071,2135413,295483,294294,9198,303492,5003
2021-07-03,San Diego,073,3302833,284149,282692,15492,298184,3780
2021-07-03,San Francisco,075,870044,37432,37107,1351,38458,558
2021-07-03,San Joaquin,077,732212,74421,73841,3735,77576,1409
2021-07-03,San Luis Obispo,079,281455,21504,21330,776,22106,256
2021-07-03,San Mateo,081,765935,43024,42691,498,43189,541
2021-07-03,Santa Barbara,083,443738,35173,34526,1227,35753,456
2021-07-03,Santa Clara,085,1922200,119784,118966,802,119768,2090
2021-07-03,Santa Cruz,087,273765,16345,16254,845,17099,208
2021-07-03,Shasta,089,179085,12668,12582,1677,14259,204
2021-07-03,Sierra,091,2930,63,60,13,73,0
2021-07-03,Siskiyou,093,43540,1973,1899,383,2282,29
2021-07-03,Solano,095,438530,33716,33486,587,34073,268
2021-07-03,Sonoma,097,501317,31252,31000,371,31371,316
2021-07-03,Stanislaus,099,539301,57415,57018,6138,63156,1018
2021-07-03,Sutter,101,95872,9724,9644,92,9736,114
2021-07-03,Tehama,103,63373,5147,5124,606,5730,63
2021-07-03,Trinity,105,12862,466,341,91,432,3
2021-07-03,Tulare,107,460477,50299,49789,9394,59183,853
2021-07-03,Tuolumne,109,53932,4152,4113,39,4152,64
2021-07-03,Ventura,111,848112,82071,81425,3119,84544,1033
2021-07-03,Yolo,113,214977,14256,14188,373,14561,213
2021-07-03,Yuba,115,75493,6260,6197,132,6329,51
2021-07-02,Alameda,001,1643700,90151,89683,2052,91735,1253
2021-07-02,Alpine,003,1148,89,89,0,89,0
2021-07-02,Amador,005,37829,3773,3758,33,3791,46
2021-07-02,Butte,007,227075,12838,12684,1915,14599,201
2021-07-02,Calaveras,009,45235,2221,2200,14,2214,55
2021-07-02,Colusa,011,21464,1974,1969,328,2297,15
2021-07-02,Contra Costa,013,1133247,71516,70941,1352,72293,818
2021-07-02,Del Norte,015,27424,1471,1439,14,1453,8
2021-07-02,El Dorado,017,186661,10535,10433,779,11212,113
2021-07-02,Fresno,019,978130,103560,102512,8896,111408,1727
2021-07-02,Glenn,021,27897,2451,2442,577,3019,20
2021-07-02,Humboldt,023,135768,4571,4530,52,4582,49
2021-07-02,Imperial,025,180216,28814,28661,2826,31487,739
2021-07-02,Inyo,027,18085,1415,1412,26,1438,35
2021-07-02,Kern,029,883053,98048,97421,11347,108768,1347
2021-07-02,Kings,031,150075,23277,23051,1146,24197,245
2021-07-02,Lake,033,64148,3659,3623,13,3636,62
2021-07-02,Lassen,035,31185,5298,5277,118,5395,20
2021-07-02,Los Angeles,037,10098052,1214126,1208705,42693,1251398,24506
2021-07-02,Madera,039,155013,16836,16696,966,17662,240
2021-07-02,Marin,041,260295,14243,14143,275,14418,233
2021-07-02,Mariposa,043,17540,441,441,12,453,5
2021-07-02,Mendocino,045,87422,4217,4122,79,4201,49
2021-07-02,Merced,047,269075,31365,31297,1009,32306,469
2021-07-02,Modoc,049,8938,419,410,149,559,4
2021-07-02,Mono,051,14174,1257,1275,15,1290,3
2021-07-02,Monterey,053,433212,43323,43212,1923,45135,492
2021-07-02,Napa,055,140530,10085,10045,40,10085,81
2021-07-02,Nevada,057,99092,5020,4966,199,5165,72
2021-07-02,Orange,059,3164182,257653,255823,11699,267522,5126
2021-07-02,Placer,061,380077,23983,23764,1600,25364,299
2021-07-02,Plumas,063,18699,725,707,14,721,4
2021-07-02,Riverside,065,2383286,294454,293260,14254,307514,4536
2021-07-02,Sacramento,067,1510023,109219,108257,1901,110158,1676
2021-07-02,San Benito,069,59416,6136,6108,117,6225,63
2021-07-02,San Bernardino,071,2135413,295396,294294,9196,303490,5003
2021-07-02,San Diego,073,3302833,284003,282692,15467,298159,3780
2021-07-02,San Francisco,075,870044,37384,37107,1349,38456,558
2021-07-02,San Joaquin,077,732212,74389,73841,3729,77570,1409
2021-07-02,San Luis Obispo,079,281455,21498,21330,775,22105,256
2021-07-02,San Mateo,081,765935,42988,42691,498,43189,541
2021-07-02,Santa Barbara,083,443738,35164,34526,1227,35753,456
2021-07-02,Santa Clara,085,1922200,119706,118966,802,119768,2090
2021-07-02,Santa Cruz,087,273765,16341,16254,845,17099,208
2021-07-02,Shasta,089,179085,12664,12582,1677,14259,204
2021-07-02,Sierra,091,2930,62,60,13,73,0
2021-07-02,Siskiyou,093,43540,1970,1899,382,2281,29
2021-07-02,Solano,095,438530,33691,33486,587,34073,268
2021-07-02,Sonoma,097,501317,31229,31000,371,31371,316
2021-07-02,Stanislaus,099,539301,57393,57018,6137,63155,1018
2021-07-02,Sutter,101,95872,9719,9644,92,9736,114
2021-07-02,Tehama,103,63373,5145,5124,604,5728,63
2021-07-02,Trinity,105,12862,466,341,91,432,3
2021-07-02,Tulare,107,460477,50289,49789,9386,59175,853
2021-07-02,Tuolumne,109,53932,4149,4113,39,4152,64
2021-07-02,Ventura,111,848112,82028,81425,3111,84536,1033
2021-07-02,Yolo,113,214977,14241,14188,371,14559,213
2021-07-02,Yuba,115,75493,6252,6197,132,6329,51
2021-07-01,Alameda,001,1643700,90047,89683,2050,91733,1253
2021-07-01,Alpine,003,1148,89,89,0,89,0
2021-07-01,Amador,005,37829,3772,3758,33,3791,46
2021-07-01,Butte,007,227075,12826,12684,1913,14597,201
2021-07-01,Calaveras,009,45235,2219,2200,14,2214,55
2021-07-01,Colusa,011,21464,1974,1969,326,2295,15
2021-07-01,Contra Costa,013,1133247,71445,70941,1351,72292,818
2021-07-01,Del Norte,015,27424,1470,1439,14,1453,8
2021-07-01,El Dorado,017,186661,10523,10433,779,11212,113
2021-07-01,Fresno,019,978130,103521,102512,8891,111403,1727
2021-07-01,Glenn,021,27897,2451,2442,577,3019,20
2021-07-01,Humboldt,023,135768,4569,4530,52,4582,49
2021-07-01,Imperial,025,180216,28797,28661,2826,31487,739
2021-07-01,Inyo,027,18085,1415,1412,26,1438,35
2021-07-01,Kern,029,883053,98022,97421,11336,108757,1347
2021-07-01,Kings,031,150075,23263,23051,1146,24197,245
2021-07-01,Lake,033,64148,3656,3623,13,3636,62
2021-07-01,Lassen,035,31185,5296,5277,118,5395,20
2021-07-01,Los Angeles,037,10098052,1213528,1208705,42638,1251343,24506
2021-07-01,Madera,039,155013,16827,16696,965,17661,240
2021-07-01,Marin,041,260295,14239,14143,275,14418,233
2021-07-01,Mariposa,043,17540,441,441,12,453,5
2021-07-01,Mendocino,045,87422,4213,4122,78,4200,49
2021-07-01,Merced,047,269075,31359,31297,1009,32306,469
2021-07-01,Modoc,049,8938,419,410,149,559,4
2021-07-01,Mono,051,14174,1256,1275,15,1290,3
2021-07-01,Monterey,053,433212,43315,43212,1919,45131,492
2021-07-01,Napa,055,140530,10078,10045,40,10085,81
2021-07-01,Nevada,057,99092,5015,4966,199,5165,72
2021-07-01,Orange,059,3164182,257532,255823,11680,267503,5126
2021-07-01,Placer,061,380077,23965,23764,1597,25361,299
2021-07-01,Plumas,063,18699,722,707,12,719,4
2021-07-01,Riverside,065,2383286,294345,293260,14246,307506,4536
2021-07-01,Sacramento,067,1510023,109093,108257,1894,110151,1676
2021-07-01,San Benito,069,59416,6132,6108,117,6225,63
2021-07-01,San Bernardino,071,2135413,295276,294294,9191,303485,5003
2021-07-01,San Diego,073,3302833,283825,282692,15430,298122,3780
2021-07-01,San Francisco,075,870044,37348,37107,1347,38454,558
2021-07-01,San Joaquin,077,732212,74338,73841,3725,77566,1409
2021-07-01,San Luis Obispo,079,281455,21483,21330,774,22104,256
2021-07-01,San Mateo,081,765935,42960,42691,497,43188,541
2021-07-01,Santa Barbara,083,443738,35152,34526,1227,35753,456
2021-07-01,Santa Clara,085,1922200,119657,118966,802,119768,2090
2021-07-01,Santa Cruz,087,273765,16336,16254,845,17099,208
2021-07-01,Shasta,089,179085,12656,12582,1676,14258,204
2021-07-01,Sierra,091,2930,62,60,13,73,0
2021-07-01,Siskiyou,093,43540,1970,1899,382,2281,29
2021-07-01,Solano,095,438530,33649,33486,586,34072,268
2021-07-01,Sonoma,097,501317,31185,31000,371,31371,316
2021-07-01,Stanislaus,099,539301,57369,57018,6133,63151,1018
2021-07-01,Sutter,101,95872,9710,9644,92,9736,114
2021-07-01,Tehama,103,63373,5145,5124,603,5727,63
2021-07-01,Trinity,105,12862,466,341,91,432,3
2021-07-01,Tulare,107,460477,50280,49789,9379,59168,853
2021-07-01,Tuolumne,109,53932,4142,4113,39,4152,64
2021-07-01,Ventura,111,848112,81997,81425,3100,84525,1033
2021-07-01,Yolo,113,214977,14226,14188,369,14557,213
2021-07-01,Yuba,115,75493,6245,6197,132,6329,51
2021-06-30,Alameda,001,1643700,89962,89597,2046,91643,1256
2021-06-30,Alpine,003,1148,89,89,0,89,0
2021-06-30,Amador,005,37829,3770,3756,33,3789,46
2021-06-30,Butte,007,227075,12819,12676,1904,14580,201
2021-06-30,Calaveras,009,45235,2214,2198,14,2212,55
2021-06-30,Colusa,011,21464,1972,1967,323,2290,15
2021-06-30,Contra Costa,013,1133247,71381,70869,1348,72217,818
2021-06-30,Del Norte,015,27424,1465,1435,14,1449,8
2021-06-30,El Dorado,017,186661,10504,10420,779,11199,113
2021-06-30,Fresno,019,978130,103485,102490,8888,111378,1727
2021-06-30,Glenn,021,27897,2449,2440,577,3017,20
2021-06-30,Humboldt,023,135768,4553,4522,50,4572,49
2021-06-30,Imperial,025,180216,28789,28651,2826,31477,739
2021-06-30,Inyo,027,18085,1415,1409,26,1435,35
2021-06-30,Kern,029,883053,97981,97267,11324,108591,1348
2021-06-30,Kings,031,150075,23258,23038,1145,24183,245
2021-06-30,Lake,033,64148,3643,3601,13,3614,56
2021-06-30,Lassen,035,31185,5291,5269,118,5387,20
2021-06-30,Los Angeles,037,10098052,1212858,1208246,42594,1250840,24499
2021-06-30,Madera,039,155013,16819,16688,963,17651,240
2021-06-30,Marin,041,260295,14230,14133,274,14407,232
2021-06-30,Mariposa,043,17540,440,441,12,453,5
2021-06-30,Mendocino,045,87422,4203,4115,78,4193,49
2021-06-30,Merced,047,269075,31349,31286,1009,32295,469
2021-06-30,Modoc,049,8938,419,410,149,559,4
2021-06-30,Mono,051,14174,1256,1275,15,1290,3
2021-06-30,Monterey,053,433212,43310,43209,1917,45126,492
2021-06-30,Napa,055,140530,10070,10039,40,10079,81
2021-06-30,Nevada,057,99092,5004,4958,199,5157,72
2021-06-30,Orange,059,3164182,257403,255764,11670,267434,5125
2021-06-30,Placer,061,380077,23942,23721,1593,25314,299
2021-06-30,Plumas,063,18699,722,705,12,717,4
2021-06-30,Riverside,065,2383286,294232,293280,14235,307515,4535
2021-06-30,Sacramento,067,1510023,108954,108137,1890,110027,1676
2021-06-30,San Benito,069,59416,6128,6105,117,6222,63
2021-06-30,San Bernardino,071,2135413,295117,294211,9186,303397,4975
2021-06-30,San Diego,073,3302833,283688,282583,15403,297986,3780
2021-06-30,San Francisco,075,870044,37299,37065,1342,38407,558
2021-06-30,San Joaquin,077,732212,74276,73777,3724,77501,1409
2021-06-30,San Luis Obispo,079,281455,21470,21326,773,22099,256
2021-06-30,San Mateo,081,765935,42923,42599,496,43095,537
2021-06-30,Santa Barbara,083,443738,35136,34521,1227,35748,456
2021-06-30,Santa Clara,085,1922200,119610,118930,799,119729,2090
2021-06-30,Santa Cruz,087,273765,16330,16250,845,17095,208
2021-06-30,Shasta,089,179085,12650,12564,1676,14240,204
2021-06-30,Sierra,091,2930,62,60,13,73,0
2021-06-30,Siskiyou,093,43540,1968,1900,379,2279,29
2021-06-30,Solano,095,438530,33610,33453,584,34037,268
2021-06-30,Sonoma,097,501317,31155,30947,371,31318,316
2021-06-30,Stanislaus,099,539301,57347,56997,6132,63129,1018
2021-06-30,Sutter,101,95872,9700,9638,92,9730,114
2021-06-30,Tehama,103,63373,5143,5124,603,5727,63
2021-06-30,Trinity,105,12862,466,341,91,432,3
2021-06-30,Tulare,107,460477,50269,49764,9368,59132,853
2021-06-30,Tuolumne,109,53932,4139,4112,39,4151,64
2021-06-30,Ventura,111,848112,81954,81392,3095,84487,1032
2021-06-30,Yolo,113,214977,14220,14178,366,14544,213
2021-06-30,Yuba,115,75493,6238,6191,132,6323,51
2021-06-29,Alameda,001,1643700,89858,89519,2045,91564,1257
2021-06-29,Alpine,003,1148,89,89,0,89,0
2021-06-29,Amador,005,37829,3766,3754,33,3787,46
2021-06-29,Butte,007,227075,12811,12669,1904,14573,201
2021-06-29,Calaveras,009,45235,2208,2198,14,2212,55
2021-06-29,Colusa,011,21464,1970,1967,323,2290,15
2021-06-29,Contra Costa,013,1133247,71307,70775,1348,72123,817
2021-06-29,Del Norte,015,27424,1464,1435,14,1449,8
2021-06-29,El Dorado,017,186661,10491,10403,775,11178,113
2021-06-29,Fresno,019,978130,103452,102464,8885,111349,1725
2021-06-29,Glenn,021,27897,2448,2439,577,3016,20
2021-06-29,Humboldt,023,135768,4549,4514,49,4563,49
2021-06-29,Imperial,025,180216,28780,28645,2825,31470,737
2021-06-29,Inyo,027,18085,1415,1408,26,1434,35
2021-06-29,Kern,029,883053,97960,97173,11318,108491,1347
2021-06-29,Kings,031,150075,23249,23035,1144,24179,245
2021-06-29,Lake,033,64148,3637,3594,13,3607,56
2021-06-29,Lassen,035,31185,5284,5268,118,5386,20
2021-06-29,Los Angeles,037,10098052,1212251,1207895,42563,1250458,24498
2021-06-29,Madera,039,155013,16815,16680,962,17642,240
2021-06-29,Marin,041,260295,14218,14127,274,14401,232
2021-06-29,Mariposa,043,17540,440,441,12,453,5
2021-06-29,Mendocino,045,87422,4200,4107,77,4184,49
2021-06-29,Merced,047,269075,31337,31277,1009,32286,469
2021-06-29,Modoc,049,8938,418,408,149,557,3
2021-06-29,Mono,051,14174,1256,1275,15,1290,3
2021-06-29,Monterey,053,433212,43300,43196,1915,45111,471
2021-06-29,Napa,055,140530,10064,10033,40,10073,81
2021-06-29,Nevada,057,99092,4997,4952,199,5151,72
2021-06-29,Orange,059,3164182,257305,255686,11655,267341,5124
2021-06-29,Placer,061,380077,23922,23693,1591,25284,299
2021-06-29,Plumas,063,18699,722,704,12,716,4
2021-06-29,Riverside,065,2383286,294133,292962,14228,307190,4524
2021-06-29,Sacramento,067,1510023,108802,108067,1887,109954,1677
2021-06-29,San Benito,069,59416,6117,6099,117,6216,63
2021-06-29,San Bernardino,071,2135413,295005,294118,9184,303302,4940
2021-06-29,San Diego,073,3302833,283533,282499,15376,297875,3780
2021-06-29,San Francisco,075,870044,37261,37041,1339,38380,558
2021-06-29,San Joaquin,077,732212,74228,73724,3721,77445,1409
2021-06-29,San Luis Obispo,079,281455,21460,21324,772,22096,256
2021-06-29,San Mateo,081,765935,42891,42540,494,43034,540
2021-06-29,Santa Barbara,083,443738,35126,34507,1226,35733,455
2021-06-29,Santa Clara,085,1922200,119555,118893,798,119691,2090
2021-06-29,Santa Cruz,087,273765,16324,16249,845,17094,208
2021-06-29,Shasta,089,179085,12638,12564,1675,14239,204
2021-06-29,Sierra,091,2930,62,59,13,72,0
2021-06-29,Siskiyou,093,43540,1965,1897,375,2272,29
2021-06-29,Solano,095,438530,33577,33440,582,34022,268
2021-06-29,Sonoma,097,501317,31113,30950,369,31319,316
2021-06-29,Stanislaus,099,539301,57319,56980,6125,63105,1018
2021-06-29,Sutter,101,95872,9689,9634,92,9726,114
2021-06-29,Tehama,103,63373,5143,5124,603,5727,63
2021-06-29,Trinity,105,12862,466,341,91,432,3
2021-06-29,Tulare,107,460477,50256,49751,9363,59114,852
2021-06-29,Tuolumne,109,53932,4137,4111,39,4150,64
2021-06-29,Ventura,111,848112,81916,81363,3089,84452,1032
2021-06-29,Yolo,113,214977,14208,14171,365,14536,213
2021-06-29,Yuba,115,75493,6228,6188,132,6320,51
2021-06-28,Alameda,001,1643700,89766,89638,2043,91681,1259
2021-06-28,Alpine,003,1148,89,89,0,89,0
2021-06-28,Amador,005,37829,3765,3753,33,3786,46
2021-06-28,Butte,007,227075,12802,12697,1902,14599,198
2021-06-28,Calaveras,009,45235,2205,2203,14,2217,55
2021-06-28,Colusa,011,21464,1968,1974,323,2297,15
2021-06-28,Contra Costa,013,1133247,71233,70807,1346,72153,816
2021-06-28,Del Norte,015,27424,1464,1436,14,1450,8
2021-06-28,El Dorado,017,186661,10481,10422,771,11193,115
2021-06-28,Fresno,019,978130,103422,103121,8883,112004,1727
2021-06-28,Glenn,021,27897,2448,2439,577,3016,20
2021-06-28,Humboldt,023,135768,4542,4520,48,4568,49
2021-06-28,Imperial,025,180216,28772,28981,2824,31805,741
2021-06-28,Inyo,027,18085,1412,1407,26,1433,35
2021-06-28,Kern,029,883053,97941,97252,11313,108565,1348
2021-06-28,Kings,031,150075,23243,23134,1144,24278,246
2021-06-28,Lake,033,64148,3629,3591,13,3604,56
2021-06-28,Lassen,035,31185,5282,5268,118,5386,20
2021-06-28,Los Angeles,037,10098052,1211735,1207714,42527,1250241,24496
2021-06-28,Madera,039,155013,16805,16683,961,17644,240
2021-06-28,Marin,041,260295,14203,14186,274,14460,232
2021-06-28,Mariposa,043,17540,440,440,12,452,5
2021-06-28,Mendocino,045,87422,4191,4102,76,4178,49
2021-06-28,Merced,047,269075,31325,31277,1009,32286,469
2021-06-28,Modoc,049,8938,418,411,148,559,3
2021-06-28,Mono,051,14174,1256,1276,15,1291,3
2021-06-28,Monterey,053,433212,43296,43202,1914,45116,462
2021-06-28,Napa,055,140530,10055,10050,39,10089,81
2021-06-28,Nevada,057,99092,4993,4951,199,5150,72
2021-06-28,Orange,059,3164182,257215,255755,11641,267396,5123
2021-06-28,Placer,061,380077,23902,23756,1586,25342,299
2021-06-28,Plumas,063,18699,720,704,12,716,4
2021-06-28,Riverside,065,2383286,294008,292647,14215,306862,4507
2021-06-28,Sacramento,067,1510023,108670,108342,1882,110224,1675
2021-06-28,San Benito,069,59416,6115,6101,117,6218,63
2021-06-28,San Bernardino,071,2135413,294904,294151,9179,303330,4928
2021-06-28,San Diego,073,3302833,283370,282417,15347,297764,3780
2021-06-28,San Francisco,075,870044,37225,37372,1337,38709,559
2021-06-28,San Joaquin,077,732212,74180,73973,3717,77690,1411
2021-06-28,San Luis Obispo,079,281455,21456,21340,771,22111,256
2021-06-28,San Mateo,081,765935,42857,42927,493,43420,540
2021-06-28,Santa Barbara,083,443738,35119,34534,1224,35758,455
2021-06-28,Santa Clara,085,1922200,119491,120377,797,121174,2103
2021-06-28,Santa Cruz,087,273765,16319,16245,845,17090,208
2021-06-28,Shasta,089,179085,12634,12642,1673,14315,203
2021-06-28,Sierra,091,2930,62,58,13,71,0
2021-06-28,Siskiyou,093,43540,1964,1896,375,2271,29
2021-06-28,Solano,095,438530,33541,33524,580,34104,267
2021-06-28,Sonoma,097,501317,31076,31137,368,31505,315
2021-06-28,Stanislaus,099,539301,57300,57047,6121,63168,1018
2021-06-28,Sutter,101,95872,9685,9682,92,9774,114
2021-06-28,Tehama,103,63373,5141,5122,603,5725,63
2021-06-28,Trinity,105,12862,466,341,91,432,3
2021-06-28,Tulare,107,460477,50246,49751,9359,59110,850
2021-06-28,Tuolumne,109,53932,4130,4121,39,4160,64
2021-06-28,Ventura,111,848112,81859,81393,3084,84477,1032
2021-06-28,Yolo,113,214977,14199,14199,362,14561,213
2021-06-28,Yuba,115,75493,6223,6207,132,6339,51
2021-06-27,Alameda,001,1643700,89680,89611,2039,91650,1259
2021-06-27,Alpine,003,1148,89,89,0,89,0
2021-06-27,Amador,005,37829,3764,3752,33,3785,46
2021-06-27,Butte,007,227075,12793,12696,1901,14597,198
2021-06-27,Calaveras,009,45235,2204,2203,14,2217,55
2021-06-27,Colusa,011,21464,1968,1974,323,2297,15
2021-06-27,Contra Costa,013,1133247,71147,70762,1342,72104,816
2021-06-27,Del Norte,015,27424,1461,1436,14,1450,8
2021-06-27,El Dorado,017,186661,10469,10418,768,11186,115
2021-06-27,Fresno,019,978130,103393,103110,8881,111991,1727
2021-06-27,Glenn,021,27897,2447,2439,576,3015,20
2021-06-27,Humboldt,023,135768,4530,4513,45,4558,49
2021-06-27,Imperial,025,180216,28758,28987,2824,31811,741
2021-06-27,Inyo,027,18085,1412,1407,26,1433,35
2021-06-27,Kern,029,883053,97915,97249,11306,108555,1348
2021-06-27,Kings,031,150075,23233,23132,1144,24276,246
2021-06-27,Lake,033,64148,3622,3581,13,3594,56
2021-06-27,Lassen,035,31185,5281,5265,118,5383,20
2021-06-27,Los Angeles,037,10098052,1211191,1207461,42487,1249948,24493
2021-06-27,Madera,039,155013,16797,16680,961,17641,240
2021-06-27,Marin,041,260295,14194,14182,274,14456,232
2021-06-27,Mariposa,043,17540,440,440,12,452,5
2021-06-27,Mendocino,045,87422,4184,4100,76,4176,49
2021-06-27,Merced,047,269075,31313,31266,1009,32275,469
2021-06-27,Modoc,049,8938,418,411,148,559,3
2021-06-27,Mono,051,14174,1256,1279,15,1294,3
2021-06-27,Monterey,053,433212,43283,43199,1914,45113,462
2021-06-27,Napa,055,140530,10049,10046,39,10085,81
2021-06-27,Nevada,057,99092,4987,4946,199,5145,72
2021-06-27,Orange,059,3164182,257101,255710,11630,267340,5123
2021-06-27,Placer,061,380077,23869,23731,1583,25314,299
2021-06-27,Plumas,063,18699,720,704,12,716,4
2021-06-27,Riverside,065,2383286,293905,292641,14209,306850,4507
2021-06-27,Sacramento,067,1510023,108536,108279,1878,110157,1675
2021-06-27,San Benito,069,59416,6109,6101,117,6218,63
2021-06-27,San Bernardino,071,2135413,294791,294115,9177,303292,4927
2021-06-27,San Diego,073,3302833,283230,282359,15321,297680,3780
2021-06-27,San Francisco,075,870044,37188,37360,1336,38696,559
2021-06-27,San Joaquin,077,732212,74144,73960,3715,77675,1411
2021-06-27,San Luis Obispo,079,281455,21449,21340,770,22110,256
2021-06-27,San Mateo,081,765935,42828,42925,490,43415,539
2021-06-27,Santa Barbara,083,443738,35104,34533,1222,35755,455
2021-06-27,Santa Clara,085,1922200,119440,120352,796,121148,2103
2021-06-27,Santa Cruz,087,273765,16310,16241,845,17086,208
2021-06-27,Shasta,089,179085,12628,12640,1672,14312,203
2021-06-27,Sierra,091,2930,62,58,13,71,0
2021-06-27,Siskiyou,093,43540,1962,1896,374,2270,29
2021-06-27,Solano,095,438530,33513,33516,580,34096,267
2021-06-27,Sonoma,097,501317,31038,31129,368,31497,315
2021-06-27,Stanislaus,099,539301,57253,57021,6118,63139,1018
2021-06-27,Sutter,101,95872,9679,9678,92,9770,114
2021-06-27,Tehama,103,63373,5137,5122,603,5725,63
2021-06-27,Trinity,105,12862,466,341,90,431,3
2021-06-27,Tulare,107,460477,50233,49749,9352,59101,850
2021-06-27,Tuolumne,109,53932,4128,4121,39,4160,64
2021-06-27,Ventura,111,848112,81825,81361,3075,84436,1032
2021-06-27,Yolo,113,214977,14184,14194,358,14552,213
2021-06-27,Yuba,115,75493,6217,6205,132,6337,51
2021-06-26,Alameda,001,1643700,89622,89560,2037,91597,1259
2021-06-26,Alpine,003,1148,89,89,0,89,0
2021-06-26,Amador,005,37829,3764,3748,33,3781,46
2021-06-26,Butte,007,227075,12789,12693,1898,14591,198
2021-06-26,Calaveras,009,45235,2202,2202,14,2216,55
2021-06-26,Colusa,011,21464,1968,1973,323,2296,15
2021-06-26,Contra Costa,013,1133247,71104,70712,1341,72053,816
2021-06-26,Del Norte,015,27424,1460,1432,14,1446,8
2021-06-26,El Dorado,017,186661,10461,10414,767,11181,115
2021-06-26,Fresno,019,978130,103373,103091,8879,111970,1727
2021-06-26,Glenn,021,27897,2445,2441,576,3017,20
2021-06-26,Humboldt,023,135768,4527,4509,45,4554,49
2021-06-26,Imperial,025,180216,28754,28970,2824,31794,741
2021-06-26,Inyo,027,18085,1412,1407,26,1433,35
2021-06-26,Kern,029,883053,97889,97239,11297,108536,1348
2021-06-26,Kings,031,150075,23229,23128,1143,24271,246
2021-06-26,Lake,033,64148,3611,3576,13,3589,56
2021-06-26,Lassen,035,31185,5278,5263,118,5381,20
2021-06-26,Los Angeles,037,10098052,1210888,1207198,42452,1249650,24490
2021-06-26,Madera,039,155013,16790,16679,960,17639,240
2021-06-26,Marin,041,260295,14185,14180,274,14454,232
2021-06-26,Mariposa,043,17540,440,440,12,452,5
2021-06-26,Mendocino,045,87422,4182,4096,76,4172,49
2021-06-26,Merced,047,269075,31307,31259,1008,32267,469
2021-06-26,Modoc,049,8938,418,411,148,559,3
2021-06-26,Mono,051,14174,1256,1279,15,1294,3
2021-06-26,Monterey,053,433212,43280,43192,1914,45106,462
2021-06-26,Napa,055,140530,10043,10043,39,10082,81
2021-06-26,Nevada,057,99092,4982,4939,199,5138,72
2021-06-26,Orange,059,3164182,257023,255640,11623,267263,5123
2021-06-26,Placer,061,380077,23855,23702,1581,25283,299
2021-06-26,Plumas,063,18699,720,704,12,716,4
2021-06-26,Riverside,065,2383286,293848,292480,14203,306683,4505
2021-06-26,Sacramento,067,1510023,108465,108179,1876,110055,1675
2021-06-26,San Benito,069,59416,6105,6100,117,6217,63
2021-06-26,San Bernardino,071,2135413,294697,294034,9172,303206,4928
2021-06-26,San Diego,073,3302833,283145,282263,15303,297566,3780
2021-06-26,San Francisco,075,870044,37156,37348,1335,38683,559
2021-06-26,San Joaquin,077,732212,74115,73928,3714,77642,1411
2021-06-26,San Luis Obispo,079,281455,21448,21330,769,22099,256
2021-06-26,San Mateo,081,765935,42808,42898,490,43388,539
2021-06-26,Santa Barbara,083,443738,35095,34525,1222,35747,455
2021-06-26,Santa Clara,085,1922200,119407,120321,796,121117,2103
2021-06-26,Santa Cruz,087,273765,16307,16239,845,17084,208
2021-06-26,Shasta,089,179085,12624,12635,1668,14303,203
2021-06-26,Sierra,091,2930,62,58,13,71,0
2021-06-26,Siskiyou,093,43540,1961,1896,373,2269,29
2021-06-26,Solano,095,438530,33495,33489,578,34067,267
2021-06-26,Sonoma,097,501317,31012,31088,368,31456,315
2021-06-26,Stanislaus,099,539301,57233,57006,6116,63122,1018
2021-06-26,Sutter,101,95872,9678,9669,92,9761,114
2021-06-26,Tehama,103,63373,5137,5119,603,5722,63
2021-06-26,Trinity,105,12862,466,341,90,431,3
2021-06-26,Tulare,107,460477,50227,49745,9352,59097,850
2021-06-26,Tuolumne,109,53932,4128,4121,39,4160,64
2021-06-26,Ventura,111,848112,81801,81352,3074,84426,1032
2021-06-26,Yolo,113,214977,14176,14184,358,14542,213
2021-06-26,Yuba,115,75493,6214,6200,132,6332,51
2021-06-25,Alameda,001,1643700,89556,89453,2034,91487,1271
2021-06-25,Alpine,003,1148,89,89,0,89,0
2021-06-25,Amador,005,37829,3763,3746,33,3779,46
2021-06-25,Butte,007,227075,12784,12682,1895,14577,198
2021-06-25,Calaveras,009,45235,2201,2201,14,2215,55
2021-06-25,Colusa,011,21464,1968,1972,323,2295,15
2021-06-25,Contra Costa,013,1133247,71068,70659,1341,72000,815
2021-06-25,Del Norte,015,27424,1460,1426,14,1440,8
2021-06-25,El Dorado,017,186661,10453,10406,764,11170,115
2021-06-25,Fresno,019,978130,103356,103073,8875,111948,1727
2021-06-25,Glenn,021,27897,2445,2441,576,3017,20
2021-06-25,Humboldt,023,135768,4521,4503,43,4546,49
2021-06-25,Imperial,025,180216,28751,28968,2824,31792,740
2021-06-25,Inyo,027,18085,1411,1406,26,1432,35
2021-06-25,Kern,029,883053,97870,97182,11293,108475,1347
2021-06-25,Kings,031,150075,23223,23118,1143,24261,246
2021-06-25,Lake,033,64148,3605,3571,13,3584,56
2021-06-25,Lassen,035,31185,5277,5259,118,5377,20
2021-06-25,Los Angeles,037,10098052,1210612,1206909,42434,1249343,24483
2021-06-25,Madera,039,155013,16787,16670,960,17630,240
2021-06-25,Marin,041,260295,14182,14179,274,14453,232
2021-06-25,Mariposa,043,17540,440,440,12,452,5
2021-06-25,Mendocino,045,87422,4179,4089,76,4165,49
2021-06-25,Merced,047,269075,31299,31256,1008,32264,467
2021-06-25,Modoc,049,8938,418,411,148,559,3
2021-06-25,Mono,051,14174,1256,1279,15,1294,3
2021-06-25,Monterey,053,433212,43275,43184,1913,45097,462
2021-06-25,Napa,055,140530,10038,10037,39,10076,81
2021-06-25,Nevada,057,99092,4979,4932,199,5131,72
2021-06-25,Orange,059,3164182,256952,255574,11621,267195,5119
2021-06-25,Placer,061,380077,23836,23672,1580,25252,299
2021-06-25,Plumas,063,18699,720,702,11,713,4
2021-06-25,Riverside,065,2383286,293781,291663,14197,305860,4490
2021-06-25,Sacramento,067,1510023,108393,108034,1873,109907,1673
2021-06-25,San Benito,069,59416,6101,6098,117,6215,63
2021-06-25,San Bernardino,071,2135413,294642,293941,9170,303111,4911
2021-06-25,San Diego,073,3302833,283085,282157,15290,297447,3779
2021-06-25,San Francisco,075,870044,37133,37338,1334,38672,559
2021-06-25,San Joaquin,077,732212,74082,73860,3712,77572,1410
2021-06-25,San Luis Obispo,079,281455,21445,21325,768,22093,256
2021-06-25,San Mateo,081,765935,42790,42849,490,43339,537
2021-06-25,Santa Barbara,083,443738,35087,34518,1221,35739,454
2021-06-25,Santa Clara,085,1922200,119387,120272,796,121068,2103
2021-06-25,Santa Cruz,087,273765,16304,16230,843,17073,208
2021-06-25,Shasta,089,179085,12614,12633,1667,14300,202
2021-06-25,Sierra,091,2930,62,58,13,71,0
2021-06-25,Siskiyou,093,43540,1960,1894,373,2267,29
2021-06-25,Solano,095,438530,33475,33449,578,34027,267
2021-06-25,Sonoma,097,501317,30990,31043,368,31411,314
2021-06-25,Stanislaus,099,539301,57214,56973,6109,63082,1018
2021-06-25,Sutter,101,95872,9671,9664,92,9756,114
2021-06-25,Tehama,103,63373,5136,5119,603,5722,63
2021-06-25,Trinity,105,12862,466,338,90,428,3
2021-06-25,Tulare,107,460477,50221,49731,9348,59079,850
2021-06-25,Tuolumne,109,53932,4127,4121,39,4160,64
2021-06-25,Ventura,111,848112,81772,81342,3068,84410,1032
2021-06-25,Yolo,113,214977,14170,14172,358,14530,213
2021-06-25,Yuba,115,75493,6210,6195,132,6327,51
2021-06-24,Alameda,001,1643700,89484,89358,2031,91389,1268
2021-06-24,Alpine,003,1148,89,89,0,89,0
2021-06-24,Amador,005,37829,3759,3745,33,3778,46
2021-06-24,Butte,007,227075,12778,12673,1893,14566,198
2021-06-24,Calaveras,009,45235,2198,2202,14,2216,55
2021-06-24,Colusa,011,21464,1967,1972,323,2295,15
2021-06-24,Contra Costa,013,1133247,71009,70590,1341,71931,813
2021-06-24,Del Norte,015,27424,1459,1421,14,1435,8
2021-06-24,El Dorado,017,186661,10446,10402,764,11166,115
2021-06-24,Fresno,019,978130,103336,103061,8872,111933,1727
2021-06-24,Glenn,021,27897,2444,2439,576,3015,20
2021-06-24,Humboldt,023,135768,4516,4493,43,4536,49
2021-06-24,Imperial,025,180216,28748,28981,2824,31805,740
2021-06-24,Inyo,027,18085,1410,1406,26,1432,35
2021-06-24,Kern,029,883053,97851,97129,11280,108409,1346
2021-06-24,Kings,031,150075,23219,23114,1141,24255,246
2021-06-24,Lake,033,64148,3599,3571,13,3584,56
2021-06-24,Lassen,035,31185,5276,5258,118,5376,20
2021-06-24,Los Angeles,037,10098052,1210288,1206590,42411,1249001,24480
2021-06-24,Madera,039,155013,16776,16662,959,17621,240
2021-06-24,Marin,041,260295,14178,14180,274,14454,232
2021-06-24,Mariposa,043,17540,440,440,12,452,5
2021-06-24,Mendocino,045,87422,4171,4085,76,4161,49
2021-06-24,Merced,047,269075,31289,31248,1007,32255,466
2021-06-24,Modoc,049,8938,418,411,148,559,3
2021-06-24,Mono,051,14174,1256,1276,15,1291,3
2021-06-24,Monterey,053,433212,43268,43180,1913,45093,451
2021-06-24,Napa,055,140530,10036,10036,39,10075,80
2021-06-24,Nevada,057,99092,4977,4927,199,5126,72
2021-06-24,Orange,059,3164182,256888,255520,11613,267133,5117
2021-06-24,Placer,061,380077,23811,23659,1578,25237,299
2021-06-24,Plumas,063,18699,719,702,11,713,4
2021-06-24,Riverside,065,2383286,293701,291067,14186,305253,4473
2021-06-24,Sacramento,067,1510023,108305,107965,1871,109836,1672
2021-06-24,San Benito,069,59416,6098,6098,117,6215,63
2021-06-24,San Bernardino,071,2135413,294574,293895,9165,303060,4898
2021-06-24,San Diego,073,3302833,282980,282053,15278,297331,3778
2021-06-24,San Francisco,075,870044,37111,37320,1332,38652,559
2021-06-24,San Joaquin,077,732212,74034,73814,3712,77526,1408
2021-06-24,San Luis Obispo,079,281455,21439,21326,768,22094,256
2021-06-24,San Mateo,081,765935,42764,42814,489,43303,542
2021-06-24,Santa Barbara,083,443738,35081,34512,1220,35732,454
2021-06-24,Santa Clara,085,1922200,119357,120274,795,121069,2103
2021-06-24,Santa Cruz,087,273765,16303,16227,843,17070,208
2021-06-24,Shasta,089,179085,12609,12629,1663,14292,202
2021-06-24,Sierra,091,2930,62,58,13,71,0
2021-06-24,Siskiyou,093,43540,1960,1892,373,2265,28
2021-06-24,Solano,095,438530,33453,33432,576,34008,267
2021-06-24,Sonoma,097,501317,30961,31020,368,31388,314
2021-06-24,Stanislaus,099,539301,57182,56946,6109,63055,1018
2021-06-24,Sutter,101,95872,9664,9660,92,9752,113
2021-06-24,Tehama,103,63373,5133,5115,603,5718,63
2021-06-24,Trinity,105,12862,465,338,90,428,3
2021-06-24,Tulare,107,460477,50210,49730,9346,59076,850
2021-06-24,Tuolumne,109,53932,4125,4120,39,4159,64
2021-06-24,Ventura,111,848112,81744,81332,3067,84399,1032
2021-06-24,Yolo,113,214977,14161,14169,355,14524,213
2021-06-24,Yuba,115,75493,6205,6195,132,6327,51
2021-06-23,Alameda,001,1643700,89412,89338,2030,91368,1266
2021-06-23,Alpine,003,1148,89,88,0,88,0
2021-06-23,Amador,005,37829,3757,3743,33,3776,46
2021-06-23,Butte,007,227075,12771,12666,1893,14559,198
2021-06-23,Calaveras,009,45235,2197,2199,14,2213,55
2021-06-23,Colusa,011,21464,1966,1972,323,2295,15
2021-06-23,Contra Costa,013,1133247,70944,70526,1340,71866,813
2021-06-23,Del Norte,015,27424,1455,1418,14,1432,8
2021-06-23,El Dorado,017,186661,10437,10395,761,11156,115
2021-06-23,Fresno,019,978130,103307,103020,8870,111890,1724
2021-06-23,Glenn,021,27897,2444,2437,575,3012,20
2021-06-23,Humboldt,023,135768,4507,4490,43,4533,48
2021-06-23,Imperial,025,180216,28741,28908,2824,31732,740
2021-06-23,Inyo,027,18085,1410,1406,26,1432,35
2021-06-23,Kern,029,883053,97823,97078,11267,108345,1345
2021-06-23,Kings,031,150075,23212,23105,1139,24244,245
2021-06-23,Lake,033,64148,3590,3566,13,3579,53
2021-06-23,Lassen,035,31185,5273,5257,118,5375,20
2021-06-23,Los Angeles,037,10098052,1209951,1206358,42401,1248759,24472
2021-06-23,Madera,039,155013,16770,16660,959,17619,240
2021-06-23,Marin,041,260295,14172,14177,274,14451,230
2021-06-23,Mariposa,043,17540,440,439,12,451,5
2021-06-23,Mendocino,045,87422,4167,4078,76,4154,49
2021-06-23,Merced,047,269075,31280,31260,1007,32267,465
2021-06-23,Modoc,049,8938,416,407,148,555,3
2021-06-23,Mono,051,14174,1256,1279,15,1294,3
2021-06-23,Monterey,053,433212,43259,43166,1913,45079,439
2021-06-23,Napa,055,140530,10027,10032,39,10071,80
2021-06-23,Nevada,057,99092,4974,4924,199,5123,72
2021-06-23,Orange,059,3164182,256821,255479,11605,267084,5116
2021-06-23,Placer,061,380077,23782,23630,1573,25203,299
2021-06-23,Plumas,063,18699,718,701,11,712,4
2021-06-23,Riverside,065,2383286,293618,290343,14184,304527,4462
2021-06-23,Sacramento,067,1510023,108213,107868,1866,109734,1671
2021-06-23,San Benito,069,59416,6094,6097,117,6214,63
2021-06-23,San Bernardino,071,2135413,294495,293816,9160,302976,4886
2021-06-23,San Diego,073,3302833,282880,281937,15257,297194,3777
2021-06-23,San Francisco,075,870044,37087,37304,1331,38635,559
2021-06-23,San Joaquin,077,732212,73995,73764,3710,77474,1405
2021-06-23,San Luis Obispo,079,281455,21435,21323,767,22090,257
2021-06-23,San Mateo,081,765935,42748,42756,489,43245,542
2021-06-23,Santa Barbara,083,443738,35071,34505,1220,35725,454
2021-06-23,Santa Clara,085,1922200,119328,120233,795,121028,2098
2021-06-23,Santa Cruz,087,273765,16299,16215,843,17058,209
2021-06-23,Shasta,089,179085,12602,12604,1661,14265,202
2021-06-23,Sierra,091,2930,62,57,13,70,0
2021-06-23,Siskiyou,093,43540,1958,1892,373,2265,28
2021-06-23,Solano,095,438530,33409,33408,576,33984,267
2021-06-23,Sonoma,097,501317,30921,30959,366,31325,314
2021-06-23,Stanislaus,099,539301,57149,56926,6108,63034,1017
2021-06-23,Sutter,101,95872,9658,9653,92,9745,113
2021-06-23,Tehama,103,63373,5133,5119,602,5721,63
2021-06-23,Trinity,105,12862,465,338,90,428,3
2021-06-23,Tulare,107,460477,50203,49711,9342,59053,850
2021-06-23,Tuolumne,109,53932,4122,4120,39,4159,64
2021-06-23,Ventura,111,848112,81721,81312,3064,84376,1032
2021-06-23,Yolo,113,214977,14151,14161,355,14516,212
2021-06-23,Yuba,115,75493,6202,6190,132,6322,51
2021-06-22,Alameda,001,1643700,89344,89308,2030,91338,1263
2021-06-22,Alpine,003,1148,89,88,0,88,0
2021-06-22,Amador,005,37829,3754,3743,33,3776,46
2021-06-22,Butte,007,227075,12767,12662,1890,14552,198
2021-06-22,Calaveras,009,45235,2196,2198,14,2212,55
2021-06-22,Colusa,011,21464,1965,1971,323,2294,15
2021-06-22,Contra Costa,013,1133247,70888,70480,1339,71819,813
2021-06-22,Del Norte,015,27424,1452,1417,14,1431,8
2021-06-22,El Dorado,017,186661,10432,10380,760,11140,113
2021-06-22,Fresno,019,978130,103288,102996,8866,111862,1724
2021-06-22,Glenn,021,27897,2443,2435,573,3008,19
2021-06-22,Humboldt,023,135768,4497,4483,43,4526,42
2021-06-22,Imperial,025,180216,28736,28880,2824,31704,740
2021-06-22,Inyo,027,18085,1410,1405,26,1431,35
2021-06-22,Kern,029,883053,97810,97013,11263,108276,1342
2021-06-22,Kings,031,150075,23204,23098,1138,24236,245
2021-06-22,Lake,033,64148,3588,3564,13,3577,45
2021-06-22,Lassen,035,31185,5268,5254,118,5372,20
2021-06-22,Los Angeles,037,10098052,1209638,1206146,42389,1248535,24461
2021-06-22,Madera,039,155013,16765,16652,959,17611,240
2021-06-22,Marin,041,260295,14170,14174,274,14448,230
2021-06-22,Mariposa,043,17540,440,439,12,451,5
2021-06-22,Mendocino,045,87422,4161,4072,76,4148,49
2021-06-22,Merced,047,269075,31269,31267,1007,32274,464
2021-06-22,Modoc,049,8938,414,405,147,552,3
2021-06-22,Mono,051,14174,1256,1277,15,1292,3
2021-06-22,Monterey,053,433212,43256,43162,1912,45074,427
2021-06-22,Napa,055,140530,10022,10029,39,10068,80
2021-06-22,Nevada,057,99092,4968,4923,199,5122,72
2021-06-22,Orange,059,3164182,256752,255452,11594,267046,5114
2021-06-22,Placer,061,380077,23760,23603,1573,25176,299
2021-06-22,Plumas,063,18699,718,697,11,708,4
2021-06-22,Riverside,065,2383286,293557,289839,14180,304019,4456
2021-06-22,Sacramento,067,1510023,108112,107801,1861,109662,1670
2021-06-22,San Benito,069,59416,6093,6098,117,6215,63
2021-06-22,San Bernardino,071,2135413,294419,293770,9154,302924,4873
2021-06-22,San Diego,073,3302833,282775,281867,15235,297102,3771
2021-06-22,San Francisco,075,870044,37073,37287,1331,38618,556
2021-06-22,San Joaquin,077,732212,73965,73723,3709,77432,1405
2021-06-22,San Luis Obispo,079,281455,21432,21321,766,22087,257
2021-06-22,San Mateo,081,765935,42734,42725,483,43208,542
2021-06-22,Santa Barbara,083,443738,35060,34500,1219,35719,454
2021-06-22,Santa Clara,085,1922200,119296,120194,795,120989,2095
2021-06-22,Santa Cruz,087,273765,16294,16218,843,17061,209
2021-06-22,Shasta,089,179085,12591,12616,1658,14274,202
2021-06-22,Sierra,091,2930,61,57,13,70,0
2021-06-22,Siskiyou,093,43540,1958,1892,373,2265,28
2021-06-22,Solano,095,438530,33391,33397,575,33972,267
2021-06-22,Sonoma,097,501317,30881,30933,366,31299,314
2021-06-22,Stanislaus,099,539301,57129,56915,6106,63021,1017
2021-06-22,Sutter,101,95872,9651,9649,92,9741,113
2021-06-22,Tehama,103,63373,5131,5118,601,5719,63
2021-06-22,Trinity,105,12862,463,337,90,427,3
2021-06-22,Tulare,107,460477,50195,49706,9337,59043,850
2021-06-22,Tuolumne,109,53932,4120,4119,39,4158,64
2021-06-22,Ventura,111,848112,81707,81300,3063,84363,1032
2021-06-22,Yolo,113,214977,14146,14157,353,14510,212
2021-06-22,Yuba,115,75493,6198,6181,132,6313,51
2021-06-21,Alameda,001,1643700,89284,89281,2029,91310,1262
2021-06-21,Alpine,003,1148,89,88,0,88,0
2021-06-21,Amador,005,37829,3748,3742,33,3775,46
2021-06-21,Butte,007,227075,12761,12668,1888,14556,195
2021-06-21,Calaveras,009,45235,2195,2194,14,2208,55
2021-06-21,Colusa,011,21464,1964,1970,322,2292,15
2021-06-21,Contra Costa,013,1133247,70817,70439,1337,71776,813
2021-06-21,Del Norte,015,27424,1448,1416,14,1430,8
2021-06-21,El Dorado,017,186661,10426,10375,759,11134,113
2021-06-21,Fresno,019,978130,103269,102971,8863,111834,1724
2021-06-21,Glenn,021,27897,2442,2433,573,3006,19
2021-06-21,Humboldt,023,135768,4488,4478,42,4520,42
2021-06-21,Imperial,025,180216,28732,28855,2824,31679,740
2021-06-21,Inyo,027,18085,1409,1405,26,1431,35
2021-06-21,Kern,029,883053,97781,96995,11254,108249,1342
2021-06-21,Kings,031,150075,23197,23091,1135,24226,245
2021-06-21,Lake,033,64148,3582,3563,13,3576,45
2021-06-21,Lassen,035,31185,5266,5233,118,5351,19
2021-06-21,Los Angeles,037,10098052,1209347,1205994,42368,1248362,24459
2021-06-21,Madera,039,155013,16756,16647,959,17606,240
2021-06-21,Marin,041,260295,14166,14173,274,14447,230
2021-06-21,Mariposa,043,17540,440,439,12,451,5
2021-06-21,Mendocino,045,87422,4158,4085,76,4161,49
2021-06-21,Merced,047,269075,31259,31264,1006,32270,465
2021-06-21,Modoc,049,8938,414,405,147,552,3
2021-06-21,Mono,051,14174,1256,1277,15,1292,3
2021-06-21,Monterey,053,433212,43253,43157,1912,45069,427
2021-06-21,Napa,055,140530,10018,10028,39,10067,80
2021-06-21,Nevada,057,99092,4964,4921,199,5120,72
2021-06-21,Orange,059,3164182,256680,255400,11587,266987,5113
2021-06-21,Placer,061,380077,23735,23577,1573,25150,298
2021-06-21,Plumas,063,18699,716,697,11,708,4
2021-06-21,Riverside,065,2383286,293481,289797,14175,303972,4456
2021-06-21,Sacramento,067,1510023,108001,107757,1860,109617,1669
2021-06-21,San Benito,069,59416,6089,6098,117,6215,63
2021-06-21,San Bernardino,071,2135413,294332,293736,9150,302886,4850
2021-06-21,San Diego,073,3302833,282669,281811,15215,297026,3771
2021-06-21,San Francisco,075,870044,37057,37275,1330,38605,556
2021-06-21,San Joaquin,077,732212,73924,73687,3708,77395,1405
2021-06-21,San Luis Obispo,079,281455,21423,21316,766,22082,257
2021-06-21,San Mateo,081,765935,42717,42685,482,43167,542
2021-06-21,Santa Barbara,083,443738,35055,34492,1219,35711,455
2021-06-21,Santa Clara,085,1922200,119263,120192,794,120986,2093
2021-06-21,Santa Cruz,087,273765,16292,16212,843,17055,208
2021-06-21,Shasta,089,179085,12578,12617,1655,14272,201
2021-06-21,Sierra,091,2930,61,57,13,70,0
2021-06-21,Siskiyou,093,43540,1958,1892,373,2265,27
2021-06-21,Solano,095,438530,33368,33383,574,33957,266
2021-06-21,Sonoma,097,501317,30859,30912,366,31278,314
2021-06-21,Stanislaus,099,539301,57099,56891,6101,62992,1017
2021-06-21,Sutter,101,95872,9650,9649,92,9741,113
2021-06-21,Tehama,103,63373,5131,5115,600,5715,63
2021-06-21,Trinity,105,12862,463,337,90,427,3
2021-06-21,Tulare,107,460477,50184,49689,9333,59022,849
2021-06-21,Tuolumne,109,53932,4116,4119,39,4158,63
2021-06-21,Ventura,111,848112,81679,81291,3059,84350,1031
2021-06-21,Yolo,113,214977,14140,14165,353,14518,212
2021-06-21,Yuba,115,75493,6197,6172,132,6304,51
2021-06-20,Alameda,001,1643700,89221,89255,2028,91283,1263
2021-06-20,Alpine,003,1148,89,88,0,88,0
2021-06-20,Amador,005,37829,3745,3740,33,3773,46
2021-06-20,Butte,007,227075,12754,12668,1887,14555,194
2021-06-20,Calaveras,009,45235,2193,2193,14,2207,55
2021-06-20,Colusa,011,21464,1964,1970,322,2292,15
2021-06-20,Contra Costa,013,1133247,70761,70401,1335,71736,813
2021-06-20,Del Norte,015,27424,1444,1416,14,1430,8
2021-06-20,El Dorado,017,186661,10412,10372,757,11129,113
2021-06-20,Fresno,019,978130,103228,102947,8860,111807,1724
2021-06-20,Glenn,021,27897,2442,2434,573,3007,19
2021-06-20,Humboldt,023,135768,4482,4472,42,4514,42
2021-06-20,Imperial,025,180216,28723,28855,2824,31679,740
2021-06-20,Inyo,027,18085,1408,1405,26,1431,35
2021-06-20,Kern,029,883053,97760,96985,11243,108228,1342
2021-06-20,Kings,031,150075,23192,23088,1133,24221,245
2021-06-20,Lake,033,64148,3580,3563,13,3576,45
2021-06-20,Lassen,035,31185,5263,5230,118,5348,19
2021-06-20,Los Angeles,037,10098052,1209050,1205874,42359,1248233,24456
2021-06-20,Madera,039,155013,16748,16638,957,17595,240
2021-06-20,Marin,041,260295,14163,14166,274,14440,230
2021-06-20,Mariposa,043,17540,438,439,12,451,5
2021-06-20,Mendocino,045,87422,4151,4080,76,4156,49
2021-06-20,Merced,047,269075,31246,31265,1006,32271,465
2021-06-20,Modoc,049,8938,414,405,147,552,3
2021-06-20,Mono,051,14174,1256,1275,15,1290,3
2021-06-20,Monterey,053,433212,43244,43156,1911,45067,427
2021-06-20,Napa,055,140530,10011,10026,38,10064,80
2021-06-20,Nevada,057,99092,4957,4919,199,5118,72
2021-06-20,Orange,059,3164182,256616,255377,11576,266953,5113
2021-06-20,Placer,061,380077,23702,23562,1569,25131,298
2021-06-20,Plumas,063,18699,715,697,11,708,4
2021-06-20,Riverside,065,2383286,293405,289770,14165,303935,4456
2021-06-20,Sacramento,067,1510023,107890,107700,1857,109557,1669
2021-06-20,San Benito,069,59416,6089,6098,117,6215,63
2021-06-20,San Bernardino,071,2135413,294232,293713,9146,302859,4845
2021-06-20,San Diego,073,3302833,282563,281750,15193,296943,3771
2021-06-20,San Francisco,075,870044,37035,37269,1330,38599,556
2021-06-20,San Joaquin,077,732212,73879,73676,3699,77375,1405
2021-06-20,San Luis Obispo,079,281455,21421,21313,766,22079,257
2021-06-20,San Mateo,081,765935,42688,42681,482,43163,542
2021-06-20,Santa Barbara,083,443738,35046,34487,1219,35706,455
2021-06-20,Santa Clara,085,1922200,119228,120163,794,120957,2093
2021-06-20,Santa Cruz,087,273765,16287,16210,843,17053,208
2021-06-20,Shasta,089,179085,12573,12617,1653,14270,201
2021-06-20,Sierra,091,2930,61,57,13,70,0
2021-06-20,Siskiyou,093,43540,1957,1891,373,2264,27
2021-06-20,Solano,095,438530,33346,33361,572,33933,266
2021-06-20,Sonoma,097,501317,30812,30884,363,31247,314
2021-06-20,Stanislaus,099,539301,57065,56868,6100,62968,1017
2021-06-20,Sutter,101,95872,9647,9645,92,9737,113
2021-06-20,Tehama,103,63373,5127,5115,600,5715,63
2021-06-20,Trinity,105,12862,463,337,90,427,3
2021-06-20,Tulare,107,460477,50175,49685,9331,59016,849
2021-06-20,Tuolumne,109,53932,4113,4117,39,4156,63
2021-06-20,Ventura,111,848112,81663,81282,3057,84339,1031
2021-06-20,Yolo,113,214977,14133,14160,353,14513,212
2021-06-20,Yuba,115,75493,6190,6167,132,6299,51
2021-06-19,Alameda,001,1643700,89188,89202,2028,91230,1263
2021-06-19,Alpine,003,1148,89,88,0,88,0
2021-06-19,Amador,005,37829,3743,3739,33,3772,46
2021-06-19,Butte,007,227075,12750,12659,1887,14546,194
2021-06-19,Calaveras,009,45235,2193,2192,14,2206,55
2021-06-19,Colusa,011,21464,1964,1969,322,2291,15
2021-06-19,Contra Costa,013,1133247,70730,70334,1334,71668,813
2021-06-19,Del Norte,015,27424,1443,1416,14,1430,8
2021-06-19,El Dorado,017,186661,10411,10363,756,11119,113
2021-06-19,Fresno,019,978130,103215,102922,8857,111779,1724
2021-06-19,Glenn,021,27897,2441,2434,572,3006,19
2021-06-19,Humboldt,023,135768,4471,4463,42,4505,42
2021-06-19,Imperial,025,180216,28722,28813,2824,31637,740
2021-06-19,Inyo,027,18085,1408,1405,26,1431,35
2021-06-19,Kern,029,883053,97744,96966,11239,108205,1342
2021-06-19,Kings,031,150075,23189,23086,1133,24219,245
2021-06-19,Lake,033,64148,3576,3563,13,3576,45
2021-06-19,Lassen,035,31185,5262,5225,118,5343,19
2021-06-19,Los Angeles,037,10098052,1208852,1205602,42345,1247947,24454
2021-06-19,Madera,039,155013,16746,16632,957,17589,240
2021-06-19,Marin,041,260295,14155,14152,274,14426,230
2021-06-19,Mariposa,043,17540,438,439,12,451,5
2021-06-19,Mendocino,045,87422,4145,4077,76,4153,49
2021-06-19,Merced,047,269075,31244,31256,1006,32262,465
2021-06-19,Modoc,049,8938,413,402,147,549,3
2021-06-19,Mono,051,14174,1256,1275,15,1290,3
2021-06-19,Monterey,053,433212,43238,43153,1911,45064,427
2021-06-19,Napa,055,140530,10007,10025,38,10063,80
2021-06-19,Nevada,057,99092,4952,4910,199,5109,72
2021-06-19,Orange,059,3164182,256569,255329,11573,266902,5112
2021-06-19,Placer,061,380077,23686,23537,1566,25103,298
2021-06-19,Plumas,063,18699,714,697,11,708,4
2021-06-19,Riverside,065,2383286,293359,289720,14165,303885,4456
2021-06-19,Sacramento,067,1510023,107844,107631,1854,109485,1669
2021-06-19,San Benito,069,59416,6088,6098,117,6215,63
2021-06-19,San Bernardino,071,2135413,294188,293673,9143,302816,4844
2021-06-19,San Diego,073,3302833,282503,281682,15179,296861,3771
2021-06-19,San Francisco,075,870044,37022,37256,1330,38586,556
2021-06-19,San Joaquin,077,732212,73863,73652,3695,77347,1405
2021-06-19,San Luis Obispo,079,281455,21419,21308,766,22074,257
2021-06-19,San Mateo,081,765935,42670,42646,480,43126,542
2021-06-19,Santa Barbara,083,443738,35044,34472,1219,35691,455
2021-06-19,Santa Clara,085,1922200,119205,120110,793,120903,2093
2021-06-19,Santa Cruz,087,273765,16282,16206,843,17049,208
2021-06-19,Shasta,089,179085,12571,12615,1652,14267,201
2021-06-19,Sierra,091,2930,61,57,13,70,0
2021-06-19,Siskiyou,093,43540,1957,1891,372,2263,27
2021-06-19,Solano,095,438530,33336,33341,571,33912,266
2021-06-19,Sonoma,097,501317,30771,30841,362,31203,314
2021-06-19,Stanislaus,099,539301,57046,56847,6097,62944,1017
2021-06-19,Sutter,101,95872,9644,9645,92,9737,113
2021-06-19,Tehama,103,63373,5126,5115,600,5715,63
2021-06-19,Trinity,105,12862,463,337,90,427,3
2021-06-19,Tulare,107,460477,50168,49681,9326,59007,849
2021-06-19,Tuolumne,109,53932,4113,4117,39,4156,63
2021-06-19,Ventura,111,848112,81650,81270,3056,84326,1031
2021-06-19,Yolo,113,214977,14129,14156,352,14508,212
2021-06-19,Yuba,115,75493,6189,6157,132,6289,51
2021-06-18,Alameda,001,1643700,89151,89123,2028,91151,1263
2021-06-18,Alpine,003,1148,89,88,0,88,0
2021-06-18,Amador,005,37829,3743,3739,33,3772,46
2021-06-18,Butte,007,227075,12747,12653,1884,14537,194
2021-06-18,Calaveras,009,45235,2193,2191,14,2205,55
2021-06-18,Colusa,011,21464,1963,1969,322,2291,15
2021-06-18,Contra Costa,013,1133247,70688,70271,1332,71603,813
2021-06-18,Del Norte,015,27424,1443,1415,14,1429,8
2021-06-18,El Dorado,017,186661,10408,10348,754,11102,113
2021-06-18,Fresno,019,978130,103199,102894,8855,111749,1722
2021-06-18,Glenn,021,27897,2440,2430,572,3002,19
2021-06-18,Humboldt,023,135768,4463,4450,42,4492,42
2021-06-18,Imperial,025,180216,28720,28809,2824,31633,740
2021-06-18,Inyo,027,18085,1408,1405,26,1431,35
2021-06-18,Kern,029,883053,97733,96948,11233,108181,1341
2021-06-18,Kings,031,150075,23184,23082,1133,24215,245
2021-06-18,Lake,033,64148,3572,3563,13,3576,45
2021-06-18,Lassen,035,31185,5261,5224,118,5342,19
2021-06-18,Los Angeles,037,10098052,1208696,1205472,42328,1247800,24451
2021-06-18,Madera,039,155013,16740,16625,957,17582,241
2021-06-18,Marin,041,260295,14152,14147,274,14421,230
2021-06-18,Mariposa,043,17540,438,439,12,451,5
2021-06-18,Mendocino,045,87422,4140,4068,76,4144,49
2021-06-18,Merced,047,269075,31242,31262,1006,32268,464
2021-06-18,Modoc,049,8938,413,402,147,549,3
2021-06-18,Mono,051,14174,1255,1275,14,1289,3
2021-06-18,Monterey,053,433212,43235,43148,1911,45059,427
2021-06-18,Napa,055,140530,10003,10021,38,10059,80
2021-06-18,Nevada,057,99092,4944,4903,199,5102,72
2021-06-18,Orange,059,3164182,256531,255274,11570,266844,5108
2021-06-18,Placer,061,380077,23678,23500,1563,25063,298
2021-06-18,Plumas,063,18699,714,697,11,708,4
2021-06-18,Riverside,065,2383286,293311,289676,14164,303840,4457
2021-06-18,Sacramento,067,1510023,107796,107570,1854,109424,1669
2021-06-18,San Benito,069,59416,6087,6097,117,6214,63
2021-06-18,San Bernardino,071,2135413,294143,293629,9139,302768,4826
2021-06-18,San Diego,073,3302833,282427,281608,15168,296776,3771
2021-06-18,San Francisco,075,870044,37013,37246,1330,38576,556
2021-06-18,San Joaquin,077,732212,73845,73623,3693,77316,1403
2021-06-18,San Luis Obispo,079,281455,21415,21301,765,22066,257
2021-06-18,San Mateo,081,765935,42659,42630,479,43109,542
2021-06-18,Santa Barbara,083,443738,35033,34469,1219,35688,455
2021-06-18,Santa Clara,085,1922200,119184,120081,792,120873,2093
2021-06-18,Santa Cruz,087,273765,16278,16202,843,17045,208
2021-06-18,Shasta,089,179085,12567,12607,1650,14257,201
2021-06-18,Sierra,091,2930,60,57,13,70,0
2021-06-18,Siskiyou,093,43540,1957,1890,372,2262,27
2021-06-18,Solano,095,438530,33322,33323,571,33894,266
2021-06-18,Sonoma,097,501317,30753,30816,361,31177,313
2021-06-18,Stanislaus,099,539301,57031,56803,6095,62898,1012
2021-06-18,Sutter,101,95872,9641,9643,92,9735,113
2021-06-18,Tehama,103,63373,5124,5114,600,5714,63
2021-06-18,Trinity,105,12862,463,337,89,426,3
2021-06-18,Tulare,107,460477,50166,49664,9319,58983,849
2021-06-18,Tuolumne,109,53932,4111,4116,39,4155,63
2021-06-18,Ventura,111,848112,81640,81256,3051,84307,1031
2021-06-18,Yolo,113,214977,14126,14148,350,14498,212
2021-06-18,Yuba,115,75493,6183,6150,132,6282,51
2021-06-17,Alameda,001,1643700,89105,89087,2028,91115,1262
2021-06-17,Alpine,003,1148,89,88,0,88,0
2021-06-17,Amador,005,37829,3741,3731,33,3764,46
2021-06-17,Butte,007,227075,12737,12644,1883,14527,194
2021-06-17,Calaveras,009,45235,2192,2189,14,2203,55
2021-06-17,Colusa,011,21464,1962,1969,322,2291,15
2021-06-17,Contra Costa,013,1133247,70649,70190,1329,71519,810
2021-06-17,Del Norte,015,27424,1441,1413,14,1427,8
2021-06-17,El Dorado,017,186661,10398,10341,754,11095,113
2021-06-17,Fresno,019,978130,103173,102867,8851,111718,1722
2021-06-17,Glenn,021,27897,2440,2430,572,3002,19
2021-06-17,Humboldt,023,135768,4454,4438,42,4480,42
2021-06-17,Imperial,025,180216,28712,28801,2824,31625,741
2021-06-17,Inyo,027,18085,1408,1405,26,1431,35
2021-06-17,Kern,029,883053,97718,96840,11227,108067,1340
2021-06-17,Kings,031,150075,23180,23078,1132,24210,245
2021-06-17,Lake,033,64148,3569,3563,9,3572,45
2021-06-17,Lassen,035,31185,5257,5223,118,5341,19
2021-06-17,Los Angeles,037,10098052,1208485,1205301,42299,1247600,24444
2021-06-17,Madera,039,155013,16735,16618,957,17575,241
2021-06-17,Marin,041,260295,14152,14141,274,14415,229
2021-06-17,Mariposa,043,17540,438,439,12,451,5
2021-06-17,Mendocino,045,87422,4133,4054,76,4130,49
2021-06-17,Merced,047,269075,31237,31262,1006,32268,464
2021-06-17,Modoc,049,8938,412,401,147,548,3
2021-06-17,Mono,051,14174,1254,1275,14,1289,3
2021-06-17,Monterey,053,433212,43227,43140,1911,45051,416
2021-06-17,Napa,055,140530,10003,10014,38,10052,80
2021-06-17,Nevada,057,99092,4940,4898,199,5097,72
2021-06-17,Orange,059,3164182,256485,255240,11559,266799,5109
2021-06-17,Placer,061,380077,23662,23461,1561,25022,298
2021-06-17,Plumas,063,18699,713,697,11,708,4
2021-06-17,Riverside,065,2383286,293258,289627,14161,303788,4458
2021-06-17,Sacramento,067,1510023,107732,107492,1852,109344,1666
2021-06-17,San Benito,069,59416,6087,6097,117,6214,63
2021-06-17,San Bernardino,071,2135413,294103,293560,9139,302699,4811
2021-06-17,San Diego,073,3302833,282351,281531,15154,296685,3771
2021-06-17,San Francisco,075,870044,37002,37243,1329,38572,556
2021-06-17,San Joaquin,077,732212,73821,73560,3688,77248,1403
2021-06-17,San Luis Obispo,079,281455,21413,21297,765,22062,257
2021-06-17,San Mateo,081,765935,42653,42615,479,43094,542
2021-06-17,Santa Barbara,083,443738,35027,34466,1219,35685,453
2021-06-17,Santa Clara,085,1922200,119159,120032,791,120823,2093
2021-06-17,Santa Cruz,087,273765,16274,16197,843,17040,208
2021-06-17,Shasta,089,179085,12559,12597,1650,14247,201
2021-06-17,Sierra,091,2930,60,56,13,69,0
2021-06-17,Siskiyou,093,43540,1956,1889,372,2261,27
2021-06-17,Solano,095,438530,33301,33296,570,33866,266
2021-06-17,Sonoma,097,501317,30722,30793,361,31154,323
2021-06-17,Stanislaus,099,539301,57000,56752,6089,62841,1012
2021-06-17,Sutter,101,95872,9638,9629,92,9721,113
2021-06-17,Tehama,103,63373,5123,5112,598,5710,63
2021-06-17,Trinity,105,12862,462,337,89,426,3
2021-06-17,Tulare,107,460477,50161,49649,9311,58960,849
2021-06-17,Tuolumne,109,53932,4110,4116,39,4155,63
2021-06-17,Ventura,111,848112,81631,81248,3048,84296,1030
2021-06-17,Yolo,113,214977,14118,14141,350,14491,212
2021-06-17,Yuba,115,75493,6174,6140,132,6272,51
2021-06-16,Alameda,001,1643700,89054,89045,2024,91069,1265
2021-06-16,Alpine,003,1148,89,88,0,88,0
2021-06-16,Amador,005,37829,3740,3730,33,3763,46
2021-06-16,Butte,007,227075,12735,12635,1881,14516,194
2021-06-16,Calaveras,009,45235,2190,2188,14,2202,55
2021-06-16,Colusa,011,21464,1962,1967,322,2289,15
2021-06-16,Contra Costa,013,1133247,70597,70136,1328,71464,810
2021-06-16,Del Norte,015,27424,1438,1413,14,1427,8
2021-06-16,El Dorado,017,186661,10392,10334,753,11087,113
2021-06-16,Fresno,019,978130,103143,102842,8847,111689,1722
2021-06-16,Glenn,021,27897,2440,2430,572,3002,19
2021-06-16,Humboldt,023,135768,4445,4427,41,4468,42
2021-06-16,Imperial,025,180216,28709,28796,2824,31620,741
2021-06-16,Inyo,027,18085,1407,1405,26,1431,35
2021-06-16,Kern,029,883053,97696,96789,11219,108008,1339
2021-06-16,Kings,031,150075,23179,23072,1131,24203,245
2021-06-16,Lake,033,64148,3569,3562,9,3571,45
2021-06-16,Lassen,035,31185,5254,5216,118,5334,19
2021-06-16,Los Angeles,037,10098052,1208262,1205102,42288,1247390,24439
2021-06-16,Madera,039,155013,16731,16603,957,17560,240
2021-06-16,Marin,041,260295,14150,14137,274,14411,229
2021-06-16,Mariposa,043,17540,438,437,12,449,5
2021-06-16,Mendocino,045,87422,4125,4041,76,4117,49
2021-06-16,Merced,047,269075,31229,31250,1006,32256,463
2021-06-16,Modoc,049,8938,411,383,146,529,3
2021-06-16,Mono,051,14174,1254,1275,14,1289,3
2021-06-16,Monterey,053,433212,43224,43122,1911,45033,416
2021-06-16,Napa,055,140530,9999,10011,38,10049,80
2021-06-16,Nevada,057,99092,4935,4894,199,5093,72
2021-06-16,Orange,059,3164182,256432,255188,11552,266740,5109
2021-06-16,Placer,061,380077,23652,23425,1557,24982,298
2021-06-16,Plumas,063,18699,713,697,11,708,4
2021-06-16,Riverside,065,2383286,293197,289539,14159,303698,4457
2021-06-16,Sacramento,067,1510023,107662,107422,1848,109270,1665
2021-06-16,San Benito,069,59416,6087,6090,117,6207,63
2021-06-16,San Bernardino,071,2135413,294054,293499,9137,302636,4797
2021-06-16,San Diego,073,3302833,282273,281423,15141,296564,3770
2021-06-16,San Francisco,075,870044,36989,37222,1327,38549,555
2021-06-16,San Joaquin,077,732212,73784,73530,3684,77214,1399
2021-06-16,San Luis Obispo,079,281455,21408,21294,765,22059,257
2021-06-16,San Mateo,081,765935,42637,42601,479,43080,542
2021-06-16,Santa Barbara,083,443738,35021,34459,1219,35678,460
2021-06-16,Santa Clara,085,1922200,119127,119982,791,120773,2087
2021-06-16,Santa Cruz,087,273765,16271,16187,843,17030,208
2021-06-16,Shasta,089,179085,12554,12592,1649,14241,200
2021-06-16,Sierra,091,2930,60,56,13,69,0
2021-06-16,Siskiyou,093,43540,1955,1886,372,2258,26
2021-06-16,Solano,095,438530,33273,33276,570,33846,266
2021-06-16,Sonoma,097,501317,30686,30741,361,31102,323
2021-06-16,Stanislaus,099,539301,56969,56738,6087,62825,984
2021-06-16,Sutter,101,95872,9634,9620,92,9712,113
2021-06-16,Tehama,103,63373,5121,5106,598,5704,63
2021-06-16,Trinity,105,12862,461,332,89,421,3
2021-06-16,Tulare,107,460477,50156,49578,9307,58885,849
2021-06-16,Tuolumne,109,53932,4110,4110,39,4149,63
2021-06-16,Ventura,111,848112,81617,81229,3046,84275,1029
2021-06-16,Yolo,113,214977,14109,14135,349,14484,212
2021-06-16,Yuba,115,75493,6164,6134,132,6266,51
2021-06-15,Alameda,001,1643700,89011,89008,2024,91032,1262
2021-06-15,Alpine,003,1148,89,88,0,88,0
2021-06-15,Amador,005,37829,3737,3723,33,3756,46
2021-06-15,Butte,007,227075,12727,12620,1880,14500,194
2021-06-15,Calaveras,009,45235,2188,2188,14,2202,55
2021-06-15,Colusa,011,21464,1962,1967,320,2287,15
2021-06-15,Contra Costa,013,1133247,70535,70101,1328,71429,810
2021-06-15,Del Norte,015,27424,1437,1411,14,1425,8
2021-06-15,El Dorado,017,186661,10383,10330,753,11083,113
2021-06-15,Fresno,019,978130,103112,102828,8846,111674,1722
2021-06-15,Glenn,021,27897,2439,2426,572,2998,19
2021-06-15,Humboldt,023,135768,4436,4414,40,4454,42
2021-06-15,Imperial,025,180216,28703,28789,2824,31613,741
2021-06-15,Inyo,027,18085,1407,1405,26,1431,35
2021-06-15,Kern,029,883053,97668,96782,11211,107993,1338
2021-06-15,Kings,031,150075,23173,23070,1129,24199,245
2021-06-15,Lake,033,64148,3568,3559,9,3568,45
2021-06-15,Lassen,035,31185,5253,5211,118,5329,19
2021-06-15,Los Angeles,037,10098052,1208033,1204926,42280,1247206,24435
2021-06-15,Madera,039,155013,16724,16600,956,17556,240
2021-06-15,Marin,041,260295,14142,14135,274,14409,229
2021-06-15,Mariposa,043,17540,438,437,12,449,5
2021-06-15,Mendocino,045,87422,4118,4034,76,4110,49
2021-06-15,Merced,047,269075,31223,31244,1006,32250,461
2021-06-15,Modoc,049,8938,410,383,146,529,3
2021-06-15,Mono,051,14174,1254,1275,14,1289,3
2021-06-15,Monterey,053,433212,43218,43118,1911,45029,416
2021-06-15,Napa,055,140530,9997,10010,38,10048,80
2021-06-15,Nevada,057,99092,4932,4888,199,5087,72
2021-06-15,Orange,059,3164182,256393,255127,11543,266670,5105
2021-06-15,Placer,061,380077,23630,23396,1556,24952,298
2021-06-15,Plumas,063,18699,712,697,11,708,4
2021-06-15,Riverside,065,2383286,293139,289508,14155,303663,4455
2021-06-15,Sacramento,067,1510023,107587,107370,1842,109212,1662
2021-06-15,San Benito,069,59416,6086,6089,117,6206,63
2021-06-15,San Bernardino,071,2135413,294004,293463,9131,302594,4790
2021-06-15,San Diego,073,3302833,282188,281375,15127,296502,3770
2021-06-15,San Francisco,075,870044,36980,37210,1326,38536,555
2021-06-15,San Joaquin,077,732212,73744,73494,3679,77173,1399
2021-06-15,San Luis Obispo,079,281455,21403,21293,764,22057,257
2021-06-15,San Mateo,081,765935,42624,42593,479,43072,543
2021-06-15,Santa Barbara,083,443738,35016,34451,1219,35670,460
2021-06-15,Santa Clara,085,1922200,119089,119963,791,120754,2086
2021-06-15,Santa Cruz,087,273765,16264,16180,842,17022,208
2021-06-15,Shasta,089,179085,12548,12583,1649,14232,201
2021-06-15,Sierra,091,2930,59,55,13,68,0
2021-06-15,Siskiyou,093,43540,1954,1887,372,2259,26
2021-06-15,Solano,095,438530,33254,33264,570,33834,266
2021-06-15,Sonoma,097,501317,30647,30707,360,31067,323
2021-06-15,Stanislaus,099,539301,56940,56724,6083,62807,979
2021-06-15,Sutter,101,95872,9625,9616,92,9708,113
2021-06-15,Tehama,103,63373,5119,5102,598,5700,63
2021-06-15,Trinity,105,12862,460,332,89,421,3
2021-06-15,Tulare,107,460477,50149,49561,9304,58865,848
2021-06-15,Tuolumne,109,53932,4110,4111,39,4150,63
2021-06-15,Ventura,111,848112,81606,81215,3043,84258,1029
2021-06-15,Yolo,113,214977,14105,14127,347,14474,212
2021-06-15,Yuba,115,75493,6153,6130,132,6262,51
2021-06-14,Alameda,001,1643700,88961,88966,2023,90989,1264
2021-06-14,Alpine,003,1148,89,88,0,88,0
2021-06-14,Amador,005,37829,3736,3722,33,3755,46
2021-06-14,Butte,007,227075,12716,12613,1876,14489,194
2021-06-14,Calaveras,009,45235,2186,2190,14,2204,55
2021-06-14,Colusa,011,21464,1961,1966,320,2286,15
2021-06-14,Contra Costa,013,1133247,70482,70069,1326,71395,810
2021-06-14,Del Norte,015,27424,1437,1411,14,1425,8
2021-06-14,El Dorado,017,186661,10374,10327,752,11079,113
2021-06-14,Fresno,019,978130,103090,102812,8845,111657,1719
2021-06-14,Glenn,021,27897,2439,2426,572,2998,19
2021-06-14,Humboldt,023,135768,4428,4407,39,4446,42
2021-06-14,Imperial,025,180216,28691,28836,2824,31660,741
2021-06-14,Inyo,027,18085,1406,1405,26,1431,35
2021-06-14,Kern,029,883053,97648,96760,11201,107961,1337
2021-06-14,Kings,031,150075,23170,23071,1128,24199,245
2021-06-14,Lake,033,64148,3567,3557,9,3566,45
2021-06-14,Lassen,035,31185,5250,5209,117,5326,19
2021-06-14,Los Angeles,037,10098052,1207799,1204748,42270,1247018,24434
2021-06-14,Madera,039,155013,16718,16597,955,17552,240
2021-06-14,Marin,041,260295,14140,14133,274,14407,229
2021-06-14,Mariposa,043,17540,437,437,12,449,5
2021-06-14,Mendocino,045,87422,4112,4028,76,4104,49
2021-06-14,Merced,047,269075,31214,31241,1005,32246,461
2021-06-14,Modoc,049,8938,401,382,144,526,3
2021-06-14,Mono,051,14174,1254,1275,14,1289,3
2021-06-14,Monterey,053,433212,43215,43110,1911,45021,415
2021-06-14,Napa,055,140530,9993,10000,38,10038,80
2021-06-14,Nevada,057,99092,4925,4885,199,5084,72
2021-06-14,Orange,059,3164182,256355,255069,11539,266608,5103
2021-06-14,Placer,061,380077,23605,23379,1555,24934,298
2021-06-14,Plumas,063,18699,712,696,11,707,4
2021-06-14,Riverside,065,2383286,293086,289476,14154,303630,4453
2021-06-14,Sacramento,067,1510023,107533,107334,1837,109171,1661
2021-06-14,San Benito,069,59416,6086,6087,117,6204,63
2021-06-14,San Bernardino,071,2135413,293948,293446,9127,302573,4790
2021-06-14,San Diego,073,3302833,282082,281314,15107,296421,3770
2021-06-14,San Francisco,075,870044,36967,37206,1326,38532,555
2021-06-14,San Joaquin,077,732212,73715,73453,3679,77132,1398
2021-06-14,San Luis Obispo,079,281455,21401,21302,764,22066,256
2021-06-14,San Mateo,081,765935,42610,42619,478,43097,543
2021-06-14,Santa Barbara,083,443738,35013,34449,1219,35668,460
2021-06-14,Santa Clara,085,1922200,119058,119957,790,120747,2085
2021-06-14,Santa Cruz,087,273765,16262,16175,842,17017,208
2021-06-14,Shasta,089,179085,12537,12561,1646,14207,201
2021-06-14,Sierra,091,2930,58,55,13,68,0
2021-06-14,Siskiyou,093,43540,1954,1886,372,2258,26
2021-06-14,Solano,095,438530,33237,33243,569,33812,266
2021-06-14,Sonoma,097,501317,30615,30679,359,31038,323
2021-06-14,Stanislaus,099,539301,56903,56689,6080,62769,975
2021-06-14,Sutter,101,95872,9622,9607,92,9699,112
2021-06-14,Tehama,103,63373,5117,5102,598,5700,63
2021-06-14,Trinity,105,12862,460,332,89,421,3
2021-06-14,Tulare,107,460477,50144,49538,9301,58839,848
2021-06-14,Tuolumne,109,53932,4107,4108,39,4147,63
2021-06-14,Ventura,111,848112,81596,81209,3043,84252,1028
2021-06-14,Yolo,113,214977,14097,14123,347,14470,212
2021-06-14,Yuba,115,75493,6146,6127,132,6259,50
2021-06-13,Alameda,001,1643700,88905,88947,2021,90968,1264
2021-06-13,Alpine,003,1148,88,88,0,88,0
2021-06-13,Amador,005,37829,3732,3721,33,3754,46
2021-06-13,Butte,007,227075,12705,12586,1873,14459,194
2021-06-13,Calaveras,009,45235,2186,2189,14,2203,55
2021-06-13,Colusa,011,21464,1961,1965,319,2284,15
2021-06-13,Contra Costa,013,1133247,70428,70040,1324,71364,810
2021-06-13,Del Norte,015,27424,1435,1412,14,1426,8
2021-06-13,El Dorado,017,186661,10365,10324,752,11076,113
2021-06-13,Fresno,019,978130,103059,102795,8840,111635,1719
2021-06-13,Glenn,021,27897,2438,2425,570,2995,19
2021-06-13,Humboldt,023,135768,4415,4401,39,4440,42
2021-06-13,Imperial,025,180216,28682,28800,2824,31624,741
2021-06-13,Inyo,027,18085,1406,1405,26,1431,35
2021-06-13,Kern,029,883053,97624,96743,11189,107932,1337
2021-06-13,Kings,031,150075,23165,23069,1127,24196,245
2021-06-13,Lake,033,64148,3567,3556,9,3565,45
2021-06-13,Lassen,035,31185,5245,5209,117,5326,19
2021-06-13,Los Angeles,037,10098052,1207539,1204614,42257,1246871,24433
2021-06-13,Madera,039,155013,16704,16590,955,17545,240
2021-06-13,Marin,041,260295,14134,14126,274,14400,229
2021-06-13,Mariposa,043,17540,437,434,12,446,5
2021-06-13,Mendocino,045,87422,4105,4026,76,4102,49
2021-06-13,Merced,047,269075,31208,31240,1004,32244,461
2021-06-13,Modoc,049,8938,399,382,142,524,3
2021-06-13,Mono,051,14174,1254,1275,14,1289,3
2021-06-13,Monterey,053,433212,43207,43108,1911,45019,415
2021-06-13,Napa,055,140530,9987,9995,38,10033,80
2021-06-13,Nevada,057,99092,4920,4883,199,5082,72
2021-06-13,Orange,059,3164182,256299,255043,11537,266580,5103
2021-06-13,Placer,061,380077,23579,23365,1553,24918,295
2021-06-13,Plumas,063,18699,711,696,11,707,4
2021-06-13,Riverside,065,2383286,293019,289447,14151,303598,4453
2021-06-13,Sacramento,067,1510023,107457,107289,1834,109123,1658
2021-06-13,San Benito,069,59416,6086,6086,117,6203,63
2021-06-13,San Bernardino,071,2135413,293897,293416,9122,302538,4788
2021-06-13,San Diego,073,3302833,282003,281268,15091,296359,3770
2021-06-13,San Francisco,075,870044,36956,37197,1326,38523,555
2021-06-13,San Joaquin,077,732212,73682,73438,3677,77115,1398
2021-06-13,San Luis Obispo,079,281455,21395,21298,763,22061,256
2021-06-13,San Mateo,081,765935,42597,42611,478,43089,542
2021-06-13,Santa Barbara,083,443738,35002,34449,1218,35667,460
2021-06-13,Santa Clara,085,1922200,119034,119946,790,120736,2085
2021-06-13,Santa Cruz,087,273765,16255,16172,842,17014,208
2021-06-13,Shasta,089,179085,12528,12560,1645,14205,201
2021-06-13,Sierra,091,2930,58,55,13,68,0
2021-06-13,Siskiyou,093,43540,1953,1885,372,2257,26
2021-06-13,Solano,095,438530,33215,33234,569,33803,266
2021-06-13,Sonoma,097,501317,30580,30663,357,31020,323
2021-06-13,Stanislaus,099,539301,56876,56671,6079,62750,975
2021-06-13,Sutter,101,95872,9615,9603,92,9695,112
2021-06-13,Tehama,103,63373,5115,5100,598,5698,63
2021-06-13,Trinity,105,12862,459,332,89,421,3
2021-06-13,Tulare,107,460477,50135,49537,9296,58833,848
2021-06-13,Tuolumne,109,53932,4105,4107,38,4145,63
2021-06-13,Ventura,111,848112,81582,81201,3043,84244,1028
2021-06-13,Yolo,113,214977,14090,14120,345,14465,212
2021-06-13,Yuba,115,75493,6139,6125,132,6257,50
2021-06-12,Alameda,001,1643700,88876,88901,2021,90922,1271
2021-06-12,Alpine,003,1148,88,88,0,88,0
2021-06-12,Amador,005,37829,3731,3721,33,3754,46
2021-06-12,Butte,007,227075,12701,12576,1873,14449,194
2021-06-12,Calaveras,009,45235,2186,2189,14,2203,55
2021-06-12,Colusa,011,21464,1961,1965,319,2284,15
2021-06-12,Contra Costa,013,1133247,70397,69989,1321,71310,810
2021-06-12,Del Norte,015,27424,1435,1412,14,1426,8
2021-06-12,El Dorado,017,186661,10360,10320,751,11071,113
2021-06-12,Fresno,019,978130,103049,102783,8839,111622,1720
2021-06-12,Glenn,021,27897,2436,2425,570,2995,19
2021-06-12,Humboldt,023,135768,4407,4396,39,4435,42
2021-06-12,Imperial,025,180216,28679,28799,2824,31623,741
2021-06-12,Inyo,027,18085,1406,1405,26,1431,35
2021-06-12,Kern,029,883053,97609,96731,11185,107916,1337
2021-06-12,Kings,031,150075,23163,23067,1127,24194,245
2021-06-12,Lake,033,64148,3566,3552,9,3561,45
2021-06-12,Lassen,035,31185,5245,5208,117,5325,19
2021-06-12,Los Angeles,037,10098052,1207402,1204439,42250,1246689,24434
2021-06-12,Madera,039,155013,16700,16586,955,17541,240
2021-06-12,Marin,041,260295,14131,14121,274,14395,229
2021-06-12,Mariposa,043,17540,437,434,12,446,5
2021-06-12,Mendocino,045,87422,4102,4024,76,4100,49
2021-06-12,Merced,047,269075,31205,31236,1004,32240,461
2021-06-12,Modoc,049,8938,398,382,142,524,3
2021-06-12,Mono,051,14174,1254,1275,14,1289,3
2021-06-12,Monterey,053,433212,43202,43103,1911,45014,415
2021-06-12,Napa,055,140530,9983,9986,38,10024,80
2021-06-12,Nevada,057,99092,4914,4878,199,5077,72
2021-06-12,Orange,059,3164182,256266,255004,11535,266539,5103
2021-06-12,Placer,061,380077,23560,23345,1553,24898,295
2021-06-12,Plumas,063,18699,711,696,11,707,4
2021-06-12,Riverside,065,2383286,292977,289413,14148,303561,4453
2021-06-12,Sacramento,067,1510023,107396,107199,1831,109030,1658
2021-06-12,San Benito,069,59416,6084,6083,117,6200,63
2021-06-12,San Bernardino,071,2135413,293863,293375,9120,302495,4788
2021-06-12,San Diego,073,3302833,281946,281203,15082,296285,3770
2021-06-12,San Francisco,075,870044,36946,37189,1326,38515,555
2021-06-12,San Joaquin,077,732212,73663,73413,3676,77089,1398
2021-06-12,San Luis Obispo,079,281455,21392,21293,763,22056,256
2021-06-12,San Mateo,081,765935,42592,42604,478,43082,542
2021-06-12,Santa Barbara,083,443738,34998,34450,1218,35668,460
2021-06-12,Santa Clara,085,1922200,118994,119894,790,120684,2085
2021-06-12,Santa Cruz,087,273765,16247,16170,842,17012,208
2021-06-12,Shasta,089,179085,12525,12556,1644,14200,201
2021-06-12,Sierra,091,2930,58,55,13,68,0
2021-06-12,Siskiyou,093,43540,1952,1884,372,2256,25
2021-06-12,Solano,095,438530,33206,33219,569,33788,266
2021-06-12,Sonoma,097,501317,30552,30647,356,31003,323
2021-06-12,Stanislaus,099,539301,56859,56649,6078,62727,974
2021-06-12,Sutter,101,95872,9611,9603,92,9695,112
2021-06-12,Tehama,103,63373,5115,5099,597,5696,63
2021-06-12,Trinity,105,12862,459,332,89,421,3
2021-06-12,Tulare,107,460477,50130,49533,9289,58822,848
2021-06-12,Tuolumne,109,53932,4104,4105,38,4143,63
2021-06-12,Ventura,111,848112,81570,81197,3043,84240,1028
2021-06-12,Yolo,113,214977,14087,14118,343,14461,212
2021-06-12,Yuba,115,75493,6134,6120,132,6252,50
2021-06-11,Alameda,001,1643700,88848,88844,2021,90865,1278
2021-06-11,Alpine,003,1148,88,88,0,88,0
2021-06-11,Amador,005,37829,3731,3710,33,3743,46
2021-06-11,Butte,007,227075,12697,12576,1871,14447,194
2021-06-11,Calaveras,009,45235,2186,2188,14,2202,55
2021-06-11,Colusa,011,21464,1960,1964,319,2283,15
2021-06-11,Contra Costa,013,1133247,70364,69940,1319,71259,808
2021-06-11,Del Norte,015,27424,1435,1409,14,1423,8
2021-06-11,El Dorado,017,186661,10357,10316,751,11067,113
2021-06-11,Fresno,019,978130,103031,102770,8838,111608,1720
2021-06-11,Glenn,021,27897,2436,2425,570,2995,19
2021-06-11,Humboldt,023,135768,4403,4389,39,4428,42
2021-06-11,Imperial,025,180216,28674,28793,2824,31617,741
2021-06-11,Inyo,027,18085,1406,1405,26,1431,35
2021-06-11,Kern,029,883053,97597,96718,11181,107899,1340
2021-06-11,Kings,031,150075,23159,23069,1126,24195,245
2021-06-11,Lake,033,64148,3565,3550,9,3559,45
2021-06-11,Lassen,035,31185,5244,5204,117,5321,18
2021-06-11,Los Angeles,037,10098052,1207256,1204259,42236,1246495,24434
2021-06-11,Madera,039,155013,16697,16582,955,17537,240
2021-06-11,Marin,041,260295,14128,14116,274,14390,229
2021-06-11,Mariposa,043,17540,437,434,12,446,5
2021-06-11,Mendocino,045,87422,4099,4022,76,4098,49
2021-06-11,Merced,047,269075,31200,31231,1004,32235,461
2021-06-11,Modoc,049,8938,398,382,141,523,3
2021-06-11,Mono,051,14174,1254,1274,14,1288,3
2021-06-11,Monterey,053,433212,43198,43097,1911,45008,415
2021-06-11,Napa,055,140530,9980,9977,38,10015,80
2021-06-11,Nevada,057,99092,4912,4873,199,5072,72
2021-06-11,Orange,059,3164182,256233,254975,11532,266507,5101
2021-06-11,Placer,061,380077,23555,23330,1553,24883,294
2021-06-11,Plumas,063,18699,711,696,11,707,4
2021-06-11,Riverside,065,2383286,292939,289376,14145,303521,4451
2021-06-11,Sacramento,067,1510023,107336,107119,1830,108949,1659
2021-06-11,San Benito,069,59416,6083,6082,117,6199,63
2021-06-11,San Bernardino,071,2135413,293827,293335,9116,302451,4788
2021-06-11,San Diego,073,3302833,281906,281144,15075,296219,3768
2021-06-11,San Francisco,075,870044,36941,37177,1326,38503,555
2021-06-11,San Joaquin,077,732212,73646,73347,3673,77020,1397
2021-06-11,San Luis Obispo,079,281455,21391,21288,763,22051,256
2021-06-11,San Mateo,081,765935,42578,42585,478,43063,542
2021-06-11,Santa Barbara,083,443738,34995,34438,1218,35656,460
2021-06-11,Santa Clara,085,1922200,118974,119860,790,120650,2083
2021-06-11,Santa Cruz,087,273765,16239,16164,842,17006,208
2021-06-11,Shasta,089,179085,12517,12550,1642,14192,201
2021-06-11,Sierra,091,2930,58,55,13,68,0
2021-06-11,Siskiyou,093,43540,1951,1882,372,2254,25
2021-06-11,Solano,095,438530,33186,33179,568,33747,266
2021-06-11,Sonoma,097,501317,30534,30624,356,30980,323
2021-06-11,Stanislaus,099,539301,56833,56617,6074,62691,974
2021-06-11,Sutter,101,95872,9608,9600,91,9691,112
2021-06-11,Tehama,103,63373,5114,5099,597,5696,63
2021-06-11,Trinity,105,12862,459,331,89,420,3
2021-06-11,Tulare,107,460477,50124,49516,9288,58804,848
2021-06-11,Tuolumne,109,53932,4101,4104,38,4142,63
2021-06-11,Ventura,111,848112,81560,81189,3043,84232,1026
2021-06-11,Yolo,113,214977,14080,14111,339,14450,212
2021-06-11,Yuba,115,75493,6130,6113,132,6245,50
2021-06-10,Alameda,001,1643700,88802,88806,2020,90826,1275
2021-06-10,Alpine,003,1148,88,88,0,88,0
2021-06-10,Amador,005,37829,3727,3709,33,3742,46
2021-06-10,Butte,007,227075,12680,12565,1871,14436,194
2021-06-10,Calaveras,009,45235,2185,2188,14,2202,55
2021-06-10,Colusa,011,21464,1958,1964,319,2283,15
2021-06-10,Contra Costa,013,1133247,70310,69876,1319,71195,807
2021-06-10,Del Norte,015,27424,1435,1405,14,1419,8
2021-06-10,El Dorado,017,186661,10350,10314,747,11061,113
2021-06-10,Fresno,019,978130,103006,102724,8837,111561,1717
2021-06-10,Glenn,021,27897,2436,2425,570,2995,19
2021-06-10,Humboldt,023,135768,4395,4384,39,4423,42
2021-06-10,Imperial,025,180216,28668,28779,2824,31603,739
2021-06-10,Inyo,027,18085,1406,1405,26,1431,35
2021-06-10,Kern,029,883053,97583,96706,11176,107882,1336
2021-06-10,Kings,031,150075,23158,23067,1126,24193,245
2021-06-10,Lake,033,64148,3560,3550,9,3559,45
2021-06-10,Lassen,035,31185,5242,5201,117,5318,18
2021-06-10,Los Angeles,037,10098052,1207093,1204110,42219,1246329,24440
2021-06-10,Madera,039,155013,16690,16581,954,17535,240
2021-06-10,Marin,041,260295,14125,14118,274,14392,229
2021-06-10,Mariposa,043,17540,435,434,12,446,5
2021-06-10,Mendocino,045,87422,4094,4016,76,4092,48
2021-06-10,Merced,047,269075,31192,31231,1001,32232,461
2021-06-10,Modoc,049,8938,397,381,141,522,3
2021-06-10,Mono,051,14174,1253,1274,14,1288,3
2021-06-10,Monterey,053,433212,43192,43090,1911,45001,415
2021-06-10,Napa,055,140530,9979,9974,38,10012,80
2021-06-10,Nevada,057,99092,4907,4866,199,5065,72
2021-06-10,Orange,059,3164182,256203,254950,11525,266475,5097
2021-06-10,Placer,061,380077,23542,23296,1553,24849,293
2021-06-10,Plumas,063,18699,711,696,11,707,4
2021-06-10,Riverside,065,2383286,292898,289335,14140,303475,4450
2021-06-10,Sacramento,067,1510023,107274,107049,1830,108879,1658
2021-06-10,San Benito,069,59416,6083,6079,117,6196,63
2021-06-10,San Bernardino,071,2135413,293786,293281,9113,302394,4782
2021-06-10,San Diego,073,3302833,281848,281052,15058,296110,3766
2021-06-10,San Francisco,075,870044,36931,37159,1324,38483,552
2021-06-10,San Joaquin,077,732212,73612,73276,3672,76948,1393
2021-06-10,San Luis Obispo,079,281455,21388,21280,763,22043,256
2021-06-10,San Mateo,081,765935,42571,42562,478,43040,666
2021-06-10,Santa Barbara,083,443738,34991,34434,1218,35652,460
2021-06-10,Santa Clara,085,1922200,118939,119832,789,120621,2075
2021-06-10,Santa Cruz,087,273765,16238,16159,842,17001,208
2021-06-10,Shasta,089,179085,12507,12536,1641,14177,201
2021-06-10,Sierra,091,2930,57,55,13,68,0
2021-06-10,Siskiyou,093,43540,1951,1881,372,2253,25
2021-06-10,Solano,095,438530,33169,33150,567,33717,265
2021-06-10,Sonoma,097,501317,30499,30571,354,30925,323
2021-06-10,Stanislaus,099,539301,56812,56588,6070,62658,974
2021-06-10,Sutter,101,95872,9601,9594,91,9685,112
2021-06-10,Tehama,103,63373,5114,5096,597,5693,63
2021-06-10,Trinity,105,12862,459,331,89,420,3
2021-06-10,Tulare,107,460477,50116,49503,9288,58791,848
2021-06-10,Tuolumne,109,53932,4101,4100,38,4138,63
2021-06-10,Ventura,111,848112,81549,81172,3042,84214,1026
2021-06-10,Yolo,113,214977,14077,14107,339,14446,212
2021-06-10,Yuba,115,75493,6126,6112,132,6244,50
2021-06-09,Alameda,001,1643700,88756,88762,2018,90780,1271
2021-06-09,Alpine,003,1148,88,88,0,88,0
2021-06-09,Amador,005,37829,3723,3706,33,3739,46
2021-06-09,Butte,007,227075,12674,12555,1869,14424,194
2021-06-09,Calaveras,009,45235,2183,2184,14,2198,55
2021-06-09,Colusa,011,21464,1958,1962,318,2280,15
2021-06-09,Contra Costa,013,1133247,70273,69829,1318,71147,803
2021-06-09,Del Norte,015,27424,1431,1403,14,1417,8
2021-06-09,El Dorado,017,186661,10347,10312,746,11058,113
2021-06-09,Fresno,019,978130,102986,102690,8833,111523,1717
2021-06-09,Glenn,021,27897,2435,2424,570,2994,19
2021-06-09,Humboldt,023,135768,4390,4379,38,4417,42
2021-06-09,Imperial,025,180216,28665,28754,2824,31578,739
2021-06-09,Inyo,027,18085,1406,1405,26,1431,35
2021-06-09,Kern,029,883053,97569,96697,11167,107864,1328
2021-06-09,Kings,031,150075,23156,23061,1126,24187,245
2021-06-09,Lake,033,64148,3557,3541,9,3550,45
2021-06-09,Lassen,035,31185,5241,5200,117,5317,18
2021-06-09,Los Angeles,037,10098052,1206909,1203955,42208,1246163,24432
2021-06-09,Madera,039,155013,16685,16580,954,17534,240
2021-06-09,Marin,041,260295,14120,14114,274,14388,229
2021-06-09,Mariposa,043,17540,435,434,12,446,5
2021-06-09,Mendocino,045,87422,4088,4008,76,4084,47
2021-06-09,Merced,047,269075,31188,31225,1001,32226,461
2021-06-09,Modoc,049,8938,395,377,140,517,3
2021-06-09,Mono,051,14174,1253,1274,14,1288,3
2021-06-09,Monterey,053,433212,43185,43082,1911,44993,415
2021-06-09,Napa,055,140530,9973,9971,38,10009,80
2021-06-09,Nevada,057,99092,4897,4863,198,5061,72
2021-06-09,Orange,059,3164182,256158,254893,11521,266414,5080
2021-06-09,Placer,061,380077,23523,23237,1553,24790,293
2021-06-09,Plumas,063,18699,710,697,11,708,4
2021-06-09,Riverside,065,2383286,292853,289299,14138,303437,4450
2021-06-09,Sacramento,067,1510023,107212,106971,1827,108798,1657
2021-06-09,San Benito,069,59416,6080,6078,117,6195,63
2021-06-09,San Bernardino,071,2135413,293744,293222,9113,302335,4782
2021-06-09,San Diego,073,3302833,281783,280941,15046,295987,3765
2021-06-09,San Francisco,075,870044,36918,37143,1323,38466,552
2021-06-09,San Joaquin,077,732212,73586,73232,3671,76903,1392
2021-06-09,San Luis Obispo,079,281455,21387,21259,763,22022,256
2021-06-09,San Mateo,081,765935,42555,42502,477,42979,666
2021-06-09,Santa Barbara,083,443738,34980,34422,1218,35640,460
2021-06-09,Santa Clara,085,1922200,118901,119793,788,120581,2068
2021-06-09,Santa Cruz,087,273765,16235,16155,842,16997,208
2021-06-09,Shasta,089,179085,12497,12521,1639,14160,201
2021-06-09,Sierra,091,2930,56,55,13,68,0
2021-06-09,Siskiyou,093,43540,1950,1871,372,2243,25
2021-06-09,Solano,095,438530,33153,33137,566,33703,264
2021-06-09,Sonoma,097,501317,30477,30540,354,30894,323
2021-06-09,Stanislaus,099,539301,56792,56560,6067,62627,974
2021-06-09,Sutter,101,95872,9592,9586,90,9676,111
2021-06-09,Tehama,103,63373,5113,5093,597,5690,63
2021-06-09,Trinity,105,12862,458,331,89,420,3
2021-06-09,Tulare,107,460477,50112,49496,9286,58782,847
2021-06-09,Tuolumne,109,53932,4098,4100,38,4138,63
2021-06-09,Ventura,111,848112,81539,81154,3041,84195,1026
2021-06-09,Yolo,113,214977,14075,14102,338,14440,212
2021-06-09,Yuba,115,75493,6122,6109,132,6241,50
2021-06-08,Alameda,001,1643700,88708,88731,2018,90749,1267
2021-06-08,Alpine,003,1148,88,88,0,88,0
2021-06-08,Amador,005,37829,3722,3704,33,3737,46
2021-06-08,Butte,007,227075,12668,12540,1866,14406,194
2021-06-08,Calaveras,009,45235,2182,2181,14,2195,55
2021-06-08,Colusa,011,21464,1958,1961,318,2279,15
2021-06-08,Contra Costa,013,1133247,70225,69762,1317,71079,803
2021-06-08,Del Norte,015,27424,1429,1402,14,1416,8
2021-06-08,El Dorado,017,186661,10342,10306,744,11050,113
2021-06-08,Fresno,019,978130,102961,102680,8831,111511,1717
2021-06-08,Glenn,021,27897,2434,2423,570,2993,19
2021-06-08,Humboldt,023,135768,4385,4363,38,4401,42
2021-06-08,Imperial,025,180216,28656,28752,2824,31576,738
2021-06-08,Inyo,027,18085,1406,1405,26,1431,35
2021-06-08,Kern,029,883053,97550,96671,11160,107831,1325
2021-06-08,Kings,031,150075,23155,23036,1126,24162,245
2021-06-08,Lake,033,64148,3556,3540,9,3549,45
2021-06-08,Lassen,035,31185,5241,5200,117,5317,18
2021-06-08,Los Angeles,037,10098052,1206715,1203794,42197,1245991,24426
2021-06-08,Madera,039,155013,16679,16579,953,17532,240
2021-06-08,Marin,041,260295,14118,14111,273,14384,229
2021-06-08,Mariposa,043,17540,435,434,12,446,5
2021-06-08,Mendocino,045,87422,4081,4002,76,4078,47
2021-06-08,Merced,047,269075,31180,31225,1001,32226,461
2021-06-08,Modoc,049,8938,389,377,139,516,3
2021-06-08,Mono,051,14174,1253,1274,14,1288,3
2021-06-08,Monterey,053,433212,43179,43078,1910,44988,415
2021-06-08,Napa,055,140530,9969,9962,38,10000,80
2021-06-08,Nevada,057,99092,4892,4861,198,5059,72
2021-06-08,Orange,059,3164182,256116,254852,11514,266366,5078
2021-06-08,Placer,061,380077,23505,23209,1549,24758,293
2021-06-08,Plumas,063,18699,710,692,11,703,4
2021-06-08,Riverside,065,2383286,292817,289268,14130,303398,4452
2021-06-08,Sacramento,067,1510023,107150,106901,1824,108725,1654
2021-06-08,San Benito,069,59416,6078,6076,117,6193,63
2021-06-08,San Bernardino,071,2135413,293695,293186,9109,302295,4778
2021-06-08,San Diego,073,3302833,281721,280879,15037,295916,3764
2021-06-08,San Francisco,075,870044,36903,37134,1322,38456,552
2021-06-08,San Joaquin,077,732212,73542,73186,3666,76852,1390
2021-06-08,San Luis Obispo,079,281455,21381,21251,762,22013,255
2021-06-08,San Mateo,081,765935,42542,42488,477,42965,663
2021-06-08,Santa Barbara,083,443738,34976,34418,1218,35636,459
2021-06-08,Santa Clara,085,1922200,118881,119770,787,120557,2068
2021-06-08,Santa Cruz,087,273765,16232,16160,842,17002,208
2021-06-08,Shasta,089,179085,12482,12498,1639,14137,201
2021-06-08,Sierra,091,2930,56,55,13,68,0
2021-06-08,Siskiyou,093,43540,1948,1870,370,2240,21
2021-06-08,Solano,095,438530,33132,33130,566,33696,259
2021-06-08,Sonoma,097,501317,30450,30523,352,30875,323
2021-06-08,Stanislaus,099,539301,56765,56548,6065,62613,973
2021-06-08,Sutter,101,95872,9589,9581,90,9671,111
2021-06-08,Tehama,103,63373,5110,5093,597,5690,63
2021-06-08,Trinity,105,12862,458,330,88,418,3
2021-06-08,Tulare,107,460477,50100,49485,9281,58766,847
2021-06-08,Tuolumne,109,53932,4095,4099,38,4137,63
2021-06-08,Ventura,111,848112,81523,81142,3040,84182,1026
2021-06-08,Yolo,113,214977,14070,14099,337,14436,212
2021-06-08,Yuba,115,75493,6120,6103,132,6235,50
2021-06-07,Alameda,001,1643700,88650,88688,2018,90706,1267
2021-06-07,Alpine,003,1148,88,88,0,88,0
2021-06-07,Amador,005,37829,3712,3697,33,3730,46
2021-06-07,Butte,007,227075,12661,12533,1864,14397,194
2021-06-07,Calaveras,009,45235,2181,2181,14,2195,55
2021-06-07,Colusa,011,21464,1957,1960,318,2278,15
2021-06-07,Contra Costa,013,1133247,70168,69718,1316,71034,817
2021-06-07,Del Norte,015,27424,1429,1401,14,1415,8
2021-06-07,El Dorado,017,186661,10337,10305,744,11049,113
2021-06-07,Fresno,019,978130,102932,102659,8824,111483,1717
2021-06-07,Glenn,021,27897,2434,2423,570,2993,19
2021-06-07,Humboldt,023,135768,4377,4354,38,4392,42
2021-06-07,Imperial,025,180216,28654,28754,2824,31578,738
2021-06-07,Inyo,027,18085,1406,1404,26,1430,35
2021-06-07,Kern,029,883053,97534,96645,11153,107798,1324
2021-06-07,Kings,031,150075,23151,23023,1126,24149,244
2021-06-07,Lake,033,64148,3554,3540,9,3549,45
2021-06-07,Lassen,035,31185,5236,5198,117,5315,18
2021-06-07,Los Angeles,037,10098052,1206493,1203664,42183,1245847,24413
2021-06-07,Madera,039,155013,16672,16572,953,17525,240
2021-06-07,Marin,041,260295,14114,14108,272,14380,229
2021-06-07,Mariposa,043,17540,435,434,12,446,5
2021-06-07,Mendocino,045,87422,4075,3998,76,4074,47
2021-06-07,Merced,047,269075,31168,31212,1000,32212,459
2021-06-07,Modoc,049,8938,388,375,136,511,3
2021-06-07,Mono,051,14174,1253,1275,14,1289,3
2021-06-07,Monterey,053,433212,43172,43077,1910,44987,415
2021-06-07,Napa,055,140530,9961,9962,38,10000,80
2021-06-07,Nevada,057,99092,4890,4860,198,5058,72
2021-06-07,Orange,059,3164182,256076,254808,11507,266315,5073
2021-06-07,Placer,061,380077,23486,23176,1547,24723,293
2021-06-07,Plumas,063,18699,710,692,11,703,4
2021-06-07,Riverside,065,2383286,292774,289232,14127,303359,4451
2021-06-07,Sacramento,067,1510023,107074,106841,1821,108662,1655
2021-06-07,San Benito,069,59416,6077,6074,117,6191,63
2021-06-07,San Bernardino,071,2135413,293657,293129,9108,302237,4775
2021-06-07,San Diego,073,3302833,281639,280808,15024,295832,3764
2021-06-07,San Francisco,075,870044,36887,37122,1322,38444,552
2021-06-07,San Joaquin,077,732212,73497,73130,3659,76789,1388
2021-06-07,San Luis Obispo,079,281455,21368,21252,762,22014,255
2021-06-07,San Mateo,081,765935,42526,42479,477,42956,664
2021-06-07,Santa Barbara,083,443738,34970,34407,1218,35625,459
2021-06-07,Santa Clara,085,1922200,118850,119743,787,120530,2066
2021-06-07,Santa Cruz,087,273765,16230,16159,842,17001,208
2021-06-07,Shasta,089,179085,12468,12483,1634,14117,200
2021-06-07,Sierra,091,2930,56,55,13,68,0
2021-06-07,Siskiyou,093,43540,1948,1869,370,2239,21
2021-06-07,Solano,095,438530,33110,33124,565,33689,258
2021-06-07,Sonoma,097,501317,30414,30504,351,30855,323
2021-06-07,Stanislaus,099,539301,56731,56521,6063,62584,972
2021-06-07,Sutter,101,95872,9585,9571,90,9661,111
2021-06-07,Tehama,103,63373,5106,5092,597,5689,63
2021-06-07,Trinity,105,12862,458,329,88,417,3
2021-06-07,Tulare,107,460477,50094,49471,9281,58752,847
2021-06-07,Tuolumne,109,53932,4094,4098,38,4136,63
2021-06-07,Ventura,111,848112,81506,81137,3039,84176,1025
2021-06-07,Yolo,113,214977,14065,14097,336,14433,211
2021-06-07,Yuba,115,75493,6118,6099,129,6228,49
2021-06-06,Alameda,001,1643700,88611,88636,2017,90653,1267
2021-06-06,Alpine,003,1148,88,88,0,88,0
2021-06-06,Amador,005,37829,3709,3696,33,3729,46
2021-06-06,Butte,007,227075,12650,12527,1863,14390,194
2021-06-06,Calaveras,009,45235,2180,2181,14,2195,55
2021-06-06,Colusa,011,21464,1955,1959,318,2277,15
2021-06-06,Contra Costa,013,1133247,70103,69659,1314,70973,817
2021-06-06,Del Norte,015,27424,1424,1401,13,1414,8
2021-06-06,El Dorado,017,186661,10330,10294,744,11038,113
2021-06-06,Fresno,019,978130,102899,102642,8821,111463,1717
2021-06-06,Glenn,021,27897,2433,2423,570,2993,19
2021-06-06,Humboldt,023,135768,4366,4353,38,4391,42
2021-06-06,Imperial,025,180216,28648,28762,2824,31586,738
2021-06-06,Inyo,027,18085,1405,1404,26,1430,35
2021-06-06,Kern,029,883053,97516,96623,11146,107769,1324
2021-06-06,Kings,031,150075,23145,23021,1126,24147,244
2021-06-06,Lake,033,64148,3554,3535,9,3544,45
2021-06-06,Lassen,035,31185,5234,5191,117,5308,18
2021-06-06,Los Angeles,037,10098052,1206294,1203539,42171,1245710,24410
2021-06-06,Madera,039,155013,16666,16567,953,17520,240
2021-06-06,Marin,041,260295,14108,14106,271,14377,229
2021-06-06,Mariposa,043,17540,434,435,12,447,5
2021-06-06,Mendocino,045,87422,4071,3993,76,4069,47
2021-06-06,Merced,047,269075,31162,31215,999,32214,459
2021-06-06,Modoc,049,8938,388,375,135,510,3
2021-06-06,Mono,051,14174,1253,1275,14,1289,3
2021-06-06,Monterey,053,433212,43167,43078,1910,44988,415
2021-06-06,Napa,055,140530,9955,9963,38,10001,80
2021-06-06,Nevada,057,99092,4883,4854,197,5051,72
2021-06-06,Orange,059,3164182,256039,254782,11502,266284,5073
2021-06-06,Placer,061,380077,23461,23156,1544,24700,293
2021-06-06,Plumas,063,18699,710,692,11,703,4
2021-06-06,Riverside,065,2383286,292740,289201,14121,303322,4451
2021-06-06,Sacramento,067,1510023,106988,106749,1820,108569,1655
2021-06-06,San Benito,069,59416,6071,6074,117,6191,63
2021-06-06,San Bernardino,071,2135413,293602,293117,9099,302216,4773
2021-06-06,San Diego,073,3302833,281559,280743,15007,295750,3764
2021-06-06,San Francisco,075,870044,36875,37118,1321,38439,552
2021-06-06,San Joaquin,077,732212,73465,73105,3655,76760,1388
2021-06-06,San Luis Obispo,079,281455,21365,21246,762,22008,255
2021-06-06,San Mateo,081,765935,42509,42457,477,42934,664
2021-06-06,Santa Barbara,083,443738,34966,34403,1217,35620,459
2021-06-06,Santa Clara,085,1922200,118828,119711,787,120498,2066
2021-06-06,Santa Cruz,087,273765,16229,16158,842,17000,208
2021-06-06,Shasta,089,179085,12453,12478,1630,14108,200
2021-06-06,Sierra,091,2930,56,55,13,68,0
2021-06-06,Siskiyou,093,43540,1945,1869,370,2239,21
2021-06-06,Solano,095,438530,33083,33093,565,33658,258
2021-06-06,Sonoma,097,501317,30383,30478,350,30828,323
2021-06-06,Stanislaus,099,539301,56689,56486,6060,62546,972
2021-06-06,Sutter,101,95872,9578,9567,90,9657,111
2021-06-06,Tehama,103,63373,5102,5092,596,5688,63
2021-06-06,Trinity,105,12862,458,328,88,416,3
2021-06-06,Tulare,107,460477,50086,49466,9276,58742,847
2021-06-06,Tuolumne,109,53932,4092,4097,38,4135,63
2021-06-06,Ventura,111,848112,81495,81130,3036,84166,1025
2021-06-06,Yolo,113,214977,14057,14089,335,14424,210
2021-06-06,Yuba,115,75493,6110,6096,129,6225,49
2021-06-05,Alameda,001,1643700,88580,88612,2016,90628,1268
2021-06-05,Alpine,003,1148,88,88,0,88,0
2021-06-05,Amador,005,37829,3709,3694,33,3727,46
2021-06-05,Butte,007,227075,12644,12514,1862,14376,194
2021-06-05,Calaveras,009,45235,2180,2181,14,2195,55
2021-06-05,Colusa,011,21464,1955,1959,318,2277,15
2021-06-05,Contra Costa,013,1133247,70074,69601,1314,70915,817
2021-06-05,Del Norte,015,27424,1424,1400,13,1413,8
2021-06-05,El Dorado,017,186661,10328,10288,743,11031,113
2021-06-05,Fresno,019,978130,102890,102626,8821,111447,1717
2021-06-05,Glenn,021,27897,2432,2423,570,2993,19
2021-06-05,Humboldt,023,135768,4361,4346,38,4384,42
2021-06-05,Imperial,025,180216,28645,28764,2824,31588,738
2021-06-05,Inyo,027,18085,1405,1405,26,1431,35
2021-06-05,Kern,029,883053,97504,96597,11141,107738,1324
2021-06-05,Kings,031,150075,23142,23017,1126,24143,244
2021-06-05,Lake,033,64148,3551,3534,9,3543,45
2021-06-05,Lassen,035,31185,5233,5191,117,5308,18
2021-06-05,Los Angeles,037,10098052,1206167,1203338,42162,1245500,24411
2021-06-05,Madera,039,155013,16662,16563,953,17516,240
2021-06-05,Marin,041,260295,14106,14101,271,14372,229
2021-06-05,Mariposa,043,17540,434,435,12,447,5
2021-06-05,Mendocino,045,87422,4068,3989,76,4065,47
2021-06-05,Merced,047,269075,31160,31212,998,32210,459
2021-06-05,Modoc,049,8938,388,375,134,509,3
2021-06-05,Mono,051,14174,1253,1274,14,1288,3
2021-06-05,Monterey,053,433212,43163,43071,1909,44980,415
2021-06-05,Napa,055,140530,9950,9960,38,9998,80
2021-06-05,Nevada,057,99092,4881,4849,197,5046,72
2021-06-05,Orange,059,3164182,256015,254752,11499,266251,5069
2021-06-05,Placer,061,380077,23445,23133,1544,24677,293
2021-06-05,Plumas,063,18699,710,692,11,703,4
2021-06-05,Riverside,065,2383286,292705,289157,14117,303274,4451
2021-06-05,Sacramento,067,1510023,106936,106688,1817,108505,1655
2021-06-05,San Benito,069,59416,6069,6074,117,6191,63
2021-06-05,San Bernardino,071,2135413,293569,293081,9097,302178,4772
2021-06-05,San Diego,073,3302833,281518,280676,14994,295670,3764
2021-06-05,San Francisco,075,870044,36866,37111,1321,38432,552
2021-06-05,San Joaquin,077,732212,73448,73078,3649,76727,1388
2021-06-05,San Luis Obispo,079,281455,21362,21236,762,21998,255
2021-06-05,San Mateo,081,765935,42499,42433,477,42910,664
2021-06-05,Santa Barbara,083,443738,34963,34399,1216,35615,459
2021-06-05,Santa Clara,085,1922200,118806,119676,785,120461,2066
2021-06-05,Santa Cruz,087,273765,16229,16154,842,16996,208
2021-06-05,Shasta,089,179085,12444,12472,1629,14101,200
2021-06-05,Sierra,091,2930,56,55,13,68,0
2021-06-05,Siskiyou,093,43540,1945,1867,370,2237,21
2021-06-05,Solano,095,438530,33068,33074,565,33639,257
2021-06-05,Sonoma,097,501317,30356,30450,348,30798,323
2021-06-05,Stanislaus,099,539301,56668,56463,6058,62521,973
2021-06-05,Sutter,101,95872,9575,9559,90,9649,111
2021-06-05,Tehama,103,63373,5101,5092,595,5687,63
2021-06-05,Trinity,105,12862,458,328,88,416,3
2021-06-05,Tulare,107,460477,50080,49463,9276,58739,847
2021-06-05,Tuolumne,109,53932,4090,4098,38,4136,63
2021-06-05,Ventura,111,848112,81486,81119,3034,84153,1025
2021-06-05,Yolo,113,214977,14055,14088,335,14423,210
2021-06-05,Yuba,115,75493,6109,6087,129,6216,49
2021-06-04,Alameda,001,1643700,88553,88585,2014,90599,1263
2021-06-04,Alpine,003,1148,88,88,0,88,0
2021-06-04,Amador,005,37829,3709,3690,33,3723,46
2021-06-04,Butte,007,227075,12633,12494,1859,14353,193
2021-06-04,Calaveras,009,45235,2180,2179,14,2193,55
2021-06-04,Colusa,011,21464,1955,1959,318,2277,15
2021-06-04,Contra Costa,013,1133247,70039,69540,1311,70851,816
2021-06-04,Del Norte,015,27424,1424,1398,13,1411,8
2021-06-04,El Dorado,017,186661,10324,10284,741,11025,112
2021-06-04,Fresno,019,978130,102874,102601,8821,111422,1712
2021-06-04,Glenn,021,27897,2432,2423,569,2992,19
2021-06-04,Humboldt,023,135768,4356,4327,38,4365,42
2021-06-04,Imperial,025,180216,28641,28753,2824,31577,738
2021-06-04,Inyo,027,18085,1405,1404,26,1430,35
2021-06-04,Kern,029,883053,97486,96573,11139,107712,1327
2021-06-04,Kings,031,150075,23141,23002,1126,24128,244
2021-06-04,Lake,033,64148,3549,3528,9,3537,45
2021-06-04,Lassen,035,31185,5233,5180,117,5297,18
2021-06-04,Los Angeles,037,10098052,1206045,1203106,42153,1245259,24400
2021-06-04,Madera,039,155013,16660,16557,953,17510,240
2021-06-04,Marin,041,260295,14105,14099,270,14369,229
2021-06-04,Mariposa,043,17540,434,435,12,447,5
2021-06-04,Mendocino,045,87422,4059,3983,76,4059,47
2021-06-04,Merced,047,269075,31155,31204,997,32201,459
2021-06-04,Modoc,049,8938,386,375,134,509,3
2021-06-04,Mono,051,14174,1253,1275,14,1289,3
2021-06-04,Monterey,053,433212,43159,43068,1909,44977,415
2021-06-04,Napa,055,140530,9946,9958,38,9996,80
2021-06-04,Nevada,057,99092,4877,4844,197,5041,72
2021-06-04,Orange,059,3164182,255978,254730,11496,266226,5059
2021-06-04,Placer,061,380077,23429,23110,1543,24653,293
2021-06-04,Plumas,063,18699,710,691,11,702,4
2021-06-04,Riverside,065,2383286,292679,289098,14113,303211,4452
2021-06-04,Sacramento,067,1510023,106882,106616,1816,108432,1654
2021-06-04,San Benito,069,59416,6067,6073,117,6190,63
2021-06-04,San Bernardino,071,2135413,293546,293056,9095,302151,4768
2021-06-04,San Diego,073,3302833,281475,280556,14987,295543,3763
2021-06-04,San Francisco,075,870044,36861,37079,1320,38399,551
2021-06-04,San Joaquin,077,732212,73429,73039,3647,76686,1388
2021-06-04,San Luis Obispo,079,281455,21359,21234,761,21995,255
2021-06-04,San Mateo,081,765935,42487,42413,477,42890,478
2021-06-04,Santa Barbara,083,443738,34957,34402,1215,35617,459
2021-06-04,Santa Clara,085,1922200,118777,119619,785,120404,2065
2021-06-04,Santa Cruz,087,273765,16227,16150,842,16992,207
2021-06-04,Shasta,089,179085,12438,12458,1624,14082,200
2021-06-04,Sierra,091,2930,56,55,13,68,0
2021-06-04,Siskiyou,093,43540,1944,1865,370,2235,21
2021-06-04,Solano,095,438530,33057,33058,565,33623,256
2021-06-04,Sonoma,097,501317,30335,30411,348,30759,323
2021-06-04,Stanislaus,099,539301,56645,56442,6055,62497,973
2021-06-04,Sutter,101,95872,9570,9554,90,9644,111
2021-06-04,Tehama,103,63373,5096,5090,595,5685,63
2021-06-04,Trinity,105,12862,458,328,88,416,3
2021-06-04,Tulare,107,460477,50071,49452,9274,58726,847
2021-06-04,Tuolumne,109,53932,4089,4095,38,4133,63
2021-06-04,Ventura,111,848112,81479,81104,3032,84136,1023
2021-06-04,Yolo,113,214977,14053,14083,335,14418,210
2021-06-04,Yuba,115,75493,6106,6084,129,6213,49
2021-06-03,Alameda,001,1643700,88515,88555,2011,90566,1257
2021-06-03,Alpine,003,1148,88,88,0,88,0
2021-06-03,Amador,005,37829,3701,3688,33,3721,46
2021-06-03,Butte,007,227075,12629,12478,1858,14336,193
2021-06-03,Calaveras,009,45235,2180,2179,14,2193,55
2021-06-03,Colusa,011,21464,1955,1957,318,2275,15
2021-06-03,Contra Costa,013,1133247,69985,69500,1306,70806,816
2021-06-03,Del Norte,015,27424,1422,1397,13,1410,8
2021-06-03,El Dorado,017,186661,10318,10284,738,11022,112
2021-06-03,Fresno,019,978130,102857,102566,8821,111387,1709
2021-06-03,Glenn,021,27897,2432,2421,569,2990,19
2021-06-03,Humboldt,023,135768,4348,4314,38,4352,42
2021-06-03,Imperial,025,180216,28629,28737,2824,31561,738
2021-06-03,Inyo,027,18085,1405,1404,26,1430,35
2021-06-03,Kern,029,883053,97459,96507,11125,107632,1326
2021-06-03,Kings,031,150075,23137,22982,1126,24108,244
2021-06-03,Lake,033,64148,3547,3526,9,3535,45
2021-06-03,Lassen,035,31185,5224,5177,117,5294,12
2021-06-03,Los Angeles,037,10098052,1205871,1202923,42145,1245068,24386
2021-06-03,Madera,039,155013,16653,16554,953,17507,240
2021-06-03,Marin,041,260295,14100,14095,270,14365,230
2021-06-03,Mariposa,043,17540,434,435,12,447,5
2021-06-03,Mendocino,045,87422,4052,3978,76,4054,47
2021-06-03,Merced,047,269075,31152,31199,997,32196,459
2021-06-03,Modoc,049,8938,385,376,133,509,3
2021-06-03,Mono,051,14174,1253,1275,14,1289,3
2021-06-03,Monterey,053,433212,43156,43063,1909,44972,415
2021-06-03,Napa,055,140530,9939,9957,38,9995,81
2021-06-03,Nevada,057,99092,4873,4837,197,5034,72
2021-06-03,Orange,059,3164182,255950,254676,11486,266162,5056
2021-06-03,Placer,061,380077,23420,23100,1542,24642,293
2021-06-03,Plumas,063,18699,710,691,11,702,4
2021-06-03,Riverside,065,2383286,292624,289035,14109,303144,4447
2021-06-03,Sacramento,067,1510023,106804,106526,1814,108340,1654
2021-06-03,San Benito,069,59416,6067,6073,117,6190,63
2021-06-03,San Bernardino,071,2135413,293515,293021,9095,302116,4762
2021-06-03,San Diego,073,3302833,281412,280430,14977,295407,3761
2021-06-03,San Francisco,075,870044,36855,37072,1320,38392,551
2021-06-03,San Joaquin,077,732212,73401,72989,3643,76632,1388
2021-06-03,San Luis Obispo,079,281455,21354,21224,761,21985,255
2021-06-03,San Mateo,081,765935,42474,42396,477,42873,467
2021-06-03,Santa Barbara,083,443738,34954,34391,1215,35606,459
2021-06-03,Santa Clara,085,1922200,118755,119592,783,120375,2058
2021-06-03,Santa Cruz,087,273765,16225,16144,842,16986,207
2021-06-03,Shasta,089,179085,12423,12441,1621,14062,199
2021-06-03,Sierra,091,2930,56,55,13,68,0
2021-06-03,Siskiyou,093,43540,1944,1862,369,2231,21
2021-06-03,Solano,095,438530,33043,33019,565,33584,256
2021-06-03,Sonoma,097,501317,30313,30383,347,30730,322
2021-06-03,Stanislaus,099,539301,56613,56401,6049,62450,973
2021-06-03,Sutter,101,95872,9561,9539,90,9629,111
2021-06-03,Tehama,103,63373,5096,5087,595,5682,63
2021-06-03,Trinity,105,12862,458,328,88,416,3
2021-06-03,Tulare,107,460477,50068,49442,9270,58712,848
2021-06-03,Tuolumne,109,53932,4087,4095,38,4133,63
2021-06-03,Ventura,111,848112,81467,81078,3030,84108,1023
2021-06-03,Yolo,113,214977,14049,14078,332,14410,210
2021-06-03,Yuba,115,75493,6099,6077,129,6206,49
2021-06-02,Alameda,001,1643700,88470,88525,2009,90534,1254
2021-06-02,Alpine,003,1148,88,88,0,88,0
2021-06-02,Amador,005,37829,3699,3687,33,3720,46
2021-06-02,Butte,007,227075,12609,12432,1855,14287,193
2021-06-02,Calaveras,009,45235,2177,2174,14,2188,55
2021-06-02,Colusa,011,21464,1954,1957,318,2275,15
2021-06-02,Contra Costa,013,1133247,69934,69455,1304,70759,814
2021-06-02,Del Norte,015,27424,1420,1395,13,1408,8
2021-06-02,El Dorado,017,186661,10314,10275,738,11013,110
2021-06-02,Fresno,019,978130,102833,102547,8818,111365,1707
2021-06-02,Glenn,021,27897,2432,2421,569,2990,19
2021-06-02,Humboldt,023,135768,4333,4302,38,4340,42
2021-06-02,Imperial,025,180216,28623,28737,2823,31560,738
2021-06-02,Inyo,027,18085,1404,1403,26,1429,35
2021-06-02,Kern,029,883053,97432,96481,11117,107598,1326
2021-06-02,Kings,031,150075,23135,22981,1126,24107,244
2021-06-02,Lake,033,64148,3542,3522,9,3531,45
2021-06-02,Lassen,035,31185,5223,5177,117,5294,6
2021-06-02,Los Angeles,037,10098052,1205669,1202760,42136,1244896,24375
2021-06-02,Madera,039,155013,16645,16550,953,17503,240
2021-06-02,Marin,041,260295,14098,14091,270,14361,229
2021-06-02,Mariposa,043,17540,434,434,12,446,5
2021-06-02,Mendocino,045,87422,4046,3970,76,4046,47
2021-06-02,Merced,047,269075,31139,31195,996,32191,458
2021-06-02,Modoc,049,8938,384,375,132,507,3
2021-06-02,Mono,051,14174,1253,1275,14,1289,3
2021-06-02,Monterey,053,433212,43154,43056,1909,44965,380
2021-06-02,Napa,055,140530,9938,9953,38,9991,82
2021-06-02,Nevada,057,99092,4870,4833,197,5030,72
2021-06-02,Orange,059,3164182,255903,254637,11481,266118,5055
2021-06-02,Placer,061,380077,23399,23058,1540,24598,293
2021-06-02,Plumas,063,18699,710,690,11,701,4
2021-06-02,Riverside,065,2383286,292569,289012,14099,303111,4445
2021-06-02,Sacramento,067,1510023,106739,106435,1808,108243,1649
2021-06-02,San Benito,069,59416,6066,6073,117,6190,63
2021-06-02,San Bernardino,071,2135413,293467,293004,9090,302094,4760
2021-06-02,San Diego,073,3302833,281332,280347,14956,295303,3760
2021-06-02,San Francisco,075,870044,36835,37050,1319,38369,550
2021-06-02,San Joaquin,077,732212,73370,72893,3640,76533,1387
2021-06-02,San Luis Obispo,079,281455,21347,21214,760,21974,255
2021-06-02,San Mateo,081,765935,42464,42383,476,42859,464
2021-06-02,Santa Barbara,083,443738,34948,34381,1215,35596,456
2021-06-02,Santa Clara,085,1922200,118727,119553,782,120335,2058
2021-06-02,Santa Cruz,087,273765,16222,16144,842,16986,207
2021-06-02,Shasta,089,179085,12405,12426,1616,14042,199
2021-06-02,Sierra,091,2930,56,55,13,68,0
2021-06-02,Siskiyou,093,43540,1944,1861,367,2228,21
2021-06-02,Solano,095,438530,33031,33007,564,33571,256
2021-06-02,Sonoma,097,501317,30294,30359,342,30701,322
2021-06-02,Stanislaus,099,539301,56584,56377,6044,62421,973
2021-06-02,Sutter,101,95872,9558,9533,90,9623,111
2021-06-02,Tehama,103,63373,5093,5081,595,5676,63
2021-06-02,Trinity,105,12862,456,328,88,416,3
2021-06-02,Tulare,107,460477,50060,49434,9266,58700,846
2021-06-02,Tuolumne,109,53932,4087,4095,38,4133,63
2021-06-02,Ventura,111,848112,81442,81033,3030,84063,1020
2021-06-02,Yolo,113,214977,14046,14074,331,14405,210
2021-06-02,Yuba,115,75493,6093,6072,129,6201,48
2021-06-01,Alameda,001,1643700,88437,88472,2007,90479,1253
2021-06-01,Alpine,003,1148,88,88,0,88,0
2021-06-01,Amador,005,37829,3697,3687,33,3720,46
2021-06-01,Butte,007,227075,12595,12427,1854,14281,193
2021-06-01,Calaveras,009,45235,2175,2173,14,2187,55
2021-06-01,Colusa,011,21464,1953,1955,317,2272,15
2021-06-01,Contra Costa,013,1133247,69877,69404,1304,70708,813
2021-06-01,Del Norte,015,27424,1419,1394,13,1407,8
2021-06-01,El Dorado,017,186661,10308,10271,738,11009,110
2021-06-01,Fresno,019,978130,102810,102534,8815,111349,1706
2021-06-01,Glenn,021,27897,2432,2422,569,2991,18
2021-06-01,Humboldt,023,135768,4323,4299,38,4337,42
2021-06-01,Imperial,025,180216,28619,28722,2822,31544,736
2021-06-01,Inyo,027,18085,1404,1403,26,1429,35
2021-06-01,Kern,029,883053,97405,96477,11109,107586,1319
2021-06-01,Kings,031,150075,23131,22977,1126,24103,244
2021-06-01,Lake,033,64148,3541,3523,9,3532,45
2021-06-01,Lassen,035,31185,5216,5172,117,5289,6
2021-06-01,Los Angeles,037,10098052,1205436,1202673,42123,1244796,24367
2021-06-01,Madera,039,155013,16636,16549,952,17501,240
2021-06-01,Marin,041,260295,14096,14081,270,14351,229
2021-06-01,Mariposa,043,17540,434,431,12,443,5
2021-06-01,Mendocino,045,87422,4039,3966,76,4042,47
2021-06-01,Merced,047,269075,31129,31195,996,32191,456
2021-06-01,Modoc,049,8938,382,375,132,507,3
2021-06-01,Mono,051,14174,1253,1275,14,1289,3
2021-06-01,Monterey,053,433212,43148,43051,1909,44960,379
2021-06-01,Napa,055,140530,9936,9949,38,9987,82
2021-06-01,Nevada,057,99092,4865,4825,197,5022,72
2021-06-01,Orange,059,3164182,255868,254603,11473,266076,5051
2021-06-01,Placer,061,380077,23369,23021,1538,24559,293
2021-06-01,Plumas,063,18699,709,690,11,701,4
2021-06-01,Riverside,065,2383286,292518,288996,14093,303089,4442
2021-06-01,Sacramento,067,1510023,106667,106330,1806,108136,1644
2021-06-01,San Benito,069,59416,6065,6073,116,6189,63
2021-06-01,San Bernardino,071,2135413,293443,292990,9089,302079,4758
2021-06-01,San Diego,073,3302833,281227,280305,14940,295245,3756
2021-06-01,San Francisco,075,870044,36819,37031,1319,38350,550
2021-06-01,San Joaquin,077,732212,73338,72858,3638,76496,1383
2021-06-01,San Luis Obispo,079,281455,21342,21217,760,21977,256
2021-06-01,San Mateo,081,765935,42447,42383,475,42858,462
2021-06-01,Santa Barbara,083,443738,34944,34374,1215,35589,456
2021-06-01,Santa Clara,085,1922200,118699,119528,782,120310,2057
2021-06-01,Santa Cruz,087,273765,16218,16143,841,16984,207
2021-06-01,Shasta,089,179085,12396,12409,1611,14020,199
2021-06-01,Sierra,091,2930,56,55,13,68,0
2021-06-01,Siskiyou,093,43540,1937,1860,366,2226,21
2021-06-01,Solano,095,438530,33006,32974,563,33537,256
2021-06-01,Sonoma,097,501317,30255,30324,341,30665,322
2021-06-01,Stanislaus,099,539301,56559,56348,6042,62390,973
2021-06-01,Sutter,101,95872,9551,9528,90,9618,111
2021-06-01,Tehama,103,63373,5091,5079,595,5674,63
2021-06-01,Trinity,105,12862,455,328,87,415,3
2021-06-01,Tulare,107,460477,50052,49419,9262,58681,845
2021-06-01,Tuolumne,109,53932,4087,4094,38,4132,63
2021-06-01,Ventura,111,848112,81426,81018,3029,84047,1021
2021-06-01,Yolo,113,214977,14040,14067,331,14398,210
2021-06-01,Yuba,115,75493,6089,6067,129,6196,48
2021-05-31,Alameda,001,1643700,88400,88458,2003,90461,1253
2021-05-31,Alpine,003,1148,88,88,0,88,0
2021-05-31,Amador,005,37829,3691,3687,33,3720,46
2021-05-31,Butte,007,227075,12582,12429,1854,14283,193
2021-05-31,Calaveras,009,45235,2174,2171,14,2185,55
2021-05-31,Colusa,011,21464,1953,1956,316,2272,15
2021-05-31,Contra Costa,013,1133247,69840,69390,1302,70692,813
2021-05-31,Del Norte,015,27424,1416,1394,13,1407,8
2021-05-31,El Dorado,017,186661,10302,10271,736,11007,110
2021-05-31,Fresno,019,978130,102773,102507,8815,111322,1706
2021-05-31,Glenn,021,27897,2431,2422,568,2990,18
2021-05-31,Humboldt,023,135768,4311,4295,38,4333,42
2021-05-31,Imperial,025,180216,28613,28732,2819,31551,736
2021-05-31,Inyo,027,18085,1403,1403,26,1429,35
2021-05-31,Kern,029,883053,97369,96457,11100,107557,1319
2021-05-31,Kings,031,150075,23127,22977,1126,24103,244
2021-05-31,Lake,033,64148,3536,3523,9,3532,45
2021-05-31,Lassen,035,31185,5214,5172,116,5288,6
2021-05-31,Los Angeles,037,10098052,1205195,1202567,42115,1244682,24364
2021-05-31,Madera,039,155013,16635,16543,951,17494,240
2021-05-31,Marin,041,260295,14094,14080,269,14349,229
2021-05-31,Mariposa,043,17540,434,430,12,442,5
2021-05-31,Mendocino,045,87422,4029,3961,76,4037,47
2021-05-31,Merced,047,269075,31124,31194,996,32190,456
2021-05-31,Modoc,049,8938,381,374,132,506,3
2021-05-31,Mono,051,14174,1253,1275,14,1289,3
2021-05-31,Monterey,053,433212,43144,43051,1909,44960,379
2021-05-31,Napa,055,140530,9929,9948,38,9986,82
2021-05-31,Nevada,057,99092,4855,4823,196,5019,72
2021-05-31,Orange,059,3164182,255841,254572,11466,266038,5051
2021-05-31,Placer,061,380077,23343,23019,1533,24552,293
2021-05-31,Plumas,063,18699,708,690,11,701,4
2021-05-31,Riverside,065,2383286,292461,288970,14081,303051,4442
2021-05-31,Sacramento,067,1510023,106570,106278,1800,108078,1644
2021-05-31,San Benito,069,59416,6065,6072,116,6188,63
2021-05-31,San Bernardino,071,2135413,293395,292973,9088,302061,4758
2021-05-31,San Diego,073,3302833,281123,280254,14928,295182,3756
2021-05-31,San Francisco,075,870044,36804,37022,1318,38340,550
2021-05-31,San Joaquin,077,732212,73290,72856,3632,76488,1383
2021-05-31,San Luis Obispo,079,281455,21334,21215,760,21975,256
2021-05-31,San Mateo,081,765935,42431,42389,475,42864,442
2021-05-31,Santa Barbara,083,443738,34931,34369,1213,35582,456
2021-05-31,Santa Clara,085,1922200,118655,119515,782,120297,2057
2021-05-31,Santa Cruz,087,273765,16215,16139,841,16980,207
2021-05-31,Shasta,089,179085,12380,12408,1608,14016,199
2021-05-31,Sierra,091,2930,56,55,13,68,0
2021-05-31,Siskiyou,093,43540,1936,1856,365,2221,21
2021-05-31,Solano,095,438530,32955,32973,563,33536,256
2021-05-31,Sonoma,097,501317,30212,30314,341,30655,322
2021-05-31,Stanislaus,099,539301,56509,56335,6039,62374,973
2021-05-31,Sutter,101,95872,9532,9523,90,9613,111
2021-05-31,Tehama,103,63373,5089,5076,594,5670,63
2021-05-31,Trinity,105,12862,455,328,87,415,3
2021-05-31,Tulare,107,460477,50041,49404,9257,58661,845
2021-05-31,Tuolumne,109,53932,4085,4095,38,4133,63
2021-05-31,Ventura,111,848112,81411,81017,3026,84043,1021
2021-05-31,Yolo,113,214977,14036,14064,331,14395,210
2021-05-31,Yuba,115,75493,6083,6063,126,6189,48
2021-05-30,Alameda,001,1643700,88375,88429,2003,90432,1253
2021-05-30,Alpine,003,1148,88,88,0,88,0
2021-05-30,Amador,005,37829,3687,3685,33,3718,46
2021-05-30,Butte,007,227075,12572,12427,1852,14279,190
2021-05-30,Calaveras,009,45235,2170,2166,14,2180,55
2021-05-30,Colusa,011,21464,1953,1954,316,2270,15
2021-05-30,Contra Costa,013,1133247,69806,69381,1300,70681,813
2021-05-30,Del Norte,015,27424,1415,1393,13,1406,8
2021-05-30,El Dorado,017,186661,10299,10271,736,11007,110
2021-05-30,Fresno,019,978130,102756,102499,8811,111310,1706
2021-05-30,Glenn,021,27897,2431,2422,567,2989,18
2021-05-30,Humboldt,023,135768,4302,4291,38,4329,42
2021-05-30,Imperial,025,180216,28608,28732,2818,31550,736
2021-05-30,Inyo,027,18085,1403,1403,26,1429,35
2021-05-30,Kern,029,883053,97353,96443,11097,107540,1319
2021-05-30,Kings,031,150075,23126,22974,1125,24099,244
2021-05-30,Lake,033,64148,3536,3517,9,3526,45
2021-05-30,Lassen,035,31185,5212,5171,116,5287,6
2021-05-30,Los Angeles,037,10098052,1205091,1202425,42108,1244533,24360
2021-05-30,Madera,039,155013,16631,16538,951,17489,240
2021-05-30,Marin,041,260295,14090,14083,268,14351,229
2021-05-30,Mariposa,043,17540,434,430,12,442,5
2021-05-30,Mendocino,045,87422,4022,3955,76,4031,47
2021-05-30,Merced,047,269075,31120,31189,995,32184,456
2021-05-30,Modoc,049,8938,381,374,132,506,3
2021-05-30,Mono,051,14174,1253,1275,14,1289,3
2021-05-30,Monterey,053,433212,43141,43049,1909,44958,379
2021-05-30,Napa,055,140530,9928,9948,38,9986,82
2021-05-30,Nevada,057,99092,4849,4818,196,5014,72
2021-05-30,Orange,059,3164182,255818,254559,11465,266024,5051
2021-05-30,Placer,061,380077,23337,23016,1533,24549,293
2021-05-30,Plumas,063,18699,706,690,11,701,4
2021-05-30,Riverside,065,2383286,292440,288961,14079,303040,4442
2021-05-30,Sacramento,067,1510023,106525,106252,1798,108050,1644
2021-05-30,San Benito,069,59416,6065,6072,116,6188,63
2021-05-30,San Bernardino,071,2135413,293369,292981,9087,302068,4758
2021-05-30,San Diego,073,3302833,281067,280209,14923,295132,3756
2021-05-30,San Francisco,075,870044,36785,37016,1318,38334,550
2021-05-30,San Joaquin,077,732212,73273,72853,3631,76484,1383
2021-05-30,San Luis Obispo,079,281455,21325,21211,759,21970,256
2021-05-30,San Mateo,081,765935,42423,42386,475,42861,439
2021-05-30,Santa Barbara,083,443738,34927,34369,1212,35581,456
2021-05-30,Santa Clara,085,1922200,118633,119510,778,120288,2057
2021-05-30,Santa Cruz,087,273765,16213,16140,841,16981,207
2021-05-30,Shasta,089,179085,12378,12408,1605,14013,199
2021-05-30,Sierra,091,2930,56,55,13,68,0
2021-05-30,Siskiyou,093,43540,1936,1856,365,2221,21
2021-05-30,Solano,095,438530,32944,32952,562,33514,256
2021-05-30,Sonoma,097,501317,30195,30310,340,30650,322
2021-05-30,Stanislaus,099,539301,56490,56323,6038,62361,973
2021-05-30,Sutter,101,95872,9531,9519,89,9608,111
2021-05-30,Tehama,103,63373,5089,5073,594,5667,63
2021-05-30,Trinity,105,12862,455,328,87,415,3
2021-05-30,Tulare,107,460477,50034,49397,9248,58645,845
2021-05-30,Tuolumne,109,53932,4085,4094,38,4132,63
2021-05-30,Ventura,111,848112,81407,81012,3025,84037,1021
2021-05-30,Yolo,113,214977,14031,14059,330,14389,210
2021-05-30,Yuba,115,75493,6076,6063,125,6188,48
2021-05-29,Alameda,001,1643700,88352,88433,2001,90434,1253
2021-05-29,Alpine,003,1148,88,88,0,88,0
2021-05-29,Amador,005,37829,3686,3683,33,3716,46
2021-05-29,Butte,007,227075,12566,12425,1852,14277,190
2021-05-29,Calaveras,009,45235,2169,2166,14,2180,55
2021-05-29,Colusa,011,21464,1950,1954,316,2270,15
2021-05-29,Contra Costa,013,1133247,69773,69351,1300,70651,813
2021-05-29,Del Norte,015,27424,1415,1391,13,1404,8
2021-05-29,El Dorado,017,186661,10298,10269,734,11003,110
2021-05-29,Fresno,019,978130,102744,102470,8808,111278,1706
2021-05-29,Glenn,021,27897,2431,2422,566,2988,18
2021-05-29,Humboldt,023,135768,4296,4283,38,4321,42
2021-05-29,Imperial,025,180216,28605,28729,2817,31546,736
2021-05-29,Inyo,027,18085,1403,1404,26,1430,35
2021-05-29,Kern,029,883053,97342,96424,11084,107508,1319
2021-05-29,Kings,031,150075,23125,22970,1124,24094,244
2021-05-29,Lake,033,64148,3536,3515,9,3524,45
2021-05-29,Lassen,035,31185,5212,5171,116,5287,6
2021-05-29,Los Angeles,037,10098052,1204968,1202264,42105,1244369,24359
2021-05-29,Madera,039,155013,16629,16535,951,17486,240
2021-05-29,Marin,041,260295,14086,14071,267,14338,229
2021-05-29,Mariposa,043,17540,433,428,12,440,5
2021-05-29,Mendocino,045,87422,4016,3952,76,4028,47
2021-05-29,Merced,047,269075,31108,31187,995,32182,456
2021-05-29,Modoc,049,8938,381,374,132,506,3
2021-05-29,Mono,051,14174,1253,1275,14,1289,3
2021-05-29,Monterey,053,433212,43139,43042,1909,44951,379
2021-05-29,Napa,055,140530,9925,9948,38,9986,82
2021-05-29,Nevada,057,99092,4848,4816,196,5012,72
2021-05-29,Orange,059,3164182,255796,254537,11455,265992,5049
2021-05-29,Placer,061,380077,23322,23009,1532,24541,293
2021-05-29,Plumas,063,18699,706,689,11,700,4
2021-05-29,Riverside,065,2383286,292420,288908,14078,302986,4442
2021-05-29,Sacramento,067,1510023,106495,106218,1797,108015,1643
2021-05-29,San Benito,069,59416,6064,6072,116,6188,63
2021-05-29,San Bernardino,071,2135413,293337,292961,9086,302047,4757
2021-05-29,San Diego,073,3302833,281008,280151,14918,295069,3756
2021-05-29,San Francisco,075,870044,36776,37008,1318,38326,550
2021-05-29,San Joaquin,077,732212,73257,72827,3629,76456,1383
2021-05-29,San Luis Obispo,079,281455,21323,21201,759,21960,256
2021-05-29,San Mateo,081,765935,42416,42375,474,42849,439
2021-05-29,Santa Barbara,083,443738,34923,34367,1212,35579,456
2021-05-29,Santa Clara,085,1922200,118609,119498,777,120275,2056
2021-05-29,Santa Cruz,087,273765,16212,16137,841,16978,207
2021-05-29,Shasta,089,179085,12370,12401,1604,14005,199
2021-05-29,Sierra,091,2930,56,55,13,68,0
2021-05-29,Siskiyou,093,43540,1931,1856,365,2221,21
2021-05-29,Solano,095,438530,32935,32917,562,33479,256
2021-05-29,Sonoma,097,501317,30172,30298,339,30637,322
2021-05-29,Stanislaus,099,539301,56470,56305,6036,62341,974
2021-05-29,Sutter,101,95872,9527,9516,89,9605,111
2021-05-29,Tehama,103,63373,5088,5070,594,5664,63
2021-05-29,Trinity,105,12862,455,328,87,415,3
2021-05-29,Tulare,107,460477,50024,49392,9244,58636,845
2021-05-29,Tuolumne,109,53932,4085,4093,38,4131,63
2021-05-29,Ventura,111,848112,81399,81008,3025,84033,1021
2021-05-29,Yolo,113,214977,14030,14055,330,14385,210
2021-05-29,Yuba,115,75493,6076,6059,125,6184,48
2021-05-28,Alameda,001,1643700,88328,88391,1997,90388,1261
2021-05-28,Alpine,003,1148,88,88,0,88,0
2021-05-28,Amador,005,37829,3686,3680,33,3713,46
2021-05-28,Butte,007,227075,12563,12407,1851,14258,190
2021-05-28,Calaveras,009,45235,2168,2165,14,2179,55
2021-05-28,Colusa,011,21464,1950,1954,314,2268,15
2021-05-28,Contra Costa,013,1133247,69737,69290,1299,70589,813
2021-05-28,Del Norte,015,27424,1414,1390,13,1403,8
2021-05-28,El Dorado,017,186661,10295,10265,734,10999,110
2021-05-28,Fresno,019,978130,102729,102437,8808,111245,1705
2021-05-28,Glenn,021,27897,2431,2419,566,2985,18
2021-05-28,Humboldt,023,135768,4290,4265,38,4303,42
2021-05-28,Imperial,025,180216,28602,28722,2817,31539,736
2021-05-28,Inyo,027,18085,1403,1404,26,1430,35
2021-05-28,Kern,029,883053,97325,96396,11076,107472,1320
2021-05-28,Kings,031,150075,23123,22962,1124,24086,244
2021-05-28,Lake,033,64148,3534,3515,9,3524,45
2021-05-28,Lassen,035,31185,5212,5169,116,5285,6
2021-05-28,Los Angeles,037,10098052,1204859,1202103,42094,1244197,24357
2021-05-28,Madera,039,155013,16627,16530,951,17481,240
2021-05-28,Marin,041,260295,14085,14063,266,14329,229
2021-05-28,Mariposa,043,17540,433,428,12,440,5
2021-05-28,Mendocino,045,87422,4011,3947,76,4023,47
2021-05-28,Merced,047,269075,31105,31176,995,32171,455
2021-05-28,Modoc,049,8938,381,374,132,506,3
2021-05-28,Mono,051,14174,1253,1274,14,1288,3
2021-05-28,Monterey,053,433212,43138,43036,1909,44945,379
2021-05-28,Napa,055,140530,9925,9941,38,9979,82
2021-05-28,Nevada,057,99092,4846,4813,196,5009,71
2021-05-28,Orange,059,3164182,255776,254494,11453,265947,5047
2021-05-28,Placer,061,380077,23312,22987,1530,24517,293
2021-05-28,Plumas,063,18699,704,688,11,699,4
2021-05-28,Riverside,065,2383286,292398,288872,14076,302948,4442
2021-05-28,Sacramento,067,1510023,106439,106131,1795,107926,1642
2021-05-28,San Benito,069,59416,6064,6074,116,6190,63
2021-05-28,San Bernardino,071,2135413,293314,292905,9086,301991,4757
2021-05-28,San Diego,073,3302833,280944,280043,14908,294951,3756
2021-05-28,San Francisco,075,870044,36770,36987,1318,38305,546
2021-05-28,San Joaquin,077,732212,73227,72793,3627,76420,1383
2021-05-28,San Luis Obispo,079,281455,21319,21190,757,21947,256
2021-05-28,San Mateo,081,765935,42410,42364,474,42838,439
2021-05-28,Santa Barbara,083,443738,34921,34371,1212,35583,455
2021-05-28,Santa Clara,085,1922200,118585,119462,777,120239,2056
2021-05-28,Santa Cruz,087,273765,16211,16129,841,16970,207
2021-05-28,Shasta,089,179085,12361,12383,1602,13985,198
2021-05-28,Sierra,091,2930,56,54,13,67,0
2021-05-28,Siskiyou,093,43540,1929,1850,365,2215,19
2021-05-28,Solano,095,438530,32920,32892,562,33454,256
2021-05-28,Sonoma,097,501317,30153,30270,339,30609,321
2021-05-28,Stanislaus,099,539301,56447,56278,6033,62311,974
2021-05-28,Sutter,101,95872,9523,9511,89,9600,111
2021-05-28,Tehama,103,63373,5082,5064,594,5658,63
2021-05-28,Trinity,105,12862,455,328,87,415,3
2021-05-28,Tulare,107,460477,50019,49375,9234,58609,846
2021-05-28,Tuolumne,109,53932,4085,4090,38,4128,63
2021-05-28,Ventura,111,848112,81388,80985,3024,84009,1021
2021-05-28,Yolo,113,214977,14026,14050,329,14379,210
2021-05-28,Yuba,115,75493,6074,6050,124,6174,48
2021-05-27,Alameda,001,1643700,88291,88342,1996,90338,1274
2021-05-27,Alpine,003,1148,88,88,0,88,0
2021-05-27,Amador,005,37829,3683,3680,33,3713,46
2021-05-27,Butte,007,227075,12557,12401,1850,14251,190
2021-05-27,Calaveras,009,45235,2167,2163,14,2177,55
2021-05-27,Colusa,011,21464,1947,1952,314,2266,15
2021-05-27,Contra Costa,013,1133247,69695,69245,1297,70542,813
2021-05-27,Del Norte,015,27424,1414,1388,13,1401,8
2021-05-27,El Dorado,017,186661,10294,10248,734,10982,112
2021-05-27,Fresno,019,978130,102713,102413,8805,111218,1704
2021-05-27,Glenn,021,27897,2431,2415,566,2981,18
2021-05-27,Humboldt,023,135768,4282,4260,38,4298,42
2021-05-27,Imperial,025,180216,28591,28728,2817,31545,736
2021-05-27,Inyo,027,18085,1403,1404,26,1430,35
2021-05-27,Kern,029,883053,97309,96364,11068,107432,1322
2021-05-27,Kings,031,150075,23120,22953,1124,24077,245
2021-05-27,Lake,033,64148,3529,3509,9,3518,45
2021-05-27,Lassen,035,31185,5211,5170,115,5285,6
2021-05-27,Los Angeles,037,10098052,1204698,1201927,42078,1244005,24348
2021-05-27,Madera,039,155013,16618,16527,951,17478,240
2021-05-27,Marin,041,260295,14081,14061,266,14327,229
2021-05-27,Mariposa,043,17540,431,427,12,439,5
2021-05-27,Mendocino,045,87422,4005,3945,76,4021,47
2021-05-27,Merced,047,269075,31093,31161,995,32156,455
2021-05-27,Modoc,049,8938,380,374,132,506,3
2021-05-27,Mono,051,14174,1253,1276,14,1290,3
2021-05-27,Monterey,053,433212,43132,43032,1909,44941,379
2021-05-27,Napa,055,140530,9924,9934,38,9972,82
2021-05-27,Nevada,057,99092,4842,4807,194,5001,71
2021-05-27,Orange,059,3164182,255739,254438,11449,265887,5059
2021-05-27,Placer,061,380077,23303,22966,1530,24496,293
2021-05-27,Plumas,063,18699,704,687,11,698,4
2021-05-27,Riverside,065,2383286,292363,288835,14071,302906,4443
2021-05-27,Sacramento,067,1510023,106363,106015,1793,107808,1642
2021-05-27,San Benito,069,59416,6063,6074,116,6190,63
2021-05-27,San Bernardino,071,2135413,293278,292755,9084,301839,4756
2021-05-27,San Diego,073,3302833,280870,279960,14894,294854,3756
2021-05-27,San Francisco,075,870044,36764,36980,1315,38295,546
2021-05-27,San Joaquin,077,732212,73195,72714,3623,76337,1388
2021-05-27,San Luis Obispo,079,281455,21316,21171,757,21928,256
2021-05-27,San Mateo,081,765935,42401,42345,474,42819,436
2021-05-27,Santa Barbara,083,443738,34917,34355,1212,35567,456
2021-05-27,Santa Clara,085,1922200,118564,119452,777,120229,2053
2021-05-27,Santa Cruz,087,273765,16208,16134,841,16975,207
2021-05-27,Shasta,089,179085,12350,12380,1602,13982,202
2021-05-27,Sierra,091,2930,56,54,13,67,0
2021-05-27,Siskiyou,093,43540,1926,1846,365,2211,18
2021-05-27,Solano,095,438530,32879,32855,561,33416,257
2021-05-27,Sonoma,097,501317,30126,30253,335,30588,321
2021-05-27,Stanislaus,099,539301,56419,56207,6032,62239,974
2021-05-27,Sutter,101,95872,9519,9501,89,9590,111
2021-05-27,Tehama,103,63373,5079,5064,593,5657,63
2021-05-27,Trinity,105,12862,455,328,87,415,3
2021-05-27,Tulare,107,460477,50005,49366,9225,58591,840
2021-05-27,Tuolumne,109,53932,4084,4090,38,4128,66
2021-05-27,Ventura,111,848112,81375,80965,3021,83986,1023
2021-05-27,Yolo,113,214977,14023,14036,329,14365,213
2021-05-27,Yuba,115,75493,6069,6040,123,6163,48
2021-05-26,Alameda,001,1643700,88262,88297,1996,90293,1266
2021-05-26,Alpine,003,1148,88,88,0,88,0
2021-05-26,Amador,005,37829,3683,3679,33,3712,46
2021-05-26,Butte,007,227075,12548,12332,1849,14181,190
2021-05-26,Calaveras,009,45235,2165,2154,14,2168,55
2021-05-26,Colusa,011,21464,1946,1952,314,2266,15
2021-05-26,Contra Costa,013,1133247,69658,69210,1297,70507,812
2021-05-26,Del Norte,015,27424,1414,1386,12,1398,8
2021-05-26,El Dorado,017,186661,10290,10242,733,10975,112
2021-05-26,Fresno,019,978130,102681,102374,8800,111174,1702
2021-05-26,Glenn,021,27897,2430,2415,566,2981,18
2021-05-26,Humboldt,023,135768,4277,4246,38,4284,42
2021-05-26,Imperial,025,180216,28586,28712,2815,31527,734
2021-05-26,Inyo,027,18085,1403,1403,26,1429,36
2021-05-26,Kern,029,883053,97284,96343,11061,107404,1320
2021-05-26,Kings,031,150075,23116,22950,1123,24073,245
2021-05-26,Lake,033,64148,3528,3508,9,3517,45
2021-05-26,Lassen,035,31185,5210,5164,115,5279,6
2021-05-26,Los Angeles,037,10098052,1204534,1198100,42060,1240160,24221
2021-05-26,Madera,039,155013,16615,16520,950,17470,240
2021-05-26,Marin,041,260295,14078,14061,265,14326,227
2021-05-26,Mariposa,043,17540,431,427,12,439,5
2021-05-26,Mendocino,045,87422,3999,3938,76,4014,47
2021-05-26,Merced,047,269075,31084,31139,995,32134,455
2021-05-26,Modoc,049,8938,380,371,131,502,3
2021-05-26,Mono,051,14174,1253,1274,14,1288,3
2021-05-26,Monterey,053,433212,43126,43018,1908,44926,379
2021-05-26,Napa,055,140530,9917,9932,36,9968,82
2021-05-26,Nevada,057,99092,4837,4803,194,4997,70
2021-05-26,Orange,059,3164182,255701,254368,11446,265814,5058
2021-05-26,Placer,061,380077,23278,22940,1530,24470,293
2021-05-26,Plumas,063,18699,703,685,11,696,4
2021-05-26,Riverside,065,2383286,292317,288782,14064,302846,4443
2021-05-26,Sacramento,067,1510023,106277,105919,1789,107708,1637
2021-05-26,San Benito,069,59416,6063,6074,116,6190,63
2021-05-26,San Bernardino,071,2135413,293243,292662,9083,301745,4755
2021-05-26,San Diego,073,3302833,280795,279859,14884,294743,3755
2021-05-26,San Francisco,075,870044,36752,36954,1315,38269,546
2021-05-26,San Joaquin,077,732212,73154,72681,3620,76301,1388
2021-05-26,San Luis Obispo,079,281455,21311,21163,757,21920,256
2021-05-26,San Mateo,081,765935,42392,42331,474,42805,436
2021-05-26,Santa Barbara,083,443738,34908,34348,1212,35560,459
2021-05-26,Santa Clara,085,1922200,118537,119421,776,120197,2031
2021-05-26,Santa Cruz,087,273765,16207,16139,841,16980,207
2021-05-26,Shasta,089,179085,12336,12357,1599,13956,202
2021-05-26,Sierra,091,2930,56,54,13,67,0
2021-05-26,Siskiyou,093,43540,1924,1847,363,2210,18
2021-05-26,Solano,095,438530,32843,32831,561,33392,257
2021-05-26,Sonoma,097,501317,30100,30230,335,30565,321
2021-05-26,Stanislaus,099,539301,56396,56193,6029,62222,974
2021-05-26,Sutter,101,95872,9514,9495,89,9584,112
2021-05-26,Tehama,103,63373,5078,5054,590,5644,63
2021-05-26,Trinity,105,12862,455,328,87,415,3
2021-05-26,Tulare,107,460477,49998,49352,9221,58573,839
2021-05-26,Tuolumne,109,53932,4080,4088,37,4125,66
2021-05-26,Ventura,111,848112,81352,80944,3019,83963,1023
2021-05-26,Yolo,113,214977,14020,14025,329,14354,213
2021-05-26,Yuba,115,75493,6064,6036,123,6159,49
2021-05-25,Alameda,001,1643700,88233,88237,1996,90233,1263
2021-05-25,Alpine,003,1148,88,88,0,88,0
2021-05-25,Amador,005,37829,3678,3676,33,3709,46
2021-05-25,Butte,007,227075,12537,12295,1848,14143,189
2021-05-25,Calaveras,009,45235,2163,2148,14,2162,55
2021-05-25,Colusa,011,21464,1945,1949,314,2263,15
2021-05-25,Contra Costa,013,1133247,69605,69167,1292,70459,809
2021-05-25,Del Norte,015,27424,1414,1385,12,1397,8
2021-05-25,El Dorado,017,186661,10283,10240,732,10972,112
2021-05-25,Fresno,019,978130,102659,102329,8800,111129,1701
2021-05-25,Glenn,021,27897,2429,2414,565,2979,17
2021-05-25,Humboldt,023,135768,4270,4231,36,4267,42
2021-05-25,Imperial,025,180216,28579,28586,2815,31401,735
2021-05-25,Inyo,027,18085,1403,1402,26,1428,36
2021-05-25,Kern,029,883053,97253,96319,11047,107366,1319
2021-05-25,Kings,031,150075,23109,22944,1123,24067,245
2021-05-25,Lake,033,64148,3527,3508,9,3517,44
2021-05-25,Lassen,035,31185,5206,5164,115,5279,6
2021-05-25,Los Angeles,037,10098052,1204358,1197940,42041,1239981,24212
2021-05-25,Madera,039,155013,16610,16519,949,17468,240
2021-05-25,Marin,041,260295,14072,14053,265,14318,227
2021-05-25,Mariposa,043,17540,430,427,12,439,5
2021-05-25,Mendocino,045,87422,3994,3928,76,4004,47
2021-05-25,Merced,047,269075,31063,31132,995,32127,455
2021-05-25,Modoc,049,8938,379,367,131,498,3
2021-05-25,Mono,051,14174,1253,1274,14,1288,3
2021-05-25,Monterey,053,433212,43122,43012,1907,44919,379
2021-05-25,Napa,055,140530,9915,9926,36,9962,82
2021-05-25,Nevada,057,99092,4831,4795,194,4989,70
2021-05-25,Orange,059,3164182,255672,254321,11445,265766,5057
2021-05-25,Placer,061,380077,23267,22920,1528,24448,292
2021-05-25,Plumas,063,18699,703,684,11,695,4
2021-05-25,Riverside,065,2383286,292278,288725,14061,302786,4443
2021-05-25,Sacramento,067,1510023,106196,105828,1785,107613,1633
2021-05-25,San Benito,069,59416,6063,6073,116,6189,63
2021-05-25,San Bernardino,071,2135413,293183,292485,9082,301567,4755
2021-05-25,San Diego,073,3302833,280715,279786,14879,294665,3753
2021-05-25,San Francisco,075,870044,36729,36939,1315,38254,546
2021-05-25,San Joaquin,077,732212,73113,72628,3617,76245,1387
2021-05-25,San Luis Obispo,079,281455,21308,21153,757,21910,256
2021-05-25,San Mateo,081,765935,42382,42268,474,42742,435
2021-05-25,Santa Barbara,083,443738,34905,34337,1212,35549,459
2021-05-25,Santa Clara,085,1922200,118513,119393,775,120168,2032
2021-05-25,Santa Cruz,087,273765,16202,16141,841,16982,207
2021-05-25,Shasta,089,179085,12326,12328,1596,13924,202
2021-05-25,Sierra,091,2930,55,54,13,67,0
2021-05-25,Siskiyou,093,43540,1923,1845,362,2207,18
2021-05-25,Solano,095,438530,32824,32817,560,33377,256
2021-05-25,Sonoma,097,501317,30071,30207,334,30541,321
2021-05-25,Stanislaus,099,539301,56359,56168,6027,62195,974
2021-05-25,Sutter,101,95872,9510,9495,89,9584,112
2021-05-25,Tehama,103,63373,5076,5048,589,5637,63
2021-05-25,Trinity,105,12862,455,328,86,414,3
2021-05-25,Tulare,107,460477,49988,49326,9213,58539,838
2021-05-25,Tuolumne,109,53932,4080,4084,37,4121,66
2021-05-25,Ventura,111,848112,81334,80905,3019,83924,1022
2021-05-25,Yolo,113,214977,14013,14018,327,14345,213
2021-05-25,Yuba,115,75493,6057,6028,123,6151,49
2021-05-24,Alameda,001,1643700,88171,88182,1995,90177,1263
2021-05-24,Alpine,003,1148,88,88,0,88,0
2021-05-24,Amador,005,37829,3676,3675,33,3708,46
2021-05-24,Butte,007,227075,12524,12279,1845,14124,189
2021-05-24,Calaveras,009,45235,2162,2146,14,2160,54
2021-05-24,Colusa,011,21464,1945,1949,314,2263,15
2021-05-24,Contra Costa,013,1133247,69566,69107,1288,70395,809
2021-05-24,Del Norte,015,27424,1413,1384,12,1396,8
2021-05-24,El Dorado,017,186661,10273,10227,731,10958,112
2021-05-24,Fresno,019,978130,102617,102289,8799,111088,1698
2021-05-24,Glenn,021,27897,2429,2413,565,2978,17
2021-05-24,Humboldt,023,135768,4263,4225,36,4261,42
2021-05-24,Imperial,025,180216,28577,28575,2815,31390,735
2021-05-24,Inyo,027,18085,1403,1402,26,1428,36
2021-05-24,Kern,029,883053,97226,96296,11042,107338,1319
2021-05-24,Kings,031,150075,23105,22940,1123,24063,246
2021-05-24,Lake,033,64148,3525,3506,9,3515,43
2021-05-24,Lassen,035,31185,5202,5163,115,5278,6
2021-05-24,Los Angeles,037,10098052,1204185,1197782,42026,1239808,24201
2021-05-24,Madera,039,155013,16607,16513,948,17461,239
2021-05-24,Marin,041,260295,14070,14051,265,14316,227
2021-05-24,Mariposa,043,17540,429,427,12,439,5
2021-05-24,Mendocino,045,87422,3992,3919,76,3995,47
2021-05-24,Merced,047,269075,31053,31128,994,32122,455
2021-05-24,Modoc,049,8938,379,366,130,496,3
2021-05-24,Mono,051,14174,1253,1270,14,1284,3
2021-05-24,Monterey,053,433212,43117,43005,1906,44911,379
2021-05-24,Napa,055,140530,9915,9924,36,9960,82
2021-05-24,Nevada,057,99092,4828,4790,194,4984,70
2021-05-24,Orange,059,3164182,255636,254287,11435,265722,5056
2021-05-24,Placer,061,380077,23248,22895,1527,24422,292
2021-05-24,Plumas,063,18699,702,683,11,694,4
2021-05-24,Riverside,065,2383286,292224,288669,14051,302720,4442
2021-05-24,Sacramento,067,1510023,106081,105716,1784,107500,1632
2021-05-24,San Benito,069,59416,6063,6072,116,6188,63
2021-05-24,San Bernardino,071,2135413,293143,292343,9081,301424,4747
2021-05-24,San Diego,073,3302833,280606,279715,14869,294584,3749
2021-05-24,San Francisco,075,870044,36710,36934,1314,38248,547
2021-05-24,San Joaquin,077,732212,73081,72586,3616,76202,1371
2021-05-24,San Luis Obispo,079,281455,21290,21146,756,21902,256
2021-05-24,San Mateo,081,765935,42372,42249,474,42723,433
2021-05-24,Santa Barbara,083,443738,34900,34322,1212,35534,459
2021-05-24,Santa Clara,085,1922200,118481,119358,775,120133,2030
2021-05-24,Santa Cruz,087,273765,16197,16135,841,16976,207
2021-05-24,Shasta,089,179085,12309,12315,1593,13908,201
2021-05-24,Sierra,091,2930,55,54,13,67,0
2021-05-24,Siskiyou,093,43540,1920,1840,362,2202,17
2021-05-24,Solano,095,438530,32799,32792,559,33351,254
2021-05-24,Sonoma,097,501317,30056,30187,334,30521,321
2021-05-24,Stanislaus,099,539301,56325,56128,6023,62151,974
2021-05-24,Sutter,101,95872,9504,9486,89,9575,113
2021-05-24,Tehama,103,63373,5073,5043,587,5630,63
2021-05-24,Trinity,105,12862,455,328,86,414,3
2021-05-24,Tulare,107,460477,49981,49318,9209,58527,838
2021-05-24,Tuolumne,109,53932,4080,4083,37,4120,65
2021-05-24,Ventura,111,848112,81321,80876,3017,83893,1022
2021-05-24,Yolo,113,214977,13996,14012,324,14336,213
2021-05-24,Yuba,115,75493,6048,6022,123,6145,49
2021-05-23,Alameda,001,1643700,88100,88157,1992,90149,1263
2021-05-23,Alpine,003,1148,88,88,0,88,0
2021-05-23,Amador,005,37829,3675,3673,33,3706,46
2021-05-23,Butte,007,227075,12510,12271,1844,14115,189
2021-05-23,Calaveras,009,45235,2153,2144,14,2158,54
2021-05-23,Colusa,011,21464,1945,1949,312,2261,15
2021-05-23,Contra Costa,013,1133247,69521,69075,1286,70361,809
2021-05-23,Del Norte,015,27424,1409,1383,12,1395,8
2021-05-23,El Dorado,017,186661,10267,10222,731,10953,112
2021-05-23,Fresno,019,978130,102571,102270,8795,111065,1698
2021-05-23,Glenn,021,27897,2427,2413,565,2978,17
2021-05-23,Humboldt,023,135768,4246,4216,36,4252,42
2021-05-23,Imperial,025,180216,28571,28569,2814,31383,735
2021-05-23,Inyo,027,18085,1403,1402,26,1428,36
2021-05-23,Kern,029,883053,97203,96282,11033,107315,1319
2021-05-23,Kings,031,150075,23092,22939,1121,24060,246
2021-05-23,Lake,033,64148,3522,3504,9,3513,43
2021-05-23,Lassen,035,31185,5198,5163,114,5277,6
2021-05-23,Los Angeles,037,10098052,1204000,1197633,42014,1239647,24197
2021-05-23,Madera,039,155013,16601,16504,948,17452,239
2021-05-23,Marin,041,260295,14061,14048,264,14312,227
2021-05-23,Mariposa,043,17540,429,427,12,439,5
2021-05-23,Mendocino,045,87422,3986,3913,75,3988,47
2021-05-23,Merced,047,269075,31043,31118,994,32112,455
2021-05-23,Modoc,049,8938,375,366,130,496,3
2021-05-23,Mono,051,14174,1252,1270,14,1284,3
2021-05-23,Monterey,053,433212,43107,43003,1906,44909,379
2021-05-23,Napa,055,140530,9911,9923,36,9959,82
2021-05-23,Nevada,057,99092,4818,4790,194,4984,70
2021-05-23,Orange,059,3164182,255598,254277,11429,265706,5050
2021-05-23,Placer,061,380077,23228,22888,1527,24415,292
2021-05-23,Plumas,063,18699,701,683,11,694,4
2021-05-23,Riverside,065,2383286,292156,288641,14047,302688,4442
2021-05-23,Sacramento,067,1510023,105965,105663,1781,107444,1632
2021-05-23,San Benito,069,59416,6062,6072,116,6188,63
2021-05-23,San Bernardino,071,2135413,293092,292327,9080,301407,4747
2021-05-23,San Diego,073,3302833,280516,279690,14858,294548,3751
2021-05-23,San Francisco,075,870044,36699,36927,1313,38240,547
2021-05-23,San Joaquin,077,732212,73032,72571,3613,76184,1371
2021-05-23,San Luis Obispo,079,281455,21280,21141,755,21896,256
2021-05-23,San Mateo,081,765935,42355,42248,474,42722,433
2021-05-23,Santa Barbara,083,443738,34893,34319,1212,35531,459
2021-05-23,Santa Clara,085,1922200,118457,119333,775,120108,2030
2021-05-23,Santa Cruz,087,273765,16194,16130,841,16971,207
2021-05-23,Shasta,089,179085,12292,12313,1589,13902,201
2021-05-23,Sierra,091,2930,55,54,13,67,0
2021-05-23,Siskiyou,093,43540,1915,1826,355,2181,17
2021-05-23,Solano,095,438530,32781,32780,558,33338,254
2021-05-23,Sonoma,097,501317,30027,30168,333,30501,321
2021-05-23,Stanislaus,099,539301,56275,56104,6020,62124,974
2021-05-23,Sutter,101,95872,9495,9479,89,9568,113
2021-05-23,Tehama,103,63373,5066,5041,585,5626,63
2021-05-23,Trinity,105,12862,455,328,86,414,3
2021-05-23,Tulare,107,460477,49967,49310,9205,58515,838
2021-05-23,Tuolumne,109,53932,4077,4081,37,4118,65
2021-05-23,Ventura,111,848112,81291,80872,3016,83888,1022
2021-05-23,Yolo,113,214977,13984,14004,321,14325,213
2021-05-23,Yuba,115,75493,6043,6017,123,6140,49
2021-05-22,Alameda,001,1643700,88075,88101,1991,90092,1263
2021-05-22,Alpine,003,1148,88,88,0,88,0
2021-05-22,Amador,005,37829,3674,3672,33,3705,46
2021-05-22,Butte,007,227075,12498,12265,1843,14108,189
2021-05-22,Calaveras,009,45235,2150,2141,14,2155,54
2021-05-22,Colusa,011,21464,1941,1949,311,2260,15
2021-05-22,Contra Costa,013,1133247,69488,69004,1285,70289,809
2021-05-22,Del Norte,015,27424,1408,1381,12,1393,8
2021-05-22,El Dorado,017,186661,10262,10215,731,10946,112
2021-05-22,Fresno,019,978130,102557,102238,8793,111031,1698
2021-05-22,Glenn,021,27897,2427,2412,565,2977,17
2021-05-22,Humboldt,023,135768,4237,4194,35,4229,42
2021-05-22,Imperial,025,180216,28562,28574,2814,31388,735
2021-05-22,Inyo,027,18085,1403,1402,26,1428,36
2021-05-22,Kern,029,883053,97191,96260,11026,107286,1319
2021-05-22,Kings,031,150075,23092,22936,1121,24057,246
2021-05-22,Lake,033,64148,3519,3502,9,3511,43
2021-05-22,Lassen,035,31185,5198,5163,114,5277,6
2021-05-22,Los Angeles,037,10098052,1203894,1197454,42005,1239459,24192
2021-05-22,Madera,039,155013,16598,16503,948,17451,239
2021-05-22,Marin,041,260295,14058,14043,264,14307,227
2021-05-22,Mariposa,043,17540,429,427,12,439,5
2021-05-22,Mendocino,045,87422,3980,3908,75,3983,47
2021-05-22,Merced,047,269075,31033,31099,994,32093,455
2021-05-22,Modoc,049,8938,375,366,130,496,3
2021-05-22,Mono,051,14174,1250,1270,14,1284,3
2021-05-22,Monterey,053,433212,43101,42998,1906,44904,379
2021-05-22,Napa,055,140530,9909,9918,36,9954,82
2021-05-22,Nevada,057,99092,4811,4787,193,4980,70
2021-05-22,Orange,059,3164182,255577,254238,11423,265661,5048
2021-05-22,Placer,061,380077,23214,22865,1526,24391,292
2021-05-22,Plumas,063,18699,700,683,11,694,4
2021-05-22,Riverside,065,2383286,292125,288580,14046,302626,4442
2021-05-22,Sacramento,067,1510023,105890,105551,1778,107329,1632
2021-05-22,San Benito,069,59416,6062,6071,116,6187,63
2021-05-22,San Bernardino,071,2135413,293067,292292,9080,301372,4747
2021-05-22,San Diego,073,3302833,280457,279614,14850,294464,3751
2021-05-22,San Francisco,075,870044,36689,36906,1311,38217,547
2021-05-22,San Joaquin,077,732212,73010,72528,3610,76138,1371
2021-05-22,San Luis Obispo,079,281455,21272,21134,754,21888,256
2021-05-22,San Mateo,081,765935,42345,42218,474,42692,433
2021-05-22,Santa Barbara,083,443738,34889,34313,1211,35524,459
2021-05-22,Santa Clara,085,1922200,118434,119292,775,120067,2030
2021-05-22,Santa Cruz,087,273765,16194,16125,841,16966,207
2021-05-22,Shasta,089,179085,12286,12307,1586,13893,201
2021-05-22,Sierra,091,2930,55,54,13,67,0
2021-05-22,Siskiyou,093,43540,1914,1824,354,2178,17
2021-05-22,Solano,095,438530,32768,32753,558,33311,254
2021-05-22,Sonoma,097,501317,30015,30154,333,30487,321
2021-05-22,Stanislaus,099,539301,56250,56069,6018,62087,974
2021-05-22,Sutter,101,95872,9490,9476,89,9565,113
2021-05-22,Tehama,103,63373,5065,5036,585,5621,63
2021-05-22,Trinity,105,12862,455,328,86,414,3
2021-05-22,Tulare,107,460477,49961,49299,9200,58499,838
2021-05-22,Tuolumne,109,53932,4077,4078,37,4115,65
2021-05-22,Ventura,111,848112,81287,80859,3016,83875,1022
2021-05-22,Yolo,113,214977,13982,13997,321,14318,213
2021-05-22,Yuba,115,75493,6040,6010,123,6133,49
2021-05-21,Alameda,001,1643700,88048,88041,1990,90031,1263
2021-05-21,Alpine,003,1148,88,88,0,88,0
2021-05-21,Amador,005,37829,3671,3672,33,3705,46
2021-05-21,Butte,007,227075,12491,12236,1841,14077,188
2021-05-21,Calaveras,009,45235,2148,2138,14,2152,54
2021-05-21,Colusa,011,21464,1941,1947,311,2258,15
2021-05-21,Contra Costa,013,1133247,69445,68965,1284,70249,810
2021-05-21,Del Norte,015,27424,1407,1376,12,1388,8
2021-05-21,El Dorado,017,186661,10258,10204,731,10935,112
2021-05-21,Fresno,019,978130,102529,102189,8791,110980,1698
2021-05-21,Glenn,021,27897,2427,2408,565,2973,17
2021-05-21,Humboldt,023,135768,4230,4175,35,4210,42
2021-05-21,Imperial,025,180216,28555,28572,2813,31385,732
2021-05-21,Inyo,027,18085,1403,1402,26,1428,36
2021-05-21,Kern,029,883053,97177,96233,11019,107252,1318
2021-05-21,Kings,031,150075,23092,22927,1121,24048,246
2021-05-21,Lake,033,64148,3517,3500,9,3509,43
2021-05-21,Lassen,035,31185,5197,5161,114,5275,6
2021-05-21,Los Angeles,037,10098052,1203784,1197263,41996,1239259,24180
2021-05-21,Madera,039,155013,16597,16500,947,17447,238
2021-05-21,Marin,041,260295,14053,14042,264,14306,227
2021-05-21,Mariposa,043,17540,428,427,12,439,5
2021-05-21,Mendocino,045,87422,3974,3897,75,3972,47
2021-05-21,Merced,047,269075,31025,31076,994,32070,455
2021-05-21,Modoc,049,8938,375,365,130,495,3
2021-05-21,Mono,051,14174,1250,1269,14,1283,3
2021-05-21,Monterey,053,433212,43099,42995,1906,44901,379
2021-05-21,Napa,055,140530,9905,9913,36,9949,82
2021-05-21,Nevada,057,99092,4810,4779,193,4972,70
2021-05-21,Orange,059,3164182,255557,254171,11421,265592,5042
2021-05-21,Placer,061,380077,23206,22853,1526,24379,292
2021-05-21,Plumas,063,18699,700,683,10,693,4
2021-05-21,Riverside,065,2383286,292098,288499,14039,302538,4442
2021-05-21,Sacramento,067,1510023,105823,105476,1775,107251,1632
2021-05-21,San Benito,069,59416,6062,6068,116,6184,63
2021-05-21,San Bernardino,071,2135413,293035,292205,9077,301282,4744
2021-05-21,San Diego,073,3302833,280386,279554,14840,294394,3748
2021-05-21,San Francisco,075,870044,36683,36879,1311,38190,546
2021-05-21,San Joaquin,077,732212,72991,72467,3608,76075,1371
2021-05-21,San Luis Obispo,079,281455,21266,21128,751,21879,256
2021-05-21,San Mateo,081,765935,42332,42163,473,42636,432
2021-05-21,Santa Barbara,083,443738,34884,34302,1211,35513,459
2021-05-21,Santa Clara,085,1922200,118407,119247,775,120022,2029
2021-05-21,Santa Cruz,087,273765,16190,16120,841,16961,207
2021-05-21,Shasta,089,179085,12269,12289,1584,13873,201
2021-05-21,Sierra,091,2930,55,54,13,67,0
2021-05-21,Siskiyou,093,43540,1913,1815,354,2169,16
2021-05-21,Solano,095,438530,32753,32742,558,33300,254
2021-05-21,Sonoma,097,501317,30002,30126,333,30459,321
2021-05-21,Stanislaus,099,539301,56218,56036,6016,62052,975
2021-05-21,Sutter,101,95872,9488,9470,89,9559,113
2021-05-21,Tehama,103,63373,5059,5030,585,5615,63
2021-05-21,Trinity,105,12862,455,329,85,414,3
2021-05-21,Tulare,107,460477,49956,49271,9198,58469,838
2021-05-21,Tuolumne,109,53932,4075,4079,37,4116,65
2021-05-21,Ventura,111,848112,81279,80821,3013,83834,1021
2021-05-21,Yolo,113,214977,13975,13983,321,14304,213
2021-05-21,Yuba,115,75493,6034,6006,123,6129,49
2021-05-20,Alameda,001,1643700,88001,87975,1989,89964,1264
2021-05-20,Alpine,003,1148,88,88,0,88,0
2021-05-20,Amador,005,37829,3670,3671,33,3704,46
2021-05-20,Butte,007,227075,12484,12220,1838,14058,188
2021-05-20,Calaveras,009,45235,2144,2138,14,2152,54
2021-05-20,Colusa,011,21464,1940,1946,309,2255,15
2021-05-20,Contra Costa,013,1133247,69400,68913,1282,70195,809
2021-05-20,Del Norte,015,27424,1407,1373,12,1385,8
2021-05-20,El Dorado,017,186661,10249,10188,731,10919,112
2021-05-20,Fresno,019,978130,102508,102135,8789,110924,1696
2021-05-20,Glenn,021,27897,2423,2406,565,2971,17
2021-05-20,Humboldt,023,135768,4213,4162,34,4196,42
2021-05-20,Imperial,025,180216,28550,28551,2813,31364,732
2021-05-20,Inyo,027,18085,1403,1402,26,1428,36
2021-05-20,Kern,029,883053,97156,96204,11012,107216,1317
2021-05-20,Kings,031,150075,23090,22922,1121,24043,246
2021-05-20,Lake,033,64148,3514,3500,9,3509,43
2021-05-20,Lassen,035,31185,5195,5160,113,5273,6
2021-05-20,Los Angeles,037,10098052,1203628,1197073,41987,1239060,24168
2021-05-20,Madera,039,155013,16591,16499,945,17444,238
2021-05-20,Marin,041,260295,14049,14036,263,14299,227
2021-05-20,Mariposa,043,17540,428,426,12,438,5
2021-05-20,Mendocino,045,87422,3967,3897,75,3972,47
2021-05-20,Merced,047,269075,31012,31046,993,32039,454
2021-05-20,Modoc,049,8938,375,365,130,495,3
2021-05-20,Mono,051,14174,1249,1269,14,1283,3
2021-05-20,Monterey,053,433212,43093,42984,1905,44889,379
2021-05-20,Napa,055,140530,9902,9913,36,9949,82
2021-05-20,Nevada,057,99092,4809,4775,193,4968,70
2021-05-20,Orange,059,3164182,255513,254127,11418,265545,5038
2021-05-20,Placer,061,380077,23193,22823,1525,24348,292
2021-05-20,Plumas,063,18699,698,682,10,692,4
2021-05-20,Riverside,065,2383286,292052,288453,14034,302487,4442
2021-05-20,Sacramento,067,1510023,105727,105414,1772,107186,1629
2021-05-20,San Benito,069,59416,6061,6067,116,6183,63
2021-05-20,San Bernardino,071,2135413,292989,292153,9076,301229,4728
2021-05-20,San Diego,073,3302833,280298,279490,14828,294318,3749
2021-05-20,San Francisco,075,870044,36674,36860,1311,38171,546
2021-05-20,San Joaquin,077,732212,72953,72388,3606,75994,1371
2021-05-20,San Luis Obispo,079,281455,21254,21095,749,21844,256
2021-05-20,San Mateo,081,765935,42318,42152,471,42623,432
2021-05-20,Santa Barbara,083,443738,34880,34293,1211,35504,459
2021-05-20,Santa Clara,085,1922200,118386,119222,775,119997,2029
2021-05-20,Santa Cruz,087,273765,16185,16119,841,16960,207
2021-05-20,Shasta,089,179085,12256,12266,1581,13847,200
2021-05-20,Sierra,091,2930,55,54,13,67,0
2021-05-20,Siskiyou,093,43540,1906,1811,353,2164,16
2021-05-20,Solano,095,438530,32738,32725,558,33283,253
2021-05-20,Sonoma,097,501317,29985,30107,332,30439,321
2021-05-20,Stanislaus,099,539301,56187,55979,6014,61993,970
2021-05-20,Sutter,101,95872,9484,9467,89,9556,113
2021-05-20,Tehama,103,63373,5057,5029,585,5614,63
2021-05-20,Trinity,105,12862,455,329,84,413,3
2021-05-20,Tulare,107,460477,49945,49217,9195,58412,837
2021-05-20,Tuolumne,109,53932,4074,4077,37,4114,65
2021-05-20,Ventura,111,848112,81268,80800,3013,83813,1019
2021-05-20,Yolo,113,214977,13970,13973,321,14294,211
2021-05-20,Yuba,115,75493,6025,6002,123,6125,49
2021-05-19,Alameda,001,1643700,87960,87889,1987,89876,1260
2021-05-19,Alpine,003,1148,88,88,0,88,0
2021-05-19,Amador,005,37829,3670,3669,33,3702,46
2021-05-19,Butte,007,227075,12474,12198,1838,14036,188
2021-05-19,Calaveras,009,45235,2140,2132,14,2146,54
2021-05-19,Colusa,011,21464,1940,1945,307,2252,15
2021-05-19,Contra Costa,013,1133247,69353,68836,1282,70118,808
2021-05-19,Del Norte,015,27424,1405,1371,12,1383,8
2021-05-19,El Dorado,017,186661,10244,10179,730,10909,112
2021-05-19,Fresno,019,978130,102478,102085,8786,110871,1693
2021-05-19,Glenn,021,27897,2423,2404,565,2969,17
2021-05-19,Humboldt,023,135768,4203,4143,34,4177,42
2021-05-19,Imperial,025,180216,28541,28550,2813,31363,732
2021-05-19,Inyo,027,18085,1403,1402,26,1428,36
2021-05-19,Kern,029,883053,97127,96173,11004,107177,1316
2021-05-19,Kings,031,150075,23084,22919,1121,24040,246
2021-05-19,Lake,033,64148,3514,3497,9,3506,43
2021-05-19,Lassen,035,31185,5194,5157,113,5270,6
2021-05-19,Los Angeles,037,10098052,1203435,1196856,41972,1238828,24143
2021-05-19,Madera,039,155013,16588,16496,945,17441,238
2021-05-19,Marin,041,260295,14045,14033,261,14294,227
2021-05-19,Mariposa,043,17540,428,425,12,437,5
2021-05-19,Mendocino,045,87422,3963,3886,75,3961,47
2021-05-19,Merced,047,269075,30996,31044,993,32037,452
2021-05-19,Modoc,049,8938,375,364,127,491,3
2021-05-19,Mono,051,14174,1249,1266,14,1280,3
2021-05-19,Monterey,053,433212,43088,42973,1904,44877,379
2021-05-19,Napa,055,140530,9899,9906,36,9942,82
2021-05-19,Nevada,057,99092,4807,4769,193,4962,70
2021-05-19,Orange,059,3164182,255476,254087,11408,265495,5035
2021-05-19,Placer,061,380077,23175,22784,1519,24303,291
2021-05-19,Plumas,063,18699,698,682,10,692,4
2021-05-19,Riverside,065,2383286,292006,288398,14032,302430,4442
2021-05-19,Sacramento,067,1510023,105649,105225,1771,106996,1629
2021-05-19,San Benito,069,59416,6060,6064,116,6180,63
2021-05-19,San Bernardino,071,2135413,292945,292078,9073,301151,4725
2021-05-19,San Diego,073,3302833,280214,279345,14807,294152,3746
2021-05-19,San Francisco,075,870044,36661,36835,1310,38145,546
2021-05-19,San Joaquin,077,732212,72910,72338,3601,75939,1369
2021-05-19,San Luis Obispo,079,281455,21246,21085,748,21833,256
2021-05-19,San Mateo,081,765935,42311,42126,471,42597,429
2021-05-19,Santa Barbara,083,443738,34872,34292,1211,35503,459
2021-05-19,Santa Clara,085,1922200,118346,119176,774,119950,2015
2021-05-19,Santa Cruz,087,273765,16181,16121,840,16961,207
2021-05-19,Shasta,089,179085,12238,12233,1577,13810,200
2021-05-19,Sierra,091,2930,55,54,13,67,0
2021-05-19,Siskiyou,093,43540,1903,1803,352,2155,16
2021-05-19,Solano,095,438530,32711,32678,556,33234,253
2021-05-19,Sonoma,097,501317,29970,30080,332,30412,321
2021-05-19,Stanislaus,099,539301,56165,55912,6009,61921,967
2021-05-19,Sutter,101,95872,9477,9459,88,9547,113
2021-05-19,Tehama,103,63373,5049,5026,582,5608,63
2021-05-19,Trinity,105,12862,455,329,84,413,3
2021-05-19,Tulare,107,460477,49932,49163,9190,58353,837
2021-05-19,Tuolumne,109,53932,4074,4074,37,4111,64
2021-05-19,Ventura,111,848112,81252,80747,3012,83759,1019
2021-05-19,Yolo,113,214977,13964,13961,320,14281,211
2021-05-19,Yuba,115,75493,6021,5993,123,6116,49
2021-05-18,Alameda,001,1643700,87887,87816,1987,89803,1254
2021-05-18,Alpine,003,1148,88,88,0,88,0
2021-05-18,Amador,005,37829,3670,3669,33,3702,46
2021-05-18,Butte,007,227075,12461,12164,1836,14000,191
2021-05-18,Calaveras,009,45235,2136,2131,14,2145,54
2021-05-18,Colusa,011,21464,1940,1943,307,2250,14
2021-05-18,Contra Costa,013,1133247,69296,68750,1281,70031,808
2021-05-18,Del Norte,015,27424,1402,1371,12,1383,8
2021-05-18,El Dorado,017,186661,10233,10169,729,10898,112
2021-05-18,Fresno,019,978130,102440,102056,8783,110839,1690
2021-05-18,Glenn,021,27897,2417,2403,564,2967,17
2021-05-18,Humboldt,023,135768,4185,4132,34,4166,42
2021-05-18,Imperial,025,180216,28535,28538,2811,31349,730
2021-05-18,Inyo,027,18085,1403,1401,25,1426,36
2021-05-18,Kern,029,883053,97093,96128,10990,107118,1315
2021-05-18,Kings,031,150075,23078,22916,1121,24037,247
2021-05-18,Lake,033,64148,3512,3495,9,3504,43
2021-05-18,Lassen,035,31185,5193,5157,112,5269,6
2021-05-18,Los Angeles,037,10098052,1203257,1196668,41960,1238628,24133
2021-05-18,Madera,039,155013,16578,16491,945,17436,238
2021-05-18,Marin,041,260295,14042,14026,261,14287,227
2021-05-18,Mariposa,043,17540,428,424,12,436,5
2021-05-18,Mendocino,045,87422,3952,3877,74,3951,47
2021-05-18,Merced,047,269075,30977,31036,993,32029,452
2021-05-18,Modoc,049,8938,374,364,126,490,3
2021-05-18,Mono,051,14174,1248,1265,14,1279,3
2021-05-18,Monterey,053,433212,43082,43001,1904,44905,379
2021-05-18,Napa,055,140530,9899,9905,36,9941,82
2021-05-18,Nevada,057,99092,4800,4762,193,4955,70
2021-05-18,Orange,059,3164182,255435,254041,11398,265439,5031
2021-05-18,Placer,061,380077,23142,22726,1515,24241,291
2021-05-18,Plumas,063,18699,698,682,10,692,4
2021-05-18,Riverside,065,2383286,291952,288354,14025,302379,4438
2021-05-18,Sacramento,067,1510023,105548,105083,1769,106852,1629
2021-05-18,San Benito,069,59416,6059,6065,116,6181,63
2021-05-18,San Bernardino,071,2135413,292889,292014,9068,301082,4722
2021-05-18,San Diego,073,3302833,280106,279254,14798,294052,3742
2021-05-18,San Francisco,075,870044,36641,36818,1310,38128,546
2021-05-18,San Joaquin,077,732212,72864,72282,3597,75879,1368
2021-05-18,San Luis Obispo,079,281455,21236,21080,746,21826,256
2021-05-18,San Mateo,081,765935,42299,42099,470,42569,428
2021-05-18,Santa Barbara,083,443738,34863,34278,1211,35489,459
2021-05-18,Santa Clara,085,1922200,118319,119171,774,119945,2014
2021-05-18,Santa Cruz,087,273765,16173,16137,840,16977,207
2021-05-18,Shasta,089,179085,12220,12197,1571,13768,200
2021-05-18,Sierra,091,2930,55,54,13,67,0
2021-05-18,Siskiyou,093,43540,1902,1799,352,2151,16
2021-05-18,Solano,095,438530,32686,32644,556,33200,253
2021-05-18,Sonoma,097,501317,29950,30054,331,30385,321
2021-05-18,Stanislaus,099,539301,56127,55860,6009,61869,959
2021-05-18,Sutter,101,95872,9469,9453,88,9541,113
2021-05-18,Tehama,103,63373,5045,5020,579,5599,63
2021-05-18,Trinity,105,12862,455,329,83,412,3
2021-05-18,Tulare,107,460477,49924,49142,9185,58327,836
2021-05-18,Tuolumne,109,53932,4072,4073,37,4110,64
2021-05-18,Ventura,111,848112,81236,80726,3009,83735,1017
2021-05-18,Yolo,113,214977,13957,13951,319,14270,211
2021-05-18,Yuba,115,75493,6017,5989,122,6111,49
2021-05-17,Alameda,001,1643700,87835,87766,1984,89750,1253
2021-05-17,Alpine,003,1148,88,88,0,88,0
2021-05-17,Amador,005,37829,3667,3668,33,3701,46
2021-05-17,Butte,007,227075,12453,12144,1836,13980,192
2021-05-17,Calaveras,009,45235,2136,2131,14,2145,53
2021-05-17,Colusa,011,21464,1940,1943,307,2250,14
2021-05-17,Contra Costa,013,1133247,69241,68720,1280,70000,805
2021-05-17,Del Norte,015,27424,1397,1369,12,1381,8
2021-05-17,El Dorado,017,186661,10216,10163,729,10892,112
2021-05-17,Fresno,019,978130,102397,102013,8776,110789,1690
2021-05-17,Glenn,021,27897,2417,2401,564,2965,17
2021-05-17,Humboldt,023,135768,4174,4112,34,4146,42
2021-05-17,Imperial,025,180216,28529,28533,2809,31342,729
2021-05-17,Inyo,027,18085,1403,1401,25,1426,36
2021-05-17,Kern,029,883053,97064,96095,10973,107068,1315
2021-05-17,Kings,031,150075,23075,22918,1121,24039,246
2021-05-17,Lake,033,64148,3507,3489,9,3498,43
2021-05-17,Lassen,035,31185,5190,5156,111,5267,6
2021-05-17,Los Angeles,037,10098052,1203083,1196556,41954,1238510,24123
2021-05-17,Madera,039,155013,16571,16486,945,17431,238
2021-05-17,Marin,041,260295,14036,14021,261,14282,227
2021-05-17,Mariposa,043,17540,427,423,12,435,5
2021-05-17,Mendocino,045,87422,3943,3868,74,3942,46
2021-05-17,Merced,047,269075,30962,31031,993,32024,450
2021-05-17,Modoc,049,8938,373,362,126,488,3
2021-05-17,Mono,051,14174,1244,1265,14,1279,3
2021-05-17,Monterey,053,433212,43075,42995,1904,44899,379
2021-05-17,Napa,055,140530,9898,9894,36,9930,82
2021-05-17,Nevada,057,99092,4796,4761,192,4953,70
2021-05-17,Orange,059,3164182,255389,253993,11391,265384,5031
2021-05-17,Placer,061,380077,23116,22706,1508,24214,289
2021-05-17,Plumas,063,18699,698,682,10,692,4
2021-05-17,Riverside,065,2383286,291885,288304,14021,302325,4433
2021-05-17,Sacramento,067,1510023,105441,105035,1766,106801,1629
2021-05-17,San Benito,069,59416,6056,6067,116,6183,63
2021-05-17,San Bernardino,071,2135413,292840,291989,9060,301049,4724
2021-05-17,San Diego,073,3302833,279974,279146,14776,293922,3742
2021-05-17,San Francisco,075,870044,36629,36816,1308,38124,546
2021-05-17,San Joaquin,077,732212,72826,72234,3594,75828,1359
2021-05-17,San Luis Obispo,079,281455,21227,21079,744,21823,256
2021-05-17,San Mateo,081,765935,42271,42083,470,42553,428
2021-05-17,Santa Barbara,083,443738,34856,34275,1211,35486,459
2021-05-17,Santa Clara,085,1922200,118282,119116,772,119888,2015
2021-05-17,Santa Cruz,087,273765,16170,16151,840,16991,206
2021-05-17,Shasta,089,179085,12198,12163,1570,13733,200
2021-05-17,Sierra,091,2930,55,54,13,67,0
2021-05-17,Siskiyou,093,43540,1893,1795,349,2144,15
2021-05-17,Solano,095,438530,32668,32627,555,33182,253
2021-05-17,Sonoma,097,501317,29927,30043,330,30373,321
2021-05-17,Stanislaus,099,539301,56076,55839,6002,61841,951
2021-05-17,Sutter,101,95872,9462,9447,88,9535,113
2021-05-17,Tehama,103,63373,5042,5016,578,5594,63
2021-05-17,Trinity,105,12862,455,328,83,411,3
2021-05-17,Tulare,107,460477,49902,49107,9178,58285,836
2021-05-17,Tuolumne,109,53932,4072,4071,37,4108,64
2021-05-17,Ventura,111,848112,81216,80699,3009,83708,1017
2021-05-17,Yolo,113,214977,13951,13941,319,14260,211
2021-05-17,Yuba,115,75493,6009,5987,122,6109,49
2021-05-16,Alameda,001,1643700,87771,87743,1984,89727,1253
2021-05-16,Alpine,003,1148,88,88,0,88,0
2021-05-16,Amador,005,37829,3666,3667,33,3700,46
2021-05-16,Butte,007,227075,12439,12140,1836,13976,192
2021-05-16,Calaveras,009,45235,2134,2129,14,2143,53
2021-05-16,Colusa,011,21464,1938,1943,307,2250,14
2021-05-16,Contra Costa,013,1133247,69173,68694,1277,69971,805
2021-05-16,Del Norte,015,27424,1394,1365,12,1377,8
2021-05-16,El Dorado,017,186661,10200,10159,728,10887,112
2021-05-16,Fresno,019,978130,102353,101987,8770,110757,1690
2021-05-16,Glenn,021,27897,2417,2401,563,2964,17
2021-05-16,Humboldt,023,135768,4159,4104,34,4138,42
2021-05-16,Imperial,025,180216,28518,28516,2808,31324,729
2021-05-16,Inyo,027,18085,1403,1401,25,1426,36
2021-05-16,Kern,029,883053,97031,96083,10952,107035,1315
2021-05-16,Kings,031,150075,23071,22918,1118,24036,246
2021-05-16,Lake,033,64148,3504,3489,9,3498,43
2021-05-16,Lassen,035,31185,5189,5156,111,5267,6
2021-05-16,Los Angeles,037,10098052,1202863,1196397,41938,1238335,24120
2021-05-16,Madera,039,155013,16566,16483,942,17425,238
2021-05-16,Marin,041,260295,14033,14015,261,14276,227
2021-05-16,Mariposa,043,17540,427,423,12,435,5
2021-05-16,Mendocino,045,87422,3933,3863,74,3937,46
2021-05-16,Merced,047,269075,30941,31023,991,32014,450
2021-05-16,Modoc,049,8938,373,362,126,488,3
2021-05-16,Mono,051,14174,1244,1265,14,1279,3
2021-05-16,Monterey,053,433212,43070,42991,1904,44895,379
2021-05-16,Napa,055,140530,9895,9891,36,9927,82
2021-05-16,Nevada,057,99092,4791,4755,192,4947,70
2021-05-16,Orange,059,3164182,255356,253962,11388,265350,5031
2021-05-16,Placer,061,380077,23084,22696,1502,24198,289
2021-05-16,Plumas,063,18699,697,682,10,692,4
2021-05-16,Riverside,065,2383286,291811,288259,14012,302271,4433
2021-05-16,Sacramento,067,1510023,105327,105013,1764,106777,1628
2021-05-16,San Benito,069,59416,6055,6067,115,6182,63
2021-05-16,San Bernardino,071,2135413,292767,291940,9058,300998,4724
2021-05-16,San Diego,073,3302833,279856,279099,14763,293862,3742
2021-05-16,San Francisco,075,870044,36607,36808,1307,38115,546
2021-05-16,San Joaquin,077,732212,72778,72218,3589,75807,1359
2021-05-16,San Luis Obispo,079,281455,21220,21072,743,21815,256
2021-05-16,San Mateo,081,765935,42260,42063,469,42532,428
2021-05-16,Santa Barbara,083,443738,34849,34270,1211,35481,459
2021-05-16,Santa Clara,085,1922200,118253,119098,771,119869,2015
2021-05-16,Santa Cruz,087,273765,16168,16143,840,16983,206
2021-05-16,Shasta,089,179085,12182,12156,1566,13722,200
2021-05-16,Sierra,091,2930,55,54,13,67,0
2021-05-16,Siskiyou,093,43540,1889,1790,348,2138,15
2021-05-16,Solano,095,438530,32635,32619,553,33172,253
2021-05-16,Sonoma,097,501317,29908,30033,330,30363,321
2021-05-16,Stanislaus,099,539301,56021,55814,5990,61804,951
2021-05-16,Sutter,101,95872,9455,9445,88,9533,113
2021-05-16,Tehama,103,63373,5038,5013,577,5590,63
2021-05-16,Trinity,105,12862,455,328,83,411,3
2021-05-16,Tulare,107,460477,49885,49091,9175,58266,837
2021-05-16,Tuolumne,109,53932,4068,4070,37,4107,64
2021-05-16,Ventura,111,848112,81185,80689,3009,83698,1017
2021-05-16,Yolo,113,214977,13936,13938,319,14257,211
2021-05-16,Yuba,115,75493,6006,5987,122,6109,49
2021-05-15,Alameda,001,1643700,87745,87677,1983,89660,1252
2021-05-15,Alpine,003,1148,88,88,0,88,0
2021-05-15,Amador,005,37829,3666,3666,33,3699,46
2021-05-15,Butte,007,227075,12432,12095,1835,13930,192
2021-05-15,Calaveras,009,45235,2133,2126,14,2140,53
2021-05-15,Colusa,011,21464,1938,1941,305,2246,14
2021-05-15,Contra Costa,013,1133247,69127,68658,1277,69935,805
2021-05-15,Del Norte,015,27424,1389,1359,12,1371,8
2021-05-15,El Dorado,017,186661,10188,10156,727,10883,112
2021-05-15,Fresno,019,978130,102317,101957,8767,110724,1690
2021-05-15,Glenn,021,27897,2417,2400,563,2963,17
2021-05-15,Humboldt,023,135768,4149,4080,34,4114,42
2021-05-15,Imperial,025,180216,28515,28504,2807,31311,729
2021-05-15,Inyo,027,18085,1403,1402,25,1427,36
2021-05-15,Kern,029,883053,97018,96061,10936,106997,1315
2021-05-15,Kings,031,150075,23070,22913,1118,24031,246
2021-05-15,Lake,033,64148,3503,3485,9,3494,43
2021-05-15,Lassen,035,31185,5186,5156,110,5266,6
2021-05-15,Los Angeles,037,10098052,1202741,1196255,41925,1238180,24115
2021-05-15,Madera,039,155013,16563,16482,942,17424,238
2021-05-15,Marin,041,260295,14029,14012,261,14273,227
2021-05-15,Mariposa,043,17540,427,423,12,435,5
2021-05-15,Mendocino,045,87422,3930,3861,74,3935,46
2021-05-15,Merced,047,269075,30920,31012,991,32003,450
2021-05-15,Modoc,049,8938,373,362,126,488,3
2021-05-15,Mono,051,14174,1244,1265,14,1279,3
2021-05-15,Monterey,053,433212,43066,42982,1904,44886,379
2021-05-15,Napa,055,140530,9892,9887,36,9923,82
2021-05-15,Nevada,057,99092,4790,4755,192,4947,70
2021-05-15,Orange,059,3164182,255329,253919,11381,265300,5030
2021-05-15,Placer,061,380077,23063,22688,1502,24190,289
2021-05-15,Plumas,063,18699,697,681,10,691,4
2021-05-15,Riverside,065,2383286,291769,288203,14007,302210,4433
2021-05-15,Sacramento,067,1510023,105255,104929,1761,106690,1628
2021-05-15,San Benito,069,59416,6055,6066,115,6181,63
2021-05-15,San Bernardino,071,2135413,292725,291892,9056,300948,4724
2021-05-15,San Diego,073,3302833,279785,278991,14748,293739,3737
2021-05-15,San Francisco,075,870044,36591,36795,1305,38100,546
2021-05-15,San Joaquin,077,732212,72752,72197,3587,75784,1359
2021-05-15,San Luis Obispo,079,281455,21217,21061,742,21803,256
2021-05-15,San Mateo,081,765935,42244,42059,469,42528,428
2021-05-15,Santa Barbara,083,443738,34842,34259,1211,35470,459
2021-05-15,Santa Clara,085,1922200,118233,119060,771,119831,2016
2021-05-15,Santa Cruz,087,273765,16164,16137,840,16977,206
2021-05-15,Shasta,089,179085,12170,12152,1563,13715,200
2021-05-15,Sierra,091,2930,55,54,13,67,0
2021-05-15,Siskiyou,093,43540,1883,1788,346,2134,15
2021-05-15,Solano,095,438530,32626,32604,552,33156,253
2021-05-15,Sonoma,097,501317,29889,30020,330,30350,321
2021-05-15,Stanislaus,099,539301,55989,55795,5983,61778,952
2021-05-15,Sutter,101,95872,9453,9436,88,9524,113
2021-05-15,Tehama,103,63373,5034,5012,575,5587,63
2021-05-15,Trinity,105,12862,455,328,83,411,3
2021-05-15,Tulare,107,460477,49875,49080,9171,58251,837
2021-05-15,Tuolumne,109,53932,4066,4064,37,4101,63
2021-05-15,Ventura,111,848112,81174,80662,3009,83671,1017
2021-05-15,Yolo,113,214977,13929,13932,318,14250,211
2021-05-15,Yuba,115,75493,6003,5979,121,6100,49
2021-05-14,Alameda,001,1643700,87711,87621,1980,89601,1249
2021-05-14,Alpine,003,1148,88,88,0,88,0
2021-05-14,Amador,005,37829,3666,3665,33,3698,46
2021-05-14,Butte,007,227075,12423,12076,1832,13908,192
2021-05-14,Calaveras,009,45235,2129,2121,14,2135,53
2021-05-14,Colusa,011,21464,1937,1940,304,2244,14
2021-05-14,Contra Costa,013,1133247,69085,68589,1275,69864,806
2021-05-14,Del Norte,015,27424,1389,1355,12,1367,8
2021-05-14,El Dorado,017,186661,10181,10143,726,10869,113
2021-05-14,Fresno,019,978130,102288,101917,8761,110678,1688
2021-05-14,Glenn,021,27897,2416,2398,563,2961,17
2021-05-14,Humboldt,023,135768,4141,4050,34,4084,37
2021-05-14,Imperial,025,180216,28508,28485,2806,31291,728
2021-05-14,Inyo,027,18085,1403,1400,25,1425,36
2021-05-14,Kern,029,883053,96988,96033,10927,106960,1311
2021-05-14,Kings,031,150075,23069,22910,1118,24028,246
2021-05-14,Lake,033,64148,3499,3483,9,3492,43
2021-05-14,Lassen,035,31185,5186,5154,110,5264,6
2021-05-14,Los Angeles,037,10098052,1202607,1196038,41920,1237958,24101
2021-05-14,Madera,039,155013,16560,16474,942,17416,238
2021-05-14,Marin,041,260295,14025,14010,261,14271,227
2021-05-14,Mariposa,043,17540,427,422,12,434,5
2021-05-14,Mendocino,045,87422,3928,3855,74,3929,46
2021-05-14,Merced,047,269075,30910,31010,991,32001,450
2021-05-14,Modoc,049,8938,373,362,126,488,3
2021-05-14,Mono,051,14174,1243,1265,14,1279,3
2021-05-14,Monterey,053,433212,43061,42973,1904,44877,380
2021-05-14,Napa,055,140530,9889,9883,36,9919,82
2021-05-14,Nevada,057,99092,4785,4745,192,4937,70
2021-05-14,Orange,059,3164182,255296,253855,11374,265229,5028
2021-05-14,Placer,061,380077,23044,22660,1496,24156,287
2021-05-14,Plumas,063,18699,696,680,10,690,4
2021-05-14,Riverside,065,2383286,291719,288140,14004,302144,4433
2021-05-14,Sacramento,067,1510023,105166,104828,1760,106588,1627
2021-05-14,San Benito,069,59416,6055,6064,115,6179,63
2021-05-14,San Bernardino,071,2135413,292677,291834,9056,300890,4721
2021-05-14,San Diego,073,3302833,279712,278853,14737,293590,3732
2021-05-14,San Francisco,075,870044,36582,36771,1301,38072,545
2021-05-14,San Joaquin,077,732212,72720,72160,3580,75740,1359
2021-05-14,San Luis Obispo,079,281455,21213,21051,742,21793,256
2021-05-14,San Mateo,081,765935,42233,42041,469,42510,428
2021-05-14,Santa Barbara,083,443738,34832,34243,1211,35454,456
2021-05-14,Santa Clara,085,1922200,118204,119006,771,119777,2014
2021-05-14,Santa Cruz,087,273765,16159,16130,840,16970,207
2021-05-14,Shasta,089,179085,12164,12130,1558,13688,200
2021-05-14,Sierra,091,2930,55,54,13,67,0
2021-05-14,Siskiyou,093,43540,1876,1779,345,2124,14
2021-05-14,Solano,095,438530,32606,32585,551,33136,252
2021-05-14,Sonoma,097,501317,29871,30007,330,30337,321
2021-05-14,Stanislaus,099,539301,55953,55752,5977,61729,950
2021-05-14,Sutter,101,95872,9444,9433,86,9519,113
2021-05-14,Tehama,103,63373,5027,5005,575,5580,63
2021-05-14,Trinity,105,12862,455,328,83,411,3
2021-05-14,Tulare,107,460477,49858,49060,9166,58226,836
2021-05-14,Tuolumne,109,53932,4066,4060,37,4097,63
2021-05-14,Ventura,111,848112,81160,80628,3009,83637,1014
2021-05-14,Yolo,113,214977,13924,13922,314,14236,210
2021-05-14,Yuba,115,75493,5999,5970,121,6091,47
2021-05-13,Alameda,001,1643700,87666,87557,1979,89536,1250
2021-05-13,Alpine,003,1148,88,88,0,88,0
2021-05-13,Amador,005,37829,3666,3662,33,3695,46
2021-05-13,Butte,007,227075,12410,12051,1831,13882,196
2021-05-13,Calaveras,009,45235,2129,2120,14,2134,53
2021-05-13,Colusa,011,21464,1936,1939,300,2239,14
2021-05-13,Contra Costa,013,1133247,69037,68522,1274,69796,806
2021-05-13,Del Norte,015,27424,1387,1354,12,1366,8
2021-05-13,El Dorado,017,186661,10179,10133,726,10859,112
2021-05-13,Fresno,019,978130,102259,101862,8760,110622,1687
2021-05-13,Glenn,021,27897,2415,2395,563,2958,17
2021-05-13,Humboldt,023,135768,4123,4027,34,4061,37
2021-05-13,Imperial,025,180216,28493,28468,2804,31272,729
2021-05-13,Inyo,027,18085,1403,1400,25,1425,36
2021-05-13,Kern,029,883053,96964,95996,10909,106905,1311
2021-05-13,Kings,031,150075,23068,22904,1118,24022,246
2021-05-13,Lake,033,64148,3497,3479,9,3488,43
2021-05-13,Lassen,035,31185,5186,5152,109,5261,6
2021-05-13,Los Angeles,037,10098052,1202418,1195504,41907,1237411,24083
2021-05-13,Madera,039,155013,16552,16467,942,17409,238
2021-05-13,Marin,041,260295,14020,14004,259,14263,227
2021-05-13,Mariposa,043,17540,427,422,12,434,5
2021-05-13,Mendocino,045,87422,3924,3846,74,3920,46
2021-05-13,Merced,047,269075,30902,30989,991,31980,450
2021-05-13,Modoc,049,8938,373,362,126,488,3
2021-05-13,Mono,051,14174,1243,1265,14,1279,3
2021-05-13,Monterey,053,433212,43046,42966,1904,44870,380
2021-05-13,Napa,055,140530,9882,9877,36,9913,82
2021-05-13,Nevada,057,99092,4781,4743,191,4934,70
2021-05-13,Orange,059,3164182,255253,253778,11372,265150,5026
2021-05-13,Placer,061,380077,23020,22668,1489,24157,288
2021-05-13,Plumas,063,18699,696,680,10,690,4
2021-05-13,Riverside,065,2383286,291658,288067,14001,302068,4433
2021-05-13,Sacramento,067,1510023,105079,104711,1758,106469,1626
2021-05-13,San Benito,069,59416,6053,6062,115,6177,63
2021-05-13,San Bernardino,071,2135413,292611,291765,9056,300821,4722
2021-05-13,San Diego,073,3302833,279598,278592,14720,293312,3729
2021-05-13,San Francisco,075,870044,36558,36741,1299,38040,544
2021-05-13,San Joaquin,077,732212,72677,72096,3576,75672,1357
2021-05-13,San Luis Obispo,079,281455,21198,21043,741,21784,255
2021-05-13,San Mateo,081,765935,42216,42059,469,42528,426
2021-05-13,Santa Barbara,083,443738,34820,34242,1211,35453,456
2021-05-13,Santa Clara,085,1922200,118177,118952,771,119723,2013
2021-05-13,Santa Cruz,087,273765,16153,16129,840,16969,208
2021-05-13,Shasta,089,179085,12144,12111,1554,13665,200
2021-05-13,Sierra,091,2930,55,54,13,67,0
2021-05-13,Siskiyou,093,43540,1869,1769,342,2111,14
2021-05-13,Solano,095,438530,32593,32548,549,33097,252
2021-05-13,Sonoma,097,501317,29846,29991,330,30321,321
2021-05-13,Stanislaus,099,539301,55915,55678,5971,61649,949
2021-05-13,Sutter,101,95872,9439,9431,85,9516,112
2021-05-13,Tehama,103,63373,5022,4997,575,5572,63
2021-05-13,Trinity,105,12862,454,327,82,409,3
2021-05-13,Tulare,107,460477,49832,49032,9158,58190,837
2021-05-13,Tuolumne,109,53932,4065,4059,37,4096,63
2021-05-13,Ventura,111,848112,81130,80615,3008,83623,1012
2021-05-13,Yolo,113,214977,13915,13914,312,14226,210
2021-05-13,Yuba,115,75493,5990,5962,121,6083,47
2021-05-12,Alameda,001,1643700,87632,87482,1977,89459,1261
2021-05-12,Alpine,003,1148,88,88,0,88,0
2021-05-12,Amador,005,37829,3666,3658,33,3691,46
2021-05-12,Butte,007,227075,12400,12026,1831,13857,199
2021-05-12,Calaveras,009,45235,2126,2119,14,2133,53
2021-05-12,Colusa,011,21464,1934,1939,299,2238,14
2021-05-12,Contra Costa,013,1133247,68979,68462,1268,69730,805
2021-05-12,Del Norte,015,27424,1385,1352,12,1364,8
2021-05-12,El Dorado,017,186661,10170,10123,726,10849,112
2021-05-12,Fresno,019,978130,102210,101838,8749,110587,1688
2021-05-12,Glenn,021,27897,2412,2391,563,2954,17
2021-05-12,Humboldt,023,135768,4095,3982,34,4016,37
2021-05-12,Imperial,025,180216,28475,28443,2801,31244,726
2021-05-12,Inyo,027,18085,1403,1400,25,1425,36
2021-05-12,Kern,029,883053,96928,95955,10902,106857,1310
2021-05-12,Kings,031,150075,23066,22896,1118,24014,246
2021-05-12,Lake,033,64148,3495,3476,9,3485,43
2021-05-12,Lassen,035,31185,5184,5151,109,5260,6
2021-05-12,Los Angeles,037,10098052,1202238,1195318,41891,1237209,24067
2021-05-12,Madera,039,155013,16546,16462,941,17403,238
2021-05-12,Marin,041,260295,14015,13997,259,14256,227
2021-05-12,Mariposa,043,17540,427,422,12,434,5
2021-05-12,Mendocino,045,87422,3914,3836,74,3910,46
2021-05-12,Merced,047,269075,30886,30941,991,31932,450
2021-05-12,Modoc,049,8938,372,362,126,488,3
2021-05-12,Mono,051,14174,1243,1265,14,1279,3
2021-05-12,Monterey,053,433212,43034,42950,1903,44853,380
2021-05-12,Napa,055,140530,9876,9870,36,9906,82
2021-05-12,Nevada,057,99092,4777,4738,191,4929,70
2021-05-12,Orange,059,3164182,255201,253587,11369,264956,5024
2021-05-12,Placer,061,380077,23001,22652,1482,24134,288
2021-05-12,Plumas,063,18699,696,681,10,691,4
2021-05-12,Riverside,065,2383286,291588,287830,13997,301827,4431
2021-05-12,Sacramento,067,1510023,104983,104592,1757,106349,1621
2021-05-12,San Benito,069,59416,6053,6062,115,6177,63
2021-05-12,San Bernardino,071,2135413,292564,291505,9051,300556,4715
2021-05-12,San Diego,073,3302833,279494,278402,14699,293101,3729
2021-05-12,San Francisco,075,870044,36539,36720,1298,38018,544
2021-05-12,San Joaquin,077,732212,72623,72043,3572,75615,1356
2021-05-12,San Luis Obispo,079,281455,21188,21021,741,21762,255
2021-05-12,San Mateo,081,765935,42207,42038,467,42505,426
2021-05-12,Santa Barbara,083,443738,34813,34218,1211,35429,456
2021-05-12,Santa Clara,085,1922200,118134,118897,771,119668,2005
2021-05-12,Santa Cruz,087,273765,16147,16123,840,16963,207
2021-05-12,Shasta,089,179085,12124,12092,1552,13644,200
2021-05-12,Sierra,091,2930,55,54,13,67,0
2021-05-12,Siskiyou,093,43540,1865,1760,341,2101,13
2021-05-12,Solano,095,438530,32569,32519,549,33068,252
2021-05-12,Sonoma,097,501317,29834,29976,330,30306,320
2021-05-12,Stanislaus,099,539301,55874,55632,5963,61595,919
2021-05-12,Sutter,101,95872,9436,9427,85,9512,112
2021-05-12,Tehama,103,63373,5018,4989,575,5564,62
2021-05-12,Trinity,105,12862,454,327,82,409,3
2021-05-12,Tulare,107,460477,49816,49001,9150,58151,838
2021-05-12,Tuolumne,109,53932,4064,4056,37,4093,63
2021-05-12,Ventura,111,848112,81111,80577,3008,83585,1010
2021-05-12,Yolo,113,214977,13908,13910,311,14221,210
2021-05-12,Yuba,115,75493,5987,5956,121,6077,47
2021-05-11,Alameda,001,1643700,87568,87413,1973,89386,1290
2021-05-11,Alpine,003,1148,88,88,0,88,0
2021-05-11,Amador,005,37829,3664,3657,33,3690,46
2021-05-11,Butte,007,227075,12385,12008,1828,13836,199
2021-05-11,Calaveras,009,45235,2126,2118,14,2132,52
2021-05-11,Colusa,011,21464,1933,1939,299,2238,14
2021-05-11,Contra Costa,013,1133247,68919,68406,1267,69673,806
2021-05-11,Del Norte,015,27424,1383,1347,12,1359,8
2021-05-11,El Dorado,017,186661,10164,10108,725,10833,112
2021-05-11,Fresno,019,978130,102164,101792,8744,110536,1686
2021-05-11,Glenn,021,27897,2411,2387,562,2949,17
2021-05-11,Humboldt,023,135768,4074,3964,33,3997,37
2021-05-11,Imperial,025,180216,28467,28413,2797,31210,722
2021-05-11,Inyo,027,18085,1402,1402,25,1427,36
2021-05-11,Kern,029,883053,96900,95938,10889,106827,1310
2021-05-11,Kings,031,150075,23058,22887,1118,24005,246
2021-05-11,Lake,033,64148,3495,3473,9,3482,43
2021-05-11,Lassen,035,31185,5182,5148,109,5257,6
2021-05-11,Los Angeles,037,10098052,1202002,1195100,41879,1236979,24048
2021-05-11,Madera,039,155013,16542,16459,941,17400,238
2021-05-11,Marin,041,260295,14008,13987,259,14246,227
2021-05-11,Mariposa,043,17540,427,421,12,433,5
2021-05-11,Mendocino,045,87422,3906,3821,74,3895,46
2021-05-11,Merced,047,269075,30877,30893,991,31884,449
2021-05-11,Modoc,049,8938,372,362,125,487,3
2021-05-11,Mono,051,14174,1243,1265,14,1279,3
2021-05-11,Monterey,053,433212,43026,42934,1902,44836,380
2021-05-11,Napa,055,140530,9869,9870,36,9906,81
2021-05-11,Nevada,057,99092,4773,4737,191,4928,70
2021-05-11,Orange,059,3164182,255138,253545,11361,264906,5017
2021-05-11,Placer,061,380077,22979,22615,1478,24093,287
2021-05-11,Plumas,063,18699,694,679,10,689,4
2021-05-11,Riverside,065,2383286,291528,287757,13992,301749,4429
2021-05-11,Sacramento,067,1510023,104884,104496,1754,106250,1616
2021-05-11,San Benito,069,59416,6050,6058,115,6173,63
2021-05-11,San Bernardino,071,2135413,292504,291421,9049,300470,4707
2021-05-11,San Diego,073,3302833,279359,278308,14680,292988,3725
2021-05-11,San Francisco,075,870044,36519,36707,1298,38005,543
2021-05-11,San Joaquin,077,732212,72575,71999,3569,75568,1356
2021-05-11,San Luis Obispo,079,281455,21181,21008,739,21747,255
2021-05-11,San Mateo,081,765935,42188,41985,466,42451,425
2021-05-11,Santa Barbara,083,443738,34804,34207,1211,35418,456
2021-05-11,Santa Clara,085,1922200,118088,118857,770,119627,2005
2021-05-11,Santa Cruz,087,273765,16143,16113,840,16953,206
2021-05-11,Shasta,089,179085,12101,12050,1546,13596,200
2021-05-11,Sierra,091,2930,55,54,13,67,0
2021-05-11,Siskiyou,093,43540,1856,1756,339,2095,13
2021-05-11,Solano,095,438530,32551,32499,547,33046,250
2021-05-11,Sonoma,097,501317,29819,29966,330,30296,318
2021-05-11,Stanislaus,099,539301,55824,55589,5959,61548,909
2021-05-11,Sutter,101,95872,9429,9417,85,9502,112
2021-05-11,Tehama,103,63373,5014,4985,574,5559,62
2021-05-11,Trinity,105,12862,454,327,81,408,3
2021-05-11,Tulare,107,460477,49790,48974,9135,58109,837
2021-05-11,Tuolumne,109,53932,4063,4056,37,4093,63
2021-05-11,Ventura,111,848112,81087,80544,3005,83549,1008
2021-05-11,Yolo,113,214977,13895,13902,308,14210,210
2021-05-11,Yuba,115,75493,5978,5950,121,6071,46
2021-05-10,Alameda,001,1643700,87497,87366,1972,89338,1284
2021-05-10,Alpine,003,1148,88,88,0,88,0
2021-05-10,Amador,005,37829,3663,3657,33,3690,46
2021-05-10,Butte,007,227075,12369,11993,1824,13817,199
2021-05-10,Calaveras,009,45235,2119,2118,14,2132,52
2021-05-10,Colusa,011,21464,1933,1939,299,2238,14
2021-05-10,Contra Costa,013,1133247,68856,68357,1267,69624,806
2021-05-10,Del Norte,015,27424,1380,1339,12,1351,8
2021-05-10,El Dorado,017,186661,10150,10093,725,10818,113
2021-05-10,Fresno,019,978130,102133,101755,8738,110493,1682
2021-05-10,Glenn,021,27897,2410,2384,560,2944,17
2021-05-10,Humboldt,023,135768,4044,3961,33,3994,36
2021-05-10,Imperial,025,180216,28453,28397,2793,31190,722
2021-05-10,Inyo,027,18085,1402,1401,25,1426,36
2021-05-10,Kern,029,883053,96857,95920,10875,106795,1310
2021-05-10,Kings,031,150075,23047,22884,1117,24001,246
2021-05-10,Lake,033,64148,3487,3471,9,3480,43
2021-05-10,Lassen,035,31185,5178,5148,109,5257,5
2021-05-10,Los Angeles,037,10098052,1201747,1194976,41862,1236838,24030
2021-05-10,Madera,039,155013,16532,16450,941,17391,238
2021-05-10,Marin,041,260295,14005,13981,259,14240,228
2021-05-10,Mariposa,043,17540,426,420,12,432,5
2021-05-10,Mendocino,045,87422,3900,3818,74,3892,46
2021-05-10,Merced,047,269075,30866,30880,991,31871,448
2021-05-10,Modoc,049,8938,372,361,125,486,3
2021-05-10,Mono,051,14174,1243,1265,14,1279,3
2021-05-10,Monterey,053,433212,43020,42927,1897,44824,380
2021-05-10,Napa,055,140530,9867,9860,36,9896,81
2021-05-10,Nevada,057,99092,4766,4735,191,4926,70
2021-05-10,Orange,059,3164182,255085,253484,11355,264839,5008
2021-05-10,Placer,061,380077,22957,22590,1475,24065,286
2021-05-10,Plumas,063,18699,693,679,10,689,4
2021-05-10,Riverside,065,2383286,291461,287689,13986,301675,4427
2021-05-10,Sacramento,067,1510023,104772,104378,1749,106127,1613
2021-05-10,San Benito,069,59416,6049,6058,115,6173,63
2021-05-10,San Bernardino,071,2135413,292452,291360,9048,300408,4707
2021-05-10,San Diego,073,3302833,279193,278183,14654,292837,3725
2021-05-10,San Francisco,075,870044,36500,36683,1298,37981,543
2021-05-10,San Joaquin,077,732212,72538,71954,3554,75508,1356
2021-05-10,San Luis Obispo,079,281455,21163,20993,738,21731,256
2021-05-10,San Mateo,081,765935,42170,41926,466,42392,424
2021-05-10,Santa Barbara,083,443738,34797,34201,1211,35412,456
2021-05-10,Santa Clara,085,1922200,118029,118822,770,119592,2003
2021-05-10,Santa Cruz,087,273765,16137,16114,840,16954,206
2021-05-10,Shasta,089,179085,12087,12036,1542,13578,200
2021-05-10,Sierra,091,2930,55,54,13,67,0
2021-05-10,Siskiyou,093,43540,1846,1752,337,2089,13
2021-05-10,Solano,095,438530,32531,32466,545,33011,250
2021-05-10,Sonoma,097,501317,29804,29955,329,30284,318
2021-05-10,Stanislaus,099,539301,55750,55541,5953,61494,898
2021-05-10,Sutter,101,95872,9423,9412,85,9497,111
2021-05-10,Tehama,103,63373,5010,4980,574,5554,62
2021-05-10,Trinity,105,12862,454,327,79,406,3
2021-05-10,Tulare,107,460477,49766,48956,9129,58085,837
2021-05-10,Tuolumne,109,53932,4059,4054,36,4090,63
2021-05-10,Ventura,111,848112,81071,80501,3003,83504,1008
2021-05-10,Yolo,113,214977,13883,13898,306,14204,209
2021-05-10,Yuba,115,75493,5976,5942,121,6063,46
2021-05-09,Alameda,001,1643700,87426,87292,1969,89261,1284
2021-05-09,Alpine,003,1148,88,88,0,88,0
2021-05-09,Amador,005,37829,3661,3655,33,3688,46
2021-05-09,Butte,007,227075,12350,11985,1820,13805,199
2021-05-09,Calaveras,009,45235,2118,2116,14,2130,52
2021-05-09,Colusa,011,21464,1932,1940,299,2239,14
2021-05-09,Contra Costa,013,1133247,68792,68302,1265,69567,806
2021-05-09,Del Norte,015,27424,1373,1338,12,1350,8
2021-05-09,El Dorado,017,186661,10136,10089,722,10811,113
2021-05-09,Fresno,019,978130,102095,101729,8729,110458,1682
2021-05-09,Glenn,021,27897,2403,2382,557,2939,17
2021-05-09,Humboldt,023,135768,4024,3950,33,3983,36
2021-05-09,Imperial,025,180216,28430,28388,2785,31173,722
2021-05-09,Inyo,027,18085,1402,1401,24,1425,36
2021-05-09,Kern,029,883053,96829,95903,10865,106768,1310
2021-05-09,Kings,031,150075,23038,22878,1117,23995,246
2021-05-09,Lake,033,64148,3483,3471,9,3480,43
2021-05-09,Lassen,035,31185,5176,5147,109,5256,5
2021-05-09,Los Angeles,037,10098052,1201487,1194820,41848,1236668,24026
2021-05-09,Madera,039,155013,16523,16444,935,17379,238
2021-05-09,Marin,041,260295,13994,13979,258,14237,228
2021-05-09,Mariposa,043,17540,423,420,12,432,5
2021-05-09,Mendocino,045,87422,3890,3814,74,3888,46
2021-05-09,Merced,047,269075,30843,30883,991,31874,448
2021-05-09,Modoc,049,8938,372,360,125,485,3
2021-05-09,Mono,051,14174,1243,1264,14,1278,3
2021-05-09,Monterey,053,433212,43002,42918,1897,44815,380
2021-05-09,Napa,055,140530,9856,9857,36,9893,81
2021-05-09,Nevada,057,99092,4759,4727,191,4918,70
2021-05-09,Orange,059,3164182,255031,253451,11347,264798,5008
2021-05-09,Placer,061,380077,22931,22566,1472,24038,286
2021-05-09,Plumas,063,18699,692,679,10,689,4
2021-05-09,Riverside,065,2383286,291383,287644,13980,301624,4427
2021-05-09,Sacramento,067,1510023,104624,104309,1742,106051,1612
2021-05-09,San Benito,069,59416,6047,6056,115,6171,63
2021-05-09,San Bernardino,071,2135413,292369,291337,9042,300379,4707
2021-05-09,San Diego,073,3302833,279026,277950,14632,292582,3725
2021-05-09,San Francisco,075,870044,36474,36669,1296,37965,543
2021-05-09,San Joaquin,077,732212,72492,71927,3553,75480,1356
2021-05-09,San Luis Obispo,079,281455,21153,20999,738,21737,256
2021-05-09,San Mateo,081,765935,42141,41903,466,42369,424
2021-05-09,Santa Barbara,083,443738,34784,34196,1210,35406,456
2021-05-09,Santa Clara,085,1922200,117975,118798,769,119567,2003
2021-05-09,Santa Cruz,087,273765,16131,16094,840,16934,206
2021-05-09,Shasta,089,179085,12057,12034,1537,13571,200
2021-05-09,Sierra,091,2930,55,54,13,67,0
2021-05-09,Siskiyou,093,43540,1840,1741,334,2075,13
2021-05-09,Solano,095,438530,32492,32434,542,32976,250
2021-05-09,Sonoma,097,501317,29790,29953,328,30281,318
2021-05-09,Stanislaus,099,539301,55684,55511,5949,61460,898
2021-05-09,Sutter,101,95872,9417,9413,85,9498,111
2021-05-09,Tehama,103,63373,5005,4979,574,5553,62
2021-05-09,Trinity,105,12862,454,327,79,406,3
2021-05-09,Tulare,107,460477,49739,48948,9124,58072,837
2021-05-09,Tuolumne,109,53932,4058,4053,36,4089,63
2021-05-09,Ventura,111,848112,81056,80487,3002,83489,1008
2021-05-09,Yolo,113,214977,13872,13897,305,14202,209
2021-05-09,Yuba,115,75493,5970,5934,121,6055,46
2021-05-08,Alameda,001,1643700,87384,87213,1965,89178,1284
2021-05-08,Alpine,003,1148,88,88,0,88,0
2021-05-08,Amador,005,37829,3659,3652,33,3685,46
2021-05-08,Butte,007,227075,12338,11962,1819,13781,199
2021-05-08,Calaveras,009,45235,2117,2114,14,2128,52
2021-05-08,Colusa,011,21464,1932,1939,299,2238,14
2021-05-08,Contra Costa,013,1133247,68759,68223,1263,69486,803
2021-05-08,Del Norte,015,27424,1370,1335,12,1347,8
2021-05-08,El Dorado,017,186661,10122,10079,722,10801,113
2021-05-08,Fresno,019,978130,102060,101676,8724,110400,1682
2021-05-08,Glenn,021,27897,2401,2382,555,2937,17
2021-05-08,Humboldt,023,135768,4008,3939,33,3972,36
2021-05-08,Imperial,025,180216,28422,28373,2785,31158,721
2021-05-08,Inyo,027,18085,1402,1402,24,1426,36
2021-05-08,Kern,029,883053,96805,95880,10851,106731,1310
2021-05-08,Kings,031,150075,23035,22872,1116,23988,246
2021-05-08,Lake,033,64148,3482,3470,9,3479,43
2021-05-08,Lassen,035,31185,5175,5145,109,5254,5
2021-05-08,Los Angeles,037,10098052,1201340,1194584,41832,1236416,24022
2021-05-08,Madera,039,155013,16519,16442,935,17377,238
2021-05-08,Marin,041,260295,13991,13974,257,14231,228
2021-05-08,Mariposa,043,17540,423,420,12,432,5
2021-05-08,Mendocino,045,87422,3885,3810,73,3883,46
2021-05-08,Merced,047,269075,30834,30876,991,31867,448
2021-05-08,Modoc,049,8938,372,360,124,484,3
2021-05-08,Mono,051,14174,1243,1262,14,1276,3
2021-05-08,Monterey,053,433212,42997,42914,1896,44810,380
2021-05-08,Napa,055,140530,9849,9853,36,9889,81
2021-05-08,Nevada,057,99092,4756,4716,191,4907,70
2021-05-08,Orange,059,3164182,254995,253412,11344,264756,5006
2021-05-08,Placer,061,380077,22913,22547,1470,24017,286
2021-05-08,Plumas,063,18699,691,679,10,689,4
2021-05-08,Riverside,065,2383286,291341,287574,13978,301552,4427
2021-05-08,Sacramento,067,1510023,104539,104208,1739,105947,1610
2021-05-08,San Benito,069,59416,6046,6048,115,6163,63
2021-05-08,San Bernardino,071,2135413,292326,291296,9042,300338,4707
2021-05-08,San Diego,073,3302833,278941,277760,14615,292375,3725
2021-05-08,San Francisco,075,870044,36451,36642,1296,37938,543
2021-05-08,San Joaquin,077,732212,72463,71869,3544,75413,1356
2021-05-08,San Luis Obispo,079,281455,21142,20992,738,21730,256
2021-05-08,San Mateo,081,765935,42130,41871,466,42337,424
2021-05-08,Santa Barbara,083,443738,34771,34185,1210,35395,456
2021-05-08,Santa Clara,085,1922200,117944,118751,769,119520,2003
2021-05-08,Santa Cruz,087,273765,16128,16089,840,16929,206
2021-05-08,Shasta,089,179085,12047,12030,1533,13563,200
2021-05-08,Sierra,091,2930,55,54,13,67,0
2021-05-08,Siskiyou,093,43540,1839,1741,330,2071,13
2021-05-08,Solano,095,438530,32467,32395,540,32935,249
2021-05-08,Sonoma,097,501317,29777,29942,328,30270,318
2021-05-08,Stanislaus,099,539301,55651,55467,5945,61412,898
2021-05-08,Sutter,101,95872,9414,9413,85,9498,111
2021-05-08,Tehama,103,63373,5003,4977,574,5551,62
2021-05-08,Trinity,105,12862,454,327,79,406,3
2021-05-08,Tulare,107,460477,49725,48929,9114,58043,837
2021-05-08,Tuolumne,109,53932,4057,4050,36,4086,63
2021-05-08,Ventura,111,848112,81045,80481,2999,83480,1008
2021-05-08,Yolo,113,214977,13869,13894,304,14198,209
2021-05-08,Yuba,115,75493,5962,5928,121,6049,46
2021-05-07,Alameda,001,1643700,87333,87128,1964,89092,1280
2021-05-07,Alpine,003,1148,88,88,0,88,0
2021-05-07,Amador,005,37829,3656,3651,33,3684,46
2021-05-07,Butte,007,227075,12318,11943,1816,13759,199
2021-05-07,Calaveras,009,45235,2115,2114,14,2128,52
2021-05-07,Colusa,011,21464,1932,1937,299,2236,14
2021-05-07,Contra Costa,013,1133247,68713,68156,1261,69417,804
2021-05-07,Del Norte,015,27424,1365,1329,12,1341,8
2021-05-07,El Dorado,017,186661,10109,10065,720,10785,112
2021-05-07,Fresno,019,978130,102026,101625,8723,110348,1684
2021-05-07,Glenn,021,27897,2398,2381,554,2935,17
2021-05-07,Humboldt,023,135768,3993,3919,33,3952,36
2021-05-07,Imperial,025,180216,28414,28352,2784,31136,721
2021-05-07,Inyo,027,18085,1402,1402,24,1426,36
2021-05-07,Kern,029,883053,96792,95839,10839,106678,1308
2021-05-07,Kings,031,150075,23034,22857,1115,23972,246
2021-05-07,Lake,033,64148,3480,3467,9,3476,43
2021-05-07,Lassen,035,31185,5174,5144,108,5252,5
2021-05-07,Los Angeles,037,10098052,1201166,1194294,41824,1236118,24008
2021-05-07,Madera,039,155013,16514,16439,934,17373,238
2021-05-07,Marin,041,260295,13987,13968,257,14225,228
2021-05-07,Mariposa,043,17540,422,419,12,431,5
2021-05-07,Mendocino,045,87422,3879,3805,73,3878,46
2021-05-07,Merced,047,269075,30831,30862,991,31853,446
2021-05-07,Modoc,049,8938,372,360,124,484,3
2021-05-07,Mono,051,14174,1242,1261,14,1275,3
2021-05-07,Monterey,053,433212,42991,42909,1894,44803,380
2021-05-07,Napa,055,140530,9848,9849,36,9885,81
2021-05-07,Nevada,057,99092,4752,4704,191,4895,70
2021-05-07,Orange,059,3164182,254958,253338,11334,264672,5000
2021-05-07,Placer,061,380077,22894,22524,1467,23991,286
2021-05-07,Plumas,063,18699,691,678,10,688,4
2021-05-07,Riverside,065,2383286,291284,287479,13977,301456,4426
2021-05-07,Sacramento,067,1510023,104466,104068,1734,105802,1609
2021-05-07,San Benito,069,59416,6045,6048,115,6163,63
2021-05-07,San Bernardino,071,2135413,292284,291185,9037,300222,4697
2021-05-07,San Diego,073,3302833,278855,277534,14601,292135,3718
2021-05-07,San Francisco,075,870044,36438,36616,1295,37911,543
2021-05-07,San Joaquin,077,732212,72423,71804,3542,75346,1351
2021-05-07,San Luis Obispo,079,281455,21135,20979,738,21717,256
2021-05-07,San Mateo,081,765935,42114,41844,466,42310,424
2021-05-07,Santa Barbara,083,443738,34761,34166,1210,35376,453
2021-05-07,Santa Clara,085,1922200,117911,118691,768,119459,2002
2021-05-07,Santa Cruz,087,273765,16125,16074,840,16914,206
2021-05-07,Shasta,089,179085,12025,12005,1531,13536,200
2021-05-07,Sierra,091,2930,55,54,13,67,0
2021-05-07,Siskiyou,093,43540,1836,1723,330,2053,13
2021-05-07,Solano,095,438530,32440,32352,538,32890,249
2021-05-07,Sonoma,097,501317,29759,29925,326,30251,318
2021-05-07,Stanislaus,099,539301,55610,55407,5939,61346,896
2021-05-07,Sutter,101,95872,9414,9407,84,9491,111
2021-05-07,Tehama,103,63373,4996,4974,574,5548,57
2021-05-07,Trinity,105,12862,454,327,79,406,3
2021-05-07,Tulare,107,460477,49708,48913,9109,58022,837
2021-05-07,Tuolumne,109,53932,4055,4048,36,4084,63
2021-05-07,Ventura,111,848112,81021,80444,2999,83443,1008
2021-05-07,Yolo,113,214977,13864,13875,303,14178,209
2021-05-07,Yuba,115,75493,5952,5910,121,6031,46
2021-05-06,Alameda,001,1643700,87255,87028,1961,88989,1278
2021-05-06,Alpine,003,1148,88,88,0,88,0
2021-05-06,Amador,005,37829,3654,3650,33,3683,46
2021-05-06,Butte,007,227075,12298,11929,1811,13740,198
2021-05-06,Calaveras,009,45235,2114,2111,14,2125,52
2021-05-06,Colusa,011,21464,1932,1935,299,2234,14
2021-05-06,Contra Costa,013,1133247,68658,68076,1258,69334,802
2021-05-06,Del Norte,015,27424,1357,1324,12,1336,6
2021-05-06,El Dorado,017,186661,10102,10048,720,10768,112
2021-05-06,Fresno,019,978130,101984,101536,8718,110254,1680
2021-05-06,Glenn,021,27897,2397,2380,553,2933,17
2021-05-06,Humboldt,023,135768,3968,3898,33,3931,36
2021-05-06,Imperial,025,180216,28403,28311,2783,31094,720
2021-05-06,Inyo,027,18085,1402,1401,24,1425,36
2021-05-06,Kern,029,883053,96767,95801,10822,106623,1307
2021-05-06,Kings,031,150075,23027,22848,1114,23962,246
2021-05-06,Lake,033,64148,3479,3465,9,3474,43
2021-05-06,Lassen,035,31185,5173,5143,108,5251,1
2021-05-06,Los Angeles,037,10098052,1200927,1193954,41807,1235761,23991
2021-05-06,Madera,039,155013,16506,16430,934,17364,238
2021-05-06,Marin,041,260295,13983,13956,257,14213,228
2021-05-06,Mariposa,043,17540,421,419,12,431,5
2021-05-06,Mendocino,045,87422,3868,3802,73,3875,46
2021-05-06,Merced,047,269075,30815,30863,990,31853,444
2021-05-06,Modoc,049,8938,372,360,124,484,3
2021-05-06,Mono,051,14174,1240,1261,14,1275,3
2021-05-06,Monterey,053,433212,42976,42899,1894,44793,379
2021-05-06,Napa,055,140530,9842,9843,36,9879,81
2021-05-06,Nevada,057,99092,4751,4687,191,4878,70
2021-05-06,Orange,059,3164182,254890,253286,11327,264613,4991
2021-05-06,Placer,061,380077,22872,22493,1467,23960,286
2021-05-06,Plumas,063,18699,691,678,10,688,4
2021-05-06,Riverside,065,2383286,291211,287399,13972,301371,4422
2021-05-06,Sacramento,067,1510023,104350,103956,1731,105687,1609
2021-05-06,San Benito,069,59416,6044,6045,115,6160,63
2021-05-06,San Bernardino,071,2135413,292214,291085,9036,300121,4683
2021-05-06,San Diego,073,3302833,278731,277324,14578,291902,3716
2021-05-06,San Francisco,075,870044,36423,36599,1295,37894,543
2021-05-06,San Joaquin,077,732212,72368,71729,3539,75268,1350
2021-05-06,San Luis Obispo,079,281455,21123,20965,736,21701,256
2021-05-06,San Mateo,081,765935,42096,41802,465,42267,424
2021-05-06,Santa Barbara,083,443738,34748,34152,1210,35362,453
2021-05-06,Santa Clara,085,1922200,117870,118591,768,119359,2001
2021-05-06,Santa Cruz,087,273765,16118,16050,840,16890,206
2021-05-06,Shasta,089,179085,12003,11983,1525,13508,199
2021-05-06,Sierra,091,2930,55,54,13,67,0
2021-05-06,Siskiyou,093,43540,1826,1711,329,2040,12
2021-05-06,Solano,095,438530,32414,32320,530,32850,249
2021-05-06,Sonoma,097,501317,29751,29911,326,30237,318
2021-05-06,Stanislaus,099,539301,55553,55323,5935,61258,834
2021-05-06,Sutter,101,95872,9408,9396,84,9480,111
2021-05-06,Tehama,103,63373,4991,4970,574,5544,53
2021-05-06,Trinity,105,12862,454,327,79,406,3
2021-05-06,Tulare,107,460477,49684,48890,9094,57984,836
2021-05-06,Tuolumne,109,53932,4051,4047,36,4083,63
2021-05-06,Ventura,111,848112,80990,80411,2996,83407,1005
2021-05-06,Yolo,113,214977,13856,13871,299,14170,209
2021-05-06,Yuba,115,75493,5940,5901,121,6022,46
2021-05-05,Alameda,001,1643700,87194,86950,1959,88909,1278
2021-05-05,Alpine,003,1148,88,88,0,88,0
2021-05-05,Amador,005,37829,3651,3650,33,3683,46
2021-05-05,Butte,007,227075,12280,11907,1808,13715,198
2021-05-05,Calaveras,009,45235,2110,2103,14,2117,52
2021-05-05,Colusa,011,21464,1931,1933,299,2232,14
2021-05-05,Contra Costa,013,1133247,68593,67997,1253,69250,803
2021-05-05,Del Norte,015,27424,1354,1317,12,1329,6
2021-05-05,El Dorado,017,186661,10091,10020,719,10739,111
2021-05-05,Fresno,019,978130,101935,101491,8709,110200,1680
2021-05-05,Glenn,021,27897,2394,2380,552,2932,17
2021-05-05,Humboldt,023,135768,3949,3886,32,3918,36
2021-05-05,Imperial,025,180216,28362,28295,2776,31071,720
2021-05-05,Inyo,027,18085,1401,1401,24,1425,36
2021-05-05,Kern,029,883053,96723,95753,10818,106571,1304
2021-05-05,Kings,031,150075,23021,22840,1113,23953,246
2021-05-05,Lake,033,64148,3476,3458,9,3467,43
2021-05-05,Lassen,035,31185,5173,5143,107,5250,1
2021-05-05,Los Angeles,037,10098052,1200659,1193608,41794,1235402,23977
2021-05-05,Madera,039,155013,16504,16423,934,17357,235
2021-05-05,Marin,041,260295,13975,13950,256,14206,228
2021-05-05,Mariposa,043,17540,421,418,12,430,5
2021-05-05,Mendocino,045,87422,3864,3799,73,3872,46
2021-05-05,Merced,047,269075,30794,30844,990,31834,444
2021-05-05,Modoc,049,8938,371,361,123,484,3
2021-05-05,Mono,051,14174,1240,1260,14,1274,3
2021-05-05,Monterey,053,433212,42963,42870,1891,44761,379
2021-05-05,Napa,055,140530,9836,9833,36,9869,81
2021-05-05,Nevada,057,99092,4748,4666,191,4857,70
2021-05-05,Orange,059,3164182,254835,253237,11322,264559,4978
2021-05-05,Placer,061,380077,22840,22362,1463,23825,287
2021-05-05,Plumas,063,18699,691,677,10,687,4
2021-05-05,Riverside,065,2383286,291122,287353,13962,301315,4414
2021-05-05,Sacramento,067,1510023,104262,103476,1726,105202,1607
2021-05-05,San Benito,069,59416,6035,6046,115,6161,63
2021-05-05,San Bernardino,071,2135413,292140,291008,9032,300040,4677
2021-05-05,San Diego,073,3302833,278594,277098,14558,291656,3716
2021-05-05,San Francisco,075,870044,36408,36577,1294,37871,543
2021-05-05,San Joaquin,077,732212,72315,71638,3536,75174,1345
2021-05-05,San Luis Obispo,079,281455,21115,20958,736,21694,256
2021-05-05,San Mateo,081,765935,42065,41755,464,42219,415
2021-05-05,Santa Barbara,083,443738,34734,34139,1209,35348,453
2021-05-05,Santa Clara,085,1922200,117840,118482,764,119246,1992
2021-05-05,Santa Cruz,087,273765,16112,16013,840,16853,207
2021-05-05,Shasta,089,179085,11987,11939,1521,13460,200
2021-05-05,Sierra,091,2930,55,54,13,67,0
2021-05-05,Siskiyou,093,43540,1809,1706,321,2027,11
2021-05-05,Solano,095,438530,32379,32250,528,32778,249
2021-05-05,Sonoma,097,501317,29738,29879,326,30205,318
2021-05-05,Stanislaus,099,539301,55495,55231,5933,61164,807
2021-05-05,Sutter,101,95872,9402,9387,84,9471,111
2021-05-05,Tehama,103,63373,4988,4968,574,5542,53
2021-05-05,Trinity,105,12862,454,326,79,405,3
2021-05-05,Tulare,107,460477,49660,48875,9087,57962,835
2021-05-05,Tuolumne,109,53932,4048,4040,36,4076,63
2021-05-05,Ventura,111,848112,80961,80372,2992,83364,1005
2021-05-05,Yolo,113,214977,13852,13846,297,14143,209
2021-05-05,Yuba,115,75493,5930,5895,120,6015,44
2021-05-04,Alameda,001,1643700,87102,86894,1959,88853,1277
2021-05-04,Alpine,003,1148,88,88,0,88,0
2021-05-04,Amador,005,37829,3651,3650,33,3683,46
2021-05-04,Butte,007,227075,12256,11883,1806,13689,198
2021-05-04,Calaveras,009,45235,2105,2100,14,2114,52
2021-05-04,Colusa,011,21464,1930,1933,299,2232,14
2021-05-04,Contra Costa,013,1133247,68514,67931,1250,69181,799
2021-05-04,Del Norte,015,27424,1354,1314,12,1326,6
2021-05-04,El Dorado,017,186661,10080,10009,715,10724,110
2021-05-04,Fresno,019,978130,101880,101451,8702,110153,1677
2021-05-04,Glenn,021,27897,2391,2379,549,2928,17
2021-05-04,Humboldt,023,135768,3923,3877,32,3909,36
2021-05-04,Imperial,025,180216,28342,28276,2772,31048,720
2021-05-04,Inyo,027,18085,1401,1399,24,1423,36
2021-05-04,Kern,029,883053,96687,95720,10800,106520,1301
2021-05-04,Kings,031,150075,23007,22822,1110,23932,246
2021-05-04,Lake,033,64148,3475,3454,9,3463,43
2021-05-04,Lassen,035,31185,5172,5142,107,5249,1
2021-05-04,Los Angeles,037,10098052,1200371,1193453,41782,1235235,23957
2021-05-04,Madera,039,155013,16503,16418,934,17352,235
2021-05-04,Marin,041,260295,13967,13935,256,14191,228
2021-05-04,Mariposa,043,17540,421,418,12,430,5
2021-05-04,Mendocino,045,87422,3859,3794,73,3867,46
2021-05-04,Merced,047,269075,30777,30829,990,31819,444
2021-05-04,Modoc,049,8938,370,360,122,482,3
2021-05-04,Mono,051,14174,1240,1260,14,1274,3
2021-05-04,Monterey,053,433212,42951,42845,1890,44735,380
2021-05-04,Napa,055,140530,9827,9824,36,9860,81
2021-05-04,Nevada,057,99092,4741,4656,191,4847,70
2021-05-04,Orange,059,3164182,254768,253177,11312,264489,4977
2021-05-04,Placer,061,380077,22811,22326,1460,23786,287
2021-05-04,Plumas,063,18699,690,675,10,685,4
2021-05-04,Riverside,065,2383286,291039,287285,13955,301240,4411
2021-05-04,Sacramento,067,1510023,104133,103383,1721,105104,1604
2021-05-04,San Benito,069,59416,6034,6039,115,6154,63
2021-05-04,San Bernardino,071,2135413,292063,290934,9025,299959,4668
2021-05-04,San Diego,073,3302833,278428,276879,14541,291420,3713
2021-05-04,San Francisco,075,870044,36390,36550,1294,37844,541
2021-05-04,San Joaquin,077,732212,72254,71582,3531,75113,1342
2021-05-04,San Luis Obispo,079,281455,21109,20923,734,21657,255
2021-05-04,San Mateo,081,765935,42039,41708,464,42172,415
2021-05-04,Santa Barbara,083,443738,34718,34131,1208,35339,453
2021-05-04,Santa Clara,085,1922200,117777,118431,763,119194,1988
2021-05-04,Santa Cruz,087,273765,16106,16005,840,16845,207
2021-05-04,Shasta,089,179085,11967,11923,1515,13438,198
2021-05-04,Sierra,091,2930,55,54,13,67,0
2021-05-04,Siskiyou,093,43540,1802,1694,319,2013,11
2021-05-04,Solano,095,438530,32338,32220,526,32746,249
2021-05-04,Sonoma,097,501317,29718,29867,325,30192,318
2021-05-04,Stanislaus,099,539301,55439,55165,5929,61094,807
2021-05-04,Sutter,101,95872,9397,9375,84,9459,111
2021-05-04,Tehama,103,63373,4986,4959,573,5532,53
2021-05-04,Trinity,105,12862,454,326,79,405,3
2021-05-04,Tulare,107,460477,49633,48857,9078,57935,835
2021-05-04,Tuolumne,109,53932,4046,4041,36,4077,61
2021-05-04,Ventura,111,848112,80932,80351,2990,83341,1005
2021-05-04,Yolo,113,214977,13839,13820,295,14115,208
2021-05-04,Yuba,115,75493,5924,5891,120,6011,44
2021-05-03,Alameda,001,1643700,87024,86845,1953,88798,1272
2021-05-03,Alpine,003,1148,88,88,0,88,0
2021-05-03,Amador,005,37829,3651,3651,33,3684,46
2021-05-03,Butte,007,227075,12246,11864,1803,13667,198
2021-05-03,Calaveras,009,45235,2104,2099,14,2113,50
2021-05-03,Colusa,011,21464,1929,1931,297,2228,14
2021-05-03,Contra Costa,013,1133247,68455,67895,1246,69141,799
2021-05-03,Del Norte,015,27424,1349,1306,11,1317,6
2021-05-03,El Dorado,017,186661,10062,9984,710,10694,110
2021-05-03,Fresno,019,978130,101826,101405,8691,110096,1678
2021-05-03,Glenn,021,27897,2391,2375,548,2923,17
2021-05-03,Humboldt,023,135768,3908,3865,32,3897,36
2021-05-03,Imperial,025,180216,28320,28280,2769,31049,720
2021-05-03,Inyo,027,18085,1400,1398,24,1422,36
2021-05-03,Kern,029,883053,96651,95693,10787,106480,1299
2021-05-03,Kings,031,150075,22998,22821,1110,23931,246
2021-05-03,Lake,033,64148,3473,3446,9,3455,43
2021-05-03,Lassen,035,31185,5171,5142,107,5249,1
2021-05-03,Los Angeles,037,10098052,1200103,1193261,41756,1235017,23942
2021-05-03,Madera,039,155013,16499,16414,933,17347,235
2021-05-03,Marin,041,260295,13961,13927,256,14183,228
2021-05-03,Mariposa,043,17540,421,418,12,430,5
2021-05-03,Mendocino,045,87422,3852,3792,73,3865,46
2021-05-03,Merced,047,269075,30766,30814,988,31802,444
2021-05-03,Modoc,049,8938,370,360,122,482,3
2021-05-03,Mono,051,14174,1240,1259,14,1273,3
2021-05-03,Monterey,053,433212,42940,42837,1888,44725,380
2021-05-03,Napa,055,140530,9822,9815,36,9851,81
2021-05-03,Nevada,057,99092,4733,4650,191,4841,70
2021-05-03,Orange,059,3164182,254708,253107,11303,264410,4968
2021-05-03,Placer,061,380077,22780,22289,1454,23743,287
2021-05-03,Plumas,063,18699,689,675,10,685,4
2021-05-03,Riverside,065,2383286,290967,287233,13954,301187,4412
2021-05-03,Sacramento,067,1510023,103980,103303,1711,105014,1602
2021-05-03,San Benito,069,59416,6033,6038,115,6153,63
2021-05-03,San Bernardino,071,2135413,291995,290886,9022,299908,4659
2021-05-03,San Diego,073,3302833,278265,276693,14516,291209,3712
2021-05-03,San Francisco,075,870044,36364,36538,1294,37832,541
2021-05-03,San Joaquin,077,732212,72203,71504,3528,75032,1325
2021-05-03,San Luis Obispo,079,281455,21093,20915,731,21646,254
2021-05-03,San Mateo,081,765935,42016,41689,463,42152,413
2021-05-03,Santa Barbara,083,443738,34706,34119,1208,35327,453
2021-05-03,Santa Clara,085,1922200,117723,118373,762,119135,1988
2021-05-03,Santa Cruz,087,273765,16103,16000,840,16840,207
2021-05-03,Shasta,089,179085,11944,11890,1510,13400,197
2021-05-03,Sierra,091,2930,55,54,13,67,0
2021-05-03,Siskiyou,093,43540,1796,1683,313,1996,11
2021-05-03,Solano,095,438530,32297,32201,525,32726,249
2021-05-03,Sonoma,097,501317,29706,29855,322,30177,318
2021-05-03,Stanislaus,099,539301,55374,55116,5919,61035,774
2021-05-03,Sutter,101,95872,9385,9370,84,9454,111
2021-05-03,Tehama,103,63373,4977,4952,573,5525,53
2021-05-03,Trinity,105,12862,454,326,79,405,3
2021-05-03,Tulare,107,460477,49616,48844,9068,57912,835
2021-05-03,Tuolumne,109,53932,4045,4038,36,4074,61
2021-05-03,Ventura,111,848112,80910,80291,2990,83281,1005
2021-05-03,Yolo,113,214977,13826,13809,293,14102,208
2021-05-03,Yuba,115,75493,5919,5880,120,6000,44
2021-05-02,Alameda,001,1643700,86939,86784,1952,88736,1272
2021-05-02,Alpine,003,1148,88,88,0,88,0
2021-05-02,Amador,005,37829,3651,3650,33,3683,46
2021-05-02,Butte,007,227075,12222,11859,1800,13659,198
2021-05-02,Calaveras,009,45235,2100,2098,14,2112,50
2021-05-02,Colusa,011,21464,1928,1931,296,2227,14
2021-05-02,Contra Costa,013,1133247,68369,67843,1243,69086,800
2021-05-02,Del Norte,015,27424,1342,1305,11,1316,6
2021-05-02,El Dorado,017,186661,10047,9962,709,10671,110
2021-05-02,Fresno,019,978130,101755,101372,8681,110053,1678
2021-05-02,Glenn,021,27897,2390,2374,546,2920,17
2021-05-02,Humboldt,023,135768,3896,3858,31,3889,36
2021-05-02,Imperial,025,180216,28286,28275,2760,31035,721
2021-05-02,Inyo,027,18085,1398,1398,24,1422,36
2021-05-02,Kern,029,883053,96593,95668,10780,106448,1299
2021-05-02,Kings,031,150075,22980,22816,1109,23925,246
2021-05-02,Lake,033,64148,3471,3443,9,3452,43
2021-05-02,Lassen,035,31185,5170,5142,106,5248,1
2021-05-02,Los Angeles,037,10098052,1199757,1193056,41733,1234789,23943
2021-05-02,Madera,039,155013,16493,16410,933,17343,235
2021-05-02,Marin,041,260295,13951,13917,256,14173,228
2021-05-02,Mariposa,043,17540,421,419,12,431,5
2021-05-02,Mendocino,045,87422,3847,3787,73,3860,46
2021-05-02,Merced,047,269075,30744,30793,986,31779,444
2021-05-02,Modoc,049,8938,369,360,122,482,3
2021-05-02,Mono,051,14174,1239,1259,14,1273,3
2021-05-02,Monterey,053,433212,42926,42837,1887,44724,380
2021-05-02,Napa,055,140530,9818,9805,36,9841,81
2021-05-02,Nevada,057,99092,4717,4635,191,4826,70
2021-05-02,Orange,059,3164182,254633,253025,11290,264315,4968
2021-05-02,Placer,061,380077,22751,22264,1451,23715,287
2021-05-02,Plumas,063,18699,689,675,10,685,4
2021-05-02,Riverside,065,2383286,290868,287197,13944,301141,4412
2021-05-02,Sacramento,067,1510023,103840,103153,1704,104857,1602
2021-05-02,San Benito,069,59416,6028,6037,115,6152,63
2021-05-02,San Bernardino,071,2135413,291896,290859,9020,299879,4655
2021-05-02,San Diego,073,3302833,278068,276521,14489,291010,3712
2021-05-02,San Francisco,075,870044,36338,36522,1294,37816,541
2021-05-02,San Joaquin,077,732212,72139,71447,3521,74968,1325
2021-05-02,San Luis Obispo,079,281455,21073,20910,730,21640,254
2021-05-02,San Mateo,081,765935,42000,41656,462,42118,412
2021-05-02,Santa Barbara,083,443738,34692,34106,1208,35314,453
2021-05-02,Santa Clara,085,1922200,117649,118321,762,119083,1988
2021-05-02,Santa Cruz,087,273765,16098,15995,839,16834,207
2021-05-02,Shasta,089,179085,11928,11885,1502,13387,197
2021-05-02,Sierra,091,2930,55,54,13,67,0
2021-05-02,Siskiyou,093,43540,1785,1661,312,1973,11
2021-05-02,Solano,095,438530,32258,32151,521,32672,249
2021-05-02,Sonoma,097,501317,29684,29842,322,30164,318
2021-05-02,Stanislaus,099,539301,55301,55057,5912,60969,774
2021-05-02,Sutter,101,95872,9378,9363,84,9447,111
2021-05-02,Tehama,103,63373,4972,4950,571,5521,53
2021-05-02,Trinity,105,12862,454,326,79,405,3
2021-05-02,Tulare,107,460477,49598,48834,9060,57894,835
2021-05-02,Tuolumne,109,53932,4042,4038,36,4074,61
2021-05-02,Ventura,111,848112,80873,80284,2989,83273,1005
2021-05-02,Yolo,113,214977,13814,13799,292,14091,208
2021-05-02,Yuba,115,75493,5909,5879,120,5999,44
2021-05-01,Alameda,001,1643700,86895,86704,1949,88653,1270
2021-05-01,Alpine,003,1148,88,88,0,88,0
2021-05-01,Amador,005,37829,3651,3650,33,3683,46
2021-05-01,Butte,007,227075,12208,11845,1795,13640,198
2021-05-01,Calaveras,009,45235,2098,2096,14,2110,50
2021-05-01,Colusa,011,21464,1927,1931,296,2227,14
2021-05-01,Contra Costa,013,1133247,68317,67779,1240,69019,800
2021-05-01,Del Norte,015,27424,1341,1292,11,1303,6
2021-05-01,El Dorado,017,186661,10033,9944,707,10651,110
2021-05-01,Fresno,019,978130,101710,101326,8675,110001,1678
2021-05-01,Glenn,021,27897,2387,2369,545,2914,17
2021-05-01,Humboldt,023,135768,3882,3845,31,3876,36
2021-05-01,Imperial,025,180216,28279,28262,2760,31022,721
2021-05-01,Inyo,027,18085,1398,1397,24,1421,36
2021-05-01,Kern,029,883053,96566,95645,10768,106413,1299
2021-05-01,Kings,031,150075,22977,22797,1108,23905,246
2021-05-01,Lake,033,64148,3469,3441,9,3450,43
2021-05-01,Lassen,035,31185,5168,5142,106,5248,1
2021-05-01,Los Angeles,037,10098052,1199590,1192781,41718,1234499,23946
2021-05-01,Madera,039,155013,16489,16408,933,17341,235
2021-05-01,Marin,041,260295,13944,13902,256,14158,228
2021-05-01,Mariposa,043,17540,421,418,12,430,5
2021-05-01,Mendocino,045,87422,3845,3782,73,3855,46
2021-05-01,Merced,047,269075,30726,30771,986,31757,444
2021-05-01,Modoc,049,8938,369,361,122,483,3
2021-05-01,Mono,051,14174,1239,1258,14,1272,3
2021-05-01,Monterey,053,433212,42920,42828,1887,44715,379
2021-05-01,Napa,055,140530,9815,9800,36,9836,81
2021-05-01,Nevada,057,99092,4712,4625,191,4816,70
2021-05-01,Orange,059,3164182,254590,252969,11279,264248,4964
2021-05-01,Placer,061,380077,22725,22240,1449,23689,287
2021-05-01,Plumas,063,18699,688,675,10,685,4
2021-05-01,Riverside,065,2383286,290829,287129,13942,301071,4412
2021-05-01,Sacramento,067,1510023,103759,103043,1703,104746,1602
2021-05-01,San Benito,069,59416,6025,6030,115,6145,63
2021-05-01,San Bernardino,071,2135413,291853,290802,9018,299820,4652
2021-05-01,San Diego,073,3302833,277944,276367,14468,290835,3706
2021-05-01,San Francisco,075,870044,36323,36496,1294,37790,541
2021-05-01,San Joaquin,077,732212,72091,71389,3519,74908,1325
2021-05-01,San Luis Obispo,079,281455,21068,20896,730,21626,254
2021-05-01,San Mateo,081,765935,41971,41617,461,42078,411
2021-05-01,Santa Barbara,083,443738,34687,34085,1207,35292,453
2021-05-01,Santa Clara,085,1922200,117597,118265,760,119025,1988
2021-05-01,Santa Cruz,087,273765,16095,15984,839,16823,207
2021-05-01,Shasta,089,179085,11908,11878,1494,13372,197
2021-05-01,Sierra,091,2930,55,53,13,66,0
2021-05-01,Siskiyou,093,43540,1777,1653,311,1964,11
2021-05-01,Solano,095,438530,32228,32124,513,32637,249
2021-05-01,Sonoma,097,501317,29681,29835,322,30157,318
2021-05-01,Stanislaus,099,539301,55266,55005,5906,60911,774
2021-05-01,Sutter,101,95872,9375,9358,84,9442,110
2021-05-01,Tehama,103,63373,4971,4950,570,5520,53
2021-05-01,Trinity,105,12862,454,326,78,404,3
2021-05-01,Tulare,107,460477,49591,48818,9054,57872,835
2021-05-01,Tuolumne,109,53932,4036,4035,36,4071,61
2021-05-01,Ventura,111,848112,80855,80268,2989,83257,1005
2021-05-01,Yolo,113,214977,13807,13784,290,14074,208
2021-05-01,Yuba,115,75493,5907,5875,120,5995,44
2021-04-30,Alameda,001,1643700,86833,86602,1946,88548,1268
2021-04-30,Alpine,003,1148,88,88,0,88,0
2021-04-30,Amador,005,37829,3649,3650,33,3683,46
2021-04-30,Butte,007,227075,12189,11812,1791,13603,197
2021-04-30,Calaveras,009,45235,2097,2087,14,2101,50
2021-04-30,Colusa,011,21464,1927,1931,295,2226,14
2021-04-30,Contra Costa,013,1133247,68269,67684,1237,68921,800
2021-04-30,Del Norte,015,27424,1329,1276,11,1287,6
2021-04-30,El Dorado,017,186661,10019,9906,707,10613,110
2021-04-30,Fresno,019,978130,101664,101263,8671,109934,1670
2021-04-30,Glenn,021,27897,2386,2369,545,2914,17
2021-04-30,Humboldt,023,135768,3869,3834,31,3865,36
2021-04-30,Imperial,025,180216,28270,28244,2757,31001,721
2021-04-30,Inyo,027,18085,1398,1397,24,1421,36
2021-04-30,Kern,029,883053,96549,95605,10764,106369,1298
2021-04-30,Kings,031,150075,22974,22793,1107,23900,246
2021-04-30,Lake,033,64148,3465,3440,9,3449,43
2021-04-30,Lassen,035,31185,5167,5140,106,5246,1
2021-04-30,Los Angeles,037,10098052,1199383,1192393,41705,1234098,23919
2021-04-30,Madera,039,155013,16483,16395,933,17328,235
2021-04-30,Marin,041,260295,13936,13895,254,14149,228
2021-04-30,Mariposa,043,17540,421,417,12,429,5
2021-04-30,Mendocino,045,87422,3841,3777,73,3850,46
2021-04-30,Merced,047,269075,30713,30740,985,31725,444
2021-04-30,Modoc,049,8938,368,360,122,482,3
2021-04-30,Mono,051,14174,1239,1258,14,1272,3
2021-04-30,Monterey,053,433212,42906,42810,1886,44696,379
2021-04-30,Napa,055,140530,9811,9792,36,9828,81
2021-04-30,Nevada,057,99092,4704,4608,191,4799,70
2021-04-30,Orange,059,3164182,254534,252883,11273,264156,4956
2021-04-30,Placer,061,380077,22706,22190,1445,23635,287
2021-04-30,Plumas,063,18699,688,677,10,687,4
2021-04-30,Riverside,065,2383286,290775,287030,13935,300965,4412
2021-04-30,Sacramento,067,1510023,103658,102864,1699,104563,1596
2021-04-30,San Benito,069,59416,6021,6024,114,6138,63
2021-04-30,San Bernardino,071,2135413,291792,290704,9017,299721,4640
2021-04-30,San Diego,073,3302833,277850,276157,14457,290614,3702
2021-04-30,San Francisco,075,870044,36312,36453,1293,37746,538
2021-04-30,San Joaquin,077,732212,72040,71311,3516,74827,1306
2021-04-30,San Luis Obispo,079,281455,21062,20884,730,21614,255
2021-04-30,San Mateo,081,765935,41956,41583,460,42043,380
2021-04-30,Santa Barbara,083,443738,34674,34061,1207,35268,451
2021-04-30,Santa Clara,085,1922200,117539,118170,756,118926,1988
2021-04-30,Santa Cruz,087,273765,16090,15975,839,16814,207
2021-04-30,Shasta,089,179085,11887,11848,1491,13339,197
2021-04-30,Sierra,091,2930,55,53,13,66,0
2021-04-30,Siskiyou,093,43540,1766,1628,308,1936,11
2021-04-30,Solano,095,438530,32196,32050,510,32560,249
2021-04-30,Sonoma,097,501317,29671,29816,320,30136,318
2021-04-30,Stanislaus,099,539301,55215,54938,5903,60841,774
2021-04-30,Sutter,101,95872,9373,9353,84,9437,110
2021-04-30,Tehama,103,63373,4969,4944,570,5514,53
2021-04-30,Trinity,105,12862,454,326,78,404,3
2021-04-30,Tulare,107,460477,49581,48797,9038,57835,836
2021-04-30,Tuolumne,109,53932,4035,4033,36,4069,61
2021-04-30,Ventura,111,848112,80815,80232,2984,83216,1004
2021-04-30,Yolo,113,214977,13794,13756,290,14046,208
2021-04-30,Yuba,115,75493,5899,5870,120,5990,44
2021-04-29,Alameda,001,1643700,86768,86490,1943,88433,1263
2021-04-29,Alpine,003,1148,88,88,0,88,0
2021-04-29,Amador,005,37829,3649,3649,33,3682,46
2021-04-29,Butte,007,227075,12174,11787,1789,13576,196
2021-04-29,Calaveras,009,45235,2094,2082,14,2096,50
2021-04-29,Colusa,011,21464,1927,1929,295,2224,14
2021-04-29,Contra Costa,013,1133247,68214,67606,1234,68840,795
2021-04-29,Del Norte,015,27424,1325,1271,11,1282,6
2021-04-29,El Dorado,017,186661,9999,9884,704,10588,107
2021-04-29,Fresno,019,978130,101610,101189,8660,109849,1667
2021-04-29,Glenn,021,27897,2383,2369,545,2914,17
2021-04-29,Humboldt,023,135768,3855,3815,31,3846,36
2021-04-29,Imperial,025,180216,28258,28235,2756,30991,720
2021-04-29,Inyo,027,18085,1398,1396,24,1420,36
2021-04-29,Kern,029,883053,96516,95547,10760,106307,1295
2021-04-29,Kings,031,150075,22964,22777,1102,23879,245
2021-04-29,Lake,033,64148,3457,3438,9,3447,43
2021-04-29,Lassen,035,31185,5167,5140,106,5246,1
2021-04-29,Los Angeles,037,10098052,1199108,1192068,41684,1233752,23899
2021-04-29,Madera,039,155013,16478,16383,932,17315,235
2021-04-29,Marin,041,260295,13932,13884,246,14130,228
2021-04-29,Mariposa,043,17540,420,416,12,428,5
2021-04-29,Mendocino,045,87422,3835,3774,73,3847,46
2021-04-29,Merced,047,269075,30693,30706,985,31691,444
2021-04-29,Modoc,049,8938,368,360,122,482,3
2021-04-29,Mono,051,14174,1237,1259,14,1273,3
2021-04-29,Monterey,053,433212,42889,42797,1885,44682,379
2021-04-29,Napa,055,140530,9797,9789,36,9825,81
2021-04-29,Nevada,057,99092,4693,4590,191,4781,70
2021-04-29,Orange,059,3164182,254464,252823,11258,264081,4934
2021-04-29,Placer,061,380077,22681,22161,1443,23604,286
2021-04-29,Plumas,063,18699,687,676,10,686,4
2021-04-29,Riverside,065,2383286,290708,286947,13932,300879,4409
2021-04-29,Sacramento,067,1510023,103525,102686,1689,104375,1593
2021-04-29,San Benito,069,59416,6020,6023,114,6137,63
2021-04-29,San Bernardino,071,2135413,291720,290606,9012,299618,4609
2021-04-29,San Diego,073,3302833,277700,275961,14440,290401,3700
2021-04-29,San Francisco,075,870044,36286,36412,1293,37705,537
2021-04-29,San Joaquin,077,732212,71974,71225,3511,74736,1301
2021-04-29,San Luis Obispo,079,281455,21051,20876,730,21606,255
2021-04-29,San Mateo,081,765935,41928,41538,459,41997,358
2021-04-29,Santa Barbara,083,443738,34658,34039,1205,35244,448
2021-04-29,Santa Clara,085,1922200,117484,118082,753,118835,1984
2021-04-29,Santa Cruz,087,273765,16084,15961,839,16800,205
2021-04-29,Shasta,089,179085,11856,11836,1483,13319,193
2021-04-29,Sierra,091,2930,55,53,13,66,0
2021-04-29,Siskiyou,093,43540,1757,1615,305,1920,11
2021-04-29,Solano,095,438530,32155,32002,506,32508,248
2021-04-29,Sonoma,097,501317,29656,29785,317,30102,318
2021-04-29,Stanislaus,099,539301,55148,54836,5898,60734,774
2021-04-29,Sutter,101,95872,9366,9346,84,9430,110
2021-04-29,Tehama,103,63373,4961,4939,570,5509,53
2021-04-29,Trinity,105,12862,454,326,78,404,3
2021-04-29,Tulare,107,460477,49563,48785,9026,57811,832
2021-04-29,Tuolumne,109,53932,4034,4030,36,4066,58
2021-04-29,Ventura,111,848112,80781,80188,2982,83170,1002
2021-04-29,Yolo,113,214977,13774,13745,289,14034,205
2021-04-29,Yuba,115,75493,5889,5865,120,5985,44
2021-04-28,Alameda,001,1643700,86696,86390,1939,88329,1260
2021-04-28,Alpine,003,1148,88,88,0,88,0
2021-04-28,Amador,005,37829,3649,3646,33,3679,46
2021-04-28,Butte,007,227075,12154,11762,1784,13546,196
2021-04-28,Calaveras,009,45235,2090,2078,13,2091,50
2021-04-28,Colusa,011,21464,1924,1927,294,2221,14
2021-04-28,Contra Costa,013,1133247,68154,67539,1233,68772,795
2021-04-28,Del Norte,015,27424,1317,1267,11,1278,6
2021-04-28,El Dorado,017,186661,9975,9873,704,10577,107
2021-04-28,Fresno,019,978130,101563,101161,8649,109810,1666
2021-04-28,Glenn,021,27897,2380,2368,545,2913,17
2021-04-28,Humboldt,023,135768,3839,3796,31,3827,36
2021-04-28,Imperial,025,180216,28244,28177,2755,30932,720
2021-04-28,Inyo,027,18085,1398,1396,23,1419,36
2021-04-28,Kern,029,883053,96486,95494,10751,106245,1295
2021-04-28,Kings,031,150075,22953,22767,1099,23866,245
2021-04-28,Lake,033,64148,3454,3433,9,3442,43
2021-04-28,Lassen,035,31185,5167,5138,106,5244,1
2021-04-28,Los Angeles,037,10098052,1198812,1191729,41658,1233387,23858
2021-04-28,Madera,039,155013,16474,16372,932,17304,235
2021-04-28,Marin,041,260295,13921,13866,246,14112,227
2021-04-28,Mariposa,043,17540,417,415,12,427,5
2021-04-28,Mendocino,045,87422,3829,3770,71,3841,46
2021-04-28,Merced,047,269075,30674,30649,985,31634,443
2021-04-28,Modoc,049,8938,368,360,122,482,3
2021-04-28,Mono,051,14174,1237,1258,14,1272,3
2021-04-28,Monterey,053,433212,42884,42776,1885,44661,379
2021-04-28,Napa,055,140530,9786,9777,36,9813,81
2021-04-28,Nevada,057,99092,4673,4570,191,4761,70
2021-04-28,Orange,059,3164182,254384,252747,11245,263992,4931
2021-04-28,Placer,061,380077,22654,22115,1442,23557,285
2021-04-28,Plumas,063,18699,687,676,10,686,4
2021-04-28,Riverside,065,2383286,290652,286868,13927,300795,4407
2021-04-28,Sacramento,067,1510023,103403,102613,1685,104298,1591
2021-04-28,San Benito,069,59416,6018,6021,114,6135,63
2021-04-28,San Bernardino,071,2135413,291642,290548,9002,299550,4582
2021-04-28,San Diego,073,3302833,277544,275821,14427,290248,3698
2021-04-28,San Francisco,075,870044,36257,36382,1292,37674,534
2021-04-28,San Joaquin,077,732212,71894,71171,3503,74674,1301
2021-04-28,San Luis Obispo,079,281455,21043,20851,730,21581,255
2021-04-28,San Mateo,081,765935,41903,41498,457,41955,358
2021-04-28,Santa Barbara,083,443738,34644,34003,1205,35208,448
2021-04-28,Santa Clara,085,1922200,117415,117997,750,118747,1969
2021-04-28,Santa Cruz,087,273765,16080,15943,838,16781,205
2021-04-28,Shasta,089,179085,11840,11815,1476,13291,192
2021-04-28,Sierra,091,2930,55,51,13,64,0
2021-04-28,Siskiyou,093,43540,1744,1603,303,1906,11
2021-04-28,Solano,095,438530,32123,31982,501,32483,248
2021-04-28,Sonoma,097,501317,29642,29773,313,30086,318
2021-04-28,Stanislaus,099,539301,55093,54745,5894,60639,774
2021-04-28,Sutter,101,95872,9361,9343,84,9427,110
2021-04-28,Tehama,103,63373,4955,4930,569,5499,53
2021-04-28,Trinity,105,12862,454,326,78,404,3
2021-04-28,Tulare,107,460477,49545,48754,9011,57765,832
2021-04-28,Tuolumne,109,53932,4031,4029,36,4065,58
2021-04-28,Ventura,111,848112,80746,80172,2980,83152,1000
2021-04-28,Yolo,113,214977,13759,13721,288,14009,205
2021-04-28,Yuba,115,75493,5883,5857,120,5977,44
2021-04-27,Alameda,001,1643700,86597,86301,1934,88235,1260
2021-04-27,Alpine,003,1148,88,88,0,88,0
2021-04-27,Amador,005,37829,3649,3645,33,3678,46
2021-04-27,Butte,007,227075,12129,11738,1778,13516,196
2021-04-27,Calaveras,009,45235,2087,2076,13,2089,50
2021-04-27,Colusa,011,21464,1923,1926,294,2220,14
2021-04-27,Contra Costa,013,1133247,68085,67470,1229,68699,791
2021-04-27,Del Norte,015,27424,1305,1266,11,1277,6
2021-04-27,El Dorado,017,186661,9946,9866,701,10567,106
2021-04-27,Fresno,019,978130,101499,101138,8638,109776,1663
2021-04-27,Glenn,021,27897,2380,2368,545,2913,17
2021-04-27,Humboldt,023,135768,3827,3780,31,3811,35
2021-04-27,Imperial,025,180216,28228,28149,2749,30898,720
2021-04-27,Inyo,027,18085,1398,1396,23,1419,36
2021-04-27,Kern,029,883053,96429,95466,10740,106206,1295
2021-04-27,Kings,031,150075,22938,22759,1097,23856,244
2021-04-27,Lake,033,64148,3453,3431,9,3440,43
2021-04-27,Lassen,035,31185,5167,5137,106,5243,1
2021-04-27,Los Angeles,037,10098052,1198492,1191504,41628,1233132,23825
2021-04-27,Madera,039,155013,16467,16365,932,17297,235
2021-04-27,Marin,041,260295,13899,13855,246,14101,227
2021-04-27,Mariposa,043,17540,416,413,12,425,5
2021-04-27,Mendocino,045,87422,3825,3765,71,3836,46
2021-04-27,Merced,047,269075,30634,30620,985,31605,443
2021-04-27,Modoc,049,8938,367,360,122,482,3
2021-04-27,Mono,051,14174,1237,1257,14,1271,3
2021-04-27,Monterey,053,433212,42866,42752,1882,44634,379
2021-04-27,Napa,055,140530,9779,9774,34,9808,81
2021-04-27,Nevada,057,99092,4658,4557,191,4748,70
2021-04-27,Orange,059,3164182,254314,252667,11240,263907,4925
2021-04-27,Placer,061,380077,22623,22050,1439,23489,285
2021-04-27,Plumas,063,18699,686,675,10,685,4
2021-04-27,Riverside,065,2383286,290578,286820,13923,300743,4405
2021-04-27,Sacramento,067,1510023,103274,102595,1675,104270,1589
2021-04-27,San Benito,069,59416,6013,6016,114,6130,63
2021-04-27,San Bernardino,071,2135413,291574,290461,8997,299458,4575
2021-04-27,San Diego,073,3302833,277387,275685,14407,290092,3692
2021-04-27,San Francisco,075,870044,36229,36358,1291,37649,533
2021-04-27,San Joaquin,077,732212,71841,71104,3497,74601,1301
2021-04-27,San Luis Obispo,079,281455,21036,20841,730,21571,255
2021-04-27,San Mateo,081,765935,41868,41474,456,41930,358
2021-04-27,Santa Barbara,083,443738,34621,33973,1204,35177,448
2021-04-27,Santa Clara,085,1922200,117365,117945,749,118694,1969
2021-04-27,Santa Cruz,087,273765,16073,15905,837,16742,205
2021-04-27,Shasta,089,179085,11813,11802,1469,13271,192
2021-04-27,Sierra,091,2930,55,51,13,64,0
2021-04-27,Siskiyou,093,43540,1729,1597,302,1899,11
2021-04-27,Solano,095,438530,32075,31964,500,32464,248
2021-04-27,Sonoma,097,501317,29624,29761,312,30073,318
2021-04-27,Stanislaus,099,539301,55023,54695,5886,60581,752
2021-04-27,Sutter,101,95872,9356,9342,84,9426,110
2021-04-27,Tehama,103,63373,4952,4922,565,5487,53
2021-04-27,Trinity,105,12862,454,326,78,404,3
2021-04-27,Tulare,107,460477,49529,48744,9002,57746,832
2021-04-27,Tuolumne,109,53932,4028,4028,36,4064,58
2021-04-27,Ventura,111,848112,80717,80152,2978,83130,1000
2021-04-27,Yolo,113,214977,13746,13697,286,13983,205
2021-04-27,Yuba,115,75493,5883,5853,120,5973,44
2021-04-26,Alameda,001,1643700,86507,86230,1930,88160,1256
2021-04-26,Alpine,003,1148,88,88,0,88,0
2021-04-26,Amador,005,37829,3648,3645,33,3678,46
2021-04-26,Butte,007,227075,12105,11720,1774,13494,196
2021-04-26,Calaveras,009,45235,2078,2074,13,2087,50
2021-04-26,Colusa,011,21464,1923,1925,293,2218,14
2021-04-26,Contra Costa,013,1133247,68017,67392,1225,68617,789
2021-04-26,Del Norte,015,27424,1296,1263,11,1274,6
2021-04-26,El Dorado,017,186661,9925,9849,700,10549,106
2021-04-26,Fresno,019,978130,101444,101099,8625,109724,1662
2021-04-26,Glenn,021,27897,2378,2367,545,2912,17
2021-04-26,Humboldt,023,135768,3817,3764,30,3794,35
2021-04-26,Imperial,025,180216,28215,28148,2746,30894,720
2021-04-26,Inyo,027,18085,1397,1396,23,1419,36
2021-04-26,Kern,029,883053,96403,95429,10733,106162,1295
2021-04-26,Kings,031,150075,22935,22756,1094,23850,244
2021-04-26,Lake,033,64148,3448,3428,9,3437,43
2021-04-26,Lassen,035,31185,5167,5138,106,5244,1
2021-04-26,Los Angeles,037,10098052,1198167,1191253,41609,1232862,23802
2021-04-26,Madera,039,155013,16455,16353,931,17284,231
2021-04-26,Marin,041,260295,13884,13849,246,14095,227
2021-04-26,Mariposa,043,17540,415,410,12,422,5
2021-04-26,Mendocino,045,87422,3823,3757,71,3828,46
2021-04-26,Merced,047,269075,30617,30611,982,31593,443
2021-04-26,Modoc,049,8938,367,360,122,482,3
2021-04-26,Mono,051,14174,1237,1258,14,1272,3
2021-04-26,Monterey,053,433212,42850,42740,1881,44621,379
2021-04-26,Napa,055,140530,9767,9769,34,9803,79
2021-04-26,Nevada,057,99092,4637,4548,191,4739,70
2021-04-26,Orange,059,3164182,254229,252592,11229,263821,4919
2021-04-26,Placer,061,380077,22594,22032,1434,23466,285
2021-04-26,Plumas,063,18699,686,670,10,680,4
2021-04-26,Riverside,065,2383286,290517,286724,13915,300639,4401
2021-04-26,Sacramento,067,1510023,103102,102459,1662,104121,1587
2021-04-26,San Benito,069,59416,6011,6013,114,6127,63
2021-04-26,San Bernardino,071,2135413,291523,290394,8996,299390,4572
2021-04-26,San Diego,073,3302833,277213,275541,14379,289920,3692
2021-04-26,San Francisco,075,870044,36201,36330,1290,37620,532
2021-04-26,San Joaquin,077,732212,71775,71050,3489,74539,1301
2021-04-26,San Luis Obispo,079,281455,21028,20830,729,21559,255
2021-04-26,San Mateo,081,765935,41838,41457,456,41913,357
2021-04-26,Santa Barbara,083,443738,34590,33948,1204,35152,448
2021-04-26,Santa Clara,085,1922200,117266,117874,745,118619,1968
2021-04-26,Santa Cruz,087,273765,16064,15877,837,16714,205
2021-04-26,Shasta,089,179085,11796,11787,1463,13250,192
2021-04-26,Sierra,091,2930,54,51,13,64,0
2021-04-26,Siskiyou,093,43540,1719,1592,298,1890,11
2021-04-26,Solano,095,438530,32030,31913,498,32411,247
2021-04-26,Sonoma,097,501317,29601,29755,310,30065,318
2021-04-26,Stanislaus,099,539301,54933,54638,5880,60518,744
2021-04-26,Sutter,101,95872,9351,9328,84,9412,110
2021-04-26,Tehama,103,63373,4947,4920,562,5482,53
2021-04-26,Trinity,105,12862,454,326,78,404,3
2021-04-26,Tulare,107,460477,49509,48735,8993,57728,831
2021-04-26,Tuolumne,109,53932,4027,4024,36,4060,58
2021-04-26,Ventura,111,848112,80692,80137,2975,83112,999
2021-04-26,Yolo,113,214977,13726,13684,283,13967,205
2021-04-26,Yuba,115,75493,5881,5851,120,5971,44
2021-04-25,Alameda,001,1643700,86401,86162,1923,88085,1256
2021-04-25,Alpine,003,1148,88,87,0,87,0
2021-04-25,Amador,005,37829,3647,3643,33,3676,46
2021-04-25,Butte,007,227075,12076,11709,1767,13476,196
2021-04-25,Calaveras,009,45235,2072,2072,12,2084,50
2021-04-25,Colusa,011,21464,1922,1924,293,2217,14
2021-04-25,Contra Costa,013,1133247,67925,67316,1224,68540,789
2021-04-25,Del Norte,015,27424,1290,1259,11,1270,6
2021-04-25,El Dorado,017,186661,9909,9837,698,10535,106
2021-04-25,Fresno,019,978130,101385,101061,8613,109674,1662
2021-04-25,Glenn,021,27897,2378,2366,545,2911,17
2021-04-25,Humboldt,023,135768,3804,3751,30,3781,35
2021-04-25,Imperial,025,180216,28190,28136,2742,30878,720
2021-04-25,Inyo,027,18085,1397,1396,23,1419,36
2021-04-25,Kern,029,883053,96338,95398,10720,106118,1295
2021-04-25,Kings,031,150075,22921,22755,1092,23847,244
2021-04-25,Lake,033,64148,3446,3427,9,3436,43
2021-04-25,Lassen,035,31185,5165,5138,106,5244,1
2021-04-25,Los Angeles,037,10098052,1197834,1190970,41589,1232559,23799
2021-04-25,Madera,039,155013,16443,16346,931,17277,231
2021-04-25,Marin,041,260295,13875,13852,246,14098,227
2021-04-25,Mariposa,043,17540,415,410,12,422,5
2021-04-25,Mendocino,045,87422,3816,3757,71,3828,46
2021-04-25,Merced,047,269075,30582,30586,982,31568,443
2021-04-25,Modoc,049,8938,367,360,122,482,3
2021-04-25,Mono,051,14174,1237,1257,14,1271,3
2021-04-25,Monterey,053,433212,42837,42737,1879,44616,379
2021-04-25,Napa,055,140530,9762,9762,34,9796,79
2021-04-25,Nevada,057,99092,4625,4536,191,4727,70
2021-04-25,Orange,059,3164182,254152,252531,11222,263753,4919
2021-04-25,Placer,061,380077,22547,22011,1426,23437,285
2021-04-25,Plumas,063,18699,685,670,10,680,4
2021-04-25,Riverside,065,2383286,290423,286651,13909,300560,4401
2021-04-25,Sacramento,067,1510023,102934,102319,1652,103971,1587
2021-04-25,San Benito,069,59416,6009,6014,113,6127,63
2021-04-25,San Bernardino,071,2135413,291448,290357,8988,299345,4571
2021-04-25,San Diego,073,3302833,277000,275412,14346,289758,3692
2021-04-25,San Francisco,075,870044,36170,36310,1290,37600,532
2021-04-25,San Joaquin,077,732212,71680,70987,3479,74466,1301
2021-04-25,San Luis Obispo,079,281455,21009,20820,727,21547,255
2021-04-25,San Mateo,081,765935,41803,41465,455,41920,356
2021-04-25,Santa Barbara,083,443738,34564,33931,1204,35135,448
2021-04-25,Santa Clara,085,1922200,117187,117778,743,118521,1968
2021-04-25,Santa Cruz,087,273765,16058,15868,835,16703,205
2021-04-25,Shasta,089,179085,11773,11784,1458,13242,192
2021-04-25,Sierra,091,2930,54,51,13,64,0
2021-04-25,Siskiyou,093,43540,1708,1580,296,1876,11
2021-04-25,Solano,095,438530,31983,31864,490,32354,247
2021-04-25,Sonoma,097,501317,29583,29756,310,30066,318
2021-04-25,Stanislaus,099,539301,54837,54543,5872,60415,744
2021-04-25,Sutter,101,95872,9345,9326,84,9410,110
2021-04-25,Tehama,103,63373,4943,4916,560,5476,53
2021-04-25,Trinity,105,12862,454,326,78,404,3
2021-04-25,Tulare,107,460477,49494,48728,8979,57707,831
2021-04-25,Tuolumne,109,53932,4025,4022,36,4058,58
2021-04-25,Ventura,111,848112,80668,80110,2975,83085,999
2021-04-25,Yolo,113,214977,13704,13667,281,13948,205
2021-04-25,Yuba,115,75493,5878,5849,119,5968,44
2021-04-24,Alameda,001,1643700,86347,86016,1921,87937,1257
2021-04-24,Alpine,003,1148,88,86,0,86,0
2021-04-24,Amador,005,37829,3646,3640,33,3673,46
2021-04-24,Butte,007,227075,12060,11678,1765,13443,196
2021-04-24,Calaveras,009,45235,2069,2067,12,2079,50
2021-04-24,Colusa,011,21464,1921,1921,293,2214,14
2021-04-24,Contra Costa,013,1133247,67856,67222,1222,68444,789
2021-04-24,Del Norte,015,27424,1285,1255,11,1266,6
2021-04-24,El Dorado,017,186661,9898,9814,697,10511,106
2021-04-24,Fresno,019,978130,101354,100991,8607,109598,1662
2021-04-24,Glenn,021,27897,2378,2363,545,2908,17
2021-04-24,Humboldt,023,135768,3790,3722,30,3752,35
2021-04-24,Imperial,025,180216,28183,28124,2741,30865,720
2021-04-24,Inyo,027,18085,1396,1396,23,1419,36
2021-04-24,Kern,029,883053,96319,95365,10710,106075,1295
2021-04-24,Kings,031,150075,22918,22749,1092,23841,244
2021-04-24,Lake,033,64148,3445,3426,9,3435,43
2021-04-24,Lassen,035,31185,5164,5137,106,5243,1
2021-04-24,Los Angeles,037,10098052,1197610,1190603,41572,1232175,23802
2021-04-24,Madera,039,155013,16440,16338,931,17269,231
2021-04-24,Marin,041,260295,13867,13847,246,14093,227
2021-04-24,Mariposa,043,17540,415,409,12,421,5
2021-04-24,Mendocino,045,87422,3814,3754,70,3824,46
2021-04-24,Merced,047,269075,30562,30559,982,31541,443
2021-04-24,Modoc,049,8938,367,360,122,482,3
2021-04-24,Mono,051,14174,1237,1256,14,1270,3
2021-04-24,Monterey,053,433212,42825,42727,1878,44605,379
2021-04-24,Napa,055,140530,9756,9756,34,9790,79
2021-04-24,Nevada,057,99092,4618,4522,191,4713,70
2021-04-24,Orange,059,3164182,254108,252441,11216,263657,4910
2021-04-24,Placer,061,380077,22535,21983,1425,23408,285
2021-04-24,Plumas,063,18699,684,670,10,680,4
2021-04-24,Riverside,065,2383286,290355,286552,13905,300457,4400
2021-04-24,Sacramento,067,1510023,102851,102179,1645,103824,1587
2021-04-24,San Benito,069,59416,6007,6007,113,6120,63
2021-04-24,San Bernardino,071,2135413,291399,290264,8987,299251,4568
2021-04-24,San Diego,073,3302833,276896,275252,14326,289578,3688
2021-04-24,San Francisco,075,870044,36141,36285,1286,37571,532
2021-04-24,San Joaquin,077,732212,71636,70911,3476,74387,1301
2021-04-24,San Luis Obispo,079,281455,20999,20797,726,21523,255
2021-04-24,San Mateo,081,765935,41790,41424,453,41877,355
2021-04-24,Santa Barbara,083,443738,34549,33911,1203,35114,448
2021-04-24,Santa Clara,085,1922200,117132,117674,741,118415,1968
2021-04-24,Santa Cruz,087,273765,16050,15840,835,16675,205
2021-04-24,Shasta,089,179085,11755,11770,1455,13225,192
2021-04-24,Sierra,091,2930,54,51,13,64,0
2021-04-24,Siskiyou,093,43540,1698,1574,295,1869,11
2021-04-24,Solano,095,438530,31960,31821,487,32308,247
2021-04-24,Sonoma,097,501317,29581,29739,310,30049,318
2021-04-24,Stanislaus,099,539301,54788,54455,5869,60324,744
2021-04-24,Sutter,101,95872,9342,9316,84,9400,110
2021-04-24,Tehama,103,63373,4938,4907,560,5467,53
2021-04-24,Trinity,105,12862,454,326,78,404,3
2021-04-24,Tulare,107,460477,49483,48705,8969,57674,830
2021-04-24,Tuolumne,109,53932,4021,4020,36,4056,58
2021-04-24,Ventura,111,848112,80655,80097,2973,83070,999
2021-04-24,Yolo,113,214977,13693,13653,281,13934,205
2021-04-24,Yuba,115,75493,5876,5837,119,5956,44
2021-04-23,Alameda,001,1643700,86276,85935,1919,87854,1256
2021-04-23,Alpine,003,1148,87,86,0,86,0
2021-04-23,Amador,005,37829,3645,3637,33,3670,46
2021-04-23,Butte,007,227075,12039,11672,1760,13432,196
2021-04-23,Calaveras,009,45235,2067,2064,12,2076,50
2021-04-23,Colusa,011,21464,1920,1921,293,2214,14
2021-04-23,Contra Costa,013,1133247,67801,67164,1219,68383,785
2021-04-23,Del Norte,015,27424,1284,1254,11,1265,6
2021-04-23,El Dorado,017,186661,9881,9788,694,10482,106
2021-04-23,Fresno,019,978130,101313,100928,8601,109529,1662
2021-04-23,Glenn,021,27897,2378,2361,544,2905,17
2021-04-23,Humboldt,023,135768,3779,3698,30,3728,35
2021-04-23,Imperial,025,180216,28168,28108,2740,30848,720
2021-04-23,Inyo,027,18085,1396,1395,23,1418,36
2021-04-23,Kern,029,883053,96294,95330,10704,106034,1295
2021-04-23,Kings,031,150075,22915,22735,1092,23827,244
2021-04-23,Lake,033,64148,3443,3425,9,3434,43
2021-04-23,Lassen,035,31185,5164,5141,106,5247,1
2021-04-23,Los Angeles,037,10098052,1197347,1190264,41546,1231810,23785
2021-04-23,Madera,039,155013,16431,16328,931,17259,231
2021-04-23,Marin,041,260295,13862,13838,246,14084,227
2021-04-23,Mariposa,043,17540,414,405,12,417,5
2021-04-23,Mendocino,045,87422,3812,3745,69,3814,46
2021-04-23,Merced,047,269075,30544,30530,982,31512,443
2021-04-23,Modoc,049,8938,367,360,122,482,3
2021-04-23,Mono,051,14174,1235,1256,14,1270,3
2021-04-23,Monterey,053,433212,42819,42722,1878,44600,377
2021-04-23,Napa,055,140530,9750,9752,34,9786,79
2021-04-23,Nevada,057,99092,4609,4510,191,4701,70
2021-04-23,Orange,059,3164182,254064,252399,11209,263608,4904
2021-04-23,Placer,061,380077,22512,21959,1424,23383,282
2021-04-23,Plumas,063,18699,683,670,10,680,4
2021-04-23,Riverside,065,2383286,290297,286456,13900,300356,4399
2021-04-23,Sacramento,067,1510023,102764,102041,1642,103683,1586
2021-04-23,San Benito,069,59416,6005,6005,113,6118,63
2021-04-23,San Bernardino,071,2135413,291348,290189,8986,299175,4568
2021-04-23,San Diego,073,3302833,276758,275097,14303,289400,3684
2021-04-23,San Francisco,075,870044,36124,36252,1285,37537,532
2021-04-23,San Joaquin,077,732212,71580,70840,3473,74313,1295
2021-04-23,San Luis Obispo,079,281455,20990,20781,725,21506,255
2021-04-23,San Mateo,081,765935,41763,41386,453,41839,355
2021-04-23,Santa Barbara,083,443738,34539,33895,1201,35096,447
2021-04-23,Santa Clara,085,1922200,117071,117593,740,118333,1965
2021-04-23,Santa Cruz,087,273765,16043,15802,835,16637,205
2021-04-23,Shasta,089,179085,11748,11759,1454,13213,192
2021-04-23,Sierra,091,2930,54,51,13,64,0
2021-04-23,Siskiyou,093,43540,1686,1567,294,1861,11
2021-04-23,Solano,095,438530,31928,31784,483,32267,247
2021-04-23,Sonoma,097,501317,29568,29727,310,30037,318
2021-04-23,Stanislaus,099,539301,54725,54391,5861,60252,744
2021-04-23,Sutter,101,95872,9340,9312,84,9396,110
2021-04-23,Tehama,103,63373,4935,4906,560,5466,53
2021-04-23,Trinity,105,12862,454,326,78,404,3
2021-04-23,Tulare,107,460477,49466,48694,8961,57655,829
2021-04-23,Tuolumne,109,53932,4020,4020,36,4056,58
2021-04-23,Ventura,111,848112,80636,80095,2973,83068,996
2021-04-23,Yolo,113,214977,13682,13647,280,13927,205
2021-04-23,Yuba,115,75493,5873,5828,119,5947,44
2021-04-22,Alameda,001,1643700,86185,85829,1918,87747,1253
2021-04-22,Alpine,003,1148,87,86,0,86,0
2021-04-22,Amador,005,37829,3644,3633,33,3666,46
2021-04-22,Butte,007,227075,12025,11656,1757,13413,196
2021-04-22,Calaveras,009,45235,2065,2059,12,2071,50
2021-04-22,Colusa,011,21464,1918,1920,291,2211,14
2021-04-22,Contra Costa,013,1133247,67729,67029,1214,68243,782
2021-04-22,Del Norte,015,27424,1279,1252,11,1263,6
2021-04-22,El Dorado,017,186661,9870,9773,691,10464,106
2021-04-22,Fresno,019,978130,101269,100864,8590,109454,1657
2021-04-22,Glenn,021,27897,2377,2361,544,2905,17
2021-04-22,Humboldt,023,135768,3770,3680,30,3710,35
2021-04-22,Imperial,025,180216,28147,28096,2737,30833,720
2021-04-22,Inyo,027,18085,1395,1394,23,1417,36
2021-04-22,Kern,029,883053,96251,95292,10689,105981,1299
2021-04-22,Kings,031,150075,22905,22725,1092,23817,243
2021-04-22,Lake,033,64148,3441,3423,9,3432,43
2021-04-22,Lassen,035,31185,5164,5155,106,5261,1
2021-04-22,Los Angeles,037,10098052,1197029,1189878,41524,1231402,23762
2021-04-22,Madera,039,155013,16412,16316,931,17247,231
2021-04-22,Marin,041,260295,13854,13832,246,14078,227
2021-04-22,Mariposa,043,17540,413,403,12,415,5
2021-04-22,Mendocino,045,87422,3806,3729,69,3798,46
2021-04-22,Merced,047,269075,30509,30490,981,31471,443
2021-04-22,Modoc,049,8938,367,360,122,482,3
2021-04-22,Mono,051,14174,1235,1254,14,1268,3
2021-04-22,Monterey,053,433212,42812,42708,1876,44584,377
2021-04-22,Napa,055,140530,9740,9734,34,9768,79
2021-04-22,Nevada,057,99092,4599,4504,189,4693,70
2021-04-22,Orange,059,3164182,253992,252307,11197,263504,4898
2021-04-22,Placer,061,380077,22482,21916,1420,23336,282
2021-04-22,Plumas,063,18699,682,670,10,680,4
2021-04-22,Riverside,065,2383286,290204,286362,13891,300253,4398
2021-04-22,Sacramento,067,1510023,102615,101870,1633,103503,1585
2021-04-22,San Benito,069,59416,6001,5998,113,6111,63
2021-04-22,San Bernardino,071,2135413,291277,290125,8977,299102,4571
2021-04-22,San Diego,073,3302833,276592,275913,14281,290194,3684
2021-04-22,San Francisco,075,870044,36102,36218,1282,37500,532
2021-04-22,San Joaquin,077,732212,71521,70751,3466,74217,1295
2021-04-22,San Luis Obispo,079,281455,20976,20761,725,21486,255
2021-04-22,San Mateo,081,765935,41736,41345,451,41796,355
2021-04-22,Santa Barbara,083,443738,34516,33870,1200,35070,446
2021-04-22,Santa Clara,085,1922200,116983,117457,736,118193,1954
2021-04-22,Santa Cruz,087,273765,16040,15737,834,16571,205
2021-04-22,Shasta,089,179085,11733,11738,1451,13189,192
2021-04-22,Sierra,091,2930,54,51,13,64,0
2021-04-22,Siskiyou,093,43540,1682,1564,293,1857,11
2021-04-22,Solano,095,438530,31882,31731,480,32211,247
2021-04-22,Sonoma,097,501317,29553,29705,306,30011,318
2021-04-22,Stanislaus,099,539301,54652,54313,5855,60168,744
2021-04-22,Sutter,101,95872,9336,9302,84,9386,110
2021-04-22,Tehama,103,63373,4929,4896,556,5452,53
2021-04-22,Trinity,105,12862,454,326,78,404,3
2021-04-22,Tulare,107,460477,49447,48669,8951,57620,828
2021-04-22,Tuolumne,109,53932,4016,4020,36,4056,58
2021-04-22,Ventura,111,848112,80611,80073,2971,83044,996
2021-04-22,Yolo,113,214977,13661,13616,280,13896,205
2021-04-22,Yuba,115,75493,5863,5825,119,5944,44
2021-04-21,Alameda,001,1643700,86104,85762,1916,87678,1249
2021-04-21,Alpine,003,1148,87,86,0,86,0
2021-04-21,Amador,005,37829,3641,3632,33,3665,46
2021-04-21,Butte,007,227075,12005,11643,1755,13398,196
2021-04-21,Calaveras,009,45235,2055,2057,12,2069,50
2021-04-21,Colusa,011,21464,1916,1920,290,2210,14
2021-04-21,Contra Costa,013,1133247,67663,66981,1213,68194,782
2021-04-21,Del Norte,015,27424,1275,1252,11,1263,6
2021-04-21,El Dorado,017,186661,9853,9760,689,10449,106
2021-04-21,Fresno,019,978130,101213,100838,8584,109422,1654
2021-04-21,Glenn,021,27897,2376,2361,544,2905,17
2021-04-21,Humboldt,023,135768,3750,3642,30,3672,35
2021-04-21,Imperial,025,180216,28135,28052,2736,30788,719
2021-04-21,Inyo,027,18085,1395,1392,23,1415,36
2021-04-21,Kern,029,883053,96205,95257,10679,105936,1297
2021-04-21,Kings,031,150075,22898,22713,1091,23804,243
2021-04-21,Lake,033,64148,3438,3421,9,3430,43
2021-04-21,Lassen,035,31185,5163,5156,106,5262,1
2021-04-21,Los Angeles,037,10098052,1196691,1189530,41502,1231032,23729
2021-04-21,Madera,039,155013,16407,16309,931,17240,231
2021-04-21,Marin,041,260295,13839,13822,246,14068,227
2021-04-21,Mariposa,043,17540,412,402,12,414,5
2021-04-21,Mendocino,045,87422,3804,3729,69,3798,46
2021-04-21,Merced,047,269075,30488,30471,980,31451,442
2021-04-21,Modoc,049,8938,367,360,122,482,3
2021-04-21,Mono,051,14174,1235,1254,14,1268,3
2021-04-21,Monterey,053,433212,42797,42699,1874,44573,377
2021-04-21,Napa,055,140530,9734,9727,34,9761,79
2021-04-21,Nevada,057,99092,4585,4499,189,4688,70
2021-04-21,Orange,059,3164182,253917,252243,11184,263427,4889
2021-04-21,Placer,061,380077,22451,21896,1415,23311,282
2021-04-21,Plumas,063,18699,682,670,10,680,4
2021-04-21,Riverside,065,2383286,290112,286299,13884,300183,4388
2021-04-21,Sacramento,067,1510023,102486,101803,1627,103430,1579
2021-04-21,San Benito,069,59416,5998,5998,113,6111,63
2021-04-21,San Bernardino,071,2135413,291203,290049,8975,299024,4572
2021-04-21,San Diego,073,3302833,276383,275632,14243,289875,3681
2021-04-21,San Francisco,075,870044,36082,36194,1281,37475,529
2021-04-21,San Joaquin,077,732212,71466,70687,3456,74143,1295
2021-04-21,San Luis Obispo,079,281455,20961,20724,724,21448,255
2021-04-21,San Mateo,081,765935,41704,41318,450,41768,355
2021-04-21,Santa Barbara,083,443738,34497,33830,1199,35029,445
2021-04-21,Santa Clara,085,1922200,116905,117318,730,118048,1946
2021-04-21,Santa Cruz,087,273765,16031,15698,834,16532,204
2021-04-21,Shasta,089,179085,11714,11722,1449,13171,192
2021-04-21,Sierra,091,2930,54,51,13,64,0
2021-04-21,Siskiyou,093,43540,1675,1557,293,1850,11
2021-04-21,Solano,095,438530,31843,31712,479,32191,244
2021-04-21,Sonoma,097,501317,29541,29697,304,30001,318
2021-04-21,Stanislaus,099,539301,54591,54290,5849,60139,742
2021-04-21,Sutter,101,95872,9328,9297,84,9381,110
2021-04-21,Tehama,103,63373,4922,4893,555,5448,53
2021-04-21,Trinity,105,12862,454,326,78,404,3
2021-04-21,Tulare,107,460477,49432,48653,8938,57591,828
2021-04-21,Tuolumne,109,53932,4013,4019,36,4055,58
2021-04-21,Ventura,111,848112,80579,80039,2968,83007,996
2021-04-21,Yolo,113,214977,13641,13606,279,13885,200
2021-04-21,Yuba,115,75493,5856,5822,118,5940,44
2021-04-20,Alameda,001,1643700,86012,85652,1914,87566,1248
2021-04-20,Alpine,003,1148,86,85,0,85,0
2021-04-20,Amador,005,37829,3640,3631,33,3664,46
2021-04-20,Butte,007,227075,11986,11619,1753,13372,196
2021-04-20,Calaveras,009,45235,2053,2053,12,2065,50
2021-04-20,Colusa,011,21464,1916,1915,289,2204,14
2021-04-20,Contra Costa,013,1133247,67579,66889,1210,68099,782
2021-04-20,Del Norte,015,27424,1274,1250,11,1261,6
2021-04-20,El Dorado,017,186661,9825,9743,687,10430,106
2021-04-20,Fresno,019,978130,101155,100768,8574,109342,1650
2021-04-20,Glenn,021,27897,2374,2359,543,2902,17
2021-04-20,Humboldt,023,135768,3730,3612,30,3642,35
2021-04-20,Imperial,025,180216,28116,28024,2733,30757,719
2021-04-20,Inyo,027,18085,1395,1393,23,1416,36
2021-04-20,Kern,029,883053,96169,95223,10662,105885,1295
2021-04-20,Kings,031,150075,22892,22693,1088,23781,243
2021-04-20,Lake,033,64148,3436,3418,9,3427,43
2021-04-20,Lassen,035,31185,5163,5155,106,5261,1
2021-04-20,Los Angeles,037,10098052,1196347,1189256,41473,1230729,23694
2021-04-20,Madera,039,155013,16401,16301,931,17232,231
2021-04-20,Marin,041,260295,13825,13807,246,14053,227
2021-04-20,Mariposa,043,17540,411,402,12,414,5
2021-04-20,Mendocino,045,87422,3803,3726,69,3795,46
2021-04-20,Merced,047,269075,30460,30439,980,31419,441
2021-04-20,Modoc,049,8938,367,359,122,481,3
2021-04-20,Mono,051,14174,1234,1254,14,1268,3
2021-04-20,Monterey,053,433212,42786,42663,1871,44534,363
2021-04-20,Napa,055,140530,9730,9711,34,9745,79
2021-04-20,Nevada,057,99092,4567,4485,189,4674,70
2021-04-20,Orange,059,3164182,253827,252134,11172,263306,4887
2021-04-20,Placer,061,380077,22417,21846,1411,23257,282
2021-04-20,Plumas,063,18699,681,670,10,680,4
2021-04-20,Riverside,065,2383286,290018,286194,13879,300073,4388
2021-04-20,Sacramento,067,1510023,102348,101629,1618,103247,1574
2021-04-20,San Benito,069,59416,5995,5988,113,6101,63
2021-04-20,San Bernardino,071,2135413,291123,289905,8973,298878,4569
2021-04-20,San Diego,073,3302833,276153,275369,14210,289579,3674
2021-04-20,San Francisco,075,870044,36063,36117,1280,37397,529
2021-04-20,San Joaquin,077,732212,71393,70590,3447,74037,1289
2021-04-20,San Luis Obispo,079,281455,20938,20691,716,21407,254
2021-04-20,San Mateo,081,765935,41673,41251,450,41701,355
2021-04-20,Santa Barbara,083,443738,34479,33803,1199,35002,445
2021-04-20,Santa Clara,085,1922200,116806,117228,726,117954,1944
2021-04-20,Santa Cruz,087,273765,16019,15647,834,16481,204
2021-04-20,Shasta,089,179085,11698,11677,1446,13123,189
2021-04-20,Sierra,091,2930,54,51,13,64,0
2021-04-20,Siskiyou,093,43540,1667,1551,292,1843,10
2021-04-20,Solano,095,438530,31788,31673,475,32148,243
2021-04-20,Sonoma,097,501317,29532,29676,302,29978,311
2021-04-20,Stanislaus,099,539301,54526,54236,5836,60072,735
2021-04-20,Sutter,101,95872,9324,9279,84,9363,109
2021-04-20,Tehama,103,63373,4917,4887,554,5441,52
2021-04-20,Trinity,105,12862,454,326,78,404,3
2021-04-20,Tulare,107,460477,49410,48650,8929,57579,831
2021-04-20,Tuolumne,109,53932,4013,4014,36,4050,58
2021-04-20,Ventura,111,848112,80551,80018,2966,82984,995
2021-04-20,Yolo,113,214977,13622,13581,277,13858,200
2021-04-20,Yuba,115,75493,5846,5814,118,5932,44
2021-04-19,Alameda,001,1643700,85890,85583,1911,87494,1247
2021-04-19,Alpine,003,1148,86,85,0,85,0
2021-04-19,Amador,005,37829,3639,3629,33,3662,46
2021-04-19,Butte,007,227075,11967,11601,1748,13349,196
2021-04-19,Calaveras,009,45235,2050,2050,12,2062,50
2021-04-19,Colusa,011,21464,1916,1913,288,2201,14
2021-04-19,Contra Costa,013,1133247,67501,66833,1208,68041,782
2021-04-19,Del Norte,015,27424,1272,1247,11,1258,6
2021-04-19,El Dorado,017,186661,9809,9726,682,10408,106
2021-04-19,Fresno,019,978130,101087,100702,8561,109263,1646
2021-04-19,Glenn,021,27897,2374,2358,542,2900,17
2021-04-19,Humboldt,023,135768,3710,3602,28,3630,35
2021-04-19,Imperial,025,180216,28095,27995,2733,30728,719
2021-04-19,Inyo,027,18085,1395,1392,23,1415,36
2021-04-19,Kern,029,883053,96139,95162,10647,105809,1290
2021-04-19,Kings,031,150075,22876,22688,1088,23776,243
2021-04-19,Lake,033,64148,3435,3416,9,3425,43
2021-04-19,Lassen,035,31185,5162,5156,106,5262,1
2021-04-19,Los Angeles,037,10098052,1195970,1188945,41448,1230393,23666
2021-04-19,Madera,039,155013,16390,16289,930,17219,231
2021-04-19,Marin,041,260295,13814,13804,245,14049,226
2021-04-19,Mariposa,043,17540,410,401,12,413,5
2021-04-19,Mendocino,045,87422,3801,3722,69,3791,46
2021-04-19,Merced,047,269075,30431,30422,979,31401,441
2021-04-19,Modoc,049,8938,367,359,122,481,3
2021-04-19,Mono,051,14174,1233,1254,14,1268,3
2021-04-19,Monterey,053,433212,42773,42642,1866,44508,356
2021-04-19,Napa,055,140530,9722,9680,34,9714,79
2021-04-19,Nevada,057,99092,4551,4477,189,4666,70
2021-04-19,Orange,059,3164182,253709,252013,11158,263171,4883
2021-04-19,Placer,061,380077,22394,21814,1407,23221,282
2021-04-19,Plumas,063,18699,681,665,10,675,4
2021-04-19,Riverside,065,2383286,289925,286087,13870,299957,4371
2021-04-19,Sacramento,067,1510023,102213,101482,1608,103090,1572
2021-04-19,San Benito,069,59416,5987,5989,113,6102,63
2021-04-19,San Bernardino,071,2135413,291038,289738,8967,298705,4561
2021-04-19,San Diego,073,3302833,275905,275113,14177,289290,3674
2021-04-19,San Francisco,075,870044,36028,36094,1277,37371,529
2021-04-19,San Joaquin,077,732212,71314,70514,3439,73953,1289
2021-04-19,San Luis Obispo,079,281455,20912,20669,710,21379,254
2021-04-19,San Mateo,081,765935,41640,41226,449,41675,355
2021-04-19,Santa Barbara,083,443738,34464,33786,1199,34985,446
2021-04-19,Santa Clara,085,1922200,116695,117099,722,117821,1944
2021-04-19,Santa Cruz,087,273765,16007,15600,834,16434,204
2021-04-19,Shasta,089,179085,11683,11662,1438,13100,189
2021-04-19,Sierra,091,2930,54,51,13,64,0
2021-04-19,Siskiyou,093,43540,1657,1544,292,1836,10
2021-04-19,Solano,095,438530,31750,31643,470,32113,239
2021-04-19,Sonoma,097,501317,29513,29667,302,29969,311
2021-04-19,Stanislaus,099,539301,54450,54179,5832,60011,728
2021-04-19,Sutter,101,95872,9313,9269,84,9353,109
2021-04-19,Tehama,103,63373,4912,4878,554,5432,52
2021-04-19,Trinity,105,12862,454,326,77,403,3
2021-04-19,Tulare,107,460477,49394,48630,8916,57546,831
2021-04-19,Tuolumne,109,53932,4012,4010,36,4046,58
2021-04-19,Ventura,111,848112,80525,80000,2964,82964,996
2021-04-19,Yolo,113,214977,13610,13572,274,13846,200
2021-04-19,Yuba,115,75493,5839,5804,117,5921,44
2021-04-18,Alameda,001,1643700,85777,85481,1903,87384,1247
2021-04-18,Alpine,003,1148,86,85,0,85,0
2021-04-18,Amador,005,37829,3636,3627,33,3660,46
2021-04-18,Butte,007,227075,11949,11591,1743,13334,196
2021-04-18,Calaveras,009,45235,2046,2047,12,2059,50
2021-04-18,Colusa,011,21464,1912,1912,287,2199,14
2021-04-18,Contra Costa,013,1133247,67396,66750,1204,67954,782
2021-04-18,Del Norte,015,27424,1272,1240,11,1251,6
2021-04-18,El Dorado,017,186661,9786,9710,680,10390,106
2021-04-18,Fresno,019,978130,101029,100621,8556,109177,1646
2021-04-18,Glenn,021,27897,2369,2358,542,2900,17
2021-04-18,Humboldt,023,135768,3682,3590,28,3618,35
2021-04-18,Imperial,025,180216,28080,27991,2728,30719,719
2021-04-18,Inyo,027,18085,1394,1392,23,1415,36
2021-04-18,Kern,029,883053,96103,95129,10631,105760,1290
2021-04-18,Kings,031,150075,22867,22685,1088,23773,243
2021-04-18,Lake,033,64148,3434,3413,9,3422,43
2021-04-18,Lassen,035,31185,5159,5156,106,5262,1
2021-04-18,Los Angeles,037,10098052,1195514,1188620,41425,1230045,23648
2021-04-18,Madera,039,155013,16379,16277,929,17206,231
2021-04-18,Marin,041,260295,13807,13801,244,14045,226
2021-04-18,Mariposa,043,17540,409,400,11,411,5
2021-04-18,Mendocino,045,87422,3798,3722,69,3791,46
2021-04-18,Merced,047,269075,30394,30405,977,31382,441
2021-04-18,Modoc,049,8938,367,359,122,481,3
2021-04-18,Mono,051,14174,1233,1254,14,1268,3
2021-04-18,Monterey,053,433212,42761,42638,1865,44503,356
2021-04-18,Napa,055,140530,9706,9674,34,9708,79
2021-04-18,Nevada,057,99092,4536,4464,189,4653,70
2021-04-18,Orange,059,3164182,253594,251940,11150,263090,4883
2021-04-18,Placer,061,380077,22350,21783,1401,23184,282
2021-04-18,Plumas,063,18699,680,665,10,675,4
2021-04-18,Riverside,065,2383286,289835,286043,13866,299909,4371
2021-04-18,Sacramento,067,1510023,102037,101354,1602,102956,1572
2021-04-18,San Benito,069,59416,5985,5989,113,6102,63
2021-04-18,San Bernardino,071,2135413,290945,289691,8958,298649,4556
2021-04-18,San Diego,073,3302833,275626,274961,14142,289103,3674
2021-04-18,San Francisco,075,870044,35992,36073,1273,37346,525
2021-04-18,San Joaquin,077,732212,71233,70466,3430,73896,1289
2021-04-18,San Luis Obispo,079,281455,20890,20656,704,21360,254
2021-04-18,San Mateo,081,765935,41611,41201,448,41649,352
2021-04-18,Santa Barbara,083,443738,34429,33769,1198,34967,446
2021-04-18,Santa Clara,085,1922200,116542,116996,704,117700,1944
2021-04-18,Santa Cruz,087,273765,15997,15580,833,16413,204
2021-04-18,Shasta,089,179085,11662,11658,1435,13093,189
2021-04-18,Sierra,091,2930,54,51,13,64,0
2021-04-18,Siskiyou,093,43540,1646,1538,290,1828,10
2021-04-18,Solano,095,438530,31700,31606,469,32075,239
2021-04-18,Sonoma,097,501317,29497,29660,300,29960,311
2021-04-18,Stanislaus,099,539301,54368,54132,5825,59957,728
2021-04-18,Sutter,101,95872,9299,9261,84,9345,109
2021-04-18,Tehama,103,63373,4903,4877,553,5430,52
2021-04-18,Trinity,105,12862,454,326,77,403,3
2021-04-18,Tulare,107,460477,49382,48618,8910,57528,829
2021-04-18,Tuolumne,109,53932,4011,4008,35,4043,58
2021-04-18,Ventura,111,848112,80495,79984,2960,82944,996
2021-04-18,Yolo,113,214977,13598,13562,272,13834,200
2021-04-18,Yuba,115,75493,5832,5804,117,5921,44
2021-04-17,Alameda,001,1643700,85704,85367,1899,87266,1247
2021-04-17,Alpine,003,1148,86,85,0,85,0
2021-04-17,Amador,005,37829,3634,3625,33,3658,46
2021-04-17,Butte,007,227075,11929,11573,1739,13312,196
2021-04-17,Calaveras,009,45235,2044,2045,12,2057,50
2021-04-17,Colusa,011,21464,1912,1912,287,2199,14
2021-04-17,Contra Costa,013,1133247,67348,66657,1196,67853,782
2021-04-17,Del Norte,015,27424,1272,1238,11,1249,6
2021-04-17,El Dorado,017,186661,9771,9692,677,10369,106
2021-04-17,Fresno,019,978130,100996,100562,8550,109112,1646
2021-04-17,Glenn,021,27897,2369,2357,542,2899,17
2021-04-17,Humboldt,023,135768,3659,3579,28,3607,35
2021-04-17,Imperial,025,180216,28069,27987,2727,30714,719
2021-04-17,Inyo,027,18085,1391,1392,23,1415,36
2021-04-17,Kern,029,883053,96085,95102,10627,105729,1290
2021-04-17,Kings,031,150075,22862,22678,1087,23765,243
2021-04-17,Lake,033,64148,3433,3409,9,3418,43
2021-04-17,Lassen,035,31185,5159,5154,106,5260,1
2021-04-17,Los Angeles,037,10098052,1195259,1188262,41392,1229654,23653
2021-04-17,Madera,039,155013,16375,16260,928,17188,231
2021-04-17,Marin,041,260295,13803,13797,244,14041,226
2021-04-17,Mariposa,043,17540,408,398,11,409,5
2021-04-17,Mendocino,045,87422,3795,3721,69,3790,46
2021-04-17,Merced,047,269075,30379,30392,975,31367,441
2021-04-17,Modoc,049,8938,367,357,122,479,3
2021-04-17,Mono,051,14174,1233,1253,14,1267,3
2021-04-17,Monterey,053,433212,42752,42630,1863,44493,356
2021-04-17,Napa,055,140530,9702,9666,34,9700,79
2021-04-17,Nevada,057,99092,4528,4457,189,4646,70
2021-04-17,Orange,059,3164182,253525,251873,11138,263011,4878
2021-04-17,Placer,061,380077,22327,21736,1396,23132,282
2021-04-17,Plumas,063,18699,679,666,10,676,4
2021-04-17,Riverside,065,2383286,289766,285963,13858,299821,4371
2021-04-17,Sacramento,067,1510023,101927,101172,1591,102763,1572
2021-04-17,San Benito,069,59416,5979,5986,113,6099,63
2021-04-17,San Bernardino,071,2135413,290890,289624,8955,298579,4555
2021-04-17,San Diego,073,3302833,275479,274812,14108,288920,3674
2021-04-17,San Francisco,075,870044,35971,36032,1270,37302,523
2021-04-17,San Joaquin,077,732212,71193,70372,3420,73792,1288
2021-04-17,San Luis Obispo,079,281455,20877,20642,701,21343,254
2021-04-17,San Mateo,081,765935,41588,41157,448,41605,352
2021-04-17,Santa Barbara,083,443738,34398,33738,1196,34934,446
2021-04-17,Santa Clara,085,1922200,116450,116887,702,117589,1944
2021-04-17,Santa Cruz,087,273765,15991,15571,833,16404,204
2021-04-17,Shasta,089,179085,11647,11647,1434,13081,189
2021-04-17,Sierra,091,2930,54,51,13,64,0
2021-04-17,Siskiyou,093,43540,1641,1539,289,1828,10
2021-04-17,Solano,095,438530,31669,31541,466,32007,239
2021-04-17,Sonoma,097,501317,29490,29637,300,29937,311
2021-04-17,Stanislaus,099,539301,54331,54058,5820,59878,728
2021-04-17,Sutter,101,95872,9293,9252,84,9336,109
2021-04-17,Tehama,103,63373,4897,4875,552,5427,52
2021-04-17,Trinity,105,12862,454,326,77,403,3
2021-04-17,Tulare,107,460477,49370,48603,8906,57509,829
2021-04-17,Tuolumne,109,53932,4009,4005,35,4040,58
2021-04-17,Ventura,111,848112,80474,79964,2960,82924,996
2021-04-17,Yolo,113,214977,13588,13580,272,13852,200
2021-04-17,Yuba,115,75493,5827,5802,116,5918,44
2021-04-16,Alameda,001,1643700,85624,85243,1897,87140,1245
2021-04-16,Alpine,003,1148,86,85,0,85,0
2021-04-16,Amador,005,37829,3629,3621,33,3654,46
2021-04-16,Butte,007,227075,11917,11549,1737,13286,196
2021-04-16,Calaveras,009,45235,2043,2042,12,2054,50
2021-04-16,Colusa,011,21464,1910,1911,287,2198,14
2021-04-16,Contra Costa,013,1133247,67293,66569,1193,67762,782
2021-04-16,Del Norte,015,27424,1271,1237,11,1248,6
2021-04-16,El Dorado,017,186661,9751,9665,673,10338,106
2021-04-16,Fresno,019,978130,100947,100500,8543,109043,1643
2021-04-16,Glenn,021,27897,2369,2355,542,2897,17
2021-04-16,Humboldt,023,135768,3638,3570,27,3597,35
2021-04-16,Imperial,025,180216,28059,27962,2726,30688,719
2021-04-16,Inyo,027,18085,1391,1392,23,1415,36
2021-04-16,Kern,029,883053,96056,95066,10624,105690,1288
2021-04-16,Kings,031,150075,22858,22667,1086,23753,243
2021-04-16,Lake,033,64148,3427,3406,9,3415,43
2021-04-16,Lassen,035,31185,5158,5155,106,5261,1
2021-04-16,Los Angeles,037,10098052,1194960,1187818,41354,1229172,23627
2021-04-16,Madera,039,155013,16369,16250,927,17177,231
2021-04-16,Marin,041,260295,13800,13788,244,14032,226
2021-04-16,Mariposa,043,17540,407,396,10,406,5
2021-04-16,Mendocino,045,87422,3793,3719,69,3788,46
2021-04-16,Merced,047,269075,30364,30355,975,31330,438
2021-04-16,Modoc,049,8938,367,355,122,477,3
2021-04-16,Mono,051,14174,1233,1253,14,1267,3
2021-04-16,Monterey,053,433212,42741,42620,1861,44481,351
2021-04-16,Napa,055,140530,9694,9653,34,9687,79
2021-04-16,Nevada,057,99092,4519,4443,189,4632,70
2021-04-16,Orange,059,3164182,253461,251770,11129,262899,4873
2021-04-16,Placer,061,380077,22300,21680,1391,23071,282
2021-04-16,Plumas,063,18699,678,665,10,675,4
2021-04-16,Riverside,065,2383286,289690,285818,13856,299674,4369
2021-04-16,Sacramento,067,1510023,101830,100993,1586,102579,1572
2021-04-16,San Benito,069,59416,5977,5982,113,6095,63
2021-04-16,San Bernardino,071,2135413,290843,289424,8953,298377,4550
2021-04-16,San Diego,073,3302833,275325,274567,14090,288657,3662
2021-04-16,San Francisco,075,870044,35946,35993,1266,37259,517
2021-04-16,San Joaquin,077,732212,71126,70280,3412,73692,1288
2021-04-16,San Luis Obispo,079,281455,20865,20623,700,21323,253
2021-04-16,San Mateo,081,765935,41559,41107,447,41554,352
2021-04-16,Santa Barbara,083,443738,34380,33703,1196,34899,446
2021-04-16,Santa Clara,085,1922200,116350,116693,699,117392,1941
2021-04-16,Santa Cruz,087,273765,15989,15539,833,16372,204
2021-04-16,Shasta,089,179085,11635,11623,1432,13055,189
2021-04-16,Sierra,091,2930,54,51,13,64,0
2021-04-16,Siskiyou,093,43540,1637,1530,287,1817,10
2021-04-16,Solano,095,438530,31630,31470,463,31933,239
2021-04-16,Sonoma,097,501317,29479,29617,300,29917,311
2021-04-16,Stanislaus,099,539301,54283,53983,5818,59801,728
2021-04-16,Sutter,101,95872,9287,9247,84,9331,109
2021-04-16,Tehama,103,63373,4896,4866,552,5418,52
2021-04-16,Trinity,105,12862,454,326,77,403,3
2021-04-16,Tulare,107,460477,49359,48583,8903,57486,830
2021-04-16,Tuolumne,109,53932,4006,4005,35,4040,58
2021-04-16,Ventura,111,848112,80449,79942,2954,82896,994
2021-04-16,Yolo,113,214977,13575,13559,270,13829,198
2021-04-16,Yuba,115,75493,5824,5795,115,5910,44
2021-04-15,Alameda,001,1643700,85518,85089,1895,86984,1246
2021-04-15,Alpine,003,1148,86,85,0,85,0
2021-04-15,Amador,005,37829,3628,3616,33,3649,46
2021-04-15,Butte,007,227075,11902,11529,1733,13262,196
2021-04-15,Calaveras,009,45235,2043,2039,12,2051,50
2021-04-15,Colusa,011,21464,1908,1909,286,2195,14
2021-04-15,Contra Costa,013,1133247,67219,66480,1189,67669,781
2021-04-15,Del Norte,015,27424,1264,1235,11,1246,6
2021-04-15,El Dorado,017,186661,9738,9639,671,10310,106
2021-04-15,Fresno,019,978130,100886,100431,8537,108968,1642
2021-04-15,Glenn,021,27897,2369,2354,542,2896,17
2021-04-15,Humboldt,023,135768,3616,3561,27,3588,35
2021-04-15,Imperial,025,180216,28031,27920,2723,30643,718
2021-04-15,Inyo,027,18085,1391,1393,23,1416,36
2021-04-15,Kern,029,883053,96023,94989,10610,105599,1289
2021-04-15,Kings,031,150075,22844,22648,1086,23734,242
2021-04-15,Lake,033,64148,3426,3399,9,3408,43
2021-04-15,Lassen,035,31185,5157,5152,106,5258,1
2021-04-15,Los Angeles,037,10098052,1194563,1187274,41317,1228591,23598
2021-04-15,Madera,039,155013,16354,16234,927,17161,231
2021-04-15,Marin,041,260295,13796,13783,243,14026,226
2021-04-15,Mariposa,043,17540,405,395,10,405,5
2021-04-15,Mendocino,045,87422,3792,3714,69,3783,46
2021-04-15,Merced,047,269075,30338,30325,974,31299,437
2021-04-15,Modoc,049,8938,367,355,122,477,3
2021-04-15,Mono,051,14174,1232,1253,14,1267,3
2021-04-15,Monterey,053,433212,42731,42604,1859,44463,347
2021-04-15,Napa,055,140530,9686,9645,34,9679,79
2021-04-15,Nevada,057,99092,4507,4434,188,4622,70
2021-04-15,Orange,059,3164182,253366,251679,11116,262795,4857
2021-04-15,Placer,061,380077,22270,21614,1384,22998,281
2021-04-15,Plumas,063,18699,676,665,10,675,4
2021-04-15,Riverside,065,2383286,289590,285698,13849,299547,4363
2021-04-15,Sacramento,067,1510023,101700,100782,1572,102354,1570
2021-04-15,San Benito,069,59416,5974,5969,112,6081,63
2021-04-15,San Bernardino,071,2135413,290754,289288,8946,298234,4544
2021-04-15,San Diego,073,3302833,275079,274250,14031,288281,3653
2021-04-15,San Francisco,075,870044,35927,35947,1264,37211,510
2021-04-15,San Joaquin,077,732212,71045,70189,3404,73593,1288
2021-04-15,San Luis Obispo,079,281455,20849,20591,697,21288,253
2021-04-15,San Mateo,081,765935,41520,41050,446,41496,352
2021-04-15,Santa Barbara,083,443738,34362,33672,1192,34864,446
2021-04-15,Santa Clara,085,1922200,116244,116602,695,117297,1927
2021-04-15,Santa Cruz,087,273765,15979,15509,833,16342,203
2021-04-15,Shasta,089,179085,11621,11597,1428,13025,191
2021-04-15,Sierra,091,2930,54,51,13,64,0
2021-04-15,Siskiyou,093,43540,1631,1524,287,1811,10
2021-04-15,Solano,095,438530,31592,31394,462,31856,239
2021-04-15,Sonoma,097,501317,29465,29587,300,29887,311
2021-04-15,Stanislaus,099,539301,54229,53918,5809,59727,728
2021-04-15,Sutter,101,95872,9280,9237,84,9321,109
2021-04-15,Tehama,103,63373,4894,4854,551,5405,52
2021-04-15,Trinity,105,12862,454,326,77,403,3
2021-04-15,Tulare,107,460477,49338,48556,8903,57459,829
2021-04-15,Tuolumne,109,53932,4006,4003,35,4038,57
2021-04-15,Ventura,111,848112,80430,79917,2952,82869,989
2021-04-15,Yolo,113,214977,13556,13547,268,13815,198
2021-04-15,Yuba,115,75493,5821,5788,115,5903,44
2021-04-14,Alameda,001,1643700,85420,85009,1894,86903,1247
2021-04-14,Alpine,003,1148,86,85,0,85,0
2021-04-14,Amador,005,37829,3627,3613,33,3646,46
2021-04-14,Butte,007,227075,11889,11513,1732,13245,196
2021-04-14,Calaveras,009,45235,2043,2037,12,2049,50
2021-04-14,Colusa,011,21464,1908,1905,286,2191,14
2021-04-14,Contra Costa,013,1133247,67133,66400,1183,67583,781
2021-04-14,Del Norte,015,27424,1264,1228,11,1239,6
2021-04-14,El Dorado,017,186661,9723,9625,666,10291,106
2021-04-14,Fresno,019,978130,100829,100376,8524,108900,1640
2021-04-14,Glenn,021,27897,2369,2353,542,2895,17
2021-04-14,Humboldt,023,135768,3595,3551,26,3577,35
2021-04-14,Imperial,025,180216,28009,27907,2721,30628,718
2021-04-14,Inyo,027,18085,1391,1392,23,1415,36
2021-04-14,Kern,029,883053,95998,94947,10603,105550,1287
2021-04-14,Kings,031,150075,22835,22641,1084,23725,243
2021-04-14,Lake,033,64148,3421,3396,9,3405,43
2021-04-14,Lassen,035,31185,5156,5151,106,5257,1
2021-04-14,Los Angeles,037,10098052,1194167,1186821,41270,1228091,23579
2021-04-14,Madera,039,155013,16345,16218,927,17145,231
2021-04-14,Marin,041,260295,13794,13768,242,14010,226
2021-04-14,Mariposa,043,17540,404,394,10,404,5
2021-04-14,Mendocino,045,87422,3787,3711,69,3780,46
2021-04-14,Merced,047,269075,30320,30296,974,31270,436
2021-04-14,Modoc,049,8938,367,355,122,477,3
2021-04-14,Mono,051,14174,1232,1252,14,1266,3
2021-04-14,Monterey,053,433212,42715,42595,1855,44450,347
2021-04-14,Napa,055,140530,9675,9643,34,9677,79
2021-04-14,Nevada,057,99092,4500,4421,188,4609,70
2021-04-14,Orange,059,3164182,253260,251568,11096,262664,4849
2021-04-14,Placer,061,380077,22237,21575,1383,22958,280
2021-04-14,Plumas,063,18699,676,665,10,675,4
2021-04-14,Riverside,065,2383286,289482,285583,13843,299426,4358
2021-04-14,Sacramento,067,1510023,101525,100645,1558,102203,1570
2021-04-14,San Benito,069,59416,5972,5960,112,6072,62
2021-04-14,San Bernardino,071,2135413,290687,289078,8943,298021,4523
2021-04-14,San Diego,073,3302833,274868,273969,14002,287971,3648
2021-04-14,San Francisco,075,870044,35889,35898,1263,37161,510
2021-04-14,San Joaquin,077,732212,70975,70095,3398,73493,1288
2021-04-14,San Luis Obispo,079,281455,20826,20561,687,21248,253
2021-04-14,San Mateo,081,765935,41480,40982,443,41425,352
2021-04-14,Santa Barbara,083,443738,34333,33650,1192,34842,445
2021-04-14,Santa Clara,085,1922200,116126,116488,692,117180,1922
2021-04-14,Santa Cruz,087,273765,15969,15481,833,16314,203
2021-04-14,Shasta,089,179085,11595,11581,1426,13007,190
2021-04-14,Sierra,091,2930,54,51,13,64,0
2021-04-14,Siskiyou,093,43540,1623,1518,286,1804,10
2021-04-14,Solano,095,438530,31539,31357,455,31812,239
2021-04-14,Sonoma,097,501317,29457,29572,298,29870,311
2021-04-14,Stanislaus,099,539301,54158,53836,5800,59636,727
2021-04-14,Sutter,101,95872,9272,9230,84,9314,106
2021-04-14,Tehama,103,63373,4888,4853,550,5403,52
2021-04-14,Trinity,105,12862,454,326,77,403,3
2021-04-14,Tulare,107,460477,49312,48527,8900,57427,827
2021-04-14,Tuolumne,109,53932,4005,3997,35,4032,57
2021-04-14,Ventura,111,848112,80394,79891,2950,82841,986
2021-04-14,Yolo,113,214977,13540,13530,266,13796,198
2021-04-14,Yuba,115,75493,5819,5778,115,5893,44
2021-04-13,Alameda,001,1643700,85315,84921,1889,86810,1239
2021-04-13,Alpine,003,1148,86,85,0,85,0
2021-04-13,Amador,005,37829,3624,3609,33,3642,46
2021-04-13,Butte,007,227075,11871,11497,1729,13226,196
2021-04-13,Calaveras,009,45235,2041,2035,12,2047,50
2021-04-13,Colusa,011,21464,1906,1905,284,2189,14
2021-04-13,Contra Costa,013,1133247,67043,66304,1183,67487,778
2021-04-13,Del Norte,015,27424,1259,1221,11,1232,6
2021-04-13,El Dorado,017,186661,9697,9609,664,10273,106
2021-04-13,Fresno,019,978130,100748,100357,8518,108875,1636
2021-04-13,Glenn,021,27897,2368,2351,542,2893,17
2021-04-13,Humboldt,023,135768,3578,3540,26,3566,35
2021-04-13,Imperial,025,180216,27990,27887,2713,30600,718
2021-04-13,Inyo,027,18085,1391,1391,23,1414,36
2021-04-13,Kern,029,883053,95954,94908,10591,105499,1285
2021-04-13,Kings,031,150075,22819,22636,1083,23719,243
2021-04-13,Lake,033,64148,3418,3390,9,3399,43
2021-04-13,Lassen,035,31185,5155,5147,106,5253,1
2021-04-13,Los Angeles,037,10098052,1193716,1186482,41226,1227708,23526
2021-04-13,Madera,039,155013,16335,16207,925,17132,231
2021-04-13,Marin,041,260295,13786,13760,241,14001,224
2021-04-13,Mariposa,043,17540,403,394,7,401,5
2021-04-13,Mendocino,045,87422,3781,3702,69,3771,46
2021-04-13,Merced,047,269075,30289,30276,972,31248,435
2021-04-13,Modoc,049,8938,367,355,122,477,3
2021-04-13,Mono,051,14174,1232,1251,14,1265,3
2021-04-13,Monterey,053,433212,42704,42577,1855,44432,347
2021-04-13,Napa,055,140530,9665,9627,34,9661,79
2021-04-13,Nevada,057,99092,4488,4415,188,4603,69
2021-04-13,Orange,059,3164182,253164,251491,11077,262568,4836
2021-04-13,Placer,061,380077,22200,21534,1380,22914,280
2021-04-13,Plumas,063,18699,675,665,10,675,4
2021-04-13,Riverside,065,2383286,289364,285505,13836,299341,4348
2021-04-13,Sacramento,067,1510023,101350,100551,1553,102104,1569
2021-04-13,San Benito,069,59416,5969,5946,112,6058,62
2021-04-13,San Bernardino,071,2135413,290571,288929,8937,297866,4521
2021-04-13,San Diego,073,3302833,274613,273709,13968,287677,3623
2021-04-13,San Francisco,075,870044,35853,35869,1259,37128,506
2021-04-13,San Joaquin,077,732212,70867,70034,3390,73424,1288
2021-04-13,San Luis Obispo,079,281455,20799,20536,677,21213,253
2021-04-13,San Mateo,081,765935,41435,40955,443,41398,353
2021-04-13,Santa Barbara,083,443738,34311,33613,1189,34802,444
2021-04-13,Santa Clara,085,1922200,115997,116363,690,117053,1923
2021-04-13,Santa Cruz,087,273765,15962,15449,833,16282,203
2021-04-13,Shasta,089,179085,11575,11536,1423,12959,189
2021-04-13,Sierra,091,2930,54,51,13,64,0
2021-04-13,Siskiyou,093,43540,1615,1511,282,1793,10
2021-04-13,Solano,095,438530,31490,31335,451,31786,239
2021-04-13,Sonoma,097,501317,29449,29544,297,29841,311
2021-04-13,Stanislaus,099,539301,54085,53797,5791,59588,722
2021-04-13,Sutter,101,95872,9268,9226,84,9310,106
2021-04-13,Tehama,103,63373,4881,4850,547,5397,52
2021-04-13,Trinity,105,12862,454,326,77,403,3
2021-04-13,Tulare,107,460477,49299,48511,8897,57408,825
2021-04-13,Tuolumne,109,53932,4003,3995,35,4030,57
2021-04-13,Ventura,111,848112,80362,79854,2948,82802,986
2021-04-13,Yolo,113,214977,13528,13516,265,13781,198
2021-04-13,Yuba,115,75493,5810,5776,115,5891,44
2021-04-12,Alameda,001,1643700,85212,84817,1888,86705,1238
2021-04-12,Alpine,003,1148,86,85,0,85,0
2021-04-12,Amador,005,37829,3623,3607,33,3640,46
2021-04-12,Butte,007,227075,11856,11488,1725,13213,193
2021-04-12,Calaveras,009,45235,2041,2033,12,2045,50
2021-04-12,Colusa,011,21464,1904,1904,282,2186,14
2021-04-12,Contra Costa,013,1133247,66962,66176,1183,67359,777
2021-04-12,Del Norte,015,27424,1256,1216,11,1227,6
2021-04-12,El Dorado,017,186661,9680,9588,662,10250,106
2021-04-12,Fresno,019,978130,100687,100277,8494,108771,1633
2021-04-12,Glenn,021,27897,2367,2349,542,2891,17
2021-04-12,Humboldt,023,135768,3564,3533,25,3558,35
2021-04-12,Imperial,025,180216,27960,27851,2708,30559,717
2021-04-12,Inyo,027,18085,1391,1390,23,1413,36
2021-04-12,Kern,029,883053,95918,94861,10579,105440,1283
2021-04-12,Kings,031,150075,22811,22621,1082,23703,241
2021-04-12,Lake,033,64148,3414,3380,9,3389,43
2021-04-12,Lassen,035,31185,5154,5147,106,5253,1
2021-04-12,Los Angeles,037,10098052,1193218,1186145,41186,1227331,23505
2021-04-12,Madera,039,155013,16323,16174,923,17097,231
2021-04-12,Marin,041,260295,13774,13751,238,13989,224
2021-04-12,Mariposa,043,17540,402,394,7,401,5
2021-04-12,Mendocino,045,87422,3780,3699,69,3768,46
2021-04-12,Merced,047,269075,30257,30261,970,31231,435
2021-04-12,Modoc,049,8938,365,352,122,474,3
2021-04-12,Mono,051,14174,1232,1251,14,1265,3
2021-04-12,Monterey,053,433212,42690,42555,1853,44408,346
2021-04-12,Napa,055,140530,9651,9603,34,9637,80
2021-04-12,Nevada,057,99092,4477,4408,188,4596,69
2021-04-12,Orange,059,3164182,253078,251350,11056,262406,4826
2021-04-12,Placer,061,380077,22151,21475,1376,22851,278
2021-04-12,Plumas,063,18699,673,666,10,676,4
2021-04-12,Riverside,065,2383286,289257,285361,13830,299191,4336
2021-04-12,Sacramento,067,1510023,101175,100394,1548,101942,1566
2021-04-12,San Benito,069,59416,5961,5942,111,6053,62
2021-04-12,San Bernardino,071,2135413,290464,288736,8925,297661,4493
2021-04-12,San Diego,073,3302833,274353,273431,13940,287371,3621
2021-04-12,San Francisco,075,870044,35819,35841,1258,37099,506
2021-04-12,San Joaquin,077,732212,70795,69968,3382,73350,1288
2021-04-12,San Luis Obispo,079,281455,20754,20515,664,21179,253
2021-04-12,San Mateo,081,765935,41393,40920,439,41359,353
2021-04-12,Santa Barbara,083,443738,34280,33606,1189,34795,444
2021-04-12,Santa Clara,085,1922200,115869,116252,688,116940,1923
2021-04-12,Santa Cruz,087,273765,15942,15406,833,16239,203
2021-04-12,Shasta,089,179085,11558,11509,1419,12928,189
2021-04-12,Sierra,091,2930,54,51,13,64,0
2021-04-12,Siskiyou,093,43540,1604,1511,280,1791,7
2021-04-12,Solano,095,438530,31448,31305,448,31753,238
2021-04-12,Sonoma,097,501317,29421,29500,297,29797,310
2021-04-12,Stanislaus,099,539301,54019,53722,5784,59506,707
2021-04-12,Sutter,101,95872,9257,9221,84,9305,106
2021-04-12,Tehama,103,63373,4872,4834,543,5377,52
2021-04-12,Trinity,105,12862,454,324,77,401,3
2021-04-12,Tulare,107,460477,49279,48495,8887,57382,824
2021-04-12,Tuolumne,109,53932,3999,3993,35,4028,57
2021-04-12,Ventura,111,848112,80329,79818,2946,82764,985
2021-04-12,Yolo,113,214977,13514,13510,264,13774,198
2021-04-12,Yuba,115,75493,5804,5773,115,5888,43
2021-04-11,Alameda,001,1643700,85075,84756,1883,86639,1238
2021-04-11,Alpine,003,1148,86,85,0,85,0
2021-04-11,Amador,005,37829,3621,3605,33,3638,46
2021-04-11,Butte,007,227075,11821,11487,1722,13209,193
2021-04-11,Calaveras,009,45235,2039,2036,12,2048,50
2021-04-11,Colusa,011,21464,1903,1904,281,2185,14
2021-04-11,Contra Costa,013,1133247,66853,66107,1180,67287,777
2021-04-11,Del Norte,015,27424,1250,1214,11,1225,6
2021-04-11,El Dorado,017,186661,9666,9575,659,10234,106
2021-04-11,Fresno,019,978130,100619,100230,8484,108714,1633
2021-04-11,Glenn,021,27897,2363,2348,541,2889,17
2021-04-11,Humboldt,023,135768,3554,3523,25,3548,35
2021-04-11,Imperial,025,180216,27936,27841,2706,30547,717
2021-04-11,Inyo,027,18085,1391,1390,23,1413,36
2021-04-11,Kern,029,883053,95858,94830,10571,105401,1283
2021-04-11,Kings,031,150075,22802,22618,1079,23697,241
2021-04-11,Lake,033,64148,3410,3377,9,3386,43
2021-04-11,Lassen,035,31185,5150,5147,106,5253,1
2021-04-11,Los Angeles,037,10098052,1192706,1185757,41144,1226901,23503
2021-04-11,Madera,039,155013,16304,16166,922,17088,231
2021-04-11,Marin,041,260295,13767,13741,237,13978,226
2021-04-11,Mariposa,043,17540,402,394,7,401,5
2021-04-11,Mendocino,045,87422,3778,3696,69,3765,46
2021-04-11,Merced,047,269075,30219,30249,969,31218,435
2021-04-11,Modoc,049,8938,364,352,120,472,3
2021-04-11,Mono,051,14174,1231,1250,14,1264,3
2021-04-11,Monterey,053,433212,42683,42547,1846,44393,346
2021-04-11,Napa,055,140530,9640,9592,34,9626,80
2021-04-11,Nevada,057,99092,4463,4394,188,4582,69
2021-04-11,Orange,059,3164182,252952,251233,11044,262277,4826
2021-04-11,Placer,061,380077,22093,21458,1372,22830,278
2021-04-11,Plumas,063,18699,673,666,10,676,4
2021-04-11,Riverside,065,2383286,289127,285269,13820,299089,4336
2021-04-11,Sacramento,067,1510023,101005,100296,1536,101832,1566
2021-04-11,San Benito,069,59416,5953,5941,110,6051,62
2021-04-11,San Bernardino,071,2135413,290355,288686,8919,297605,4492
2021-04-11,San Diego,073,3302833,274056,273287,13881,287168,3621
2021-04-11,San Francisco,075,870044,35783,35815,1255,37070,498
2021-04-11,San Joaquin,077,732212,70708,69939,3371,73310,1288
2021-04-11,San Luis Obispo,079,281455,20728,20501,661,21162,253
2021-04-11,San Mateo,081,765935,41335,40901,438,41339,353
2021-04-11,Santa Barbara,083,443738,34244,33591,1188,34779,444
2021-04-11,Santa Clara,085,1922200,115733,116161,685,116846,1923
2021-04-11,Santa Cruz,087,273765,15930,15382,833,16215,203
2021-04-11,Shasta,089,179085,11514,11504,1418,12922,189
2021-04-11,Sierra,091,2930,54,51,13,64,0
2021-04-11,Siskiyou,093,43540,1597,1509,277,1786,7
2021-04-11,Solano,095,438530,31396,31268,444,31712,238
2021-04-11,Sonoma,097,501317,29395,29496,293,29789,310
2021-04-11,Stanislaus,099,539301,53936,53683,5775,59458,707
2021-04-11,Sutter,101,95872,9248,9222,84,9306,106
2021-04-11,Tehama,103,63373,4869,4832,541,5373,52
2021-04-11,Trinity,105,12862,454,324,77,401,3
2021-04-11,Tulare,107,460477,49265,48479,8880,57359,824
2021-04-11,Tuolumne,109,53932,3997,3993,35,4028,57
2021-04-11,Ventura,111,848112,80281,79800,2940,82740,985
2021-04-11,Yolo,113,214977,13493,13496,262,13758,198
2021-04-11,Yuba,115,75493,5794,5768,115,5883,43
2021-04-10,Alameda,001,1643700,85010,84626,1883,86509,1238
2021-04-10,Alpine,003,1148,86,85,0,85,0
2021-04-10,Amador,005,37829,3619,3603,33,3636,46
2021-04-10,Butte,007,227075,11810,11482,1721,13203,193
2021-04-10,Calaveras,009,45235,2037,2032,12,2044,50
2021-04-10,Colusa,011,21464,1903,1902,281,2183,14
2021-04-10,Contra Costa,013,1133247,66792,66001,1177,67178,778
2021-04-10,Del Norte,015,27424,1247,1212,11,1223,6
2021-04-10,El Dorado,017,186661,9654,9549,656,10205,106
2021-04-10,Fresno,019,978130,100586,100135,8477,108612,1633
2021-04-10,Glenn,021,27897,2363,2343,541,2884,17
2021-04-10,Humboldt,023,135768,3544,3508,25,3533,35
2021-04-10,Imperial,025,180216,27922,27816,2706,30522,717
2021-04-10,Inyo,027,18085,1391,1387,23,1410,36
2021-04-10,Kern,029,883053,95844,94802,10565,105367,1284
2021-04-10,Kings,031,150075,22798,22614,1077,23691,241
2021-04-10,Lake,033,64148,3405,3368,9,3377,43
2021-04-10,Lassen,035,31185,5150,5146,105,5251,1
2021-04-10,Los Angeles,037,10098052,1192434,1185246,41126,1226372,23493
2021-04-10,Madera,039,155013,16296,16143,921,17064,231
2021-04-10,Marin,041,260295,13762,13731,237,13968,226
2021-04-10,Mariposa,043,17540,399,393,7,400,5
2021-04-10,Mendocino,045,87422,3776,3696,69,3765,46
2021-04-10,Merced,047,269075,30199,30225,968,31193,435
2021-04-10,Modoc,049,8938,364,352,120,472,3
2021-04-10,Mono,051,14174,1231,1249,14,1263,3
2021-04-10,Monterey,053,433212,42672,42527,1845,44372,346
2021-04-10,Napa,055,140530,9633,9569,34,9603,79
2021-04-10,Nevada,057,99092,4456,4379,188,4567,69
2021-04-10,Orange,059,3164182,252859,251139,11037,262176,4818
2021-04-10,Placer,061,380077,22062,21402,1366,22768,278
2021-04-10,Plumas,063,18699,673,666,10,676,4
2021-04-10,Riverside,065,2383286,289048,285082,13812,298894,4336
2021-04-10,Sacramento,067,1510023,100902,100048,1534,101582,1566
2021-04-10,San Benito,069,59416,5942,5932,109,6041,62
2021-04-10,San Bernardino,071,2135413,290291,288590,8912,297502,4489
2021-04-10,San Diego,073,3302833,273840,273058,13862,286920,3613
2021-04-10,San Francisco,075,870044,35753,35774,1251,37025,498
2021-04-10,San Joaquin,077,732212,70673,69852,3361,73213,1288
2021-04-10,San Luis Obispo,079,281455,20712,20461,660,21121,253
2021-04-10,San Mateo,081,765935,41302,40878,438,41316,350
2021-04-10,Santa Barbara,083,443738,34216,33541,1186,34727,444
2021-04-10,Santa Clara,085,1922200,115637,116015,684,116699,1923
2021-04-10,Santa Cruz,087,273765,15924,15360,833,16193,203
2021-04-10,Shasta,089,179085,11505,11492,1415,12907,189
2021-04-10,Sierra,091,2930,54,51,13,64,0
2021-04-10,Siskiyou,093,43540,1594,1512,277,1789,7
2021-04-10,Solano,095,438530,31362,31218,440,31658,238
2021-04-10,Sonoma,097,501317,29380,29469,293,29762,310
2021-04-10,Stanislaus,099,539301,53902,53596,5768,59364,707
2021-04-10,Sutter,101,95872,9246,9214,84,9298,106
2021-04-10,Tehama,103,63373,4867,4820,539,5359,52
2021-04-10,Trinity,105,12862,454,324,77,401,3
2021-04-10,Tulare,107,460477,49256,48470,8874,57344,824
2021-04-10,Tuolumne,109,53932,3994,3991,35,4026,57
2021-04-10,Ventura,111,848112,80253,79758,2938,82696,985
2021-04-10,Yolo,113,214977,13485,13494,261,13755,198
2021-04-10,Yuba,115,75493,5791,5757,114,5871,43
2021-04-09,Alameda,001,1643700,84938,84404,1875,86279,1237
2021-04-09,Alpine,003,1148,86,85,0,85,0
2021-04-09,Amador,005,37829,3618,3600,33,3633,46
2021-04-09,Butte,007,227075,11800,11454,1720,13174,193
2021-04-09,Calaveras,009,45235,2036,2028,12,2040,50
2021-04-09,Colusa,011,21464,1903,1898,281,2179,14
2021-04-09,Contra Costa,013,1133247,66699,65857,1171,67028,777
2021-04-09,Del Norte,015,27424,1246,1207,11,1218,6
2021-04-09,El Dorado,017,186661,9631,9528,652,10180,106
2021-04-09,Fresno,019,978130,100552,100027,8472,108499,1630
2021-04-09,Glenn,021,27897,2363,2337,541,2878,17
2021-04-09,Humboldt,023,135768,3534,3496,25,3521,35
2021-04-09,Imperial,025,180216,27907,27764,2704,30468,717
2021-04-09,Inyo,027,18085,1390,1386,23,1409,36
2021-04-09,Kern,029,883053,95806,94675,10563,105238,1282
2021-04-09,Kings,031,150075,22789,22595,1074,23669,242
2021-04-09,Lake,033,64148,3401,3362,9,3371,43
2021-04-09,Lassen,035,31185,5150,5140,105,5245,1
2021-04-09,Los Angeles,037,10098052,1192065,1184501,41096,1225597,23458
2021-04-09,Madera,039,155013,16293,16118,921,17039,231
2021-04-09,Marin,041,260295,13755,13721,237,13958,226
2021-04-09,Mariposa,043,17540,399,393,7,400,5
2021-04-09,Mendocino,045,87422,3774,3693,69,3762,46
2021-04-09,Merced,047,269075,30170,30179,967,31146,435
2021-04-09,Modoc,049,8938,363,352,120,472,3
2021-04-09,Mono,051,14174,1231,1247,14,1261,3
2021-04-09,Monterey,053,433212,42663,42481,1841,44322,344
2021-04-09,Napa,055,140530,9614,9574,34,9608,80
2021-04-09,Nevada,057,99092,4448,4373,188,4561,69
2021-04-09,Orange,059,3164182,252785,250852,11032,261884,4813
2021-04-09,Placer,061,380077,22031,21327,1358,22685,278
2021-04-09,Plumas,063,18699,672,666,10,676,4
2021-04-09,Riverside,065,2383286,288965,284562,13806,298368,4325
2021-04-09,Sacramento,067,1510023,100747,99722,1528,101250,1564
2021-04-09,San Benito,069,59416,5937,5925,108,6033,62
2021-04-09,San Bernardino,071,2135413,290222,288000,8909,296909,4467
2021-04-09,San Diego,073,3302833,273642,272697,13820,286517,3600
2021-04-09,San Francisco,075,870044,35712,35716,1246,36962,497
2021-04-09,San Joaquin,077,732212,70610,69675,3349,73024,1281
2021-04-09,San Luis Obispo,079,281455,20698,20427,660,21087,252
2021-04-09,San Mateo,081,765935,41266,40800,437,41237,350
2021-04-09,Santa Barbara,083,443738,34193,33424,1183,34607,444
2021-04-09,Santa Clara,085,1922200,115553,115749,682,116431,1923
2021-04-09,Santa Cruz,087,273765,15919,15331,833,16164,203
2021-04-09,Shasta,089,179085,11495,11478,1412,12890,188
2021-04-09,Sierra,091,2930,54,51,13,64,0
2021-04-09,Siskiyou,093,43540,1591,1510,276,1786,7
2021-04-09,Solano,095,438530,31329,31166,435,31601,238
2021-04-09,Sonoma,097,501317,29367,29433,293,29726,310
2021-04-09,Stanislaus,099,539301,53847,53504,5759,59263,705
2021-04-09,Sutter,101,95872,9239,9201,84,9285,106
2021-04-09,Tehama,103,63373,4861,4806,539,5345,52
2021-04-09,Trinity,105,12862,453,324,77,401,3
2021-04-09,Tulare,107,460477,49252,48430,8868,57298,824
2021-04-09,Tuolumne,109,53932,3993,3986,35,4021,57
2021-04-09,Ventura,111,848112,80225,79698,2938,82636,987
2021-04-09,Yolo,113,214977,13474,13478,259,13737,198
2021-04-09,Yuba,115,75493,5784,5754,114,5868,43
2021-04-08,Alameda,001,1643700,84835,84213,1872,86085,1232
2021-04-08,Alpine,003,1148,86,85,0,85,0
2021-04-08,Amador,005,37829,3614,3595,33,3628,46
2021-04-08,Butte,007,227075,11789,11414,1719,13133,193
2021-04-08,Calaveras,009,45235,2035,2027,12,2039,50
2021-04-08,Colusa,011,21464,1902,1897,281,2178,14
2021-04-08,Contra Costa,013,1133247,66590,65706,1168,66874,775
2021-04-08,Del Norte,015,27424,1240,1201,11,1212,6
2021-04-08,El Dorado,017,186661,9615,9513,646,10159,106
2021-04-08,Fresno,019,978130,100489,99935,8465,108400,1627
2021-04-08,Glenn,021,27897,2361,2337,541,2878,17
2021-04-08,Humboldt,023,135768,3524,3486,25,3511,35
2021-04-08,Imperial,025,180216,27880,27744,2701,30445,713
2021-04-08,Inyo,027,18085,1389,1386,23,1409,36
2021-04-08,Kern,029,883053,95760,94493,10550,105043,1281
2021-04-08,Kings,031,150075,22783,22589,1071,23660,243
2021-04-08,Lake,033,64148,3394,3360,9,3369,43
2021-04-08,Lassen,035,31185,5149,5136,105,5241,1
2021-04-08,Los Angeles,037,10098052,1191566,1184443,41058,1225501,23416
2021-04-08,Madera,039,155013,16281,16103,921,17024,231
2021-04-08,Marin,041,260295,13748,13704,237,13941,226
2021-04-08,Mariposa,043,17540,398,393,7,400,5
2021-04-08,Mendocino,045,87422,3772,3690,69,3759,45
2021-04-08,Merced,047,269075,30148,30163,967,31130,430
2021-04-08,Modoc,049,8938,363,352,120,472,3
2021-04-08,Mono,051,14174,1229,1247,14,1261,3
2021-04-08,Monterey,053,433212,42642,42437,1835,44272,342
2021-04-08,Napa,055,140530,9597,9569,34,9603,80
2021-04-08,Nevada,057,99092,4437,4367,188,4555,69
2021-04-08,Orange,059,3164182,252674,250529,11017,261546,4797
2021-04-08,Placer,061,380077,21990,21258,1349,22607,277
2021-04-08,Plumas,063,18699,672,665,10,675,4
2021-04-08,Riverside,065,2383286,288854,283853,13801,297654,4296
2021-04-08,Sacramento,067,1510023,100607,99319,1517,100836,1561
2021-04-08,San Benito,069,59416,5934,5914,106,6020,62
2021-04-08,San Bernardino,071,2135413,290124,287190,8906,296096,4445
2021-04-08,San Diego,073,3302833,273412,272495,13784,286279,3592
2021-04-08,San Francisco,075,870044,35689,35657,1245,36902,494
2021-04-08,San Joaquin,077,732212,70538,69479,3343,72822,1279
2021-04-08,San Luis Obispo,079,281455,20678,20402,658,21060,252
2021-04-08,San Mateo,081,765935,41226,40749,437,41186,350
2021-04-08,Santa Barbara,083,443738,34169,33309,1182,34491,444
2021-04-08,Santa Clara,085,1922200,115447,115487,681,116168,1905
2021-04-08,Santa Cruz,087,273765,15913,15296,833,16129,203
2021-04-08,Shasta,089,179085,11485,11466,1408,12874,186
2021-04-08,Sierra,091,2930,54,51,13,64,0
2021-04-08,Siskiyou,093,43540,1588,1511,276,1787,7
2021-04-08,Solano,095,438530,31280,31120,435,31555,238
2021-04-08,Sonoma,097,501317,29347,29410,292,29702,310
2021-04-08,Stanislaus,099,539301,53769,53401,5749,59150,706
2021-04-08,Sutter,101,95872,9235,9195,84,9279,106
2021-04-08,Tehama,103,63373,4857,4802,539,5341,52
2021-04-08,Trinity,105,12862,453,324,77,401,3
2021-04-08,Tulare,107,460477,49239,48409,8857,57266,821
2021-04-08,Tuolumne,109,53932,3993,3986,35,4021,57
2021-04-08,Ventura,111,848112,80188,79626,2934,82560,986
2021-04-08,Yolo,113,214977,13465,13468,258,13726,198
2021-04-08,Yuba,115,75493,5780,5743,114,5857,43
2021-04-07,Alameda,001,1643700,84751,84130,1869,85999,1224
2021-04-07,Alpine,003,1148,86,85,0,85,0
2021-04-07,Amador,005,37829,3611,3590,33,3623,46
2021-04-07,Butte,007,227075,11785,11405,1716,13121,193
2021-04-07,Calaveras,009,45235,2032,2022,12,2034,50
2021-04-07,Colusa,011,21464,1898,1894,280,2174,14
2021-04-07,Contra Costa,013,1133247,66504,65619,1167,66786,775
2021-04-07,Del Norte,015,27424,1238,1198,11,1209,6
2021-04-07,El Dorado,017,186661,9594,9500,641,10141,106
2021-04-07,Fresno,019,978130,100424,99865,8455,108320,1627
2021-04-07,Glenn,021,27897,2358,2337,540,2877,17
2021-04-07,Humboldt,023,135768,3512,3484,25,3509,35
2021-04-07,Imperial,025,180216,27856,27704,2695,30399,713
2021-04-07,Inyo,027,18085,1388,1386,22,1408,36
2021-04-07,Kern,029,883053,95724,94456,10535,104991,1275
2021-04-07,Kings,031,150075,22781,22589,1071,23660,243
2021-04-07,Lake,033,64148,3392,3358,9,3367,43
2021-04-07,Lassen,035,31185,5149,5137,105,5242,1
2021-04-07,Los Angeles,037,10098052,1191131,1183862,41036,1224898,23372
2021-04-07,Madera,039,155013,16262,16090,920,17010,231
2021-04-07,Marin,041,260295,13737,13688,235,13923,225
2021-04-07,Mariposa,043,17540,397,391,7,398,5
2021-04-07,Mendocino,045,87422,3771,3691,69,3760,45
2021-04-07,Merced,047,269075,30124,30132,963,31095,430
2021-04-07,Modoc,049,8938,363,351,120,471,3
2021-04-07,Mono,051,14174,1229,1246,14,1260,3
2021-04-07,Monterey,053,433212,42624,42427,1834,44261,341
2021-04-07,Napa,055,140530,9583,9556,34,9590,80
2021-04-07,Nevada,057,99092,4431,4364,188,4552,69
2021-04-07,Orange,059,3164182,252551,250378,10994,261372,4778
2021-04-07,Placer,061,380077,21945,21227,1341,22568,276
2021-04-07,Plumas,063,18699,672,665,10,675,4
2021-04-07,Riverside,065,2383286,288744,283749,13791,297540,4285
2021-04-07,Sacramento,067,1510023,100439,99202,1511,100713,1544
2021-04-07,San Benito,069,59416,5929,5912,105,6017,62
2021-04-07,San Bernardino,071,2135413,290007,286978,8901,295879,4433
2021-04-07,San Diego,073,3302833,273187,272195,13755,285950,3588
2021-04-07,San Francisco,075,870044,35649,35618,1241,36859,493
2021-04-07,San Joaquin,077,732212,70469,69375,3338,72713,1278
2021-04-07,San Luis Obispo,079,281455,20652,20373,655,21028,252
2021-04-07,San Mateo,081,765935,41182,40693,437,41130,350
2021-04-07,Santa Barbara,083,443738,34144,33289,1179,34468,444
2021-04-07,Santa Clara,085,1922200,115316,115311,679,115990,1900
2021-04-07,Santa Cruz,087,273765,15903,15275,832,16107,203
2021-04-07,Shasta,089,179085,11473,11456,1403,12859,184
2021-04-07,Sierra,091,2930,54,51,13,64,0
2021-04-07,Siskiyou,093,43540,1582,1512,275,1787,7
2021-04-07,Solano,095,438530,31229,31097,434,31531,238
2021-04-07,Sonoma,097,501317,29329,29394,291,29685,310
2021-04-07,Stanislaus,099,539301,53701,53344,5739,59083,686
2021-04-07,Sutter,101,95872,9232,9188,84,9272,106
2021-04-07,Tehama,103,63373,4849,4802,537,5339,52
2021-04-07,Trinity,105,12862,453,322,77,399,3
2021-04-07,Tulare,107,460477,49226,48386,8845,57231,820
2021-04-07,Tuolumne,109,53932,3991,3982,35,4017,57
2021-04-07,Ventura,111,848112,80154,79595,2932,82527,986
2021-04-07,Yolo,113,214977,13450,13450,256,13706,198
2021-04-07,Yuba,115,75493,5776,5737,114,5851,43
2021-04-06,Alameda,001,1643700,84638,84091,1865,85956,1223
2021-04-06,Alpine,003,1148,86,85,0,85,0
2021-04-06,Amador,005,37829,3610,3587,33,3620,45
2021-04-06,Butte,007,227075,11770,11396,1714,13110,193
2021-04-06,Calaveras,009,45235,2029,2021,12,2033,50
2021-04-06,Colusa,011,21464,1896,1894,278,2172,14
2021-04-06,Contra Costa,013,1133247,66427,65575,1166,66741,774
2021-04-06,Del Norte,015,27424,1233,1197,11,1208,6
2021-04-06,El Dorado,017,186661,9564,9489,639,10128,106
2021-04-06,Fresno,019,978130,100360,99814,8449,108263,1626
2021-04-06,Glenn,021,27897,2357,2335,540,2875,17
2021-04-06,Humboldt,023,135768,3503,3477,25,3502,35
2021-04-06,Imperial,025,180216,27822,27661,2685,30346,713
2021-04-06,Inyo,027,18085,1388,1379,22,1401,36
2021-04-06,Kern,029,883053,95680,94422,10529,104951,1259
2021-04-06,Kings,031,150075,22775,22587,1071,23658,240
2021-04-06,Lake,033,64148,3389,3358,9,3367,43
2021-04-06,Lassen,035,31185,5147,5137,105,5242,1
2021-04-06,Los Angeles,037,10098052,1190624,1183499,40994,1224493,23323
2021-04-06,Madera,039,155013,16242,16085,915,17000,230
2021-04-06,Marin,041,260295,13728,13675,232,13907,224
2021-04-06,Mariposa,043,17540,397,390,7,397,5
2021-04-06,Mendocino,045,87422,3769,3686,69,3755,45
2021-04-06,Merced,047,269075,30095,30100,958,31058,430
2021-04-06,Modoc,049,8938,362,351,120,471,3
2021-04-06,Mono,051,14174,1229,1246,14,1260,3
2021-04-06,Monterey,053,433212,42615,42412,1833,44245,341
2021-04-06,Napa,055,140530,9564,9509,34,9543,78
2021-04-06,Nevada,057,99092,4421,4356,186,4542,69
2021-04-06,Orange,059,3164182,252443,250304,10980,261284,4771
2021-04-06,Placer,061,380077,21898,21184,1338,22522,276
2021-04-06,Plumas,063,18699,672,665,10,675,4
2021-04-06,Riverside,065,2383286,288566,283622,13781,297403,4264
2021-04-06,Sacramento,067,1510023,100230,99110,1503,100613,1537
2021-04-06,San Benito,069,59416,5920,5907,105,6012,62
2021-04-06,San Bernardino,071,2135413,289895,286792,8891,295683,4428
2021-04-06,San Diego,073,3302833,272925,271867,13727,285594,3585
2021-04-06,San Francisco,075,870044,35606,35572,1241,36813,488
2021-04-06,San Joaquin,077,732212,70386,69316,3326,72642,1278
2021-04-06,San Luis Obispo,079,281455,20630,20350,652,21002,252
2021-04-06,San Mateo,081,765935,41134,40649,436,41085,350
2021-04-06,Santa Barbara,083,443738,34126,33257,1178,34435,443
2021-04-06,Santa Clara,085,1922200,115145,115184,678,115862,1900
2021-04-06,Santa Cruz,087,273765,15893,15252,832,16084,203
2021-04-06,Shasta,089,179085,11452,11443,1401,12844,184
2021-04-06,Sierra,091,2930,54,51,13,64,0
2021-04-06,Siskiyou,093,43540,1578,1510,274,1784,7
2021-04-06,Solano,095,438530,31182,31078,433,31511,237
2021-04-06,Sonoma,097,501317,29304,29386,289,29675,311
2021-04-06,Stanislaus,099,539301,53644,53304,5733,59037,686
2021-04-06,Sutter,101,95872,9222,9179,84,9263,106
2021-04-06,Tehama,103,63373,4840,4798,537,5335,52
2021-04-06,Trinity,105,12862,453,321,77,398,3
2021-04-06,Tulare,107,460477,49183,48372,8841,57213,819
2021-04-06,Tuolumne,109,53932,3991,3981,35,4016,57
2021-04-06,Ventura,111,848112,80117,79556,2930,82486,983
2021-04-06,Yolo,113,214977,13437,13443,255,13698,198
2021-04-06,Yuba,115,75493,5772,5733,113,5846,43
2021-04-05,Alameda,001,1643700,84520,84007,1860,85867,1219
2021-04-05,Alpine,003,1148,86,85,0,85,0
2021-04-05,Amador,005,37829,3607,3584,33,3617,45
2021-04-05,Butte,007,227075,11755,11384,1712,13096,193
2021-04-05,Calaveras,009,45235,2027,2019,12,2031,50
2021-04-05,Colusa,011,21464,1896,1894,277,2171,14
2021-04-05,Contra Costa,013,1133247,66361,65457,1164,66621,774
2021-04-05,Del Norte,015,27424,1231,1189,11,1200,6
2021-04-05,El Dorado,017,186661,9549,9463,639,10102,106
2021-04-05,Fresno,019,978130,100272,99755,8441,108196,1622
2021-04-05,Glenn,021,27897,2356,2335,540,2875,17
2021-04-05,Humboldt,023,135768,3494,3475,25,3500,35
2021-04-05,Imperial,025,180216,27790,27604,2680,30284,710
2021-04-05,Inyo,027,18085,1385,1377,22,1399,36
2021-04-05,Kern,029,883053,95625,94401,10504,104905,1249
2021-04-05,Kings,031,150075,22771,22580,1071,23651,239
2021-04-05,Lake,033,64148,3381,3359,9,3368,43
2021-04-05,Lassen,035,31185,5147,5138,104,5242,1
2021-04-05,Los Angeles,037,10098052,1190090,1183200,40943,1224143,23302
2021-04-05,Madera,039,155013,16228,16065,914,16979,230
2021-04-05,Marin,041,260295,13714,13666,228,13894,221
2021-04-05,Mariposa,043,17540,397,390,7,397,5
2021-04-05,Mendocino,045,87422,3767,3687,69,3756,45
2021-04-05,Merced,047,269075,30068,30068,957,31025,427
2021-04-05,Modoc,049,8938,360,346,120,466,3
2021-04-05,Mono,051,14174,1229,1246,14,1260,3
2021-04-05,Monterey,053,433212,42602,42396,1829,44225,341
2021-04-05,Napa,055,140530,9541,9492,34,9526,78
2021-04-05,Nevada,057,99092,4410,4346,186,4532,69
2021-04-05,Orange,059,3164182,252329,250177,10956,261133,4759
2021-04-05,Placer,061,380077,21852,21133,1330,22463,276
2021-04-05,Plumas,063,18699,672,666,10,676,4
2021-04-05,Riverside,065,2383286,288434,283549,13769,297318,4237
2021-04-05,Sacramento,067,1510023,100068,98908,1495,100403,1533
2021-04-05,San Benito,069,59416,5914,5904,105,6009,61
2021-04-05,San Bernardino,071,2135413,289784,286597,8888,295485,4425
2021-04-05,San Diego,073,3302833,272676,271655,13686,285341,3583
2021-04-05,San Francisco,075,870044,35575,35538,1241,36779,488
2021-04-05,San Joaquin,077,732212,70297,69214,3317,72531,1268
2021-04-05,San Luis Obispo,079,281455,20593,20333,652,20985,252
2021-04-05,San Mateo,081,765935,41091,40609,435,41044,350
2021-04-05,Santa Barbara,083,443738,34093,33235,1178,34413,443
2021-04-05,Santa Clara,085,1922200,114978,115091,675,115766,1893
2021-04-05,Santa Cruz,087,273765,15886,15228,832,16060,201
2021-04-05,Shasta,089,179085,11431,11435,1398,12833,184
2021-04-05,Sierra,091,2930,54,50,13,63,0
2021-04-05,Siskiyou,093,43540,1575,1509,272,1781,7
2021-04-05,Solano,095,438530,31142,31026,431,31457,237
2021-04-05,Sonoma,097,501317,29272,29361,287,29648,311
2021-04-05,Stanislaus,099,539301,53564,53238,5730,58968,686
2021-04-05,Sutter,101,95872,9215,9169,84,9253,106
2021-04-05,Tehama,103,63373,4834,4794,537,5331,52
2021-04-05,Trinity,105,12862,452,321,77,398,3
2021-04-05,Tulare,107,460477,49171,48356,8834,57190,818
2021-04-05,Tuolumne,109,53932,3990,3980,35,4015,57
2021-04-05,Ventura,111,848112,80086,79549,2927,82476,983
2021-04-05,Yolo,113,214977,13423,13427,254,13681,198
2021-04-05,Yuba,115,75493,5767,5728,112,5840,43
2021-04-04,Alameda,001,1643700,84401,83951,1856,85807,1219
2021-04-04,Alpine,003,1148,86,85,0,85,0
2021-04-04,Amador,005,37829,3601,3582,33,3615,45
2021-04-04,Butte,007,227075,11740,11375,1711,13086,193
2021-04-04,Calaveras,009,45235,2023,2020,12,2032,50
2021-04-04,Colusa,011,21464,1895,1893,277,2170,14
2021-04-04,Contra Costa,013,1133247,66255,65408,1159,66567,774
2021-04-04,Del Norte,015,27424,1223,1186,11,1197,6
2021-04-04,El Dorado,017,186661,9530,9455,635,10090,106
2021-04-04,Fresno,019,978130,100198,99702,8428,108130,1622
2021-04-04,Glenn,021,27897,2353,2335,539,2874,17
2021-04-04,Humboldt,023,135768,3483,3472,25,3497,35
2021-04-04,Imperial,025,180216,27734,27588,2678,30266,710
2021-04-04,Inyo,027,18085,1381,1377,22,1399,36
2021-04-04,Kern,029,883053,95581,94388,10483,104871,1247
2021-04-04,Kings,031,150075,22769,22580,1070,23650,239
2021-04-04,Lake,033,64148,3375,3355,8,3363,43
2021-04-04,Lassen,035,31185,5146,5138,104,5242,1
2021-04-04,Los Angeles,037,10098052,1189549,1182872,40897,1223769,23301
2021-04-04,Madera,039,155013,16202,16052,910,16962,230
2021-04-04,Marin,041,260295,13701,13663,227,13890,221
2021-04-04,Mariposa,043,17540,397,390,7,397,5
2021-04-04,Mendocino,045,87422,3764,3684,69,3753,45
2021-04-04,Merced,047,269075,30025,30048,954,31002,427
2021-04-04,Modoc,049,8938,360,346,120,466,3
2021-04-04,Mono,051,14174,1228,1245,14,1259,3
2021-04-04,Monterey,053,433212,42585,42391,1828,44219,341
2021-04-04,Napa,055,140530,9529,9486,34,9520,78
2021-04-04,Nevada,057,99092,4398,4337,185,4522,69
2021-04-04,Orange,059,3164182,252193,250117,10940,261057,4759
2021-04-04,Placer,061,380077,21808,21104,1311,22415,276
2021-04-04,Plumas,063,18699,672,666,10,676,4
2021-04-04,Riverside,065,2383286,288310,283537,13765,297302,4237
2021-04-04,Sacramento,067,1510023,99869,98821,1485,100306,1531
2021-04-04,San Benito,069,59416,5904,5901,101,6002,61
2021-04-04,San Bernardino,071,2135413,289643,286561,8880,295441,4423
2021-04-04,San Diego,073,3302833,272365,271528,13644,285172,3583
2021-04-04,San Francisco,075,870044,35521,35525,1238,36763,488
2021-04-04,San Joaquin,077,732212,70196,69147,3305,72452,1268
2021-04-04,San Luis Obispo,079,281455,20561,20328,644,20972,252
2021-04-04,San Mateo,081,765935,41048,40587,432,41019,350
2021-04-04,Santa Barbara,083,443738,34057,33213,1178,34391,443
2021-04-04,Santa Clara,085,1922200,114812,114976,668,115644,1893
2021-04-04,Santa Cruz,087,273765,15877,15219,832,16051,201
2021-04-04,Shasta,089,179085,11405,11433,1397,12830,184
2021-04-04,Sierra,091,2930,54,50,13,63,0
2021-04-04,Siskiyou,093,43540,1572,1509,268,1777,7
2021-04-04,Solano,095,438530,31095,31002,429,31431,237
2021-04-04,Sonoma,097,501317,29240,29340,285,29625,311
2021-04-04,Stanislaus,099,539301,53471,53181,5722,58903,686
2021-04-04,Sutter,101,95872,9208,9164,84,9248,106
2021-04-04,Tehama,103,63373,4822,4792,536,5328,52
2021-04-04,Trinity,105,12862,450,321,77,398,3
2021-04-04,Tulare,107,460477,49156,48343,8826,57169,818
2021-04-04,Tuolumne,109,53932,3982,3980,35,4015,57
2021-04-04,Ventura,111,848112,80043,79526,2925,82451,983
2021-04-04,Yolo,113,214977,13402,13425,253,13678,198
2021-04-04,Yuba,115,75493,5760,5722,112,5834,43
2021-04-03,Alameda,001,1643700,84333,83861,1854,85715,1218
2021-04-03,Alpine,003,1148,86,85,0,85,0
2021-04-03,Amador,005,37829,3598,3577,33,3610,45
2021-04-03,Butte,007,227075,11736,11359,1707,13066,193
2021-04-03,Calaveras,009,45235,2020,2019,12,2031,50
2021-04-03,Colusa,011,21464,1895,1891,277,2168,14
2021-04-03,Contra Costa,013,1133247,66183,65338,1159,66497,774
2021-04-03,Del Norte,015,27424,1218,1183,11,1194,6
2021-04-03,El Dorado,017,186661,9521,9448,634,10082,106
2021-04-03,Fresno,019,978130,100141,99602,8423,108025,1622
2021-04-03,Glenn,021,27897,2353,2334,538,2872,17
2021-04-03,Humboldt,023,135768,3481,3467,25,3492,35
2021-04-03,Imperial,025,180216,27718,27572,2675,30247,710
2021-04-03,Inyo,027,18085,1380,1376,22,1398,36
2021-04-03,Kern,029,883053,95555,94369,10467,104836,1243
2021-04-03,Kings,031,150075,22767,22580,1070,23650,239
2021-04-03,Lake,033,64148,3374,3350,8,3358,43
2021-04-03,Lassen,035,31185,5145,5136,104,5240,1
2021-04-03,Los Angeles,037,10098052,1189250,1182402,40879,1223281,23301
2021-04-03,Madera,039,155013,16193,16051,908,16959,230
2021-04-03,Marin,041,260295,13693,13658,226,13884,221
2021-04-03,Mariposa,043,17540,397,390,6,396,5
2021-04-03,Mendocino,045,87422,3763,3684,69,3753,45
2021-04-03,Merced,047,269075,30010,30031,954,30985,427
2021-04-03,Modoc,049,8938,360,346,120,466,3
2021-04-03,Mono,051,14174,1228,1245,14,1259,3
2021-04-03,Monterey,053,433212,42572,42376,1826,44202,341
2021-04-03,Napa,055,140530,9520,9473,34,9507,78
2021-04-03,Nevada,057,99092,4394,4323,185,4508,69
2021-04-03,Orange,059,3164182,252113,249982,10922,260904,4755
2021-04-03,Placer,061,380077,21777,21060,1307,22367,276
2021-04-03,Plumas,063,18699,672,666,10,676,4
2021-04-03,Riverside,065,2383286,288233,283423,13762,297185,4237
2021-04-03,Sacramento,067,1510023,99761,98660,1479,100139,1531
2021-04-03,San Benito,069,59416,5901,5893,100,5993,61
2021-04-03,San Bernardino,071,2135413,289578,286473,8874,295347,4422
2021-04-03,San Diego,073,3302833,272196,271335,13627,284962,3571
2021-04-03,San Francisco,075,870044,35503,35488,1236,36724,489
2021-04-03,San Joaquin,077,732212,70155,69100,3289,72389,1268
2021-04-03,San Luis Obispo,079,281455,20542,20301,644,20945,252
2021-04-03,San Mateo,081,765935,41023,40560,432,40992,350
2021-04-03,Santa Barbara,083,443738,34031,33172,1177,34349,443
2021-04-03,Santa Clara,085,1922200,114703,114865,666,115531,1893
2021-04-03,Santa Cruz,087,273765,15870,15205,832,16037,201
2021-04-03,Shasta,089,179085,11397,11418,1397,12815,184
2021-04-03,Sierra,091,2930,54,50,13,63,0
2021-04-03,Siskiyou,093,43540,1571,1509,268,1777,7
2021-04-03,Solano,095,438530,31074,30970,426,31396,237
2021-04-03,Sonoma,097,501317,29224,29315,284,29599,311
2021-04-03,Stanislaus,099,539301,53436,53137,5716,58853,686
2021-04-03,Sutter,101,95872,9202,9158,84,9242,106
2021-04-03,Tehama,103,63373,4815,4788,536,5324,52
2021-04-03,Trinity,105,12862,450,321,77,398,3
2021-04-03,Tulare,107,460477,49146,48327,8822,57149,818
2021-04-03,Tuolumne,109,53932,3982,3980,35,4015,57
2021-04-03,Ventura,111,848112,80022,79489,2923,82412,983
2021-04-03,Yolo,113,214977,13396,13414,253,13667,198
2021-04-03,Yuba,115,75493,5754,5716,112,5828,43
2021-04-02,Alameda,001,1643700,84260,83776,1850,85626,1217
2021-04-02,Alpine,003,1148,86,85,0,85,0
2021-04-02,Amador,005,37829,3594,3573,32,3605,45
2021-04-02,Butte,007,227075,11728,11350,1707,13057,193
2021-04-02,Calaveras,009,45235,2016,2010,12,2022,50
2021-04-02,Colusa,011,21464,1895,1891,277,2168,14
2021-04-02,Contra Costa,013,1133247,66119,65299,1158,66457,774
2021-04-02,Del Norte,015,27424,1215,1174,11,1185,6
2021-04-02,El Dorado,017,186661,9508,9437,631,10068,106
2021-04-02,Fresno,019,978130,100087,99551,8412,107963,1620
2021-04-02,Glenn,021,27897,2353,2331,538,2869,17
2021-04-02,Humboldt,023,135768,3477,3465,25,3490,35
2021-04-02,Imperial,025,180216,27705,27553,2669,30222,710
2021-04-02,Inyo,027,18085,1380,1377,22,1399,36
2021-04-02,Kern,029,883053,95537,94348,10464,104812,1233
2021-04-02,Kings,031,150075,22767,22571,1067,23638,239
2021-04-02,Lake,033,64148,3372,3348,8,3356,43
2021-04-02,Lassen,035,31185,5145,5134,104,5238,1
2021-04-02,Los Angeles,037,10098052,1188941,1181682,40856,1222538,23264
2021-04-02,Madera,039,155013,16184,16036,907,16943,230
2021-04-02,Marin,041,260295,13685,13649,226,13875,221
2021-04-02,Mariposa,043,17540,395,390,6,396,5
2021-04-02,Mendocino,045,87422,3760,3682,69,3751,45
2021-04-02,Merced,047,269075,29986,29998,954,30952,426
2021-04-02,Modoc,049,8938,357,346,120,466,3
2021-04-02,Mono,051,14174,1228,1246,14,1260,3
2021-04-02,Monterey,053,433212,42562,42359,1823,44182,341
2021-04-02,Napa,055,140530,9505,9453,34,9487,78
2021-04-02,Nevada,057,99092,4390,4323,185,4508,69
2021-04-02,Orange,059,3164182,252016,249891,10909,260800,4748
2021-04-02,Placer,061,380077,21741,21035,1301,22336,275
2021-04-02,Plumas,063,18699,672,666,10,676,4
2021-04-02,Riverside,065,2383286,288149,283328,13754,297082,4213
2021-04-02,Sacramento,067,1510023,99654,98648,1472,100120,1527
2021-04-02,San Benito,069,59416,5899,5888,98,5986,61
2021-04-02,San Bernardino,071,2135413,289505,286308,8870,295178,4417
2021-04-02,San Diego,073,3302833,272010,271036,13601,284637,3568
2021-04-02,San Francisco,075,870044,35468,35451,1234,36685,488
2021-04-02,San Joaquin,077,732212,70090,68996,3274,72270,1268
2021-04-02,San Luis Obispo,079,281455,20525,20271,643,20914,252
2021-04-02,San Mateo,081,765935,40981,40514,432,40946,350
2021-04-02,Santa Barbara,083,443738,34003,33145,1177,34322,443
2021-04-02,Santa Clara,085,1922200,114592,114777,664,115441,1882
2021-04-02,Santa Cruz,087,273765,15862,15216,832,16048,202
2021-04-02,Shasta,089,179085,11392,11377,1389,12766,181
2021-04-02,Sierra,091,2930,54,50,13,63,0
2021-04-02,Siskiyou,093,43540,1571,1508,267,1775,7
2021-04-02,Solano,095,438530,31045,30951,423,31374,237
2021-04-02,Sonoma,097,501317,29203,29288,283,29571,311
2021-04-02,Stanislaus,099,539301,53391,53073,5710,58783,687
2021-04-02,Sutter,101,95872,9194,9131,84,9215,106
2021-04-02,Tehama,103,63373,4808,4775,535,5310,52
2021-04-02,Trinity,105,12862,450,320,77,397,3
2021-04-02,Tulare,107,460477,49140,48306,8816,57122,818
2021-04-02,Tuolumne,109,53932,3979,3980,35,4015,57
2021-04-02,Ventura,111,848112,79994,79434,2921,82355,982
2021-04-02,Yolo,113,214977,13386,13381,253,13634,197
2021-04-02,Yuba,115,75493,5750,5709,112,5821,44
2021-04-01,Alameda,001,1643700,84178,83574,1845,85419,1216
2021-04-01,Alpine,003,1148,86,85,0,85,0
2021-04-01,Amador,005,37829,3590,3558,32,3590,45
2021-04-01,Butte,007,227075,11710,11328,1705,13033,193
2021-04-01,Calaveras,009,45235,2012,2006,12,2018,50
2021-04-01,Colusa,011,21464,1892,1890,277,2167,14
2021-04-01,Contra Costa,013,1133247,66059,65176,1156,66332,771
2021-04-01,Del Norte,015,27424,1210,1138,11,1149,6
2021-04-01,El Dorado,017,186661,9499,9393,627,10020,106
2021-04-01,Fresno,019,978130,100034,99317,8404,107721,1616
2021-04-01,Glenn,021,27897,2353,2322,537,2859,17
2021-04-01,Humboldt,023,135768,3473,3464,25,3489,35
2021-04-01,Imperial,025,180216,27675,27520,2663,30183,710
2021-04-01,Inyo,027,18085,1379,1374,22,1396,36
2021-04-01,Kern,029,883053,95501,94244,10452,104696,1233
2021-04-01,Kings,031,150075,22760,22560,1066,23626,239
2021-04-01,Lake,033,64148,3367,3337,8,3345,43
2021-04-01,Lassen,035,31185,5144,5132,104,5236,1
2021-04-01,Los Angeles,037,10098052,1188454,1181101,40830,1221931,23220
2021-04-01,Madera,039,155013,16168,16023,907,16930,230
2021-04-01,Marin,041,260295,13675,13635,226,13861,221
2021-04-01,Mariposa,043,17540,393,389,6,395,5
2021-04-01,Mendocino,045,87422,3760,3680,69,3749,45
2021-04-01,Merced,047,269075,29952,29820,954,30774,425
2021-04-01,Modoc,049,8938,356,346,120,466,3
2021-04-01,Mono,051,14174,1228,1245,14,1259,3
2021-04-01,Monterey,053,433212,42554,42324,1821,44145,339
2021-04-01,Napa,055,140530,9493,9410,34,9444,78
2021-04-01,Nevada,057,99092,4380,4288,184,4472,68
2021-04-01,Orange,059,3164182,251896,249617,10892,260509,4742
2021-04-01,Placer,061,380077,21702,20909,1289,22198,274
2021-04-01,Plumas,063,18699,672,664,10,674,4
2021-04-01,Riverside,065,2383286,288046,283128,13752,296880,4193
2021-04-01,Sacramento,067,1510023,99509,97952,1458,99410,1521
2021-04-01,San Benito,069,59416,5891,5878,97,5975,61
2021-04-01,San Bernardino,071,2135413,289388,286086,8861,294947,4404
2021-04-01,San Diego,073,3302833,271785,270540,13571,284111,3555
2021-04-01,San Francisco,075,870044,35447,35386,1231,36617,488
2021-04-01,San Joaquin,077,732212,70008,68802,3266,72068,1262
2021-04-01,San Luis Obispo,079,281455,20496,20235,642,20877,252
2021-04-01,San Mateo,081,765935,40940,40454,432,40886,350
2021-04-01,Santa Barbara,083,443738,33958,33096,1172,34268,443
2021-04-01,Santa Clara,085,1922200,114479,114606,663,115269,1874
2021-04-01,Santa Cruz,087,273765,15847,15271,832,16103,202
2021-04-01,Shasta,089,179085,11377,11355,1383,12738,181
2021-04-01,Sierra,091,2930,54,50,13,63,0
2021-04-01,Siskiyou,093,43540,1569,1507,266,1773,7
2021-04-01,Solano,095,438530,31012,30850,420,31270,237
2021-04-01,Sonoma,097,501317,29172,29241,276,29517,311
2021-04-01,Stanislaus,099,539301,53328,52825,5704,58529,687
2021-04-01,Sutter,101,95872,9182,9105,84,9189,106
2021-04-01,Tehama,103,63373,4802,4764,532,5296,52
2021-04-01,Trinity,105,12862,450,319,77,396,3
2021-04-01,Tulare,107,460477,49117,48279,8806,57085,817
2021-04-01,Tuolumne,109,53932,3978,3978,35,4013,57
2021-04-01,Ventura,111,848112,79970,79369,2920,82289,977
2021-04-01,Yolo,113,214977,13373,13342,253,13595,197
2021-04-01,Yuba,115,75493,5745,5694,112,5806,44
2021-03-31,Alameda,001,1643700,84096,83475,1840,85315,1215
2021-03-31,Alpine,003,1148,86,85,0,85,0
2021-03-31,Amador,005,37829,3587,3556,32,3588,45
2021-03-31,Butte,007,227075,11700,11321,1702,13023,193
2021-03-31,Calaveras,009,45235,2010,2005,12,2017,50
2021-03-31,Colusa,011,21464,1892,1890,277,2167,14
2021-03-31,Contra Costa,013,1133247,65974,65109,1155,66264,769
2021-03-31,Del Norte,015,27424,1201,1129,11,1140,6
2021-03-31,El Dorado,017,186661,9482,9390,627,10017,106
2021-03-31,Fresno,019,978130,99942,99240,8389,107629,1616
2021-03-31,Glenn,021,27897,2348,2318,535,2853,17
2021-03-31,Humboldt,023,135768,3467,3460,25,3485,35
2021-03-31,Imperial,025,180216,27655,27506,2662,30168,710
2021-03-31,Inyo,027,18085,1376,1373,22,1395,35
2021-03-31,Kern,029,883053,95458,94205,10443,104648,1229
2021-03-31,Kings,031,150075,22757,22540,1066,23606,239
2021-03-31,Lake,033,64148,3363,3332,8,3340,43
2021-03-31,Lassen,035,31185,5140,5132,104,5236,1
2021-03-31,Los Angeles,037,10098052,1187990,1180538,40790,1221328,23171
2021-03-31,Madera,039,155013,16154,16015,906,16921,229
2021-03-31,Marin,041,260295,13664,13624,226,13850,221
2021-03-31,Mariposa,043,17540,393,389,6,395,5
2021-03-31,Mendocino,045,87422,3754,3675,69,3744,45
2021-03-31,Merced,047,269075,29923,29780,954,30734,423
2021-03-31,Modoc,049,8938,356,346,120,466,3
2021-03-31,Mono,051,14174,1228,1245,14,1259,3
2021-03-31,Monterey,053,433212,42537,42309,1819,44128,338
2021-03-31,Napa,055,140530,9475,9401,34,9435,78
2021-03-31,Nevada,057,99092,4374,4283,184,4467,68
2021-03-31,Orange,059,3164182,251784,249518,10877,260395,4731
2021-03-31,Placer,061,380077,21653,20885,1281,22166,271
2021-03-31,Plumas,063,18699,671,663,10,673,4
2021-03-31,Riverside,065,2383286,287946,283006,13742,296748,4171
2021-03-31,Sacramento,067,1510023,99332,97760,1451,99211,1519
2021-03-31,San Benito,069,59416,5881,5875,97,5972,61
2021-03-31,San Bernardino,071,2135413,289294,285916,8858,294774,4356
2021-03-31,San Diego,073,3302833,271554,270288,13536,283824,3555
2021-03-31,San Francisco,075,870044,35403,35347,1230,36577,474
2021-03-31,San Joaquin,077,732212,69919,68685,3250,71935,1259
2021-03-31,San Luis Obispo,079,281455,20475,20215,641,20856,251
2021-03-31,San Mateo,081,765935,40910,40423,432,40855,350
2021-03-31,Santa Barbara,083,443738,33927,33052,1170,34222,443
2021-03-31,Santa Clara,085,1922200,114352,114499,663,115162,1874
2021-03-31,Santa Cruz,087,273765,15834,15295,831,16126,201
2021-03-31,Shasta,089,179085,11365,11327,1375,12702,179
2021-03-31,Sierra,091,2930,54,50,13,63,0
2021-03-31,Siskiyou,093,43540,1568,1505,266,1771,7
2021-03-31,Solano,095,438530,30966,30824,419,31243,235
2021-03-31,Sonoma,097,501317,29145,29216,276,29492,311
2021-03-31,Stanislaus,099,539301,53260,52782,5692,58474,687
2021-03-31,Sutter,101,95872,9171,9111,84,9195,106
2021-03-31,Tehama,103,63373,4797,4762,529,5291,52
2021-03-31,Trinity,105,12862,450,319,77,396,3
2021-03-31,Tulare,107,460477,49097,48261,8790,57051,816
2021-03-31,Tuolumne,109,53932,3978,3976,35,4011,57
2021-03-31,Ventura,111,848112,79938,79326,2916,82242,969
2021-03-31,Yolo,113,214977,13356,13359,252,13611,197
2021-03-31,Yuba,115,75493,5738,5686,112,5798,44
2021-03-30,Alameda,001,1643700,83997,83395,1837,85232,1211
2021-03-30,Alpine,003,1148,86,85,0,85,0
2021-03-30,Amador,005,37829,3584,3551,32,3583,45
2021-03-30,Butte,007,227075,11688,11296,1699,12995,193
2021-03-30,Calaveras,009,45235,2004,1997,12,2009,50
2021-03-30,Colusa,011,21464,1891,1890,276,2166,14
2021-03-30,Contra Costa,013,1133247,65886,65041,1153,66194,767
2021-03-30,Del Norte,015,27424,1193,1118,10,1128,6
2021-03-30,El Dorado,017,186661,9463,9381,624,10005,105
2021-03-30,Fresno,019,978130,99879,99156,8377,107533,1609
2021-03-30,Glenn,021,27897,2348,2310,534,2844,17
2021-03-30,Humboldt,023,135768,3465,3461,25,3486,35
2021-03-30,Imperial,025,180216,27626,27471,2660,30131,706
2021-03-30,Inyo,027,18085,1376,1374,22,1396,35
2021-03-30,Kern,029,883053,95416,94151,10434,104585,1221
2021-03-30,Kings,031,150075,22753,22530,1064,23594,238
2021-03-30,Lake,033,64148,3357,3330,8,3338,43
2021-03-30,Lassen,035,31185,5140,5132,104,5236,1
2021-03-30,Los Angeles,037,10098052,1187497,1180044,40768,1220812,23136
2021-03-30,Madera,039,155013,16144,16003,902,16905,229
2021-03-30,Marin,041,260295,13655,13611,218,13829,221
2021-03-30,Mariposa,043,17540,393,388,6,394,5
2021-03-30,Mendocino,045,87422,3752,3670,69,3739,45
2021-03-30,Merced,047,269075,29887,29731,954,30685,423
2021-03-30,Modoc,049,8938,355,346,120,466,3
2021-03-30,Mono,051,14174,1227,1245,14,1259,3
2021-03-30,Monterey,053,433212,42511,42308,1816,44124,338
2021-03-30,Napa,055,140530,9460,9391,34,9425,78
2021-03-30,Nevada,057,99092,4362,4266,183,4449,68
2021-03-30,Orange,059,3164182,251655,249412,10850,260262,4727
2021-03-30,Placer,061,380077,21613,20866,1275,22141,271
2021-03-30,Plumas,063,18699,671,661,10,671,4
2021-03-30,Riverside,065,2383286,287826,282930,13734,296664,4154
2021-03-30,Sacramento,067,1510023,99195,97718,1447,99165,1516
2021-03-30,San Benito,069,59416,5875,5870,97,5967,61
2021-03-30,San Bernardino,071,2135413,289186,285758,8849,294607,4343
2021-03-30,San Diego,073,3302833,271317,269998,13498,283496,3555
2021-03-30,San Francisco,075,870044,35353,35325,1229,36554,474
2021-03-30,San Joaquin,077,732212,69832,68613,3239,71852,1232
2021-03-30,San Luis Obispo,079,281455,20455,20194,641,20835,251
2021-03-30,San Mateo,081,765935,40865,40377,432,40809,349
2021-03-30,Santa Barbara,083,443738,33901,33016,1170,34186,441
2021-03-30,Santa Clara,085,1922200,114230,114413,662,115075,1873
2021-03-30,Santa Cruz,087,273765,15828,15278,831,16109,201
2021-03-30,Shasta,089,179085,11357,11316,1374,12690,184
2021-03-30,Sierra,091,2930,54,50,13,63,0
2021-03-30,Siskiyou,093,43540,1567,1501,266,1767,7
2021-03-30,Solano,095,438530,30936,30802,418,31220,232
2021-03-30,Sonoma,097,501317,29113,29198,276,29474,311
2021-03-30,Stanislaus,099,539301,53182,52690,5684,58374,677
2021-03-30,Sutter,101,95872,9167,9107,83,9190,106
2021-03-30,Tehama,103,63373,4788,4748,528,5276,52
2021-03-30,Trinity,105,12862,450,316,77,393,3
2021-03-30,Tulare,107,460477,49083,48249,8781,57030,815
2021-03-30,Tuolumne,109,53932,3973,3972,35,4007,57
2021-03-30,Ventura,111,848112,79894,79282,2913,82195,958
2021-03-30,Yolo,113,214977,13344,13353,252,13605,195
2021-03-30,Yuba,115,75493,5727,5679,106,5785,42
2021-03-29,Alameda,001,1643700,83895,83338,1836,85174,1211
2021-03-29,Alpine,003,1148,86,85,0,85,0
2021-03-29,Amador,005,37829,3578,3549,32,3581,45
2021-03-29,Butte,007,227075,11679,11291,1696,12987,191
2021-03-29,Calaveras,009,45235,2003,1998,12,2010,50
2021-03-29,Colusa,011,21464,1891,1889,275,2164,14
2021-03-29,Contra Costa,013,1133247,65818,64971,1152,66123,767
2021-03-29,Del Norte,015,27424,1188,1116,9,1125,6
2021-03-29,El Dorado,017,186661,9443,9374,618,9992,105
2021-03-29,Fresno,019,978130,99796,99085,8362,107447,1606
2021-03-29,Glenn,021,27897,2342,2310,534,2844,17
2021-03-29,Humboldt,023,135768,3460,3459,25,3484,34
2021-03-29,Imperial,025,180216,27606,27442,2656,30098,704
2021-03-29,Inyo,027,18085,1376,1372,22,1394,35
2021-03-29,Kern,029,883053,95368,94098,10414,104512,1220
2021-03-29,Kings,031,150075,22741,22522,1063,23585,238
2021-03-29,Lake,033,64148,3354,3325,8,3333,43
2021-03-29,Lassen,035,31185,5140,5131,104,5235,1
2021-03-29,Los Angeles,037,10098052,1187005,1179736,40728,1220464,23108
2021-03-29,Madera,039,155013,16124,15987,900,16887,210
2021-03-29,Marin,041,260295,13643,13600,214,13814,220
2021-03-29,Mariposa,043,17540,392,388,6,394,5
2021-03-29,Mendocino,045,87422,3749,3667,69,3736,45
2021-03-29,Merced,047,269075,29863,29699,954,30653,422
2021-03-29,Modoc,049,8938,354,344,120,464,3
2021-03-29,Mono,051,14174,1226,1243,14,1257,3
2021-03-29,Monterey,053,433212,42495,42305,1811,44116,337
2021-03-29,Napa,055,140530,9444,9379,34,9413,78
2021-03-29,Nevada,057,99092,4355,4258,183,4441,68
2021-03-29,Orange,059,3164182,251543,249295,10838,260133,4713
2021-03-29,Placer,061,380077,21578,20827,1268,22095,267
2021-03-29,Plumas,063,18699,670,660,10,670,4
2021-03-29,Riverside,065,2383286,287734,282867,13733,296600,4133
2021-03-29,Sacramento,067,1510023,99001,97577,1439,99016,1514
2021-03-29,San Benito,069,59416,5868,5865,97,5962,61
2021-03-29,San Bernardino,071,2135413,289090,285615,8845,294460,4335
2021-03-29,San Diego,073,3302833,271050,269771,13473,283244,3547
2021-03-29,San Francisco,075,870044,35318,35291,1226,36517,474
2021-03-29,San Joaquin,077,732212,69746,68537,3226,71763,1211
2021-03-29,San Luis Obispo,079,281455,20420,20176,640,20816,250
2021-03-29,San Mateo,081,765935,40823,40357,431,40788,348
2021-03-29,Santa Barbara,083,443738,33867,32983,1169,34152,439
2021-03-29,Santa Clara,085,1922200,114123,114335,657,114992,1871
2021-03-29,Santa Cruz,087,273765,15817,15249,830,16079,201
2021-03-29,Shasta,089,179085,11339,11313,1372,12685,183
2021-03-29,Sierra,091,2930,54,50,13,63,0
2021-03-29,Siskiyou,093,43540,1566,1497,265,1762,6
2021-03-29,Solano,095,438530,30897,30762,416,31178,232
2021-03-29,Sonoma,097,501317,29090,29184,273,29457,310
2021-03-29,Stanislaus,099,539301,53098,52614,5676,58290,677
2021-03-29,Sutter,101,95872,9160,9105,83,9188,106
2021-03-29,Tehama,103,63373,4780,4742,527,5269,52
2021-03-29,Trinity,105,12862,450,314,77,391,3
2021-03-29,Tulare,107,460477,49056,48226,8770,56996,815
2021-03-29,Tuolumne,109,53932,3971,3969,35,4004,57
2021-03-29,Ventura,111,848112,79853,79252,2912,82164,956
2021-03-29,Yolo,113,214977,13326,13346,252,13598,195
2021-03-29,Yuba,115,75493,5720,5671,105,5776,42
2021-03-28,Alameda,001,1643700,83772,83239,1834,85073,1212
2021-03-28,Alpine,003,1148,86,85,0,85,0
2021-03-28,Amador,005,37829,3574,3541,32,3573,45
2021-03-28,Butte,007,227075,11666,11285,1694,12979,191
2021-03-28,Calaveras,009,45235,2001,1995,12,2007,50
2021-03-28,Colusa,011,21464,1890,1889,275,2164,14
2021-03-28,Contra Costa,013,1133247,65744,64878,1148,66026,767
2021-03-28,Del Norte,015,27424,1181,1107,7,1114,6
2021-03-28,El Dorado,017,186661,9428,9371,616,9987,105
2021-03-28,Fresno,019,978130,99714,99004,8350,107354,1606
2021-03-28,Glenn,021,27897,2339,2309,532,2841,17
2021-03-28,Humboldt,023,135768,3457,3452,24,3476,34
2021-03-28,Imperial,025,180216,27579,27426,2653,30079,704
2021-03-28,Inyo,027,18085,1375,1372,22,1394,35
2021-03-28,Kern,029,883053,95323,94084,10402,104486,1219
2021-03-28,Kings,031,150075,22737,22514,1059,23573,238
2021-03-28,Lake,033,64148,3349,3320,8,3328,43
2021-03-28,Lassen,035,31185,5140,5131,103,5234,1
2021-03-28,Los Angeles,037,10098052,1186456,1179316,40669,1219985,23101
2021-03-28,Madera,039,155013,16109,15973,899,16872,210
2021-03-28,Marin,041,260295,13630,13594,212,13806,221
2021-03-28,Mariposa,043,17540,392,388,6,394,5
2021-03-28,Mendocino,045,87422,3747,3666,69,3735,45
2021-03-28,Merced,047,269075,29806,29679,954,30633,422
2021-03-28,Modoc,049,8938,354,344,120,464,3
2021-03-28,Mono,051,14174,1225,1242,14,1256,3
2021-03-28,Monterey,053,433212,42472,42294,1807,44101,337
2021-03-28,Napa,055,140530,9430,9368,34,9402,78
2021-03-28,Nevada,057,99092,4341,4239,183,4422,68
2021-03-28,Orange,059,3164182,251388,249238,10828,260066,4713
2021-03-28,Placer,061,380077,21534,20796,1262,22058,267
2021-03-28,Plumas,063,18699,668,657,10,667,4
2021-03-28,Riverside,065,2383286,287631,282811,13725,296536,4132
2021-03-28,Sacramento,067,1510023,98826,97425,1433,98858,1514
2021-03-28,San Benito,069,59416,5863,5862,97,5959,61
2021-03-28,San Bernardino,071,2135413,288971,285570,8836,294406,4332
2021-03-28,San Diego,073,3302833,270776,269476,13445,282921,3547
2021-03-28,San Francisco,075,870044,35272,35286,1222,36508,474
2021-03-28,San Joaquin,077,732212,69621,68459,3206,71665,1211
2021-03-28,San Luis Obispo,079,281455,20385,20172,637,20809,250
2021-03-28,San Mateo,081,765935,40778,40305,431,40736,348
2021-03-28,Santa Barbara,083,443738,33825,32953,1168,34121,439
2021-03-28,Santa Clara,085,1922200,114023,114232,653,114885,1871
2021-03-28,Santa Cruz,087,273765,15803,15238,829,16067,201
2021-03-28,Shasta,089,179085,11313,11308,1361,12669,183
2021-03-28,Sierra,091,2930,54,50,13,63,0
2021-03-28,Siskiyou,093,43540,1566,1497,264,1761,6
2021-03-28,Solano,095,438530,30860,30719,414,31133,232
2021-03-28,Sonoma,097,501317,29054,29161,271,29432,310
2021-03-28,Stanislaus,099,539301,53010,52567,5661,58228,678
2021-03-28,Sutter,101,95872,9151,9094,83,9177,106
2021-03-28,Tehama,103,63373,4770,4740,523,5263,52
2021-03-28,Trinity,105,12862,448,314,76,390,3
2021-03-28,Tulare,107,460477,49027,48218,8764,56982,815
2021-03-28,Tuolumne,109,53932,3969,3969,34,4003,57
2021-03-28,Ventura,111,848112,79802,79222,2907,82129,956
2021-03-28,Yolo,113,214977,13308,13325,251,13576,194
2021-03-28,Yuba,115,75493,5716,5662,105,5767,42
2021-03-27,Alameda,001,1643700,83699,83169,1830,84999,1211
2021-03-27,Alpine,003,1148,86,85,0,85,0
2021-03-27,Amador,005,37829,3569,3538,32,3570,45
2021-03-27,Butte,007,227075,11659,11278,1693,12971,191
2021-03-27,Calaveras,009,45235,1998,1992,12,2004,50
2021-03-27,Colusa,011,21464,1890,1889,275,2164,14
2021-03-27,Contra Costa,013,1133247,65674,64804,1145,65949,767
2021-03-27,Del Norte,015,27424,1171,1104,7,1111,6
2021-03-27,El Dorado,017,186661,9414,9367,616,9983,105
2021-03-27,Fresno,019,978130,99662,98901,8344,107245,1606
2021-03-27,Glenn,021,27897,2338,2308,532,2840,17
2021-03-27,Humboldt,023,135768,3452,3442,24,3466,34
2021-03-27,Imperial,025,180216,27567,27406,2650,30056,704
2021-03-27,Inyo,027,18085,1373,1372,22,1394,35
2021-03-27,Kern,029,883053,95304,94041,10389,104430,1217
2021-03-27,Kings,031,150075,22734,22502,1059,23561,238
2021-03-27,Lake,033,64148,3347,3317,8,3325,43
2021-03-27,Lassen,035,31185,5140,5129,103,5232,1
2021-03-27,Los Angeles,037,10098052,1186143,1178831,40641,1219472,23103
2021-03-27,Madera,039,155013,16102,15968,897,16865,210
2021-03-27,Marin,041,260295,13625,13579,212,13791,222
2021-03-27,Mariposa,043,17540,392,386,6,392,5
2021-03-27,Mendocino,045,87422,3746,3666,69,3735,45
2021-03-27,Merced,047,269075,29773,29647,952,30599,422
2021-03-27,Modoc,049,8938,354,344,120,464,3
2021-03-27,Mono,051,14174,1223,1241,14,1255,3
2021-03-27,Monterey,053,433212,42462,42271,1807,44078,337
2021-03-27,Napa,055,140530,9418,9360,34,9394,78
2021-03-27,Nevada,057,99092,4331,4231,183,4414,68
2021-03-27,Orange,059,3164182,251294,249160,10812,259972,4698
2021-03-27,Placer,061,380077,21514,20717,1255,21972,267
2021-03-27,Plumas,063,18699,667,655,10,665,4
2021-03-27,Riverside,065,2383286,287569,282707,13717,296424,4132
2021-03-27,Sacramento,067,1510023,98736,97247,1431,98678,1513
2021-03-27,San Benito,069,59416,5861,5862,95,5957,61
2021-03-27,San Bernardino,071,2135413,288909,285480,8834,294314,4325
2021-03-27,San Diego,073,3302833,270606,269271,13423,282694,3540
2021-03-27,San Francisco,075,870044,35248,35244,1220,36464,474
2021-03-27,San Joaquin,077,732212,69561,68365,3197,71562,1211
2021-03-27,San Luis Obispo,079,281455,20374,20153,634,20787,250
2021-03-27,San Mateo,081,765935,40755,40264,431,40695,348
2021-03-27,Santa Barbara,083,443738,33802,32921,1168,34089,439
2021-03-27,Santa Clara,085,1922200,113927,114124,651,114775,1871
2021-03-27,Santa Cruz,087,273765,15797,15215,829,16044,201
2021-03-27,Shasta,089,179085,11302,11288,1359,12647,183
2021-03-27,Sierra,091,2930,54,50,13,63,0
2021-03-27,Siskiyou,093,43540,1566,1497,264,1761,6
2021-03-27,Solano,095,438530,30832,30669,413,31082,232
2021-03-27,Sonoma,097,501317,29039,29133,269,29402,310
2021-03-27,Stanislaus,099,539301,52946,52497,5653,58150,678
2021-03-27,Sutter,101,95872,9143,9093,83,9176,106
2021-03-27,Tehama,103,63373,4764,4738,521,5259,52
2021-03-27,Trinity,105,12862,448,313,76,389,3
2021-03-27,Tulare,107,460477,49011,48203,8756,56959,813
2021-03-27,Tuolumne,109,53932,3966,3968,34,4002,57
2021-03-27,Ventura,111,848112,79775,79184,2905,82089,956
2021-03-27,Yolo,113,214977,13303,13317,250,13567,194
2021-03-27,Yuba,115,75493,5714,5657,105,5762,42
2021-03-26,Alameda,001,1643700,83638,83043,1828,84871,1208
2021-03-26,Alpine,003,1148,86,85,0,85,0
2021-03-26,Amador,005,37829,3564,3532,32,3564,45
2021-03-26,Butte,007,227075,11649,11278,1693,12971,191
2021-03-26,Calaveras,009,45235,1997,1989,12,2001,50
2021-03-26,Colusa,011,21464,1890,1889,275,2164,14
2021-03-26,Contra Costa,013,1133247,65614,64699,1143,65842,761
2021-03-26,Del Norte,015,27424,1168,1101,7,1108,6
2021-03-26,El Dorado,017,186661,9409,9353,616,9969,105
2021-03-26,Fresno,019,978130,99602,98731,8332,107063,1601
2021-03-26,Glenn,021,27897,2338,2307,531,2838,17
2021-03-26,Humboldt,023,135768,3450,3431,24,3455,34
2021-03-26,Imperial,025,180216,27543,27374,2650,30024,701
2021-03-26,Inyo,027,18085,1372,1369,22,1391,35
2021-03-26,Kern,029,883053,95278,93949,10383,104332,1211
2021-03-26,Kings,031,150075,22726,22493,1057,23550,239
2021-03-26,Lake,033,64148,3346,3314,8,3322,43
2021-03-26,Lassen,035,31185,5139,5131,103,5234,1
2021-03-26,Los Angeles,037,10098052,1185807,1178213,40627,1218840,23080
2021-03-26,Madera,039,155013,16092,15952,897,16849,210
2021-03-26,Marin,041,260295,13619,13553,207,13760,221
2021-03-26,Mariposa,043,17540,392,386,6,392,5
2021-03-26,Mendocino,045,87422,3745,3664,69,3733,45
2021-03-26,Merced,047,269075,29750,29613,950,30563,419
2021-03-26,Modoc,049,8938,354,344,120,464,3
2021-03-26,Mono,051,14174,1222,1236,14,1250,3
2021-03-26,Monterey,053,433212,42449,42241,1803,44044,338
2021-03-26,Napa,055,140530,9408,9349,34,9383,78
2021-03-26,Nevada,057,99092,4311,4222,183,4405,83
2021-03-26,Orange,059,3164182,251231,248995,10798,259793,4671
2021-03-26,Placer,061,380077,21488,20679,1253,21932,259
2021-03-26,Plumas,063,18699,666,654,10,664,4
2021-03-26,Riverside,065,2383286,287491,282602,13711,296313,4109
2021-03-26,Sacramento,067,1510023,98635,97040,1426,98466,1509
2021-03-26,San Benito,069,59416,5858,5855,95,5950,61
2021-03-26,San Bernardino,071,2135413,288854,285313,8831,294144,4288
2021-03-26,San Diego,073,3302833,270428,269045,13397,282442,3525
2021-03-26,San Francisco,075,870044,35222,35186,1220,36406,472
2021-03-26,San Joaquin,077,732212,69498,68249,3193,71442,1202
2021-03-26,San Luis Obispo,079,281455,20361,20118,634,20752,250
2021-03-26,San Mateo,081,765935,40720,40199,431,40630,348
2021-03-26,Santa Barbara,083,443738,33772,32895,1167,34062,439
2021-03-26,Santa Clara,085,1922200,113829,113959,650,114609,1868
2021-03-26,Santa Cruz,087,273765,15782,15199,828,16027,201
2021-03-26,Shasta,089,179085,11293,11276,1353,12629,182
2021-03-26,Sierra,091,2930,54,50,13,63,0
2021-03-26,Siskiyou,093,43540,1566,1493,263,1756,6
2021-03-26,Solano,095,438530,30807,30640,413,31053,205
2021-03-26,Sonoma,097,501317,29023,29101,266,29367,310
2021-03-26,Stanislaus,099,539301,52878,52420,5649,58069,678
2021-03-26,Sutter,101,95872,9140,9082,83,9165,104
2021-03-26,Tehama,103,63373,4763,4722,520,5242,51
2021-03-26,Trinity,105,12862,448,311,76,387,3
2021-03-26,Tulare,107,460477,48996,48179,8748,56927,813
2021-03-26,Tuolumne,109,53932,3965,3965,34,3999,57
2021-03-26,Ventura,111,848112,79741,79122,2903,82025,953
2021-03-26,Yolo,113,214977,13296,13299,248,13547,194
2021-03-26,Yuba,115,75493,5704,5653,105,5758,42
2021-03-25,Alameda,001,1643700,83540,82945,1826,84771,1206
2021-03-25,Alpine,003,1148,86,84,0,84,0
2021-03-25,Amador,005,37829,3562,3530,32,3562,45
2021-03-25,Butte,007,227075,11639,11270,1693,12963,188
2021-03-25,Calaveras,009,45235,1996,1982,12,1994,50
2021-03-25,Colusa,011,21464,1890,1888,275,2163,14
2021-03-25,Contra Costa,013,1133247,65547,64606,1139,65745,757
2021-03-25,Del Norte,015,27424,1162,1095,7,1102,6
2021-03-25,El Dorado,017,186661,9399,9331,616,9947,105
2021-03-25,Fresno,019,978130,99483,98602,8319,106921,1593
2021-03-25,Glenn,021,27897,2337,2302,530,2832,17
2021-03-25,Humboldt,023,135768,3445,3423,24,3447,34
2021-03-25,Imperial,025,180216,27527,27352,2649,30001,699
2021-03-25,Inyo,027,18085,1372,1369,22,1391,35
2021-03-25,Kern,029,883053,95246,93857,10377,104234,1206
2021-03-25,Kings,031,150075,22716,22472,1057,23529,237
2021-03-25,Lake,033,64148,3341,3312,8,3320,43
2021-03-25,Lassen,035,31185,5139,5129,103,5232,1
2021-03-25,Los Angeles,037,10098052,1185378,1177490,40592,1218082,23051
2021-03-25,Madera,039,155013,16073,15937,895,16832,210
2021-03-25,Marin,041,260295,13610,13538,204,13742,219
2021-03-25,Mariposa,043,17540,392,386,6,392,5
2021-03-25,Mendocino,045,87422,3744,3664,69,3733,45
2021-03-25,Merced,047,269075,29715,29576,942,30518,416
2021-03-25,Modoc,049,8938,354,343,120,463,3
2021-03-25,Mono,051,14174,1222,1235,14,1249,3
2021-03-25,Monterey,053,433212,42428,42220,1798,44018,336
2021-03-25,Napa,055,140530,9389,9321,34,9355,78
2021-03-25,Nevada,057,99092,4293,4202,181,4383,84
2021-03-25,Orange,059,3164182,251118,248871,10777,259648,4655
2021-03-25,Placer,061,380077,21447,20639,1246,21885,252
2021-03-25,Plumas,063,18699,666,654,10,664,4
2021-03-25,Riverside,065,2383286,287394,282492,13700,296192,4078
2021-03-25,Sacramento,067,1510023,98489,96823,1423,98246,1505
2021-03-25,San Benito,069,59416,5855,5850,95,5945,61
2021-03-25,San Bernardino,071,2135413,288772,285134,8826,293960,4222
2021-03-25,San Diego,073,3302833,270201,268623,13366,281989,3520
2021-03-25,San Francisco,075,870044,35183,35154,1218,36372,468
2021-03-25,San Joaquin,077,732212,69400,68089,3154,71243,1196
2021-03-25,San Luis Obispo,079,281455,20343,20076,634,20710,250
2021-03-25,San Mateo,081,765935,40680,40147,431,40578,348
2021-03-25,Santa Barbara,083,443738,33742,32857,1167,34024,439
2021-03-25,Santa Clara,085,1922200,113725,113877,648,114525,1868
2021-03-25,Santa Cruz,087,273765,15761,15170,828,15998,201
2021-03-25,Shasta,089,179085,11276,11262,1351,12613,181
2021-03-25,Sierra,091,2930,54,50,13,63,0
2021-03-25,Siskiyou,093,43540,1564,1491,262,1753,6
2021-03-25,Solano,095,438530,30746,30583,411,30994,193
2021-03-25,Sonoma,097,501317,28988,29060,262,29322,310
2021-03-25,Stanislaus,099,539301,52811,52321,5642,57963,678
2021-03-25,Sutter,101,95872,9131,9069,83,9152,104
2021-03-25,Tehama,103,63373,4761,4719,519,5238,52
2021-03-25,Trinity,105,12862,448,310,76,386,3
2021-03-25,Tulare,107,460477,48970,48148,8735,56883,811
2021-03-25,Tuolumne,109,53932,3964,3962,34,3996,57
2021-03-25,Ventura,111,848112,79700,79045,2899,81944,952
2021-03-25,Yolo,113,214977,13290,13287,248,13535,194
2021-03-25,Yuba,115,75493,5698,5647,99,5746,42
2021-03-24,Alameda,001,1643700,83445,82871,1823,84694,1199
2021-03-24,Alpine,003,1148,86,84,0,84,0
2021-03-24,Amador,005,37829,3556,3529,32,3561,45
2021-03-24,Butte,007,227075,11629,11252,1689,12941,187
2021-03-24,Calaveras,009,45235,1993,1975,12,1987,50
2021-03-24,Colusa,011,21464,1890,1886,275,2161,14
2021-03-24,Contra Costa,013,1133247,65467,64539,1138,65677,755
2021-03-24,Del Norte,015,27424,1157,1087,7,1094,6
2021-03-24,El Dorado,017,186661,9393,9319,615,9934,105
2021-03-24,Fresno,019,978130,99392,98437,8304,106741,1585
2021-03-24,Glenn,021,27897,2336,2297,529,2826,17
2021-03-24,Humboldt,023,135768,3442,3414,24,3438,34
2021-03-24,Imperial,025,180216,27518,27325,2649,29974,699
2021-03-24,Inyo,027,18085,1372,1368,22,1390,35
2021-03-24,Kern,029,883053,95198,93800,10368,104168,1198
2021-03-24,Kings,031,150075,22701,22456,1055,23511,237
2021-03-24,Lake,033,64148,3337,3307,8,3315,43
2021-03-24,Lassen,035,31185,5137,5130,102,5232,1
2021-03-24,Los Angeles,037,10098052,1184903,1177015,40556,1217571,22993
2021-03-24,Madera,039,155013,16064,15918,894,16812,210
2021-03-24,Marin,041,260295,13597,13526,202,13728,219
2021-03-24,Mariposa,043,17540,392,384,6,390,5
2021-03-24,Mendocino,045,87422,3741,3660,69,3729,45
2021-03-24,Merced,047,269075,29673,29525,942,30467,415
2021-03-24,Modoc,049,8938,353,341,120,461,3
2021-03-24,Mono,051,14174,1221,1243,14,1257,3
2021-03-24,Monterey,053,433212,42406,42201,1795,43996,335
2021-03-24,Napa,055,140530,9369,9310,34,9344,78
2021-03-24,Nevada,057,99092,4279,4191,180,4371,85
2021-03-24,Orange,059,3164182,251001,248775,10759,259534,4638
2021-03-24,Placer,061,380077,21416,20606,1238,21844,250
2021-03-24,Plumas,063,18699,664,652,10,662,4
2021-03-24,Riverside,065,2383286,287311,282410,13698,296108,4058
2021-03-24,Sacramento,067,1510023,98314,96628,1411,98039,1500
2021-03-24,San Benito,069,59416,5854,5847,95,5942,61
2021-03-24,San Bernardino,071,2135413,288687,284983,8824,293807,4170
2021-03-24,San Diego,073,3302833,269986,268413,13338,281751,3509
2021-03-24,San Francisco,075,870044,35156,35103,1215,36318,462
2021-03-24,San Joaquin,077,732212,69329,67978,3142,71120,1196
2021-03-24,San Luis Obispo,079,281455,20313,20021,633,20654,250
2021-03-24,San Mateo,081,765935,40630,40083,431,40514,348
2021-03-24,Santa Barbara,083,443738,33714,32810,1167,33977,438
2021-03-24,Santa Clara,085,1922200,113609,113757,645,114402,1851
2021-03-24,Santa Cruz,087,273765,15747,15138,827,15965,202
2021-03-24,Shasta,089,179085,11257,11243,1349,12592,181
2021-03-24,Sierra,091,2930,54,50,13,63,0
2021-03-24,Siskiyou,093,43540,1562,1490,262,1752,6
2021-03-24,Solano,095,438530,30709,30552,410,30962,178
2021-03-24,Sonoma,097,501317,28968,29034,258,29292,310
2021-03-24,Stanislaus,099,539301,52735,52259,5633,57892,677
2021-03-24,Sutter,101,95872,9115,9049,83,9132,104
2021-03-24,Tehama,103,63373,4755,4719,518,5237,49
2021-03-24,Trinity,105,12862,447,310,76,386,3
2021-03-24,Tulare,107,460477,48960,48109,8722,56831,808
2021-03-24,Tuolumne,109,53932,3963,3961,34,3995,57
2021-03-24,Ventura,111,848112,79648,78993,2892,81885,944
2021-03-24,Yolo,113,214977,13279,13269,248,13517,194
2021-03-24,Yuba,115,75493,5692,5634,96,5730,42
2021-03-23,Alameda,001,1643700,83342,82799,1819,84618,1190
2021-03-23,Alpine,003,1148,86,84,0,84,0
2021-03-23,Amador,005,37829,3550,3524,32,3556,45
2021-03-23,Butte,007,227075,11617,11227,1688,12915,187
2021-03-23,Calaveras,009,45235,1991,1971,12,1983,50
2021-03-23,Colusa,011,21464,1888,1885,274,2159,14
2021-03-23,Contra Costa,013,1133247,65368,64491,1137,65628,750
2021-03-23,Del Norte,015,27424,1152,1082,7,1089,6
2021-03-23,El Dorado,017,186661,9383,9318,613,9931,105
2021-03-23,Fresno,019,978130,99278,98362,8279,106641,1575
2021-03-23,Glenn,021,27897,2331,2293,527,2820,17
2021-03-23,Humboldt,023,135768,3433,3405,24,3429,34
2021-03-23,Imperial,025,180216,27510,27320,2649,29969,699
2021-03-23,Inyo,027,18085,1370,1364,22,1386,35
2021-03-23,Kern,029,883053,95091,93728,10361,104089,1191
2021-03-23,Kings,031,150075,22690,22439,1053,23492,237
2021-03-23,Lake,033,64148,3335,3294,8,3302,43
2021-03-23,Lassen,035,31185,5137,5130,102,5232,1
2021-03-23,Los Angeles,037,10098052,1184389,1176572,40517,1217089,22904
2021-03-23,Madera,039,155013,16048,15908,893,16801,210
2021-03-23,Marin,041,260295,13574,13514,200,13714,221
2021-03-23,Mariposa,043,17540,391,384,6,390,5
2021-03-23,Mendocino,045,87422,3739,3652,69,3721,45
2021-03-23,Merced,047,269075,29641,29485,942,30427,415
2021-03-23,Modoc,049,8938,352,342,120,462,3
2021-03-23,Mono,051,14174,1220,1263,14,1277,3
2021-03-23,Monterey,053,433212,42395,42180,1793,43973,335
2021-03-23,Napa,055,140530,9344,9299,34,9333,78
2021-03-23,Nevada,057,99092,4260,4179,179,4358,89
2021-03-23,Orange,059,3164182,250876,248661,10741,259402,4626
2021-03-23,Placer,061,380077,21381,20567,1234,21801,248
2021-03-23,Plumas,063,18699,664,652,10,662,4
2021-03-23,Riverside,065,2383286,287215,282317,13691,296008,4035
2021-03-23,Sacramento,067,1510023,98123,96521,1406,97927,1496
2021-03-23,San Benito,069,59416,5849,5845,94,5939,61
2021-03-23,San Bernardino,071,2135413,288603,284875,8816,293691,4134
2021-03-23,San Diego,073,3302833,269741,268156,13306,281462,3498
2021-03-23,San Francisco,075,870044,35098,35071,1209,36280,462
2021-03-23,San Joaquin,077,732212,69233,67903,3124,71027,1182
2021-03-23,San Luis Obispo,079,281455,20273,20009,632,20641,250
2021-03-23,San Mateo,081,765935,40574,40032,430,40462,348
2021-03-23,Santa Barbara,083,443738,33676,32771,1166,33937,438
2021-03-23,Santa Clara,085,1922200,113492,113645,642,114287,1848
2021-03-23,Santa Cruz,087,273765,15732,15106,827,15933,201
2021-03-23,Shasta,089,179085,11244,11234,1348,12582,175
2021-03-23,Sierra,091,2930,54,50,13,63,0
2021-03-23,Siskiyou,093,43540,1557,1485,260,1745,6
2021-03-23,Solano,095,438530,30668,30524,409,30933,178
2021-03-23,Sonoma,097,501317,28931,29020,257,29277,310
2021-03-23,Stanislaus,099,539301,52635,52148,5625,57773,677
2021-03-23,Sutter,101,95872,9107,9039,83,9122,104
2021-03-23,Tehama,103,63373,4744,4707,517,5224,46
2021-03-23,Trinity,105,12862,447,310,76,386,3
2021-03-23,Tulare,107,460477,48933,48095,8705,56800,808
2021-03-23,Tuolumne,109,53932,3960,3957,34,3991,57
2021-03-23,Ventura,111,848112,79587,78930,2889,81819,932
2021-03-23,Yolo,113,214977,13268,13255,248,13503,194
2021-03-23,Yuba,115,75493,5687,5628,96,5724,42
2021-03-22,Alameda,001,1643700,83250,82748,1813,84561,1189
2021-03-22,Alpine,003,1148,85,83,0,83,0
2021-03-22,Amador,005,37829,3542,3522,32,3554,44
2021-03-22,Butte,007,227075,11608,11211,1686,12897,185
2021-03-22,Calaveras,009,45235,1987,1963,12,1975,49
2021-03-22,Colusa,011,21464,1886,1885,274,2159,13
2021-03-22,Contra Costa,013,1133247,65273,64432,1135,65567,740
2021-03-22,Del Norte,015,27424,1146,1082,7,1089,6
2021-03-22,El Dorado,017,186661,9367,9310,610,9920,105
2021-03-22,Fresno,019,978130,99180,98276,8266,106542,1556
2021-03-22,Glenn,021,27897,2323,2291,527,2818,17
2021-03-22,Humboldt,023,135768,3428,3403,24,3427,34
2021-03-22,Imperial,025,180216,27495,27302,2645,29947,699
2021-03-22,Inyo,027,18085,1367,1363,22,1385,35
2021-03-22,Kern,029,883053,95021,93675,10344,104019,1178
2021-03-22,Kings,031,150075,22677,22433,1048,23481,236
2021-03-22,Lake,033,64148,3334,3290,8,3298,43
2021-03-22,Lassen,035,31185,5135,5129,102,5231,1
2021-03-22,Los Angeles,037,10098052,1183880,1176205,40484,1216689,22843
2021-03-22,Madera,039,155013,16033,15904,893,16797,210
2021-03-22,Marin,041,260295,13565,13501,199,13700,221
2021-03-22,Mariposa,043,17540,390,381,6,387,5
2021-03-22,Mendocino,045,87422,3737,3653,69,3722,45
2021-03-22,Merced,047,269075,29598,29468,939,30407,413
2021-03-22,Modoc,049,8938,350,342,120,462,3
2021-03-22,Mono,051,14174,1215,1263,14,1277,3
2021-03-22,Monterey,053,433212,42378,42161,1791,43952,335
2021-03-22,Napa,055,140530,9333,9288,34,9322,77
2021-03-22,Nevada,057,99092,4250,4174,174,4348,89
2021-03-22,Orange,059,3164182,250725,248517,10707,259224,4599
2021-03-22,Placer,061,380077,21345,20543,1229,21772,242
2021-03-22,Plumas,063,18699,664,652,10,662,4
2021-03-22,Riverside,065,2383286,287122,282242,13680,295922,4009
2021-03-22,Sacramento,067,1510023,97945,96385,1396,97781,1493
2021-03-22,San Benito,069,59416,5846,5844,93,5937,61
2021-03-22,San Bernardino,071,2135413,288516,284771,8804,293575,4107
2021-03-22,San Diego,073,3302833,269529,267913,13286,281199,3494
2021-03-22,San Francisco,075,870044,35056,35040,1205,36245,462
2021-03-22,San Joaquin,077,732212,69141,67815,3106,70921,1182
2021-03-22,San Luis Obispo,079,281455,20249,20000,631,20631,250
2021-03-22,San Mateo,081,765935,40523,40024,429,40453,348
2021-03-22,Santa Barbara,083,443738,33629,32756,1164,33920,437
2021-03-22,Santa Clara,085,1922200,113373,113575,642,114217,1845
2021-03-22,Santa Cruz,087,273765,15720,15077,826,15903,201
2021-03-22,Shasta,089,179085,11230,11218,1347,12565,150
2021-03-22,Sierra,091,2930,54,50,13,63,0
2021-03-22,Siskiyou,093,43540,1556,1487,259,1746,5
2021-03-22,Solano,095,438530,30628,30490,405,30895,171
2021-03-22,Sonoma,097,501317,28902,29010,253,29263,310
2021-03-22,Stanislaus,099,539301,52551,52083,5620,57703,677
2021-03-22,Sutter,101,95872,9094,9024,83,9107,104
2021-03-22,Tehama,103,63373,4736,4704,517,5221,45
2021-03-22,Trinity,105,12862,447,310,76,386,3
2021-03-22,Tulare,107,460477,48918,48074,8684,56758,807
2021-03-22,Tuolumne,109,53932,3957,3954,34,3988,57
2021-03-22,Ventura,111,848112,79539,78890,2886,81776,927
2021-03-22,Yolo,113,214977,13256,13243,247,13490,190
2021-03-22,Yuba,115,75493,5676,5627,94,5721,42
2021-03-21,Alameda,001,1643700,83162,82684,1810,84494,1187
2021-03-21,Alpine,003,1148,85,83,0,83,0
2021-03-21,Amador,005,37829,3538,3519,32,3551,44
2021-03-21,Butte,007,227075,11592,11208,1680,12888,185
2021-03-21,Calaveras,009,45235,1982,1962,12,1974,49
2021-03-21,Colusa,011,21464,1886,1885,274,2159,13
2021-03-21,Contra Costa,013,1133247,65190,64382,1132,65514,740
2021-03-21,Del Norte,015,27424,1131,1076,7,1083,6
2021-03-21,El Dorado,017,186661,9357,9302,605,9907,105
2021-03-21,Fresno,019,978130,99066,98211,8242,106453,1556
2021-03-21,Glenn,021,27897,2320,2288,526,2814,17
2021-03-21,Humboldt,023,135768,3423,3402,24,3426,34
2021-03-21,Imperial,025,180216,27477,27267,2637,29904,699
2021-03-21,Inyo,027,18085,1367,1363,22,1385,35
2021-03-21,Kern,029,883053,94956,93649,10334,103983,1170
2021-03-21,Kings,031,150075,22660,22422,1047,23469,236
2021-03-21,Lake,033,64148,3330,3286,8,3294,43
2021-03-21,Lassen,035,31185,5135,5129,102,5231,1
2021-03-21,Los Angeles,037,10098052,1183353,1175684,40435,1216119,22834
2021-03-21,Madera,039,155013,16014,15895,891,16786,210
2021-03-21,Marin,041,260295,13549,13495,198,13693,220
2021-03-21,Mariposa,043,17540,390,381,6,387,5
2021-03-21,Mendocino,045,87422,3734,3651,69,3720,45
2021-03-21,Merced,047,269075,29538,29446,933,30379,413
2021-03-21,Modoc,049,8938,350,341,120,461,3
2021-03-21,Mono,051,14174,1210,1263,14,1277,3
2021-03-21,Monterey,053,433212,42353,42153,1788,43941,335
2021-03-21,Napa,055,140530,9313,9282,34,9316,77
2021-03-21,Nevada,057,99092,4237,4169,174,4343,89
2021-03-21,Orange,059,3164182,250591,248442,10681,259123,4598
2021-03-21,Placer,061,380077,21309,20520,1221,21741,242
2021-03-21,Plumas,063,18699,664,653,10,663,4
2021-03-21,Riverside,065,2383286,287016,282187,13669,295856,4009
2021-03-21,Sacramento,067,1510023,97751,96269,1388,97657,1489
2021-03-21,San Benito,069,59416,5840,5842,93,5935,61
2021-03-21,San Bernardino,071,2135413,288428,284732,8798,293530,4094
2021-03-21,San Diego,073,3302833,269269,267724,13260,280984,3494
2021-03-21,San Francisco,075,870044,35009,35012,1198,36210,460
2021-03-21,San Joaquin,077,732212,69019,67729,3088,70817,1182
2021-03-21,San Luis Obispo,079,281455,20217,19979,629,20608,250
2021-03-21,San Mateo,081,765935,40478,39988,428,40416,344
2021-03-21,Santa Barbara,083,443738,33589,32743,1163,33906,437
2021-03-21,Santa Clara,085,1922200,113244,113487,639,114126,1840
2021-03-21,Santa Cruz,087,273765,15713,15064,826,15890,199
2021-03-21,Shasta,089,179085,11210,11215,1346,12561,150
2021-03-21,Sierra,091,2930,54,50,13,63,0
2021-03-21,Siskiyou,093,43540,1556,1486,258,1744,5
2021-03-21,Solano,095,438530,30588,30474,402,30876,171
2021-03-21,Sonoma,097,501317,28873,28986,252,29238,310
2021-03-21,Stanislaus,099,539301,52461,52014,5619,57633,677
2021-03-21,Sutter,101,95872,9081,9021,83,9104,104
2021-03-21,Tehama,103,63373,4732,4701,517,5218,45
2021-03-21,Trinity,105,12862,445,310,76,386,3
2021-03-21,Tulare,107,460477,48902,48060,8672,56732,807
2021-03-21,Tuolumne,109,53932,3955,3953,34,3987,57
2021-03-21,Ventura,111,848112,79475,78863,2881,81744,927
2021-03-21,Yolo,113,214977,13235,13235,247,13482,190
2021-03-21,Yuba,115,75493,5666,5624,94,5718,42
2021-03-20,Alameda,001,1643700,83093,82614,1808,84422,1178
2021-03-20,Alpine,003,1148,85,83,0,83,0
2021-03-20,Amador,005,37829,3536,3518,32,3550,44
2021-03-20,Butte,007,227075,11586,11199,1678,12877,185
2021-03-20,Calaveras,009,45235,1978,1961,12,1973,49
2021-03-20,Colusa,011,21464,1886,1883,274,2157,12
2021-03-20,Contra Costa,013,1133247,65130,64313,1132,65445,713
2021-03-20,Del Norte,015,27424,1130,1075,7,1082,6
2021-03-20,El Dorado,017,186661,9351,9290,605,9895,105
2021-03-20,Fresno,019,978130,99005,98112,8236,106348,1532
2021-03-20,Glenn,021,27897,2319,2288,524,2812,17
2021-03-20,Humboldt,023,135768,3416,3399,24,3423,33
2021-03-20,Imperial,025,180216,27471,27239,2635,29874,695
2021-03-20,Inyo,027,18085,1367,1362,22,1384,35
2021-03-20,Kern,029,883053,94927,93606,10330,103936,1155
2021-03-20,Kings,031,150075,22655,22415,1046,23461,236
2021-03-20,Lake,033,64148,3326,3280,8,3288,43
2021-03-20,Lassen,035,31185,5135,5128,102,5230,1
2021-03-20,Los Angeles,037,10098052,1183054,1175290,40410,1215700,22810
2021-03-20,Madera,039,155013,16006,15891,890,16781,210
2021-03-20,Marin,041,260295,13537,13470,194,13664,220
2021-03-20,Mariposa,043,17540,389,381,6,387,5
2021-03-20,Mendocino,045,87422,3733,3639,69,3708,43
2021-03-20,Merced,047,269075,29507,29411,930,30341,412
2021-03-20,Modoc,049,8938,349,341,120,461,3
2021-03-20,Mono,051,14174,1210,1256,14,1270,3
2021-03-20,Monterey,053,433212,42344,42146,1787,43933,334
2021-03-20,Napa,055,140530,9305,9274,34,9308,77
2021-03-20,Nevada,057,99092,4226,4164,173,4337,89
2021-03-20,Orange,059,3164182,250509,248348,10669,259017,4522
2021-03-20,Placer,061,380077,21287,20505,1219,21724,242
2021-03-20,Plumas,063,18699,661,652,10,662,4
2021-03-20,Riverside,065,2383286,286943,282081,13665,295746,4000
2021-03-20,Sacramento,067,1510023,97641,96126,1384,97510,1488
2021-03-20,San Benito,069,59416,5836,5840,93,5933,61
2021-03-20,San Bernardino,071,2135413,288363,284690,8794,293484,3965
2021-03-20,San Diego,073,3302833,269098,267532,13253,280785,3493
2021-03-20,San Francisco,075,870044,34986,34968,1191,36159,453
2021-03-20,San Joaquin,077,732212,68978,67662,3081,70743,1161
2021-03-20,San Luis Obispo,079,281455,20201,19951,623,20574,250
2021-03-20,San Mateo,081,765935,40444,39958,427,40385,344
2021-03-20,Santa Barbara,083,443738,33565,32723,1162,33885,434
2021-03-20,Santa Clara,085,1922200,113152,113384,638,114022,1799
2021-03-20,Santa Cruz,087,273765,15697,15053,826,15879,199
2021-03-20,Shasta,089,179085,11204,11211,1346,12557,147
2021-03-20,Sierra,091,2930,54,50,13,63,0
2021-03-20,Siskiyou,093,43540,1556,1483,258,1741,5
2021-03-20,Solano,095,438530,30558,30439,402,30841,170
2021-03-20,Sonoma,097,501317,28858,28962,251,29213,309
2021-03-20,Stanislaus,099,539301,52406,51925,5611,57536,673
2021-03-20,Sutter,101,95872,9073,9014,83,9097,103
2021-03-20,Tehama,103,63373,4727,4696,515,5211,33
2021-03-20,Trinity,105,12862,444,310,76,386,3
2021-03-20,Tulare,107,460477,48887,48030,8655,56685,804
2021-03-20,Tuolumne,109,53932,3952,3950,34,3984,57
2021-03-20,Ventura,111,848112,79438,78818,2879,81697,922
2021-03-20,Yolo,113,214977,13231,13226,247,13473,190
2021-03-20,Yuba,115,75493,5663,5621,93,5714,42
2021-03-19,Alameda,001,1643700,83020,82499,1806,84305,1187
2021-03-19,Alpine,003,1148,84,82,0,82,0
2021-03-19,Amador,005,37829,3533,3515,32,3547,44
2021-03-19,Butte,007,227075,11578,11191,1675,12866,185
2021-03-19,Calaveras,009,45235,1977,1957,12,1969,49
2021-03-19,Colusa,011,21464,1885,1883,274,2157,12
2021-03-19,Contra Costa,013,1133247,65071,64195,1129,65324,737
2021-03-19,Del Norte,015,27424,1124,1071,5,1076,6
2021-03-19,El Dorado,017,186661,9342,9274,605,9879,105
2021-03-19,Fresno,019,978130,98922,97969,8222,106191,1527
2021-03-19,Glenn,021,27897,2319,2282,524,2806,17
2021-03-19,Humboldt,023,135768,3407,3388,24,3412,33
2021-03-19,Imperial,025,180216,27459,27218,2631,29849,695
2021-03-19,Inyo,027,18085,1365,1356,22,1378,35
2021-03-19,Kern,029,883053,94894,93534,10317,103851,1152
2021-03-19,Kings,031,150075,22646,22369,1043,23412,235
2021-03-19,Lake,033,64148,3320,3262,8,3270,43
2021-03-19,Lassen,035,31185,5135,5126,102,5228,1
2021-03-19,Los Angeles,037,10098052,1182719,1174818,40394,1215212,22752
2021-03-19,Madera,039,155013,15999,15877,889,16766,210
2021-03-19,Marin,041,260295,13525,13441,194,13635,220
2021-03-19,Mariposa,043,17540,388,380,6,386,5
2021-03-19,Mendocino,045,87422,3732,3639,69,3708,45
2021-03-19,Merced,047,269075,29478,29376,929,30305,412
2021-03-19,Modoc,049,8938,349,341,120,461,3
2021-03-19,Mono,051,14174,1208,1244,14,1258,3
2021-03-19,Monterey,053,433212,42335,42125,1785,43910,335
2021-03-19,Napa,055,140530,9293,9256,34,9290,77
2021-03-19,Nevada,057,99092,4215,4156,173,4329,88
2021-03-19,Orange,059,3164182,250408,248146,10658,258804,4501
2021-03-19,Placer,061,380077,21269,20451,1217,21668,242
2021-03-19,Plumas,063,18699,661,650,10,660,4
2021-03-19,Riverside,065,2383286,286861,281937,13660,295597,3989
2021-03-19,Sacramento,067,1510023,97539,95934,1381,97315,1486
2021-03-19,San Benito,069,59416,5836,5845,93,5938,61
2021-03-19,San Bernardino,071,2135413,288291,284501,8792,293293,4017
2021-03-19,San Diego,073,3302833,268963,267173,13243,280416,3491
2021-03-19,San Francisco,075,870044,34940,34936,1188,36124,461
2021-03-19,San Joaquin,077,732212,68908,67515,3067,70582,1180
2021-03-19,San Luis Obispo,079,281455,20181,19913,621,20534,249
2021-03-19,San Mateo,081,765935,40420,39893,427,40320,344
2021-03-19,Santa Barbara,083,443738,33536,32685,1161,33846,435
2021-03-19,Santa Clara,085,1922200,113077,113232,637,113869,1797
2021-03-19,Santa Cruz,087,273765,15690,15026,826,15852,199
2021-03-19,Shasta,089,179085,11197,11104,1344,12448,103
2021-03-19,Sierra,091,2930,53,49,13,62,0
2021-03-19,Siskiyou,093,43540,1556,1480,257,1737,5
2021-03-19,Solano,095,438530,30528,30395,400,30795,172
2021-03-19,Sonoma,097,501317,28837,28932,249,29181,292
2021-03-19,Stanislaus,099,539301,52348,51755,5608,57363,679
2021-03-19,Sutter,101,95872,9071,9005,83,9088,103
2021-03-19,Tehama,103,63373,4719,4685,515,5200,33
2021-03-19,Trinity,105,12862,444,310,76,386,3
2021-03-19,Tulare,107,460477,48864,47989,8632,56621,805
2021-03-19,Tuolumne,109,53932,3949,3946,34,3980,57
2021-03-19,Ventura,111,848112,79400,78753,2874,81627,920
2021-03-19,Yolo,113,214977,13223,13197,247,13444,189
2021-03-19,Yuba,115,75493,5660,5615,92,5707,42
2021-03-18,Alameda,001,1643700,82936,82419,1803,84222,1189
2021-03-18,Alpine,003,1148,84,82,0,82,0
2021-03-18,Amador,005,37829,3529,3513,32,3545,44
2021-03-18,Butte,007,227075,11567,11179,1673,12852,185
2021-03-18,Calaveras,009,45235,1975,1954,12,1966,49
2021-03-18,Colusa,011,21464,1885,1882,274,2156,12
2021-03-18,Contra Costa,013,1133247,64998,64103,1126,65229,739
2021-03-18,Del Norte,015,27424,1115,1059,5,1064,6
2021-03-18,El Dorado,017,186661,9329,9261,604,9865,105
2021-03-18,Fresno,019,978130,98825,97856,8207,106063,1527
2021-03-18,Glenn,021,27897,2315,2275,523,2798,17
2021-03-18,Humboldt,023,135768,3399,3381,24,3405,34
2021-03-18,Imperial,025,180216,27443,27190,2625,29815,695
2021-03-18,Inyo,027,18085,1362,1354,22,1376,35
2021-03-18,Kern,029,883053,94837,93458,10303,103761,1158
2021-03-18,Kings,031,150075,22639,22354,1042,23396,235
2021-03-18,Lake,033,64148,3317,3260,8,3268,43
2021-03-18,Lassen,035,31185,5134,5126,102,5228,1
2021-03-18,Los Angeles,037,10098052,1182288,1174205,40365,1214570,22689
2021-03-18,Madera,039,155013,15987,15860,886,16746,211
2021-03-18,Marin,041,260295,13507,13435,193,13628,219
2021-03-18,Mariposa,043,17540,386,380,6,386,5
2021-03-18,Mendocino,045,87422,3722,3630,69,3699,45
2021-03-18,Merced,047,269075,29443,29317,929,30246,410
2021-03-18,Modoc,049,8938,349,341,120,461,3
2021-03-18,Mono,051,14174,1204,1215,14,1229,3
2021-03-18,Monterey,053,433212,42322,42105,1785,43890,335
2021-03-18,Napa,055,140530,9284,9243,34,9277,77
2021-03-18,Nevada,057,99092,4208,4154,173,4327,74
2021-03-18,Orange,059,3164182,250305,248050,10645,258695,4514
2021-03-18,Placer,061,380077,21237,20421,1214,21635,243
2021-03-18,Plumas,063,18699,659,648,10,658,4
2021-03-18,Riverside,065,2383286,286782,281789,13653,295442,3957
2021-03-18,Sacramento,067,1510023,97391,95819,1377,97196,1481
2021-03-18,San Benito,069,59416,5834,5842,93,5935,61
2021-03-18,San Bernardino,071,2135413,288211,284294,8762,293056,4076
2021-03-18,San Diego,073,3302833,268811,266752,13233,279985,3478
2021-03-18,San Francisco,075,870044,34901,34904,1187,36091,461
2021-03-18,San Joaquin,077,732212,68808,67301,3055,70356,1169
2021-03-18,San Luis Obispo,079,281455,20152,19894,620,20514,249
2021-03-18,San Mateo,081,765935,40379,39874,427,40301,344
2021-03-18,Santa Barbara,083,443738,33494,32640,1161,33801,434
2021-03-18,Santa Clara,085,1922200,112960,113119,633,113752,1808
2021-03-18,Santa Cruz,087,273765,15680,14998,826,15824,198
2021-03-18,Shasta,089,179085,11183,11059,1342,12401,100
2021-03-18,Sierra,091,2930,53,49,13,62,0
2021-03-18,Siskiyou,093,43540,1553,1480,256,1736,5
2021-03-18,Solano,095,438530,30486,30352,397,30749,172
2021-03-18,Sonoma,097,501317,28815,28915,247,29162,292
2021-03-18,Stanislaus,099,539301,52276,51615,5604,57219,682
2021-03-18,Sutter,101,95872,9059,8999,83,9082,103
2021-03-18,Tehama,103,63373,4713,4683,514,5197,35
2021-03-18,Trinity,105,12862,444,310,76,386,3
2021-03-18,Tulare,107,460477,48845,47964,8617,56581,805
2021-03-18,Tuolumne,109,53932,3949,3942,34,3976,57
2021-03-18,Ventura,111,848112,79343,78697,2874,81571,918
2021-03-18,Yolo,113,214977,13210,13183,247,13430,191
2021-03-18,Yuba,115,75493,5656,5612,92,5704,42
2021-03-17,Alameda,001,1643700,82860,82353,1798,84151,1185
2021-03-17,Alpine,003,1148,84,82,0,82,0
2021-03-17,Amador,005,37829,3527,3511,32,3543,44
2021-03-17,Butte,007,227075,11558,11170,1671,12841,185
2021-03-17,Calaveras,009,45235,1972,1946,12,1958,49
2021-03-17,Colusa,011,21464,1884,1882,274,2156,12
2021-03-17,Contra Costa,013,1133247,64929,64026,1125,65151,737
2021-03-17,Del Norte,015,27424,1111,1053,5,1058,6
2021-03-17,El Dorado,017,186661,9319,9252,604,9856,105
2021-03-17,Fresno,019,978130,98714,97727,8189,105916,1507
2021-03-17,Glenn,021,27897,2308,2269,522,2791,17
2021-03-17,Humboldt,023,135768,3391,3365,24,3389,33
2021-03-17,Imperial,025,180216,27427,27168,2623,29791,691
2021-03-17,Inyo,027,18085,1360,1351,22,1373,35
2021-03-17,Kern,029,883053,94781,93392,10290,103682,1149
2021-03-17,Kings,031,150075,22623,22336,1041,23377,233
2021-03-17,Lake,033,64148,3310,3251,8,3259,43
2021-03-17,Lassen,035,31185,5133,5125,102,5227,1
2021-03-17,Los Angeles,037,10098052,1181835,1173416,40332,1213748,22602
2021-03-17,Madera,039,155013,15980,15835,885,16720,214
2021-03-17,Marin,041,260295,13489,13428,192,13620,218
2021-03-17,Mariposa,043,17540,386,379,6,385,5
2021-03-17,Mendocino,045,87422,3718,3625,69,3694,44
2021-03-17,Merced,047,269075,29415,29250,925,30175,408
2021-03-17,Modoc,049,8938,349,341,120,461,3
2021-03-17,Mono,051,14174,1202,1212,14,1226,3
2021-03-17,Monterey,053,433212,42303,42061,1782,43843,334
2021-03-17,Napa,055,140530,9269,9219,34,9253,76
2021-03-17,Nevada,057,99092,4198,4145,173,4318,74
2021-03-17,Orange,059,3164182,250187,247943,10617,258560,4502
2021-03-17,Placer,061,380077,21210,20369,1212,21581,243
2021-03-17,Plumas,063,18699,658,645,10,655,4
2021-03-17,Riverside,065,2383286,286671,281649,13645,295294,3925
2021-03-17,Sacramento,067,1510023,97263,95650,1372,97022,1477
2021-03-17,San Benito,069,59416,5831,5841,93,5934,61
2021-03-17,San Bernardino,071,2135413,288094,284170,8757,292927,4049
2021-03-17,San Diego,073,3302833,268600,266313,13215,279528,3470
2021-03-17,San Francisco,075,870044,34866,34873,1186,36059,457
2021-03-17,San Joaquin,077,732212,68723,67093,3039,70132,1164
2021-03-17,San Luis Obispo,079,281455,20129,19858,616,20474,249
2021-03-17,San Mateo,081,765935,40349,39838,426,40264,344
2021-03-17,Santa Barbara,083,443738,33474,32585,1160,33745,433
2021-03-17,Santa Clara,085,1922200,112867,112983,632,113615,1805
2021-03-17,Santa Cruz,087,273765,15672,14967,826,15793,199
2021-03-17,Shasta,089,179085,11178,11045,1339,12384,100
2021-03-17,Sierra,091,2930,53,49,13,62,0
2021-03-17,Siskiyou,093,43540,1552,1479,254,1733,5
2021-03-17,Solano,095,438530,30460,30320,395,30715,171
2021-03-17,Sonoma,097,501317,28791,28877,246,29123,292
2021-03-17,Stanislaus,099,539301,52202,51524,5597,57121,682
2021-03-17,Sutter,101,95872,9049,8982,83,9065,103
2021-03-17,Tehama,103,63373,4707,4670,514,5184,34
2021-03-17,Trinity,105,12862,444,308,76,384,3
2021-03-17,Tulare,107,460477,48825,47929,8607,56536,805
2021-03-17,Tuolumne,109,53932,3946,3938,34,3972,57
2021-03-17,Ventura,111,848112,79288,78648,2871,81519,916
2021-03-17,Yolo,113,214977,13194,13169,246,13415,190
2021-03-17,Yuba,115,75493,5653,5603,92,5695,42
2021-03-16,Alameda,001,1643700,82745,82259,1796,84055,1177
2021-03-16,Alpine,003,1148,84,82,0,82,0
2021-03-16,Amador,005,37829,3525,3510,32,3542,44
2021-03-16,Butte,007,227075,11546,11154,1670,12824,184
2021-03-16,Calaveras,009,45235,1967,1945,12,1957,49
2021-03-16,Colusa,011,21464,1883,1882,274,2156,12
2021-03-16,Contra Costa,013,1133247,64847,63951,1122,65073,736
2021-03-16,Del Norte,015,27424,1103,1048,5,1053,6
2021-03-16,El Dorado,017,186661,9303,9249,604,9853,105
2021-03-16,Fresno,019,978130,98578,97638,8166,105804,1498
2021-03-16,Glenn,021,27897,2300,2267,518,2785,17
2021-03-16,Humboldt,023,135768,3387,3351,24,3375,33
2021-03-16,Imperial,025,180216,27416,27143,2621,29764,689
2021-03-16,Inyo,027,18085,1359,1346,22,1368,35
2021-03-16,Kern,029,883053,94715,93340,10274,103614,1144
2021-03-16,Kings,031,150075,22587,22320,1040,23360,233
2021-03-16,Lake,033,64148,3302,3246,8,3254,43
2021-03-16,Lassen,035,31185,5132,5126,102,5228,1
2021-03-16,Los Angeles,037,10098052,1181304,1172676,40293,1212969,22527
2021-03-16,Madera,039,155013,15964,15822,883,16705,214
2021-03-16,Marin,041,260295,13471,13419,192,13611,218
2021-03-16,Mariposa,043,17540,383,379,6,385,5
2021-03-16,Mendocino,045,87422,3713,3623,69,3692,44
2021-03-16,Merced,047,269075,29362,29198,924,30122,407
2021-03-16,Modoc,049,8938,349,341,120,461,3
2021-03-16,Mono,051,14174,1201,1207,14,1221,3
2021-03-16,Monterey,053,433212,42284,42023,1782,43805,334
2021-03-16,Napa,055,140530,9259,9209,34,9243,75
2021-03-16,Nevada,057,99092,4189,4132,172,4304,67
2021-03-16,Orange,059,3164182,250048,247843,10598,258441,4479
2021-03-16,Placer,061,380077,21176,20339,1208,21547,240
2021-03-16,Plumas,063,18699,657,643,10,653,4
2021-03-16,Riverside,065,2383286,286565,281540,13632,295172,3893
2021-03-16,Sacramento,067,1510023,97120,95522,1368,96890,1466
2021-03-16,San Benito,069,59416,5826,5831,93,5924,61
2021-03-16,San Bernardino,071,2135413,287964,283980,8750,292730,4032
2021-03-16,San Diego,073,3302833,268368,265903,13202,279105,3462
2021-03-16,San Francisco,075,870044,34837,34833,1181,36014,456
2021-03-16,San Joaquin,077,732212,68621,66856,3026,69882,1163
2021-03-16,San Luis Obispo,079,281455,20100,19832,614,20446,248
2021-03-16,San Mateo,081,765935,40315,39806,424,40230,344
2021-03-16,Santa Barbara,083,443738,33442,32556,1159,33715,433
2021-03-16,Santa Clara,085,1922200,112749,112845,629,113474,1797
2021-03-16,Santa Cruz,087,273765,15666,14926,826,15752,199
2021-03-16,Shasta,089,179085,11162,11035,1336,12371,100
2021-03-16,Sierra,091,2930,52,49,13,62,0
2021-03-16,Siskiyou,093,43540,1548,1477,254,1731,5
2021-03-16,Solano,095,438530,30426,30298,393,30691,171
2021-03-16,Sonoma,097,501317,28759,28850,244,29094,291
2021-03-16,Stanislaus,099,539301,52122,51410,5590,57000,683
2021-03-16,Sutter,101,95872,9041,8970,83,9053,102
2021-03-16,Tehama,103,63373,4703,4660,513,5173,34
2021-03-16,Trinity,105,12862,444,308,75,383,3
2021-03-16,Tulare,107,460477,48778,47895,8599,56494,803
2021-03-16,Tuolumne,109,53932,3943,3938,34,3972,57
2021-03-16,Ventura,111,848112,79221,78671,2864,81535,916
2021-03-16,Yolo,113,214977,13179,13162,246,13408,190
2021-03-16,Yuba,115,75493,5650,5596,91,5687,42
2021-03-15,Alameda,001,1643700,82657,82159,1796,83955,1167
2021-03-15,Alpine,003,1148,84,82,0,82,0
2021-03-15,Amador,005,37829,3524,3506,32,3538,44
2021-03-15,Butte,007,227075,11533,11141,1666,12807,185
2021-03-15,Calaveras,009,45235,1966,1941,12,1953,49
2021-03-15,Colusa,011,21464,1883,1883,274,2157,12
2021-03-15,Contra Costa,013,1133247,64785,63847,1121,64968,732
2021-03-15,Del Norte,015,27424,1100,1048,5,1053,6
2021-03-15,El Dorado,017,186661,9297,9235,603,9838,103
2021-03-15,Fresno,019,978130,98451,97520,8151,105671,1496
2021-03-15,Glenn,021,27897,2295,2261,515,2776,15
2021-03-15,Humboldt,023,135768,3381,3337,24,3361,32
2021-03-15,Imperial,025,180216,27395,27122,2619,29741,684
2021-03-15,Inyo,027,18085,1359,1346,22,1368,35
2021-03-15,Kern,029,883053,94655,93266,10267,103533,1141
2021-03-15,Kings,031,150075,22570,22294,1035,23329,233
2021-03-15,Lake,033,64148,3290,3237,8,3245,43
2021-03-15,Lassen,035,31185,5132,5125,102,5227,1
2021-03-15,Los Angeles,037,10098052,1180738,1172445,40257,1212702,22477
2021-03-15,Madera,039,155013,15953,15806,881,16687,214
2021-03-15,Marin,041,260295,13465,13408,191,13599,218
2021-03-15,Mariposa,043,17540,383,376,6,382,5
2021-03-15,Mendocino,045,87422,3709,3615,69,3684,44
2021-03-15,Merced,047,269075,29322,29169,923,30092,407
2021-03-15,Modoc,049,8938,349,340,120,460,3
2021-03-15,Mono,051,14174,1200,1206,14,1220,3
2021-03-15,Monterey,053,433212,42256,42011,1779,43790,333
2021-03-15,Napa,055,140530,9248,9196,34,9230,75
2021-03-15,Nevada,057,99092,4184,4123,171,4294,66
2021-03-15,Orange,059,3164182,249935,247697,10577,258274,4481
2021-03-15,Placer,061,380077,21153,20308,1208,21516,238
2021-03-15,Plumas,063,18699,657,642,10,652,4
2021-03-15,Riverside,065,2383286,286420,281367,13622,294989,3856
2021-03-15,Sacramento,067,1510023,96967,95414,1362,96776,1463
2021-03-15,San Benito,069,59416,5823,5831,93,5924,61
2021-03-15,San Bernardino,071,2135413,287871,283815,8742,292557,4004
2021-03-15,San Diego,073,3302833,268118,265646,13186,278832,3452
2021-03-15,San Francisco,075,870044,34801,34820,1177,35997,456
2021-03-15,San Joaquin,077,732212,68517,66622,3013,69635,1140
2021-03-15,San Luis Obispo,079,281455,20069,19813,610,20423,247
2021-03-15,San Mateo,081,765935,40261,39765,424,40189,344
2021-03-15,Santa Barbara,083,443738,33420,32529,1156,33685,431
2021-03-15,Santa Clara,085,1922200,112646,112729,627,113356,1798
2021-03-15,Santa Cruz,087,273765,15660,14899,824,15723,200
2021-03-15,Shasta,089,179085,11146,11019,1331,12350,92
2021-03-15,Sierra,091,2930,52,49,13,62,0
2021-03-15,Siskiyou,093,43540,1548,1475,254,1729,5
2021-03-15,Solano,095,438530,30397,30258,392,30650,171
2021-03-15,Sonoma,097,501317,28741,28814,241,29055,285
2021-03-15,Stanislaus,099,539301,52044,51357,5583,56940,683
2021-03-15,Sutter,101,95872,9035,8962,83,9045,102
2021-03-15,Tehama,103,63373,4693,4650,512,5162,34
2021-03-15,Trinity,105,12862,444,308,75,383,3
2021-03-15,Tulare,107,460477,48748,47857,8584,56441,800
2021-03-15,Tuolumne,109,53932,3941,3937,33,3970,57
2021-03-15,Ventura,111,848112,79167,78626,2863,81489,910
2021-03-15,Yolo,113,214977,13160,13131,244,13375,190
2021-03-15,Yuba,115,75493,5645,5585,90,5675,42
2021-03-14,Alameda,001,1643700,82571,82116,1793,83909,1168
2021-03-14,Alpine,003,1148,84,82,0,82,0
2021-03-14,Amador,005,37829,3519,3504,32,3536,44
2021-03-14,Butte,007,227075,11520,11140,1662,12802,185
2021-03-14,Calaveras,009,45235,1962,1939,12,1951,49
2021-03-14,Colusa,011,21464,1883,1883,274,2157,12
2021-03-14,Contra Costa,013,1133247,64680,63808,1120,64928,731
2021-03-14,Del Norte,015,27424,1086,1048,5,1053,6
2021-03-14,El Dorado,017,186661,9287,9231,603,9834,103
2021-03-14,Fresno,019,978130,98343,97461,8133,105594,1496
2021-03-14,Glenn,021,27897,2290,2260,512,2772,15
2021-03-14,Humboldt,023,135768,3367,3335,24,3359,32
2021-03-14,Imperial,025,180216,27377,27122,2615,29737,685
2021-03-14,Inyo,027,18085,1355,1346,22,1368,35
2021-03-14,Kern,029,883053,94572,93252,10249,103501,1141
2021-03-14,Kings,031,150075,22551,22292,1033,23325,232
2021-03-14,Lake,033,64148,3285,3237,8,3245,43
2021-03-14,Lassen,035,31185,5130,5125,102,5227,1
2021-03-14,Los Angeles,037,10098052,1180169,1172100,40221,1212321,22476
2021-03-14,Madera,039,155013,15928,15804,881,16685,214
2021-03-14,Marin,041,260295,13449,13405,189,13594,218
2021-03-14,Mariposa,043,17540,381,376,6,382,5
2021-03-14,Mendocino,045,87422,3704,3613,69,3682,44
2021-03-14,Merced,047,269075,29254,29149,919,30068,407
2021-03-14,Modoc,049,8938,349,340,120,460,3
2021-03-14,Mono,051,14174,1194,1206,14,1220,3
2021-03-14,Monterey,053,433212,42234,42007,1775,43782,333
2021-03-14,Napa,055,140530,9230,9194,34,9228,75
2021-03-14,Nevada,057,99092,4178,4122,169,4291,66
2021-03-14,Orange,059,3164182,249801,247656,10557,258213,4460
2021-03-14,Placer,061,380077,21119,20288,1200,21488,238
2021-03-14,Plumas,063,18699,655,642,10,652,4
2021-03-14,Riverside,065,2383286,286267,281332,13614,294946,3845
2021-03-14,Sacramento,067,1510023,96789,95343,1357,96700,1462
2021-03-14,San Benito,069,59416,5814,5829,93,5922,61
2021-03-14,San Bernardino,071,2135413,287747,283791,8731,292522,3996
2021-03-14,San Diego,073,3302833,267883,265468,13173,278641,3452
2021-03-14,San Francisco,075,870044,34762,34810,1174,35984,455
2021-03-14,San Joaquin,077,732212,68389,66563,2996,69559,1140
2021-03-14,San Luis Obispo,079,281455,20040,19806,608,20414,247
2021-03-14,San Mateo,081,765935,40222,39744,424,40168,342
2021-03-14,Santa Barbara,083,443738,33376,32514,1154,33668,431
2021-03-14,Santa Clara,085,1922200,112518,112648,626,113274,1796
2021-03-14,Santa Cruz,087,273765,15643,14887,822,15709,200
2021-03-14,Shasta,089,179085,11130,11019,1324,12343,92
2021-03-14,Sierra,091,2930,52,49,13,62,0
2021-03-14,Siskiyou,093,43540,1544,1473,253,1726,5
2021-03-14,Solano,095,438530,30365,30230,387,30617,171
2021-03-14,Sonoma,097,501317,28707,28798,237,29035,284
2021-03-14,Stanislaus,099,539301,51923,51306,5575,56881,690
2021-03-14,Sutter,101,95872,9019,8958,83,9041,102
2021-03-14,Tehama,103,63373,4681,4650,511,5161,34
2021-03-14,Trinity,105,12862,443,308,74,382,3
2021-03-14,Tulare,107,460477,48715,47845,8563,56408,800
2021-03-14,Tuolumne,109,53932,3939,3937,33,3970,57
2021-03-14,Ventura,111,848112,79114,78611,2857,81468,910
2021-03-14,Yolo,113,214977,13138,13128,240,13368,189
2021-03-14,Yuba,115,75493,5635,5583,90,5673,42
2021-03-13,Alameda,001,1643700,82511,82010,1793,83803,1168
2021-03-13,Alpine,003,1148,84,82,0,82,0
2021-03-13,Amador,005,37829,3516,3504,32,3536,44
2021-03-13,Butte,007,227075,11511,11131,1661,12792,185
2021-03-13,Calaveras,009,45235,1962,1939,12,1951,49
2021-03-13,Colusa,011,21464,1883,1882,274,2156,12
2021-03-13,Contra Costa,013,1133247,64619,63689,1120,64809,731
2021-03-13,Del Norte,015,27424,1082,1041,5,1046,6
2021-03-13,El Dorado,017,186661,9279,9221,603,9824,103
2021-03-13,Fresno,019,978130,98284,97324,8113,105437,1495
2021-03-13,Glenn,021,27897,2289,2260,511,2771,15
2021-03-13,Humboldt,023,135768,3360,3325,24,3349,32
2021-03-13,Imperial,025,180216,27372,27099,2610,29709,677
2021-03-13,Inyo,027,18085,1354,1344,22,1366,35
2021-03-13,Kern,029,883053,94533,93197,10243,103440,1140
2021-03-13,Kings,031,150075,22535,22265,1032,23297,232
2021-03-13,Lake,033,64148,3278,3234,7,3241,43
2021-03-13,Lassen,035,31185,5130,5125,102,5227,1
2021-03-13,Los Angeles,037,10098052,1179853,1171505,40178,1211683,22451
2021-03-13,Madera,039,155013,15916,15780,881,16661,214
2021-03-13,Marin,041,260295,13443,13391,187,13578,218
2021-03-13,Mariposa,043,17540,380,376,6,382,5
2021-03-13,Mendocino,045,87422,3700,3611,69,3680,44
2021-03-13,Merced,047,269075,29223,29106,919,30025,406
2021-03-13,Modoc,049,8938,349,340,119,459,3
2021-03-13,Mono,051,14174,1194,1207,14,1221,3
2021-03-13,Monterey,053,433212,42224,41989,1773,43762,332
2021-03-13,Napa,055,140530,9224,9190,34,9224,75
2021-03-13,Nevada,057,99092,4171,4111,168,4279,66
2021-03-13,Orange,059,3164182,249721,247514,10541,258055,4423
2021-03-13,Placer,061,380077,21098,20238,1197,21435,239
2021-03-13,Plumas,063,18699,653,642,10,652,4
2021-03-13,Riverside,065,2383286,286179,281191,13605,294796,3848
2021-03-13,Sacramento,067,1510023,96703,95192,1355,96547,1461
2021-03-13,San Benito,069,59416,5811,5823,93,5916,61
2021-03-13,San Bernardino,071,2135413,287694,283727,8725,292452,3972
2021-03-13,San Diego,073,3302833,267728,265270,13159,278429,3444
2021-03-13,San Francisco,075,870044,34745,34784,1165,35949,455
2021-03-13,San Joaquin,077,732212,68333,66480,2974,69454,1141
2021-03-13,San Luis Obispo,079,281455,20022,19789,607,20396,247
2021-03-13,San Mateo,081,765935,40195,39689,423,40112,341
2021-03-13,Santa Barbara,083,443738,33351,32486,1153,33639,431
2021-03-13,Santa Clara,085,1922200,112433,112531,625,113156,1790
2021-03-13,Santa Cruz,087,273765,15636,14875,822,15697,199
2021-03-13,Shasta,089,179085,11122,11021,1321,12342,108
2021-03-13,Sierra,091,2930,51,49,13,62,0
2021-03-13,Siskiyou,093,43540,1543,1470,253,1723,5
2021-03-13,Solano,095,438530,30348,30198,387,30585,171
2021-03-13,Sonoma,097,501317,28687,28762,233,28995,285
2021-03-13,Stanislaus,099,539301,51872,51257,5570,56827,695
2021-03-13,Sutter,101,95872,9012,8948,83,9031,102
2021-03-13,Tehama,103,63373,4679,4647,511,5158,33
2021-03-13,Trinity,105,12862,443,306,74,380,3
2021-03-13,Tulare,107,460477,48689,47818,8555,56373,798
2021-03-13,Tuolumne,109,53932,3936,3937,33,3970,57
2021-03-13,Ventura,111,848112,79065,78693,2857,81550,906
2021-03-13,Yolo,113,214977,13130,13087,239,13326,189
2021-03-13,Yuba,115,75493,5634,5577,90,5667,42
2021-03-12,Alameda,001,1643700,82432,81898,1792,83690,1164
2021-03-12,Alpine,003,1148,84,82,0,82,0
2021-03-12,Amador,005,37829,3513,3503,32,3535,44
2021-03-12,Butte,007,227075,11501,11126,1659,12785,184
2021-03-12,Calaveras,009,45235,1960,1916,12,1928,49
2021-03-12,Colusa,011,21464,1883,1883,274,2157,12
2021-03-12,Contra Costa,013,1133247,64543,63583,1120,64703,728
2021-03-12,Del Norte,015,27424,1076,1033,5,1038,6
2021-03-12,El Dorado,017,186661,9270,9219,603,9822,103
2021-03-12,Fresno,019,978130,98187,97185,8102,105287,1489
2021-03-12,Glenn,021,27897,2288,2258,510,2768,15
2021-03-12,Humboldt,023,135768,3355,3315,24,3339,32
2021-03-12,Imperial,025,180216,27361,27071,2608,29679,677
2021-03-12,Inyo,027,18085,1352,1339,22,1361,35
2021-03-12,Kern,029,883053,94499,93142,10227,103369,1132
2021-03-12,Kings,031,150075,22516,22233,1032,23265,232
2021-03-12,Lake,033,64148,3272,3226,6,3232,43
2021-03-12,Lassen,035,31185,5130,5125,101,5226,1
2021-03-12,Los Angeles,037,10098052,1179456,1170860,40161,1211021,22409
2021-03-12,Madera,039,155013,15904,15761,878,16639,214
2021-03-12,Marin,041,260295,13436,13375,187,13562,218
2021-03-12,Mariposa,043,17540,378,376,6,382,5
2021-03-12,Mendocino,045,87422,3697,3605,69,3674,43
2021-03-12,Merced,047,269075,29192,29064,919,29983,403
2021-03-12,Modoc,049,8938,349,340,119,459,3
2021-03-12,Mono,051,14174,1193,1206,14,1220,3
2021-03-12,Monterey,053,433212,42210,41964,1768,43732,329
2021-03-12,Napa,055,140530,9215,9180,34,9214,75
2021-03-12,Nevada,057,99092,4161,4101,168,4269,66
2021-03-12,Orange,059,3164182,249629,247388,10530,257918,4401
2021-03-12,Placer,061,380077,21065,20210,1192,21402,239
2021-03-12,Plumas,063,18699,652,641,10,651,4
2021-03-12,Riverside,065,2383286,286080,281037,13597,294634,3854
2021-03-12,Sacramento,067,1510023,96579,95061,1348,96409,1460
2021-03-12,San Benito,069,59416,5808,5817,93,5910,61
2021-03-12,San Bernardino,071,2135413,287636,283558,8720,292278,3917
2021-03-12,San Diego,073,3302833,267565,264886,13151,278037,3434
2021-03-12,San Francisco,075,870044,34724,34758,1162,35920,452
2021-03-12,San Joaquin,077,732212,68262,66482,2965,69447,1144
2021-03-12,San Luis Obispo,079,281455,20008,19769,605,20374,247
2021-03-12,San Mateo,081,765935,40159,39638,421,40059,341
2021-03-12,Santa Barbara,083,443738,33328,32457,1150,33607,429
2021-03-12,Santa Clara,085,1922200,112338,112396,624,113020,1766
2021-03-12,Santa Cruz,087,273765,15624,14846,820,15666,195
2021-03-12,Shasta,089,179085,11114,11143,1319,12462,153
2021-03-12,Sierra,091,2930,51,49,13,62,0
2021-03-12,Siskiyou,093,43540,1543,1468,252,1720,5
2021-03-12,Solano,095,438530,30329,30180,386,30566,171
2021-03-12,Sonoma,097,501317,28660,28714,233,28947,285
2021-03-12,Stanislaus,099,539301,51814,51146,5563,56709,701
2021-03-12,Sutter,101,95872,9006,8940,83,9023,101
2021-03-12,Tehama,103,63373,4675,4638,510,5148,33
2021-03-12,Trinity,105,12862,442,306,73,379,3
2021-03-12,Tulare,107,460477,48664,47772,8549,56321,798
2021-03-12,Tuolumne,109,53932,3935,3936,33,3969,57
2021-03-12,Ventura,111,848112,79022,78698,2853,81551,899
2021-03-12,Yolo,113,214977,13120,13061,232,13293,189
2021-03-12,Yuba,115,75493,5627,5563,89,5652,42
2021-03-11,Alameda,001,1643700,82338,81809,1787,83596,1164
2021-03-11,Alpine,003,1148,84,78,0,78,0
2021-03-11,Amador,005,37829,3512,3498,32,3530,42
2021-03-11,Butte,007,227075,11490,11110,1657,12767,185
2021-03-11,Calaveras,009,45235,1957,1915,12,1927,49
2021-03-11,Colusa,011,21464,1883,1883,274,2157,12
2021-03-11,Contra Costa,013,1133247,64470,63469,1118,64587,728
2021-03-11,Del Norte,015,27424,1071,1027,5,1032,6
2021-03-11,El Dorado,017,186661,9256,9211,603,9814,101
2021-03-11,Fresno,019,978130,98072,97026,8074,105100,1481
2021-03-11,Glenn,021,27897,2285,2255,510,2765,15
2021-03-11,Humboldt,023,135768,3338,3302,24,3326,32
2021-03-11,Imperial,025,180216,27354,27045,2605,29650,675
2021-03-11,Inyo,027,18085,1347,1335,22,1357,35
2021-03-11,Kern,029,883053,94443,93052,10188,103240,1121
2021-03-11,Kings,031,150075,22501,22183,1029,23212,230
2021-03-11,Lake,033,64148,3268,3214,6,3220,42
2021-03-11,Lassen,035,31185,5129,5124,101,5225,1
2021-03-11,Los Angeles,037,10098052,1178925,1170111,40129,1210240,22316
2021-03-11,Madera,039,155013,15893,15725,876,16601,214
2021-03-11,Marin,041,260295,13424,13356,186,13542,217
2021-03-11,Mariposa,043,17540,378,376,6,382,5
2021-03-11,Mendocino,045,87422,3690,3604,69,3673,42
2021-03-11,Merced,047,269075,29143,29001,918,29919,401
2021-03-11,Modoc,049,8938,349,340,119,459,3
2021-03-11,Mono,051,14174,1192,1206,14,1220,3
2021-03-11,Monterey,053,433212,42187,41936,1762,43698,329
2021-03-11,Napa,055,140530,9202,9173,34,9207,75
2021-03-11,Nevada,057,99092,4149,4085,166,4251,66
2021-03-11,Orange,059,3164182,249490,247217,10512,257729,4373
2021-03-11,Placer,061,380077,21022,20178,1188,21366,239
2021-03-11,Plumas,063,18699,651,640,10,650,4
2021-03-11,Riverside,065,2383286,285915,280881,13584,294465,3842
2021-03-11,Sacramento,067,1510023,96438,94912,1345,96257,1455
2021-03-11,San Benito,069,59416,5805,5816,93,5909,61
2021-03-11,San Bernardino,071,2135413,287539,283312,8714,292026,3869
2021-03-11,San Diego,073,3302833,267401,264524,13135,277659,3422
2021-03-11,San Francisco,075,870044,34688,34722,1156,35878,452
2021-03-11,San Joaquin,077,732212,68149,66522,2957,69479,1157
2021-03-11,San Luis Obispo,079,281455,19984,19748,604,20352,247
2021-03-11,San Mateo,081,765935,40122,39590,420,40010,341
2021-03-11,Santa Barbara,083,443738,33301,32408,1146,33554,430
2021-03-11,Santa Clara,085,1922200,112207,112246,621,112867,1765
2021-03-11,Santa Cruz,087,273765,15612,14812,819,15631,193
2021-03-11,Shasta,089,179085,11104,11139,1314,12453,158
2021-03-11,Sierra,091,2930,51,48,13,61,0
2021-03-11,Siskiyou,093,43540,1540,1466,252,1718,5
2021-03-11,Solano,095,438530,30301,30138,385,30523,171
2021-03-11,Sonoma,097,501317,28631,28677,233,28910,285
2021-03-11,Stanislaus,099,539301,51729,51038,5555,56593,707
2021-03-11,Sutter,101,95872,9000,8933,83,9016,101
2021-03-11,Tehama,103,63373,4666,4632,509,5141,33
2021-03-11,Trinity,105,12862,441,304,72,376,3
2021-03-11,Tulare,107,460477,48627,47709,8538,56247,797
2021-03-11,Tuolumne,109,53932,3933,3934,33,3967,57
2021-03-11,Ventura,111,848112,78972,78697,2849,81546,889
2021-03-11,Yolo,113,214977,13103,13041,230,13271,190
2021-03-11,Yuba,115,75493,5623,5553,89,5642,42
2021-03-10,Alameda,001,1643700,82229,81701,1782,83483,1160
2021-03-10,Alpine,003,1148,83,78,0,78,0
2021-03-10,Amador,005,37829,3510,3496,32,3528,42
2021-03-10,Butte,007,227075,11480,11096,1657,12753,185
2021-03-10,Calaveras,009,45235,1951,1913,12,1925,48
2021-03-10,Colusa,011,21464,1883,1882,274,2156,12
2021-03-10,Contra Costa,013,1133247,64371,63372,1114,64486,725
2021-03-10,Del Norte,015,27424,1069,1020,5,1025,5
2021-03-10,El Dorado,017,186661,9243,9203,603,9806,100
2021-03-10,Fresno,019,978130,97964,96866,8057,104923,1471
2021-03-10,Glenn,021,27897,2282,2253,508,2761,15
2021-03-10,Humboldt,023,135768,3328,3296,23,3319,32
2021-03-10,Imperial,025,180216,27339,27051,2605,29656,675
2021-03-10,Inyo,027,18085,1347,1328,22,1350,35
2021-03-10,Kern,029,883053,94377,92965,10165,103130,1102
2021-03-10,Kings,031,150075,22482,22166,1027,23193,226
2021-03-10,Lake,033,64148,3258,3207,6,3213,42
2021-03-10,Lassen,035,31185,5129,5120,101,5221,1
2021-03-10,Los Angeles,037,10098052,1178379,1169079,40102,1209181,22199
2021-03-10,Madera,039,155013,15872,15705,873,16578,212
2021-03-10,Marin,041,260295,13414,13348,185,13533,216
2021-03-10,Mariposa,043,17540,378,376,6,382,5
2021-03-10,Mendocino,045,87422,3685,3602,69,3671,42
2021-03-10,Merced,047,269075,29106,28927,915,29842,401
2021-03-10,Modoc,049,8938,348,338,119,457,3
2021-03-10,Mono,051,14174,1189,1204,14,1218,3
2021-03-10,Monterey,053,433212,42165,41920,1758,43678,329
2021-03-10,Napa,055,140530,9193,9165,34,9199,75
2021-03-10,Nevada,057,99092,4145,4074,166,4240,66
2021-03-10,Orange,059,3164182,249341,247075,10496,257571,4342
2021-03-10,Placer,061,380077,20987,20144,1182,21326,239
2021-03-10,Plumas,063,18699,650,639,10,649,4
2021-03-10,Riverside,065,2383286,285778,280708,13570,294278,3822
2021-03-10,Sacramento,067,1510023,96308,94796,1339,96135,1452
2021-03-10,San Benito,069,59416,5796,5811,93,5904,61
2021-03-10,San Bernardino,071,2135413,287447,283140,8708,291848,3841
2021-03-10,San Diego,073,3302833,267180,264094,13123,277217,3413
2021-03-10,San Francisco,075,870044,34654,34688,1147,35835,450
2021-03-10,San Joaquin,077,732212,68047,66483,2940,69423,1156
2021-03-10,San Luis Obispo,079,281455,19960,19710,600,20310,247
2021-03-10,San Mateo,081,765935,40098,39571,420,39991,338
2021-03-10,Santa Barbara,083,443738,33274,32356,1143,33499,429
2021-03-10,Santa Clara,085,1922200,112100,112103,617,112720,1759
2021-03-10,Santa Cruz,087,273765,15597,14790,818,15608,192
2021-03-10,Shasta,089,179085,11094,11125,1311,12436,155
2021-03-10,Sierra,091,2930,51,48,13,61,0
2021-03-10,Siskiyou,093,43540,1538,1458,252,1710,5
2021-03-10,Solano,095,438530,30271,30111,384,30495,170
2021-03-10,Sonoma,097,501317,28596,28638,232,28870,286
2021-03-10,Stanislaus,099,539301,51640,50968,5536,56504,706
2021-03-10,Sutter,101,95872,8989,8918,83,9001,101
2021-03-10,Tehama,103,63373,4656,4623,509,5132,33
2021-03-10,Trinity,105,12862,441,304,72,376,3
2021-03-10,Tulare,107,460477,48579,47659,8519,56178,793
2021-03-10,Tuolumne,109,53932,3932,3931,33,3964,57
2021-03-10,Ventura,111,848112,78895,78609,2847,81456,878
2021-03-10,Yolo,113,214977,13080,13021,229,13250,189
2021-03-10,Yuba,115,75493,5609,5545,88,5633,42
2021-03-09,Alameda,001,1643700,82143,81618,1782,83400,1151
2021-03-09,Alpine,003,1148,83,78,0,78,0
2021-03-09,Amador,005,37829,3508,3494,32,3526,42
2021-03-09,Butte,007,227075,11467,11092,1655,12747,185
2021-03-09,Calaveras,009,45235,1949,1913,12,1925,48
2021-03-09,Colusa,011,21464,1883,1880,274,2154,11
2021-03-09,Contra Costa,013,1133247,64278,63314,1112,64426,723
2021-03-09,Del Norte,015,27424,1061,1017,5,1022,5
2021-03-09,El Dorado,017,186661,9236,9198,603,9801,98
2021-03-09,Fresno,019,978130,97845,96744,8031,104775,1463
2021-03-09,Glenn,021,27897,2278,2251,506,2757,15
2021-03-09,Humboldt,023,135768,3316,3288,22,3310,32
2021-03-09,Imperial,025,180216,27330,27045,2601,29646,675
2021-03-09,Inyo,027,18085,1345,1324,22,1346,35
2021-03-09,Kern,029,883053,94298,92924,10147,103071,1088
2021-03-09,Kings,031,150075,22457,22143,1025,23168,226
2021-03-09,Lake,033,64148,3252,3202,6,3208,42
2021-03-09,Lassen,035,31185,5129,5120,101,5221,1
2021-03-09,Los Angeles,037,10098052,1177783,1167967,40068,1208035,22080
2021-03-09,Madera,039,155013,15861,15701,871,16572,211
2021-03-09,Marin,041,260295,13396,13335,183,13518,214
2021-03-09,Mariposa,043,17540,378,376,6,382,5
2021-03-09,Mendocino,045,87422,3681,3595,69,3664,42
2021-03-09,Merced,047,269075,29044,28876,914,29790,399
2021-03-09,Modoc,049,8938,348,338,118,456,3
2021-03-09,Mono,051,14174,1188,1203,14,1217,3
2021-03-09,Monterey,053,433212,42147,41894,1749,43643,329
2021-03-09,Napa,055,140530,9179,9155,34,9189,75
2021-03-09,Nevada,057,99092,4137,4062,166,4228,66
2021-03-09,Orange,059,3164182,249198,246989,10475,257464,4310
2021-03-09,Placer,061,380077,20945,20122,1177,21299,239
2021-03-09,Plumas,063,18699,647,639,10,649,4
2021-03-09,Riverside,065,2383286,285648,280562,13565,294127,3821
2021-03-09,Sacramento,067,1510023,96141,94720,1333,96053,1442
2021-03-09,San Benito,069,59416,5792,5800,93,5893,61
2021-03-09,San Bernardino,071,2135413,287334,282971,8701,291672,3823
2021-03-09,San Diego,073,3302833,266948,263745,13102,276847,3405
2021-03-09,San Francisco,075,870044,34623,34654,1143,35797,450
2021-03-09,San Joaquin,077,732212,67919,66383,2930,69313,1150
2021-03-09,San Luis Obispo,079,281455,19942,19672,593,20265,245
2021-03-09,San Mateo,081,765935,40051,39535,418,39953,336
2021-03-09,Santa Barbara,083,443738,33233,32314,1141,33455,428
2021-03-09,Santa Clara,085,1922200,111989,111963,612,112575,1756
2021-03-09,Santa Cruz,087,273765,15575,14764,817,15581,188
2021-03-09,Shasta,089,179085,11087,11113,1306,12419,155
2021-03-09,Sierra,091,2930,51,48,13,61,0
2021-03-09,Siskiyou,093,43540,1534,1447,250,1697,5
2021-03-09,Solano,095,438530,30235,30090,382,30472,169
2021-03-09,Sonoma,097,501317,28546,28601,229,28830,284
2021-03-09,Stanislaus,099,539301,51545,50884,5526,56410,703
2021-03-09,Sutter,101,95872,8976,8914,83,8997,101
2021-03-09,Tehama,103,63373,4648,4620,508,5128,33
2021-03-09,Trinity,105,12862,441,304,72,376,3
2021-03-09,Tulare,107,460477,48553,47637,8496,56133,792
2021-03-09,Tuolumne,109,53932,3930,3929,33,3962,56
2021-03-09,Ventura,111,848112,78825,78526,2844,81370,863
2021-03-09,Yolo,113,214977,13069,13015,228,13243,189
2021-03-09,Yuba,115,75493,5602,5539,88,5627,42
2021-03-08,Alameda,001,1643700,82030,81543,1781,83324,1142
2021-03-08,Alpine,003,1148,83,78,0,78,0
2021-03-08,Amador,005,37829,3505,3490,32,3522,42
2021-03-08,Butte,007,227075,11452,11082,1654,12736,185
2021-03-08,Calaveras,009,45235,1945,1909,12,1921,48
2021-03-08,Colusa,011,21464,1883,1877,274,2151,11
2021-03-08,Contra Costa,013,1133247,64185,63240,1112,64352,719
2021-03-08,Del Norte,015,27424,1056,1012,5,1017,5
2021-03-08,El Dorado,017,186661,9233,9188,602,9790,97
2021-03-08,Fresno,019,978130,97745,96665,8010,104675,1442
2021-03-08,Glenn,021,27897,2277,2249,506,2755,15
2021-03-08,Humboldt,023,135768,3302,3278,22,3300,31
2021-03-08,Imperial,025,180216,27323,27033,2598,29631,663
2021-03-08,Inyo,027,18085,1343,1320,22,1342,35
2021-03-08,Kern,029,883053,94231,92857,10126,102983,1087
2021-03-08,Kings,031,150075,22436,22130,1023,23153,226
2021-03-08,Lake,033,64148,3240,3195,6,3201,42
2021-03-08,Lassen,035,31185,5129,5119,101,5220,1
2021-03-08,Los Angeles,037,10098052,1177166,1163409,40036,1203445,21868
2021-03-08,Madera,039,155013,15851,15691,869,16560,211
2021-03-08,Marin,041,260295,13376,13328,181,13509,214
2021-03-08,Mariposa,043,17540,378,376,6,382,5
2021-03-08,Mendocino,045,87422,3679,3590,68,3658,42
2021-03-08,Merced,047,269075,28984,28841,913,29754,398
2021-03-08,Modoc,049,8938,348,338,118,456,3
2021-03-08,Mono,051,14174,1187,1200,14,1214,3
2021-03-08,Monterey,053,433212,42126,41863,1748,43611,328
2021-03-08,Napa,055,140530,9176,9146,34,9180,75
2021-03-08,Nevada,057,99092,4129,4059,166,4225,66
2021-03-08,Orange,059,3164182,249026,246900,10443,257343,4243
2021-03-08,Placer,061,380077,20910,20102,1166,21268,239
2021-03-08,Plumas,063,18699,646,635,10,645,4
2021-03-08,Riverside,065,2383286,285508,280463,13556,294019,3783
2021-03-08,Sacramento,067,1510023,95971,94654,1328,95982,1438
2021-03-08,San Benito,069,59416,5789,5797,93,5890,61
2021-03-08,San Bernardino,071,2135413,287225,282894,8694,291588,3811
2021-03-08,San Diego,073,3302833,266707,263272,13087,276359,3390
2021-03-08,San Francisco,075,870044,34596,34634,1139,35773,446
2021-03-08,San Joaquin,077,732212,67803,66307,2921,69228,1139
2021-03-08,San Luis Obispo,079,281455,19900,19656,589,20245,245
2021-03-08,San Mateo,081,765935,40002,39492,416,39908,335
2021-03-08,Santa Barbara,083,443738,33201,32293,1141,33434,427
2021-03-08,Santa Clara,085,1922200,111861,111882,610,112492,1756
2021-03-08,Santa Cruz,087,273765,15555,14729,817,15546,188
2021-03-08,Shasta,089,179085,11079,11088,1301,12389,155
2021-03-08,Sierra,091,2930,51,48,13,61,0
2021-03-08,Siskiyou,093,43540,1533,1440,250,1690,5
2021-03-08,Solano,095,438530,30195,30068,380,30448,169
2021-03-08,Sonoma,097,501317,28502,28571,228,28799,284
2021-03-08,Stanislaus,099,539301,51465,50825,5521,56346,690
2021-03-08,Sutter,101,95872,8973,8905,83,8988,100
2021-03-08,Tehama,103,63373,4645,4615,507,5122,33
2021-03-08,Trinity,105,12862,440,302,72,374,3
2021-03-08,Tulare,107,460477,48513,47587,8470,56057,791
2021-03-08,Tuolumne,109,53932,3929,3921,33,3954,56
2021-03-08,Ventura,111,848112,78754,78526,2836,81362,852
2021-03-08,Yolo,113,214977,13046,13000,227,13227,189
2021-03-08,Yuba,115,75493,5592,5530,88,5618,42
2021-03-07,Alameda,001,1643700,81912,81413,1780,83193,1145
2021-03-07,Alpine,003,1148,83,78,0,78,0
2021-03-07,Amador,005,37829,3502,3489,32,3521,42
2021-03-07,Butte,007,227075,11437,11075,1653,12728,185
2021-03-07,Calaveras,009,45235,1941,1906,12,1918,48
2021-03-07,Colusa,011,21464,1882,1876,274,2150,11
2021-03-07,Contra Costa,013,1133247,64086,63148,1110,64258,719
2021-03-07,Del Norte,015,27424,1051,1010,5,1015,5
2021-03-07,El Dorado,017,186661,9231,9184,601,9785,97
2021-03-07,Fresno,019,978130,97568,96549,7987,104536,1442
2021-03-07,Glenn,021,27897,2275,2244,506,2750,15
2021-03-07,Humboldt,023,135768,3292,3274,22,3296,31
2021-03-07,Imperial,025,180216,27314,27019,2596,29615,658
2021-03-07,Inyo,027,18085,1340,1320,22,1342,35
2021-03-07,Kern,029,883053,94144,92746,10096,102842,1086
2021-03-07,Kings,031,150075,22415,22103,1022,23125,224
2021-03-07,Lake,033,64148,3234,3192,6,3198,42
2021-03-07,Lassen,035,31185,5128,5119,101,5220,1
2021-03-07,Los Angeles,037,10098052,1176443,1162749,39998,1202747,21857
2021-03-07,Madera,039,155013,15832,15675,869,16544,211
2021-03-07,Marin,041,260295,13368,13313,179,13492,214
2021-03-07,Mariposa,043,17540,377,376,6,382,5
2021-03-07,Mendocino,045,87422,3676,3581,68,3649,42
2021-03-07,Merced,047,269075,28911,28829,909,29738,399
2021-03-07,Modoc,049,8938,348,338,118,456,3
2021-03-07,Mono,051,14174,1185,1199,14,1213,3
2021-03-07,Monterey,053,433212,42105,41858,1745,43603,328
2021-03-07,Napa,055,140530,9166,9137,34,9171,75
2021-03-07,Nevada,057,99092,4115,4052,165,4217,66
2021-03-07,Orange,059,3164182,248835,246771,10415,257186,4218
2021-03-07,Placer,061,380077,20870,20070,1162,21232,239
2021-03-07,Plumas,063,18699,645,635,10,645,4
2021-03-07,Riverside,065,2383286,285361,280379,13547,293926,3779
2021-03-07,Sacramento,067,1510023,95794,94513,1320,95833,1437
2021-03-07,San Benito,069,59416,5782,5795,93,5888,61
2021-03-07,San Bernardino,071,2135413,287075,282860,8688,291548,3810
2021-03-07,San Diego,073,3302833,266425,262965,13063,276028,3390
2021-03-07,San Francisco,075,870044,34562,34594,1134,35728,445
2021-03-07,San Joaquin,077,732212,67668,66252,2907,69159,1139
2021-03-07,San Luis Obispo,079,281455,19863,19614,587,20201,245
2021-03-07,San Mateo,081,765935,39962,39436,413,39849,329
2021-03-07,Santa Barbara,083,443738,33154,32218,1140,33358,425
2021-03-07,Santa Clara,085,1922200,111715,111745,606,112351,1752
2021-03-07,Santa Cruz,087,273765,15533,14715,816,15531,189
2021-03-07,Shasta,089,179085,11066,11083,1293,12376,156
2021-03-07,Sierra,091,2930,50,48,13,61,0
2021-03-07,Siskiyou,093,43540,1530,1435,246,1681,5
2021-03-07,Solano,095,438530,30158,30027,380,30407,169
2021-03-07,Sonoma,097,501317,28453,28533,226,28759,284
2021-03-07,Stanislaus,099,539301,51333,50783,5503,56286,699
2021-03-07,Sutter,101,95872,8963,8900,83,8983,100
2021-03-07,Tehama,103,63373,4635,4614,504,5118,33
2021-03-07,Trinity,105,12862,440,302,72,374,3
2021-03-07,Tulare,107,460477,48455,47569,8438,56007,790
2021-03-07,Tuolumne,109,53932,3928,3922,32,3954,56
2021-03-07,Ventura,111,848112,78656,78487,2832,81319,851
2021-03-07,Yolo,113,214977,13027,12988,227,13215,189
2021-03-07,Yuba,115,75493,5588,5516,88,5604,42
2021-03-06,Alameda,001,1643700,81858,81310,1779,83089,1143
2021-03-06,Alpine,003,1148,83,78,0,78,0
2021-03-06,Amador,005,37829,3498,3487,32,3519,42
2021-03-06,Butte,007,227075,11434,11065,1652,12717,185
2021-03-06,Calaveras,009,45235,1938,1904,12,1916,48
2021-03-06,Colusa,011,21464,1880,1874,274,2148,11
2021-03-06,Contra Costa,013,1133247,64025,63040,1106,64146,719
2021-03-06,Del Norte,015,27424,1046,1000,5,1005,5
2021-03-06,El Dorado,017,186661,9227,9166,601,9767,97
2021-03-06,Fresno,019,978130,97475,96366,7974,104340,1440
2021-03-06,Glenn,021,27897,2275,2241,506,2747,15
2021-03-06,Humboldt,023,135768,3282,3260,22,3282,31
2021-03-06,Imperial,025,180216,27310,27009,2591,29600,658
2021-03-06,Inyo,027,18085,1337,1312,22,1334,35
2021-03-06,Kern,029,883053,94098,92684,10076,102760,1082
2021-03-06,Kings,031,150075,22398,22094,1022,23116,224
2021-03-06,Lake,033,64148,3232,3189,6,3195,42
2021-03-06,Lassen,035,31185,5128,5119,101,5220,1
2021-03-06,Los Angeles,037,10098052,1176008,1161745,39968,1201713,21843
2021-03-06,Madera,039,155013,15823,15646,867,16513,211
2021-03-06,Marin,041,260295,13359,13289,179,13468,213
2021-03-06,Mariposa,043,17540,377,376,6,382,5
2021-03-06,Mendocino,045,87422,3674,3579,68,3647,42
2021-03-06,Merced,047,269075,28869,28771,909,29680,399
2021-03-06,Modoc,049,8938,347,338,118,456,3
2021-03-06,Mono,051,14174,1184,1198,14,1212,3
2021-03-06,Monterey,053,433212,42100,41838,1742,43580,327
2021-03-06,Napa,055,140530,9158,9129,34,9163,75
2021-03-06,Nevada,057,99092,4109,4044,165,4209,66
2021-03-06,Orange,059,3164182,248744,246634,10401,257035,4165
2021-03-06,Placer,061,380077,20847,20030,1160,21190,239
2021-03-06,Plumas,063,18699,645,634,10,644,4
2021-03-06,Riverside,065,2383286,285269,280225,13539,293764,3781
2021-03-06,Sacramento,067,1510023,95705,94332,1311,95643,1436
2021-03-06,San Benito,069,59416,5777,5793,93,5886,61
2021-03-06,San Bernardino,071,2135413,286991,282737,8686,291423,3791
2021-03-06,San Diego,073,3302833,266237,262778,13047,275825,3385
2021-03-06,San Francisco,075,870044,34531,34560,1130,35690,435
2021-03-06,San Joaquin,077,732212,67593,66162,2897,69059,1138
2021-03-06,San Luis Obispo,079,281455,19843,19592,585,20177,245
2021-03-06,San Mateo,081,765935,39938,39384,413,39797,329
2021-03-06,Santa Barbara,083,443738,33122,32176,1139,33315,424
2021-03-06,Santa Clara,085,1922200,111619,111570,604,112174,1749
2021-03-06,Santa Cruz,087,273765,15522,14701,816,15517,188
2021-03-06,Shasta,089,179085,11057,11076,1291,12367,158
2021-03-06,Sierra,091,2930,50,48,13,61,0
2021-03-06,Siskiyou,093,43540,1528,1432,246,1678,5
2021-03-06,Solano,095,438530,30129,30000,379,30379,169
2021-03-06,Sonoma,097,501317,28430,28484,224,28708,284
2021-03-06,Stanislaus,099,539301,51264,50691,5496,56187,711
2021-03-06,Sutter,101,95872,8957,8887,83,8970,100
2021-03-06,Tehama,103,63373,4635,4610,502,5112,33
2021-03-06,Trinity,105,12862,440,302,72,374,3
2021-03-06,Tulare,107,460477,48423,47515,8409,55924,789
2021-03-06,Tuolumne,109,53932,3926,3920,32,3952,56
2021-03-06,Ventura,111,848112,78601,78439,2831,81270,848
2021-03-06,Yolo,113,214977,13021,12951,227,13178,189
2021-03-06,Yuba,115,75493,5579,5504,88,5592,42
2021-03-05,Alameda,001,1643700,81771,81215,1777,82992,1141
2021-03-05,Alpine,003,1148,83,78,0,78,0
2021-03-05,Amador,005,37829,3497,3484,32,3516,42
2021-03-05,Butte,007,227075,11423,11050,1651,12701,185
2021-03-05,Calaveras,009,45235,1934,1902,12,1914,48
2021-03-05,Colusa,011,21464,1880,1874,274,2148,11
2021-03-05,Contra Costa,013,1133247,63945,62886,1103,63989,711
2021-03-05,Del Norte,015,27424,1042,995,5,1000,5
2021-03-05,El Dorado,017,186661,9222,9150,600,9750,97
2021-03-05,Fresno,019,978130,97368,96184,7954,104138,1432
2021-03-05,Glenn,021,27897,2270,2241,506,2747,15
2021-03-05,Humboldt,023,135768,3275,3234,22,3256,31
2021-03-05,Imperial,025,180216,27300,26970,2582,29552,651
2021-03-05,Inyo,027,18085,1333,1309,22,1331,35
2021-03-05,Kern,029,883053,94058,92601,10063,102664,1076
2021-03-05,Kings,031,150075,22380,22063,1021,23084,224
2021-03-05,Lake,033,64148,3230,3185,6,3191,42
2021-03-05,Lassen,035,31185,5128,5117,99,5216,1
2021-03-05,Los Angeles,037,10098052,1175521,1160688,39936,1200624,21745
2021-03-05,Madera,039,155013,15813,15624,865,16489,211
2021-03-05,Marin,041,260295,13346,13275,178,13453,215
2021-03-05,Mariposa,043,17540,377,375,6,381,4
2021-03-05,Mendocino,045,87422,3671,3577,68,3645,42
2021-03-05,Merced,047,269075,28835,28734,908,29642,399
2021-03-05,Modoc,049,8938,347,337,118,455,3
2021-03-05,Mono,051,14174,1183,1197,14,1211,3
2021-03-05,Monterey,053,433212,42087,41802,1742,43544,325
2021-03-05,Napa,055,140530,9150,9109,34,9143,75
2021-03-05,Nevada,057,99092,4105,4033,165,4198,66
2021-03-05,Orange,059,3164182,248630,246489,10388,256877,4108
2021-03-05,Placer,061,380077,20821,19973,1156,21129,239
2021-03-05,Plumas,063,18699,645,635,10,645,4
2021-03-05,Riverside,065,2383286,285159,280075,13533,293608,3781
2021-03-05,Sacramento,067,1510023,95609,94182,1304,95486,1430
2021-03-05,San Benito,069,59416,5774,5790,93,5883,61
2021-03-05,San Bernardino,071,2135413,286897,282640,8682,291322,3774
2021-03-05,San Diego,073,3302833,266003,262357,13031,275388,3371
2021-03-05,San Francisco,075,870044,34491,34526,1126,35652,430
2021-03-05,San Joaquin,077,732212,67513,66041,2888,68929,1133
2021-03-05,San Luis Obispo,079,281455,19822,19557,583,20140,244
2021-03-05,San Mateo,081,765935,39906,39305,413,39718,326
2021-03-05,Santa Barbara,083,443738,33087,32139,1134,33273,424
2021-03-05,Santa Clara,085,1922200,111523,111384,604,111988,1745
2021-03-05,Santa Cruz,087,273765,15511,14694,816,15510,188
2021-03-05,Shasta,089,179085,11045,11062,1285,12347,148
2021-03-05,Sierra,091,2930,50,48,13,61,0
2021-03-05,Siskiyou,093,43540,1524,1429,245,1674,5
2021-03-05,Solano,095,438530,30112,29951,377,30328,168
2021-03-05,Sonoma,097,501317,28404,28417,224,28641,279
2021-03-05,Stanislaus,099,539301,51213,50606,5486,56092,721
2021-03-05,Sutter,101,95872,8950,8876,83,8959,100
2021-03-05,Tehama,103,63373,4626,4606,502,5108,33
2021-03-05,Trinity,105,12862,440,302,72,374,3
2021-03-05,Tulare,107,460477,48395,47469,8389,55858,789
2021-03-05,Tuolumne,109,53932,3924,3917,32,3949,56
2021-03-05,Ventura,111,848112,78534,78368,2830,81198,839
2021-03-05,Yolo,113,214977,13009,12920,226,13146,188
2021-03-05,Yuba,115,75493,5567,5496,88,5584,42
2021-03-04,Alameda,001,1643700,81659,81115,1777,82892,1136
2021-03-04,Alpine,003,1148,83,78,0,78,0
2021-03-04,Amador,005,37829,3496,3480,32,3512,42
2021-03-04,Butte,007,227075,11416,11033,1650,12683,185
2021-03-04,Calaveras,009,45235,1933,1896,12,1908,48
2021-03-04,Colusa,011,21464,1878,1873,269,2142,11
2021-03-04,Contra Costa,013,1133247,63846,62789,1101,63890,708
2021-03-04,Del Norte,015,27424,1034,989,5,994,5
2021-03-04,El Dorado,017,186661,9207,9133,600,9733,97
2021-03-04,Fresno,019,978130,97205,96023,7933,103956,1422
2021-03-04,Glenn,021,27897,2265,2236,504,2740,15
2021-03-04,Humboldt,023,135768,3261,3212,22,3234,31
2021-03-04,Imperial,025,180216,27288,26946,2579,29525,646
2021-03-04,Inyo,027,18085,1330,1300,22,1322,35
2021-03-04,Kern,029,883053,93970,92525,10044,102569,1070
2021-03-04,Kings,031,150075,22355,22025,1018,23043,224
2021-03-04,Lake,033,64148,3222,3181,6,3187,42
2021-03-04,Lassen,035,31185,5128,5116,99,5215,1
2021-03-04,Los Angeles,037,10098052,1174912,1159405,39887,1199292,21610
2021-03-04,Madera,039,155013,15778,15596,862,16458,208
2021-03-04,Marin,041,260295,13329,13240,175,13415,215
2021-03-04,Mariposa,043,17540,377,376,6,382,4
2021-03-04,Mendocino,045,87422,3668,3569,68,3637,42
2021-03-04,Merced,047,269075,28785,28671,906,29577,396
2021-03-04,Modoc,049,8938,346,336,118,454,3
2021-03-04,Mono,051,14174,1183,1197,14,1211,3
2021-03-04,Monterey,053,433212,42067,41771,1739,43510,325
2021-03-04,Napa,055,140530,9142,9094,34,9128,74
2021-03-04,Nevada,057,99092,4095,4020,165,4185,66
2021-03-04,Orange,059,3164182,248474,246354,10371,256725,4096
2021-03-04,Placer,061,380077,20789,19900,1150,21050,239
2021-03-04,Plumas,063,18699,645,634,10,644,4
2021-03-04,Riverside,065,2383286,285033,279871,13520,293391,3766
2021-03-04,Sacramento,067,1510023,95474,93982,1301,95283,1426
2021-03-04,San Benito,069,59416,5774,5781,93,5874,61
2021-03-04,San Bernardino,071,2135413,286767,282407,8678,291085,3757
2021-03-04,San Diego,073,3302833,265743,261858,12988,274846,3359
2021-03-04,San Francisco,075,870044,34457,34480,1123,35603,426
2021-03-04,San Joaquin,077,732212,67420,65931,2878,68809,1129
2021-03-04,San Luis Obispo,079,281455,19784,19520,581,20101,243
2021-03-04,San Mateo,081,765935,39862,39225,412,39637,322
2021-03-04,Santa Barbara,083,443738,33048,32090,1133,33223,423
2021-03-04,Santa Clara,085,1922200,111389,111194,602,111796,1723
2021-03-04,Santa Cruz,087,273765,15492,14669,816,15485,186
2021-03-04,Shasta,089,179085,11042,11050,1276,12326,150
2021-03-04,Sierra,091,2930,50,48,13,61,0
2021-03-04,Siskiyou,093,43540,1518,1427,245,1672,5
2021-03-04,Solano,095,438530,30085,29905,376,30281,168
2021-03-04,Sonoma,097,501317,28349,28379,223,28602,279
2021-03-04,Stanislaus,099,539301,51124,50521,5478,55999,731
2021-03-04,Sutter,101,95872,8938,8849,83,8932,100
2021-03-04,Tehama,103,63373,4620,4604,502,5106,33
2021-03-04,Trinity,105,12862,440,302,72,374,3
2021-03-04,Tulare,107,460477,48350,47398,8364,55762,784
2021-03-04,Tuolumne,109,53932,3918,3916,32,3948,56
2021-03-04,Ventura,111,848112,78447,78184,2828,81012,831
2021-03-04,Yolo,113,214977,12989,12895,226,13121,189
2021-03-04,Yuba,115,75493,5555,5483,88,5571,41
2021-03-03,Alameda,001,1643700,81539,80972,1775,82747,1127
2021-03-03,Alpine,003,1148,83,77,0,77,0
2021-03-03,Amador,005,37829,3494,3478,31,3509,42
2021-03-03,Butte,007,227075,11409,11014,1649,12663,184
2021-03-03,Calaveras,009,45235,1932,1893,12,1905,48
2021-03-03,Colusa,011,21464,1877,1873,269,2142,11
2021-03-03,Contra Costa,013,1133247,63748,62668,1098,63766,708
2021-03-03,Del Norte,015,27424,1031,988,5,993,5
2021-03-03,El Dorado,017,186661,9197,9121,600,9721,97
2021-03-03,Fresno,019,978130,97061,95893,7915,103808,1415
2021-03-03,Glenn,021,27897,2265,2233,504,2737,15
2021-03-03,Humboldt,023,135768,3250,3196,22,3218,30
2021-03-03,Imperial,025,180216,27271,26939,2574,29513,640
2021-03-03,Inyo,027,18085,1322,1294,22,1316,35
2021-03-03,Kern,029,883053,93894,92434,10027,102461,1063
2021-03-03,Kings,031,150075,22339,22009,1017,23026,223
2021-03-03,Lake,033,64148,3215,3175,6,3181,40
2021-03-03,Lassen,035,31185,5128,5115,99,5214,1
2021-03-03,Los Angeles,037,10098052,1174273,1157911,39846,1197757,21500
2021-03-03,Madera,039,155013,15759,15553,856,16409,203
2021-03-03,Marin,041,260295,13316,13216,175,13391,214
2021-03-03,Mariposa,043,17540,376,376,6,382,4
2021-03-03,Mendocino,045,87422,3660,3564,68,3632,42
2021-03-03,Merced,047,269075,28733,28625,906,29531,393
2021-03-03,Modoc,049,8938,346,333,117,450,3
2021-03-03,Mono,051,14174,1183,1191,14,1205,3
2021-03-03,Monterey,053,433212,42034,41731,1736,43467,325
2021-03-03,Napa,055,140530,9134,9090,34,9124,72
2021-03-03,Nevada,057,99092,4085,4009,165,4174,66
2021-03-03,Orange,059,3164182,248328,246120,10356,256476,4072
2021-03-03,Placer,061,380077,20763,19851,1147,20998,239
2021-03-03,Plumas,063,18699,644,631,10,641,4
2021-03-03,Riverside,065,2383286,284904,279626,13515,293141,3735
2021-03-03,Sacramento,067,1510023,95313,93819,1293,95112,1419
2021-03-03,San Benito,069,59416,5773,5774,93,5867,61
2021-03-03,San Bernardino,071,2135413,286626,282138,8671,290809,3664
2021-03-03,San Diego,073,3302833,265480,261350,12957,274307,3342
2021-03-03,San Francisco,075,870044,34426,34443,1120,35563,426
2021-03-03,San Joaquin,077,732212,67308,65855,2871,68726,1115
2021-03-03,San Luis Obispo,079,281455,19758,19479,578,20057,241
2021-03-03,San Mateo,081,765935,39816,39189,411,39600,319
2021-03-03,Santa Barbara,083,443738,33011,32027,1133,33160,421
2021-03-03,Santa Clara,085,1922200,111234,110991,600,111591,1720
2021-03-03,Santa Cruz,087,273765,15481,14645,816,15461,185
2021-03-03,Shasta,089,179085,11032,11023,1269,12292,150
2021-03-03,Sierra,091,2930,50,48,13,61,0
2021-03-03,Siskiyou,093,43540,1516,1424,245,1669,5
2021-03-03,Solano,095,438530,30049,29866,375,30241,167
2021-03-03,Sonoma,097,501317,28310,28307,222,28529,279
2021-03-03,Stanislaus,099,539301,51046,50438,5471,55909,730
2021-03-03,Sutter,101,95872,8929,8840,83,8923,99
2021-03-03,Tehama,103,63373,4617,4601,502,5103,32
2021-03-03,Trinity,105,12862,440,302,72,374,3
2021-03-03,Tulare,107,460477,48299,47348,8333,55681,778
2021-03-03,Tuolumne,109,53932,3916,3914,31,3945,56
2021-03-03,Ventura,111,848112,78364,78057,2822,80879,822
2021-03-03,Yolo,113,214977,12976,12890,226,13116,189
2021-03-03,Yuba,115,75493,5542,5479,88,5567,41
2021-03-02,Alameda,001,1643700,81421,80904,1773,82677,1116
2021-03-02,Alpine,003,1148,83,77,0,77,0
2021-03-02,Amador,005,37829,3492,3474,31,3505,42
2021-03-02,Butte,007,227075,11399,11007,1647,12654,182
2021-03-02,Calaveras,009,45235,1924,1890,12,1902,48
2021-03-02,Colusa,011,21464,1877,1872,268,2140,11
2021-03-02,Contra Costa,013,1133247,63637,62557,1093,63650,694
2021-03-02,Del Norte,015,27424,1024,983,5,988,5
2021-03-02,El Dorado,017,186661,9189,9116,600,9716,98
2021-03-02,Fresno,019,978130,96914,95785,7889,103674,1410
2021-03-02,Glenn,021,27897,2259,2232,503,2735,15
2021-03-02,Humboldt,023,135768,3231,3184,22,3206,30
2021-03-02,Imperial,025,180216,27261,26926,2572,29498,637
2021-03-02,Inyo,027,18085,1318,1292,22,1314,35
2021-03-02,Kern,029,883053,93788,92313,9999,102312,1046
2021-03-02,Kings,031,150075,22287,21999,1015,23014,217
2021-03-02,Lake,033,64148,3209,3169,6,3175,40
2021-03-02,Lassen,035,31185,5123,5115,98,5213,1
2021-03-02,Los Angeles,037,10098052,1173636,1156826,39800,1196626,21395
2021-03-02,Madera,039,155013,15739,15523,853,16376,194
2021-03-02,Marin,041,260295,13293,13186,174,13360,214
2021-03-02,Mariposa,043,17540,376,376,6,382,4
2021-03-02,Mendocino,045,87422,3657,3562,67,3629,41
2021-03-02,Merced,047,269075,28676,28598,906,29504,389
2021-03-02,Modoc,049,8938,346,332,117,449,3
2021-03-02,Mono,051,14174,1182,1191,14,1205,3
2021-03-02,Monterey,053,433212,42007,41716,1734,43450,325
2021-03-02,Napa,055,140530,9122,9080,34,9114,71
2021-03-02,Nevada,057,99092,4075,3983,164,4147,66
2021-03-02,Orange,059,3164182,248182,246004,10339,256343,4037
2021-03-02,Placer,061,380077,20709,19828,1144,20972,239
2021-03-02,Plumas,063,18699,642,628,10,638,4
2021-03-02,Riverside,065,2383286,284738,279486,13507,292993,3721
2021-03-02,Sacramento,067,1510023,95146,93690,1292,94982,1411
2021-03-02,San Benito,069,59416,5766,5770,93,5863,60
2021-03-02,San Bernardino,071,2135413,286493,281919,8665,290584,3604
2021-03-02,San Diego,073,3302833,265236,260998,12935,273933,3317
2021-03-02,San Francisco,075,870044,34385,34387,1116,35503,424
2021-03-02,San Joaquin,077,732212,67200,65769,2852,68621,1111
2021-03-02,San Luis Obispo,079,281455,19725,19452,578,20030,241
2021-03-02,San Mateo,081,765935,39764,39148,410,39558,317
2021-03-02,Santa Barbara,083,443738,32963,31964,1129,33093,416
2021-03-02,Santa Clara,085,1922200,111055,110832,599,111431,1706
2021-03-02,Santa Cruz,087,273765,15467,14611,814,15425,185
2021-03-02,Shasta,089,179085,11018,11012,1258,12270,149
2021-03-02,Sierra,091,2930,50,48,13,61,0
2021-03-02,Siskiyou,093,43540,1512,1412,243,1655,5
2021-03-02,Solano,095,438530,30016,29827,373,30200,167
2021-03-02,Sonoma,097,501317,28255,28261,222,28483,279
2021-03-02,Stanislaus,099,539301,50959,50359,5457,55816,724
2021-03-02,Sutter,101,95872,8920,8832,83,8915,99
2021-03-02,Tehama,103,63373,4615,4597,502,5099,32
2021-03-02,Trinity,105,12862,440,301,72,373,3
2021-03-02,Tulare,107,460477,48239,47326,8311,55637,783
2021-03-02,Tuolumne,109,53932,3912,3908,31,3939,53
2021-03-02,Ventura,111,848112,78273,77952,2818,80770,780
2021-03-02,Yolo,113,214977,12959,12867,226,13093,189
2021-03-02,Yuba,115,75493,5534,5475,88,5563,41
2021-03-01,Alameda,001,1643700,81294,80805,1771,82576,1105
2021-03-01,Alpine,003,1148,81,77,0,77,0
2021-03-01,Amador,005,37829,3489,3469,31,3500,42
2021-03-01,Butte,007,227075,11383,10981,1642,12623,180
2021-03-01,Calaveras,009,45235,1920,1885,12,1897,46
2021-03-01,Colusa,011,21464,1876,1871,268,2139,11
2021-03-01,Contra Costa,013,1133247,63528,62458,1092,63550,694
2021-03-01,Del Norte,015,27424,1019,982,5,987,5
2021-03-01,El Dorado,017,186661,9165,9085,600,9685,98
2021-03-01,Fresno,019,978130,96776,95677,7867,103544,1405
2021-03-01,Glenn,021,27897,2254,2232,502,2734,15
2021-03-01,Humboldt,023,135768,3212,3179,22,3201,30
2021-03-01,Imperial,025,180216,27251,26913,2564,29477,636
2021-03-01,Inyo,027,18085,1315,1285,22,1307,35
2021-03-01,Kern,029,883053,93699,92219,9973,102192,1041
2021-03-01,Kings,031,150075,22270,21988,1009,22997,217
2021-03-01,Lake,033,64148,3204,3164,6,3170,40
2021-03-01,Lassen,035,31185,5121,5111,98,5209,1
2021-03-01,Los Angeles,037,10098052,1172979,1155984,39758,1195742,21293
2021-03-01,Madera,039,155013,15710,15505,842,16347,194
2021-03-01,Marin,041,260295,13266,13161,173,13334,214
2021-03-01,Mariposa,043,17540,376,375,6,381,4
2021-03-01,Mendocino,045,87422,3650,3561,67,3628,41
2021-03-01,Merced,047,269075,28631,28575,902,29477,385
2021-03-01,Modoc,049,8938,343,331,116,447,3
2021-03-01,Mono,051,14174,1181,1192,14,1206,3
2021-03-01,Monterey,053,433212,41982,41697,1732,43429,324
2021-03-01,Napa,055,140530,9113,9056,34,9090,70
2021-03-01,Nevada,057,99092,4056,3979,164,4143,66
2021-03-01,Orange,059,3164182,247988,245852,10324,256176,3976
2021-03-01,Placer,061,380077,20671,19803,1141,20944,239
2021-03-01,Plumas,063,18699,642,628,10,638,4
2021-03-01,Riverside,065,2383286,284523,279323,13500,292823,3680
2021-03-01,Sacramento,067,1510023,95001,93546,1290,94836,1401
2021-03-01,San Benito,069,59416,5761,5772,93,5865,57
2021-03-01,San Bernardino,071,2135413,286349,281685,8661,290346,3603
2021-03-01,San Diego,073,3302833,264918,260622,12902,273524,3303
2021-03-01,San Francisco,075,870044,34341,34318,1108,35426,424
2021-03-01,San Joaquin,077,732212,67092,65699,2840,68539,1097
2021-03-01,San Luis Obispo,079,281455,19703,19429,576,20005,239
2021-03-01,San Mateo,081,765935,39712,39096,409,39505,314
2021-03-01,Santa Barbara,083,443738,32920,31909,1128,33037,413
2021-03-01,Santa Clara,085,1922200,110897,110684,596,111280,1704
2021-03-01,Santa Cruz,087,273765,15448,14575,813,15388,185
2021-03-01,Shasta,089,179085,11006,10990,1255,12245,149
2021-03-01,Sierra,091,2930,50,48,13,61,0
2021-03-01,Siskiyou,093,43540,1508,1408,241,1649,5
2021-03-01,Solano,095,438530,29973,29779,372,30151,166
2021-03-01,Sonoma,097,501317,28207,28222,220,28442,278
2021-03-01,Stanislaus,099,539301,50884,50293,5451,55744,722
2021-03-01,Sutter,101,95872,8908,8825,83,8908,99
2021-03-01,Tehama,103,63373,4611,4595,502,5097,32
2021-03-01,Trinity,105,12862,440,298,71,369,3
2021-03-01,Tulare,107,460477,48201,47275,8277,55552,781
2021-03-01,Tuolumne,109,53932,3909,3907,31,3938,53
2021-03-01,Ventura,111,848112,78191,77849,2817,80666,775
2021-03-01,Yolo,113,214977,12942,12854,224,13078,188
2021-03-01,Yuba,115,75493,5522,5466,88,5554,41
2021-02-28,Alameda,001,1643700,81171,80727,1769,82496,1105
2021-02-28,Alpine,003,1148,81,77,0,77,0
2021-02-28,Amador,005,37829,3484,3466,30,3496,42
2021-02-28,Butte,007,227075,11368,10970,1642,12612,180
2021-02-28,Calaveras,009,45235,1914,1881,12,1893,46
2021-02-28,Colusa,011,21464,1876,1871,267,2138,11
2021-02-28,Contra Costa,013,1133247,63401,62386,1087,63473,694
2021-02-28,Del Norte,015,27424,1017,981,5,986,5
2021-02-28,El Dorado,017,186661,9154,9082,600,9682,98
2021-02-28,Fresno,019,978130,96595,95548,7832,103380,1405
2021-02-28,Glenn,021,27897,2252,2230,500,2730,15
2021-02-28,Humboldt,023,135768,3189,3179,22,3201,30
2021-02-28,Imperial,025,180216,27224,26909,2558,29467,636
2021-02-28,Inyo,027,18085,1310,1282,22,1304,35
2021-02-28,Kern,029,883053,93584,92169,9952,102121,1012
2021-02-28,Kings,031,150075,22249,21967,1008,22975,217
2021-02-28,Lake,033,64148,3199,3164,6,3170,40
2021-02-28,Lassen,035,31185,5120,5106,98,5204,1
2021-02-28,Los Angeles,037,10098052,1172196,1155141,39696,1194837,21261
2021-02-28,Madera,039,155013,15668,15496,839,16335,199
2021-02-28,Marin,041,260295,13243,13152,171,13323,214
2021-02-28,Mariposa,043,17540,376,374,6,380,4
2021-02-28,Mendocino,045,87422,3644,3558,67,3625,41
2021-02-28,Merced,047,269075,28567,28546,901,29447,384
2021-02-28,Modoc,049,8938,343,331,116,447,3
2021-02-28,Mono,051,14174,1178,1192,14,1206,3
2021-02-28,Monterey,053,433212,41950,41683,1731,43414,323
2021-02-28,Napa,055,140530,9094,9053,34,9087,70
2021-02-28,Nevada,057,99092,4043,3972,164,4136,66
2021-02-28,Orange,059,3164182,247789,245706,10316,256022,3970
2021-02-28,Placer,061,380077,20624,19775,1139,20914,239
2021-02-28,Plumas,063,18699,642,628,10,638,4
2021-02-28,Riverside,065,2383286,284303,279214,13489,292703,3661
2021-02-28,Sacramento,067,1510023,94817,93463,1285,94748,1398
2021-02-28,San Benito,069,59416,5750,5772,93,5865,57
2021-02-28,San Bernardino,071,2135413,286211,281620,8648,290268,3595
2021-02-28,San Diego,073,3302833,264622,260353,12868,273221,3303
2021-02-28,San Francisco,075,870044,34300,34291,1101,35392,417
2021-02-28,San Joaquin,077,732212,66984,65662,2831,68493,1097
2021-02-28,San Luis Obispo,079,281455,19667,19422,574,19996,237
2021-02-28,San Mateo,081,765935,39659,39059,408,39467,314
2021-02-28,Santa Barbara,083,443738,32867,31877,1128,33005,413
2021-02-28,Santa Clara,085,1922200,110699,110556,593,111149,1704
2021-02-28,Santa Cruz,087,273765,15419,14571,810,15381,185
2021-02-28,Shasta,089,179085,10985,10990,1251,12241,149
2021-02-28,Sierra,091,2930,50,48,13,61,0
2021-02-28,Siskiyou,093,43540,1500,1408,240,1648,5
2021-02-28,Solano,095,438530,29917,29758,366,30124,166
2021-02-28,Sonoma,097,501317,28144,28193,219,28412,279
2021-02-28,Stanislaus,099,539301,50793,50228,5438,55666,728
2021-02-28,Sutter,101,95872,8893,8825,83,8908,99
2021-02-28,Tehama,103,63373,4604,4590,502,5092,32
2021-02-28,Trinity,105,12862,440,298,71,369,3
2021-02-28,Tulare,107,460477,48139,47258,8246,55504,780
2021-02-28,Tuolumne,109,53932,3904,3905,31,3936,53
2021-02-28,Ventura,111,848112,78080,77749,2814,80563,775
2021-02-28,Yolo,113,214977,12920,12851,224,13075,188
2021-02-28,Yuba,115,75493,5512,5461,88,5549,41
2021-02-27,Alameda,001,1643700,81099,80565,1767,82332,1108
2021-02-27,Alpine,003,1148,81,77,0,77,0
2021-02-27,Amador,005,37829,3482,3463,30,3493,42
2021-02-27,Butte,007,227075,11356,10962,1642,12604,180
2021-02-27,Calaveras,009,45235,1909,1875,12,1887,46
2021-02-27,Colusa,011,21464,1875,1869,267,2136,11
2021-02-27,Contra Costa,013,1133247,63330,62248,1084,63332,693
2021-02-27,Del Norte,015,27424,1015,978,5,983,5
2021-02-27,El Dorado,017,186661,9150,9072,600,9672,98
2021-02-27,Fresno,019,978130,96519,95393,7820,103213,1400
2021-02-27,Glenn,021,27897,2252,2225,499,2724,15
2021-02-27,Humboldt,023,135768,3183,3167,22,3189,30
2021-02-27,Imperial,025,180216,27216,26903,2557,29460,633
2021-02-27,Inyo,027,18085,1307,1275,22,1297,35
2021-02-27,Kern,029,883053,93523,92053,9937,101990,996
2021-02-27,Kings,031,150075,22239,21955,1005,22960,216
2021-02-27,Lake,033,64148,3196,3156,6,3162,40
2021-02-27,Lassen,035,31185,5120,5106,98,5204,1
2021-02-27,Los Angeles,037,10098052,1171702,1154275,39669,1193944,21158
2021-02-27,Madera,039,155013,15651,15467,838,16305,199
2021-02-27,Marin,041,260295,13219,13134,171,13305,214
2021-02-27,Mariposa,043,17540,376,374,6,380,4
2021-02-27,Mendocino,045,87422,3641,3555,67,3622,41
2021-02-27,Merced,047,269075,28526,28501,892,29393,384
2021-02-27,Modoc,049,8938,343,331,115,446,3
2021-02-27,Mono,051,14174,1176,1191,14,1205,3
2021-02-27,Monterey,053,433212,41941,41665,1731,43396,322
2021-02-27,Napa,055,140530,9083,9038,34,9072,71
2021-02-27,Nevada,057,99092,4037,3960,164,4124,66
2021-02-27,Orange,059,3164182,247662,245542,10305,255847,3960
2021-02-27,Placer,061,380077,20588,19726,1136,20862,239
2021-02-27,Plumas,063,18699,642,628,10,638,4
2021-02-27,Riverside,065,2383286,284193,279048,13479,292527,3663
2021-02-27,Sacramento,067,1510023,94734,93281,1275,94556,1396
2021-02-27,San Benito,069,59416,5749,5767,92,5859,57
2021-02-27,San Bernardino,071,2135413,286132,281471,8641,290112,3527
2021-02-27,San Diego,073,3302833,264432,260091,12830,272921,3284
2021-02-27,San Francisco,075,870044,34267,34260,1098,35358,413
2021-02-27,San Joaquin,077,732212,66938,65578,2829,68407,1100
2021-02-27,San Luis Obispo,079,281455,19646,19411,573,19984,237
2021-02-27,San Mateo,081,765935,39618,38998,407,39405,313
2021-02-27,Santa Barbara,083,443738,32831,31805,1127,32932,411
2021-02-27,Santa Clara,085,1922200,110551,110361,591,110952,1703
2021-02-27,Santa Cruz,087,273765,15410,14552,809,15361,185
2021-02-27,Shasta,089,179085,10979,10985,1247,12232,149
2021-02-27,Sierra,091,2930,50,48,13,61,0
2021-02-27,Siskiyou,093,43540,1498,1407,239,1646,5
2021-02-27,Solano,095,438530,29889,29718,365,30083,165
2021-02-27,Sonoma,097,501317,28100,28141,213,28354,281
2021-02-27,Stanislaus,099,539301,50738,50147,5428,55575,733
2021-02-27,Sutter,101,95872,8888,8820,83,8903,99
2021-02-27,Tehama,103,63373,4601,4584,502,5086,32
2021-02-27,Trinity,105,12862,440,298,71,369,3
2021-02-27,Tulare,107,460477,48102,47209,8220,55429,770
2021-02-27,Tuolumne,109,53932,3901,3899,31,3930,53
2021-02-27,Ventura,111,848112,78008,77623,2811,80434,771
2021-02-27,Yolo,113,214977,12908,12834,224,13058,188
2021-02-27,Yuba,115,75493,5509,5450,88,5538,39
2021-02-26,Alameda,001,1643700,81004,80387,1762,82149,1106
2021-02-26,Alpine,003,1148,81,77,0,77,0
2021-02-26,Amador,005,37829,3476,3457,30,3487,42
2021-02-26,Butte,007,227075,11345,10941,1642,12583,180
2021-02-26,Calaveras,009,45235,1906,1873,12,1885,46
2021-02-26,Colusa,011,21464,1875,1865,267,2132,11
2021-02-26,Contra Costa,013,1133247,63248,62114,1084,63198,685
2021-02-26,Del Norte,015,27424,1011,968,5,973,5
2021-02-26,El Dorado,017,186661,9145,9038,598,9636,98
2021-02-26,Fresno,019,978130,96414,95202,7812,103014,1391
2021-02-26,Glenn,021,27897,2249,2220,499,2719,15
2021-02-26,Humboldt,023,135768,3177,3152,22,3174,30
2021-02-26,Imperial,025,180216,27208,26888,2555,29443,631
2021-02-26,Inyo,027,18085,1305,1271,22,1293,34
2021-02-26,Kern,029,883053,93444,91884,9921,101805,997
2021-02-26,Kings,031,150075,22223,21917,1002,22919,216
2021-02-26,Lake,033,64148,3191,3153,6,3159,40
2021-02-26,Lassen,035,31185,5120,5102,98,5200,1
2021-02-26,Los Angeles,037,10098052,1171128,1153131,39608,1192739,21070
2021-02-26,Madera,039,155013,15635,15436,836,16272,199
2021-02-26,Marin,041,260295,13205,13091,171,13262,214
2021-02-26,Mariposa,043,17540,376,375,6,381,4
2021-02-26,Mendocino,045,87422,3636,3549,67,3616,41
2021-02-26,Merced,047,269075,28492,28455,892,29347,382
2021-02-26,Modoc,049,8938,342,330,115,445,3
2021-02-26,Mono,051,14174,1174,1191,14,1205,3
2021-02-26,Monterey,053,433212,41915,41607,1731,43338,322
2021-02-26,Napa,055,140530,9077,9014,34,9048,70
2021-02-26,Nevada,057,99092,4026,3952,164,4116,66
2021-02-26,Orange,059,3164182,247522,245278,10295,255573,3918
2021-02-26,Placer,061,380077,20562,19712,1130,20842,239
2021-02-26,Plumas,063,18699,642,628,10,638,4
2021-02-26,Riverside,065,2383286,284049,278772,13473,292245,3653
2021-02-26,Sacramento,067,1510023,94611,93180,1272,94452,1390
2021-02-26,San Benito,069,59416,5748,5759,92,5851,57
2021-02-26,San Bernardino,071,2135413,286033,281132,8639,289771,3461
2021-02-26,San Diego,073,3302833,264205,259641,12809,272450,3271
2021-02-26,San Francisco,075,870044,34237,34213,1093,35306,413
2021-02-26,San Joaquin,077,732212,66857,65492,2823,68315,1070
2021-02-26,San Luis Obispo,079,281455,19630,19359,571,19930,234
2021-02-26,San Mateo,081,765935,39572,38922,407,39329,313
2021-02-26,Santa Barbara,083,443738,32787,31724,1126,32850,410
2021-02-26,Santa Clara,085,1922200,110419,110168,589,110757,1700
2021-02-26,Santa Cruz,087,273765,15398,14528,808,15336,185
2021-02-26,Shasta,089,179085,10972,10972,1238,12210,149
2021-02-26,Sierra,091,2930,50,47,13,60,0
2021-02-26,Siskiyou,093,43540,1498,1401,239,1640,5
2021-02-26,Solano,095,438530,29855,29651,364,30015,165
2021-02-26,Sonoma,097,501317,28071,28063,212,28275,280
2021-02-26,Stanislaus,099,539301,50682,50054,5420,55474,737
2021-02-26,Sutter,101,95872,8879,8806,83,8889,99
2021-02-26,Tehama,103,63373,4599,4581,502,5083,32
2021-02-26,Trinity,105,12862,439,298,71,369,3
2021-02-26,Tulare,107,460477,48067,47135,8190,55325,770
2021-02-26,Tuolumne,109,53932,3900,3896,31,3927,53
2021-02-26,Ventura,111,848112,77908,77534,2809,80343,765
2021-02-26,Yolo,113,214977,12901,12816,224,13040,188
2021-02-26,Yuba,115,75493,5504,5438,88,5526,39
2021-02-25,Alameda,001,1643700,80882,80181,1761,81942,1093
2021-02-25,Alpine,003,1148,81,77,0,77,0
2021-02-25,Amador,005,37829,3473,3448,30,3478,41
2021-02-25,Butte,007,227075,11324,10922,1637,12559,178
2021-02-25,Calaveras,009,45235,1898,1868,12,1880,46
2021-02-25,Colusa,011,21464,1872,1863,266,2129,11
2021-02-25,Contra Costa,013,1133247,63146,61910,1084,62994,686
2021-02-25,Del Norte,015,27424,1001,966,5,971,5
2021-02-25,El Dorado,017,186661,9129,9012,598,9610,98
2021-02-25,Fresno,019,978130,96270,95015,7790,102805,1377
2021-02-25,Glenn,021,27897,2246,2219,498,2717,15
2021-02-25,Humboldt,023,135768,3170,3129,22,3151,30
2021-02-25,Imperial,025,180216,27202,26855,2551,29406,628
2021-02-25,Inyo,027,18085,1299,1264,22,1286,33
2021-02-25,Kern,029,883053,93328,91735,9896,101631,992
2021-02-25,Kings,031,150075,22214,21900,999,22899,216
2021-02-25,Lake,033,64148,3182,3141,6,3147,40
2021-02-25,Lassen,035,31185,5119,5097,97,5194,1
2021-02-25,Los Angeles,037,10098052,1170389,1151846,39550,1191396,20931
2021-02-25,Madera,039,155013,15600,15414,832,16246,194
2021-02-25,Marin,041,260295,13181,13067,171,13238,214
2021-02-25,Mariposa,043,17540,376,375,6,381,4
2021-02-25,Mendocino,045,87422,3631,3542,67,3609,41
2021-02-25,Merced,047,269075,28442,28383,891,29274,382
2021-02-25,Modoc,049,8938,342,329,115,444,3
2021-02-25,Mono,051,14174,1173,1190,14,1204,3
2021-02-25,Monterey,053,433212,41890,41564,1726,43290,321
2021-02-25,Napa,055,140530,9051,8998,34,9032,70
2021-02-25,Nevada,057,99092,4009,3940,163,4103,66
2021-02-25,Orange,059,3164182,247348,245000,10285,255285,3882
2021-02-25,Placer,061,380077,20521,19661,1128,20789,239
2021-02-25,Plumas,063,18699,642,626,10,636,4
2021-02-25,Riverside,065,2383286,283862,278544,13452,291996,3646
2021-02-25,Sacramento,067,1510023,94453,92961,1260,94221,1386
2021-02-25,San Benito,069,59416,5743,5752,92,5844,58
2021-02-25,San Bernardino,071,2135413,285899,280946,8630,289576,3409
2021-02-25,San Diego,073,3302833,263910,258979,12779,271758,3260
2021-02-25,San Francisco,075,870044,34195,34138,1090,35228,408
2021-02-25,San Joaquin,077,732212,66773,65389,2811,68200,1047
2021-02-25,San Luis Obispo,079,281455,19609,19335,569,19904,234
2021-02-25,San Mateo,081,765935,39526,38872,407,39279,300
2021-02-25,Santa Barbara,083,443738,32710,31631,1125,32756,408
2021-02-25,Santa Clara,085,1922200,110255,109923,588,110511,1677
2021-02-25,Santa Cruz,087,273765,15379,14492,807,15299,185
2021-02-25,Shasta,089,179085,10960,10947,1233,12180,148
2021-02-25,Sierra,091,2930,50,47,13,60,0
2021-02-25,Siskiyou,093,43540,1494,1390,236,1626,4
2021-02-25,Solano,095,438530,29823,29616,364,29980,161
2021-02-25,Sonoma,097,501317,28017,28004,209,28213,278
2021-02-25,Stanislaus,099,539301,50592,49964,5410,55374,738
2021-02-25,Sutter,101,95872,8865,8789,82,8871,99
2021-02-25,Tehama,103,63373,4595,4578,500,5078,32
2021-02-25,Trinity,105,12862,439,297,71,368,3
2021-02-25,Tulare,107,460477,48018,47052,8163,55215,765
2021-02-25,Tuolumne,109,53932,3897,3894,31,3925,53
2021-02-25,Ventura,111,848112,77803,77395,2803,80198,751
2021-02-25,Yolo,113,214977,12884,12787,224,13011,188
2021-02-25,Yuba,115,75493,5496,5429,88,5517,39
2021-02-24,Alameda,001,1643700,80761,80070,1757,81827,1082
2021-02-24,Alpine,003,1148,80,77,0,77,0
2021-02-24,Amador,005,37829,3468,3444,30,3474,41
2021-02-24,Butte,007,227075,11312,10915,1633,12548,178
2021-02-24,Calaveras,009,45235,1896,1864,12,1876,31
2021-02-24,Colusa,011,21464,1870,1863,266,2129,11
2021-02-24,Contra Costa,013,1133247,63038,61776,1084,62860,663
2021-02-24,Del Norte,015,27424,1000,960,4,964,5
2021-02-24,El Dorado,017,186661,9117,8993,598,9591,98
2021-02-24,Fresno,019,978130,96123,94794,7774,102568,1369
2021-02-24,Glenn,021,27897,2244,2210,498,2708,14
2021-02-24,Humboldt,023,135768,3158,3123,22,3145,29
2021-02-24,Imperial,025,180216,27187,26843,2547,29390,596
2021-02-24,Inyo,027,18085,1294,1253,22,1275,32
2021-02-24,Kern,029,883053,93195,91525,9880,101405,992
2021-02-24,Kings,031,150075,22189,21871,997,22868,216
2021-02-24,Lake,033,64148,3175,3134,6,3140,40
2021-02-24,Lassen,035,31185,5115,5095,96,5191,1
2021-02-24,Los Angeles,037,10098052,1169628,1150322,39506,1189828,20817
2021-02-24,Madera,039,155013,15573,15390,832,16222,194
2021-02-24,Marin,041,260295,13158,13044,170,13214,214
2021-02-24,Mariposa,043,17540,376,374,6,380,4
2021-02-24,Mendocino,045,87422,3624,3540,67,3607,41
2021-02-24,Merced,047,269075,28403,28295,888,29183,383
2021-02-24,Modoc,049,8938,341,329,115,444,3
2021-02-24,Mono,051,14174,1171,1189,14,1203,3
2021-02-24,Monterey,053,433212,41865,41495,1724,43219,320
2021-02-24,Napa,055,140530,9034,8976,33,9009,70
2021-02-24,Nevada,057,99092,3999,3927,163,4090,66
2021-02-24,Orange,059,3164182,247131,244743,10271,255014,3835
2021-02-24,Placer,061,380077,20483,19648,1122,20770,239
2021-02-24,Plumas,063,18699,640,626,10,636,4
2021-02-24,Riverside,065,2383286,283639,278293,13442,291735,3603
2021-02-24,Sacramento,067,1510023,94299,92742,1255,93997,1375
2021-02-24,San Benito,069,59416,5742,5743,92,5835,57
2021-02-24,San Bernardino,071,2135413,285748,280583,8626,289209,3360
2021-02-24,San Diego,073,3302833,263616,258460,12763,271223,3230
2021-02-24,San Francisco,075,870044,34150,34061,1086,35147,406
2021-02-24,San Joaquin,077,732212,66662,65274,2809,68083,1019
2021-02-24,San Luis Obispo,079,281455,19586,19309,567,19876,233
2021-02-24,San Mateo,081,765935,39489,38763,407,39170,300
2021-02-24,Santa Barbara,083,443738,32658,31563,1122,32685,405
2021-02-24,Santa Clara,085,1922200,110104,109671,587,110258,1674
2021-02-24,Santa Cruz,087,273765,15358,14458,807,15265,185
2021-02-24,Shasta,089,179085,10946,10922,1230,12152,148
2021-02-24,Sierra,091,2930,50,47,13,60,0
2021-02-24,Siskiyou,093,43540,1487,1385,232,1617,4
2021-02-24,Solano,095,438530,29784,29577,361,29938,158
2021-02-24,Sonoma,097,501317,27953,27954,205,28159,278
2021-02-24,Stanislaus,099,539301,50522,49851,5402,55253,732
2021-02-24,Sutter,101,95872,8855,8778,82,8860,99
2021-02-24,Tehama,103,63373,4591,4566,500,5066,31
2021-02-24,Trinity,105,12862,439,294,70,364,3
2021-02-24,Tulare,107,460477,47963,46976,8134,55110,759
2021-02-24,Tuolumne,109,53932,3894,3887,31,3918,53
2021-02-24,Ventura,111,848112,77695,77238,2802,80040,718
2021-02-24,Yolo,113,214977,12871,12760,220,12980,188
2021-02-24,Yuba,115,75493,5485,5425,86,5511,39
2021-02-23,Alameda,001,1643700,80622,79948,1754,81702,1070
2021-02-23,Alpine,003,1148,79,77,0,77,0
2021-02-23,Amador,005,37829,3466,3440,30,3470,41
2021-02-23,Butte,007,227075,11297,10887,1629,12516,176
2021-02-23,Calaveras,009,45235,1895,1863,12,1875,21
2021-02-23,Colusa,011,21464,1867,1862,266,2128,11
2021-02-23,Contra Costa,013,1133247,62904,61613,1081,62694,661
2021-02-23,Del Norte,015,27424,998,953,4,957,3
2021-02-23,El Dorado,017,186661,9104,8969,598,9567,96
2021-02-23,Fresno,019,978130,95962,94741,7760,102501,1356
2021-02-23,Glenn,021,27897,2242,2209,498,2707,14
2021-02-23,Humboldt,023,135768,3141,3108,22,3130,29
2021-02-23,Imperial,025,180216,27167,26816,2542,29358,591
2021-02-23,Inyo,027,18085,1290,1250,22,1272,32
2021-02-23,Kern,029,883053,93056,91390,9852,101242,982
2021-02-23,Kings,031,150075,22174,21839,993,22832,216
2021-02-23,Lake,033,64148,3167,3121,6,3127,40
2021-02-23,Lassen,035,31185,5112,5092,96,5188,1
2021-02-23,Los Angeles,037,10098052,1168762,1148965,39451,1188416,19887
2021-02-23,Madera,039,155013,15559,15352,826,16178,193
2021-02-23,Marin,041,260295,13138,13015,169,13184,214
2021-02-23,Mariposa,043,17540,376,374,6,380,4
2021-02-23,Mendocino,045,87422,3622,3540,66,3606,41
2021-02-23,Merced,047,269075,28315,28209,887,29096,381
2021-02-23,Modoc,049,8938,340,328,114,442,3
2021-02-23,Mono,051,14174,1171,1189,14,1203,3
2021-02-23,Monterey,053,433212,41824,41439,1718,43157,317
2021-02-23,Napa,055,140530,9022,8967,33,9000,70
2021-02-23,Nevada,057,99092,3991,3912,163,4075,66
2021-02-23,Orange,059,3164182,246933,244566,10252,254818,3843
2021-02-23,Placer,061,380077,20457,19608,1118,20726,238
2021-02-23,Plumas,063,18699,639,626,10,636,4
2021-02-23,Riverside,065,2383286,283407,278075,13429,291504,3599
2021-02-23,Sacramento,067,1510023,94142,92632,1249,93881,1370
2021-02-23,San Benito,069,59416,5736,5731,91,5822,57
2021-02-23,San Bernardino,071,2135413,285559,280279,8621,288900,3283
2021-02-23,San Diego,073,3302833,263239,257802,12735,270537,3218
2021-02-23,San Francisco,075,870044,34101,33994,1085,35079,405
2021-02-23,San Joaquin,077,732212,66563,65141,2802,67943,1004
2021-02-23,San Luis Obispo,079,281455,19557,19233,566,19799,230
2021-02-23,San Mateo,081,765935,39428,38662,407,39069,299
2021-02-23,Santa Barbara,083,443738,32604,31483,1120,32603,402
2021-02-23,Santa Clara,085,1922200,109908,109449,583,110032,1661
2021-02-23,Santa Cruz,087,273765,15330,14435,804,15239,178
2021-02-23,Shasta,089,179085,10934,10903,1226,12129,146
2021-02-23,Sierra,091,2930,50,47,13,60,0
2021-02-23,Siskiyou,093,43540,1482,1380,230,1610,4
2021-02-23,Solano,095,438530,29744,29545,358,29903,154
2021-02-23,Sonoma,097,501317,27910,27882,202,28084,278
2021-02-23,Stanislaus,099,539301,50445,49749,5385,55134,722
2021-02-23,Sutter,101,95872,8842,8766,82,8848,98
2021-02-23,Tehama,103,63373,4587,4556,499,5055,30
2021-02-23,Trinity,105,12862,439,292,69,361,3
2021-02-23,Tulare,107,460477,47884,46937,8099,55036,757
2021-02-23,Tuolumne,109,53932,3890,3864,31,3895,53
2021-02-23,Ventura,111,848112,77579,77093,2793,79886,689
2021-02-23,Yolo,113,214977,12842,12729,220,12949,188
2021-02-23,Yuba,115,75493,5472,5417,85,5502,38
2021-02-22,Alameda,001,1643700,80472,79796,1751,81547,1062
2021-02-22,Alpine,003,1148,79,77,0,77,0
2021-02-22,Amador,005,37829,3461,3438,30,3468,39
2021-02-22,Butte,007,227075,11284,10855,1624,12479,176
2021-02-22,Calaveras,009,45235,1893,1862,12,1874,21
2021-02-22,Colusa,011,21464,1867,1860,266,2126,11
2021-02-22,Contra Costa,013,1133247,62769,61478,1079,62557,661
2021-02-22,Del Norte,015,27424,997,948,4,952,3
2021-02-22,El Dorado,017,186661,9087,8940,598,9538,96
2021-02-22,Fresno,019,978130,95800,94584,7743,102327,1351
2021-02-22,Glenn,021,27897,2236,2207,496,2703,14
2021-02-22,Humboldt,023,135768,3129,3095,22,3117,29
2021-02-22,Imperial,025,180216,27144,26778,2534,29312,590
2021-02-22,Inyo,027,18085,1285,1248,22,1270,32
2021-02-22,Kern,029,883053,92939,91201,9830,101031,982
2021-02-22,Kings,031,150075,22151,21801,990,22791,214
2021-02-22,Lake,033,64148,3161,3107,6,3113,40
2021-02-22,Lassen,035,31185,5112,5088,95,5183,1
2021-02-22,Los Angeles,037,10098052,1167890,1147541,39395,1186936,19730
2021-02-22,Madera,039,155013,15534,15325,822,16147,193
2021-02-22,Marin,041,260295,13114,12991,166,13157,213
2021-02-22,Mariposa,043,17540,375,374,6,380,4
2021-02-22,Mendocino,045,87422,3616,3535,66,3601,41
2021-02-22,Merced,047,269075,28247,28166,885,29051,379
2021-02-22,Modoc,049,8938,340,329,114,443,3
2021-02-22,Mono,051,14174,1167,1189,14,1203,3
2021-02-22,Monterey,053,433212,41773,41397,1711,43108,311
2021-02-22,Napa,055,140530,8995,8950,33,8983,69
2021-02-22,Nevada,057,99092,3982,3900,161,4061,66
2021-02-22,Orange,059,3164182,246696,244118,10234,254352,3843
2021-02-22,Placer,061,380077,20421,19587,1110,20697,238
2021-02-22,Plumas,063,18699,639,625,10,635,4
2021-02-22,Riverside,065,2383286,283147,277730,13420,291150,3567
2021-02-22,Sacramento,067,1510023,93975,92476,1238,93714,1359
2021-02-22,San Benito,069,59416,5734,5723,91,5814,57
2021-02-22,San Bernardino,071,2135413,285377,279984,8608,288592,3259
2021-02-22,San Diego,073,3302833,262829,257348,12702,270050,3189
2021-02-22,San Francisco,075,870044,34041,33947,1080,35027,405
2021-02-22,San Joaquin,077,732212,66462,65060,2789,67849,1001
2021-02-22,San Luis Obispo,079,281455,19520,19198,564,19762,229
2021-02-22,San Mateo,081,765935,39371,38542,404,38946,282
2021-02-22,Santa Barbara,083,443738,32539,31421,1117,32538,399
2021-02-22,Santa Clara,085,1922200,109696,109213,572,109785,1655
2021-02-22,Santa Cruz,087,273765,15304,14417,804,15221,176
2021-02-22,Shasta,089,179085,10919,10872,1221,12093,145
2021-02-22,Sierra,091,2930,50,47,13,60,0
2021-02-22,Siskiyou,093,43540,1476,1373,229,1602,4
2021-02-22,Solano,095,438530,29705,29508,357,29865,150
2021-02-22,Sonoma,097,501317,27865,27845,201,28046,278
2021-02-22,Stanislaus,099,539301,50340,49630,5366,54996,722
2021-02-22,Sutter,101,95872,8834,8698,82,8780,98
2021-02-22,Tehama,103,63373,4578,4550,499,5049,30
2021-02-22,Trinity,105,12862,439,287,68,355,3
2021-02-22,Tulare,107,460477,47822,46879,8067,54946,751
2021-02-22,Tuolumne,109,53932,3886,3856,31,3887,53
2021-02-22,Ventura,111,848112,77451,76947,2788,79735,677
2021-02-22,Yolo,113,214977,12815,12689,220,12909,183
2021-02-22,Yuba,115,75493,5469,5404,84,5488,38
2021-02-21,Alameda,001,1643700,80278,79649,1746,81395,1061
2021-02-21,Alpine,003,1148,79,77,0,77,0
2021-02-21,Amador,005,37829,3453,3435,30,3465,39
2021-02-21,Butte,007,227075,11261,10855,1622,12477,176
2021-02-21,Calaveras,009,45235,1892,1860,12,1872,21
2021-02-21,Colusa,011,21464,1866,1860,262,2122,11
2021-02-21,Contra Costa,013,1133247,62604,61364,1076,62440,661
2021-02-21,Del Norte,015,27424,991,942,4,946,3
2021-02-21,El Dorado,017,186661,9069,8927,597,9524,96
2021-02-21,Fresno,019,978130,95657,94374,7725,102099,1349
2021-02-21,Glenn,021,27897,2234,2201,494,2695,14
2021-02-21,Humboldt,023,135768,3117,3096,22,3118,29
2021-02-21,Imperial,025,180216,27125,26779,2530,29309,590
2021-02-21,Inyo,027,18085,1279,1232,22,1254,32
2021-02-21,Kern,029,883053,92814,91141,9791,100932,980
2021-02-21,Kings,031,150075,22115,21784,988,22772,213
2021-02-21,Lake,033,64148,3153,3100,6,3106,40
2021-02-21,Lassen,035,31185,5104,5077,95,5172,1
2021-02-21,Los Angeles,037,10098052,1166861,1146756,39346,1186102,19711
2021-02-21,Madera,039,155013,15501,15298,819,16117,192
2021-02-21,Marin,041,260295,13084,12968,166,13134,212
2021-02-21,Mariposa,043,17540,375,373,6,379,4
2021-02-21,Mendocino,045,87422,3611,3535,66,3601,41
2021-02-21,Merced,047,269075,28157,28106,873,28979,379
2021-02-21,Modoc,049,8938,337,329,114,443,3
2021-02-21,Mono,051,14174,1167,1189,14,1203,3
2021-02-21,Monterey,053,433212,41718,41373,1700,43073,309
2021-02-21,Napa,055,140530,8980,8929,33,8962,69
2021-02-21,Nevada,057,99092,3969,3895,161,4056,66
2021-02-21,Orange,059,3164182,246396,243985,10217,254202,3801
2021-02-21,Placer,061,380077,20385,19553,1106,20659,238
2021-02-21,Plumas,063,18699,639,625,10,635,4
2021-02-21,Riverside,065,2383286,282916,277555,13407,290962,3564
2021-02-21,Sacramento,067,1510023,93765,92288,1225,93513,1354
2021-02-21,San Benito,069,59416,5724,5716,88,5804,57
2021-02-21,San Bernardino,071,2135413,285130,279870,8594,288464,3247
2021-02-21,San Diego,073,3302833,262394,257027,12657,269684,3190
2021-02-21,San Francisco,075,870044,33976,33891,1076,34967,405
2021-02-21,San Joaquin,077,732212,66313,64997,2776,67773,1001
2021-02-21,San Luis Obispo,079,281455,19488,19178,562,19740,229
2021-02-21,San Mateo,081,765935,39311,38448,400,38848,282
2021-02-21,Santa Barbara,083,443738,32477,31374,1114,32488,399
2021-02-21,Santa Clara,085,1922200,109470,108992,563,109555,1654
2021-02-21,Santa Cruz,087,273765,15281,14401,803,15204,176
2021-02-21,Shasta,089,179085,10904,10867,1216,12083,145
2021-02-21,Sierra,091,2930,50,47,13,60,0
2021-02-21,Siskiyou,093,43540,1470,1371,229,1600,4
2021-02-21,Solano,095,438530,29648,29471,356,29827,150
2021-02-21,Sonoma,097,501317,27799,27793,194,27987,278
2021-02-21,Stanislaus,099,539301,50214,49527,5350,54877,726
2021-02-21,Sutter,101,95872,8816,8687,81,8768,97
2021-02-21,Tehama,103,63373,4566,4547,499,5046,30
2021-02-21,Trinity,105,12862,437,286,68,354,3
2021-02-21,Tulare,107,460477,47754,46830,8031,54861,749
2021-02-21,Tuolumne,109,53932,3872,3828,31,3859,53
2021-02-21,Ventura,111,848112,77303,76862,2774,79636,677
2021-02-21,Yolo,113,214977,12784,12670,220,12890,183
2021-02-21,Yuba,115,75493,5461,5396,83,5479,38
2021-02-20,Alameda,001,1643700,80188,79496,1742,81238,1055
2021-02-20,Alpine,003,1148,79,77,0,77,0
2021-02-20,Amador,005,37829,3451,3432,30,3462,39
2021-02-20,Butte,007,227075,11253,10838,1620,12458,176
2021-02-20,Calaveras,009,45235,1891,1858,12,1870,21
2021-02-20,Colusa,011,21464,1865,1858,262,2120,11
2021-02-20,Contra Costa,013,1133247,62515,61205,1074,62279,663
2021-02-20,Del Norte,015,27424,987,937,4,941,3
2021-02-20,El Dorado,017,186661,9059,8911,597,9508,96
2021-02-20,Fresno,019,978130,95574,94234,7706,101940,1341
2021-02-20,Glenn,021,27897,2231,2199,493,2692,14
2021-02-20,Humboldt,023,135768,3109,3073,22,3095,29
2021-02-20,Imperial,025,180216,27117,26771,2530,29301,590
2021-02-20,Inyo,027,18085,1275,1226,22,1248,32
2021-02-20,Kern,029,883053,92742,91025,9759,100784,968
2021-02-20,Kings,031,150075,22097,21773,987,22760,212
2021-02-20,Lake,033,64148,3146,3089,6,3095,40
2021-02-20,Lassen,035,31185,5102,5067,95,5162,1
2021-02-20,Los Angeles,037,10098052,1166296,1145594,39303,1184897,19630
2021-02-20,Madera,039,155013,15481,15274,818,16092,191
2021-02-20,Marin,041,260295,13063,12945,164,13109,211
2021-02-20,Mariposa,043,17540,375,372,6,378,4
2021-02-20,Mendocino,045,87422,3609,3533,66,3599,40
2021-02-20,Merced,047,269075,28112,28066,871,28937,379
2021-02-20,Modoc,049,8938,337,328,114,442,3
2021-02-20,Mono,051,14174,1166,1187,14,1201,3
2021-02-20,Monterey,053,433212,41698,41313,1698,43011,309
2021-02-20,Napa,055,140530,8971,8910,33,8943,69
2021-02-20,Nevada,057,99092,3959,3887,160,4047,66
2021-02-20,Orange,059,3164182,246228,243761,10204,253965,3755
2021-02-20,Placer,061,380077,20345,19509,1102,20611,236
2021-02-20,Plumas,063,18699,639,626,10,636,4
2021-02-20,Riverside,065,2383286,282763,277267,13397,290664,3559
2021-02-20,Sacramento,067,1510023,93641,92057,1223,93280,1352
2021-02-20,San Benito,069,59416,5712,5709,88,5797,57
2021-02-20,San Bernardino,071,2135413,285029,279608,8589,288197,3203
2021-02-20,San Diego,073,3302833,262152,256510,12628,269138,3188
2021-02-20,San Francisco,075,870044,33934,33820,1067,34887,399
2021-02-20,San Joaquin,077,732212,66240,64916,2771,67687,1001
2021-02-20,San Luis Obispo,079,281455,19464,19138,561,19699,229
2021-02-20,San Mateo,081,765935,39267,38371,399,38770,282
2021-02-20,Santa Barbara,083,443738,32442,31289,1113,32402,396
2021-02-20,Santa Clara,085,1922200,109294,108728,560,109288,1649
2021-02-20,Santa Cruz,087,273765,15270,14378,801,15179,176
2021-02-20,Shasta,089,179085,10890,10850,1211,12061,146
2021-02-20,Sierra,091,2930,50,47,13,60,0
2021-02-20,Siskiyou,093,43540,1467,1366,229,1595,4
2021-02-20,Solano,095,438530,29633,29440,354,29794,150
2021-02-20,Sonoma,097,501317,27770,27703,192,27895,278
2021-02-20,Stanislaus,099,539301,50159,49445,5337,54782,733
2021-02-20,Sutter,101,95872,8810,8681,81,8762,97
2021-02-20,Tehama,103,63373,4565,4545,499,5044,30
2021-02-20,Trinity,105,12862,436,285,67,352,3
2021-02-20,Tulare,107,460477,47718,46769,8009,54778,739
2021-02-20,Tuolumne,109,53932,3867,3823,31,3854,53
2021-02-20,Ventura,111,848112,77207,76757,2771,79528,671
2021-02-20,Yolo,113,214977,12770,12639,219,12858,183
2021-02-20,Yuba,115,75493,5458,5386,83,5469,38
2021-02-19,Alameda,001,1643700,80084,79318,1738,81056,1047
2021-02-19,Alpine,003,1148,79,77,0,77,0
2021-02-19,Amador,005,37829,3447,3427,30,3457,39
2021-02-19,Butte,007,227075,11243,10823,1615,12438,176
2021-02-19,Calaveras,009,45235,1890,1856,12,1868,21
2021-02-19,Colusa,011,21464,1865,1858,262,2120,11
2021-02-19,Contra Costa,013,1133247,62407,61017,1072,62089,651
2021-02-19,Del Norte,015,27424,982,932,4,936,2
2021-02-19,El Dorado,017,186661,9050,8882,596,9478,96
2021-02-19,Fresno,019,978130,95443,93973,7690,101663,1330
2021-02-19,Glenn,021,27897,2226,2199,492,2691,14
2021-02-19,Humboldt,023,135768,3097,3037,22,3059,29
2021-02-19,Imperial,025,180216,27112,26751,2527,29278,589
2021-02-19,Inyo,027,18085,1270,1212,22,1234,32
2021-02-19,Kern,029,883053,92673,90807,9716,100523,963
2021-02-19,Kings,031,150075,22083,21724,985,22709,211
2021-02-19,Lake,033,64148,3140,3078,6,3084,40
2021-02-19,Lassen,035,31185,5101,5057,95,5152,1
2021-02-19,Los Angeles,037,10098052,1165549,1143828,39262,1183090,19498
2021-02-19,Madera,039,155013,15464,15222,816,16038,188
2021-02-19,Marin,041,260295,13039,12919,162,13081,210
2021-02-19,Mariposa,043,17540,375,371,6,377,4
2021-02-19,Mendocino,045,87422,3607,3526,66,3592,39
2021-02-19,Merced,047,269075,28081,27985,868,28853,376
2021-02-19,Modoc,049,8938,337,328,114,442,3
2021-02-19,Mono,051,14174,1166,1186,14,1200,3
2021-02-19,Monterey,053,433212,41669,41209,1694,42903,309
2021-02-19,Napa,055,140530,8960,8899,33,8932,69
2021-02-19,Nevada,057,99092,3953,3863,160,4023,66
2021-02-19,Orange,059,3164182,246046,243397,10191,253588,3715
2021-02-19,Placer,061,380077,20323,19457,1102,20559,236
2021-02-19,Plumas,063,18699,637,624,10,634,4
2021-02-19,Riverside,065,2383286,282591,276941,13380,290321,3541
2021-02-19,Sacramento,067,1510023,93520,91815,1219,93034,1351
2021-02-19,San Benito,069,59416,5707,5699,88,5787,57
2021-02-19,San Bernardino,071,2135413,284902,279209,8584,287793,3117
2021-02-19,San Diego,073,3302833,261861,255799,12605,268404,3169
2021-02-19,San Francisco,075,870044,33886,33746,1061,34807,387
2021-02-19,San Joaquin,077,732212,66169,64774,2762,67536,988
2021-02-19,San Luis Obispo,079,281455,19434,19061,559,19620,230
2021-02-19,San Mateo,081,765935,39209,38256,397,38653,282
2021-02-19,Santa Barbara,083,443738,32378,31204,1112,32316,392
2021-02-19,Santa Clara,085,1922200,109081,108400,558,108958,1634
2021-02-19,Santa Cruz,087,273765,15255,14354,801,15155,176
2021-02-19,Shasta,089,179085,10878,10833,1208,12041,140
2021-02-19,Sierra,091,2930,50,47,13,60,0
2021-02-19,Siskiyou,093,43540,1463,1363,227,1590,4
2021-02-19,Solano,095,438530,29602,29383,353,29736,150
2021-02-19,Sonoma,097,501317,27722,27595,190,27785,280
2021-02-19,Stanislaus,099,539301,50098,49282,5321,54603,739
2021-02-19,Sutter,101,95872,8800,8665,81,8746,96
2021-02-19,Tehama,103,63373,4563,4535,499,5034,30
2021-02-19,Trinity,105,12862,434,282,65,347,3
2021-02-19,Tulare,107,460477,47671,46662,7984,54646,736
2021-02-19,Tuolumne,109,53932,3860,3817,31,3848,52
2021-02-19,Ventura,111,848112,77127,76582,2768,79350,667
2021-02-19,Yolo,113,214977,12754,12606,219,12825,183
2021-02-19,Yuba,115,75493,5448,5376,83,5459,38
2021-02-18,Alameda,001,1643700,79937,79111,1731,80842,1012
2021-02-18,Alpine,003,1148,79,77,0,77,0
2021-02-18,Amador,005,37829,3443,3417,29,3446,38
2021-02-18,Butte,007,227075,11225,10791,1612,12403,175
2021-02-18,Calaveras,009,45235,1885,1873,12,1885,21
2021-02-18,Colusa,011,21464,1863,1856,260,2116,11
2021-02-18,Contra Costa,013,1133247,62296,60868,1071,61939,640
2021-02-18,Del Norte,015,27424,977,929,4,933,2
2021-02-18,El Dorado,017,186661,9036,8850,595,9445,94
2021-02-18,Fresno,019,978130,95273,93734,7664,101398,1323
2021-02-18,Glenn,021,27897,2220,2195,492,2687,14
2021-02-18,Humboldt,023,135768,3085,3023,22,3045,29
2021-02-18,Imperial,025,180216,27086,26731,2522,29253,591
2021-02-18,Inyo,027,18085,1266,1213,21,1234,32
2021-02-18,Kern,029,883053,92515,90655,9688,100343,961
2021-02-18,Kings,031,150075,22060,21648,984,22632,211
2021-02-18,Lake,033,64148,3132,3066,6,3072,40
2021-02-18,Lassen,035,31185,5092,5052,95,5147,1
2021-02-18,Los Angeles,037,10098052,1164590,1141930,39196,1181126,19358
2021-02-18,Madera,039,155013,15442,15175,811,15986,188
2021-02-18,Marin,041,260295,13025,12895,162,13057,209
2021-02-18,Mariposa,043,17540,374,369,6,375,4
2021-02-18,Mendocino,045,87422,3604,3519,65,3584,39
2021-02-18,Merced,047,269075,28031,27870,862,28732,372
2021-02-18,Modoc,049,8938,335,327,113,440,3
2021-02-18,Mono,051,14174,1166,1182,14,1196,3
2021-02-18,Monterey,053,433212,41604,41091,1686,42777,307
2021-02-18,Napa,055,140530,8943,8877,33,8910,68
2021-02-18,Nevada,057,99092,3944,3836,159,3995,66
2021-02-18,Orange,059,3164182,245826,243098,10174,253272,3673
2021-02-18,Placer,061,380077,20296,19429,1101,20530,232
2021-02-18,Plumas,063,18699,637,624,10,634,4
2021-02-18,Riverside,065,2383286,282310,276595,13360,289955,3510
2021-02-18,Sacramento,067,1510023,93358,91476,1213,92689,1334
2021-02-18,San Benito,069,59416,5704,5697,87,5784,58
2021-02-18,San Bernardino,071,2135413,284692,278887,8570,287457,3066
2021-02-18,San Diego,073,3302833,261507,254987,12582,267569,3135
2021-02-18,San Francisco,075,870044,33828,33650,1058,34708,386
2021-02-18,San Joaquin,077,732212,66083,64634,2752,67386,982
2021-02-18,San Luis Obispo,079,281455,19392,18987,556,19543,230
2021-02-18,San Mateo,081,765935,39147,38185,393,38578,282
2021-02-18,Santa Barbara,083,443738,32299,31054,1104,32158,387
2021-02-18,Santa Clara,085,1922200,108855,108210,555,108765,1605
2021-02-18,Santa Cruz,087,273765,15229,14314,801,15115,176
2021-02-18,Shasta,089,179085,10858,10811,1205,12016,139
2021-02-18,Sierra,091,2930,49,47,13,60,0
2021-02-18,Siskiyou,093,43540,1458,1359,226,1585,4
2021-02-18,Solano,095,438530,29575,29349,352,29701,150
2021-02-18,Sonoma,097,501317,27654,27512,189,27701,281
2021-02-18,Stanislaus,099,539301,50000,49150,5306,54456,738
2021-02-18,Sutter,101,95872,8792,8654,81,8735,96
2021-02-18,Tehama,103,63373,4560,4528,498,5026,30
2021-02-18,Trinity,105,12862,433,282,65,347,3
2021-02-18,Tulare,107,460477,47611,46591,7943,54534,728
2021-02-18,Tuolumne,109,53932,3823,3811,31,3842,52
2021-02-18,Ventura,111,848112,76995,76442,2760,79202,659
2021-02-18,Yolo,113,214977,12727,12549,216,12765,183
2021-02-18,Yuba,115,75493,5431,5358,83,5441,38
2021-02-17,Alameda,001,1643700,79775,78895,1729,80624,1002
2021-02-17,Alpine,003,1148,79,77,0,77,0
2021-02-17,Amador,005,37829,3439,3415,29,3444,38
2021-02-17,Butte,007,227075,11207,10770,1609,12379,174
2021-02-17,Calaveras,009,45235,1885,1876,12,1888,21
2021-02-17,Colusa,011,21464,1860,1854,260,2114,10
2021-02-17,Contra Costa,013,1133247,62155,60723,1068,61791,635
2021-02-17,Del Norte,015,27424,971,920,4,924,2
2021-02-17,El Dorado,017,186661,9024,8847,595,9442,94
2021-02-17,Fresno,019,978130,95133,93555,7637,101192,1307
2021-02-17,Glenn,021,27897,2220,2189,491,2680,14
2021-02-17,Humboldt,023,135768,3070,3006,22,3028,29
2021-02-17,Imperial,025,180216,27071,26726,2520,29246,580
2021-02-17,Inyo,027,18085,1258,1197,21,1218,32
2021-02-17,Kern,029,883053,92396,90454,9642,100096,962
2021-02-17,Kings,031,150075,22022,21617,980,22597,211
2021-02-17,Lake,033,64148,3121,3057,2,3059,38
2021-02-17,Lassen,035,31185,5087,5052,94,5146,1
2021-02-17,Los Angeles,037,10098052,1163540,1139786,39133,1178919,19213
2021-02-17,Madera,039,155013,15416,15135,802,15937,177
2021-02-17,Marin,041,260295,12999,12881,162,13043,207
2021-02-17,Mariposa,043,17540,374,368,5,373,4
2021-02-17,Mendocino,045,87422,3602,3494,64,3558,39
2021-02-17,Merced,047,269075,27977,27824,853,28677,372
2021-02-17,Modoc,049,8938,335,327,113,440,3
2021-02-17,Mono,051,14174,1166,1180,14,1194,3
2021-02-17,Monterey,053,433212,41550,41014,1674,42688,304
2021-02-17,Napa,055,140530,8929,8865,33,8898,68
2021-02-17,Nevada,057,99092,3925,3822,156,3978,52
2021-02-17,Orange,059,3164182,245559,242716,10140,252856,3626
2021-02-17,Placer,061,380077,20263,19405,1097,20502,230
2021-02-17,Plumas,063,18699,636,623,10,633,4
2021-02-17,Riverside,065,2383286,282034,276289,13337,289626,3491
2021-02-17,Sacramento,067,1510023,93200,91309,1206,92515,1326
2021-02-17,San Benito,069,59416,5698,5661,87,5748,57
2021-02-17,San Bernardino,071,2135413,284485,278461,8550,287011,3020
2021-02-17,San Diego,073,3302833,261130,254177,12561,266738,3099
2021-02-17,San Francisco,075,870044,33752,33558,1053,34611,379
2021-02-17,San Joaquin,077,732212,65983,64556,2745,67301,979
2021-02-17,San Luis Obispo,079,281455,19347,18964,556,19520,230
2021-02-17,San Mateo,081,765935,39081,38124,392,38516,282
2021-02-17,Santa Barbara,083,443738,32231,30927,1103,32030,384
2021-02-17,Santa Clara,085,1922200,108623,107949,553,108502,1592
2021-02-17,Santa Cruz,087,273765,15196,14268,798,15066,174
2021-02-17,Shasta,089,179085,10838,10770,1204,11974,139
2021-02-17,Sierra,091,2930,49,47,13,60,0
2021-02-17,Siskiyou,093,43540,1452,1352,223,1575,4
2021-02-17,Solano,095,438530,29518,29288,352,29640,149
2021-02-17,Sonoma,097,501317,27580,27408,184,27592,281
2021-02-17,Stanislaus,099,539301,49891,49050,5290,54340,730
2021-02-17,Sutter,101,95872,8782,8681,81,8762,95
2021-02-17,Tehama,103,63373,4556,4511,497,5008,30
2021-02-17,Trinity,105,12862,433,277,63,340,3
2021-02-17,Tulare,107,460477,47549,46495,7913,54408,726
2021-02-17,Tuolumne,109,53932,3814,3806,31,3837,49
2021-02-17,Ventura,111,848112,76870,76234,2753,78987,646
2021-02-17,Yolo,113,214977,12710,12506,214,12720,182
2021-02-17,Yuba,115,75493,5422,5345,83,5428,38
2021-02-16,Alameda,001,1643700,79602,78756,1726,80482,997
2021-02-16,Alpine,003,1148,79,76,0,76,0
2021-02-16,Amador,005,37829,3432,3413,29,3442,39
2021-02-16,Butte,007,227075,11180,10748,1606,12354,164
2021-02-16,Calaveras,009,45235,1883,1872,12,1884,21
2021-02-16,Colusa,011,21464,1857,1852,258,2110,10
2021-02-16,Contra Costa,013,1133247,62007,60564,1063,61627,631
2021-02-16,Del Norte,015,27424,963,913,4,917,2
2021-02-16,El Dorado,017,186661,9014,8836,594,9430,94
2021-02-16,Fresno,019,978130,94969,93363,7608,100971,1293
2021-02-16,Glenn,021,27897,2211,2189,486,2675,14
2021-02-16,Humboldt,023,135768,3047,2994,21,3015,29
2021-02-16,Imperial,025,180216,27058,26711,2516,29227,580
2021-02-16,Inyo,027,18085,1250,1191,21,1212,32
2021-02-16,Kern,029,883053,92263,90267,9610,99877,959
2021-02-16,Kings,031,150075,21976,21583,976,22559,206
2021-02-16,Lake,033,64148,3112,3041,2,3043,38
2021-02-16,Lassen,035,31185,5075,5047,94,5141,1
2021-02-16,Los Angeles,037,10098052,1162293,1138262,39072,1177334,19044
2021-02-16,Madera,039,155013,15377,15120,797,15917,172
2021-02-16,Marin,041,260295,12975,12832,162,12994,205
2021-02-16,Mariposa,043,17540,374,367,5,372,4
2021-02-16,Mendocino,045,87422,3598,3489,64,3553,39
2021-02-16,Merced,047,269075,27904,27724,847,28571,368
2021-02-16,Modoc,049,8938,335,326,113,439,3
2021-02-16,Mono,051,14174,1166,1180,14,1194,3
2021-02-16,Monterey,053,433212,41476,40962,1665,42627,303
2021-02-16,Napa,055,140530,8916,8854,33,8887,66
2021-02-16,Nevada,057,99092,3912,3774,155,3929,47
2021-02-16,Orange,059,3164182,245236,242382,10124,252506,3612
2021-02-16,Placer,061,380077,20231,19367,1094,20461,230
2021-02-16,Plumas,063,18699,636,619,10,629,4
2021-02-16,Riverside,065,2383286,281731,275954,13314,289268,3471
2021-02-16,Sacramento,067,1510023,92946,91246,1199,92445,1305
2021-02-16,San Benito,069,59416,5690,5659,86,5745,56
2021-02-16,San Bernardino,071,2135413,284263,277947,8539,286486,2978
2021-02-16,San Diego,073,3302833,260668,253638,12523,266161,3042
2021-02-16,San Francisco,075,870044,33681,33491,1048,34539,373
2021-02-16,San Joaquin,077,732212,65861,64448,2742,67190,979
2021-02-16,San Luis Obispo,079,281455,19302,18925,553,19478,229
2021-02-16,San Mateo,081,765935,39022,38041,390,38431,277
2021-02-16,Santa Barbara,083,443738,32156,30865,1100,31965,378
2021-02-16,Santa Clara,085,1922200,108371,107754,550,108304,1591
2021-02-16,Santa Cruz,087,273765,15176,14256,797,15053,174
2021-02-16,Shasta,089,179085,10822,10736,1202,11938,139
2021-02-16,Sierra,091,2930,49,47,13,60,0
2021-02-16,Siskiyou,093,43540,1448,1351,223,1574,4
2021-02-16,Solano,095,438530,29478,29246,351,29597,148
2021-02-16,Sonoma,097,501317,27518,27380,178,27558,279
2021-02-16,Stanislaus,099,539301,49770,48927,5276,54203,716
2021-02-16,Sutter,101,95872,8759,8671,81,8752,95
2021-02-16,Tehama,103,63373,4547,4501,496,4997,30
2021-02-16,Trinity,105,12862,429,275,63,338,3
2021-02-16,Tulare,107,460477,47483,46444,7869,54313,716
2021-02-16,Tuolumne,109,53932,3812,3796,31,3827,49
2021-02-16,Ventura,111,848112,76725,76043,2749,78792,631
2021-02-16,Yolo,113,214977,12679,12457,214,12671,175
2021-02-16,Yuba,115,75493,5415,5332,82,5414,38
2021-02-15,Alameda,001,1643700,79404,78647,1715,80362,996
2021-02-15,Alpine,003,1148,79,76,0,76,0
2021-02-15,Amador,005,37829,3428,3409,29,3438,39
2021-02-15,Butte,007,227075,11162,10723,1602,12325,155
2021-02-15,Calaveras,009,45235,1879,1871,12,1883,21
2021-02-15,Colusa,011,21464,1857,1849,254,2103,10
2021-02-15,Contra Costa,013,1133247,61832,60444,1056,61500,631
2021-02-15,Del Norte,015,27424,959,913,4,917,2
2021-02-15,El Dorado,017,186661,8997,8816,594,9410,94
2021-02-15,Fresno,019,978130,94770,93231,7569,100800,1288
2021-02-15,Glenn,021,27897,2208,2185,483,2668,14
2021-02-15,Humboldt,023,135768,3040,2997,21,3018,29
2021-02-15,Imperial,025,180216,27040,26700,2511,29211,580
2021-02-15,Inyo,027,18085,1231,1184,21,1205,32
2021-02-15,Kern,029,883053,92119,90181,9577,99758,959
2021-02-15,Kings,031,150075,21931,21574,972,22546,205
2021-02-15,Lake,033,64148,3098,3030,1,3031,38
2021-02-15,Lassen,035,31185,5073,5047,93,5140,1
2021-02-15,Los Angeles,037,10098052,1160904,1137164,39008,1176172,18925
2021-02-15,Madera,039,155013,15346,15108,795,15903,106
2021-02-15,Marin,041,260295,12955,12810,159,12969,203
2021-02-15,Mariposa,043,17540,372,367,5,372,4
2021-02-15,Mendocino,045,87422,3586,3481,64,3545,39
2021-02-15,Merced,047,269075,27829,27656,840,28496,368
2021-02-15,Modoc,049,8938,335,326,113,439,3
2021-02-15,Mono,051,14174,1163,1178,14,1192,3
2021-02-15,Monterey,053,433212,41415,40911,1651,42562,302
2021-02-15,Napa,055,140530,8902,8837,33,8870,57
2021-02-15,Nevada,057,99092,3895,3767,154,3921,47
2021-02-15,Orange,059,3164182,244918,242176,10096,252272,3586
2021-02-15,Placer,061,380077,20205,19361,1093,20454,230
2021-02-15,Plumas,063,18699,636,620,10,630,4
2021-02-15,Riverside,065,2383286,281385,275771,13299,289070,3468
2021-02-15,Sacramento,067,1510023,92619,91091,1194,92285,1304
2021-02-15,San Benito,069,59416,5681,5649,86,5735,56
2021-02-15,San Bernardino,071,2135413,284007,277869,8531,286400,2945
2021-02-15,San Diego,073,3302833,260154,252940,12492,265432,3037
2021-02-15,San Francisco,075,870044,33607,33454,1041,34495,373
2021-02-15,San Joaquin,077,732212,65696,64382,2735,67117,979
2021-02-15,San Luis Obispo,079,281455,19249,18891,551,19442,227
2021-02-15,San Mateo,081,765935,38945,37969,387,38356,277
2021-02-15,Santa Barbara,083,443738,32054,30810,1097,31907,378
2021-02-15,Santa Clara,085,1922200,108136,107630,548,108178,1588
2021-02-15,Santa Cruz,087,273765,15144,14239,794,15033,175
2021-02-15,Shasta,089,179085,10802,10730,1197,11927,139
2021-02-15,Sierra,091,2930,49,47,13,60,0
2021-02-15,Siskiyou,093,43540,1440,1345,222,1567,4
2021-02-15,Solano,095,438530,29423,29225,351,29576,148
2021-02-15,Sonoma,097,501317,27433,27359,174,27533,276
2021-02-15,Stanislaus,099,539301,49645,48808,5263,54071,716
2021-02-15,Sutter,101,95872,8744,8652,81,8733,95
2021-02-15,Tehama,103,63373,4536,4492,494,4986,30
2021-02-15,Trinity,105,12862,428,274,63,337,3
2021-02-15,Tulare,107,460477,47410,46344,7829,54173,715
2021-02-15,Tuolumne,109,53932,3802,3794,31,3825,49
2021-02-15,Ventura,111,848112,76569,75889,2746,78635,629
2021-02-15,Yolo,113,214977,12642,12412,208,12620,175
2021-02-15,Yuba,115,75493,5398,5320,81,5401,38
2021-02-14,Alameda,001,1643700,79248,78442,1714,80156,995
2021-02-14,Alpine,003,1148,79,76,0,76,0
2021-02-14,Amador,005,37829,3423,3398,29,3427,39
2021-02-14,Butte,007,227075,11138,10717,1597,12314,155
2021-02-14,Calaveras,009,45235,1876,1866,12,1878,21
2021-02-14,Colusa,011,21464,1853,1845,251,2096,10
2021-02-14,Contra Costa,013,1133247,61684,60272,1053,61325,631
2021-02-14,Del Norte,015,27424,955,911,4,915,2
2021-02-14,El Dorado,017,186661,8966,8790,593,9383,94
2021-02-14,Fresno,019,978130,94601,93065,7545,100610,1287
2021-02-14,Glenn,021,27897,2206,2184,483,2667,14
2021-02-14,Humboldt,023,135768,3027,2992,21,3013,29
2021-02-14,Imperial,025,180216,27032,26696,2510,29206,580
2021-02-14,Inyo,027,18085,1225,1177,21,1198,32
2021-02-14,Kern,029,883053,91960,90038,9523,99561,959
2021-02-14,Kings,031,150075,21905,21538,970,22508,205
2021-02-14,Lake,033,64148,3089,3030,1,3031,38
2021-02-14,Lassen,035,31185,5069,5037,93,5130,1
2021-02-14,Los Angeles,037,10098052,1159566,1135450,38921,1174371,18898
2021-02-14,Madera,039,155013,15314,15089,791,15880,106
2021-02-14,Marin,041,260295,12931,12784,159,12943,201
2021-02-14,Mariposa,043,17540,372,365,5,370,4
2021-02-14,Mendocino,045,87422,3581,3475,64,3539,39
2021-02-14,Merced,047,269075,27751,27601,835,28436,368
2021-02-14,Modoc,049,8938,335,326,113,439,3
2021-02-14,Mono,051,14174,1162,1180,14,1194,3
2021-02-14,Monterey,053,433212,41365,40842,1647,42489,302
2021-02-14,Napa,055,140530,8882,8826,33,8859,57
2021-02-14,Nevada,057,99092,3879,3761,154,3915,47
2021-02-14,Orange,059,3164182,244607,241859,10076,251935,3564
2021-02-14,Placer,061,380077,20166,19313,1088,20401,230
2021-02-14,Plumas,063,18699,635,620,10,630,4
2021-02-14,Riverside,065,2383286,281067,275518,13280,288798,3471
2021-02-14,Sacramento,067,1510023,92412,90856,1190,92046,1304
2021-02-14,San Benito,069,59416,5673,5641,85,5726,56
2021-02-14,San Bernardino,071,2135413,283691,277664,8511,286175,2929
2021-02-14,San Diego,073,3302833,259662,252247,12444,264691,3037
2021-02-14,San Francisco,075,870044,33534,33374,1032,34406,372
2021-02-14,San Joaquin,077,732212,65597,64243,2721,66964,979
2021-02-14,San Luis Obispo,079,281455,19211,18868,548,19416,225
2021-02-14,San Mateo,081,765935,38861,37859,387,38246,277
2021-02-14,Santa Barbara,083,443738,31962,30744,1093,31837,377
2021-02-14,Santa Clara,085,1922200,107935,107412,544,107956,1582
2021-02-14,Santa Cruz,087,273765,15116,14225,789,15014,175
2021-02-14,Shasta,089,179085,10771,10720,1192,11912,139
2021-02-14,Sierra,091,2930,49,47,13,60,0
2021-02-14,Siskiyou,093,43540,1436,1340,222,1562,4
2021-02-14,Solano,095,438530,29385,29150,348,29498,148
2021-02-14,Sonoma,097,501317,27356,27266,172,27438,276
2021-02-14,Stanislaus,099,539301,49538,48672,5248,53920,716
2021-02-14,Sutter,101,95872,8721,8642,81,8723,95
2021-02-14,Tehama,103,63373,4528,4490,492,4982,30
2021-02-14,Trinity,105,12862,428,272,63,335,3
2021-02-14,Tulare,107,460477,47330,46263,7779,54042,715
2021-02-14,Tuolumne,109,53932,3801,3764,31,3795,49
2021-02-14,Ventura,111,848112,76394,75742,2735,78477,629
2021-02-14,Yolo,113,214977,12613,12399,207,12606,175
2021-02-14,Yuba,115,75493,5388,5314,81,5395,38
2021-02-13,Alameda,001,1643700,79133,78246,1711,79957,995
2021-02-13,Alpine,003,1148,79,76,0,76,0
2021-02-13,Amador,005,37829,3420,3387,29,3416,38
2021-02-13,Butte,007,227075,11122,10699,1596,12295,155
2021-02-13,Calaveras,009,45235,1872,1863,12,1875,21
2021-02-13,Colusa,011,21464,1853,1837,251,2088,10
2021-02-13,Contra Costa,013,1133247,61564,60100,1053,61153,629
2021-02-13,Del Norte,015,27424,953,908,4,912,2
2021-02-13,El Dorado,017,186661,8955,8758,592,9350,93
2021-02-13,Fresno,019,978130,94487,92807,7523,100330,1287
2021-02-13,Glenn,021,27897,2205,2182,483,2665,14
2021-02-13,Humboldt,023,135768,3014,2974,20,2994,29
2021-02-13,Imperial,025,180216,27025,26680,2508,29188,580
2021-02-13,Inyo,027,18085,1221,1168,21,1189,32
2021-02-13,Kern,029,883053,91871,89915,9498,99413,957
2021-02-13,Kings,031,150075,21890,21513,968,22481,205
2021-02-13,Lake,033,64148,3083,3025,1,3026,37
2021-02-13,Lassen,035,31185,5066,5028,93,5121,1
2021-02-13,Los Angeles,037,10098052,1158707,1133752,38874,1172626,18822
2021-02-13,Madera,039,155013,15305,15053,786,15839,106
2021-02-13,Marin,041,260295,12910,12757,159,12916,201
2021-02-13,Mariposa,043,17540,372,365,5,370,4
2021-02-13,Mendocino,045,87422,3571,3466,64,3530,38
2021-02-13,Merced,047,269075,27707,27541,832,28373,368
2021-02-13,Modoc,049,8938,335,325,113,438,3
2021-02-13,Mono,051,14174,1162,1176,14,1190,3
2021-02-13,Monterey,053,433212,41334,40731,1645,42376,301
2021-02-13,Napa,055,140530,8873,8809,33,8842,57
2021-02-13,Nevada,057,99092,3870,3742,153,3895,47
2021-02-13,Orange,059,3164182,244401,241545,10057,251602,3520
2021-02-13,Placer,061,380077,20146,19214,1088,20302,230
2021-02-13,Plumas,063,18699,635,616,10,626,4
2021-02-13,Riverside,065,2383286,280837,275276,13271,288547,3462
2021-02-13,Sacramento,067,1510023,92245,90401,1187,91588,1302
2021-02-13,San Benito,069,59416,5659,5633,85,5718,56
2021-02-13,San Bernardino,071,2135413,283539,277405,8499,285904,2899
2021-02-13,San Diego,073,3302833,259331,251679,12432,264111,3009
2021-02-13,San Francisco,075,870044,33485,33291,1021,34312,364
2021-02-13,San Joaquin,077,732212,65529,64105,2711,66816,977
2021-02-13,San Luis Obispo,079,281455,19183,18803,542,19345,225
2021-02-13,San Mateo,081,765935,38808,37745,387,38132,277
2021-02-13,Santa Barbara,083,443738,31910,30594,1091,31685,374
2021-02-13,Santa Clara,085,1922200,107750,107125,540,107665,1570
2021-02-13,Santa Cruz,087,273765,15089,14198,788,14986,173
2021-02-13,Shasta,089,179085,10759,10713,1187,11900,139
2021-02-13,Sierra,091,2930,49,47,13,60,0
2021-02-13,Siskiyou,093,43540,1433,1336,222,1558,4
2021-02-13,Solano,095,438530,29348,29084,348,29432,148
2021-02-13,Sonoma,097,501317,27310,27157,170,27327,276
2021-02-13,Stanislaus,099,539301,49469,48568,5242,53810,697
2021-02-13,Sutter,101,95872,8709,8626,81,8707,94
2021-02-13,Tehama,103,63373,4519,4484,491,4975,30
2021-02-13,Trinity,105,12862,427,272,62,334,3
2021-02-13,Tulare,107,460477,47284,46162,7744,53906,709
2021-02-13,Tuolumne,109,53932,3800,3752,31,3783,49
2021-02-13,Ventura,111,848112,76256,75481,2729,78210,618
2021-02-13,Yolo,113,214977,12601,12374,206,12580,175
2021-02-13,Yuba,115,75493,5380,5289,81,5370,38
2021-02-12,Alameda,001,1643700,78999,77958,1705,79663,974
2021-02-12,Alpine,003,1148,79,76,0,76,0
2021-02-12,Amador,005,37829,3416,3381,29,3410,38
2021-02-12,Butte,007,227075,11107,10655,1589,12244,155
2021-02-12,Calaveras,009,45235,1869,1860,12,1872,21
2021-02-12,Colusa,011,21464,1853,1836,251,2087,10
2021-02-12,Contra Costa,013,1133247,61414,59878,1049,60927,620
2021-02-12,Del Norte,015,27424,943,901,4,905,2
2021-02-12,El Dorado,017,186661,8939,8725,589,9314,92
2021-02-12,Fresno,019,978130,94333,92520,7503,100023,1273
2021-02-12,Glenn,021,27897,2202,2175,483,2658,14
2021-02-12,Humboldt,023,135768,3006,2961,20,2981,29
2021-02-12,Imperial,025,180216,27016,26646,2506,29152,585
2021-02-12,Inyo,027,18085,1215,1156,21,1177,32
2021-02-12,Kern,029,883053,91760,89532,9463,98995,949
2021-02-12,Kings,031,150075,21859,21462,962,22424,202
2021-02-12,Lake,033,64148,3079,3012,1,3013,36
2021-02-12,Lassen,035,31185,5064,5015,93,5108,1
2021-02-12,Los Angeles,037,10098052,1157504,1131185,38805,1169990,18637
2021-02-12,Madera,039,155013,15278,15022,783,15805,106
2021-02-12,Marin,041,260295,12884,12720,159,12879,200
2021-02-12,Mariposa,043,17540,371,365,5,370,4
2021-02-12,Mendocino,045,87422,3569,3447,64,3511,38
2021-02-12,Merced,047,269075,27656,27453,829,28282,367
2021-02-12,Modoc,049,8938,335,324,113,437,3
2021-02-12,Mono,051,14174,1161,1172,14,1186,3
2021-02-12,Monterey,053,433212,41287,40633,1636,42269,297
2021-02-12,Napa,055,140530,8861,8785,33,8818,55
2021-02-12,Nevada,057,99092,3865,3728,153,3881,47
2021-02-12,Orange,059,3164182,244161,241075,10043,251118,3505
2021-02-12,Placer,061,380077,20104,19174,1083,20257,230
2021-02-12,Plumas,063,18699,634,614,10,624,4
2021-02-12,Riverside,065,2383286,280563,274792,13253,288045,3438
2021-02-12,Sacramento,067,1510023,92042,90252,1186,91438,1295
2021-02-12,San Benito,069,59416,5643,5622,84,5706,56
2021-02-12,San Bernardino,071,2135413,283346,276890,8488,285378,2827
2021-02-12,San Diego,073,3302833,258948,250788,12406,263194,2979
2021-02-12,San Francisco,075,870044,33426,33179,1017,34196,359
2021-02-12,San Joaquin,077,732212,65435,63966,2703,66669,975
2021-02-12,San Luis Obispo,079,281455,19142,18687,541,19228,224
2021-02-12,San Mateo,081,765935,38736,37560,387,37947,254
2021-02-12,Santa Barbara,083,443738,31839,30454,1086,31540,372
2021-02-12,Santa Clara,085,1922200,107581,106759,537,107296,1543
2021-02-12,Santa Cruz,087,273765,15069,14147,788,14935,170
2021-02-12,Shasta,089,179085,10741,10693,1177,11870,142
2021-02-12,Sierra,091,2930,48,45,13,58,0
2021-02-12,Siskiyou,093,43540,1429,1324,219,1543,4
2021-02-12,Solano,095,438530,29316,28996,345,29341,147
2021-02-12,Sonoma,097,501317,27256,27064,166,27230,275
2021-02-12,Stanislaus,099,539301,49385,48418,5218,53636,697
2021-02-12,Sutter,101,95872,8695,8609,81,8690,93
2021-02-12,Tehama,103,63373,4511,4470,490,4960,27
2021-02-12,Trinity,105,12862,427,269,62,331,3
2021-02-12,Tulare,107,460477,47206,46016,7717,53733,710
2021-02-12,Tuolumne,109,53932,3798,3736,30,3766,49
2021-02-12,Ventura,111,848112,76088,75210,2722,77932,605
2021-02-12,Yolo,113,214977,12581,12340,206,12546,175
2021-02-12,Yuba,115,75493,5372,5274,81,5355,38
2021-02-11,Alameda,001,1643700,78771,77564,1700,79264,960
2021-02-11,Alpine,003,1148,78,76,0,76,0
2021-02-11,Amador,005,37829,3412,3368,29,3397,35
2021-02-11,Butte,007,227075,11083,10624,1587,12211,155
2021-02-11,Calaveras,009,45235,1866,1856,12,1868,21
2021-02-11,Colusa,011,21464,1848,1823,249,2072,10
2021-02-11,Contra Costa,013,1133247,61247,59633,1045,60678,605
2021-02-11,Del Norte,015,27424,938,894,4,898,2
2021-02-11,El Dorado,017,186661,8918,8698,589,9287,92
2021-02-11,Fresno,019,978130,94178,92168,7477,99645,1255
2021-02-11,Glenn,021,27897,2200,2166,481,2647,14
2021-02-11,Humboldt,023,135768,2993,2954,19,2973,29
2021-02-11,Imperial,025,180216,26993,26545,2504,29049,578
2021-02-11,Inyo,027,18085,1206,1144,21,1165,32
2021-02-11,Kern,029,883053,91570,89224,9418,98642,941
2021-02-11,Kings,031,150075,21829,21373,959,22332,202
2021-02-11,Lake,033,64148,3069,3002,1,3003,36
2021-02-11,Lassen,035,31185,5053,5004,90,5094,1
2021-02-11,Los Angeles,037,10098052,1155875,1128437,38734,1167171,18500
2021-02-11,Madera,039,155013,15257,14984,781,15765,106
2021-02-11,Marin,041,260295,12847,12682,159,12841,200
2021-02-11,Mariposa,043,17540,371,361,5,366,4
2021-02-11,Mendocino,045,87422,3562,3420,64,3484,38
2021-02-11,Merced,047,269075,27591,27325,825,28150,363
2021-02-11,Modoc,049,8938,334,317,113,430,3
2021-02-11,Mono,051,14174,1157,1173,14,1187,3
2021-02-11,Monterey,053,433212,41179,40469,1630,42099,295
2021-02-11,Napa,055,140530,8840,8777,33,8810,55
2021-02-11,Nevada,057,99092,3849,3720,153,3873,47
2021-02-11,Orange,059,3164182,243794,240590,10020,250610,3476
2021-02-11,Placer,061,380077,20064,19118,1082,20200,224
2021-02-11,Plumas,063,18699,633,592,10,602,4
2021-02-11,Riverside,065,2383286,280197,274313,13239,287552,3394
2021-02-11,Sacramento,067,1510023,91800,89988,1180,91168,1286
2021-02-11,San Benito,069,59416,5634,5609,84,5693,56
2021-02-11,San Bernardino,071,2135413,283030,276349,8474,284823,2774
2021-02-11,San Diego,073,3302833,258396,249971,12372,262343,2955
2021-02-11,San Francisco,075,870044,33341,33076,1007,34083,356
2021-02-11,San Joaquin,077,732212,65265,63719,2693,66412,971
2021-02-11,San Luis Obispo,079,281455,19077,18615,537,19152,219
2021-02-11,San Mateo,081,765935,38646,37439,384,37823,253
2021-02-11,Santa Barbara,083,443738,31745,30375,1081,31456,370
2021-02-11,Santa Clara,085,1922200,107324,106392,531,106923,1507
2021-02-11,Santa Cruz,087,273765,15046,14088,783,14871,165
2021-02-11,Shasta,089,179085,10717,10672,1173,11845,140
2021-02-11,Sierra,091,2930,48,45,13,58,0
2021-02-11,Siskiyou,093,43540,1414,1320,219,1539,4
2021-02-11,Solano,095,438530,29264,28885,345,29230,138
2021-02-11,Sonoma,097,501317,27173,26971,163,27134,272
2021-02-11,Stanislaus,099,539301,49241,48205,5207,53412,697
2021-02-11,Sutter,101,95872,8681,8590,80,8670,93
2021-02-11,Tehama,103,63373,4505,4463,490,4953,26
2021-02-11,Trinity,105,12862,427,269,62,331,3
2021-02-11,Tulare,107,460477,47113,45897,7673,53570,706
2021-02-11,Tuolumne,109,53932,3761,3716,30,3746,48
2021-02-11,Ventura,111,848112,75887,74959,2713,77672,590
2021-02-11,Yolo,113,214977,12558,12303,204,12507,173
2021-02-11,Yuba,115,75493,5358,5261,79,5340,38
2021-02-10,Alameda,001,1643700,78568,77344,1698,79042,944
2021-02-10,Alpine,003,1148,78,76,0,76,0
2021-02-10,Amador,005,37829,3400,3348,29,3377,35
2021-02-10,Butte,007,227075,11057,10594,1586,12180,155
2021-02-10,Calaveras,009,45235,1864,1850,12,1862,21
2021-02-10,Colusa,011,21464,1841,1815,247,2062,10
2021-02-10,Contra Costa,013,1133247,61075,59488,1043,60531,590
2021-02-10,Del Norte,015,27424,932,888,4,892,2
2021-02-10,El Dorado,017,186661,8887,8682,585,9267,87
2021-02-10,Fresno,019,978130,94003,91876,7452,99328,1247
2021-02-10,Glenn,021,27897,2198,2160,478,2638,14
2021-02-10,Humboldt,023,135768,2985,2924,19,2943,29
2021-02-10,Imperial,025,180216,26953,26522,2501,29023,578
2021-02-10,Inyo,027,18085,1194,1138,21,1159,30
2021-02-10,Kern,029,883053,91364,88933,9363,98296,926
2021-02-10,Kings,031,150075,21786,21294,957,22251,197
2021-02-10,Lake,033,64148,3056,2975,1,2976,36
2021-02-10,Lassen,035,31185,5049,4993,90,5083,1
2021-02-10,Los Angeles,037,10098052,1154131,1125437,38604,1164041,18338
2021-02-10,Madera,039,155013,15219,14925,779,15704,105
2021-02-10,Marin,041,260295,12810,12651,159,12810,199
2021-02-10,Mariposa,043,17540,369,360,5,365,4
2021-02-10,Mendocino,045,87422,3547,3395,64,3459,38
2021-02-10,Merced,047,269075,27509,27246,814,28060,359
2021-02-10,Modoc,049,8938,333,315,111,426,3
2021-02-10,Mono,051,14174,1153,1170,14,1184,3
2021-02-10,Monterey,053,433212,41098,40366,1616,41982,288
2021-02-10,Napa,055,140530,8821,8769,33,8802,55
2021-02-10,Nevada,057,99092,3834,3693,151,3844,47
2021-02-10,Orange,059,3164182,243374,239974,9989,249963,3439
2021-02-10,Placer,061,380077,20025,19062,1077,20139,220
2021-02-10,Plumas,063,18699,630,589,10,599,2
2021-02-10,Riverside,065,2383286,279784,273721,13229,286950,3374
2021-02-10,Sacramento,067,1510023,91549,89653,1176,90829,1275
2021-02-10,San Benito,069,59416,5620,5591,84,5675,55
2021-02-10,San Bernardino,071,2135413,282668,275616,8458,284074,2696
2021-02-10,San Diego,073,3302833,257815,248858,12334,261192,2904
2021-02-10,San Francisco,075,870044,33259,32955,1004,33959,351
2021-02-10,San Joaquin,077,732212,65124,63484,2679,66163,954
2021-02-10,San Luis Obispo,079,281455,18998,18549,535,19084,216
2021-02-10,San Mateo,081,765935,38556,37323,384,37707,245
2021-02-10,Santa Barbara,083,443738,31655,30216,1076,31292,359
2021-02-10,Santa Clara,085,1922200,107085,106048,528,106576,1489
2021-02-10,Santa Cruz,087,273765,15010,14007,781,14788,165
2021-02-10,Shasta,089,179085,10694,10645,1170,11815,142
2021-02-10,Sierra,091,2930,48,45,13,58,0
2021-02-10,Siskiyou,093,43540,1409,1314,218,1532,4
2021-02-10,Solano,095,438530,29189,28835,343,29178,137
2021-02-10,Sonoma,097,501317,27081,26881,161,27042,271
2021-02-10,Stanislaus,099,539301,49126,48016,5190,53206,696
2021-02-10,Sutter,101,95872,8664,8571,80,8651,93
2021-02-10,Tehama,103,63373,4497,4445,490,4935,23
2021-02-10,Trinity,105,12862,424,268,62,330,3
2021-02-10,Tulare,107,460477,46997,45782,7634,53416,696
2021-02-10,Tuolumne,109,53932,3753,3691,30,3721,48
2021-02-10,Ventura,111,848112,75660,74651,2696,77347,580
2021-02-10,Yolo,113,214977,12534,12276,203,12479,174
2021-02-10,Yuba,115,75493,5340,5241,79,5320,38
2021-02-09,Alameda,001,1643700,78305,77018,1695,78713,936
2021-02-09,Alpine,003,1148,78,76,0,76,0
2021-02-09,Amador,005,37829,3392,3347,29,3376,35
2021-02-09,Butte,007,227075,11030,10563,1584,12147,153
2021-02-09,Calaveras,009,45235,1860,1847,12,1859,21
2021-02-09,Colusa,011,21464,1832,1812,242,2054,10
2021-02-09,Contra Costa,013,1133247,60887,59307,1037,60344,583
2021-02-09,Del Norte,015,27424,926,886,4,890,2
2021-02-09,El Dorado,017,186661,8860,8663,584,9247,87
2021-02-09,Fresno,019,978130,93763,91730,7422,99152,1211
2021-02-09,Glenn,021,27897,2194,2156,477,2633,14
2021-02-09,Humboldt,023,135768,2977,2904,19,2923,29
2021-02-09,Imperial,025,180216,26925,26509,2498,29007,568
2021-02-09,Inyo,027,18085,1186,1137,21,1158,30
2021-02-09,Kern,029,883053,91116,88684,9316,98000,920
2021-02-09,Kings,031,150075,21745,21275,955,22230,196
2021-02-09,Lake,033,64148,3045,2955,1,2956,36
2021-02-09,Lassen,035,31185,5042,4983,90,5073,1
2021-02-09,Los Angeles,037,10098052,1152164,1122745,38517,1161262,18198
2021-02-09,Madera,039,155013,15199,14912,776,15688,105
2021-02-09,Marin,041,260295,12777,12623,158,12781,197
2021-02-09,Mariposa,043,17540,367,355,5,360,4
2021-02-09,Mendocino,045,87422,3529,3369,64,3433,38
2021-02-09,Merced,047,269075,27411,27166,809,27975,354
2021-02-09,Modoc,049,8938,332,316,111,427,3
2021-02-09,Mono,051,14174,1152,1167,14,1181,3
2021-02-09,Monterey,053,433212,40990,40279,1605,41884,285
2021-02-09,Napa,055,140530,8808,8749,33,8782,55
2021-02-09,Nevada,057,99092,3818,3687,151,3838,44
2021-02-09,Orange,059,3164182,242957,239169,9958,249127,3406
2021-02-09,Placer,061,380077,19961,19008,1070,20078,220
2021-02-09,Plumas,063,18699,630,584,10,594,2
2021-02-09,Riverside,065,2383286,279297,273465,13214,286679,3334
2021-02-09,Sacramento,067,1510023,91238,89378,1175,90553,1265
2021-02-09,San Benito,069,59416,5608,5566,83,5649,54
2021-02-09,San Bernardino,071,2135413,282293,274998,8445,283443,2613
2021-02-09,San Diego,073,3302833,257158,248048,12291,260339,2853
2021-02-09,San Francisco,075,870044,33180,32782,994,33776,349
2021-02-09,San Joaquin,077,732212,64950,63341,2674,66015,937
2021-02-09,San Luis Obispo,079,281455,18939,18489,534,19023,216
2021-02-09,San Mateo,081,765935,38425,37227,383,37610,235
2021-02-09,Santa Barbara,083,443738,31545,30118,1069,31187,351
2021-02-09,Santa Clara,085,1922200,106778,105762,525,106287,1463
2021-02-09,Santa Cruz,087,273765,14960,13958,776,14734,162
2021-02-09,Shasta,089,179085,10668,10595,1168,11763,139
2021-02-09,Sierra,091,2930,48,44,13,57,0
2021-02-09,Siskiyou,093,43540,1401,1306,216,1522,4
2021-02-09,Solano,095,438530,29112,28769,340,29109,131
2021-02-09,Sonoma,097,501317,26992,26826,159,26985,267
2021-02-09,Stanislaus,099,539301,48965,47906,5174,53080,679
2021-02-09,Sutter,101,95872,8647,8541,80,8621,92
2021-02-09,Tehama,103,63373,4490,4416,488,4904,22
2021-02-09,Trinity,105,12862,424,266,62,328,3
2021-02-09,Tulare,107,460477,46864,45704,7579,53283,686
2021-02-09,Tuolumne,109,53932,3733,3673,30,3703,48
2021-02-09,Ventura,111,848112,75410,74333,2688,77021,567
2021-02-09,Yolo,113,214977,12492,12220,203,12423,174
2021-02-09,Yuba,115,75493,5331,5235,79,5314,35
2021-02-08,Alameda,001,1643700,78043,76735,1690,78425,924
2021-02-08,Alpine,003,1148,78,73,0,73,0
2021-02-08,Amador,005,37829,3385,3344,28,3372,33
2021-02-08,Butte,007,227075,11008,10524,1581,12105,152
2021-02-08,Calaveras,009,45235,1859,1840,12,1852,21
2021-02-08,Colusa,011,21464,1824,1802,238,2040,10
2021-02-08,Contra Costa,013,1133247,60679,59039,1035,60074,567
2021-02-08,Del Norte,015,27424,923,885,4,889,2
2021-02-08,El Dorado,017,186661,8829,8627,582,9209,86
2021-02-08,Fresno,019,978130,93554,91430,7395,98825,1207
2021-02-08,Glenn,021,27897,2187,2148,475,2623,14
2021-02-08,Humboldt,023,135768,2969,2902,19,2921,29
2021-02-08,Imperial,025,180216,26906,26526,2496,29022,567
2021-02-08,Inyo,027,18085,1173,1126,21,1147,30
2021-02-08,Kern,029,883053,90901,88380,9258,97638,920
2021-02-08,Kings,031,150075,21683,21232,952,22184,195
2021-02-08,Lake,033,64148,3026,2949,1,2950,36
2021-02-08,Lassen,035,31185,5029,4976,90,5066,1
2021-02-08,Los Angeles,037,10098052,1150073,1120179,38398,1158577,17977
2021-02-08,Madera,039,155013,15162,14887,769,15656,93
2021-02-08,Marin,041,260295,12748,12591,158,12749,194
2021-02-08,Mariposa,043,17540,367,355,5,360,4
2021-02-08,Mendocino,045,87422,3515,3355,64,3419,38
2021-02-08,Merced,047,269075,27326,27082,804,27886,346
2021-02-08,Modoc,049,8938,330,318,111,429,3
2021-02-08,Mono,051,14174,1152,1165,14,1179,3
2021-02-08,Monterey,053,433212,40867,40186,1586,41772,283
2021-02-08,Napa,055,140530,8793,8719,33,8752,55
2021-02-08,Nevada,057,99092,3806,3671,151,3822,44
2021-02-08,Orange,059,3164182,242488,238715,9934,248649,3361
2021-02-08,Placer,061,380077,19918,18944,1063,20007,211
2021-02-08,Plumas,063,18699,629,584,10,594,2
2021-02-08,Riverside,065,2383286,278739,272904,13190,286094,3301
2021-02-08,Sacramento,067,1510023,90951,89267,1172,90439,1247
2021-02-08,San Benito,069,59416,5603,5553,82,5635,52
2021-02-08,San Bernardino,071,2135413,281890,274661,8439,283100,2587
2021-02-08,San Diego,073,3302833,256416,247259,12250,259509,2821
2021-02-08,San Francisco,075,870044,33086,32679,986,33665,348
2021-02-08,San Joaquin,077,732212,64789,63148,2664,65812,929
2021-02-08,San Luis Obispo,079,281455,18882,18421,529,18950,214
2021-02-08,San Mateo,081,765935,38316,37084,383,37467,232
2021-02-08,Santa Barbara,083,443738,31432,29978,1062,31040,340
2021-02-08,Santa Clara,085,1922200,106453,105413,517,105930,1456
2021-02-08,Santa Cruz,087,273765,14921,13921,769,14690,161
2021-02-08,Shasta,089,179085,10642,10574,1162,11736,137
2021-02-08,Sierra,091,2930,48,44,13,57,0
2021-02-08,Siskiyou,093,43540,1398,1303,216,1519,4
2021-02-08,Solano,095,438530,29049,28644,338,28982,130
2021-02-08,Sonoma,097,501317,26901,26760,158,26918,259
2021-02-08,Stanislaus,099,539301,48812,47704,5146,52850,679
2021-02-08,Sutter,101,95872,8628,8526,80,8606,92
2021-02-08,Tehama,103,63373,4475,4403,486,4889,22
2021-02-08,Trinity,105,12862,422,266,62,328,3
2021-02-08,Tulare,107,460477,46757,45617,7539,53156,673
2021-02-08,Tuolumne,109,53932,3725,3647,30,3677,48
2021-02-08,Ventura,111,848112,75153,74068,2682,76750,565
2021-02-08,Yolo,113,214977,12460,12169,202,12371,162
2021-02-08,Yuba,115,75493,5315,5215,79,5294,35
2021-02-07,Alameda,001,1643700,77739,76500,1682,78182,924
2021-02-07,Alpine,003,1148,75,72,0,72,0
2021-02-07,Amador,005,37829,3364,3343,28,3371,33
2021-02-07,Butte,007,227075,10975,10513,1571,12084,152
2021-02-07,Calaveras,009,45235,1855,1837,12,1849,21
2021-02-07,Colusa,011,21464,1813,1795,236,2031,10
2021-02-07,Contra Costa,013,1133247,60442,58836,1030,59866,566
2021-02-07,Del Norte,015,27424,919,881,4,885,2
2021-02-07,El Dorado,017,186661,8800,8596,580,9176,86
2021-02-07,Fresno,019,978130,93325,91184,7356,98540,1207
2021-02-07,Glenn,021,27897,2184,2141,471,2612,14
2021-02-07,Humboldt,023,135768,2948,2895,19,2914,28
2021-02-07,Imperial,025,180216,26880,26518,2489,29007,567
2021-02-07,Inyo,027,18085,1162,1124,21,1145,27
2021-02-07,Kern,029,883053,90656,88146,9201,97347,920
2021-02-07,Kings,031,150075,21622,21180,949,22129,192
2021-02-07,Lake,033,64148,3010,2940,1,2941,36
2021-02-07,Lassen,035,31185,5018,4973,90,5063,1
2021-02-07,Los Angeles,037,10098052,1147324,1117551,38268,1155819,17889
2021-02-07,Madera,039,155013,15128,14850,765,15615,93
2021-02-07,Marin,041,260295,12714,12571,155,12726,194
2021-02-07,Mariposa,043,17540,366,355,5,360,4
2021-02-07,Mendocino,045,87422,3498,3348,64,3412,38
2021-02-07,Merced,047,269075,27215,26977,792,27769,346
2021-02-07,Modoc,049,8938,330,317,107,424,3
2021-02-07,Mono,051,14174,1149,1165,14,1179,3
2021-02-07,Monterey,053,433212,40731,40113,1565,41678,283
2021-02-07,Napa,055,140530,8770,8701,33,8734,55
2021-02-07,Nevada,057,99092,3795,3643,151,3794,44
2021-02-07,Orange,059,3164182,241890,238155,9902,248057,3336
2021-02-07,Placer,061,380077,19870,18903,1049,19952,211
2021-02-07,Plumas,063,18699,629,584,10,594,2
2021-02-07,Riverside,065,2383286,278225,272301,13169,285470,3267
2021-02-07,Sacramento,067,1510023,90619,88919,1165,90084,1246
2021-02-07,San Benito,069,59416,5584,5548,81,5629,52
2021-02-07,San Bernardino,071,2135413,281307,274316,8414,282730,2587
2021-02-07,San Diego,073,3302833,255629,246561,12187,258748,2821
2021-02-07,San Francisco,075,870044,32965,32609,974,33583,348
2021-02-07,San Joaquin,077,732212,64517,63051,2649,65700,929
2021-02-07,San Luis Obispo,079,281455,18810,18349,522,18871,214
2021-02-07,San Mateo,081,765935,38182,36984,381,37365,232
2021-02-07,Santa Barbara,083,443738,31294,29815,1051,30866,340
2021-02-07,Santa Clara,085,1922200,106113,105118,507,105625,1450
2021-02-07,Santa Cruz,087,273765,14867,13887,765,14652,161
2021-02-07,Shasta,089,179085,10622,10570,1154,11724,137
2021-02-07,Sierra,091,2930,48,43,13,56,0
2021-02-07,Siskiyou,093,43540,1391,1295,214,1509,4
2021-02-07,Solano,095,438530,28939,28567,337,28904,130
2021-02-07,Sonoma,097,501317,26794,26684,154,26838,257
2021-02-07,Stanislaus,099,539301,48622,47551,5114,52665,679
2021-02-07,Sutter,101,95872,8600,8515,80,8595,92
2021-02-07,Tehama,103,63373,4461,4396,484,4880,22
2021-02-07,Trinity,105,12862,419,264,60,324,3
2021-02-07,Tulare,107,460477,46635,45520,7460,52980,671
2021-02-07,Tuolumne,109,53932,3701,3619,29,3648,48
2021-02-07,Ventura,111,848112,74844,73759,2670,76429,561
2021-02-07,Yolo,113,214977,12415,12135,202,12337,162
2021-02-07,Yuba,115,75493,5300,5198,77,5275,35
2021-02-06,Alameda,001,1643700,77582,76170,1671,77841,922
2021-02-06,Alpine,003,1148,75,72,0,72,0
2021-02-06,Amador,005,37829,3358,3306,28,3334,33
2021-02-06,Butte,007,227075,10958,10480,1567,12047,150
2021-02-06,Calaveras,009,45235,1853,1832,12,1844,21
2021-02-06,Colusa,011,21464,1811,1791,235,2026,10
2021-02-06,Contra Costa,013,1133247,60296,58567,1024,59591,566
2021-02-06,Del Norte,015,27424,915,879,4,883,2
2021-02-06,El Dorado,017,186661,8793,8575,576,9151,86
2021-02-06,Fresno,019,978130,93213,90944,7334,98278,1207
2021-02-06,Glenn,021,27897,2183,2136,469,2605,14
2021-02-06,Humboldt,023,135768,2937,2880,19,2899,28
2021-02-06,Imperial,025,180216,26870,26514,2488,29002,567
2021-02-06,Inyo,027,18085,1159,1113,21,1134,27
2021-02-06,Kern,029,883053,90504,87919,9155,97074,912
2021-02-06,Kings,031,150075,21592,21156,949,22105,190
2021-02-06,Lake,033,64148,3005,2920,1,2921,34
2021-02-06,Lassen,035,31185,5014,4964,89,5053,1
2021-02-06,Los Angeles,037,10098052,1145971,1114718,38169,1152887,17793
2021-02-06,Madera,039,155013,15107,14807,763,15570,93
2021-02-06,Marin,041,260295,12694,12531,155,12686,194
2021-02-06,Mariposa,043,17540,365,355,4,359,4
2021-02-06,Mendocino,045,87422,3480,3316,63,3379,38
2021-02-06,Merced,047,269075,27130,26881,784,27665,346
2021-02-06,Modoc,049,8938,330,313,107,420,3
2021-02-06,Mono,051,14174,1148,1159,14,1173,3
2021-02-06,Monterey,053,433212,40675,39995,1557,41552,282
2021-02-06,Napa,055,140530,8757,8639,33,8672,55
2021-02-06,Nevada,057,99092,3783,3624,151,3775,43
2021-02-06,Orange,059,3164182,241526,237391,9868,247259,3293
2021-02-06,Placer,061,380077,19833,18836,1046,19882,211
2021-02-06,Plumas,063,18699,629,584,10,594,2
2021-02-06,Riverside,065,2383286,277865,271741,13150,284891,3243
2021-02-06,Sacramento,067,1510023,90402,88532,1156,89688,1237
2021-02-06,San Benito,069,59416,5566,5516,81,5597,52
2021-02-06,San Bernardino,071,2135413,281002,273718,8391,282109,2564
2021-02-06,San Diego,073,3302833,255133,245331,12152,257483,2812
2021-02-06,San Francisco,075,870044,32892,32437,963,33400,346
2021-02-06,San Joaquin,077,732212,64438,62840,2638,65478,906
2021-02-06,San Luis Obispo,079,281455,18768,18284,518,18802,214
2021-02-06,San Mateo,081,765935,38114,36824,378,37202,232
2021-02-06,Santa Barbara,083,443738,31219,29645,1049,30694,337
2021-02-06,Santa Clara,085,1922200,105892,104639,502,105141,1439
2021-02-06,Santa Cruz,087,273765,14836,13845,761,14606,161
2021-02-06,Shasta,089,179085,10611,10561,1152,11713,137
2021-02-06,Sierra,091,2930,48,43,13,56,0
2021-02-06,Siskiyou,093,43540,1388,1289,213,1502,4
2021-02-06,Solano,095,438530,28903,28446,336,28782,129
2021-02-06,Sonoma,097,501317,26758,26564,152,26716,257
2021-02-06,Stanislaus,099,539301,48524,47325,5098,52423,679
2021-02-06,Sutter,101,95872,8592,8485,80,8565,92
2021-02-06,Tehama,103,63373,4454,4380,482,4862,22
2021-02-06,Trinity,105,12862,419,263,60,323,3
2021-02-06,Tulare,107,460477,46567,45349,7413,52762,664
2021-02-06,Tuolumne,109,53932,3694,3612,29,3641,48
2021-02-06,Ventura,111,848112,74664,73431,2664,76095,552
2021-02-06,Yolo,113,214977,12392,12061,202,12263,161
2021-02-06,Yuba,115,75493,5290,5177,76,5253,35
2021-02-05,Alameda,001,1643700,77358,75716,1669,77385,916
2021-02-05,Alpine,003,1148,75,72,0,72,0
2021-02-05,Amador,005,37829,3353,3299,27,3326,33
2021-02-05,Butte,007,227075,10940,10421,1561,11982,150
2021-02-05,Calaveras,009,45235,1849,1818,12,1830,21
2021-02-05,Colusa,011,21464,1807,1785,235,2020,10
2021-02-05,Contra Costa,013,1133247,60135,58195,1022,59217,560
2021-02-05,Del Norte,015,27424,914,874,4,878,2
2021-02-05,El Dorado,017,186661,8773,8527,574,9101,86
2021-02-05,Fresno,019,978130,93011,90513,7313,97826,1194
2021-02-05,Glenn,021,27897,2177,2122,464,2586,14
2021-02-05,Humboldt,023,135768,2927,2857,19,2876,28
2021-02-05,Imperial,025,180216,26851,26474,2488,28962,557
2021-02-05,Inyo,027,18085,1155,1104,21,1125,27
2021-02-05,Kern,029,883053,90335,87470,9088,96558,906
2021-02-05,Kings,031,150075,21554,21021,946,21967,190
2021-02-05,Lake,033,64148,2993,2906,1,2907,33
2021-02-05,Lassen,035,31185,5010,4936,89,5025,1
2021-02-05,Los Angeles,037,10098052,1143879,1110384,38031,1148415,17608
2021-02-05,Madera,039,155013,15073,14752,758,15510,95
2021-02-05,Marin,041,260295,12659,12479,155,12634,193
2021-02-05,Mariposa,043,17540,365,352,4,356,4
2021-02-05,Mendocino,045,87422,3466,3272,63,3335,38
2021-02-05,Merced,047,269075,27070,26760,783,27543,345
2021-02-05,Modoc,049,8938,330,312,107,419,3
2021-02-05,Mono,051,14174,1147,1157,14,1171,3
2021-02-05,Monterey,053,433212,40611,39840,1546,41386,281
2021-02-05,Napa,055,140530,8743,8598,33,8631,55
2021-02-05,Nevada,057,99092,3780,3607,151,3758,43
2021-02-05,Orange,059,3164182,241099,236335,9841,246176,3260
2021-02-05,Placer,061,380077,19798,18756,1044,19800,211
2021-02-05,Plumas,063,18699,627,578,10,588,2
2021-02-05,Riverside,065,2383286,277459,270666,13131,283797,3235
2021-02-05,Sacramento,067,1510023,90222,87992,1149,89141,1231
2021-02-05,San Benito,069,59416,5555,5502,81,5583,51
2021-02-05,San Bernardino,071,2135413,280663,272938,8373,281311,2495
2021-02-05,San Diego,073,3302833,254557,244066,12117,256183,2777
2021-02-05,San Francisco,075,870044,32802,32229,952,33181,337
2021-02-05,San Joaquin,077,732212,64289,62565,2630,65195,902
2021-02-05,San Luis Obispo,079,281455,18707,18152,514,18666,213
2021-02-05,San Mateo,081,765935,38030,36582,377,36959,227
2021-02-05,Santa Barbara,083,443738,31125,29455,1036,30491,334
2021-02-05,Santa Clara,085,1922200,105644,104112,500,104612,1421
2021-02-05,Santa Cruz,087,273765,14815,13776,759,14535,161
2021-02-05,Shasta,089,179085,10595,10507,1145,11652,136
2021-02-05,Sierra,091,2930,48,42,13,55,0
2021-02-05,Siskiyou,093,43540,1381,1276,211,1487,4
2021-02-05,Solano,095,438530,28853,28283,336,28619,127
2021-02-05,Sonoma,097,501317,26689,26423,149,26572,252
2021-02-05,Stanislaus,099,539301,48382,47024,5080,52104,678
2021-02-05,Sutter,101,95872,8572,8443,80,8523,92
2021-02-05,Tehama,103,63373,4446,4355,482,4837,22
2021-02-05,Trinity,105,12862,418,260,60,320,3
2021-02-05,Tulare,107,460477,46491,45138,7362,52500,663
2021-02-05,Tuolumne,109,53932,3668,3595,29,3624,45
2021-02-05,Ventura,111,848112,74419,72953,2652,75605,546
2021-02-05,Yolo,113,214977,12373,12025,197,12222,162
2021-02-05,Yuba,115,75493,5273,5145,76,5221,35
2021-02-04,Alameda,001,1643700,77074,75422,1663,77085,899
2021-02-04,Alpine,003,1148,74,72,0,72,0
2021-02-04,Amador,005,37829,3350,3288,27,3315,33
2021-02-04,Butte,007,227075,10907,10386,1553,11939,147
2021-02-04,Calaveras,009,45235,1847,1808,12,1820,21
2021-02-04,Colusa,011,21464,1803,1777,233,2010,10
2021-02-04,Contra Costa,013,1133247,59946,57991,1018,59009,550
2021-02-04,Del Norte,015,27424,908,870,4,874,2
2021-02-04,El Dorado,017,186661,8747,8490,571,9061,86
2021-02-04,Fresno,019,978130,92796,90126,7286,97412,1114
2021-02-04,Glenn,021,27897,2173,2102,464,2566,14
2021-02-04,Humboldt,023,135768,2917,2827,19,2846,28
2021-02-04,Imperial,025,180216,26804,26411,2485,28896,556
2021-02-04,Inyo,027,18085,1143,1084,21,1105,27
2021-02-04,Kern,029,883053,90061,87156,9010,96166,898
2021-02-04,Kings,031,150075,21504,20918,938,21856,187
2021-02-04,Lake,033,64148,2981,2882,1,2883,34
2021-02-04,Lassen,035,31185,5007,4927,89,5016,1
2021-02-04,Los Angeles,037,10098052,1141089,1106323,37903,1144226,17396
2021-02-04,Madera,039,155013,15044,14706,754,15460,95
2021-02-04,Marin,041,260295,12623,12431,155,12586,192
2021-02-04,Mariposa,043,17540,365,348,4,352,4
2021-02-04,Mendocino,045,87422,3448,3240,61,3301,38
2021-02-04,Merced,047,269075,26977,26629,780,27409,345
2021-02-04,Modoc,049,8938,330,309,107,416,3
2021-02-04,Mono,051,14174,1145,1153,14,1167,3
2021-02-04,Monterey,053,433212,40502,39619,1529,41148,279
2021-02-04,Napa,055,140530,8714,8573,33,8606,55
2021-02-04,Nevada,057,99092,3760,3590,150,3740,37
2021-02-04,Orange,059,3164182,240456,235677,9799,245476,3238
2021-02-04,Placer,061,380077,19738,18711,1035,19746,210
2021-02-04,Plumas,063,18699,624,562,10,572,2
2021-02-04,Riverside,065,2383286,276719,269851,13092,282943,3230
2021-02-04,Sacramento,067,1510023,89921,87658,1139,88797,1222
2021-02-04,San Benito,069,59416,5541,5488,80,5568,51
2021-02-04,San Bernardino,071,2135413,280114,272223,8353,280576,2409
2021-02-04,San Diego,073,3302833,253767,242613,12053,254666,2738
2021-02-04,San Francisco,075,870044,32688,32116,943,33059,326
2021-02-04,San Joaquin,077,732212,64064,62374,2622,64996,883
2021-02-04,San Luis Obispo,079,281455,18640,18058,512,18570,211
2021-02-04,San Mateo,081,765935,37910,36437,374,36811,226
2021-02-04,Santa Barbara,083,443738,30993,29344,1018,30362,322
2021-02-04,Santa Clara,085,1922200,105295,103781,497,104278,1404
2021-02-04,Santa Cruz,087,273765,14782,13713,751,14464,156
2021-02-04,Shasta,089,179085,10569,10466,1140,11606,131
2021-02-04,Sierra,091,2930,48,42,13,55,0
2021-02-04,Siskiyou,093,43540,1372,1273,211,1484,4
2021-02-04,Solano,095,438530,28750,28192,335,28527,120
2021-02-04,Sonoma,097,501317,26607,26276,145,26421,249
2021-02-04,Stanislaus,099,539301,48219,46822,5061,51883,678
2021-02-04,Sutter,101,95872,8552,8401,80,8481,92
2021-02-04,Tehama,103,63373,4430,4327,482,4809,21
2021-02-04,Trinity,105,12862,417,260,59,319,3
2021-02-04,Tulare,107,460477,46365,44983,7298,52281,656
2021-02-04,Tuolumne,109,53932,3628,3585,29,3614,45
2021-02-04,Ventura,111,848112,74087,72595,2639,75234,537
2021-02-04,Yolo,113,214977,12339,11982,196,12178,161
2021-02-04,Yuba,115,75493,5247,5135,76,5211,34
2021-02-03,Alameda,001,1643700,76740,74968,1659,76627,880
2021-02-03,Alpine,003,1148,74,72,0,72,0
2021-02-03,Amador,005,37829,3346,3281,27,3308,33
2021-02-03,Butte,007,227075,10871,10355,1546,11901,144
2021-02-03,Calaveras,009,45235,1833,1799,11,1810,21
2021-02-03,Colusa,011,21464,1798,1773,232,2005,10
2021-02-03,Contra Costa,013,1133247,59707,57762,1006,58768,537
2021-02-03,Del Norte,015,27424,903,869,4,873,2
2021-02-03,El Dorado,017,186661,8727,8428,570,8998,86
2021-02-03,Fresno,019,978130,92575,89748,7247,96995,1015
2021-02-03,Glenn,021,27897,2164,2098,462,2560,14
2021-02-03,Humboldt,023,135768,2907,2800,19,2819,27
2021-02-03,Imperial,025,180216,26770,26363,2479,28842,547
2021-02-03,Inyo,027,18085,1133,1071,21,1092,27
2021-02-03,Kern,029,883053,89819,86771,8969,95740,877
2021-02-03,Kings,031,150075,21443,20831,936,21767,172
2021-02-03,Lake,033,64148,2964,2869,1,2870,33
2021-02-03,Lassen,035,31185,4996,4910,89,4999,1
2021-02-03,Los Angeles,037,10098052,1138017,1101890,37777,1139667,17163
2021-02-03,Madera,039,155013,15005,14605,752,15357,94
2021-02-03,Marin,041,260295,12589,12406,155,12561,190
2021-02-03,Mariposa,043,17540,364,347,4,351,4
2021-02-03,Mendocino,045,87422,3422,3236,60,3296,38
2021-02-03,Merced,047,269075,26861,26520,775,27295,343
2021-02-03,Modoc,049,8938,329,308,107,415,3
2021-02-03,Mono,051,14174,1138,1146,14,1160,3
2021-02-03,Monterey,053,433212,40374,39500,1511,41011,279
2021-02-03,Napa,055,140530,8679,8534,33,8567,54
2021-02-03,Nevada,057,99092,3746,3572,150,3722,35
2021-02-03,Orange,059,3164182,239712,234738,9767,244505,3189
2021-02-03,Placer,061,380077,19682,18646,1033,19679,210
2021-02-03,Plumas,063,18699,624,559,10,569,2
2021-02-03,Riverside,065,2383286,275994,269019,13061,282080,3195
2021-02-03,Sacramento,067,1510023,89598,87415,1135,88550,1212
2021-02-03,San Benito,069,59416,5523,5463,77,5540,51
2021-02-03,San Bernardino,071,2135413,279633,271477,8330,279807,2308
2021-02-03,San Diego,073,3302833,252866,241015,12006,253021,2683
2021-02-03,San Francisco,075,870044,32558,31983,938,32921,325
2021-02-03,San Joaquin,077,732212,63836,61976,2612,64588,880
2021-02-03,San Luis Obispo,079,281455,18563,17922,509,18431,206
2021-02-03,San Mateo,081,765935,37772,36227,370,36597,225
2021-02-03,Santa Barbara,083,443738,30846,29121,1008,30129,315
2021-02-03,Santa Clara,085,1922200,104978,103278,495,103773,1364
2021-02-03,Santa Cruz,087,273765,14727,13611,744,14355,154
2021-02-03,Shasta,089,179085,10526,10422,1135,11557,130
2021-02-03,Sierra,091,2930,48,42,13,55,0
2021-02-03,Siskiyou,093,43540,1361,1268,210,1478,4
2021-02-03,Solano,095,438530,28628,28057,335,28392,119
2021-02-03,Sonoma,097,501317,26523,26155,144,26299,248
2021-02-03,Stanislaus,099,539301,48044,46598,5041,51639,662
2021-02-03,Sutter,101,95872,8527,8379,80,8459,90
2021-02-03,Tehama,103,63373,4408,4309,479,4788,21
2021-02-03,Trinity,105,12862,417,260,58,318,3
2021-02-03,Tulare,107,460477,46197,44838,7239,52077,640
2021-02-03,Tuolumne,109,53932,3617,3568,29,3597,45
2021-02-03,Ventura,111,848112,73751,72124,2627,74751,526
2021-02-03,Yolo,113,214977,12315,11933,195,12128,161
2021-02-03,Yuba,115,75493,5229,5124,76,5200,34
2021-02-02,Alameda,001,1643700,76394,74642,1646,76288,869
2021-02-02,Alpine,003,1148,74,72,0,72,0
2021-02-02,Amador,005,37829,3315,3275,27,3302,33
2021-02-02,Butte,007,227075,10844,10307,1538,11845,141
2021-02-02,Calaveras,009,45235,1824,1786,11,1797,21
2021-02-02,Colusa,011,21464,1790,1769,227,1996,9
2021-02-02,Contra Costa,013,1133247,59427,57551,1002,58553,536
2021-02-02,Del Norte,015,27424,897,868,4,872,2
2021-02-02,El Dorado,017,186661,8687,8405,570,8975,84
2021-02-02,Fresno,019,978130,92273,89542,7211,96753,1009
2021-02-02,Glenn,021,27897,2152,2090,459,2549,14
2021-02-02,Humboldt,023,135768,2895,2784,19,2803,25
2021-02-02,Imperial,025,180216,26719,26317,2474,28791,535
2021-02-02,Inyo,027,18085,1130,1074,21,1095,27
2021-02-02,Kern,029,883053,89517,86485,8893,95378,867
2021-02-02,Kings,031,150075,21365,20785,928,21713,172
2021-02-02,Lake,033,64148,2944,2857,1,2858,33
2021-02-02,Lassen,035,31185,4989,4908,89,4997,1
2021-02-02,Los Angeles,037,10098052,1134643,1097573,37610,1135183,16913
2021-02-02,Madera,039,155013,14954,14595,747,15342,94
2021-02-02,Marin,041,260295,12560,12367,155,12522,189
2021-02-02,Mariposa,043,17540,361,345,4,349,4
2021-02-02,Mendocino,045,87422,3389,3210,60,3270,38
2021-02-02,Merced,047,269075,26764,26427,768,27195,340
2021-02-02,Modoc,049,8938,324,306,107,413,3
2021-02-02,Mono,051,14174,1136,1147,14,1161,3
2021-02-02,Monterey,053,433212,40239,39371,1497,40868,278
2021-02-02,Napa,055,140530,8650,8505,33,8538,53
2021-02-02,Nevada,057,99092,3731,3548,150,3698,20
2021-02-02,Orange,059,3164182,238910,233783,9732,243515,3152
2021-02-02,Placer,061,380077,19622,18615,1029,19644,205
2021-02-02,Plumas,063,18699,624,560,10,570,2
2021-02-02,Riverside,065,2383286,275158,267901,13027,280928,3169
2021-02-02,Sacramento,067,1510023,89309,87107,1124,88231,1202
2021-02-02,San Benito,069,59416,5509,5444,76,5520,50
2021-02-02,San Bernardino,071,2135413,278958,270486,8300,278786,2244
2021-02-02,San Diego,073,3302833,251827,240047,11919,251966,2629
2021-02-02,San Francisco,075,870044,32403,31788,928,32716,324
2021-02-02,San Joaquin,077,732212,63616,61708,2598,64306,878
2021-02-02,San Luis Obispo,079,281455,18469,17811,507,18318,201
2021-02-02,San Mateo,081,765935,37608,36004,364,36368,225
2021-02-02,Santa Barbara,083,443738,30677,28951,1001,29952,304
2021-02-02,Santa Clara,085,1922200,104515,102872,490,103362,1349
2021-02-02,Santa Cruz,087,273765,14668,13572,740,14312,150
2021-02-02,Shasta,089,179085,10500,10371,1125,11496,128
2021-02-02,Sierra,091,2930,48,42,13,55,0
2021-02-02,Siskiyou,093,43540,1354,1252,207,1459,4
2021-02-02,Solano,095,438530,28532,27963,331,28294,118
2021-02-02,Sonoma,097,501317,26405,26054,144,26198,247
2021-02-02,Stanislaus,099,539301,47824,46306,5009,51315,641
2021-02-02,Sutter,101,95872,8504,8340,80,8420,89
2021-02-02,Tehama,103,63373,4395,4289,478,4767,21
2021-02-02,Trinity,105,12862,417,260,58,318,3
2021-02-02,Tulare,107,460477,46041,44720,7173,51893,625
2021-02-02,Tuolumne,109,53932,3605,3548,29,3577,39
2021-02-02,Ventura,111,848112,73333,71557,2617,74174,514
2021-02-02,Yolo,113,214977,12270,11886,188,12074,158
2021-02-02,Yuba,115,75493,5211,5111,76,5187,34
2021-02-01,Alameda,001,1643700,76036,74374,1641,76015,858
2021-02-01,Alpine,003,1148,74,72,0,72,0
2021-02-01,Amador,005,37829,3304,3234,27,3261,32
2021-02-01,Butte,007,227075,10802,10263,1534,11797,141
2021-02-01,Calaveras,009,45235,1816,1785,11,1796,21
2021-02-01,Colusa,011,21464,1785,1763,218,1981,9
2021-02-01,Contra Costa,013,1133247,59182,57324,1001,58325,531
2021-02-01,Del Norte,015,27424,894,865,4,869,2
2021-02-01,El Dorado,017,186661,8648,8337,570,8907,83
2021-02-01,Fresno,019,978130,91942,89272,7176,96448,994
2021-02-01,Glenn,021,27897,2137,2086,451,2537,14
2021-02-01,Humboldt,023,135768,2873,2773,18,2791,25
2021-02-01,Imperial,025,180216,26676,26224,2472,28696,530
2021-02-01,Inyo,027,18085,1120,1072,21,1093,27
2021-02-01,Kern,029,883053,89120,86170,8824,94994,862
2021-02-01,Kings,031,150075,21275,20746,919,21665,172
2021-02-01,Lake,033,64148,2928,2843,1,2844,33
2021-02-01,Lassen,035,31185,4969,4907,89,4996,1
2021-02-01,Los Angeles,037,10098052,1130828,1094341,37439,1131780,16695
2021-02-01,Madera,039,155013,14919,14572,744,15316,94
2021-02-01,Marin,041,260295,12522,12341,154,12495,188
2021-02-01,Mariposa,043,17540,359,344,4,348,4
2021-02-01,Mendocino,045,87422,3356,3192,60,3252,37
2021-02-01,Merced,047,269075,26638,26282,759,27041,337
2021-02-01,Modoc,049,8938,318,303,103,406,1
2021-02-01,Mono,051,14174,1133,1145,14,1159,3
2021-02-01,Monterey,053,433212,40058,39196,1475,40671,278
2021-02-01,Napa,055,140530,8618,8449,33,8482,52
2021-02-01,Nevada,057,99092,3714,3535,149,3684,20
2021-02-01,Orange,059,3164182,238000,233155,9686,242841,3100
2021-02-01,Placer,061,380077,19553,18574,1022,19596,204
2021-02-01,Plumas,063,18699,622,554,10,564,2
2021-02-01,Riverside,065,2383286,274245,267025,12993,280018,3092
2021-02-01,Sacramento,067,1510023,88908,86856,1113,87969,1193
2021-02-01,San Benito,069,59416,5491,5432,76,5508,48
2021-02-01,San Bernardino,071,2135413,278262,270012,8260,278272,2172
2021-02-01,San Diego,073,3302833,250602,239121,11844,250965,2619
2021-02-01,San Francisco,075,870044,32269,31703,916,32619,324
2021-02-01,San Joaquin,077,732212,63412,61542,2587,64129,877
2021-02-01,San Luis Obispo,079,281455,18350,17690,499,18189,199
2021-02-01,San Mateo,081,765935,37459,35843,364,36207,220
2021-02-01,Santa Barbara,083,443738,30508,28837,993,29830,297
2021-02-01,Santa Clara,085,1922200,104100,102462,489,102951,1343
2021-02-01,Santa Cruz,087,273765,14615,13524,738,14262,149
2021-02-01,Shasta,089,179085,10475,10329,1119,11448,112
2021-02-01,Sierra,091,2930,48,42,13,55,0
2021-02-01,Siskiyou,093,43540,1347,1238,204,1442,4
2021-02-01,Solano,095,438530,28427,27844,330,28174,117
2021-02-01,Sonoma,097,501317,26317,26011,143,26154,243
2021-02-01,Stanislaus,099,539301,47565,46112,4981,51093,642
2021-02-01,Sutter,101,95872,8464,8313,80,8393,89
2021-02-01,Tehama,103,63373,4371,4263,478,4741,21
2021-02-01,Trinity,105,12862,415,260,58,318,3
2021-02-01,Tulare,107,460477,45897,44569,7092,51661,618
2021-02-01,Tuolumne,109,53932,3597,3534,29,3563,39
2021-02-01,Ventura,111,848112,72927,71104,2601,73705,502
2021-02-01,Yolo,113,214977,12226,11824,180,12004,151
2021-02-01,Yuba,115,75493,5197,5084,75,5159,33
2021-01-31,Alameda,001,1643700,75612,73979,1632,75611,857
2021-01-31,Alpine,003,1148,74,72,0,72,0
2021-01-31,Amador,005,37829,3294,3212,25,3237,32
2021-01-31,Butte,007,227075,10760,10215,1523,11738,140
2021-01-31,Calaveras,009,45235,1793,1778,11,1789,21
2021-01-31,Colusa,011,21464,1778,1754,213,1967,9
2021-01-31,Contra Costa,013,1133247,58851,57079,1001,58080,531
2021-01-31,Del Norte,015,27424,892,865,4,869,2
2021-01-31,El Dorado,017,186661,8612,8317,567,8884,83
2021-01-31,Fresno,019,978130,91630,88852,7123,95975,994
2021-01-31,Glenn,021,27897,2126,2083,450,2533,14
2021-01-31,Humboldt,023,135768,2857,2767,18,2785,25
2021-01-31,Imperial,025,180216,26605,26206,2462,28668,530
2021-01-31,Inyo,027,18085,1107,1072,21,1093,27
2021-01-31,Kern,029,883053,88624,85872,8738,94610,861
2021-01-31,Kings,031,150075,21190,20709,907,21616,172
2021-01-31,Lake,033,64148,2907,2826,1,2827,33
2021-01-31,Lassen,035,31185,4953,4900,89,4989,1
2021-01-31,Los Angeles,037,10098052,1126217,1090304,37233,1127537,16609
2021-01-31,Madera,039,155013,14865,14496,736,15232,94
2021-01-31,Marin,041,260295,12475,12297,150,12447,185
2021-01-31,Mariposa,043,17540,357,344,4,348,4
2021-01-31,Mendocino,045,87422,3333,3181,59,3240,37
2021-01-31,Merced,047,269075,26494,26222,754,26976,337
2021-01-31,Modoc,049,8938,315,304,101,405,1
2021-01-31,Mono,051,14174,1130,1146,14,1160,3
2021-01-31,Monterey,053,433212,39879,39035,1447,40482,278
2021-01-31,Napa,055,140530,8576,8404,33,8437,52
2021-01-31,Nevada,057,99092,3692,3518,147,3665,20
2021-01-31,Orange,059,3164182,236981,232347,9645,241992,3053
2021-01-31,Placer,061,380077,19480,18506,1010,19516,204
2021-01-31,Plumas,063,18699,621,554,10,564,2
2021-01-31,Riverside,065,2383286,273271,266145,12946,279091,3074
2021-01-31,Sacramento,067,1510023,88468,86560,1098,87658,1186
2021-01-31,San Benito,069,59416,5469,5425,74,5499,48
2021-01-31,San Bernardino,071,2135413,277230,269533,8228,277761,2156
2021-01-31,San Diego,073,3302833,249289,238039,11730,249769,2619
2021-01-31,San Francisco,075,870044,32078,31563,905,32468,323
2021-01-31,San Joaquin,077,732212,63009,61379,2577,63956,877
2021-01-31,San Luis Obispo,079,281455,18216,17615,494,18109,199
2021-01-31,San Mateo,081,765935,37269,35659,361,36020,219
2021-01-31,Santa Barbara,083,443738,30269,28570,984,29554,297
2021-01-31,Santa Clara,085,1922200,103553,101986,480,102466,1330
2021-01-31,Santa Cruz,087,273765,14520,13469,724,14193,149
2021-01-31,Shasta,089,179085,10430,10313,1110,11423,112
2021-01-31,Sierra,091,2930,47,43,13,56,0
2021-01-31,Siskiyou,093,43540,1337,1238,204,1442,4
2021-01-31,Solano,095,438530,28297,27678,330,28008,118
2021-01-31,Sonoma,097,501317,26215,25925,142,26067,243
2021-01-31,Stanislaus,099,539301,47279,45971,4943,50914,642
2021-01-31,Sutter,101,95872,8419,8289,80,8369,89
2021-01-31,Tehama,103,63373,4351,4256,477,4733,21
2021-01-31,Trinity,105,12862,413,260,58,318,3
2021-01-31,Tulare,107,460477,45730,44440,7010,51450,618
2021-01-31,Tuolumne,109,53932,3558,3519,29,3548,39
2021-01-31,Ventura,111,848112,72332,70635,2588,73223,502
2021-01-31,Yolo,113,214977,12165,11771,174,11945,151
2021-01-31,Yuba,115,75493,5177,5071,74,5145,33
2021-01-30,Alameda,001,1643700,75408,73622,1627,75249,850
2021-01-30,Alpine,003,1148,74,72,0,72,0
2021-01-30,Amador,005,37829,3290,3181,25,3206,32
2021-01-30,Butte,007,227075,10725,10177,1514,11691,139
2021-01-30,Calaveras,009,45235,1780,1763,11,1774,21
2021-01-30,Colusa,011,21464,1776,1748,213,1961,9
2021-01-30,Contra Costa,013,1133247,58667,56763,997,57760,531
2021-01-30,Del Norte,015,27424,891,865,4,869,2
2021-01-30,El Dorado,017,186661,8592,8299,566,8865,83
2021-01-30,Fresno,019,978130,91451,88476,7103,95579,964
2021-01-30,Glenn,021,27897,2123,2074,448,2522,14
2021-01-30,Humboldt,023,135768,2846,2742,18,2760,24
2021-01-30,Imperial,025,180216,26584,26160,2461,28621,530
2021-01-30,Inyo,027,18085,1103,1068,21,1089,27
2021-01-30,Kern,029,883053,88423,85572,8672,94244,848
2021-01-30,Kings,031,150075,21119,20605,902,21507,169
2021-01-30,Lake,033,64148,2901,2809,1,2810,33
2021-01-30,Lassen,035,31185,4949,4890,89,4979,1
2021-01-30,Los Angeles,037,10098052,1123846,1084763,37092,1121855,16484
2021-01-30,Madera,039,155013,14823,14443,731,15174,94
2021-01-30,Marin,041,260295,12447,12225,149,12374,185
2021-01-30,Mariposa,043,17540,355,344,4,348,4
2021-01-30,Mendocino,045,87422,3319,3153,58,3211,36
2021-01-30,Merced,047,269075,26419,26078,753,26831,335
2021-01-30,Modoc,049,8938,315,303,101,404,1
2021-01-30,Mono,051,14174,1130,1143,14,1157,3
2021-01-30,Monterey,053,433212,39818,38847,1444,40291,277
2021-01-30,Napa,055,140530,8560,8342,33,8375,52
2021-01-30,Nevada,057,99092,3673,3499,147,3646,20
2021-01-30,Orange,059,3164182,236435,231358,9607,240965,3013
2021-01-30,Placer,061,380077,19429,18430,1004,19434,205
2021-01-30,Plumas,063,18699,619,554,10,564,2
2021-01-30,Riverside,065,2383286,272681,265137,12915,278052,3061
2021-01-30,Sacramento,067,1510023,88275,86388,1093,87481,1184
2021-01-30,San Benito,069,59416,5451,5401,73,5474,48
2021-01-30,San Bernardino,071,2135413,276815,268660,8210,276870,2122
2021-01-30,San Diego,073,3302833,248531,236765,11685,248450,2603
2021-01-30,San Francisco,075,870044,31977,31427,902,32329,316
2021-01-30,San Joaquin,077,732212,62877,61120,2568,63688,864
2021-01-30,San Luis Obispo,079,281455,18137,17522,492,18014,198
2021-01-30,San Mateo,081,765935,37130,35451,360,35811,219
2021-01-30,Santa Barbara,083,443738,30126,28342,981,29323,296
2021-01-30,Santa Clara,085,1922200,103207,101471,477,101948,1307
2021-01-30,Santa Cruz,087,273765,14480,13383,723,14106,149
2021-01-30,Shasta,089,179085,10411,10283,1107,11390,112
2021-01-30,Sierra,091,2930,47,43,13,56,0
2021-01-30,Siskiyou,093,43540,1334,1236,203,1439,4
2021-01-30,Solano,095,438530,28214,27511,328,27839,118
2021-01-30,Sonoma,097,501317,26166,25810,139,25949,243
2021-01-30,Stanislaus,099,539301,47150,45697,4920,50617,642
2021-01-30,Sutter,101,95872,8403,8226,80,8306,87
2021-01-30,Tehama,103,63373,4337,4229,476,4705,21
2021-01-30,Trinity,105,12862,413,259,58,317,3
2021-01-30,Tulare,107,460477,45596,44203,6972,51175,615
2021-01-30,Tuolumne,109,53932,3554,3508,29,3537,36
2021-01-30,Ventura,111,848112,72020,69931,2573,72504,493
2021-01-30,Yolo,113,214977,12151,11698,173,11871,151
2021-01-30,Yuba,115,75493,5167,5042,73,5115,33
2021-01-29,Alameda,001,1643700,75140,73210,1620,74830,841
2021-01-29,Alpine,003,1148,74,72,0,72,0
2021-01-29,Amador,005,37829,3278,3134,24,3158,32
2021-01-29,Butte,007,227075,10694,10122,1504,11626,138
2021-01-29,Calaveras,009,45235,1773,1757,11,1768,21
2021-01-29,Colusa,011,21464,1772,1734,212,1946,8
2021-01-29,Contra Costa,013,1133247,58495,56318,995,57313,529
2021-01-29,Del Norte,015,27424,890,865,4,869,2
2021-01-29,El Dorado,017,186661,8575,8231,565,8796,83
2021-01-29,Fresno,019,978130,91237,87936,7064,95000,962
2021-01-29,Glenn,021,27897,2118,2061,447,2508,14
2021-01-29,Humboldt,023,135768,2833,2707,18,2725,24
2021-01-29,Imperial,025,180216,26569,26045,2458,28503,521
2021-01-29,Inyo,027,18085,1091,1048,21,1069,27
2021-01-29,Kern,029,883053,88196,85044,8620,93664,836
2021-01-29,Kings,031,150075,21080,20466,897,21363,169
2021-01-29,Lake,033,64148,2892,2792,1,2793,32
2021-01-29,Lassen,035,31185,4946,4874,89,4963,1
2021-01-29,Los Angeles,037,10098052,1120380,1078329,36937,1115266,16190
2021-01-29,Madera,039,155013,14772,14377,731,15108,94
2021-01-29,Marin,041,260295,12404,12145,148,12293,185
2021-01-29,Mariposa,043,17540,354,342,4,346,4
2021-01-29,Mendocino,045,87422,3310,3131,57,3188,36
2021-01-29,Merced,047,269075,26344,25865,749,26614,334
2021-01-29,Modoc,049,8938,314,297,101,398,1
2021-01-29,Mono,051,14174,1128,1139,14,1153,3
2021-01-29,Monterey,053,433212,39698,38539,1436,39975,277
2021-01-29,Napa,055,140530,8528,8276,33,8309,52
2021-01-29,Nevada,057,99092,3664,3487,146,3633,20
2021-01-29,Orange,059,3164182,235756,229917,9569,239486,2967
2021-01-29,Placer,061,380077,19373,18367,1000,19367,203
2021-01-29,Plumas,063,18699,618,548,10,558,2
2021-01-29,Riverside,065,2383286,271886,263504,12882,276386,3008
2021-01-29,Sacramento,067,1510023,88020,86320,1089,87409,1169
2021-01-29,San Benito,069,59416,5443,5386,73,5459,48
2021-01-29,San Bernardino,071,2135413,276300,267490,8168,275658,2095
2021-01-29,San Diego,073,3302833,247589,234637,11607,246244,2571
2021-01-29,San Francisco,075,870044,31836,31294,893,32187,307
2021-01-29,San Joaquin,077,732212,62732,60899,2553,63452,858
2021-01-29,San Luis Obispo,079,281455,18077,17440,487,17927,193
2021-01-29,San Mateo,081,765935,36996,35223,357,35580,218
2021-01-29,Santa Barbara,083,443738,29996,28105,975,29080,291
2021-01-29,Santa Clara,085,1922200,102843,101010,475,101485,1273
2021-01-29,Santa Cruz,087,273765,14427,13311,720,14031,148
2021-01-29,Shasta,089,179085,10394,10220,1103,11323,112
2021-01-29,Sierra,091,2930,47,43,13,56,0
2021-01-29,Siskiyou,093,43540,1333,1227,203,1430,4
2021-01-29,Solano,095,438530,28128,27352,325,27677,116
2021-01-29,Sonoma,097,501317,26104,25710,138,25848,243
2021-01-29,Stanislaus,099,539301,47002,45466,4901,50367,642
2021-01-29,Sutter,101,95872,8384,8181,80,8261,87
2021-01-29,Tehama,103,63373,4324,4191,474,4665,20
2021-01-29,Trinity,105,12862,413,260,58,318,3
2021-01-29,Tulare,107,460477,45490,43925,6932,50857,606
2021-01-29,Tuolumne,109,53932,3544,3483,29,3512,36
2021-01-29,Ventura,111,848112,71596,69511,2559,72070,484
2021-01-29,Yolo,113,214977,12113,11612,172,11784,151
2021-01-29,Yuba,115,75493,5151,5018,73,5091,32
2021-01-28,Alameda,001,1643700,74713,72758,1612,74370,833
2021-01-28,Alpine,003,1148,74,72,0,72,0
2021-01-28,Amador,005,37829,3241,3124,24,3148,31
2021-01-28,Butte,007,227075,10654,10037,1493,11530,138
2021-01-28,Calaveras,009,45235,1758,1747,10,1757,21
2021-01-28,Colusa,011,21464,1765,1731,208,1939,8
2021-01-28,Contra Costa,013,1133247,58252,55999,985,56984,525
2021-01-28,Del Norte,015,27424,889,862,4,866,2
2021-01-28,El Dorado,017,186661,8562,8198,560,8758,79
2021-01-28,Fresno,019,978130,90950,87401,7014,94415,949
2021-01-28,Glenn,021,27897,2113,2043,438,2481,14
2021-01-28,Humboldt,023,135768,2816,2686,18,2704,24
2021-01-28,Imperial,025,180216,26525,25984,2451,28435,517
2021-01-28,Inyo,027,18085,1086,1039,21,1060,27
2021-01-28,Kern,029,883053,87865,84708,8536,93244,817
2021-01-28,Kings,031,150075,21020,20328,893,21221,167
2021-01-28,Lake,033,64148,2877,2772,1,2773,32
2021-01-28,Lassen,035,31185,4940,4865,89,4954,1
2021-01-28,Los Angeles,037,10098052,1116493,1072412,36747,1109159,15967
2021-01-28,Madera,039,155013,14716,14301,727,15028,94
2021-01-28,Marin,041,260295,12351,12079,147,12226,183
2021-01-28,Mariposa,043,17540,354,334,4,338,4
2021-01-28,Mendocino,045,87422,3293,3110,57,3167,36
2021-01-28,Merced,047,269075,26219,25620,741,26361,328
2021-01-28,Modoc,049,8938,313,297,101,398,0
2021-01-28,Mono,051,14174,1126,1131,14,1145,3
2021-01-28,Monterey,053,433212,39496,38312,1418,39730,274
2021-01-28,Napa,055,140530,8481,8233,33,8266,50
2021-01-28,Nevada,057,99092,3649,3452,145,3597,19
2021-01-28,Orange,059,3164182,234775,228636,9538,238174,2860
2021-01-28,Placer,061,380077,19304,18246,997,19243,198
2021-01-28,Plumas,063,18699,617,547,10,557,2
2021-01-28,Riverside,065,2383286,271122,262342,12834,275176,2981
2021-01-28,Sacramento,067,1510023,87657,85698,1078,86776,1149
2021-01-28,San Benito,069,59416,5425,5344,72,5416,47
2021-01-28,San Bernardino,071,2135413,275606,266456,8146,274602,2057
2021-01-28,San Diego,073,3302833,246438,232967,11518,244485,2534
2021-01-28,San Francisco,075,870044,31699,31193,877,32070,290
2021-01-28,San Joaquin,077,732212,62465,60627,2538,63165,854
2021-01-28,San Luis Obispo,079,281455,17977,17279,485,17764,189
2021-01-28,San Mateo,081,765935,36827,34931,341,35272,218
2021-01-28,Santa Barbara,083,443738,29777,27674,962,28636,284
2021-01-28,Santa Clara,085,1922200,102376,100470,473,100943,1219
2021-01-28,Santa Cruz,087,273765,14338,13188,714,13902,145
2021-01-28,Shasta,089,179085,10360,10176,1095,11271,110
2021-01-28,Sierra,091,2930,47,43,13,56,0
2021-01-28,Siskiyou,093,43540,1326,1218,201,1419,4
2021-01-28,Solano,095,438530,27968,27163,324,27487,114
2021-01-28,Sonoma,097,501317,26012,25564,138,25702,236
2021-01-28,Stanislaus,099,539301,46785,45162,4878,50040,640
2021-01-28,Sutter,101,95872,8336,8136,80,8216,85
2021-01-28,Tehama,103,63373,4305,4163,471,4634,20
2021-01-28,Trinity,105,12862,411,260,58,318,3
2021-01-28,Tulare,107,460477,45333,43742,6852,50594,595
2021-01-28,Tuolumne,109,53932,3530,3472,29,3501,32
2021-01-28,Ventura,111,848112,71083,68896,2542,71438,475
2021-01-28,Yolo,113,214977,12071,11500,167,11667,151
2021-01-28,Yuba,115,75493,5135,4994,72,5066,32
2021-01-27,Alameda,001,1643700,74288,72188,1604,73792,815
2021-01-27,Alpine,003,1148,74,72,0,72,0
2021-01-27,Amador,005,37829,3225,3116,24,3140,31
2021-01-27,Butte,007,227075,10615,9988,1481,11469,138
2021-01-27,Calaveras,009,45235,1749,1737,10,1747,21
2021-01-27,Colusa,011,21464,1759,1724,206,1930,8
2021-01-27,Contra Costa,013,1133247,57954,55578,982,56560,507
2021-01-27,Del Norte,015,27424,888,859,4,863,2
2021-01-27,El Dorado,017,186661,8536,8141,559,8700,76
2021-01-27,Fresno,019,978130,90659,86886,6971,93857,938
2021-01-27,Glenn,021,27897,2109,2042,437,2479,14
2021-01-27,Humboldt,023,135768,2794,2630,18,2648,24
2021-01-27,Imperial,025,180216,26471,25861,2438,28299,504
2021-01-27,Inyo,027,18085,1082,1023,21,1044,27
2021-01-27,Kern,029,883053,87552,84244,8466,92710,809
2021-01-27,Kings,031,150075,20914,20211,885,21096,167
2021-01-27,Lake,033,64148,2857,2750,1,2751,32
2021-01-27,Lassen,035,31185,4934,4851,89,4940,1
2021-01-27,Los Angeles,037,10098052,1111723,1066569,36534,1103103,15757
2021-01-27,Madera,039,155013,14675,14194,722,14916,86
2021-01-27,Marin,041,260295,12314,12028,146,12174,180
2021-01-27,Mariposa,043,17540,354,333,4,337,4
2021-01-27,Mendocino,045,87422,3273,3095,57,3152,36
2021-01-27,Merced,047,269075,26060,25439,730,26169,315
2021-01-27,Modoc,049,8938,313,297,98,395,0
2021-01-27,Mono,051,14174,1124,1131,14,1145,3
2021-01-27,Monterey,053,433212,39292,38139,1399,39538,268
2021-01-27,Napa,055,140530,8409,8187,33,8220,46
2021-01-27,Nevada,057,99092,3627,3431,145,3576,18
2021-01-27,Orange,059,3164182,233654,227110,9484,236594,2832
2021-01-27,Placer,061,380077,19229,18106,986,19092,198
2021-01-27,Plumas,063,18699,617,544,10,554,2
2021-01-27,Riverside,065,2383286,269950,260796,12782,273578,2931
2021-01-27,Sacramento,067,1510023,87296,85428,1067,86495,1142
2021-01-27,San Benito,069,59416,5410,5284,72,5356,47
2021-01-27,San Bernardino,071,2135413,274756,265153,8115,273268,2019
2021-01-27,San Diego,073,3302833,245109,231478,11413,242891,2465
2021-01-27,San Francisco,075,870044,31556,31082,870,31952,287
2021-01-27,San Joaquin,077,732212,62196,60131,2514,62645,853
2021-01-27,San Luis Obispo,079,281455,17870,17119,481,17600,188
2021-01-27,San Mateo,081,765935,36672,34619,338,34957,216
2021-01-27,Santa Barbara,083,443738,29603,27435,956,28391,282
2021-01-27,Santa Clara,085,1922200,101971,99732,469,100201,1184
2021-01-27,Santa Cruz,087,273765,14268,13111,711,13822,143
2021-01-27,Shasta,089,179085,10326,10106,1089,11195,105
2021-01-27,Sierra,091,2930,47,44,13,57,0
2021-01-27,Siskiyou,093,43540,1320,1214,198,1412,4
2021-01-27,Solano,095,438530,27791,26982,317,27299,112
2021-01-27,Sonoma,097,501317,25914,25361,138,25499,237
2021-01-27,Stanislaus,099,539301,46599,44874,4850,49724,624
2021-01-27,Sutter,101,95872,8293,8093,79,8172,83
2021-01-27,Tehama,103,63373,4280,4133,467,4600,20
2021-01-27,Trinity,105,12862,411,260,58,318,3
2021-01-27,Tulare,107,460477,45145,43462,6780,50242,583
2021-01-27,Tuolumne,109,53932,3520,3464,29,3493,32
2021-01-27,Ventura,111,848112,70609,68291,2517,70808,468
2021-01-27,Yolo,113,214977,12024,11427,163,11590,151
2021-01-27,Yuba,115,75493,5119,4968,72,5040,32
2021-01-26,Alameda,001,1643700,73913,71851,1587,73438,789
2021-01-26,Alpine,003,1148,74,72,0,72,0
2021-01-26,Amador,005,37829,3214,3113,24,3137,31
2021-01-26,Butte,007,227075,10573,9943,1475,11418,136
2021-01-26,Calaveras,009,45235,1741,1723,10,1733,21
2021-01-26,Colusa,011,21464,1752,1719,203,1922,8
2021-01-26,Contra Costa,013,1133247,57673,55337,974,56311,491
2021-01-26,Del Norte,015,27424,887,856,4,860,2
2021-01-26,El Dorado,017,186661,8511,8115,556,8671,71
2021-01-26,Fresno,019,978130,90303,86673,6926,93599,923
2021-01-26,Glenn,021,27897,2099,2034,433,2467,13
2021-01-26,Humboldt,023,135768,2772,2612,17,2629,24
2021-01-26,Imperial,025,180216,26400,25812,2424,28236,498
2021-01-26,Inyo,027,18085,1075,1018,21,1039,27
2021-01-26,Kern,029,883053,87127,83868,8387,92255,790
2021-01-26,Kings,031,150075,20856,20156,880,21036,159
2021-01-26,Lake,033,64148,2848,2748,1,2749,32
2021-01-26,Lassen,035,31185,4928,4844,89,4933,1
2021-01-26,Los Angeles,037,10098052,1106464,1060492,36326,1096818,15458
2021-01-26,Madera,039,155013,14618,14130,716,14846,86
2021-01-26,Marin,041,260295,12269,11993,144,12137,179
2021-01-26,Mariposa,043,17540,352,332,4,336,3
2021-01-26,Mendocino,045,87422,3247,3076,56,3132,36
2021-01-26,Merced,047,269075,25920,25359,723,26082,309
2021-01-26,Modoc,049,8938,306,291,97,388,0
2021-01-26,Mono,051,14174,1123,1120,14,1134,3
2021-01-26,Monterey,053,433212,39097,37963,1378,39341,255
2021-01-26,Napa,055,140530,8352,8145,33,8178,43
2021-01-26,Nevada,057,99092,3620,3410,144,3554,18
2021-01-26,Orange,059,3164182,232529,225987,9439,235426,2760
2021-01-26,Placer,061,380077,19154,18016,984,19000,193
2021-01-26,Plumas,063,18699,615,536,10,546,2
2021-01-26,Riverside,065,2383286,268616,259399,12721,272120,2898
2021-01-26,Sacramento,067,1510023,86938,85062,1060,86122,1127
2021-01-26,San Benito,069,59416,5396,5251,71,5322,45
2021-01-26,San Bernardino,071,2135413,273759,263736,8071,271807,1970
2021-01-26,San Diego,073,3302833,243617,230063,11312,241375,2421
2021-01-26,San Francisco,075,870044,31426,30874,850,31724,286
2021-01-26,San Joaquin,077,732212,61944,59889,2498,62387,847
2021-01-26,San Luis Obispo,079,281455,17789,17016,478,17494,186
2021-01-26,San Mateo,081,765935,36477,34441,327,34768,213
2021-01-26,Santa Barbara,083,443738,29431,27321,944,28265,273
2021-01-26,Santa Clara,085,1922200,101492,99215,465,99680,1171
2021-01-26,Santa Cruz,087,273765,14203,13045,705,13750,134
2021-01-26,Shasta,089,179085,10291,10036,1081,11117,103
2021-01-26,Sierra,091,2930,47,43,13,56,0
2021-01-26,Siskiyou,093,43540,1306,1208,196,1404,4
2021-01-26,Solano,095,438530,27635,26858,311,27169,110
2021-01-26,Sonoma,097,501317,25791,25273,136,25409,236
2021-01-26,Stanislaus,099,539301,46414,44703,4809,49512,599
2021-01-26,Sutter,101,95872,8250,8067,79,8146,83
2021-01-26,Tehama,103,63373,4249,4115,467,4582,20
2021-01-26,Trinity,105,12862,411,260,58,318,3
2021-01-26,Tulare,107,460477,44944,43394,6709,50103,579
2021-01-26,Tuolumne,109,53932,3510,3451,29,3480,30
2021-01-26,Ventura,111,848112,70077,67526,2491,70017,448
2021-01-26,Yolo,113,214977,11979,11361,160,11521,148
2021-01-26,Yuba,115,75493,5094,4944,70,5014,31
2021-01-25,Alameda,001,1643700,73481,71255,1577,72832,780
2021-01-25,Alpine,003,1148,74,72,0,72,0
2021-01-25,Amador,005,37829,3174,3074,24,3098,30
2021-01-25,Butte,007,227075,10507,9865,1467,11332,133
2021-01-25,Calaveras,009,45235,1726,1713,10,1723,21
2021-01-25,Colusa,011,21464,1740,1709,199,1908,8
2021-01-25,Contra Costa,013,1133247,57316,54989,967,55956,488
2021-01-25,Del Norte,015,27424,886,855,4,859,2
2021-01-25,El Dorado,017,186661,8487,8060,556,8616,66
2021-01-25,Fresno,019,978130,89931,86336,6894,93230,913
2021-01-25,Glenn,021,27897,2088,2028,433,2461,13
2021-01-25,Humboldt,023,135768,2738,2587,17,2604,24
2021-01-25,Imperial,025,180216,26350,25745,2416,28161,491
2021-01-25,Inyo,027,18085,1069,1015,21,1036,27
2021-01-25,Kern,029,883053,86733,83401,8298,91699,787
2021-01-25,Kings,031,150075,20736,20067,876,20943,159
2021-01-25,Lake,033,64148,2829,2729,1,2730,32
2021-01-25,Lassen,035,31185,4902,4835,89,4924,1
2021-01-25,Los Angeles,037,10098052,1100535,1055181,36098,1091279,15163
2021-01-25,Madera,039,155013,14564,14068,711,14779,86
2021-01-25,Marin,041,260295,12217,11923,140,12063,177
2021-01-25,Mariposa,043,17540,349,331,4,335,3
2021-01-25,Mendocino,045,87422,3236,3054,56,3110,35
2021-01-25,Merced,047,269075,25781,25181,714,25895,305
2021-01-25,Modoc,049,8938,305,288,93,381,0
2021-01-25,Mono,051,14174,1120,1114,13,1127,3
2021-01-25,Monterey,053,433212,38843,37726,1358,39084,255
2021-01-25,Napa,055,140530,8318,8057,32,8089,43
2021-01-25,Nevada,057,99092,3606,3365,144,3509,18
2021-01-25,Orange,059,3164182,231325,225105,9398,234503,2696
2021-01-25,Placer,061,380077,19060,17936,969,18905,193
2021-01-25,Plumas,063,18699,612,533,10,543,2
2021-01-25,Riverside,065,2383286,266931,258082,12667,270749,2789
2021-01-25,Sacramento,067,1510023,86494,84653,1052,85705,1118
2021-01-25,San Benito,069,59416,5359,5238,70,5308,43
2021-01-25,San Bernardino,071,2135413,272809,263174,8035,271209,1947
2021-01-25,San Diego,073,3302833,242003,228630,11241,239871,2375
2021-01-25,San Francisco,075,870044,31277,30734,827,31561,288
2021-01-25,San Joaquin,077,732212,61649,59291,2473,61764,838
2021-01-25,San Luis Obispo,079,281455,17655,16868,473,17341,179
2021-01-25,San Mateo,081,765935,36242,34187,321,34508,213
2021-01-25,Santa Barbara,083,443738,29200,27065,934,27999,269
2021-01-25,Santa Clara,085,1922200,100921,98647,457,99104,1143
2021-01-25,Santa Cruz,087,273765,14116,12973,699,13672,133
2021-01-25,Shasta,089,179085,10250,9991,1070,11061,103
2021-01-25,Sierra,091,2930,47,42,13,55,0
2021-01-25,Siskiyou,093,43540,1298,1205,193,1398,4
2021-01-25,Solano,095,438530,27467,26648,310,26958,109
2021-01-25,Sonoma,097,501317,25680,25160,134,25294,233
2021-01-25,Stanislaus,099,539301,46168,44293,4766,49059,599
2021-01-25,Sutter,101,95872,8206,8023,79,8102,83
2021-01-25,Tehama,103,63373,4222,4082,463,4545,20
2021-01-25,Trinity,105,12862,411,262,58,320,3
2021-01-25,Tulare,107,460477,44729,43124,6603,49727,578
2021-01-25,Tuolumne,109,53932,3501,3422,29,3451,29
2021-01-25,Ventura,111,848112,69434,66910,2473,69383,439
2021-01-25,Yolo,113,214977,11893,11276,158,11434,140
2021-01-25,Yuba,115,75493,5070,4900,68,4968,31
2021-01-24,Alameda,001,1643700,72973,70823,1566,72389,780
2021-01-24,Alpine,003,1148,74,72,0,72,0
2021-01-24,Amador,005,37829,3141,3054,24,3078,30
2021-01-24,Butte,007,227075,10423,9820,1448,11268,133
2021-01-24,Calaveras,009,45235,1713,1704,10,1714,21
2021-01-24,Colusa,011,21464,1729,1689,193,1882,8
2021-01-24,Contra Costa,013,1133247,56926,54694,954,55648,488
2021-01-24,Del Norte,015,27424,882,855,4,859,2
2021-01-24,El Dorado,017,186661,8452,8003,552,8555,66
2021-01-24,Fresno,019,978130,89494,85808,6855,92663,911
2021-01-24,Glenn,021,27897,2082,2026,431,2457,13
2021-01-24,Humboldt,023,135768,2699,2562,17,2579,24
2021-01-24,Imperial,025,180216,26255,25707,2389,28096,488
2021-01-24,Inyo,027,18085,1053,1007,21,1028,27
2021-01-24,Kern,029,883053,86290,83125,8188,91313,785
2021-01-24,Kings,031,150075,20609,19988,859,20847,159
2021-01-24,Lake,033,64148,2811,2724,0,2724,32
2021-01-24,Lassen,035,31185,4891,4828,86,4914,1
2021-01-24,Los Angeles,037,10098052,1094165,1048757,35788,1084545,15119
2021-01-24,Madera,039,155013,14474,14000,705,14705,86
2021-01-24,Marin,041,260295,12150,11872,138,12010,177
2021-01-24,Mariposa,043,17540,345,322,4,326,3
2021-01-24,Mendocino,045,87422,3215,3037,55,3092,33
2021-01-24,Merced,047,269075,25568,25047,706,25753,305
2021-01-24,Modoc,049,8938,305,285,93,378,0
2021-01-24,Mono,051,14174,1113,1113,13,1126,3
2021-01-24,Monterey,053,433212,38565,37527,1326,38853,254
2021-01-24,Napa,055,140530,8276,8005,32,8037,43
2021-01-24,Nevada,057,99092,3564,3349,142,3491,18
2021-01-24,Orange,059,3164182,229896,223853,9330,233183,2632
2021-01-24,Placer,061,380077,18947,17839,949,18788,193
2021-01-24,Plumas,063,18699,609,532,10,542,2
2021-01-24,Riverside,065,2383286,265328,256767,12589,269356,2761
2021-01-24,Sacramento,067,1510023,85924,84110,1044,85154,1112
2021-01-24,San Benito,069,59416,5317,5223,67,5290,43
2021-01-24,San Bernardino,071,2135413,271486,262370,7980,270350,1935
2021-01-24,San Diego,073,3302833,240311,227193,11110,238303,2375
2021-01-24,San Francisco,075,870044,31089,30559,805,31364,275
2021-01-24,San Joaquin,077,732212,61221,59021,2457,61478,838
2021-01-24,San Luis Obispo,079,281455,17533,16758,471,17229,179
2021-01-24,San Mateo,081,765935,35998,33956,316,34272,213
2021-01-24,Santa Barbara,083,443738,28887,26735,924,27659,269
2021-01-24,Santa Clara,085,1922200,100274,98103,452,98555,1109
2021-01-24,Santa Cruz,087,273765,14030,12905,691,13596,133
2021-01-24,Shasta,089,179085,10179,9978,1061,11039,103
2021-01-24,Sierra,091,2930,46,42,13,55,0
2021-01-24,Siskiyou,093,43540,1291,1195,193,1388,4
2021-01-24,Solano,095,438530,27278,26515,306,26821,109
2021-01-24,Sonoma,097,501317,25496,25045,133,25178,233
2021-01-24,Stanislaus,099,539301,45857,44031,4707,48738,599
2021-01-24,Sutter,101,95872,8137,7980,79,8059,83
2021-01-24,Tehama,103,63373,4183,4062,455,4517,20
2021-01-24,Trinity,105,12862,411,262,58,320,3
2021-01-24,Tulare,107,460477,44511,43006,6509,49515,577
2021-01-24,Tuolumne,109,53932,3491,3416,29,3445,29
2021-01-24,Ventura,111,848112,68720,66347,2448,68795,439
2021-01-24,Yolo,113,214977,11808,11210,154,11364,140
2021-01-24,Yuba,115,75493,5030,4875,67,4942,31
2021-01-23,Alameda,001,1643700,72725,70080,1559,71639,780
2021-01-23,Alpine,003,1148,74,72,0,72,0
2021-01-23,Amador,005,37829,3138,3049,24,3073,30
2021-01-23,Butte,007,227075,10393,9757,1443,11200,133
2021-01-23,Calaveras,009,45235,1710,1695,10,1705,21
2021-01-23,Colusa,011,21464,1725,1672,192,1864,8
2021-01-23,Contra Costa,013,1133247,56713,54162,946,55108,487
2021-01-23,Del Norte,015,27424,881,855,4,859,2
2021-01-23,El Dorado,017,186661,8436,7984,550,8534,66
2021-01-23,Fresno,019,978130,89310,85274,6825,92099,910
2021-01-23,Glenn,021,27897,2079,2015,427,2442,13
2021-01-23,Humboldt,023,135768,2680,2493,16,2509,23
2021-01-23,Imperial,025,180216,26224,25581,2380,27961,487
2021-01-23,Inyo,027,18085,1044,987,21,1008,27
2021-01-23,Kern,029,883053,86044,82602,8116,90718,783
2021-01-23,Kings,031,150075,20565,19904,857,20761,159
2021-01-23,Lake,033,64148,2803,2673,0,2673,32
2021-01-23,Lassen,035,31185,4890,4816,83,4899,1
2021-01-23,Los Angeles,037,10098052,1090956,1040961,35630,1076591,15034
2021-01-23,Madera,039,155013,14438,13858,703,14561,86
2021-01-23,Marin,041,260295,12094,11796,136,11932,177
2021-01-23,Mariposa,043,17540,345,323,4,327,3
2021-01-23,Mendocino,045,87422,3201,2991,55,3046,32
2021-01-23,Merced,047,269075,25475,24787,693,25480,303
2021-01-23,Modoc,049,8938,305,285,93,378,0
2021-01-23,Mono,051,14174,1111,1111,13,1124,3
2021-01-23,Monterey,053,433212,38482,37165,1321,38486,253
2021-01-23,Napa,055,140530,8251,7893,32,7925,43
2021-01-23,Nevada,057,99092,3553,3332,141,3473,18
2021-01-23,Orange,059,3164182,229127,221722,9288,231010,2618
2021-01-23,Placer,061,380077,18898,17617,944,18561,193
2021-01-23,Plumas,063,18699,608,528,10,538,2
2021-01-23,Riverside,065,2383286,264451,253636,12536,266172,2733
2021-01-23,Sacramento,067,1510023,85696,83408,1041,84449,1108
2021-01-23,San Benito,069,59416,5293,5166,66,5232,43
2021-01-23,San Bernardino,071,2135413,270943,260381,7947,268328,1922
2021-01-23,San Diego,073,3302833,239251,225556,11038,236594,2344
2021-01-23,San Francisco,075,870044,30983,30308,776,31084,268
2021-01-23,San Joaquin,077,732212,61096,58164,2446,60610,836
2021-01-23,San Luis Obispo,079,281455,17470,16652,468,17120,176
2021-01-23,San Mateo,081,765935,35822,33696,305,34001,213
2021-01-23,Santa Barbara,083,443738,28705,26234,916,27150,264
2021-01-23,Santa Clara,085,1922200,99919,97189,451,97640,1086
2021-01-23,Santa Cruz,087,273765,13972,12771,688,13459,127
2021-01-23,Shasta,089,179085,10149,9951,1060,11011,103
2021-01-23,Sierra,091,2930,46,41,13,54,0
2021-01-23,Siskiyou,093,43540,1281,1190,192,1382,4
2021-01-23,Solano,095,438530,27185,26261,304,26565,107
2021-01-23,Sonoma,097,501317,25422,24790,133,24923,232
2021-01-23,Stanislaus,099,539301,45693,43723,4678,48401,599
2021-01-23,Sutter,101,95872,8119,7943,78,8021,80
2021-01-23,Tehama,103,63373,4164,4006,454,4460,20
2021-01-23,Trinity,105,12862,411,262,58,320,3
2021-01-23,Tulare,107,460477,44359,42661,6448,49109,575
2021-01-23,Tuolumne,109,53932,3484,3407,29,3436,29
2021-01-23,Ventura,111,848112,68273,65581,2424,68005,438
2021-01-23,Yolo,113,214977,11766,11087,150,11237,141
2021-01-23,Yuba,115,75493,5018,4831,66,4897,30
2021-01-22,Alameda,001,1643700,72404,69693,1553,71246,751
2021-01-22,Alpine,003,1148,74,71,0,71,0
2021-01-22,Amador,005,37829,3133,3042,24,3066,30
2021-01-22,Butte,007,227075,10344,9711,1430,11141,133
2021-01-22,Calaveras,009,45235,1703,1672,10,1682,21
2021-01-22,Colusa,011,21464,1723,1668,192,1860,7
2021-01-22,Contra Costa,013,1133247,56475,53887,940,54827,485
2021-01-22,Del Norte,015,27424,880,852,4,856,2
2021-01-22,El Dorado,017,186661,8403,7877,547,8424,64
2021-01-22,Fresno,019,978130,88970,84744,6796,91540,892
2021-01-22,Glenn,021,27897,2075,1985,422,2407,13
2021-01-22,Humboldt,023,135768,2656,2452,16,2468,23
2021-01-22,Imperial,025,180216,26189,25562,2365,27927,474
2021-01-22,Inyo,027,18085,1033,961,21,982,26
2021-01-22,Kern,029,883053,85744,82101,8043,90144,771
2021-01-22,Kings,031,150075,20489,19760,853,20613,159
2021-01-22,Lake,033,64148,2791,2681,0,2681,32
2021-01-22,Lassen,035,31185,4882,4765,82,4847,1
2021-01-22,Los Angeles,037,10098052,1086518,1031177,35438,1066615,14777
2021-01-22,Madera,039,155013,14377,13781,702,14483,86
2021-01-22,Marin,041,260295,12057,11769,134,11903,177
2021-01-22,Mariposa,043,17540,345,323,4,327,3
2021-01-22,Mendocino,045,87422,3176,2994,54,3048,32
2021-01-22,Merced,047,269075,25352,24616,685,25301,290
2021-01-22,Modoc,049,8938,305,285,93,378,0
2021-01-22,Mono,051,14174,1111,1108,13,1121,3
2021-01-22,Monterey,053,433212,38328,36909,1316,38225,253
2021-01-22,Napa,055,140530,8205,7828,32,7860,40
2021-01-22,Nevada,057,99092,3528,3296,140,3436,18
2021-01-22,Orange,059,3164182,228175,220384,9241,229625,2542
2021-01-22,Placer,061,380077,18843,17636,929,18565,193
2021-01-22,Plumas,063,18699,606,522,10,532,2
2021-01-22,Riverside,065,2383286,263325,252440,12470,264910,2710
2021-01-22,Sacramento,067,1510023,85371,82861,1033,83894,1094
2021-01-22,San Benito,069,59416,5268,5143,66,5209,43
2021-01-22,San Bernardino,071,2135413,270122,259121,7913,267034,1849
2021-01-22,San Diego,073,3302833,238011,222576,10973,233549,2301
2021-01-22,San Francisco,075,870044,30870,30027,758,30785,266
2021-01-22,San Joaquin,077,732212,60914,58485,2433,60918,812
2021-01-22,San Luis Obispo,079,281455,17381,16336,465,16801,172
2021-01-22,San Mateo,081,765935,35601,33401,302,33703,211
2021-01-22,Santa Barbara,083,443738,28505,25989,905,26894,256
2021-01-22,Santa Clara,085,1922200,99478,96435,448,96883,1062
2021-01-22,Santa Cruz,087,273765,13915,12687,683,13370,123
2021-01-22,Shasta,089,179085,10130,9866,1058,10924,103
2021-01-22,Sierra,091,2930,46,40,13,53,0
2021-01-22,Siskiyou,093,43540,1277,1182,190,1372,4
2021-01-22,Solano,095,438530,27096,26048,302,26350,107
2021-01-22,Sonoma,097,501317,25347,24659,133,24792,232
2021-01-22,Stanislaus,099,539301,45538,43489,4642,48131,599
2021-01-22,Sutter,101,95872,8094,7878,78,7956,80
2021-01-22,Tehama,103,63373,4145,3993,453,4446,19
2021-01-22,Trinity,105,12862,410,263,58,321,3
2021-01-22,Tulare,107,460477,44181,42307,6376,48683,573
2021-01-22,Tuolumne,109,53932,3455,3379,29,3408,29
2021-01-22,Ventura,111,848112,67766,64404,2408,66812,426
2021-01-22,Yolo,113,214977,11732,11014,142,11156,141
2021-01-22,Yuba,115,75493,4994,4789,64,4853,29
2021-01-21,Alameda,001,1643700,71972,69314,1536,70850,739
2021-01-21,Alpine,003,1148,74,71,0,71,0
2021-01-21,Amador,005,37829,3111,3038,24,3062,29
2021-01-21,Butte,007,227075,10274,9643,1423,11066,130
2021-01-21,Calaveras,009,45235,1694,1647,10,1657,21
2021-01-21,Colusa,011,21464,1716,1662,189,1851,7
2021-01-21,Contra Costa,013,1133247,56059,53595,926,54521,478
2021-01-21,Del Norte,015,27424,878,850,3,853,2
2021-01-21,El Dorado,017,186661,8354,7823,544,8367,58
2021-01-21,Fresno,019,978130,88565,84137,6756,90893,889
2021-01-21,Glenn,021,27897,2066,1964,418,2382,13
2021-01-21,Humboldt,023,135768,2633,2423,16,2439,23
2021-01-21,Imperial,025,180216,26097,25509,2351,27860,463
2021-01-21,Inyo,027,18085,1024,946,21,967,26
2021-01-21,Kern,029,883053,85331,81328,7925,89253,769
2021-01-21,Kings,031,150075,20419,19633,834,20467,158
2021-01-21,Lake,033,64148,2775,2669,0,2669,32
2021-01-21,Lassen,035,31185,4876,4763,82,4845,1
2021-01-21,Los Angeles,037,10098052,1079873,1023055,35116,1058171,14537
2021-01-21,Madera,039,155013,14309,13664,694,14358,86
2021-01-21,Marin,041,260295,12001,11732,132,11864,173
2021-01-21,Mariposa,043,17540,341,322,4,326,3
2021-01-21,Mendocino,045,87422,3153,2967,52,3019,32
2021-01-21,Merced,047,269075,25197,24426,679,25105,245
2021-01-21,Modoc,049,8938,302,284,92,376,0
2021-01-21,Mono,051,14174,1106,1104,13,1117,3
2021-01-21,Monterey,053,433212,38051,36149,1305,37454,253
2021-01-21,Napa,055,140530,8141,7774,32,7806,40
2021-01-21,Nevada,057,99092,3499,3274,139,3413,18
2021-01-21,Orange,059,3164182,226798,218867,9186,228053,2540
2021-01-21,Placer,061,380077,18763,17553,925,18478,190
2021-01-21,Plumas,063,18699,602,518,10,528,2
2021-01-21,Riverside,065,2383286,261614,251007,12392,263399,2676
2021-01-21,Sacramento,067,1510023,84892,82303,1013,83316,1084
2021-01-21,San Benito,069,59416,5235,5100,60,5160,43
2021-01-21,San Bernardino,071,2135413,268774,257754,7846,265600,1832
2021-01-21,San Diego,073,3302833,236236,219729,10867,230596,2222
2021-01-21,San Francisco,075,870044,30695,29801,724,30525,266
2021-01-21,San Joaquin,077,732212,60605,58270,2413,60683,806
2021-01-21,San Luis Obispo,079,281455,17295,16153,457,16610,169
2021-01-21,San Mateo,081,765935,35356,33156,288,33444,210
2021-01-21,Santa Barbara,083,443738,28221,25654,892,26546,253
2021-01-21,Santa Clara,085,1922200,98851,96028,441,96469,1062
2021-01-21,Santa Cruz,087,273765,13831,12548,673,13221,119
2021-01-21,Shasta,089,179085,10088,9795,1041,10836,98
2021-01-21,Sierra,091,2930,46,40,13,53,0
2021-01-21,Siskiyou,093,43540,1274,1178,187,1365,4
2021-01-21,Solano,095,438530,26916,25885,298,26183,106
2021-01-21,Sonoma,097,501317,25212,24440,131,24571,230
2021-01-21,Stanislaus,099,539301,45235,43223,4598,47821,599
2021-01-21,Sutter,101,95872,8060,7822,78,7900,80
2021-01-21,Tehama,103,63373,4110,3938,453,4391,19
2021-01-21,Trinity,105,12862,410,261,58,319,3
2021-01-21,Tulare,107,460477,43970,42082,6300,48382,569
2021-01-21,Tuolumne,109,53932,3445,3365,29,3394,29
2021-01-21,Ventura,111,848112,67074,63995,2387,66382,420
2021-01-21,Yolo,113,214977,11641,10940,134,11074,141
2021-01-21,Yuba,115,75493,4963,4757,63,4820,29
2021-01-20,Alameda,001,1643700,71487,68785,1522,70307,702
2021-01-20,Alpine,003,1148,74,71,0,71,0
2021-01-20,Amador,005,37829,3080,3036,24,3060,29
2021-01-20,Butte,007,227075,10218,9582,1413,10995,130
2021-01-20,Calaveras,009,45235,1674,1637,9,1646,21
2021-01-20,Colusa,011,21464,1700,1630,184,1814,7
2021-01-20,Contra Costa,013,1133247,55605,53108,920,54028,461
2021-01-20,Del Norte,015,27424,877,848,3,851,2
2021-01-20,El Dorado,017,186661,8307,7785,541,8326,53
2021-01-20,Fresno,019,978130,88145,83591,6703,90294,872
2021-01-20,Glenn,021,27897,2048,1955,415,2370,13
2021-01-20,Humboldt,023,135768,2590,2390,16,2406,22
2021-01-20,Imperial,025,180216,26025,25380,2316,27696,461
2021-01-20,Inyo,027,18085,1014,901,21,922,26
2021-01-20,Kern,029,883053,84881,80701,7818,88519,754
2021-01-20,Kings,031,150075,20329,19522,826,20348,146
2021-01-20,Lake,033,64148,2753,2646,0,2646,31
2021-01-20,Lassen,035,31185,4868,4758,80,4838,1
2021-01-20,Los Angeles,037,10098052,1072400,1015608,34826,1050434,14299
2021-01-20,Madera,039,155013,14245,13585,689,14274,86
2021-01-20,Marin,041,260295,11947,11684,130,11814,171
2021-01-20,Mariposa,043,17540,339,322,4,326,3
2021-01-20,Mendocino,045,87422,3138,2957,52,3009,32
2021-01-20,Merced,047,269075,25023,24220,658,24878,243
2021-01-20,Modoc,049,8938,301,282,92,374,0
2021-01-20,Mono,051,14174,1099,1105,12,1117,3
2021-01-20,Monterey,053,433212,37734,35960,1282,37242,249
2021-01-20,Napa,055,140530,8072,7731,31,7762,40
2021-01-20,Nevada,057,99092,3467,3238,139,3377,18
2021-01-20,Orange,059,3164182,225258,216893,9123,226016,2500
2021-01-20,Placer,061,380077,18658,17455,907,18362,186
2021-01-20,Plumas,063,18699,600,512,10,522,2
2021-01-20,Riverside,065,2383286,259606,248686,12307,260993,2615
2021-01-20,Sacramento,067,1510023,84330,81687,1002,82689,1072
2021-01-20,San Benito,069,59416,5205,5036,59,5095,35
2021-01-20,San Bernardino,071,2135413,267416,255921,7799,263720,1801
2021-01-20,San Diego,073,3302833,234381,218553,10765,229318,2174
2021-01-20,San Francisco,075,870044,30503,29665,704,30369,262
2021-01-20,San Joaquin,077,732212,60203,58025,2404,60429,783
2021-01-20,San Luis Obispo,079,281455,17114,15936,448,16384,164
2021-01-20,San Mateo,081,765935,35130,32929,287,33216,210
2021-01-20,Santa Barbara,083,443738,27906,25312,880,26192,248
2021-01-20,Santa Clara,085,1922200,98172,94995,439,95434,1040
2021-01-20,Santa Cruz,087,273765,13724,12460,660,13120,107
2021-01-20,Shasta,089,179085,10037,9697,1030,10727,98
2021-01-20,Sierra,091,2930,46,40,13,53,0
2021-01-20,Siskiyou,093,43540,1268,1163,186,1349,4
2021-01-20,Solano,095,438530,26722,25659,294,25953,106
2021-01-20,Sonoma,097,501317,25077,24262,129,24391,223
2021-01-20,Stanislaus,099,539301,44947,42955,4551,47506,585
2021-01-20,Sutter,101,95872,8008,7772,76,7848,80
2021-01-20,Tehama,103,63373,4085,3892,452,4344,19
2021-01-20,Trinity,105,12862,410,260,58,318,3
2021-01-20,Tulare,107,460477,43715,41799,6204,48003,559
2021-01-20,Tuolumne,109,53932,3431,3355,28,3383,29
2021-01-20,Ventura,111,848112,66118,63413,2358,65771,395
2021-01-20,Yolo,113,214977,11570,10852,131,10983,141
2021-01-20,Yuba,115,75493,4936,4729,63,4792,29
2021-01-19,Alameda,001,1643700,70829,68434,1512,69946,680
2021-01-19,Alpine,003,1148,74,71,0,71,0
2021-01-19,Amador,005,37829,3071,3024,24,3048,28
2021-01-19,Butte,007,227075,10152,9528,1399,10927,129
2021-01-19,Calaveras,009,45235,1658,1621,8,1629,21
2021-01-19,Colusa,011,21464,1678,1617,176,1793,7
2021-01-19,Contra Costa,013,1133247,55109,52730,907,53637,448
2021-01-19,Del Norte,015,27424,875,843,3,846,2
2021-01-19,El Dorado,017,186661,8247,7743,533,8276,47
2021-01-19,Fresno,019,978130,87625,83200,6650,89850,857
2021-01-19,Glenn,021,27897,2037,1948,409,2357,13
2021-01-19,Humboldt,023,135768,2566,2359,13,2372,22
2021-01-19,Imperial,025,180216,25944,25333,2298,27631,452
2021-01-19,Inyo,027,18085,1007,891,21,912,26
2021-01-19,Kern,029,883053,84294,80272,7711,87983,742
2021-01-19,Kings,031,150075,20190,19375,815,20190,143
2021-01-19,Lake,033,64148,2738,2625,0,2625,31
2021-01-19,Lassen,035,31185,4861,4753,80,4833,1
2021-01-19,Los Angeles,037,10098052,1063740,1010375,34555,1044930,14014
2021-01-19,Madera,039,155013,14128,13528,682,14210,86
2021-01-19,Marin,041,260295,11889,11654,126,11780,169
2021-01-19,Mariposa,043,17540,339,322,4,326,3
2021-01-19,Mendocino,045,87422,3121,2930,52,2982,32
2021-01-19,Merced,047,269075,24809,24108,652,24760,242
2021-01-19,Modoc,049,8938,300,281,92,373,0
2021-01-19,Mono,051,14174,1098,1106,12,1118,3
2021-01-19,Monterey,053,433212,37414,35840,1260,37100,248
2021-01-19,Napa,055,140530,8013,7672,31,7703,38
2021-01-19,Nevada,057,99092,3449,3216,137,3353,18
2021-01-19,Orange,059,3164182,223521,215244,9054,224298,2468
2021-01-19,Placer,061,380077,18555,17348,897,18245,182
2021-01-19,Plumas,063,18699,593,509,10,519,2
2021-01-19,Riverside,065,2383286,257551,246248,12229,258477,2585
2021-01-19,Sacramento,067,1510023,83792,81183,982,82165,1053
2021-01-19,San Benito,069,59416,5159,4988,58,5046,35
2021-01-19,San Bernardino,071,2135413,265673,253651,7741,261392,1777
2021-01-19,San Diego,073,3302833,231961,216833,10668,227501,2109
2021-01-19,San Francisco,075,870044,30284,29502,672,30174,261
2021-01-19,San Joaquin,077,732212,59819,57655,2391,60046,782
2021-01-19,San Luis Obispo,079,281455,16851,15855,445,16300,161
2021-01-19,San Mateo,081,765935,34845,32730,276,33006,208
2021-01-19,Santa Barbara,083,443738,27523,24991,864,25855,236
2021-01-19,Santa Clara,085,1922200,97394,94483,437,94920,1010
2021-01-19,Santa Cruz,087,273765,13608,12410,651,13061,106
2021-01-19,Shasta,089,179085,10001,9614,1020,10634,93
2021-01-19,Sierra,091,2930,46,40,11,51,0
2021-01-19,Siskiyou,093,43540,1260,1149,185,1334,4
2021-01-19,Solano,095,438530,26476,25520,293,25813,106
2021-01-19,Sonoma,097,501317,24898,24133,127,24260,223
2021-01-19,Stanislaus,099,539301,44596,42723,4494,47217,561
2021-01-19,Sutter,101,95872,7957,7709,70,7779,80
2021-01-19,Tehama,103,63373,4050,3876,450,4326,19
2021-01-19,Trinity,105,12862,409,260,58,318,3
2021-01-19,Tulare,107,460477,43438,41559,6105,47664,549
2021-01-19,Tuolumne,109,53932,3404,3328,28,3356,29
2021-01-19,Ventura,111,848112,65440,62656,2330,64986,383
2021-01-19,Yolo,113,214977,11487,10789,131,10920,134
2021-01-19,Yuba,115,75493,4902,4695,62,4757,29
2021-01-18,Alameda,001,1643700,70187,67938,1494,69432,680
2021-01-18,Alpine,003,1148,74,71,0,71,0
2021-01-18,Amador,005,37829,3057,3016,24,3040,28
2021-01-18,Butte,007,227075,10065,9474,1386,10860,129
2021-01-18,Calaveras,009,45235,1636,1617,7,1624,21
2021-01-18,Colusa,011,21464,1661,1608,171,1779,7
2021-01-18,Contra Costa,013,1133247,54592,52323,899,53222,448
2021-01-18,Del Norte,015,27424,874,840,3,843,2
2021-01-18,El Dorado,017,186661,8179,7707,531,8238,47
2021-01-18,Fresno,019,978130,87014,82485,6583,89068,857
2021-01-18,Glenn,021,27897,2020,1935,405,2340,13
2021-01-18,Humboldt,023,135768,2528,2343,13,2356,22
2021-01-18,Imperial,025,180216,25875,25317,2272,27589,452
2021-01-18,Inyo,027,18085,995,872,21,893,26
2021-01-18,Kern,029,883053,83654,79930,7619,87549,740
2021-01-18,Kings,031,150075,20021,19267,803,20070,141
2021-01-18,Lake,033,64148,2721,2591,0,2591,30
2021-01-18,Lassen,035,31185,4825,4749,79,4828,1
2021-01-18,Los Angeles,037,10098052,1054261,1002614,34261,1036875,13828
2021-01-18,Madera,039,155013,14014,13443,674,14117,85
2021-01-18,Marin,041,260295,11841,11607,124,11731,165
2021-01-18,Mariposa,043,17540,336,320,3,323,3
2021-01-18,Mendocino,045,87422,3098,2919,52,2971,31
2021-01-18,Merced,047,269075,24565,23927,635,24562,242
2021-01-18,Modoc,049,8938,297,281,89,370,0
2021-01-18,Mono,051,14174,1095,1101,12,1113,3
2021-01-18,Monterey,053,433212,36962,35549,1242,36791,247
2021-01-18,Napa,055,140530,7939,7601,31,7632,38
2021-01-18,Nevada,057,99092,3411,3199,136,3335,17
2021-01-18,Orange,059,3164182,221618,213866,8997,222863,2405
2021-01-18,Placer,061,380077,18434,17263,888,18151,182
2021-01-18,Plumas,063,18699,589,506,10,516,2
2021-01-18,Riverside,065,2383286,255274,244151,12138,256289,2568
2021-01-18,Sacramento,067,1510023,83111,80546,966,81512,1046
2021-01-18,San Benito,069,59416,5108,4963,56,5019,35
2021-01-18,San Bernardino,071,2135413,263895,252808,7682,260490,1775
2021-01-18,San Diego,073,3302833,229317,214335,10539,224874,2103
2021-01-18,San Francisco,075,870044,30078,29321,648,29969,259
2021-01-18,San Joaquin,077,732212,59301,57405,2369,59774,782
2021-01-18,San Luis Obispo,079,281455,16664,15742,435,16177,158
2021-01-18,San Mateo,081,765935,34530,32515,257,32772,208
2021-01-18,Santa Barbara,083,443738,27151,24638,850,25488,235
2021-01-18,Santa Clara,085,1922200,96500,93688,433,94121,992
2021-01-18,Santa Cruz,087,273765,13475,12298,639,12937,106
2021-01-18,Shasta,089,179085,9962,9600,1010,10610,92
2021-01-18,Sierra,091,2930,45,40,11,51,0
2021-01-18,Siskiyou,093,43540,1248,1144,183,1327,4
2021-01-18,Solano,095,438530,26197,25344,288,25632,105
2021-01-18,Sonoma,097,501317,24627,24068,126,24194,223
2021-01-18,Stanislaus,099,539301,44238,42413,4444,46857,562
2021-01-18,Sutter,101,95872,7900,7680,68,7748,78
2021-01-18,Tehama,103,63373,4006,3854,443,4297,19
2021-01-18,Trinity,105,12862,409,260,58,318,3
2021-01-18,Tulare,107,460477,43150,41196,5989,47185,549
2021-01-18,Tuolumne,109,53932,3381,3318,27,3345,28
2021-01-18,Ventura,111,848112,65010,61859,2307,64166,379
2021-01-18,Yolo,113,214977,11356,10620,128,10748,134
2021-01-18,Yuba,115,75493,4874,4671,60,4731,29
2021-01-17,Alameda,001,1643700,69611,67375,1475,68850,676
2021-01-17,Alpine,003,1148,74,71,0,71,0
2021-01-17,Amador,005,37829,3050,3001,24,3025,28
2021-01-17,Butte,007,227075,9993,9411,1364,10775,129
2021-01-17,Calaveras,009,45235,1623,1608,7,1615,21
2021-01-17,Colusa,011,21464,1647,1588,166,1754,7
2021-01-17,Contra Costa,013,1133247,54103,51932,892,52824,447
2021-01-17,Del Norte,015,27424,874,838,3,841,2
2021-01-17,El Dorado,017,186661,8123,7659,519,8178,47
2021-01-17,Fresno,019,978130,86463,82039,6504,88543,857
2021-01-17,Glenn,021,27897,2009,1924,400,2324,9
2021-01-17,Humboldt,023,135768,2490,2322,11,2333,22
2021-01-17,Imperial,025,180216,25805,25253,2229,27482,451
2021-01-17,Inyo,027,18085,989,864,20,884,26
2021-01-17,Kern,029,883053,83106,79489,7533,87022,738
2021-01-17,Kings,031,150075,19885,19201,789,19990,131
2021-01-17,Lake,033,64148,2705,2572,0,2572,30
2021-01-17,Lassen,035,31185,4817,4740,78,4818,1
2021-01-17,Los Angeles,037,10098052,1047633,993028,33856,1026884,13741
2021-01-17,Madera,039,155013,13922,13328,668,13996,85
2021-01-17,Marin,041,260295,11788,11552,122,11674,164
2021-01-17,Mariposa,043,17540,336,319,3,322,3
2021-01-17,Mendocino,045,87422,3070,2912,51,2963,31
2021-01-17,Merced,047,269075,24350,23800,618,24418,242
2021-01-17,Modoc,049,8938,296,279,89,368,0
2021-01-17,Mono,051,14174,1089,1091,11,1102,3
2021-01-17,Monterey,053,433212,36725,35340,1217,36557,244
2021-01-17,Napa,055,140530,7883,7521,31,7552,38
2021-01-17,Nevada,057,99092,3386,3176,134,3310,17
2021-01-17,Orange,059,3164182,219613,212389,8922,221311,2359
2021-01-17,Placer,061,380077,18319,17194,872,18066,181
2021-01-17,Plumas,063,18699,588,505,9,514,2
2021-01-17,Riverside,065,2383286,253175,242206,12019,254225,2534
2021-01-17,Sacramento,067,1510023,82506,80154,953,81107,1045
2021-01-17,San Benito,069,59416,5070,4941,56,4997,35
2021-01-17,San Bernardino,071,2135413,261768,251487,7593,259080,1775
2021-01-17,San Diego,073,3302833,227122,211785,10432,222217,2103
2021-01-17,San Francisco,075,870044,29893,29139,609,29748,255
2021-01-17,San Joaquin,077,732212,58941,57094,2354,59448,780
2021-01-17,San Luis Obispo,079,281455,16542,15658,426,16084,157
2021-01-17,San Mateo,081,765935,34277,32186,233,32419,208
2021-01-17,Santa Barbara,083,443738,26704,24401,834,25235,235
2021-01-17,Santa Clara,085,1922200,95749,92752,430,93182,976
2021-01-17,Santa Cruz,087,273765,13363,12196,636,12832,106
2021-01-17,Shasta,089,179085,9904,9588,1002,10590,92
2021-01-17,Sierra,091,2930,45,38,10,48,0
2021-01-17,Siskiyou,093,43540,1241,1136,180,1316,4
2021-01-17,Solano,095,438530,25967,25216,286,25502,105
2021-01-17,Sonoma,097,501317,24457,23871,126,23997,223
2021-01-17,Stanislaus,099,539301,43920,42221,4385,46606,562
2021-01-17,Sutter,101,95872,7836,7604,66,7670,77
2021-01-17,Tehama,103,63373,3976,3837,438,4275,18
2021-01-17,Trinity,105,12862,409,261,58,319,3
2021-01-17,Tulare,107,460477,42861,41016,5869,46885,549
2021-01-17,Tuolumne,109,53932,3364,3287,27,3314,27
2021-01-17,Ventura,111,848112,64166,61257,2260,63517,376
2021-01-17,Yolo,113,214977,11257,10519,127,10646,134
2021-01-17,Yuba,115,75493,4824,4640,58,4698,28
2021-01-16,Alameda,001,1643700,69286,66583,1462,68045,673
2021-01-16,Alpine,003,1148,74,71,0,71,0
2021-01-16,Amador,005,37829,3047,2986,24,3010,28
2021-01-16,Butte,007,227075,9963,9359,1344,10703,129
2021-01-16,Calaveras,009,45235,1609,1596,7,1603,21
2021-01-16,Colusa,011,21464,1635,1578,166,1744,7
2021-01-16,Contra Costa,013,1133247,53841,51363,885,52248,443
2021-01-16,Del Norte,015,27424,869,833,3,836,2
2021-01-16,El Dorado,017,186661,8101,7575,518,8093,47
2021-01-16,Fresno,019,978130,86191,81294,6450,87744,846
2021-01-16,Glenn,021,27897,2005,1894,396,2290,9
2021-01-16,Humboldt,023,135768,2470,2294,9,2303,22
2021-01-16,Imperial,025,180216,25771,25140,2222,27362,451
2021-01-16,Inyo,027,18085,985,845,20,865,25
2021-01-16,Kern,029,883053,82739,78865,7480,86345,733
2021-01-16,Kings,031,150075,19829,19072,786,19858,131
2021-01-16,Lake,033,64148,2695,2504,0,2504,30
2021-01-16,Lassen,035,31185,4805,4719,78,4797,1
2021-01-16,Los Angeles,037,10098052,1043561,982684,33612,1016296,13654
2021-01-16,Madera,039,155013,13856,13193,664,13857,85
2021-01-16,Marin,041,260295,11746,11482,122,11604,164
2021-01-16,Mariposa,043,17540,335,317,3,320,3
2021-01-16,Mendocino,045,87422,3056,2890,48,2938,31
2021-01-16,Merced,047,269075,24263,23478,604,24082,242
2021-01-16,Modoc,049,8938,296,278,89,367,0
2021-01-16,Mono,051,14174,1088,1079,11,1090,3
2021-01-16,Monterey,053,433212,36618,34972,1198,36170,243
2021-01-16,Napa,055,140530,7844,7356,31,7387,39
2021-01-16,Nevada,057,99092,3353,3144,134,3278,17
2021-01-16,Orange,059,3164182,218572,210111,8866,218977,2312
2021-01-16,Placer,061,380077,18259,16995,870,17865,177
2021-01-16,Plumas,063,18699,586,502,9,511,2
2021-01-16,Riverside,065,2383286,251823,239412,11899,251311,2506
2021-01-16,Sacramento,067,1510023,82129,79122,935,80057,1033
2021-01-16,San Benito,069,59416,5037,4875,56,4931,35
2021-01-16,San Bernardino,071,2135413,260988,249401,7526,256927,1755
2021-01-16,San Diego,073,3302833,225826,209895,10337,220232,2065
2021-01-16,San Francisco,075,870044,29766,28853,578,29431,244
2021-01-16,San Joaquin,077,732212,58695,56642,2322,58964,776
2021-01-16,San Luis Obispo,079,281455,16442,15466,424,15890,152
2021-01-16,San Mateo,081,765935,34112,31805,227,32032,208
2021-01-16,Santa Barbara,083,443738,26509,24088,826,24914,229
2021-01-16,Santa Clara,085,1922200,95283,91584,423,92007,954
2021-01-16,Santa Cruz,087,273765,13304,12026,634,12660,106
2021-01-16,Shasta,089,179085,9871,9547,998,10545,92
2021-01-16,Sierra,091,2930,44,38,10,48,0
2021-01-16,Siskiyou,093,43540,1236,1124,180,1304,4
2021-01-16,Solano,095,438530,25859,24732,279,25011,103
2021-01-16,Sonoma,097,501317,24369,23607,125,23732,223
2021-01-16,Stanislaus,099,539301,43731,41809,4334,46143,562
2021-01-16,Sutter,101,95872,7804,7560,66,7626,76
2021-01-16,Tehama,103,63373,3962,3783,438,4221,18
2021-01-16,Trinity,105,12862,409,261,58,319,3
2021-01-16,Tulare,107,460477,42682,40655,5795,46450,542
2021-01-16,Tuolumne,109,53932,3357,3269,27,3296,27
2021-01-16,Ventura,111,848112,63614,60368,2230,62598,369
2021-01-16,Yolo,113,214977,11208,10406,126,10532,134
2021-01-16,Yuba,115,75493,4793,4602,58,4660,27
2021-01-15,Alameda,001,1643700,68846,65416,1452,66868,672
2021-01-15,Alpine,003,1148,74,71,0,71,0
2021-01-15,Amador,005,37829,3040,2953,24,2977,28
2021-01-15,Butte,007,227075,9925,9233,1327,10560,129
2021-01-15,Calaveras,009,45235,1602,1538,7,1545,21
2021-01-15,Colusa,011,21464,1624,1541,162,1703,7
2021-01-15,Contra Costa,013,1133247,53511,50408,878,51286,428
2021-01-15,Del Norte,015,27424,865,828,2,830,2
2021-01-15,El Dorado,017,186661,8052,7439,509,7948,47
2021-01-15,Fresno,019,978130,85653,79950,6417,86367,832
2021-01-15,Glenn,021,27897,2000,1824,394,2218,9
2021-01-15,Humboldt,023,135768,2443,2218,8,2226,22
2021-01-15,Imperial,025,180216,25737,24944,2216,27160,446
2021-01-15,Inyo,027,18085,967,814,20,834,25
2021-01-15,Kern,029,883053,82327,77873,7416,85289,719
2021-01-15,Kings,031,150075,19721,18661,779,19440,131
2021-01-15,Lake,033,64148,2669,2434,0,2434,28
2021-01-15,Lassen,035,31185,4794,4693,76,4769,1
2021-01-15,Los Angeles,037,10098052,1036526,968979,33320,1002299,13404
2021-01-15,Madera,039,155013,13770,12883,661,13544,85
2021-01-15,Marin,041,260295,11695,11310,122,11432,160
2021-01-15,Mariposa,043,17540,333,307,3,310,3
2021-01-15,Mendocino,045,87422,3045,2835,48,2883,31
2021-01-15,Merced,047,269075,24150,23060,600,23660,239
2021-01-15,Modoc,049,8938,296,278,87,365,0
2021-01-15,Mono,051,14174,1085,1057,11,1068,3
2021-01-15,Monterey,053,433212,36409,34460,1138,35598,243
2021-01-15,Napa,055,140530,7782,7231,31,7262,38
2021-01-15,Nevada,057,99092,3339,3099,131,3230,17
2021-01-15,Orange,059,3164182,217214,207129,8814,215943,2254
2021-01-15,Placer,061,380077,18158,16712,861,17573,173
2021-01-15,Plumas,063,18699,583,499,9,508,2
2021-01-15,Riverside,065,2383286,249986,235235,11820,247055,2458
2021-01-15,Sacramento,067,1510023,81712,80279,927,81206,1023
2021-01-15,San Benito,069,59416,4994,4766,54,4820,35
2021-01-15,San Bernardino,071,2135413,259828,246182,7468,253650,1726
2021-01-15,San Diego,073,3302833,224077,206868,10272,217140,2037
2021-01-15,San Francisco,075,870044,29592,28574,558,29132,242
2021-01-15,San Joaquin,077,732212,58461,55885,2308,58193,748
2021-01-15,San Luis Obispo,079,281455,16309,15129,419,15548,148
2021-01-15,San Mateo,081,765935,33867,31291,223,31514,208
2021-01-15,Santa Barbara,083,443738,26232,23487,816,24303,226
2021-01-15,Santa Clara,085,1922200,94632,90103,418,90521,942
2021-01-15,Santa Cruz,087,273765,13195,11776,620,12396,105
2021-01-15,Shasta,089,179085,9832,9459,990,10449,91
2021-01-15,Sierra,091,2930,43,36,9,45,0
2021-01-15,Siskiyou,093,43540,1232,1119,179,1298,4
2021-01-15,Solano,095,438530,25710,24222,276,24498,103
2021-01-15,Sonoma,097,501317,24238,23204,124,23328,222
2021-01-15,Stanislaus,099,539301,43489,41178,4297,45475,562
2021-01-15,Sutter,101,95872,7757,7484,65,7549,75
2021-01-15,Tehama,103,63373,3941,3714,437,4151,17
2021-01-15,Trinity,105,12862,409,262,58,320,3
2021-01-15,Tulare,107,460477,42438,39951,5710,45661,535
2021-01-15,Tuolumne,109,53932,3341,3231,27,3258,27
2021-01-15,Ventura,111,848112,62870,59061,2196,61257,353
2021-01-15,Yolo,113,214977,11152,10240,125,10365,134
2021-01-15,Yuba,115,75493,4772,4549,58,4607,27
2021-01-14,Alameda,001,1643700,68193,64364,1437,65801,686
2021-01-14,Alpine,003,1148,74,71,0,71,0
2021-01-14,Amador,005,37829,3034,2940,24,2964,28
2021-01-14,Butte,007,227075,9841,9127,1305,10432,129
2021-01-14,Calaveras,009,45235,1585,1513,7,1520,21
2021-01-14,Colusa,011,21464,1609,1535,159,1694,7
2021-01-14,Contra Costa,013,1133247,52956,49545,864,50409,415
2021-01-14,Del Norte,015,27424,859,821,2,823,2
2021-01-14,El Dorado,017,186661,7978,7321,501,7822,45
2021-01-14,Fresno,019,978130,85021,79033,6341,85374,814
2021-01-14,Glenn,021,27897,1987,1798,389,2187,9
2021-01-14,Humboldt,023,135768,2400,2169,8,2177,22
2021-01-14,Imperial,025,180216,25627,24882,2180,27062,447
2021-01-14,Inyo,027,18085,960,790,20,810,25
2021-01-14,Kern,029,883053,81661,77070,7313,84383,705
2021-01-14,Kings,031,150075,19591,18405,775,19180,108
2021-01-14,Lake,033,64148,2626,2378,0,2378,27
2021-01-14,Lassen,035,31185,4784,4673,74,4747,1
2021-01-14,Los Angeles,037,10098052,1026537,954652,32938,987590,13147
2021-01-14,Madera,039,155013,13657,12742,650,13392,85
2021-01-14,Marin,041,260295,11621,11155,121,11276,159
2021-01-14,Mariposa,043,17540,330,302,3,305,3
2021-01-14,Mendocino,045,87422,3031,2801,46,2847,31
2021-01-14,Merced,047,269075,23921,22780,591,23371,239
2021-01-14,Modoc,049,8938,296,273,87,360,0
2021-01-14,Mono,051,14174,1077,1020,11,1031,3
2021-01-14,Monterey,053,433212,35994,34105,1118,35223,242
2021-01-14,Napa,055,140530,7697,7117,31,7148,38
2021-01-14,Nevada,057,99092,3312,3075,129,3204,17
2021-01-14,Orange,059,3164182,215286,204442,8728,213170,2162
2021-01-14,Placer,061,380077,18000,16488,854,17342,169
2021-01-14,Plumas,063,18699,575,496,9,505,2
2021-01-14,Riverside,065,2383286,247366,231684,11723,243407,2357
2021-01-14,Sacramento,067,1510023,81074,79137,903,80040,1007
2021-01-14,San Benito,069,59416,4960,4678,53,4731,35
2021-01-14,San Bernardino,071,2135413,257862,243379,7396,250775,1750
2021-01-14,San Diego,073,3302833,221681,204173,10153,214326,2005
2021-01-14,San Francisco,075,870044,29349,28200,507,28707,238
2021-01-14,San Joaquin,077,732212,57947,55058,2294,57352,739
2021-01-14,San Luis Obispo,079,281455,16149,14851,409,15260,146
2021-01-14,San Mateo,081,765935,33499,30694,214,30908,208
2021-01-14,Santa Barbara,083,443738,25825,23126,790,23916,219
2021-01-14,Santa Clara,085,1922200,93693,88505,411,88916,910
2021-01-14,Santa Cruz,087,273765,13048,11583,604,12187,109
2021-01-14,Shasta,089,179085,9783,9334,973,10307,90
2021-01-14,Sierra,091,2930,43,35,8,43,0
2021-01-14,Siskiyou,093,43540,1220,1108,176,1284,3
2021-01-14,Solano,095,438530,25449,23782,272,24054,103
2021-01-14,Sonoma,097,501317,23995,22910,124,23034,202
2021-01-14,Stanislaus,099,539301,43164,40597,4258,44855,574
2021-01-14,Sutter,101,95872,7698,7416,62,7478,74
2021-01-14,Tehama,103,63373,3912,3664,433,4097,17
2021-01-14,Trinity,105,12862,409,261,57,318,3
2021-01-14,Tulare,107,460477,42055,39565,5601,45166,533
2021-01-14,Tuolumne,109,53932,3320,3215,27,3242,28
2021-01-14,Ventura,111,848112,61998,57941,2158,60099,347
2021-01-14,Yolo,113,214977,11042,10097,119,10216,135
2021-01-14,Yuba,115,75493,4740,4496,58,4554,27
2021-01-13,Alameda,001,1643700,67438,63568,1420,64988,690
2021-01-13,Alpine,003,1148,74,71,0,71,0
2021-01-13,Amador,005,37829,3020,2914,24,2938,26
2021-01-13,Butte,007,227075,9762,9013,1290,10303,126
2021-01-13,Calaveras,009,45235,1563,1493,7,1500,21
2021-01-13,Colusa,011,21464,1597,1524,154,1678,7
2021-01-13,Contra Costa,013,1133247,52375,48877,851,49728,403
2021-01-13,Del Norte,015,27424,855,820,2,822,2
2021-01-13,El Dorado,017,186661,7885,7247,493,7740,43
2021-01-13,Fresno,019,978130,84305,78278,6294,84572,804
2021-01-13,Glenn,021,27897,1972,1792,381,2173,9
2021-01-13,Humboldt,023,135768,2368,2114,8,2122,22
2021-01-13,Imperial,025,180216,25503,24717,2147,26864,463
2021-01-13,Inyo,027,18085,948,785,20,805,25
2021-01-13,Kern,029,883053,80999,76049,7223,83272,704
2021-01-13,Kings,031,150075,19425,18121,750,18871,108
2021-01-13,Lake,033,64148,2581,2305,0,2305,27
2021-01-13,Lassen,035,31185,4777,4663,73,4736,1
2021-01-13,Los Angeles,037,10098052,1015774,937985,32527,970512,12873
2021-01-13,Madera,039,155013,13532,12570,645,13215,85
2021-01-13,Marin,041,260295,11564,11039,121,11160,161
2021-01-13,Mariposa,043,17540,328,304,3,307,3
2021-01-13,Mendocino,045,87422,3011,2790,46,2836,31
2021-01-13,Merced,047,269075,23681,22497,576,23073,241
2021-01-13,Modoc,049,8938,295,274,84,358,0
2021-01-13,Mono,051,14174,1073,1017,11,1028,3
2021-01-13,Monterey,053,433212,35576,33748,1093,34841,241
2021-01-13,Napa,055,140530,7583,7028,31,7059,36
2021-01-13,Nevada,057,99092,3288,3037,125,3162,17
2021-01-13,Orange,059,3164182,213196,201158,8659,209817,2172
2021-01-13,Placer,061,380077,17873,16272,840,17112,172
2021-01-13,Plumas,063,18699,573,490,9,499,2
2021-01-13,Riverside,065,2383286,244263,228192,11607,239799,2278
2021-01-13,Sacramento,067,1510023,80414,78268,896,79164,996
2021-01-13,San Benito,069,59416,4905,4583,52,4635,35
2021-01-13,San Bernardino,071,2135413,255487,240191,7323,247514,1759
2021-01-13,San Diego,073,3302833,219065,201578,10051,211629,1952
2021-01-13,San Francisco,075,870044,29108,27863,485,28348,238
2021-01-13,San Joaquin,077,732212,57323,54373,2264,56637,738
2021-01-13,San Luis Obispo,079,281455,15995,14625,397,15022,140
2021-01-13,San Mateo,081,765935,33158,30195,212,30407,207
2021-01-13,Santa Barbara,083,443738,25393,22714,766,23480,216
2021-01-13,Santa Clara,085,1922200,92720,87187,408,87595,911
2021-01-13,Santa Cruz,087,273765,12875,11423,590,12013,110
2021-01-13,Shasta,089,179085,9719,9180,959,10139,93
2021-01-13,Sierra,091,2930,43,33,8,41,0
2021-01-13,Siskiyou,093,43540,1214,1102,172,1274,3
2021-01-13,Solano,095,438530,25165,23503,271,23774,105
2021-01-13,Sonoma,097,501317,23745,22610,123,22733,206
2021-01-13,Stanislaus,099,539301,42763,40167,4202,44369,574
2021-01-13,Sutter,101,95872,7652,7350,61,7411,73
2021-01-13,Tehama,103,63373,3862,3589,428,4017,17
2021-01-13,Trinity,105,12862,409,260,57,317,3
2021-01-13,Tulare,107,460477,41647,39129,5498,44627,522
2021-01-13,Tuolumne,109,53932,3306,3196,27,3223,28
2021-01-13,Ventura,111,848112,60985,56453,2119,58572,338
2021-01-13,Yolo,113,214977,10941,9933,115,10048,135
2021-01-13,Yuba,115,75493,4698,4448,55,4503,27
2021-01-12,Alameda,001,1643700,66617,62642,1400,64042,677
2021-01-12,Alpine,003,1148,74,71,0,71,0
2021-01-12,Amador,005,37829,3003,2897,24,2921,26
2021-01-12,Butte,007,227075,9676,8883,1272,10155,124
2021-01-12,Calaveras,009,45235,1526,1475,7,1482,21
2021-01-12,Colusa,011,21464,1585,1510,150,1660,7
2021-01-12,Contra Costa,013,1133247,51729,48242,836,49078,399
2021-01-12,Del Norte,015,27424,850,816,2,818,2
2021-01-12,El Dorado,017,186661,7802,7156,482,7638,41
2021-01-12,Fresno,019,978130,83434,77651,6226,83877,796
2021-01-12,Glenn,021,27897,1944,1781,375,2156,9
2021-01-12,Humboldt,023,135768,2314,2077,7,2084,22
2021-01-12,Imperial,025,180216,25414,24566,2105,26671,457
2021-01-12,Inyo,027,18085,931,773,20,793,25
2021-01-12,Kern,029,883053,80295,75320,7123,82443,689
2021-01-12,Kings,031,150075,19215,18072,739,18811,108
2021-01-12,Lake,033,64148,2535,2260,0,2260,27
2021-01-12,Lassen,035,31185,4755,4659,71,4730,1
2021-01-12,Los Angeles,037,10098052,1004150,926295,32108,958403,12610
2021-01-12,Madera,039,155013,13391,12485,636,13121,85
2021-01-12,Marin,041,260295,11455,10960,121,11081,157
2021-01-12,Mariposa,043,17540,326,302,3,305,3
2021-01-12,Mendocino,045,87422,2991,2762,42,2804,31
2021-01-12,Merced,047,269075,23430,22172,554,22726,239
2021-01-12,Modoc,049,8938,293,274,84,358,0
2021-01-12,Mono,051,14174,1064,1008,11,1019,3
2021-01-12,Monterey,053,433212,35076,33381,1072,34453,240
2021-01-12,Napa,055,140530,7500,6936,31,6967,36
2021-01-12,Nevada,057,99092,3260,3014,123,3137,17
2021-01-12,Orange,059,3164182,210901,198260,8572,206832,2142
2021-01-12,Placer,061,380077,17699,16087,834,16921,163
2021-01-12,Plumas,063,18699,567,483,9,492,2
2021-01-12,Riverside,065,2383286,241181,225580,11468,237048,2266
2021-01-12,Sacramento,067,1510023,79675,77201,887,78088,985
2021-01-12,San Benito,069,59416,4838,4515,52,4567,35
2021-01-12,San Bernardino,071,2135413,252916,237008,7252,244260,1739
2021-01-12,San Diego,073,3302833,216152,198317,9934,208251,1898
2021-01-12,San Francisco,075,870044,28830,27531,452,27983,238
2021-01-12,San Joaquin,077,732212,56679,53630,2237,55867,725
2021-01-12,San Luis Obispo,079,281455,15747,14367,388,14755,132
2021-01-12,San Mateo,081,765935,32767,29747,200,29947,206
2021-01-12,Santa Barbara,083,443738,24984,22182,738,22920,209
2021-01-12,Santa Clara,085,1922200,91647,86075,400,86475,904
2021-01-12,Santa Cruz,087,273765,12661,11267,573,11840,110
2021-01-12,Shasta,089,179085,9646,9086,946,10032,84
2021-01-12,Sierra,091,2930,41,33,7,40,0
2021-01-12,Siskiyou,093,43540,1204,1091,166,1257,3
2021-01-12,Solano,095,438530,24862,23160,266,23426,102
2021-01-12,Sonoma,097,501317,23439,22403,123,22526,205
2021-01-12,Stanislaus,099,539301,42313,39615,4167,43782,571
2021-01-12,Sutter,101,95872,7589,7276,60,7336,73
2021-01-12,Tehama,103,63373,3826,3567,424,3991,17
2021-01-12,Trinity,105,12862,409,258,57,315,3
2021-01-12,Tulare,107,460477,41188,38797,5382,44179,509
2021-01-12,Tuolumne,109,53932,3272,3178,27,3205,28
2021-01-12,Ventura,111,848112,60012,55342,2086,57428,324
2021-01-12,Yolo,113,214977,10806,9857,105,9962,133
2021-01-12,Yuba,115,75493,4657,4389,55,4444,27
2021-01-11,Alameda,001,1643700,65757,61949,1383,63332,652
2021-01-11,Alpine,003,1148,74,70,0,70,0
2021-01-11,Amador,005,37829,2989,2867,24,2891,24
2021-01-11,Butte,007,227075,9562,8757,1254,10011,119
2021-01-11,Calaveras,009,45235,1508,1460,7,1467,21
2021-01-11,Colusa,011,21464,1567,1494,146,1640,7
2021-01-11,Contra Costa,013,1133247,51052,47728,826,48554,398
2021-01-11,Del Norte,015,27424,846,810,2,812,2
2021-01-11,El Dorado,017,186661,7708,6987,474,7461,36
2021-01-11,Fresno,019,978130,82555,76581,6149,82730,775
2021-01-11,Glenn,021,27897,1915,1763,366,2129,9
2021-01-11,Humboldt,023,135768,2275,2069,7,2076,22
2021-01-11,Imperial,025,180216,25299,24418,2070,26488,453
2021-01-11,Inyo,027,18085,913,763,20,783,25
2021-01-11,Kern,029,883053,79440,74489,7021,81510,682
2021-01-11,Kings,031,150075,18952,17909,731,18640,108
2021-01-11,Lake,033,64148,2483,2205,0,2205,26
2021-01-11,Lassen,035,31185,4732,4647,70,4717,1
2021-01-11,Los Angeles,037,10098052,990965,914434,31634,946068,12304
2021-01-11,Madera,039,155013,13260,12366,625,12991,85
2021-01-11,Marin,041,260295,11359,10814,118,10932,156
2021-01-11,Mariposa,043,17540,319,296,3,299,3
2021-01-11,Mendocino,045,87422,2964,2728,42,2770,31
2021-01-11,Merced,047,269075,23107,21884,540,22424,238
2021-01-11,Modoc,049,8938,292,271,83,354,0
2021-01-11,Mono,051,14174,1058,1006,11,1017,3
2021-01-11,Monterey,053,433212,34538,32858,1007,33865,239
2021-01-11,Napa,055,140530,7398,6822,31,6853,36
2021-01-11,Nevada,057,99092,3233,2980,123,3103,17
2021-01-11,Orange,059,3164182,208321,196340,8470,204810,2113
2021-01-11,Placer,061,380077,17518,15919,823,16742,163
2021-01-11,Plumas,063,18699,563,477,9,486,2
2021-01-11,Riverside,065,2383286,237724,222907,11320,234227,2222
2021-01-11,Sacramento,067,1510023,78747,76009,871,76880,974
2021-01-11,San Benito,069,59416,4761,4482,45,4527,34
2021-01-11,San Bernardino,071,2135413,250079,235543,7151,242694,1739
2021-01-11,San Diego,073,3302833,212882,194793,9776,204569,1857
2021-01-11,San Francisco,075,870044,28557,27264,429,27693,238
2021-01-11,San Joaquin,077,732212,56068,53002,2207,55209,725
2021-01-11,San Luis Obispo,079,281455,15377,14213,380,14593,126
2021-01-11,San Mateo,081,765935,32322,29355,188,29543,206
2021-01-11,Santa Barbara,083,443738,24547,21740,721,22461,200
2021-01-11,Santa Clara,085,1922200,90445,84851,391,85242,877
2021-01-11,Santa Cruz,087,273765,12482,11093,548,11641,106
2021-01-11,Shasta,089,179085,9548,8977,933,9910,81
2021-01-11,Sierra,091,2930,40,33,7,40,0
2021-01-11,Siskiyou,093,43540,1195,1087,164,1251,3
2021-01-11,Solano,095,438530,24541,22893,261,23154,101
2021-01-11,Sonoma,097,501317,23193,22191,123,22314,205
2021-01-11,Stanislaus,099,539301,41822,39149,4115,43264,571
2021-01-11,Sutter,101,95872,7530,7204,59,7263,71
2021-01-11,Tehama,103,63373,3762,3524,402,3926,17
2021-01-11,Trinity,105,12862,409,256,57,313,2
2021-01-11,Tulare,107,460477,40776,38380,5301,43681,497
2021-01-11,Tuolumne,109,53932,3261,3165,27,3192,27
2021-01-11,Ventura,111,848112,58875,54202,2063,56265,320
2021-01-11,Yolo,113,214977,10596,9699,103,9802,129
2021-01-11,Yuba,115,75493,4619,4349,48,4397,27
2021-01-10,Alameda,001,1643700,64768,61111,1354,62465,650
2021-01-10,Alpine,003,1148,74,70,0,70,0
2021-01-10,Amador,005,37829,2965,2861,24,2885,24
2021-01-10,Butte,007,227075,9444,8665,1227,9892,119
2021-01-10,Calaveras,009,45235,1483,1449,7,1456,21
2021-01-10,Colusa,011,21464,1543,1478,145,1623,7
2021-01-10,Contra Costa,013,1133247,50265,47109,808,47917,398
2021-01-10,Del Norte,015,27424,843,809,2,811,2
2021-01-10,El Dorado,017,186661,7621,6904,456,7360,36
2021-01-10,Fresno,019,978130,81744,75621,6022,81643,775
2021-01-10,Glenn,021,27897,1891,1746,358,2104,9
2021-01-10,Humboldt,023,135768,2214,2049,7,2056,22
2021-01-10,Imperial,025,180216,25137,24233,2018,26251,453
2021-01-10,Inyo,027,18085,885,748,20,768,25
2021-01-10,Kern,029,883053,78615,73712,6887,80599,679
2021-01-10,Kings,031,150075,18733,17812,724,18536,108
2021-01-10,Lake,033,64148,2430,2174,0,2174,26
2021-01-10,Lassen,035,31185,4710,4642,70,4712,1
2021-01-10,Los Angeles,037,10098052,976409,901783,30996,932779,12170
2021-01-10,Madera,039,155013,13071,12179,610,12789,85
2021-01-10,Marin,041,260295,11239,10737,116,10853,155
2021-01-10,Mariposa,043,17540,319,291,3,294,3
2021-01-10,Mendocino,045,87422,2933,2706,39,2745,31
2021-01-10,Merced,047,269075,22833,21691,530,22221,238
2021-01-10,Modoc,049,8938,292,271,81,352,0
2021-01-10,Mono,051,14174,1040,965,11,976,3
2021-01-10,Monterey,053,433212,34098,32571,975,33546,237
2021-01-10,Napa,055,140530,7294,6687,29,6716,36
2021-01-10,Nevada,057,99092,3214,2959,119,3078,17
2021-01-10,Orange,059,3164182,205557,193766,8345,202111,2104
2021-01-10,Placer,061,380077,17339,15779,801,16580,163
2021-01-10,Plumas,063,18699,553,477,9,486,2
2021-01-10,Riverside,065,2383286,234396,219486,11130,230616,2216
2021-01-10,Sacramento,067,1510023,77788,75394,842,76236,965
2021-01-10,San Benito,069,59416,4664,4434,44,4478,34
2021-01-10,San Bernardino,071,2135413,246494,232171,7048,239219,1736
2021-01-10,San Diego,073,3302833,209215,191886,9612,201498,1857
2021-01-10,San Francisco,075,870044,28173,27054,398,27452,238
2021-01-10,San Joaquin,077,732212,55208,52535,2173,54708,725
2021-01-10,San Luis Obispo,079,281455,15047,13968,368,14336,122
2021-01-10,San Mateo,081,765935,31831,28972,174,29146,206
2021-01-10,Santa Barbara,083,443738,24000,21290,700,21990,200
2021-01-10,Santa Clara,085,1922200,89271,83779,382,84161,858
2021-01-10,Santa Cruz,087,273765,12269,10951,526,11477,106
2021-01-10,Shasta,089,179085,9437,8936,917,9853,81
2021-01-10,Sierra,091,2930,39,32,7,39,0
2021-01-10,Siskiyou,093,43540,1189,1075,161,1236,3
2021-01-10,Solano,095,438530,24140,22621,258,22879,101
2021-01-10,Sonoma,097,501317,22920,21925,122,22047,204
2021-01-10,Stanislaus,099,539301,41257,38809,4035,42844,571
2021-01-10,Sutter,101,95872,7469,7133,56,7189,71
2021-01-10,Tehama,103,63373,3689,3504,389,3893,17
2021-01-10,Trinity,105,12862,409,253,55,308,2
2021-01-10,Tulare,107,460477,40357,38012,5178,43190,497
2021-01-10,Tuolumne,109,53932,3227,3143,26,3169,27
2021-01-10,Ventura,111,848112,57607,53095,2018,55113,319
2021-01-10,Yolo,113,214977,10444,9610,102,9712,129
2021-01-10,Yuba,115,75493,4567,4300,45,4345,27
2021-01-09,Alameda,001,1643700,64243,60125,1338,61463,649
2021-01-09,Alpine,003,1148,74,70,0,70,0
2021-01-09,Amador,005,37829,2958,2809,24,2833,24
2021-01-09,Butte,007,227075,9363,8552,1203,9755,118
2021-01-09,Calaveras,009,45235,1473,1425,7,1432,21
2021-01-09,Colusa,011,21464,1537,1468,144,1612,7
2021-01-09,Contra Costa,013,1133247,49916,46406,793,47199,393
2021-01-09,Del Norte,015,27424,841,802,2,804,2
2021-01-09,El Dorado,017,186661,7589,6800,453,7253,36
2021-01-09,Fresno,019,978130,81334,74816,5982,80798,773
2021-01-09,Glenn,021,27897,1876,1707,353,2060,9
2021-01-09,Humboldt,023,135768,2196,2026,7,2033,22
2021-01-09,Imperial,025,180216,25069,24028,2004,26032,448
2021-01-09,Inyo,027,18085,875,734,20,754,25
2021-01-09,Kern,029,883053,78153,73015,6809,79824,677
2021-01-09,Kings,031,150075,18638,17679,720,18399,108
2021-01-09,Lake,033,64148,2395,2144,0,2144,26
2021-01-09,Lassen,035,31185,4698,4613,69,4682,1
2021-01-09,Los Angeles,037,10098052,970857,887949,30552,918501,12011
2021-01-09,Madera,039,155013,12980,12063,605,12668,85
2021-01-09,Marin,041,260295,11176,10634,115,10749,154
2021-01-09,Mariposa,043,17540,316,287,3,290,3
2021-01-09,Mendocino,045,87422,2915,2664,39,2703,31
2021-01-09,Merced,047,269075,22692,21357,520,21877,237
2021-01-09,Modoc,049,8938,292,271,80,351,0
2021-01-09,Mono,051,14174,1035,964,11,975,3
2021-01-09,Monterey,053,433212,33951,31948,966,32914,235
2021-01-09,Napa,055,140530,7224,6594,26,6620,36
2021-01-09,Nevada,057,99092,3192,2932,116,3048,17
2021-01-09,Orange,059,3164182,204054,191004,8250,199254,2034
2021-01-09,Placer,061,380077,17241,15609,799,16408,162
2021-01-09,Plumas,063,18699,551,477,9,486,2
2021-01-09,Riverside,065,2383286,232676,216076,10992,227068,2201
2021-01-09,Sacramento,067,1510023,77263,74482,837,75319,953
2021-01-09,San Benito,069,59416,4615,4335,44,4379,34
2021-01-09,San Bernardino,071,2135413,245308,228857,6978,235835,1714
2021-01-09,San Diego,073,3302833,207520,188598,9494,198092,1824
2021-01-09,San Francisco,075,870044,27998,26708,355,27063,235
2021-01-09,San Joaquin,077,732212,54860,51927,2153,54080,724
2021-01-09,San Luis Obispo,079,281455,14923,13647,356,14003,121
2021-01-09,San Mateo,081,765935,31534,28512,167,28679,205
2021-01-09,Santa Barbara,083,443738,23792,20971,691,21662,197
2021-01-09,Santa Clara,085,1922200,88429,82269,370,82639,808
2021-01-09,Santa Cruz,087,273765,12173,10717,521,11238,107
2021-01-09,Shasta,089,179085,9404,8893,913,9806,81
2021-01-09,Sierra,091,2930,37,32,7,39,0
2021-01-09,Siskiyou,093,43540,1185,1062,157,1219,3
2021-01-09,Solano,095,438530,23984,22226,257,22483,101
2021-01-09,Sonoma,097,501317,22799,21393,122,21515,202
2021-01-09,Stanislaus,099,539301,40962,38403,3996,42399,567
2021-01-09,Sutter,101,95872,7433,7072,55,7127,69
2021-01-09,Tehama,103,63373,3659,3451,377,3828,15
2021-01-09,Trinity,105,12862,409,252,55,307,2
2021-01-09,Tulare,107,460477,40106,37684,5109,42793,496
2021-01-09,Tuolumne,109,53932,3219,3117,25,3142,26
2021-01-09,Ventura,111,848112,56778,51988,1992,53980,306
2021-01-09,Yolo,113,214977,10373,9524,99,9623,129
2021-01-09,Yuba,115,75493,4539,4265,45,4310,27
2021-01-08,Alameda,001,1643700,63691,59172,1327,60499,646
2021-01-08,Alpine,003,1148,74,70,0,70,0
2021-01-08,Amador,005,37829,2951,2792,24,2816,24
2021-01-08,Butte,007,227075,9303,8430,1188,9618,115
2021-01-08,Calaveras,009,45235,1460,1385,7,1392,21
2021-01-08,Colusa,011,21464,1524,1448,143,1591,7
2021-01-08,Contra Costa,013,1133247,49391,45667,789,46456,381
2021-01-08,Del Norte,015,27424,839,795,2,797,2
2021-01-08,El Dorado,017,186661,7519,6690,441,7131,36
2021-01-08,Fresno,019,978130,80520,73689,5920,79609,771
2021-01-08,Glenn,021,27897,1860,1680,349,2029,9
2021-01-08,Humboldt,023,135768,2172,1988,7,1995,22
2021-01-08,Imperial,025,180216,25003,23751,1989,25740,446
2021-01-08,Inyo,027,18085,861,682,20,702,24
2021-01-08,Kern,029,883053,77591,71978,6737,78715,674
2021-01-08,Kings,031,150075,18510,17441,715,18156,108
2021-01-08,Lake,033,64148,2370,2098,0,2098,26
2021-01-08,Lassen,035,31185,4690,4598,67,4665,1
2021-01-08,Los Angeles,037,10098052,960077,871188,30117,901305,11796
2021-01-08,Madera,039,155013,12829,11846,596,12442,85
2021-01-08,Marin,041,260295,11082,10531,114,10645,153
2021-01-08,Mariposa,043,17540,315,273,3,276,3
2021-01-08,Mendocino,045,87422,2896,2634,36,2670,31
2021-01-08,Merced,047,269075,22497,20862,514,21376,236
2021-01-08,Modoc,049,8938,292,266,80,346,0
2021-01-08,Mono,051,14174,1025,951,11,962,3
2021-01-08,Monterey,053,433212,33692,31543,956,32499,224
2021-01-08,Napa,055,140530,7154,6544,26,6570,32
2021-01-08,Nevada,057,99092,3170,2888,116,3004,17
2021-01-08,Orange,059,3164182,202060,186608,8163,194771,1991
2021-01-08,Placer,061,380077,17119,15401,792,16193,161
2021-01-08,Plumas,063,18699,545,465,9,474,2
2021-01-08,Riverside,065,2383286,230316,212122,10860,222982,2184
2021-01-08,Sacramento,067,1510023,76682,73245,831,74076,939
2021-01-08,San Benito,069,59416,4578,4225,43,4268,33
2021-01-08,San Bernardino,071,2135413,243421,224267,6907,231174,1703
2021-01-08,San Diego,073,3302833,204985,185060,9400,194460,1771
2021-01-08,San Francisco,075,870044,27749,26378,331,26709,207
2021-01-08,San Joaquin,077,732212,54525,50990,2123,53113,710
2021-01-08,San Luis Obispo,079,281455,14790,13286,343,13629,119
2021-01-08,San Mateo,081,765935,31185,28072,164,28236,204
2021-01-08,Santa Barbara,083,443738,23514,20461,682,21143,189
2021-01-08,Santa Clara,085,1922200,87406,80561,367,80928,789
2021-01-08,Santa Cruz,087,273765,12033,10486,512,10998,106
2021-01-08,Shasta,089,179085,9354,8772,898,9670,81
2021-01-08,Sierra,091,2930,37,31,7,38,0
2021-01-08,Siskiyou,093,43540,1182,1027,156,1183,3
2021-01-08,Solano,095,438530,23813,21832,254,22086,100
2021-01-08,Sonoma,097,501317,22659,21178,122,21300,201
2021-01-08,Stanislaus,099,539301,40666,37858,3959,41817,566
2021-01-08,Sutter,101,95872,7383,6982,55,7037,68
2021-01-08,Tehama,103,63373,3636,3406,372,3778,15
2021-01-08,Trinity,105,12862,409,247,55,302,2
2021-01-08,Tulare,107,460477,39836,36946,5004,41950,491
2021-01-08,Tuolumne,109,53932,3210,3099,25,3124,19
2021-01-08,Ventura,111,848112,55912,50553,1968,52521,294
2021-01-08,Yolo,113,214977,10284,9391,95,9486,129
2021-01-08,Yuba,115,75493,4497,4195,44,4239,26
2021-01-07,Alameda,001,1643700,62817,57921,1299,59220,632
2021-01-07,Alpine,003,1148,72,70,0,70,0
2021-01-07,Amador,005,37829,2938,2740,23,2763,24
2021-01-07,Butte,007,227075,9206,8278,1161,9439,112
2021-01-07,Calaveras,009,45235,1443,1342,6,1348,21
2021-01-07,Colusa,011,21464,1512,1420,136,1556,7
2021-01-07,Contra Costa,013,1133247,48612,44756,772,45528,376
2021-01-07,Del Norte,015,27424,837,791,2,793,2
2021-01-07,El Dorado,017,186661,7418,6545,429,6974,36
2021-01-07,Fresno,019,978130,79563,72557,5819,78376,765
2021-01-07,Glenn,021,27897,1844,1639,340,1979,9
2021-01-07,Humboldt,023,135768,2145,1954,7,1961,22
2021-01-07,Imperial,025,180216,24810,23608,1936,25544,431
2021-01-07,Inyo,027,18085,848,656,20,676,20
2021-01-07,Kern,029,883053,76736,70953,6585,77538,660
2021-01-07,Kings,031,150075,18382,17238,706,17944,108
2021-01-07,Lake,033,64148,2315,2054,0,2054,26
2021-01-07,Lassen,035,31185,4685,4581,65,4646,1
2021-01-07,Los Angeles,037,10098052,945206,853187,29570,882757,11480
2021-01-07,Madera,039,155013,12672,11644,585,12229,76
2021-01-07,Marin,041,260295,10990,10364,112,10476,153
2021-01-07,Mariposa,043,17540,313,264,3,267,3
2021-01-07,Mendocino,045,87422,2841,2585,32,2617,30
2021-01-07,Merced,047,269075,22176,20510,499,21009,234
2021-01-07,Modoc,049,8938,292,265,80,345,0
2021-01-07,Mono,051,14174,1014,905,11,916,3
2021-01-07,Monterey,053,433212,33168,30903,932,31835,222
2021-01-07,Napa,055,140530,7044,6408,26,6434,32
2021-01-07,Nevada,057,99092,3136,2847,111,2958,17
2021-01-07,Orange,059,3164182,199220,181922,8064,189986,1974
2021-01-07,Placer,061,380077,16943,15155,763,15918,144
2021-01-07,Plumas,063,18699,543,454,9,463,2
2021-01-07,Riverside,065,2383286,226962,208177,10703,218880,2156
2021-01-07,Sacramento,067,1510023,75777,72342,810,73152,919
2021-01-07,San Benito,069,59416,4516,4112,39,4151,33
2021-01-07,San Bernardino,071,2135413,239887,219691,6826,226517,1666
2021-01-07,San Diego,073,3302833,201679,180510,9222,189732,1738
2021-01-07,San Francisco,075,870044,27416,25885,316,26201,202
2021-01-07,San Joaquin,077,732212,53839,50156,2092,52248,689
2021-01-07,San Luis Obispo,079,281455,14551,12810,330,13140,118
2021-01-07,San Mateo,081,765935,30675,27494,160,27654,201
2021-01-07,Santa Barbara,083,443738,23095,19931,669,20600,187
2021-01-07,Santa Clara,085,1922200,86190,78808,363,79171,775
2021-01-07,Santa Cruz,087,273765,11824,10228,505,10733,104
2021-01-07,Shasta,089,179085,9267,8612,890,9502,81
2021-01-07,Sierra,091,2930,37,31,7,38,0
2021-01-07,Siskiyou,093,43540,1177,1010,154,1164,3
2021-01-07,Solano,095,438530,23421,21384,250,21634,100
2021-01-07,Sonoma,097,501317,22396,20857,121,20978,200
2021-01-07,Stanislaus,099,539301,40239,37296,3905,41201,553
2021-01-07,Sutter,101,95872,7323,6890,54,6944,65
2021-01-07,Tehama,103,63373,3612,3330,365,3695,15
2021-01-07,Trinity,105,12862,409,247,55,302,2
2021-01-07,Tulare,107,460477,39436,36397,4866,41263,482
2021-01-07,Tuolumne,109,53932,3190,3068,24,3092,14
2021-01-07,Ventura,111,848112,54751,49083,1940,51023,288
2021-01-07,Yolo,113,214977,10146,9207,93,9300,128
2021-01-07,Yuba,115,75493,4455,4128,44,4172,25
2021-01-06,Alameda,001,1643700,61965,57081,1269,58350,616
2021-01-06,Alpine,003,1148,72,70,0,70,0
2021-01-06,Amador,005,37829,2917,2717,22,2739,24
2021-01-06,Butte,007,227075,9093,8147,1143,9290,110
2021-01-06,Calaveras,009,45235,1419,1321,6,1327,21
2021-01-06,Colusa,011,21464,1491,1385,131,1516,7
2021-01-06,Contra Costa,013,1133247,47807,44054,755,44809,358
2021-01-06,Del Norte,015,27424,831,780,2,782,2
2021-01-06,El Dorado,017,186661,7306,6397,416,6813,35
2021-01-06,Fresno,019,978130,78721,71404,5715,77119,752
2021-01-06,Glenn,021,27897,1819,1622,335,1957,9
2021-01-06,Humboldt,023,135768,2119,1912,7,1919,22
2021-01-06,Imperial,025,180216,24560,23400,1894,25294,431
2021-01-06,Inyo,027,18085,832,630,20,650,20
2021-01-06,Kern,029,883053,75793,69893,6453,76346,646
2021-01-06,Kings,031,150075,18185,17019,686,17705,108
2021-01-06,Lake,033,64148,2277,2033,0,2033,26
2021-01-06,Lassen,035,31185,4673,4560,61,4621,1
2021-01-06,Los Angeles,037,10098052,929288,835052,28866,863918,11285
2021-01-06,Madera,039,155013,12536,11407,579,11986,67
2021-01-06,Marin,041,260295,10862,10282,111,10393,153
2021-01-06,Mariposa,043,17540,310,259,3,262,3
2021-01-06,Mendocino,045,87422,2811,2561,32,2593,30
2021-01-06,Merced,047,269075,21837,20258,483,20741,232
2021-01-06,Modoc,049,8938,292,263,80,343,0
2021-01-06,Mono,051,14174,983,905,11,916,3
2021-01-06,Monterey,053,433212,32575,30387,898,31285,222
2021-01-06,Napa,055,140530,6914,6342,26,6368,32
2021-01-06,Nevada,057,99092,3116,2805,110,2915,15
2021-01-06,Orange,059,3164182,195771,177686,7922,185608,1935
2021-01-06,Placer,061,380077,16758,14940,745,15685,134
2021-01-06,Plumas,063,18699,535,445,9,454,2
2021-01-06,Riverside,065,2383286,223000,203714,10513,214227,2121
2021-01-06,Sacramento,067,1510023,74755,71572,793,72365,909
2021-01-06,San Benito,069,59416,4439,4031,38,4069,32
2021-01-06,San Bernardino,071,2135413,236170,215286,6718,222004,1634
2021-01-06,San Diego,073,3302833,198181,176660,9053,185713,1691
2021-01-06,San Francisco,075,870044,27046,25424,307,25731,199
2021-01-06,San Joaquin,077,732212,53081,49286,2049,51335,673
2021-01-06,San Luis Obispo,079,281455,14158,12305,323,12628,115
2021-01-06,San Mateo,081,765935,30251,27050,157,27207,200
2021-01-06,Santa Barbara,083,443738,22613,19453,659,20112,177
2021-01-06,Santa Clara,085,1922200,84782,77485,356,77841,746
2021-01-06,Santa Cruz,087,273765,11606,9954,485,10439,97
2021-01-06,Shasta,089,179085,9196,8482,883,9365,78
2021-01-06,Sierra,091,2930,36,31,7,38,0
2021-01-06,Siskiyou,093,43540,1165,998,150,1148,3
2021-01-06,Solano,095,438530,23036,21102,247,21349,99
2021-01-06,Sonoma,097,501317,22091,20558,121,20679,196
2021-01-06,Stanislaus,099,539301,39642,36751,3843,40594,553
2021-01-06,Sutter,101,95872,7241,6839,53,6892,59
2021-01-06,Tehama,103,63373,3584,3306,359,3665,15
2021-01-06,Trinity,105,12862,409,246,55,301,2
2021-01-06,Tulare,107,460477,38878,35882,4767,40649,465
2021-01-06,Tuolumne,109,53932,3170,3008,24,3032,14
2021-01-06,Ventura,111,848112,53505,47428,1916,49344,280
2021-01-06,Yolo,113,214977,9984,9083,90,9173,127
2021-01-06,Yuba,115,75493,4406,4097,44,4141,25
2021-01-05,Alameda,001,1643700,60844,56432,1234,57666,602
2021-01-05,Alpine,003,1148,72,70,0,70,0
2021-01-05,Amador,005,37829,2877,2695,22,2717,24
2021-01-05,Butte,007,227075,8953,8008,1117,9125,107
2021-01-05,Calaveras,009,45235,1373,1292,6,1298,21
2021-01-05,Colusa,011,21464,1466,1376,125,1501,7
2021-01-05,Contra Costa,013,1133247,46926,43442,744,44186,353
2021-01-05,Del Norte,015,27424,824,770,2,772,2
2021-01-05,El Dorado,017,186661,7188,6270,395,6665,32
2021-01-05,Fresno,019,978130,77498,70971,5622,76593,741
2021-01-05,Glenn,021,27897,1794,1608,323,1931,9
2021-01-05,Humboldt,023,135768,2083,1884,7,1891,22
2021-01-05,Imperial,025,180216,24387,23165,1849,25014,421
2021-01-05,Inyo,027,18085,818,627,20,647,20
2021-01-05,Kern,029,883053,74717,68257,6313,74570,624
2021-01-05,Kings,031,150075,17986,16860,663,17523,108
2021-01-05,Lake,033,64148,2230,2015,0,2015,25
2021-01-05,Lassen,035,31185,4659,4554,57,4611,1
2021-01-05,Los Angeles,037,10098052,910592,823783,28191,851974,11028
2021-01-05,Madera,039,155013,12360,11359,566,11925,67
2021-01-05,Marin,041,260295,10709,10214,109,10323,151
2021-01-05,Mariposa,043,17540,304,257,3,260,3
2021-01-05,Mendocino,045,87422,2775,2501,32,2533,30
2021-01-05,Merced,047,269075,21486,20051,471,20522,230
2021-01-05,Modoc,049,8938,292,254,80,334,0
2021-01-05,Mono,051,14174,977,896,11,907,3
2021-01-05,Monterey,053,433212,32004,30045,863,30908,213
2021-01-05,Napa,055,140530,6827,6264,26,6290,29
2021-01-05,Nevada,057,99092,3088,2781,108,2889,15
2021-01-05,Orange,059,3164182,192129,174869,7725,182594,1918
2021-01-05,Placer,061,380077,16535,14723,722,15445,133
2021-01-05,Plumas,063,18699,528,428,9,437,2
2021-01-05,Riverside,065,2383286,218947,200439,10339,210778,2069
2021-01-05,Sacramento,067,1510023,73829,70677,766,71443,888
2021-01-05,San Benito,069,59416,4337,3961,36,3997,28
2021-01-05,San Bernardino,071,2135413,232234,212522,6603,219125,1615
2021-01-05,San Diego,073,3302833,194041,172845,8840,181685,1654
2021-01-05,San Francisco,075,870044,26682,24989,289,25278,196
2021-01-05,San Joaquin,077,732212,52204,48969,1998,50967,663
2021-01-05,San Luis Obispo,079,281455,13758,12027,313,12340,106
2021-01-05,San Mateo,081,765935,29766,26486,155,26641,198
2021-01-05,Santa Barbara,083,443738,22179,19063,648,19711,172
2021-01-05,Santa Clara,085,1922200,83244,76355,343,76698,729
2021-01-05,Santa Cruz,087,273765,11334,9753,460,10213,93
2021-01-05,Shasta,089,179085,9089,8345,864,9209,73
2021-01-05,Sierra,091,2930,36,31,7,38,0
2021-01-05,Siskiyou,093,43540,1153,985,148,1133,3
2021-01-05,Solano,095,438530,22630,20860,242,21102,97
2021-01-05,Sonoma,097,501317,21726,20247,120,20367,194
2021-01-05,Stanislaus,099,539301,39099,36363,3795,40158,553
2021-01-05,Sutter,101,95872,7143,6769,52,6821,59
2021-01-05,Tehama,103,63373,3527,3255,354,3609,9
2021-01-05,Trinity,105,12862,409,246,55,301,2
2021-01-05,Tulare,107,460477,38257,35585,4619,40204,455
2021-01-05,Tuolumne,109,53932,3146,2996,19,3015,13
2021-01-05,Ventura,111,848112,52257,46456,1894,48350,264
2021-01-05,Yolo,113,214977,9808,8980,89,9069,127
2021-01-05,Yuba,115,75493,4348,4053,43,4096,21
2021-01-04,Alameda,001,1643700,59605,55899,1202,57101,583
2021-01-04,Alpine,003,1148,72,68,0,68,0
2021-01-04,Amador,005,37829,2837,2596,22,2618,24
2021-01-04,Butte,007,227075,8794,7893,1093,8986,105
2021-01-04,Calaveras,009,45235,1332,1276,5,1281,21
2021-01-04,Colusa,011,21464,1441,1368,111,1479,7
2021-01-04,Contra Costa,013,1133247,46077,43019,719,43738,353
2021-01-04,Del Norte,015,27424,815,770,2,772,2
2021-01-04,El Dorado,017,186661,7055,6152,379,6531,27
2021-01-04,Fresno,019,978130,76231,69871,5525,75396,726
2021-01-04,Glenn,021,27897,1763,1590,315,1905,9
2021-01-04,Humboldt,023,135768,2047,1845,7,1852,22
2021-01-04,Imperial,025,180216,24234,23035,1795,24830,420
2021-01-04,Inyo,027,18085,791,623,18,641,20
2021-01-04,Kern,029,883053,73635,67418,6110,73528,623
2021-01-04,Kings,031,150075,17710,16801,637,17438,108
2021-01-04,Lake,033,64148,2189,1984,0,1984,25
2021-01-04,Lassen,035,31185,4637,4550,56,4606,1
2021-01-04,Los Angeles,037,10098052,890521,813022,27311,840333,10790
2021-01-04,Madera,039,155013,12140,11204,544,11748,67
2021-01-04,Marin,041,260295,10573,10115,106,10221,151
2021-01-04,Mariposa,043,17540,298,253,3,256,3
2021-01-04,Mendocino,045,87422,2735,2460,28,2488,28
2021-01-04,Merced,047,269075,21072,19804,452,20256,230
2021-01-04,Modoc,049,8938,276,250,78,328,0
2021-01-04,Mono,051,14174,966,895,11,906,3
2021-01-04,Monterey,053,433212,31362,29659,840,30499,212
2021-01-04,Napa,055,140530,6686,6187,26,6213,29
2021-01-04,Nevada,057,99092,3050,2765,103,2868,15
2021-01-04,Orange,059,3164182,188244,172458,7595,180053,1918
2021-01-04,Placer,061,380077,16277,14622,709,15331,133
2021-01-04,Plumas,063,18699,518,419,9,428,1
2021-01-04,Riverside,065,2383286,214474,196809,10148,206957,2066
2021-01-04,Sacramento,067,1510023,72767,70164,754,70918,870
2021-01-04,San Benito,069,59416,4225,3914,36,3950,28
2021-01-04,San Bernardino,071,2135413,228010,210868,6447,217315,1615
2021-01-04,San Diego,073,3302833,189467,171031,8645,179676,1598
2021-01-04,San Francisco,075,870044,26299,24753,283,25036,191
2021-01-04,San Joaquin,077,732212,51306,48644,1955,50599,661
2021-01-04,San Luis Obispo,079,281455,13271,11945,305,12250,96
2021-01-04,San Mateo,081,765935,29204,26150,150,26300,198
2021-01-04,Santa Barbara,083,443738,21663,18735,616,19351,165
2021-01-04,Santa Clara,085,1922200,81494,75297,335,75632,727
2021-01-04,Santa Cruz,087,273765,11047,9680,443,10123,85
2021-01-04,Shasta,089,179085,8984,8224,847,9071,72
2021-01-04,Sierra,091,2930,35,30,7,37,0
2021-01-04,Siskiyou,093,43540,1136,980,145,1125,3
2021-01-04,Solano,095,438530,22127,20588,235,20823,97
2021-01-04,Sonoma,097,501317,21382,20210,118,20328,194
2021-01-04,Stanislaus,099,539301,38535,36141,3740,39881,553
2021-01-04,Sutter,101,95872,7045,6712,51,6763,56
2021-01-04,Tehama,103,63373,3454,3190,348,3538,9
2021-01-04,Trinity,105,12862,406,245,55,300,2
2021-01-04,Tulare,107,460477,37699,35060,4516,39576,455
2021-01-04,Tuolumne,109,53932,3121,2987,19,3006,13
2021-01-04,Ventura,111,848112,50757,45014,1874,46888,255
2021-01-04,Yolo,113,214977,9611,8834,83,8917,121
2021-01-04,Yuba,115,75493,4290,4023,43,4066,21
2021-01-03,Alameda,001,1643700,58353,55082,1173,56255,580
2021-01-03,Alpine,003,1148,70,68,0,68,0
2021-01-03,Amador,005,37829,2773,2565,22,2587,24
2021-01-03,Butte,007,227075,8602,7837,1040,8877,105
2021-01-03,Calaveras,009,45235,1295,1249,3,1252,21
2021-01-03,Colusa,011,21464,1412,1337,105,1442,7
2021-01-03,Contra Costa,013,1133247,45187,42432,695,43127,352
2021-01-03,Del Norte,015,27424,802,768,2,770,2
2021-01-03,El Dorado,017,186661,6927,6034,362,6396,27
2021-01-03,Fresno,019,978130,75080,69326,5405,74731,719
2021-01-03,Glenn,021,27897,1737,1581,305,1886,9
2021-01-03,Humboldt,023,135768,2010,1833,7,1840,21
2021-01-03,Imperial,025,180216,23981,22951,1712,24663,419
2021-01-03,Inyo,027,18085,774,615,18,633,20
2021-01-03,Kern,029,883053,72378,66895,5929,72824,609
2021-01-03,Kings,031,150075,17436,16593,606,17199,108
2021-01-03,Lake,033,64148,2136,1976,0,1976,24
2021-01-03,Lassen,035,31185,4604,4531,55,4586,1
2021-01-03,Los Angeles,037,10098052,868571,792168,26236,818404,10633
2021-01-03,Madera,039,155013,11916,11152,521,11673,67
2021-01-03,Marin,041,260295,10424,10034,101,10135,150
2021-01-03,Mariposa,043,17540,291,248,3,251,3
2021-01-03,Mendocino,045,87422,2695,2445,27,2472,24
2021-01-03,Merced,047,269075,20604,19600,426,20026,230
2021-01-03,Modoc,049,8938,272,245,77,322,0
2021-01-03,Mono,051,14174,941,893,11,904,3
2021-01-03,Monterey,053,433212,30768,29357,807,30164,191
2021-01-03,Napa,055,140530,6585,6094,26,6120,29
2021-01-03,Nevada,057,99092,2988,2742,100,2842,15
2021-01-03,Orange,059,3164182,184061,169881,7402,177283,1919
2021-01-03,Placer,061,380077,16029,14319,685,15004,133
2021-01-03,Plumas,063,18699,505,416,9,425,1
2021-01-03,Riverside,065,2383286,209679,195048,9899,204947,2005
2021-01-03,Sacramento,067,1510023,71561,68558,733,69291,859
2021-01-03,San Benito,069,59416,4127,3882,35,3917,28
2021-01-03,San Bernardino,071,2135413,222754,208294,6271,214565,1592
2021-01-03,San Diego,073,3302833,184207,168018,8421,176439,1592
2021-01-03,San Francisco,075,870044,25802,24588,266,24854,193
2021-01-03,San Joaquin,077,732212,50183,47899,1896,49795,661
2021-01-03,San Luis Obispo,079,281455,12801,11636,296,11932,95
2021-01-03,San Mateo,081,765935,28611,25770,144,25914,196
2021-01-03,Santa Barbara,083,443738,20945,18267,599,18866,164
2021-01-03,Santa Clara,085,1922200,79943,74534,329,74863,720
2021-01-03,Santa Cruz,087,273765,10745,9528,424,9952,84
2021-01-03,Shasta,089,179085,8858,8192,806,8998,72
2021-01-03,Sierra,091,2930,35,30,7,37,0
2021-01-03,Siskiyou,093,43540,1103,976,136,1112,3
2021-01-03,Solano,095,438530,21595,20105,229,20334,97
2021-01-03,Sonoma,097,501317,20990,19982,114,20096,193
2021-01-03,Stanislaus,099,539301,37846,35762,3658,39420,553
2021-01-03,Sutter,101,95872,6948,6664,50,6714,53
2021-01-03,Tehama,103,63373,3396,3176,340,3516,9
2021-01-03,Trinity,105,12862,403,243,53,296,2
2021-01-03,Tulare,107,460477,37138,34747,4366,39113,455
2021-01-03,Tuolumne,109,53932,3060,2978,16,2994,13
2021-01-03,Ventura,111,848112,48933,43748,1856,45604,254
2021-01-03,Yolo,113,214977,9453,8674,79,8753,121
2021-01-03,Yuba,115,75493,4236,3966,42,4008,20
2021-01-02,Alameda,001,1643700,57725,54518,1144,55662,581
2021-01-02,Alpine,003,1148,70,68,0,68,0
2021-01-02,Amador,005,37829,2754,2540,22,2562,24
2021-01-02,Butte,007,227075,8495,7750,1020,8770,105
2021-01-02,Calaveras,009,45235,1275,1230,3,1233,21
2021-01-02,Colusa,011,21464,1402,1332,104,1436,7
2021-01-02,Contra Costa,013,1133247,44666,41993,683,42676,352
2021-01-02,Del Norte,015,27424,800,764,2,766,2
2021-01-02,El Dorado,017,186661,6872,5959,358,6317,27
2021-01-02,Fresno,019,978130,74538,68740,5294,74034,717
2021-01-02,Glenn,021,27897,1722,1546,303,1849,9
2021-01-02,Humboldt,023,135768,1983,1815,7,1822,21
2021-01-02,Imperial,025,180216,23900,22867,1675,24542,420
2021-01-02,Inyo,027,18085,761,609,18,627,20
2021-01-02,Kern,029,883053,71659,66457,5817,72274,610
2021-01-02,Kings,031,150075,17342,16515,602,17117,108
2021-01-02,Lake,033,64148,2098,1925,0,1925,24
2021-01-02,Lassen,035,31185,4593,4457,54,4511,1
2021-01-02,Los Angeles,037,10098052,860234,791892,25533,817425,10633
2021-01-02,Madera,039,155013,11805,11039,510,11549,67
2021-01-02,Marin,041,260295,10379,9924,96,10020,151
2021-01-02,Mariposa,043,17540,284,243,3,246,3
2021-01-02,Mendocino,045,87422,2652,2428,26,2454,24
2021-01-02,Merced,047,269075,20463,19395,410,19805,230
2021-01-02,Modoc,049,8938,271,245,77,322,0
2021-01-02,Mono,051,14174,931,884,11,895,3
2021-01-02,Monterey,053,433212,30562,28991,796,29787,191
2021-01-02,Napa,055,140530,6526,5994,26,6020,29
2021-01-02,Nevada,057,99092,2959,2706,96,2802,15
2021-01-02,Orange,059,3164182,181858,168457,7252,175709,1918
2021-01-02,Placer,061,380077,15856,14182,675,14857,133
2021-01-02,Plumas,063,18699,502,413,9,422,1
2021-01-02,Riverside,065,2383286,207081,192069,9675,201744,2008
2021-01-02,Sacramento,067,1510023,70921,67810,717,68527,858
2021-01-02,San Benito,069,59416,4046,3829,35,3864,28
2021-01-02,San Bernardino,071,2135413,221138,206939,6145,213084,1597
2021-01-02,San Diego,073,3302833,181608,164498,8228,172726,1592
2021-01-02,San Francisco,075,870044,25543,24414,259,24673,194
2021-01-02,San Joaquin,077,732212,49807,47310,1866,49176,662
2021-01-02,San Luis Obispo,079,281455,12665,11467,290,11757,95
2021-01-02,San Mateo,081,765935,28275,25483,136,25619,196
2021-01-02,Santa Barbara,083,443738,20660,18135,596,18731,164
2021-01-02,Santa Clara,085,1922200,78778,73662,322,73984,720
2021-01-02,Santa Cruz,087,273765,10590,9340,415,9755,85
2021-01-02,Shasta,089,179085,8791,8154,795,8949,72
2021-01-02,Sierra,091,2930,35,28,7,35,0
2021-01-02,Siskiyou,093,43540,1092,949,134,1083,3
2021-01-02,Solano,095,438530,21399,19805,219,20024,97
2021-01-02,Sonoma,097,501317,20824,19761,114,19875,194
2021-01-02,Stanislaus,099,539301,37529,35431,3593,39024,553
2021-01-02,Sutter,101,95872,6894,6621,50,6671,53
2021-01-02,Tehama,103,63373,3371,3146,336,3482,9
2021-01-02,Trinity,105,12862,400,243,53,296,2
2021-01-02,Tulare,107,460477,36822,34479,4290,38769,455
2021-01-02,Tuolumne,109,53932,3046,2942,14,2956,13
2021-01-02,Ventura,111,848112,47782,43397,1821,45218,254
2021-01-02,Yolo,113,214977,9358,8571,77,8648,122
2021-01-02,Yuba,115,75493,4199,3930,41,3971,21
2021-01-01,Alameda,001,1643700,57065,53518,1125,54643,579
2021-01-01,Alpine,003,1148,70,68,0,68,0
2021-01-01,Amador,005,37829,2728,2513,20,2533,24
2021-01-01,Butte,007,227075,8394,7589,995,8584,105
2021-01-01,Calaveras,009,45235,1260,1186,3,1189,21
2021-01-01,Colusa,011,21464,1393,1314,102,1416,7
2021-01-01,Contra Costa,013,1133247,44186,41412,663,42075,351
2021-01-01,Del Norte,015,27424,794,758,2,760,2
2021-01-01,El Dorado,017,186661,6780,5832,350,6182,27
2021-01-01,Fresno,019,978130,73466,67484,5208,72692,717
2021-01-01,Glenn,021,27897,1706,1520,300,1820,9
2021-01-01,Humboldt,023,135768,1944,1783,7,1790,21
2021-01-01,Imperial,025,180216,23814,22715,1623,24338,418
2021-01-01,Inyo,027,18085,737,606,18,624,20
2021-01-01,Kern,029,883053,70834,65571,5707,71278,609
2021-01-01,Kings,031,150075,17159,16358,595,16953,108
2021-01-01,Lake,033,64148,2067,1888,0,1888,24
2021-01-01,Lassen,035,31185,4587,4377,54,4431,1
2021-01-01,Los Angeles,037,10098052,846081,775578,24827,800405,10515
2021-01-01,Madera,039,155013,11645,10752,501,11253,66
2021-01-01,Marin,041,260295,10272,9821,95,9916,148
2021-01-01,Mariposa,043,17540,276,236,3,239,3
2021-01-01,Mendocino,045,87422,2598,2400,26,2426,24
2021-01-01,Merced,047,269075,20279,19118,394,19512,229
2021-01-01,Modoc,049,8938,271,241,77,318,0
2021-01-01,Mono,051,14174,913,884,11,895,3
2021-01-01,Monterey,053,433212,30330,28465,788,29253,191
2021-01-01,Napa,055,140530,6440,5899,26,5925,28
2021-01-01,Nevada,057,99092,2935,2663,96,2759,15
2021-01-01,Orange,059,3164182,179066,165440,7106,172546,1893
2021-01-01,Placer,061,380077,15672,13987,658,14645,133
2021-01-01,Plumas,063,18699,497,412,9,421,1
2021-01-01,Riverside,065,2383286,203950,188674,9415,198089,1990
2021-01-01,Sacramento,067,1510023,70323,66956,699,67655,848
2021-01-01,San Benito,069,59416,4008,3773,35,3808,28
2021-01-01,San Bernardino,071,2135413,218325,203651,6013,209664,1590
2021-01-01,San Diego,073,3302833,178534,160071,8051,168122,1592
2021-01-01,San Francisco,075,870044,25266,24145,248,24393,187
2021-01-01,San Joaquin,077,732212,49521,46640,1820,48460,657
2021-01-01,San Luis Obispo,079,281455,12437,11160,282,11442,94
2021-01-01,San Mateo,081,765935,27827,25041,132,25173,194
2021-01-01,Santa Barbara,083,443738,20341,17759,585,18344,164
2021-01-01,Santa Clara,085,1922200,77514,71904,317,72221,680
2021-01-01,Santa Cruz,087,273765,10410,9146,405,9551,84
2021-01-01,Shasta,089,179085,8710,8102,778,8880,72
2021-01-01,Sierra,091,2930,35,26,7,33,0
2021-01-01,Siskiyou,093,43540,1078,944,129,1073,3
2021-01-01,Solano,095,438530,21187,19393,217,19610,97
2021-01-01,Sonoma,097,501317,20634,19513,114,19627,189
2021-01-01,Stanislaus,099,539301,37252,34978,3525,38503,553
2021-01-01,Sutter,101,95872,6837,6553,49,6602,52
2021-01-01,Tehama,103,63373,3312,3079,329,3408,9
2021-01-01,Trinity,105,12862,400,243,53,296,2
2021-01-01,Tulare,107,460477,36418,33994,4195,38189,454
2021-01-01,Tuolumne,109,53932,3030,2909,14,2923,13
2021-01-01,Ventura,111,848112,46289,42026,1793,43819,253
2021-01-01,Yolo,113,214977,9248,8461,74,8535,120
2021-01-01,Yuba,115,75493,4145,3845,40,3885,19
2020-12-31,Alameda,001,1643700,56524,52475,1090,53565,579
2020-12-31,Alpine,003,1148,70,66,0,66,0
2020-12-31,Amador,005,37829,2714,2493,20,2513,24
2020-12-31,Butte,007,227075,8320,7405,976,8381,105
2020-12-31,Calaveras,009,45235,1249,1161,3,1164,21
2020-12-31,Colusa,011,21464,1385,1301,99,1400,7
2020-12-31,Contra Costa,013,1133247,43809,40512,648,41160,336
2020-12-31,Del Norte,015,27424,793,748,2,750,2
2020-12-31,El Dorado,017,186661,6728,5662,341,6003,26
2020-12-31,Fresno,019,978130,73035,66442,5144,71586,711
2020-12-31,Glenn,021,27897,1686,1484,295,1779,9
2020-12-31,Humboldt,023,135768,1927,1713,7,1720,21
2020-12-31,Imperial,025,180216,23750,22494,1607,24101,417
2020-12-31,Inyo,027,18085,729,591,18,609,20
2020-12-31,Kern,029,883053,70365,64904,5615,70519,609
2020-12-31,Kings,031,150075,17084,16077,587,16664,108
2020-12-31,Lake,033,64148,2055,1848,0,1848,23
2020-12-31,Lassen,035,31185,4581,4340,53,4393,1
2020-12-31,Los Angeles,037,10098052,840774,755844,24356,780200,10320
2020-12-31,Madera,039,155013,11572,10609,492,11101,64
2020-12-31,Marin,041,260295,10230,9731,93,9824,148
2020-12-31,Mariposa,043,17540,274,217,3,220,3
2020-12-31,Mendocino,045,87422,2583,2367,22,2389,24
2020-12-31,Merced,047,269075,20189,18808,384,19192,226
2020-12-31,Modoc,049,8938,271,238,77,315,0
2020-12-31,Mono,051,14174,906,868,11,879,3
2020-12-31,Monterey,053,433212,30127,27720,776,28496,188
2020-12-31,Napa,055,140530,6377,5801,26,5827,28
2020-12-31,Nevada,057,99092,2912,2619,94,2713,15
2020-12-31,Orange,059,3164182,177183,161586,6973,168559,1866
2020-12-31,Placer,061,380077,15516,13708,655,14363,126
2020-12-31,Plumas,063,18699,492,401,8,409,1
2020-12-31,Riverside,065,2383286,202317,184193,9282,193475,1958
2020-12-31,Sacramento,067,1510023,69803,65817,688,66505,830
2020-12-31,San Benito,069,59416,3985,3673,35,3708,28
2020-12-31,San Bernardino,071,2135413,216746,199115,5944,205059,1586
2020-12-31,San Diego,073,3302833,176770,155593,7953,163546,1534
2020-12-31,San Francisco,075,870044,25039,23740,240,23980,183
2020-12-31,San Joaquin,077,732212,49211,45764,1782,47546,646
2020-12-31,San Luis Obispo,079,281455,12323,10846,282,11128,89
2020-12-31,San Mateo,081,765935,27498,24570,126,24696,192
2020-12-31,Santa Barbara,083,443738,20098,17434,578,18012,161
2020-12-31,Santa Clara,085,1922200,76736,70032,311,70343,665
2020-12-31,Santa Cruz,087,273765,10293,8909,393,9302,84
2020-12-31,Shasta,089,179085,8644,7996,768,8764,69
2020-12-31,Sierra,091,2930,35,26,7,33,0
2020-12-31,Siskiyou,093,43540,1062,940,126,1066,3
2020-12-31,Solano,095,438530,20958,18942,216,19158,97
2020-12-31,Sonoma,097,501317,20518,19129,113,19242,188
2020-12-31,Stanislaus,099,539301,36953,34398,3472,37870,552
2020-12-31,Sutter,101,95872,6807,6432,49,6481,51
2020-12-31,Tehama,103,63373,3280,3036,328,3364,9
2020-12-31,Trinity,105,12862,399,241,53,294,2
2020-12-31,Tulare,107,460477,36250,33412,4133,37545,446
2020-12-31,Tuolumne,109,53932,3021,2902,14,2916,12
2020-12-31,Ventura,111,848112,45779,40854,1776,42630,251
2020-12-31,Yolo,113,214977,9163,8295,73,8368,117
2020-12-31,Yuba,115,75493,4104,3799,39,3838,18
2020-12-30,Alameda,001,1643700,55760,50158,1039,51197,573
2020-12-30,Alpine,003,1148,70,66,0,66,0
2020-12-30,Amador,005,37829,2694,2418,19,2437,24
2020-12-30,Butte,007,227075,8160,7140,959,8099,103
2020-12-30,Calaveras,009,45235,1224,1135,3,1138,21
2020-12-30,Colusa,011,21464,1369,1289,93,1382,7
2020-12-30,Contra Costa,013,1133247,43226,39601,636,40237,337
2020-12-30,Del Norte,015,27424,788,726,2,728,2
2020-12-30,El Dorado,017,186661,6627,5595,331,5926,27
2020-12-30,Fresno,019,978130,72190,65566,4984,70550,711
2020-12-30,Glenn,021,27897,1657,1471,282,1753,9
2020-12-30,Humboldt,023,135768,1893,1654,7,1661,22
2020-12-30,Imperial,025,180216,23583,22098,1531,23629,412
2020-12-30,Inyo,027,18085,722,572,18,590,20
2020-12-30,Kern,029,883053,69638,63292,5470,68762,604
2020-12-30,Kings,031,150075,16965,15862,579,16441,108
2020-12-30,Lake,033,64148,2032,1731,0,1731,23
2020-12-30,Lassen,035,31185,4572,4300,53,4353,1
2020-12-30,Los Angeles,037,10098052,829904,741907,23654,765561,10046
2020-12-30,Madera,039,155013,11462,10249,481,10730,65
2020-12-30,Marin,041,260295,10141,9569,86,9655,148
2020-12-30,Mariposa,043,17540,270,214,3,217,3
2020-12-30,Mendocino,045,87422,2565,2291,19,2310,24
2020-12-30,Merced,047,269075,19898,18519,374,18893,225
2020-12-30,Modoc,049,8938,268,234,77,311,0
2020-12-30,Mono,051,14174,903,868,11,879,3
2020-12-30,Monterey,053,433212,29510,26977,755,27732,186
2020-12-30,Napa,055,140530,6271,5754,26,5780,28
2020-12-30,Nevada,057,99092,2877,2595,92,2687,15
2020-12-30,Orange,059,3164182,174522,153951,6782,160733,1863
2020-12-30,Placer,061,380077,15288,13540,643,14183,127
2020-12-30,Plumas,063,18699,487,397,8,405,1
2020-12-30,Riverside,065,2383286,199370,176402,9098,185500,1919
2020-12-30,Sacramento,067,1510023,68939,64119,670,64789,847
2020-12-30,San Benito,069,59416,3904,3464,31,3495,29
2020-12-30,San Bernardino,071,2135413,214178,192648,5858,198506,1591
2020-12-30,San Diego,073,3302833,173134,152510,7781,160291,1472
2020-12-30,San Francisco,075,870044,24746,23099,235,23334,182
2020-12-30,San Joaquin,077,732212,48521,44465,1740,46205,634
2020-12-30,San Luis Obispo,079,281455,12055,10542,274,10816,89
2020-12-30,San Mateo,081,765935,27068,24150,122,24272,190
2020-12-30,Santa Barbara,083,443738,19707,16895,554,17449,161
2020-12-30,Santa Clara,085,1922200,75476,67218,307,67525,661
2020-12-30,Santa Cruz,087,273765,10096,8787,384,9171,86
2020-12-30,Shasta,089,179085,8531,7818,754,8572,69
2020-12-30,Sierra,091,2930,35,25,7,32,0
2020-12-30,Siskiyou,093,43540,1055,913,117,1030,3
2020-12-30,Solano,095,438530,20566,18300,213,18513,96
2020-12-30,Sonoma,097,501317,20260,18947,113,19060,191
2020-12-30,Stanislaus,099,539301,36476,33730,3398,37128,526
2020-12-30,Sutter,101,95872,6744,6328,47,6375,51
2020-12-30,Tehama,103,63373,3236,2969,324,3293,9
2020-12-30,Trinity,105,12862,398,231,52,283,2
2020-12-30,Tulare,107,460477,35698,32413,4068,36481,430
2020-12-30,Tuolumne,109,53932,3010,2772,12,2784,12
2020-12-30,Ventura,111,848112,44491,39039,1752,40791,251
2020-12-30,Yolo,113,214977,9055,8067,71,8138,117
2020-12-30,Yuba,115,75493,4033,3612,39,3651,18
2020-12-29,Alameda,001,1643700,54698,50946,1004,51950,552
2020-12-29,Alpine,003,1148,70,65,0,65,0
2020-12-29,Amador,005,37829,2642,2388,18,2406,23
2020-12-29,Butte,007,227075,7987,7178,937,8115,98
2020-12-29,Calaveras,009,45235,1179,1111,2,1113,21
2020-12-29,Colusa,011,21464,1348,1272,88,1360,7
2020-12-29,Contra Costa,013,1133247,42422,39225,605,39830,325
2020-12-29,Del Norte,015,27424,781,724,2,726,2
2020-12-29,El Dorado,017,186661,6498,5551,317,5868,22
2020-12-29,Fresno,019,978130,70814,65149,4827,69976,688
2020-12-29,Glenn,021,27897,1623,1454,275,1729,9
2020-12-29,Humboldt,023,135768,1847,1616,7,1623,19
2020-12-29,Imperial,025,180216,23375,22105,1442,23547,407
2020-12-29,Inyo,027,18085,705,571,18,589,19
2020-12-29,Kern,029,883053,68477,63096,5293,68389,589
2020-12-29,Kings,031,150075,16796,15777,567,16344,108
2020-12-29,Lake,033,64148,2000,1805,0,1805,22
2020-12-29,Lassen,035,31185,4557,4288,53,4341,1
2020-12-29,Los Angeles,037,10098052,809739,731907,22785,754692,9786
2020-12-29,Madera,039,155013,11148,10251,466,10717,64
2020-12-29,Marin,041,260295,9990,9595,83,9678,146
2020-12-29,Mariposa,043,17540,262,212,3,215,3
2020-12-29,Mendocino,045,87422,2522,2249,18,2267,24
2020-12-29,Merced,047,269075,19547,18464,358,18822,221
2020-12-29,Modoc,049,8938,265,232,77,309,0
2020-12-29,Mono,051,14174,894,868,11,879,3
2020-12-29,Monterey,053,433212,28871,26894,727,27621,185
2020-12-29,Napa,055,140530,6151,5663,26,5689,28
2020-12-29,Nevada,057,99092,2829,2550,91,2641,15
2020-12-29,Orange,059,3164182,170730,154411,6613,161024,1839
2020-12-29,Placer,061,380077,15077,13392,621,14013,126
2020-12-29,Plumas,063,18699,478,395,8,403,1
2020-12-29,Riverside,065,2383286,194772,177624,8843,186467,1904
2020-12-29,Sacramento,067,1510023,67893,65078,656,65734,820
2020-12-29,San Benito,069,59416,3785,3474,30,3504,25
2020-12-29,San Bernardino,071,2135413,209358,190476,5720,196196,1557
2020-12-29,San Diego,073,3302833,168910,150062,7551,157613,1435
2020-12-29,San Francisco,075,870044,24406,22996,227,23223,178
2020-12-29,San Joaquin,077,732212,47600,44699,1683,46382,622
2020-12-29,San Luis Obispo,079,281455,11760,10387,266,10653,80
2020-12-29,San Mateo,081,765935,26524,23773,110,23883,189
2020-12-29,Santa Barbara,083,443738,19246,16797,528,17325,155
2020-12-29,Santa Clara,085,1922200,73924,67581,304,67885,621
2020-12-29,Santa Cruz,087,273765,9826,8492,375,8867,84
2020-12-29,Shasta,089,179085,8426,7782,739,8521,65
2020-12-29,Sierra,091,2930,33,24,6,30,0
2020-12-29,Siskiyou,093,43540,1040,926,115,1041,3
2020-12-29,Solano,095,438530,20183,18412,208,18620,96
2020-12-29,Sonoma,097,501317,19924,18790,111,18901,187
2020-12-29,Stanislaus,099,539301,35974,33775,3335,37110,508
2020-12-29,Sutter,101,95872,6676,6302,47,6349,50
2020-12-29,Tehama,103,63373,3167,2962,310,3272,9
2020-12-29,Trinity,105,12862,397,241,52,293,2
2020-12-29,Tulare,107,460477,35036,32545,3934,36479,419
2020-12-29,Tuolumne,109,53932,2969,2797,12,2809,12
2020-12-29,Ventura,111,848112,43238,38669,1726,40395,235
2020-12-29,Yolo,113,214977,8926,8124,69,8193,111
2020-12-29,Yuba,115,75493,3951,3723,39,3762,18
2020-12-28,Alameda,001,1643700,53663,50405,983,51388,551
2020-12-28,Alpine,003,1148,69,65,0,65,0
2020-12-28,Amador,005,37829,2572,2255,18,2273,23
2020-12-28,Butte,007,227075,7820,7053,907,7960,86
2020-12-28,Calaveras,009,45235,1156,1102,2,1104,21
2020-12-28,Colusa,011,21464,1323,1255,74,1329,7
2020-12-28,Contra Costa,013,1133247,41488,38872,578,39450,324
2020-12-28,Del Norte,015,27424,771,718,2,720,2
2020-12-28,El Dorado,017,186661,6342,5441,305,5746,18
2020-12-28,Fresno,019,978130,69542,64274,4674,68948,679
2020-12-28,Glenn,021,27897,1589,1435,263,1698,9
2020-12-28,Humboldt,023,135768,1812,1579,7,1586,19
2020-12-28,Imperial,025,180216,23116,22003,1366,23369,405
2020-12-28,Inyo,027,18085,698,569,18,587,19
2020-12-28,Kern,029,883053,67411,62392,5090,67482,579
2020-12-28,Kings,031,150075,16579,15733,550,16283,108
2020-12-28,Lake,033,64148,1959,1785,0,1785,22
2020-12-28,Lassen,035,31185,4450,4284,52,4336,1
2020-12-28,Los Angeles,037,10098052,787424,720699,21964,742663,9544
2020-12-28,Madera,039,155013,10974,10123,443,10566,64
2020-12-28,Marin,041,260295,9882,9546,77,9623,145
2020-12-28,Mariposa,043,17540,238,211,3,214,3
2020-12-28,Mendocino,045,87422,2487,2214,18,2232,23
2020-12-28,Merced,047,269075,19227,18245,340,18585,213
2020-12-28,Modoc,049,8938,260,220,76,296,0
2020-12-28,Mono,051,14174,890,848,11,859,3
2020-12-28,Monterey,053,433212,28032,26529,716,27245,182
2020-12-28,Napa,055,140530,6042,5576,26,5602,26
2020-12-28,Nevada,057,99092,2781,2532,87,2619,15
2020-12-28,Orange,059,3164182,166624,152089,6435,158524,1839
2020-12-28,Placer,061,380077,14738,13234,594,13828,126
2020-12-28,Plumas,063,18699,474,391,8,399,0
2020-12-28,Riverside,065,2383286,189883,174029,8548,182577,1855
2020-12-28,Sacramento,067,1510023,66661,64322,631,64953,813
2020-12-28,San Benito,069,59416,3716,3429,29,3458,24
2020-12-28,San Bernardino,071,2135413,204261,188919,5603,194522,1552
2020-12-28,San Diego,073,3302833,164166,147528,7369,154897,1404
2020-12-28,San Francisco,075,870044,24046,22726,221,22947,178
2020-12-28,San Joaquin,077,732212,46667,44172,1651,45823,618
2020-12-28,San Luis Obispo,079,281455,11409,10260,262,10522,76
2020-12-28,San Mateo,081,765935,26050,23467,107,23574,189
2020-12-28,Santa Barbara,083,443738,18786,16579,516,17095,155
2020-12-28,Santa Clara,085,1922200,72439,66418,297,66715,619
2020-12-28,Santa Cruz,087,273765,9558,8310,365,8675,81
2020-12-28,Shasta,089,179085,8307,7688,726,8414,65
2020-12-28,Sierra,091,2930,30,24,6,30,0
2020-12-28,Siskiyou,093,43540,1025,915,109,1024,3
2020-12-28,Solano,095,438530,19611,18171,202,18373,96
2020-12-28,Sonoma,097,501317,19578,18667,109,18776,185
2020-12-28,Stanislaus,099,539301,35427,33473,3270,36743,507
2020-12-28,Sutter,101,95872,6593,6253,47,6300,49
2020-12-28,Tehama,103,63373,3114,2934,301,3235,9
2020-12-28,Trinity,105,12862,395,240,52,292,2
2020-12-28,Tulare,107,460477,34353,32010,3823,35833,404
2020-12-28,Tuolumne,109,53932,2952,2777,12,2789,12
2020-12-28,Ventura,111,848112,41569,37151,1679,38830,230
2020-12-28,Yolo,113,214977,8771,8031,68,8099,111
2020-12-28,Yuba,115,75493,3891,3679,38,3717,18
2020-12-27,Alameda,001,1643700,52419,49764,957,50721,551
2020-12-27,Alpine,003,1148,67,65,0,65,0
2020-12-27,Amador,005,37829,2451,2218,18,2236,23
2020-12-27,Butte,007,227075,7665,7016,871,7887,86
2020-12-27,Calaveras,009,45235,1109,1097,2,1099,21
2020-12-27,Colusa,011,21464,1298,1253,71,1324,7
2020-12-27,Contra Costa,013,1133247,40559,38428,549,38977,324
2020-12-27,Del Norte,015,27424,748,712,2,714,2
2020-12-27,El Dorado,017,186661,6128,5388,282,5670,18
2020-12-27,Fresno,019,978130,68294,63811,4466,68277,679
2020-12-27,Glenn,021,27897,1562,1434,249,1683,9
2020-12-27,Humboldt,023,135768,1768,1575,7,1582,17
2020-12-27,Imperial,025,180216,22822,21934,1251,23185,405
2020-12-27,Inyo,027,18085,676,565,17,582,18
2020-12-27,Kern,029,883053,66134,61914,4923,66837,568
2020-12-27,Kings,031,150075,16343,15593,516,16109,108
2020-12-27,Lake,033,64148,1903,1769,0,1769,22
2020-12-27,Lassen,035,31185,4373,4230,45,4275,1
2020-12-27,Los Angeles,037,10098052,765972,707260,21059,728319,9476
2020-12-27,Madera,039,155013,10716,10005,433,10438,64
2020-12-27,Marin,041,260295,9759,9477,71,9548,144
2020-12-27,Mariposa,043,17540,231,208,3,211,3
2020-12-27,Mendocino,045,87422,2440,2209,18,2227,23
2020-12-27,Merced,047,269075,18859,18075,324,18399,213
2020-12-27,Modoc,049,8938,251,221,72,293,0
2020-12-27,Mono,051,14174,871,849,11,860,3
2020-12-27,Monterey,053,433212,27484,26322,699,27021,181
2020-12-27,Napa,055,140530,5908,5496,26,5522,26
2020-12-27,Nevada,057,99092,2745,2519,87,2606,15
2020-12-27,Orange,059,3164182,162233,149276,6247,155523,1839
2020-12-27,Placer,061,380077,14441,13017,562,13579,126
2020-12-27,Plumas,063,18699,468,390,8,398,0
2020-12-27,Riverside,065,2383286,184974,171995,8239,180234,1836
2020-12-27,Sacramento,067,1510023,65455,63416,608,64024,811
2020-12-27,San Benito,069,59416,3630,3394,29,3423,24
2020-12-27,San Bernardino,071,2135413,199188,186776,5466,192242,1551
2020-12-27,San Diego,073,3302833,159759,145777,7182,152959,1402
2020-12-27,San Francisco,075,870044,23699,22514,212,22726,178
2020-12-27,San Joaquin,077,732212,45630,43529,1600,45129,618
2020-12-27,San Luis Obispo,079,281455,11002,10154,257,10411,76
2020-12-27,San Mateo,081,765935,25484,23136,103,23239,187
2020-12-27,Santa Barbara,083,443738,18266,16364,488,16852,155
2020-12-27,Santa Clara,085,1922200,70821,65288,292,65580,619
2020-12-27,Santa Cruz,087,273765,9292,8234,356,8590,81
2020-12-27,Shasta,089,179085,8183,7671,703,8374,65
2020-12-27,Sierra,091,2930,30,24,5,29,0
2020-12-27,Siskiyou,093,43540,1015,914,104,1018,3
2020-12-27,Solano,095,438530,19117,17840,196,18036,96
2020-12-27,Sonoma,097,501317,19289,18487,108,18595,185
2020-12-27,Stanislaus,099,539301,34825,33076,3175,36251,506
2020-12-27,Sutter,101,95872,6511,6218,45,6263,48
2020-12-27,Tehama,103,63373,3046,2922,284,3206,9
2020-12-27,Trinity,105,12862,389,240,50,290,2
2020-12-27,Tulare,107,460477,33756,31864,3703,35567,400
2020-12-27,Tuolumne,109,53932,2845,2750,10,2760,12
2020-12-27,Ventura,111,848112,40506,36661,1626,38287,230
2020-12-27,Yolo,113,214977,8581,7919,62,7981,111
2020-12-27,Yuba,115,75493,3827,3665,36,3701,18
2020-12-26,Alameda,001,1643700,51808,49084,944,50028,551
2020-12-26,Alpine,003,1148,67,65,0,65,0
2020-12-26,Amador,005,37829,2437,2189,18,2207,23
2020-12-26,Butte,007,227075,7570,6968,849,7817,86
2020-12-26,Calaveras,009,45235,1103,1084,2,1086,21
2020-12-26,Colusa,011,21464,1288,1240,71,1311,7
2020-12-26,Contra Costa,013,1133247,40095,38008,535,38543,324
2020-12-26,Del Norte,015,27424,742,709,2,711,2
2020-12-26,El Dorado,017,186661,6073,5279,278,5557,18
2020-12-26,Fresno,019,978130,67823,63080,4403,67483,679
2020-12-26,Glenn,021,27897,1541,1413,243,1656,9
2020-12-26,Humboldt,023,135768,1730,1545,7,1552,17
2020-12-26,Imperial,025,180216,22732,21734,1198,22932,405
2020-12-26,Inyo,027,18085,663,554,17,571,18
2020-12-26,Kern,029,883053,65465,61174,4766,65940,564
2020-12-26,Kings,031,150075,16225,15517,511,16028,108
2020-12-26,Lake,033,64148,1860,1710,0,1710,22
2020-12-26,Lassen,035,31185,4352,3981,45,4026,1
2020-12-26,Los Angeles,037,10098052,757450,694149,20547,714696,9424
2020-12-26,Madera,039,155013,10639,9908,421,10329,64
2020-12-26,Marin,041,260295,9724,9413,70,9483,143
2020-12-26,Mariposa,043,17540,230,206,3,209,3
2020-12-26,Mendocino,045,87422,2394,2194,18,2212,23
2020-12-26,Merced,047,269075,18701,17890,319,18209,213
2020-12-26,Modoc,049,8938,248,222,72,294,0
2020-12-26,Mono,051,14174,865,850,11,861,3
2020-12-26,Monterey,053,433212,27351,26010,690,26700,182
2020-12-26,Napa,055,140530,5850,5427,26,5453,26
2020-12-26,Nevada,057,99092,2717,2480,87,2567,15
2020-12-26,Orange,059,3164182,160035,147304,6153,153457,1838
2020-12-26,Placer,061,380077,14271,12816,547,13363,122
2020-12-26,Plumas,063,18699,465,381,8,389,0
2020-12-26,Riverside,065,2383286,182490,169360,8078,177438,1834
2020-12-26,Sacramento,067,1510023,64832,62435,598,63033,807
2020-12-26,San Benito,069,59416,3557,3330,29,3359,24
2020-12-26,San Bernardino,071,2135413,197522,185111,5382,190493,1551
2020-12-26,San Diego,073,3302833,157234,142644,7035,149679,1402
2020-12-26,San Francisco,075,870044,23464,22319,212,22531,177
2020-12-26,San Joaquin,077,732212,45243,42887,1551,44438,618
2020-12-26,San Luis Obispo,079,281455,10915,9945,252,10197,76
2020-12-26,San Mateo,081,765935,25145,22908,98,23006,187
2020-12-26,Santa Barbara,083,443738,18029,16159,482,16641,155
2020-12-26,Santa Clara,085,1922200,69754,64185,289,64474,618
2020-12-26,Santa Cruz,087,273765,9166,8113,347,8460,81
2020-12-26,Shasta,089,179085,8124,7641,690,8331,65
2020-12-26,Sierra,091,2930,30,24,5,29,0
2020-12-26,Siskiyou,093,43540,1008,909,100,1009,2
2020-12-26,Solano,095,438530,18872,17528,196,17724,96
2020-12-26,Sonoma,097,501317,19089,18261,106,18367,184
2020-12-26,Stanislaus,099,539301,34535,32678,3124,35802,505
2020-12-26,Sutter,101,95872,6452,6121,45,6166,48
2020-12-26,Tehama,103,63373,3019,2884,279,3163,9
2020-12-26,Trinity,105,12862,387,237,49,286,2
2020-12-26,Tulare,107,460477,33456,31665,3648,35313,398
2020-12-26,Tuolumne,109,53932,2834,2703,10,2713,12
2020-12-26,Ventura,111,848112,39541,36064,1595,37659,230
2020-12-26,Yolo,113,214977,8479,7785,60,7845,111
2020-12-26,Yuba,115,75493,3799,3599,36,3635,18
2020-12-25,Alameda,001,1643700,51245,48365,929,49294,542
2020-12-25,Alpine,003,1148,67,64,0,64,0
2020-12-25,Amador,005,37829,2394,2172,18,2190,23
2020-12-25,Butte,007,227075,7471,6873,830,7703,85
2020-12-25,Calaveras,009,45235,1100,1062,2,1064,21
2020-12-25,Colusa,011,21464,1276,1219,70,1289,7
2020-12-25,Contra Costa,013,1133247,39627,37480,509,37989,324
2020-12-25,Del Norte,015,27424,739,692,2,694,2
2020-12-25,El Dorado,017,186661,6008,5170,265,5435,16
2020-12-25,Fresno,019,978130,66959,62251,4320,66571,679
2020-12-25,Glenn,021,27897,1525,1390,236,1626,9
2020-12-25,Humboldt,023,135768,1690,1532,7,1539,16
2020-12-25,Imperial,025,180216,22639,21646,1186,22832,405
2020-12-25,Inyo,027,18085,654,546,17,563,18
2020-12-25,Kern,029,883053,64737,60417,4618,65035,562
2020-12-25,Kings,031,150075,16114,15460,507,15967,108
2020-12-25,Lake,033,64148,1840,1669,0,1669,20
2020-12-25,Lassen,035,31185,4337,3926,45,3971,1
2020-12-25,Los Angeles,037,10098052,743824,665600,19861,685461,9292
2020-12-25,Madera,039,155013,10471,9770,413,10183,64
2020-12-25,Marin,041,260295,9674,9375,67,9442,143
2020-12-25,Mariposa,043,17540,224,203,3,206,3
2020-12-25,Mendocino,045,87422,2352,2176,18,2194,23
2020-12-25,Merced,047,269075,18540,17726,312,18038,213
2020-12-25,Modoc,049,8938,247,221,72,293,0
2020-12-25,Mono,051,14174,863,843,11,854,3
2020-12-25,Monterey,053,433212,27077,25788,681,26469,182
2020-12-25,Napa,055,140530,5770,5351,26,5377,26
2020-12-25,Nevada,057,99092,2691,2458,85,2543,15
2020-12-25,Orange,059,3164182,157351,144542,5960,150502,1814
2020-12-25,Placer,061,380077,14086,12660,524,13184,122
2020-12-25,Plumas,063,18699,458,381,8,389,0
2020-12-25,Riverside,065,2383286,179205,166690,7761,174451,1825
2020-12-25,Sacramento,067,1510023,64141,61630,571,62201,796
2020-12-25,San Benito,069,59416,3517,3281,27,3308,24
2020-12-25,San Bernardino,071,2135413,194887,181812,5266,187078,1546
2020-12-25,San Diego,073,3302833,154753,139958,6858,146816,1402
2020-12-25,San Francisco,075,870044,23188,22130,207,22337,175
2020-12-25,San Joaquin,077,732212,44937,42089,1496,43585,614
2020-12-25,San Luis Obispo,079,281455,10732,9749,245,9994,76
2020-12-25,San Mateo,081,765935,24822,22568,96,22664,187
2020-12-25,Santa Barbara,083,443738,17804,15936,475,16411,155
2020-12-25,Santa Clara,085,1922200,68641,63173,280,63453,612
2020-12-25,Santa Cruz,087,273765,9026,8018,323,8341,81
2020-12-25,Shasta,089,179085,8051,7612,667,8279,65
2020-12-25,Sierra,091,2930,30,24,4,28,0
2020-12-25,Siskiyou,093,43540,1002,905,97,1002,2
2020-12-25,Solano,095,438530,18700,17280,194,17474,96
2020-12-25,Sonoma,097,501317,18913,18035,104,18139,184
2020-12-25,Stanislaus,099,539301,34242,32290,3077,35367,498
2020-12-25,Sutter,101,95872,6393,6051,44,6095,47
2020-12-25,Tehama,103,63373,2971,2839,265,3104,9
2020-12-25,Trinity,105,12862,383,236,49,285,2
2020-12-25,Tulare,107,460477,33071,31323,3581,34904,398
2020-12-25,Tuolumne,109,53932,2815,2674,10,2684,12
2020-12-25,Ventura,111,848112,38388,35514,1545,37059,230
2020-12-25,Yolo,113,214977,8382,7700,58,7758,111
2020-12-25,Yuba,115,75493,3763,3549,35,3584,17
2020-12-24,Alameda,001,1643700,50905,47527,909,48436,541
2020-12-24,Alpine,003,1148,67,64,0,64,0
2020-12-24,Amador,005,37829,2382,2145,18,2163,23
2020-12-24,Butte,007,227075,7432,6716,816,7532,84
2020-12-24,Calaveras,009,45235,1097,1032,2,1034,21
2020-12-24,Colusa,011,21464,1271,1188,69,1257,7
2020-12-24,Contra Costa,013,1133247,39382,36623,498,37121,311
2020-12-24,Del Norte,015,27424,739,678,2,680,2
2020-12-24,El Dorado,017,186661,5982,5042,257,5299,16
2020-12-24,Fresno,019,978130,66736,61435,4306,65741,663
2020-12-24,Glenn,021,27897,1514,1363,228,1591,9
2020-12-24,Humboldt,023,135768,1667,1516,7,1523,16
2020-12-24,Imperial,025,180216,22590,21545,1177,22722,402
2020-12-24,Inyo,027,18085,652,532,17,549,17
2020-12-24,Kern,029,883053,64450,59601,4605,64206,556
2020-12-24,Kings,031,150075,16074,15211,506,15717,108
2020-12-24,Lake,033,64148,1825,1629,0,1629,20
2020-12-24,Lassen,035,31185,4324,3894,45,3939,1
2020-12-24,Los Angeles,037,10098052,739672,664840,19599,684439,9288
2020-12-24,Madera,039,155013,10433,9547,406,9953,63
2020-12-24,Marin,041,260295,9640,9287,67,9354,143
2020-12-24,Mariposa,043,17540,220,197,3,200,3
2020-12-24,Mendocino,045,87422,2341,2150,18,2168,23
2020-12-24,Merced,047,269075,18469,17485,308,17793,212
2020-12-24,Modoc,049,8938,247,220,71,291,0
2020-12-24,Mono,051,14174,861,817,11,828,3
2020-12-24,Monterey,053,433212,26969,25131,674,25805,180
2020-12-24,Napa,055,140530,5715,5265,26,5291,26
2020-12-24,Nevada,057,99092,2667,2429,85,2514,15
2020-12-24,Orange,059,3164182,155872,141205,5909,147114,1775
2020-12-24,Placer,061,380077,13997,12457,517,12974,121
2020-12-24,Plumas,063,18699,455,376,8,384,0
2020-12-24,Riverside,065,2383286,178273,162435,7722,170157,1816
2020-12-24,Sacramento,067,1510023,63867,60596,569,61165,788
2020-12-24,San Benito,069,59416,3486,3183,27,3210,24
2020-12-24,San Bernardino,071,2135413,193857,176866,5232,182098,1533
2020-12-24,San Diego,073,3302833,153669,136952,6826,143778,1382
2020-12-24,San Francisco,075,870044,23020,21830,204,22034,175
2020-12-24,San Joaquin,077,732212,44775,41324,1478,42802,611
2020-12-24,San Luis Obispo,079,281455,10664,9504,243,9747,77
2020-12-24,San Mateo,081,765935,24625,22093,96,22189,186
2020-12-24,Santa Barbara,083,443738,17699,15644,467,16111,153
2020-12-24,Santa Clara,085,1922200,68035,61742,273,62015,591
2020-12-24,Santa Cruz,087,273765,8955,7856,311,8167,82
2020-12-24,Shasta,089,179085,8010,7540,650,8190,65
2020-12-24,Sierra,091,2930,27,23,2,25,0
2020-12-24,Siskiyou,093,43540,997,900,91,991,2
2020-12-24,Solano,095,438530,18559,16872,189,17061,96
2020-12-24,Sonoma,097,501317,18815,17710,104,17814,183
2020-12-24,Stanislaus,099,539301,34047,31848,3052,34900,498
2020-12-24,Sutter,101,95872,6352,5960,43,6003,47
2020-12-24,Tehama,103,63373,2955,2779,264,3043,9
2020-12-24,Trinity,105,12862,382,235,49,284,2
2020-12-24,Tulare,107,460477,32953,30827,3555,34382,390
2020-12-24,Tuolumne,109,53932,2806,2653,10,2663,12
2020-12-24,Ventura,111,848112,38108,34400,1538,35938,224
2020-12-24,Yolo,113,214977,8340,7566,58,7624,113
2020-12-24,Yuba,115,75493,3738,3483,35,3518,16
2020-12-23,Alameda,001,1643700,50334,46753,881,47634,537
2020-12-23,Alpine,003,1148,67,64,0,64,0
2020-12-23,Amador,005,37829,2313,2108,17,2125,23
2020-12-23,Butte,007,227075,7345,6588,789,7377,84
2020-12-23,Calaveras,009,45235,1089,1002,1,1003,21
2020-12-23,Colusa,011,21464,1260,1167,69,1236,7
2020-12-23,Contra Costa,013,1133247,38984,36190,485,36675,311
2020-12-23,Del Norte,015,27424,732,670,2,672,2
2020-12-23,El Dorado,017,186661,5908,4967,248,5215,14
2020-12-23,Fresno,019,978130,66128,60488,4240,64728,654
2020-12-23,Glenn,021,27897,1500,1349,224,1573,9
2020-12-23,Humboldt,023,135768,1642,1458,7,1465,16
2020-12-23,Imperial,025,180216,22495,21323,1147,22470,399
2020-12-23,Inyo,027,18085,640,517,17,534,17
2020-12-23,Kern,029,883053,63933,58656,4511,63167,549
2020-12-23,Kings,031,150075,15996,14923,503,15426,105
2020-12-23,Lake,033,64148,1811,1595,0,1595,20
2020-12-23,Lassen,035,31185,4314,3865,42,3907,1
2020-12-23,Los Angeles,037,10098052,730646,651958,19061,671019,9146
2020-12-23,Madera,039,155013,10274,9371,392,9763,63
2020-12-23,Marin,041,260295,9582,9199,64,9263,142
2020-12-23,Mariposa,043,17540,218,194,3,197,3
2020-12-23,Mendocino,045,87422,2329,2121,18,2139,23
2020-12-23,Merced,047,269075,18313,17250,301,17551,203
2020-12-23,Modoc,049,8938,243,197,70,267,0
2020-12-23,Mono,051,14174,859,814,11,825,3
2020-12-23,Monterey,053,433212,26671,24856,668,25524,176
2020-12-23,Napa,055,140530,5647,5172,26,5198,25
2020-12-23,Nevada,057,99092,2622,2406,84,2490,15
2020-12-23,Orange,059,3164182,153419,138050,5742,143792,1771
2020-12-23,Placer,061,380077,13789,12213,509,12722,111
2020-12-23,Plumas,063,18699,448,369,8,377,0
2020-12-23,Riverside,065,2383286,176005,158110,7562,165672,1790
2020-12-23,Sacramento,067,1510023,63219,59661,555,60216,779
2020-12-23,San Benito,069,59416,3432,3073,25,3098,24
2020-12-23,San Bernardino,071,2135413,191823,172888,5163,178051,1509
2020-12-23,San Diego,073,3302833,151242,134695,6690,141385,1350
2020-12-23,San Francisco,075,870044,22797,21498,201,21699,174
2020-12-23,San Joaquin,077,732212,44250,35664,1435,37099,602
2020-12-23,San Luis Obispo,079,281455,10522,9267,238,9505,74
2020-12-23,San Mateo,081,765935,24323,21780,94,21874,186
2020-12-23,Santa Barbara,083,443738,17491,15399,439,15838,152
2020-12-23,Santa Clara,085,1922200,67127,60455,268,60723,579
2020-12-23,Santa Cruz,087,273765,8795,7637,293,7930,75
2020-12-23,Shasta,089,179085,7937,7487,643,8130,66
2020-12-23,Sierra,091,2930,27,23,0,23,0
2020-12-23,Siskiyou,093,43540,976,891,90,981,2
2020-12-23,Solano,095,438530,18351,16626,184,16810,95
2020-12-23,Sonoma,097,501317,18611,17397,104,17501,182
2020-12-23,Stanislaus,099,539301,33705,31492,2998,34490,499
2020-12-23,Sutter,101,95872,6286,5871,43,5914,46
2020-12-23,Tehama,103,63373,2938,2737,260,2997,9
2020-12-23,Trinity,105,12862,382,234,48,282,2
2020-12-23,Tulare,107,460477,32661,30315,3515,33830,385
2020-12-23,Tuolumne,109,53932,2766,2540,10,2550,12
2020-12-23,Ventura,111,848112,37713,33377,1507,34884,216
2020-12-23,Yolo,113,214977,8262,7508,57,7565,112
2020-12-23,Yuba,115,75493,3686,3438,35,3473,14
2020-12-22,Alameda,001,1643700,49449,45751,850,46601,534
2020-12-22,Alpine,003,1148,67,64,0,64,0
2020-12-22,Amador,005,37829,2302,1839,17,1856,23
2020-12-22,Butte,007,227075,7217,6467,774,7241,85
2020-12-22,Calaveras,009,45235,1062,988,0,988,21
2020-12-22,Colusa,011,21464,1237,1150,65,1215,7
2020-12-22,Contra Costa,013,1133247,38357,35681,473,36154,301
2020-12-22,Del Norte,015,27424,726,666,2,668,2
2020-12-22,El Dorado,017,186661,5785,4885,236,5121,12
2020-12-22,Fresno,019,978130,65096,59640,4132,63772,640
2020-12-22,Glenn,021,27897,1477,1337,213,1550,9
2020-12-22,Humboldt,023,135768,1608,1440,7,1447,16
2020-12-22,Imperial,025,180216,22306,21128,1104,22232,398
2020-12-22,Inyo,027,18085,620,506,17,523,17
2020-12-22,Kern,029,883053,62982,57816,4372,62188,547
2020-12-22,Kings,031,150075,15856,14855,497,15352,102
2020-12-22,Lake,033,64148,1788,1569,0,1569,20
2020-12-22,Lassen,035,31185,4172,3848,40,3888,1
2020-12-22,Los Angeles,037,10098052,713416,635931,18365,654296,9013
2020-12-22,Madera,039,155013,10157,9187,376,9563,63
2020-12-22,Marin,041,260295,9518,9115,63,9178,142
2020-12-22,Mariposa,043,17540,215,194,3,197,3
2020-12-22,Mendocino,045,87422,2296,2092,18,2110,23
2020-12-22,Merced,047,269075,18067,17012,296,17308,201
2020-12-22,Modoc,049,8938,235,182,69,251,0
2020-12-22,Mono,051,14174,849,786,11,797,3
2020-12-22,Monterey,053,433212,26005,24152,647,24799,176
2020-12-22,Napa,055,140530,5560,5059,26,5085,23
2020-12-22,Nevada,057,99092,2595,2367,83,2450,14
2020-12-22,Orange,059,3164182,150077,134850,5569,140419,1774
2020-12-22,Placer,061,380077,13546,11943,489,12432,105
2020-12-22,Plumas,063,18699,442,360,8,368,0
2020-12-22,Riverside,065,2383286,172199,155059,7292,162351,1777
2020-12-22,Sacramento,067,1510023,62291,57966,536,58502,772
2020-12-22,San Benito,069,59416,3354,2998,25,3023,24
2020-12-22,San Bernardino,071,2135413,187248,169266,5015,174281,1500
2020-12-22,San Diego,073,3302833,147883,132097,6528,138625,1311
2020-12-22,San Francisco,075,870044,22529,21232,197,21429,174
2020-12-22,San Joaquin,077,732212,43494,39423,1387,40810,592
2020-12-22,San Luis Obispo,079,281455,10177,9174,233,9407,69
2020-12-22,San Mateo,081,765935,23996,21382,78,21460,186
2020-12-22,Santa Barbara,083,443738,17230,15189,429,15618,150
2020-12-22,Santa Clara,085,1922200,65961,59192,261,59453,569
2020-12-22,Santa Cruz,087,273765,8616,7471,267,7738,72
2020-12-22,Shasta,089,179085,7858,7371,626,7997,64
2020-12-22,Sierra,091,2930,27,23,0,23,0
2020-12-22,Siskiyou,093,43540,970,880,89,969,2
2020-12-22,Solano,095,438530,17948,16229,181,16410,95
2020-12-22,Sonoma,097,501317,18293,17216,104,17320,180
2020-12-22,Stanislaus,099,539301,33325,30914,2925,33839,499
2020-12-22,Sutter,101,95872,6225,5791,42,5833,46
2020-12-22,Tehama,103,63373,2889,2688,253,2941,9
2020-12-22,Trinity,105,12862,382,231,48,279,2
2020-12-22,Tulare,107,460477,32196,30025,3447,33472,377
2020-12-22,Tuolumne,109,53932,2711,2526,10,2536,12
2020-12-22,Ventura,111,848112,36948,32488,1463,33951,213
2020-12-22,Yolo,113,214977,8149,7388,56,7444,113
2020-12-22,Yuba,115,75493,3635,3379,35,3414,14
2020-12-21,Alameda,001,1643700,48549,44756,823,45579,518
2020-12-21,Alpine,003,1148,66,64,0,64,0
2020-12-21,Amador,005,37829,2225,1815,17,1832,23
2020-12-21,Butte,007,227075,7062,6335,750,7085,81
2020-12-21,Calaveras,009,45235,1032,963,0,963,21
2020-12-21,Colusa,011,21464,1210,1135,60,1195,7
2020-12-21,Contra Costa,013,1133247,37606,35207,436,35643,300
2020-12-21,Del Norte,015,27424,711,660,2,662,2
2020-12-21,El Dorado,017,186661,5638,4805,223,5028,10
2020-12-21,Fresno,019,978130,63944,58568,3986,62554,634
2020-12-21,Glenn,021,27897,1445,1323,205,1528,9
2020-12-21,Humboldt,023,135768,1584,1419,7,1426,16
2020-12-21,Imperial,025,180216,22037,20994,1060,22054,395
2020-12-21,Inyo,027,18085,599,482,17,499,17
2020-12-21,Kern,029,883053,62092,56836,4235,61071,541
2020-12-21,Kings,031,150075,15607,14760,481,15241,100
2020-12-21,Lake,033,64148,1733,1538,0,1538,20
2020-12-21,Lassen,035,31185,4012,3798,38,3836,1
2020-12-21,Los Angeles,037,10098052,694367,624129,17672,641801,8918
2020-12-21,Madera,039,155013,9963,9069,356,9425,63
2020-12-21,Marin,041,260295,9449,9035,63,9098,142
2020-12-21,Mariposa,043,17540,210,186,3,189,3
2020-12-21,Mendocino,045,87422,2265,2066,18,2084,23
2020-12-21,Merced,047,269075,17818,16710,280,16990,198
2020-12-21,Modoc,049,8938,221,181,68,249,0
2020-12-21,Mono,051,14174,838,781,11,792,3
2020-12-21,Monterey,053,433212,25473,23673,633,24306,174
2020-12-21,Napa,055,140530,5472,4952,26,4978,23
2020-12-21,Nevada,057,99092,2562,2337,83,2420,13
2020-12-21,Orange,059,3164182,146666,130444,5414,135858,1772
2020-12-21,Placer,061,380077,13313,11715,469,12184,105
2020-12-21,Plumas,063,18699,438,353,8,361,0
2020-12-21,Riverside,065,2383286,167981,151713,6964,158677,1743
2020-12-21,Sacramento,067,1510023,61270,57064,518,57582,759
2020-12-21,San Benito,069,59416,3286,2921,25,2946,22
2020-12-21,San Bernardino,071,2135413,182462,165086,4849,169935,1476
2020-12-21,San Diego,073,3302833,144431,129716,6365,136081,1284
2020-12-21,San Francisco,075,870044,22243,21086,195,21281,174
2020-12-21,San Joaquin,077,732212,42700,38811,1334,40145,586
2020-12-21,San Luis Obispo,079,281455,9989,9006,228,9234,64
2020-12-21,San Mateo,081,765935,23591,21035,75,21110,185
2020-12-21,Santa Barbara,083,443738,16959,14988,424,15412,149
2020-12-21,Santa Clara,085,1922200,64767,57699,249,57948,570
2020-12-21,Santa Cruz,087,273765,8404,7315,254,7569,69
2020-12-21,Shasta,089,179085,7793,7299,616,7915,64
2020-12-21,Sierra,091,2930,24,23,0,23,0
2020-12-21,Siskiyou,093,43540,962,878,88,966,2
2020-12-21,Solano,095,438530,17478,15878,176,16054,95
2020-12-21,Sonoma,097,501317,18019,17075,100,17175,176
2020-12-21,Stanislaus,099,539301,32867,30437,2851,33288,499
2020-12-21,Sutter,101,95872,6129,5708,42,5750,46
2020-12-21,Tehama,103,63373,2821,2656,245,2901,9
2020-12-21,Trinity,105,12862,380,226,47,273,2
2020-12-21,Tulare,107,460477,31698,29482,3356,32838,373
2020-12-21,Tuolumne,109,53932,2686,2423,8,2431,12
2020-12-21,Ventura,111,848112,35867,31759,1426,33185,212
2020-12-21,Yolo,113,214977,8003,7266,52,7318,109
2020-12-21,Yuba,115,75493,3576,3329,35,3364,14
2020-12-20,Alameda,001,1643700,47669,44004,800,44804,516
2020-12-20,Alpine,003,1148,66,64,0,64,0
2020-12-20,Amador,005,37829,2167,1771,17,1788,23
2020-12-20,Butte,007,227075,6917,6228,714,6942,81
2020-12-20,Calaveras,009,45235,1008,926,0,926,21
2020-12-20,Colusa,011,21464,1183,1121,52,1173,7
2020-12-20,Contra Costa,013,1133247,37020,34798,419,35217,301
2020-12-20,Del Norte,015,27424,689,652,2,654,2
2020-12-20,El Dorado,017,186661,5513,4697,214,4911,10
2020-12-20,Fresno,019,978130,62956,57616,3846,61462,634
2020-12-20,Glenn,021,27897,1436,1295,198,1493,9
2020-12-20,Humboldt,023,135768,1547,1386,6,1392,15
2020-12-20,Imperial,025,180216,21795,20882,955,21837,395
2020-12-20,Inyo,027,18085,584,476,17,493,17
2020-12-20,Kern,029,883053,60993,55983,4080,60063,540
2020-12-20,Kings,031,150075,15387,14629,463,15092,100
2020-12-20,Lake,033,64148,1687,1463,0,1463,20
2020-12-20,Lassen,035,31185,3958,3669,36,3705,1
2020-12-20,Los Angeles,037,10098052,676319,612975,16926,629901,8862
2020-12-20,Madera,039,155013,9753,8871,347,9218,63
2020-12-20,Marin,041,260295,9351,8948,59,9007,142
2020-12-20,Mariposa,043,17540,209,179,3,182,3
2020-12-20,Mendocino,045,87422,2240,2033,18,2051,23
2020-12-20,Merced,047,269075,17502,16435,273,16708,198
2020-12-20,Modoc,049,8938,221,181,66,247,0
2020-12-20,Mono,051,14174,820,774,11,785,3
2020-12-20,Monterey,053,433212,24996,23250,591,23841,173
2020-12-20,Napa,055,140530,5350,4865,24,4889,23
2020-12-20,Nevada,057,99092,2516,2289,77,2366,13
2020-12-20,Orange,059,3164182,143172,128780,5264,134044,1763
2020-12-20,Placer,061,380077,13088,11496,450,11946,105
2020-12-20,Plumas,063,18699,430,347,8,355,0
2020-12-20,Riverside,065,2383286,163781,148714,6669,155383,1742
2020-12-20,Sacramento,067,1510023,60270,56017,498,56515,755
2020-12-20,San Benito,069,59416,3214,2885,24,2909,21
2020-12-20,San Bernardino,071,2135413,177485,162810,4687,167497,1458
2020-12-20,San Diego,073,3302833,140711,126465,6196,132661,1280
2020-12-20,San Francisco,075,870044,21929,20937,191,21128,174
2020-12-20,San Joaquin,077,732212,41863,38268,1270,39538,587
2020-12-20,San Luis Obispo,079,281455,9696,8881,221,9102,63
2020-12-20,San Mateo,081,765935,23157,20764,71,20835,185
2020-12-20,Santa Barbara,083,443738,16643,14817,404,15221,148
2020-12-20,Santa Clara,085,1922200,63361,56860,243,57103,566
2020-12-20,Santa Cruz,087,273765,8196,7178,241,7419,69
2020-12-20,Shasta,089,179085,7678,7256,602,7858,64
2020-12-20,Sierra,091,2930,24,22,0,22,0
2020-12-20,Siskiyou,093,43540,952,870,87,957,2
2020-12-20,Solano,095,438530,17100,15533,165,15698,95
2020-12-20,Sonoma,097,501317,17744,16802,99,16901,175
2020-12-20,Stanislaus,099,539301,32345,29995,2748,32743,498
2020-12-20,Sutter,101,95872,6042,5601,42,5643,43
2020-12-20,Tehama,103,63373,2771,2602,226,2828,9
2020-12-20,Trinity,105,12862,373,221,46,267,2
2020-12-20,Tulare,107,460477,31183,29078,3257,32335,373
2020-12-20,Tuolumne,109,53932,2574,2152,7,2159,12
2020-12-20,Ventura,111,848112,35164,31335,1393,32728,210
2020-12-20,Yolo,113,214977,7852,7121,49,7170,109
2020-12-20,Yuba,115,75493,3529,3254,33,3287,12
2020-12-19,Alameda,001,1643700,47226,43109,793,43902,516
2020-12-19,Alpine,003,1148,66,64,0,64,0
2020-12-19,Amador,005,37829,2143,1754,17,1771,23
2020-12-19,Butte,007,227075,6817,6118,690,6808,81
2020-12-19,Calaveras,009,45235,991,900,0,900,21
2020-12-19,Colusa,011,21464,1175,1096,50,1146,7
2020-12-19,Contra Costa,013,1133247,36706,34321,405,34726,301
2020-12-19,Del Norte,015,27424,687,641,1,642,2
2020-12-19,El Dorado,017,186661,5446,4588,206,4794,10
2020-12-19,Fresno,019,978130,62633,55428,3777,59205,634
2020-12-19,Glenn,021,27897,1401,1286,197,1483,9
2020-12-19,Humboldt,023,135768,1530,1357,6,1363,15
2020-12-19,Imperial,025,180216,21705,20711,908,21619,395
2020-12-19,Inyo,027,18085,577,475,17,492,17
2020-12-19,Kern,029,883053,60507,55118,3972,59090,540
2020-12-19,Kings,031,150075,15308,14474,461,14935,100
2020-12-19,Lake,033,64148,1653,1438,0,1438,20
2020-12-19,Lassen,035,31185,3930,3595,36,3631,1
2020-12-19,Los Angeles,037,10098052,669256,599888,16387,616275,8804
2020-12-19,Madera,039,155013,9661,8717,335,9052,63
2020-12-19,Marin,041,260295,9312,8864,59,8923,142
2020-12-19,Mariposa,043,17540,207,177,3,180,3
2020-12-19,Mendocino,045,87422,2215,2008,18,2026,23
2020-12-19,Merced,047,269075,17363,16230,265,16495,198
2020-12-19,Modoc,049,8938,218,181,66,247,0
2020-12-19,Mono,051,14174,816,766,11,777,3
2020-12-19,Monterey,053,433212,24885,22799,585,23384,172
2020-12-19,Napa,055,140530,5288,4772,24,4796,23
2020-12-19,Nevada,057,99092,2494,2260,77,2337,13
2020-12-19,Orange,059,3164182,141251,125574,5110,130684,1733
2020-12-19,Placer,061,380077,12933,11246,444,11690,105
2020-12-19,Plumas,063,18699,427,343,8,351,0
2020-12-19,Riverside,065,2383286,161801,146703,6432,153135,1737
2020-12-19,Sacramento,067,1510023,59738,55169,484,55653,746
2020-12-19,San Benito,069,59416,3168,2820,23,2843,21
2020-12-19,San Bernardino,071,2135413,175920,159883,4580,164463,1433
2020-12-19,San Diego,073,3302833,138944,122972,6057,129029,1280
2020-12-19,San Francisco,075,870044,21778,20643,191,20834,174
2020-12-19,San Joaquin,077,732212,41461,37340,1219,38559,586
2020-12-19,San Luis Obispo,079,281455,9625,8788,218,9006,63
2020-12-19,San Mateo,081,765935,22947,20393,64,20457,182
2020-12-19,Santa Barbara,083,443738,16487,14667,397,15064,148
2020-12-19,Santa Clara,085,1922200,62550,55540,239,55779,558
2020-12-19,Santa Cruz,087,273765,8093,7054,235,7289,68
2020-12-19,Shasta,089,179085,7625,7221,590,7811,63
2020-12-19,Sierra,091,2930,24,23,0,23,0
2020-12-19,Siskiyou,093,43540,948,853,86,939,2
2020-12-19,Solano,095,438530,16934,15204,161,15365,95
2020-12-19,Sonoma,097,501317,17636,16553,99,16652,175
2020-12-19,Stanislaus,099,539301,32027,29555,2675,32230,498
2020-12-19,Sutter,101,95872,5985,5506,42,5548,41
2020-12-19,Tehama,103,63373,2720,2574,223,2797,9
2020-12-19,Trinity,105,12862,372,219,46,265,2
2020-12-19,Tulare,107,460477,30961,28734,3191,31925,375
2020-12-19,Tuolumne,109,53932,2561,2107,7,2114,12
2020-12-19,Ventura,111,848112,34883,30843,1363,32206,209
2020-12-19,Yolo,113,214977,7783,7025,48,7073,109
2020-12-19,Yuba,115,75493,3497,3168,33,3201,11
2020-12-18,Alameda,001,1643700,46689,42196,777,42973,515
2020-12-18,Alpine,003,1148,66,64,0,64,0
2020-12-18,Amador,005,37829,2126,1727,15,1742,20
2020-12-18,Butte,007,227075,6732,5891,664,6555,81
2020-12-18,Calaveras,009,45235,981,870,0,870,21
2020-12-18,Colusa,011,21464,1166,1068,50,1118,7
2020-12-18,Contra Costa,013,1133247,36421,33610,393,34003,300
2020-12-18,Del Norte,015,27424,682,627,0,627,2
2020-12-18,El Dorado,017,186661,5384,4494,197,4691,10
2020-12-18,Fresno,019,978130,61806,52643,3714,56357,613
2020-12-18,Glenn,021,27897,1384,1264,192,1456,9
2020-12-18,Humboldt,023,135768,1515,1331,6,1337,15
2020-12-18,Imperial,025,180216,21627,20430,861,21291,393
2020-12-18,Inyo,027,18085,557,454,17,471,17
2020-12-18,Kern,029,883053,59847,54220,3887,58107,533
2020-12-18,Kings,031,150075,15182,14284,455,14739,98
2020-12-18,Lake,033,64148,1642,1397,0,1397,20
2020-12-18,Lassen,035,31185,3922,3486,36,3522,1
2020-12-18,Los Angeles,037,10098052,657134,586413,15884,602297,8744
2020-12-18,Madera,039,155013,9559,8609,330,8939,63
2020-12-18,Marin,041,260295,9228,8799,59,8858,142
2020-12-18,Mariposa,043,17540,204,176,3,179,3
2020-12-18,Mendocino,045,87422,2197,1977,18,1995,24
2020-12-18,Merced,047,269075,17282,15956,262,16218,195
2020-12-18,Modoc,049,8938,218,179,66,245,0
2020-12-18,Mono,051,14174,809,731,11,742,3
2020-12-18,Monterey,053,433212,24593,22336,579,22915,165
2020-12-18,Napa,055,140530,5240,4688,24,4712,23
2020-12-18,Nevada,057,99092,2477,2220,76,2296,13
2020-12-18,Orange,059,3164182,138814,121681,4960,126641,1725
2020-12-18,Placer,061,380077,12762,10995,435,11430,104
2020-12-18,Plumas,063,18699,421,336,8,344,0
2020-12-18,Riverside,065,2383286,158966,142375,6161,148536,1733
2020-12-18,Sacramento,067,1510023,59113,53980,467,54447,736
2020-12-18,San Benito,069,59416,3119,2744,23,2767,21
2020-12-18,San Bernardino,071,2135413,173621,154272,4446,158718,1430
2020-12-18,San Diego,073,3302833,136765,120463,5919,126382,1253
2020-12-18,San Francisco,075,870044,21611,20315,185,20500,173
2020-12-18,San Joaquin,077,732212,41105,36484,1186,37670,559
2020-12-18,San Luis Obispo,079,281455,9526,8598,213,8811,62
2020-12-18,San Mateo,081,765935,22633,19971,60,20031,182
2020-12-18,Santa Barbara,083,443738,16347,14361,384,14745,148
2020-12-18,Santa Clara,085,1922200,61680,53992,228,54220,539
2020-12-18,Santa Cruz,087,273765,7978,6838,227,7065,68
2020-12-18,Shasta,089,179085,7589,7114,578,7692,62
2020-12-18,Sierra,091,2930,24,23,0,23,0
2020-12-18,Siskiyou,093,43540,946,840,86,926,2
2020-12-18,Solano,095,438530,16781,14667,157,14824,95
2020-12-18,Sonoma,097,501317,17516,16261,99,16360,173
2020-12-18,Stanislaus,099,539301,31754,28967,2639,31606,490
2020-12-18,Sutter,101,95872,5901,5399,42,5441,39
2020-12-18,Tehama,103,63373,2704,2523,213,2736,9
2020-12-18,Trinity,105,12862,371,215,46,261,2
2020-12-18,Tulare,107,460477,30685,28322,3111,31433,370
2020-12-18,Tuolumne,109,53932,2550,2067,7,2074,12
2020-12-18,Ventura,111,848112,34379,29907,1320,31227,209
2020-12-18,Yolo,113,214977,7715,6901,47,6948,109
2020-12-18,Yuba,115,75493,3439,3097,33,3130,11
2020-12-17,Alameda,001,1643700,45882,41548,744,42292,508
2020-12-17,Alpine,003,1148,66,64,0,64,0
2020-12-17,Amador,005,37829,2078,1703,13,1716,19
2020-12-17,Butte,007,227075,6606,5746,646,6392,78
2020-12-17,Calaveras,009,45235,958,848,0,848,21
2020-12-17,Colusa,011,21464,1155,1053,48,1101,7
2020-12-17,Contra Costa,013,1133247,35897,33006,360,33366,293
2020-12-17,Del Norte,015,27424,677,583,0,583,1
2020-12-17,El Dorado,017,186661,5239,4327,185,4512,9
2020-12-17,Fresno,019,978130,60944,49918,3588,53506,597
2020-12-17,Glenn,021,27897,1360,1244,185,1429,9
2020-12-17,Humboldt,023,135768,1482,1322,6,1328,14
2020-12-17,Imperial,025,180216,21463,20208,788,20996,391
2020-12-17,Inyo,027,18085,539,450,15,465,16
2020-12-17,Kern,029,883053,58892,53683,3753,57436,526
2020-12-17,Kings,031,150075,15083,14057,439,14496,98
2020-12-17,Lake,033,64148,1617,1374,0,1374,20
2020-12-17,Lassen,035,31185,3886,3417,36,3453,1
2020-12-17,Los Angeles,037,10098052,641505,571093,15327,586420,8657
2020-12-17,Madera,039,155013,9443,8465,325,8790,62
2020-12-17,Marin,041,260295,9170,8721,57,8778,142
2020-12-17,Mariposa,043,17540,200,172,3,175,3
2020-12-17,Mendocino,045,87422,2163,1942,18,1960,23
2020-12-17,Merced,047,269075,17019,15648,254,15902,192
2020-12-17,Modoc,049,8938,215,179,66,245,0
2020-12-17,Mono,051,14174,799,718,11,729,3
2020-12-17,Monterey,053,433212,24074,21951,564,22515,163
2020-12-17,Napa,055,140530,5128,4612,24,4636,23
2020-12-17,Nevada,057,99092,2436,2173,73,2246,13
2020-12-17,Orange,059,3164182,135430,118367,4824,123191,1725
2020-12-17,Placer,061,380077,12487,10756,421,11177,99
2020-12-17,Plumas,063,18699,412,324,8,332,0
2020-12-17,Riverside,065,2383286,155096,139325,5943,145268,1696
2020-12-17,Sacramento,067,1510023,58208,53189,444,53633,721
2020-12-17,San Benito,069,59416,3050,2645,22,2667,20
2020-12-17,San Bernardino,071,2135413,169691,149838,4328,154166,1425
2020-12-17,San Diego,073,3302833,133965,116852,5763,122615,1239
2020-12-17,San Francisco,075,870044,21324,19939,180,20119,170
2020-12-17,San Joaquin,077,732212,40376,35894,1149,37043,554
2020-12-17,San Luis Obispo,079,281455,9406,8365,211,8576,59
2020-12-17,San Mateo,081,765935,22261,19647,60,19707,181
2020-12-17,Santa Barbara,083,443738,16113,14207,377,14584,147
2020-12-17,Santa Clara,085,1922200,60512,52559,221,52780,527
2020-12-17,Santa Cruz,087,273765,7823,6687,212,6899,64
2020-12-17,Shasta,089,179085,7512,7000,559,7559,62
2020-12-17,Sierra,091,2930,23,23,0,23,0
2020-12-17,Siskiyou,093,43540,939,827,85,912,2
2020-12-17,Solano,095,438530,16474,14361,155,14516,96
2020-12-17,Sonoma,097,501317,17244,15993,98,16091,171
2020-12-17,Stanislaus,099,539301,31329,28582,2580,31162,489
2020-12-17,Sutter,101,95872,5802,5309,41,5350,39
2020-12-17,Tehama,103,63373,2656,2480,207,2687,9
2020-12-17,Trinity,105,12862,366,213,46,259,2
2020-12-17,Tulare,107,460477,30291,27852,3032,30884,358
2020-12-17,Tuolumne,109,53932,2239,1992,7,1999,11
2020-12-17,Ventura,111,848112,33769,29404,1283,30687,208
2020-12-17,Yolo,113,214977,7591,6800,46,6846,105
2020-12-17,Yuba,115,75493,3380,3035,31,3066,12
2020-12-16,Alameda,001,1643700,45026,40751,717,41468,497
2020-12-16,Alpine,003,1148,66,64,0,64,0
2020-12-16,Amador,005,37829,2031,1693,12,1705,19
2020-12-16,Butte,007,227075,6417,5659,616,6275,76
2020-12-16,Calaveras,009,45235,923,821,0,821,21
2020-12-16,Colusa,011,21464,1142,1038,43,1081,7
2020-12-16,Contra Costa,013,1133247,35339,32429,339,32768,293
2020-12-16,Del Norte,015,27424,675,575,0,575,1
2020-12-16,El Dorado,017,186661,5117,4237,175,4412,9
2020-12-16,Fresno,019,978130,59988,49173,3487,52660,584
2020-12-16,Glenn,021,27897,1342,1236,174,1410,9
2020-12-16,Humboldt,023,135768,1450,1308,5,1313,12
2020-12-16,Imperial,025,180216,21280,19980,720,20700,388
2020-12-16,Inyo,027,18085,526,444,15,459,16
2020-12-16,Kern,029,883053,58016,52896,3619,56515,522
2020-12-16,Kings,031,150075,14903,13734,422,14156,99
2020-12-16,Lake,033,64148,1577,1363,0,1363,20
2020-12-16,Lassen,035,31185,3853,3396,35,3431,1
2020-12-16,Los Angeles,037,10098052,625004,557907,14640,572547,8561
2020-12-16,Madera,039,155013,9318,8278,317,8595,62
2020-12-16,Marin,041,260295,9100,8641,57,8698,142
2020-12-16,Mariposa,043,17540,197,175,3,178,3
2020-12-16,Mendocino,045,87422,2128,1929,18,1947,23
2020-12-16,Merced,047,269075,16733,15443,250,15693,190
2020-12-16,Modoc,049,8938,212,178,66,244,0
2020-12-16,Mono,051,14174,781,702,11,713,3
2020-12-16,Monterey,053,433212,23517,21107,553,21660,163
2020-12-16,Napa,055,140530,5031,4544,24,4568,23
2020-12-16,Nevada,057,99092,2400,2149,71,2220,13
2020-12-16,Orange,059,3164182,131950,115260,4655,119915,1712
2020-12-16,Placer,061,380077,12249,10554,400,10954,96
2020-12-16,Plumas,063,18699,403,319,8,327,0
2020-12-16,Riverside,065,2383286,150977,135751,5693,141444,1664
2020-12-16,Sacramento,067,1510023,57236,52166,419,52585,715
2020-12-16,San Benito,069,59416,2959,2582,22,2604,20
2020-12-16,San Bernardino,071,2135413,165087,143565,4193,147758,1403
2020-12-16,San Diego,073,3302833,130861,114248,5609,119857,1217
2020-12-16,San Francisco,075,870044,21065,19624,180,19804,170
2020-12-16,San Joaquin,077,732212,39553,35010,1109,36119,547
2020-12-16,San Luis Obispo,079,281455,9211,8252,202,8454,58
2020-12-16,San Mateo,081,765935,21936,19292,56,19348,179
2020-12-16,Santa Barbara,083,443738,15870,13966,365,14331,144
2020-12-16,Santa Clara,085,1922200,59271,51502,218,51720,523
2020-12-16,Santa Cruz,087,273765,7638,6536,200,6736,63
2020-12-16,Shasta,089,179085,7439,6914,537,7451,62
2020-12-16,Sierra,091,2930,23,23,0,23,0
2020-12-16,Siskiyou,093,43540,931,818,85,903,2
2020-12-16,Solano,095,438530,16009,14157,150,14307,96
2020-12-16,Sonoma,097,501317,16988,15768,98,15866,170
2020-12-16,Stanislaus,099,539301,30825,28279,2507,30786,489
2020-12-16,Sutter,101,95872,5722,5223,41,5264,39
2020-12-16,Tehama,103,63373,2625,2441,181,2622,9
2020-12-16,Trinity,105,12862,360,212,46,258,2
2020-12-16,Tulare,107,460477,29871,27500,2931,30431,352
2020-12-16,Tuolumne,109,53932,2193,1941,7,1948,11
2020-12-16,Ventura,111,848112,32996,28566,1239,29805,203
2020-12-16,Yolo,113,214977,7462,6649,45,6694,103
2020-12-16,Yuba,115,75493,3293,2980,30,3010,11
2020-12-15,Alameda,001,1643700,44170,40026,694,40720,492
2020-12-15,Alpine,003,1148,66,64,0,64,0
2020-12-15,Amador,005,37829,1918,1669,10,1679,19
2020-12-15,Butte,007,227075,6279,5565,587,6152,75
2020-12-15,Calaveras,009,45235,891,799,0,799,21
2020-12-15,Colusa,011,21464,1129,1026,42,1068,7
2020-12-15,Contra Costa,013,1133247,34684,31423,325,31748,281
2020-12-15,Del Norte,015,27424,664,564,0,564,1
2020-12-15,El Dorado,017,186661,5009,4113,161,4274,9
2020-12-15,Fresno,019,978130,58616,47316,3352,50668,574
2020-12-15,Glenn,021,27897,1329,1207,157,1364,9
2020-12-15,Humboldt,023,135768,1430,1276,5,1281,12
2020-12-15,Imperial,025,180216,21062,19756,639,20395,380
2020-12-15,Inyo,027,18085,513,394,14,408,16
2020-12-15,Kern,029,883053,57004,52002,3516,55518,511
2020-12-15,Kings,031,150075,14739,13652,403,14055,97
2020-12-15,Lake,033,64148,1552,1341,0,1341,21
2020-12-15,Lassen,035,31185,3681,3378,34,3412,1
2020-12-15,Los Angeles,037,10098052,608654,536258,14002,550260,8429
2020-12-15,Madera,039,155013,9164,8118,309,8427,60
2020-12-15,Marin,041,260295,8994,8528,55,8583,141
2020-12-15,Mariposa,043,17540,193,171,3,174,3
2020-12-15,Mendocino,045,87422,2101,1883,18,1901,24
2020-12-15,Merced,047,269075,16438,15120,246,15366,190
2020-12-15,Modoc,049,8938,210,179,66,245,0
2020-12-15,Mono,051,14174,765,702,11,713,3
2020-12-15,Monterey,053,433212,22917,19905,491,20396,161
2020-12-15,Napa,055,140530,4927,4440,24,4464,23
2020-12-15,Nevada,057,99092,2367,2117,69,2186,11
2020-12-15,Orange,059,3164182,128289,112893,4499,117392,1689
2020-12-15,Placer,061,380077,12015,10301,378,10679,95
2020-12-15,Plumas,063,18699,398,313,8,321,0
2020-12-15,Riverside,065,2383286,146920,131822,5413,137235,1624
2020-12-15,Sacramento,067,1510023,56219,51076,406,51482,703
2020-12-15,San Benito,069,59416,2879,2520,21,2541,19
2020-12-15,San Bernardino,071,2135413,160633,137548,4037,141585,1351
2020-12-15,San Diego,073,3302833,127294,111441,5447,116888,1194
2020-12-15,San Francisco,075,870044,20756,19283,177,19460,171
2020-12-15,San Joaquin,077,732212,38630,33849,1072,34921,537
2020-12-15,San Luis Obispo,079,281455,9102,8074,199,8273,55
2020-12-15,San Mateo,081,765935,21526,18907,54,18961,178
2020-12-15,Santa Barbara,083,443738,15650,13782,356,14138,144
2020-12-15,Santa Clara,085,1922200,57834,50311,215,50526,505
2020-12-15,Santa Cruz,087,273765,7453,6361,185,6546,59
2020-12-15,Shasta,089,179085,7381,6794,512,7306,54
2020-12-15,Sierra,091,2930,23,23,0,23,0
2020-12-15,Siskiyou,093,43540,922,812,84,896,2
2020-12-15,Solano,095,438530,15660,13796,150,13946,95
2020-12-15,Sonoma,097,501317,16767,15406,98,15504,167
2020-12-15,Stanislaus,099,539301,30312,27823,2425,30248,485
2020-12-15,Sutter,101,95872,5624,5080,40,5120,36
2020-12-15,Tehama,103,63373,2588,2392,176,2568,9
2020-12-15,Trinity,105,12862,353,213,44,257,1
2020-12-15,Tulare,107,460477,29382,27026,2841,29867,342
2020-12-15,Tuolumne,109,53932,2162,1874,7,1881,8
2020-12-15,Ventura,111,848112,32375,27936,1191,29127,201
2020-12-15,Yolo,113,214977,7339,6531,43,6574,104
2020-12-15,Yuba,115,75493,3199,2891,29,2920,11
2020-12-14,Alameda,001,1643700,43277,39252,674,39926,487
2020-12-14,Alpine,003,1148,66,63,0,63,0
2020-12-14,Amador,005,37829,1846,1609,10,1619,19
2020-12-14,Butte,007,227075,6111,5202,570,5772,75
2020-12-14,Calaveras,009,45235,853,718,0,718,21
2020-12-14,Colusa,011,21464,1105,949,41,990,7
2020-12-14,Contra Costa,013,1133247,33986,30594,311,30905,281
2020-12-14,Del Norte,015,27424,658,560,0,560,1
2020-12-14,El Dorado,017,186661,4853,4018,145,4163,9
2020-12-14,Fresno,019,978130,57591,44726,3171,47897,560
2020-12-14,Glenn,021,27897,1303,1186,149,1335,9
2020-12-14,Humboldt,023,135768,1417,1256,5,1261,9
2020-12-14,Imperial,025,180216,20824,19608,560,20168,379
2020-12-14,Inyo,027,18085,499,382,14,396,16
2020-12-14,Kern,029,883053,55969,50538,3394,53932,510
2020-12-14,Kings,031,150075,14555,13491,375,13866,97
2020-12-14,Lake,033,64148,1503,1301,0,1301,21
2020-12-14,Lassen,035,31185,3582,2905,31,2936,1
2020-12-14,Los Angeles,037,10098052,591054,524668,13358,538026,8340
2020-12-14,Madera,039,155013,8896,8011,300,8311,60
2020-12-14,Marin,041,260295,8912,8475,53,8528,141
2020-12-14,Mariposa,043,17540,192,171,2,173,3
2020-12-14,Mendocino,045,87422,2080,1845,18,1863,24
2020-12-14,Merced,047,269075,16032,14572,232,14804,189
2020-12-14,Modoc,049,8938,204,180,64,244,0
2020-12-14,Mono,051,14174,757,685,11,696,3
2020-12-14,Monterey,053,433212,22397,19154,485,19639,155
2020-12-14,Napa,055,140530,4834,4289,24,4313,22
2020-12-14,Nevada,057,99092,2328,2070,66,2136,11
2020-12-14,Orange,059,3164182,124406,108602,4362,112964,1688
2020-12-14,Placer,061,380077,11735,9551,367,9918,95
2020-12-14,Plumas,063,18699,386,309,8,317,0
2020-12-14,Riverside,065,2383286,142795,123715,5151,128866,1588
2020-12-14,Sacramento,067,1510023,55111,50304,381,50685,691
2020-12-14,San Benito,069,59416,2813,2467,20,2487,19
2020-12-14,San Bernardino,071,2135413,156191,129151,3908,133059,1347
2020-12-14,San Diego,073,3302833,123558,109578,5262,114840,1162
2020-12-14,San Francisco,075,870044,20380,18904,175,19079,171
2020-12-14,San Joaquin,077,732212,37786,32522,1025,33547,534
2020-12-14,San Luis Obispo,079,281455,8854,7791,195,7986,52
2020-12-14,San Mateo,081,765935,21027,18361,51,18412,178
2020-12-14,Santa Barbara,083,443738,15380,13587,348,13935,144
2020-12-14,Santa Clara,085,1922200,56275,49180,203,49383,502
2020-12-14,Santa Cruz,087,273765,7267,6049,170,6219,54
2020-12-14,Shasta,089,179085,7292,6665,494,7159,54
2020-12-14,Sierra,091,2930,23,21,0,21,0
2020-12-14,Siskiyou,093,43540,899,764,78,842,2
2020-12-14,Solano,095,438530,15298,13352,149,13501,93
2020-12-14,Sonoma,097,501317,16460,14807,97,14904,167
2020-12-14,Stanislaus,099,539301,29779,27311,2377,29688,485
2020-12-14,Sutter,101,95872,5519,5001,33,5034,35
2020-12-14,Tehama,103,63373,2544,2344,173,2517,9
2020-12-14,Trinity,105,12862,350,205,42,247,1
2020-12-14,Tulare,107,460477,28908,25735,2748,28483,341
2020-12-14,Tuolumne,109,53932,2105,1647,7,1654,8
2020-12-14,Ventura,111,848112,31452,27436,1132,28568,202
2020-12-14,Yolo,113,214977,7179,6389,42,6431,95
2020-12-14,Yuba,115,75493,3137,2851,29,2880,11
2020-12-13,Alameda,001,1643700,42086,38064,647,38711,486
2020-12-13,Alpine,003,1148,66,63,0,63,0
2020-12-13,Amador,005,37829,1790,1457,9,1466,19
2020-12-13,Butte,007,227075,5962,5103,527,5630,75
2020-12-13,Calaveras,009,45235,817,710,0,710,21
2020-12-13,Colusa,011,21464,1089,945,37,982,7
2020-12-13,Contra Costa,013,1133247,33258,29667,305,29972,281
2020-12-13,Del Norte,015,27424,605,542,0,542,1
2020-12-13,El Dorado,017,186661,4753,3770,134,3904,9
2020-12-13,Fresno,019,978130,56488,44114,3009,47123,559
2020-12-13,Glenn,021,27897,1290,1171,138,1309,9
2020-12-13,Humboldt,023,135768,1394,1238,4,1242,9
2020-12-13,Imperial,025,180216,20532,19472,430,19902,379
2020-12-13,Inyo,027,18085,478,380,14,394,16
2020-12-13,Kern,029,883053,54945,49051,3237,52288,510
2020-12-13,Kings,031,150075,14275,13357,357,13714,97
2020-12-13,Lake,033,64148,1460,1271,0,1271,21
2020-12-13,Lassen,035,31185,3475,2867,26,2893,1
2020-12-13,Los Angeles,037,10098052,573470,517472,12647,530119,8294
2020-12-13,Madera,039,155013,8715,7909,285,8194,60
2020-12-13,Marin,041,260295,8792,8409,53,8462,141
2020-12-13,Mariposa,043,17540,188,167,2,169,3
2020-12-13,Mendocino,045,87422,2046,1793,18,1811,24
2020-12-13,Merced,047,269075,15682,14384,229,14613,189
2020-12-13,Modoc,049,8938,192,179,58,237,0
2020-12-13,Mono,051,14174,741,675,11,686,3
2020-12-13,Monterey,053,433212,21975,18913,469,19382,153
2020-12-13,Napa,055,140530,4728,4194,24,4218,22
2020-12-13,Nevada,057,99092,2280,2030,64,2094,11
2020-12-13,Orange,059,3164182,120477,104768,4187,108955,1688
2020-12-13,Placer,061,380077,11423,9405,349,9754,95
2020-12-13,Plumas,063,18699,380,291,8,299,0
2020-12-13,Riverside,065,2383286,138674,119691,4885,124576,1581
2020-12-13,Sacramento,067,1510023,53838,49480,351,49831,682
2020-12-13,San Benito,069,59416,2743,2408,19,2427,19
2020-12-13,San Bernardino,071,2135413,151300,126718,3744,130462,1333
2020-12-13,San Diego,073,3302833,119958,107372,5093,112465,1162
2020-12-13,San Francisco,075,870044,20036,18686,166,18852,167
2020-12-13,San Joaquin,077,732212,36982,32170,984,33154,534
2020-12-13,San Luis Obispo,079,281455,8662,7625,187,7812,52
2020-12-13,San Mateo,081,765935,20536,18090,45,18135,177
2020-12-13,Santa Barbara,083,443738,15111,13249,332,13581,144
2020-12-13,Santa Clara,085,1922200,54850,47920,194,48114,499
2020-12-13,Santa Cruz,087,273765,7018,5986,159,6145,54
2020-12-13,Shasta,089,179085,7218,6647,468,7115,54
2020-12-13,Sierra,091,2930,23,21,0,21,0
2020-12-13,Siskiyou,093,43540,887,762,73,835,2
2020-12-13,Solano,095,438530,14859,13276,146,13422,93
2020-12-13,Sonoma,097,501317,16145,14495,96,14591,167
2020-12-13,Stanislaus,099,539301,29216,26569,2312,28881,485
2020-12-13,Sutter,101,95872,5392,4798,29,4827,34
2020-12-13,Tehama,103,63373,2498,2325,158,2483,9
2020-12-13,Trinity,105,12862,344,204,41,245,1
2020-12-13,Tulare,107,460477,28418,25496,2661,28157,340
2020-12-13,Tuolumne,109,53932,2043,1611,7,1618,8
2020-12-13,Ventura,111,848112,30449,26588,1069,27657,202
2020-12-13,Yolo,113,214977,6996,6265,36,6301,95
2020-12-13,Yuba,115,75493,3072,2754,26,2780,11
2020-12-12,Alameda,001,1643700,41649,37027,627,37654,486
2020-12-12,Alpine,003,1148,66,63,0,63,0
2020-12-12,Amador,005,37829,1762,1236,8,1244,19
2020-12-12,Butte,007,227075,5889,4972,515,5487,73
2020-12-12,Calaveras,009,45235,807,708,0,708,21
2020-12-12,Colusa,011,21464,1069,945,35,980,7
2020-12-12,Contra Costa,013,1133247,32916,29506,295,29801,281
2020-12-12,Del Norte,015,27424,597,529,0,529,1
2020-12-12,El Dorado,017,186661,4678,3706,117,3823,9
2020-12-12,Fresno,019,978130,56136,43756,2949,46705,559
2020-12-12,Glenn,021,27897,1282,1143,134,1277,8
2020-12-12,Humboldt,023,135768,1375,1208,4,1212,9
2020-12-12,Imperial,025,180216,20449,18947,371,19318,379
2020-12-12,Inyo,027,18085,474,380,14,394,16
2020-12-12,Kern,029,883053,54426,48194,3148,51342,507
2020-12-12,Kings,031,150075,14187,13205,352,13557,96
2020-12-12,Lake,033,64148,1444,1232,0,1232,21
2020-12-12,Lassen,035,31185,3452,2866,23,2889,1
2020-12-12,Los Angeles,037,10098052,566686,504317,12132,516449,8269
2020-12-12,Madera,039,155013,8588,7765,282,8047,59
2020-12-12,Marin,041,260295,8738,8363,52,8415,141
2020-12-12,Mariposa,043,17540,187,164,2,166,3
2020-12-12,Mendocino,045,87422,2010,1771,18,1789,24
2020-12-12,Merced,047,269075,15592,14181,225,14406,188
2020-12-12,Modoc,049,8938,191,169,55,224,0
2020-12-12,Mono,051,14174,734,640,11,651,3
2020-12-12,Monterey,053,433212,21865,18596,440,19036,151
2020-12-12,Napa,055,140530,4683,4113,24,4137,22
2020-12-12,Nevada,057,99092,2262,1981,62,2043,10
2020-12-12,Orange,059,3164182,118598,100468,4036,104504,1674
2020-12-12,Placer,061,380077,11259,9390,344,9734,95
2020-12-12,Plumas,063,18699,374,291,8,299,0
2020-12-12,Riverside,065,2383286,136620,118335,4678,123013,1579
2020-12-12,Sacramento,067,1510023,53254,48319,338,48657,673
2020-12-12,San Benito,069,59416,2687,2355,19,2374,19
2020-12-12,San Bernardino,071,2135413,149672,125741,3641,129382,1321
2020-12-12,San Diego,073,3302833,118336,104958,4997,109955,1151
2020-12-12,San Francisco,075,870044,19846,18413,162,18575,167
2020-12-12,San Joaquin,077,732212,36656,32200,952,33152,534
2020-12-12,San Luis Obispo,079,281455,8566,7462,178,7640,50
2020-12-12,San Mateo,081,765935,20315,17574,44,17618,177
2020-12-12,Santa Barbara,083,443738,14959,13174,324,13498,144
2020-12-12,Santa Clara,085,1922200,53899,45892,191,46083,498
2020-12-12,Santa Cruz,087,273765,6920,5905,150,6055,54
2020-12-12,Shasta,089,179085,7183,6551,450,7001,54
2020-12-12,Sierra,091,2930,23,21,0,21,0
2020-12-12,Siskiyou,093,43540,885,762,70,832,2
2020-12-12,Solano,095,438530,14661,12748,139,12887,93
2020-12-12,Sonoma,097,501317,16025,14466,96,14562,166
2020-12-12,Stanislaus,099,539301,28915,26246,2258,28504,483
2020-12-12,Sutter,101,95872,5330,4717,29,4746,32
2020-12-12,Tehama,103,63373,2480,2252,153,2405,9
2020-12-12,Trinity,105,12862,342,204,39,243,1
2020-12-12,Tulare,107,460477,28160,25333,2603,27936,341
2020-12-12,Tuolumne,109,53932,2000,1536,7,1543,8
2020-12-12,Ventura,111,848112,30005,25955,1036,26991,202
2020-12-12,Yolo,113,214977,6914,6116,34,6150,95
2020-12-12,Yuba,115,75493,3045,2692,25,2717,10
2020-12-11,Alameda,001,1643700,41082,36281,615,36896,482
2020-12-11,Alpine,003,1148,66,63,0,63,0
2020-12-11,Amador,005,37829,1746,1213,8,1221,19
2020-12-11,Butte,007,227075,5816,4941,496,5437,73
2020-12-11,Calaveras,009,45235,791,697,0,697,21
2020-12-11,Colusa,011,21464,1059,923,33,956,7
2020-12-11,Contra Costa,013,1133247,32492,29036,291,29327,282
2020-12-11,Del Norte,015,27424,591,505,0,505,1
2020-12-11,El Dorado,017,186661,4597,3669,102,3771,9
2020-12-11,Fresno,019,978130,55125,43071,2881,45952,550
2020-12-11,Glenn,021,27897,1266,1135,129,1264,8
2020-12-11,Humboldt,023,135768,1357,1190,4,1194,9
2020-12-11,Imperial,025,180216,20359,18599,327,18926,377
2020-12-11,Inyo,027,18085,462,372,14,386,16
2020-12-11,Kern,029,883053,53748,47664,3085,50749,502
2020-12-11,Kings,031,150075,14044,13118,346,13464,94
2020-12-11,Lake,033,64148,1431,1205,0,1205,21
2020-12-11,Lassen,035,31185,3440,2790,22,2812,1
2020-12-11,Los Angeles,037,10098052,554894,493592,11718,505310,8198
2020-12-11,Madera,039,155013,8497,7648,272,7920,59
2020-12-11,Marin,041,260295,8645,8317,51,8368,141
2020-12-11,Mariposa,043,17540,186,164,2,166,3
2020-12-11,Mendocino,045,87422,1987,1769,18,1787,24
2020-12-11,Merced,047,269075,15471,14038,217,14255,186
2020-12-11,Modoc,049,8938,191,168,54,222,0
2020-12-11,Mono,051,14174,724,631,11,642,3
2020-12-11,Monterey,053,433212,21564,18421,435,18856,150
2020-12-11,Napa,055,140530,4627,4054,24,4078,22
2020-12-11,Nevada,057,99092,2245,1959,59,2018,10
2020-12-11,Orange,059,3164182,116292,98357,3933,102290,1656
2020-12-11,Placer,061,380077,11097,8904,328,9232,93
2020-12-11,Plumas,063,18699,366,286,8,294,0
2020-12-11,Riverside,065,2383286,133555,115329,4454,119783,1573
2020-12-11,Sacramento,067,1510023,52594,47468,329,47797,669
2020-12-11,San Benito,069,59416,2636,2319,19,2338,19
2020-12-11,San Bernardino,071,2135413,146982,123092,3525,126617,1313
2020-12-11,San Diego,073,3302833,116375,102468,4915,107383,1137
2020-12-11,San Francisco,075,870044,19616,18246,161,18407,165
2020-12-11,San Joaquin,077,732212,36311,32044,924,32968,534
2020-12-11,San Luis Obispo,079,281455,8405,7415,175,7590,49
2020-12-11,San Mateo,081,765935,20044,17240,33,17273,177
2020-12-11,Santa Barbara,083,443738,14816,12997,316,13313,144
2020-12-11,Santa Clara,085,1922200,52892,45101,182,45283,494
2020-12-11,Santa Cruz,087,273765,6807,5764,139,5903,50
2020-12-11,Shasta,089,179085,7138,6459,443,6902,54
2020-12-11,Sierra,091,2930,23,19,0,19,0
2020-12-11,Siskiyou,093,43540,878,753,67,820,2
2020-12-11,Solano,095,438530,14475,12554,135,12689,92
2020-12-11,Sonoma,097,501317,15859,14298,93,14391,166
2020-12-11,Stanislaus,099,539301,28649,25928,2217,28145,464
2020-12-11,Sutter,101,95872,5267,4600,28,4628,30
2020-12-11,Tehama,103,63373,2450,2232,149,2381,9
2020-12-11,Trinity,105,12862,339,204,39,243,1
2020-12-11,Tulare,107,460477,27801,24953,2555,27508,338
2020-12-11,Tuolumne,109,53932,1986,1510,7,1517,8
2020-12-11,Ventura,111,848112,29399,24999,1014,26013,202
2020-12-11,Yolo,113,214977,6809,6006,32,6038,95
2020-12-11,Yuba,115,75493,2985,2649,24,2673,10
2020-12-10,Alameda,001,1643700,40310,35686,593,36279,477
2020-12-10,Alpine,003,1148,66,63,0,63,0
2020-12-10,Amador,005,37829,1689,1191,8,1199,18
2020-12-10,Butte,007,227075,5700,4863,469,5332,72
2020-12-10,Calaveras,009,45235,773,684,0,684,21
2020-12-10,Colusa,011,21464,1036,909,28,937,7
2020-12-10,Contra Costa,013,1133247,31810,28413,285,28698,276
2020-12-10,Del Norte,015,27424,582,501,0,501,1
2020-12-10,El Dorado,017,186661,4479,3557,97,3654,9
2020-12-10,Fresno,019,978130,54144,42461,2737,45198,540
2020-12-10,Glenn,021,27897,1246,1126,120,1246,8
2020-12-10,Humboldt,023,135768,1337,1140,4,1144,9
2020-12-10,Imperial,025,180216,20143,18333,249,18582,370
2020-12-10,Inyo,027,18085,441,365,14,379,15
2020-12-10,Kern,029,883053,52764,47176,2918,50094,499
2020-12-10,Kings,031,150075,13892,12993,340,13333,92
2020-12-10,Lake,033,64148,1390,1167,0,1167,21
2020-12-10,Lassen,035,31185,3418,2764,18,2782,0
2020-12-10,Los Angeles,037,10098052,540947,480354,11187,491541,8149
2020-12-10,Madera,039,155013,8392,7445,257,7702,59
2020-12-10,Marin,041,260295,8598,8245,50,8295,140
2020-12-10,Mariposa,043,17540,185,160,2,162,3
2020-12-10,Mendocino,045,87422,1961,1748,15,1763,24
2020-12-10,Merced,047,269075,15226,13756,214,13970,186
2020-12-10,Modoc,049,8938,186,165,52,217,0
2020-12-10,Mono,051,14174,719,601,11,612,3
2020-12-10,Monterey,053,433212,21084,18266,425,18691,145
2020-12-10,Napa,055,140530,4541,3974,23,3997,22
2020-12-10,Nevada,057,99092,2208,1919,59,1978,10
2020-12-10,Orange,059,3164182,113190,95297,3769,99066,1651
2020-12-10,Placer,061,380077,10844,8906,310,9216,90
2020-12-10,Plumas,063,18699,355,281,8,289,0
2020-12-10,Riverside,065,2383286,129873,112794,4184,116978,1552
2020-12-10,Sacramento,067,1510023,51696,46471,308,46779,664
2020-12-10,San Benito,069,59416,2576,2268,18,2286,19
2020-12-10,San Bernardino,071,2135413,142756,120186,3350,123536,1306
2020-12-10,San Diego,073,3302833,113850,99601,4766,104367,1114
2020-12-10,San Francisco,075,870044,19302,17945,153,18098,164
2020-12-10,San Joaquin,077,732212,35677,31228,894,32122,534
2020-12-10,San Luis Obispo,079,281455,8243,7245,164,7409,49
2020-12-10,San Mateo,081,765935,19599,16701,23,16724,177
2020-12-10,Santa Barbara,083,443738,14638,12788,307,13095,143
2020-12-10,Santa Clara,085,1922200,51754,43939,167,44106,491
2020-12-10,Santa Cruz,087,273765,6641,5645,125,5770,48
2020-12-10,Shasta,089,179085,7070,6312,417,6729,53
2020-12-10,Sierra,091,2930,23,18,0,18,0
2020-12-10,Siskiyou,093,43540,868,712,66,778,2
2020-12-10,Solano,095,438530,14108,12017,129,12146,90
2020-12-10,Sonoma,097,501317,15604,14282,92,14374,167
2020-12-10,Stanislaus,099,539301,28186,25582,2146,27728,464
2020-12-10,Sutter,101,95872,5137,4528,26,4554,27
2020-12-10,Tehama,103,63373,2407,2190,139,2329,9
2020-12-10,Trinity,105,12862,335,202,38,240,1
2020-12-10,Tulare,107,460477,27347,24506,2489,26995,337
2020-12-10,Tuolumne,109,53932,1726,1451,7,1458,8
2020-12-10,Ventura,111,848112,28547,24075,970,25045,202
2020-12-10,Yolo,113,214977,6689,5896,31,5927,95
2020-12-10,Yuba,115,75493,2921,2604,23,2627,10
2020-12-09,Alameda,001,1643700,39467,35047,571,35618,470
2020-12-09,Alpine,003,1148,66,58,0,58,0
2020-12-09,Amador,005,37829,1646,1121,8,1129,19
2020-12-09,Butte,007,227075,5558,4733,448,5181,70
2020-12-09,Calaveras,009,45235,746,670,0,670,21
2020-12-09,Colusa,011,21464,1021,896,27,923,7
2020-12-09,Contra Costa,013,1133247,31105,28308,273,28581,273
2020-12-09,Del Norte,015,27424,569,481,0,481,2
2020-12-09,El Dorado,017,186661,4344,3449,89,3538,8
2020-12-09,Fresno,019,978130,53145,41954,2581,44535,533
2020-12-09,Glenn,021,27897,1232,1107,114,1221,8
2020-12-09,Humboldt,023,135768,1305,1086,4,1090,10
2020-12-09,Imperial,025,180216,19889,17757,212,17969,368
2020-12-09,Inyo,027,18085,428,356,14,370,15
2020-12-09,Kern,029,883053,51605,46379,2774,49153,494
2020-12-09,Kings,031,150075,13747,12716,332,13048,92
2020-12-09,Lake,033,64148,1363,1158,0,1158,20
2020-12-09,Lassen,035,31185,3349,2331,16,2347,0
2020-12-09,Los Angeles,037,10098052,527487,467971,10634,478605,8075
2020-12-09,Madera,039,155013,8280,7216,254,7470,59
2020-12-09,Marin,041,260295,8536,8182,49,8231,138
2020-12-09,Mariposa,043,17540,183,154,2,156,3
2020-12-09,Mendocino,045,87422,1935,1703,14,1717,24
2020-12-09,Merced,047,269075,14987,13588,207,13795,183
2020-12-09,Modoc,049,8938,181,146,43,189,0
2020-12-09,Mono,051,14174,707,601,11,612,3
2020-12-09,Monterey,053,433212,20689,17891,416,18307,143
2020-12-09,Napa,055,140530,4456,3858,22,3880,21
2020-12-09,Nevada,057,99092,2155,1864,59,1923,10
2020-12-09,Orange,059,3164182,110098,93763,3596,97359,1629
2020-12-09,Placer,061,380077,10583,8588,296,8884,85
2020-12-09,Plumas,063,18699,347,271,8,279,0
2020-12-09,Riverside,065,2383286,126182,110376,3978,114354,1543
2020-12-09,Sacramento,067,1510023,50634,45284,280,45564,659
2020-12-09,San Benito,069,59416,2503,2217,16,2233,19
2020-12-09,San Bernardino,071,2135413,138482,114516,3152,117668,1305
2020-12-09,San Diego,073,3302833,110870,97551,4627,102178,1103
2020-12-09,San Francisco,075,870044,19001,17628,152,17780,163
2020-12-09,San Joaquin,077,732212,34858,30539,869,31408,531
2020-12-09,San Luis Obispo,079,281455,8024,7105,156,7261,47
2020-12-09,San Mateo,081,765935,19148,16422,22,16444,175
2020-12-09,Santa Barbara,083,443738,14436,12630,297,12927,142
2020-12-09,Santa Clara,085,1922200,50607,42912,151,43063,489
2020-12-09,Santa Cruz,087,273765,6483,5527,110,5637,47
2020-12-09,Shasta,089,179085,7005,6105,402,6507,52
2020-12-09,Sierra,091,2930,23,18,0,18,0
2020-12-09,Siskiyou,093,43540,857,713,65,778,2
2020-12-09,Solano,095,438530,13760,11862,121,11983,90
2020-12-09,Sonoma,097,501317,15348,13994,89,14083,164
2020-12-09,Stanislaus,099,539301,27689,25157,2084,27241,463
2020-12-09,Sutter,101,95872,5019,4418,22,4440,24
2020-12-09,Tehama,103,63373,2371,2102,135,2237,9
2020-12-09,Trinity,105,12862,327,199,37,236,0
2020-12-09,Tulare,107,460477,26754,24124,2410,26534,334
2020-12-09,Tuolumne,109,53932,1692,1319,7,1326,8
2020-12-09,Ventura,111,848112,27685,23830,926,24756,201
2020-12-09,Yolo,113,214977,6565,5760,29,5789,95
2020-12-09,Yuba,115,75493,2853,2513,22,2535,10
2020-12-08,Alameda,001,1643700,38570,34373,555,34928,469
2020-12-08,Alpine,003,1148,65,53,0,53,0
2020-12-08,Amador,005,37829,1360,1043,8,1051,17
2020-12-08,Butte,007,227075,5400,4651,406,5057,70
2020-12-08,Calaveras,009,45235,721,657,0,657,21
2020-12-08,Colusa,011,21464,1005,875,26,901,6
2020-12-08,Contra Costa,013,1133247,30403,27926,256,28182,270
2020-12-08,Del Norte,015,27424,553,465,0,465,2
2020-12-08,El Dorado,017,186661,4220,3296,76,3372,8
2020-12-08,Fresno,019,978130,51886,41574,2418,43992,529
2020-12-08,Glenn,021,27897,1212,1094,106,1200,8
2020-12-08,Humboldt,023,135768,1279,1059,4,1063,10
2020-12-08,Imperial,025,180216,19372,17568,204,17772,363
2020-12-08,Inyo,027,18085,405,333,14,347,15
2020-12-08,Kern,029,883053,50312,45116,2618,47734,487
2020-12-08,Kings,031,150075,13594,12623,322,12945,90
2020-12-08,Lake,033,64148,1322,1127,0,1127,20
2020-12-08,Lassen,035,31185,3193,2165,16,2181,0
2020-12-08,Los Angeles,037,10098052,514818,459738,10148,469886,8004
2020-12-08,Madera,039,155013,8149,7082,240,7322,59
2020-12-08,Marin,041,260295,8456,8099,48,8147,137
2020-12-08,Mariposa,043,17540,179,150,2,152,2
2020-12-08,Mendocino,045,87422,1893,1666,14,1680,23
2020-12-08,Merced,047,269075,14678,13380,206,13586,181
2020-12-08,Modoc,049,8938,173,138,40,178,0
2020-12-08,Mono,051,14174,693,597,11,608,3
2020-12-08,Monterey,053,433212,20121,17752,409,18161,134
2020-12-08,Napa,055,140530,4368,3778,21,3799,22
2020-12-08,Nevada,057,99092,2101,1809,56,1865,11
2020-12-08,Orange,059,3164182,106874,91406,3431,94837,1629
2020-12-08,Placer,061,380077,10315,8224,291,8515,82
2020-12-08,Plumas,063,18699,337,258,8,266,0
2020-12-08,Riverside,065,2383286,122823,107620,3798,111418,1514
2020-12-08,Sacramento,067,1510023,49570,44635,264,44899,649
2020-12-08,San Benito,069,59416,2450,2180,16,2196,18
2020-12-08,San Bernardino,071,2135413,134133,110676,3026,113702,1301
2020-12-08,San Diego,073,3302833,107499,95447,4470,99917,1088
2020-12-08,San Francisco,075,870044,18690,17384,150,17534,162
2020-12-08,San Joaquin,077,732212,33965,30225,836,31061,530
2020-12-08,San Luis Obispo,079,281455,7895,6903,145,7048,45
2020-12-08,San Mateo,081,765935,18748,16305,22,16327,175
2020-12-08,Santa Barbara,083,443738,14252,12516,287,12803,141
2020-12-08,Santa Clara,085,1922200,49299,41309,142,41451,484
2020-12-08,Santa Cruz,087,273765,6306,5374,108,5482,45
2020-12-08,Shasta,089,179085,6896,5946,394,6340,50
2020-12-08,Sierra,091,2930,22,18,0,18,0
2020-12-08,Siskiyou,093,43540,843,704,63,767,2
2020-12-08,Solano,095,438530,13358,11669,119,11788,89
2020-12-08,Sonoma,097,501317,15089,13601,88,13689,164
2020-12-08,Stanislaus,099,539301,27200,24793,2019,26812,461
2020-12-08,Sutter,101,95872,4923,4342,21,4363,24
2020-12-08,Tehama,103,63373,2291,2057,127,2184,9
2020-12-08,Trinity,105,12862,318,198,36,234,0
2020-12-08,Tulare,107,460477,26151,23607,2345,25952,330
2020-12-08,Tuolumne,109,53932,1668,1264,7,1271,7
2020-12-08,Ventura,111,848112,27024,23665,882,24547,195
2020-12-08,Yolo,113,214977,6433,5560,29,5589,90
2020-12-08,Yuba,115,75493,2776,2477,22,2499,10
2020-12-07,Alameda,001,1643700,37703,33887,520,34407,466
2020-12-07,Alpine,003,1148,64,53,0,53,0
2020-12-07,Amador,005,37829,1285,993,7,1000,17
2020-12-07,Butte,007,227075,5264,4604,383,4987,67
2020-12-07,Calaveras,009,45235,689,606,0,606,21
2020-12-07,Colusa,011,21464,980,825,24,849,6
2020-12-07,Contra Costa,013,1133247,29787,27307,243,27550,270
2020-12-07,Del Norte,015,27424,541,424,0,424,2
2020-12-07,El Dorado,017,186661,4040,3275,69,3344,8
2020-12-07,Fresno,019,978130,50415,41098,2293,43391,526
2020-12-07,Glenn,021,27897,1193,1085,100,1185,8
2020-12-07,Humboldt,023,135768,1244,1023,4,1027,9
2020-12-07,Imperial,025,180216,18950,17234,192,17426,364
2020-12-07,Inyo,027,18085,390,333,12,345,15
2020-12-07,Kern,029,883053,49288,44409,2480,46889,486
2020-12-07,Kings,031,150075,13451,12412,312,12724,90
2020-12-07,Lake,033,64148,1293,1090,0,1090,20
2020-12-07,Lassen,035,31185,3096,2167,16,2183,0
2020-12-07,Los Angeles,037,10098052,501169,451052,9703,460755,7937
2020-12-07,Madera,039,155013,7884,6935,234,7169,59
2020-12-07,Marin,041,260295,8398,8049,47,8096,136
2020-12-07,Mariposa,043,17540,176,146,2,148,2
2020-12-07,Mendocino,045,87422,1857,1638,12,1650,23
2020-12-07,Merced,047,269075,14319,13250,196,13446,179
2020-12-07,Modoc,049,8938,166,128,37,165,0
2020-12-07,Mono,051,14174,680,590,11,601,3
2020-12-07,Monterey,053,433212,19640,17746,397,18143,132
2020-12-07,Napa,055,140530,4277,3684,21,3705,21
2020-12-07,Nevada,057,99092,2052,1777,55,1832,11
2020-12-07,Orange,059,3164182,103611,89793,3312,93105,1628
2020-12-07,Placer,061,380077,9988,7911,277,8188,82
2020-12-07,Plumas,063,18699,325,256,5,261,0
2020-12-07,Riverside,065,2383286,119624,102363,3617,105980,1491
2020-12-07,Sacramento,067,1510023,48474,43419,246,43665,638
2020-12-07,San Benito,069,59416,2399,2165,15,2180,18
2020-12-07,San Bernardino,071,2135413,130187,108161,2906,111067,1295
2020-12-07,San Diego,073,3302833,104709,94171,4290,98461,1062
2020-12-07,San Francisco,075,870044,18399,17220,142,17362,161
2020-12-07,San Joaquin,077,732212,33090,28188,809,28997,530
2020-12-07,San Luis Obispo,079,281455,7713,6782,138,6920,45
2020-12-07,San Mateo,081,765935,18307,16029,21,16050,175
2020-12-07,Santa Barbara,083,443738,14009,12362,276,12638,141
2020-12-07,Santa Clara,085,1922200,47912,40621,133,40754,484
2020-12-07,Santa Cruz,087,273765,6140,5152,102,5254,41
2020-12-07,Shasta,089,179085,6772,5742,379,6121,50
2020-12-07,Sierra,091,2930,20,18,0,18,0
2020-12-07,Siskiyou,093,43540,817,652,62,714,2
2020-12-07,Solano,095,438530,13018,11354,115,11469,89
2020-12-07,Sonoma,097,501317,14804,13376,88,13464,164
2020-12-07,Stanislaus,099,539301,26640,24479,1967,26446,454
2020-12-07,Sutter,101,95872,4782,4106,21,4127,24
2020-12-07,Tehama,103,63373,2237,2030,122,2152,9
2020-12-07,Trinity,105,12862,314,194,36,230,0
2020-12-07,Tulare,107,460477,25616,22760,2288,25048,328
2020-12-07,Tuolumne,109,53932,1582,1256,6,1262,7
2020-12-07,Ventura,111,848112,26438,23354,846,24200,191
2020-12-07,Yolo,113,214977,6269,5537,28,5565,90
2020-12-07,Yuba,115,75493,2708,2428,20,2448,10
2020-12-06,Alameda,001,1643700,36728,33477,499,33976,465
2020-12-06,Alpine,003,1148,60,53,0,53,0
2020-12-06,Amador,005,37829,1222,952,6,958,17
2020-12-06,Butte,007,227075,5111,4527,349,4876,67
2020-12-06,Calaveras,009,45235,670,606,0,606,21
2020-12-06,Colusa,011,21464,963,824,21,845,6
2020-12-06,Contra Costa,013,1133247,29181,26566,236,26802,270
2020-12-06,Del Norte,015,27424,487,414,0,414,2
2020-12-06,El Dorado,017,186661,3903,3086,64,3150,8
2020-12-06,Fresno,019,978130,49465,40869,2174,43043,526
2020-12-06,Glenn,021,27897,1183,1067,96,1163,8
2020-12-06,Humboldt,023,135768,1219,1004,4,1008,9
2020-12-06,Imperial,025,180216,18640,16922,183,17105,364
2020-12-06,Inyo,027,18085,377,333,12,345,15
2020-12-06,Kern,029,883053,48299,43899,2308,46207,486
2020-12-06,Kings,031,150075,13181,12056,295,12351,90
2020-12-06,Lake,033,64148,1255,1075,0,1075,20
2020-12-06,Lassen,035,31185,2992,2168,14,2182,0
2020-12-06,Los Angeles,037,10098052,487594,443230,9254,452484,7910
2020-12-06,Madera,039,155013,7713,6826,226,7052,59
2020-12-06,Marin,041,260295,8318,8013,45,8058,136
2020-12-06,Mariposa,043,17540,175,144,2,146,2
2020-12-06,Mendocino,045,87422,1817,1614,12,1626,23
2020-12-06,Merced,047,269075,13984,12928,187,13115,179
2020-12-06,Modoc,049,8938,153,125,29,154,0
2020-12-06,Mono,051,14174,658,586,9,595,3
2020-12-06,Monterey,053,433212,19021,17426,387,17813,130
2020-12-06,Napa,055,140530,4165,3644,21,3665,21
2020-12-06,Nevada,057,99092,1993,1710,52,1762,10
2020-12-06,Orange,059,3164182,100545,87737,3182,90919,1627
2020-12-06,Placer,061,380077,9706,7837,256,8093,82
2020-12-06,Plumas,063,18699,312,254,4,258,0
2020-12-06,Riverside,065,2383286,116540,100088,3392,103480,1482
2020-12-06,Sacramento,067,1510023,47233,42808,231,43039,638
2020-12-06,San Benito,069,59416,2362,2135,15,2150,18
2020-12-06,San Bernardino,071,2135413,126045,106927,2748,109675,1286
2020-12-06,San Diego,073,3302833,101677,92173,4136,96309,1062
2020-12-06,San Francisco,075,870044,18077,17107,134,17241,161
2020-12-06,San Joaquin,077,732212,32256,28188,780,28968,530
2020-12-06,San Luis Obispo,079,281455,7547,6723,134,6857,45
2020-12-06,San Mateo,081,765935,17802,15855,18,15873,175
2020-12-06,Santa Barbara,083,443738,13777,12252,267,12519,141
2020-12-06,Santa Clara,085,1922200,46536,39112,127,39239,482
2020-12-06,Santa Cruz,087,273765,5966,5069,96,5165,40
2020-12-06,Shasta,089,179085,6631,5743,357,6100,49
2020-12-06,Sierra,091,2930,20,17,0,17,0
2020-12-06,Siskiyou,093,43540,799,652,60,712,2
2020-12-06,Solano,095,438530,12731,11354,105,11459,88
2020-12-06,Sonoma,097,501317,14515,13238,87,13325,164
2020-12-06,Stanislaus,099,539301,26088,24036,1902,25938,454
2020-12-06,Sutter,101,95872,4666,4009,20,4029,21
2020-12-06,Tehama,103,63373,2178,1982,113,2095,9
2020-12-06,Trinity,105,12862,307,181,34,215,0
2020-12-06,Tulare,107,460477,25091,22756,2219,24975,327
2020-12-06,Tuolumne,109,53932,1479,1210,6,1216,7
2020-12-06,Ventura,111,848112,25895,23035,819,23854,191
2020-12-06,Yolo,113,214977,6108,5465,23,5488,90
2020-12-06,Yuba,115,75493,2664,2340,19,2359,10
2020-12-05,Alameda,001,1643700,36370,32781,488,33269,465
2020-12-05,Alpine,003,1148,59,53,0,53,0
2020-12-05,Amador,005,37829,1198,847,6,853,17
2020-12-05,Butte,007,227075,5043,4455,330,4785,66
2020-12-05,Calaveras,009,45235,659,606,0,606,21
2020-12-05,Colusa,011,21464,945,825,18,843,6
2020-12-05,Contra Costa,013,1133247,28889,26217,229,26446,270
2020-12-05,Del Norte,015,27424,481,408,0,408,2
2020-12-05,El Dorado,017,186661,3838,3061,59,3120,8
2020-12-05,Fresno,019,978130,49145,40568,2118,42686,525
2020-12-05,Glenn,021,27897,1170,1056,90,1146,8
2020-12-05,Humboldt,023,135768,1186,979,4,983,9
2020-12-05,Imperial,025,180216,18474,16544,181,16725,362
2020-12-05,Inyo,027,18085,372,332,12,344,15
2020-12-05,Kern,029,883053,47837,43332,2220,45552,484
2020-12-05,Kings,031,150075,13102,11898,292,12190,90
2020-12-05,Lake,033,64148,1230,1069,0,1069,20
2020-12-05,Lassen,035,31185,2801,2168,12,2180,0
2020-12-05,Los Angeles,037,10098052,481802,433120,8931,442051,7888
2020-12-05,Madera,039,155013,7620,6619,219,6838,59
2020-12-05,Marin,041,260295,8291,7961,45,8006,136
2020-12-05,Mariposa,043,17540,170,143,2,145,2
2020-12-05,Mendocino,045,87422,1778,1585,12,1597,23
2020-12-05,Merced,047,269075,13877,12747,176,12923,180
2020-12-05,Modoc,049,8938,153,118,28,146,0
2020-12-05,Mono,051,14174,653,554,9,563,3
2020-12-05,Monterey,053,433212,18875,17077,383,17460,127
2020-12-05,Napa,055,140530,4095,3565,21,3586,21
2020-12-05,Nevada,057,99092,1978,1642,50,1692,10
2020-12-05,Orange,059,3164182,99088,85735,3086,88821,1612
2020-12-05,Placer,061,380077,9586,7811,247,8058,78
2020-12-05,Plumas,063,18699,305,246,1,247,0
2020-12-05,Riverside,065,2383286,114928,98612,3213,101825,1477
2020-12-05,Sacramento,067,1510023,46565,41878,216,42094,625
2020-12-05,San Benito,069,59416,2318,2073,15,2088,18
2020-12-05,San Bernardino,071,2135413,124522,105382,2618,108000,1283
2020-12-05,San Diego,073,3302833,100325,90470,4056,94526,1055
2020-12-05,San Francisco,075,870044,17893,16786,130,16916,161
2020-12-05,San Joaquin,077,732212,31993,28105,746,28851,523
2020-12-05,San Luis Obispo,079,281455,7480,6623,131,6754,44
2020-12-05,San Mateo,081,765935,17544,15512,18,15530,175
2020-12-05,Santa Barbara,083,443738,13677,12107,261,12368,141
2020-12-05,Santa Clara,085,1922200,45798,38339,122,38461,474
2020-12-05,Santa Cruz,087,273765,5892,4997,94,5091,40
2020-12-05,Shasta,089,179085,6570,5653,346,5999,49
2020-12-05,Sierra,091,2930,20,17,0,17,0
2020-12-05,Siskiyou,093,43540,791,649,59,708,2
2020-12-05,Solano,095,438530,12562,11351,103,11454,87
2020-12-05,Sonoma,097,501317,14419,13137,87,13224,164
2020-12-05,Stanislaus,099,539301,25779,23662,1866,25528,454
2020-12-05,Sutter,101,95872,4599,3937,20,3957,20
2020-12-05,Tehama,103,63373,2162,1926,111,2037,9
2020-12-05,Trinity,105,12862,306,177,34,211,0
2020-12-05,Tulare,107,460477,24876,22660,2159,24819,324
2020-12-05,Tuolumne,109,53932,1420,1180,6,1186,7
2020-12-05,Ventura,111,848112,25526,22710,804,23514,191
2020-12-05,Yolo,113,214977,6031,5351,22,5373,90
2020-12-05,Yuba,115,75493,2627,2275,19,2294,10
2020-12-04,Alameda,001,1643700,35821,31871,475,32346,465
2020-12-04,Alpine,003,1148,59,53,0,53,0
2020-12-04,Amador,005,37829,1184,766,3,769,16
2020-12-04,Butte,007,227075,4972,4336,308,4644,65
2020-12-04,Calaveras,009,45235,654,585,0,585,21
2020-12-04,Colusa,011,21464,931,790,17,807,6
2020-12-04,Contra Costa,013,1133247,28546,25705,217,25922,264
2020-12-04,Del Norte,015,27424,470,401,0,401,2
2020-12-04,El Dorado,017,186661,3750,2933,56,2989,7
2020-12-04,Fresno,019,978130,48436,40108,2050,42158,522
2020-12-04,Glenn,021,27897,1164,1017,82,1099,8
2020-12-04,Humboldt,023,135768,1168,960,4,964,9
2020-12-04,Imperial,025,180216,18231,16484,181,16665,362
2020-12-04,Inyo,027,18085,364,324,12,336,15
2020-12-04,Kern,029,883053,47286,42497,2116,44613,485
2020-12-04,Kings,031,150075,13009,11767,286,12053,88
2020-12-04,Lake,033,64148,1202,1018,0,1018,20
2020-12-04,Lassen,035,31185,2794,2167,10,2177,0
2020-12-04,Los Angeles,037,10098052,473195,424164,8629,432793,7845
2020-12-04,Madera,039,155013,7529,6479,216,6695,58
2020-12-04,Marin,041,260295,8240,7896,43,7939,136
2020-12-04,Mariposa,043,17540,170,136,2,138,2
2020-12-04,Mendocino,045,87422,1759,1563,11,1574,23
2020-12-04,Merced,047,269075,13762,12474,168,12642,177
2020-12-04,Modoc,049,8938,153,115,28,143,0
2020-12-04,Mono,051,14174,648,549,9,558,3
2020-12-04,Monterey,053,433212,18670,16737,374,17111,127
2020-12-04,Napa,055,140530,4042,3432,21,3453,19
2020-12-04,Nevada,057,99092,1953,1560,47,1607,10
2020-12-04,Orange,059,3164182,97167,83738,3021,86759,1597
2020-12-04,Placer,061,380077,9460,7461,233,7694,76
2020-12-04,Plumas,063,18699,298,232,0,232,0
2020-12-04,Riverside,065,2383286,112731,95255,3056,98311,1475
2020-12-04,Sacramento,067,1510023,45800,41061,199,41260,618
2020-12-04,San Benito,069,59416,2285,2006,15,2021,17
2020-12-04,San Bernardino,071,2135413,122251,102418,2509,104927,1290
2020-12-04,San Diego,073,3302833,98842,88183,3969,92152,1047
2020-12-04,San Francisco,075,870044,17703,16499,130,16629,161
2020-12-04,San Joaquin,077,732212,31556,27806,709,28515,522
2020-12-04,San Luis Obispo,079,281455,7395,6473,128,6601,42
2020-12-04,San Mateo,081,765935,17256,15112,17,15129,173
2020-12-04,Santa Barbara,083,443738,13571,11947,253,12200,141
2020-12-04,Santa Clara,085,1922200,44879,37465,116,37581,468
2020-12-04,Santa Cruz,087,273765,5805,4985,92,5077,32
2020-12-04,Shasta,089,179085,6482,5439,336,5775,49
2020-12-04,Sierra,091,2930,19,17,0,17,0
2020-12-04,Siskiyou,093,43540,784,639,56,695,2
2020-12-04,Solano,095,438530,12416,11037,100,11137,87
2020-12-04,Sonoma,097,501317,14271,12962,86,13048,164
2020-12-04,Stanislaus,099,539301,25509,23206,1820,25026,448
2020-12-04,Sutter,101,95872,4526,3791,15,3806,20
2020-12-04,Tehama,103,63373,2122,1876,106,1982,9
2020-12-04,Trinity,105,12862,304,172,34,206,0
2020-12-04,Tulare,107,460477,24593,22273,2084,24357,322
2020-12-04,Tuolumne,109,53932,1389,1134,6,1140,7
2020-12-04,Ventura,111,848112,25149,22024,787,22811,189
2020-12-04,Yolo,113,214977,5957,5294,21,5315,87
2020-12-04,Yuba,115,75493,2584,2225,18,2243,10
2020-12-03,Alameda,001,1643700,35060,31184,456,31640,465
2020-12-03,Alpine,003,1148,58,53,0,53,0
2020-12-03,Amador,005,37829,1133,653,3,656,16
2020-12-03,Butte,007,227075,4876,4305,289,4594,65
2020-12-03,Calaveras,009,45235,635,572,0,572,21
2020-12-03,Colusa,011,21464,918,774,17,791,6
2020-12-03,Contra Costa,013,1133247,28045,25464,210,25674,265
2020-12-03,Del Norte,015,27424,466,388,0,388,2
2020-12-03,El Dorado,017,186661,3624,2740,54,2794,6
2020-12-03,Fresno,019,978130,47684,39680,1978,41658,516
2020-12-03,Glenn,021,27897,1146,997,74,1071,8
2020-12-03,Humboldt,023,135768,1138,923,4,927,9
2020-12-03,Imperial,025,180216,18026,16436,170,16606,359
2020-12-03,Inyo,027,18085,361,321,12,333,15
2020-12-03,Kern,029,883053,46439,42062,2015,44077,483
2020-12-03,Kings,031,150075,12909,11658,274,11932,87
2020-12-03,Lake,033,64148,1187,991,0,991,20
2020-12-03,Lassen,035,31185,2754,2128,9,2137,0
2020-12-03,Los Angeles,037,10098052,463104,415805,8263,424068,7787
2020-12-03,Madera,039,155013,7406,6398,211,6609,58
2020-12-03,Marin,041,260295,8180,7861,39,7900,136
2020-12-03,Mariposa,043,17540,166,132,2,134,2
2020-12-03,Mendocino,045,87422,1742,1547,8,1555,23
2020-12-03,Merced,047,269075,13517,12310,160,12470,177
2020-12-03,Modoc,049,8938,151,114,28,142,0
2020-12-03,Mono,051,14174,626,527,9,536,3
2020-12-03,Monterey,053,433212,18208,16218,363,16581,125
2020-12-03,Napa,055,140530,3929,3360,21,3381,19
2020-12-03,Nevada,057,99092,1875,1472,46,1518,10
2020-12-03,Orange,059,3164182,94631,82187,2951,85138,1591
2020-12-03,Placer,061,380077,9260,7270,217,7487,73
2020-12-03,Plumas,063,18699,284,223,0,223,0
2020-12-03,Riverside,065,2383286,109976,92489,2889,95378,1461
2020-12-03,Sacramento,067,1510023,44741,40280,184,40464,614
2020-12-03,San Benito,069,59416,2239,1967,15,1982,16
2020-12-03,San Bernardino,071,2135413,118930,100787,2423,103210,1283
2020-12-03,San Diego,073,3302833,97027,86144,3851,89995,1040
2020-12-03,San Francisco,075,870044,17481,16236,129,16365,161
2020-12-03,San Joaquin,077,732212,30834,27239,662,27901,522
2020-12-03,San Luis Obispo,079,281455,7227,6388,127,6515,42
2020-12-03,San Mateo,081,765935,16904,14909,17,14926,173
2020-12-03,Santa Barbara,083,443738,13443,11829,247,12076,141
2020-12-03,Santa Clara,085,1922200,43683,36621,110,36731,465
2020-12-03,Santa Cruz,087,273765,5662,4850,88,4938,28
2020-12-03,Shasta,089,179085,6373,5330,329,5659,48
2020-12-03,Sierra,091,2930,19,17,0,17,0
2020-12-03,Siskiyou,093,43540,769,629,53,682,2
2020-12-03,Solano,095,438530,12202,10857,97,10954,87
2020-12-03,Sonoma,097,501317,14028,12772,85,12857,164
2020-12-03,Stanislaus,099,539301,25102,22821,1769,24590,447
2020-12-03,Sutter,101,95872,4444,3727,14,3741,20
2020-12-03,Tehama,103,63373,2070,1832,96,1928,9
2020-12-03,Trinity,105,12862,301,166,34,200,0
2020-12-03,Tulare,107,460477,24194,21993,1991,23984,321
2020-12-03,Tuolumne,109,53932,1348,1105,6,1111,7
2020-12-03,Ventura,111,848112,24447,21555,773,22328,187
2020-12-03,Yolo,113,214977,5819,5069,21,5090,87
2020-12-03,Yuba,115,75493,2514,2182,17,2199,10
2020-12-02,Alameda,001,1643700,34435,30697,445,31142,463
2020-12-02,Alpine,003,1148,57,52,0,52,0
2020-12-02,Amador,005,37829,1061,585,3,588,16
2020-12-02,Butte,007,227075,4754,4243,279,4522,65
2020-12-02,Calaveras,009,45235,619,553,0,553,21
2020-12-02,Colusa,011,21464,902,756,16,772,6
2020-12-02,Contra Costa,013,1133247,27585,25147,198,25345,264
2020-12-02,Del Norte,015,27424,452,384,0,384,2
2020-12-02,El Dorado,017,186661,3523,2638,49,2687,5
2020-12-02,Fresno,019,978130,46928,39324,1876,41200,507
2020-12-02,Glenn,021,27897,1129,995,66,1061,7
2020-12-02,Humboldt,023,135768,1112,899,4,903,9
2020-12-02,Imperial,025,180216,17601,16360,162,16522,356
2020-12-02,Inyo,027,18085,354,314,12,326,15
2020-12-02,Kern,029,883053,45544,41660,1915,43575,479
2020-12-02,Kings,031,150075,12556,11531,260,11791,86
2020-12-02,Lake,033,64148,1157,971,0,971,20
2020-12-02,Lassen,035,31185,2695,2115,9,2124,0
2020-12-02,Los Angeles,037,10098052,453061,408289,7923,416212,7739
2020-12-02,Madera,039,155013,7282,6370,204,6574,57
2020-12-02,Marin,041,260295,8133,7819,37,7856,136
2020-12-02,Mariposa,043,17540,163,131,2,133,2
2020-12-02,Mendocino,045,87422,1709,1524,8,1532,23
2020-12-02,Merced,047,269075,13274,12168,153,12321,173
2020-12-02,Modoc,049,8938,148,113,28,141,0
2020-12-02,Mono,051,14174,617,520,9,529,3
2020-12-02,Monterey,053,433212,17730,16064,324,16388,121
2020-12-02,Napa,055,140530,3826,3298,20,3318,19
2020-12-02,Nevada,057,99092,1813,1430,45,1475,9
2020-12-02,Orange,059,3164182,92435,81046,2871,83917,1569
2020-12-02,Placer,061,380077,9027,6941,202,7143,73
2020-12-02,Plumas,063,18699,271,218,0,218,0
2020-12-02,Riverside,065,2383286,107258,90089,2707,92796,1451
2020-12-02,Sacramento,067,1510023,43703,39334,173,39507,597
2020-12-02,San Benito,069,59416,2174,1921,15,1936,16
2020-12-02,San Bernardino,071,2135413,115364,98567,2315,100882,1240
2020-12-02,San Diego,073,3302833,95111,84640,3736,88376,1035
2020-12-02,San Francisco,075,870044,17244,16058,127,16185,157
2020-12-02,San Joaquin,077,732212,30213,26740,638,27378,519
2020-12-02,San Luis Obispo,079,281455,7129,6324,124,6448,42
2020-12-02,San Mateo,081,765935,16541,14757,16,14773,170
2020-12-02,Santa Barbara,083,443738,13290,11705,235,11940,140
2020-12-02,Santa Clara,085,1922200,42569,35878,110,35988,458
2020-12-02,Santa Cruz,087,273765,5530,4766,85,4851,27
2020-12-02,Shasta,089,179085,6249,5188,312,5500,47
2020-12-02,Sierra,091,2930,19,17,0,17,0
2020-12-02,Siskiyou,093,43540,753,624,51,675,1
2020-12-02,Solano,095,438530,11956,10701,93,10794,87
2020-12-02,Sonoma,097,501317,13788,12635,84,12719,163
2020-12-02,Stanislaus,099,539301,24605,22615,1710,24325,448
2020-12-02,Sutter,101,95872,4283,3604,14,3618,18
2020-12-02,Tehama,103,63373,2026,1800,81,1881,9
2020-12-02,Trinity,105,12862,292,165,33,198,0
2020-12-02,Tulare,107,460477,23815,21789,1908,23697,321
2020-12-02,Tuolumne,109,53932,1307,1076,6,1082,7
2020-12-02,Ventura,111,848112,24036,21208,755,21963,186
2020-12-02,Yolo,113,214977,5708,5053,20,5073,87
2020-12-02,Yuba,115,75493,2437,2119,16,2135,10
2020-12-01,Alameda,001,1643700,33748,30252,434,30686,460
2020-12-01,Alpine,003,1148,57,41,0,41,0
2020-12-01,Amador,005,37829,914,575,2,577,16
2020-12-01,Butte,007,227075,4649,4177,264,4441,65
2020-12-01,Calaveras,009,45235,601,544,0,544,21
2020-12-01,Colusa,011,21464,885,747,16,763,6
2020-12-01,Contra Costa,013,1133247,27012,24788,190,24978,264
2020-12-01,Del Norte,015,27424,424,357,0,357,2
2020-12-01,El Dorado,017,186661,3378,2542,44,2586,4
2020-12-01,Fresno,019,978130,46026,39004,1797,40801,505
2020-12-01,Glenn,021,27897,1108,989,62,1051,7
2020-12-01,Humboldt,023,135768,1081,886,4,890,9
2020-12-01,Imperial,025,180216,17288,16278,159,16437,356
2020-12-01,Inyo,027,18085,347,304,11,315,15
2020-12-01,Kern,029,883053,44741,41345,1784,43129,478
2020-12-01,Kings,031,150075,12242,11415,244,11659,86
2020-12-01,Lake,033,64148,1139,969,0,969,19
2020-12-01,Lassen,035,31185,2529,2047,8,2055,0
2020-12-01,Los Angeles,037,10098052,442708,403266,7591,410857,7704
2020-12-01,Madera,039,155013,7165,6270,194,6464,57
2020-12-01,Marin,041,260295,8063,7787,36,7823,136
2020-12-01,Mariposa,043,17540,158,128,2,130,2
2020-12-01,Mendocino,045,87422,1675,1497,8,1505,23
2020-12-01,Merced,047,269075,13031,12032,144,12176,172
2020-12-01,Modoc,049,8938,143,113,24,137,0
2020-12-01,Mono,051,14174,604,520,9,529,3
2020-12-01,Monterey,053,433212,17223,15835,313,16148,121
2020-12-01,Napa,055,140530,3742,3124,19,3143,19
2020-12-01,Nevada,057,99092,1751,1411,44,1455,9
2020-12-01,Orange,059,3164182,90338,79468,2782,82250,1567
2020-12-01,Placer,061,380077,8703,6794,195,6989,72
2020-12-01,Plumas,063,18699,259,201,0,201,0
2020-12-01,Riverside,065,2383286,104450,88530,2544,91074,1448
2020-12-01,Sacramento,067,1510023,42655,38966,168,39134,589
2020-12-01,San Benito,069,59416,2119,1888,15,1903,15
2020-12-01,San Bernardino,071,2135413,111893,95854,2191,98045,1220
2020-12-01,San Diego,073,3302833,92854,83423,3626,87049,1019
2020-12-01,San Francisco,075,870044,16963,15797,123,15920,157
2020-12-01,San Joaquin,077,732212,29413,26432,616,27048,514
2020-12-01,San Luis Obispo,079,281455,6989,6264,119,6383,40
2020-12-01,San Mateo,081,765935,16216,14495,16,14511,170
2020-12-01,Santa Barbara,083,443738,13150,11611,225,11836,140
2020-12-01,Santa Clara,085,1922200,41312,35397,105,35502,452
2020-12-01,Santa Cruz,087,273765,5372,4638,77,4715,27
2020-12-01,Shasta,089,179085,6121,5077,292,5369,47
2020-12-01,Sierra,091,2930,19,17,0,17,0
2020-12-01,Siskiyou,093,43540,739,608,47,655,1
2020-12-01,Solano,095,438530,11697,10604,87,10691,87
2020-12-01,Sonoma,097,501317,13583,12491,81,12572,163
2020-12-01,Stanislaus,099,539301,24149,22351,1653,24004,447
2020-12-01,Sutter,101,95872,4142,3538,14,3552,17
2020-12-01,Tehama,103,63373,1965,1773,70,1843,9
2020-12-01,Trinity,105,12862,279,165,27,192,0
2020-12-01,Tulare,107,460477,23360,21645,1836,23481,319
2020-12-01,Tuolumne,109,53932,1271,1052,4,1056,7
2020-12-01,Ventura,111,848112,23423,20604,733,21337,186
2020-12-01,Yolo,113,214977,5568,4928,20,4948,86
2020-12-01,Yuba,115,75493,2371,2088,15,2103,10
2020-11-30,Alameda,001,1643700,32932,29972,416,30388,457
2020-11-30,Alpine,003,1148,55,41,0,41,0
2020-11-30,Amador,005,37829,873,559,2,561,16
2020-11-30,Butte,007,227075,4532,4148,248,4396,65
2020-11-30,Calaveras,009,45235,578,478,0,478,21
2020-11-30,Colusa,011,21464,858,737,12,749,6
2020-11-30,Contra Costa,013,1133247,26434,24365,186,24551,264
2020-11-30,Del Norte,015,27424,401,339,0,339,2
2020-11-30,El Dorado,017,186661,3204,2488,39,2527,4
2020-11-30,Fresno,019,978130,44916,38712,1681,40393,500
2020-11-30,Glenn,021,27897,1085,954,57,1011,5
2020-11-30,Humboldt,023,135768,1034,870,4,874,9
2020-11-30,Imperial,025,180216,17035,16212,136,16348,356
2020-11-30,Inyo,027,18085,342,304,10,314,15
2020-11-30,Kern,029,883053,43979,40941,1647,42588,473
2020-11-30,Kings,031,150075,12095,11346,228,11574,85
2020-11-30,Lake,033,64148,1108,939,0,939,18
2020-11-30,Lassen,035,31185,2436,1793,8,1801,0
2020-11-30,Los Angeles,037,10098052,432051,396202,7257,403459,7658
2020-11-30,Madera,039,155013,6999,6210,180,6390,57
2020-11-30,Marin,041,260295,8020,7764,35,7799,136
2020-11-30,Mariposa,043,17540,151,123,2,125,2
2020-11-30,Mendocino,045,87422,1647,1482,8,1490,23
2020-11-30,Merced,047,269075,12756,11913,133,12046,172
2020-11-30,Modoc,049,8938,133,113,24,137,0
2020-11-30,Mono,051,14174,582,519,9,528,3
2020-11-30,Monterey,053,433212,16794,15837,305,16142,119
2020-11-30,Napa,055,140530,3642,3091,19,3110,18
2020-11-30,Nevada,057,99092,1665,1347,41,1388,9
2020-11-30,Orange,059,3164182,88227,78711,2686,81397,1568
2020-11-30,Placer,061,380077,8410,6575,182,6757,72
2020-11-30,Plumas,063,18699,248,192,0,192,0
2020-11-30,Riverside,065,2383286,101454,87722,2398,90120,1446
2020-11-30,Sacramento,067,1510023,41576,37834,159,37993,586
2020-11-30,San Benito,069,59416,2072,1875,14,1889,15
2020-11-30,San Bernardino,071,2135413,108166,92704,2077,94781,1220
2020-11-30,San Diego,073,3302833,90492,82045,3499,85544,997
2020-11-30,San Francisco,075,870044,16663,15638,120,15758,157
2020-11-30,San Joaquin,077,732212,28706,25742,590,26332,509
2020-11-30,San Luis Obispo,079,281455,6854,6224,117,6341,36
2020-11-30,San Mateo,081,765935,15856,14276,16,14292,170
2020-11-30,Santa Barbara,083,443738,12972,11572,217,11789,140
2020-11-30,Santa Clara,085,1922200,40104,35019,104,35123,451
2020-11-30,Santa Cruz,087,273765,5234,4558,73,4631,26
2020-11-30,Shasta,089,179085,5978,4933,261,5194,44
2020-11-30,Sierra,091,2930,19,16,0,16,0
2020-11-30,Siskiyou,093,43540,730,605,43,648,1
2020-11-30,Solano,095,438530,11435,10392,82,10474,87
2020-11-30,Sonoma,097,501317,13338,12232,77,12309,163
2020-11-30,Stanislaus,099,539301,23689,22110,1608,23718,446
2020-11-30,Sutter,101,95872,3985,3430,13,3443,16
2020-11-30,Tehama,103,63373,1917,1724,64,1788,9
2020-11-30,Trinity,105,12862,273,162,27,189,0
2020-11-30,Tulare,107,460477,22975,20833,1740,22573,319
2020-11-30,Tuolumne,109,53932,1226,1027,4,1031,7
2020-11-30,Ventura,111,848112,22665,20308,717,21025,180
2020-11-30,Yolo,113,214977,5456,4894,20,4914,81
2020-11-30,Yuba,115,75493,2310,2028,13,2041,10
2020-11-29,Alameda,001,1643700,32147,29918,394,30312,457
2020-11-29,Alpine,003,1148,52,41,0,41,0
2020-11-29,Amador,005,37829,722,548,2,550,16
2020-11-29,Butte,007,227075,4432,4008,229,4237,65
2020-11-29,Calaveras,009,45235,546,478,0,478,21
2020-11-29,Colusa,011,21464,829,723,8,731,6
2020-11-29,Contra Costa,013,1133247,25931,24165,180,24345,264
2020-11-29,Del Norte,015,27424,395,339,0,339,2
2020-11-29,El Dorado,017,186661,3074,2447,38,2485,4
2020-11-29,Fresno,019,978130,43964,38568,1608,40176,500
2020-11-29,Glenn,021,27897,1062,951,55,1006,4
2020-11-29,Humboldt,023,135768,1005,856,4,860,9
2020-11-29,Imperial,025,180216,16807,16138,108,16246,356
2020-11-29,Inyo,027,18085,327,289,10,299,15
2020-11-29,Kern,029,883053,43217,40596,1498,42094,473
2020-11-29,Kings,031,150075,11946,11247,209,11456,85
2020-11-29,Lake,033,64148,1084,927,0,927,18
2020-11-29,Lassen,035,31185,2333,1793,8,1801,0
2020-11-29,Los Angeles,037,10098052,421663,391162,6956,398118,7642
2020-11-29,Madera,039,155013,6856,6184,174,6358,57
2020-11-29,Marin,041,260295,7954,7739,33,7772,135
2020-11-29,Mariposa,043,17540,147,123,2,125,2
2020-11-29,Mendocino,045,87422,1613,1473,8,1481,23
2020-11-29,Merced,047,269075,12517,11773,124,11897,172
2020-11-29,Modoc,049,8938,129,105,22,127,0
2020-11-29,Mono,051,14174,559,515,9,524,3
2020-11-29,Monterey,053,433212,16483,15621,298,15919,119
2020-11-29,Napa,055,140530,3537,3090,18,3108,18
2020-11-29,Nevada,057,99092,1584,1311,39,1350,9
2020-11-29,Orange,059,3164182,86206,78057,2639,80696,1567
2020-11-29,Placer,061,380077,8114,6535,168,6703,72
2020-11-29,Plumas,063,18699,243,191,0,191,0
2020-11-29,Riverside,065,2383286,99065,87383,2242,89625,1442
2020-11-29,Sacramento,067,1510023,40499,37415,151,37566,585
2020-11-29,San Benito,069,59416,2028,1860,14,1874,15
2020-11-29,San Bernardino,071,2135413,104819,92052,1960,94012,1223
2020-11-29,San Diego,073,3302833,88080,81086,3347,84433,997
2020-11-29,San Francisco,075,870044,16382,15571,113,15684,153
2020-11-29,San Joaquin,077,732212,27965,25740,584,26324,509
2020-11-29,San Luis Obispo,079,281455,6732,6145,117,6262,36
2020-11-29,San Mateo,081,765935,15522,14177,16,14193,169
2020-11-29,Santa Barbara,083,443738,12816,11520,213,11733,140
2020-11-29,Santa Clara,085,1922200,38898,34234,98,34332,451
2020-11-29,Santa Cruz,087,273765,5075,4490,71,4561,26
2020-11-29,Shasta,089,179085,5805,4935,231,5166,43
2020-11-29,Sierra,091,2930,19,16,0,16,0
2020-11-29,Siskiyou,093,43540,707,590,41,631,1
2020-11-29,Solano,095,438530,11203,10393,78,10471,87
2020-11-29,Sonoma,097,501317,13086,12052,73,12125,163
2020-11-29,Stanislaus,099,539301,23194,21701,1571,23272,446
2020-11-29,Sutter,101,95872,3867,3297,13,3310,16
2020-11-29,Tehama,103,63373,1866,1710,48,1758,9
2020-11-29,Trinity,105,12862,270,159,26,185,0
2020-11-29,Tulare,107,460477,22610,20793,1660,22453,319
2020-11-29,Tuolumne,109,53932,1190,988,4,992,7
2020-11-29,Ventura,111,848112,21980,19952,704,20656,179
2020-11-29,Yolo,113,214977,5318,4830,19,4849,80
2020-11-29,Yuba,115,75493,2254,1959,13,1972,10
2020-11-28,Alameda,001,1643700,31838,29368,389,29757,456
2020-11-28,Alpine,003,1148,52,41,0,41,0
2020-11-28,Amador,005,37829,645,536,2,538,16
2020-11-28,Butte,007,227075,4374,3894,225,4119,65
2020-11-28,Calaveras,009,45235,542,478,0,478,21
2020-11-28,Colusa,011,21464,820,711,6,717,6
2020-11-28,Contra Costa,013,1133247,25598,23798,176,23974,264
2020-11-28,Del Norte,015,27424,385,328,0,328,2
2020-11-28,El Dorado,017,186661,3006,2415,32,2447,4
2020-11-28,Fresno,019,978130,43617,38288,1569,39857,500
2020-11-28,Glenn,021,27897,1051,925,51,976,4
2020-11-28,Humboldt,023,135768,970,844,4,848,9
2020-11-28,Imperial,025,180216,16743,16019,106,16125,356
2020-11-28,Inyo,027,18085,319,289,10,299,15
2020-11-28,Kern,029,883053,42855,40255,1410,41665,473
2020-11-28,Kings,031,150075,11881,11070,201,11271,85
2020-11-28,Lake,033,64148,1069,920,0,920,18
2020-11-28,Lassen,035,31185,2266,1714,8,1722,0
2020-11-28,Los Angeles,037,10098052,416749,386194,6800,392994,7625
2020-11-28,Madera,039,155013,6754,6119,167,6286,57
2020-11-28,Marin,041,260295,7924,7696,29,7725,135
2020-11-28,Mariposa,043,17540,144,120,2,122,2
2020-11-28,Mendocino,045,87422,1582,1458,8,1466,22
2020-11-28,Merced,047,269075,12419,11688,118,11806,172
2020-11-28,Modoc,049,8938,126,103,22,125,0
2020-11-28,Mono,051,14174,553,505,9,514,3
2020-11-28,Monterey,053,433212,16317,15328,294,15622,118
2020-11-28,Napa,055,140530,3485,3033,18,3051,18
2020-11-28,Nevada,057,99092,1556,1272,37,1309,9
2020-11-28,Orange,059,3164182,85109,76882,2591,79473,1568
2020-11-28,Placer,061,380077,7955,6497,165,6662,70
2020-11-28,Plumas,063,18699,236,188,0,188,0
2020-11-28,Riverside,065,2383286,97656,86854,2140,88994,1440
2020-11-28,Sacramento,067,1510023,39920,36905,147,37052,580
2020-11-28,San Benito,069,59416,1981,1835,14,1849,15
2020-11-28,San Bernardino,071,2135413,103420,91183,1862,93045,1224
2020-11-28,San Diego,073,3302833,86826,80020,3263,83283,997
2020-11-28,San Francisco,075,870044,16205,15450,105,15555,153
2020-11-28,San Joaquin,077,732212,27768,25742,569,26311,509
2020-11-28,San Luis Obispo,079,281455,6662,6106,113,6219,36
2020-11-28,San Mateo,081,765935,15332,14040,16,14056,169
2020-11-28,Santa Barbara,083,443738,12714,11481,208,11689,140
2020-11-28,Santa Clara,085,1922200,38152,33701,96,33797,449
2020-11-28,Santa Cruz,087,273765,4998,4426,71,4497,26
2020-11-28,Shasta,089,179085,5727,4882,224,5106,43
2020-11-28,Sierra,091,2930,19,16,0,16,0
2020-11-28,Siskiyou,093,43540,697,558,38,596,1
2020-11-28,Solano,095,438530,11084,10252,76,10328,87
2020-11-28,Sonoma,097,501317,12983,12008,63,12071,162
2020-11-28,Stanislaus,099,539301,22956,21574,1535,23109,446
2020-11-28,Sutter,101,95872,3783,3244,13,3257,15
2020-11-28,Tehama,103,63373,1850,1678,44,1722,9
2020-11-28,Trinity,105,12862,267,157,24,181,0
2020-11-28,Tulare,107,460477,22421,20701,1612,22313,319
2020-11-28,Tuolumne,109,53932,1168,976,4,980,7
2020-11-28,Ventura,111,848112,21682,19510,694,20204,179
2020-11-28,Yolo,113,214977,5244,4739,17,4756,80
2020-11-28,Yuba,115,75493,2201,1912,13,1925,10
2020-11-27,Alameda,001,1643700,31400,29064,378,29442,450
2020-11-27,Alpine,003,1148,52,41,0,41,0
2020-11-27,Amador,005,37829,598,498,1,499,16
2020-11-27,Butte,007,227075,4333,3894,219,4113,65
2020-11-27,Calaveras,009,45235,533,478,0,478,21
2020-11-27,Colusa,011,21464,803,694,4,698,6
2020-11-27,Contra Costa,013,1133247,25338,23463,170,23633,264
2020-11-27,Del Norte,015,27424,379,307,0,307,2
2020-11-27,El Dorado,017,186661,2935,2238,29,2267,4
2020-11-27,Fresno,019,978130,43211,37994,1511,39505,500
2020-11-27,Glenn,021,27897,1038,891,46,937,4
2020-11-27,Humboldt,023,135768,951,795,3,798,9
2020-11-27,Imperial,025,180216,16675,15960,97,16057,356
2020-11-27,Inyo,027,18085,313,289,10,299,15
2020-11-27,Kern,029,883053,42433,39707,1337,41044,473
2020-11-27,Kings,031,150075,11795,10667,183,10850,85
2020-11-27,Lake,033,64148,1033,909,0,909,18
2020-11-27,Lassen,035,31185,2254,1714,8,1722,0
2020-11-27,Los Angeles,037,10098052,410246,382740,6641,389381,7606
2020-11-27,Madera,039,155013,6682,6050,161,6211,57
2020-11-27,Marin,041,260295,7881,7660,29,7689,135
2020-11-27,Mariposa,043,17540,142,118,2,120,2
2020-11-27,Mendocino,045,87422,1568,1387,7,1394,22
2020-11-27,Merced,047,269075,12313,11550,111,11661,172
2020-11-27,Modoc,049,8938,125,100,22,122,0
2020-11-27,Mono,051,14174,549,498,9,507,3
2020-11-27,Monterey,053,433212,16150,14753,294,15047,113
2020-11-27,Napa,055,140530,3445,2988,18,3006,18
2020-11-27,Nevada,057,99092,1526,1184,35,1219,9
2020-11-27,Orange,059,3164182,83820,75151,2552,77703,1568
2020-11-27,Placer,061,380077,7793,6283,155,6438,68
2020-11-27,Plumas,063,18699,233,188,0,188,0
2020-11-27,Riverside,065,2383286,96051,85769,1984,87753,1440
2020-11-27,Sacramento,067,1510023,39297,36579,143,36722,579
2020-11-27,San Benito,069,59416,1947,1805,13,1818,15
2020-11-27,San Bernardino,071,2135413,101909,90254,1780,92034,1224
2020-11-27,San Diego,073,3302833,85631,78161,3175,81336,996
2020-11-27,San Francisco,075,870044,16049,15377,103,15480,153
2020-11-27,San Joaquin,077,732212,27548,25741,548,26289,509
2020-11-27,San Luis Obispo,079,281455,6579,6039,110,6149,36
2020-11-27,San Mateo,081,765935,15130,13872,15,13887,169
2020-11-27,Santa Barbara,083,443738,12621,11340,205,11545,140
2020-11-27,Santa Clara,085,1922200,37477,32935,89,33024,449
2020-11-27,Santa Cruz,087,273765,4927,4358,69,4427,26
2020-11-27,Shasta,089,179085,5650,4710,211,4921,43
2020-11-27,Sierra,091,2930,18,16,0,16,0
2020-11-27,Siskiyou,093,43540,682,554,35,589,1
2020-11-27,Solano,095,438530,10965,10044,73,10117,87
2020-11-27,Sonoma,097,501317,12851,11924,61,11985,162
2020-11-27,Stanislaus,099,539301,22728,21185,1505,22690,446
2020-11-27,Sutter,101,95872,3716,3101,13,3114,15
2020-11-27,Tehama,103,63373,1822,1649,40,1689,9
2020-11-27,Trinity,105,12862,263,151,24,175,0
2020-11-27,Tulare,107,460477,22233,20634,1555,22189,319
2020-11-27,Tuolumne,109,53932,1136,881,4,885,7
2020-11-27,Ventura,111,848112,21359,19379,672,20051,179
2020-11-27,Yolo,113,214977,5195,4737,17,4754,79
2020-11-27,Yuba,115,75493,2172,1864,12,1876,10
2020-11-26,Alameda,001,1643700,30988,28797,359,29156,447
2020-11-26,Alpine,003,1148,52,41,0,41,0
2020-11-26,Amador,005,37829,590,488,1,489,16
2020-11-26,Butte,007,227075,4270,3894,213,4107,65
2020-11-26,Calaveras,009,45235,505,478,0,478,21
2020-11-26,Colusa,011,21464,789,694,4,698,6
2020-11-26,Contra Costa,013,1133247,25003,23468,164,23632,264
2020-11-26,Del Norte,015,27424,368,307,0,307,2
2020-11-26,El Dorado,017,186661,2854,2217,27,2244,4
2020-11-26,Fresno,019,978130,42806,37724,1465,39189,500
2020-11-26,Glenn,021,27897,1022,892,44,936,4
2020-11-26,Humboldt,023,135768,929,795,2,797,9
2020-11-26,Imperial,025,180216,16566,15722,93,15815,355
2020-11-26,Inyo,027,18085,312,289,10,299,15
2020-11-26,Kern,029,883053,41987,39123,1271,40394,471
2020-11-26,Kings,031,150075,11740,10475,171,10646,85
2020-11-26,Lake,033,64148,1020,890,0,890,18
2020-11-26,Lassen,035,31185,2239,1714,8,1722,0
2020-11-26,Los Angeles,037,10098052,405100,378340,6402,384742,7581
2020-11-26,Madera,039,155013,6607,6003,155,6158,57
2020-11-26,Marin,041,260295,7844,7610,29,7639,135
2020-11-26,Mariposa,043,17540,137,116,2,118,2
2020-11-26,Mendocino,045,87422,1554,1387,5,1392,22
2020-11-26,Merced,047,269075,12165,11440,109,11549,172
2020-11-26,Modoc,049,8938,123,100,22,122,0
2020-11-26,Mono,051,14174,541,485,9,494,2
2020-11-26,Monterey,053,433212,15914,14750,286,15036,113
2020-11-26,Napa,055,140530,3381,2988,18,3006,18
2020-11-26,Nevada,057,99092,1480,1184,35,1219,9
2020-11-26,Orange,059,3164182,82435,74264,2489,76753,1563
2020-11-26,Placer,061,380077,7629,6278,146,6424,68
2020-11-26,Plumas,063,18699,225,188,0,188,0
2020-11-26,Riverside,065,2383286,94452,85774,1860,87634,1440
2020-11-26,Sacramento,067,1510023,38655,35854,135,35989,580
2020-11-26,San Benito,069,59416,1920,1769,13,1782,15
2020-11-26,San Bernardino,071,2135413,100260,89727,1688,91415,1223
2020-11-26,San Diego,073,3302833,84021,76359,3071,79430,996
2020-11-26,San Francisco,075,870044,15912,15156,100,15256,153
2020-11-26,San Joaquin,077,732212,27293,25738,536,26274,509
2020-11-26,San Luis Obispo,079,281455,6486,5964,107,6071,36
2020-11-26,San Mateo,081,765935,14941,13715,14,13729,169
2020-11-26,Santa Barbara,083,443738,12540,11277,204,11481,139
2020-11-26,Santa Clara,085,1922200,36835,32411,81,32492,446
2020-11-26,Santa Cruz,087,273765,4796,4269,63,4332,26
2020-11-26,Shasta,089,179085,5569,4712,199,4911,43
2020-11-26,Sierra,091,2930,18,15,0,15,0
2020-11-26,Siskiyou,093,43540,672,526,34,560,1
2020-11-26,Solano,095,438530,10822,9941,71,10012,87
2020-11-26,Sonoma,097,501317,12703,11922,59,11981,162
2020-11-26,Stanislaus,099,539301,22497,21186,1464,22650,445
2020-11-26,Sutter,101,95872,3622,3101,12,3113,15
2020-11-26,Tehama,103,63373,1780,1612,37,1649,9
2020-11-26,Trinity,105,12862,259,139,24,163,0
2020-11-26,Tulare,107,460477,21995,20649,1490,22139,319
2020-11-26,Tuolumne,109,53932,1108,871,4,875,7
2020-11-26,Ventura,111,848112,20863,19058,658,19716,179
2020-11-26,Yolo,113,214977,5108,4566,17,4583,76
2020-11-26,Yuba,115,75493,2112,1865,10,1875,10
2020-11-25,Alameda,001,1643700,30772,28378,351,28729,447
2020-11-25,Alpine,003,1148,52,41,0,41,0
2020-11-25,Amador,005,37829,580,484,1,485,16
2020-11-25,Butte,007,227075,4239,3848,210,4058,64
2020-11-25,Calaveras,009,45235,502,475,0,475,21
2020-11-25,Colusa,011,21464,772,693,4,697,6
2020-11-25,Contra Costa,013,1133247,24848,23307,163,23470,263
2020-11-25,Del Norte,015,27424,367,304,0,304,2
2020-11-25,El Dorado,017,186661,2818,2154,27,2181,4
2020-11-25,Fresno,019,978130,42574,37349,1443,38792,494
2020-11-25,Glenn,021,27897,1005,891,42,933,4
2020-11-25,Humboldt,023,135768,921,777,2,779,9
2020-11-25,Imperial,025,180216,16496,15640,91,15731,355
2020-11-25,Inyo,027,18085,310,289,10,299,15
2020-11-25,Kern,029,883053,41831,38878,1252,40130,467
2020-11-25,Kings,031,150075,11705,10417,167,10584,85
2020-11-25,Lake,033,64148,1003,878,0,878,18
2020-11-25,Lassen,035,31185,2196,1701,8,1709,0
2020-11-25,Los Angeles,037,10098052,402073,373919,6298,380217,7545
2020-11-25,Madera,039,155013,6585,5989,152,6141,57
2020-11-25,Marin,041,260295,7817,7601,28,7629,135
2020-11-25,Mariposa,043,17540,136,114,2,116,2
2020-11-25,Mendocino,045,87422,1535,1373,5,1378,22
2020-11-25,Merced,047,269075,12107,11346,109,11455,172
2020-11-25,Modoc,049,8938,123,96,22,118,0
2020-11-25,Mono,051,14174,536,487,9,496,2
2020-11-25,Monterey,053,433212,15797,14695,284,14979,113
2020-11-25,Napa,055,140530,3348,2945,18,2963,17
2020-11-25,Nevada,057,99092,1462,1170,33,1203,9
2020-11-25,Orange,059,3164182,81682,73014,2469,75483,1551
2020-11-25,Placer,061,380077,7553,6221,145,6366,68
2020-11-25,Plumas,063,18699,220,183,0,183,0
2020-11-25,Riverside,065,2383286,93908,85077,1842,86919,1438
2020-11-25,Sacramento,067,1510023,38319,35687,132,35819,574
2020-11-25,San Benito,069,59416,1897,1764,13,1777,15
2020-11-25,San Bernardino,071,2135413,99420,88469,1660,90129,1225
2020-11-25,San Diego,073,3302833,83364,75307,3035,78342,988
2020-11-25,San Francisco,075,870044,15807,15053,98,15151,153
2020-11-25,San Joaquin,077,732212,27166,25556,524,26080,515
2020-11-25,San Luis Obispo,079,281455,6443,5913,106,6019,34
2020-11-25,San Mateo,081,765935,14826,13614,14,13628,170
2020-11-25,Santa Barbara,083,443738,12490,11183,204,11387,138
2020-11-25,Santa Clara,085,1922200,36388,32032,80,32112,442
2020-11-25,Santa Cruz,087,273765,4744,4202,62,4264,25
2020-11-25,Shasta,089,179085,5523,4588,192,4780,43
2020-11-25,Sierra,091,2930,18,15,0,15,0
2020-11-25,Siskiyou,093,43540,665,499,34,533,1
2020-11-25,Solano,095,438530,10717,9832,70,9902,87
2020-11-25,Sonoma,097,501317,12640,11775,58,11833,162
2020-11-25,Stanislaus,099,539301,22366,21022,1437,22459,445
2020-11-25,Sutter,101,95872,3578,3064,12,3076,14
2020-11-25,Tehama,103,63373,1768,1587,32,1619,9
2020-11-25,Trinity,105,12862,257,135,24,159,0
2020-11-25,Tulare,107,460477,21905,20528,1458,21986,318
2020-11-25,Tuolumne,109,53932,1091,842,4,846,7
2020-11-25,Ventura,111,848112,20770,18914,652,19566,179
2020-11-25,Yolo,113,214977,5072,4527,17,4544,76
2020-11-25,Yuba,115,75493,2086,1840,10,1850,10
2020-11-24,Alameda,001,1643700,30294,28030,340,28370,444
2020-11-24,Alpine,003,1148,52,41,0,41,0
2020-11-24,Amador,005,37829,555,470,1,471,16
2020-11-24,Butte,007,227075,4154,3798,202,4000,63
2020-11-24,Calaveras,009,45235,495,466,0,466,21
2020-11-24,Colusa,011,21464,754,682,4,686,6
2020-11-24,Contra Costa,013,1133247,24495,23072,157,23229,259
2020-11-24,Del Norte,015,27424,357,298,0,298,2
2020-11-24,El Dorado,017,186661,2713,2005,26,2031,4
2020-11-24,Fresno,019,978130,42171,37021,1366,38387,493
2020-11-24,Glenn,021,27897,987,883,38,921,4
2020-11-24,Humboldt,023,135768,902,774,2,776,9
2020-11-24,Imperial,025,180216,16393,15600,86,15686,355
2020-11-24,Inyo,027,18085,309,282,9,291,15
2020-11-24,Kern,029,883053,41357,38551,1174,39725,465
2020-11-24,Kings,031,150075,11438,10338,154,10492,85
2020-11-24,Lake,033,64148,987,872,0,872,18
2020-11-24,Lassen,035,31185,2173,1657,8,1665,0
2020-11-24,Los Angeles,037,10098052,395765,370008,6061,376069,7501
2020-11-24,Madera,039,155013,6500,5881,146,6027,57
2020-11-24,Marin,041,260295,7770,7591,28,7619,135
2020-11-24,Mariposa,043,17540,126,114,1,115,2
2020-11-24,Mendocino,045,87422,1513,1346,4,1350,22
2020-11-24,Merced,047,269075,11918,11268,104,11372,171
2020-11-24,Modoc,049,8938,119,91,22,113,0
2020-11-24,Mono,051,14174,532,483,9,492,2
2020-11-24,Monterey,053,433212,15539,14354,272,14626,113
2020-11-24,Napa,055,140530,3282,2904,18,2922,17
2020-11-24,Nevada,057,99092,1398,1156,31,1187,9
2020-11-24,Orange,059,3164182,80234,71975,2388,74363,1547
2020-11-24,Placer,061,380077,7371,6147,138,6285,67
2020-11-24,Plumas,063,18699,217,180,0,180,0
2020-11-24,Riverside,065,2383286,92149,83685,1713,85398,1420
2020-11-24,Sacramento,067,1510023,37639,35097,125,35222,568
2020-11-24,San Benito,069,59416,1865,1740,12,1752,15
2020-11-24,San Bernardino,071,2135413,97085,86645,1558,88203,1226
2020-11-24,San Diego,073,3302833,81954,74363,2964,77327,984
2020-11-24,San Francisco,075,870044,15611,14874,95,14969,153
2020-11-24,San Joaquin,077,732212,26850,25318,495,25813,517
2020-11-24,San Luis Obispo,079,281455,6380,5805,105,5910,34
2020-11-24,San Mateo,081,765935,14617,13558,13,13571,170
2020-11-24,Santa Barbara,083,443738,12383,11154,202,11356,138
2020-11-24,Santa Clara,085,1922200,35599,31564,76,31640,438
2020-11-24,Santa Cruz,087,273765,4631,4132,61,4193,25
2020-11-24,Shasta,089,179085,5423,4410,173,4583,43
2020-11-24,Sierra,091,2930,18,15,0,15,0
2020-11-24,Siskiyou,093,43540,647,473,31,504,1
2020-11-24,Solano,095,438530,10546,9716,69,9785,86
2020-11-24,Sonoma,097,501317,12460,11644,55,11699,162
2020-11-24,Stanislaus,099,539301,22124,20830,1394,22224,438
2020-11-24,Sutter,101,95872,3473,2974,12,2986,14
2020-11-24,Tehama,103,63373,1718,1565,27,1592,9
2020-11-24,Trinity,105,12862,250,129,23,152,0
2020-11-24,Tulare,107,460477,21658,20319,1392,21711,315
2020-11-24,Tuolumne,109,53932,1062,832,4,836,7
2020-11-24,Ventura,111,848112,20388,18637,642,19279,179
2020-11-24,Yolo,113,214977,4988,4420,17,4437,76
2020-11-24,Yuba,115,75493,2035,1804,8,1812,10
2020-11-23,Alameda,001,1643700,29880,27718,328,28046,444
2020-11-23,Alpine,003,1148,50,41,0,41,0
2020-11-23,Amador,005,37829,514,457,1,458,16
2020-11-23,Butte,007,227075,4090,3765,196,3961,61
2020-11-23,Calaveras,009,45235,478,434,0,434,21
2020-11-23,Colusa,011,21464,740,662,4,666,6
2020-11-23,Contra Costa,013,1133247,24223,22674,152,22826,260
2020-11-23,Del Norte,015,27424,335,296,0,296,2
2020-11-23,El Dorado,017,186661,2593,2005,25,2030,4
2020-11-23,Fresno,019,978130,41723,36688,1304,37992,488
2020-11-23,Glenn,021,27897,961,853,38,891,4
2020-11-23,Humboldt,023,135768,889,746,2,748,9
2020-11-23,Imperial,025,180216,16222,15104,81,15185,355
2020-11-23,Inyo,027,18085,301,279,9,288,15
2020-11-23,Kern,029,883053,40844,38245,1111,39356,463
2020-11-23,Kings,031,150075,11018,10204,147,10351,85
2020-11-23,Lake,033,64148,964,840,0,840,18
2020-11-23,Lassen,035,31185,2093,1271,7,1278,0
2020-11-23,Los Angeles,037,10098052,389678,366374,5808,372182,7447
2020-11-23,Madera,039,155013,6374,5787,141,5928,56
2020-11-23,Marin,041,260295,7728,7543,28,7571,135
2020-11-23,Mariposa,043,17540,125,97,1,98,2
2020-11-23,Mendocino,045,87422,1483,1330,4,1334,22
2020-11-23,Merced,047,269075,11730,11148,101,11249,169
2020-11-23,Modoc,049,8938,105,91,21,112,0
2020-11-23,Mono,051,14174,519,480,9,489,2
2020-11-23,Monterey,053,433212,15261,14265,266,14531,112
2020-11-23,Napa,055,140530,3216,2811,17,2828,17
2020-11-23,Nevada,057,99092,1309,1087,31,1118,9
2020-11-23,Orange,059,3164182,78826,71074,2342,73416,1546
2020-11-23,Placer,061,380077,7169,5999,137,6136,66
2020-11-23,Plumas,063,18699,213,172,0,172,0
2020-11-23,Riverside,065,2383286,90368,82175,1652,83827,1415
2020-11-23,Sacramento,067,1510023,37071,34141,117,34258,556
2020-11-23,San Benito,069,59416,1837,1729,11,1740,15
2020-11-23,San Bernardino,071,2135413,94979,84387,1494,85881,1224
2020-11-23,San Diego,073,3302833,80492,72817,2876,75693,968
2020-11-23,San Francisco,075,870044,15452,14646,93,14739,153
2020-11-23,San Joaquin,077,732212,26501,24622,491,25113,517
2020-11-23,San Luis Obispo,079,281455,6298,5772,103,5875,34
2020-11-23,San Mateo,081,765935,14425,13364,13,13377,170
2020-11-23,Santa Barbara,083,443738,12274,10944,198,11142,137
2020-11-23,Santa Clara,085,1922200,34948,31064,73,31137,435
2020-11-23,Santa Cruz,087,273765,4521,4003,57,4060,25
2020-11-23,Shasta,089,179085,5305,4100,161,4261,43
2020-11-23,Sierra,091,2930,17,15,0,15,0
2020-11-23,Siskiyou,093,43540,620,460,30,490,0
2020-11-23,Solano,095,438530,10389,9394,66,9460,86
2020-11-23,Sonoma,097,501317,12287,11507,51,11558,160
2020-11-23,Stanislaus,099,539301,21832,20487,1360,21847,436
2020-11-23,Sutter,101,95872,3335,2840,11,2851,14
2020-11-23,Tehama,103,63373,1670,1526,24,1550,9
2020-11-23,Trinity,105,12862,243,120,20,140,0
2020-11-23,Tulare,107,460477,21368,19818,1321,21139,315
2020-11-23,Tuolumne,109,53932,1022,774,4,778,7
2020-11-23,Ventura,111,848112,20012,18480,629,19109,179
2020-11-23,Yolo,113,214977,4908,4265,16,4281,75
2020-11-23,Yuba,115,75493,1968,1702,8,1710,10
2020-11-22,Alameda,001,1643700,29445,27472,317,27789,444
2020-11-22,Alpine,003,1148,47,41,0,41,0
2020-11-22,Amador,005,37829,502,450,1,451,16
2020-11-22,Butte,007,227075,4040,3712,188,3900,61
2020-11-22,Calaveras,009,45235,466,434,0,434,21
2020-11-22,Colusa,011,21464,722,642,3,645,6
2020-11-22,Contra Costa,013,1133247,23918,22407,147,22554,260
2020-11-22,Del Norte,015,27424,311,271,0,271,2
2020-11-22,El Dorado,017,186661,2483,1917,22,1939,4
2020-11-22,Fresno,019,978130,41241,36315,1247,37562,488
2020-11-22,Glenn,021,27897,939,832,34,866,4
2020-11-22,Humboldt,023,135768,873,729,2,731,9
2020-11-22,Imperial,025,180216,16017,15109,35,15144,355
2020-11-22,Inyo,027,18085,295,279,9,288,15
2020-11-22,Kern,029,883053,40265,37904,1076,38980,463
2020-11-22,Kings,031,150075,10917,10035,138,10173,85
2020-11-22,Lake,033,64148,942,834,0,834,18
2020-11-22,Lassen,035,31185,1928,1211,6,1217,0
2020-11-22,Los Angeles,037,10098052,383401,360341,5557,365898,7438
2020-11-22,Madera,039,155013,6294,5745,130,5875,56
2020-11-22,Marin,041,260295,7693,7506,27,7533,135
2020-11-22,Mariposa,043,17540,124,95,1,96,2
2020-11-22,Mendocino,045,87422,1459,1285,3,1288,22
2020-11-22,Merced,047,269075,11581,10939,101,11040,169
2020-11-22,Modoc,049,8938,104,87,19,106,0
2020-11-22,Mono,051,14174,504,481,9,490,2
2020-11-22,Monterey,053,433212,15020,13887,260,14147,111
2020-11-22,Napa,055,140530,3135,2778,17,2795,17
2020-11-22,Nevada,057,99092,1251,1052,31,1083,9
2020-11-22,Orange,059,3164182,77411,69913,2303,72216,1546
2020-11-22,Placer,061,380077,6945,5880,127,6007,66
2020-11-22,Plumas,063,18699,200,172,0,172,0
2020-11-22,Riverside,065,2383286,88779,81565,1591,83156,1409
2020-11-22,Sacramento,067,1510023,36340,33421,104,33525,555
2020-11-22,San Benito,069,59416,1808,1704,11,1715,15
2020-11-22,San Bernardino,071,2135413,92636,83505,1422,84927,1224
2020-11-22,San Diego,073,3302833,78754,71649,2801,74450,968
2020-11-22,San Francisco,075,870044,15281,14515,92,14607,153
2020-11-22,San Joaquin,077,732212,26203,24619,478,25097,517
2020-11-22,San Luis Obispo,079,281455,6196,5664,102,5766,34
2020-11-22,San Mateo,081,765935,14220,13228,13,13241,170
2020-11-22,Santa Barbara,083,443738,12137,10946,193,11139,137
2020-11-22,Santa Clara,085,1922200,34270,30633,71,30704,434
2020-11-22,Santa Cruz,087,273765,4439,3896,50,3946,25
2020-11-22,Shasta,089,179085,5147,4100,143,4243,43
2020-11-22,Sierra,091,2930,17,13,0,13,0
2020-11-22,Siskiyou,093,43540,588,411,30,441,0
2020-11-22,Solano,095,438530,10219,9363,62,9425,86
2020-11-22,Sonoma,097,501317,12129,11415,49,11464,159
2020-11-22,Stanislaus,099,539301,21504,20223,1330,21553,436
2020-11-22,Sutter,101,95872,3217,2677,11,2688,13
2020-11-22,Tehama,103,63373,1636,1457,19,1476,9
2020-11-22,Trinity,105,12862,237,114,20,134,0
2020-11-22,Tulare,107,460477,21118,19818,1250,21068,314
2020-11-22,Tuolumne,109,53932,996,689,4,693,7
2020-11-22,Ventura,111,848112,19651,18105,615,18720,179
2020-11-22,Yolo,113,214977,4807,4206,16,4222,75
2020-11-22,Yuba,115,75493,1915,1672,8,1680,10
2020-11-21,Alameda,001,1643700,29259,27424,315,27739,444
2020-11-21,Alpine,003,1148,47,41,0,41,0
2020-11-21,Amador,005,37829,488,450,1,451,16
2020-11-21,Butte,007,227075,3992,3664,185,3849,61
2020-11-21,Calaveras,009,45235,460,434,0,434,21
2020-11-21,Colusa,011,21464,713,642,3,645,6
2020-11-21,Contra Costa,013,1133247,23765,22338,145,22483,260
2020-11-21,Del Norte,015,27424,306,271,0,271,2
2020-11-21,El Dorado,017,186661,2434,1900,21,1921,4
2020-11-21,Fresno,019,978130,40985,35973,1214,37187,482
2020-11-21,Glenn,021,27897,934,829,32,861,4
2020-11-21,Humboldt,023,135768,863,728,2,730,9
2020-11-21,Imperial,025,180216,15940,15053,35,15088,355
2020-11-21,Inyo,027,18085,293,283,9,292,15
2020-11-21,Kern,029,883053,40009,37403,1041,38444,463
2020-11-21,Kings,031,150075,10869,10019,134,10153,85
2020-11-21,Lake,033,64148,929,832,0,832,18
2020-11-21,Lassen,035,31185,1860,1211,6,1217,0
2020-11-21,Los Angeles,037,10098052,380228,357754,5411,363165,7428
2020-11-21,Madera,039,155013,6257,5706,130,5836,56
2020-11-21,Marin,041,260295,7670,7488,26,7514,134
2020-11-21,Mariposa,043,17540,124,92,1,93,2
2020-11-21,Mendocino,045,87422,1428,1282,3,1285,22
2020-11-21,Merced,047,269075,11520,10849,100,10949,169
2020-11-21,Modoc,049,8938,100,87,18,105,0
2020-11-21,Mono,051,14174,499,469,9,478,2
2020-11-21,Monterey,053,433212,14922,13886,254,14140,110
2020-11-21,Napa,055,140530,3101,2757,17,2774,17
2020-11-21,Nevada,057,99092,1239,1018,30,1048,9
2020-11-21,Orange,059,3164182,76608,69021,2273,71294,1543
2020-11-21,Placer,061,380077,6834,5778,124,5902,65
2020-11-21,Plumas,063,18699,195,172,0,172,0
2020-11-21,Riverside,065,2383286,88005,80676,1544,82220,1407
2020-11-21,Sacramento,067,1510023,35945,33133,96,33229,548
2020-11-21,San Benito,069,59416,1789,1691,11,1702,15
2020-11-21,San Bernardino,071,2135413,91759,83206,1345,84551,1222
2020-11-21,San Diego,073,3302833,77975,70711,2746,73457,966
2020-11-21,San Francisco,075,870044,15178,14445,91,14536,153
2020-11-21,San Joaquin,077,732212,26070,24620,463,25083,517
2020-11-21,San Luis Obispo,079,281455,6143,5618,99,5717,34
2020-11-21,San Mateo,081,765935,14118,13138,13,13151,170
2020-11-21,Santa Barbara,083,443738,12086,10922,190,11112,137
2020-11-21,Santa Clara,085,1922200,33887,30377,68,30445,433
2020-11-21,Santa Cruz,087,273765,4382,3898,50,3948,25
2020-11-21,Shasta,089,179085,5074,4095,140,4235,42
2020-11-21,Sierra,091,2930,17,13,0,13,0
2020-11-21,Siskiyou,093,43540,572,403,30,433,0
2020-11-21,Solano,095,438530,10129,9290,59,9349,86
2020-11-21,Sonoma,097,501317,12054,11394,47,11441,158
2020-11-21,Stanislaus,099,539301,21361,20111,1305,21416,435
2020-11-21,Sutter,101,95872,3157,2615,10,2625,13
2020-11-21,Tehama,103,63373,1616,1435,18,1453,9
2020-11-21,Trinity,105,12862,234,110,19,129,0
2020-11-21,Tulare,107,460477,20992,19752,1216,20968,313
2020-11-21,Tuolumne,109,53932,977,690,4,694,7
2020-11-21,Ventura,111,848112,19487,18040,605,18645,177
2020-11-21,Yolo,113,214977,4732,4147,15,4162,75
2020-11-21,Yuba,115,75493,1883,1643,8,1651,10
2020-11-20,Alameda,001,1643700,29046,27221,307,27528,444
2020-11-20,Alpine,003,1148,47,20,0,20,0
2020-11-20,Amador,005,37829,484,446,1,447,16
2020-11-20,Butte,007,227075,3960,3618,181,3799,60
2020-11-20,Calaveras,009,45235,448,424,0,424,21
2020-11-20,Colusa,011,21464,705,631,2,633,6
2020-11-20,Contra Costa,013,1133247,23579,22116,141,22257,260
2020-11-20,Del Norte,015,27424,302,264,0,264,2
2020-11-20,El Dorado,017,186661,2338,1868,19,1887,4
2020-11-20,Fresno,019,978130,40691,35635,1184,36819,480
2020-11-20,Glenn,021,27897,922,826,30,856,4
2020-11-20,Humboldt,023,135768,854,714,1,715,9
2020-11-20,Imperial,025,180216,15878,14864,31,14895,353
2020-11-20,Inyo,027,18085,291,262,9,271,15
2020-11-20,Kern,029,883053,39716,37143,1015,38158,462
2020-11-20,Kings,031,150075,10822,9903,132,10035,85
2020-11-20,Lake,033,64148,920,820,0,820,18
2020-11-20,Lassen,035,31185,1775,1212,5,1217,0
2020-11-20,Los Angeles,037,10098052,376348,353554,5246,358800,7398
2020-11-20,Madera,039,155013,6164,5635,129,5764,54
2020-11-20,Marin,041,260295,7646,7467,25,7492,134
2020-11-20,Mariposa,043,17540,116,89,1,90,2
2020-11-20,Mendocino,045,87422,1408,1269,3,1272,22
2020-11-20,Merced,047,269075,11434,10729,100,10829,167
2020-11-20,Modoc,049,8938,100,83,18,101,0
2020-11-20,Mono,051,14174,497,469,9,478,2
2020-11-20,Monterey,053,433212,14797,13738,245,13983,110
2020-11-20,Napa,055,140530,3071,2718,17,2735,17
2020-11-20,Nevada,057,99092,1221,990,29,1019,9
2020-11-20,Orange,059,3164182,75772,68212,2235,70447,1532
2020-11-20,Placer,061,380077,6699,5687,109,5796,66
2020-11-20,Plumas,063,18699,193,163,0,163,0
2020-11-20,Riverside,065,2383286,86993,79613,1481,81094,1405
2020-11-20,Sacramento,067,1510023,35569,32832,87,32919,549
2020-11-20,San Benito,069,59416,1777,1668,11,1679,15
2020-11-20,San Bernardino,071,2135413,90393,81203,1264,82467,1220
2020-11-20,San Diego,073,3302833,76976,69233,2665,71898,960
2020-11-20,San Francisco,075,870044,15074,14327,90,14417,153
2020-11-20,San Joaquin,077,732212,25918,24460,449,24909,515
2020-11-20,San Luis Obispo,079,281455,6088,5524,96,5620,34
2020-11-20,San Mateo,081,765935,13985,12980,12,12992,169
2020-11-20,Santa Barbara,083,443738,12029,10825,184,11009,136
2020-11-20,Santa Clara,085,1922200,33465,30002,63,30065,431
2020-11-20,Santa Cruz,087,273765,4315,3815,50,3865,25
2020-11-20,Shasta,089,179085,5000,3861,135,3996,42
2020-11-20,Sierra,091,2930,17,12,0,12,0
2020-11-20,Siskiyou,093,43540,559,387,29,416,0
2020-11-20,Solano,095,438530,10037,9216,57,9273,85
2020-11-20,Sonoma,097,501317,11970,11316,46,11362,158
2020-11-20,Stanislaus,099,539301,21206,19889,1279,21168,433
2020-11-20,Sutter,101,95872,3107,2580,10,2590,13
2020-11-20,Tehama,103,63373,1601,1410,15,1425,9
2020-11-20,Trinity,105,12862,233,102,19,121,0
2020-11-20,Tulare,107,460477,20859,19568,1177,20745,311
2020-11-20,Tuolumne,109,53932,938,662,4,666,7
2020-11-20,Ventura,111,848112,19319,17741,578,18319,175
2020-11-20,Yolo,113,214977,4654,4081,14,4095,74
2020-11-20,Yuba,115,75493,1855,1611,8,1619,10
2020-11-19,Alameda,001,1643700,28700,26971,299,27270,441
2020-11-19,Alpine,003,1148,44,20,0,20,0
2020-11-19,Amador,005,37829,480,436,1,437,16
2020-11-19,Butte,007,227075,3911,3576,174,3750,60
2020-11-19,Calaveras,009,45235,438,417,0,417,21
2020-11-19,Colusa,011,21464,687,621,2,623,6
2020-11-19,Contra Costa,013,1133247,23306,21886,138,22024,259
2020-11-19,Del Norte,015,27424,294,251,0,251,2
2020-11-19,El Dorado,017,186661,2264,1825,18,1843,4
2020-11-19,Fresno,019,978130,40243,35278,1125,36403,478
2020-11-19,Glenn,021,27897,900,806,29,835,4
2020-11-19,Humboldt,023,135768,834,693,1,694,9
2020-11-19,Imperial,025,180216,15669,14507,31,14538,349
2020-11-19,Inyo,027,18085,289,262,9,271,15
2020-11-19,Kern,029,883053,39295,36779,973,37752,459
2020-11-19,Kings,031,150075,10674,9763,125,9888,85
2020-11-19,Lake,033,64148,906,809,0,809,18
2020-11-19,Lassen,035,31185,1658,1201,3,1204,0
2020-11-19,Los Angeles,037,10098052,371330,349493,5074,354567,7365
2020-11-19,Madera,039,155013,6092,5540,121,5661,54
2020-11-19,Marin,041,260295,7615,7451,25,7476,134
2020-11-19,Mariposa,043,17540,109,88,0,88,2
2020-11-19,Mendocino,045,87422,1387,1237,3,1240,23
2020-11-19,Merced,047,269075,11293,10634,94,10728,167
2020-11-19,Modoc,049,8938,97,82,18,100,0
2020-11-19,Mono,051,14174,489,468,9,477,2
2020-11-19,Monterey,053,433212,14582,13369,233,13602,108
2020-11-19,Napa,055,140530,3017,2641,17,2658,17
2020-11-19,Nevada,057,99092,1180,945,28,973,9
2020-11-19,Orange,059,3164182,74506,66998,2189,69187,1530
2020-11-19,Placer,061,380077,6509,5612,108,5720,65
2020-11-19,Plumas,063,18699,188,158,0,158,0
2020-11-19,Riverside,065,2383286,85512,78535,1411,79946,1402
2020-11-19,Sacramento,067,1510023,35056,32367,85,32452,546
2020-11-19,San Benito,069,59416,1754,1643,11,1654,15
2020-11-19,San Bernardino,071,2135413,88498,79244,1184,80428,1215
2020-11-19,San Diego,073,3302833,75726,68142,2561,70703,952
2020-11-19,San Francisco,075,870044,14917,14178,84,14262,153
2020-11-19,San Joaquin,077,732212,25598,24270,438,24708,516
2020-11-19,San Luis Obispo,079,281455,6011,5410,92,5502,34
2020-11-19,San Mateo,081,765935,13847,12714,12,12726,169
2020-11-19,Santa Barbara,083,443738,11948,10741,181,10922,136
2020-11-19,Santa Clara,085,1922200,32907,29630,62,29692,424
2020-11-19,Santa Cruz,087,273765,4224,3679,48,3727,25
2020-11-19,Shasta,089,179085,4862,3685,125,3810,42
2020-11-19,Sierra,091,2930,17,11,0,11,0
2020-11-19,Siskiyou,093,43540,534,360,28,388,0
2020-11-19,Solano,095,438530,9900,9093,53,9146,84
2020-11-19,Sonoma,097,501317,11800,11205,44,11249,156
2020-11-19,Stanislaus,099,539301,20965,19736,1237,20973,433
2020-11-19,Sutter,101,95872,3008,2509,10,2519,13
2020-11-19,Tehama,103,63373,1568,1373,12,1385,9
2020-11-19,Trinity,105,12862,227,97,19,116,0
2020-11-19,Tulare,107,460477,20637,19384,1111,20495,304
2020-11-19,Tuolumne,109,53932,905,602,4,606,7
2020-11-19,Ventura,111,848112,18966,17300,565,17865,174
2020-11-19,Yolo,113,214977,4559,3973,14,3987,72
2020-11-19,Yuba,115,75493,1815,1568,8,1576,10
2020-11-18,Alameda,001,1643700,28438,26610,294,26904,440
2020-11-18,Alpine,003,1148,43,16,0,16,0
2020-11-18,Amador,005,37829,475,430,1,431,16
2020-11-18,Butte,007,227075,3858,3537,161,3698,59
2020-11-18,Calaveras,009,45235,433,409,0,409,21
2020-11-18,Colusa,011,21464,674,611,2,613,6
2020-11-18,Contra Costa,013,1133247,23039,21685,134,21819,258
2020-11-18,Del Norte,015,27424,281,240,0,240,2
2020-11-18,El Dorado,017,186661,2176,1799,17,1816,4
2020-11-18,Fresno,019,978130,39801,34997,1073,36070,474
2020-11-18,Glenn,021,27897,884,803,27,830,4
2020-11-18,Humboldt,023,135768,820,690,1,691,9
2020-11-18,Imperial,025,180216,15447,14428,31,14459,348
2020-11-18,Inyo,027,18085,287,262,9,271,15
2020-11-18,Kern,029,883053,38906,36537,923,37460,456
2020-11-18,Kings,031,150075,10526,9696,122,9818,85
2020-11-18,Lake,033,64148,893,802,0,802,18
2020-11-18,Lassen,035,31185,1558,1124,3,1127,0
2020-11-18,Los Angeles,037,10098052,366467,344675,4886,349561,7338
2020-11-18,Madera,039,155013,6005,5519,109,5628,54
2020-11-18,Marin,041,260295,7591,7435,25,7460,134
2020-11-18,Mariposa,043,17540,106,88,0,88,2
2020-11-18,Mendocino,045,87422,1367,1237,3,1240,23
2020-11-18,Merced,047,269075,11177,10536,93,10629,166
2020-11-18,Modoc,049,8938,94,77,18,95,0
2020-11-18,Mono,051,14174,484,468,9,477,2
2020-11-18,Monterey,053,433212,14388,13340,219,13559,108
2020-11-18,Napa,055,140530,2970,2607,17,2624,17
2020-11-18,Nevada,057,99092,1140,933,26,959,9
2020-11-18,Orange,059,3164182,73410,66381,2164,68545,1521
2020-11-18,Placer,061,380077,6331,5543,103,5646,64
2020-11-18,Plumas,063,18699,183,143,0,143,0
2020-11-18,Riverside,065,2383286,84045,77739,1310,79049,1387
2020-11-18,Sacramento,067,1510023,34431,31816,77,31893,541
2020-11-18,San Benito,069,59416,1729,1632,10,1642,15
2020-11-18,San Bernardino,071,2135413,86738,77400,1104,78504,1206
2020-11-18,San Diego,073,3302833,74432,67243,2501,69744,945
2020-11-18,San Francisco,075,870044,14773,14057,82,14139,153
2020-11-18,San Joaquin,077,732212,25332,24146,423,24569,517
2020-11-18,San Luis Obispo,079,281455,5936,5322,91,5413,34
2020-11-18,San Mateo,081,765935,13693,12631,11,12642,169
2020-11-18,Santa Barbara,083,443738,11869,10684,174,10858,136
2020-11-18,Santa Clara,085,1922200,32442,29285,57,29342,421
2020-11-18,Santa Cruz,087,273765,4132,3618,46,3664,25
2020-11-18,Shasta,089,179085,4726,3547,121,3668,42
2020-11-18,Sierra,091,2930,17,11,0,11,0
2020-11-18,Siskiyou,093,43540,502,351,27,378,0
2020-11-18,Solano,095,438530,9768,8994,51,9045,84
2020-11-18,Sonoma,097,501317,11693,11129,41,11170,155
2020-11-18,Stanislaus,099,539301,20722,19609,1212,20821,431
2020-11-18,Sutter,101,95872,2890,2442,10,2452,13
2020-11-18,Tehama,103,63373,1529,1338,12,1350,8
2020-11-18,Trinity,105,12862,214,95,18,113,0
2020-11-18,Tulare,107,460477,20427,19286,1060,20346,306
2020-11-18,Tuolumne,109,53932,870,590,4,594,7
2020-11-18,Ventura,111,848112,18641,17169,550,17719,173
2020-11-18,Yolo,113,214977,4485,3929,14,3943,71
2020-11-18,Yuba,115,75493,1761,1540,8,1548,10
2020-11-17,Alameda,001,1643700,28114,26425,284,26709,439
2020-11-17,Alpine,003,1148,41,12,0,12,0
2020-11-17,Amador,005,37829,464,423,1,424,16
2020-11-17,Butte,007,227075,3815,3500,151,3651,59
2020-11-17,Calaveras,009,45235,418,405,0,405,21
2020-11-17,Colusa,011,21464,663,606,1,607,6
2020-11-17,Contra Costa,013,1133247,22766,21557,129,21686,256
2020-11-17,Del Norte,015,27424,275,233,0,233,2
2020-11-17,El Dorado,017,186661,2117,1758,17,1775,4
2020-11-17,Fresno,019,978130,39202,34765,1014,35779,472
2020-11-17,Glenn,021,27897,873,795,26,821,4
2020-11-17,Humboldt,023,135768,798,685,1,686,9
2020-11-17,Imperial,025,180216,15211,14204,30,14234,346
2020-11-17,Inyo,027,18085,286,263,9,272,15
2020-11-17,Kern,029,883053,38456,36164,870,37034,455
2020-11-17,Kings,031,150075,10453,9653,115,9768,85
2020-11-17,Lake,033,64148,873,792,0,792,18
2020-11-17,Lassen,035,31185,1479,1124,3,1127,0
2020-11-17,Los Angeles,037,10098052,361518,340933,4724,345657,7302
2020-11-17,Madera,039,155013,5916,5485,102,5587,54
2020-11-17,Marin,041,260295,7559,7404,24,7428,134
2020-11-17,Mariposa,043,17540,103,87,0,87,2
2020-11-17,Mendocino,045,87422,1346,1216,3,1219,23
2020-11-17,Merced,047,269075,11033,10457,86,10543,162
2020-11-17,Modoc,049,8938,88,71,17,88,0
2020-11-17,Mono,051,14174,479,459,9,468,2
2020-11-17,Monterey,053,433212,14160,13220,209,13429,108
2020-11-17,Napa,055,140530,2916,2568,17,2585,17
2020-11-17,Nevada,057,99092,1099,918,25,943,9
2020-11-17,Orange,059,3164182,72259,65757,2136,67893,1519
2020-11-17,Placer,061,380077,6169,5435,97,5532,63
2020-11-17,Plumas,063,18699,175,142,0,142,0
2020-11-17,Riverside,065,2383286,82662,77079,1220,78299,1379
2020-11-17,Sacramento,067,1510023,33831,31341,73,31414,538
2020-11-17,San Benito,069,59416,1713,1611,4,1615,15
2020-11-17,San Bernardino,071,2135413,84925,76134,1014,77148,1188
2020-11-17,San Diego,073,3302833,73178,66321,2446,68767,933
2020-11-17,San Francisco,075,870044,14607,13952,81,14033,153
2020-11-17,San Joaquin,077,732212,25060,23997,404,24401,516
2020-11-17,San Luis Obispo,079,281455,5840,5235,91,5326,34
2020-11-17,San Mateo,081,765935,13531,12491,10,12501,169
2020-11-17,Santa Barbara,083,443738,11780,10597,169,10766,136
2020-11-17,Santa Clara,085,1922200,31895,29013,56,29069,419
2020-11-17,Santa Cruz,087,273765,4048,3548,43,3591,25
2020-11-17,Shasta,089,179085,4565,3457,109,3566,40
2020-11-17,Sierra,091,2930,15,11,0,11,0
2020-11-17,Siskiyou,093,43540,454,333,26,359,0
2020-11-17,Solano,095,438530,9623,8905,50,8955,84
2020-11-17,Sonoma,097,501317,11559,11084,39,11123,155
2020-11-17,Stanislaus,099,539301,20498,19466,1184,20650,425
2020-11-17,Sutter,101,95872,2807,2370,9,2379,12
2020-11-17,Tehama,103,63373,1479,1290,12,1302,7
2020-11-17,Trinity,105,12862,197,83,18,101,0
2020-11-17,Tulare,107,460477,20204,19176,999,20175,305
2020-11-17,Tuolumne,109,53932,832,568,4,572,7
2020-11-17,Ventura,111,848112,18369,16797,532,17329,173
2020-11-17,Yolo,113,214977,4309,3887,13,3900,70
2020-11-17,Yuba,115,75493,1713,1519,8,1527,10
2020-11-16,Alameda,001,1643700,27767,26063,279,26342,436
2020-11-16,Alpine,003,1148,38,12,0,12,0
2020-11-16,Amador,005,37829,456,414,1,415,16
2020-11-16,Butte,007,227075,3776,3490,142,3632,58
2020-11-16,Calaveras,009,45235,410,402,0,402,21
2020-11-16,Colusa,011,21464,654,601,1,602,6
2020-11-16,Contra Costa,013,1133247,22500,21386,124,21510,256
2020-11-16,Del Norte,015,27424,268,225,0,225,2
2020-11-16,El Dorado,017,186661,2057,1694,15,1709,4
2020-11-16,Fresno,019,978130,38712,34593,960,35553,471
2020-11-16,Glenn,021,27897,861,786,25,811,4
2020-11-16,Humboldt,023,135768,781,660,1,661,9
2020-11-16,Imperial,025,180216,14963,14111,30,14141,346
2020-11-16,Inyo,027,18085,283,263,9,272,15
2020-11-16,Kern,029,883053,38063,36049,826,36875,455
2020-11-16,Kings,031,150075,10186,9569,111,9680,85
2020-11-16,Lake,033,64148,861,784,0,784,18
2020-11-16,Lassen,035,31185,1298,1124,3,1127,0
2020-11-16,Los Angeles,037,10098052,356776,338778,4548,343326,7277
2020-11-16,Madera,039,155013,5829,5433,96,5529,54
2020-11-16,Marin,041,260295,7530,7359,24,7383,134
2020-11-16,Mariposa,043,17540,100,86,0,86,2
2020-11-16,Mendocino,045,87422,1321,1209,3,1212,23
2020-11-16,Merced,047,269075,10895,10399,83,10482,162
2020-11-16,Modoc,049,8938,86,71,17,88,0
2020-11-16,Mono,051,14174,477,453,9,462,2
2020-11-16,Monterey,053,433212,13915,13089,198,13287,107
2020-11-16,Napa,055,140530,2840,2536,17,2553,17
2020-11-16,Nevada,057,99092,1056,889,23,912,9
2020-11-16,Orange,059,3164182,71160,65396,2122,67518,1519
2020-11-16,Placer,061,380077,6049,5387,88,5475,63
2020-11-16,Plumas,063,18699,168,127,0,127,0
2020-11-16,Riverside,065,2383286,81291,76449,1155,77604,1379
2020-11-16,Sacramento,067,1510023,33194,30954,66,31020,534
2020-11-16,San Benito,069,59416,1695,1603,3,1606,15
2020-11-16,San Bernardino,071,2135413,83098,74401,945,75346,1186
2020-11-16,San Diego,073,3302833,71868,65603,2374,67977,926
2020-11-16,San Francisco,075,870044,14448,13847,78,13925,153
2020-11-16,San Joaquin,077,732212,24772,23515,395,23910,513
2020-11-16,San Luis Obispo,079,281455,5736,5161,86,5247,34
2020-11-16,San Mateo,081,765935,13371,12398,10,12408,169
2020-11-16,Santa Barbara,083,443738,11715,10565,165,10730,135
2020-11-16,Santa Clara,085,1922200,31330,28673,55,28728,419
2020-11-16,Santa Cruz,087,273765,3975,3520,43,3563,25
2020-11-16,Shasta,089,179085,4415,3284,104,3388,37
2020-11-16,Sierra,091,2930,15,11,0,11,0
2020-11-16,Siskiyou,093,43540,427,294,26,320,0
2020-11-16,Solano,095,438530,9424,8827,50,8877,84
2020-11-16,Sonoma,097,501317,11468,10961,38,10999,155
2020-11-16,Stanislaus,099,539301,20261,19333,1157,20490,425
2020-11-16,Sutter,101,95872,2701,2322,9,2331,12
2020-11-16,Tehama,103,63373,1434,1261,8,1269,7
2020-11-16,Trinity,105,12862,185,67,18,85,0
2020-11-16,Tulare,107,460477,20026,18891,944,19835,305
2020-11-16,Tuolumne,109,53932,796,543,4,547,7
2020-11-16,Ventura,111,848112,18031,16691,524,17215,172
2020-11-16,Yolo,113,214977,4213,3858,13,3871,70
2020-11-16,Yuba,115,75493,1677,1500,7,1507,10
2020-11-15,Alameda,001,1643700,27447,25879,273,26152,436
2020-11-15,Alpine,003,1148,36,12,0,12,0
2020-11-15,Amador,005,37829,444,409,1,410,16
2020-11-15,Butte,007,227075,3722,3452,133,3585,58
2020-11-15,Calaveras,009,45235,397,386,0,386,21
2020-11-15,Colusa,011,21464,645,601,1,602,6
2020-11-15,Contra Costa,013,1133247,22200,21179,123,21302,256
2020-11-15,Del Norte,015,27424,252,224,0,224,2
2020-11-15,El Dorado,017,186661,1995,1683,14,1697,4
2020-11-15,Fresno,019,978130,38199,34297,922,35219,471
2020-11-15,Glenn,021,27897,849,783,24,807,4
2020-11-15,Humboldt,023,135768,753,653,1,654,9
2020-11-15,Imperial,025,180216,14726,13940,30,13970,346
2020-11-15,Inyo,027,18085,273,263,9,272,15
2020-11-15,Kern,029,883053,37659,35911,790,36701,455
2020-11-15,Kings,031,150075,9993,9533,107,9640,85
2020-11-15,Lake,033,64148,852,777,0,777,17
2020-11-15,Lassen,035,31185,1251,1124,3,1127,0
2020-11-15,Los Angeles,037,10098052,351738,336035,4374,340409,7271
2020-11-15,Madera,039,155013,5732,5391,90,5481,54
2020-11-15,Marin,041,260295,7504,7347,24,7371,133
2020-11-15,Mariposa,043,17540,97,86,0,86,2
2020-11-15,Mendocino,045,87422,1302,1197,3,1200,22
2020-11-15,Merced,047,269075,10762,10350,83,10433,162
2020-11-15,Modoc,049,8938,85,68,17,85,0
2020-11-15,Mono,051,14174,475,453,9,462,2
2020-11-15,Monterey,053,433212,13718,12999,185,13184,107
2020-11-15,Napa,055,140530,2781,2509,15,2524,17
2020-11-15,Nevada,057,99092,1001,859,23,882,9
2020-11-15,Orange,059,3164182,70120,65008,2104,67112,1519
2020-11-15,Placer,061,380077,5894,5330,80,5410,63
2020-11-15,Plumas,063,18699,162,127,0,127,0
2020-11-15,Riverside,065,2383286,79970,75531,1095,76626,1374
2020-11-15,Sacramento,067,1510023,32568,30601,62,30663,534
2020-11-15,San Benito,069,59416,1670,1589,2,1591,15
2020-11-15,San Bernardino,071,2135413,80950,73769,866,74635,1185
2020-11-15,San Diego,073,3302833,70368,64770,2317,67087,926
2020-11-15,San Francisco,075,870044,14271,13757,77,13834,153
2020-11-15,San Joaquin,077,732212,24564,23516,379,23895,513
2020-11-15,San Luis Obispo,079,281455,5612,5120,84,5204,34
2020-11-15,San Mateo,081,765935,13194,12348,10,12358,169
2020-11-15,Santa Barbara,083,443738,11620,10516,163,10679,135
2020-11-15,Santa Clara,085,1922200,30876,28289,54,28343,418
2020-11-15,Santa Cruz,087,273765,3837,3439,42,3481,25
2020-11-15,Shasta,089,179085,4241,3290,95,3385,37
2020-11-15,Sierra,091,2930,15,11,0,11,0
2020-11-15,Siskiyou,093,43540,408,294,26,320,0
2020-11-15,Solano,095,438530,9263,8713,47,8760,84
2020-11-15,Sonoma,097,501317,11348,10833,37,10870,154
2020-11-15,Stanislaus,099,539301,19989,19228,1131,20359,425
2020-11-15,Sutter,101,95872,2611,2230,9,2239,12
2020-11-15,Tehama,103,63373,1383,1222,7,1229,7
2020-11-15,Trinity,105,12862,175,67,16,83,0
2020-11-15,Tulare,107,460477,19809,18891,891,19782,305
2020-11-15,Tuolumne,109,53932,754,486,4,490,7
2020-11-15,Ventura,111,848112,17757,16564,516,17080,172
2020-11-15,Yolo,113,214977,4110,3819,12,3831,67
2020-11-15,Yuba,115,75493,1636,1470,6,1476,10
2020-11-14,Alameda,001,1643700,27180,25714,271,25985,435
2020-11-14,Alpine,003,1148,36,12,0,12,0
2020-11-14,Amador,005,37829,435,404,0,404,16
2020-11-14,Butte,007,227075,3686,3434,119,3553,58
2020-11-14,Calaveras,009,45235,396,386,0,386,21
2020-11-14,Colusa,011,21464,633,601,1,602,6
2020-11-14,Contra Costa,013,1133247,22061,20975,116,21091,256
2020-11-14,Del Norte,015,27424,246,219,0,219,2
2020-11-14,El Dorado,017,186661,1951,1648,14,1662,4
2020-11-14,Fresno,019,978130,37948,33969,885,34854,471
2020-11-14,Glenn,021,27897,840,772,21,793,3
2020-11-14,Humboldt,023,135768,738,643,1,644,9
2020-11-14,Imperial,025,180216,14633,13932,29,13961,346
2020-11-14,Inyo,027,18085,272,263,9,272,15
2020-11-14,Kern,029,883053,37449,35626,771,36397,454
2020-11-14,Kings,031,150075,9958,9490,104,9594,85
2020-11-14,Lake,033,64148,843,773,0,773,17
2020-11-14,Lassen,035,31185,1237,833,3,836,0
2020-11-14,Los Angeles,037,10098052,349032,333021,4265,337286,7269
2020-11-14,Madera,039,155013,5702,5371,88,5459,54
2020-11-14,Marin,041,260295,7488,7325,24,7349,133
2020-11-14,Mariposa,043,17540,96,86,0,86,2
2020-11-14,Mendocino,045,87422,1286,1181,3,1184,22
2020-11-14,Merced,047,269075,10706,10286,81,10367,161
2020-11-14,Modoc,049,8938,84,64,16,80,0
2020-11-14,Mono,051,14174,475,453,9,462,2
2020-11-14,Monterey,053,433212,13622,12854,175,13029,105
2020-11-14,Napa,055,140530,2747,2473,15,2488,17
2020-11-14,Nevada,057,99092,985,835,23,858,9
2020-11-14,Orange,059,3164182,69498,64340,2093,66433,1517
2020-11-14,Placer,061,380077,5818,5215,74,5289,63
2020-11-14,Plumas,063,18699,157,128,0,128,0
2020-11-14,Riverside,065,2383286,79231,74910,1053,75963,1373
2020-11-14,Sacramento,067,1510023,32242,30298,62,30360,532
2020-11-14,San Benito,069,59416,1655,1573,2,1575,15
2020-11-14,San Bernardino,071,2135413,80016,72868,834,73702,1184
2020-11-14,San Diego,073,3302833,69603,63715,2265,65980,926
2020-11-14,San Francisco,075,870044,14184,13661,76,13737,153
2020-11-14,San Joaquin,077,732212,24473,23516,371,23887,511
2020-11-14,San Luis Obispo,079,281455,5548,5073,79,5152,34
2020-11-14,San Mateo,081,765935,13086,12293,10,12303,169
2020-11-14,Santa Barbara,083,443738,11566,10482,161,10643,135
2020-11-14,Santa Clara,085,1922200,30592,27962,52,28014,416
2020-11-14,Santa Cruz,087,273765,3782,3402,42,3444,25
2020-11-14,Shasta,089,179085,4157,3195,93,3288,37
2020-11-14,Sierra,091,2930,15,11,0,11,0
2020-11-14,Siskiyou,093,43540,395,292,26,318,0
2020-11-14,Solano,095,438530,9183,8655,46,8701,84
2020-11-14,Sonoma,097,501317,11295,10769,37,10806,154
2020-11-14,Stanislaus,099,539301,19847,19068,1109,20177,424
2020-11-14,Sutter,101,95872,2566,2182,9,2191,12
2020-11-14,Tehama,103,63373,1362,1206,6,1212,7
2020-11-14,Trinity,105,12862,170,67,16,83,0
2020-11-14,Tulare,107,460477,19715,18853,862,19715,305
2020-11-14,Tuolumne,109,53932,726,448,4,452,7
2020-11-14,Ventura,111,848112,17611,16297,505,16802,172
2020-11-14,Yolo,113,214977,4067,3765,10,3775,65
2020-11-14,Yuba,115,75493,1607,1453,6,1459,10
2020-11-13,Alameda,001,1643700,26964,25515,266,25781,434
2020-11-13,Alpine,003,1148,36,12,0,12,0
2020-11-13,Amador,005,37829,432,397,0,397,16
2020-11-13,Butte,007,227075,3662,3402,110,3512,58
2020-11-13,Calaveras,009,45235,392,378,0,378,21
2020-11-13,Colusa,011,21464,625,598,1,599,6
2020-11-13,Contra Costa,013,1133247,21889,20799,116,20915,256
2020-11-13,Del Norte,015,27424,244,208,0,208,2
2020-11-13,El Dorado,017,186661,1906,1611,13,1624,4
2020-11-13,Fresno,019,978130,37701,33693,871,34564,470
2020-11-13,Glenn,021,27897,826,755,17,772,3
2020-11-13,Humboldt,023,135768,723,638,1,639,9
2020-11-13,Imperial,025,180216,14563,13790,28,13818,341
2020-11-13,Inyo,027,18085,271,262,9,271,15
2020-11-13,Kern,029,883053,37247,35431,754,36185,453
2020-11-13,Kings,031,150075,9899,9428,103,9531,85
2020-11-13,Lake,033,64148,837,770,0,770,17
2020-11-13,Lassen,035,31185,1228,832,3,835,0
2020-11-13,Los Angeles,037,10098052,345905,329364,4158,333522,7248
2020-11-13,Madera,039,155013,5662,5340,87,5427,54
2020-11-13,Marin,041,260295,7475,7307,23,7330,133
2020-11-13,Mariposa,043,17540,94,86,0,86,2
2020-11-13,Mendocino,045,87422,1274,1173,3,1176,22
2020-11-13,Merced,047,269075,10650,10185,78,10263,159
2020-11-13,Modoc,049,8938,84,63,14,77,0
2020-11-13,Mono,051,14174,475,448,8,456,2
2020-11-13,Monterey,053,433212,13427,12681,163,12844,104
2020-11-13,Napa,055,140530,2708,2440,15,2455,17
2020-11-13,Nevada,057,99092,966,798,23,821,9
2020-11-13,Orange,059,3164182,68897,63804,2073,65877,1514
2020-11-13,Placer,061,380077,5713,5122,68,5190,63
2020-11-13,Plumas,063,18699,151,125,0,125,0
2020-11-13,Riverside,065,2383286,78493,74138,1024,75162,1372
2020-11-13,Sacramento,067,1510023,31924,29787,57,29844,524
2020-11-13,San Benito,069,59416,1643,1553,1,1554,15
2020-11-13,San Bernardino,071,2135413,78969,71895,813,72708,1184
2020-11-13,San Diego,073,3302833,68756,62978,2227,65205,921
2020-11-13,San Francisco,075,870044,14091,13516,74,13590,146
2020-11-13,San Joaquin,077,732212,24378,23314,365,23679,510
2020-11-13,San Luis Obispo,079,281455,5481,4960,76,5036,34
2020-11-13,San Mateo,081,765935,12992,12182,10,12192,169
2020-11-13,Santa Barbara,083,443738,11514,10405,159,10564,134
2020-11-13,Santa Clara,085,1922200,30265,27609,50,27659,415
2020-11-13,Santa Cruz,087,273765,3709,3343,42,3385,25
2020-11-13,Shasta,089,179085,4072,2983,89,3072,37
2020-11-13,Sierra,091,2930,15,11,0,11,0
2020-11-13,Siskiyou,093,43540,390,280,25,305,0
2020-11-13,Solano,095,438530,9092,8525,46,8571,84
2020-11-13,Sonoma,097,501317,11234,10685,35,10720,151
2020-11-13,Stanislaus,099,539301,19722,18936,1081,20017,422
2020-11-13,Sutter,101,95872,2520,2121,8,2129,12
2020-11-13,Tehama,103,63373,1334,1167,6,1173,7
2020-11-13,Trinity,105,12862,168,64,16,80,0
2020-11-13,Tulare,107,460477,19592,18714,820,19534,305
2020-11-13,Tuolumne,109,53932,693,427,4,431,7
2020-11-13,Ventura,111,848112,17465,16172,491,16663,171
2020-11-13,Yolo,113,214977,4016,3716,10,3726,65
2020-11-13,Yuba,115,75493,1580,1435,6,1441,10
2020-11-12,Alameda,001,1643700,26697,25345,266,25611,432
2020-11-12,Alpine,003,1148,35,12,0,12,0
2020-11-12,Amador,005,37829,431,392,0,392,16
2020-11-12,Butte,007,227075,3613,3347,107,3454,58
2020-11-12,Calaveras,009,45235,387,373,0,373,21
2020-11-12,Colusa,011,21464,620,591,1,592,6
2020-11-12,Contra Costa,013,1133247,21682,20619,114,20733,255
2020-11-12,Del Norte,015,27424,237,203,0,203,2
2020-11-12,El Dorado,017,186661,1860,1573,9,1582,4
2020-11-12,Fresno,019,978130,37355,33459,829,34288,468
2020-11-12,Glenn,021,27897,807,727,17,744,3
2020-11-12,Humboldt,023,135768,710,625,1,626,9
2020-11-12,Imperial,025,180216,14398,13619,28,13647,341
2020-11-12,Inyo,027,18085,270,255,9,264,15
2020-11-12,Kern,029,883053,36983,35207,738,35945,451
2020-11-12,Kings,031,150075,9832,9335,102,9437,85
2020-11-12,Lake,033,64148,828,764,0,764,17
2020-11-12,Lassen,035,31185,1159,832,2,834,0
2020-11-12,Los Angeles,037,10098052,342165,327001,4057,331058,7223
2020-11-12,Madera,039,155013,5627,5273,82,5355,54
2020-11-12,Marin,041,260295,7446,7268,23,7291,133
2020-11-12,Mariposa,043,17540,92,84,0,84,2
2020-11-12,Mendocino,045,87422,1255,1142,3,1145,22
2020-11-12,Merced,047,269075,10536,10107,75,10182,158
2020-11-12,Modoc,049,8938,84,63,14,77,0
2020-11-12,Mono,051,14174,474,442,8,450,2
2020-11-12,Monterey,053,433212,13306,12489,149,12638,100
2020-11-12,Napa,055,140530,2646,2398,15,2413,16
2020-11-12,Nevada,057,99092,943,780,22,802,9
2020-11-12,Orange,059,3164182,68151,63232,2054,65286,1514
2020-11-12,Placer,061,380077,5603,5044,58,5102,62
2020-11-12,Plumas,063,18699,147,121,0,121,0
2020-11-12,Riverside,065,2383286,77565,73381,980,74361,1362
2020-11-12,Sacramento,067,1510023,31433,29459,50,29509,520
2020-11-12,San Benito,069,59416,1623,1525,1,1526,15
2020-11-12,San Bernardino,071,2135413,77604,70758,774,71532,1183
2020-11-12,San Diego,073,3302833,67776,62336,2176,64512,918
2020-11-12,San Francisco,075,870044,13992,13289,73,13362,146
2020-11-12,San Joaquin,077,732212,24184,23002,344,23346,509
2020-11-12,San Luis Obispo,079,281455,5417,4898,75,4973,33
2020-11-12,San Mateo,081,765935,12869,12086,9,12095,169
2020-11-12,Santa Barbara,083,443738,11451,10325,154,10479,134
2020-11-12,Santa Clara,085,1922200,29889,27261,49,27310,414
2020-11-12,Santa Cruz,087,273765,3626,3317,40,3357,25
2020-11-12,Shasta,089,179085,3934,2825,78,2903,37
2020-11-12,Sierra,091,2930,15,11,0,11,0
2020-11-12,Siskiyou,093,43540,373,275,20,295,0
2020-11-12,Solano,095,438530,8992,8417,45,8462,85
2020-11-12,Sonoma,097,501317,11132,10602,34,10636,151
2020-11-12,Stanislaus,099,539301,19555,18787,1051,19838,422
2020-11-12,Sutter,101,95872,2436,2075,7,2082,12
2020-11-12,Tehama,103,63373,1307,1117,6,1123,7
2020-11-12,Trinity,105,12862,160,62,15,77,0
2020-11-12,Tulare,107,460477,19480,18545,782,19327,305
2020-11-12,Tuolumne,109,53932,654,353,4,357,7
2020-11-12,Ventura,111,848112,17215,16013,485,16498,158
2020-11-12,Yolo,113,214977,3972,3646,10,3656,63
2020-11-12,Yuba,115,75493,1545,1410,6,1416,10
2020-11-11,Alameda,001,1643700,26455,25140,264,25404,429
2020-11-11,Alpine,003,1148,30,12,0,12,0
2020-11-11,Amador,005,37829,424,389,0,389,16
2020-11-11,Butte,007,227075,3587,3348,94,3442,58
2020-11-11,Calaveras,009,45235,377,373,0,373,21
2020-11-11,Colusa,011,21464,614,591,1,592,6
2020-11-11,Contra Costa,013,1133247,21463,20452,112,20564,255
2020-11-11,Del Norte,015,27424,230,203,0,203,2
2020-11-11,El Dorado,017,186661,1814,1564,8,1572,4
2020-11-11,Fresno,019,978130,37035,33287,795,34082,468
2020-11-11,Glenn,021,27897,791,722,16,738,3
2020-11-11,Humboldt,023,135768,696,623,1,624,9
2020-11-11,Imperial,025,180216,14227,13623,26,13649,340
2020-11-11,Inyo,027,18085,268,255,9,264,15
2020-11-11,Kern,029,883053,36709,35014,721,35735,449
2020-11-11,Kings,031,150075,9726,9263,99,9362,85
2020-11-11,Lake,033,64148,818,763,0,763,17
2020-11-11,Lassen,035,31185,1134,831,2,833,0
2020-11-11,Los Angeles,037,10098052,338804,324567,3968,328535,7220
2020-11-11,Madera,039,155013,5593,5248,79,5327,54
2020-11-11,Marin,041,260295,7423,7268,23,7291,133
2020-11-11,Mariposa,043,17540,92,84,0,84,2
2020-11-11,Mendocino,045,87422,1243,1142,3,1145,22
2020-11-11,Merced,047,269075,10465,10074,73,10147,157
2020-11-11,Modoc,049,8938,80,62,13,75,0
2020-11-11,Mono,051,14174,472,443,8,451,2
2020-11-11,Monterey,053,433212,13162,12417,145,12562,100
2020-11-11,Napa,055,140530,2597,2365,12,2377,15
2020-11-11,Nevada,057,99092,901,741,22,763,9
2020-11-11,Orange,059,3164182,67514,62929,2031,64960,1506
2020-11-11,Placer,061,380077,5519,4981,50,5031,60
2020-11-11,Plumas,063,18699,145,111,0,111,0
2020-11-11,Riverside,065,2383286,76660,72953,934,73887,1361
2020-11-11,Sacramento,067,1510023,30976,28968,48,29016,520
2020-11-11,San Benito,069,59416,1609,1512,1,1513,15
2020-11-11,San Bernardino,071,2135413,76317,70374,747,71121,1182
2020-11-11,San Diego,073,3302833,66841,61746,2115,63861,918
2020-11-11,San Francisco,075,870044,13883,13287,72,13359,146
2020-11-11,San Joaquin,077,732212,24025,23001,338,23339,509
2020-11-11,San Luis Obispo,079,281455,5342,4832,72,4904,33
2020-11-11,San Mateo,081,765935,12754,12008,9,12017,169
2020-11-11,Santa Barbara,083,443738,11386,10278,154,10432,134
2020-11-11,Santa Clara,085,1922200,29536,27075,48,27123,413
2020-11-11,Santa Cruz,087,273765,3558,3247,40,3287,25
2020-11-11,Shasta,089,179085,3811,2766,68,2834,36
2020-11-11,Sierra,091,2930,13,11,0,11,0
2020-11-11,Siskiyou,093,43540,342,261,17,278,0
2020-11-11,Solano,095,438530,8874,8353,43,8396,85
2020-11-11,Sonoma,097,501317,11058,10498,34,10532,150
2020-11-11,Stanislaus,099,539301,19417,18671,1020,19691,422
2020-11-11,Sutter,101,95872,2388,2049,6,2055,12
2020-11-11,Tehama,103,63373,1265,1105,5,1110,7
2020-11-11,Trinity,105,12862,149,62,15,77,0
2020-11-11,Tulare,107,460477,19350,18500,751,19251,305
2020-11-11,Tuolumne,109,53932,598,354,4,358,7
2020-11-11,Ventura,111,848112,17000,15801,471,16272,158
2020-11-11,Yolo,113,214977,3921,3606,10,3616,63
2020-11-11,Yuba,115,75493,1530,1400,6,1406,10
2020-11-10,Alameda,001,1643700,26225,25008,261,25269,424
2020-11-10,Alpine,003,1148,30,9,0,9,0
2020-11-10,Amador,005,37829,418,384,0,384,16
2020-11-10,Butte,007,227075,3551,3327,90,3417,58
2020-11-10,Calaveras,009,45235,372,367,0,367,21
2020-11-10,Colusa,011,21464,606,590,1,591,6
2020-11-10,Contra Costa,013,1133247,21256,20326,110,20436,255
2020-11-10,Del Norte,015,27424,224,196,0,196,2
2020-11-10,El Dorado,017,186661,1753,1551,8,1559,4
2020-11-10,Fresno,019,978130,36765,33024,757,33781,465
2020-11-10,Glenn,021,27897,783,719,12,731,3
2020-11-10,Humboldt,023,135768,679,610,1,611,9
2020-11-10,Imperial,025,180216,14097,13570,26,13596,338
2020-11-10,Inyo,027,18085,267,252,8,260,14
2020-11-10,Kern,029,883053,36432,34858,702,35560,448
2020-11-10,Kings,031,150075,9679,9236,92,9328,85
2020-11-10,Lake,033,64148,808,762,0,762,16
2020-11-10,Lassen,035,31185,1119,830,2,832,0
2020-11-10,Los Angeles,037,10098052,335556,322569,3851,326420,7205
2020-11-10,Madera,039,155013,5551,5229,73,5302,54
2020-11-10,Marin,041,260295,7404,7259,23,7282,133
2020-11-10,Mariposa,043,17540,90,84,0,84,2
2020-11-10,Mendocino,045,87422,1235,1137,3,1140,22
2020-11-10,Merced,047,269075,10403,9992,67,10059,157
2020-11-10,Modoc,049,8938,78,61,13,74,0
2020-11-10,Mono,051,14174,470,443,8,451,2
2020-11-10,Monterey,053,433212,13024,12335,137,12472,100
2020-11-10,Napa,055,140530,2559,2341,10,2351,15
2020-11-10,Nevada,057,99092,885,734,22,756,9
2020-11-10,Orange,059,3164182,66964,62597,2020,64617,1504
2020-11-10,Placer,061,380077,5439,4902,49,4951,60
2020-11-10,Plumas,063,18699,141,108,0,108,0
2020-11-10,Riverside,065,2383286,76019,72316,907,73223,1359
2020-11-10,Sacramento,067,1510023,30569,28677,45,28722,519
2020-11-10,San Benito,069,59416,1594,1508,1,1509,15
2020-11-10,San Bernardino,071,2135413,75147,69666,713,70379,1182
2020-11-10,San Diego,073,3302833,65950,61085,2078,63163,915
2020-11-10,San Francisco,075,870044,13766,13210,72,13282,146
2020-11-10,San Joaquin,077,732212,23860,22865,331,23196,508
2020-11-10,San Luis Obispo,079,281455,5279,4780,68,4848,33
2020-11-10,San Mateo,081,765935,12653,11939,9,11948,169
2020-11-10,Santa Barbara,083,443738,11319,10252,150,10402,134
2020-11-10,Santa Clara,085,1922200,29193,26917,47,26964,409
2020-11-10,Santa Cruz,087,273765,3494,3221,40,3261,25
2020-11-10,Shasta,089,179085,3669,2686,60,2746,36
2020-11-10,Sierra,091,2930,12,10,0,10,0
2020-11-10,Siskiyou,093,43540,326,263,16,279,0
2020-11-10,Solano,095,438530,8776,8299,43,8342,85
2020-11-10,Sonoma,097,501317,10971,10414,34,10448,150
2020-11-10,Stanislaus,099,539301,19283,18592,996,19588,420
2020-11-10,Sutter,101,95872,2293,2035,5,2040,12
2020-11-10,Tehama,103,63373,1239,1099,4,1103,7
2020-11-10,Trinity,105,12862,140,62,14,76,0
2020-11-10,Tulare,107,460477,19236,18430,727,19157,305
2020-11-10,Tuolumne,109,53932,550,353,4,357,7
2020-11-10,Ventura,111,848112,16817,15625,469,16094,158
2020-11-10,Yolo,113,214977,3860,3573,10,3583,63
2020-11-10,Yuba,115,75493,1507,1392,6,1398,10
2020-11-09,Alameda,001,1643700,25976,24899,257,25156,424
2020-11-09,Alpine,003,1148,28,6,0,6,0
2020-11-09,Amador,005,37829,409,380,0,380,16
2020-11-09,Butte,007,227075,3506,3301,81,3382,57
2020-11-09,Calaveras,009,45235,368,360,0,360,21
2020-11-09,Colusa,011,21464,600,583,1,584,6
2020-11-09,Contra Costa,013,1133247,21083,20193,108,20301,255
2020-11-09,Del Norte,015,27424,218,195,0,195,2
2020-11-09,El Dorado,017,186661,1712,1515,8,1523,4
2020-11-09,Fresno,019,978130,36454,32755,715,33470,465
2020-11-09,Glenn,021,27897,777,714,9,723,3
2020-11-09,Humboldt,023,135768,666,607,1,608,9
2020-11-09,Imperial,025,180216,13980,13508,25,13533,338
2020-11-09,Inyo,027,18085,267,252,8,260,14
2020-11-09,Kern,029,883053,36201,34764,666,35430,448
2020-11-09,Kings,031,150075,9609,9141,90,9231,84
2020-11-09,Lake,033,64148,799,755,0,755,16
2020-11-09,Lassen,035,31185,1023,799,2,801,0
2020-11-09,Los Angeles,037,10098052,332460,320370,3774,324144,7180
2020-11-09,Madera,039,155013,5505,5209,70,5279,54
2020-11-09,Marin,041,260295,7378,7237,22,7259,131
2020-11-09,Mariposa,043,17540,90,84,0,84,2
2020-11-09,Mendocino,045,87422,1223,1132,3,1135,22
2020-11-09,Merced,047,269075,10300,9922,64,9986,157
2020-11-09,Modoc,049,8938,74,54,12,66,0
2020-11-09,Mono,051,14174,467,352,8,360,2
2020-11-09,Monterey,053,433212,12877,12148,129,12277,98
2020-11-09,Napa,055,140530,2516,2309,10,2319,15
2020-11-09,Nevada,057,99092,848,729,21,750,9
2020-11-09,Orange,059,3164182,66323,62335,2008,64343,1501
2020-11-09,Placer,061,380077,5354,4843,37,4880,60
2020-11-09,Plumas,063,18699,134,102,0,102,0
2020-11-09,Riverside,065,2383286,75236,72059,874,72933,1346
2020-11-09,Sacramento,067,1510023,30097,28200,45,28245,516
2020-11-09,San Benito,069,59416,1585,1506,1,1507,15
2020-11-09,San Bernardino,071,2135413,74093,69015,671,69686,1182
2020-11-09,San Diego,073,3302833,65094,60572,2039,62611,908
2020-11-09,San Francisco,075,870044,13647,12984,69,13053,146
2020-11-09,San Joaquin,077,732212,23695,22512,326,22838,505
2020-11-09,San Luis Obispo,079,281455,5193,4746,66,4812,32
2020-11-09,San Mateo,081,765935,12546,11857,9,11866,169
2020-11-09,Santa Barbara,083,443738,11262,10214,144,10358,134
2020-11-09,Santa Clara,085,1922200,28798,26693,47,26740,409
2020-11-09,Santa Cruz,087,273765,3436,3194,40,3234,25
2020-11-09,Shasta,089,179085,3514,2581,51,2632,36
2020-11-09,Sierra,091,2930,10,10,0,10,0
2020-11-09,Siskiyou,093,43540,315,257,14,271,0
2020-11-09,Solano,095,438530,8660,8254,42,8296,85
2020-11-09,Sonoma,097,501317,10863,10310,34,10344,150
2020-11-09,Stanislaus,099,539301,19130,18482,979,19461,418
2020-11-09,Sutter,101,95872,2226,2010,4,2014,12
2020-11-09,Tehama,103,63373,1203,1071,3,1074,7
2020-11-09,Trinity,105,12862,133,46,14,60,0
2020-11-09,Tulare,107,460477,19116,18272,695,18967,304
2020-11-09,Tuolumne,109,53932,496,346,4,350,7
2020-11-09,Ventura,111,848112,16615,15568,466,16034,156
2020-11-09,Yolo,113,214977,3800,3522,9,3531,62
2020-11-09,Yuba,115,75493,1474,1380,6,1386,10
2020-11-08,Alameda,001,1643700,25748,24731,257,24988,424
2020-11-08,Alpine,003,1148,25,6,0,6,0
2020-11-08,Amador,005,37829,402,376,0,376,16
2020-11-08,Butte,007,227075,3468,3285,75,3360,57
2020-11-08,Calaveras,009,45235,366,360,0,360,21
2020-11-08,Colusa,011,21464,597,583,1,584,6
2020-11-08,Contra Costa,013,1133247,20913,20031,106,20137,254
2020-11-08,Del Norte,015,27424,210,195,0,195,2
2020-11-08,El Dorado,017,186661,1674,1502,8,1510,4
2020-11-08,Fresno,019,978130,36119,32619,676,33295,465
2020-11-08,Glenn,021,27897,771,707,8,715,3
2020-11-08,Humboldt,023,135768,650,605,1,606,9
2020-11-08,Imperial,025,180216,13864,13428,25,13453,338
2020-11-08,Inyo,027,18085,263,252,8,260,14
2020-11-08,Kern,029,883053,35982,34644,649,35293,448
2020-11-08,Kings,031,150075,9476,9026,87,9113,84
2020-11-08,Lake,033,64148,791,754,0,754,16
2020-11-08,Lassen,035,31185,875,799,2,801,0
2020-11-08,Los Angeles,037,10098052,329337,318960,3703,322663,7176
2020-11-08,Madera,039,155013,5437,5196,67,5263,54
2020-11-08,Marin,041,260295,7358,7227,22,7249,131
2020-11-08,Mariposa,043,17540,90,83,0,83,2
2020-11-08,Mendocino,045,87422,1214,1129,3,1132,22
2020-11-08,Merced,047,269075,10225,9885,62,9947,157
2020-11-08,Modoc,049,8938,70,54,12,66,0
2020-11-08,Mono,051,14174,461,352,8,360,2
2020-11-08,Monterey,053,433212,12732,12122,118,12240,98
2020-11-08,Napa,055,140530,2476,2274,10,2284,15
2020-11-08,Nevada,057,99092,832,715,21,736,9
2020-11-08,Orange,059,3164182,65735,62034,1995,64029,1501
2020-11-08,Placer,061,380077,5251,4800,32,4832,60
2020-11-08,Plumas,063,18699,129,102,0,102,0
2020-11-08,Riverside,065,2383286,74583,71442,832,72274,1345
2020-11-08,Sacramento,067,1510023,29537,28059,42,28101,515
2020-11-08,San Benito,069,59416,1570,1496,1,1497,15
2020-11-08,San Bernardino,071,2135413,72844,68412,630,69042,1182
2020-11-08,San Diego,073,3302833,64249,60199,1995,62194,908
2020-11-08,San Francisco,075,870044,13516,12985,64,13049,146
2020-11-08,San Joaquin,077,732212,23502,22514,322,22836,505
2020-11-08,San Luis Obispo,079,281455,5127,4698,61,4759,32
2020-11-08,San Mateo,081,765935,12427,11783,9,11792,169
2020-11-08,Santa Barbara,083,443738,11192,10180,142,10322,134
2020-11-08,Santa Clara,085,1922200,28424,26442,46,26488,410
2020-11-08,Santa Cruz,087,273765,3379,3134,40,3174,25
2020-11-08,Shasta,089,179085,3378,2582,45,2627,36
2020-11-08,Sierra,091,2930,10,7,0,7,0
2020-11-08,Siskiyou,093,43540,303,246,13,259,0
2020-11-08,Solano,095,438530,8539,8132,41,8173,85
2020-11-08,Sonoma,097,501317,10756,10229,34,10263,149
2020-11-08,Stanislaus,099,539301,18957,18413,957,19370,418
2020-11-08,Sutter,101,95872,2168,1980,4,1984,12
2020-11-08,Tehama,103,63373,1179,1054,3,1057,7
2020-11-08,Trinity,105,12862,130,46,14,60,0
2020-11-08,Tulare,107,460477,18973,18272,665,18937,304
2020-11-08,Tuolumne,109,53932,469,341,4,345,7
2020-11-08,Ventura,111,848112,16420,15504,458,15962,156
2020-11-08,Yolo,113,214977,3739,3492,9,3501,61
2020-11-08,Yuba,115,75493,1453,1369,6,1375,10
2020-11-07,Alameda,001,1643700,25638,24578,255,24833,424
2020-11-07,Alpine,003,1148,25,6,0,6,0
2020-11-07,Amador,005,37829,399,375,0,375,16
2020-11-07,Butte,007,227075,3456,3277,70,3347,57
2020-11-07,Calaveras,009,45235,364,360,0,360,21
2020-11-07,Colusa,011,21464,597,583,1,584,6
2020-11-07,Contra Costa,013,1133247,20812,19943,105,20048,254
2020-11-07,Del Norte,015,27424,206,194,0,194,2
2020-11-07,El Dorado,017,186661,1649,1495,7,1502,4
2020-11-07,Fresno,019,978130,35965,32497,654,33151,465
2020-11-07,Glenn,021,27897,763,707,8,715,3
2020-11-07,Humboldt,023,135768,639,590,1,591,9
2020-11-07,Imperial,025,180216,13806,13388,24,13412,338
2020-11-07,Inyo,027,18085,261,252,8,260,14
2020-11-07,Kern,029,883053,35827,34513,639,35152,448
2020-11-07,Kings,031,150075,9443,9005,81,9086,84
2020-11-07,Lake,033,64148,787,751,0,751,16
2020-11-07,Lassen,035,31185,859,799,2,801,0
2020-11-07,Los Angeles,037,10098052,327831,316756,3634,320390,7174
2020-11-07,Madera,039,155013,5415,5177,65,5242,54
2020-11-07,Marin,041,260295,7347,7215,22,7237,131
2020-11-07,Mariposa,043,17540,90,81,0,81,2
2020-11-07,Mendocino,045,87422,1204,1118,3,1121,22
2020-11-07,Merced,047,269075,10193,9855,58,9913,157
2020-11-07,Modoc,049,8938,70,51,12,63,0
2020-11-07,Mono,051,14174,458,352,8,360,2
2020-11-07,Monterey,053,433212,12663,12030,114,12144,98
2020-11-07,Napa,055,140530,2446,2260,9,2269,15
2020-11-07,Nevada,057,99092,815,710,21,731,9
2020-11-07,Orange,059,3164182,65449,62038,1988,64026,1505
2020-11-07,Placer,061,380077,5188,4745,32,4777,60
2020-11-07,Plumas,063,18699,127,94,0,94,0
2020-11-07,Riverside,065,2383286,74188,71153,804,71957,1345
2020-11-07,Sacramento,067,1510023,29286,27773,42,27815,515
2020-11-07,San Benito,069,59416,1558,1489,1,1490,15
2020-11-07,San Bernardino,071,2135413,72329,67935,619,68554,1182
2020-11-07,San Diego,073,3302833,63737,59682,1963,61645,909
2020-11-07,San Francisco,075,870044,13455,12980,63,13043,146
2020-11-07,San Joaquin,077,732212,23393,22517,316,22833,505
2020-11-07,San Luis Obispo,079,281455,5078,4668,58,4726,32
2020-11-07,San Mateo,081,765935,12364,11711,9,11720,169
2020-11-07,Santa Barbara,083,443738,11150,10157,140,10297,134
2020-11-07,Santa Clara,085,1922200,28219,26244,45,26289,410
2020-11-07,Santa Cruz,087,273765,3341,3130,40,3170,25
2020-11-07,Shasta,089,179085,3309,2547,43,2590,36
2020-11-07,Sierra,091,2930,10,7,0,7,0
2020-11-07,Siskiyou,093,43540,299,241,13,254,0
2020-11-07,Solano,095,438530,8487,8066,41,8107,85
2020-11-07,Sonoma,097,501317,10710,10200,34,10234,149
2020-11-07,Stanislaus,099,539301,18847,18386,941,19327,418
2020-11-07,Sutter,101,95872,2128,1973,4,1977,12
2020-11-07,Tehama,103,63373,1155,1043,3,1046,7
2020-11-07,Trinity,105,12862,130,42,13,55,0
2020-11-07,Tulare,107,460477,18917,18229,648,18877,304
2020-11-07,Tuolumne,109,53932,458,327,4,331,7
2020-11-07,Ventura,111,848112,16360,15364,453,15817,156
2020-11-07,Yolo,113,214977,3708,3486,9,3495,61
2020-11-07,Yuba,115,75493,1438,1349,6,1355,10
2020-11-06,Alameda,001,1643700,25506,24389,253,24642,420
2020-11-06,Alpine,003,1148,25,6,0,6,0
2020-11-06,Amador,005,37829,397,369,0,369,16
2020-11-06,Butte,007,227075,3431,3254,62,3316,57
2020-11-06,Calaveras,009,45235,363,359,0,359,21
2020-11-06,Colusa,011,21464,595,580,1,581,6
2020-11-06,Contra Costa,013,1133247,20663,19744,105,19849,252
2020-11-06,Del Norte,015,27424,203,194,0,194,2
2020-11-06,El Dorado,017,186661,1623,1475,7,1482,4
2020-11-06,Fresno,019,978130,35777,32278,637,32915,460
2020-11-06,Glenn,021,27897,757,707,7,714,3
2020-11-06,Humboldt,023,135768,636,587,1,588,9
2020-11-06,Imperial,025,180216,13753,13230,24,13254,338
2020-11-06,Inyo,027,18085,259,246,8,254,14
2020-11-06,Kern,029,883053,35662,34360,621,34981,443
2020-11-06,Kings,031,150075,9419,8883,79,8962,83
2020-11-06,Lake,033,64148,786,741,0,741,16
2020-11-06,Lassen,035,31185,851,794,2,796,0
2020-11-06,Los Angeles,037,10098052,325859,314356,3581,317937,7160
2020-11-06,Madera,039,155013,5399,5136,64,5200,54
2020-11-06,Marin,041,260295,7326,7184,22,7206,131
2020-11-06,Mariposa,043,17540,89,79,0,79,2
2020-11-06,Mendocino,045,87422,1199,1113,3,1116,22
2020-11-06,Merced,047,269075,10153,9778,55,9833,157
2020-11-06,Modoc,049,8938,70,48,12,60,0
2020-11-06,Mono,051,14174,452,308,8,316,1
2020-11-06,Monterey,053,433212,12546,11914,113,12027,96
2020-11-06,Napa,055,140530,2421,2189,9,2198,15
2020-11-06,Nevada,057,99092,802,692,20,712,9
2020-11-06,Orange,059,3164182,65146,61049,1978,63027,1494
2020-11-06,Placer,061,380077,5115,4680,32,4712,60
2020-11-06,Plumas,063,18699,122,90,0,90,0
2020-11-06,Riverside,065,2383286,73738,70409,763,71172,1341
2020-11-06,Sacramento,067,1510023,28994,27489,40,27529,514
2020-11-06,San Benito,069,59416,1549,1479,1,1480,15
2020-11-06,San Bernardino,071,2135413,71733,66740,598,67338,1179
2020-11-06,San Diego,073,3302833,63212,59143,1932,61075,907
2020-11-06,San Francisco,075,870044,13385,12825,62,12887,146
2020-11-06,San Joaquin,077,732212,23307,22424,306,22730,502
2020-11-06,San Luis Obispo,079,281455,5013,4531,52,4583,32
2020-11-06,San Mateo,081,765935,12289,11587,9,11596,168
2020-11-06,Santa Barbara,083,443738,11114,10118,135,10253,133
2020-11-06,Santa Clara,085,1922200,27977,25831,45,25876,402
2020-11-06,Santa Cruz,087,273765,3304,3063,40,3103,25
2020-11-06,Shasta,089,179085,3236,2475,42,2517,35
2020-11-06,Sierra,091,2930,9,7,0,7,0
2020-11-06,Siskiyou,093,43540,286,237,12,249,0
2020-11-06,Solano,095,438530,8422,7959,41,8000,85
2020-11-06,Sonoma,097,501317,10660,10142,34,10176,149
2020-11-06,Stanislaus,099,539301,18759,18250,932,19182,417
2020-11-06,Sutter,101,95872,2101,1937,2,1939,12
2020-11-06,Tehama,103,63373,1134,1024,3,1027,6
2020-11-06,Trinity,105,12862,127,41,13,54,0
2020-11-06,Tulare,107,460477,18853,18136,623,18759,300
2020-11-06,Tuolumne,109,53932,437,316,4,320,5
2020-11-06,Ventura,111,848112,16274,15222,450,15672,154
2020-11-06,Yolo,113,214977,3679,3420,9,3429,62
2020-11-06,Yuba,115,75493,1425,1335,6,1341,10
2020-11-05,Alameda,001,1643700,25328,24270,253,24523,420
2020-11-05,Alpine,003,1148,25,6,0,6,0
2020-11-05,Amador,005,37829,394,363,0,363,16
2020-11-05,Butte,007,227075,3408,3239,56,3295,57
2020-11-05,Calaveras,009,45235,356,333,0,333,19
2020-11-05,Colusa,011,21464,591,574,1,575,6
2020-11-05,Contra Costa,013,1133247,20481,19656,103,19759,252
2020-11-05,Del Norte,015,27424,201,192,0,192,2
2020-11-05,El Dorado,017,186661,1599,1466,7,1473,4
2020-11-05,Fresno,019,978130,35536,32056,612,32668,460
2020-11-05,Glenn,021,27897,737,702,7,709,3
2020-11-05,Humboldt,023,135768,625,581,1,582,9
2020-11-05,Imperial,025,180216,13661,13178,22,13200,337
2020-11-05,Inyo,027,18085,259,247,8,255,14
2020-11-05,Kern,029,883053,35460,34232,607,34839,443
2020-11-05,Kings,031,150075,9264,8846,76,8922,83
2020-11-05,Lake,033,64148,782,739,0,739,16
2020-11-05,Lassen,035,31185,820,782,2,784,0
2020-11-05,Los Angeles,037,10098052,323503,312381,3528,315909,7146
2020-11-05,Madera,039,155013,5360,5129,61,5190,54
2020-11-05,Marin,041,260295,7304,7171,22,7193,131
2020-11-05,Mariposa,043,17540,88,79,0,79,2
2020-11-05,Mendocino,045,87422,1187,1112,3,1115,22
2020-11-05,Merced,047,269075,10094,9753,50,9803,155
2020-11-05,Modoc,049,8938,69,47,11,58,0
2020-11-05,Mono,051,14174,450,307,8,315,1
2020-11-05,Monterey,053,433212,12438,11784,109,11893,96
2020-11-05,Napa,055,140530,2394,2158,9,2167,15
2020-11-05,Nevada,057,99092,780,687,19,706,9
2020-11-05,Orange,059,3164182,64699,60740,1968,62708,1484
2020-11-05,Placer,061,380077,5046,4627,27,4654,60
2020-11-05,Plumas,063,18699,114,90,0,90,0
2020-11-05,Riverside,065,2383286,73028,70094,704,70798,1338
2020-11-05,Sacramento,067,1510023,28613,27232,39,27271,512
2020-11-05,San Benito,069,59416,1534,1477,1,1478,15
2020-11-05,San Bernardino,071,2135413,70906,66407,585,66992,1174
2020-11-05,San Diego,073,3302833,62586,58659,1906,60565,904
2020-11-05,San Francisco,075,870044,13273,12726,61,12787,146
2020-11-05,San Joaquin,077,732212,23143,22318,302,22620,502
2020-11-05,San Luis Obispo,079,281455,4946,4459,50,4509,32
2020-11-05,San Mateo,081,765935,12195,11535,9,11544,168
2020-11-05,Santa Barbara,083,443738,11068,10080,132,10212,133
2020-11-05,Santa Clara,085,1922200,27709,25651,45,25696,402
2020-11-05,Santa Cruz,087,273765,3266,3023,40,3063,25
2020-11-05,Shasta,089,179085,3146,2401,41,2442,34
2020-11-05,Sierra,091,2930,9,6,0,6,0
2020-11-05,Siskiyou,093,43540,275,228,12,240,0
2020-11-05,Solano,095,438530,8339,7842,41,7883,85
2020-11-05,Sonoma,097,501317,10548,10064,33,10097,145
2020-11-05,Stanislaus,099,539301,18645,18194,919,19113,417
2020-11-05,Sutter,101,95872,2069,1925,2,1927,12
2020-11-05,Tehama,103,63373,1112,1015,2,1017,6
2020-11-05,Trinity,105,12862,111,41,13,54,0
2020-11-05,Tulare,107,460477,18768,18049,592,18641,301
2020-11-05,Tuolumne,109,53932,408,312,4,316,5
2020-11-05,Ventura,111,848112,16108,15113,439,15552,155
2020-11-05,Yolo,113,214977,3629,3391,9,3400,61
2020-11-05,Yuba,115,75493,1407,1322,6,1328,10
2020-11-04,Alameda,001,1643700,25150,24172,251,24423,418
2020-11-04,Alpine,003,1148,21,5,0,5,0
2020-11-04,Amador,005,37829,391,362,0,362,16
2020-11-04,Butte,007,227075,3382,3218,53,3271,57
2020-11-04,Calaveras,009,45235,353,290,0,290,19
2020-11-04,Colusa,011,21464,589,571,1,572,6
2020-11-04,Contra Costa,013,1133247,20314,19472,99,19571,251
2020-11-04,Del Norte,015,27424,197,188,0,188,2
2020-11-04,El Dorado,017,186661,1584,1448,4,1452,4
2020-11-04,Fresno,019,978130,35303,31952,583,32535,457
2020-11-04,Glenn,021,27897,733,701,6,707,3
2020-11-04,Humboldt,023,135768,616,571,1,572,9
2020-11-04,Imperial,025,180216,13563,13087,22,13109,335
2020-11-04,Inyo,027,18085,258,247,8,255,14
2020-11-04,Kern,029,883053,35305,34027,596,34623,439
2020-11-04,Kings,031,150075,9230,8817,74,8891,83
2020-11-04,Lake,033,64148,775,735,0,735,16
2020-11-04,Lassen,035,31185,815,781,2,783,0
2020-11-04,Los Angeles,037,10098052,321194,310456,3447,313903,7124
2020-11-04,Madera,039,155013,5340,5083,57,5140,54
2020-11-04,Marin,041,260295,7292,7157,22,7179,131
2020-11-04,Mariposa,043,17540,88,79,0,79,2
2020-11-04,Mendocino,045,87422,1169,1089,3,1092,22
2020-11-04,Merced,047,269075,10044,9717,48,9765,153
2020-11-04,Modoc,049,8938,59,47,11,58,0
2020-11-04,Mono,051,14174,447,237,7,244,1
2020-11-04,Monterey,053,433212,12233,11743,103,11846,96
2020-11-04,Napa,055,140530,2340,2133,9,2142,15
2020-11-04,Nevada,057,99092,761,675,19,694,9
2020-11-04,Orange,059,3164182,64264,60463,1945,62408,1483
2020-11-04,Placer,061,380077,4967,4526,24,4550,60
2020-11-04,Plumas,063,18699,112,88,0,88,0
2020-11-04,Riverside,065,2383286,72412,69562,644,70206,1335
2020-11-04,Sacramento,067,1510023,28262,27005,38,27043,510
2020-11-04,San Benito,069,59416,1519,1464,1,1465,15
2020-11-04,San Bernardino,071,2135413,70110,65891,561,66452,1169
2020-11-04,San Diego,073,3302833,61940,58126,1880,60006,904
2020-11-04,San Francisco,075,870044,13189,12649,58,12707,146
2020-11-04,San Joaquin,077,732212,23006,22197,289,22486,500
2020-11-04,San Luis Obispo,079,281455,4879,4389,48,4437,32
2020-11-04,San Mateo,081,765935,12100,11456,9,11465,168
2020-11-04,Santa Barbara,083,443738,11029,10026,131,10157,132
2020-11-04,Santa Clara,085,1922200,27447,25487,45,25532,393
2020-11-04,Santa Cruz,087,273765,3229,2997,40,3037,25
2020-11-04,Shasta,089,179085,3015,2321,36,2357,34
2020-11-04,Sierra,091,2930,9,6,0,6,0
2020-11-04,Siskiyou,093,43540,266,222,12,234,0
2020-11-04,Solano,095,438530,8240,7733,41,7774,85
2020-11-04,Sonoma,097,501317,10454,9965,33,9998,142
2020-11-04,Stanislaus,099,539301,18528,18114,904,19018,416
2020-11-04,Sutter,101,95872,2035,1916,2,1918,12
2020-11-04,Tehama,103,63373,1088,997,2,999,6
2020-11-04,Trinity,105,12862,107,37,13,50,0
2020-11-04,Tulare,107,460477,18660,17952,564,18516,298
2020-11-04,Tuolumne,109,53932,386,310,4,314,5
2020-11-04,Ventura,111,848112,15967,14936,436,15372,155
2020-11-04,Yolo,113,214977,3588,3361,9,3370,62
2020-11-04,Yuba,115,75493,1386,1312,6,1318,10
2020-11-03,Alameda,001,1643700,24966,24055,249,24304,418
2020-11-03,Alpine,003,1148,20,4,0,4,0
2020-11-03,Amador,005,37829,386,361,0,361,16
2020-11-03,Butte,007,227075,3358,3211,48,3259,57
2020-11-03,Calaveras,009,45235,349,287,0,287,19
2020-11-03,Colusa,011,21464,584,572,1,573,6
2020-11-03,Contra Costa,013,1133247,20159,19416,99,19515,250
2020-11-03,Del Norte,015,27424,196,187,0,187,2
2020-11-03,El Dorado,017,186661,1562,1445,3,1448,4
2020-11-03,Fresno,019,978130,35033,31856,559,32415,457
2020-11-03,Glenn,021,27897,727,698,6,704,3
2020-11-03,Humboldt,023,135768,610,570,1,571,8
2020-11-03,Imperial,025,180216,13474,13044,21,13065,335
2020-11-03,Inyo,027,18085,257,244,8,252,14
2020-11-03,Kern,029,883053,35114,33957,585,34542,439
2020-11-03,Kings,031,150075,9067,8783,69,8852,83
2020-11-03,Lake,033,64148,765,732,0,732,16
2020-11-03,Lassen,035,31185,806,782,2,784,0
2020-11-03,Los Angeles,037,10098052,318738,308812,3378,312190,7104
2020-11-03,Madera,039,155013,5303,5058,56,5114,54
2020-11-03,Marin,041,260295,7272,7147,21,7168,131
2020-11-03,Mariposa,043,17540,87,79,0,79,2
2020-11-03,Mendocino,045,87422,1154,1084,3,1087,22
2020-11-03,Merced,047,269075,9991,9713,47,9760,153
2020-11-03,Modoc,049,8938,57,47,9,56,0
2020-11-03,Mono,051,14174,443,210,7,217,1
2020-11-03,Monterey,053,433212,12164,11703,96,11799,94
2020-11-03,Napa,055,140530,2304,2130,9,2139,15
2020-11-03,Nevada,057,99092,741,670,18,688,9
2020-11-03,Orange,059,3164182,63835,60283,1934,62217,1477
2020-11-03,Placer,061,380077,4893,4514,24,4538,60
2020-11-03,Plumas,063,18699,109,86,0,86,0
2020-11-03,Riverside,065,2383286,71795,69300,618,69918,1325
2020-11-03,Sacramento,067,1510023,27882,26841,37,26878,510
2020-11-03,San Benito,069,59416,1509,1463,1,1464,15
2020-11-03,San Bernardino,071,2135413,69300,65320,553,65873,1159
2020-11-03,San Diego,073,3302833,61264,57722,1836,59558,901
2020-11-03,San Francisco,075,870044,13065,12585,58,12643,146
2020-11-03,San Joaquin,077,732212,22872,22109,283,22392,500
2020-11-03,San Luis Obispo,079,281455,4797,4371,46,4417,32
2020-11-03,San Mateo,081,765935,12005,11406,9,11415,162
2020-11-03,Santa Barbara,083,443738,10974,10008,126,10134,132
2020-11-03,Santa Clara,085,1922200,27174,25386,44,25430,393
2020-11-03,Santa Cruz,087,273765,3179,2980,39,3019,25
2020-11-03,Shasta,089,179085,2920,2288,29,2317,33
2020-11-03,Sierra,091,2930,7,6,0,6,0
2020-11-03,Siskiyou,093,43540,262,219,11,230,0
2020-11-03,Solano,095,438530,8157,7691,41,7732,85
2020-11-03,Sonoma,097,501317,10352,9906,33,9939,142
2020-11-03,Stanislaus,099,539301,18407,18080,893,18973,416
2020-11-03,Sutter,101,95872,2002,1914,2,1916,12
2020-11-03,Tehama,103,63373,1067,988,2,990,6
2020-11-03,Trinity,105,12862,100,36,12,48,0
2020-11-03,Tulare,107,460477,18555,17890,538,18428,297
2020-11-03,Tuolumne,109,53932,363,302,4,306,5
2020-11-03,Ventura,111,848112,15840,14816,429,15245,155
2020-11-03,Yolo,113,214977,3537,3343,9,3352,61
2020-11-03,Yuba,115,75493,1373,1295,6,1301,10
2020-11-02,Alameda,001,1643700,24770,23991,246,24237,419
2020-11-02,Alpine,003,1148,17,4,0,4,0
2020-11-02,Amador,005,37829,378,357,0,357,16
2020-11-02,Butte,007,227075,3338,3198,45,3243,57
2020-11-02,Calaveras,009,45235,349,282,0,282,18
2020-11-02,Colusa,011,21464,579,571,1,572,6
2020-11-02,Contra Costa,013,1133247,20005,19339,98,19437,250
2020-11-02,Del Norte,015,27424,193,175,0,175,2
2020-11-02,El Dorado,017,186661,1538,1405,3,1408,4
2020-11-02,Fresno,019,978130,34763,31738,542,32280,451
2020-11-02,Glenn,021,27897,721,692,5,697,3
2020-11-02,Humboldt,023,135768,601,569,1,570,8
2020-11-02,Imperial,025,180216,13394,13004,20,13024,334
2020-11-02,Inyo,027,18085,254,243,8,251,14
2020-11-02,Kern,029,883053,34957,33834,575,34409,437
2020-11-02,Kings,031,150075,9037,8654,66,8720,82
2020-11-02,Lake,033,64148,759,728,0,728,17
2020-11-02,Lassen,035,31185,798,782,2,784,0
2020-11-02,Los Angeles,037,10098052,316392,307620,3300,310920,7079
2020-11-02,Madera,039,155013,5273,5033,55,5088,54
2020-11-02,Marin,041,260295,7254,7132,20,7152,125
2020-11-02,Mariposa,043,17540,87,79,0,79,2
2020-11-02,Mendocino,045,87422,1140,1076,3,1079,21
2020-11-02,Merced,047,269075,9929,9664,41,9705,152
2020-11-02,Modoc,049,8938,54,45,5,50,0
2020-11-02,Mono,051,14174,441,211,7,218,1
2020-11-02,Monterey,053,433212,12057,11602,93,11695,93
2020-11-02,Napa,055,140530,2262,2081,9,2090,15
2020-11-02,Nevada,057,99092,725,656,18,674,9
2020-11-02,Orange,059,3164182,63429,59996,1918,61914,1474
2020-11-02,Placer,061,380077,4825,4461,22,4483,60
2020-11-02,Plumas,063,18699,101,86,0,86,0
2020-11-02,Riverside,065,2383286,71163,68833,578,69411,1321
2020-11-02,Sacramento,067,1510023,27540,26676,34,26710,508
2020-11-02,San Benito,069,59416,1497,1459,1,1460,15
2020-11-02,San Bernardino,071,2135413,68446,64629,542,65171,1157
2020-11-02,San Diego,073,3302833,60541,57429,1791,59220,891
2020-11-02,San Francisco,075,870044,12968,12436,57,12493,145
2020-11-02,San Joaquin,077,732212,22732,21919,275,22194,500
2020-11-02,San Luis Obispo,079,281455,4697,4303,43,4346,31
2020-11-02,San Mateo,081,765935,11896,11328,9,11337,161
2020-11-02,Santa Barbara,083,443738,10933,9985,121,10106,130
2020-11-02,Santa Clara,085,1922200,26884,25222,44,25266,387
2020-11-02,Santa Cruz,087,273765,3137,2943,39,2982,25
2020-11-02,Shasta,089,179085,2815,2174,25,2199,33
2020-11-02,Sierra,091,2930,7,6,0,6,0
2020-11-02,Siskiyou,093,43540,252,216,11,227,0
2020-11-02,Solano,095,438530,8039,7665,41,7706,84
2020-11-02,Sonoma,097,501317,10269,9796,32,9828,140
2020-11-02,Stanislaus,099,539301,18311,18005,884,18889,412
2020-11-02,Sutter,101,95872,1978,1895,2,1897,12
2020-11-02,Tehama,103,63373,1044,971,2,973,6
2020-11-02,Trinity,105,12862,95,30,12,42,0
2020-11-02,Tulare,107,460477,18461,17774,518,18292,299
2020-11-02,Tuolumne,109,53932,343,302,4,306,5
2020-11-02,Ventura,111,848112,15701,14767,413,15180,156
2020-11-02,Yolo,113,214977,3488,3318,9,3327,61
2020-11-02,Yuba,115,75493,1360,1280,6,1286,10
2020-11-01,Alameda,001,1643700,24607,23892,244,24136,419
2020-11-01,Alpine,003,1148,11,4,0,4,0
2020-11-01,Amador,005,37829,375,352,0,352,16
2020-11-01,Butte,007,227075,3315,3185,43,3228,57
2020-11-01,Calaveras,009,45235,348,282,0,282,18
2020-11-01,Colusa,011,21464,577,567,1,568,6
2020-11-01,Contra Costa,013,1133247,19831,19246,97,19343,250
2020-11-01,Del Norte,015,27424,189,175,0,175,2
2020-11-01,El Dorado,017,186661,1522,1394,3,1397,4
2020-11-01,Fresno,019,978130,34506,31613,523,32136,451
2020-11-01,Glenn,021,27897,712,688,3,691,3
2020-11-01,Humboldt,023,135768,593,568,1,569,8
2020-11-01,Imperial,025,180216,13303,12969,18,12987,334
2020-11-01,Inyo,027,18085,252,241,8,249,14
2020-11-01,Kern,029,883053,34776,33760,474,34234,437
2020-11-01,Kings,031,150075,8999,8641,65,8706,82
2020-11-01,Lake,033,64148,753,727,0,727,17
2020-11-01,Lassen,035,31185,798,782,2,784,0
2020-11-01,Los Angeles,037,10098052,313827,306217,3206,309423,7077
2020-11-01,Madera,039,155013,5225,5019,53,5072,54
2020-11-01,Marin,041,260295,7237,7124,20,7144,125
2020-11-01,Mariposa,043,17540,83,79,0,79,2
2020-11-01,Mendocino,045,87422,1127,1074,3,1077,21
2020-11-01,Merced,047,269075,9868,9626,41,9667,152
2020-11-01,Modoc,049,8938,53,45,5,50,0
2020-11-01,Mono,051,14174,412,211,6,217,1
2020-11-01,Monterey,053,433212,11949,11587,90,11677,93
2020-11-01,Napa,055,140530,2228,2067,9,2076,15
2020-11-01,Nevada,057,99092,709,646,17,663,9
2020-11-01,Orange,059,3164182,63027,59733,1890,61623,1475
2020-11-01,Placer,061,380077,4759,4422,21,4443,58
2020-11-01,Plumas,063,18699,96,86,0,86,0
2020-11-01,Riverside,065,2383286,70533,68493,543,69036,1319
2020-11-01,Sacramento,067,1510023,27217,26442,34,26476,508
2020-11-01,San Benito,069,59416,1482,1451,1,1452,15
2020-11-01,San Bernardino,071,2135413,67603,64339,521,64860,1157
2020-11-01,San Diego,073,3302833,59853,57122,1751,58873,891
2020-11-01,San Francisco,075,870044,12845,12436,52,12488,145
2020-11-01,San Joaquin,077,732212,22604,21919,269,22188,500
2020-11-01,San Luis Obispo,079,281455,4617,4303,42,4345,31
2020-11-01,San Mateo,081,765935,11816,11280,9,11289,160
2020-11-01,Santa Barbara,083,443738,10882,9969,105,10074,130
2020-11-01,Santa Clara,085,1922200,26605,25090,44,25134,386
2020-11-01,Santa Cruz,087,273765,3084,2921,39,2960,25
2020-11-01,Shasta,089,179085,2680,2172,24,2196,33
2020-11-01,Sierra,091,2930,7,6,0,6,0
2020-11-01,Siskiyou,093,43540,247,205,11,216,0
2020-11-01,Solano,095,438530,7949,7591,41,7632,84
2020-11-01,Sonoma,097,501317,10177,9688,32,9720,140
2020-11-01,Stanislaus,099,539301,18210,17961,864,18825,412
2020-11-01,Sutter,101,95872,1952,1888,1,1889,12
2020-11-01,Tehama,103,63373,1027,965,2,967,5
2020-11-01,Trinity,105,12862,93,30,11,41,0
2020-11-01,Tulare,107,460477,18349,17774,487,18261,299
2020-11-01,Tuolumne,109,53932,321,295,4,299,5
2020-11-01,Ventura,111,848112,15552,14686,381,15067,156
2020-11-01,Yolo,113,214977,3440,3303,9,3312,60
2020-11-01,Yuba,115,75493,1343,1273,6,1279,10
2020-10-31,Alameda,001,1643700,24492,23780,240,24020,416
2020-10-31,Alpine,003,1148,11,4,0,4,0
2020-10-31,Amador,005,37829,371,347,0,347,16
2020-10-31,Butte,007,227075,3302,3172,41,3213,57
2020-10-31,Calaveras,009,45235,348,280,0,280,18
2020-10-31,Colusa,011,21464,575,555,1,556,6
2020-10-31,Contra Costa,013,1133247,19725,19161,97,19258,249
2020-10-31,Del Norte,015,27424,188,175,0,175,2
2020-10-31,El Dorado,017,186661,1513,1390,3,1393,4
2020-10-31,Fresno,019,978130,34370,31558,520,32078,451
2020-10-31,Glenn,021,27897,710,678,3,681,3
2020-10-31,Humboldt,023,135768,590,561,1,562,8
2020-10-31,Imperial,025,180216,13261,12912,18,12930,334
2020-10-31,Inyo,027,18085,251,241,8,249,14
2020-10-31,Kern,029,883053,34673,33666,464,34130,437
2020-10-31,Kings,031,150075,8978,8612,64,8676,82
2020-10-31,Lake,033,64148,749,724,0,724,16
2020-10-31,Lassen,035,31185,793,782,2,784,0
2020-10-31,Los Angeles,037,10098052,312457,304704,3161,307865,7073
2020-10-31,Madera,039,155013,5207,5013,50,5063,54
2020-10-31,Marin,041,260295,7221,7112,20,7132,125
2020-10-31,Mariposa,043,17540,83,79,0,79,2
2020-10-31,Mendocino,045,87422,1119,1066,3,1069,21
2020-10-31,Merced,047,269075,9835,9597,40,9637,151
2020-10-31,Modoc,049,8938,52,34,4,38,0
2020-10-31,Mono,051,14174,263,194,5,199,1
2020-10-31,Monterey,053,433212,11881,11539,86,11625,93
2020-10-31,Napa,055,140530,2209,2040,9,2049,15
2020-10-31,Nevada,057,99092,691,644,17,661,9
2020-10-31,Orange,059,3164182,62768,59488,1872,61360,1473
2020-10-31,Placer,061,380077,4709,4374,20,4394,58
2020-10-31,Plumas,063,18699,95,85,0,85,0
2020-10-31,Riverside,065,2383286,70177,68178,520,68698,1319
2020-10-31,Sacramento,067,1510023,27018,26316,32,26348,507
2020-10-31,San Benito,069,59416,1475,1448,1,1449,15
2020-10-31,San Bernardino,071,2135413,67178,64016,511,64527,1157
2020-10-31,San Diego,073,3302833,59400,56769,1723,58492,891
2020-10-31,San Francisco,075,870044,12771,12438,51,12489,145
2020-10-31,San Joaquin,077,732212,22529,21918,260,22178,500
2020-10-31,San Luis Obispo,079,281455,4548,4285,39,4324,31
2020-10-31,San Mateo,081,765935,11764,11253,9,11262,160
2020-10-31,Santa Barbara,083,443738,10854,9957,97,10054,130
2020-10-31,Santa Clara,085,1922200,26437,24957,44,25001,379
2020-10-31,Santa Cruz,087,273765,3049,2895,38,2933,25
2020-10-31,Shasta,089,179085,2630,2122,23,2145,33
2020-10-31,Sierra,091,2930,7,6,0,6,0
2020-10-31,Siskiyou,093,43540,245,200,11,211,0
2020-10-31,Solano,095,438530,7885,7545,41,7586,84
2020-10-31,Sonoma,097,501317,10124,9648,32,9680,140
2020-10-31,Stanislaus,099,539301,18148,17920,847,18767,412
2020-10-31,Sutter,101,95872,1943,1876,1,1877,12
2020-10-31,Tehama,103,63373,1017,953,2,955,5
2020-10-31,Trinity,105,12862,90,30,11,41,0
2020-10-31,Tulare,107,460477,18300,17758,479,18237,299
2020-10-31,Tuolumne,109,53932,314,290,4,294,5
2020-10-31,Ventura,111,848112,15468,14635,363,14998,155
2020-10-31,Yolo,113,214977,3405,3290,9,3299,60
2020-10-31,Yuba,115,75493,1327,1260,5,1265,10
2020-10-30,Alameda,001,1643700,24412,23676,238,23914,401
2020-10-30,Alpine,003,1148,11,4,0,4,0
2020-10-30,Amador,005,37829,371,344,0,344,16
2020-10-30,Butte,007,227075,3297,3160,41,3201,57
2020-10-30,Calaveras,009,45235,347,279,0,279,18
2020-10-30,Colusa,011,21464,573,554,1,555,6
2020-10-30,Contra Costa,013,1133247,19653,19074,97,19171,249
2020-10-30,Del Norte,015,27424,187,175,0,175,2
2020-10-30,El Dorado,017,186661,1500,1386,3,1389,4
2020-10-30,Fresno,019,978130,34248,31409,512,31921,446
2020-10-30,Glenn,021,27897,704,674,2,676,3
2020-10-30,Humboldt,023,135768,589,561,1,562,7
2020-10-30,Imperial,025,180216,13220,12853,18,12871,334
2020-10-30,Inyo,027,18085,250,241,8,249,14
2020-10-30,Kern,029,883053,34580,33583,463,34046,437
2020-10-30,Kings,031,150075,8968,8564,62,8626,82
2020-10-30,Lake,033,64148,749,720,0,720,16
2020-10-30,Lassen,035,31185,787,777,2,779,0
2020-10-30,Los Angeles,037,10098052,311022,303425,3125,306550,7060
2020-10-30,Madera,039,155013,5195,4991,48,5039,54
2020-10-30,Marin,041,260295,7201,7097,20,7117,125
2020-10-30,Mariposa,043,17540,83,78,0,78,2
2020-10-30,Mendocino,045,87422,1117,1062,3,1065,21
2020-10-30,Merced,047,269075,9803,9539,40,9579,150
2020-10-30,Modoc,049,8938,51,34,3,37,0
2020-10-30,Mono,051,14174,262,193,5,198,1
2020-10-30,Monterey,053,433212,11819,11491,80,11571,92
2020-10-30,Napa,055,140530,2191,2028,9,2037,15
2020-10-30,Nevada,057,99092,685,634,17,651,9
2020-10-30,Orange,059,3164182,62526,59334,1860,61194,1469
2020-10-30,Placer,061,380077,4662,4335,20,4355,58
2020-10-30,Plumas,063,18699,92,80,0,80,0
2020-10-30,Riverside,065,2383286,69837,67752,500,68252,1317
2020-10-30,Sacramento,067,1510023,26870,26147,32,26179,505
2020-10-30,San Benito,069,59416,1469,1440,1,1441,15
2020-10-30,San Bernardino,071,2135413,66763,63512,508,64020,1156
2020-10-30,San Diego,073,3302833,58994,56387,1702,58089,888
2020-10-30,San Francisco,075,870044,12716,12384,51,12435,145
2020-10-30,San Joaquin,077,732212,22463,21849,253,22102,500
2020-10-30,San Luis Obispo,079,281455,4505,4256,39,4295,31
2020-10-30,San Mateo,081,765935,11705,11207,9,11216,159
2020-10-30,Santa Barbara,083,443738,10831,9937,97,10034,128
2020-10-30,Santa Clara,085,1922200,26288,24811,44,24855,378
2020-10-30,Santa Cruz,087,273765,3031,2874,38,2912,25
2020-10-30,Shasta,089,179085,2586,2048,22,2070,32
2020-10-30,Sierra,091,2930,7,6,0,6,0
2020-10-30,Siskiyou,093,43540,245,192,11,203,0
2020-10-30,Solano,095,438530,7824,7497,41,7538,84
2020-10-30,Sonoma,097,501317,10049,9602,32,9634,140
2020-10-30,Stanislaus,099,539301,18100,17861,831,18692,410
2020-10-30,Sutter,101,95872,1930,1860,1,1861,12
2020-10-30,Tehama,103,63373,1013,932,2,934,5
2020-10-30,Trinity,105,12862,90,29,11,40,0
2020-10-30,Tulare,107,460477,18255,17682,463,18145,299
2020-10-30,Tuolumne,109,53932,307,286,4,290,4
2020-10-30,Ventura,111,848112,15395,14578,350,14928,154
2020-10-30,Yolo,113,214977,3388,3263,9,3272,60
2020-10-30,Yuba,115,75493,1319,1256,5,1261,10
2020-10-29,Alameda,001,1643700,24249,23530,237,23767,401
2020-10-29,Alpine,003,1148,8,4,0,4,0
2020-10-29,Amador,005,37829,367,338,0,338,16
2020-10-29,Butte,007,227075,3279,3143,40,3183,57
2020-10-29,Calaveras,009,45235,345,278,0,278,13
2020-10-29,Colusa,011,21464,569,552,1,553,6
2020-10-29,Contra Costa,013,1133247,19554,18933,96,19029,249
2020-10-29,Del Norte,015,27424,185,174,0,174,2
2020-10-29,El Dorado,017,186661,1478,1370,3,1373,4
2020-10-29,Fresno,019,978130,34092,31321,504,31825,445
2020-10-29,Glenn,021,27897,702,673,2,675,3
2020-10-29,Humboldt,023,135768,584,559,1,560,7
2020-10-29,Imperial,025,180216,13176,12769,18,12787,334
2020-10-29,Inyo,027,18085,248,238,8,246,14
2020-10-29,Kern,029,883053,34478,33460,458,33918,437
2020-10-29,Kings,031,150075,8814,8502,61,8563,82
2020-10-29,Lake,033,64148,746,702,0,702,16
2020-10-29,Lassen,035,31185,786,772,2,774,0
2020-10-29,Los Angeles,037,10098052,309395,302246,3077,305323,7046
2020-10-29,Madera,039,155013,5166,4970,46,5016,53
2020-10-29,Marin,041,260295,7187,7083,20,7103,125
2020-10-29,Mariposa,043,17540,81,78,0,78,2
2020-10-29,Mendocino,045,87422,1111,1058,3,1061,21
2020-10-29,Merced,047,269075,9750,9496,40,9536,150
2020-10-29,Modoc,049,8938,49,31,3,34,0
2020-10-29,Mono,051,14174,255,176,5,181,1
2020-10-29,Monterey,053,433212,11738,11425,78,11503,92
2020-10-29,Napa,055,140530,2167,2009,9,2018,15
2020-10-29,Nevada,057,99092,678,632,17,649,9
2020-10-29,Orange,059,3164182,62258,59046,1840,60886,1464
2020-10-29,Placer,061,380077,4617,4270,18,4288,58
2020-10-29,Plumas,063,18699,90,69,0,69,0
2020-10-29,Riverside,065,2383286,69459,67268,472,67740,1304
2020-10-29,Sacramento,067,1510023,26658,25978,31,26009,507
2020-10-29,San Benito,069,59416,1464,1431,1,1432,15
2020-10-29,San Bernardino,071,2135413,66194,62968,498,63466,1150
2020-10-29,San Diego,073,3302833,58528,55916,1673,57589,885
2020-10-29,San Francisco,075,870044,12637,12312,51,12363,145
2020-10-29,San Joaquin,077,732212,22379,21736,241,21977,498
2020-10-29,San Luis Obispo,079,281455,4475,4223,37,4260,31
2020-10-29,San Mateo,081,765935,11659,11145,9,11154,157
2020-10-29,Santa Barbara,083,443738,10798,9902,95,9997,128
2020-10-29,Santa Clara,085,1922200,26136,24614,44,24658,377
2020-10-29,Santa Cruz,087,273765,3006,2850,38,2888,24
2020-10-29,Shasta,089,179085,2523,2008,22,2030,32
2020-10-29,Sierra,091,2930,6,6,0,6,0
2020-10-29,Siskiyou,093,43540,229,185,11,196,0
2020-10-29,Solano,095,438530,7762,7453,41,7494,78
2020-10-29,Sonoma,097,501317,9985,9533,32,9565,140
2020-10-29,Stanislaus,099,539301,18047,17790,809,18599,410
2020-10-29,Sutter,101,95872,1922,1852,1,1853,12
2020-10-29,Tehama,103,63373,995,925,2,927,5
2020-10-29,Trinity,105,12862,85,28,10,38,0
2020-10-29,Tulare,107,460477,18177,17627,444,18071,299
2020-10-29,Tuolumne,109,53932,302,279,4,283,4
2020-10-29,Ventura,111,848112,15305,14486,345,14831,154
2020-10-29,Yolo,113,214977,3359,3246,9,3255,60
2020-10-29,Yuba,115,75493,1308,1248,5,1253,10
2020-10-28,Alameda,001,1643700,24149,23468,236,23704,400
2020-10-28,Alpine,003,1148,7,4,0,4,0
2020-10-28,Amador,005,37829,364,337,0,337,16
2020-10-28,Butte,007,227075,3263,3134,37,3171,56
2020-10-28,Calaveras,009,45235,344,278,0,278,13
2020-10-28,Colusa,011,21464,566,551,1,552,6
2020-10-28,Contra Costa,013,1133247,19467,18828,95,18923,246
2020-10-28,Del Norte,015,27424,182,173,0,173,2
2020-10-28,El Dorado,017,186661,1466,1363,3,1366,4
2020-10-28,Fresno,019,978130,33971,31195,498,31693,444
2020-10-28,Glenn,021,27897,698,673,2,675,3
2020-10-28,Humboldt,023,135768,580,559,1,560,7
2020-10-28,Imperial,025,180216,13127,12730,18,12748,333
2020-10-28,Inyo,027,18085,248,238,8,246,14
2020-10-28,Kern,029,883053,34376,33424,439,33863,436
2020-10-28,Kings,031,150075,8792,8486,60,8546,82
2020-10-28,Lake,033,64148,743,700,0,700,15
2020-10-28,Lassen,035,31185,782,771,2,773,0
2020-10-28,Los Angeles,037,10098052,307936,300726,3035,303761,7031
2020-10-28,Madera,039,155013,5149,4954,45,4999,53
2020-10-28,Marin,041,260295,7176,7079,20,7099,126
2020-10-28,Mariposa,043,17540,81,78,0,78,2
2020-10-28,Mendocino,045,87422,1110,1037,3,1040,20
2020-10-28,Merced,047,269075,9724,9480,39,9519,150
2020-10-28,Modoc,049,8938,48,31,2,33,0
2020-10-28,Mono,051,14174,237,176,5,181,1
2020-10-28,Monterey,053,433212,11680,11330,76,11406,89
2020-10-28,Napa,055,140530,2141,1998,8,2006,15
2020-10-28,Nevada,057,99092,670,629,17,646,9
2020-10-28,Orange,059,3164182,61994,58801,1824,60625,1459
2020-10-28,Placer,061,380077,4561,4236,18,4254,57
2020-10-28,Plumas,063,18699,89,67,0,67,0
2020-10-28,Riverside,065,2383286,69059,67003,450,67453,1302
2020-10-28,Sacramento,067,1510023,26462,25838,30,25868,506
2020-10-28,San Benito,069,59416,1456,1429,1,1430,15
2020-10-28,San Bernardino,071,2135413,65734,62778,489,63267,1154
2020-10-28,San Diego,073,3302833,58144,55556,1645,57201,881
2020-10-28,San Francisco,075,870044,12579,12261,50,12311,145
2020-10-28,San Joaquin,077,732212,22295,21707,230,21937,498
2020-10-28,San Luis Obispo,079,281455,4434,4197,34,4231,31
2020-10-28,San Mateo,081,765935,11592,11101,9,11110,157
2020-10-28,Santa Barbara,083,443738,10774,9872,93,9965,127
2020-10-28,Santa Clara,085,1922200,25992,24503,44,24547,375
2020-10-28,Santa Cruz,087,273765,2975,2836,38,2874,24
2020-10-28,Shasta,089,179085,2443,1996,21,2017,31
2020-10-28,Sierra,091,2930,6,6,0,6,0
2020-10-28,Siskiyou,093,43540,226,182,10,192,0
2020-10-28,Solano,095,438530,7703,7362,41,7403,77
2020-10-28,Sonoma,097,501317,9895,9457,27,9484,140
2020-10-28,Stanislaus,099,539301,17982,17765,800,18565,409
2020-10-28,Sutter,101,95872,1913,1840,1,1841,12
2020-10-28,Tehama,103,63373,984,921,2,923,5
2020-10-28,Trinity,105,12862,78,28,9,37,0
2020-10-28,Tulare,107,460477,18120,17569,428,17997,297
2020-10-28,Tuolumne,109,53932,299,277,4,281,4
2020-10-28,Ventura,111,848112,15232,14409,336,14745,153
2020-10-28,Yolo,113,214977,3335,3230,9,3239,60
2020-10-28,Yuba,115,75493,1296,1245,5,1250,10
2020-10-27,Alameda,001,1643700,24036,23365,234,23599,400
2020-10-27,Alpine,003,1148,7,3,0,3,0
2020-10-27,Amador,005,37829,361,335,0,335,16
2020-10-27,Butte,007,227075,3247,3107,34,3141,56
2020-10-27,Calaveras,009,45235,342,277,0,277,13
2020-10-27,Colusa,011,21464,561,549,1,550,6
2020-10-27,Contra Costa,013,1133247,19362,18766,95,18861,246
2020-10-27,Del Norte,015,27424,179,173,0,173,2
2020-10-27,El Dorado,017,186661,1453,1351,3,1354,4
2020-10-27,Fresno,019,978130,33852,31096,493,31589,442
2020-10-27,Glenn,021,27897,696,667,1,668,3
2020-10-27,Humboldt,023,135768,577,559,1,560,7
2020-10-27,Imperial,025,180216,13078,12680,18,12698,333
2020-10-27,Inyo,027,18085,248,231,8,239,14
2020-10-27,Kern,029,883053,34259,33328,435,33763,436
2020-10-27,Kings,031,150075,8761,8411,60,8471,83
2020-10-27,Lake,033,64148,740,700,0,700,15
2020-10-27,Lassen,035,31185,780,764,2,766,0
2020-10-27,Los Angeles,037,10098052,306552,299438,3006,302444,7008
2020-10-27,Madera,039,155013,5119,4942,44,4986,53
2020-10-27,Marin,041,260295,7160,7070,20,7090,126
2020-10-27,Mariposa,043,17540,80,78,0,78,2
2020-10-27,Mendocino,045,87422,1104,1033,2,1035,20
2020-10-27,Merced,047,269075,9684,9449,39,9488,150
2020-10-27,Modoc,049,8938,46,31,2,33,0
2020-10-27,Mono,051,14174,223,169,5,174,1
2020-10-27,Monterey,053,433212,11624,11261,74,11335,88
2020-10-27,Napa,055,140530,2125,1979,8,1987,15
2020-10-27,Nevada,057,99092,664,622,17,639,8
2020-10-27,Orange,059,3164182,61723,58550,1808,60358,1448
2020-10-27,Placer,061,380077,4512,4197,16,4213,57
2020-10-27,Plumas,063,18699,86,63,0,63,0
2020-10-27,Riverside,065,2383286,68704,66699,407,67106,1299
2020-10-27,Sacramento,067,1510023,26275,25701,29,25730,501
2020-10-27,San Benito,069,59416,1451,1428,1,1429,15
2020-10-27,San Bernardino,071,2135413,65271,62357,476,62833,1154
2020-10-27,San Diego,073,3302833,57671,55226,1622,56848,877
2020-10-27,San Francisco,075,870044,12504,12218,49,12267,140
2020-10-27,San Joaquin,077,732212,22204,21637,221,21858,496
2020-10-27,San Luis Obispo,079,281455,4406,4148,30,4178,31
2020-10-27,San Mateo,081,765935,11543,11074,9,11083,156
2020-10-27,Santa Barbara,083,443738,10745,9874,92,9966,125
2020-10-27,Santa Clara,085,1922200,25850,24368,44,24412,367
2020-10-27,Santa Cruz,087,273765,2945,2815,37,2852,24
2020-10-27,Shasta,089,179085,2356,1962,21,1983,29
2020-10-27,Sierra,091,2930,6,6,0,6,0
2020-10-27,Siskiyou,093,43540,217,181,10,191,0
2020-10-27,Solano,095,438530,7634,7298,41,7339,77
2020-10-27,Sonoma,097,501317,9828,9389,27,9416,140
2020-10-27,Stanislaus,099,539301,17914,17720,793,18513,408
2020-10-27,Sutter,101,95872,1900,1832,1,1833,12
2020-10-27,Tehama,103,63373,970,913,2,915,5
2020-10-27,Trinity,105,12862,75,28,9,37,0
2020-10-27,Tulare,107,460477,18057,17520,405,17925,296
2020-10-27,Tuolumne,109,53932,295,275,4,279,4
2020-10-27,Ventura,111,848112,15149,14347,329,14676,153
2020-10-27,Yolo,113,214977,3321,3216,9,3225,58
2020-10-27,Yuba,115,75493,1283,1235,5,1240,10
2020-10-26,Alameda,001,1643700,23924,23284,233,23517,398
2020-10-26,Alpine,003,1148,5,3,0,3,0
2020-10-26,Amador,005,37829,357,331,0,331,16
2020-10-26,Butte,007,227075,3235,3095,32,3127,56
2020-10-26,Calaveras,009,45235,338,274,0,274,13
2020-10-26,Colusa,011,21464,559,548,1,549,6
2020-10-26,Contra Costa,013,1133247,19266,18718,94,18812,245
2020-10-26,Del Norte,015,27424,179,171,0,171,2
2020-10-26,El Dorado,017,186661,1439,1336,3,1339,4
2020-10-26,Fresno,019,978130,33738,30969,486,31455,441
2020-10-26,Glenn,021,27897,689,660,1,661,3
2020-10-26,Humboldt,023,135768,569,554,1,555,7
2020-10-26,Imperial,025,180216,13024,12654,15,12669,333
2020-10-26,Inyo,027,18085,248,226,8,234,14
2020-10-26,Kern,029,883053,34175,33233,430,33663,432
2020-10-26,Kings,031,150075,8739,8264,58,8322,82
2020-10-26,Lake,033,64148,738,697,0,697,15
2020-10-26,Lassen,035,31185,777,764,2,766,0
2020-10-26,Los Angeles,037,10098052,305124,297961,2964,300925,6979
2020-10-26,Madera,039,155013,5098,4922,43,4965,53
2020-10-26,Marin,041,260295,7154,7064,19,7083,104
2020-10-26,Mariposa,043,17540,80,77,0,77,2
2020-10-26,Mendocino,045,87422,1096,1026,2,1028,20
2020-10-26,Merced,047,269075,9637,9375,38,9413,150
2020-10-26,Modoc,049,8938,44,28,0,28,0
2020-10-26,Mono,051,14174,217,167,5,172,1
2020-10-26,Monterey,053,433212,11574,11207,70,11277,87
2020-10-26,Napa,055,140530,2093,1966,8,1974,14
2020-10-26,Nevada,057,99092,657,618,17,635,8
2020-10-26,Orange,059,3164182,61519,58377,1789,60166,1442
2020-10-26,Placer,061,380077,4470,4161,15,4176,57
2020-10-26,Plumas,063,18699,84,63,0,63,0
2020-10-26,Riverside,065,2383286,68250,66475,383,66858,1294
2020-10-26,Sacramento,067,1510023,26092,25555,27,25582,496
2020-10-26,San Benito,069,59416,1443,1424,1,1425,15
2020-10-26,San Bernardino,071,2135413,64800,61871,473,62344,1153
2020-10-26,San Diego,073,3302833,57277,54957,1585,56542,870
2020-10-26,San Francisco,075,870044,12444,12072,49,12121,138
2020-10-26,San Joaquin,077,732212,22121,21459,215,21674,495
2020-10-26,San Luis Obispo,079,281455,4381,4133,30,4163,31
2020-10-26,San Mateo,081,765935,11499,11037,9,11046,156
2020-10-26,Santa Barbara,083,443738,10722,9827,92,9919,122
2020-10-26,Santa Clara,085,1922200,25660,24258,43,24301,365
2020-10-26,Santa Cruz,087,273765,2919,2808,37,2845,24
2020-10-26,Shasta,089,179085,2303,1889,21,1910,29
2020-10-26,Sierra,091,2930,6,6,0,6,0
2020-10-26,Siskiyou,093,43540,209,179,10,189,0
2020-10-26,Solano,095,438530,7554,7271,41,7312,62
2020-10-26,Sonoma,097,501317,9748,9315,27,9342,140
2020-10-26,Stanislaus,099,539301,17864,17666,783,18449,400
2020-10-26,Sutter,101,95872,1892,1817,1,1818,12
2020-10-26,Tehama,103,63373,950,892,2,894,5
2020-10-26,Trinity,105,12862,74,26,9,35,0
2020-10-26,Tulare,107,460477,17980,17432,382,17814,296
2020-10-26,Tuolumne,109,53932,286,271,4,275,4
2020-10-26,Ventura,111,848112,15079,14330,326,14656,154
2020-10-26,Yolo,113,214977,3302,3206,9,3215,58
2020-10-26,Yuba,115,75493,1267,1226,5,1231,10
2020-10-25,Alameda,001,1643700,23818,23192,233,23425,398
2020-10-25,Alpine,003,1148,4,3,0,3,0
2020-10-25,Amador,005,37829,346,330,0,330,16
2020-10-25,Butte,007,227075,3216,3087,32,3119,56
2020-10-25,Calaveras,009,45235,337,274,0,274,13
2020-10-25,Colusa,011,21464,555,548,1,549,6
2020-10-25,Contra Costa,013,1133247,19165,18640,94,18734,245
2020-10-25,Del Norte,015,27424,175,171,0,171,2
2020-10-25,El Dorado,017,186661,1424,1328,3,1331,4
2020-10-25,Fresno,019,978130,33605,30858,473,31331,441
2020-10-25,Glenn,021,27897,686,652,1,653,3
2020-10-25,Humboldt,023,135768,566,554,1,555,7
2020-10-25,Imperial,025,180216,12974,12572,15,12587,333
2020-10-25,Inyo,027,18085,245,226,8,234,14
2020-10-25,Kern,029,883053,34068,33185,426,33611,432
2020-10-25,Kings,031,150075,8706,8246,56,8302,82
2020-10-25,Lake,033,64148,721,695,0,695,15
2020-10-25,Lassen,035,31185,774,764,2,766,0
2020-10-25,Los Angeles,037,10098052,303563,297110,2926,300036,6973
2020-10-25,Madera,039,155013,5068,4909,38,4947,53
2020-10-25,Marin,041,260295,7144,7052,19,7071,102
2020-10-25,Mariposa,043,17540,80,77,0,77,2
2020-10-25,Mendocino,045,87422,1089,1024,2,1026,20
2020-10-25,Merced,047,269075,9572,9352,36,9388,150
2020-10-25,Modoc,049,8938,39,28,0,28,0
2020-10-25,Mono,051,14174,209,167,5,172,1
2020-10-25,Monterey,053,433212,11491,11182,65,11247,87
2020-10-25,Napa,055,140530,2063,1962,8,1970,14
2020-10-25,Nevada,057,99092,649,616,17,633,8
2020-10-25,Orange,059,3164182,61230,58185,1780,59965,1443
2020-10-25,Placer,061,380077,4418,4140,15,4155,57
2020-10-25,Plumas,063,18699,84,63,0,63,0
2020-10-25,Riverside,065,2383286,67797,66192,368,66560,1289
2020-10-25,Sacramento,067,1510023,25876,25445,24,25469,496
2020-10-25,San Benito,069,59416,1436,1423,1,1424,15
2020-10-25,San Bernardino,071,2135413,64260,61551,461,62012,1153
2020-10-25,San Diego,073,3302833,56814,54599,1553,56152,870
2020-10-25,San Francisco,075,870044,12371,12072,49,12121,137
2020-10-25,San Joaquin,077,732212,22013,21459,207,21666,495
2020-10-25,San Luis Obispo,079,281455,4339,4126,28,4154,31
2020-10-25,San Mateo,081,765935,11454,10987,9,10996,156
2020-10-25,Santa Barbara,083,443738,10702,9814,92,9906,122
2020-10-25,Santa Clara,085,1922200,25472,24087,43,24130,365
2020-10-25,Santa Cruz,087,273765,2892,2789,37,2826,24
2020-10-25,Shasta,089,179085,2239,1889,21,1910,29
2020-10-25,Sierra,091,2930,6,6,0,6,0
2020-10-25,Siskiyou,093,43540,206,176,10,186,0
2020-10-25,Solano,095,438530,7476,7197,41,7238,60
2020-10-25,Sonoma,097,501317,9655,9235,26,9261,140
2020-10-25,Stanislaus,099,539301,17807,17641,773,18414,400
2020-10-25,Sutter,101,95872,1874,1811,1,1812,12
2020-10-25,Tehama,103,63373,933,880,2,882,5
2020-10-25,Trinity,105,12862,70,26,9,35,0
2020-10-25,Tulare,107,460477,17907,17431,372,17803,296
2020-10-25,Tuolumne,109,53932,281,271,4,275,4
2020-10-25,Ventura,111,848112,14986,14300,320,14620,154
2020-10-25,Yolo,113,214977,3281,3190,9,3199,58
2020-10-25,Yuba,115,75493,1259,1219,5,1224,10
2020-10-24,Alameda,001,1643700,23748,23099,230,23329,398
2020-10-24,Alpine,003,1148,4,3,0,3,0
2020-10-24,Amador,005,37829,345,328,0,328,16
2020-10-24,Butte,007,227075,3207,3078,32,3110,56
2020-10-24,Calaveras,009,45235,335,274,0,274,13
2020-10-24,Colusa,011,21464,550,548,1,549,6
2020-10-24,Contra Costa,013,1133247,19098,18567,94,18661,244
2020-10-24,Del Norte,015,27424,174,171,0,171,2
2020-10-24,El Dorado,017,186661,1408,1317,3,1320,4
2020-10-24,Fresno,019,978130,33544,30752,469,31221,441
2020-10-24,Glenn,021,27897,683,650,1,651,3
2020-10-24,Humboldt,023,135768,564,553,1,554,7
2020-10-24,Imperial,025,180216,12947,12469,15,12484,333
2020-10-24,Inyo,027,18085,245,226,8,234,14
2020-10-24,Kern,029,883053,34010,33105,420,33525,432
2020-10-24,Kings,031,150075,8696,8228,55,8283,82
2020-10-24,Lake,033,64148,716,696,0,696,15
2020-10-24,Lassen,035,31185,773,764,2,766,0
2020-10-24,Los Angeles,037,10098052,302743,296323,2904,299227,6969
2020-10-24,Madera,039,155013,5055,4898,37,4935,53
2020-10-24,Marin,041,260295,7135,7042,19,7061,102
2020-10-24,Mariposa,043,17540,80,77,0,77,2
2020-10-24,Mendocino,045,87422,1077,1022,2,1024,20
2020-10-24,Merced,047,269075,9548,9351,36,9387,150
2020-10-24,Modoc,049,8938,38,28,0,28,0
2020-10-24,Mono,051,14174,195,167,5,172,1
2020-10-24,Monterey,053,433212,11422,11153,64,11217,87
2020-10-24,Napa,055,140530,2046,1957,8,1965,14
2020-10-24,Nevada,057,99092,645,608,17,625,8
2020-10-24,Orange,059,3164182,61076,57928,1769,59697,1441
2020-10-24,Placer,061,380077,4387,4093,15,4108,57
2020-10-24,Plumas,063,18699,78,63,0,63,0
2020-10-24,Riverside,065,2383286,67587,65902,354,66256,1288
2020-10-24,Sacramento,067,1510023,25795,25372,24,25396,496
2020-10-24,San Benito,069,59416,1431,1417,1,1418,15
2020-10-24,San Bernardino,071,2135413,64020,61351,452,61803,1153
2020-10-24,San Diego,073,3302833,56536,54330,1541,55871,868
2020-10-24,San Francisco,075,870044,12313,12073,48,12121,137
2020-10-24,San Joaquin,077,732212,21961,21458,202,21660,495
2020-10-24,San Luis Obispo,079,281455,4314,4119,27,4146,31
2020-10-24,San Mateo,081,765935,11415,10942,9,10951,155
2020-10-24,Santa Barbara,083,443738,10685,9781,92,9873,122
2020-10-24,Santa Clara,085,1922200,25385,23978,43,24021,365
2020-10-24,Santa Cruz,087,273765,2873,2775,37,2812,24
2020-10-24,Shasta,089,179085,2194,1878,21,1899,29
2020-10-24,Sierra,091,2930,6,6,0,6,0
2020-10-24,Siskiyou,093,43540,205,174,10,184,0
2020-10-24,Solano,095,438530,7423,7189,41,7230,60
2020-10-24,Sonoma,097,501317,9621,9179,26,9205,140
2020-10-24,Stanislaus,099,539301,17763,17574,757,18331,400
2020-10-24,Sutter,101,95872,1865,1804,1,1805,12
2020-10-24,Tehama,103,63373,925,872,2,874,5
2020-10-24,Trinity,105,12862,70,25,9,34,0
2020-10-24,Tulare,107,460477,17884,17406,361,17767,295
2020-10-24,Tuolumne,109,53932,278,269,4,273,4
2020-10-24,Ventura,111,848112,14933,14240,319,14559,154
2020-10-24,Yolo,113,214977,3269,3164,9,3173,57
2020-10-24,Yuba,115,75493,1256,1210,5,1215,10
2020-10-23,Alameda,001,1643700,23676,23047,228,23275,393
2020-10-23,Alpine,003,1148,4,3,0,3,0
2020-10-23,Amador,005,37829,344,324,0,324,16
2020-10-23,Butte,007,227075,3198,3059,32,3091,55
2020-10-23,Calaveras,009,45235,334,273,0,273,13
2020-10-23,Colusa,011,21464,550,547,1,548,6
2020-10-23,Contra Costa,013,1133247,19028,18483,93,18576,244
2020-10-23,Del Norte,015,27424,174,171,0,171,2
2020-10-23,El Dorado,017,186661,1399,1310,3,1313,4
2020-10-23,Fresno,019,978130,33477,30590,465,31055,441
2020-10-23,Glenn,021,27897,680,644,1,645,3
2020-10-23,Humboldt,023,135768,562,553,1,554,7
2020-10-23,Imperial,025,180216,12916,12398,14,12412,333
2020-10-23,Inyo,027,18085,244,226,8,234,14
2020-10-23,Kern,029,883053,33942,33077,415,33492,431
2020-10-23,Kings,031,150075,8687,8218,55,8273,82
2020-10-23,Lake,033,64148,714,689,0,689,15
2020-10-23,Lassen,035,31185,772,764,2,766,0
2020-10-23,Los Angeles,037,10098052,301662,294287,2875,297162,6956
2020-10-23,Madera,039,155013,5050,4888,37,4925,53
2020-10-23,Marin,041,260295,7122,7029,19,7048,102
2020-10-23,Mariposa,043,17540,80,77,0,77,2
2020-10-23,Mendocino,045,87422,1074,1019,2,1021,20
2020-10-23,Merced,047,269075,9534,9327,36,9363,149
2020-10-23,Modoc,049,8938,38,28,0,28,0
2020-10-23,Mono,051,14174,194,159,5,164,1
2020-10-23,Monterey,053,433212,11375,11099,60,11159,86
2020-10-23,Napa,055,140530,2038,1942,8,1950,14
2020-10-23,Nevada,057,99092,642,604,17,621,8
2020-10-23,Orange,059,3164182,60905,57595,1754,59349,1430
2020-10-23,Placer,061,380077,4341,4073,15,4088,57
2020-10-23,Plumas,063,18699,75,63,0,63,0
2020-10-23,Riverside,065,2383286,67348,65512,346,65858,1279
2020-10-23,Sacramento,067,1510023,25689,25224,24,25248,496
2020-10-23,San Benito,069,59416,1429,1412,1,1413,15
2020-10-23,San Bernardino,071,2135413,63735,60854,438,61292,1150
2020-10-23,San Diego,073,3302833,56230,53944,1514,55458,867
2020-10-23,San Francisco,075,870044,12282,12015,48,12063,137
2020-10-23,San Joaquin,077,732212,21905,21361,196,21557,495
2020-10-23,San Luis Obispo,079,281455,4288,4102,27,4129,31
2020-10-23,San Mateo,081,765935,11366,10872,9,10881,155
2020-10-23,Santa Barbara,083,443738,10669,9751,92,9843,121
2020-10-23,Santa Clara,085,1922200,25283,23822,43,23865,364
2020-10-23,Santa Cruz,087,273765,2859,2757,37,2794,24
2020-10-23,Shasta,089,179085,2158,1846,20,1866,29
2020-10-23,Sierra,091,2930,6,6,0,6,0
2020-10-23,Siskiyou,093,43540,201,172,10,182,0
2020-10-23,Solano,095,438530,7392,7174,41,7215,59
2020-10-23,Sonoma,097,501317,9565,9112,26,9138,139
2020-10-23,Stanislaus,099,539301,17726,17496,749,18245,395
2020-10-23,Sutter,101,95872,1858,1797,1,1798,12
2020-10-23,Tehama,103,63373,916,862,2,864,5
2020-10-23,Trinity,105,12862,70,26,9,35,0
2020-10-23,Tulare,107,460477,17839,17334,349,17683,295
2020-10-23,Tuolumne,109,53932,276,254,4,258,4
2020-10-23,Ventura,111,848112,14904,14192,319,14511,155
2020-10-23,Yolo,113,214977,3257,3140,9,3149,57
2020-10-23,Yuba,115,75493,1252,1206,5,1211,10
2020-10-22,Alameda,001,1643700,23573,22915,228,23143,393
2020-10-22,Alpine,003,1148,4,3,0,3,0
2020-10-22,Amador,005,37829,340,317,0,317,16
2020-10-22,Butte,007,227075,3188,3046,30,3076,55
2020-10-22,Calaveras,009,45235,331,273,0,273,13
2020-10-22,Colusa,011,21464,550,547,1,548,6
2020-10-22,Contra Costa,013,1133247,18956,18393,93,18486,243
2020-10-22,Del Norte,015,27424,173,168,0,168,2
2020-10-22,El Dorado,017,186661,1389,1308,3,1311,4
2020-10-22,Fresno,019,978130,33366,30471,456,30927,438
2020-10-22,Glenn,021,27897,673,643,1,644,3
2020-10-22,Humboldt,023,135768,561,548,1,549,7
2020-10-22,Imperial,025,180216,12863,12311,14,12325,333
2020-10-22,Inyo,027,18085,241,220,8,228,14
2020-10-22,Kern,029,883053,33861,32991,412,33403,431
2020-10-22,Kings,031,150075,8436,8201,55,8256,82
2020-10-22,Lake,033,64148,710,678,0,678,15
2020-10-22,Lassen,035,31185,769,764,2,766,0
2020-10-22,Los Angeles,037,10098052,300287,291599,2816,294415,6935
2020-10-22,Madera,039,155013,5029,4847,37,4884,52
2020-10-22,Marin,041,260295,7115,7014,19,7033,102
2020-10-22,Mariposa,043,17540,80,77,0,77,2
2020-10-22,Mendocino,045,87422,1069,1016,2,1018,20
2020-10-22,Merced,047,269075,9506,9323,36,9359,149
2020-10-22,Modoc,049,8938,34,26,0,26,0
2020-10-22,Mono,051,14174,189,156,5,161,1
2020-10-22,Monterey,053,433212,11316,11059,57,11116,84
2020-10-22,Napa,055,140530,2023,1928,8,1936,14
2020-10-22,Nevada,057,99092,636,600,17,617,8
2020-10-22,Orange,059,3164182,60690,57418,1737,59155,1422
2020-10-22,Placer,061,380077,4292,4036,15,4051,57
2020-10-22,Plumas,063,18699,72,62,0,62,0
2020-10-22,Riverside,065,2383286,67014,65104,326,65430,1279
2020-10-22,Sacramento,067,1510023,25549,25054,24,25078,492
2020-10-22,San Benito,069,59416,1425,1403,1,1404,15
2020-10-22,San Bernardino,071,2135413,63333,60402,423,60825,1149
2020-10-22,San Diego,073,3302833,55843,53514,1495,55009,866
2020-10-22,San Francisco,075,870044,12224,11991,46,12037,137
2020-10-22,San Joaquin,077,732212,21832,21282,190,21472,495
2020-10-22,San Luis Obispo,079,281455,4272,4081,27,4108,31
2020-10-22,San Mateo,081,765935,11310,10796,9,10805,155
2020-10-22,Santa Barbara,083,443738,10635,9710,90,9800,120
2020-10-22,Santa Clara,085,1922200,25129,23621,43,23664,363
2020-10-22,Santa Cruz,087,273765,2841,2738,36,2774,24
2020-10-22,Shasta,089,179085,2112,1799,20,1819,29
2020-10-22,Sierra,091,2930,6,6,0,6,0
2020-10-22,Siskiyou,093,43540,201,169,10,179,0
2020-10-22,Solano,095,438530,7346,7116,41,7157,59
2020-10-22,Sonoma,097,501317,9499,9052,25,9077,139
2020-10-22,Stanislaus,099,539301,17673,17440,736,18176,395
2020-10-22,Sutter,101,95872,1844,1794,1,1795,12
2020-10-22,Tehama,103,63373,905,852,2,854,5
2020-10-22,Trinity,105,12862,69,26,9,35,0
2020-10-22,Tulare,107,460477,17773,17265,336,17601,293
2020-10-22,Tuolumne,109,53932,274,252,4,256,4
2020-10-22,Ventura,111,848112,14857,14124,317,14441,154
2020-10-22,Yolo,113,214977,3245,3116,9,3125,58
2020-10-22,Yuba,115,75493,1245,1199,5,1204,10
2020-10-21,Alameda,001,1643700,23485,22853,226,23079,392
2020-10-21,Alpine,003,1148,4,3,0,3,0
2020-10-21,Amador,005,37829,335,313,0,313,16
2020-10-21,Butte,007,227075,3176,3041,30,3071,55
2020-10-21,Calaveras,009,45235,330,272,0,272,13
2020-10-21,Colusa,011,21464,550,546,1,547,6
2020-10-21,Contra Costa,013,1133247,18882,18299,93,18392,243
2020-10-21,Del Norte,015,27424,173,169,0,169,2
2020-10-21,El Dorado,017,186661,1377,1305,2,1307,4
2020-10-21,Fresno,019,978130,33270,30328,452,30780,433
2020-10-21,Glenn,021,27897,668,640,1,641,3
2020-10-21,Humboldt,023,135768,560,548,1,549,7
2020-10-21,Imperial,025,180216,12806,12210,14,12224,331
2020-10-21,Inyo,027,18085,237,220,8,228,14
2020-10-21,Kern,029,883053,33786,32956,411,33367,430
2020-10-21,Kings,031,150075,8409,8186,55,8241,80
2020-10-21,Lake,033,64148,709,676,0,676,15
2020-10-21,Lassen,035,31185,768,764,2,766,0
2020-10-21,Los Angeles,037,10098052,298949,288096,2773,290869,6923
2020-10-21,Madera,039,155013,5004,4831,37,4868,52
2020-10-21,Marin,041,260295,7106,7002,19,7021,102
2020-10-21,Mariposa,043,17540,80,77,0,77,2
2020-10-21,Mendocino,045,87422,1067,1011,2,1013,21
2020-10-21,Merced,047,269075,9482,9319,34,9353,149
2020-10-21,Modoc,049,8938,33,26,0,26,0
2020-10-21,Mono,051,14174,187,156,5,161,1
2020-10-21,Monterey,053,433212,11278,11005,56,11061,83
2020-10-21,Napa,055,140530,2007,1918,8,1926,13
2020-10-21,Nevada,057,99092,630,597,17,614,8
2020-10-21,Orange,059,3164182,60476,57189,1728,58917,1409
2020-10-21,Placer,061,380077,4255,4007,15,4022,56
2020-10-21,Plumas,063,18699,69,58,0,58,0
2020-10-21,Riverside,065,2383286,66718,64778,302,65080,1278
2020-10-21,Sacramento,067,1510023,25355,24908,24,24932,490
2020-10-21,San Benito,069,59416,1424,1401,1,1402,14
2020-10-21,San Bernardino,071,2135413,62925,59948,416,60364,1141
2020-10-21,San Diego,073,3302833,55491,53279,1467,54746,863
2020-10-21,San Francisco,075,870044,12175,11976,45,12021,137
2020-10-21,San Joaquin,077,732212,21756,21201,184,21385,495
2020-10-21,San Luis Obispo,079,281455,4258,4055,25,4080,31
2020-10-21,San Mateo,081,765935,11261,10730,9,10739,155
2020-10-21,Santa Barbara,083,443738,10617,9681,89,9770,121
2020-10-21,Santa Clara,085,1922200,25003,23537,43,23580,361
2020-10-21,Santa Cruz,087,273765,2818,2729,36,2765,24
2020-10-21,Shasta,089,179085,2075,1777,20,1797,27
2020-10-21,Sierra,091,2930,6,6,0,6,0
2020-10-21,Siskiyou,093,43540,197,169,10,179,0
2020-10-21,Solano,095,438530,7300,7088,41,7129,59
2020-10-21,Sonoma,097,501317,9419,8987,25,9012,138
2020-10-21,Stanislaus,099,539301,17623,17419,728,18147,392
2020-10-21,Sutter,101,95872,1829,1786,1,1787,12
2020-10-21,Tehama,103,63373,889,824,2,826,5
2020-10-21,Trinity,105,12862,64,25,8,33,0
2020-10-21,Tulare,107,460477,17737,17204,322,17526,292
2020-10-21,Tuolumne,109,53932,273,251,4,255,4
2020-10-21,Ventura,111,848112,14794,14050,314,14364,153
2020-10-21,Yolo,113,214977,3226,3095,9,3104,58
2020-10-21,Yuba,115,75493,1236,1194,5,1199,10
2020-10-20,Alameda,001,1643700,23382,22750,222,22972,391
2020-10-20,Alpine,003,1148,4,3,0,3,0
2020-10-20,Amador,005,37829,334,313,0,313,16
2020-10-20,Butte,007,227075,3164,3027,30,3057,56
2020-10-20,Calaveras,009,45235,329,273,0,273,13
2020-10-20,Colusa,011,21464,547,546,1,547,6
2020-10-20,Contra Costa,013,1133247,18790,18246,93,18339,241
2020-10-20,Del Norte,015,27424,172,169,0,169,2
2020-10-20,El Dorado,017,186661,1371,1295,2,1297,4
2020-10-20,Fresno,019,978130,33167,30220,446,30666,431
2020-10-20,Glenn,021,27897,663,638,1,639,3
2020-10-20,Humboldt,023,135768,556,545,1,546,7
2020-10-20,Imperial,025,180216,12737,12114,14,12128,330
2020-10-20,Inyo,027,18085,237,218,8,226,14
2020-10-20,Kern,029,883053,33711,32889,398,33287,429
2020-10-20,Kings,031,150075,8391,8178,54,8232,80
2020-10-20,Lake,033,64148,707,675,0,675,15
2020-10-20,Lassen,035,31185,767,757,2,759,0
2020-10-20,Los Angeles,037,10098052,297457,287727,2722,290449,6891
2020-10-20,Madera,039,155013,4987,4823,37,4860,52
2020-10-20,Marin,041,260295,7091,6994,19,7013,101
2020-10-20,Mariposa,043,17540,79,77,0,77,2
2020-10-20,Mendocino,045,87422,1065,1004,2,1006,21
2020-10-20,Merced,047,269075,9460,9323,34,9357,149
2020-10-20,Modoc,049,8938,32,26,0,26,0
2020-10-20,Mono,051,14174,187,156,5,161,1
2020-10-20,Monterey,053,433212,11235,10942,53,10995,81
2020-10-20,Napa,055,140530,1988,1912,8,1920,13
2020-10-20,Nevada,057,99092,620,596,17,613,8
2020-10-20,Orange,059,3164182,60213,56914,1718,58632,1397
2020-10-20,Placer,061,380077,4217,3997,15,4012,56
2020-10-20,Plumas,063,18699,66,53,0,53,0
2020-10-20,Riverside,065,2383286,66336,64452,290,64742,1275
2020-10-20,Sacramento,067,1510023,25228,24767,23,24790,485
2020-10-20,San Benito,069,59416,1421,1398,1,1399,14
2020-10-20,San Bernardino,071,2135413,62543,59571,414,59985,1109
2020-10-20,San Diego,073,3302833,55155,53004,1447,54451,857
2020-10-20,San Francisco,075,870044,12128,12013,44,12057,126
2020-10-20,San Joaquin,077,732212,21677,21173,174,21347,490
2020-10-20,San Luis Obispo,079,281455,4240,4043,24,4067,31
2020-10-20,San Mateo,081,765935,11214,10659,9,10668,155
2020-10-20,Santa Barbara,083,443738,10588,9664,87,9751,121
2020-10-20,Santa Clara,085,1922200,24866,23406,43,23449,358
2020-10-20,Santa Cruz,087,273765,2795,2710,36,2746,23
2020-10-20,Shasta,089,179085,2052,1747,20,1767,20
2020-10-20,Sierra,091,2930,6,6,0,6,0
2020-10-20,Siskiyou,093,43540,189,168,10,178,0
2020-10-20,Solano,095,438530,7251,7044,41,7085,57
2020-10-20,Sonoma,097,501317,9356,8904,23,8927,135
2020-10-20,Stanislaus,099,539301,17569,17367,724,18091,393
2020-10-20,Sutter,101,95872,1820,1783,1,1784,12
2020-10-20,Tehama,103,63373,874,813,2,815,5
2020-10-20,Trinity,105,12862,63,25,8,33,0
2020-10-20,Tulare,107,460477,17670,17156,317,17473,289
2020-10-20,Tuolumne,109,53932,271,250,4,254,4
2020-10-20,Ventura,111,848112,14730,13980,312,14292,152
2020-10-20,Yolo,113,214977,3203,3083,9,3092,56
2020-10-20,Yuba,115,75493,1226,1191,5,1196,10
2020-10-19,Alameda,001,1643700,23271,22647,221,22868,392
2020-10-19,Alpine,003,1148,4,3,0,3,0
2020-10-19,Amador,005,37829,328,313,0,313,16
2020-10-19,Butte,007,227075,3153,3026,30,3056,55
2020-10-19,Calaveras,009,45235,328,268,0,268,13
2020-10-19,Colusa,011,21464,547,544,1,545,6
2020-10-19,Contra Costa,013,1133247,18692,18173,93,18266,239
2020-10-19,Del Norte,015,27424,169,167,0,167,2
2020-10-19,El Dorado,017,186661,1350,1287,2,1289,4
2020-10-19,Fresno,019,978130,33058,30152,440,30592,431
2020-10-19,Glenn,021,27897,658,635,0,635,3
2020-10-19,Humboldt,023,135768,556,543,1,544,7
2020-10-19,Imperial,025,180216,12683,12036,13,12049,330
2020-10-19,Inyo,027,18085,236,218,8,226,14
2020-10-19,Kern,029,883053,33635,32840,395,33235,428
2020-10-19,Kings,031,150075,8373,8173,54,8227,80
2020-10-19,Lake,033,64148,704,673,0,673,15
2020-10-19,Lassen,035,31185,766,757,2,759,0
2020-10-19,Los Angeles,037,10098052,295970,287119,2684,289803,6858
2020-10-19,Madera,039,155013,4972,4787,37,4824,52
2020-10-19,Marin,041,260295,7073,6981,19,7000,100
2020-10-19,Mariposa,043,17540,79,77,0,77,2
2020-10-19,Mendocino,045,87422,1060,1001,2,1003,21
2020-10-19,Merced,047,269075,9436,9305,29,9334,148
2020-10-19,Modoc,049,8938,31,26,0,26,0
2020-10-19,Mono,051,14174,182,156,5,161,1
2020-10-19,Monterey,053,433212,11174,10907,53,10960,80
2020-10-19,Napa,055,140530,1974,1892,8,1900,12
2020-10-19,Nevada,057,99092,617,590,17,607,8
2020-10-19,Orange,059,3164182,59927,56652,1704,58356,1396
2020-10-19,Placer,061,380077,4169,3962,15,3977,49
2020-10-19,Plumas,063,18699,64,52,0,52,0
2020-10-19,Riverside,065,2383286,65905,64016,274,64290,1272
2020-10-19,Sacramento,067,1510023,25089,24542,23,24565,483
2020-10-19,San Benito,069,59416,1414,1395,1,1396,14
2020-10-19,San Bernardino,071,2135413,62093,59265,403,59668,1100
2020-10-19,San Diego,073,3302833,54769,52739,1422,54161,853
2020-10-19,San Francisco,075,870044,12084,11879,44,11923,126
2020-10-19,San Joaquin,077,732212,21602,20930,166,21096,489
2020-10-19,San Luis Obispo,079,281455,4224,4016,24,4040,31
2020-10-19,San Mateo,081,765935,11168,10568,9,10577,154
2020-10-19,Santa Barbara,083,443738,10553,9632,87,9719,121
2020-10-19,Santa Clara,085,1922200,24715,23301,43,23344,352
2020-10-19,Santa Cruz,087,273765,2778,2705,36,2741,19
2020-10-19,Shasta,089,179085,2008,1709,19,1728,20
2020-10-19,Sierra,091,2930,6,6,0,6,0
2020-10-19,Siskiyou,093,43540,182,167,10,177,0
2020-10-19,Solano,095,438530,7210,7003,41,7044,57
2020-10-19,Sonoma,097,501317,9269,8830,23,8853,135
2020-10-19,Stanislaus,099,539301,17518,17342,714,18056,390
2020-10-19,Sutter,101,95872,1815,1773,1,1774,12
2020-10-19,Tehama,103,63373,871,793,2,795,5
2020-10-19,Trinity,105,12862,61,23,8,31,0
2020-10-19,Tulare,107,460477,17621,17047,309,17356,291
2020-10-19,Tuolumne,109,53932,269,247,4,251,4
2020-10-19,Ventura,111,848112,14664,13930,309,14239,152
2020-10-19,Yolo,113,214977,3190,3069,9,3078,56
2020-10-19,Yuba,115,75493,1219,1183,5,1188,10
2020-10-18,Alameda,001,1643700,23167,22546,220,22766,392
2020-10-18,Alpine,003,1148,4,3,0,3,0
2020-10-18,Amador,005,37829,316,313,0,313,16
2020-10-18,Butte,007,227075,3140,3019,30,3049,55
2020-10-18,Calaveras,009,45235,327,267,0,267,13
2020-10-18,Colusa,011,21464,545,544,1,545,6
2020-10-18,Contra Costa,013,1133247,18593,18120,93,18213,237
2020-10-18,Del Norte,015,27424,169,167,0,167,2
2020-10-18,El Dorado,017,186661,1341,1283,2,1285,4
2020-10-18,Fresno,019,978130,32930,30051,432,30483,430
2020-10-18,Glenn,021,27897,656,634,0,634,3
2020-10-18,Humboldt,023,135768,553,540,1,541,7
2020-10-18,Imperial,025,180216,12621,11987,12,11999,330
2020-10-18,Inyo,027,18085,233,215,8,223,14
2020-10-18,Kern,029,883053,33562,32799,388,33187,428
2020-10-18,Kings,031,150075,8358,8159,54,8213,80
2020-10-18,Lake,033,64148,697,670,0,670,15
2020-10-18,Lassen,035,31185,766,757,2,759,0
2020-10-18,Los Angeles,037,10098052,294264,286187,2640,288827,6857
2020-10-18,Madera,039,155013,4947,4770,36,4806,52
2020-10-18,Marin,041,260295,7052,6969,19,6988,99
2020-10-18,Mariposa,043,17540,79,77,0,77,2
2020-10-18,Mendocino,045,87422,1058,988,2,990,21
2020-10-18,Merced,047,269075,9401,9292,29,9321,148
2020-10-18,Modoc,049,8938,30,26,0,26,0
2020-10-18,Mono,051,14174,177,155,5,160,1
2020-10-18,Monterey,053,433212,11122,10872,52,10924,80
2020-10-18,Napa,055,140530,1961,1882,8,1890,12
2020-10-18,Nevada,057,99092,611,582,17,599,8
2020-10-18,Orange,059,3164182,59629,56394,1688,58082,1396
2020-10-18,Placer,061,380077,4121,3938,15,3953,49
2020-10-18,Plumas,063,18699,62,52,0,52,0
2020-10-18,Riverside,065,2383286,65593,63765,253,64018,1270
2020-10-18,Sacramento,067,1510023,24934,24425,23,24448,482
2020-10-18,San Benito,069,59416,1407,1395,1,1396,14
2020-10-18,San Bernardino,071,2135413,61593,58893,395,59288,1098
2020-10-18,San Diego,073,3302833,54380,52359,1401,53760,853
2020-10-18,San Francisco,075,870044,12045,11878,44,11922,126
2020-10-18,San Joaquin,077,732212,21519,20931,153,21084,489
2020-10-18,San Luis Obispo,079,281455,4193,4009,22,4031,31
2020-10-18,San Mateo,081,765935,11109,10503,9,10512,154
2020-10-18,Santa Barbara,083,443738,10514,9608,86,9694,121
2020-10-18,Santa Clara,085,1922200,24542,23169,43,23212,352
2020-10-18,Santa Cruz,087,273765,2764,2692,36,2728,19
2020-10-18,Shasta,089,179085,1983,1708,19,1727,20
2020-10-18,Sierra,091,2930,6,6,0,6,0
2020-10-18,Siskiyou,093,43540,182,167,10,177,0
2020-10-18,Solano,095,438530,7163,6962,41,7003,57
2020-10-18,Sonoma,097,501317,9192,8781,22,8803,134
2020-10-18,Stanislaus,099,539301,17462,17290,705,17995,390
2020-10-18,Sutter,101,95872,1806,1764,1,1765,12
2020-10-18,Tehama,103,63373,839,774,2,776,5
2020-10-18,Trinity,105,12862,61,20,8,28,0
2020-10-18,Tulare,107,460477,17528,17048,300,17348,290
2020-10-18,Tuolumne,109,53932,264,245,4,249,4
2020-10-18,Ventura,111,848112,14585,13901,308,14209,151
2020-10-18,Yolo,113,214977,3151,3059,9,3068,55
2020-10-18,Yuba,115,75493,1208,1176,5,1181,10
2020-10-17,Alameda,001,1643700,23121,22394,218,22612,398
2020-10-17,Alpine,003,1148,4,3,0,3,0
2020-10-17,Amador,005,37829,314,309,0,309,16
2020-10-17,Butte,007,227075,3132,3012,28,3040,55
2020-10-17,Calaveras,009,45235,327,267,0,267,13
2020-10-17,Colusa,011,21464,544,544,1,545,6
2020-10-17,Contra Costa,013,1133247,18540,18005,93,18098,237
2020-10-17,Del Norte,015,27424,169,167,0,167,2
2020-10-17,El Dorado,017,186661,1337,1277,2,1279,4
2020-10-17,Fresno,019,978130,32876,29911,430,30341,430
2020-10-17,Glenn,021,27897,653,633,0,633,3
2020-10-17,Humboldt,023,135768,550,535,1,536,7
2020-10-17,Imperial,025,180216,12593,11962,12,11974,330
2020-10-17,Inyo,027,18085,228,212,8,220,14
2020-10-17,Kern,029,883053,33511,32710,385,33095,428
2020-10-17,Kings,031,150075,8352,8151,53,8204,80
2020-10-17,Lake,033,64148,694,663,0,663,15
2020-10-17,Lassen,035,31185,766,757,2,759,0
2020-10-17,Los Angeles,037,10098052,293511,285858,2613,288471,6844
2020-10-17,Madera,039,155013,4941,4759,36,4795,53
2020-10-17,Marin,041,260295,7049,6958,19,6977,99
2020-10-17,Mariposa,043,17540,78,77,0,77,2
2020-10-17,Mendocino,045,87422,1051,977,2,979,21
2020-10-17,Merced,047,269075,9387,9275,29,9304,148
2020-10-17,Modoc,049,8938,30,26,0,26,0
2020-10-17,Mono,051,14174,176,155,5,160,1
2020-10-17,Monterey,053,433212,11082,10807,51,10858,80
2020-10-17,Napa,055,140530,1954,1866,8,1874,12
2020-10-17,Nevada,057,99092,610,580,17,597,8
2020-10-17,Orange,059,3164182,59487,56197,1681,57878,1396
2020-10-17,Placer,061,380077,4094,3898,15,3913,49
2020-10-17,Plumas,063,18699,62,52,0,52,0
2020-10-17,Riverside,065,2383286,65395,63171,243,63414,1270
2020-10-17,Sacramento,067,1510023,24850,24304,23,24327,482
2020-10-17,San Benito,069,59416,1403,1389,1,1390,14
2020-10-17,San Bernardino,071,2135413,61323,58415,388,58803,1097
2020-10-17,San Diego,073,3302833,54155,51986,1390,53376,853
2020-10-17,San Francisco,075,870044,12017,11877,43,11920,126
2020-10-17,San Joaquin,077,732212,21465,20932,147,21079,489
2020-10-17,San Luis Obispo,079,281455,4178,3979,22,4001,31
2020-10-17,San Mateo,081,765935,11081,10423,9,10432,153
2020-10-17,Santa Barbara,083,443738,10495,9588,84,9672,121
2020-10-17,Santa Clara,085,1922200,24453,22997,43,23040,349
2020-10-17,Santa Cruz,087,273765,2750,2680,36,2716,19
2020-10-17,Shasta,089,179085,1957,1679,19,1698,20
2020-10-17,Sierra,091,2930,6,6,0,6,0
2020-10-17,Siskiyou,093,43540,181,167,10,177,0
2020-10-17,Solano,095,438530,7137,6929,41,6970,57
2020-10-17,Sonoma,097,501317,9149,8725,22,8747,134
2020-10-17,Stanislaus,099,539301,17422,17232,696,17928,390
2020-10-17,Sutter,101,95872,1804,1762,1,1763,12
2020-10-17,Tehama,103,63373,823,764,2,766,5
2020-10-17,Trinity,105,12862,61,20,8,28,0
2020-10-17,Tulare,107,460477,17498,16995,291,17286,290
2020-10-17,Tuolumne,109,53932,264,241,4,245,4
2020-10-17,Ventura,111,848112,14540,13845,305,14150,151
2020-10-17,Yolo,113,214977,3136,3045,7,3052,55
2020-10-17,Yuba,115,75493,1203,1164,5,1169,10
2020-10-16,Alameda,001,1643700,23067,22315,218,22533,397
2020-10-16,Alpine,003,1148,4,3,0,3,0
2020-10-16,Amador,005,37829,314,309,0,309,16
2020-10-16,Butte,007,227075,3121,3004,28,3032,54
2020-10-16,Calaveras,009,45235,327,267,0,267,13
2020-10-16,Colusa,011,21464,543,544,1,545,6
2020-10-16,Contra Costa,013,1133247,18487,17956,93,18049,237
2020-10-16,Del Norte,015,27424,169,166,0,166,2
2020-10-16,El Dorado,017,186661,1331,1273,2,1275,4
2020-10-16,Fresno,019,978130,32800,29796,429,30225,427
2020-10-16,Glenn,021,27897,648,632,0,632,3
2020-10-16,Humboldt,023,135768,550,533,1,534,7
2020-10-16,Imperial,025,180216,12553,11885,12,11897,330
2020-10-16,Inyo,027,18085,224,212,8,220,14
2020-10-16,Kern,029,883053,33468,32660,383,33043,428
2020-10-16,Kings,031,150075,8343,8146,52,8198,80
2020-10-16,Lake,033,64148,692,644,0,644,14
2020-10-16,Lassen,035,31185,766,757,2,759,0
2020-10-16,Los Angeles,037,10098052,292449,284988,2592,287580,6835
2020-10-16,Madera,039,155013,4929,4736,35,4771,53
2020-10-16,Marin,041,260295,7039,6933,19,6952,99
2020-10-16,Mariposa,043,17540,78,76,0,76,2
2020-10-16,Mendocino,045,87422,1044,974,2,976,21
2020-10-16,Merced,047,269075,9370,9246,29,9275,148
2020-10-16,Modoc,049,8938,30,26,0,26,0
2020-10-16,Mono,051,14174,174,155,5,160,1
2020-10-16,Monterey,053,433212,11048,10727,51,10778,79
2020-10-16,Napa,055,140530,1945,1855,8,1863,12
2020-10-16,Nevada,057,99092,608,579,17,596,8
2020-10-16,Orange,059,3164182,59310,56091,1675,57766,1388
2020-10-16,Placer,061,380077,4074,3864,15,3879,49
2020-10-16,Plumas,063,18699,61,52,0,52,0
2020-10-16,Riverside,065,2383286,65170,62986,242,63228,1267
2020-10-16,Sacramento,067,1510023,24756,24144,23,24167,479
2020-10-16,San Benito,069,59416,1400,1388,1,1389,14
2020-10-16,San Bernardino,071,2135413,61054,58233,388,58621,1069
2020-10-16,San Diego,073,3302833,53913,51785,1376,53161,850
2020-10-16,San Francisco,075,870044,11995,11840,42,11882,126
2020-10-16,San Joaquin,077,732212,21420,20910,146,21056,489
2020-10-16,San Luis Obispo,079,281455,4164,3952,22,3974,32
2020-10-16,San Mateo,081,765935,11056,10405,9,10414,153
2020-10-16,Santa Barbara,083,443738,10477,9549,84,9633,119
2020-10-16,Santa Clara,085,1922200,24366,22920,43,22963,345
2020-10-16,Santa Cruz,087,273765,2737,2666,36,2702,20
2020-10-16,Shasta,089,179085,1935,1660,19,1679,20
2020-10-16,Sierra,091,2930,6,6,0,6,0
2020-10-16,Siskiyou,093,43540,179,167,10,177,0
2020-10-16,Solano,095,438530,7114,6879,41,6920,55
2020-10-16,Sonoma,097,501317,9093,8652,22,8674,133
2020-10-16,Stanislaus,099,539301,17389,17201,687,17888,366
2020-10-16,Sutter,101,95872,1796,1756,1,1757,12
2020-10-16,Tehama,103,63373,822,737,2,739,3
2020-10-16,Trinity,105,12862,61,20,8,28,0
2020-10-16,Tulare,107,460477,17466,16965,283,17248,290
2020-10-16,Tuolumne,109,53932,261,237,4,241,4
2020-10-16,Ventura,111,848112,14497,13805,300,14105,152
2020-10-16,Yolo,113,214977,3127,3030,7,3037,55
2020-10-16,Yuba,115,75493,1203,1155,5,1160,10
2020-10-15,Alameda,001,1643700,22999,22267,217,22484,390
2020-10-15,Alpine,003,1148,4,3,0,3,0
2020-10-15,Amador,005,37829,314,309,0,309,16
2020-10-15,Butte,007,227075,3109,3000,27,3027,54
2020-10-15,Calaveras,009,45235,326,267,0,267,13
2020-10-15,Colusa,011,21464,542,543,1,544,6
2020-10-15,Contra Costa,013,1133247,18420,17893,92,17985,237
2020-10-15,Del Norte,015,27424,169,164,0,164,2
2020-10-15,El Dorado,017,186661,1326,1265,2,1267,4
2020-10-15,Fresno,019,978130,32703,29727,426,30153,425
2020-10-15,Glenn,021,27897,643,632,0,632,3
2020-10-15,Humboldt,023,135768,546,531,1,532,7
2020-10-15,Imperial,025,180216,12512,11820,11,11831,330
2020-10-15,Inyo,027,18085,224,210,8,218,14
2020-10-15,Kern,029,883053,33387,32593,380,32973,427
2020-10-15,Kings,031,150075,8328,8134,52,8186,80
2020-10-15,Lake,033,64148,690,642,0,642,14
2020-10-15,Lassen,035,31185,765,752,2,754,0
2020-10-15,Los Angeles,037,10098052,291167,284019,2556,286575,6807
2020-10-15,Madera,039,155013,4917,4723,34,4757,50
2020-10-15,Marin,041,260295,7031,6912,19,6931,99
2020-10-15,Mariposa,043,17540,78,76,0,76,2
2020-10-15,Mendocino,045,87422,1038,963,2,965,21
2020-10-15,Merced,047,269075,9343,9213,29,9242,147
2020-10-15,Modoc,049,8938,30,26,0,26,0
2020-10-15,Mono,051,14174,174,155,5,160,1
2020-10-15,Monterey,053,433212,10981,10677,50,10727,79
2020-10-15,Napa,055,140530,1932,1842,8,1850,12
2020-10-15,Nevada,057,99092,604,575,17,592,8
2020-10-15,Orange,059,3164182,59094,55952,1663,57615,1379
2020-10-15,Placer,061,380077,4045,3848,15,3863,48
2020-10-15,Plumas,063,18699,58,52,0,52,0
2020-10-15,Riverside,065,2383286,64839,62819,239,63058,1266
2020-10-15,Sacramento,067,1510023,24640,24068,23,24091,474
2020-10-15,San Benito,069,59416,1397,1384,1,1385,14
2020-10-15,San Bernardino,071,2135413,60715,58068,385,58453,1067
2020-10-15,San Diego,073,3302833,53629,51472,1360,52832,847
2020-10-15,San Francisco,075,870044,11967,11808,39,11847,126
2020-10-15,San Joaquin,077,732212,21347,20880,140,21020,487
2020-10-15,San Luis Obispo,079,281455,4149,3934,22,3956,32
2020-10-15,San Mateo,081,765935,11016,10340,9,10349,152
2020-10-15,Santa Barbara,083,443738,10453,9526,83,9609,117
2020-10-15,Santa Clara,085,1922200,24250,22808,43,22851,343
2020-10-15,Santa Cruz,087,273765,2723,2656,36,2692,13
2020-10-15,Shasta,089,179085,1924,1635,19,1654,20
2020-10-15,Sierra,091,2930,6,6,0,6,0
2020-10-15,Siskiyou,093,43540,175,166,10,176,0
2020-10-15,Solano,095,438530,7075,6830,41,6871,55
2020-10-15,Sonoma,097,501317,9001,8571,22,8593,133
2020-10-15,Stanislaus,099,539301,17351,17151,673,17824,366
2020-10-15,Sutter,101,95872,1793,1752,1,1753,12
2020-10-15,Tehama,103,63373,795,726,2,728,3
2020-10-15,Trinity,105,12862,61,20,8,28,0
2020-10-15,Tulare,107,460477,17406,16918,267,17185,289
2020-10-15,Tuolumne,109,53932,259,236,4,240,4
2020-10-15,Ventura,111,848112,14441,13750,295,14045,152
2020-10-15,Yolo,113,214977,3107,3014,7,3021,55
2020-10-15,Yuba,115,75493,1196,1151,5,1156,10
2020-10-14,Alameda,001,1643700,22900,22227,216,22443,398
2020-10-14,Alpine,003,1148,4,3,0,3,0
2020-10-14,Amador,005,37829,312,308,0,308,16
2020-10-14,Butte,007,227075,3101,2995,27,3022,54
2020-10-14,Calaveras,009,45235,326,266,0,266,12
2020-10-14,Colusa,011,21464,542,543,1,544,6
2020-10-14,Contra Costa,013,1133247,18363,17820,90,17910,236
2020-10-14,Del Norte,015,27424,168,163,0,163,2
2020-10-14,El Dorado,017,186661,1320,1264,2,1266,4
2020-10-14,Fresno,019,978130,32588,29650,419,30069,424
2020-10-14,Glenn,021,27897,642,629,0,629,3
2020-10-14,Humboldt,023,135768,543,531,1,532,7
2020-10-14,Imperial,025,180216,12475,11765,10,11775,330
2020-10-14,Inyo,027,18085,223,209,7,216,14
2020-10-14,Kern,029,883053,33312,32528,378,32906,425
2020-10-14,Kings,031,150075,8310,8118,52,8170,80
2020-10-14,Lake,033,64148,689,642,0,642,14
2020-10-14,Lassen,035,31185,763,752,2,754,0
2020-10-14,Los Angeles,037,10098052,289854,282918,2512,285430,6786
2020-10-14,Madera,039,155013,4902,4713,33,4746,50
2020-10-14,Marin,041,260295,7025,6907,19,6926,99
2020-10-14,Mariposa,043,17540,77,76,0,76,2
2020-10-14,Mendocino,045,87422,1032,955,2,957,21
2020-10-14,Merced,047,269075,9318,9201,27,9228,147
2020-10-14,Modoc,049,8938,30,27,0,27,0
2020-10-14,Mono,051,14174,174,155,5,160,1
2020-10-14,Monterey,053,433212,10930,10616,50,10666,78
2020-10-14,Napa,055,140530,1915,1837,8,1845,12
2020-10-14,Nevada,057,99092,602,573,17,590,7
2020-10-14,Orange,059,3164182,58881,55756,1654,57410,1348
2020-10-14,Placer,061,380077,4022,3829,15,3844,48
2020-10-14,Plumas,063,18699,54,52,0,52,0
2020-10-14,Riverside,065,2383286,64556,62607,238,62845,1261
2020-10-14,Sacramento,067,1510023,24496,24013,23,24036,472
2020-10-14,San Benito,069,59416,1395,1381,0,1381,14
2020-10-14,San Bernardino,071,2135413,60389,57774,382,58156,1063
2020-10-14,San Diego,073,3302833,53310,51329,1336,52665,844
2020-10-14,San Francisco,075,870044,11935,11783,38,11821,123
2020-10-14,San Joaquin,077,732212,21268,20845,126,20971,487
2020-10-14,San Luis Obispo,079,281455,4126,3901,21,3922,32
2020-10-14,San Mateo,081,765935,10965,10309,9,10318,132
2020-10-14,Santa Barbara,083,443738,10418,9509,83,9592,117
2020-10-14,Santa Clara,085,1922200,24101,22735,43,22778,343
2020-10-14,Santa Cruz,087,273765,2713,2618,36,2654,13
2020-10-14,Shasta,089,179085,1886,1553,19,1572,20
2020-10-14,Sierra,091,2930,6,6,0,6,0
2020-10-14,Siskiyou,093,43540,175,166,10,176,0
2020-10-14,Solano,095,438530,7019,6786,41,6827,55
2020-10-14,Sonoma,097,501317,8948,8514,22,8536,133
2020-10-14,Stanislaus,099,539301,17306,17105,670,17775,365
2020-10-14,Sutter,101,95872,1784,1747,1,1748,12
2020-10-14,Tehama,103,63373,784,721,2,723,3
2020-10-14,Trinity,105,12862,60,20,8,28,0
2020-10-14,Tulare,107,460477,17344,16863,254,17117,287
2020-10-14,Tuolumne,109,53932,258,236,4,240,4
2020-10-14,Ventura,111,848112,14388,13697,291,13988,152
2020-10-14,Yolo,113,214977,3089,3007,7,3014,55
2020-10-14,Yuba,115,75493,1188,1147,5,1152,10
2020-10-13,Alameda,001,1643700,22796,22185,214,22399,389
2020-10-13,Alpine,003,1148,4,3,0,3,0
2020-10-13,Amador,005,37829,310,306,0,306,16
2020-10-13,Butte,007,227075,3092,2992,27,3019,54
2020-10-13,Calaveras,009,45235,322,262,0,262,12
2020-10-13,Colusa,011,21464,542,541,1,542,6
2020-10-13,Contra Costa,013,1133247,18305,17783,90,17873,234
2020-10-13,Del Norte,015,27424,168,163,0,163,2
2020-10-13,El Dorado,017,186661,1311,1262,2,1264,4
2020-10-13,Fresno,019,978130,32466,29579,415,29994,424
2020-10-13,Glenn,021,27897,641,629,0,629,3
2020-10-13,Humboldt,023,135768,541,523,1,524,7
2020-10-13,Imperial,025,180216,12440,11727,10,11737,327
2020-10-13,Inyo,027,18085,220,207,7,214,14
2020-10-13,Kern,029,883053,33237,32497,376,32873,419
2020-10-13,Kings,031,150075,8301,8111,52,8163,80
2020-10-13,Lake,033,64148,686,639,0,639,12
2020-10-13,Lassen,035,31185,761,752,2,754,0
2020-10-13,Los Angeles,037,10098052,288578,281716,2469,284185,6767
2020-10-13,Madera,039,155013,4884,4700,33,4733,50
2020-10-13,Marin,041,260295,7003,6900,18,6918,97
2020-10-13,Mariposa,043,17540,77,76,0,76,2
2020-10-13,Mendocino,045,87422,1023,950,2,952,21
2020-10-13,Merced,047,269075,9301,9181,27,9208,146
2020-10-13,Modoc,049,8938,29,28,0,28,0
2020-10-13,Mono,051,14174,174,155,4,159,1
2020-10-13,Monterey,053,433212,10869,10574,49,10623,78
2020-10-13,Napa,055,140530,1906,1825,8,1833,12
2020-10-13,Nevada,057,99092,596,572,17,589,7
2020-10-13,Orange,059,3164182,58669,55515,1640,57155,1326
2020-10-13,Placer,061,380077,3984,3825,15,3840,48
2020-10-13,Plumas,063,18699,52,51,0,51,0
2020-10-13,Riverside,065,2383286,64236,62279,236,62515,1254
2020-10-13,Sacramento,067,1510023,24419,23930,23,23953,466
2020-10-13,San Benito,069,59416,1387,1380,0,1380,14
2020-10-13,San Bernardino,071,2135413,60049,57411,380,57791,1061
2020-10-13,San Diego,073,3302833,53017,51026,1319,52345,840
2020-10-13,San Francisco,075,870044,11900,11659,38,11697,122
2020-10-13,San Joaquin,077,732212,21206,20822,122,20944,481
2020-10-13,San Luis Obispo,079,281455,4115,3892,20,3912,32
2020-10-13,San Mateo,081,765935,10922,10286,9,10295,130
2020-10-13,Santa Barbara,083,443738,10387,9489,83,9572,117
2020-10-13,Santa Clara,085,1922200,23974,22678,43,22721,343
2020-10-13,Santa Cruz,087,273765,2695,2603,36,2639,13
2020-10-13,Shasta,089,179085,1862,1606,19,1625,20
2020-10-13,Sierra,091,2930,6,6,0,6,0
2020-10-13,Siskiyou,093,43540,174,163,10,173,0
2020-10-13,Solano,095,438530,6984,6761,41,6802,55
2020-10-13,Sonoma,097,501317,8865,8456,22,8478,133
2020-10-13,Stanislaus,099,539301,17261,17082,665,17747,362
2020-10-13,Sutter,101,95872,1775,1748,1,1749,12
2020-10-13,Tehama,103,63373,776,717,2,719,3
2020-10-13,Trinity,105,12862,56,19,7,26,0
2020-10-13,Tulare,107,460477,17285,16822,246,17068,286
2020-10-13,Tuolumne,109,53932,256,235,4,239,4
2020-10-13,Ventura,111,848112,14334,13645,287,13932,151
2020-10-13,Yolo,113,214977,3081,2983,6,2989,55
2020-10-13,Yuba,115,75493,1183,1143,5,1148,10
2020-10-12,Alameda,001,1643700,22716,22126,213,22339,389
2020-10-12,Alpine,003,1148,4,3,0,3,0
2020-10-12,Amador,005,37829,309,305,0,305,16
2020-10-12,Butte,007,227075,3086,2975,27,3002,54
2020-10-12,Calaveras,009,45235,322,262,0,262,12
2020-10-12,Colusa,011,21464,542,541,1,542,6
2020-10-12,Contra Costa,013,1133247,18230,17728,90,17818,233
2020-10-12,Del Norte,015,27424,168,161,0,161,2
2020-10-12,El Dorado,017,186661,1308,1254,2,1256,4
2020-10-12,Fresno,019,978130,32333,29523,411,29934,421
2020-10-12,Glenn,021,27897,640,626,0,626,3
2020-10-12,Humboldt,023,135768,538,522,1,523,7
2020-10-12,Imperial,025,180216,12401,11689,10,11699,328
2020-10-12,Inyo,027,18085,217,201,7,208,14
2020-10-12,Kern,029,883053,33144,32425,373,32798,419
2020-10-12,Kings,031,150075,8295,8106,51,8157,80
2020-10-12,Lake,033,64148,680,633,0,633,12
2020-10-12,Lassen,035,31185,761,752,2,754,0
2020-10-12,Los Angeles,037,10098052,287361,280961,2442,283403,6747
2020-10-12,Madera,039,155013,4865,4689,33,4722,50
2020-10-12,Marin,041,260295,6986,6886,18,6904,97
2020-10-12,Mariposa,043,17540,77,76,0,76,2
2020-10-12,Mendocino,045,87422,1017,947,2,949,21
2020-10-12,Merced,047,269075,9280,9141,27,9168,146
2020-10-12,Modoc,049,8938,29,27,0,27,0
2020-10-12,Mono,051,14174,174,154,4,158,1
2020-10-12,Monterey,053,433212,10803,10473,49,10522,77
2020-10-12,Napa,055,140530,1898,1819,8,1827,11
2020-10-12,Nevada,057,99092,592,570,17,587,7
2020-10-12,Orange,059,3164182,58439,55373,1630,57003,1326
2020-10-12,Placer,061,380077,3952,3808,14,3822,48
2020-10-12,Plumas,063,18699,52,51,0,51,0
2020-10-12,Riverside,065,2383286,63924,62279,233,62512,1254
2020-10-12,Sacramento,067,1510023,24313,23807,23,23830,466
2020-10-12,San Benito,069,59416,1384,1376,0,1376,13
2020-10-12,San Bernardino,071,2135413,59675,57235,379,57614,1061
2020-10-12,San Diego,073,3302833,52727,50748,1292,52040,826
2020-10-12,San Francisco,075,870044,11868,11659,38,11697,122
2020-10-12,San Joaquin,077,732212,21143,20701,116,20817,480
2020-10-12,San Luis Obispo,079,281455,4091,3874,20,3894,32
2020-10-12,San Mateo,081,765935,10874,10262,9,10271,130
2020-10-12,Santa Barbara,083,443738,10350,9462,83,9545,117
2020-10-12,Santa Clara,085,1922200,23859,22578,43,22621,343
2020-10-12,Santa Cruz,087,273765,2678,2590,36,2626,13
2020-10-12,Shasta,089,179085,1837,1515,19,1534,20
2020-10-12,Sierra,091,2930,6,6,0,6,0
2020-10-12,Siskiyou,093,43540,173,162,10,172,0
2020-10-12,Solano,095,438530,6945,6742,41,6783,55
2020-10-12,Sonoma,097,501317,8794,8377,22,8399,133
2020-10-12,Stanislaus,099,539301,17212,17051,656,17707,361
2020-10-12,Sutter,101,95872,1767,1741,1,1742,12
2020-10-12,Tehama,103,63373,760,708,2,710,3
2020-10-12,Trinity,105,12862,55,19,7,26,0
2020-10-12,Tulare,107,460477,17233,16742,239,16981,286
2020-10-12,Tuolumne,109,53932,251,234,4,238,4
2020-10-12,Ventura,111,848112,14272,13617,283,13900,151
2020-10-12,Yolo,113,214977,3066,2964,6,2970,55
2020-10-12,Yuba,115,75493,1172,1141,5,1146,10
2020-10-11,Alameda,001,1643700,22626,22057,209,22266,392
2020-10-11,Alpine,003,1148,4,3,0,3,0
2020-10-11,Amador,005,37829,307,305,0,305,16
2020-10-11,Butte,007,227075,3078,2967,26,2993,54
2020-10-11,Calaveras,009,45235,320,262,0,262,12
2020-10-11,Colusa,011,21464,540,541,1,542,6
2020-10-11,Contra Costa,013,1133247,18148,17678,90,17768,233
2020-10-11,Del Norte,015,27424,166,161,0,161,2
2020-10-11,El Dorado,017,186661,1299,1242,2,1244,4
2020-10-11,Fresno,019,978130,32195,29419,403,29822,421
2020-10-11,Glenn,021,27897,638,625,0,625,3
2020-10-11,Humboldt,023,135768,537,521,1,522,7
2020-10-11,Imperial,025,180216,12341,11614,10,11624,328
2020-10-11,Inyo,027,18085,213,201,7,208,14
2020-10-11,Kern,029,883053,33057,32399,366,32765,418
2020-10-11,Kings,031,150075,8278,8094,50,8144,80
2020-10-11,Lake,033,64148,667,631,0,631,12
2020-10-11,Lassen,035,31185,760,752,2,754,0
2020-10-11,Los Angeles,037,10098052,285924,280190,2400,282590,6745
2020-10-11,Madera,039,155013,4837,4680,32,4712,50
2020-10-11,Marin,041,260295,6977,6870,18,6888,97
2020-10-11,Mariposa,043,17540,77,76,0,76,2
2020-10-11,Mendocino,045,87422,1010,944,2,946,21
2020-10-11,Merced,047,269075,9262,9124,27,9151,146
2020-10-11,Modoc,049,8938,29,27,0,27,0
2020-10-11,Mono,051,14174,174,154,4,158,1
2020-10-11,Monterey,053,433212,10752,10445,47,10492,77
2020-10-11,Napa,055,140530,1882,1811,8,1819,11
2020-10-11,Nevada,057,99092,590,569,17,586,7
2020-10-11,Orange,059,3164182,58209,55202,1624,56826,1326
2020-10-11,Placer,061,380077,3931,3787,14,3801,48
2020-10-11,Plumas,063,18699,52,51,0,51,0
2020-10-11,Riverside,065,2383286,63635,62112,229,62341,1254
2020-10-11,Sacramento,067,1510023,24171,23778,23,23801,466
2020-10-11,San Benito,069,59416,1383,1374,0,1374,13
2020-10-11,San Bernardino,071,2135413,59220,56997,377,57374,1061
2020-10-11,San Diego,073,3302833,52377,50553,1270,51823,826
2020-10-11,San Francisco,075,870044,11825,11659,38,11697,122
2020-10-11,San Joaquin,077,732212,21068,20700,106,20806,480
2020-10-11,San Luis Obispo,079,281455,4074,3874,19,3893,32
2020-10-11,San Mateo,081,765935,10843,10240,9,10249,130
2020-10-11,Santa Barbara,083,443738,10320,9440,82,9522,117
2020-10-11,Santa Clara,085,1922200,23716,22487,42,22529,336
2020-10-11,Santa Cruz,087,273765,2664,2578,36,2614,13
2020-10-11,Shasta,089,179085,1807,1515,18,1533,20
2020-10-11,Sierra,091,2930,6,6,0,6,0
2020-10-11,Siskiyou,093,43540,172,162,10,172,0
2020-10-11,Solano,095,438530,6891,6685,41,6726,53
2020-10-11,Sonoma,097,501317,8737,8319,22,8341,133
2020-10-11,Stanislaus,099,539301,17148,17007,640,17647,360
2020-10-11,Sutter,101,95872,1764,1742,1,1743,12
2020-10-11,Tehama,103,63373,736,702,2,704,3
2020-10-11,Trinity,105,12862,55,19,7,26,0
2020-10-11,Tulare,107,460477,17170,16741,231,16972,286
2020-10-11,Tuolumne,109,53932,247,234,4,238,4
2020-10-11,Ventura,111,848112,14211,13604,278,13882,151
2020-10-11,Yolo,113,214977,3036,2952,6,2958,55
2020-10-11,Yuba,115,75493,1160,1137,5,1142,10
2020-10-10,Alameda,001,1643700,22576,21979,208,22187,398
2020-10-10,Alpine,003,1148,4,3,0,3,0
2020-10-10,Amador,005,37829,306,304,0,304,16
2020-10-10,Butte,007,227075,3073,2962,25,2987,54
2020-10-10,Calaveras,009,45235,319,262,0,262,12
2020-10-10,Colusa,011,21464,540,541,1,542,6
2020-10-10,Contra Costa,013,1133247,18112,17566,89,17655,233
2020-10-10,Del Norte,015,27424,166,161,0,161,2
2020-10-10,El Dorado,017,186661,1297,1240,2,1242,4
2020-10-10,Fresno,019,978130,32131,29286,401,29687,421
2020-10-10,Glenn,021,27897,638,623,0,623,3
2020-10-10,Humboldt,023,135768,534,518,1,519,7
2020-10-10,Imperial,025,180216,12326,11591,10,11601,327
2020-10-10,Inyo,027,18085,210,201,7,208,14
2020-10-10,Kern,029,883053,33020,32338,366,32704,418
2020-10-10,Kings,031,150075,8274,8078,50,8128,80
2020-10-10,Lake,033,64148,666,630,0,630,11
2020-10-10,Lassen,035,31185,760,752,2,754,0
2020-10-10,Los Angeles,037,10098052,285204,279213,2366,281579,6743
2020-10-10,Madera,039,155013,4824,4662,32,4694,50
2020-10-10,Marin,041,260295,6968,6852,18,6870,97
2020-10-10,Mariposa,043,17540,77,76,0,76,2
2020-10-10,Mendocino,045,87422,1003,935,2,937,21
2020-10-10,Merced,047,269075,9256,9105,26,9131,146
2020-10-10,Modoc,049,8938,29,27,0,27,0
2020-10-10,Mono,051,14174,174,154,4,158,1
2020-10-10,Monterey,053,433212,10719,10410,47,10457,75
2020-10-10,Napa,055,140530,1875,1804,8,1812,11
2020-10-10,Nevada,057,99092,587,564,17,581,6
2020-10-10,Orange,059,3164182,58088,54965,1619,56584,1324
2020-10-10,Placer,061,380077,3914,3757,14,3771,48
2020-10-10,Plumas,063,18699,52,51,0,51,0
2020-10-10,Riverside,065,2383286,63431,61845,227,62072,1254
2020-10-10,Sacramento,067,1510023,24104,23689,23,23712,466
2020-10-10,San Benito,069,59416,1381,1370,0,1370,13
2020-10-10,San Bernardino,071,2135413,59058,56683,375,57058,1061
2020-10-10,San Diego,073,3302833,52147,50145,1252,51397,825
2020-10-10,San Francisco,075,870044,11804,11663,38,11701,122
2020-10-10,San Joaquin,077,732212,21040,20700,102,20802,481
2020-10-10,San Luis Obispo,079,281455,4054,3832,19,3851,32
2020-10-10,San Mateo,081,765935,10806,10218,9,10227,130
2020-10-10,Santa Barbara,083,443738,10309,9417,82,9499,116
2020-10-10,Santa Clara,085,1922200,23624,22354,42,22396,330
2020-10-10,Santa Cruz,087,273765,2650,2572,36,2608,13
2020-10-10,Shasta,089,179085,1790,1473,18,1491,20
2020-10-10,Sierra,091,2930,6,6,0,6,0
2020-10-10,Siskiyou,093,43540,172,161,10,171,0
2020-10-10,Solano,095,438530,6865,6655,41,6696,53
2020-10-10,Sonoma,097,501317,8717,8235,22,8257,133
2020-10-10,Stanislaus,099,539301,17113,16960,632,17592,360
2020-10-10,Sutter,101,95872,1761,1735,1,1736,12
2020-10-10,Tehama,103,63373,729,693,2,695,3
2020-10-10,Trinity,105,12862,55,19,7,26,0
2020-10-10,Tulare,107,460477,17136,16709,226,16935,286
2020-10-10,Tuolumne,109,53932,247,233,4,237,4
2020-10-10,Ventura,111,848112,14186,13520,278,13798,151
2020-10-10,Yolo,113,214977,3027,2939,6,2945,55
2020-10-10,Yuba,115,75493,1158,1134,5,1139,10
2020-10-09,Alameda,001,1643700,22528,21924,208,22132,399
2020-10-09,Alpine,003,1148,4,3,0,3,0
2020-10-09,Amador,005,37829,306,303,0,303,16
2020-10-09,Butte,007,227075,3070,2956,25,2981,51
2020-10-09,Calaveras,009,45235,317,262,0,262,11
2020-10-09,Colusa,011,21464,540,541,1,542,6
2020-10-09,Contra Costa,013,1133247,18062,17487,89,17576,229
2020-10-09,Del Norte,015,27424,165,161,0,161,2
2020-10-09,El Dorado,017,186661,1293,1234,2,1236,4
2020-10-09,Fresno,019,978130,32058,29208,399,29607,417
2020-10-09,Glenn,021,27897,633,617,0,617,3
2020-10-09,Humboldt,023,135768,532,516,1,517,7
2020-10-09,Imperial,025,180216,12299,11516,10,11526,330
2020-10-09,Inyo,027,18085,207,200,7,207,14
2020-10-09,Kern,029,883053,32977,32237,364,32601,417
2020-10-09,Kings,031,150075,8267,7993,48,8041,80
2020-10-09,Lake,033,64148,656,610,0,610,11
2020-10-09,Lassen,035,31185,760,751,2,753,0
2020-10-09,Los Angeles,037,10098052,284070,278039,2341,280380,6715
2020-10-09,Madera,039,155013,4814,4646,32,4678,50
2020-10-09,Marin,041,260295,6954,6838,18,6856,96
2020-10-09,Mariposa,043,17540,77,76,0,76,2
2020-10-09,Mendocino,045,87422,993,933,2,935,20
2020-10-09,Merced,047,269075,9242,9095,26,9121,145
2020-10-09,Modoc,049,8938,29,27,0,27,0
2020-10-09,Mono,051,14174,174,154,4,158,1
2020-10-09,Monterey,053,433212,10685,10369,47,10416,75
2020-10-09,Napa,055,140530,1865,1795,8,1803,11
2020-10-09,Nevada,057,99092,582,561,17,578,6
2020-10-09,Orange,059,3164182,57918,54746,1614,56360,1305
2020-10-09,Placer,061,380077,3900,3737,14,3751,48
2020-10-09,Plumas,063,18699,52,50,0,50,0
2020-10-09,Riverside,065,2383286,63195,61529,226,61755,1252
2020-10-09,Sacramento,067,1510023,24034,23606,23,23629,457
2020-10-09,San Benito,069,59416,1376,1367,0,1367,13
2020-10-09,San Bernardino,071,2135413,58818,56434,373,56807,1057
2020-10-09,San Diego,073,3302833,51870,49825,1242,51067,821
2020-10-09,San Francisco,075,870044,11774,11620,38,11658,120
2020-10-09,San Joaquin,077,732212,21011,20648,92,20740,481
2020-10-09,San Luis Obispo,079,281455,4035,3810,19,3829,32
2020-10-09,San Mateo,081,765935,10778,10140,9,10149,130
2020-10-09,Santa Barbara,083,443738,10281,9396,82,9478,116
2020-10-09,Santa Clara,085,1922200,23522,22251,41,22292,328
2020-10-09,Santa Cruz,087,273765,2641,2555,36,2591,13
2020-10-09,Shasta,089,179085,1763,1353,17,1370,20
2020-10-09,Sierra,091,2930,6,6,0,6,0
2020-10-09,Siskiyou,093,43540,170,156,10,166,0
2020-10-09,Solano,095,438530,6826,6614,41,6655,53
2020-10-09,Sonoma,097,501317,8663,8133,22,8155,133
2020-10-09,Stanislaus,099,539301,17090,16904,623,17527,362
2020-10-09,Sutter,101,95872,1757,1732,1,1733,12
2020-10-09,Tehama,103,63373,723,682,2,684,3
2020-10-09,Trinity,105,12862,55,25,7,32,0
2020-10-09,Tulare,107,460477,17096,16644,217,16861,286
2020-10-09,Tuolumne,109,53932,244,230,4,234,4
2020-10-09,Ventura,111,848112,14150,13469,275,13744,151
2020-10-09,Yolo,113,214977,3020,2928,6,2934,55
2020-10-09,Yuba,115,75493,1157,1129,5,1134,10
2020-10-08,Alameda,001,1643700,22447,21826,207,22033,395
2020-10-08,Alpine,003,1148,4,3,0,3,0
2020-10-08,Amador,005,37829,305,302,0,302,16
2020-10-08,Butte,007,227075,3060,2935,25,2960,51
2020-10-08,Calaveras,009,45235,316,262,0,262,11
2020-10-08,Colusa,011,21464,540,539,1,540,6
2020-10-08,Contra Costa,013,1133247,18002,17418,88,17506,228
2020-10-08,Del Norte,015,27424,165,151,0,151,2
2020-10-08,El Dorado,017,186661,1292,1230,2,1232,4
2020-10-08,Fresno,019,978130,31953,29111,399,29510,416
2020-10-08,Glenn,021,27897,630,616,0,616,3
2020-10-08,Humboldt,023,135768,528,515,1,516,7
2020-10-08,Imperial,025,180216,12260,11405,10,11415,330
2020-10-08,Inyo,027,18085,204,199,7,206,14
2020-10-08,Kern,029,883053,32919,32169,359,32528,411
2020-10-08,Kings,031,150075,8261,7968,48,8016,80
2020-10-08,Lake,033,64148,651,604,0,604,11
2020-10-08,Lassen,035,31185,755,751,2,753,0
2020-10-08,Los Angeles,037,10098052,282871,276763,2301,279064,6699
2020-10-08,Madera,039,155013,4795,4637,32,4669,50
2020-10-08,Marin,041,260295,6940,6810,18,6828,96
2020-10-08,Mariposa,043,17540,77,76,0,76,2
2020-10-08,Mendocino,045,87422,988,930,2,932,20
2020-10-08,Merced,047,269075,9222,9069,26,9095,144
2020-10-08,Modoc,049,8938,29,27,0,27,0
2020-10-08,Mono,051,14174,174,153,4,157,1
2020-10-08,Monterey,053,433212,10618,10343,47,10390,75
2020-10-08,Napa,055,140530,1850,1779,8,1787,11
2020-10-08,Nevada,057,99092,579,556,17,573,6
2020-10-08,Orange,059,3164182,57725,54523,1602,56125,1293
2020-10-08,Placer,061,380077,3882,3715,14,3729,48
2020-10-08,Plumas,063,18699,52,50,0,50,0
2020-10-08,Riverside,065,2383286,62927,61105,224,61329,1244
2020-10-08,Sacramento,067,1510023,23926,23482,23,23505,454
2020-10-08,San Benito,069,59416,1371,1367,0,1367,13
2020-10-08,San Bernardino,071,2135413,58453,56152,372,56524,1048
2020-10-08,San Diego,073,3302833,51590,49468,1210,50678,819
2020-10-08,San Francisco,075,870044,11737,11608,38,11646,115
2020-10-08,San Joaquin,077,732212,20960,20576,87,20663,478
2020-10-08,San Luis Obispo,079,281455,4019,3785,19,3804,32
2020-10-08,San Mateo,081,765935,10746,10044,9,10053,130
2020-10-08,Santa Barbara,083,443738,10252,9374,82,9456,116
2020-10-08,Santa Clara,085,1922200,23420,22095,41,22136,323
2020-10-08,Santa Cruz,087,273765,2629,2535,36,2571,13
2020-10-08,Shasta,089,179085,1729,1305,17,1322,20
2020-10-08,Sierra,091,2930,6,6,0,6,0
2020-10-08,Siskiyou,093,43540,170,156,10,166,0
2020-10-08,Solano,095,438530,6802,6556,41,6597,53
2020-10-08,Sonoma,097,501317,8597,8063,22,8085,132
2020-10-08,Stanislaus,099,539301,17044,16821,615,17436,360
2020-10-08,Sutter,101,95872,1757,1725,1,1726,12
2020-10-08,Tehama,103,63373,714,676,2,678,3
2020-10-08,Trinity,105,12862,54,25,7,32,0
2020-10-08,Tulare,107,460477,17035,16573,208,16781,283
2020-10-08,Tuolumne,109,53932,243,230,4,234,4
2020-10-08,Ventura,111,848112,14103,13399,272,13671,151
2020-10-08,Yolo,113,214977,3003,2914,6,2920,55
2020-10-08,Yuba,115,75493,1152,1126,5,1131,10
2020-10-07,Alameda,001,1643700,22370,21736,207,21943,395
2020-10-07,Alpine,003,1148,4,3,0,3,0
2020-10-07,Amador,005,37829,305,302,0,302,16
2020-10-07,Butte,007,227075,3048,2927,25,2952,47
2020-10-07,Calaveras,009,45235,314,262,0,262,11
2020-10-07,Colusa,011,21464,539,539,0,539,6
2020-10-07,Contra Costa,013,1133247,17931,17346,87,17433,225
2020-10-07,Del Norte,015,27424,164,149,0,149,2
2020-10-07,El Dorado,017,186661,1284,1219,2,1221,4
2020-10-07,Fresno,019,978130,31832,29069,394,29463,413
2020-10-07,Glenn,021,27897,630,615,0,615,3
2020-10-07,Humboldt,023,135768,525,512,1,513,7
2020-10-07,Imperial,025,180216,12223,11289,10,11299,330
2020-10-07,Inyo,027,18085,204,199,7,206,14
2020-10-07,Kern,029,883053,32846,32068,358,32426,410
2020-10-07,Kings,031,150075,8246,7948,48,7996,80
2020-10-07,Lake,033,64148,650,599,0,599,11
2020-10-07,Lassen,035,31185,755,751,2,753,0
2020-10-07,Los Angeles,037,10098052,281693,275559,2266,277825,6681
2020-10-07,Madera,039,155013,4775,4618,32,4650,50
2020-10-07,Marin,041,260295,6913,6790,18,6808,95
2020-10-07,Mariposa,043,17540,77,75,0,75,2
2020-10-07,Mendocino,045,87422,982,927,2,929,19
2020-10-07,Merced,047,269075,9185,9045,25,9070,144
2020-10-07,Modoc,049,8938,29,27,0,27,0
2020-10-07,Mono,051,14174,173,153,3,156,1
2020-10-07,Monterey,053,433212,10559,10272,47,10319,75
2020-10-07,Napa,055,140530,1837,1774,8,1782,11
2020-10-07,Nevada,057,99092,575,552,17,569,6
2020-10-07,Orange,059,3164182,57506,54332,1592,55924,1277
2020-10-07,Placer,061,380077,3866,3693,14,3707,48
2020-10-07,Plumas,063,18699,52,50,0,50,0
2020-10-07,Riverside,065,2383286,62579,60857,220,61077,1241
2020-10-07,Sacramento,067,1510023,23829,23380,23,23403,452
2020-10-07,San Benito,069,59416,1368,1363,0,1363,13
2020-10-07,San Bernardino,071,2135413,58105,55738,371,56109,1043
2020-10-07,San Diego,073,3302833,51274,49177,1186,50363,813
2020-10-07,San Francisco,075,870044,11702,11551,38,11589,115
2020-10-07,San Joaquin,077,732212,20907,20527,80,20607,478
2020-10-07,San Luis Obispo,079,281455,3989,3749,19,3768,32
2020-10-07,San Mateo,081,765935,10704,9980,9,9989,130
2020-10-07,Santa Barbara,083,443738,10224,9350,81,9431,116
2020-10-07,Santa Clara,085,1922200,23292,21993,41,22034,320
2020-10-07,Santa Cruz,087,273765,2617,2518,36,2554,14
2020-10-07,Shasta,089,179085,1686,1268,17,1285,20
2020-10-07,Sierra,091,2930,6,6,0,6,0
2020-10-07,Siskiyou,093,43540,168,154,10,164,0
2020-10-07,Solano,095,438530,6767,6526,41,6567,53
2020-10-07,Sonoma,097,501317,8521,7993,21,8014,130
2020-10-07,Stanislaus,099,539301,17009,16786,609,17395,357
2020-10-07,Sutter,101,95872,1753,1723,1,1724,12
2020-10-07,Tehama,103,63373,705,666,2,668,3
2020-10-07,Trinity,105,12862,52,25,7,32,0
2020-10-07,Tulare,107,460477,16993,16483,199,16682,282
2020-10-07,Tuolumne,109,53932,243,227,4,231,3
2020-10-07,Ventura,111,848112,14053,13333,266,13599,150
2020-10-07,Yolo,113,214977,2977,2904,6,2910,55
2020-10-07,Yuba,115,75493,1146,1120,5,1125,10
2020-10-06,Alameda,001,1643700,22279,21698,205,21903,385
2020-10-06,Alpine,003,1148,4,3,0,3,0
2020-10-06,Amador,005,37829,303,301,0,301,16
2020-10-06,Butte,007,227075,3041,2925,25,2950,47
2020-10-06,Calaveras,009,45235,314,261,0,261,11
2020-10-06,Colusa,011,21464,538,538,0,538,6
2020-10-06,Contra Costa,013,1133247,17852,17295,87,17382,219
2020-10-06,Del Norte,015,27424,164,144,0,144,2
2020-10-06,El Dorado,017,186661,1280,1211,2,1213,4
2020-10-06,Fresno,019,978130,31689,29022,391,29413,412
2020-10-06,Glenn,021,27897,627,604,0,604,3
2020-10-06,Humboldt,023,135768,522,508,1,509,7
2020-10-06,Imperial,025,180216,12185,11196,9,11205,327
2020-10-06,Inyo,027,18085,202,198,7,205,14
2020-10-06,Kern,029,883053,32769,32006,356,32362,407
2020-10-06,Kings,031,150075,8230,7943,48,7991,81
2020-10-06,Lake,033,64148,644,596,0,596,11
2020-10-06,Lassen,035,31185,755,743,2,745,0
2020-10-06,Los Angeles,037,10098052,280456,274115,2217,276332,6657
2020-10-06,Madera,039,155013,4763,4608,32,4640,50
2020-10-06,Marin,041,260295,6899,6766,18,6784,91
2020-10-06,Mariposa,043,17540,77,75,0,75,2
2020-10-06,Mendocino,045,87422,975,920,2,922,19
2020-10-06,Merced,047,269075,9149,9034,24,9058,143
2020-10-06,Modoc,049,8938,29,26,0,26,0
2020-10-06,Mono,051,14174,173,153,3,156,1
2020-10-06,Monterey,053,433212,10503,10235,45,10280,72
2020-10-06,Napa,055,140530,1831,1770,8,1778,11
2020-10-06,Nevada,057,99092,573,551,17,568,6
2020-10-06,Orange,059,3164182,57291,54203,1583,55786,1273
2020-10-06,Placer,061,380077,3844,3680,14,3694,48
2020-10-06,Plumas,063,18699,52,49,0,49,0
2020-10-06,Riverside,065,2383286,62315,60593,217,60810,1238
2020-10-06,Sacramento,067,1510023,23742,23322,23,23345,442
2020-10-06,San Benito,069,59416,1367,1358,0,1358,12
2020-10-06,San Bernardino,071,2135413,57790,55416,367,55783,1040
2020-10-06,San Diego,073,3302833,50937,48823,1169,49992,806
2020-10-06,San Francisco,075,870044,11676,11513,37,11550,115
2020-10-06,San Joaquin,077,732212,20867,20481,77,20558,477
2020-10-06,San Luis Obispo,079,281455,3954,3723,19,3742,32
2020-10-06,San Mateo,081,765935,10671,9934,9,9943,129
2020-10-06,Santa Barbara,083,443738,10195,9331,80,9411,116
2020-10-06,Santa Clara,085,1922200,23197,21914,41,21955,320
2020-10-06,Santa Cruz,087,273765,2595,2510,36,2546,12
2020-10-06,Shasta,089,179085,1646,1242,17,1259,18
2020-10-06,Sierra,091,2930,6,6,0,6,0
2020-10-06,Siskiyou,093,43540,168,154,10,164,0
2020-10-06,Solano,095,438530,6721,6506,41,6547,52
2020-10-06,Sonoma,097,501317,8429,7895,21,7916,130
2020-10-06,Stanislaus,099,539301,16964,16759,603,17362,354
2020-10-06,Sutter,101,95872,1751,1722,1,1723,12
2020-10-06,Tehama,103,63373,696,660,2,662,3
2020-10-06,Trinity,105,12862,52,25,7,32,0
2020-10-06,Tulare,107,460477,16951,16456,191,16647,280
2020-10-06,Tuolumne,109,53932,242,227,4,231,2
2020-10-06,Ventura,111,848112,13986,13242,261,13503,150
2020-10-06,Yolo,113,214977,2963,2899,6,2905,56
2020-10-06,Yuba,115,75493,1145,1114,5,1119,10
2020-10-05,Alameda,001,1643700,22191,21637,202,21839,383
2020-10-05,Alpine,003,1148,4,2,0,2,0
2020-10-05,Amador,005,37829,303,299,0,299,16
2020-10-05,Butte,007,227075,3031,2910,25,2935,46
2020-10-05,Calaveras,009,45235,314,259,0,259,11
2020-10-05,Colusa,011,21464,538,537,0,537,6
2020-10-05,Contra Costa,013,1133247,17775,17250,87,17337,216
2020-10-05,Del Norte,015,27424,161,142,0,142,2
2020-10-05,El Dorado,017,186661,1276,1202,2,1204,4
2020-10-05,Fresno,019,978130,31572,29136,391,29527,408
2020-10-05,Glenn,021,27897,625,603,0,603,3
2020-10-05,Humboldt,023,135768,521,506,1,507,6
2020-10-05,Imperial,025,180216,12146,11169,9,11178,327
2020-10-05,Inyo,027,18085,202,197,7,204,14
2020-10-05,Kern,029,883053,32689,31933,352,32285,404
2020-10-05,Kings,031,150075,8133,7932,48,7980,80
2020-10-05,Lake,033,64148,640,592,0,592,10
2020-10-05,Lassen,035,31185,754,743,2,745,0
2020-10-05,Los Angeles,037,10098052,279372,273200,2174,275374,6632
2020-10-05,Madera,039,155013,4755,4598,30,4628,50
2020-10-05,Marin,041,260295,6882,6751,18,6769,91
2020-10-05,Mariposa,043,17540,77,75,0,75,2
2020-10-05,Mendocino,045,87422,967,913,2,915,19
2020-10-05,Merced,047,269075,9130,9021,23,9044,143
2020-10-05,Modoc,049,8938,29,26,0,26,0
2020-10-05,Mono,051,14174,173,152,3,155,1
2020-10-05,Monterey,053,433212,10456,10187,45,10232,72
2020-10-05,Napa,055,140530,1821,1760,8,1768,11
2020-10-05,Nevada,057,99092,570,550,16,566,6
2020-10-05,Orange,059,3164182,57076,54103,1570,55673,1271
2020-10-05,Placer,061,380077,3818,3670,14,3684,46
2020-10-05,Plumas,063,18699,51,49,0,49,0
2020-10-05,Riverside,065,2383286,61996,60454,213,60667,1232
2020-10-05,Sacramento,067,1510023,23638,23207,23,23230,438
2020-10-05,San Benito,069,59416,1364,1356,0,1356,12
2020-10-05,San Bernardino,071,2135413,57482,55100,366,55466,1031
2020-10-05,San Diego,073,3302833,50601,48662,1145,49807,803
2020-10-05,San Francisco,075,870044,11637,11476,34,11510,110
2020-10-05,San Joaquin,077,732212,20796,20319,74,20393,476
2020-10-05,San Luis Obispo,079,281455,3927,3710,19,3729,32
2020-10-05,San Mateo,081,765935,10644,9896,9,9905,128
2020-10-05,Santa Barbara,083,443738,10173,9309,80,9389,116
2020-10-05,Santa Clara,085,1922200,23080,21861,41,21902,319
2020-10-05,Santa Cruz,087,273765,2583,2492,36,2528,9
2020-10-05,Shasta,089,179085,1613,1158,17,1175,18
2020-10-05,Sierra,091,2930,6,6,0,6,0
2020-10-05,Siskiyou,093,43540,168,153,10,163,0
2020-10-05,Solano,095,438530,6682,6475,41,6516,52
2020-10-05,Sonoma,097,501317,8337,7817,21,7838,130
2020-10-05,Stanislaus,099,539301,16929,16730,596,17326,351
2020-10-05,Sutter,101,95872,1743,1719,1,1720,12
2020-10-05,Tehama,103,63373,688,642,2,644,3
2020-10-05,Trinity,105,12862,51,22,7,29,0
2020-10-05,Tulare,107,460477,16893,16343,187,16530,278
2020-10-05,Tuolumne,109,53932,239,226,4,230,2
2020-10-05,Ventura,111,848112,13917,13224,241,13465,149
2020-10-05,Yolo,113,214977,2944,2889,6,2895,56
2020-10-05,Yuba,115,75493,1132,1108,5,1113,9
2020-10-04,Alameda,001,1643700,22095,21597,202,21799,383
2020-10-04,Alpine,003,1148,4,2,0,2,0
2020-10-04,Amador,005,37829,301,297,0,297,16
2020-10-04,Butte,007,227075,3017,2903,25,2928,46
2020-10-04,Calaveras,009,45235,314,259,0,259,11
2020-10-04,Colusa,011,21464,537,537,0,537,6
2020-10-04,Contra Costa,013,1133247,17710,17192,87,17279,214
2020-10-04,Del Norte,015,27424,157,142,0,142,2
2020-10-04,El Dorado,017,186661,1272,1196,2,1198,4
2020-10-04,Fresno,019,978130,31449,29065,391,29456,408
2020-10-04,Glenn,021,27897,623,601,0,601,3
2020-10-04,Humboldt,023,135768,520,506,1,507,6
2020-10-04,Imperial,025,180216,12106,11127,9,11136,327
2020-10-04,Inyo,027,18085,199,195,7,202,14
2020-10-04,Kern,029,883053,32615,31906,350,32256,404
2020-10-04,Kings,031,150075,8118,7919,48,7967,80
2020-10-04,Lake,033,64148,626,589,0,589,10
2020-10-04,Lassen,035,31185,754,743,2,745,0
2020-10-04,Los Angeles,037,10098052,277983,272822,2128,274950,6625
2020-10-04,Madera,039,155013,4739,4587,30,4617,50
2020-10-04,Marin,041,260295,6862,6741,18,6759,91
2020-10-04,Mariposa,043,17540,77,75,0,75,2
2020-10-04,Mendocino,045,87422,954,905,2,907,18
2020-10-04,Merced,047,269075,9105,9006,23,9029,140
2020-10-04,Modoc,049,8938,29,26,0,26,0
2020-10-04,Mono,051,14174,172,152,2,154,1
2020-10-04,Monterey,053,433212,10415,10141,44,10185,72
2020-10-04,Napa,055,140530,1809,1759,8,1767,11
2020-10-04,Nevada,057,99092,566,547,15,562,6
2020-10-04,Orange,059,3164182,56840,53966,1561,55527,1270
2020-10-04,Placer,061,380077,3797,3664,14,3678,46
2020-10-04,Plumas,063,18699,51,49,0,49,0
2020-10-04,Riverside,065,2383286,61710,60251,209,60460,1226
2020-10-04,Sacramento,067,1510023,23525,23162,23,23185,438
2020-10-04,San Benito,069,59416,1364,1355,0,1355,12
2020-10-04,San Bernardino,071,2135413,57036,55100,364,55464,1031
2020-10-04,San Diego,073,3302833,50234,48438,1120,49558,803
2020-10-04,San Francisco,075,870044,11605,11474,32,11506,110
2020-10-04,San Joaquin,077,732212,20719,20320,68,20388,476
2020-10-04,San Luis Obispo,079,281455,3902,3688,19,3707,31
2020-10-04,San Mateo,081,765935,10583,9858,9,9867,128
2020-10-04,Santa Barbara,083,443738,10147,9276,78,9354,116
2020-10-04,Santa Clara,085,1922200,22944,21780,41,21821,316
2020-10-04,Santa Cruz,087,273765,2567,2483,36,2519,9
2020-10-04,Shasta,089,179085,1515,1158,16,1174,18
2020-10-04,Sierra,091,2930,6,6,0,6,0
2020-10-04,Siskiyou,093,43540,168,153,10,163,0
2020-10-04,Solano,095,438530,6631,6445,41,6486,52
2020-10-04,Sonoma,097,501317,8249,7794,21,7815,129
2020-10-04,Stanislaus,099,539301,16879,16711,587,17298,351
2020-10-04,Sutter,101,95872,1739,1711,1,1712,11
2020-10-04,Tehama,103,63373,673,637,2,639,3
2020-10-04,Trinity,105,12862,50,21,7,28,0
2020-10-04,Tulare,107,460477,16818,16343,174,16517,278
2020-10-04,Tuolumne,109,53932,237,226,4,230,2
2020-10-04,Ventura,111,848112,13835,13197,224,13421,149
2020-10-04,Yolo,113,214977,2933,2875,6,2881,56
2020-10-04,Yuba,115,75493,1128,1103,5,1108,9
2020-10-03,Alameda,001,1643700,22049,21510,201,21711,386
2020-10-03,Alpine,003,1148,4,2,0,2,0
2020-10-03,Amador,005,37829,300,296,0,296,16
2020-10-03,Butte,007,227075,3011,2894,25,2919,46
2020-10-03,Calaveras,009,45235,314,259,0,259,11
2020-10-03,Colusa,011,21464,536,537,0,537,6
2020-10-03,Contra Costa,013,1133247,17660,17087,85,17172,213
2020-10-03,Del Norte,015,27424,153,142,0,142,2
2020-10-03,El Dorado,017,186661,1265,1188,2,1190,4
2020-10-03,Fresno,019,978130,31389,28975,390,29365,408
2020-10-03,Glenn,021,27897,621,601,0,601,3
2020-10-03,Humboldt,023,135768,519,504,1,505,6
2020-10-03,Imperial,025,180216,12083,11090,9,11099,327
2020-10-03,Inyo,027,18085,199,194,7,201,14
2020-10-03,Kern,029,883053,32564,31864,347,32211,403
2020-10-03,Kings,031,150075,8114,7887,48,7935,80
2020-10-03,Lake,033,64148,616,588,0,588,10
2020-10-03,Lassen,035,31185,754,743,2,745,0
2020-10-03,Los Angeles,037,10098052,277277,271869,2099,273968,6620
2020-10-03,Madera,039,155013,4722,4565,30,4595,50
2020-10-03,Marin,041,260295,6856,6728,18,6746,91
2020-10-03,Mariposa,043,17540,77,75,0,75,2
2020-10-03,Mendocino,045,87422,952,898,2,900,18
2020-10-03,Merced,047,269075,9092,8986,23,9009,139
2020-10-03,Modoc,049,8938,29,26,0,26,0
2020-10-03,Mono,051,14174,171,152,2,154,1
2020-10-03,Monterey,053,433212,10381,10092,41,10133,72
2020-10-03,Napa,055,140530,1805,1752,8,1760,11
2020-10-03,Nevada,057,99092,564,544,15,559,6
2020-10-03,Orange,059,3164182,56723,53573,1556,55129,1268
2020-10-03,Placer,061,380077,3786,3648,14,3662,47
2020-10-03,Plumas,063,18699,51,48,0,48,0
2020-10-03,Riverside,065,2383286,61556,59991,208,60199,1226
2020-10-03,Sacramento,067,1510023,23474,23076,23,23099,437
2020-10-03,San Benito,069,59416,1364,1351,0,1351,12
2020-10-03,San Bernardino,071,2135413,56863,55004,361,55365,1031
2020-10-03,San Diego,073,3302833,50003,48202,1103,49305,798
2020-10-03,San Francisco,075,870044,11580,11475,30,11505,110
2020-10-03,San Joaquin,077,732212,20693,20322,68,20390,476
2020-10-03,San Luis Obispo,079,281455,3878,3670,19,3689,31
2020-10-03,San Mateo,081,765935,10557,9822,8,9830,128
2020-10-03,Santa Barbara,083,443738,10134,9256,78,9334,116
2020-10-03,Santa Clara,085,1922200,22864,21672,41,21713,309
2020-10-03,Santa Cruz,087,273765,2559,2476,36,2512,9
2020-10-03,Shasta,089,179085,1487,1117,15,1132,18
2020-10-03,Sierra,091,2930,6,6,0,6,0
2020-10-03,Siskiyou,093,43540,168,152,10,162,0
2020-10-03,Solano,095,438530,6605,6419,41,6460,52
2020-10-03,Sonoma,097,501317,8206,7747,21,7768,129
2020-10-03,Stanislaus,099,539301,16846,16645,583,17228,351
2020-10-03,Sutter,101,95872,1735,1705,1,1706,11
2020-10-03,Tehama,103,63373,667,630,2,632,3
2020-10-03,Trinity,105,12862,50,15,7,22,0
2020-10-03,Tulare,107,460477,16775,16322,170,16492,278
2020-10-03,Tuolumne,109,53932,236,224,4,228,2
2020-10-03,Ventura,111,848112,13796,13150,220,13370,148
2020-10-03,Yolo,113,214977,2926,2863,6,2869,56
2020-10-03,Yuba,115,75493,1120,1097,5,1102,8
2020-10-02,Alameda,001,1643700,21994,21404,200,21604,382
2020-10-02,Alpine,003,1148,4,2,0,2,0
2020-10-02,Amador,005,37829,299,296,0,296,16
2020-10-02,Butte,007,227075,3001,2879,25,2904,46
2020-10-02,Calaveras,009,45235,313,259,0,259,11
2020-10-02,Colusa,011,21464,535,537,0,537,6
2020-10-02,Contra Costa,013,1133247,17617,17002,84,17086,213
2020-10-02,Del Norte,015,27424,152,141,0,141,2
2020-10-02,El Dorado,017,186661,1258,1168,2,1170,4
2020-10-02,Fresno,019,978130,31306,28855,390,29245,403
2020-10-02,Glenn,021,27897,616,594,0,594,3
2020-10-02,Humboldt,023,135768,518,503,1,504,6
2020-10-02,Imperial,025,180216,12061,11024,9,11033,327
2020-10-02,Inyo,027,18085,197,191,7,198,14
2020-10-02,Kern,029,883053,32512,31790,345,32135,399
2020-10-02,Kings,031,150075,8105,7716,48,7764,79
2020-10-02,Lake,033,64148,610,579,0,579,10
2020-10-02,Lassen,035,31185,754,742,2,744,0
2020-10-02,Los Angeles,037,10098052,276376,270935,2071,273006,6602
2020-10-02,Madera,039,155013,4713,4537,30,4567,49
2020-10-02,Marin,041,260295,6839,6717,18,6735,91
2020-10-02,Mariposa,043,17540,77,75,0,75,2
2020-10-02,Mendocino,045,87422,948,883,2,885,18
2020-10-02,Merced,047,269075,9082,8961,23,8984,139
2020-10-02,Modoc,049,8938,29,26,0,26,0
2020-10-02,Mono,051,14174,171,150,2,152,1
2020-10-02,Monterey,053,433212,10347,9997,41,10038,71
2020-10-02,Napa,055,140530,1799,1737,8,1745,11
2020-10-02,Nevada,057,99092,561,543,15,558,6
2020-10-02,Orange,059,3164182,56592,53299,1549,54848,1262
2020-10-02,Placer,061,380077,3766,3612,14,3626,46
2020-10-02,Plumas,063,18699,51,48,0,48,0
2020-10-02,Riverside,065,2383286,61335,59673,205,59878,1223
2020-10-02,Sacramento,067,1510023,23409,22818,23,22841,436
2020-10-02,San Benito,069,59416,1360,1347,0,1347,12
2020-10-02,San Bernardino,071,2135413,56676,54613,361,54974,1028
2020-10-02,San Diego,073,3302833,49750,47793,1088,48881,794
2020-10-02,San Francisco,075,870044,11557,11398,30,11428,110
2020-10-02,San Joaquin,077,732212,20659,20235,67,20302,474
2020-10-02,San Luis Obispo,079,281455,3855,3654,19,3673,31
2020-10-02,San Mateo,081,765935,10516,9745,8,9753,128
2020-10-02,Santa Barbara,083,443738,10112,9234,78,9312,116
2020-10-02,Santa Clara,085,1922200,22780,21545,40,21585,305
2020-10-02,Santa Cruz,087,273765,2542,2463,36,2499,9
2020-10-02,Shasta,089,179085,1452,1046,15,1061,18
2020-10-02,Sierra,091,2930,6,6,0,6,0
2020-10-02,Siskiyou,093,43540,168,151,10,161,0
2020-10-02,Solano,095,438530,6575,6385,41,6426,52
2020-10-02,Sonoma,097,501317,8149,7662,21,7683,125
2020-10-02,Stanislaus,099,539301,16805,16609,574,17183,349
2020-10-02,Sutter,101,95872,1734,1693,1,1694,11
2020-10-02,Tehama,103,63373,662,619,2,621,3
2020-10-02,Trinity,105,12862,50,15,7,22,0
2020-10-02,Tulare,107,460477,16735,16245,163,16408,278
2020-10-02,Tuolumne,109,53932,234,225,4,229,2
2020-10-02,Ventura,111,848112,13757,13120,216,13336,146
2020-10-02,Yolo,113,214977,2921,2845,6,2851,55
2020-10-02,Yuba,115,75493,1118,1090,5,1095,8
2020-10-01,Alameda,001,1643700,21933,21349,196,21545,383
2020-10-01,Alpine,003,1148,4,2,0,2,0
2020-10-01,Amador,005,37829,299,294,0,294,16
2020-10-01,Butte,007,227075,2993,2865,25,2890,45
2020-10-01,Calaveras,009,45235,313,257,0,257,11
2020-10-01,Colusa,011,21464,535,536,0,536,6
2020-10-01,Contra Costa,013,1133247,17555,16898,84,16982,211
2020-10-01,Del Norte,015,27424,147,140,0,140,2
2020-10-01,El Dorado,017,186661,1254,1162,1,1163,4
2020-10-01,Fresno,019,978130,31226,28796,388,29184,397
2020-10-01,Glenn,021,27897,612,593,0,593,3
2020-10-01,Humboldt,023,135768,518,499,1,500,6
2020-10-01,Imperial,025,180216,12018,10928,9,10937,325
2020-10-01,Inyo,027,18085,197,191,7,198,14
2020-10-01,Kern,029,883053,32449,31678,340,32018,399
2020-10-01,Kings,031,150075,8094,7688,45,7733,79
2020-10-01,Lake,033,64148,604,572,0,572,11
2020-10-01,Lassen,035,31185,751,742,2,744,0
2020-10-01,Los Angeles,037,10098052,275332,271513,2037,273550,6621
2020-10-01,Madera,039,155013,4690,4508,30,4538,48
2020-10-01,Marin,041,260295,6825,6710,18,6728,92
2020-10-01,Mariposa,043,17540,77,76,0,76,2
2020-10-01,Mendocino,045,87422,943,874,2,876,19
2020-10-01,Merced,047,269075,9054,8942,23,8965,138
2020-10-01,Modoc,049,8938,29,26,0,26,0
2020-10-01,Mono,051,14174,169,150,2,152,1
2020-10-01,Monterey,053,433212,10271,9958,41,9999,71
2020-10-01,Napa,055,140530,1791,1729,8,1737,11
2020-10-01,Nevada,057,99092,560,543,15,558,6
2020-10-01,Orange,059,3164182,56426,53088,1536,54624,1257
2020-10-01,Placer,061,380077,3739,3599,14,3613,45
2020-10-01,Plumas,063,18699,51,48,0,48,0
2020-10-01,Riverside,065,2383286,61083,59293,199,59492,1223
2020-10-01,Sacramento,067,1510023,23297,22714,22,22736,433
2020-10-01,San Benito,069,59416,1358,1346,0,1346,12
2020-10-01,San Bernardino,071,2135413,56382,54350,358,54708,1021
2020-10-01,San Diego,073,3302833,49468,47487,1068,48555,792
2020-10-01,San Francisco,075,870044,11526,11284,28,11312,110
2020-10-01,San Joaquin,077,732212,20611,20204,64,20268,471
2020-10-01,San Luis Obispo,079,281455,3828,3625,19,3644,31
2020-10-01,San Mateo,081,765935,10471,9681,8,9689,128
2020-10-01,Santa Barbara,083,443738,10070,9215,78,9293,118
2020-10-01,Santa Clara,085,1922200,22679,21398,40,21438,305
2020-10-01,Santa Cruz,087,273765,2527,2418,36,2454,10
2020-10-01,Shasta,089,179085,1401,991,15,1006,18
2020-10-01,Sierra,091,2930,6,6,0,6,0
2020-10-01,Siskiyou,093,43540,165,150,10,160,0
2020-10-01,Solano,095,438530,6537,6352,41,6393,52
2020-10-01,Sonoma,097,501317,8082,7569,21,7590,125
2020-10-01,Stanislaus,099,539301,16772,16555,568,17123,346
2020-10-01,Sutter,101,95872,1729,1684,1,1685,11
2020-10-01,Tehama,103,63373,652,606,2,608,3
2020-10-01,Trinity,105,12862,50,15,7,22,0
2020-10-01,Tulare,107,460477,16661,16182,160,16342,275
2020-10-01,Tuolumne,109,53932,234,223,4,227,2
2020-10-01,Ventura,111,848112,13705,13057,202,13259,146
2020-10-01,Yolo,113,214977,2903,2833,6,2839,55
2020-10-01,Yuba,115,75493,1114,1082,5,1087,8
2020-09-30,Alameda,001,1643700,21854,21271,193,21464,380
2020-09-30,Alpine,003,1148,4,2,0,2,0
2020-09-30,Amador,005,37829,299,294,0,294,16
2020-09-30,Butte,007,227075,2985,2858,25,2883,44
2020-09-30,Calaveras,009,45235,312,258,0,258,11
2020-09-30,Colusa,011,21464,534,534,0,534,6
2020-09-30,Contra Costa,013,1133247,17486,16819,84,16903,211
2020-09-30,Del Norte,015,27424,146,140,0,140,2
2020-09-30,El Dorado,017,186661,1242,1157,1,1158,4
2020-09-30,Fresno,019,978130,31135,28706,385,29091,395
2020-09-30,Glenn,021,27897,607,592,0,592,3
2020-09-30,Humboldt,023,135768,516,497,1,498,6
2020-09-30,Imperial,025,180216,11993,10868,9,10877,287
2020-09-30,Inyo,027,18085,196,189,7,196,14
2020-09-30,Kern,029,883053,32374,31601,339,31940,398
2020-09-30,Kings,031,150075,8065,7685,45,7730,79
2020-09-30,Lake,033,64148,598,567,0,567,10
2020-09-30,Lassen,035,31185,748,742,2,744,0
2020-09-30,Los Angeles,037,10098052,274093,270260,2004,272264,6568
2020-09-30,Madera,039,155013,4681,4477,30,4507,47
2020-09-30,Marin,041,260295,6801,6700,17,6717,91
2020-09-30,Mariposa,043,17540,77,76,0,76,2
2020-09-30,Mendocino,045,87422,937,867,2,869,17
2020-09-30,Merced,047,269075,9034,8926,23,8949,136
2020-09-30,Modoc,049,8938,29,26,0,26,0
2020-09-30,Mono,051,14174,169,150,2,152,1
2020-09-30,Monterey,053,433212,10221,9898,40,9938,70
2020-09-30,Napa,055,140530,1777,1728,8,1736,11
2020-09-30,Nevada,057,99092,558,540,15,555,6
2020-09-30,Orange,059,3164182,56234,52916,1520,54436,1251
2020-09-30,Placer,061,380077,3718,3585,14,3599,43
2020-09-30,Plumas,063,18699,51,48,0,48,0
2020-09-30,Riverside,065,2383286,60728,59074,195,59269,1220
2020-09-30,Sacramento,067,1510023,23193,22613,22,22635,429
2020-09-30,San Benito,069,59416,1355,1342,0,1342,12
2020-09-30,San Bernardino,071,2135413,56104,53988,356,54344,1018
2020-09-30,San Diego,073,3302833,49164,47182,1047,48229,783
2020-09-30,San Francisco,075,870044,11496,11247,28,11275,106
2020-09-30,San Joaquin,077,732212,20528,20150,62,20212,461
2020-09-30,San Luis Obispo,079,281455,3803,3597,19,3616,31
2020-09-30,San Mateo,081,765935,10429,9634,8,9642,128
2020-09-30,Santa Barbara,083,443738,10045,9186,78,9264,115
2020-09-30,Santa Clara,085,1922200,22574,21318,40,21358,302
2020-09-30,Santa Cruz,087,273765,2514,2405,36,2441,10
2020-09-30,Shasta,089,179085,1345,976,14,990,17
2020-09-30,Sierra,091,2930,6,6,0,6,0
2020-09-30,Siskiyou,093,43540,163,150,10,160,0
2020-09-30,Solano,095,438530,6495,6315,41,6356,51
2020-09-30,Sonoma,097,501317,7993,7494,21,7515,125
2020-09-30,Stanislaus,099,539301,16725,16531,562,17093,343
2020-09-30,Sutter,101,95872,1713,1680,1,1681,10
2020-09-30,Tehama,103,63373,646,594,2,596,3
2020-09-30,Trinity,105,12862,47,15,7,22,0
2020-09-30,Tulare,107,460477,16595,16117,153,16270,274
2020-09-30,Tuolumne,109,53932,232,224,4,228,2
2020-09-30,Ventura,111,848112,13670,12968,186,13154,145
2020-09-30,Yolo,113,214977,2890,2822,6,2828,55
2020-09-30,Yuba,115,75493,1111,1075,5,1080,8
2020-09-29,Alameda,001,1643700,21777,21241,189,21430,374
2020-09-29,Alpine,003,1148,4,2,0,2,0
2020-09-29,Amador,005,37829,297,294,0,294,16
2020-09-29,Butte,007,227075,2971,2848,25,2873,44
2020-09-29,Calaveras,009,45235,310,261,0,261,11
2020-09-29,Colusa,011,21464,534,534,0,534,6
2020-09-29,Contra Costa,013,1133247,17431,16716,82,16798,209
2020-09-29,Del Norte,015,27424,142,142,0,142,2
2020-09-29,El Dorado,017,186661,1233,1151,1,1152,4
2020-09-29,Fresno,019,978130,31040,28621,384,29005,394
2020-09-29,Glenn,021,27897,603,589,0,589,3
2020-09-29,Humboldt,023,135768,514,497,1,498,6
2020-09-29,Imperial,025,180216,11959,10811,9,10820,283
2020-09-29,Inyo,027,18085,195,188,7,195,14
2020-09-29,Kern,029,883053,32319,31534,338,31872,397
2020-09-29,Kings,031,150075,8009,7681,45,7726,78
2020-09-29,Lake,033,64148,596,566,0,566,11
2020-09-29,Lassen,035,31185,748,741,2,743,0
2020-09-29,Los Angeles,037,10098052,272873,269246,1975,271221,6545
2020-09-29,Madera,039,155013,4657,4453,30,4483,47
2020-09-29,Marin,041,260295,6780,6692,17,6709,91
2020-09-29,Mariposa,043,17540,77,74,0,74,2
2020-09-29,Mendocino,045,87422,927,854,2,856,17
2020-09-29,Merced,047,269075,9021,8892,21,8913,136
2020-09-29,Modoc,049,8938,29,26,0,26,0
2020-09-29,Mono,051,14174,169,149,2,151,1
2020-09-29,Monterey,053,433212,10166,9826,38,9864,70
2020-09-29,Napa,055,140530,1774,1727,8,1735,11
2020-09-29,Nevada,057,99092,553,539,15,554,6
2020-09-29,Orange,059,3164182,56047,52755,1509,54264,1231
2020-09-29,Placer,061,380077,3696,3570,14,3584,42
2020-09-29,Plumas,063,18699,51,48,0,48,0
2020-09-29,Riverside,065,2383286,60400,58863,186,59049,1208
2020-09-29,Sacramento,067,1510023,23072,22547,22,22569,425
2020-09-29,San Benito,069,59416,1350,1341,0,1341,12
2020-09-29,San Bernardino,071,2135413,55795,53753,355,54108,1012
2020-09-29,San Diego,073,3302833,48887,46987,1024,48011,781
2020-09-29,San Francisco,075,870044,11460,11142,28,11170,104
2020-09-29,San Joaquin,077,732212,20462,20094,60,20154,454
2020-09-29,San Luis Obispo,079,281455,3783,3581,19,3600,31
2020-09-29,San Mateo,081,765935,10382,9619,8,9627,127
2020-09-29,Santa Barbara,083,443738,10025,9149,77,9226,114
2020-09-29,Santa Clara,085,1922200,22439,21233,39,21272,302
2020-09-29,Santa Cruz,087,273765,2499,2383,35,2418,10
2020-09-29,Shasta,089,179085,1284,943,14,957,17
2020-09-29,Sierra,091,2930,6,6,0,6,0
2020-09-29,Siskiyou,093,43540,157,150,10,160,0
2020-09-29,Solano,095,438530,6461,6303,41,6344,51
2020-09-29,Sonoma,097,501317,7921,7426,21,7447,125
2020-09-29,Stanislaus,099,539301,16695,16505,556,17061,341
2020-09-29,Sutter,101,95872,1707,1677,1,1678,10
2020-09-29,Tehama,103,63373,628,585,2,587,2
2020-09-29,Trinity,105,12862,45,16,7,23,0
2020-09-29,Tulare,107,460477,16531,16055,145,16200,270
2020-09-29,Tuolumne,109,53932,232,224,4,228,2
2020-09-29,Ventura,111,848112,13613,12875,183,13058,145
2020-09-29,Yolo,113,214977,2877,2818,6,2824,55
2020-09-29,Yuba,115,75493,1109,1071,5,1076,8
2020-09-28,Alameda,001,1643700,21690,21133,189,21322,370
2020-09-28,Alpine,003,1148,4,2,0,2,0
2020-09-28,Amador,005,37829,295,294,0,294,16
2020-09-28,Butte,007,227075,2956,2837,25,2862,44
2020-09-28,Calaveras,009,45235,310,257,0,257,11
2020-09-28,Colusa,011,21464,533,531,0,531,6
2020-09-28,Contra Costa,013,1133247,17366,16653,82,16735,195
2020-09-28,Del Norte,015,27424,142,138,0,138,2
2020-09-28,El Dorado,017,186661,1226,1144,1,1145,4
2020-09-28,Fresno,019,978130,30958,28517,376,28893,389
2020-09-28,Glenn,021,27897,601,585,0,585,3
2020-09-28,Humboldt,023,135768,508,495,1,496,6
2020-09-28,Imperial,025,180216,11924,10777,9,10786,283
2020-09-28,Inyo,027,18085,194,188,7,195,14
2020-09-28,Kern,029,883053,32254,31481,334,31815,395
2020-09-28,Kings,031,150075,7868,7661,43,7704,78
2020-09-28,Lake,033,64148,592,559,0,559,10
2020-09-28,Lassen,035,31185,747,737,2,739,0
2020-09-28,Los Angeles,037,10098052,271759,268404,1945,270349,6508
2020-09-28,Madera,039,155013,4636,4438,30,4468,47
2020-09-28,Marin,041,260295,6764,6676,17,6693,91
2020-09-28,Mariposa,043,17540,77,74,0,74,2
2020-09-28,Mendocino,045,87422,912,850,2,852,17
2020-09-28,Merced,047,269075,8993,8869,21,8890,136
2020-09-28,Modoc,049,8938,29,26,0,26,0
2020-09-28,Mono,051,14174,169,148,2,150,1
2020-09-28,Monterey,053,433212,10102,9780,36,9816,69
2020-09-28,Napa,055,140530,1762,1705,8,1713,11
2020-09-28,Nevada,057,99092,545,538,15,553,6
2020-09-28,Orange,059,3164182,55842,52633,1500,54133,1196
2020-09-28,Placer,061,380077,3675,3572,14,3586,42
2020-09-28,Plumas,063,18699,50,48,0,48,0
2020-09-28,Riverside,065,2383286,60102,58570,177,58747,1198
2020-09-28,Sacramento,067,1510023,22925,22392,22,22414,423
2020-09-28,San Benito,069,59416,1347,1336,0,1336,11
2020-09-28,San Bernardino,071,2135413,55448,53501,355,53856,988
2020-09-28,San Diego,073,3302833,48569,46736,1004,47740,776
2020-09-28,San Francisco,075,870044,11426,11114,28,11142,100
2020-09-28,San Joaquin,077,732212,20413,19982,59,20041,448
2020-09-28,San Luis Obispo,079,281455,3762,3567,19,3586,31
2020-09-28,San Mateo,081,765935,10331,9582,8,9590,127
2020-09-28,Santa Barbara,083,443738,10007,9121,77,9198,114
2020-09-28,Santa Clara,085,1922200,22322,21180,39,21219,271
2020-09-28,Santa Cruz,087,273765,2489,2359,35,2394,9
2020-09-28,Shasta,089,179085,1230,883,11,894,17
2020-09-28,Sierra,091,2930,6,6,0,6,0
2020-09-28,Siskiyou,093,43540,157,149,10,159,0
2020-09-28,Solano,095,438530,6425,6254,41,6295,51
2020-09-28,Sonoma,097,501317,7845,7369,21,7390,125
2020-09-28,Stanislaus,099,539301,16655,16467,549,17016,336
2020-09-28,Sutter,101,95872,1700,1676,1,1677,10
2020-09-28,Tehama,103,63373,620,579,2,581,2
2020-09-28,Trinity,105,12862,45,16,7,23,0
2020-09-28,Tulare,107,460477,16478,15918,140,16058,270
2020-09-28,Tuolumne,109,53932,232,225,4,229,2
2020-09-28,Ventura,111,848112,13535,12812,176,12988,139
2020-09-28,Yolo,113,214977,2860,2809,6,2815,55
2020-09-28,Yuba,115,75493,1106,1062,5,1067,7
2020-09-27,Alameda,001,1643700,21610,21077,184,21261,370
2020-09-27,Alpine,003,1148,4,2,0,2,0
2020-09-27,Amador,005,37829,295,291,0,291,16
2020-09-27,Butte,007,227075,2944,2833,25,2858,44
2020-09-27,Calaveras,009,45235,309,257,0,257,11
2020-09-27,Colusa,011,21464,532,531,0,531,6
2020-09-27,Contra Costa,013,1133247,17264,16596,81,16677,195
2020-09-27,Del Norte,015,27424,142,138,0,138,2
2020-09-27,El Dorado,017,186661,1211,1130,1,1131,4
2020-09-27,Fresno,019,978130,30852,28441,376,28817,389
2020-09-27,Glenn,021,27897,597,576,0,576,3
2020-09-27,Humboldt,023,135768,506,492,1,493,6
2020-09-27,Imperial,025,180216,11890,10743,9,10752,283
2020-09-27,Inyo,027,18085,192,188,7,195,14
2020-09-27,Kern,029,883053,32135,31462,331,31793,395
2020-09-27,Kings,031,150075,7848,7641,43,7684,78
2020-09-27,Lake,033,64148,588,555,0,555,10
2020-09-27,Lassen,035,31185,747,737,2,739,0
2020-09-27,Los Angeles,037,10098052,270584,267754,1923,269677,6507
2020-09-27,Madera,039,155013,4607,4416,30,4446,47
2020-09-27,Marin,041,260295,6754,6663,17,6680,91
2020-09-27,Mariposa,043,17540,77,74,0,74,2
2020-09-27,Mendocino,045,87422,906,846,2,848,17
2020-09-27,Merced,047,269075,8959,8853,21,8874,136
2020-09-27,Modoc,049,8938,29,26,0,26,0
2020-09-27,Mono,051,14174,169,148,2,150,1
2020-09-27,Monterey,053,433212,10042,9724,35,9759,69
2020-09-27,Napa,055,140530,1757,1690,8,1698,11
2020-09-27,Nevada,057,99092,544,537,15,552,6
2020-09-27,Orange,059,3164182,55568,52458,1491,53949,1195
2020-09-27,Placer,061,380077,3662,3562,14,3576,42
2020-09-27,Plumas,063,18699,50,48,0,48,0
2020-09-27,Riverside,065,2383286,59806,58509,169,58678,1191
2020-09-27,Sacramento,067,1510023,22827,22356,22,22378,422
2020-09-27,San Benito,069,59416,1347,1331,0,1331,11
2020-09-27,San Bernardino,071,2135413,55012,53127,355,53482,988
2020-09-27,San Diego,073,3302833,48225,46612,987,47599,776
2020-09-27,San Francisco,075,870044,11374,11114,28,11142,100
2020-09-27,San Joaquin,077,732212,20353,19981,59,20040,448
2020-09-27,San Luis Obispo,079,281455,3741,3562,19,3581,31
2020-09-27,San Mateo,081,765935,10263,9566,8,9574,127
2020-09-27,Santa Barbara,083,443738,9986,9090,76,9166,114
2020-09-27,Santa Clara,085,1922200,22213,21091,39,21130,271
2020-09-27,Santa Cruz,087,273765,2467,2359,35,2394,9
2020-09-27,Shasta,089,179085,1187,883,10,893,17
2020-09-27,Sierra,091,2930,6,6,0,6,0
2020-09-27,Siskiyou,093,43540,156,149,10,159,0
2020-09-27,Solano,095,438530,6390,6211,41,6252,51
2020-09-27,Sonoma,097,501317,7764,7336,21,7357,124
2020-09-27,Stanislaus,099,539301,16605,16448,542,16990,336
2020-09-27,Sutter,101,95872,1693,1672,1,1673,10
2020-09-27,Tehama,103,63373,603,573,2,575,2
2020-09-27,Trinity,105,12862,45,16,7,23,0
2020-09-27,Tulare,107,460477,16401,15918,131,16049,270
2020-09-27,Tuolumne,109,53932,231,224,4,228,2
2020-09-27,Ventura,111,848112,13446,12775,167,12942,139
2020-09-27,Yolo,113,214977,2846,2796,6,2802,55
2020-09-27,Yuba,115,75493,1096,1059,5,1064,7
2020-09-26,Alameda,001,1643700,21552,21019,183,21202,370
2020-09-26,Alpine,003,1148,4,2,0,2,0
2020-09-26,Amador,005,37829,294,291,0,291,16
2020-09-26,Butte,007,227075,2936,2827,25,2852,44
2020-09-26,Calaveras,009,45235,309,257,0,257,11
2020-09-26,Colusa,011,21464,532,529,0,529,6
2020-09-26,Contra Costa,013,1133247,17222,16508,81,16589,194
2020-09-26,Del Norte,015,27424,142,138,0,138,2
2020-09-26,El Dorado,017,186661,1206,1127,1,1128,4
2020-09-26,Fresno,019,978130,30785,28336,376,28712,389
2020-09-26,Glenn,021,27897,597,576,0,576,3
2020-09-26,Humboldt,023,135768,506,491,1,492,6
2020-09-26,Imperial,025,180216,11873,10721,9,10730,283
2020-09-26,Inyo,027,18085,191,187,7,194,14
2020-09-26,Kern,029,883053,32084,31410,331,31741,394
2020-09-26,Kings,031,150075,7836,7537,43,7580,78
2020-09-26,Lake,033,64148,585,549,0,549,10
2020-09-26,Lassen,035,31185,747,737,2,739,0
2020-09-26,Los Angeles,037,10098052,269948,266931,1908,268839,6497
2020-09-26,Madera,039,155013,4591,4410,30,4440,47
2020-09-26,Marin,041,260295,6741,6641,17,6658,91
2020-09-26,Mariposa,043,17540,76,74,0,74,2
2020-09-26,Mendocino,045,87422,901,836,2,838,17
2020-09-26,Merced,047,269075,8947,8841,20,8861,136
2020-09-26,Modoc,049,8938,29,26,0,26,0
2020-09-26,Mono,051,14174,169,148,2,150,1
2020-09-26,Monterey,053,433212,10015,9651,35,9686,68
2020-09-26,Napa,055,140530,1755,1681,8,1689,11
2020-09-26,Nevada,057,99092,544,534,15,549,6
2020-09-26,Orange,059,3164182,55428,52203,1485,53688,1194
2020-09-26,Placer,061,380077,3649,3551,14,3565,42
2020-09-26,Plumas,063,18699,49,48,0,48,0
2020-09-26,Riverside,065,2383286,59671,58076,167,58243,1190
2020-09-26,Sacramento,067,1510023,22771,22269,22,22291,421
2020-09-26,San Benito,069,59416,1345,1325,0,1325,11
2020-09-26,San Bernardino,071,2135413,54878,53122,355,53477,988
2020-09-26,San Diego,073,3302833,48020,46333,973,47306,775
2020-09-26,San Francisco,075,870044,11346,11113,28,11141,100
2020-09-26,San Joaquin,077,732212,20318,19982,57,20039,449
2020-09-26,San Luis Obispo,079,281455,3724,3546,19,3565,31
2020-09-26,San Mateo,081,765935,10229,9509,8,9517,127
2020-09-26,Santa Barbara,083,443738,9975,9061,76,9137,114
2020-09-26,Santa Clara,085,1922200,22142,20967,38,21005,270
2020-09-26,Santa Cruz,087,273765,2459,2336,35,2371,9
2020-09-26,Shasta,089,179085,1137,856,9,865,17
2020-09-26,Sierra,091,2930,6,6,0,6,0
2020-09-26,Siskiyou,093,43540,155,149,10,159,0
2020-09-26,Solano,095,438530,6371,6209,41,6250,51
2020-09-26,Sonoma,097,501317,7739,7285,20,7305,124
2020-09-26,Stanislaus,099,539301,16580,16421,533,16954,336
2020-09-26,Sutter,101,95872,1688,1662,1,1663,10
2020-09-26,Tehama,103,63373,591,560,2,562,2
2020-09-26,Trinity,105,12862,43,16,7,23,0
2020-09-26,Tulare,107,460477,16376,15881,129,16010,270
2020-09-26,Tuolumne,109,53932,231,223,4,227,2
2020-09-26,Ventura,111,848112,13413,12729,166,12895,137
2020-09-26,Yolo,113,214977,2844,2789,6,2795,55
2020-09-26,Yuba,115,75493,1092,1056,5,1061,7
2020-09-25,Alameda,001,1643700,21498,20911,183,21094,367
2020-09-25,Alpine,003,1148,4,2,0,2,0
2020-09-25,Amador,005,37829,294,289,0,289,16
2020-09-25,Butte,007,227075,2931,2819,25,2844,43
2020-09-25,Calaveras,009,45235,309,257,0,257,11
2020-09-25,Colusa,011,21464,532,528,0,528,6
2020-09-25,Contra Costa,013,1133247,17163,16401,81,16482,194
2020-09-25,Del Norte,015,27424,142,138,0,138,2
2020-09-25,El Dorado,017,186661,1202,1104,1,1105,4
2020-09-25,Fresno,019,978130,30726,28199,375,28574,385
2020-09-25,Glenn,021,27897,595,570,0,570,3
2020-09-25,Humboldt,023,135768,505,489,1,490,5
2020-09-25,Imperial,025,180216,11855,10681,9,10690,283
2020-09-25,Inyo,027,18085,189,187,7,194,14
2020-09-25,Kern,029,883053,32031,31333,329,31662,393
2020-09-25,Kings,031,150075,7831,7450,43,7493,77
2020-09-25,Lake,033,64148,584,539,0,539,9
2020-09-25,Lassen,035,31185,747,737,2,739,0
2020-09-25,Los Angeles,037,10098052,269160,265713,1894,267607,6483
2020-09-25,Madera,039,155013,4572,4369,30,4399,48
2020-09-25,Marin,041,260295,6738,6622,17,6639,90
2020-09-25,Mariposa,043,17540,76,74,0,74,2
2020-09-25,Mendocino,045,87422,886,819,2,821,17
2020-09-25,Merced,047,269075,8931,8830,20,8850,135
2020-09-25,Modoc,049,8938,29,26,0,26,0
2020-09-25,Mono,051,14174,169,149,2,151,1
2020-09-25,Monterey,053,433212,9963,9581,35,9616,68
2020-09-25,Napa,055,140530,1753,1669,8,1677,11
2020-09-25,Nevada,057,99092,542,529,15,544,6
2020-09-25,Orange,059,3164182,55301,52031,1476,53507,1184
2020-09-25,Placer,061,380077,3638,3527,14,3541,41
2020-09-25,Plumas,063,18699,49,48,0,48,0
2020-09-25,Riverside,065,2383286,59495,57783,162,57945,1183
2020-09-25,Sacramento,067,1510023,22694,22132,22,22154,418
2020-09-25,San Benito,069,59416,1344,1318,0,1318,11
2020-09-25,San Bernardino,071,2135413,54724,52814,355,53169,987
2020-09-25,San Diego,073,3302833,47818,46003,957,46960,775
2020-09-25,San Francisco,075,870044,11312,11066,27,11093,100
2020-09-25,San Joaquin,077,732212,20266,19909,57,19966,449
2020-09-25,San Luis Obispo,079,281455,3712,3512,19,3531,31
2020-09-25,San Mateo,081,765935,10193,9447,8,9455,127
2020-09-25,Santa Barbara,083,443738,9951,9026,76,9102,114
2020-09-25,Santa Clara,085,1922200,22078,20812,37,20849,265
2020-09-25,Santa Cruz,087,273765,2447,2309,34,2343,9
2020-09-25,Shasta,089,179085,1103,806,9,815,16
2020-09-25,Sierra,091,2930,6,6,0,6,0
2020-09-25,Siskiyou,093,43540,155,149,10,159,0
2020-09-25,Solano,095,438530,6355,6179,41,6220,50
2020-09-25,Sonoma,097,501317,7699,7202,20,7222,124
2020-09-25,Stanislaus,099,539301,16562,16381,531,16912,326
2020-09-25,Sutter,101,95872,1685,1655,1,1656,10
2020-09-25,Tehama,103,63373,583,546,2,548,2
2020-09-25,Trinity,105,12862,43,15,7,22,0
2020-09-25,Tulare,107,460477,16336,15815,127,15942,267
2020-09-25,Tuolumne,109,53932,231,223,4,227,2
2020-09-25,Ventura,111,848112,13370,12664,163,12827,137
2020-09-25,Yolo,113,214977,2836,2784,6,2790,55
2020-09-25,Yuba,115,75493,1087,1049,5,1054,5
2020-09-24,Alameda,001,1643700,21423,20838,180,21018,364
2020-09-24,Alpine,003,1148,4,2,0,2,0
2020-09-24,Amador,005,37829,294,288,0,288,16
2020-09-24,Butte,007,227075,2920,2803,25,2828,43
2020-09-24,Calaveras,009,45235,309,258,0,258,11
2020-09-24,Colusa,011,21464,532,523,0,523,6
2020-09-24,Contra Costa,013,1133247,17081,16252,81,16333,192
2020-09-24,Del Norte,015,27424,138,137,0,137,2
2020-09-24,El Dorado,017,186661,1193,1093,1,1094,4
2020-09-24,Fresno,019,978130,30621,28106,371,28477,375
2020-09-24,Glenn,021,27897,591,567,0,567,3
2020-09-24,Humboldt,023,135768,502,482,1,483,5
2020-09-24,Imperial,025,180216,11831,10622,9,10631,283
2020-09-24,Inyo,027,18085,189,187,7,194,13
2020-09-24,Kern,029,883053,31968,31273,327,31600,388
2020-09-24,Kings,031,150075,7815,7428,43,7471,76
2020-09-24,Lake,033,64148,575,531,0,531,9
2020-09-24,Lassen,035,31185,746,737,2,739,0
2020-09-24,Los Angeles,037,10098052,268114,264374,1876,266250,6452
2020-09-24,Madera,039,155013,4553,4344,30,4374,48
2020-09-24,Marin,041,260295,6710,6588,17,6605,85
2020-09-24,Mariposa,043,17540,76,74,0,74,2
2020-09-24,Mendocino,045,87422,882,810,2,812,17
2020-09-24,Merced,047,269075,8902,8813,19,8832,135
2020-09-24,Modoc,049,8938,29,24,0,24,0
2020-09-24,Mono,051,14174,169,149,2,151,1
2020-09-24,Monterey,053,433212,9897,9544,32,9576,67
2020-09-24,Napa,055,140530,1741,1661,8,1669,11
2020-09-24,Nevada,057,99092,541,527,15,542,6
2020-09-24,Orange,059,3164182,55093,51749,1458,53207,1164
2020-09-24,Placer,061,380077,3623,3514,14,3528,41
2020-09-24,Plumas,063,18699,49,48,0,48,0
2020-09-24,Riverside,065,2383286,59226,57491,156,57647,1172
2020-09-24,Sacramento,067,1510023,22567,21985,21,22006,417
2020-09-24,San Benito,069,59416,1342,1308,0,1308,11
2020-09-24,San Bernardino,071,2135413,54388,52455,354,52809,988
2020-09-24,San Diego,073,3302833,47549,45598,942,46540,773
2020-09-24,San Francisco,075,870044,11265,10992,27,11019,99
2020-09-24,San Joaquin,077,732212,20229,19851,56,19907,444
2020-09-24,San Luis Obispo,079,281455,3696,3480,19,3499,31
2020-09-24,San Mateo,081,765935,10145,9376,8,9384,127
2020-09-24,Santa Barbara,083,443738,9900,8988,75,9063,114
2020-09-24,Santa Clara,085,1922200,21990,20689,37,20726,262
2020-09-24,Santa Cruz,087,273765,2427,2300,32,2332,9
2020-09-24,Shasta,089,179085,1066,773,6,779,14
2020-09-24,Sierra,091,2930,6,6,0,6,0
2020-09-24,Siskiyou,093,43540,155,149,10,159,0
2020-09-24,Solano,095,438530,6322,6137,41,6178,49
2020-09-24,Sonoma,097,501317,7618,7163,20,7183,122
2020-09-24,Stanislaus,099,539301,16525,16326,526,16852,326
2020-09-24,Sutter,101,95872,1682,1646,1,1647,10
2020-09-24,Tehama,103,63373,580,540,2,542,2
2020-09-24,Trinity,105,12862,43,15,7,22,0
2020-09-24,Tulare,107,460477,16271,15754,126,15880,267
2020-09-24,Tuolumne,109,53932,231,224,4,228,2
2020-09-24,Ventura,111,848112,13288,12617,162,12779,138
2020-09-24,Yolo,113,214977,2829,2776,6,2782,55
2020-09-24,Yuba,115,75493,1082,1042,5,1047,5
2020-09-23,Alameda,001,1643700,21355,20718,178,20896,361
2020-09-23,Alpine,003,1148,4,2,0,2,0
2020-09-23,Amador,005,37829,293,288,0,288,16
2020-09-23,Butte,007,227075,2912,2790,25,2815,43
2020-09-23,Calaveras,009,45235,308,258,0,258,11
2020-09-23,Colusa,011,21464,531,521,0,521,6
2020-09-23,Contra Costa,013,1133247,17017,16167,80,16247,192
2020-09-23,Del Norte,015,27424,136,137,0,137,2
2020-09-23,El Dorado,017,186661,1179,1088,1,1089,4
2020-09-23,Fresno,019,978130,30526,28019,369,28388,371
2020-09-23,Glenn,021,27897,584,561,0,561,3
2020-09-23,Humboldt,023,135768,498,477,1,478,5
2020-09-23,Imperial,025,180216,11805,10587,9,10596,284
2020-09-23,Inyo,027,18085,188,177,7,184,13
2020-09-23,Kern,029,883053,31924,31172,325,31497,387
2020-09-23,Kings,031,150075,7793,7406,43,7449,76
2020-09-23,Lake,033,64148,570,519,0,519,9
2020-09-23,Lassen,035,31185,746,736,2,738,0
2020-09-23,Los Angeles,037,10098052,267073,263318,1847,265165,6421
2020-09-23,Madera,039,155013,4538,4311,30,4341,48
2020-09-23,Marin,041,260295,6691,6567,17,6584,85
2020-09-23,Mariposa,043,17540,76,74,0,74,2
2020-09-23,Mendocino,045,87422,881,801,1,802,17
2020-09-23,Merced,047,269075,8881,8785,18,8803,134
2020-09-23,Modoc,049,8938,29,24,0,24,0
2020-09-23,Mono,051,14174,169,149,2,151,1
2020-09-23,Monterey,053,433212,9828,9452,31,9483,67
2020-09-23,Napa,055,140530,1732,1653,8,1661,11
2020-09-23,Nevada,057,99092,540,523,15,538,6
2020-09-23,Orange,059,3164182,54866,51658,1450,53108,1155
2020-09-23,Placer,061,380077,3611,3506,14,3520,41
2020-09-23,Plumas,063,18699,49,48,0,48,0
2020-09-23,Riverside,065,2383286,58922,57257,153,57410,1165
2020-09-23,Sacramento,067,1510023,22490,21821,21,21842,415
2020-09-23,San Benito,069,59416,1336,1305,0,1305,10
2020-09-23,San Bernardino,071,2135413,54093,52132,353,52485,973
2020-09-23,San Diego,073,3302833,47273,45427,923,46350,767
2020-09-23,San Francisco,075,870044,11216,10926,27,10953,95
2020-09-23,San Joaquin,077,732212,20176,19785,56,19841,439
2020-09-23,San Luis Obispo,079,281455,3678,3447,19,3466,31
2020-09-23,San Mateo,081,765935,10105,9351,8,9359,127
2020-09-23,Santa Barbara,083,443738,9872,8952,75,9027,112
2020-09-23,Santa Clara,085,1922200,21879,20575,34,20609,260
2020-09-23,Santa Cruz,087,273765,2408,2283,32,2315,9
2020-09-23,Shasta,089,179085,1027,756,5,761,14
2020-09-23,Sierra,091,2930,6,6,0,6,0
2020-09-23,Siskiyou,093,43540,155,149,10,159,0
2020-09-23,Solano,095,438530,6297,6123,41,6164,50
2020-09-23,Sonoma,097,501317,7542,7091,20,7111,122
2020-09-23,Stanislaus,099,539301,16495,16271,523,16794,317
2020-09-23,Sutter,101,95872,1678,1646,1,1647,10
2020-09-23,Tehama,103,63373,574,533,2,535,2
2020-09-23,Trinity,105,12862,42,15,7,22,0
2020-09-23,Tulare,107,460477,16206,15664,125,15789,266
2020-09-23,Tuolumne,109,53932,231,223,4,227,2
2020-09-23,Ventura,111,848112,13232,12591,160,12751,137
2020-09-23,Yolo,113,214977,2811,2766,6,2772,55
2020-09-23,Yuba,115,75493,1080,1038,5,1043,5
2020-09-22,Alameda,001,1643700,21275,20607,176,20783,355
2020-09-22,Alpine,003,1148,3,2,0,2,0
2020-09-22,Amador,005,37829,292,287,0,287,16
2020-09-22,Butte,007,227075,2907,2776,25,2801,43
2020-09-22,Calaveras,009,45235,308,258,0,258,11
2020-09-22,Colusa,011,21464,529,518,0,518,6
2020-09-22,Contra Costa,013,1133247,16927,16090,80,16170,190
2020-09-22,Del Norte,015,27424,136,137,0,137,2
2020-09-22,El Dorado,017,186661,1160,1076,1,1077,4
2020-09-22,Fresno,019,978130,30431,27944,366,28310,369
2020-09-22,Glenn,021,27897,581,560,0,560,3
2020-09-22,Humboldt,023,135768,497,476,1,477,5
2020-09-22,Imperial,025,180216,11776,10529,9,10538,284
2020-09-22,Inyo,027,18085,188,177,7,184,13
2020-09-22,Kern,029,883053,31856,31110,318,31428,383
2020-09-22,Kings,031,150075,7736,7395,42,7437,76
2020-09-22,Lake,033,64148,562,516,0,516,9
2020-09-22,Lassen,035,31185,745,736,2,738,0
2020-09-22,Los Angeles,037,10098052,265996,262117,1819,263936,6394
2020-09-22,Madera,039,155013,4522,4303,30,4333,47
2020-09-22,Marin,041,260295,6677,6561,17,6578,84
2020-09-22,Mariposa,043,17540,76,74,0,74,2
2020-09-22,Mendocino,045,87422,861,794,1,795,18
2020-09-22,Merced,047,269075,8851,8769,18,8787,132
2020-09-22,Modoc,049,8938,29,24,0,24,0
2020-09-22,Mono,051,14174,168,149,2,151,1
2020-09-22,Monterey,053,433212,9770,9393,31,9424,67
2020-09-22,Napa,055,140530,1715,1652,8,1660,11
2020-09-22,Nevada,057,99092,540,523,15,538,6
2020-09-22,Orange,059,3164182,54615,51528,1442,52970,1132
2020-09-22,Placer,061,380077,3599,3492,14,3506,40
2020-09-22,Plumas,063,18699,49,48,0,48,0
2020-09-22,Riverside,065,2383286,58435,57066,149,57215,1162
2020-09-22,Sacramento,067,1510023,22370,21745,21,21766,410
2020-09-22,San Benito,069,59416,1331,1305,0,1305,10
2020-09-22,San Bernardino,071,2135413,53820,51899,353,52252,971
2020-09-22,San Diego,073,3302833,46966,45149,904,46053,765
2020-09-22,San Francisco,075,870044,11172,10893,26,10919,95
2020-09-22,San Joaquin,077,732212,20129,19755,55,19810,426
2020-09-22,San Luis Obispo,079,281455,3661,3420,19,3439,31
2020-09-22,San Mateo,081,765935,10067,9291,8,9299,127
2020-09-22,Santa Barbara,083,443738,9842,8927,74,9001,111
2020-09-22,Santa Clara,085,1922200,21761,20514,34,20548,253
2020-09-22,Santa Cruz,087,273765,2385,2264,31,2295,8
2020-09-22,Shasta,089,179085,992,723,5,728,14
2020-09-22,Sierra,091,2930,6,6,0,6,0
2020-09-22,Siskiyou,093,43540,155,149,10,159,0
2020-09-22,Solano,095,438530,6266,6107,41,6148,48
2020-09-22,Sonoma,097,501317,7463,7068,19,7087,117
2020-09-22,Stanislaus,099,539301,16472,16231,516,16747,316
2020-09-22,Sutter,101,95872,1672,1638,1,1639,10
2020-09-22,Tehama,103,63373,566,529,2,531,2
2020-09-22,Trinity,105,12862,42,15,7,22,0
2020-09-22,Tulare,107,460477,16140,15616,121,15737,263
2020-09-22,Tuolumne,109,53932,230,224,4,228,1
2020-09-22,Ventura,111,848112,13180,12507,156,12663,136
2020-09-22,Yolo,113,214977,2804,2763,6,2769,54
2020-09-22,Yuba,115,75493,1071,1035,5,1040,5
2020-09-21,Alameda,001,1643700,21196,20501,175,20676,343
2020-09-21,Alpine,003,1148,3,2,0,2,0
2020-09-21,Amador,005,37829,290,286,0,286,16
2020-09-21,Butte,007,227075,2893,2769,25,2794,41
2020-09-21,Calaveras,009,45235,306,256,0,256,10
2020-09-21,Colusa,011,21464,528,517,0,517,6
2020-09-21,Contra Costa,013,1133247,16840,16008,80,16088,189
2020-09-21,Del Norte,015,27424,136,132,0,132,2
2020-09-21,El Dorado,017,186661,1151,1074,1,1075,4
2020-09-21,Fresno,019,978130,30329,27843,359,28202,362
2020-09-21,Glenn,021,27897,577,556,0,556,3
2020-09-21,Humboldt,023,135768,493,473,1,474,5
2020-09-21,Imperial,025,180216,11745,10521,9,10530,284
2020-09-21,Inyo,027,18085,187,177,7,184,12
2020-09-21,Kern,029,883053,31784,31031,316,31347,379
2020-09-21,Kings,031,150075,7623,7297,41,7338,76
2020-09-21,Lake,033,64148,557,508,0,508,8
2020-09-21,Lassen,035,31185,743,735,2,737,0
2020-09-21,Los Angeles,037,10098052,264910,261418,1774,263192,6360
2020-09-21,Madera,039,155013,4511,4275,29,4304,47
2020-09-21,Marin,041,260295,6666,6538,16,6554,84
2020-09-21,Mariposa,043,17540,75,74,0,74,2
2020-09-21,Mendocino,045,87422,846,778,0,778,18
2020-09-21,Merced,047,269075,8832,8749,16,8765,128
2020-09-21,Modoc,049,8938,29,22,0,22,0
2020-09-21,Mono,051,14174,168,147,2,149,1
2020-09-21,Monterey,053,433212,9706,9331,28,9359,66
2020-09-21,Napa,055,140530,1704,1641,8,1649,11
2020-09-21,Nevada,057,99092,538,515,15,530,6
2020-09-21,Orange,059,3164182,54394,51363,1435,52798,1110
2020-09-21,Placer,061,380077,3589,3473,14,3487,40
2020-09-21,Plumas,063,18699,49,47,0,47,0
2020-09-21,Riverside,065,2383286,58161,57001,142,57143,1153
2020-09-21,Sacramento,067,1510023,22188,21568,21,21589,404
2020-09-21,San Benito,069,59416,1329,1298,0,1298,10
2020-09-21,San Bernardino,071,2135413,53534,51654,352,52006,970
2020-09-21,San Diego,073,3302833,46682,44927,883,45810,760
2020-09-21,San Francisco,075,870044,11124,10743,26,10769,95
2020-09-21,San Joaquin,077,732212,20071,19579,55,19634,423
2020-09-21,San Luis Obispo,079,281455,3635,3406,19,3425,27
2020-09-21,San Mateo,081,765935,10015,9239,8,9247,127
2020-09-21,Santa Barbara,083,443738,9814,8911,74,8985,110
2020-09-21,Santa Clara,085,1922200,21660,20432,34,20466,252
2020-09-21,Santa Cruz,087,273765,2368,2257,29,2286,8
2020-09-21,Shasta,089,179085,942,696,5,701,14
2020-09-21,Sierra,091,2930,6,6,0,6,0
2020-09-21,Siskiyou,093,43540,155,146,10,156,0
2020-09-21,Solano,095,438530,6242,6019,41,6060,46
2020-09-21,Sonoma,097,501317,7387,7017,19,7036,117
2020-09-21,Stanislaus,099,539301,16442,16186,516,16702,310
2020-09-21,Sutter,101,95872,1665,1634,1,1635,10
2020-09-21,Tehama,103,63373,547,513,2,515,2
2020-09-21,Trinity,105,12862,42,15,7,22,0
2020-09-21,Tulare,107,460477,16066,15528,112,15640,260
2020-09-21,Tuolumne,109,53932,230,221,4,225,1
2020-09-21,Ventura,111,848112,13096,12477,150,12627,133
2020-09-21,Yolo,113,214977,2798,2752,6,2758,54
2020-09-21,Yuba,115,75493,1067,1033,5,1038,1
2020-09-20,Alameda,001,1643700,21096,20425,172,20597,343
2020-09-20,Alpine,003,1148,3,2,0,2,0
2020-09-20,Amador,005,37829,289,286,0,286,16
2020-09-20,Butte,007,227075,2881,2764,25,2789,39
2020-09-20,Calaveras,009,45235,302,256,0,256,10
2020-09-20,Colusa,011,21464,526,510,0,510,6
2020-09-20,Contra Costa,013,1133247,16706,15917,79,15996,189
2020-09-20,Del Norte,015,27424,134,132,0,132,2
2020-09-20,El Dorado,017,186661,1136,1073,1,1074,4
2020-09-20,Fresno,019,978130,30214,27769,353,28122,362
2020-09-20,Glenn,021,27897,573,550,0,550,3
2020-09-20,Humboldt,023,135768,493,472,1,473,5
2020-09-20,Imperial,025,180216,11718,10496,8,10504,284
2020-09-20,Inyo,027,18085,187,177,7,184,12
2020-09-20,Kern,029,883053,31701,30992,312,31304,379
2020-09-20,Kings,031,150075,7576,7159,40,7199,76
2020-09-20,Lake,033,64148,545,492,0,492,8
2020-09-20,Lassen,035,31185,743,735,2,737,0
2020-09-20,Los Angeles,037,10098052,263675,260770,1748,262518,6347
2020-09-20,Madera,039,155013,4491,4257,29,4286,47
2020-09-20,Marin,041,260295,6640,6533,16,6549,83
2020-09-20,Mariposa,043,17540,75,74,0,74,2
2020-09-20,Mendocino,045,87422,834,765,0,765,18
2020-09-20,Merced,047,269075,8805,8745,16,8761,128
2020-09-20,Modoc,049,8938,27,22,0,22,0
2020-09-20,Mono,051,14174,167,147,2,149,1
2020-09-20,Monterey,053,433212,9628,9312,28,9340,65
2020-09-20,Napa,055,140530,1695,1626,8,1634,11
2020-09-20,Nevada,057,99092,535,511,15,526,6
2020-09-20,Orange,059,3164182,54153,51233,1425,52658,1110
2020-09-20,Placer,061,380077,3574,3452,14,3466,40
2020-09-20,Plumas,063,18699,49,47,0,47,0
2020-09-20,Riverside,065,2383286,57960,56783,136,56919,1147
2020-09-20,Sacramento,067,1510023,22001,21394,20,21414,401
2020-09-20,San Benito,069,59416,1318,1291,0,1291,9
2020-09-20,San Bernardino,071,2135413,53213,51559,350,51909,970
2020-09-20,San Diego,073,3302833,46309,44579,854,45433,760
2020-09-20,San Francisco,075,870044,11070,10743,26,10769,95
2020-09-20,San Joaquin,077,732212,20006,19578,48,19626,423
2020-09-20,San Luis Obispo,079,281455,3607,3393,19,3412,27
2020-09-20,San Mateo,081,765935,9948,9198,8,9206,127
2020-09-20,Santa Barbara,083,443738,9779,8880,73,8953,110
2020-09-20,Santa Clara,085,1922200,21539,20330,33,20363,252
2020-09-20,Santa Cruz,087,273765,2348,2199,29,2228,8
2020-09-20,Shasta,089,179085,901,696,4,700,14
2020-09-20,Sierra,091,2930,6,6,0,6,0
2020-09-20,Siskiyou,093,43540,155,146,10,156,0
2020-09-20,Solano,095,438530,6198,6020,41,6061,46
2020-09-20,Sonoma,097,501317,7283,6954,19,6973,117
2020-09-20,Stanislaus,099,539301,16411,16159,509,16668,310
2020-09-20,Sutter,101,95872,1659,1624,1,1625,10
2020-09-20,Tehama,103,63373,534,509,2,511,2
2020-09-20,Trinity,105,12862,42,15,7,22,0
2020-09-20,Tulare,107,460477,15980,15528,106,15634,260
2020-09-20,Tuolumne,109,53932,230,221,4,225,1
2020-09-20,Ventura,111,848112,13030,12406,146,12552,133
2020-09-20,Yolo,113,214977,2790,2745,6,2751,54
2020-09-20,Yuba,115,75493,1060,1029,5,1034,1
2020-09-19,Alameda,001,1643700,21045,20349,169,20518,343
2020-09-19,Alpine,003,1148,3,2,0,2,0
2020-09-19,Amador,005,37829,289,285,0,285,16
2020-09-19,Butte,007,227075,2875,2748,25,2773,38
2020-09-19,Calaveras,009,45235,302,256,0,256,10
2020-09-19,Colusa,011,21464,526,507,0,507,6
2020-09-19,Contra Costa,013,1133247,16643,15783,79,15862,186
2020-09-19,Del Norte,015,27424,133,132,0,132,2
2020-09-19,El Dorado,017,186661,1130,1068,0,1068,4
2020-09-19,Fresno,019,978130,30141,27668,353,28021,362
2020-09-19,Glenn,021,27897,570,547,0,547,3
2020-09-19,Humboldt,023,135768,492,471,1,472,5
2020-09-19,Imperial,025,180216,11703,10496,8,10504,284
2020-09-19,Inyo,027,18085,187,177,7,184,12
2020-09-19,Kern,029,883053,31647,30886,309,31195,379
2020-09-19,Kings,031,150075,7570,7130,40,7170,76
2020-09-19,Lake,033,64148,545,465,0,465,8
2020-09-19,Lassen,035,31185,743,731,2,733,0
2020-09-19,Los Angeles,037,10098052,263051,259801,1733,261534,6325
2020-09-19,Madera,039,155013,4468,4237,29,4266,47
2020-09-19,Marin,041,260295,6633,6513,15,6528,81
2020-09-19,Mariposa,043,17540,75,74,0,74,2
2020-09-19,Mendocino,045,87422,831,750,0,750,18
2020-09-19,Merced,047,269075,8794,8717,15,8732,128
2020-09-19,Modoc,049,8938,27,22,0,22,0
2020-09-19,Mono,051,14174,167,147,2,149,1
2020-09-19,Monterey,053,433212,9586,9237,28,9265,65
2020-09-19,Napa,055,140530,1687,1614,8,1622,11
2020-09-19,Nevada,057,99092,533,505,15,520,6
2020-09-19,Orange,059,3164182,54024,50999,1418,52417,1105
2020-09-19,Placer,061,380077,3565,3412,14,3426,40
2020-09-19,Plumas,063,18699,49,47,0,47,0
2020-09-19,Riverside,065,2383286,57836,56562,135,56697,1147
2020-09-19,Sacramento,067,1510023,21947,21297,20,21317,396
2020-09-19,San Benito,069,59416,1314,1276,0,1276,9
2020-09-19,San Bernardino,071,2135413,53057,51353,347,51700,971
2020-09-19,San Diego,073,3302833,46081,44295,831,45126,773
2020-09-19,San Francisco,075,870044,11037,10741,26,10767,95
2020-09-19,San Joaquin,077,732212,19969,19580,48,19628,424
2020-09-19,San Luis Obispo,079,281455,3586,3369,19,3388,27
2020-09-19,San Mateo,081,765935,9917,9158,8,9166,127
2020-09-19,Santa Barbara,083,443738,9758,8862,73,8935,106
2020-09-19,Santa Clara,085,1922200,21450,20170,33,20203,251
2020-09-19,Santa Cruz,087,273765,2334,2198,28,2226,8
2020-09-19,Shasta,089,179085,874,687,4,691,14
2020-09-19,Sierra,091,2930,6,6,0,6,0
2020-09-19,Siskiyou,093,43540,155,146,10,156,0
2020-09-19,Solano,095,438530,6182,5998,41,6039,46
2020-09-19,Sonoma,097,501317,7250,6905,19,6924,117
2020-09-19,Stanislaus,099,539301,16371,16109,502,16611,313
2020-09-19,Sutter,101,95872,1658,1602,1,1603,10
2020-09-19,Tehama,103,63373,529,498,2,500,2
2020-09-19,Trinity,105,12862,42,15,7,22,0
2020-09-19,Tulare,107,460477,15931,15485,103,15588,260
2020-09-19,Tuolumne,109,53932,230,217,4,221,1
2020-09-19,Ventura,111,848112,12998,12328,146,12474,133
2020-09-19,Yolo,113,214977,2782,2739,6,2745,54
2020-09-19,Yuba,115,75493,1053,1023,5,1028,1
2020-09-18,Alameda,001,1643700,20980,20222,163,20385,341
2020-09-18,Alpine,003,1148,3,2,0,2,0
2020-09-18,Amador,005,37829,289,285,0,285,16
2020-09-18,Butte,007,227075,2873,2738,25,2763,37
2020-09-18,Calaveras,009,45235,302,255,0,255,9
2020-09-18,Colusa,011,21464,526,504,0,504,6
2020-09-18,Contra Costa,013,1133247,16558,15667,79,15746,185
2020-09-18,Del Norte,015,27424,133,131,0,131,2
2020-09-18,El Dorado,017,186661,1117,1063,0,1063,4
2020-09-18,Fresno,019,978130,30076,27560,353,27913,359
2020-09-18,Glenn,021,27897,567,541,0,541,3
2020-09-18,Humboldt,023,135768,489,470,1,471,5
2020-09-18,Imperial,025,180216,11688,10460,8,10468,283
2020-09-18,Inyo,027,18085,187,177,7,184,12
2020-09-18,Kern,029,883053,31589,30742,306,31048,373
2020-09-18,Kings,031,150075,7560,7062,40,7102,74
2020-09-18,Lake,033,64148,539,458,0,458,8
2020-09-18,Lassen,035,31185,742,731,2,733,0
2020-09-18,Los Angeles,037,10098052,262276,258488,1714,260202,6324
2020-09-18,Madera,039,155013,4456,4211,29,4240,45
2020-09-18,Marin,041,260295,6618,6475,15,6490,81
2020-09-18,Mariposa,043,17540,75,74,0,74,2
2020-09-18,Mendocino,045,87422,823,739,0,739,18
2020-09-18,Merced,047,269075,8782,8691,14,8705,127
2020-09-18,Modoc,049,8938,27,22,0,22,0
2020-09-18,Mono,051,14174,165,147,2,149,1
2020-09-18,Monterey,053,433212,9544,9183,28,9211,64
2020-09-18,Napa,055,140530,1681,1604,8,1612,11
2020-09-18,Nevada,057,99092,530,504,15,519,6
2020-09-18,Orange,059,3164182,53877,50733,1406,52139,1107
2020-09-18,Placer,061,380077,3554,3389,14,3403,40
2020-09-18,Plumas,063,18699,49,45,0,45,0
2020-09-18,Riverside,065,2383286,57716,56248,131,56379,1143
2020-09-18,Sacramento,067,1510023,21864,21105,20,21125,391
2020-09-18,San Benito,069,59416,1306,1257,0,1257,8
2020-09-18,San Bernardino,071,2135413,52913,51106,344,51450,970
2020-09-18,San Diego,073,3302833,45831,44009,826,44835,757
2020-09-18,San Francisco,075,870044,10999,10644,25,10669,95
2020-09-18,San Joaquin,077,732212,19925,19531,47,19578,423
2020-09-18,San Luis Obispo,079,281455,3562,3328,19,3347,27
2020-09-18,San Mateo,081,765935,9877,9062,8,9070,127
2020-09-18,Santa Barbara,083,443738,9736,8824,73,8897,107
2020-09-18,Santa Clara,085,1922200,21352,20058,33,20091,252
2020-09-18,Santa Cruz,087,273765,2313,2180,27,2207,8
2020-09-18,Shasta,089,179085,839,668,4,672,14
2020-09-18,Sierra,091,2930,6,6,0,6,0
2020-09-18,Siskiyou,093,43540,154,146,10,156,0
2020-09-18,Solano,095,438530,6166,5961,41,6002,46
2020-09-18,Sonoma,097,501317,7202,6856,19,6875,114
2020-09-18,Stanislaus,099,539301,16343,16042,496,16538,277
2020-09-18,Sutter,101,95872,1650,1586,1,1587,10
2020-09-18,Tehama,103,63373,529,490,2,492,2
2020-09-18,Trinity,105,12862,42,15,6,21,0
2020-09-18,Tulare,107,460477,15898,15435,99,15534,259
2020-09-18,Tuolumne,109,53932,229,216,4,220,1
2020-09-18,Ventura,111,848112,12937,12236,142,12378,133
2020-09-18,Yolo,113,214977,2776,2732,6,2738,54
2020-09-18,Yuba,115,75493,1049,1020,5,1025,1
2020-09-17,Alameda,001,1643700,20881,20146,163,20309,339
2020-09-17,Alpine,003,1148,3,2,0,2,0
2020-09-17,Amador,005,37829,287,284,0,284,16
2020-09-17,Butte,007,227075,2855,2720,25,2745,38
2020-09-17,Calaveras,009,45235,302,254,0,254,9
2020-09-17,Colusa,011,21464,524,499,0,499,6
2020-09-17,Contra Costa,013,1133247,16468,15576,79,15655,184
2020-09-17,Del Norte,015,27424,133,131,0,131,2
2020-09-17,El Dorado,017,186661,1108,1057,0,1057,4
2020-09-17,Fresno,019,978130,29966,27487,348,27835,355
2020-09-17,Glenn,021,27897,566,541,0,541,3
2020-09-17,Humboldt,023,135768,483,466,1,467,5
2020-09-17,Imperial,025,180216,11671,10436,8,10444,281
2020-09-17,Inyo,027,18085,187,176,7,183,12
2020-09-17,Kern,029,883053,31528,30627,299,30926,372
2020-09-17,Kings,031,150075,7489,7015,40,7055,72
2020-09-17,Lake,033,64148,529,433,0,433,8
2020-09-17,Lassen,035,31185,740,731,2,733,0
2020-09-17,Los Angeles,037,10098052,261331,257246,1700,258946,6318
2020-09-17,Madera,039,155013,4422,4152,29,4181,45
2020-09-17,Marin,041,260295,6597,6457,15,6472,81
2020-09-17,Mariposa,043,17540,75,74,0,74,2
2020-09-17,Mendocino,045,87422,812,737,0,737,18
2020-09-17,Merced,047,269075,8763,8671,14,8685,119
2020-09-17,Modoc,049,8938,27,22,0,22,0
2020-09-17,Mono,051,14174,165,147,2,149,1
2020-09-17,Monterey,053,433212,9482,9113,27,9140,62
2020-09-17,Napa,055,140530,1670,1592,8,1600,11
2020-09-17,Nevada,057,99092,528,494,15,509,6
2020-09-17,Orange,059,3164182,53697,50537,1393,51930,1098
2020-09-17,Placer,061,380077,3533,3368,14,3382,40
2020-09-17,Plumas,063,18699,49,45,0,45,0
2020-09-17,Riverside,065,2383286,57490,56007,130,56137,1134
2020-09-17,Sacramento,067,1510023,21629,20895,20,20915,385
2020-09-17,San Benito,069,59416,1303,1252,0,1252,8
2020-09-17,San Bernardino,071,2135413,52712,50770,344,51114,904
2020-09-17,San Diego,073,3302833,45551,43621,814,44435,754
2020-09-17,San Francisco,075,870044,10904,10564,25,10589,95
2020-09-17,San Joaquin,077,732212,19866,19439,47,19486,416
2020-09-17,San Luis Obispo,079,281455,3534,3299,19,3318,27
2020-09-17,San Mateo,081,765935,9835,8984,8,8992,127
2020-09-17,Santa Barbara,083,443738,9712,8779,72,8851,107
2020-09-17,Santa Clara,085,1922200,21235,19825,33,19858,254
2020-09-17,Santa Cruz,087,273765,2297,2155,27,2182,7
2020-09-17,Shasta,089,179085,800,660,4,664,12
2020-09-17,Sierra,091,2930,6,6,0,6,0
2020-09-17,Siskiyou,093,43540,154,146,10,156,0
2020-09-17,Solano,095,438530,6143,5915,41,5956,44
2020-09-17,Sonoma,097,501317,7138,6754,19,6773,114
2020-09-17,Stanislaus,099,539301,16310,15984,492,16476,277
2020-09-17,Sutter,101,95872,1645,1572,1,1573,10
2020-09-17,Tehama,103,63373,515,487,2,489,2
2020-09-17,Trinity,105,12862,42,15,6,21,0
2020-09-17,Tulare,107,460477,15845,15344,97,15441,258
2020-09-17,Tuolumne,109,53932,228,214,4,218,1
2020-09-17,Ventura,111,848112,12851,12167,138,12305,130
2020-09-17,Yolo,113,214977,2767,2724,6,2730,53
2020-09-17,Yuba,115,75493,1045,1015,5,1020,1
2020-09-16,Alameda,001,1643700,20784,20009,161,20170,333
2020-09-16,Alpine,003,1148,3,2,0,2,0
2020-09-16,Amador,005,37829,287,284,0,284,16
2020-09-16,Butte,007,227075,2845,2704,25,2729,38
2020-09-16,Calaveras,009,45235,302,254,0,254,9
2020-09-16,Colusa,011,21464,522,497,0,497,6
2020-09-16,Contra Costa,013,1133247,16382,15473,79,15552,183
2020-09-16,Del Norte,015,27424,133,131,0,131,2
2020-09-16,El Dorado,017,186661,1100,1049,0,1049,4
2020-09-16,Fresno,019,978130,29860,27381,346,27727,343
2020-09-16,Glenn,021,27897,564,539,0,539,3
2020-09-16,Humboldt,023,135768,482,455,1,456,4
2020-09-16,Imperial,025,180216,11648,10401,8,10409,277
2020-09-16,Inyo,027,18085,186,176,7,183,12
2020-09-16,Kern,029,883053,31468,30570,298,30868,371
2020-09-16,Kings,031,150075,7464,7002,38,7040,71
2020-09-16,Lake,033,64148,518,417,0,417,6
2020-09-16,Lassen,035,31185,739,730,2,732,0
2020-09-16,Los Angeles,037,10098052,260333,256101,1682,257783,6299
2020-09-16,Madera,039,155013,4399,4138,29,4167,45
2020-09-16,Marin,041,260295,6569,6430,15,6445,77
2020-09-16,Mariposa,043,17540,75,74,0,74,2
2020-09-16,Mendocino,045,87422,803,727,0,727,18
2020-09-16,Merced,047,269075,8742,8646,14,8660,118
2020-09-16,Modoc,049,8938,27,22,0,22,0
2020-09-16,Mono,051,14174,165,147,2,149,1
2020-09-16,Monterey,053,433212,9428,8997,27,9024,62
2020-09-16,Napa,055,140530,1656,1587,8,1595,11
2020-09-16,Nevada,057,99092,523,495,14,509,6
2020-09-16,Orange,059,3164182,53497,50414,1384,51798,1096
2020-09-16,Placer,061,380077,3515,3351,14,3365,39
2020-09-16,Plumas,063,18699,49,45,0,45,0
2020-09-16,Riverside,065,2383286,57294,55811,122,55933,1127
2020-09-16,Sacramento,067,1510023,21534,20610,20,20630,377
2020-09-16,San Benito,069,59416,1295,1244,0,1244,8
2020-09-16,San Bernardino,071,2135413,52486,50509,343,50852,907
2020-09-16,San Diego,073,3302833,45259,43447,793,44240,748
2020-09-16,San Francisco,075,870044,10857,10502,25,10527,90
2020-09-16,San Joaquin,077,732212,19812,19377,46,19423,409
2020-09-16,San Luis Obispo,079,281455,3504,3285,19,3304,28
2020-09-16,San Mateo,081,765935,9770,8944,8,8952,127
2020-09-16,Santa Barbara,083,443738,9680,8764,72,8836,107
2020-09-16,Santa Clara,085,1922200,21116,19684,33,19717,253
2020-09-16,Santa Cruz,087,273765,2256,2089,26,2115,7
2020-09-16,Shasta,089,179085,774,635,4,639,11
2020-09-16,Sierra,091,2930,6,6,0,6,0
2020-09-16,Siskiyou,093,43540,153,145,10,155,0
2020-09-16,Solano,095,438530,6113,5899,41,5940,44
2020-09-16,Sonoma,097,501317,7077,6731,19,6750,104
2020-09-16,Stanislaus,099,539301,16262,15897,484,16381,263
2020-09-16,Sutter,101,95872,1632,1567,1,1568,10
2020-09-16,Tehama,103,63373,507,485,2,487,2
2020-09-16,Trinity,105,12862,42,15,6,21,0
2020-09-16,Tulare,107,460477,15802,15314,90,15404,258
2020-09-16,Tuolumne,109,53932,227,210,4,214,1
2020-09-16,Ventura,111,848112,12781,12073,136,12209,130
2020-09-16,Yolo,113,214977,2760,2709,6,2715,53
2020-09-16,Yuba,115,75493,1043,1000,5,1005,1
2020-09-15,Alameda,001,1643700,20677,19931,158,20089,327
2020-09-15,Alpine,003,1148,3,2,0,2,0
2020-09-15,Amador,005,37829,286,282,0,282,16
2020-09-15,Butte,007,227075,2832,2695,23,2718,38
2020-09-15,Calaveras,009,45235,302,248,0,248,5
2020-09-15,Colusa,011,21464,516,497,0,497,6
2020-09-15,Contra Costa,013,1133247,16279,15423,78,15501,180
2020-09-15,Del Norte,015,27424,133,129,0,129,2
2020-09-15,El Dorado,017,186661,1095,1046,0,1046,4
2020-09-15,Fresno,019,978130,29753,27312,341,27653,343
2020-09-15,Glenn,021,27897,563,531,0,531,3
2020-09-15,Humboldt,023,135768,480,456,1,457,4
2020-09-15,Imperial,025,180216,11623,10376,8,10384,277
2020-09-15,Inyo,027,18085,186,176,7,183,12
2020-09-15,Kern,029,883053,31355,30429,295,30724,368
2020-09-15,Kings,031,150075,7306,6977,38,7015,70
2020-09-15,Lake,033,64148,504,416,0,416,4
2020-09-15,Lassen,035,31185,735,719,2,721,0
2020-09-15,Los Angeles,037,10098052,259218,255048,1660,256708,6269
2020-09-15,Madera,039,155013,4380,4122,29,4151,45
2020-09-15,Marin,041,260295,6538,6423,15,6438,77
2020-09-15,Mariposa,043,17540,75,74,0,74,2
2020-09-15,Mendocino,045,87422,785,724,0,724,18
2020-09-15,Merced,047,269075,8712,8633,14,8647,114
2020-09-15,Modoc,049,8938,26,21,0,21,0
2020-09-15,Mono,051,14174,165,147,2,149,1
2020-09-15,Monterey,053,433212,9379,8943,27,8970,62
2020-09-15,Napa,055,140530,1642,1580,8,1588,11
2020-09-15,Nevada,057,99092,518,494,14,508,6
2020-09-15,Orange,059,3164182,53315,50294,1369,51663,1088
2020-09-15,Placer,061,380077,3491,3331,14,3345,38
2020-09-15,Plumas,063,18699,49,44,0,44,0
2020-09-15,Riverside,065,2383286,57000,55569,112,55681,1118
2020-09-15,Sacramento,067,1510023,21391,20487,20,20507,372
2020-09-15,San Benito,069,59416,1288,1237,0,1237,7
2020-09-15,San Bernardino,071,2135413,52270,50333,342,50675,904
2020-09-15,San Diego,073,3302833,44940,43183,773,43956,742
2020-09-15,San Francisco,075,870044,10799,10414,25,10439,90
2020-09-15,San Joaquin,077,732212,19760,19313,46,19359,401
2020-09-15,San Luis Obispo,079,281455,3484,3262,19,3281,28
2020-09-15,San Mateo,081,765935,9700,8895,8,8903,127
2020-09-15,Santa Barbara,083,443738,9655,8724,71,8795,104
2020-09-15,Santa Clara,085,1922200,20980,19610,33,19643,252
2020-09-15,Santa Cruz,087,273765,2230,2079,25,2104,7
2020-09-15,Shasta,089,179085,762,627,4,631,11
2020-09-15,Sierra,091,2930,6,6,0,6,0
2020-09-15,Siskiyou,093,43540,153,143,10,153,0
2020-09-15,Solano,095,438530,6079,5878,41,5919,45
2020-09-15,Sonoma,097,501317,7038,6701,19,6720,104
2020-09-15,Stanislaus,099,539301,16214,15880,482,16362,260
2020-09-15,Sutter,101,95872,1620,1556,1,1557,10
2020-09-15,Tehama,103,63373,495,484,2,486,2
2020-09-15,Trinity,105,12862,42,15,6,21,0
2020-09-15,Tulare,107,460477,15725,15203,88,15291,254
2020-09-15,Tuolumne,109,53932,227,209,4,213,1
2020-09-15,Ventura,111,848112,12729,11932,135,12067,128
2020-09-15,Yolo,113,214977,2756,2708,6,2714,53
2020-09-15,Yuba,115,75493,1037,991,4,995,1
2020-09-14,Alameda,001,1643700,20550,19851,157,20008,306
2020-09-14,Alpine,003,1148,3,2,0,2,0
2020-09-14,Amador,005,37829,284,281,0,281,16
2020-09-14,Butte,007,227075,2815,2642,23,2665,37
2020-09-14,Calaveras,009,45235,302,244,0,244,3
2020-09-14,Colusa,011,21464,515,486,0,486,6
2020-09-14,Contra Costa,013,1133247,16155,15354,77,15431,174
2020-09-14,Del Norte,015,27424,130,116,0,116,2
2020-09-14,El Dorado,017,186661,1091,1039,0,1039,3
2020-09-14,Fresno,019,978130,29667,27232,338,27570,344
2020-09-14,Glenn,021,27897,555,521,0,521,3
2020-09-14,Humboldt,023,135768,477,437,1,438,4
2020-09-14,Imperial,025,180216,11603,10340,8,10348,273
2020-09-14,Inyo,027,18085,186,176,7,183,12
2020-09-14,Kern,029,883053,31267,30344,294,30638,368
2020-09-14,Kings,031,150075,7224,6950,38,6988,70
2020-09-14,Lake,033,64148,484,407,0,407,4
2020-09-14,Lassen,035,31185,735,719,2,721,0
2020-09-14,Los Angeles,037,10098052,258185,254622,1634,256256,6226
2020-09-14,Madera,039,155013,4366,4104,29,4133,45
2020-09-14,Marin,041,260295,6517,6409,15,6424,70
2020-09-14,Mariposa,043,17540,75,74,0,74,2
2020-09-14,Mendocino,045,87422,768,710,0,710,17
2020-09-14,Merced,047,269075,8693,8593,14,8607,112
2020-09-14,Modoc,049,8938,26,21,0,21,0
2020-09-14,Mono,051,14174,165,147,2,149,1
2020-09-14,Monterey,053,433212,9308,8845,26,8871,61
2020-09-14,Napa,055,140530,1625,1576,8,1584,11
2020-09-14,Nevada,057,99092,513,489,14,503,6
2020-09-14,Orange,059,3164182,53155,50149,1352,51501,1079
2020-09-14,Placer,061,380077,3470,3302,14,3316,38
2020-09-14,Plumas,063,18699,48,42,0,42,0
2020-09-14,Riverside,065,2383286,56781,55488,107,55595,1113
2020-09-14,Sacramento,067,1510023,21196,20377,19,20396,367
2020-09-14,San Benito,069,59416,1273,1233,0,1233,7
2020-09-14,San Bernardino,071,2135413,52046,50163,341,50504,895
2020-09-14,San Diego,073,3302833,44629,42889,753,43642,734
2020-09-14,San Francisco,075,870044,10732,10255,23,10278,90
2020-09-14,San Joaquin,077,732212,19686,19111,45,19156,397
2020-09-14,San Luis Obispo,079,281455,3459,3248,19,3267,25
2020-09-14,San Mateo,081,765935,9638,8847,8,8855,127
2020-09-14,Santa Barbara,083,443738,9629,8692,71,8763,104
2020-09-14,Santa Clara,085,1922200,20791,19545,33,19578,247
2020-09-14,Santa Cruz,087,273765,2210,2016,22,2038,7
2020-09-14,Shasta,089,179085,739,584,4,588,10
2020-09-14,Sierra,091,2930,6,6,0,6,0
2020-09-14,Siskiyou,093,43540,152,143,10,153,0
2020-09-14,Solano,095,438530,6044,5834,41,5875,44
2020-09-14,Sonoma,097,501317,6975,6630,19,6649,102
2020-09-14,Stanislaus,099,539301,16169,15812,479,16291,253
2020-09-14,Sutter,101,95872,1609,1549,1,1550,10
2020-09-14,Tehama,103,63373,493,475,2,477,1
2020-09-14,Trinity,105,12862,41,14,6,20,0
2020-09-14,Tulare,107,460477,15655,15096,82,15178,254
2020-09-14,Tuolumne,109,53932,226,208,4,212,1
2020-09-14,Ventura,111,848112,12627,11903,132,12035,125
2020-09-14,Yolo,113,214977,2745,2687,6,2693,53
2020-09-14,Yuba,115,75493,1029,977,4,981,1
2020-09-13,Alameda,001,1643700,20444,19815,154,19969,306
2020-09-13,Alpine,003,1148,3,2,0,2,0
2020-09-13,Amador,005,37829,281,279,0,279,16
2020-09-13,Butte,007,227075,2793,2640,23,2663,37
2020-09-13,Calaveras,009,45235,301,246,0,246,3
2020-09-13,Colusa,011,21464,511,486,0,486,6
2020-09-13,Contra Costa,013,1133247,16048,15284,76,15360,172
2020-09-13,Del Norte,015,27424,127,116,0,116,1
2020-09-13,El Dorado,017,186661,1086,1035,0,1035,2
2020-09-13,Fresno,019,978130,29560,27196,329,27525,345
2020-09-13,Glenn,021,27897,551,517,0,517,3
2020-09-13,Humboldt,023,135768,477,434,1,435,4
2020-09-13,Imperial,025,180216,11566,10304,7,10311,273
2020-09-13,Inyo,027,18085,186,176,7,183,12
2020-09-13,Kern,029,883053,31174,30277,287,30564,368
2020-09-13,Kings,031,150075,7205,6937,38,6975,70
2020-09-13,Lake,033,64148,465,397,0,397,4
2020-09-13,Lassen,035,31185,732,719,2,721,0
2020-09-13,Los Angeles,037,10098052,257037,253950,1618,255568,6203
2020-09-13,Madera,039,155013,4309,4090,29,4119,45
2020-09-13,Marin,041,260295,6496,6395,15,6410,70
2020-09-13,Mariposa,043,17540,75,74,0,74,2
2020-09-13,Mendocino,045,87422,761,707,0,707,17
2020-09-13,Merced,047,269075,8659,8575,14,8589,112
2020-09-13,Modoc,049,8938,26,21,0,21,0
2020-09-13,Mono,051,14174,165,147,2,149,1
2020-09-13,Monterey,053,433212,9226,8826,25,8851,61
2020-09-13,Napa,055,140530,1618,1563,8,1571,11
2020-09-13,Nevada,057,99092,505,486,14,500,6
2020-09-13,Orange,059,3164182,52942,50061,1345,51406,1075
2020-09-13,Placer,061,380077,3440,3291,14,3305,38
2020-09-13,Plumas,063,18699,48,42,0,42,0
2020-09-13,Riverside,065,2383286,56572,55235,96,55331,1108
2020-09-13,Sacramento,067,1510023,20850,20279,19,20298,367
2020-09-13,San Benito,069,59416,1265,1217,0,1217,7
2020-09-13,San Bernardino,071,2135413,51761,49968,339,50307,895
2020-09-13,San Diego,073,3302833,44303,42681,719,43400,734
2020-09-13,San Francisco,075,870044,10654,10254,23,10277,90
2020-09-13,San Joaquin,077,732212,19614,19110,44,19154,396
2020-09-13,San Luis Obispo,079,281455,3423,3240,19,3259,24
2020-09-13,San Mateo,081,765935,9577,8811,8,8819,127
2020-09-13,Santa Barbara,083,443738,9592,8690,71,8761,104
2020-09-13,Santa Clara,085,1922200,20656,19456,32,19488,245
2020-09-13,Santa Cruz,087,273765,2177,2016,20,2036,7
2020-09-13,Shasta,089,179085,727,583,4,587,10
2020-09-13,Sierra,091,2930,6,6,0,6,0
2020-09-13,Siskiyou,093,43540,152,143,9,152,0
2020-09-13,Solano,095,438530,5998,5810,41,5851,43
2020-09-13,Sonoma,097,501317,6910,6592,19,6611,95
2020-09-13,Stanislaus,099,539301,16106,15759,467,16226,253
2020-09-13,Sutter,101,95872,1596,1539,1,1540,10
2020-09-13,Tehama,103,63373,489,476,2,478,1
2020-09-13,Trinity,105,12862,41,14,6,20,0
2020-09-13,Tulare,107,460477,15583,15098,81,15179,254
2020-09-13,Tuolumne,109,53932,223,208,4,212,1
2020-09-13,Ventura,111,848112,12519,11855,131,11986,123
2020-09-13,Yolo,113,214977,2733,2675,6,2681,53
2020-09-13,Yuba,115,75493,1024,967,4,971,1
2020-09-12,Alameda,001,1643700,20385,19758,154,19912,307
2020-09-12,Alpine,003,1148,3,2,0,2,0
2020-09-12,Amador,005,37829,280,278,0,278,16
2020-09-12,Butte,007,227075,2786,2629,22,2651,37
2020-09-12,Calaveras,009,45235,299,246,0,246,3
2020-09-12,Colusa,011,21464,507,486,0,486,6
2020-09-12,Contra Costa,013,1133247,15974,15135,75,15210,174
2020-09-12,Del Norte,015,27424,126,116,0,116,1
2020-09-12,El Dorado,017,186661,1079,1034,0,1034,2
2020-09-12,Fresno,019,978130,29489,27076,329,27405,345
2020-09-12,Glenn,021,27897,550,517,0,517,3
2020-09-12,Humboldt,023,135768,476,430,1,431,4
2020-09-12,Imperial,025,180216,11554,10305,7,10312,273
2020-09-12,Inyo,027,18085,186,177,7,184,12
2020-09-12,Kern,029,883053,31108,30202,287,30489,368
2020-09-12,Kings,031,150075,7195,6895,38,6933,70
2020-09-12,Lake,033,64148,459,393,0,393,4
2020-09-12,Lassen,035,31185,732,719,2,721,0
2020-09-12,Los Angeles,037,10098052,256478,253156,1597,254753,6193
2020-09-12,Madera,039,155013,4298,4058,29,4087,43
2020-09-12,Marin,041,260295,6487,6393,15,6408,69
2020-09-12,Mariposa,043,17540,75,72,0,72,2
2020-09-12,Mendocino,045,87422,758,700,0,700,17
2020-09-12,Merced,047,269075,8650,8533,14,8547,112
2020-09-12,Modoc,049,8938,25,21,0,21,0
2020-09-12,Mono,051,14174,165,147,2,149,1
2020-09-12,Monterey,053,433212,9190,8743,25,8768,61
2020-09-12,Napa,055,140530,1615,1556,8,1564,11
2020-09-12,Nevada,057,99092,504,482,14,496,6
2020-09-12,Orange,059,3164182,52828,49895,1342,51237,1078
2020-09-12,Placer,061,380077,3423,3280,14,3294,38
2020-09-12,Plumas,063,18699,48,42,0,42,0
2020-09-12,Riverside,065,2383286,56444,55058,92,55150,1108
2020-09-12,Sacramento,067,1510023,20781,20184,19,20203,367
2020-09-12,San Benito,069,59416,1262,1208,0,1208,7
2020-09-12,San Bernardino,071,2135413,51670,49945,337,50282,896
2020-09-12,San Diego,073,3302833,44109,42416,710,43126,747
2020-09-12,San Francisco,075,870044,10609,10257,23,10280,90
2020-09-12,San Joaquin,077,732212,19586,19108,44,19152,396
2020-09-12,San Luis Obispo,079,281455,3397,3220,19,3239,24
2020-09-12,San Mateo,081,765935,9532,8759,8,8767,127
2020-09-12,Santa Barbara,083,443738,9577,8642,71,8713,104
2020-09-12,Santa Clara,085,1922200,20572,19330,32,19362,237
2020-09-12,Santa Cruz,087,273765,2165,2016,20,2036,7
2020-09-12,Shasta,089,179085,715,569,4,573,10
2020-09-12,Sierra,091,2930,6,6,0,6,0
2020-09-12,Siskiyou,093,43540,152,141,9,150,0
2020-09-12,Solano,095,438530,5974,5772,41,5813,43
2020-09-12,Sonoma,097,501317,6886,6531,19,6550,95
2020-09-12,Stanislaus,099,539301,16074,15675,464,16139,253
2020-09-12,Sutter,101,95872,1590,1529,1,1530,10
2020-09-12,Tehama,103,63373,486,471,2,473,1
2020-09-12,Trinity,105,12862,41,15,6,21,0
2020-09-12,Tulare,107,460477,15538,15018,80,15098,254
2020-09-12,Tuolumne,109,53932,223,208,4,212,1
2020-09-12,Ventura,111,848112,12468,11759,129,11888,123
2020-09-12,Yolo,113,214977,2726,2646,6,2652,53
2020-09-12,Yuba,115,75493,1020,963,4,967,1
2020-09-11,Alameda,001,1643700,20330,19625,153,19778,298
2020-09-11,Alpine,003,1148,3,2,0,2,0
2020-09-11,Amador,005,37829,280,277,0,277,16
2020-09-11,Butte,007,227075,2775,2605,22,2627,37
2020-09-11,Calaveras,009,45235,298,242,0,242,1
2020-09-11,Colusa,011,21464,506,484,0,484,6
2020-09-11,Contra Costa,013,1133247,15922,15001,72,15073,173
2020-09-11,Del Norte,015,27424,126,115,0,115,1
2020-09-11,El Dorado,017,186661,1076,1024,0,1024,2
2020-09-11,Fresno,019,978130,29409,26917,328,27245,344
2020-09-11,Glenn,021,27897,545,515,0,515,3
2020-09-11,Humboldt,023,135768,474,426,1,427,4
2020-09-11,Imperial,025,180216,11536,10286,7,10293,273
2020-09-11,Inyo,027,18085,186,176,7,183,12
2020-09-11,Kern,029,883053,31040,30059,286,30345,365
2020-09-11,Kings,031,150075,7178,6770,38,6808,70
2020-09-11,Lake,033,64148,452,382,0,382,4
2020-09-11,Lassen,035,31185,732,719,2,721,0
2020-09-11,Los Angeles,037,10098052,255797,252057,1586,253643,6172
2020-09-11,Madera,039,155013,4279,4018,29,4047,43
2020-09-11,Marin,041,260295,6484,6364,15,6379,69
2020-09-11,Mariposa,043,17540,75,72,0,72,2
2020-09-11,Mendocino,045,87422,747,700,0,700,17
2020-09-11,Merced,047,269075,8629,8489,14,8503,109
2020-09-11,Modoc,049,8938,25,21,0,21,0
2020-09-11,Mono,051,14174,165,145,2,147,1
2020-09-11,Monterey,053,433212,9142,8595,25,8620,61
2020-09-11,Napa,055,140530,1604,1543,8,1551,11
2020-09-11,Nevada,057,99092,497,483,14,497,6
2020-09-11,Orange,059,3164182,52699,49755,1330,51085,1068
2020-09-11,Placer,061,380077,3408,3254,14,3268,37
2020-09-11,Plumas,063,18699,48,42,0,42,0
2020-09-11,Riverside,065,2383286,56311,54717,89,54806,1099
2020-09-11,Sacramento,067,1510023,20696,20012,19,20031,358
2020-09-11,San Benito,069,59416,1252,1202,0,1202,7
2020-09-11,San Bernardino,071,2135413,51570,49682,337,50019,871
2020-09-11,San Diego,073,3302833,43889,41971,704,42675,730
2020-09-11,San Francisco,075,870044,10561,10133,22,10155,89
2020-09-11,San Joaquin,077,732212,19539,19019,44,19063,391
2020-09-11,San Luis Obispo,079,281455,3379,3190,19,3209,24
2020-09-11,San Mateo,081,765935,9490,8611,8,8619,127
2020-09-11,Santa Barbara,083,443738,9543,8592,70,8662,103
2020-09-11,Santa Clara,085,1922200,20483,19065,32,19097,234
2020-09-11,Santa Cruz,087,273765,2148,1997,20,2017,7
2020-09-11,Shasta,089,179085,705,568,4,572,10
2020-09-11,Sierra,091,2930,6,6,0,6,0
2020-09-11,Siskiyou,093,43540,151,139,9,148,0
2020-09-11,Solano,095,438530,5957,5742,41,5783,42
2020-09-11,Sonoma,097,501317,6841,6469,19,6488,91
2020-09-11,Stanislaus,099,539301,16036,15613,461,16074,253
2020-09-11,Sutter,101,95872,1580,1505,1,1506,11
2020-09-11,Tehama,103,63373,483,466,2,468,1
2020-09-11,Trinity,105,12862,41,16,6,22,0
2020-09-11,Tulare,107,460477,15507,14932,78,15010,251
2020-09-11,Tuolumne,109,53932,223,208,4,212,1
2020-09-11,Ventura,111,848112,12414,11700,127,11827,123
2020-09-11,Yolo,113,214977,2715,2632,6,2638,53
2020-09-11,Yuba,115,75493,1012,946,4,950,1
2020-09-10,Alameda,001,1643700,20256,19509,153,19662,292
2020-09-10,Alpine,003,1148,3,2,0,2,0
2020-09-10,Amador,005,37829,279,277,0,277,16
2020-09-10,Butte,007,227075,2758,2590,22,2612,37
2020-09-10,Calaveras,009,45235,298,244,0,244,1
2020-09-10,Colusa,011,21464,504,482,0,482,6
2020-09-10,Contra Costa,013,1133247,15852,14909,72,14981,172
2020-09-10,Del Norte,015,27424,125,112,0,112,1
2020-09-10,El Dorado,017,186661,1073,1020,0,1020,2
2020-09-10,Fresno,019,978130,29287,26783,328,27111,338
2020-09-10,Glenn,021,27897,535,511,0,511,3
2020-09-10,Humboldt,023,135768,463,422,1,423,4
2020-09-10,Imperial,025,180216,11520,10251,7,10258,270
2020-09-10,Inyo,027,18085,185,176,7,183,11
2020-09-10,Kern,029,883053,30958,29988,282,30270,363
2020-09-10,Kings,031,150075,7148,6739,38,6777,70
2020-09-10,Lake,033,64148,445,377,0,377,4
2020-09-10,Lassen,035,31185,731,716,2,718,0
2020-09-10,Los Angeles,037,10098052,254817,251003,1564,252567,6132
2020-09-10,Madera,039,155013,4261,3979,29,4008,43
2020-09-10,Marin,041,260295,6473,6344,15,6359,68
2020-09-10,Mariposa,043,17540,75,72,0,72,2
2020-09-10,Mendocino,045,87422,737,697,0,697,16
2020-09-10,Merced,047,269075,8583,8461,14,8475,109
2020-09-10,Modoc,049,8938,25,21,0,21,0
2020-09-10,Mono,051,14174,165,145,2,147,1
2020-09-10,Monterey,053,433212,9072,8570,25,8595,59
2020-09-10,Napa,055,140530,1598,1536,8,1544,11
2020-09-10,Nevada,057,99092,493,478,14,492,6
2020-09-10,Orange,059,3164182,52535,49617,1324,50941,1057
2020-09-10,Placer,061,380077,3389,3233,14,3247,37
2020-09-10,Plumas,063,18699,48,42,0,42,0
2020-09-10,Riverside,065,2383286,55993,54417,86,54503,1091
2020-09-10,Sacramento,067,1510023,20574,19618,18,19636,354
2020-09-10,San Benito,069,59416,1246,1201,0,1201,5
2020-09-10,San Bernardino,071,2135413,51381,49467,335,49802,867
2020-09-10,San Diego,073,3302833,43623,41610,677,42287,725
2020-09-10,San Francisco,075,870044,10484,10082,22,10104,89
2020-09-10,San Joaquin,077,732212,19486,18854,44,18898,389
2020-09-10,San Luis Obispo,079,281455,3366,3161,19,3180,24
2020-09-10,San Mateo,081,765935,9444,8529,8,8537,125
2020-09-10,Santa Barbara,083,443738,9499,8552,70,8622,100
2020-09-10,Santa Clara,085,1922200,20369,18870,32,18902,231
2020-09-10,Santa Cruz,087,273765,2133,1986,18,2004,7
2020-09-10,Shasta,089,179085,694,566,4,570,10
2020-09-10,Sierra,091,2930,6,6,0,6,0
2020-09-10,Siskiyou,093,43540,151,137,9,146,0
2020-09-10,Solano,095,438530,5917,5696,41,5737,42
2020-09-10,Sonoma,097,501317,6792,6424,19,6443,91
2020-09-10,Stanislaus,099,539301,15982,15509,456,15965,243
2020-09-10,Sutter,101,95872,1568,1494,1,1495,11
2020-09-10,Tehama,103,63373,476,466,2,468,1
2020-09-10,Trinity,105,12862,41,15,6,21,0
2020-09-10,Tulare,107,460477,15452,14860,75,14935,250
2020-09-10,Tuolumne,109,53932,222,205,4,209,1
2020-09-10,Ventura,111,848112,12320,11600,120,11720,122
2020-09-10,Yolo,113,214977,2710,2612,6,2618,53
2020-09-10,Yuba,115,75493,1006,941,4,945,1
2020-09-09,Alameda,001,1643700,20177,19399,152,19551,289
2020-09-09,Alpine,003,1148,3,2,0,2,0
2020-09-09,Amador,005,37829,278,276,0,276,16
2020-09-09,Butte,007,227075,2741,2561,22,2583,37
2020-09-09,Calaveras,009,45235,298,242,0,242,1
2020-09-09,Colusa,011,21464,499,479,0,479,6
2020-09-09,Contra Costa,013,1133247,15766,14816,72,14888,171
2020-09-09,Del Norte,015,27424,121,109,0,109,1
2020-09-09,El Dorado,017,186661,1070,1020,0,1020,2
2020-09-09,Fresno,019,978130,29184,26724,323,27047,329
2020-09-09,Glenn,021,27897,532,508,0,508,3
2020-09-09,Humboldt,023,135768,461,420,1,421,4
2020-09-09,Imperial,025,180216,11499,10233,7,10240,268
2020-09-09,Inyo,027,18085,184,173,7,180,2
2020-09-09,Kern,029,883053,30859,29925,279,30204,355
2020-09-09,Kings,031,150075,7130,6721,38,6759,72
2020-09-09,Lake,033,64148,437,371,0,371,4
2020-09-09,Lassen,035,31185,730,714,2,716,0
2020-09-09,Los Angeles,037,10098052,253934,249876,1545,251421,6091
2020-09-09,Madera,039,155013,4235,3926,29,3955,43
2020-09-09,Marin,041,260295,6454,6321,15,6336,68
2020-09-09,Mariposa,043,17540,74,72,0,72,2
2020-09-09,Mendocino,045,87422,729,695,0,695,16
2020-09-09,Merced,047,269075,8557,8441,14,8455,107
2020-09-09,Modoc,049,8938,24,20,0,20,0
2020-09-09,Mono,051,14174,165,145,2,147,1
2020-09-09,Monterey,053,433212,9000,8527,25,8552,59
2020-09-09,Napa,055,140530,1588,1531,8,1539,11
2020-09-09,Nevada,057,99092,489,476,14,490,6
2020-09-09,Orange,059,3164182,52356,49394,1316,50710,1054
2020-09-09,Placer,061,380077,3369,3222,14,3236,36
2020-09-09,Plumas,063,18699,46,42,0,42,0
2020-09-09,Riverside,065,2383286,55763,54320,83,54403,1081
2020-09-09,Sacramento,067,1510023,20468,19474,18,19492,347
2020-09-09,San Benito,069,59416,1242,1199,0,1199,5
2020-09-09,San Bernardino,071,2135413,51183,49264,334,49598,866
2020-09-09,San Diego,073,3302833,43334,41326,665,41991,721
2020-09-09,San Francisco,075,870044,10434,9996,21,10017,86
2020-09-09,San Joaquin,077,732212,19422,18799,43,18842,388
2020-09-09,San Luis Obispo,079,281455,3348,3131,19,3150,24
2020-09-09,San Mateo,081,765935,9383,8478,8,8486,125
2020-09-09,Santa Barbara,083,443738,9456,8528,70,8598,97
2020-09-09,Santa Clara,085,1922200,20237,18759,32,18791,228
2020-09-09,Santa Cruz,087,273765,2110,1967,18,1985,7
2020-09-09,Shasta,089,179085,682,562,4,566,10
2020-09-09,Sierra,091,2930,6,6,0,6,0
2020-09-09,Siskiyou,093,43540,149,137,9,146,0
2020-09-09,Solano,095,438530,5885,5680,41,5721,36
2020-09-09,Sonoma,097,501317,6725,6397,19,6416,92
2020-09-09,Stanislaus,099,539301,15943,15469,445,15914,243
2020-09-09,Sutter,101,95872,1560,1487,1,1488,11
2020-09-09,Tehama,103,63373,473,462,2,464,1
2020-09-09,Trinity,105,12862,41,14,6,20,0
2020-09-09,Tulare,107,460477,15403,14787,70,14857,249
2020-09-09,Tuolumne,109,53932,221,204,4,208,1
2020-09-09,Ventura,111,848112,12231,11497,117,11614,121
2020-09-09,Yolo,113,214977,2699,2604,6,2610,53
2020-09-09,Yuba,115,75493,1001,936,4,940,1
2020-09-08,Alameda,001,1643700,20069,19293,152,19445,288
2020-09-08,Alpine,003,1148,3,2,0,2,0
2020-09-08,Amador,005,37829,278,276,0,276,16
2020-09-08,Butte,007,227075,2723,2453,22,2475,36
2020-09-08,Calaveras,009,45235,296,233,0,233,1
2020-09-08,Colusa,011,21464,497,475,0,475,6
2020-09-08,Contra Costa,013,1133247,15638,14740,69,14809,171
2020-09-08,Del Norte,015,27424,121,109,0,109,2
2020-09-08,El Dorado,017,186661,1067,1011,0,1011,2
2020-09-08,Fresno,019,978130,29065,26640,319,26959,329
2020-09-08,Glenn,021,27897,528,492,0,492,3
2020-09-08,Humboldt,023,135768,459,420,1,421,4
2020-09-08,Imperial,025,180216,11483,10198,7,10205,267
2020-09-08,Inyo,027,18085,184,169,7,176,2
2020-09-08,Kern,029,883053,30773,29850,277,30127,351
2020-09-08,Kings,031,150075,7092,6658,38,6696,72
2020-09-08,Lake,033,64148,427,370,0,370,4
2020-09-08,Lassen,035,31185,730,710,2,712,0
2020-09-08,Los Angeles,037,10098052,252999,249217,1517,250734,6034
2020-09-08,Madera,039,155013,4211,3904,29,3933,43
2020-09-08,Marin,041,260295,6423,6313,15,6328,68
2020-09-08,Mariposa,043,17540,74,72,0,72,2
2020-09-08,Mendocino,045,87422,722,690,0,690,16
2020-09-08,Merced,047,269075,8534,8381,14,8395,104
2020-09-08,Modoc,049,8938,24,20,0,20,0
2020-09-08,Mono,051,14174,165,145,2,147,1
2020-09-08,Monterey,053,433212,8915,8491,25,8516,59
2020-09-08,Napa,055,140530,1584,1518,8,1526,11
2020-09-08,Nevada,057,99092,489,470,14,484,6
2020-09-08,Orange,059,3164182,52215,49214,1312,50526,1044
2020-09-08,Placer,061,380077,3355,3205,14,3219,36
2020-09-08,Plumas,063,18699,46,42,0,42,0
2020-09-08,Riverside,065,2383286,55550,54168,80,54248,1069
2020-09-08,Sacramento,067,1510023,20233,19411,17,19428,347
2020-09-08,San Benito,069,59416,1235,1188,0,1188,5
2020-09-08,San Bernardino,071,2135413,50994,49034,333,49367,856
2020-09-08,San Diego,073,3302833,43018,41079,653,41732,709
2020-09-08,San Francisco,075,870044,10361,9821,21,9842,86
2020-09-08,San Joaquin,077,732212,19344,18550,43,18593,388
2020-09-08,San Luis Obispo,079,281455,3334,3120,19,3139,23
2020-09-08,San Mateo,081,765935,9307,8460,8,8468,125
2020-09-08,Santa Barbara,083,443738,9422,8488,69,8557,96
2020-09-08,Santa Clara,085,1922200,20061,18645,32,18677,228
2020-09-08,Santa Cruz,087,273765,2082,1903,18,1921,7
2020-09-08,Shasta,089,179085,674,556,4,560,10
2020-09-08,Sierra,091,2930,6,6,0,6,0
2020-09-08,Siskiyou,093,43540,147,136,9,145,0
2020-09-08,Solano,095,438530,5848,5654,41,5695,36
2020-09-08,Sonoma,097,501317,6656,6356,19,6375,92
2020-09-08,Stanislaus,099,539301,15879,15415,433,15848,238
2020-09-08,Sutter,101,95872,1545,1473,1,1474,11
2020-09-08,Tehama,103,63373,469,458,2,460,1
2020-09-08,Trinity,105,12862,40,13,6,19,0
2020-09-08,Tulare,107,460477,15323,14635,69,14704,249
2020-09-08,Tuolumne,109,53932,220,197,4,201,1
2020-09-08,Ventura,111,848112,12162,11475,114,11589,118
2020-09-08,Yolo,113,214977,2689,2580,6,2586,53
2020-09-08,Yuba,115,75493,989,923,4,927,1
2020-09-07,Alameda,001,1643700,19947,19188,146,19334,281
2020-09-07,Alpine,003,1148,3,2,0,2,0
2020-09-07,Amador,005,37829,278,276,0,276,16
2020-09-07,Butte,007,227075,2690,2450,21,2471,30
2020-09-07,Calaveras,009,45235,286,234,0,234,1
2020-09-07,Colusa,011,21464,496,475,0,475,6
2020-09-07,Contra Costa,013,1133247,15525,14637,66,14703,172
2020-09-07,Del Norte,015,27424,121,109,0,109,2
2020-09-07,El Dorado,017,186661,1056,1011,0,1011,2
2020-09-07,Fresno,019,978130,28971,26565,316,26881,329
2020-09-07,Glenn,021,27897,523,488,0,488,3
2020-09-07,Humboldt,023,135768,450,416,1,417,4
2020-09-07,Imperial,025,180216,11452,10199,7,10206,267
2020-09-07,Inyo,027,18085,184,169,7,176,2
2020-09-07,Kern,029,883053,30652,29790,272,30062,348
2020-09-07,Kings,031,150075,6968,6630,38,6668,72
2020-09-07,Lake,033,64148,404,367,0,367,2
2020-09-07,Lassen,035,31185,730,709,2,711,0
2020-09-07,Los Angeles,037,10098052,251953,248804,1495,250299,6030
2020-09-07,Madera,039,155013,4180,3889,28,3917,43
2020-09-07,Marin,041,260295,6393,6296,15,6311,67
2020-09-07,Mariposa,043,17540,74,72,0,72,2
2020-09-07,Mendocino,045,87422,714,687,0,687,16
2020-09-07,Merced,047,269075,8487,8381,14,8395,104
2020-09-07,Modoc,049,8938,23,20,0,20,0
2020-09-07,Mono,051,14174,165,145,2,147,1
2020-09-07,Monterey,053,433212,8836,8463,25,8488,57
2020-09-07,Napa,055,140530,1572,1514,8,1522,11
2020-09-07,Nevada,057,99092,487,469,14,483,6
2020-09-07,Orange,059,3164182,52042,49132,1308,50440,1042
2020-09-07,Placer,061,380077,3324,3188,13,3201,36
2020-09-07,Plumas,063,18699,45,42,0,42,0
2020-09-07,Riverside,065,2383286,55274,54178,75,54253,1069
2020-09-07,Sacramento,067,1510023,19990,19292,17,19309,345
2020-09-07,San Benito,069,59416,1229,1180,0,1180,4
2020-09-07,San Bernardino,071,2135413,50766,49043,331,49374,821
2020-09-07,San Diego,073,3302833,42618,40868,626,41494,708
2020-09-07,San Francisco,075,870044,10311,9813,20,9833,85
2020-09-07,San Joaquin,077,732212,19263,18552,41,18593,386
2020-09-07,San Luis Obispo,079,281455,3297,3116,19,3135,23
2020-09-07,San Mateo,081,765935,9225,8409,8,8417,125
2020-09-07,Santa Barbara,083,443738,9380,8479,69,8548,95
2020-09-07,Santa Clara,085,1922200,19903,18596,31,18627,226
2020-09-07,Santa Cruz,087,273765,2054,1902,18,1920,7
2020-09-07,Shasta,089,179085,664,556,4,560,10
2020-09-07,Sierra,091,2930,6,6,0,6,0
2020-09-07,Siskiyou,093,43540,146,133,9,142,0
2020-09-07,Solano,095,438530,5783,5640,41,5681,36
2020-09-07,Sonoma,097,501317,6589,6268,19,6287,85
2020-09-07,Stanislaus,099,539301,15814,15343,420,15763,236
2020-09-07,Sutter,101,95872,1528,1468,1,1469,11
2020-09-07,Tehama,103,63373,466,453,2,455,1
2020-09-07,Trinity,105,12862,40,13,6,19,0
2020-09-07,Tulare,107,460477,15217,14637,67,14704,249
2020-09-07,Tuolumne,109,53932,219,196,4,200,1
2020-09-07,Ventura,111,848112,12067,11463,111,11574,118
2020-09-07,Yolo,113,214977,2672,2565,5,2570,53
2020-09-07,Yuba,115,75493,973,923,3,926,1
2020-09-06,Alameda,001,1643700,19889,19029,144,19173,281
2020-09-06,Alpine,003,1148,3,2,0,2,0
2020-09-06,Amador,005,37829,276,275,0,275,16
2020-09-06,Butte,007,227075,2681,2446,21,2467,30
2020-09-06,Calaveras,009,45235,286,235,0,235,1
2020-09-06,Colusa,011,21464,492,475,0,475,6
2020-09-06,Contra Costa,013,1133247,15445,14565,65,14630,171
2020-09-06,Del Norte,015,27424,121,109,0,109,2
2020-09-06,El Dorado,017,186661,1054,1008,0,1008,2
2020-09-06,Fresno,019,978130,28907,26471,314,26785,329
2020-09-06,Glenn,021,27897,517,474,0,474,3
2020-09-06,Humboldt,023,135768,447,404,1,405,4
2020-09-06,Imperial,025,180216,11435,10152,7,10159,267
2020-09-06,Inyo,027,18085,184,169,7,176,2
2020-09-06,Kern,029,883053,30596,29699,268,29967,348
2020-09-06,Kings,031,150075,6948,6561,37,6598,72
2020-09-06,Lake,033,64148,401,362,0,362,2
2020-09-06,Lassen,035,31185,730,709,2,711,0
2020-09-06,Los Angeles,037,10098052,251324,248316,1480,249796,6004
2020-09-06,Madera,039,155013,4136,3867,28,3895,42
2020-09-06,Marin,041,260295,6381,6276,15,6291,67
2020-09-06,Mariposa,043,17540,74,72,0,72,2
2020-09-06,Mendocino,045,87422,713,672,0,672,16
2020-09-06,Merced,047,269075,8467,8327,14,8341,104
2020-09-06,Modoc,049,8938,23,20,0,20,0
2020-09-06,Mono,051,14174,164,145,2,147,1
2020-09-06,Monterey,053,433212,8797,8403,24,8427,56
2020-09-06,Napa,055,140530,1568,1501,6,1507,11
2020-09-06,Nevada,057,99092,487,467,14,481,6
2020-09-06,Orange,059,3164182,51929,48931,1304,50235,1042
2020-09-06,Placer,061,380077,3307,3169,13,3182,36
2020-09-06,Plumas,063,18699,44,42,0,42,0
2020-09-06,Riverside,065,2383286,55158,53970,73,54043,1069
2020-09-06,Sacramento,067,1510023,19895,19128,17,19145,340
2020-09-06,San Benito,069,59416,1227,1178,0,1178,4
2020-09-06,San Bernardino,071,2135413,50657,48923,331,49254,823
2020-09-06,San Diego,073,3302833,42370,40652,620,41272,707
2020-09-06,San Francisco,075,870044,10237,9813,20,9833,85
2020-09-06,San Joaquin,077,732212,19214,18558,41,18599,386
2020-09-06,San Luis Obispo,079,281455,3286,3101,19,3120,23
2020-09-06,San Mateo,081,765935,9172,8387,8,8395,125
2020-09-06,Santa Barbara,083,443738,9350,8434,69,8503,95
2020-09-06,Santa Clara,085,1922200,19802,18495,31,18526,207
2020-09-06,Santa Cruz,087,273765,2047,1902,18,1920,7
2020-09-06,Shasta,089,179085,658,550,4,554,10
2020-09-06,Sierra,091,2930,6,6,0,6,0
2020-09-06,Siskiyou,093,43540,146,132,9,141,0
2020-09-06,Solano,095,438530,5757,5619,41,5660,37
2020-09-06,Sonoma,097,501317,6560,6212,19,6231,85
2020-09-06,Stanislaus,099,539301,15770,15288,416,15704,236
2020-09-06,Sutter,101,95872,1515,1451,1,1452,11
2020-09-06,Tehama,103,63373,465,455,2,457,1
2020-09-06,Trinity,105,12862,39,13,6,19,0
2020-09-06,Tulare,107,460477,15174,14636,66,14702,249
2020-09-06,Tuolumne,109,53932,216,194,4,198,1
2020-09-06,Ventura,111,848112,12022,11315,111,11426,118
2020-09-06,Yolo,113,214977,2658,2556,5,2561,53
2020-09-06,Yuba,115,75493,965,913,3,916,1
2020-09-05,Alameda,001,1643700,19842,18973,142,19115,279
2020-09-05,Alpine,003,1148,3,2,0,2,0
2020-09-05,Amador,005,37829,276,274,0,274,16
2020-09-05,Butte,007,227075,2665,2406,20,2426,30
2020-09-05,Calaveras,009,45235,286,237,0,237,1
2020-09-05,Colusa,011,21464,488,472,0,472,6
2020-09-05,Contra Costa,013,1133247,15368,14456,63,14519,173
2020-09-05,Del Norte,015,27424,121,109,0,109,2
2020-09-05,El Dorado,017,186661,1054,1007,0,1007,2
2020-09-05,Fresno,019,978130,28839,26325,314,26639,331
2020-09-05,Glenn,021,27897,516,474,0,474,3
2020-09-05,Humboldt,023,135768,445,402,1,403,4
2020-09-05,Imperial,025,180216,11418,10151,7,10158,268
2020-09-05,Inyo,027,18085,184,169,7,176,2
2020-09-05,Kern,029,883053,30536,29645,264,29909,347
2020-09-05,Kings,031,150075,6939,6518,37,6555,66
2020-09-05,Lake,033,64148,398,359,0,359,2
2020-09-05,Lassen,035,31185,730,709,2,711,0
2020-09-05,Los Angeles,037,10098052,250789,247572,1468,249040,6001
2020-09-05,Madera,039,155013,4095,3851,28,3879,42
2020-09-05,Marin,041,260295,6374,6259,15,6274,66
2020-09-05,Mariposa,043,17540,74,72,0,72,2
2020-09-05,Mendocino,045,87422,712,658,0,658,16
2020-09-05,Merced,047,269075,8435,8297,12,8309,104
2020-09-05,Modoc,049,8938,23,19,0,19,0
2020-09-05,Mono,051,14174,164,145,2,147,1
2020-09-05,Monterey,053,433212,8767,8301,24,8325,56
2020-09-05,Napa,055,140530,1562,1484,6,1490,11
2020-09-05,Nevada,057,99092,484,461,14,475,6
2020-09-05,Orange,059,3164182,51827,48726,1299,50025,1039
2020-09-05,Placer,061,380077,3297,3141,13,3154,35
2020-09-05,Plumas,063,18699,44,42,0,42,0
2020-09-05,Riverside,065,2383286,55053,53780,73,53853,1066
2020-09-05,Sacramento,067,1510023,19804,18955,17,18972,339
2020-09-05,San Benito,069,59416,1225,1153,0,1153,4
2020-09-05,San Bernardino,071,2135413,50582,48800,330,49130,825
2020-09-05,San Diego,073,3302833,42177,40344,608,40952,717
2020-09-05,San Francisco,075,870044,10204,9812,19,9831,85
2020-09-05,San Joaquin,077,732212,19186,18557,41,18598,386
2020-09-05,San Luis Obispo,079,281455,3276,3083,19,3102,23
2020-09-05,San Mateo,081,765935,9127,8352,8,8360,124
2020-09-05,Santa Barbara,083,443738,9333,8404,69,8473,96
2020-09-05,Santa Clara,085,1922200,19717,18311,31,18342,207
2020-09-05,Santa Cruz,087,273765,2039,1904,18,1922,7
2020-09-05,Shasta,089,179085,657,544,4,548,10
2020-09-05,Sierra,091,2930,6,6,0,6,0
2020-09-05,Siskiyou,093,43540,145,131,9,140,0
2020-09-05,Solano,095,438530,5745,5579,41,5620,37
2020-09-05,Sonoma,097,501317,6527,6149,19,6168,85
2020-09-05,Stanislaus,099,539301,15722,15198,412,15610,236
2020-09-05,Sutter,101,95872,1508,1445,1,1446,11
2020-09-05,Tehama,103,63373,464,447,2,449,1
2020-09-05,Trinity,105,12862,39,13,6,19,0
2020-09-05,Tulare,107,460477,15118,14576,64,14640,249
2020-09-05,Tuolumne,109,53932,216,194,4,198,1
2020-09-05,Ventura,111,848112,11979,11254,111,11365,118
2020-09-05,Yolo,113,214977,2648,2534,5,2539,53
2020-09-05,Yuba,115,75493,959,902,3,905,1
2020-09-04,Alameda,001,1643700,19774,18843,140,18983,276
2020-09-04,Alpine,003,1148,3,2,0,2,0
2020-09-04,Amador,005,37829,275,274,0,274,16
2020-09-04,Butte,007,227075,2642,2325,20,2345,28
2020-09-04,Calaveras,009,45235,284,237,0,237,1
2020-09-04,Colusa,011,21464,486,467,0,467,6
2020-09-04,Contra Costa,013,1133247,15288,14355,62,14417,164
2020-09-04,Del Norte,015,27424,121,109,0,109,2
2020-09-04,El Dorado,017,186661,1050,992,0,992,2
2020-09-04,Fresno,019,978130,28734,26147,313,26460,321
2020-09-04,Glenn,021,27897,508,463,0,463,3
2020-09-04,Humboldt,023,135768,440,390,1,391,4
2020-09-04,Imperial,025,180216,11409,10136,7,10143,267
2020-09-04,Inyo,027,18085,184,169,7,176,2
2020-09-04,Kern,029,883053,30468,29526,261,29787,345
2020-09-04,Kings,031,150075,6926,6259,37,6296,66
2020-09-04,Lake,033,64148,398,347,0,347,2
2020-09-04,Lassen,035,31185,730,708,2,710,0
2020-09-04,Los Angeles,037,10098052,250216,246396,1448,247844,5977
2020-09-04,Madera,039,155013,4082,3838,28,3866,42
2020-09-04,Marin,041,260295,6362,6251,15,6266,66
2020-09-04,Mariposa,043,17540,74,72,0,72,2
2020-09-04,Mendocino,045,87422,710,646,0,646,16
2020-09-04,Merced,047,269075,8415,8214,12,8226,104
2020-09-04,Modoc,049,8938,23,15,0,15,0
2020-09-04,Mono,051,14174,164,145,2,147,1
2020-09-04,Monterey,053,433212,8722,8208,24,8232,56
2020-09-04,Napa,055,140530,1553,1475,6,1481,11
2020-09-04,Nevada,057,99092,481,455,14,469,6
2020-09-04,Orange,059,3164182,51703,48488,1292,49780,1031
2020-09-04,Placer,061,380077,3285,3101,13,3114,35
2020-09-04,Plumas,063,18699,44,42,0,42,0
2020-09-04,Riverside,065,2383286,54940,53606,68,53674,1066
2020-09-04,Sacramento,067,1510023,19716,18765,17,18782,337
2020-09-04,San Benito,069,59416,1216,1137,0,1137,4
2020-09-04,San Bernardino,071,2135413,50489,48497,328,48825,800
2020-09-04,San Diego,073,3302833,41947,39901,599,40500,701
2020-09-04,San Francisco,075,870044,10164,9694,18,9712,85
2020-09-04,San Joaquin,077,732212,19132,18438,41,18479,376
2020-09-04,San Luis Obispo,079,281455,3261,3049,18,3067,21
2020-09-04,San Mateo,081,765935,9083,8275,8,8283,122
2020-09-04,Santa Barbara,083,443738,9302,8340,69,8409,96
2020-09-04,Santa Clara,085,1922200,19609,18074,31,18105,209
2020-09-04,Santa Cruz,087,273765,2022,1896,17,1913,7
2020-09-04,Shasta,089,179085,654,536,4,540,10
2020-09-04,Sierra,091,2930,6,6,0,6,0
2020-09-04,Siskiyou,093,43540,145,129,9,138,0
2020-09-04,Solano,095,438530,5732,5552,41,5593,37
2020-09-04,Sonoma,097,501317,6462,6050,19,6069,85
2020-09-04,Stanislaus,099,539301,15687,15074,403,15477,233
2020-09-04,Sutter,101,95872,1492,1425,1,1426,11
2020-09-04,Tehama,103,63373,460,442,2,444,1
2020-09-04,Trinity,105,12862,39,13,6,19,0
2020-09-04,Tulare,107,460477,15090,14501,60,14561,247
2020-09-04,Tuolumne,109,53932,216,193,4,197,1
2020-09-04,Ventura,111,848112,11937,11171,111,11282,114
2020-09-04,Yolo,113,214977,2634,2495,5,2500,53
2020-09-04,Yuba,115,75493,954,884,3,887,1
2020-09-03,Alameda,001,1643700,19671,18687,140,18827,275
2020-09-03,Alpine,003,1148,3,2,0,2,0
2020-09-03,Amador,005,37829,275,274,0,274,16
2020-09-03,Butte,007,227075,2597,2274,20,2294,27
2020-09-03,Calaveras,009,45235,283,238,0,238,1
2020-09-03,Colusa,011,21464,484,464,0,464,6
2020-09-03,Contra Costa,013,1133247,15181,14206,59,14265,159
2020-09-03,Del Norte,015,27424,118,109,0,109,2
2020-09-03,El Dorado,017,186661,1046,983,0,983,2
2020-09-03,Fresno,019,978130,28616,25978,307,26285,313
2020-09-03,Glenn,021,27897,504,460,0,460,3
2020-09-03,Humboldt,023,135768,435,390,1,391,4
2020-09-03,Imperial,025,180216,11389,10083,6,10089,255
2020-09-03,Inyo,027,18085,182,171,7,178,3
2020-09-03,Kern,029,883053,30376,29426,246,29672,340
2020-09-03,Kings,031,150075,6846,6200,37,6237,64
2020-09-03,Lake,033,64148,389,347,0,347,2
2020-09-03,Lassen,035,31185,730,707,2,709,0
2020-09-03,Los Angeles,037,10098052,249339,245026,1427,246453,5931
2020-09-03,Madera,039,155013,4063,3780,28,3808,43
2020-09-03,Marin,041,260295,6343,6175,15,6190,66
2020-09-03,Mariposa,043,17540,74,71,0,71,2
2020-09-03,Mendocino,045,87422,701,638,0,638,16
2020-09-03,Merced,047,269075,8373,8136,12,8148,105
2020-09-03,Modoc,049,8938,23,14,0,14,0
2020-09-03,Mono,051,14174,163,144,2,146,1
2020-09-03,Monterey,053,433212,8668,8128,24,8152,56
2020-09-03,Napa,055,140530,1546,1466,6,1472,10
2020-09-03,Nevada,057,99092,478,453,14,467,6
2020-09-03,Orange,059,3164182,51515,48226,1277,49503,1009
2020-09-03,Placer,061,380077,3267,3069,13,3082,34
2020-09-03,Plumas,063,18699,44,39,0,39,0
2020-09-03,Riverside,065,2383286,54760,53341,64,53405,1052
2020-09-03,Sacramento,067,1510023,19588,18553,16,18569,328
2020-09-03,San Benito,069,59416,1205,1121,0,1121,4
2020-09-03,San Bernardino,071,2135413,50324,48165,327,48492,800
2020-09-03,San Diego,073,3302833,41633,39448,583,40031,700
2020-09-03,San Francisco,075,870044,10098,9636,16,9652,84
2020-09-03,San Joaquin,077,732212,19055,18331,41,18372,371
2020-09-03,San Luis Obispo,079,281455,3244,3023,18,3041,21
2020-09-03,San Mateo,081,765935,9009,8211,8,8219,122
2020-09-03,Santa Barbara,083,443738,9255,8277,69,8346,96
2020-09-03,Santa Clara,085,1922200,19429,17879,31,17910,208
2020-09-03,Santa Cruz,087,273765,2007,1870,17,1887,7
2020-09-03,Shasta,089,179085,649,535,4,539,10
2020-09-03,Sierra,091,2930,6,6,0,6,0
2020-09-03,Siskiyou,093,43540,145,128,9,137,0
2020-09-03,Solano,095,438530,5712,5499,40,5539,36
2020-09-03,Sonoma,097,501317,6400,5997,19,6016,62
2020-09-03,Stanislaus,099,539301,15635,14985,399,15384,217
2020-09-03,Sutter,101,95872,1482,1412,1,1413,11
2020-09-03,Tehama,103,63373,456,436,2,438,1
2020-09-03,Trinity,105,12862,37,13,6,19,0
2020-09-03,Tulare,107,460477,15024,14408,59,14467,244
2020-09-03,Tuolumne,109,53932,216,193,4,197,1
2020-09-03,Ventura,111,848112,11819,11109,108,11217,112
2020-09-03,Yolo,113,214977,2618,2475,5,2480,53
2020-09-03,Yuba,115,75493,947,867,3,870,1
2020-09-02,Alameda,001,1643700,19551,18522,137,18659,260
2020-09-02,Alpine,003,1148,3,2,0,2,0
2020-09-02,Amador,005,37829,275,245,0,245,14
2020-09-02,Butte,007,227075,2551,2241,20,2261,27
2020-09-02,Calaveras,009,45235,282,235,0,235,1
2020-09-02,Colusa,011,21464,480,460,0,460,6
2020-09-02,Contra Costa,013,1133247,15092,14097,57,14154,159
2020-09-02,Del Norte,015,27424,117,109,0,109,2
2020-09-02,El Dorado,017,186661,1042,975,0,975,2
2020-09-02,Fresno,019,978130,28469,25785,304,26089,292
2020-09-02,Glenn,021,27897,499,457,0,457,3
2020-09-02,Humboldt,023,135768,432,381,1,382,4
2020-09-02,Imperial,025,180216,11373,9832,6,9838,255
2020-09-02,Inyo,027,18085,182,171,7,178,3
2020-09-02,Kern,029,883053,30284,29288,240,29528,335
2020-09-02,Kings,031,150075,6761,6142,37,6179,64
2020-09-02,Lake,033,64148,385,342,0,342,2
2020-09-02,Lassen,035,31185,728,706,2,708,0
2020-09-02,Los Angeles,037,10098052,248396,243999,1399,245398,5887
2020-09-02,Madera,039,155013,4043,3735,28,3763,41
2020-09-02,Marin,041,260295,6328,6131,15,6146,66
2020-09-02,Mariposa,043,17540,74,71,0,71,2
2020-09-02,Mendocino,045,87422,691,636,0,636,15
2020-09-02,Merced,047,269075,8342,8097,11,8108,103
2020-09-02,Modoc,049,8938,22,11,0,11,0
2020-09-02,Mono,051,14174,163,145,2,147,1
2020-09-02,Monterey,053,433212,8604,8070,24,8094,56
2020-09-02,Napa,055,140530,1534,1454,6,1460,10
2020-09-02,Nevada,057,99092,472,452,13,465,6
2020-09-02,Orange,059,3164182,51333,47871,1267,49138,994
2020-09-02,Placer,061,380077,3242,3047,12,3059,33
2020-09-02,Plumas,063,18699,44,39,0,39,0
2020-09-02,Riverside,065,2383286,54558,52923,61,52984,1032
2020-09-02,Sacramento,067,1510023,19355,18355,15,18370,316
2020-09-02,San Benito,069,59416,1192,1107,0,1107,4
2020-09-02,San Bernardino,071,2135413,50161,47766,324,48090,794
2020-09-02,San Diego,073,3302833,41313,39123,569,39692,695
2020-09-02,San Francisco,075,870044,10029,9587,16,9603,84
2020-09-02,San Joaquin,077,732212,18974,18194,40,18234,352
2020-09-02,San Luis Obispo,079,281455,3218,3002,17,3019,21
2020-09-02,San Mateo,081,765935,8952,8148,8,8156,122
2020-09-02,Santa Barbara,083,443738,9200,8206,68,8274,94
2020-09-02,Santa Clara,085,1922200,19275,17673,31,17704,206
2020-09-02,Santa Cruz,087,273765,1984,1850,17,1867,7
2020-09-02,Shasta,089,179085,648,531,4,535,10
2020-09-02,Sierra,091,2930,6,6,0,6,0
2020-09-02,Siskiyou,093,43540,144,127,9,136,0
2020-09-02,Solano,095,438530,5684,5463,40,5503,36
2020-09-02,Sonoma,097,501317,6338,5846,19,5865,62
2020-09-02,Stanislaus,099,539301,15565,14854,392,15246,220
2020-09-02,Sutter,101,95872,1467,1401,1,1402,10
2020-09-02,Tehama,103,63373,453,429,2,431,1
2020-09-02,Trinity,105,12862,37,13,6,19,0
2020-09-02,Tulare,107,460477,14957,14298,58,14356,244
2020-09-02,Tuolumne,109,53932,216,190,4,194,1
2020-09-02,Ventura,111,848112,11732,11031,107,11138,111
2020-09-02,Yolo,113,214977,2597,2449,5,2454,54
2020-09-02,Yuba,115,75493,940,856,3,859,1
2020-09-01,Alameda,001,1643700,19411,18382,134,18516,248
2020-09-01,Alpine,003,1148,3,2,0,2,0
2020-09-01,Amador,005,37829,274,244,0,244,13
2020-09-01,Butte,007,227075,2494,2146,20,2166,26
2020-09-01,Calaveras,009,45235,274,228,0,228,1
2020-09-01,Colusa,011,21464,476,454,0,454,6
2020-09-01,Contra Costa,013,1133247,14998,13998,55,14053,158
2020-09-01,Del Norte,015,27424,116,108,0,108,2
2020-09-01,El Dorado,017,186661,1034,972,0,972,2
2020-09-01,Fresno,019,978130,28322,25542,302,25844,290
2020-09-01,Glenn,021,27897,492,449,0,449,3
2020-09-01,Humboldt,023,135768,426,378,1,379,4
2020-09-01,Imperial,025,180216,11347,9782,6,9788,250
2020-09-01,Inyo,027,18085,182,171,7,178,3
2020-09-01,Kern,029,883053,30193,29162,235,29397,332
2020-09-01,Kings,031,150075,6730,6088,37,6125,62
2020-09-01,Lake,033,64148,382,341,0,341,2
2020-09-01,Lassen,035,31185,725,706,2,708,0
2020-09-01,Los Angeles,037,10098052,247288,242633,1375,244008,5832
2020-09-01,Madera,039,155013,4014,3703,27,3730,41
2020-09-01,Marin,041,260295,6313,6102,15,6117,67
2020-09-01,Mariposa,043,17540,73,72,0,72,2
2020-09-01,Mendocino,045,87422,676,626,0,626,15
2020-09-01,Merced,047,269075,8289,8046,10,8056,103
2020-09-01,Modoc,049,8938,20,10,0,10,0
2020-09-01,Mono,051,14174,163,145,2,147,1
2020-09-01,Monterey,053,433212,8497,7926,24,7950,56
2020-09-01,Napa,055,140530,1519,1446,6,1452,10
2020-09-01,Nevada,057,99092,466,450,13,463,6
2020-09-01,Orange,059,3164182,51166,47671,1248,48919,976
2020-09-01,Placer,061,380077,3220,3013,12,3025,33
2020-09-01,Plumas,063,18699,44,39,0,39,0
2020-09-01,Riverside,065,2383286,54339,52785,60,52845,1027
2020-09-01,Sacramento,067,1510023,19171,18217,14,18231,305
2020-09-01,San Benito,069,59416,1180,1089,0,1089,4
2020-09-01,San Bernardino,071,2135413,49954,47371,323,47694,786
2020-09-01,San Diego,073,3302833,40955,38873,531,39404,688
2020-09-01,San Francisco,075,870044,9960,9492,16,9508,83
2020-09-01,San Joaquin,077,732212,18892,17915,39,17954,341
2020-09-01,San Luis Obispo,079,281455,3192,2970,17,2987,21
2020-09-01,San Mateo,081,765935,8872,8132,8,8140,122
2020-09-01,Santa Barbara,083,443738,9150,8142,67,8209,93
2020-09-01,Santa Clara,085,1922200,19096,17319,31,17350,204
2020-09-01,Santa Cruz,087,273765,1960,1752,17,1769,7
2020-09-01,Shasta,089,179085,640,527,4,531,9
2020-09-01,Sierra,091,2930,6,6,0,6,0
2020-09-01,Siskiyou,093,43540,141,128,8,136,0
2020-09-01,Solano,095,438530,5658,5438,40,5478,34
2020-09-01,Sonoma,097,501317,6248,5733,19,5752,60
2020-09-01,Stanislaus,099,539301,15490,14784,382,15166,212
2020-09-01,Sutter,101,95872,1456,1389,1,1390,10
2020-09-01,Tehama,103,63373,449,422,2,424,1
2020-09-01,Trinity,105,12862,37,13,5,18,0
2020-09-01,Tulare,107,460477,14875,14156,58,14214,241
2020-09-01,Tuolumne,109,53932,210,183,4,187,1
2020-09-01,Ventura,111,848112,11656,10899,102,11001,108
2020-09-01,Yolo,113,214977,2581,2440,5,2445,51
2020-09-01,Yuba,115,75493,931,841,3,844,1
2020-08-31,Alameda,001,1643700,19267,18148,134,18282,248
2020-08-31,Alpine,003,1148,3,2,0,2,0
2020-08-31,Amador,005,37829,274,243,0,243,13
2020-08-31,Butte,007,227075,2430,2069,20,2089,26
2020-08-31,Calaveras,009,45235,269,212,0,212,1
2020-08-31,Colusa,011,21464,475,443,0,443,6
2020-08-31,Contra Costa,013,1133247,14871,13902,52,13954,153
2020-08-31,Del Norte,015,27424,116,108,0,108,2
2020-08-31,El Dorado,017,186661,1027,965,0,965,2
2020-08-31,Fresno,019,978130,28102,25185,296,25481,290
2020-08-31,Glenn,021,27897,480,437,0,437,3
2020-08-31,Humboldt,023,135768,424,374,1,375,4
2020-08-31,Imperial,025,180216,11316,9759,6,9765,250
2020-08-31,Inyo,027,18085,181,160,7,167,3
2020-08-31,Kern,029,883053,30095,29067,234,29301,318
2020-08-31,Kings,031,150075,6462,6037,37,6074,62
2020-08-31,Lake,033,64148,366,341,0,341,2
2020-08-31,Lassen,035,31185,722,706,2,708,0
2020-08-31,Los Angeles,037,10098052,246174,241793,1347,243140,5787
2020-08-31,Madera,039,155013,3991,3662,26,3688,35
2020-08-31,Marin,041,260295,6277,6074,15,6089,67
2020-08-31,Mariposa,043,17540,73,69,0,69,2
2020-08-31,Mendocino,045,87422,664,618,0,618,15
2020-08-31,Merced,047,269075,8227,7991,10,8001,79
2020-08-31,Modoc,049,8938,18,10,0,10,0
2020-08-31,Mono,051,14174,163,145,2,147,1
2020-08-31,Monterey,053,433212,8390,7839,24,7863,56
2020-08-31,Napa,055,140530,1511,1434,6,1440,10
2020-08-31,Nevada,057,99092,464,447,13,460,6
2020-08-31,Orange,059,3164182,50966,47392,1220,48612,965
2020-08-31,Placer,061,380077,3171,2989,12,3001,33
2020-08-31,Plumas,063,18699,43,39,0,39,0
2020-08-31,Riverside,065,2383286,54118,52508,58,52566,1020
2020-08-31,Sacramento,067,1510023,18934,17999,14,18013,303
2020-08-31,San Benito,069,59416,1164,1080,0,1080,4
2020-08-31,San Bernardino,071,2135413,49743,47370,322,47692,755
2020-08-31,San Diego,073,3302833,40588,38606,498,39104,682
2020-08-31,San Francisco,075,870044,9881,9293,13,9306,83
2020-08-31,San Joaquin,077,732212,18805,17807,38,17845,338
2020-08-31,San Luis Obispo,079,281455,3169,2951,16,2967,21
2020-08-31,San Mateo,081,765935,8802,8065,8,8073,122
2020-08-31,Santa Barbara,083,443738,9103,8124,67,8191,94
2020-08-31,Santa Clara,085,1922200,18907,17211,31,17242,202
2020-08-31,Santa Cruz,087,273765,1935,1742,17,1759,7
2020-08-31,Shasta,089,179085,635,528,4,532,9
2020-08-31,Sierra,091,2930,6,6,0,6,0
2020-08-31,Siskiyou,093,43540,140,127,8,135,0
2020-08-31,Solano,095,438530,5626,5302,39,5341,34
2020-08-31,Sonoma,097,501317,6173,5650,19,5669,60
2020-08-31,Stanislaus,099,539301,15417,14685,372,15057,213
2020-08-31,Sutter,101,95872,1441,1365,1,1366,10
2020-08-31,Tehama,103,63373,446,421,2,423,1
2020-08-31,Trinity,105,12862,37,13,5,18,0
2020-08-31,Tulare,107,460477,14788,13985,57,14042,237
2020-08-31,Tuolumne,109,53932,210,178,4,182,1
2020-08-31,Ventura,111,848112,11568,10866,101,10967,108
2020-08-31,Yolo,113,214977,2563,2423,5,2428,51
2020-08-31,Yuba,115,75493,917,830,3,833,1
2020-08-30,Alameda,001,1643700,19143,18099,132,18231,248
2020-08-30,Alpine,003,1148,3,2,0,2,0
2020-08-30,Amador,005,37829,273,240,0,240,13
2020-08-30,Butte,007,227075,2349,1988,20,2008,26
2020-08-30,Calaveras,009,45235,260,211,0,211,1
2020-08-30,Colusa,011,21464,474,440,0,440,6
2020-08-30,Contra Costa,013,1133247,14733,13780,52,13832,150
2020-08-30,Del Norte,015,27424,115,108,0,108,2
2020-08-30,El Dorado,017,186661,1017,962,0,962,2
2020-08-30,Fresno,019,978130,27977,24963,295,25258,291
2020-08-30,Glenn,021,27897,473,437,0,437,3
2020-08-30,Humboldt,023,135768,413,362,1,363,4
2020-08-30,Imperial,025,180216,11297,9703,6,9709,250
2020-08-30,Inyo,027,18085,181,160,6,166,3
2020-08-30,Kern,029,883053,30002,28987,234,29221,317
2020-08-30,Kings,031,150075,6416,6000,37,6037,62
2020-08-30,Lake,033,64148,361,334,0,334,2
2020-08-30,Lassen,035,31185,720,706,2,708,0
2020-08-30,Los Angeles,037,10098052,245019,240775,1314,242089,5772
2020-08-30,Madera,039,155013,3962,3626,26,3652,33
2020-08-30,Marin,041,260295,6247,6060,15,6075,66
2020-08-30,Mariposa,043,17540,73,69,0,69,2
2020-08-30,Mendocino,045,87422,658,611,0,611,13
2020-08-30,Merced,047,269075,8152,7960,10,7970,79
2020-08-30,Modoc,049,8938,13,10,0,10,0
2020-08-30,Mono,051,14174,163,145,2,147,1
2020-08-30,Monterey,053,433212,8306,7816,24,7840,54
2020-08-30,Napa,055,140530,1499,1423,6,1429,10
2020-08-30,Nevada,057,99092,461,445,13,458,6
2020-08-30,Orange,059,3164182,50771,47283,1205,48488,965
2020-08-30,Placer,061,380077,3138,2961,12,2973,32
2020-08-30,Plumas,063,18699,42,39,0,39,0
2020-08-30,Riverside,065,2383286,53939,52227,56,52283,1017
2020-08-30,Sacramento,067,1510023,18756,17751,14,17765,300
2020-08-30,San Benito,069,59416,1154,1071,0,1071,4
2020-08-30,San Bernardino,071,2135413,49486,47201,321,47522,755
2020-08-30,San Diego,073,3302833,40190,38302,477,38779,682
2020-08-30,San Francisco,075,870044,9783,9294,10,9304,83
2020-08-30,San Joaquin,077,732212,18688,17637,37,17674,338
2020-08-30,San Luis Obispo,079,281455,3144,2934,16,2950,21
2020-08-30,San Mateo,081,765935,8725,8013,7,8020,122
2020-08-30,Santa Barbara,083,443738,9043,8088,67,8155,93
2020-08-30,Santa Clara,085,1922200,18731,17045,31,17076,202
2020-08-30,Santa Cruz,087,273765,1909,1743,17,1760,7
2020-08-30,Shasta,089,179085,632,525,4,529,9
2020-08-30,Sierra,091,2930,6,6,0,6,0
2020-08-30,Siskiyou,093,43540,138,125,8,133,0
2020-08-30,Solano,095,438530,5582,5303,39,5342,34
2020-08-30,Sonoma,097,501317,6115,5590,19,5609,60
2020-08-30,Stanislaus,099,539301,15346,14580,363,14943,209
2020-08-30,Sutter,101,95872,1419,1351,1,1352,10
2020-08-30,Tehama,103,63373,437,419,2,421,1
2020-08-30,Trinity,105,12862,37,13,5,18,0
2020-08-30,Tulare,107,460477,14693,13985,56,14041,236
2020-08-30,Tuolumne,109,53932,206,178,4,182,1
2020-08-30,Ventura,111,848112,11455,10775,96,10871,108
2020-08-30,Yolo,113,214977,2535,2391,4,2395,51
2020-08-30,Yuba,115,75493,903,832,3,835,1
2020-08-29,Alameda,001,1643700,19076,17888,132,18020,250
2020-08-29,Alpine,003,1148,3,2,0,2,0
2020-08-29,Amador,005,37829,273,239,0,239,13
2020-08-29,Butte,007,227075,2318,1948,20,1968,26
2020-08-29,Calaveras,009,45235,256,211,0,211,1
2020-08-29,Colusa,011,21464,471,440,0,440,6
2020-08-29,Contra Costa,013,1133247,14660,13663,51,13714,159
2020-08-29,Del Norte,015,27424,115,108,0,108,1
2020-08-29,El Dorado,017,186661,1014,958,0,958,2
2020-08-29,Fresno,019,978130,27922,24821,295,25116,291
2020-08-29,Glenn,021,27897,467,437,0,437,3
2020-08-29,Humboldt,023,135768,410,363,1,364,4
2020-08-29,Imperial,025,180216,11282,9698,6,9704,250
2020-08-29,Inyo,027,18085,181,160,6,166,3
2020-08-29,Kern,029,883053,29961,28947,233,29180,317
2020-08-29,Kings,031,150075,6401,5906,37,5943,62
2020-08-29,Lake,033,64148,360,329,0,329,2
2020-08-29,Lassen,035,31185,720,706,2,708,0
2020-08-29,Los Angeles,037,10098052,244367,239815,1301,241116,5762
2020-08-29,Madera,039,155013,3953,3605,25,3630,33
2020-08-29,Marin,041,260295,6235,6007,15,6022,64
2020-08-29,Mariposa,043,17540,73,69,0,69,2
2020-08-29,Mendocino,045,87422,653,596,0,596,13
2020-08-29,Merced,047,269075,8122,7867,10,7877,79
2020-08-29,Modoc,049,8938,13,9,0,9,0
2020-08-29,Mono,051,14174,163,145,2,147,1
2020-08-29,Monterey,053,433212,8261,7680,24,7704,53
2020-08-29,Napa,055,140530,1496,1413,6,1419,10
2020-08-29,Nevada,057,99092,461,442,13,455,5
2020-08-29,Orange,059,3164182,50660,47007,1195,48202,960
2020-08-29,Placer,061,380077,3121,2935,12,2947,32
2020-08-29,Plumas,063,18699,41,39,0,39,0
2020-08-29,Riverside,065,2383286,53828,51918,54,51972,1016
2020-08-29,Sacramento,067,1510023,18684,17588,14,17602,291
2020-08-29,San Benito,069,59416,1145,1045,0,1045,4
2020-08-29,San Bernardino,071,2135413,49371,46849,321,47170,755
2020-08-29,San Diego,073,3302833,39924,38049,459,38508,694
2020-08-29,San Francisco,075,870044,9755,9291,9,9300,83
2020-08-29,San Joaquin,077,732212,18644,17493,37,17530,335
2020-08-29,San Luis Obispo,079,281455,3120,2917,16,2933,21
2020-08-29,San Mateo,081,765935,8683,7928,7,7935,122
2020-08-29,Santa Barbara,083,443738,9017,8052,66,8118,93
2020-08-29,Santa Clara,085,1922200,18634,16898,30,16928,202
2020-08-29,Santa Cruz,087,273765,1897,1746,17,1763,7
2020-08-29,Shasta,089,179085,624,522,4,526,9
2020-08-29,Sierra,091,2930,6,6,0,6,0
2020-08-29,Siskiyou,093,43540,138,121,8,129,0
2020-08-29,Solano,095,438530,5561,5303,39,5342,34
2020-08-29,Sonoma,097,501317,6081,5537,19,5556,60
2020-08-29,Stanislaus,099,539301,15297,14479,353,14832,208
2020-08-29,Sutter,101,95872,1414,1333,1,1334,9
2020-08-29,Tehama,103,63373,436,417,2,419,1
2020-08-29,Trinity,105,12862,37,11,5,16,0
2020-08-29,Tulare,107,460477,14655,13890,55,13945,236
2020-08-29,Tuolumne,109,53932,206,178,4,182,1
2020-08-29,Ventura,111,848112,11413,10705,96,10801,108
2020-08-29,Yolo,113,214977,2517,2357,4,2361,51
2020-08-29,Yuba,115,75493,894,822,3,825,1
2020-08-28,Alameda,001,1643700,18993,17729,131,17860,237
2020-08-28,Alpine,003,1148,3,2,0,2,0
2020-08-28,Amador,005,37829,273,234,0,234,13
2020-08-28,Butte,007,227075,2288,1886,20,1906,25
2020-08-28,Calaveras,009,45235,254,207,0,207,1
2020-08-28,Colusa,011,21464,470,441,0,441,6
2020-08-28,Contra Costa,013,1133247,14589,13522,50,13572,158
2020-08-28,Del Norte,015,27424,115,107,0,107,1
2020-08-28,El Dorado,017,186661,1008,949,0,949,2
2020-08-28,Fresno,019,978130,27787,24612,295,24907,282
2020-08-28,Glenn,021,27897,460,429,0,429,3
2020-08-28,Humboldt,023,135768,406,362,1,363,4
2020-08-28,Imperial,025,180216,11268,9656,6,9662,241
2020-08-28,Inyo,027,18085,180,160,6,166,2
2020-08-28,Kern,029,883053,29913,28744,233,28977,306
2020-08-28,Kings,031,150075,6394,5829,36,5865,62
2020-08-28,Lake,033,64148,355,320,0,320,2
2020-08-28,Lassen,035,31185,720,704,2,706,0
2020-08-28,Los Angeles,037,10098052,243558,238544,1277,239821,5740
2020-08-28,Madera,039,155013,3934,3552,25,3577,33
2020-08-28,Marin,041,260295,6213,5991,15,6006,63
2020-08-28,Mariposa,043,17540,73,67,0,67,2
2020-08-28,Mendocino,045,87422,648,588,0,588,11
2020-08-28,Merced,047,269075,8092,7803,10,7813,77
2020-08-28,Modoc,049,8938,13,6,0,6,0
2020-08-28,Mono,051,14174,163,145,2,147,1
2020-08-28,Monterey,053,433212,8204,7591,24,7615,53
2020-08-28,Napa,055,140530,1488,1403,5,1408,10
2020-08-28,Nevada,057,99092,460,438,13,451,5
2020-08-28,Orange,059,3164182,50560,46696,1180,47876,942
2020-08-28,Placer,061,380077,3110,2891,12,2903,32
2020-08-28,Plumas,063,18699,41,39,0,39,0
2020-08-28,Riverside,065,2383286,53697,51510,51,51561,1008
2020-08-28,Sacramento,067,1510023,18587,17119,14,17133,283
2020-08-28,San Benito,069,59416,1129,1016,0,1016,3
2020-08-28,San Bernardino,071,2135413,49253,46553,317,46870,754
2020-08-28,San Diego,073,3302833,39694,37786,444,38230,676
2020-08-28,San Francisco,075,870044,9701,9135,9,9144,83
2020-08-28,San Joaquin,077,732212,18591,17114,36,17150,314
2020-08-28,San Luis Obispo,079,281455,3103,2849,16,2865,20
2020-08-28,San Mateo,081,765935,8636,7783,7,7790,121
2020-08-28,Santa Barbara,083,443738,8983,8001,66,8067,92
2020-08-28,Santa Clara,085,1922200,18503,16696,30,16726,201
2020-08-28,Santa Cruz,087,273765,1885,1747,17,1764,7
2020-08-28,Shasta,089,179085,620,516,4,520,9
2020-08-28,Sierra,091,2930,6,6,0,6,0
2020-08-28,Siskiyou,093,43540,136,119,8,127,0
2020-08-28,Solano,095,438530,5542,5219,39,5258,34
2020-08-28,Sonoma,097,501317,6046,5425,18,5443,58
2020-08-28,Stanislaus,099,539301,15255,14176,349,14525,190
2020-08-28,Sutter,101,95872,1404,1308,1,1309,9
2020-08-28,Tehama,103,63373,431,410,2,412,1
2020-08-28,Trinity,105,12862,37,11,5,16,0
2020-08-28,Tulare,107,460477,14609,13776,55,13831,236
2020-08-28,Tuolumne,109,53932,206,176,4,180,1
2020-08-28,Ventura,111,848112,11377,10606,94,10700,103
2020-08-28,Yolo,113,214977,2508,2323,4,2327,51
2020-08-28,Yuba,115,75493,885,810,3,813,1
2020-08-27,Alameda,001,1643700,18848,17584,128,17712,234
2020-08-27,Alpine,003,1148,3,2,0,2,0
2020-08-27,Amador,005,37829,272,233,0,233,13
2020-08-27,Butte,007,227075,2222,1803,19,1822,25
2020-08-27,Calaveras,009,45235,248,204,0,204,1
2020-08-27,Colusa,011,21464,468,438,0,438,6
2020-08-27,Contra Costa,013,1133247,14489,13379,49,13428,158
2020-08-27,Del Norte,015,27424,115,107,0,107,1
2020-08-27,El Dorado,017,186661,1004,942,0,942,2
2020-08-27,Fresno,019,978130,27605,24367,290,24657,272
2020-08-27,Glenn,021,27897,452,429,0,429,3
2020-08-27,Humboldt,023,135768,398,358,1,359,4
2020-08-27,Imperial,025,180216,11241,9608,6,9614,235
2020-08-27,Inyo,027,18085,180,157,5,162,2
2020-08-27,Kern,029,883053,29841,28635,224,28859,294
2020-08-27,Kings,031,150075,6372,5759,36,5795,62
2020-08-27,Lake,033,64148,353,314,0,314,2
2020-08-27,Lassen,035,31185,720,703,2,705,0
2020-08-27,Los Angeles,037,10098052,242553,237103,1260,238363,5704
2020-08-27,Madera,039,155013,3908,3465,25,3490,33
2020-08-27,Marin,041,260295,6189,5929,15,5944,62
2020-08-27,Mariposa,043,17540,73,67,0,67,2
2020-08-27,Mendocino,045,87422,639,581,0,581,10
2020-08-27,Merced,047,269075,8048,7765,10,7775,75
2020-08-27,Modoc,049,8938,11,5,0,5,0
2020-08-27,Mono,051,14174,163,145,2,147,1
2020-08-27,Monterey,053,433212,8110,7501,24,7525,52
2020-08-27,Napa,055,140530,1482,1397,5,1402,10
2020-08-27,Nevada,057,99092,457,435,13,448,5
2020-08-27,Orange,059,3164182,50400,46449,1169,47618,935
2020-08-27,Placer,061,380077,3079,2869,12,2881,32
2020-08-27,Plumas,063,18699,40,39,0,39,0
2020-08-27,Riverside,065,2383286,53489,51306,48,51354,999
2020-08-27,Sacramento,067,1510023,18389,16875,14,16889,281
2020-08-27,San Benito,069,59416,1113,987,0,987,3
2020-08-27,San Bernardino,071,2135413,49027,46345,310,46655,751
2020-08-27,San Diego,073,3302833,39423,37501,424,37925,673
2020-08-27,San Francisco,075,870044,9635,9014,9,9023,83
2020-08-27,San Joaquin,077,732212,18511,16989,36,17025,314
2020-08-27,San Luis Obispo,079,281455,3078,2808,16,2824,20
2020-08-27,San Mateo,081,765935,8527,7728,7,7735,121
2020-08-27,Santa Barbara,083,443738,8945,7934,66,8000,92
2020-08-27,Santa Clara,085,1922200,18319,16495,30,16525,199
2020-08-27,Santa Cruz,087,273765,1868,1734,17,1751,7
2020-08-27,Shasta,089,179085,614,512,4,516,9
2020-08-27,Sierra,091,2930,6,6,0,6,0
2020-08-27,Siskiyou,093,43540,136,118,8,126,0
2020-08-27,Solano,095,438530,5504,5167,39,5206,34
2020-08-27,Sonoma,097,501317,5934,5357,18,5375,58
2020-08-27,Stanislaus,099,539301,15174,14080,346,14426,186
2020-08-27,Sutter,101,95872,1384,1296,1,1297,9
2020-08-27,Tehama,103,63373,427,398,2,400,1
2020-08-27,Trinity,105,12862,37,11,5,16,0
2020-08-27,Tulare,107,460477,14517,13666,54,13720,231
2020-08-27,Tuolumne,109,53932,201,174,4,178,1
2020-08-27,Ventura,111,848112,11314,10483,90,10573,102
2020-08-27,Yolo,113,214977,2484,2293,4,2297,51
2020-08-27,Yuba,115,75493,874,807,3,810,1
2020-08-26,Alameda,001,1643700,18686,17373,128,17501,233
2020-08-26,Alpine,003,1148,3,2,0,2,0
2020-08-26,Amador,005,37829,272,229,0,229,13
2020-08-26,Butte,007,227075,2155,1765,17,1782,25
2020-08-26,Calaveras,009,45235,240,201,0,201,1
2020-08-26,Colusa,011,21464,462,433,0,433,5
2020-08-26,Contra Costa,013,1133247,14351,13248,49,13297,157
2020-08-26,Del Norte,015,27424,114,86,0,86,1
2020-08-26,El Dorado,017,186661,1002,938,0,938,2
2020-08-26,Fresno,019,978130,27457,24071,288,24359,255
2020-08-26,Glenn,021,27897,450,429,0,429,3
2020-08-26,Humboldt,023,135768,386,357,1,358,4
2020-08-26,Imperial,025,180216,11219,9453,6,9459,227
2020-08-26,Inyo,027,18085,177,157,5,162,2
2020-08-26,Kern,029,883053,29703,28507,220,28727,286
2020-08-26,Kings,031,150075,6351,5720,36,5756,62
2020-08-26,Lake,033,64148,348,308,0,308,2
2020-08-26,Lassen,035,31185,720,702,2,704,0
2020-08-26,Los Angeles,037,10098052,241519,235499,1227,236726,5665
2020-08-26,Madera,039,155013,3879,3458,25,3483,32
2020-08-26,Marin,041,260295,6172,5887,15,5902,56
2020-08-26,Mariposa,043,17540,73,68,0,68,2
2020-08-26,Mendocino,045,87422,628,581,0,581,10
2020-08-26,Merced,047,269075,8015,7720,10,7730,74
2020-08-26,Modoc,049,8938,8,5,0,5,0
2020-08-26,Mono,051,14174,163,141,2,143,1
2020-08-26,Monterey,053,433212,8017,7439,24,7463,51
2020-08-26,Napa,055,140530,1469,1382,5,1387,10
2020-08-26,Nevada,057,99092,454,432,13,445,2
2020-08-26,Orange,059,3164182,50216,46157,1154,47311,905
2020-08-26,Placer,061,380077,3057,2846,10,2856,32
2020-08-26,Plumas,063,18699,39,39,0,39,0
2020-08-26,Riverside,065,2383286,53247,51138,48,51186,987
2020-08-26,Sacramento,067,1510023,18226,16708,14,16722,271
2020-08-26,San Benito,069,59416,1098,978,0,978,3
2020-08-26,San Bernardino,071,2135413,48818,45840,306,46146,743
2020-08-26,San Diego,073,3302833,39085,37224,397,37621,668
2020-08-26,San Francisco,075,870044,9559,8938,9,8947,81
2020-08-26,San Joaquin,077,732212,18422,16845,35,16880,309
2020-08-26,San Luis Obispo,079,281455,3050,2761,16,2777,20
2020-08-26,San Mateo,081,765935,8460,7655,7,7662,121
2020-08-26,Santa Barbara,083,443738,8911,7904,66,7970,90
2020-08-26,Santa Clara,085,1922200,18141,16283,30,16313,198
2020-08-26,Santa Cruz,087,273765,1857,1726,17,1743,7
2020-08-26,Shasta,089,179085,609,511,3,514,9
2020-08-26,Sierra,091,2930,6,6,0,6,0
2020-08-26,Siskiyou,093,43540,133,109,8,117,0
2020-08-26,Solano,095,438530,5480,5131,38,5169,34
2020-08-26,Sonoma,097,501317,5860,5283,18,5301,58
2020-08-26,Stanislaus,099,539301,15097,13964,340,14304,186
2020-08-26,Sutter,101,95872,1366,1275,1,1276,9
2020-08-26,Tehama,103,63373,424,396,2,398,1
2020-08-26,Trinity,105,12862,36,10,5,15,0
2020-08-26,Tulare,107,460477,14450,13568,54,13622,232
2020-08-26,Tuolumne,109,53932,200,172,4,176,1
2020-08-26,Ventura,111,848112,11242,10412,83,10495,100
2020-08-26,Yolo,113,214977,2462,2279,4,2283,49
2020-08-26,Yuba,115,75493,859,779,3,782,1
2020-08-25,Alameda,001,1643700,18529,17278,128,17406,232
2020-08-25,Alpine,003,1148,3,2,0,2,0
2020-08-25,Amador,005,37829,272,227,0,227,13
2020-08-25,Butte,007,227075,2088,1718,17,1735,24
2020-08-25,Calaveras,009,45235,238,196,0,196,1
2020-08-25,Colusa,011,21464,455,430,0,430,5
2020-08-25,Contra Costa,013,1133247,14213,13181,48,13229,156
2020-08-25,Del Norte,015,27424,113,83,0,83,1
2020-08-25,El Dorado,017,186661,999,928,0,928,2
2020-08-25,Fresno,019,978130,27268,23932,287,24219,250
2020-08-25,Glenn,021,27897,447,429,0,429,3
2020-08-25,Humboldt,023,135768,381,342,1,343,4
2020-08-25,Imperial,025,180216,11191,9381,6,9387,217
2020-08-25,Inyo,027,18085,175,144,5,149,1
2020-08-25,Kern,029,883053,29566,28416,220,28636,285
2020-08-25,Kings,031,150075,6194,5702,36,5738,59
2020-08-25,Lake,033,64148,343,304,0,304,2
2020-08-25,Lassen,035,31185,719,692,2,694,0
2020-08-25,Los Angeles,037,10098052,240191,233961,1177,235138,5612
2020-08-25,Madera,039,155013,3864,3446,24,3470,32
2020-08-25,Marin,041,260295,6134,5860,15,5875,56
2020-08-25,Mariposa,043,17540,73,67,0,67,2
2020-08-25,Mendocino,045,87422,620,571,0,571,10
2020-08-25,Merced,047,269075,7948,7693,9,7702,69
2020-08-25,Modoc,049,8938,8,5,0,5,0
2020-08-25,Mono,051,14174,163,129,2,131,1
2020-08-25,Monterey,053,433212,7937,7333,24,7357,51
2020-08-25,Napa,055,140530,1462,1374,5,1379,10
2020-08-25,Nevada,057,99092,451,430,13,443,2
2020-08-25,Orange,059,3164182,50022,45737,1138,46875,902
2020-08-25,Placer,061,380077,3038,2829,7,2836,31
2020-08-25,Plumas,063,18699,39,39,0,39,0
2020-08-25,Riverside,065,2383286,53016,50889,48,50937,981
2020-08-25,Sacramento,067,1510023,18073,16601,14,16615,265
2020-08-25,San Benito,069,59416,1082,973,0,973,3
2020-08-25,San Bernardino,071,2135413,48583,45544,303,45847,727
2020-08-25,San Diego,073,3302833,38806,36996,375,37371,665
2020-08-25,San Francisco,075,870044,9481,8848,9,8857,81
2020-08-25,San Joaquin,077,732212,18295,16795,35,16830,306
2020-08-25,San Luis Obispo,079,281455,2992,2731,15,2746,20
2020-08-25,San Mateo,081,765935,8400,7636,7,7643,120
2020-08-25,Santa Barbara,083,443738,8859,7854,66,7920,90
2020-08-25,Santa Clara,085,1922200,17969,16199,30,16229,194
2020-08-25,Santa Cruz,087,273765,1838,1708,17,1725,7
2020-08-25,Shasta,089,179085,605,511,3,514,9
2020-08-25,Sierra,091,2930,6,6,0,6,0
2020-08-25,Siskiyou,093,43540,132,109,8,117,0
2020-08-25,Solano,095,438530,5419,5114,38,5152,34
2020-08-25,Sonoma,097,501317,5775,5148,18,5166,56
2020-08-25,Stanislaus,099,539301,14989,13886,329,14215,182
2020-08-25,Sutter,101,95872,1349,1259,1,1260,9
2020-08-25,Tehama,103,63373,421,394,2,396,1
2020-08-25,Trinity,105,12862,34,10,5,15,0
2020-08-25,Tulare,107,460477,14347,13514,53,13567,224
2020-08-25,Tuolumne,109,53932,198,172,4,176,1
2020-08-25,Ventura,111,848112,11157,10313,78,10391,99
2020-08-25,Yolo,113,214977,2449,2254,4,2258,50
2020-08-25,Yuba,115,75493,849,775,3,778,1
2020-08-24,Alameda,001,1643700,18335,16913,127,17040,231
2020-08-24,Alpine,003,1148,3,2,0,2,0
2020-08-24,Amador,005,37829,270,227,0,227,13
2020-08-24,Butte,007,227075,2004,1649,17,1666,23
2020-08-24,Calaveras,009,45235,228,187,0,187,1
2020-08-24,Colusa,011,21464,451,425,0,425,5
2020-08-24,Contra Costa,013,1133247,14098,12906,46,12952,153
2020-08-24,Del Norte,015,27424,113,80,0,80,1
2020-08-24,El Dorado,017,186661,991,908,0,908,2
2020-08-24,Fresno,019,978130,27081,23618,280,23898,235
2020-08-24,Glenn,021,27897,445,421,0,421,2
2020-08-24,Humboldt,023,135768,377,340,1,341,4
2020-08-24,Imperial,025,180216,11157,9323,6,9329,210
2020-08-24,Inyo,027,18085,171,144,5,149,2
2020-08-24,Kern,029,883053,29469,28157,214,28371,277
2020-08-24,Kings,031,150075,6106,5652,36,5688,60
2020-08-24,Lake,033,64148,329,302,0,302,2
2020-08-24,Lassen,035,31185,719,693,2,695,0
2020-08-24,Los Angeles,037,10098052,238825,233036,1158,234194,5562
2020-08-24,Madera,039,155013,3837,3418,24,3442,32
2020-08-24,Marin,041,260295,6071,5834,15,5849,56
2020-08-24,Mariposa,043,17540,71,66,0,66,2
2020-08-24,Mendocino,045,87422,605,550,0,550,10
2020-08-24,Merced,047,269075,7870,7605,9,7614,69
2020-08-24,Modoc,049,8938,8,5,0,5,0
2020-08-24,Mono,051,14174,163,129,2,131,1
2020-08-24,Monterey,053,433212,7828,7212,23,7235,50
2020-08-24,Napa,055,140530,1449,1358,5,1363,10
2020-08-24,Nevada,057,99092,446,423,13,436,2
2020-08-24,Orange,059,3164182,49829,45536,1128,46664,887
2020-08-24,Placer,061,380077,2992,2793,7,2800,31
2020-08-24,Plumas,063,18699,39,37,0,37,0
2020-08-24,Riverside,065,2383286,52739,50496,48,50544,975
2020-08-24,Sacramento,067,1510023,17876,16318,14,16332,249
2020-08-24,San Benito,069,59416,1061,961,0,961,3
2020-08-24,San Bernardino,071,2135413,48320,45199,301,45500,720
2020-08-24,San Diego,073,3302833,38518,36729,347,37076,660
2020-08-24,San Francisco,075,870044,9398,8621,9,8630,81
2020-08-24,San Joaquin,077,732212,18154,16565,34,16599,305
2020-08-24,San Luis Obispo,079,281455,2964,2705,15,2720,20
2020-08-24,San Mateo,081,765935,8333,7502,7,7509,120
2020-08-24,Santa Barbara,083,443738,8817,7784,66,7850,90
2020-08-24,Santa Clara,085,1922200,17765,16049,30,16079,192
2020-08-24,Santa Cruz,087,273765,1818,1627,16,1643,6
2020-08-24,Shasta,089,179085,603,505,3,508,9
2020-08-24,Sierra,091,2930,6,6,0,6,0
2020-08-24,Siskiyou,093,43540,128,107,8,115,0
2020-08-24,Solano,095,438530,5370,4979,36,5015,32
2020-08-24,Sonoma,097,501317,5673,5071,18,5089,56
2020-08-24,Stanislaus,099,539301,14891,13521,314,13835,171
2020-08-24,Sutter,101,95872,1330,1219,1,1220,9
2020-08-24,Tehama,103,63373,416,388,2,390,1
2020-08-24,Trinity,105,12862,34,10,5,15,0
2020-08-24,Tulare,107,460477,14240,13360,52,13412,223
2020-08-24,Tuolumne,109,53932,197,170,4,174,1
2020-08-24,Ventura,111,848112,11077,10261,75,10336,99
2020-08-24,Yolo,113,214977,2414,2239,4,2243,47
2020-08-24,Yuba,115,75493,832,750,3,753,1
2020-08-23,Alameda,001,1643700,18112,16786,126,16912,231
2020-08-23,Alpine,003,1148,3,2,0,2,0
2020-08-23,Amador,005,37829,267,227,0,227,13
2020-08-23,Butte,007,227075,1890,1637,17,1654,23
2020-08-23,Calaveras,009,45235,218,187,0,187,1
2020-08-23,Colusa,011,21464,444,424,0,424,5
2020-08-23,Contra Costa,013,1133247,13938,12642,46,12688,153
2020-08-23,Del Norte,015,27424,113,80,0,80,1
2020-08-23,El Dorado,017,186661,978,901,0,901,2
2020-08-23,Fresno,019,978130,26877,23414,276,23690,235
2020-08-23,Glenn,021,27897,438,421,0,421,2
2020-08-23,Humboldt,023,135768,375,341,1,342,4
2020-08-23,Imperial,025,180216,11129,9243,6,9249,210
2020-08-23,Inyo,027,18085,168,144,5,149,2
2020-08-23,Kern,029,883053,29320,28028,209,28237,277
2020-08-23,Kings,031,150075,6064,5628,36,5664,60
2020-08-23,Lake,033,64148,325,299,0,299,2
2020-08-23,Lassen,035,31185,718,693,2,695,0
2020-08-23,Los Angeles,037,10098052,237222,231833,1085,232918,5549
2020-08-23,Madera,039,155013,3805,3401,23,3424,32
2020-08-23,Marin,041,260295,6032,5807,14,5821,50
2020-08-23,Mariposa,043,17540,71,66,0,66,2
2020-08-23,Mendocino,045,87422,601,550,0,550,10
2020-08-23,Merced,047,269075,7801,7574,8,7582,69
2020-08-23,Modoc,049,8938,7,5,0,5,0
2020-08-23,Mono,051,14174,163,129,2,131,1
2020-08-23,Monterey,053,433212,7738,7173,23,7196,50
2020-08-23,Napa,055,140530,1437,1348,5,1353,10
2020-08-23,Nevada,057,99092,441,421,13,434,2
2020-08-23,Orange,059,3164182,49592,45267,1116,46383,887
2020-08-23,Placer,061,380077,2953,2772,7,2779,31
2020-08-23,Plumas,063,18699,39,37,0,37,0
2020-08-23,Riverside,065,2383286,52470,50293,46,50339,955
2020-08-23,Sacramento,067,1510023,17652,16084,13,16097,243
2020-08-23,San Benito,069,59416,1048,938,0,938,3
2020-08-23,San Bernardino,071,2135413,48051,45010,291,45301,719
2020-08-23,San Diego,073,3302833,38197,36542,320,36862,660
2020-08-23,San Francisco,075,870044,9303,8564,8,8572,80
2020-08-23,San Joaquin,077,732212,18021,16069,33,16102,305
2020-08-23,San Luis Obispo,079,281455,2922,2679,15,2694,20
2020-08-23,San Mateo,081,765935,8238,7450,7,7457,120
2020-08-23,Santa Barbara,083,443738,8749,7725,66,7791,90
2020-08-23,Santa Clara,085,1922200,17571,15912,28,15940,191
2020-08-23,Santa Cruz,087,273765,1792,1627,16,1643,6
2020-08-23,Shasta,089,179085,598,501,3,504,9
2020-08-23,Sierra,091,2930,6,6,0,6,0
2020-08-23,Siskiyou,093,43540,123,107,8,115,0
2020-08-23,Solano,095,438530,5312,4977,34,5011,32
2020-08-23,Sonoma,097,501317,5585,5018,18,5036,56
2020-08-23,Stanislaus,099,539301,14756,13483,291,13774,171
2020-08-23,Sutter,101,95872,1308,1203,1,1204,9
2020-08-23,Tehama,103,63373,406,381,2,383,1
2020-08-23,Trinity,105,12862,34,10,5,15,0
2020-08-23,Tulare,107,460477,14109,13303,49,13352,223
2020-08-23,Tuolumne,109,53932,194,164,4,168,1
2020-08-23,Ventura,111,848112,10976,10126,71,10197,99
2020-08-23,Yolo,113,214977,2386,2210,4,2214,47
2020-08-23,Yuba,115,75493,811,750,3,753,1
2020-08-22,Alameda,001,1643700,18018,16648,125,16773,231
2020-08-22,Alpine,003,1148,3,2,0,2,0
2020-08-22,Amador,005,37829,266,224,0,224,13
2020-08-22,Butte,007,227075,1839,1618,17,1635,22
2020-08-22,Calaveras,009,45235,215,187,0,187,1
2020-08-22,Colusa,011,21464,440,419,0,419,5
2020-08-22,Contra Costa,013,1133247,13851,12522,46,12568,153
2020-08-22,Del Norte,015,27424,112,80,0,80,1
2020-08-22,El Dorado,017,186661,976,900,0,900,2
2020-08-22,Fresno,019,978130,26780,23197,275,23472,235
2020-08-22,Glenn,021,27897,437,421,0,421,2
2020-08-22,Humboldt,023,135768,365,334,1,335,4
2020-08-22,Imperial,025,180216,11121,9244,6,9250,210
2020-08-22,Inyo,027,18085,168,144,5,149,1
2020-08-22,Kern,029,883053,29266,27807,209,28016,277
2020-08-22,Kings,031,150075,6055,5447,36,5483,60
2020-08-22,Lake,033,64148,323,291,0,291,2
2020-08-22,Lassen,035,31185,718,693,2,695,0
2020-08-22,Los Angeles,037,10098052,236564,230858,1067,231925,5540
2020-08-22,Madera,039,155013,3786,3330,23,3353,32
2020-08-22,Marin,041,260295,6020,5789,14,5803,49
2020-08-22,Mariposa,043,17540,71,66,0,66,2
2020-08-22,Mendocino,045,87422,598,529,0,529,10
2020-08-22,Merced,047,269075,7773,7493,8,7501,69
2020-08-22,Modoc,049,8938,7,5,0,5,0
2020-08-22,Mono,051,14174,163,129,2,131,1
2020-08-22,Monterey,053,433212,7690,7081,23,7104,50
2020-08-22,Napa,055,140530,1432,1328,5,1333,11
2020-08-22,Nevada,057,99092,441,411,13,424,2
2020-08-22,Orange,059,3164182,49450,45131,1110,46241,885
2020-08-22,Placer,061,380077,2939,2734,7,2741,30
2020-08-22,Plumas,063,18699,39,37,0,37,0
2020-08-22,Riverside,065,2383286,52321,49944,45,49989,953
2020-08-22,Sacramento,067,1510023,17540,15516,13,15529,239
2020-08-22,San Benito,069,59416,1032,912,0,912,3
2020-08-22,San Bernardino,071,2135413,47922,44803,287,45090,719
2020-08-22,San Diego,073,3302833,38015,36205,309,36514,673
2020-08-22,San Francisco,075,870044,9243,8568,8,8576,80
2020-08-22,San Joaquin,077,732212,17965,16068,33,16101,305
2020-08-22,San Luis Obispo,079,281455,2897,2660,15,2675,20
2020-08-22,San Mateo,081,765935,8191,7361,7,7368,120
2020-08-22,Santa Barbara,083,443738,8723,7685,66,7751,90
2020-08-22,Santa Clara,085,1922200,17463,15590,28,15618,190
2020-08-22,Santa Cruz,087,273765,1776,1628,15,1643,6
2020-08-22,Shasta,089,179085,596,493,3,496,9
2020-08-22,Sierra,091,2930,6,6,0,6,0
2020-08-22,Siskiyou,093,43540,123,106,8,114,0
2020-08-22,Solano,095,438530,5282,4944,33,4977,32
2020-08-22,Sonoma,097,501317,5539,4891,18,4909,57
2020-08-22,Stanislaus,099,539301,14707,13380,273,13653,170
2020-08-22,Sutter,101,95872,1301,1189,1,1190,8
2020-08-22,Tehama,103,63373,405,368,2,370,1
2020-08-22,Trinity,105,12862,34,8,5,13,0
2020-08-22,Tulare,107,460477,14042,13196,49,13245,222
2020-08-22,Tuolumne,109,53932,192,162,4,166,1
2020-08-22,Ventura,111,848112,10921,9959,69,10028,99
2020-08-22,Yolo,113,214977,2370,2188,4,2192,47
2020-08-22,Yuba,115,75493,799,738,3,741,1
2020-08-21,Alameda,001,1643700,17927,16413,125,16538,232
2020-08-21,Alpine,003,1148,3,2,0,2,0
2020-08-21,Amador,005,37829,265,223,0,223,11
2020-08-21,Butte,007,227075,1800,1582,17,1599,19
2020-08-21,Calaveras,009,45235,215,182,0,182,1
2020-08-21,Colusa,011,21464,438,418,0,418,5
2020-08-21,Contra Costa,013,1133247,13761,12333,45,12378,149
2020-08-21,Del Norte,015,27424,112,78,0,78,1
2020-08-21,El Dorado,017,186661,972,885,0,885,2
2020-08-21,Fresno,019,978130,26610,22840,274,23114,232
2020-08-21,Glenn,021,27897,433,418,0,418,2
2020-08-21,Humboldt,023,135768,362,331,1,332,4
2020-08-21,Imperial,025,180216,11105,9166,6,9172,204
2020-08-21,Inyo,027,18085,168,144,5,149,1
2020-08-21,Kern,029,883053,29207,27567,207,27774,269
2020-08-21,Kings,031,150075,6033,5391,36,5427,60
2020-08-21,Lake,033,64148,321,281,0,281,2
2020-08-21,Lassen,035,31185,718,693,2,695,0
2020-08-21,Los Angeles,037,10098052,235687,229235,1046,230281,5494
2020-08-21,Madera,039,155013,3756,3271,23,3294,31
2020-08-21,Marin,041,260295,6000,5762,14,5776,49
2020-08-21,Mariposa,043,17540,71,66,0,66,2
2020-08-21,Mendocino,045,87422,588,505,0,505,10
2020-08-21,Merced,047,269075,7744,7357,8,7365,69
2020-08-21,Modoc,049,8938,7,5,0,5,0
2020-08-21,Mono,051,14174,163,128,2,130,1
2020-08-21,Monterey,053,433212,7618,6974,23,6997,49
2020-08-21,Napa,055,140530,1423,1317,5,1322,10
2020-08-21,Nevada,057,99092,440,406,13,419,2
2020-08-21,Orange,059,3164182,49309,44625,1101,45726,875
2020-08-21,Placer,061,380077,2923,2698,6,2704,30
2020-08-21,Plumas,063,18699,39,36,0,36,0
2020-08-21,Riverside,065,2383286,52127,49409,45,49454,932
2020-08-21,Sacramento,067,1510023,17417,15247,13,15260,237
2020-08-21,San Benito,069,59416,1022,891,0,891,3
2020-08-21,San Bernardino,071,2135413,47802,44249,283,44532,668
2020-08-21,San Diego,073,3302833,37811,35914,292,36206,652
2020-08-21,San Francisco,075,870044,9193,8375,8,8383,80
2020-08-21,San Joaquin,077,732212,17882,15888,31,15919,301
2020-08-21,San Luis Obispo,079,281455,2874,2640,15,2655,19
2020-08-21,San Mateo,081,765935,8132,7253,7,7260,120
2020-08-21,Santa Barbara,083,443738,8682,7645,66,7711,86
2020-08-21,Santa Clara,085,1922200,17311,15399,28,15427,190
2020-08-21,Santa Cruz,087,273765,1764,1617,15,1632,6
2020-08-21,Shasta,089,179085,596,486,3,489,9
2020-08-21,Sierra,091,2930,6,6,0,6,0
2020-08-21,Siskiyou,093,43540,123,103,6,109,0
2020-08-21,Solano,095,438530,5259,4891,32,4923,32
2020-08-21,Sonoma,097,501317,5469,4816,18,4834,57
2020-08-21,Stanislaus,099,539301,14638,13282,258,13540,161
2020-08-21,Sutter,101,95872,1288,1173,1,1174,8
2020-08-21,Tehama,103,63373,403,357,2,359,1
2020-08-21,Trinity,105,12862,34,8,5,13,0
2020-08-21,Tulare,107,460477,13970,13002,48,13050,217
2020-08-21,Tuolumne,109,53932,184,161,4,165,1
2020-08-21,Ventura,111,848112,10856,9865,67,9932,98
2020-08-21,Yolo,113,214977,2355,2164,4,2168,46
2020-08-21,Yuba,115,75493,795,717,3,720,1
2020-08-20,Alameda,001,1643700,17769,16174,125,16299,229
2020-08-20,Alpine,003,1148,3,2,0,2,0
2020-08-20,Amador,005,37829,263,222,0,222,11
2020-08-20,Butte,007,227075,1749,1549,17,1566,18
2020-08-20,Calaveras,009,45235,212,179,0,179,1
2020-08-20,Colusa,011,21464,436,415,0,415,5
2020-08-20,Contra Costa,013,1133247,13633,12108,44,12152,144
2020-08-20,Del Norte,015,27424,112,78,0,78,1
2020-08-20,El Dorado,017,186661,968,881,0,881,2
2020-08-20,Fresno,019,978130,26428,22535,269,22804,228
2020-08-20,Glenn,021,27897,428,414,0,414,2
2020-08-20,Humboldt,023,135768,357,318,1,319,4
2020-08-20,Imperial,025,180216,11086,9086,6,9092,196
2020-08-20,Inyo,027,18085,167,144,5,149,1
2020-08-20,Kern,029,883053,29039,27337,196,27533,267
2020-08-20,Kings,031,150075,5993,5347,35,5382,59
2020-08-20,Lake,033,64148,316,280,0,280,2
2020-08-20,Lassen,035,31185,717,693,2,695,0
2020-08-20,Los Angeles,037,10098052,234452,227492,1027,228519,5445
2020-08-20,Madera,039,155013,3730,3197,23,3220,31
2020-08-20,Marin,041,260295,5982,5745,14,5759,47
2020-08-20,Mariposa,043,17540,71,67,0,67,2
2020-08-20,Mendocino,045,87422,577,497,0,497,10
2020-08-20,Merced,047,269075,7669,7173,8,7181,68
2020-08-20,Modoc,049,8938,7,5,0,5,0
2020-08-20,Mono,051,14174,163,128,2,130,1
2020-08-20,Monterey,053,433212,7547,6892,23,6915,47
2020-08-20,Napa,055,140530,1415,1306,5,1311,10
2020-08-20,Nevada,057,99092,439,401,13,414,2
2020-08-20,Orange,059,3164182,49082,44299,1090,45389,849
2020-08-20,Placer,061,380077,2907,2681,6,2687,30
2020-08-20,Plumas,063,18699,39,36,0,36,0
2020-08-20,Riverside,065,2383286,51907,48953,44,48997,927
2020-08-20,Sacramento,067,1510023,17175,14992,13,15005,231
2020-08-20,San Benito,069,59416,1009,866,0,866,3
2020-08-20,San Bernardino,071,2135413,47546,43627,279,43906,665
2020-08-20,San Diego,073,3302833,37591,35610,274,35884,644
2020-08-20,San Francisco,075,870044,9107,8262,8,8270,72
2020-08-20,San Joaquin,077,732212,17789,15778,31,15809,297
2020-08-20,San Luis Obispo,079,281455,2854,2590,15,2605,19
2020-08-20,San Mateo,081,765935,8066,7188,7,7195,120
2020-08-20,Santa Barbara,083,443738,8644,7571,66,7637,81
2020-08-20,Santa Clara,085,1922200,17139,15162,28,15190,190
2020-08-20,Santa Cruz,087,273765,1751,1581,15,1596,6
2020-08-20,Shasta,089,179085,595,478,3,481,9
2020-08-20,Sierra,091,2930,6,6,0,6,0
2020-08-20,Siskiyou,093,43540,122,102,1,103,0
2020-08-20,Solano,095,438530,5215,4843,32,4875,31
2020-08-20,Sonoma,097,501317,5397,4737,18,4755,54
2020-08-20,Stanislaus,099,539301,14542,13120,249,13369,161
2020-08-20,Sutter,101,95872,1264,1158,1,1159,8
2020-08-20,Tehama,103,63373,397,350,2,352,1
2020-08-20,Trinity,105,12862,34,8,5,13,0
2020-08-20,Tulare,107,460477,13862,12907,47,12954,217
2020-08-20,Tuolumne,109,53932,180,159,4,163,1
2020-08-20,Ventura,111,848112,10743,9744,66,9810,93
2020-08-20,Yolo,113,214977,2333,2150,4,2154,47
2020-08-20,Yuba,115,75493,778,709,3,712,1
2020-08-19,Alameda,001,1643700,17610,15874,124,15998,226
2020-08-19,Alpine,003,1148,3,2,0,2,0
2020-08-19,Amador,005,37829,262,219,0,219,9
2020-08-19,Butte,007,227075,1706,1517,17,1534,16
2020-08-19,Calaveras,009,45235,209,177,0,177,1
2020-08-19,Colusa,011,21464,435,415,0,415,5
2020-08-19,Contra Costa,013,1133247,13521,11895,42,11937,142
2020-08-19,Del Norte,015,27424,112,78,0,78,1
2020-08-19,El Dorado,017,186661,962,870,0,870,2
2020-08-19,Fresno,019,978130,26238,22167,261,22428,221
2020-08-19,Glenn,021,27897,426,414,0,414,2
2020-08-19,Humboldt,023,135768,354,316,1,317,4
2020-08-19,Imperial,025,180216,11058,9041,6,9047,192
2020-08-19,Inyo,027,18085,165,140,5,145,1
2020-08-19,Kern,029,883053,28922,27142,192,27334,263
2020-08-19,Kings,031,150075,5821,5301,33,5334,59
2020-08-19,Lake,033,64148,313,277,0,277,2
2020-08-19,Lassen,035,31185,709,693,2,695,0
2020-08-19,Los Angeles,037,10098052,233169,226006,987,226993,5399
2020-08-19,Madera,039,155013,3696,3158,21,3179,30
2020-08-19,Marin,041,260295,5958,5723,13,5736,46
2020-08-19,Mariposa,043,17540,71,64,0,64,2
2020-08-19,Mendocino,045,87422,561,495,0,495,8
2020-08-19,Merced,047,269075,7542,7082,5,7087,66
2020-08-19,Modoc,049,8938,7,5,0,5,0
2020-08-19,Mono,051,14174,163,128,2,130,1
2020-08-19,Monterey,053,433212,7445,6693,23,6716,45
2020-08-19,Napa,055,140530,1410,1293,5,1298,10
2020-08-19,Nevada,057,99092,432,398,13,411,2
2020-08-19,Orange,059,3164182,48877,43938,1087,45025,829
2020-08-19,Placer,061,380077,2885,2659,6,2665,28
2020-08-19,Plumas,063,18699,39,36,0,36,0
2020-08-19,Riverside,065,2383286,51658,48741,44,48785,922
2020-08-19,Sacramento,067,1510023,16994,14764,13,14777,229
2020-08-19,San Benito,069,59416,992,853,0,853,3
2020-08-19,San Bernardino,071,2135413,47247,43224,273,43497,661
2020-08-19,San Diego,073,3302833,37342,35378,259,35637,638
2020-08-19,San Francisco,075,870044,9042,8236,8,8244,72
2020-08-19,San Joaquin,077,732212,17663,15677,30,15707,296
2020-08-19,San Luis Obispo,079,281455,2815,2553,15,2568,19
2020-08-19,San Mateo,081,765935,7998,7146,7,7153,119
2020-08-19,Santa Barbara,083,443738,8595,7499,66,7565,80
2020-08-19,Santa Clara,085,1922200,16993,14994,28,15022,189
2020-08-19,Santa Cruz,087,273765,1725,1554,15,1569,6
2020-08-19,Shasta,089,179085,591,475,3,478,9
2020-08-19,Sierra,091,2930,6,6,0,6,0
2020-08-19,Siskiyou,093,43540,121,103,1,104,0
2020-08-19,Solano,095,438530,5174,4807,32,4839,31
2020-08-19,Sonoma,097,501317,5318,4614,18,4632,54
2020-08-19,Stanislaus,099,539301,14439,13084,227,13311,160
2020-08-19,Sutter,101,95872,1230,1146,1,1147,8
2020-08-19,Tehama,103,63373,391,342,2,344,1
2020-08-19,Trinity,105,12862,33,8,5,13,0
2020-08-19,Tulare,107,460477,13764,12756,47,12803,217
2020-08-19,Tuolumne,109,53932,177,159,4,163,1
2020-08-19,Ventura,111,848112,10651,9587,64,9651,91
2020-08-19,Yolo,113,214977,2310,2126,4,2130,47
2020-08-19,Yuba,115,75493,766,701,3,704,1
2020-08-18,Alameda,001,1643700,17434,15627,121,15748,223
2020-08-18,Alpine,003,1148,3,2,0,2,0
2020-08-18,Amador,005,37829,261,215,0,215,9
2020-08-18,Butte,007,227075,1673,1491,17,1508,16
2020-08-18,Calaveras,009,45235,205,174,0,174,1
2020-08-18,Colusa,011,21464,434,415,0,415,5
2020-08-18,Contra Costa,013,1133247,13401,11689,40,11729,141
2020-08-18,Del Norte,015,27424,111,78,0,78,0
2020-08-18,El Dorado,017,186661,957,866,0,866,2
2020-08-18,Fresno,019,978130,26019,21798,255,22053,212
2020-08-18,Glenn,021,27897,426,407,0,407,2
2020-08-18,Humboldt,023,135768,352,315,1,316,4
2020-08-18,Imperial,025,180216,11024,8968,6,8974,189
2020-08-18,Inyo,027,18085,164,140,5,145,1
2020-08-18,Kern,029,883053,28769,26978,188,27166,263
2020-08-18,Kings,031,150075,5788,5269,32,5301,58
2020-08-18,Lake,033,64148,310,274,0,274,2
2020-08-18,Lassen,035,31185,709,693,2,695,0
2020-08-18,Los Angeles,037,10098052,231888,224218,950,225168,5339
2020-08-18,Madera,039,155013,3668,3125,21,3146,28
2020-08-18,Marin,041,260295,5928,5708,13,5721,47
2020-08-18,Mariposa,043,17540,71,61,0,61,2
2020-08-18,Mendocino,045,87422,552,468,0,468,8
2020-08-18,Merced,047,269075,7494,6940,5,6945,66
2020-08-18,Modoc,049,8938,7,5,0,5,0
2020-08-18,Mono,051,14174,162,129,2,131,1
2020-08-18,Monterey,053,433212,7353,6691,22,6713,44
2020-08-18,Napa,055,140530,1407,1274,5,1279,10
2020-08-18,Nevada,057,99092,425,389,13,402,2
2020-08-18,Orange,059,3164182,48650,43659,1072,44731,809
2020-08-18,Placer,061,380077,2859,2644,5,2649,28
2020-08-18,Plumas,063,18699,39,34,0,34,0
2020-08-18,Riverside,065,2383286,51328,48447,44,48491,917
2020-08-18,Sacramento,067,1510023,16765,14610,12,14622,222
2020-08-18,San Benito,069,59416,972,836,0,836,3
2020-08-18,San Bernardino,071,2135413,46965,42827,266,43093,648
2020-08-18,San Diego,073,3302833,37049,35164,227,35391,633
2020-08-18,San Francisco,075,870044,8956,8016,8,8024,72
2020-08-18,San Joaquin,077,732212,17547,15509,29,15538,290
2020-08-18,San Luis Obispo,079,281455,2791,2535,14,2549,18
2020-08-18,San Mateo,081,765935,7936,7074,7,7081,119
2020-08-18,Santa Barbara,083,443738,8553,7472,66,7538,81
2020-08-18,Santa Clara,085,1922200,16820,14786,27,14813,184
2020-08-18,Santa Cruz,087,273765,1712,1509,15,1524,6
2020-08-18,Shasta,089,179085,587,468,3,471,9
2020-08-18,Sierra,091,2930,6,6,0,6,0
2020-08-18,Siskiyou,093,43540,120,103,1,104,0
2020-08-18,Solano,095,438530,5147,4700,32,4732,31
2020-08-18,Sonoma,097,501317,5249,4506,18,4524,48
2020-08-18,Stanislaus,099,539301,14341,12935,211,13146,149
2020-08-18,Sutter,101,95872,1211,1126,1,1127,8
2020-08-18,Tehama,103,63373,381,333,2,335,1
2020-08-18,Trinity,105,12862,32,8,5,13,0
2020-08-18,Tulare,107,460477,13633,12637,44,12681,212
2020-08-18,Tuolumne,109,53932,174,159,4,163,1
2020-08-18,Ventura,111,848112,10561,9536,59,9595,89
2020-08-18,Yolo,113,214977,2287,2102,4,2106,47
2020-08-18,Yuba,115,75493,758,679,3,682,1
2020-08-17,Alameda,001,1643700,17242,15454,119,15573,221
2020-08-17,Alpine,003,1148,3,2,0,2,0
2020-08-17,Amador,005,37829,261,215,0,215,9
2020-08-17,Butte,007,227075,1628,1463,17,1480,15
2020-08-17,Calaveras,009,45235,201,167,0,167,1
2020-08-17,Colusa,011,21464,431,408,0,408,5
2020-08-17,Contra Costa,013,1133247,13264,11442,40,11482,141
2020-08-17,Del Norte,015,27424,107,77,0,77,0
2020-08-17,El Dorado,017,186661,954,846,0,846,2
2020-08-17,Fresno,019,978130,25810,21316,248,21564,211
2020-08-17,Glenn,021,27897,425,402,0,402,2
2020-08-17,Humboldt,023,135768,348,302,1,303,4
2020-08-17,Imperial,025,180216,10983,8897,6,8903,188
2020-08-17,Inyo,027,18085,156,124,5,129,1
2020-08-17,Kern,029,883053,28621,26773,177,26950,249
2020-08-17,Kings,031,150075,5750,5249,32,5281,58
2020-08-17,Lake,033,64148,305,270,0,270,2
2020-08-17,Lassen,035,31185,709,666,2,668,0
2020-08-17,Los Angeles,037,10098052,230370,223418,901,224319,5282
2020-08-17,Madera,039,155013,3625,3050,20,3070,26
2020-08-17,Marin,041,260295,5905,5683,12,5695,46
2020-08-17,Mariposa,043,17540,71,61,0,61,2
2020-08-17,Mendocino,045,87422,534,454,0,454,8
2020-08-17,Merced,047,269075,7399,6814,5,6819,66
2020-08-17,Modoc,049,8938,7,5,0,5,0
2020-08-17,Mono,051,14174,162,126,2,128,1
2020-08-17,Monterey,053,433212,7253,6553,22,6575,44
2020-08-17,Napa,055,140530,1386,1255,5,1260,10
2020-08-17,Nevada,057,99092,420,383,13,396,2
2020-08-17,Orange,059,3164182,48440,43621,1060,44681,804
2020-08-17,Placer,061,380077,2834,2609,5,2614,28
2020-08-17,Plumas,063,18699,39,33,0,33,0
2020-08-17,Riverside,065,2383286,50997,48062,42,48104,916
2020-08-17,Sacramento,067,1510023,16545,14333,12,14345,219
2020-08-17,San Benito,069,59416,957,822,0,822,2
2020-08-17,San Bernardino,071,2135413,46620,42005,258,42263,604
2020-08-17,San Diego,073,3302833,36783,34962,213,35175,626
2020-08-17,San Francisco,075,870044,8885,7600,8,7608,72
2020-08-17,San Joaquin,077,732212,17384,15323,28,15351,280
2020-08-17,San Luis Obispo,079,281455,2758,2527,14,2541,18
2020-08-17,San Mateo,081,765935,7879,6987,6,6993,118
2020-08-17,Santa Barbara,083,443738,8511,7438,66,7504,80
2020-08-17,Santa Clara,085,1922200,16599,14546,27,14573,183
2020-08-17,Santa Cruz,087,273765,1696,1453,14,1467,6
2020-08-17,Shasta,089,179085,581,467,3,470,9
2020-08-17,Sierra,091,2930,6,6,0,6,0
2020-08-17,Siskiyou,093,43540,119,103,0,103,0
2020-08-17,Solano,095,438530,5090,4479,32,4511,31
2020-08-17,Sonoma,097,501317,5160,4402,16,4418,48
2020-08-17,Stanislaus,099,539301,14216,12745,204,12949,148
2020-08-17,Sutter,101,95872,1195,1071,1,1072,8
2020-08-17,Tehama,103,63373,372,324,2,326,1
2020-08-17,Trinity,105,12862,32,8,5,13,0
2020-08-17,Tulare,107,460477,13520,12487,43,12530,210
2020-08-17,Tuolumne,109,53932,171,157,4,161,1
2020-08-17,Ventura,111,848112,10438,9490,54,9544,89
2020-08-17,Yolo,113,214977,2260,2083,4,2087,47
2020-08-17,Yuba,115,75493,743,647,3,650,1
2020-08-16,Alameda,001,1643700,16951,15338,119,15457,221
2020-08-16,Alpine,003,1148,3,2,0,2,0
2020-08-16,Amador,005,37829,258,215,0,215,9
2020-08-16,Butte,007,227075,1590,1432,17,1449,15
2020-08-16,Calaveras,009,45235,194,167,0,167,1
2020-08-16,Colusa,011,21464,429,407,0,407,5
2020-08-16,Contra Costa,013,1133247,13078,11255,40,11295,140
2020-08-16,Del Norte,015,27424,103,77,0,77,0
2020-08-16,El Dorado,017,186661,942,843,0,843,2
2020-08-16,Fresno,019,978130,25590,21010,243,21253,211
2020-08-16,Glenn,021,27897,423,400,0,400,2
2020-08-16,Humboldt,023,135768,346,301,1,302,4
2020-08-16,Imperial,025,180216,10939,8883,6,8889,188
2020-08-16,Inyo,027,18085,149,125,5,130,1
2020-08-16,Kern,029,883053,28420,26520,169,26689,249
2020-08-16,Kings,031,150075,5719,5146,32,5178,58
2020-08-16,Lake,033,64148,301,269,0,269,2
2020-08-16,Lassen,035,31185,709,666,2,668,0
2020-08-16,Los Angeles,037,10098052,228803,222236,871,223107,5263
2020-08-16,Madera,039,155013,3580,3013,20,3033,26
2020-08-16,Marin,041,260295,5879,5664,12,5676,46
2020-08-16,Mariposa,043,17540,71,61,0,61,2
2020-08-16,Mendocino,045,87422,526,451,0,451,8
2020-08-16,Merced,047,269075,7317,6744,5,6749,66
2020-08-16,Modoc,049,8938,7,5,0,5,0
2020-08-16,Mono,051,14174,162,126,2,128,1
2020-08-16,Monterey,053,433212,7155,6516,21,6537,44
2020-08-16,Napa,055,140530,1368,1241,3,1244,10
2020-08-16,Nevada,057,99092,409,379,13,392,2
2020-08-16,Orange,059,3164182,48190,43303,1049,44352,803
2020-08-16,Placer,061,380077,2805,2583,4,2587,28
2020-08-16,Plumas,063,18699,39,33,0,33,0
2020-08-16,Riverside,065,2383286,50667,47669,42,47711,910
2020-08-16,Sacramento,067,1510023,16305,14210,12,14222,219
2020-08-16,San Benito,069,59416,928,815,0,815,2
2020-08-16,San Bernardino,071,2135413,46197,41724,249,41973,603
2020-08-16,San Diego,073,3302833,36519,34680,198,34878,626
2020-08-16,San Francisco,075,870044,8797,7602,8,7610,72
2020-08-16,San Joaquin,077,732212,17181,15288,28,15316,280
2020-08-16,San Luis Obispo,079,281455,2729,2494,14,2508,17
2020-08-16,San Mateo,081,765935,7804,6942,6,6948,118
2020-08-16,Santa Barbara,083,443738,8462,7368,66,7434,79
2020-08-16,Santa Clara,085,1922200,16401,14329,27,14356,183
2020-08-16,Santa Cruz,087,273765,1669,1449,13,1462,6
2020-08-16,Shasta,089,179085,574,465,3,468,9
2020-08-16,Sierra,091,2930,6,6,0,6,0
2020-08-16,Siskiyou,093,43540,118,102,0,102,0
2020-08-16,Solano,095,438530,5030,4479,32,4511,31
2020-08-16,Sonoma,097,501317,5056,4329,16,4345,46
2020-08-16,Stanislaus,099,539301,14059,12668,193,12861,148
2020-08-16,Sutter,101,95872,1177,1071,1,1072,8
2020-08-16,Tehama,103,63373,362,318,2,320,1
2020-08-16,Trinity,105,12862,30,8,5,13,0
2020-08-16,Tulare,107,460477,13388,12334,40,12374,211
2020-08-16,Tuolumne,109,53932,171,156,4,160,1
2020-08-16,Ventura,111,848112,10329,9408,49,9457,89
2020-08-16,Yolo,113,214977,2241,2057,4,2061,47
2020-08-16,Yuba,115,75493,734,647,2,649,1
2020-08-15,Alameda,001,1643700,16874,15165,119,15284,221
2020-08-15,Alpine,003,1148,3,2,0,2,0
2020-08-15,Amador,005,37829,258,210,0,210,9
2020-08-15,Butte,007,227075,1568,1409,17,1426,15
2020-08-15,Calaveras,009,45235,192,167,0,167,1
2020-08-15,Colusa,011,21464,428,401,0,401,5
2020-08-15,Contra Costa,013,1133247,12982,11106,40,11146,138
2020-08-15,Del Norte,015,27424,103,77,0,77,0
2020-08-15,El Dorado,017,186661,937,838,0,838,2
2020-08-15,Fresno,019,978130,25474,20603,241,20844,211
2020-08-15,Glenn,021,27897,423,398,0,398,2
2020-08-15,Humboldt,023,135768,345,301,1,302,4
2020-08-15,Imperial,025,180216,10919,8794,6,8800,188
2020-08-15,Inyo,027,18085,149,123,5,128,1
2020-08-15,Kern,029,883053,28332,26338,169,26507,249
2020-08-15,Kings,031,150075,5701,5039,32,5071,56
2020-08-15,Lake,033,64148,299,268,0,268,2
2020-08-15,Lassen,035,31185,709,666,2,668,0
2020-08-15,Los Angeles,037,10098052,228051,221043,862,221905,5252
2020-08-15,Madera,039,155013,3530,2950,20,2970,26
2020-08-15,Marin,041,260295,5872,5628,12,5640,46
2020-08-15,Mariposa,043,17540,71,61,0,61,2
2020-08-15,Mendocino,045,87422,522,444,0,444,8
2020-08-15,Merced,047,269075,7283,6656,5,6661,66
2020-08-15,Modoc,049,8938,7,5,0,5,0
2020-08-15,Mono,051,14174,162,126,2,128,1
2020-08-15,Monterey,053,433212,7110,6162,21,6183,44
2020-08-15,Napa,055,140530,1358,1232,3,1235,10
2020-08-15,Nevada,057,99092,409,376,13,389,2
2020-08-15,Orange,059,3164182,48077,42811,1038,43849,801
2020-08-15,Placer,061,380077,2784,2551,4,2555,27
2020-08-15,Plumas,063,18699,39,33,0,33,0
2020-08-15,Riverside,065,2383286,50516,46720,42,46762,910
2020-08-15,Sacramento,067,1510023,16195,14018,12,14030,219
2020-08-15,San Benito,069,59416,915,805,0,805,2
2020-08-15,San Bernardino,071,2135413,46045,41231,247,41478,602
2020-08-15,San Diego,073,3302833,36353,34346,184,34530,639
2020-08-15,San Francisco,075,870044,8733,7601,8,7609,69
2020-08-15,San Joaquin,077,732212,17108,15113,28,15141,280
2020-08-15,San Luis Obispo,079,281455,2712,2461,14,2475,17
2020-08-15,San Mateo,081,765935,7767,6860,6,6866,118
2020-08-15,Santa Barbara,083,443738,8434,7338,66,7404,79
2020-08-15,Santa Clara,085,1922200,16305,14105,27,14132,183
2020-08-15,Santa Cruz,087,273765,1648,1449,13,1462,6
2020-08-15,Shasta,089,179085,571,458,3,461,9
2020-08-15,Sierra,091,2930,6,6,0,6,0
2020-08-15,Siskiyou,093,43540,117,100,0,100,0
2020-08-15,Solano,095,438530,5008,4477,32,4509,31
2020-08-15,Sonoma,097,501317,5001,4134,16,4150,45
2020-08-15,Stanislaus,099,539301,13995,12541,192,12733,149
2020-08-15,Sutter,101,95872,1166,1046,1,1047,8
2020-08-15,Tehama,103,63373,361,312,2,314,1
2020-08-15,Trinity,105,12862,28,6,5,11,0
2020-08-15,Tulare,107,460477,13350,12262,40,12302,211
2020-08-15,Tuolumne,109,53932,171,155,4,159,1
2020-08-15,Ventura,111,848112,10270,9379,47,9426,89
2020-08-15,Yolo,113,214977,2229,2031,4,2035,46
2020-08-15,Yuba,115,75493,730,623,2,625,1
2020-08-14,Alameda,001,1643700,16735,14909,119,15028,221
2020-08-14,Alpine,003,1148,3,2,0,2,0
2020-08-14,Amador,005,37829,258,209,0,209,9
2020-08-14,Butte,007,227075,1559,1384,17,1401,15
2020-08-14,Calaveras,009,45235,188,165,0,165,1
2020-08-14,Colusa,011,21464,426,399,0,399,5
2020-08-14,Contra Costa,013,1133247,12870,10893,40,10933,137
2020-08-14,Del Norte,015,27424,103,76,0,76,0
2020-08-14,El Dorado,017,186661,929,827,0,827,2
2020-08-14,Fresno,019,978130,25340,19900,241,20141,208
2020-08-14,Glenn,021,27897,421,395,0,395,2
2020-08-14,Humboldt,023,135768,339,294,1,295,4
2020-08-14,Imperial,025,180216,10895,8756,6,8762,185
2020-08-14,Inyo,027,18085,148,115,5,120,1
2020-08-14,Kern,029,883053,28228,25893,168,26061,249
2020-08-14,Kings,031,150075,5687,4953,32,4985,56
2020-08-14,Lake,033,64148,290,267,0,267,2
2020-08-14,Lassen,035,31185,709,665,2,667,0
2020-08-14,Los Angeles,037,10098052,226885,219083,845,219928,5222
2020-08-14,Madera,039,155013,3500,2876,20,2896,26
2020-08-14,Marin,041,260295,5861,5601,12,5613,46
2020-08-14,Mariposa,043,17540,70,61,0,61,2
2020-08-14,Mendocino,045,87422,513,432,0,432,8
2020-08-14,Merced,047,269075,7253,6466,5,6471,67
2020-08-14,Modoc,049,8938,7,5,0,5,0
2020-08-14,Mono,051,14174,162,126,2,128,1
2020-08-14,Monterey,053,433212,7059,6121,21,6142,41
2020-08-14,Napa,055,140530,1348,1230,3,1233,10
2020-08-14,Nevada,057,99092,405,377,13,390,2
2020-08-14,Orange,059,3164182,47927,42399,1025,43424,798
2020-08-14,Placer,061,380077,2765,2546,4,2550,26
2020-08-14,Plumas,063,18699,38,33,0,33,0
2020-08-14,Riverside,065,2383286,50287,46456,42,46498,891
2020-08-14,Sacramento,067,1510023,16045,13645,12,13657,212
2020-08-14,San Benito,069,59416,898,783,0,783,2
2020-08-14,San Bernardino,071,2135413,45859,40442,243,40685,594
2020-08-14,San Diego,073,3302833,36159,34067,177,34244,622
2020-08-14,San Francisco,075,870044,8674,7467,8,7475,69
2020-08-14,San Joaquin,077,732212,17008,14925,28,14953,276
2020-08-14,San Luis Obispo,079,281455,2697,2422,14,2436,17
2020-08-14,San Mateo,081,765935,7708,6655,6,6661,118
2020-08-14,Santa Barbara,083,443738,8384,7302,66,7368,77
2020-08-14,Santa Clara,085,1922200,16139,13785,26,13811,183
2020-08-14,Santa Cruz,087,273765,1626,1418,12,1430,6
2020-08-14,Shasta,089,179085,566,446,3,449,9
2020-08-14,Sierra,091,2930,6,5,0,5,0
2020-08-14,Siskiyou,093,43540,117,98,0,98,0
2020-08-14,Solano,095,438530,4987,4421,32,4453,31
2020-08-14,Sonoma,097,501317,4942,4087,13,4100,45
2020-08-14,Stanislaus,099,539301,13918,12379,188,12567,140
2020-08-14,Sutter,101,95872,1158,1039,1,1040,8
2020-08-14,Tehama,103,63373,357,305,2,307,1
2020-08-14,Trinity,105,12862,28,6,5,11,0
2020-08-14,Tulare,107,460477,13273,12009,40,12049,211
2020-08-14,Tuolumne,109,53932,170,155,4,159,1
2020-08-14,Ventura,111,848112,10195,9313,47,9360,89
2020-08-14,Yolo,113,214977,2215,1991,4,1995,45
2020-08-14,Yuba,115,75493,714,606,2,608,1
2020-08-13,Alameda,001,1643700,16458,14385,119,14504,218
2020-08-13,Alpine,003,1148,3,2,0,2,0
2020-08-13,Amador,005,37829,258,198,0,198,8
2020-08-13,Butte,007,227075,1534,1345,17,1362,15
2020-08-13,Calaveras,009,45235,186,162,0,162,1
2020-08-13,Colusa,011,21464,426,395,0,395,5
2020-08-13,Contra Costa,013,1133247,12716,10545,39,10584,136
2020-08-13,Del Norte,015,27424,102,74,0,74,0
2020-08-13,El Dorado,017,186661,924,803,0,803,2
2020-08-13,Fresno,019,978130,25113,19157,235,19392,201
2020-08-13,Glenn,021,27897,417,392,0,392,1
2020-08-13,Humboldt,023,135768,331,281,1,282,4
2020-08-13,Imperial,025,180216,10864,8640,6,8646,170
2020-08-13,Inyo,027,18085,144,97,5,102,1
2020-08-13,Kern,029,883053,28061,25472,165,25637,242
2020-08-13,Kings,031,150075,5653,4824,32,4856,52
2020-08-13,Lake,033,64148,285,263,0,263,2
2020-08-13,Lassen,035,31185,709,652,2,654,0
2020-08-13,Los Angeles,037,10098052,225487,216497,823,217320,5179
2020-08-13,Madera,039,155013,3456,2675,19,2694,25
2020-08-13,Marin,041,260295,5845,5503,12,5515,44
2020-08-13,Mariposa,043,17540,69,61,0,61,2
2020-08-13,Mendocino,045,87422,508,401,0,401,8
2020-08-13,Merced,047,269075,7135,5945,5,5950,63
2020-08-13,Modoc,049,8938,7,5,0,5,0
2020-08-13,Mono,051,14174,162,124,2,126,1
2020-08-13,Monterey,053,433212,6976,5925,21,5946,38
2020-08-13,Napa,055,140530,1339,1179,3,1182,10
2020-08-13,Nevada,057,99092,401,362,13,375,1
2020-08-13,Orange,059,3164182,47688,42019,1013,43032,773
2020-08-13,Placer,061,380077,2743,2460,4,2464,26
2020-08-13,Plumas,063,18699,38,32,0,32,0
2020-08-13,Riverside,065,2383286,49992,45327,42,45369,885
2020-08-13,Sacramento,067,1510023,15843,13237,12,13249,197
2020-08-13,San Benito,069,59416,869,757,0,757,2
2020-08-13,San Bernardino,071,2135413,45464,39395,237,39632,591
2020-08-13,San Diego,073,3302833,35923,33661,159,33820,627
2020-08-13,San Francisco,075,870044,8580,7277,8,7285,69
2020-08-13,San Joaquin,077,732212,16853,14537,27,14564,261
2020-08-13,San Luis Obispo,079,281455,2676,2283,14,2297,16
2020-08-13,San Mateo,081,765935,7646,6503,6,6509,117
2020-08-13,Santa Barbara,083,443738,8339,7129,65,7194,74
2020-08-13,Santa Clara,085,1922200,15916,13257,26,13283,182
2020-08-13,Santa Cruz,087,273765,1601,1383,12,1395,6
2020-08-13,Shasta,089,179085,561,428,3,431,9
2020-08-13,Sierra,091,2930,6,5,0,5,0
2020-08-13,Siskiyou,093,43540,117,95,0,95,0
2020-08-13,Solano,095,438530,4950,4305,32,4337,31
2020-08-13,Sonoma,097,501317,4868,3902,13,3915,45
2020-08-13,Stanislaus,099,539301,13788,11953,172,12125,136
2020-08-13,Sutter,101,95872,1136,992,1,993,8
2020-08-13,Tehama,103,63373,348,302,2,304,1
2020-08-13,Trinity,105,12862,27,6,5,11,0
2020-08-13,Tulare,107,460477,13130,11692,37,11729,210
2020-08-13,Tuolumne,109,53932,169,152,4,156,1
2020-08-13,Ventura,111,848112,10106,9114,47,9161,90
2020-08-13,Yolo,113,214977,2188,1938,4,1942,44
2020-08-13,Yuba,115,75493,698,568,2,570,1
2020-08-12,Alameda,001,1643700,16245,14214,119,14333,215
2020-08-12,Alpine,003,1148,3,2,0,2,0
2020-08-12,Amador,005,37829,255,197,0,197,8
2020-08-12,Butte,007,227075,1506,1317,17,1334,15
2020-08-12,Calaveras,009,45235,183,157,0,157,1
2020-08-12,Colusa,011,21464,421,394,0,394,5
2020-08-12,Contra Costa,013,1133247,12571,10304,38,10342,134
2020-08-12,Del Norte,015,27424,101,74,0,74,0
2020-08-12,El Dorado,017,186661,906,794,0,794,2
2020-08-12,Fresno,019,978130,24883,18690,229,18919,194
2020-08-12,Glenn,021,27897,414,388,0,388,1
2020-08-12,Humboldt,023,135768,324,281,1,282,4
2020-08-12,Imperial,025,180216,10841,8566,6,8572,167
2020-08-12,Inyo,027,18085,127,97,5,102,1
2020-08-12,Kern,029,883053,27870,25191,162,25353,232
2020-08-12,Kings,031,150075,5614,4736,32,4768,50
2020-08-12,Lake,033,64148,283,253,0,253,2
2020-08-12,Lassen,035,31185,708,651,2,653,0
2020-08-12,Los Angeles,037,10098052,224032,214542,807,215349,5119
2020-08-12,Madera,039,155013,3422,2681,17,2698,23
2020-08-12,Marin,041,260295,5823,5423,12,5435,44
2020-08-12,Mariposa,043,17540,69,61,0,61,2
2020-08-12,Mendocino,045,87422,489,386,0,386,9
2020-08-12,Merced,047,269075,7073,5777,5,5782,66
2020-08-12,Modoc,049,8938,7,5,0,5,0
2020-08-12,Mono,051,14174,161,124,2,126,1
2020-08-12,Monterey,053,433212,6872,5919,21,5940,38
2020-08-12,Napa,055,140530,1329,1161,3,1164,10
2020-08-12,Nevada,057,99092,396,357,13,370,1
2020-08-12,Orange,059,3164182,47436,41576,989,42565,754
2020-08-12,Placer,061,380077,2711,2417,4,2421,25
2020-08-12,Plumas,063,18699,38,31,0,31,0
2020-08-12,Riverside,065,2383286,49644,44747,42,44789,867
2020-08-12,Sacramento,067,1510023,15631,12528,12,12540,189
2020-08-12,San Benito,069,59416,856,751,0,751,2
2020-08-12,San Bernardino,071,2135413,45121,38811,228,39039,589
2020-08-12,San Diego,073,3302833,35714,33395,139,33534,608
2020-08-12,San Francisco,075,870044,8496,7194,8,7202,66
2020-08-12,San Joaquin,077,732212,16709,14154,27,14181,253
2020-08-12,San Luis Obispo,079,281455,2651,2263,14,2277,15
2020-08-12,San Mateo,081,765935,7567,6427,6,6433,117
2020-08-12,Santa Barbara,083,443738,8279,7049,63,7112,74
2020-08-12,Santa Clara,085,1922200,15740,13002,26,13028,182
2020-08-12,Santa Cruz,087,273765,1572,1382,11,1393,6
2020-08-12,Shasta,089,179085,557,417,3,420,9
2020-08-12,Sierra,091,2930,5,4,0,4,0
2020-08-12,Siskiyou,093,43540,116,90,0,90,0
2020-08-12,Solano,095,438530,4905,4258,32,4290,31
2020-08-12,Sonoma,097,501317,4794,3847,13,3860,47
2020-08-12,Stanislaus,099,539301,13650,11682,163,11845,136
2020-08-12,Sutter,101,95872,1112,987,1,988,7
2020-08-12,Tehama,103,63373,338,289,2,291,1
2020-08-12,Trinity,105,12862,26,6,5,11,0
2020-08-12,Tulare,107,460477,13002,11460,37,11497,211
2020-08-12,Tuolumne,109,53932,168,150,4,154,1
2020-08-12,Ventura,111,848112,10020,9005,46,9051,87
2020-08-12,Yolo,113,214977,2164,1921,4,1925,44
2020-08-12,Yuba,115,75493,676,549,1,550,1
2020-08-11,Alameda,001,1643700,15986,13960,116,14076,204
2020-08-11,Alpine,003,1148,3,2,0,2,0
2020-08-11,Amador,005,37829,249,187,0,187,3
2020-08-11,Butte,007,227075,1479,1296,17,1313,15
2020-08-11,Calaveras,009,45235,181,161,0,161,1
2020-08-11,Colusa,011,21464,416,390,0,390,5
2020-08-11,Contra Costa,013,1133247,12382,10012,36,10048,131
2020-08-11,Del Norte,015,27424,100,73,0,73,0
2020-08-11,El Dorado,017,186661,899,786,0,786,2
2020-08-11,Fresno,019,978130,24561,18344,226,18570,187
2020-08-11,Glenn,021,27897,412,380,0,380,1
2020-08-11,Humboldt,023,135768,319,283,1,284,4
2020-08-11,Imperial,025,180216,10786,8518,6,8524,165
2020-08-11,Inyo,027,18085,122,97,5,102,1
2020-08-11,Kern,029,883053,27536,25042,159,25201,230
2020-08-11,Kings,031,150075,5423,4696,32,4728,50
2020-08-11,Lake,033,64148,280,243,0,243,2
2020-08-11,Lassen,035,31185,702,605,2,607,0
2020-08-11,Los Angeles,037,10098052,222527,212421,783,213204,5065
2020-08-11,Madera,039,155013,3368,2673,17,2690,22
2020-08-11,Marin,041,260295,5795,5287,11,5298,44
2020-08-11,Mariposa,043,17540,68,60,0,60,2
2020-08-11,Mendocino,045,87422,479,385,0,385,9
2020-08-11,Merced,047,269075,6978,5322,4,5326,65
2020-08-11,Modoc,049,8938,7,5,0,5,0
2020-08-11,Mono,051,14174,161,124,2,126,1
2020-08-11,Monterey,053,433212,6764,5624,21,5645,36
2020-08-11,Napa,055,140530,1318,1143,2,1145,11
2020-08-11,Nevada,057,99092,393,358,13,371,1
2020-08-11,Orange,059,3164182,47216,41205,966,42171,742
2020-08-11,Placer,061,380077,2679,2393,4,2397,24
2020-08-11,Plumas,063,18699,38,31,0,31,0
2020-08-11,Riverside,065,2383286,49285,44237,42,44279,836
2020-08-11,Sacramento,067,1510023,15340,12298,12,12310,182
2020-08-11,San Benito,069,59416,844,750,0,750,2
2020-08-11,San Bernardino,071,2135413,44780,38467,221,38688,584
2020-08-11,San Diego,073,3302833,35447,33159,120,33279,602
2020-08-11,San Francisco,075,870044,8400,6988,8,6996,66
2020-08-11,San Joaquin,077,732212,16532,13997,22,14019,251
2020-08-11,San Luis Obispo,079,281455,2594,2234,14,2248,15
2020-08-11,San Mateo,081,765935,7492,6339,6,6345,117
2020-08-11,Santa Barbara,083,443738,8229,6942,63,7005,70
2020-08-11,Santa Clara,085,1922200,15519,12920,26,12946,183
2020-08-11,Santa Cruz,087,273765,1549,1352,11,1363,4
2020-08-11,Shasta,089,179085,553,416,3,419,9
2020-08-11,Sierra,091,2930,5,4,0,4,0
2020-08-11,Siskiyou,093,43540,116,90,0,90,0
2020-08-11,Solano,095,438530,4857,4206,31,4237,31
2020-08-11,Sonoma,097,501317,4700,3752,13,3765,45
2020-08-11,Stanislaus,099,539301,13546,11592,151,11743,128
2020-08-11,Sutter,101,95872,1090,964,1,965,7
2020-08-11,Tehama,103,63373,334,289,2,291,1
2020-08-11,Trinity,105,12862,26,5,5,10,0
2020-08-11,Tulare,107,460477,12877,11392,36,11428,201
2020-08-11,Tuolumne,109,53932,163,146,4,150,1
2020-08-11,Ventura,111,848112,9952,8953,45,8998,88
2020-08-11,Yolo,113,214977,2142,1912,4,1916,44
2020-08-11,Yuba,115,75493,665,540,1,541,1
2020-08-10,Alameda,001,1643700,15744,13420,115,13535,203
2020-08-10,Alpine,003,1148,3,2,0,2,0
2020-08-10,Amador,005,37829,248,172,0,172,2
2020-08-10,Butte,007,227075,1455,1174,15,1189,15
2020-08-10,Calaveras,009,45235,171,121,0,121,1
2020-08-10,Colusa,011,21464,414,387,0,387,4
2020-08-10,Contra Costa,013,1133247,12229,9454,34,9488,130
2020-08-10,Del Norte,015,27424,98,69,0,69,0
2020-08-10,El Dorado,017,186661,887,771,0,771,2
2020-08-10,Fresno,019,978130,24280,17978,225,18203,183
2020-08-10,Glenn,021,27897,409,381,0,381,1
2020-08-10,Humboldt,023,135768,313,277,1,278,4
2020-08-10,Imperial,025,180216,10742,8465,6,8471,165
2020-08-10,Inyo,027,18085,122,97,5,102,1
2020-08-10,Kern,029,883053,27310,24499,158,24657,215
2020-08-10,Kings,031,150075,5317,4588,32,4620,50
2020-08-10,Lake,033,64148,273,239,0,239,2
2020-08-10,Lassen,035,31185,702,588,2,590,0
2020-08-10,Los Angeles,037,10098052,220941,211035,765,211800,5003
2020-08-10,Madera,039,155013,3335,2365,16,2381,22
2020-08-10,Marin,041,260295,5750,5242,10,5252,44
2020-08-10,Mariposa,043,17540,68,57,0,57,2
2020-08-10,Mendocino,045,87422,455,364,0,364,1
2020-08-10,Merced,047,269075,6897,4913,4,4917,51
2020-08-10,Modoc,049,8938,7,5,0,5,0
2020-08-10,Mono,051,14174,161,123,2,125,1
2020-08-10,Monterey,053,433212,6654,5358,21,5379,34
2020-08-10,Napa,055,140530,1300,1084,2,1086,8
2020-08-10,Nevada,057,99092,385,356,13,369,1
2020-08-10,Orange,059,3164182,46946,40445,948,41393,721
2020-08-10,Placer,061,380077,2640,2298,4,2302,21
2020-08-10,Plumas,063,18699,38,27,0,27,0
2020-08-10,Riverside,065,2383286,48899,43296,41,43337,830
2020-08-10,Sacramento,067,1510023,15029,12059,12,12071,168
2020-08-10,San Benito,069,59416,831,743,0,743,2
2020-08-10,San Bernardino,071,2135413,44403,37367,212,37579,579
2020-08-10,San Diego,073,3302833,35181,32977,104,33081,594
2020-08-10,San Francisco,075,870044,8310,6816,7,6823,66
2020-08-10,San Joaquin,077,732212,16350,13308,22,13330,240
2020-08-10,San Luis Obispo,079,281455,2495,2208,13,2221,15
2020-08-10,San Mateo,081,765935,7415,6222,6,6228,117
2020-08-10,Santa Barbara,083,443738,8174,6869,63,6932,66
2020-08-10,Santa Clara,085,1922200,15259,12615,25,12640,182
2020-08-10,Santa Cruz,087,273765,1529,1239,10,1249,4
2020-08-10,Shasta,089,179085,549,384,3,387,9
2020-08-10,Sierra,091,2930,5,3,0,3,0
2020-08-10,Siskiyou,093,43540,113,88,0,88,0
2020-08-10,Solano,095,438530,4797,4101,31,4132,31
2020-08-10,Sonoma,097,501317,4531,3640,9,3649,42
2020-08-10,Stanislaus,099,539301,13364,10855,134,10989,106
2020-08-10,Sutter,101,95872,1065,865,1,866,7
2020-08-10,Tehama,103,63373,327,282,2,284,1
2020-08-10,Trinity,105,12862,24,5,5,10,0
2020-08-10,Tulare,107,460477,12704,10750,34,10784,194
2020-08-10,Tuolumne,109,53932,163,143,3,146,1
2020-08-10,Ventura,111,848112,9868,8851,44,8895,85
2020-08-10,Yolo,113,214977,2119,1840,4,1844,45
2020-08-10,Yuba,115,75493,648,527,1,528,1
2020-08-09,Alameda,001,1643700,15464,13241,113,13354,203
2020-08-09,Alpine,003,1148,3,2,0,2,0
2020-08-09,Amador,005,37829,243,153,0,153,2
2020-08-09,Butte,007,227075,1411,1155,15,1170,15
2020-08-09,Calaveras,009,45235,166,122,0,122,1
2020-08-09,Colusa,011,21464,410,371,0,371,4
2020-08-09,Contra Costa,013,1133247,12002,9214,32,9246,130
2020-08-09,Del Norte,015,27424,98,69,0,69,0
2020-08-09,El Dorado,017,186661,879,748,0,748,2
2020-08-09,Fresno,019,978130,23972,17846,221,18067,183
2020-08-09,Glenn,021,27897,407,354,0,354,1
2020-08-09,Humboldt,023,135768,307,279,1,280,4
2020-08-09,Imperial,025,180216,10699,8310,5,8315,165
2020-08-09,Inyo,027,18085,117,86,5,91,1
2020-08-09,Kern,029,883053,27054,23680,158,23838,215
2020-08-09,Kings,031,150075,5274,4446,31,4477,50
2020-08-09,Lake,033,64148,266,225,0,225,2
2020-08-09,Lassen,035,31185,696,589,2,591,0
2020-08-09,Los Angeles,037,10098052,218874,208810,743,209553,4984
2020-08-09,Madera,039,155013,3276,2322,12,2334,22
2020-08-09,Marin,041,260295,5707,5204,10,5214,44
2020-08-09,Mariposa,043,17540,66,56,0,56,2
2020-08-09,Mendocino,045,87422,445,283,0,283,1
2020-08-09,Merced,047,269075,6799,4735,3,4738,51
2020-08-09,Modoc,049,8938,7,4,0,4,0
2020-08-09,Mono,051,14174,160,113,2,115,1
2020-08-09,Monterey,053,433212,6530,5199,21,5220,34
2020-08-09,Napa,055,140530,1281,1062,2,1064,8
2020-08-09,Nevada,057,99092,377,332,13,345,1
2020-08-09,Orange,059,3164182,46645,39244,933,40177,722
2020-08-09,Placer,061,380077,2611,2211,4,2215,20
2020-08-09,Plumas,063,18699,38,27,0,27,0
2020-08-09,Riverside,065,2383286,48553,41894,41,41935,828
2020-08-09,Sacramento,067,1510023,14749,11301,12,11313,167
2020-08-09,San Benito,069,59416,812,687,0,687,2
2020-08-09,San Bernardino,071,2135413,43928,36092,212,36304,579
2020-08-09,San Diego,073,3302833,34890,32749,93,32842,594
2020-08-09,San Francisco,075,870044,8195,6820,7,6827,66
2020-08-09,San Joaquin,077,732212,16145,12933,21,12954,240
2020-08-09,San Luis Obispo,079,281455,2459,2124,13,2137,15
2020-08-09,San Mateo,081,765935,7320,6094,6,6100,117
2020-08-09,Santa Barbara,083,443738,8087,6669,63,6732,66
2020-08-09,Santa Clara,085,1922200,14989,11878,25,11903,181
2020-08-09,Santa Cruz,087,273765,1505,1246,10,1256,4
2020-08-09,Shasta,089,179085,545,361,3,364,9
2020-08-09,Sierra,091,2930,5,3,0,3,0
2020-08-09,Siskiyou,093,43540,112,74,0,74,0
2020-08-09,Solano,095,438530,4744,3954,30,3984,31
2020-08-09,Sonoma,097,501317,4395,3531,7,3538,41
2020-08-09,Stanislaus,099,539301,13156,10264,121,10385,106
2020-08-09,Sutter,101,95872,1031,857,1,858,7
2020-08-09,Tehama,103,63373,319,265,2,267,1
2020-08-09,Trinity,105,12862,24,5,5,10,0
2020-08-09,Tulare,107,460477,12512,10630,31,10661,194
2020-08-09,Tuolumne,109,53932,160,143,3,146,1
2020-08-09,Ventura,111,848112,9720,8633,43,8676,85
2020-08-09,Yolo,113,214977,2088,1765,4,1769,44
2020-08-09,Yuba,115,75493,628,442,1,443,1
2020-08-08,Alameda,001,1643700,15354,13087,113,13200,204
2020-08-08,Alpine,003,1148,3,2,0,2,0
2020-08-08,Amador,005,37829,243,139,0,139,2
2020-08-08,Butte,007,227075,1393,1140,15,1155,15
2020-08-08,Calaveras,009,45235,165,122,0,122,1
2020-08-08,Colusa,011,21464,409,368,0,368,4
2020-08-08,Contra Costa,013,1133247,11893,9104,32,9136,129
2020-08-08,Del Norte,015,27424,97,69,0,69,0
2020-08-08,El Dorado,017,186661,872,734,0,734,2
2020-08-08,Fresno,019,978130,23835,17538,219,17757,183
2020-08-08,Glenn,021,27897,407,344,0,344,1
2020-08-08,Humboldt,023,135768,304,277,1,278,4
2020-08-08,Imperial,025,180216,10684,8213,5,8218,165
2020-08-08,Inyo,027,18085,113,86,5,91,1
2020-08-08,Kern,029,883053,26940,22803,158,22961,215
2020-08-08,Kings,031,150075,5260,4367,31,4398,49
2020-08-08,Lake,033,64148,264,221,0,221,2
2020-08-08,Lassen,035,31185,696,589,2,591,0
2020-08-08,Los Angeles,037,10098052,217987,206971,732,207703,4974
2020-08-08,Madera,039,155013,3245,2275,12,2287,22
2020-08-08,Marin,041,260295,5687,5118,10,5128,44
2020-08-08,Mariposa,043,17540,65,55,0,55,2
2020-08-08,Mendocino,045,87422,443,264,0,264,1
2020-08-08,Merced,047,269075,6759,4570,3,4573,51
2020-08-08,Modoc,049,8938,7,4,0,4,0
2020-08-08,Mono,051,14174,160,113,2,115,1
2020-08-08,Monterey,053,433212,6472,5101,21,5122,33
2020-08-08,Napa,055,140530,1273,1062,2,1064,8
2020-08-08,Nevada,057,99092,375,325,13,338,1
2020-08-08,Orange,059,3164182,46514,38688,924,39612,718
2020-08-08,Placer,061,380077,2594,2153,4,2157,20
2020-08-08,Plumas,063,18699,38,27,0,27,0
2020-08-08,Riverside,065,2383286,48349,41412,41,41453,823
2020-08-08,Sacramento,067,1510023,14620,11144,12,11156,166
2020-08-08,San Benito,069,59416,804,684,0,684,2
2020-08-08,San Bernardino,071,2135413,43732,35691,211,35902,531
2020-08-08,San Diego,073,3302833,34701,32332,84,32416,593
2020-08-08,San Francisco,075,870044,8129,6820,7,6827,66
2020-08-08,San Joaquin,077,732212,16064,12559,20,12579,240
2020-08-08,San Luis Obispo,079,281455,2436,2081,13,2094,15
2020-08-08,San Mateo,081,765935,7262,6021,6,6027,117
2020-08-08,Santa Barbara,083,443738,8049,6598,63,6661,66
2020-08-08,Santa Clara,085,1922200,14837,11615,25,11640,181
2020-08-08,Santa Cruz,087,273765,1491,1247,10,1257,4
2020-08-08,Shasta,089,179085,543,343,3,346,9
2020-08-08,Sierra,091,2930,5,3,0,3,0
2020-08-08,Siskiyou,093,43540,112,73,0,73,0
2020-08-08,Solano,095,438530,4723,3889,29,3918,31
2020-08-08,Sonoma,097,501317,4363,3399,7,3406,41
2020-08-08,Stanislaus,099,539301,13081,9963,115,10078,105
2020-08-08,Sutter,101,95872,1021,830,1,831,7
2020-08-08,Tehama,103,63373,318,251,2,253,1
2020-08-08,Trinity,105,12862,24,5,5,10,0
2020-08-08,Tulare,107,460477,12436,10505,31,10536,192
2020-08-08,Tuolumne,109,53932,160,143,3,146,1
2020-08-08,Ventura,111,848112,9665,8462,42,8504,85
2020-08-08,Yolo,113,214977,2075,1725,4,1729,44
2020-08-08,Yuba,115,75493,619,430,1,431,1
2020-08-07,Alameda,001,1643700,15245,12805,113,12918,204
2020-08-07,Alpine,003,1148,3,2,0,2,0
2020-08-07,Amador,005,37829,241,125,0,125,2
2020-08-07,Butte,007,227075,1375,1092,15,1107,13
2020-08-07,Calaveras,009,45235,165,119,0,119,1
2020-08-07,Colusa,011,21464,408,358,0,358,4
2020-08-07,Contra Costa,013,1133247,11744,8810,32,8842,126
2020-08-07,Del Norte,015,27424,97,69,0,69,0
2020-08-07,El Dorado,017,186661,867,724,0,724,2
2020-08-07,Fresno,019,978130,23675,17290,219,17509,171
2020-08-07,Glenn,021,27897,406,339,0,339,1
2020-08-07,Humboldt,023,135768,300,274,1,275,4
2020-08-07,Imperial,025,180216,10659,8085,5,8090,164
2020-08-07,Inyo,027,18085,112,81,5,86,1
2020-08-07,Kern,029,883053,26814,22143,155,22298,206
2020-08-07,Kings,031,150075,5243,4315,31,4346,48
2020-08-07,Lake,033,64148,262,215,0,215,1
2020-08-07,Lassen,035,31185,695,588,2,590,0
2020-08-07,Los Angeles,037,10098052,216530,204406,720,205126,4924
2020-08-07,Madera,039,155013,3213,2245,12,2257,20
2020-08-07,Marin,041,260295,5658,5094,10,5104,43
2020-08-07,Mariposa,043,17540,65,53,0,53,2
2020-08-07,Mendocino,045,87422,429,262,0,262,1
2020-08-07,Merced,047,269075,6716,4358,3,4361,30
2020-08-07,Modoc,049,8938,7,4,0,4,0
2020-08-07,Mono,051,14174,160,112,2,114,1
2020-08-07,Monterey,053,433212,6397,5041,21,5062,33
2020-08-07,Napa,055,140530,1268,1055,2,1057,8
2020-08-07,Nevada,057,99092,372,324,13,337,1
2020-08-07,Orange,059,3164182,46301,38459,907,39366,701
2020-08-07,Placer,061,380077,2577,2078,4,2082,20
2020-08-07,Plumas,063,18699,38,25,0,25,0
2020-08-07,Riverside,065,2383286,48086,40902,40,40942,810
2020-08-07,Sacramento,067,1510023,14474,10798,12,10810,160
2020-08-07,San Benito,069,59416,798,647,0,647,2
2020-08-07,San Bernardino,071,2135413,43485,35200,210,35410,524
2020-08-07,San Diego,073,3302833,34516,31781,81,31862,586
2020-08-07,San Francisco,075,870044,8051,6765,7,6772,66
2020-08-07,San Joaquin,077,732212,15979,12392,20,12412,223
2020-08-07,San Luis Obispo,079,281455,2405,2050,13,2063,14
2020-08-07,San Mateo,081,765935,7203,5948,6,5954,117
2020-08-07,Santa Barbara,083,443738,7998,6509,63,6572,66
2020-08-07,Santa Clara,085,1922200,14637,11409,25,11434,180
2020-08-07,Santa Cruz,087,273765,1473,1234,10,1244,5
2020-08-07,Shasta,089,179085,538,342,3,345,9
2020-08-07,Sierra,091,2930,5,3,0,3,0
2020-08-07,Siskiyou,093,43540,109,73,0,73,0
2020-08-07,Solano,095,438530,4691,3844,28,3872,31
2020-08-07,Sonoma,097,501317,4299,3329,7,3336,34
2020-08-07,Stanislaus,099,539301,12959,9665,105,9770,98
2020-08-07,Sutter,101,95872,1017,807,1,808,6
2020-08-07,Tehama,103,63373,314,246,2,248,1
2020-08-07,Trinity,105,12862,23,5,5,10,0
2020-08-07,Tulare,107,460477,12359,10292,31,10323,195
2020-08-07,Tuolumne,109,53932,159,136,3,139,1
2020-08-07,Ventura,111,848112,9605,8356,40,8396,84
2020-08-07,Yolo,113,214977,2048,1689,4,1693,37
2020-08-07,Yuba,115,75493,614,413,1,414,1
2020-08-06,Alameda,001,1643700,15023,12474,112,12586,200
2020-08-06,Alpine,003,1148,3,2,0,2,0
2020-08-06,Amador,005,37829,227,125,0,125,0
2020-08-06,Butte,007,227075,1356,1060,15,1075,13
2020-08-06,Calaveras,009,45235,163,117,0,117,1
2020-08-06,Colusa,011,21464,405,358,0,358,3
2020-08-06,Contra Costa,013,1133247,11550,8583,31,8614,124
2020-08-06,Del Norte,015,27424,97,69,0,69,0
2020-08-06,El Dorado,017,186661,856,703,0,703,1
2020-08-06,Fresno,019,978130,23378,17031,213,17244,161
2020-08-06,Glenn,021,27897,401,332,0,332,1
2020-08-06,Humboldt,023,135768,295,266,1,267,4
2020-08-06,Imperial,025,180216,10616,8064,5,8069,163
2020-08-06,Inyo,027,18085,104,83,5,88,1
2020-08-06,Kern,029,883053,26578,21843,154,21997,197
2020-08-06,Kings,031,150075,5183,4264,29,4293,47
2020-08-06,Lake,033,64148,259,209,0,209,1
2020-08-06,Lassen,035,31185,693,588,2,590,0
2020-08-06,Los Angeles,037,10098052,214449,201372,704,202076,4874
2020-08-06,Madera,039,155013,3165,2240,11,2251,19
2020-08-06,Marin,041,260295,5626,5058,10,5068,43
2020-08-06,Mariposa,043,17540,64,52,0,52,2
2020-08-06,Mendocino,045,87422,415,260,0,260,1
2020-08-06,Merced,047,269075,6615,4235,3,4238,30
2020-08-06,Modoc,049,8938,7,4,0,4,0
2020-08-06,Mono,051,14174,159,111,2,113,1
2020-08-06,Monterey,053,433212,6288,5001,20,5021,33
2020-08-06,Napa,055,140530,1254,1032,2,1034,8
2020-08-06,Nevada,057,99092,367,321,13,334,1
2020-08-06,Orange,059,3164182,46009,38399,902,39301,694
2020-08-06,Placer,061,380077,2551,2045,4,2049,20
2020-08-06,Plumas,063,18699,37,25,0,25,0
2020-08-06,Riverside,065,2383286,47691,40269,40,40309,781
2020-08-06,Sacramento,067,1510023,14245,10548,12,10560,153
2020-08-06,San Benito,069,59416,790,626,0,626,2
2020-08-06,San Bernardino,071,2135413,43081,34819,208,35027,516
2020-08-06,San Diego,073,3302833,34249,31129,74,31203,583
2020-08-06,San Francisco,075,870044,7958,6737,6,6743,60
2020-08-06,San Joaquin,077,732212,15820,12269,20,12289,203
2020-08-06,San Luis Obispo,079,281455,2381,2000,12,2012,13
2020-08-06,San Mateo,081,765935,7103,5885,6,5891,117
2020-08-06,Santa Barbara,083,443738,7938,6620,63,6683,65
2020-08-06,Santa Clara,085,1922200,14408,11280,25,11305,178
2020-08-06,Santa Cruz,087,273765,1452,1215,10,1225,4
2020-08-06,Shasta,089,179085,529,343,3,346,9
2020-08-06,Sierra,091,2930,5,3,0,3,0
2020-08-06,Siskiyou,093,43540,109,73,0,73,0
2020-08-06,Solano,095,438530,4648,3784,28,3812,29
2020-08-06,Sonoma,097,501317,4235,3259,7,3266,33
2020-08-06,Stanislaus,099,539301,12810,9566,89,9655,98
2020-08-06,Sutter,101,95872,986,797,1,798,6
2020-08-06,Tehama,103,63373,311,242,2,244,1
2020-08-06,Trinity,105,12862,21,5,5,10,0
2020-08-06,Tulare,107,460477,12200,10169,31,10200,195
2020-08-06,Tuolumne,109,53932,158,136,3,139,1
2020-08-06,Ventura,111,848112,9490,8245,37,8282,80
2020-08-06,Yolo,113,214977,2024,1662,4,1666,36
2020-08-06,Yuba,115,75493,605,407,0,407,1
2020-08-05,Alameda,001,1643700,14810,12140,111,12251,193
2020-08-05,Alpine,003,1148,3,2,0,2,0
2020-08-05,Amador,005,37829,217,123,0,123,0
2020-08-05,Butte,007,227075,1322,1038,14,1052,13
2020-08-05,Calaveras,009,45235,160,116,0,116,1
2020-08-05,Colusa,011,21464,401,354,0,354,3
2020-08-05,Contra Costa,013,1133247,11386,8362,31,8393,122
2020-08-05,Del Norte,015,27424,96,69,0,69,0
2020-08-05,El Dorado,017,186661,848,692,0,692,1
2020-08-05,Fresno,019,978130,23134,16625,207,16832,159
2020-08-05,Glenn,021,27897,398,330,0,330,1
2020-08-05,Humboldt,023,135768,293,249,1,250,4
2020-08-05,Imperial,025,180216,10581,8036,5,8041,163
2020-08-05,Inyo,027,18085,102,62,5,67,1
2020-08-05,Kern,029,883053,26390,21540,149,21689,194
2020-08-05,Kings,031,150075,5138,4192,27,4219,47
2020-08-05,Lake,033,64148,252,209,0,209,1
2020-08-05,Lassen,035,31185,646,557,2,559,0
2020-08-05,Los Angeles,037,10098052,212530,198355,683,199038,4832
2020-08-05,Madera,039,155013,3123,2172,11,2183,19
2020-08-05,Marin,041,260295,5594,5036,10,5046,43
2020-08-05,Mariposa,043,17540,64,52,0,52,2
2020-08-05,Mendocino,045,87422,403,248,0,248,1
2020-08-05,Merced,047,269075,6480,4119,3,4122,30
2020-08-05,Modoc,049,8938,7,3,0,3,0
2020-08-05,Mono,051,14174,159,104,2,106,1
2020-08-05,Monterey,053,433212,6173,4936,20,4956,32
2020-08-05,Napa,055,140530,1242,1020,2,1022,8
2020-08-05,Nevada,057,99092,358,327,13,340,2
2020-08-05,Orange,059,3164182,45700,37907,894,38801,663
2020-08-05,Placer,061,380077,2510,1989,4,1993,18
2020-08-05,Plumas,063,18699,36,25,0,25,0
2020-08-05,Riverside,065,2383286,47299,39454,38,39492,761
2020-08-05,Sacramento,067,1510023,14026,10261,11,10272,151
2020-08-05,San Benito,069,59416,781,613,0,613,2
2020-08-05,San Bernardino,071,2135413,42618,34442,203,34645,504
2020-08-05,San Diego,073,3302833,34025,30866,58,30924,578
2020-08-05,San Francisco,075,870044,7865,6701,6,6707,60
2020-08-05,San Joaquin,077,732212,15657,12148,20,12168,199
2020-08-05,San Luis Obispo,079,281455,2358,1928,12,1940,13
2020-08-05,San Mateo,081,765935,7007,5695,6,5701,116
2020-08-05,Santa Barbara,083,443738,7877,6597,63,6660,63
2020-08-05,Santa Clara,085,1922200,14174,11074,25,11099,176
2020-08-05,Santa Cruz,087,273765,1432,1192,8,1200,4
2020-08-05,Shasta,089,179085,523,338,3,341,9
2020-08-05,Sierra,091,2930,5,3,0,3,0
2020-08-05,Siskiyou,093,43540,105,72,0,72,0
2020-08-05,Solano,095,438530,4597,3750,27,3777,29
2020-08-05,Sonoma,097,501317,4153,3173,7,3180,33
2020-08-05,Stanislaus,099,539301,12651,9408,84,9492,97
2020-08-05,Sutter,101,95872,975,780,1,781,6
2020-08-05,Tehama,103,63373,308,231,2,233,1
2020-08-05,Trinity,105,12862,21,5,5,10,0
2020-08-05,Tulare,107,460477,12060,9924,31,9955,192
2020-08-05,Tuolumne,109,53932,158,137,3,140,0
2020-08-05,Ventura,111,848112,9376,8162,33,8195,75
2020-08-05,Yolo,113,214977,1996,1634,4,1638,36
2020-08-05,Yuba,115,75493,588,400,0,400,1
2020-08-04,Alameda,001,1643700,14593,11983,110,12093,192
2020-08-04,Alpine,003,1148,3,2,0,2,0
2020-08-04,Amador,005,37829,202,123,0,123,0
2020-08-04,Butte,007,227075,1298,1011,14,1025,10
2020-08-04,Calaveras,009,45235,156,116,0,116,1
2020-08-04,Colusa,011,21464,396,354,0,354,3
2020-08-04,Contra Costa,013,1133247,11219,8210,31,8241,122
2020-08-04,Del Norte,015,27424,94,69,0,69,0
2020-08-04,El Dorado,017,186661,838,668,0,668,1
2020-08-04,Fresno,019,978130,22849,16272,199,16471,154
2020-08-04,Glenn,021,27897,397,325,0,325,1
2020-08-04,Humboldt,023,135768,283,241,1,242,4
2020-08-04,Imperial,025,180216,10544,7974,5,7979,163
2020-08-04,Inyo,027,18085,88,59,5,64,1
2020-08-04,Kern,029,883053,26106,21403,149,21552,190
2020-08-04,Kings,031,150075,5073,4163,27,4190,47
2020-08-04,Lake,033,64148,252,206,0,206,1
2020-08-04,Lassen,035,31185,643,556,2,558,0
2020-08-04,Los Angeles,037,10098052,210570,196014,652,196666,4764
2020-08-04,Madera,039,155013,3080,2161,6,2167,19
2020-08-04,Marin,041,260295,5563,5020,9,5029,43
2020-08-04,Mariposa,043,17540,64,51,0,51,2
2020-08-04,Mendocino,045,87422,378,248,0,248,1
2020-08-04,Merced,047,269075,6366,4085,3,4088,30
2020-08-04,Modoc,049,8938,7,3,0,3,0
2020-08-04,Mono,051,14174,158,104,1,105,1
2020-08-04,Monterey,053,433212,6059,4892,20,4912,32
2020-08-04,Napa,055,140530,1229,994,0,994,8
2020-08-04,Nevada,057,99092,357,322,13,335,2
2020-08-04,Orange,059,3164182,45326,37844,888,38732,659
2020-08-04,Placer,061,380077,2473,1964,4,1968,17
2020-08-04,Plumas,063,18699,36,25,0,25,0
2020-08-04,Riverside,065,2383286,46914,38991,37,39028,743
2020-08-04,Sacramento,067,1510023,13808,10205,11,10216,146
2020-08-04,San Benito,069,59416,765,608,0,608,2
2020-08-04,San Bernardino,071,2135413,42070,34215,197,34412,495
2020-08-04,San Diego,073,3302833,33732,30518,46,30564,568
2020-08-04,San Francisco,075,870044,7777,6568,6,6574,60
2020-08-04,San Joaquin,077,732212,15528,12087,17,12104,189
2020-08-04,San Luis Obispo,079,281455,2328,1886,12,1898,13
2020-08-04,San Mateo,081,765935,6901,5690,6,5696,116
2020-08-04,Santa Barbara,083,443738,7817,6591,63,6654,61
2020-08-04,Santa Clara,085,1922200,13873,10986,24,11010,175
2020-08-04,Santa Cruz,087,273765,1413,1202,8,1210,4
2020-08-04,Shasta,089,179085,517,335,3,338,9
2020-08-04,Sierra,091,2930,5,1,0,1,0
2020-08-04,Siskiyou,093,43540,103,71,0,71,0
2020-08-04,Solano,095,438530,4526,3690,27,3717,29
2020-08-04,Sonoma,097,501317,4086,3108,7,3115,33
2020-08-04,Stanislaus,099,539301,12483,9359,76,9435,97
2020-08-04,Sutter,101,95872,961,761,1,762,6
2020-08-04,Tehama,103,63373,301,226,2,228,1
2020-08-04,Trinity,105,12862,21,5,5,10,0
2020-08-04,Tulare,107,460477,11880,9866,31,9897,192
2020-08-04,Tuolumne,109,53932,157,127,3,130,0
2020-08-04,Ventura,111,848112,9264,8134,31,8165,75
2020-08-04,Yolo,113,214977,1970,1626,4,1630,37
2020-08-04,Yuba,115,75493,573,398,0,398,1
2020-08-03,Alameda,001,1643700,14410,11817,106,11923,189
2020-08-03,Alpine,003,1148,3,2,0,2,0
2020-08-03,Amador,005,37829,198,119,0,119,0
2020-08-03,Butte,007,227075,1252,989,13,1002,9
2020-08-03,Calaveras,009,45235,153,117,0,117,1
2020-08-03,Colusa,011,21464,392,336,0,336,2
2020-08-03,Contra Costa,013,1133247,11022,8069,28,8097,120
2020-08-03,Del Norte,015,27424,90,68,0,68,0
2020-08-03,El Dorado,017,186661,827,645,0,645,1
2020-08-03,Fresno,019,978130,22555,15945,193,16138,151
2020-08-03,Glenn,021,27897,390,316,0,316,1
2020-08-03,Humboldt,023,135768,276,234,1,235,4
2020-08-03,Imperial,025,180216,10490,7953,5,7958,161
2020-08-03,Inyo,027,18085,85,57,5,62,1
2020-08-03,Kern,029,883053,25739,21285,142,21427,176
2020-08-03,Kings,031,150075,4961,4107,26,4133,47
2020-08-03,Lake,033,64148,245,201,0,201,1
2020-08-03,Lassen,035,31185,643,555,2,557,0
2020-08-03,Los Angeles,037,10098052,208528,194103,621,194724,4706
2020-08-03,Madera,039,155013,3031,2143,5,2148,18
2020-08-03,Marin,041,260295,5516,5001,9,5010,43
2020-08-03,Mariposa,043,17540,63,52,0,52,2
2020-08-03,Mendocino,045,87422,355,248,0,248,1
2020-08-03,Merced,047,269075,6244,4028,3,4031,29
2020-08-03,Modoc,049,8938,7,2,0,2,0
2020-08-03,Mono,051,14174,158,104,1,105,1
2020-08-03,Monterey,053,433212,5908,4806,17,4823,28
2020-08-03,Napa,055,140530,1214,973,0,973,8
2020-08-03,Nevada,057,99092,352,315,13,328,2
2020-08-03,Orange,059,3164182,44931,37705,878,38583,651
2020-08-03,Placer,061,380077,2418,1947,3,1950,16
2020-08-03,Plumas,063,18699,36,25,0,25,0
2020-08-03,Riverside,065,2383286,46446,38642,37,38679,740
2020-08-03,Sacramento,067,1510023,13613,10143,11,10154,142
2020-08-03,San Benito,069,59416,753,603,0,603,2
2020-08-03,San Bernardino,071,2135413,41543,33979,191,34170,444
2020-08-03,San Diego,073,3302833,33418,30228,36,30264,565
2020-08-03,San Francisco,075,870044,7683,6319,6,6325,60
2020-08-03,San Joaquin,077,732212,15331,12007,16,12023,189
2020-08-03,San Luis Obispo,079,281455,2286,1863,9,1872,14
2020-08-03,San Mateo,081,765935,6820,5661,6,5667,115
2020-08-03,Santa Barbara,083,443738,7772,6580,62,6642,59
2020-08-03,Santa Clara,085,1922200,13597,10747,24,10771,172
2020-08-03,Santa Cruz,087,273765,1393,1154,8,1162,4
2020-08-03,Shasta,089,179085,510,322,3,325,9
2020-08-03,Sierra,091,2930,5,1,0,1,0
2020-08-03,Siskiyou,093,43540,99,67,0,67,0
2020-08-03,Solano,095,438530,4457,3610,26,3636,29
2020-08-03,Sonoma,097,501317,3987,3079,6,3085,33
2020-08-03,Stanislaus,099,539301,12274,9308,68,9376,96
2020-08-03,Sutter,101,95872,937,713,1,714,6
2020-08-03,Tehama,103,63373,293,225,2,227,1
2020-08-03,Trinity,105,12862,21,5,5,10,0
2020-08-03,Tulare,107,460477,11696,9703,31,9734,188
2020-08-03,Tuolumne,109,53932,157,123,3,126,0
2020-08-03,Ventura,111,848112,9173,8084,28,8112,74
2020-08-03,Yolo,113,214977,1935,1598,3,1601,37
2020-08-03,Yuba,115,75493,549,393,0,393,1
2020-08-02,Alameda,001,1643700,14164,11696,94,11790,188
2020-08-02,Alpine,003,1148,3,2,0,2,0
2020-08-02,Amador,005,37829,193,117,0,117,0
2020-08-02,Butte,007,227075,1217,987,13,1000,9
2020-08-02,Calaveras,009,45235,150,116,0,116,1
2020-08-02,Colusa,011,21464,387,335,0,335,2
2020-08-02,Contra Costa,013,1133247,10783,7995,28,8023,118
2020-08-02,Del Norte,015,27424,89,68,0,68,0
2020-08-02,El Dorado,017,186661,817,643,0,643,1
2020-08-02,Fresno,019,978130,22280,15759,187,15946,151
2020-08-02,Glenn,021,27897,389,315,0,315,1
2020-08-02,Humboldt,023,135768,271,232,1,233,4
2020-08-02,Imperial,025,180216,10427,7919,5,7924,157
2020-08-02,Inyo,027,18085,84,45,5,50,1
2020-08-02,Kern,029,883053,25441,21162,140,21302,176
2020-08-02,Kings,031,150075,4899,3964,25,3989,47
2020-08-02,Lake,033,64148,240,201,0,201,1
2020-08-02,Lassen,035,31185,643,555,2,557,0
2020-08-02,Los Angeles,037,10098052,206433,192480,603,193083,4698
2020-08-02,Madera,039,155013,2965,2123,3,2126,18
2020-08-02,Marin,041,260295,5481,4985,9,4994,43
2020-08-02,Mariposa,043,17540,61,52,0,52,2
2020-08-02,Mendocino,045,87422,345,247,0,247,1
2020-08-02,Merced,047,269075,6103,4011,3,4014,29
2020-08-02,Modoc,049,8938,7,2,0,2,0
2020-08-02,Mono,051,14174,151,104,1,105,1
2020-08-02,Monterey,053,433212,5782,4698,17,4715,28
2020-08-02,Napa,055,140530,1199,956,0,956,8
2020-08-02,Nevada,057,99092,349,314,13,327,2
2020-08-02,Orange,059,3164182,44550,37266,867,38133,651
2020-08-02,Placer,061,380077,2379,1920,3,1923,15
2020-08-02,Plumas,063,18699,36,25,0,25,0
2020-08-02,Riverside,065,2383286,46013,38507,36,38543,735
2020-08-02,Sacramento,067,1510023,13334,10099,11,10110,142
2020-08-02,San Benito,069,59416,739,599,0,599,2
2020-08-02,San Bernardino,071,2135413,40942,33643,187,33830,443
2020-08-02,San Diego,073,3302833,33078,29885,27,29912,565
2020-08-02,San Francisco,075,870044,7565,6297,6,6303,60
2020-08-02,San Joaquin,077,732212,15045,11937,14,11951,189
2020-08-02,San Luis Obispo,079,281455,2223,1821,9,1830,14
2020-08-02,San Mateo,081,765935,6705,5618,6,5624,115
2020-08-02,Santa Barbara,083,443738,7681,6532,62,6594,59
2020-08-02,Santa Clara,085,1922200,13379,10577,24,10601,172
2020-08-02,Santa Cruz,087,273765,1373,1162,8,1170,4
2020-08-02,Shasta,089,179085,506,318,3,321,9
2020-08-02,Sierra,091,2930,4,1,0,1,0
2020-08-02,Siskiyou,093,43540,99,65,0,65,0
2020-08-02,Solano,095,438530,4398,3609,26,3635,29
2020-08-02,Sonoma,097,501317,3903,3005,6,3011,33
2020-08-02,Stanislaus,099,539301,12059,9277,62,9339,96
2020-08-02,Sutter,101,95872,902,714,1,715,6
2020-08-02,Tehama,103,63373,287,222,2,224,1
2020-08-02,Trinity,105,12862,21,5,5,10,0
2020-08-02,Tulare,107,460477,11487,9593,31,9624,188
2020-08-02,Tuolumne,109,53932,154,123,3,126,0
2020-08-02,Ventura,111,848112,9027,8014,28,8042,73
2020-08-02,Yolo,113,214977,1910,1588,3,1591,37
2020-08-02,Yuba,115,75493,529,393,0,393,1
2020-08-01,Alameda,001,1643700,14052,11590,94,11684,188
2020-08-01,Alpine,003,1148,3,2,0,2,0
2020-08-01,Amador,005,37829,189,109,0,109,0
2020-08-01,Butte,007,227075,1203,976,13,989,9
2020-08-01,Calaveras,009,45235,146,116,0,116,1
2020-08-01,Colusa,011,21464,386,327,0,327,2
2020-08-01,Contra Costa,013,1133247,10650,7867,27,7894,116
2020-08-01,Del Norte,015,27424,89,68,0,68,0
2020-08-01,El Dorado,017,186661,814,637,0,637,1
2020-08-01,Fresno,019,978130,22143,15448,187,15635,149
2020-08-01,Glenn,021,27897,388,311,0,311,1
2020-08-01,Humboldt,023,135768,270,232,1,233,4
2020-08-01,Imperial,025,180216,10391,7919,5,7924,156
2020-08-01,Inyo,027,18085,82,45,5,50,1
2020-08-01,Kern,029,883053,25281,20796,136,20932,176
2020-08-01,Kings,031,150075,4873,3948,25,3973,47
2020-08-01,Lake,033,64148,238,194,0,194,1
2020-08-01,Lassen,035,31185,642,555,2,557,0
2020-08-01,Los Angeles,037,10098052,205540,191023,576,191599,4674
2020-08-01,Madera,039,155013,2926,2103,3,2106,18
2020-08-01,Marin,041,260295,5466,4945,9,4954,43
2020-08-01,Mariposa,043,17540,61,50,0,50,2
2020-08-01,Mendocino,045,87422,338,243,0,243,1
2020-08-01,Merced,047,269075,6055,3972,3,3975,29
2020-08-01,Modoc,049,8938,7,2,0,2,0
2020-08-01,Mono,051,14174,150,104,1,105,1
2020-08-01,Monterey,053,433212,5715,4611,16,4627,28
2020-08-01,Napa,055,140530,1190,923,0,923,8
2020-08-01,Nevada,057,99092,345,305,13,318,2
2020-08-01,Orange,059,3164182,44323,36703,861,37564,648
2020-08-01,Placer,061,380077,2345,1891,3,1894,14
2020-08-01,Plumas,063,18699,35,25,0,25,0
2020-08-01,Riverside,065,2383286,45801,38216,34,38250,704
2020-08-01,Sacramento,067,1510023,13183,10044,11,10055,141
2020-08-01,San Benito,069,59416,728,579,0,579,2
2020-08-01,San Bernardino,071,2135413,40706,32947,186,33133,440
2020-08-01,San Diego,073,3302833,32861,29579,19,29598,565
2020-08-01,San Francisco,075,870044,7503,6296,6,6302,60
2020-08-01,San Joaquin,077,732212,14972,11807,13,11820,189
2020-08-01,San Luis Obispo,079,281455,2196,1798,9,1807,13
2020-08-01,San Mateo,081,765935,6651,5520,6,5526,115
2020-08-01,Santa Barbara,083,443738,7641,6465,62,6527,59
2020-08-01,Santa Clara,085,1922200,13228,10281,24,10305,171
2020-08-01,Santa Cruz,087,273765,1357,1164,8,1172,4
2020-08-01,Shasta,089,179085,501,312,3,315,9
2020-08-01,Sierra,091,2930,3,1,0,1,0
2020-08-01,Siskiyou,093,43540,99,64,0,64,0
2020-08-01,Solano,095,438530,4364,3591,25,3616,29
2020-08-01,Sonoma,097,501317,3857,2890,6,2896,29
2020-08-01,Stanislaus,099,539301,11941,9221,54,9275,96
2020-08-01,Sutter,101,95872,898,714,1,715,6
2020-08-01,Tehama,103,63373,284,220,2,222,1
2020-08-01,Trinity,105,12862,21,5,5,10,0
2020-08-01,Tulare,107,460477,11419,9520,31,9551,188
2020-08-01,Tuolumne,109,53932,154,123,3,126,0
2020-08-01,Ventura,111,848112,8981,7819,28,7847,73
2020-08-01,Yolo,113,214977,1900,1557,3,1560,37
2020-08-01,Yuba,115,75493,524,387,0,387,1
2020-07-31,Alameda,001,1643700,13921,11441,94,11535,187
2020-07-31,Alpine,003,1148,3,2,0,2,0
2020-07-31,Amador,005,37829,188,98,0,98,0
2020-07-31,Butte,007,227075,1180,925,13,938,7
2020-07-31,Calaveras,009,45235,146,112,0,112,1
2020-07-31,Colusa,011,21464,376,319,0,319,2
2020-07-31,Contra Costa,013,1133247,10502,7697,26,7723,113
2020-07-31,Del Norte,015,27424,88,68,0,68,0
2020-07-31,El Dorado,017,186661,803,616,0,616,1
2020-07-31,Fresno,019,978130,21924,15083,187,15270,133
2020-07-31,Glenn,021,27897,381,304,0,304,1
2020-07-31,Humboldt,023,135768,263,229,1,230,4
2020-07-31,Imperial,025,180216,10359,7886,5,7891,155
2020-07-31,Inyo,027,18085,72,45,5,50,1
2020-07-31,Kern,029,883053,25040,20061,131,20192,173
2020-07-31,Kings,031,150075,4845,3807,25,3832,45
2020-07-31,Lake,033,64148,237,191,0,191,1
2020-07-31,Lassen,035,31185,637,544,2,546,0
2020-07-31,Los Angeles,037,10098052,203931,188688,563,189251,4628
2020-07-31,Madera,039,155013,2879,2036,3,2039,19
2020-07-31,Marin,041,260295,5422,4885,6,4891,43
2020-07-31,Mariposa,043,17540,61,49,0,49,2
2020-07-31,Mendocino,045,87422,323,232,0,232,1
2020-07-31,Merced,047,269075,5972,3789,3,3792,30
2020-07-31,Modoc,049,8938,6,0,0,0,0
2020-07-31,Mono,051,14174,149,104,1,105,1
2020-07-31,Monterey,053,433212,5623,4493,16,4509,24
2020-07-31,Napa,055,140530,1178,897,0,897,7
2020-07-31,Nevada,057,99092,343,302,13,315,2
2020-07-31,Orange,059,3164182,44023,36196,846,37042,620
2020-07-31,Placer,061,380077,2320,1853,3,1856,14
2020-07-31,Plumas,063,18699,34,25,0,25,0
2020-07-31,Riverside,065,2383286,45411,37612,33,37645,694
2020-07-31,Sacramento,067,1510023,13005,9872,11,9883,132
2020-07-31,San Benito,069,59416,720,567,0,567,2
2020-07-31,San Bernardino,071,2135413,40376,32332,185,32517,434
2020-07-31,San Diego,073,3302833,32627,29050,11,29061,561
2020-07-31,San Francisco,075,870044,7404,6126,6,6132,60
2020-07-31,San Joaquin,077,732212,14834,11561,13,11574,177
2020-07-31,San Luis Obispo,079,281455,2127,1746,9,1755,12
2020-07-31,San Mateo,081,765935,6579,5416,6,5422,115
2020-07-31,Santa Barbara,083,443738,7574,6375,62,6437,58
2020-07-31,Santa Clara,085,1922200,13007,9863,24,9887,171
2020-07-31,Santa Cruz,087,273765,1334,1118,8,1126,4
2020-07-31,Shasta,089,179085,491,305,3,308,9
2020-07-31,Sierra,091,2930,3,1,0,1,0
2020-07-31,Siskiyou,093,43540,97,61,0,61,0
2020-07-31,Solano,095,438530,4317,3510,24,3534,29
2020-07-31,Sonoma,097,501317,3799,2745,6,2751,27
2020-07-31,Stanislaus,099,539301,11834,9061,49,9110,94
2020-07-31,Sutter,101,95872,893,714,1,715,6
2020-07-31,Tehama,103,63373,281,213,2,215,1
2020-07-31,Trinity,105,12862,21,5,5,10,0
2020-07-31,Tulare,107,460477,11298,9365,31,9396,184
2020-07-31,Tuolumne,109,53932,154,120,3,123,0
2020-07-31,Ventura,111,848112,8906,7521,28,7549,71
2020-07-31,Yolo,113,214977,1874,1522,3,1525,38
2020-07-31,Yuba,115,75493,515,369,0,369,1
2020-07-30,Alameda,001,1643700,13719,11303,54,11357,185
2020-07-30,Alpine,003,1148,3,2,0,2,0
2020-07-30,Amador,005,37829,170,97,0,97,0
2020-07-30,Butte,007,227075,1164,915,13,928,7
2020-07-30,Calaveras,009,45235,142,111,0,111,1
2020-07-30,Colusa,011,21464,373,315,0,315,2
2020-07-30,Contra Costa,013,1133247,10317,7615,25,7640,112
2020-07-30,Del Norte,015,27424,88,68,0,68,0
2020-07-30,El Dorado,017,186661,796,608,0,608,1
2020-07-30,Fresno,019,978130,21588,14793,181,14974,133
2020-07-30,Glenn,021,27897,374,297,0,297,1
2020-07-30,Humboldt,023,135768,261,228,1,229,4
2020-07-30,Imperial,025,180216,10300,7849,5,7854,151
2020-07-30,Inyo,027,18085,68,44,5,49,1
2020-07-30,Kern,029,883053,24747,19552,127,19679,171
2020-07-30,Kings,031,150075,4741,3785,25,3810,43
2020-07-30,Lake,033,64148,231,181,0,181,1
2020-07-30,Lassen,035,31185,634,544,2,546,0
2020-07-30,Los Angeles,037,10098052,201894,186177,532,186709,4564
2020-07-30,Madera,039,155013,2809,2007,3,2010,18
2020-07-30,Marin,041,260295,5380,4835,5,4840,39
2020-07-30,Mariposa,043,17540,61,49,0,49,1
2020-07-30,Mendocino,045,87422,316,232,0,232,1
2020-07-30,Merced,047,269075,5807,3695,3,3698,30
2020-07-30,Modoc,049,8938,6,0,0,0,0
2020-07-30,Mono,051,14174,148,104,1,105,1
2020-07-30,Monterey,053,433212,5511,4352,16,4368,24
2020-07-30,Napa,055,140530,1161,874,0,874,7
2020-07-30,Nevada,057,99092,338,292,13,305,2
2020-07-30,Orange,059,3164182,43608,36105,821,36926,607
2020-07-30,Placer,061,380077,2269,1821,3,1824,14
2020-07-30,Plumas,063,18699,33,25,0,25,0
2020-07-30,Riverside,065,2383286,44870,37308,33,37341,685
2020-07-30,Sacramento,067,1510023,12786,9704,11,9715,126
2020-07-30,San Benito,069,59416,707,558,0,558,2
2020-07-30,San Bernardino,071,2135413,39851,32010,185,32195,427
2020-07-30,San Diego,073,3302833,32280,28670,9,28679,558
2020-07-30,San Francisco,075,870044,7304,6107,6,6113,59
2020-07-30,San Joaquin,077,732212,14640,11435,13,11448,161
2020-07-30,San Luis Obispo,079,281455,2092,1703,9,1712,12
2020-07-30,San Mateo,081,765935,6484,5369,6,5375,115
2020-07-30,Santa Barbara,083,443738,7494,6273,62,6335,52
2020-07-30,Santa Clara,085,1922200,12770,9708,23,9731,170
2020-07-30,Santa Cruz,087,273765,1307,1087,8,1095,4
2020-07-30,Shasta,089,179085,487,306,3,309,8
2020-07-30,Sierra,091,2930,3,1,0,1,0
2020-07-30,Siskiyou,093,43540,96,60,0,60,0
2020-07-30,Solano,095,438530,4266,3463,24,3487,29
2020-07-30,Sonoma,097,501317,3727,2684,6,2690,25
2020-07-30,Stanislaus,099,539301,11621,8890,41,8931,94
2020-07-30,Sutter,101,95872,874,698,1,699,6
2020-07-30,Tehama,103,63373,278,208,2,210,1
2020-07-30,Trinity,105,12862,21,4,5,9,0
2020-07-30,Tulare,107,460477,11169,9167,31,9198,177
2020-07-30,Tuolumne,109,53932,153,119,3,122,0
2020-07-30,Ventura,111,848112,8794,7304,26,7330,69
2020-07-30,Yolo,113,214977,1854,1511,3,1514,37
2020-07-30,Yuba,115,75493,502,362,0,362,1
2020-07-29,Alameda,001,1643700,13500,11177,49,11226,180
2020-07-29,Alpine,003,1148,3,2,0,2,0
2020-07-29,Amador,005,37829,162,80,0,80,0
2020-07-29,Butte,007,227075,1138,889,11,900,7
2020-07-29,Calaveras,009,45235,136,107,0,107,1
2020-07-29,Colusa,011,21464,369,302,0,302,2
2020-07-29,Contra Costa,013,1133247,10114,7520,25,7545,108
2020-07-29,Del Norte,015,27424,88,68,0,68,0
2020-07-29,El Dorado,017,186661,786,588,0,588,1
2020-07-29,Fresno,019,978130,21296,14312,181,14493,125
2020-07-29,Glenn,021,27897,367,294,0,294,1
2020-07-29,Humboldt,023,135768,258,221,1,222,4
2020-07-29,Imperial,025,180216,10252,7825,5,7830,147
2020-07-29,Inyo,027,18085,63,44,5,49,1
2020-07-29,Kern,029,883053,24409,19073,124,19197,162
2020-07-29,Kings,031,150075,4693,3755,25,3780,43
2020-07-29,Lake,033,64148,229,179,0,179,1
2020-07-29,Lassen,035,31185,619,513,2,515,0
2020-07-29,Los Angeles,037,10098052,199858,183600,515,184115,4523
2020-07-29,Madera,039,155013,2755,1941,3,1944,18
2020-07-29,Marin,041,260295,5342,4747,5,4752,34
2020-07-29,Mariposa,043,17540,60,47,0,47,1
2020-07-29,Mendocino,045,87422,308,228,0,228,0
2020-07-29,Merced,047,269075,5667,3605,3,3608,25
2020-07-29,Modoc,049,8938,5,0,0,0,0
2020-07-29,Mono,051,14174,145,102,1,103,1
2020-07-29,Monterey,053,433212,5412,4252,16,4268,24
2020-07-29,Napa,055,140530,1133,866,0,866,7
2020-07-29,Nevada,057,99092,334,288,13,301,1
2020-07-29,Orange,059,3164182,43174,35339,809,36148,589
2020-07-29,Placer,061,380077,2237,1798,3,1801,14
2020-07-29,Plumas,063,18699,33,25,0,25,0
2020-07-29,Riverside,065,2383286,44279,36968,33,37001,678
2020-07-29,Sacramento,067,1510023,12540,9538,11,9549,122
2020-07-29,San Benito,069,59416,692,537,0,537,2
2020-07-29,San Bernardino,071,2135413,39362,31168,174,31342,417
2020-07-29,San Diego,073,3302833,31955,28289,8,28297,552
2020-07-29,San Francisco,075,870044,7210,6041,6,6047,56
2020-07-29,San Joaquin,077,732212,14392,11249,10,11259,154
2020-07-29,San Luis Obispo,079,281455,2072,1673,9,1682,11
2020-07-29,San Mateo,081,765935,6396,5305,6,5311,114
2020-07-29,Santa Barbara,083,443738,7424,6215,62,6277,31
2020-07-29,Santa Clara,085,1922200,12562,9567,23,9590,165
2020-07-29,Santa Cruz,087,273765,1283,1051,8,1059,4
2020-07-29,Shasta,089,179085,475,297,3,300,8
2020-07-29,Sierra,091,2930,2,1,0,1,0
2020-07-29,Siskiyou,093,43540,94,58,0,58,0
2020-07-29,Solano,095,438530,4212,3380,24,3404,29
2020-07-29,Sonoma,097,501317,3650,2598,6,2604,26
2020-07-29,Stanislaus,099,539301,11400,8745,35,8780,94
2020-07-29,Sutter,101,95872,846,678,1,679,6
2020-07-29,Tehama,103,63373,274,206,2,208,1
2020-07-29,Trinity,105,12862,21,4,5,9,0
2020-07-29,Tulare,107,460477,10998,9028,31,9059,156
2020-07-29,Tuolumne,109,53932,153,118,3,121,0
2020-07-29,Ventura,111,848112,8689,7161,26,7187,68
2020-07-29,Yolo,113,214977,1828,1488,3,1491,36
2020-07-29,Yuba,115,75493,486,350,0,350,1
2020-07-28,Alameda,001,1643700,13273,10875,48,10923,180
2020-07-28,Alpine,003,1148,3,2,0,2,0
2020-07-28,Amador,005,37829,152,77,0,77,0
2020-07-28,Butte,007,227075,1103,857,11,868,7
2020-07-28,Calaveras,009,45235,135,105,0,105,1
2020-07-28,Colusa,011,21464,363,290,0,290,2
2020-07-28,Contra Costa,013,1133247,9892,7426,25,7451,107
2020-07-28,Del Norte,015,27424,87,68,0,68,0
2020-07-28,El Dorado,017,186661,771,558,0,558,1
2020-07-28,Fresno,019,978130,20960,13933,175,14108,125
2020-07-28,Glenn,021,27897,365,289,0,289,1
2020-07-28,Humboldt,023,135768,257,218,1,219,4
2020-07-28,Imperial,025,180216,10216,7804,5,7809,145
2020-07-28,Inyo,027,18085,61,43,5,48,1
2020-07-28,Kern,029,883053,24046,18834,118,18952,155
2020-07-28,Kings,031,150075,4647,3721,25,3746,41
2020-07-28,Lake,033,64148,225,179,0,179,1
2020-07-28,Lassen,035,31185,613,508,2,510,0
2020-07-28,Los Angeles,037,10098052,197627,179107,492,179599,4435
2020-07-28,Madera,039,155013,2689,1889,3,1892,18
2020-07-28,Marin,041,260295,5273,4698,5,4703,23
2020-07-28,Mariposa,043,17540,58,45,0,45,1
2020-07-28,Mendocino,045,87422,297,222,0,222,0
2020-07-28,Merced,047,269075,5522,3446,3,3449,23
2020-07-28,Modoc,049,8938,4,0,0,0,0
2020-07-28,Mono,051,14174,144,102,1,103,1
2020-07-28,Monterey,053,433212,5291,4047,16,4063,22
2020-07-28,Napa,055,140530,1111,824,0,824,6
2020-07-28,Nevada,057,99092,329,278,13,291,1
2020-07-28,Orange,059,3164182,42716,34832,795,35627,582
2020-07-28,Placer,061,380077,2202,1759,3,1762,14
2020-07-28,Plumas,063,18699,33,22,0,22,0
2020-07-28,Riverside,065,2383286,43679,36458,33,36491,668
2020-07-28,Sacramento,067,1510023,12281,9429,10,9439,117
2020-07-28,San Benito,069,59416,682,503,0,503,2
2020-07-28,San Bernardino,071,2135413,38839,30493,170,30663,412
2020-07-28,San Diego,073,3302833,31605,28007,6,28013,547
2020-07-28,San Francisco,075,870044,7097,5888,6,5894,56
2020-07-28,San Joaquin,077,732212,14109,10958,8,10966,141
2020-07-28,San Luis Obispo,079,281455,2041,1636,9,1645,9
2020-07-28,San Mateo,081,765935,6322,5171,6,5177,114
2020-07-28,Santa Barbara,083,443738,7361,6110,60,6170,31
2020-07-28,Santa Clara,085,1922200,12327,9307,23,9330,165
2020-07-28,Santa Cruz,087,273765,1256,1018,8,1026,4
2020-07-28,Shasta,089,179085,463,275,3,278,8
2020-07-28,Sierra,091,2930,2,1,0,1,0
2020-07-28,Siskiyou,093,43540,90,57,0,57,0
2020-07-28,Solano,095,438530,4165,3292,23,3315,29
2020-07-28,Sonoma,097,501317,3577,2553,6,2559,20
2020-07-28,Stanislaus,099,539301,11178,8492,27,8519,92
2020-07-28,Sutter,101,95872,809,653,0,653,2
2020-07-28,Tehama,103,63373,269,199,2,201,1
2020-07-28,Trinity,105,12862,21,3,5,8,0
2020-07-28,Tulare,107,460477,10811,8787,31,8818,96
2020-07-28,Tuolumne,109,53932,152,116,3,119,0
2020-07-28,Ventura,111,848112,8563,7045,25,7070,68
2020-07-28,Yolo,113,214977,1800,1459,3,1462,36
2020-07-28,Yuba,115,75493,469,333,0,333,1
2020-07-27,Alameda,001,1643700,13046,10645,45,10690,176
2020-07-27,Alpine,003,1148,3,2,0,2,0
2020-07-27,Amador,005,37829,147,72,0,72,0
2020-07-27,Butte,007,227075,1076,843,11,854,7
2020-07-27,Calaveras,009,45235,131,103,0,103,1
2020-07-27,Colusa,011,21464,356,271,0,271,2
2020-07-27,Contra Costa,013,1133247,9670,7256,25,7281,104
2020-07-27,Del Norte,015,27424,86,67,0,67,0
2020-07-27,El Dorado,017,186661,759,548,0,548,1
2020-07-27,Fresno,019,978130,20612,13485,169,13654,117
2020-07-27,Glenn,021,27897,363,277,0,277,1
2020-07-27,Humboldt,023,135768,252,218,1,219,4
2020-07-27,Imperial,025,180216,10166,7789,5,7794,144
2020-07-27,Inyo,027,18085,61,43,5,48,1
2020-07-27,Kern,029,883053,23544,17994,112,18106,148
2020-07-27,Kings,031,150075,4398,3685,25,3710,39
2020-07-27,Lake,033,64148,221,176,0,176,1
2020-07-27,Lassen,035,31185,613,503,2,505,0
2020-07-27,Los Angeles,037,10098052,195174,176351,473,176824,4379
2020-07-27,Madera,039,155013,2624,1793,3,1796,17
2020-07-27,Marin,041,260295,5185,4669,5,4674,22
2020-07-27,Mariposa,043,17540,58,43,0,43,1
2020-07-27,Mendocino,045,87422,284,209,0,209,0
2020-07-27,Merced,047,269075,5382,3292,3,3295,23
2020-07-27,Modoc,049,8938,3,0,0,0,0
2020-07-27,Mono,051,14174,140,99,1,100,1
2020-07-27,Monterey,053,433212,5101,3960,16,3976,21
2020-07-27,Napa,055,140530,1096,769,0,769,6
2020-07-27,Nevada,057,99092,325,268,13,281,1
2020-07-27,Orange,059,3164182,42276,34649,779,35428,566
2020-07-27,Placer,061,380077,2152,1679,3,1682,12
2020-07-27,Plumas,063,18699,33,22,0,22,0
2020-07-27,Riverside,065,2383286,43001,35822,33,35855,667
2020-07-27,Sacramento,067,1510023,11989,9091,10,9101,114
2020-07-27,San Benito,069,59416,667,498,0,498,2
2020-07-27,San Bernardino,071,2135413,38247,29928,160,30088,401
2020-07-27,San Diego,073,3302833,31231,27509,5,27514,533
2020-07-27,San Francisco,075,870044,7010,5825,6,5831,55
2020-07-27,San Joaquin,077,732212,13817,10728,8,10736,129
2020-07-27,San Luis Obispo,079,281455,1996,1612,9,1621,9
2020-07-27,San Mateo,081,765935,6213,5108,6,5114,113
2020-07-27,Santa Barbara,083,443738,7279,6026,58,6084,30
2020-07-27,Santa Clara,085,1922200,12059,9157,22,9179,166
2020-07-27,Santa Cruz,087,273765,1234,984,8,992,4
2020-07-27,Shasta,089,179085,456,275,3,278,8
2020-07-27,Sierra,091,2930,2,1,0,1,0
2020-07-27,Siskiyou,093,43540,88,54,0,54,0
2020-07-27,Solano,095,438530,4098,3198,22,3220,29
2020-07-27,Sonoma,097,501317,3486,2504,6,2510,20
2020-07-27,Stanislaus,099,539301,10951,8288,19,8307,84
2020-07-27,Sutter,101,95872,783,620,0,620,2
2020-07-27,Tehama,103,63373,261,192,2,194,1
2020-07-27,Trinity,105,12862,21,3,5,8,0
2020-07-27,Tulare,107,460477,10593,8462,31,8493,172
2020-07-27,Tuolumne,109,53932,149,115,3,118,0
2020-07-27,Ventura,111,848112,8434,6998,24,7022,68
2020-07-27,Yolo,113,214977,1755,1439,3,1442,33
2020-07-27,Yuba,115,75493,449,328,0,328,1
2020-07-26,Alameda,001,1643700,12808,10489,44,10533,176
2020-07-26,Alpine,003,1148,3,2,0,2,0
2020-07-26,Amador,005,37829,141,67,0,67,0
2020-07-26,Butte,007,227075,1039,822,11,833,5
2020-07-26,Calaveras,009,45235,128,103,0,103,1
2020-07-26,Colusa,011,21464,347,270,0,270,2
2020-07-26,Contra Costa,013,1133247,9433,7095,25,7120,104
2020-07-26,Del Norte,015,27424,84,67,0,67,0
2020-07-26,El Dorado,017,186661,741,539,0,539,1
2020-07-26,Fresno,019,978130,20221,13209,161,13370,117
2020-07-26,Glenn,021,27897,355,265,0,265,1
2020-07-26,Humboldt,023,135768,246,214,1,215,4
2020-07-26,Imperial,025,180216,10093,7781,5,7786,144
2020-07-26,Inyo,027,18085,56,43,5,48,1
2020-07-26,Kern,029,883053,23020,17394,109,17503,148
2020-07-26,Kings,031,150075,4339,3591,25,3616,39
2020-07-26,Lake,033,64148,213,174,0,174,1
2020-07-26,Lassen,035,31185,572,503,2,505,0
2020-07-26,Los Angeles,037,10098052,192600,174322,455,174777,4364
2020-07-26,Madera,039,155013,2537,1744,3,1747,17
2020-07-26,Marin,041,260295,5139,4595,5,4600,22
2020-07-26,Mariposa,043,17540,56,43,0,43,1
2020-07-26,Mendocino,045,87422,275,206,0,206,0
2020-07-26,Merced,047,269075,5202,3251,3,3254,23
2020-07-26,Modoc,049,8938,3,0,0,0,0
2020-07-26,Mono,051,14174,136,82,1,83,1
2020-07-26,Monterey,053,433212,4935,3901,16,3917,21
2020-07-26,Napa,055,140530,1077,769,0,769,6
2020-07-26,Nevada,057,99092,322,261,13,274,1
2020-07-26,Orange,059,3164182,41750,34352,747,35099,564
2020-07-26,Placer,061,380077,2087,1628,3,1631,12
2020-07-26,Plumas,063,18699,33,22,0,22,0
2020-07-26,Riverside,065,2383286,42441,35636,33,35669,665
2020-07-26,Sacramento,067,1510023,11685,8972,10,8982,114
2020-07-26,San Benito,069,59416,655,495,0,495,2
2020-07-26,San Bernardino,071,2135413,37606,29545,151,29696,400
2020-07-26,San Diego,073,3302833,30835,26986,4,26990,533
2020-07-26,San Francisco,075,870044,6902,5823,6,5829,55
2020-07-26,San Joaquin,077,732212,13524,10637,8,10645,129
2020-07-26,San Luis Obispo,079,281455,1953,1565,9,1574,8
2020-07-26,San Mateo,081,765935,6107,5078,6,5084,113
2020-07-26,Santa Barbara,083,443738,7176,5939,58,5997,30
2020-07-26,Santa Clara,085,1922200,11830,8986,22,9008,166
2020-07-26,Santa Cruz,087,273765,1207,970,8,978,4
2020-07-26,Shasta,089,179085,449,265,3,268,8
2020-07-26,Sierra,091,2930,2,1,0,1,0
2020-07-26,Siskiyou,093,43540,86,54,0,54,0
2020-07-26,Solano,095,438530,4018,3197,20,3217,29
2020-07-26,Sonoma,097,501317,3397,2503,5,2508,20
2020-07-26,Stanislaus,099,539301,10690,8228,18,8246,84
2020-07-26,Sutter,101,95872,769,612,0,612,2
2020-07-26,Tehama,103,63373,254,175,2,177,1
2020-07-26,Trinity,105,12862,21,3,5,8,0
2020-07-26,Tulare,107,460477,10386,8392,31,8423,172
2020-07-26,Tuolumne,109,53932,144,113,3,116,0
2020-07-26,Ventura,111,848112,8227,6844,24,6868,67
2020-07-26,Yolo,113,214977,1724,1408,3,1411,33
2020-07-26,Yuba,115,75493,430,313,0,313,1
2020-07-25,Alameda,001,1643700,12711,10361,42,10403,176
2020-07-25,Alpine,003,1148,3,2,0,2,0
2020-07-25,Amador,005,37829,138,67,0,67,0
2020-07-25,Butte,007,227075,1030,810,11,821,5
2020-07-25,Calaveras,009,45235,124,103,0,103,1
2020-07-25,Colusa,011,21464,340,265,0,265,2
2020-07-25,Contra Costa,013,1133247,9288,6920,25,6945,104
2020-07-25,Del Norte,015,27424,84,67,0,67,0
2020-07-25,El Dorado,017,186661,730,528,0,528,1
2020-07-25,Fresno,019,978130,20035,12866,161,13027,117
2020-07-25,Glenn,021,27897,353,260,0,260,1
2020-07-25,Humboldt,023,135768,243,212,1,213,4
2020-07-25,Imperial,025,180216,10067,7727,5,7732,144
2020-07-25,Inyo,027,18085,55,43,5,48,1
2020-07-25,Kern,029,883053,22802,16910,108,17018,148
2020-07-25,Kings,031,150075,4322,3516,25,3541,39
2020-07-25,Lake,033,64148,211,173,0,173,1
2020-07-25,Lassen,035,31185,572,503,2,505,0
2020-07-25,Los Angeles,037,10098052,191468,172611,448,173059,4357
2020-07-25,Madera,039,155013,2505,1724,3,1727,17
2020-07-25,Marin,041,260295,5123,4562,5,4567,22
2020-07-25,Mariposa,043,17540,55,43,0,43,1
2020-07-25,Mendocino,045,87422,269,190,0,190,0
2020-07-25,Merced,047,269075,5123,3176,3,3179,23
2020-07-25,Modoc,049,8938,3,0,0,0,0
2020-07-25,Mono,051,14174,136,82,1,83,1
2020-07-25,Monterey,053,433212,4858,3805,16,3821,21
2020-07-25,Napa,055,140530,1064,746,0,746,6
2020-07-25,Nevada,057,99092,320,257,13,270,1
2020-07-25,Orange,059,3164182,41530,33978,726,34704,561
2020-07-25,Placer,061,380077,2071,1596,3,1599,12
2020-07-25,Plumas,063,18699,33,22,0,22,0
2020-07-25,Riverside,065,2383286,42173,34921,33,34954,655
2020-07-25,Sacramento,067,1510023,11539,8674,10,8684,113
2020-07-25,San Benito,069,59416,639,492,0,492,2
2020-07-25,San Bernardino,071,2135413,37327,29265,148,29413,394
2020-07-25,San Diego,073,3302833,30574,26703,3,26706,533
2020-07-25,San Francisco,075,870044,6844,5644,6,5650,55
2020-07-25,San Joaquin,077,732212,13398,10347,7,10354,129
2020-07-25,San Luis Obispo,079,281455,1933,1530,8,1538,8
2020-07-25,San Mateo,081,765935,6044,5023,6,5029,113
2020-07-25,Santa Barbara,083,443738,7140,5880,58,5938,30
2020-07-25,Santa Clara,085,1922200,11696,8767,22,8789,166
2020-07-25,Santa Cruz,087,273765,1190,939,8,947,4
2020-07-25,Shasta,089,179085,444,263,1,264,8
2020-07-25,Sierra,091,2930,2,1,0,1,0
2020-07-25,Siskiyou,093,43540,84,54,0,54,0
2020-07-25,Solano,095,438530,3978,3107,18,3125,29
2020-07-25,Sonoma,097,501317,3358,2412,5,2417,20
2020-07-25,Stanislaus,099,539301,10587,7994,15,8009,84
2020-07-25,Sutter,101,95872,750,603,0,603,2
2020-07-25,Tehama,103,63373,253,169,2,171,1
2020-07-25,Trinity,105,12862,21,3,5,8,0
2020-07-25,Tulare,107,460477,10286,8310,31,8341,172
2020-07-25,Tuolumne,109,53932,143,99,3,102,0
2020-07-25,Ventura,111,848112,8154,6662,24,6686,62
2020-07-25,Yolo,113,214977,1709,1357,3,1360,35
2020-07-25,Yuba,115,75493,424,312,0,312,1
2020-07-24,Alameda,001,1643700,12569,10216,39,10255,176
2020-07-24,Alpine,003,1148,3,2,0,2,0
2020-07-24,Amador,005,37829,136,66,0,66,0
2020-07-24,Butte,007,227075,1018,751,11,762,5
2020-07-24,Calaveras,009,45235,120,102,0,102,0
2020-07-24,Colusa,011,21464,337,255,0,255,2
2020-07-24,Contra Costa,013,1133247,9142,6814,25,6839,100
2020-07-24,Del Norte,015,27424,84,66,0,66,0
2020-07-24,El Dorado,017,186661,708,516,0,516,1
2020-07-24,Fresno,019,978130,19808,12564,161,12725,115
2020-07-24,Glenn,021,27897,350,251,0,251,1
2020-07-24,Humboldt,023,135768,240,210,1,211,4
2020-07-24,Imperial,025,180216,10045,7686,5,7691,141
2020-07-24,Inyo,027,18085,55,41,5,46,1
2020-07-24,Kern,029,883053,22561,16124,108,16232,143
2020-07-24,Kings,031,150075,4291,3471,25,3496,39
2020-07-24,Lake,033,64148,209,167,0,167,1
2020-07-24,Lassen,035,31185,572,503,2,505,0
2020-07-24,Los Angeles,037,10098052,189448,169078,437,169515,4302
2020-07-24,Madera,039,155013,2472,1679,3,1682,16
2020-07-24,Marin,041,260295,5096,4517,5,4522,22
2020-07-24,Mariposa,043,17540,55,41,0,41,1
2020-07-24,Mendocino,045,87422,262,188,0,188,0
2020-07-24,Merced,047,269075,5038,3100,3,3103,23
2020-07-24,Modoc,049,8938,3,0,0,0,0
2020-07-24,Mono,051,14174,135,82,1,83,1
2020-07-24,Monterey,053,433212,4786,3748,16,3764,21
2020-07-24,Napa,055,140530,1051,741,0,741,6
2020-07-24,Nevada,057,99092,317,255,13,268,1
2020-07-24,Orange,059,3164182,41242,33530,710,34240,557
2020-07-24,Placer,061,380077,2040,1551,3,1554,12
2020-07-24,Plumas,063,18699,33,22,0,22,0
2020-07-24,Riverside,065,2383286,41750,34513,32,34545,631
2020-07-24,Sacramento,067,1510023,11351,8570,10,8580,110
2020-07-24,San Benito,069,59416,632,485,0,485,2
2020-07-24,San Bernardino,071,2135413,36954,28990,142,29132,386
2020-07-24,San Diego,073,3302833,30274,26100,3,26103,524
2020-07-24,San Francisco,075,870044,6750,5611,6,5617,55
2020-07-24,San Joaquin,077,732212,13249,10190,7,10197,118
2020-07-24,San Luis Obispo,079,281455,1909,1476,8,1484,8
2020-07-24,San Mateo,081,765935,5981,4954,6,4960,112
2020-07-24,Santa Barbara,083,443738,7086,5776,56,5832,30
2020-07-24,Santa Clara,085,1922200,11532,8658,22,8680,165
2020-07-24,Santa Cruz,087,273765,1170,930,8,938,4
2020-07-24,Shasta,089,179085,436,262,1,263,8
2020-07-24,Sierra,091,2930,2,1,0,1,0
2020-07-24,Siskiyou,093,43540,84,53,0,53,0
2020-07-24,Solano,095,438530,3942,3062,15,3077,29
2020-07-24,Sonoma,097,501317,3305,2345,5,2350,20
2020-07-24,Stanislaus,099,539301,10415,7861,12,7873,82
2020-07-24,Sutter,101,95872,739,593,0,593,2
2020-07-24,Tehama,103,63373,245,170,2,172,1
2020-07-24,Trinity,105,12862,20,3,5,8,0
2020-07-24,Tulare,107,460477,10192,8167,29,8196,167
2020-07-24,Tuolumne,109,53932,137,99,3,102,0
2020-07-24,Ventura,111,848112,8069,6553,24,6577,60
2020-07-24,Yolo,113,214977,1695,1329,3,1332,35
2020-07-24,Yuba,115,75493,409,307,0,307,1
2020-07-23,Alameda,001,1643700,12329,9924,39,9963,171
2020-07-23,Alpine,003,1148,3,2,0,2,0
2020-07-23,Amador,005,37829,119,61,0,61,0
2020-07-23,Butte,007,227075,1003,726,11,737,5
2020-07-23,Calaveras,009,45235,113,102,0,102,0
2020-07-23,Colusa,011,21464,329,242,0,242,2
2020-07-23,Contra Costa,013,1133247,8942,6619,23,6642,98
2020-07-23,Del Norte,015,27424,84,66,0,66,0
2020-07-23,El Dorado,017,186661,697,491,0,491,1
2020-07-23,Fresno,019,978130,19451,12164,158,12322,112
2020-07-23,Glenn,021,27897,345,246,0,246,1
2020-07-23,Humboldt,023,135768,239,208,1,209,4
2020-07-23,Imperial,025,180216,9995,7604,5,7609,138
2020-07-23,Inyo,027,18085,53,38,5,43,1
2020-07-23,Kern,029,883053,22154,14491,104,14595,128
2020-07-23,Kings,031,150075,4180,3371,25,3396,39
2020-07-23,Lake,033,64148,200,160,0,160,1
2020-07-23,Lassen,035,31185,569,503,2,505,0
2020-07-23,Los Angeles,037,10098052,186898,167198,411,167609,4265
2020-07-23,Madera,039,155013,2406,1659,2,1661,13
2020-07-23,Marin,041,260295,5044,4423,5,4428,22
2020-07-23,Mariposa,043,17540,55,40,0,40,1
2020-07-23,Mendocino,045,87422,252,178,0,178,0
2020-07-23,Merced,047,269075,4882,2972,3,2975,22
2020-07-23,Modoc,049,8938,3,0,0,0,0
2020-07-23,Mono,051,14174,131,82,1,83,1
2020-07-23,Monterey,053,433212,4668,3655,16,3671,21
2020-07-23,Napa,055,140530,1027,713,0,713,5
2020-07-23,Nevada,057,99092,314,247,13,260,1
2020-07-23,Orange,059,3164182,40745,32863,680,33543,544
2020-07-23,Placer,061,380077,1997,1519,3,1522,12
2020-07-23,Plumas,063,18699,32,21,0,21,0
2020-07-23,Riverside,065,2383286,41144,33833,32,33865,630
2020-07-23,Sacramento,067,1510023,11120,8222,10,8232,108
2020-07-23,San Benito,069,59416,617,478,0,478,2
2020-07-23,San Bernardino,071,2135413,36434,28121,136,28257,369
2020-07-23,San Diego,073,3302833,29900,25109,3,25112,505
2020-07-23,San Francisco,075,870044,6648,5543,6,5549,55
2020-07-23,San Joaquin,077,732212,13030,9861,7,9868,111
2020-07-23,San Luis Obispo,079,281455,1881,1438,8,1446,7
2020-07-23,San Mateo,081,765935,5876,4895,6,4901,113
2020-07-23,Santa Barbara,083,443738,7008,5628,56,5684,30
2020-07-23,Santa Clara,085,1922200,11313,8458,22,8480,165
2020-07-23,Santa Cruz,087,273765,1134,887,8,895,3
2020-07-23,Shasta,089,179085,425,254,1,255,9
2020-07-23,Sierra,091,2930,2,1,0,1,0
2020-07-23,Siskiyou,093,43540,82,53,0,53,0
2020-07-23,Solano,095,438530,3878,2962,13,2975,29
2020-07-23,Sonoma,097,501317,3229,2289,5,2294,18
2020-07-23,Stanislaus,099,539301,10173,7603,12,7615,71
2020-07-23,Sutter,101,95872,706,570,0,570,2
2020-07-23,Tehama,103,63373,239,158,2,160,1
2020-07-23,Trinity,105,12862,19,3,5,8,0
2020-07-23,Tulare,107,460477,10003,7898,29,7927,168
2020-07-23,Tuolumne,109,53932,137,93,3,96,0
2020-07-23,Ventura,111,848112,7945,6303,24,6327,56
2020-07-23,Yolo,113,214977,1677,1279,3,1282,35
2020-07-23,Yuba,115,75493,389,297,0,297,1
2020-07-22,Alameda,001,1643700,12110,9678,38,9716,169
2020-07-22,Alpine,003,1148,3,2,0,2,0
2020-07-22,Amador,005,37829,117,58,0,58,0
2020-07-22,Butte,007,227075,967,694,11,705,5
2020-07-22,Calaveras,009,45235,113,98,0,98,0
2020-07-22,Colusa,011,21464,322,236,0,236,0
2020-07-22,Contra Costa,013,1133247,8716,6401,23,6424,98
2020-07-22,Del Norte,015,27424,84,66,0,66,0
2020-07-22,El Dorado,017,186661,684,466,0,466,1
2020-07-22,Fresno,019,978130,19089,11756,152,11908,110
2020-07-22,Glenn,021,27897,339,236,0,236,1
2020-07-22,Humboldt,023,135768,237,201,1,202,4
2020-07-22,Imperial,025,180216,9935,7533,5,7538,134
2020-07-22,Inyo,027,18085,49,38,5,43,1
2020-07-22,Kern,029,883053,21721,13513,97,13610,127
2020-07-22,Kings,031,150075,4125,3271,25,3296,38
2020-07-22,Lake,033,64148,197,160,0,160,1
2020-07-22,Lassen,035,31185,566,500,2,502,0
2020-07-22,Los Angeles,037,10098052,184240,165242,388,165630,4218
2020-07-22,Madera,039,155013,2331,1578,2,1580,10
2020-07-22,Marin,041,260295,4988,4373,5,4378,23
2020-07-22,Mariposa,043,17540,55,38,0,38,1
2020-07-22,Mendocino,045,87422,245,166,0,166,0
2020-07-22,Merced,047,269075,4755,2828,3,2831,15
2020-07-22,Modoc,049,8938,3,0,0,0,0
2020-07-22,Mono,051,14174,128,82,1,83,1
2020-07-22,Monterey,053,433212,4567,3533,16,3549,20
2020-07-22,Napa,055,140530,1005,687,0,687,5
2020-07-22,Nevada,057,99092,308,239,12,251,1
2020-07-22,Orange,059,3164182,40246,32047,671,32718,522
2020-07-22,Placer,061,380077,1941,1469,3,1472,12
2020-07-22,Plumas,063,18699,31,20,0,20,0
2020-07-22,Riverside,065,2383286,40509,33093,32,33125,612
2020-07-22,Sacramento,067,1510023,10856,8028,9,8037,106
2020-07-22,San Benito,069,59416,603,465,0,465,2
2020-07-22,San Bernardino,071,2135413,35912,26820,125,26945,348
2020-07-22,San Diego,073,3302833,29512,25109,2,25111,505
2020-07-22,San Francisco,075,870044,6544,5473,5,5478,53
2020-07-22,San Joaquin,077,732212,12754,9628,7,9635,102
2020-07-22,San Luis Obispo,079,281455,1835,1373,8,1381,7
2020-07-22,San Mateo,081,765935,5787,4796,6,4802,112
2020-07-22,Santa Barbara,083,443738,6917,5508,54,5562,29
2020-07-22,Santa Clara,085,1922200,11068,8266,22,8288,166
2020-07-22,Santa Cruz,087,273765,1111,866,8,874,3
2020-07-22,Shasta,089,179085,415,246,1,247,9
2020-07-22,Sierra,091,2930,1,1,0,1,0
2020-07-22,Siskiyou,093,43540,81,52,0,52,0
2020-07-22,Solano,095,438530,3817,2839,12,2851,29
2020-07-22,Sonoma,097,501317,3152,2255,5,2260,17
2020-07-22,Stanislaus,099,539301,10002,7401,12,7413,71
2020-07-22,Sutter,101,95872,682,551,0,551,2
2020-07-22,Tehama,103,63373,231,155,2,157,1
2020-07-22,Trinity,105,12862,18,3,5,8,0
2020-07-22,Tulare,107,460477,9770,7640,29,7669,167
2020-07-22,Tuolumne,109,53932,133,91,3,94,0
2020-07-22,Ventura,111,848112,7817,6223,22,6245,56
2020-07-22,Yolo,113,214977,1634,1233,3,1236,34
2020-07-22,Yuba,115,75493,374,288,0,288,1
2020-07-21,Alameda,001,1643700,11896,9390,38,9428,166
2020-07-21,Alpine,003,1148,3,2,0,2,0
2020-07-21,Amador,005,37829,112,55,0,55,0
2020-07-21,Butte,007,227075,922,659,10,669,5
2020-07-21,Calaveras,009,45235,107,96,0,96,0
2020-07-21,Colusa,011,21464,298,227,0,227,0
2020-07-21,Contra Costa,013,1133247,8474,6210,23,6233,98
2020-07-21,Del Norte,015,27424,84,66,0,66,0
2020-07-21,El Dorado,017,186661,676,440,0,440,1
2020-07-21,Fresno,019,978130,18690,11412,146,11558,107
2020-07-21,Glenn,021,27897,332,229,0,229,1
2020-07-21,Humboldt,023,135768,235,198,1,199,4
2020-07-21,Imperial,025,180216,9886,7458,5,7463,128
2020-07-21,Inyo,027,18085,48,38,4,42,1
2020-07-21,Kern,029,883053,21299,11998,91,12089,119
2020-07-21,Kings,031,150075,4060,3187,24,3211,38
2020-07-21,Lake,033,64148,197,157,0,157,1
2020-07-21,Lassen,035,31185,564,474,2,476,0
2020-07-21,Los Angeles,037,10098052,181237,162205,366,162571,4159
2020-07-21,Madera,039,155013,2266,1508,2,1510,10
2020-07-21,Marin,041,260295,4916,4318,5,4323,21
2020-07-21,Mariposa,043,17540,54,37,0,37,1
2020-07-21,Mendocino,045,87422,234,160,0,160,0
2020-07-21,Merced,047,269075,4576,2725,3,2728,15
2020-07-21,Modoc,049,8938,3,0,0,0,0
2020-07-21,Mono,051,14174,124,79,1,80,1
2020-07-21,Monterey,053,433212,4435,3404,15,3419,20
2020-07-21,Napa,055,140530,978,660,0,660,5
2020-07-21,Nevada,057,99092,306,228,10,238,1
2020-07-21,Orange,059,3164182,39749,31356,638,31994,515
2020-07-21,Placer,061,380077,1900,1413,3,1416,11
2020-07-21,Plumas,063,18699,31,19,0,19,0
2020-07-21,Riverside,065,2383286,39808,32231,32,32263,583
2020-07-21,Sacramento,067,1510023,10584,7789,8,7797,102
2020-07-21,San Benito,069,59416,592,444,0,444,2
2020-07-21,San Bernardino,071,2135413,35263,25323,118,25441,343
2020-07-21,San Diego,073,3302833,29063,24522,2,24524,487
2020-07-21,San Francisco,075,870044,6435,5377,5,5382,53
2020-07-21,San Joaquin,077,732212,12425,9150,7,9157,99
2020-07-21,San Luis Obispo,079,281455,1786,1338,8,1346,7
2020-07-21,San Mateo,081,765935,5695,4733,6,4739,111
2020-07-21,Santa Barbara,083,443738,6833,5422,53,5475,29
2020-07-21,Santa Clara,085,1922200,10805,7989,22,8011,164
2020-07-21,Santa Cruz,087,273765,1078,835,8,843,3
2020-07-21,Shasta,089,179085,407,241,1,242,9
2020-07-21,Sierra,091,2930,1,1,0,1,0
2020-07-21,Siskiyou,093,43540,81,48,0,48,0
2020-07-21,Solano,095,438530,3744,2727,12,2739,27
2020-07-21,Sonoma,097,501317,3095,2200,5,2205,17
2020-07-21,Stanislaus,099,539301,9739,6984,12,6996,69
2020-07-21,Sutter,101,95872,666,533,0,533,2
2020-07-21,Tehama,103,63373,221,150,2,152,1
2020-07-21,Trinity,105,12862,18,2,5,7,0
2020-07-21,Tulare,107,460477,9568,7447,29,7476,167
2020-07-21,Tuolumne,109,53932,131,75,3,78,0
2020-07-21,Ventura,111,848112,7685,6131,22,6153,55
2020-07-21,Yolo,113,214977,1581,1204,3,1207,34
2020-07-21,Yuba,115,75493,368,269,0,269,1
2020-07-20,Alameda,001,1643700,11642,9244,37,9281,162
2020-07-20,Alpine,003,1148,3,2,0,2,0
2020-07-20,Amador,005,37829,109,53,0,53,0
2020-07-20,Butte,007,227075,884,586,10,596,4
2020-07-20,Calaveras,009,45235,104,90,0,90,0
2020-07-20,Colusa,011,21464,287,217,0,217,0
2020-07-20,Contra Costa,013,1133247,8266,5823,23,5846,97
2020-07-20,Del Norte,015,27424,84,61,0,61,0
2020-07-20,El Dorado,017,186661,653,407,0,407,0
2020-07-20,Fresno,019,978130,18248,10891,144,11035,106
2020-07-20,Glenn,021,27897,324,225,0,225,1
2020-07-20,Humboldt,023,135768,228,194,1,195,4
2020-07-20,Imperial,025,180216,9846,7337,5,7342,124
2020-07-20,Inyo,027,18085,46,38,4,42,1
2020-07-20,Kern,029,883053,20789,10908,87,10995,118
2020-07-20,Kings,031,150075,4010,3093,24,3117,37
2020-07-20,Lake,033,64148,194,147,0,147,1
2020-07-20,Lassen,035,31185,562,474,2,476,0
2020-07-20,Los Angeles,037,10098052,178264,159202,339,159541,4108
2020-07-20,Madera,039,155013,2191,1433,2,1435,10
2020-07-20,Marin,041,260295,4835,4255,5,4260,21
2020-07-20,Mariposa,043,17540,53,36,0,36,1
2020-07-20,Mendocino,045,87422,221,153,0,153,0
2020-07-20,Merced,047,269075,4406,2584,3,2587,15
2020-07-20,Modoc,049,8938,3,0,0,0,0
2020-07-20,Mono,051,14174,118,78,1,79,1
2020-07-20,Monterey,053,433212,4329,3205,15,3220,19
2020-07-20,Napa,055,140530,941,632,0,632,5
2020-07-20,Nevada,057,99092,298,218,10,228,1
2020-07-20,Orange,059,3164182,39140,30337,608,30945,507
2020-07-20,Placer,061,380077,1848,1364,3,1367,11
2020-07-20,Plumas,063,18699,30,17,0,17,0
2020-07-20,Riverside,065,2383286,38978,31163,32,31195,581
2020-07-20,Sacramento,067,1510023,10256,7369,8,7377,99
2020-07-20,San Benito,069,59416,574,433,0,433,2
2020-07-20,San Bernardino,071,2135413,34453,24226,114,24340,338
2020-07-20,San Diego,073,3302833,28621,24137,2,24139,478
2020-07-20,San Francisco,075,870044,6314,5090,5,5095,53
2020-07-20,San Joaquin,077,732212,12069,8583,7,8590,97
2020-07-20,San Luis Obispo,079,281455,1746,1282,8,1290,6
2020-07-20,San Mateo,081,765935,5594,4609,6,4615,111
2020-07-20,Santa Barbara,083,443738,6704,5266,51,5317,29
2020-07-20,Santa Clara,085,1922200,10576,7711,21,7732,164
2020-07-20,Santa Cruz,087,273765,1046,758,8,766,3
2020-07-20,Shasta,089,179085,392,233,1,234,9
2020-07-20,Sierra,091,2930,1,1,0,1,0
2020-07-20,Siskiyou,093,43540,77,42,0,42,0
2020-07-20,Solano,095,438530,3661,2537,12,2549,26
2020-07-20,Sonoma,097,501317,2988,2148,5,2153,17
2020-07-20,Stanislaus,099,539301,9456,6835,12,6847,58
2020-07-20,Sutter,101,95872,633,507,0,507,2
2020-07-20,Tehama,103,63373,211,146,2,148,1
2020-07-20,Trinity,105,12862,18,2,5,7,0
2020-07-20,Tulare,107,460477,9334,6974,29,7003,166
2020-07-20,Tuolumne,109,53932,130,75,3,78,0
2020-07-20,Ventura,111,848112,7552,5912,22,5934,52
2020-07-20,Yolo,113,214977,1541,1155,3,1158,30
2020-07-20,Yuba,115,75493,348,258,0,258,1
2020-07-19,Alameda,001,1643700,11404,9227,31,9258,162
2020-07-19,Alpine,003,1148,3,2,0,2,0
2020-07-19,Amador,005,37829,102,51,0,51,0
2020-07-19,Butte,007,227075,859,555,10,565,4
2020-07-19,Calaveras,009,45235,102,89,0,89,0
2020-07-19,Colusa,011,21464,279,187,0,187,0
2020-07-19,Contra Costa,013,1133247,7975,5691,21,5712,95
2020-07-19,Del Norte,015,27424,83,61,0,61,0
2020-07-19,El Dorado,017,186661,635,385,0,385,0
2020-07-19,Fresno,019,978130,17726,10639,132,10771,106
2020-07-19,Glenn,021,27897,310,215,0,215,0
2020-07-19,Humboldt,023,135768,220,195,1,196,4
2020-07-19,Imperial,025,180216,9755,7280,5,7285,124
2020-07-19,Inyo,027,18085,42,38,3,41,1
2020-07-19,Kern,029,883053,20172,10094,80,10174,115
2020-07-19,Kings,031,150075,3924,3035,24,3059,37
2020-07-19,Lake,033,64148,189,144,0,144,1
2020-07-19,Lassen,035,31185,543,474,2,476,0
2020-07-19,Los Angeles,037,10098052,174820,156039,316,156355,4100
2020-07-19,Madera,039,155013,2114,1301,2,1303,10
2020-07-19,Marin,041,260295,4780,4172,5,4177,21
2020-07-19,Mariposa,043,17540,49,35,0,35,1
2020-07-19,Mendocino,045,87422,216,137,0,137,0
2020-07-19,Merced,047,269075,4199,2460,3,2463,15
2020-07-19,Modoc,049,8938,3,0,0,0,0
2020-07-19,Mono,051,14174,107,63,1,64,1
2020-07-19,Monterey,053,433212,4209,3079,15,3094,18
2020-07-19,Napa,055,140530,912,612,0,612,5
2020-07-19,Nevada,057,99092,292,210,10,220,1
2020-07-19,Orange,059,3164182,38576,29941,594,30535,505
2020-07-19,Placer,061,380077,1800,1246,3,1249,11
2020-07-19,Plumas,063,18699,30,17,0,17,0
2020-07-19,Riverside,065,2383286,38273,30340,32,30372,581
2020-07-19,Sacramento,067,1510023,9864,6985,8,6993,97
2020-07-19,San Benito,069,59416,558,412,0,412,2
2020-07-19,San Bernardino,071,2135413,33681,23928,103,24031,337
2020-07-19,San Diego,073,3302833,28120,23684,2,23686,478
2020-07-19,San Francisco,075,870044,6167,5094,5,5099,52
2020-07-19,San Joaquin,077,732212,11664,8308,7,8315,93
2020-07-19,San Luis Obispo,079,281455,1702,1262,7,1269,6
2020-07-19,San Mateo,081,765935,5487,4522,6,4528,110
2020-07-19,Santa Barbara,083,443738,6595,5145,48,5193,29
2020-07-19,Santa Clara,085,1922200,10332,7403,21,7424,164
2020-07-19,Santa Cruz,087,273765,1002,753,8,761,3
2020-07-19,Shasta,089,179085,379,218,1,219,9
2020-07-19,Sierra,091,2930,1,1,0,1,0
2020-07-19,Siskiyou,093,43540,75,42,0,42,0
2020-07-19,Solano,095,438530,3556,2551,12,2563,26
2020-07-19,Sonoma,097,501317,2887,2074,5,2079,17
2020-07-19,Stanislaus,099,539301,9160,6508,12,6520,58
2020-07-19,Sutter,101,95872,602,480,0,480,2
2020-07-19,Tehama,103,63373,207,138,2,140,1
2020-07-19,Trinity,105,12862,18,2,5,7,0
2020-07-19,Tulare,107,460477,9085,6856,29,6885,166
2020-07-19,Tuolumne,109,53932,125,75,3,78,0
2020-07-19,Ventura,111,848112,7362,5706,22,5728,52
2020-07-19,Yolo,113,214977,1502,1127,3,1130,30
2020-07-19,Yuba,115,75493,328,240,0,240,1
2020-07-18,Alameda,001,1643700,11268,9089,30,9119,162
2020-07-18,Alpine,003,1148,3,2,0,2,0
2020-07-18,Amador,005,37829,98,49,0,49,0
2020-07-18,Butte,007,227075,850,551,10,561,4
2020-07-18,Calaveras,009,45235,98,89,0,89,0
2020-07-18,Colusa,011,21464,274,182,0,182,0
2020-07-18,Contra Costa,013,1133247,7840,5617,21,5638,95
2020-07-18,Del Norte,015,27424,83,61,0,61,0
2020-07-18,El Dorado,017,186661,632,385,0,385,0
2020-07-18,Fresno,019,978130,17477,10381,130,10511,106
2020-07-18,Glenn,021,27897,304,212,0,212,0
2020-07-18,Humboldt,023,135768,217,189,1,190,4
2020-07-18,Imperial,025,180216,9724,7268,5,7273,124
2020-07-18,Inyo,027,18085,42,38,3,41,1
2020-07-18,Kern,029,883053,19869,9250,77,9327,114
2020-07-18,Kings,031,150075,3884,2996,23,3019,37
2020-07-18,Lake,033,64148,186,142,0,142,1
2020-07-18,Lassen,035,31185,542,474,2,476,0
2020-07-18,Los Angeles,037,10098052,173370,153265,305,153570,4088
2020-07-18,Madera,039,155013,2068,1260,2,1262,9
2020-07-18,Marin,041,260295,4751,4089,5,4094,21
2020-07-18,Mariposa,043,17540,49,35,0,35,1
2020-07-18,Mendocino,045,87422,209,137,0,137,0
2020-07-18,Merced,047,269075,4080,2424,3,2427,15
2020-07-18,Modoc,049,8938,3,0,0,0,0
2020-07-18,Mono,051,14174,105,54,1,55,1
2020-07-18,Monterey,053,433212,4141,3020,15,3035,17
2020-07-18,Napa,055,140530,901,609,0,609,5
2020-07-18,Nevada,057,99092,288,204,9,213,1
2020-07-18,Orange,059,3164182,38256,29603,573,30176,493
2020-07-18,Placer,061,380077,1777,1233,3,1236,11
2020-07-18,Plumas,063,18699,30,17,0,17,0
2020-07-18,Riverside,065,2383286,37920,30245,31,30276,581
2020-07-18,Sacramento,067,1510023,9619,6739,8,6747,95
2020-07-18,San Benito,069,59416,543,407,0,407,2
2020-07-18,San Bernardino,071,2135413,33221,23680,97,23777,336
2020-07-18,San Diego,073,3302833,27817,23116,2,23118,478
2020-07-18,San Francisco,075,870044,6065,5051,5,5056,52
2020-07-18,San Joaquin,077,732212,11451,8118,7,8125,93
2020-07-18,San Luis Obispo,079,281455,1669,1234,7,1241,6
2020-07-18,San Mateo,081,765935,5427,4488,6,4494,110
2020-07-18,Santa Barbara,083,443738,6535,5110,46,5156,29
2020-07-18,Santa Clara,085,1922200,10182,7255,20,7275,164
2020-07-18,Santa Cruz,087,273765,985,751,8,759,3
2020-07-18,Shasta,089,179085,370,216,1,217,9
2020-07-18,Sierra,091,2930,1,1,0,1,0
2020-07-18,Siskiyou,093,43540,71,42,0,42,0
2020-07-18,Solano,095,438530,3515,2503,12,2515,26
2020-07-18,Sonoma,097,501317,2836,2019,5,2024,15
2020-07-18,Stanislaus,099,539301,9025,6344,12,6356,58
2020-07-18,Sutter,101,95872,596,473,0,473,2
2020-07-18,Tehama,103,63373,202,136,2,138,1
2020-07-18,Trinity,105,12862,18,2,5,7,0
2020-07-18,Tulare,107,460477,8994,6810,28,6838,167
2020-07-18,Tuolumne,109,53932,122,75,3,78,0
2020-07-18,Ventura,111,848112,7280,5630,22,5652,52
2020-07-18,Yolo,113,214977,1474,1077,3,1080,30
2020-07-18,Yuba,115,75493,317,237,0,237,1
2020-07-17,Alameda,001,1643700,11127,8893,29,8922,160
2020-07-17,Alpine,003,1148,3,1,0,1,0
2020-07-17,Amador,005,37829,96,48,0,48,0
2020-07-17,Butte,007,227075,836,497,10,507,4
2020-07-17,Calaveras,009,45235,96,86,0,86,0
2020-07-17,Colusa,011,21464,272,146,0,146,0
2020-07-17,Contra Costa,013,1133247,7692,5483,21,5504,93
2020-07-17,Del Norte,015,27424,82,60,0,60,0
2020-07-17,El Dorado,017,186661,616,368,0,368,0
2020-07-17,Fresno,019,978130,17178,9954,130,10084,104
2020-07-17,Glenn,021,27897,297,203,0,203,0
2020-07-17,Humboldt,023,135768,216,185,1,186,4
2020-07-17,Imperial,025,180216,9702,7193,5,7198,120
2020-07-17,Inyo,027,18085,42,38,3,41,1
2020-07-17,Kern,029,883053,19549,8291,76,8367,113
2020-07-17,Kings,031,150075,3846,2978,23,3001,37
2020-07-17,Lake,033,64148,184,139,0,139,1
2020-07-17,Lassen,035,31185,523,391,2,393,0
2020-07-17,Los Angeles,037,10098052,170997,150481,293,150774,4052
2020-07-17,Madera,039,155013,2024,1214,2,1216,9
2020-07-17,Marin,041,260295,4714,3839,5,3844,21
2020-07-17,Mariposa,043,17540,47,35,0,35,1
2020-07-17,Mendocino,045,87422,201,126,0,126,0
2020-07-17,Merced,047,269075,4004,2328,3,2331,12
2020-07-17,Modoc,049,8938,2,0,0,0,0
2020-07-17,Mono,051,14174,100,54,1,55,1
2020-07-17,Monterey,053,433212,4012,2922,15,2937,18
2020-07-17,Napa,055,140530,887,598,0,598,5
2020-07-17,Nevada,057,99092,281,200,9,209,1
2020-07-17,Orange,059,3164182,37792,28962,540,29502,485
2020-07-17,Placer,061,380077,1748,1207,3,1210,11
2020-07-17,Plumas,063,18699,27,16,0,16,0
2020-07-17,Riverside,065,2383286,37322,29639,31,29670,580
2020-07-17,Sacramento,067,1510023,9375,6563,8,6571,95
2020-07-17,San Benito,069,59416,528,399,0,399,2
2020-07-17,San Bernardino,071,2135413,32702,23057,94,23151,322
2020-07-17,San Diego,073,3302833,27428,22491,2,22493,472
2020-07-17,San Francisco,075,870044,5971,4967,5,4972,52
2020-07-17,San Joaquin,077,732212,11206,7925,7,7932,86
2020-07-17,San Luis Obispo,079,281455,1633,1190,7,1197,6
2020-07-17,San Mateo,081,765935,5331,4407,6,4413,110
2020-07-17,Santa Barbara,083,443738,6461,5001,45,5046,29
2020-07-17,Santa Clara,085,1922200,9964,7080,20,7100,164
2020-07-17,Santa Cruz,087,273765,963,716,8,724,3
2020-07-17,Shasta,089,179085,358,213,1,214,8
2020-07-17,Sierra,091,2930,1,1,0,1,0
2020-07-17,Siskiyou,093,43540,70,40,0,40,0
2020-07-17,Solano,095,438530,3466,2452,12,2464,26
2020-07-17,Sonoma,097,501317,2788,1982,5,1987,15
2020-07-17,Stanislaus,099,539301,8851,6220,12,6232,56
2020-07-17,Sutter,101,95872,583,458,0,458,2
2020-07-17,Tehama,103,63373,198,128,2,130,1
2020-07-17,Trinity,105,12862,18,2,5,7,0
2020-07-17,Tulare,107,460477,8858,6671,28,6699,166
2020-07-17,Tuolumne,109,53932,121,73,3,76,0
2020-07-17,Ventura,111,848112,7196,5451,22,5473,51
2020-07-17,Yolo,113,214977,1450,1055,3,1058,30
2020-07-17,Yuba,115,75493,307,231,0,231,1
2020-07-16,Alameda,001,1643700,10893,8719,24,8743,153
2020-07-16,Alpine,003,1148,3,1,0,1,0
2020-07-16,Amador,005,37829,93,46,0,46,0
2020-07-16,Butte,007,227075,799,465,9,474,4
2020-07-16,Calaveras,009,45235,94,82,0,82,0
2020-07-16,Colusa,011,21464,263,140,0,140,0
2020-07-16,Contra Costa,013,1133247,7480,5338,15,5353,91
2020-07-16,Del Norte,015,27424,82,60,0,60,0
2020-07-16,El Dorado,017,186661,599,357,0,357,0
2020-07-16,Fresno,019,978130,16666,9481,121,9602,101
2020-07-16,Glenn,021,27897,288,190,0,190,0
2020-07-16,Humboldt,023,135768,214,184,1,185,4
2020-07-16,Imperial,025,180216,9607,7148,5,7153,113
2020-07-16,Inyo,027,18085,42,38,3,41,1
2020-07-16,Kern,029,883053,19027,7435,74,7509,112
2020-07-16,Kings,031,150075,3679,2937,23,2960,37
2020-07-16,Lake,033,64148,179,128,0,128,1
2020-07-16,Lassen,035,31185,522,355,2,357,0
2020-07-16,Los Angeles,037,10098052,167748,147759,270,148029,3994
2020-07-16,Madera,039,155013,1960,1192,2,1194,8
2020-07-16,Marin,041,260295,4642,3546,5,3551,21
2020-07-16,Mariposa,043,17540,45,34,0,34,1
2020-07-16,Mendocino,045,87422,196,121,0,121,0
2020-07-16,Merced,047,269075,3842,2228,3,2231,12
2020-07-16,Modoc,049,8938,1,0,0,0,0
2020-07-16,Mono,051,14174,97,53,1,54,1
2020-07-16,Monterey,053,433212,3908,2857,14,2871,18
2020-07-16,Napa,055,140530,858,581,0,581,5
2020-07-16,Nevada,057,99092,278,191,9,200,1
2020-07-16,Orange,059,3164182,37090,28525,504,29029,471
2020-07-16,Placer,061,380077,1700,1168,3,1171,11
2020-07-16,Plumas,063,18699,25,16,0,16,0
2020-07-16,Riverside,065,2383286,36577,28904,29,28933,577
2020-07-16,Sacramento,067,1510023,9062,6440,8,6448,91
2020-07-16,San Benito,069,59416,511,389,0,389,2
2020-07-16,San Bernardino,071,2135413,31839,22355,76,22431,321
2020-07-16,San Diego,073,3302833,26941,21857,2,21859,465
2020-07-16,San Francisco,075,870044,5830,4838,5,4843,52
2020-07-16,San Joaquin,077,732212,10843,7713,7,7720,82
2020-07-16,San Luis Obispo,079,281455,1589,1146,7,1153,6
2020-07-16,San Mateo,081,765935,5227,4336,6,4342,110
2020-07-16,Santa Barbara,083,443738,6360,4872,44,4916,28
2020-07-16,Santa Clara,085,1922200,9684,6990,18,7008,164
2020-07-16,Santa Cruz,087,273765,922,698,8,706,3
2020-07-16,Shasta,089,179085,343,208,1,209,7
2020-07-16,Sierra,091,2930,1,1,0,1,0
2020-07-16,Siskiyou,093,43540,67,39,0,39,0
2020-07-16,Solano,095,438530,3372,2372,12,2384,25
2020-07-16,Sonoma,097,501317,2698,1954,5,1959,14
2020-07-16,Stanislaus,099,539301,8569,6077,11,6088,56
2020-07-16,Sutter,101,95872,567,444,0,444,2
2020-07-16,Tehama,103,63373,188,126,2,128,1
2020-07-16,Trinity,105,12862,18,2,4,6,0
2020-07-16,Tulare,107,460477,8642,6467,27,6494,163
2020-07-16,Tuolumne,109,53932,116,71,3,74,0
2020-07-16,Ventura,111,848112,7034,5231,22,5253,50
2020-07-16,Yolo,113,214977,1408,1034,3,1037,29
2020-07-16,Yuba,115,75493,289,221,0,221,1
2020-07-15,Alameda,001,1643700,10688,8615,19,8634,153
2020-07-15,Alpine,003,1148,3,1,0,1,0
2020-07-15,Amador,005,37829,72,44,0,44,0
2020-07-15,Butte,007,227075,757,420,9,429,4
2020-07-15,Calaveras,009,45235,94,75,0,75,0
2020-07-15,Colusa,011,21464,258,135,0,135,0
2020-07-15,Contra Costa,013,1133247,7249,5246,15,5261,90
2020-07-15,Del Norte,015,27424,81,60,0,60,0
2020-07-15,El Dorado,017,186661,575,339,0,339,0
2020-07-15,Fresno,019,978130,16192,9124,114,9238,101
2020-07-15,Glenn,021,27897,279,184,0,184,0
2020-07-15,Humboldt,023,135768,212,181,1,182,4
2020-07-15,Imperial,025,180216,9540,7110,5,7115,110
2020-07-15,Inyo,027,18085,42,36,3,39,1
2020-07-15,Kern,029,883053,18407,7155,71,7226,108
2020-07-15,Kings,031,150075,3618,2906,23,2929,37
2020-07-15,Lake,033,64148,177,122,0,122,1
2020-07-15,Lassen,035,31185,518,319,2,321,0
2020-07-15,Los Angeles,037,10098052,164281,143343,255,143598,3946
2020-07-15,Madera,039,155013,1891,1147,2,1149,4
2020-07-15,Marin,041,260295,4587,3458,5,3463,21
2020-07-15,Mariposa,043,17540,45,34,0,34,1
2020-07-15,Mendocino,045,87422,193,119,0,119,0
2020-07-15,Merced,047,269075,3692,2156,3,2159,12
2020-07-15,Modoc,049,8938,1,0,0,0,0
2020-07-15,Mono,051,14174,95,52,1,53,1
2020-07-15,Monterey,053,433212,3796,2780,14,2794,18
2020-07-15,Napa,055,140530,832,573,0,573,5
2020-07-15,Nevada,057,99092,274,185,7,192,1
2020-07-15,Orange,059,3164182,36290,27718,470,28188,454
2020-07-15,Placer,061,380077,1642,1145,3,1148,11
2020-07-15,Plumas,063,18699,25,16,0,16,0
2020-07-15,Riverside,065,2383286,35796,28492,27,28519,568
2020-07-15,Sacramento,067,1510023,8681,6217,8,6225,91
2020-07-15,San Benito,069,59416,502,388,0,388,2
2020-07-15,San Bernardino,071,2135413,31050,21508,59,21567,317
2020-07-15,San Diego,073,3302833,26474,21448,2,21450,448
2020-07-15,San Francisco,075,870044,5716,4757,5,4762,50
2020-07-15,San Joaquin,077,732212,10411,7381,6,7387,75
2020-07-15,San Luis Obispo,079,281455,1546,1097,7,1104,6
2020-07-15,San Mateo,081,765935,5114,4258,6,4264,109
2020-07-15,Santa Barbara,083,443738,6244,4733,44,4777,28
2020-07-15,Santa Clara,085,1922200,9381,6900,18,6918,164
2020-07-15,Santa Cruz,087,273765,886,660,7,667,3
2020-07-15,Shasta,089,179085,334,193,1,194,7
2020-07-15,Sierra,091,2930,1,1,0,1,0
2020-07-15,Siskiyou,093,43540,66,38,0,38,0
2020-07-15,Solano,095,438530,3277,2343,12,2355,25
2020-07-15,Sonoma,097,501317,2600,1920,5,1925,14
2020-07-15,Stanislaus,099,539301,8272,5777,11,5788,56
2020-07-15,Sutter,101,95872,541,433,0,433,2
2020-07-15,Tehama,103,63373,180,126,2,128,1
2020-07-15,Trinity,105,12862,17,2,4,6,0
2020-07-15,Tulare,107,460477,8430,6320,26,6346,156
2020-07-15,Tuolumne,109,53932,109,68,3,71,0
2020-07-15,Ventura,111,848112,6857,5087,22,5109,50
2020-07-15,Yolo,113,214977,1375,1002,3,1005,27
2020-07-15,Yuba,115,75493,277,221,0,221,1
2020-07-14,Alameda,001,1643700,10346,8388,13,8401,151
2020-07-14,Alpine,003,1148,3,1,0,1,0
2020-07-14,Amador,005,37829,68,44,0,44,0
2020-07-14,Butte,007,227075,711,382,9,391,4
2020-07-14,Calaveras,009,45235,92,74,0,74,0
2020-07-14,Colusa,011,21464,248,128,0,128,0
2020-07-14,Contra Costa,013,1133247,7012,5110,13,5123,90
2020-07-14,Del Norte,015,27424,80,60,0,60,0
2020-07-14,El Dorado,017,186661,560,324,0,324,0
2020-07-14,Fresno,019,978130,15772,8941,110,9051,98
2020-07-14,Glenn,021,27897,269,177,0,177,0
2020-07-14,Humboldt,023,135768,209,175,1,176,4
2020-07-14,Imperial,025,180216,9412,7095,5,7100,109
2020-07-14,Inyo,027,18085,42,35,3,38,1
2020-07-14,Kern,029,883053,17648,6979,58,7037,107
2020-07-14,Kings,031,150075,3551,2867,22,2889,37
2020-07-14,Lake,033,64148,171,120,0,120,1
2020-07-14,Lassen,035,31185,501,263,2,265,0
2020-07-14,Los Angeles,037,10098052,161144,140632,226,140858,3900
2020-07-14,Madera,039,155013,1817,1118,2,1120,4
2020-07-14,Marin,041,260295,4473,3451,5,3456,21
2020-07-14,Mariposa,043,17540,41,32,0,32,1
2020-07-14,Mendocino,045,87422,185,110,0,110,0
2020-07-14,Merced,047,269075,3513,2084,3,2087,12
2020-07-14,Modoc,049,8938,1,0,0,0,0
2020-07-14,Mono,051,14174,85,48,1,49,1
2020-07-14,Monterey,053,433212,3682,2724,14,2738,18
2020-07-14,Napa,055,140530,776,557,0,557,4
2020-07-14,Nevada,057,99092,257,180,6,186,1
2020-07-14,Orange,059,3164182,35410,26915,423,27338,432
2020-07-14,Placer,061,380077,1584,1122,3,1125,11
2020-07-14,Plumas,063,18699,24,14,0,14,0
2020-07-14,Riverside,065,2383286,35039,27850,26,27876,547
2020-07-14,Sacramento,067,1510023,8327,5978,8,5986,87
2020-07-14,San Benito,069,59416,483,360,0,360,2
2020-07-14,San Bernardino,071,2135413,30199,20489,48,20537,316
2020-07-14,San Diego,073,3302833,25855,20887,2,20889,436
2020-07-14,San Francisco,075,870044,5566,4659,4,4663,50
2020-07-14,San Joaquin,077,732212,9983,7143,6,7149,75
2020-07-14,San Luis Obispo,079,281455,1508,1060,7,1067,5
2020-07-14,San Mateo,081,765935,5021,4173,6,4179,108
2020-07-14,Santa Barbara,083,443738,6120,4641,42,4683,28
2020-07-14,Santa Clara,085,1922200,9053,6686,15,6701,164
2020-07-14,Santa Cruz,087,273765,847,639,7,646,3
2020-07-14,Shasta,089,179085,325,190,1,191,7
2020-07-14,Sierra,091,2930,1,1,0,1,0
2020-07-14,Siskiyou,093,43540,65,38,0,38,0
2020-07-14,Solano,095,438530,3177,2266,10,2276,25
2020-07-14,Sonoma,097,501317,2508,1866,5,1871,14
2020-07-14,Stanislaus,099,539301,7898,5631,10,5641,53
2020-07-14,Sutter,101,95872,522,405,0,405,2
2020-07-14,Tehama,103,63373,168,123,2,125,1
2020-07-14,Trinity,105,12862,16,2,4,6,0
2020-07-14,Tulare,107,460477,8184,6199,26,6225,156
2020-07-14,Tuolumne,109,53932,104,68,3,71,0
2020-07-14,Ventura,111,848112,6696,4950,22,4972,50
2020-07-14,Yolo,113,214977,1327,966,3,969,27
2020-07-14,Yuba,115,75493,260,210,0,210,1
2020-07-13,Alameda,001,1643700,10038,8115,13,8128,148
2020-07-13,Alpine,003,1148,3,1,0,1,0
2020-07-13,Amador,005,37829,64,42,0,42,0
2020-07-13,Butte,007,227075,675,354,9,363,4
2020-07-13,Calaveras,009,45235,83,63,0,63,0
2020-07-13,Colusa,011,21464,242,116,0,116,0
2020-07-13,Contra Costa,013,1133247,6739,4882,11,4893,88
2020-07-13,Del Norte,015,27424,74,59,0,59,0
2020-07-13,El Dorado,017,186661,529,298,0,298,0
2020-07-13,Fresno,019,978130,15341,8666,105,8771,95
2020-07-13,Glenn,021,27897,262,168,0,168,0
2020-07-13,Humboldt,023,135768,204,174,1,175,4
2020-07-13,Imperial,025,180216,9327,7052,5,7057,109
2020-07-13,Inyo,027,18085,41,35,3,38,1
2020-07-13,Kern,029,883053,16963,6808,53,6861,107
2020-07-13,Kings,031,150075,3500,2824,22,2846,37
2020-07-13,Lake,033,64148,166,118,0,118,1
2020-07-13,Lassen,035,31185,496,237,2,239,0
2020-07-13,Los Angeles,037,10098052,157908,136368,212,136580,3829
2020-07-13,Madera,039,155013,1748,1059,2,1061,4
2020-07-13,Marin,041,260295,4370,3402,5,3407,21
2020-07-13,Mariposa,043,17540,40,31,0,31,1
2020-07-13,Mendocino,045,87422,181,87,0,87,0
2020-07-13,Merced,047,269075,3364,2007,3,2010,12
2020-07-13,Modoc,049,8938,1,0,0,0,0
2020-07-13,Mono,051,14174,81,47,0,47,1
2020-07-13,Monterey,053,433212,3559,2613,11,2624,18
2020-07-13,Napa,055,140530,740,534,0,534,4
2020-07-13,Nevada,057,99092,243,172,6,178,1
2020-07-13,Orange,059,3164182,34545,25978,393,26371,423
2020-07-13,Placer,061,380077,1539,1096,3,1099,11
2020-07-13,Plumas,063,18699,22,14,0,14,0
2020-07-13,Riverside,065,2383286,34115,27136,24,27160,545
2020-07-13,Sacramento,067,1510023,8030,5747,8,5755,85
2020-07-13,San Benito,069,59416,470,343,0,343,2
2020-07-13,San Bernardino,071,2135413,29321,19610,42,19652,313
2020-07-13,San Diego,073,3302833,25288,20348,2,20350,422
2020-07-13,San Francisco,075,870044,5438,4534,3,4537,50
2020-07-13,San Joaquin,077,732212,9565,6927,6,6933,71
2020-07-13,San Luis Obispo,079,281455,1477,989,7,996,5
2020-07-13,San Mateo,081,765935,4890,4057,6,4063,108
2020-07-13,Santa Barbara,083,443738,6006,4441,41,4482,28
2020-07-13,Santa Clara,085,1922200,8730,6488,14,6502,164
2020-07-13,Santa Cruz,087,273765,809,574,7,581,3
2020-07-13,Shasta,089,179085,314,185,1,186,6
2020-07-13,Sierra,091,2930,1,1,0,1,0
2020-07-13,Siskiyou,093,43540,61,37,0,37,0
2020-07-13,Solano,095,438530,3065,2046,10,2056,23
2020-07-13,Sonoma,097,501317,2397,1818,5,1823,14
2020-07-13,Stanislaus,099,539301,7595,5324,8,5332,53
2020-07-13,Sutter,101,95872,484,379,0,379,2
2020-07-13,Tehama,103,63373,155,112,2,114,1
2020-07-13,Trinity,105,12862,16,2,4,6,0
2020-07-13,Tulare,107,460477,7923,5930,24,5954,147
2020-07-13,Tuolumne,109,53932,96,56,3,59,0
2020-07-13,Ventura,111,848112,6506,4800,19,4819,50
2020-07-13,Yolo,113,214977,1282,941,3,944,27
2020-07-13,Yuba,115,75493,245,194,0,194,1
2020-07-12,Alameda,001,1643700,9767,8056,13,8069,148
2020-07-12,Alpine,003,1148,3,1,0,1,0
2020-07-12,Amador,005,37829,54,40,0,40,0
2020-07-12,Butte,007,227075,625,341,7,348,4
2020-07-12,Calaveras,009,45235,83,62,0,62,0
2020-07-12,Colusa,011,21464,208,116,0,116,0
2020-07-12,Contra Costa,013,1133247,6468,4708,9,4717,88
2020-07-12,Del Norte,015,27424,63,59,0,59,0
2020-07-12,El Dorado,017,186661,507,290,0,290,0
2020-07-12,Fresno,019,978130,14914,8407,102,8509,95
2020-07-12,Glenn,021,27897,249,166,0,166,0
2020-07-12,Humboldt,023,135768,200,174,1,175,4
2020-07-12,Imperial,025,180216,9208,6999,5,7004,109
2020-07-12,Inyo,027,18085,39,35,3,38,1
2020-07-12,Kern,029,883053,16219,6662,50,6712,105
2020-07-12,Kings,031,150075,3438,2779,22,2801,34
2020-07-12,Lake,033,64148,157,114,0,114,1
2020-07-12,Lassen,035,31185,489,237,2,239,0
2020-07-12,Los Angeles,037,10098052,154487,133830,183,134013,3816
2020-07-12,Madera,039,155013,1693,1025,2,1027,4
2020-07-12,Marin,041,260295,4293,3358,5,3363,21
2020-07-12,Mariposa,043,17540,39,31,0,31,1
2020-07-12,Mendocino,045,87422,162,88,0,88,0
2020-07-12,Merced,047,269075,3234,1908,3,1911,12
2020-07-12,Modoc,049,8938,1,0,0,0,0
2020-07-12,Mono,051,14174,71,45,0,45,1
2020-07-12,Monterey,053,433212,3444,2521,11,2532,18
2020-07-12,Napa,055,140530,708,519,0,519,4
2020-07-12,Nevada,057,99092,233,166,6,172,1
2020-07-12,Orange,059,3164182,33671,25399,384,25783,422
2020-07-12,Placer,061,380077,1483,1058,3,1061,11
2020-07-12,Plumas,063,18699,21,14,0,14,0
2020-07-12,Riverside,065,2383286,33356,26404,24,26428,542
2020-07-12,Sacramento,067,1510023,7718,5515,6,5521,85
2020-07-12,San Benito,069,59416,455,324,0,324,2
2020-07-12,San Bernardino,071,2135413,28408,19042,37,19079,312
2020-07-12,San Diego,073,3302833,24659,19929,2,19931,422
2020-07-12,San Francisco,075,870044,5288,4535,3,4538,50
2020-07-12,San Joaquin,077,732212,9203,6703,6,6709,71
2020-07-12,San Luis Obispo,079,281455,1430,972,7,979,5
2020-07-12,San Mateo,081,765935,4772,3988,6,3994,108
2020-07-12,Santa Barbara,083,443738,5876,4353,40,4393,28
2020-07-12,Santa Clara,085,1922200,8492,6252,13,6265,164
2020-07-12,Santa Cruz,087,273765,767,573,5,578,3
2020-07-12,Shasta,089,179085,308,173,1,174,6
2020-07-12,Sierra,091,2930,1,1,0,1,0
2020-07-12,Siskiyou,093,43540,59,36,0,36,0
2020-07-12,Solano,095,438530,2940,2037,10,2047,23
2020-07-12,Sonoma,097,501317,2302,1743,5,1748,13
2020-07-12,Stanislaus,099,539301,7291,5177,8,5185,53
2020-07-12,Sutter,101,95872,466,362,0,362,2
2020-07-12,Tehama,103,63373,148,111,2,113,1
2020-07-12,Trinity,105,12862,16,2,4,6,0
2020-07-12,Tulare,107,460477,7668,5864,23,5887,146
2020-07-12,Tuolumne,109,53932,88,52,3,55,0
2020-07-12,Ventura,111,848112,6290,4724,18,4742,50
2020-07-12,Yolo,113,214977,1241,889,3,892,27
2020-07-12,Yuba,115,75493,234,188,0,188,1
2020-07-11,Alameda,001,1643700,9665,7845,13,7858,148
2020-07-11,Alpine,003,1148,3,1,0,1,0
2020-07-11,Amador,005,37829,50,37,0,37,0
2020-07-11,Butte,007,227075,609,325,7,332,4
2020-07-11,Calaveras,009,45235,80,62,0,62,0
2020-07-11,Colusa,011,21464,203,110,0,110,0
2020-07-11,Contra Costa,013,1133247,6351,4650,9,4659,87
2020-07-11,Del Norte,015,27424,63,59,0,59,0
2020-07-11,El Dorado,017,186661,496,283,0,283,0
2020-07-11,Fresno,019,978130,14654,8086,100,8186,95
2020-07-11,Glenn,021,27897,241,161,0,161,0
2020-07-11,Humboldt,023,135768,199,174,1,175,4
2020-07-11,Imperial,025,180216,9169,6884,5,6889,109
2020-07-11,Inyo,027,18085,39,35,3,38,1
2020-07-11,Kern,029,883053,15862,6509,49,6558,103
2020-07-11,Kings,031,150075,3411,2753,22,2775,33
2020-07-11,Lake,033,64148,156,110,0,110,1
2020-07-11,Lassen,035,31185,488,237,2,239,0
2020-07-11,Los Angeles,037,10098052,152768,130479,173,130652,3802
2020-07-11,Madera,039,155013,1652,988,2,990,4
2020-07-11,Marin,041,260295,4265,3191,5,3196,21
2020-07-11,Mariposa,043,17540,39,31,0,31,1
2020-07-11,Mendocino,045,87422,158,88,0,88,0
2020-07-11,Merced,047,269075,3153,1851,3,1854,12
2020-07-11,Modoc,049,8938,1,0,0,0,0
2020-07-11,Mono,051,14174,68,45,0,45,1
2020-07-11,Monterey,053,433212,3355,2376,10,2386,18
2020-07-11,Napa,055,140530,696,509,0,509,4
2020-07-11,Nevada,057,99092,224,163,5,168,1
2020-07-11,Orange,059,3164182,33294,24430,370,24800,422
2020-07-11,Placer,061,380077,1448,1029,3,1032,11
2020-07-11,Plumas,063,18699,21,12,0,12,0
2020-07-11,Riverside,065,2383286,32965,25994,24,26018,538
2020-07-11,Sacramento,067,1510023,7544,5367,6,5373,84
2020-07-11,San Benito,069,59416,440,314,0,314,2
2020-07-11,San Bernardino,071,2135413,27971,18907,35,18942,310
2020-07-11,San Diego,073,3302833,24274,19371,2,19373,422
2020-07-11,San Francisco,075,870044,5192,4430,2,4432,50
2020-07-11,San Joaquin,077,732212,9025,6518,6,6524,72
2020-07-11,San Luis Obispo,079,281455,1382,930,7,937,4
2020-07-11,San Mateo,081,765935,4704,3956,6,3962,108
2020-07-11,Santa Barbara,083,443738,5807,4283,39,4322,28
2020-07-11,Santa Clara,085,1922200,8333,5959,13,5972,164
2020-07-11,Santa Cruz,087,273765,736,571,5,576,3
2020-07-11,Shasta,089,179085,301,168,1,169,6
2020-07-11,Sierra,091,2930,1,1,0,1,0
2020-07-11,Siskiyou,093,43540,59,36,0,36,0
2020-07-11,Solano,095,438530,2899,2034,10,2044,23
2020-07-11,Sonoma,097,501317,2265,1690,5,1695,13
2020-07-11,Stanislaus,099,539301,7150,4911,8,4919,51
2020-07-11,Sutter,101,95872,450,352,0,352,2
2020-07-11,Tehama,103,63373,146,111,2,113,1
2020-07-11,Trinity,105,12862,16,2,4,6,0
2020-07-11,Tulare,107,460477,7562,5780,23,5803,149
2020-07-11,Tuolumne,109,53932,86,50,3,53,0
2020-07-11,Ventura,111,848112,6194,4545,17,4562,49
2020-07-11,Yolo,113,214977,1211,833,3,836,27
2020-07-11,Yuba,115,75493,224,175,0,175,1
2020-07-10,Alameda,001,1643700,9508,7551,13,7564,147
2020-07-10,Alpine,003,1148,3,1,0,1,0
2020-07-10,Amador,005,37829,46,37,0,37,0
2020-07-10,Butte,007,227075,598,318,7,325,4
2020-07-10,Calaveras,009,45235,80,61,0,61,0
2020-07-10,Colusa,011,21464,197,103,0,103,0
2020-07-10,Contra Costa,013,1133247,6208,4482,9,4491,86
2020-07-10,Del Norte,015,27424,63,57,0,57,0
2020-07-10,El Dorado,017,186661,478,266,0,266,0
2020-07-10,Fresno,019,978130,14322,7760,97,7857,93
2020-07-10,Glenn,021,27897,236,157,0,157,0
2020-07-10,Humboldt,023,135768,198,168,1,169,4
2020-07-10,Imperial,025,180216,9124,6878,4,6882,98
2020-07-10,Inyo,027,18085,39,35,3,38,1
2020-07-10,Kern,029,883053,15429,6344,48,6392,102
2020-07-10,Kings,031,150075,3376,2707,22,2729,33
2020-07-10,Lake,033,64148,149,104,0,104,1
2020-07-10,Lassen,035,31185,487,235,2,237,0
2020-07-10,Los Angeles,037,10098052,150349,127503,167,127670,3750
2020-07-10,Madera,039,155013,1606,914,2,916,4
2020-07-10,Marin,041,260295,4202,3101,5,3106,21
2020-07-10,Mariposa,043,17540,38,31,0,31,1
2020-07-10,Mendocino,045,87422,150,88,0,88,0
2020-07-10,Merced,047,269075,3074,1802,3,1805,12
2020-07-10,Modoc,049,8938,1,0,0,0,0
2020-07-10,Mono,051,14174,67,45,0,45,1
2020-07-10,Monterey,053,433212,3276,2285,10,2295,18
2020-07-10,Napa,055,140530,685,496,0,496,4
2020-07-10,Nevada,057,99092,219,161,5,166,1
2020-07-10,Orange,059,3164182,32704,23692,367,24059,416
2020-07-10,Placer,061,380077,1408,1002,3,1005,11
2020-07-10,Plumas,063,18699,19,12,0,12,0
2020-07-10,Riverside,065,2383286,32448,25481,24,25505,533
2020-07-10,Sacramento,067,1510023,7289,5181,6,5187,81
2020-07-10,San Benito,069,59416,431,302,0,302,2
2020-07-10,San Bernardino,071,2135413,27445,18242,32,18274,308
2020-07-10,San Diego,073,3302833,23893,18862,2,18864,420
2020-07-10,San Francisco,075,870044,5101,4305,2,4307,50
2020-07-10,San Joaquin,077,732212,8792,6225,6,6231,67
2020-07-10,San Luis Obispo,079,281455,1344,891,7,898,4
2020-07-10,San Mateo,081,765935,4639,3844,6,3850,107
2020-07-10,Santa Barbara,083,443738,5710,4177,38,4215,28
2020-07-10,Santa Clara,085,1922200,8109,5819,13,5832,164
2020-07-10,Santa Cruz,087,273765,709,540,5,545,3
2020-07-10,Shasta,089,179085,297,158,1,159,6
2020-07-10,Sierra,091,2930,1,1,0,1,0
2020-07-10,Siskiyou,093,43540,59,31,0,31,0
2020-07-10,Solano,095,438530,2852,1950,10,1960,23
2020-07-10,Sonoma,097,501317,2218,1606,4,1610,13
2020-07-10,Stanislaus,099,539301,6980,4781,8,4789,46
2020-07-10,Sutter,101,95872,443,338,0,338,2
2020-07-10,Tehama,103,63373,145,107,2,109,1
2020-07-10,Trinity,105,12862,16,2,4,6,0
2020-07-10,Tulare,107,460477,7425,5677,23,5700,150
2020-07-10,Tuolumne,109,53932,85,49,3,52,0
2020-07-10,Ventura,111,848112,6080,4416,17,4433,48
2020-07-10,Yolo,113,214977,1187,794,3,797,27
2020-07-10,Yuba,115,75493,210,164,0,164,1
2020-07-09,Alameda,001,1643700,9272,7433,13,7446,146
2020-07-09,Alpine,003,1148,3,1,0,1,0
2020-07-09,Amador,005,37829,43,36,0,36,0
2020-07-09,Butte,007,227075,566,295,7,302,4
2020-07-09,Calaveras,009,45235,79,59,0,59,0
2020-07-09,Colusa,011,21464,189,97,0,97,0
2020-07-09,Contra Costa,013,1133247,5964,4388,9,4397,86
2020-07-09,Del Norte,015,27424,63,57,0,57,0
2020-07-09,El Dorado,017,186661,453,255,0,255,0
2020-07-09,Fresno,019,978130,13864,7385,94,7479,90
2020-07-09,Glenn,021,27897,226,150,0,150,0
2020-07-09,Humboldt,023,135768,195,166,1,167,4
2020-07-09,Imperial,025,180216,9029,6778,4,6782,87
2020-07-09,Inyo,027,18085,37,35,3,38,1
2020-07-09,Kern,029,883053,14784,6100,46,6146,95
2020-07-09,Kings,031,150075,3312,2686,21,2707,33
2020-07-09,Lake,033,64148,146,99,0,99,1
2020-07-09,Lassen,035,31185,431,221,2,223,0
2020-07-09,Los Angeles,037,10098052,147082,125062,143,125205,3698
2020-07-09,Madera,039,155013,1529,850,2,852,4
2020-07-09,Marin,041,260295,4051,2975,4,2979,20
2020-07-09,Mariposa,043,17540,38,32,0,32,1
2020-07-09,Mendocino,045,87422,146,88,0,88,0
2020-07-09,Merced,047,269075,2941,1728,3,1731,11
2020-07-09,Modoc,049,8938,1,0,0,0,0
2020-07-09,Mono,051,14174,63,45,0,45,1
2020-07-09,Monterey,053,433212,3151,2223,10,2233,17
2020-07-09,Napa,055,140530,668,468,0,468,4
2020-07-09,Nevada,057,99092,213,156,5,161,1
2020-07-09,Orange,059,3164182,31732,22960,349,23309,407
2020-07-09,Placer,061,380077,1365,982,3,985,11
2020-07-09,Plumas,063,18699,19,12,0,12,0
2020-07-09,Riverside,065,2383286,31554,24980,23,25003,529
2020-07-09,Sacramento,067,1510023,6962,4950,6,4956,81
2020-07-09,San Benito,069,59416,415,295,0,295,2
2020-07-09,San Bernardino,071,2135413,26573,17339,26,17365,307
2020-07-09,San Diego,073,3302833,23301,18404,2,18406,415
2020-07-09,San Francisco,075,870044,4969,4143,2,4145,50
2020-07-09,San Joaquin,077,732212,8433,6004,6,6010,66
2020-07-09,San Luis Obispo,079,281455,1304,869,7,876,3
2020-07-09,San Mateo,081,765935,4512,3792,6,3798,106
2020-07-09,Santa Barbara,083,443738,5576,4068,38,4106,28
2020-07-09,Santa Clara,085,1922200,7852,5638,13,5651,164
2020-07-09,Santa Cruz,087,273765,682,526,5,531,3
2020-07-09,Shasta,089,179085,291,155,1,156,5
2020-07-09,Sierra,091,2930,1,1,0,1,0
2020-07-09,Siskiyou,093,43540,55,31,0,31,0
2020-07-09,Solano,095,438530,2754,1892,10,1902,23
2020-07-09,Sonoma,097,501317,2132,1584,4,1588,13
2020-07-09,Stanislaus,099,539301,6664,4633,7,4640,46
2020-07-09,Sutter,101,95872,426,321,0,321,2
2020-07-09,Tehama,103,63373,140,102,2,104,1
2020-07-09,Trinity,105,12862,16,2,4,6,0
2020-07-09,Tulare,107,460477,7206,5501,22,5523,146
2020-07-09,Tuolumne,109,53932,84,47,3,50,0
2020-07-09,Ventura,111,848112,5912,4278,17,4295,47
2020-07-09,Yolo,113,214977,1140,764,3,767,27
2020-07-09,Yuba,115,75493,193,152,0,152,1
2020-07-08,Alameda,001,1643700,8980,7335,13,7348,142
2020-07-08,Alpine,003,1148,3,1,0,1,0
2020-07-08,Amador,005,37829,40,35,0,35,0
2020-07-08,Butte,007,227075,529,281,7,288,3
2020-07-08,Calaveras,009,45235,74,58,0,58,0
2020-07-08,Colusa,011,21464,176,90,0,90,0
2020-07-08,Contra Costa,013,1133247,5718,4268,7,4275,84
2020-07-08,Del Norte,015,27424,61,57,0,57,0
2020-07-08,El Dorado,017,186661,432,248,0,248,0
2020-07-08,Fresno,019,978130,13447,7102,89,7191,86
2020-07-08,Glenn,021,27897,215,146,0,146,0
2020-07-08,Humboldt,023,135768,192,162,1,163,4
2020-07-08,Imperial,025,180216,8942,6727,4,6731,76
2020-07-08,Inyo,027,18085,37,35,3,38,1
2020-07-08,Kern,029,883053,14206,5873,44,5917,91
2020-07-08,Kings,031,150075,3252,2629,19,2648,33
2020-07-08,Lake,033,64148,139,97,0,97,1
2020-07-08,Lassen,035,31185,335,221,2,223,0
2020-07-08,Los Angeles,037,10098052,143864,123462,116,123578,3650
2020-07-08,Madera,039,155013,1459,828,2,830,4
2020-07-08,Marin,041,260295,3952,2756,4,2760,17
2020-07-08,Mariposa,043,17540,38,31,0,31,1
2020-07-08,Mendocino,045,87422,133,84,0,84,0
2020-07-08,Merced,047,269075,2822,1578,3,1581,11
2020-07-08,Modoc,049,8938,1,0,0,0,0
2020-07-08,Mono,051,14174,60,45,0,45,1
2020-07-08,Monterey,053,433212,3033,2182,9,2191,17
2020-07-08,Napa,055,140530,645,468,0,468,4
2020-07-08,Nevada,057,99092,204,156,5,161,1
2020-07-08,Orange,059,3164182,30776,22088,344,22432,378
2020-07-08,Placer,061,380077,1319,948,3,951,11
2020-07-08,Plumas,063,18699,19,12,0,12,0
2020-07-08,Riverside,065,2383286,30590,24042,22,24064,508
2020-07-08,Sacramento,067,1510023,6674,4799,6,4805,80
2020-07-08,San Benito,069,59416,399,282,0,282,2
2020-07-08,San Bernardino,071,2135413,25719,16510,22,16532,296
2020-07-08,San Diego,073,3302833,22734,17844,2,17846,406
2020-07-08,San Francisco,075,870044,4880,4093,2,4095,50
2020-07-08,San Joaquin,077,732212,8090,5759,6,5765,61
2020-07-08,San Luis Obispo,079,281455,1253,825,7,832,2
2020-07-08,San Mateo,081,765935,4391,3733,6,3739,106
2020-07-08,Santa Barbara,083,443738,5457,3985,38,4023,28
2020-07-08,Santa Clara,085,1922200,7619,5510,13,5523,164
2020-07-08,Santa Cruz,087,273765,649,509,4,513,3
2020-07-08,Shasta,089,179085,282,148,1,149,6
2020-07-08,Sierra,091,2930,1,1,0,1,0
2020-07-08,Siskiyou,093,43540,55,31,0,31,0
2020-07-08,Solano,095,438530,2638,1821,10,1831,23
2020-07-08,Sonoma,097,501317,2057,1495,4,1499,9
2020-07-08,Stanislaus,099,539301,6364,4344,7,4351,46
2020-07-08,Sutter,101,95872,401,298,0,298,2
2020-07-08,Tehama,103,63373,134,100,2,102,1
2020-07-08,Trinity,105,12862,15,2,4,6,0
2020-07-08,Tulare,107,460477,7014,5307,17,5324,138
2020-07-08,Tuolumne,109,53932,80,42,3,45,0
2020-07-08,Ventura,111,848112,5747,4139,17,4156,47
2020-07-08,Yolo,113,214977,1097,727,3,730,26
2020-07-08,Yuba,115,75493,180,145,0,145,1
2020-07-07,Alameda,001,1643700,8661,7097,12,7109,141
2020-07-07,Alpine,003,1148,3,1,0,1,0
2020-07-07,Amador,005,37829,40,33,0,33,0
2020-07-07,Butte,007,227075,486,269,7,276,3
2020-07-07,Calaveras,009,45235,72,58,0,58,0
2020-07-07,Colusa,011,21464,143,84,0,84,0
2020-07-07,Contra Costa,013,1133247,5482,4131,6,4137,84
2020-07-07,Del Norte,015,27424,61,57,0,57,0
2020-07-07,El Dorado,017,186661,412,244,0,244,0
2020-07-07,Fresno,019,978130,12994,6738,88,6826,84
2020-07-07,Glenn,021,27897,206,145,0,145,0
2020-07-07,Humboldt,023,135768,189,150,1,151,4
2020-07-07,Imperial,025,180216,8843,6678,4,6682,51
2020-07-07,Inyo,027,18085,36,32,3,35,1
2020-07-07,Kern,029,883053,13507,5645,40,5685,88
2020-07-07,Kings,031,150075,3190,2623,16,2639,33
2020-07-07,Lake,033,64148,129,94,0,94,1
2020-07-07,Lassen,035,31185,264,219,2,221,0
2020-07-07,Los Angeles,037,10098052,140294,121026,108,121134,3588
2020-07-07,Madera,039,155013,1415,794,2,796,4
2020-07-07,Marin,041,260295,3863,2627,4,2631,17
2020-07-07,Mariposa,043,17540,38,31,0,31,1
2020-07-07,Mendocino,045,87422,125,82,0,82,0
2020-07-07,Merced,047,269075,2648,1531,3,1534,10
2020-07-07,Modoc,049,8938,1,0,0,0,0
2020-07-07,Mono,051,14174,59,42,0,42,1
2020-07-07,Monterey,053,433212,2890,2166,9,2175,17
2020-07-07,Napa,055,140530,626,459,0,459,4
2020-07-07,Nevada,057,99092,198,150,5,155,1
2020-07-07,Orange,059,3164182,29765,21741,330,22071,373
2020-07-07,Placer,061,380077,1278,930,3,933,11
2020-07-07,Plumas,063,18699,17,12,0,12,0
2020-07-07,Riverside,065,2383286,29575,23279,22,23301,499
2020-07-07,Sacramento,067,1510023,6331,4592,6,4598,76
2020-07-07,San Benito,069,59416,381,274,0,274,2
2020-07-07,San Bernardino,071,2135413,24848,16004,20,16024,277
2020-07-07,San Diego,073,3302833,22019,17580,2,17582,399
2020-07-07,San Francisco,075,870044,4787,4045,1,4046,50
2020-07-07,San Joaquin,077,732212,7747,5547,6,5553,59
2020-07-07,San Luis Obispo,079,281455,1192,795,7,802,2
2020-07-07,San Mateo,081,765935,4276,3691,6,3697,106
2020-07-07,Santa Barbara,083,443738,5328,3866,37,3903,27
2020-07-07,Santa Clara,085,1922200,7350,5438,13,5451,164
2020-07-07,Santa Cruz,087,273765,615,502,3,505,2
2020-07-07,Shasta,089,179085,269,144,1,145,6
2020-07-07,Sierra,091,2930,1,1,0,1,0
2020-07-07,Siskiyou,093,43540,54,30,0,30,0
2020-07-07,Solano,095,438530,2527,1776,9,1785,22
2020-07-07,Sonoma,097,501317,1986,1473,4,1477,8
2020-07-07,Stanislaus,099,539301,6025,4101,7,4108,46
2020-07-07,Sutter,101,95872,375,273,0,273,2
2020-07-07,Tehama,103,63373,125,95,2,97,1
2020-07-07,Trinity,105,12862,15,2,4,6,0
2020-07-07,Tulare,107,460477,6836,5189,15,5204,137
2020-07-07,Tuolumne,109,53932,74,40,2,42,0
2020-07-07,Ventura,111,848112,5578,3992,15,4007,46
2020-07-07,Yolo,113,214977,1029,706,3,709,26
2020-07-07,Yuba,115,75493,160,138,0,138,1
2020-07-06,Alameda,001,1643700,8423,6970,12,6982,141
2020-07-06,Alpine,003,1148,2,1,0,1,0
2020-07-06,Amador,005,37829,38,33,0,33,0
2020-07-06,Butte,007,227075,430,257,7,264,2
2020-07-06,Calaveras,009,45235,69,45,0,45,0
2020-07-06,Colusa,011,21464,134,80,0,80,0
2020-07-06,Contra Costa,013,1133247,5252,3901,5,3906,83
2020-07-06,Del Norte,015,27424,60,57,0,57,0
2020-07-06,El Dorado,017,186661,397,232,0,232,0
2020-07-06,Fresno,019,978130,12527,6364,82,6446,82
2020-07-06,Glenn,021,27897,198,129,0,129,0
2020-07-06,Humboldt,023,135768,187,148,1,149,3
2020-07-06,Imperial,025,180216,8724,6443,4,6447,47
2020-07-06,Inyo,027,18085,36,32,2,34,1
2020-07-06,Kern,029,883053,12701,5491,38,5529,82
2020-07-06,Kings,031,150075,3140,2583,11,2594,33
2020-07-06,Lake,033,64148,122,93,0,93,1
2020-07-06,Lassen,035,31185,262,219,2,221,0
2020-07-06,Los Angeles,037,10098052,136683,116707,94,116801,3541
2020-07-06,Madera,039,155013,1345,734,2,736,4
2020-07-06,Marin,041,260295,3623,2136,4,2140,17
2020-07-06,Mariposa,043,17540,36,31,0,31,1
2020-07-06,Mendocino,045,87422,108,72,0,72,0
2020-07-06,Merced,047,269075,2497,1396,3,1399,10
2020-07-06,Modoc,049,8938,1,0,0,0,0
2020-07-06,Mono,051,14174,58,40,0,40,1
2020-07-06,Monterey,053,433212,2801,2078,9,2087,15
2020-07-06,Napa,055,140530,608,454,0,454,4
2020-07-06,Nevada,057,99092,192,146,5,151,1
2020-07-06,Orange,059,3164182,28703,20167,292,20459,372
2020-07-06,Placer,061,380077,1216,904,3,907,11
2020-07-06,Plumas,063,18699,17,11,0,11,0
2020-07-06,Riverside,065,2383286,28523,22485,21,22506,477
2020-07-06,Sacramento,067,1510023,5981,4420,6,4426,71
2020-07-06,San Benito,069,59416,366,264,0,264,2
2020-07-06,San Bernardino,071,2135413,23992,15346,17,15363,272
2020-07-06,San Diego,073,3302833,21305,17002,2,17004,387
2020-07-06,San Francisco,075,870044,4666,3861,1,3862,50
2020-07-06,San Joaquin,077,732212,7377,5104,5,5109,57
2020-07-06,San Luis Obispo,079,281455,1134,751,7,758,2
2020-07-06,San Mateo,081,765935,4184,3650,5,3655,106
2020-07-06,Santa Barbara,083,443738,5191,3763,36,3799,27
2020-07-06,Santa Clara,085,1922200,7079,5369,13,5382,165
2020-07-06,Santa Cruz,087,273765,593,466,2,468,2
2020-07-06,Shasta,089,179085,259,143,1,144,6
2020-07-06,Sierra,091,2930,1,1,0,1,0
2020-07-06,Siskiyou,093,43540,50,30,0,30,0
2020-07-06,Solano,095,438530,2394,1668,9,1677,22
2020-07-06,Sonoma,097,501317,1922,1369,4,1373,8
2020-07-06,Stanislaus,099,539301,5623,3983,7,3990,46
2020-07-06,Sutter,101,95872,348,250,0,250,2
2020-07-06,Tehama,103,63373,122,95,2,97,1
2020-07-06,Trinity,105,12862,14,2,4,6,0
2020-07-06,Tulare,107,460477,6631,5039,13,5052,136
2020-07-06,Tuolumne,109,53932,71,30,2,32,0
2020-07-06,Ventura,111,848112,5385,3912,15,3927,44
2020-07-06,Yolo,113,214977,973,685,3,688,26
2020-07-06,Yuba,115,75493,146,124,0,124,1
2020-07-05,Alameda,001,1643700,8171,6861,12,6873,141
2020-07-05,Alpine,003,1148,2,1,0,1,0
2020-07-05,Amador,005,37829,36,31,0,31,0
2020-07-05,Butte,007,227075,395,248,7,255,2
2020-07-05,Calaveras,009,45235,66,45,0,45,0
2020-07-05,Colusa,011,21464,124,79,0,79,0
2020-07-05,Contra Costa,013,1133247,5012,3665,4,3669,80
2020-07-05,Del Norte,015,27424,60,57,0,57,0
2020-07-05,El Dorado,017,186661,379,227,0,227,0
2020-07-05,Fresno,019,978130,11960,6186,81,6267,82
2020-07-05,Glenn,021,27897,195,129,0,129,0
2020-07-05,Humboldt,023,135768,183,147,1,148,3
2020-07-05,Imperial,025,180216,8590,6441,4,6445,47
2020-07-05,Inyo,027,18085,35,32,2,34,1
2020-07-05,Kern,029,883053,11991,5351,38,5389,82
2020-07-05,Kings,031,150075,3057,2546,10,2556,31
2020-07-05,Lake,033,64148,122,92,0,92,1
2020-07-05,Lassen,035,31185,256,219,2,221,0
2020-07-05,Los Angeles,037,10098052,133463,115133,88,115221,3495
2020-07-05,Madera,039,155013,1266,564,2,566,4
2020-07-05,Marin,041,260295,3440,2080,4,2084,17
2020-07-05,Mariposa,043,17540,36,31,0,31,1
2020-07-05,Mendocino,045,87422,105,72,0,72,0
2020-07-05,Merced,047,269075,2352,1340,3,1343,10
2020-07-05,Modoc,049,8938,1,0,0,0,0
2020-07-05,Mono,051,14174,54,39,0,39,1
2020-07-05,Monterey,053,433212,2698,1994,9,2003,15
2020-07-05,Napa,055,140530,578,450,0,450,4
2020-07-05,Nevada,057,99092,186,141,5,146,1
2020-07-05,Orange,059,3164182,27761,19430,279,19709,372
2020-07-05,Placer,061,380077,1159,855,3,858,11
2020-07-05,Plumas,063,18699,16,11,0,11,0
2020-07-05,Riverside,065,2383286,27666,21511,21,21532,474
2020-07-05,Sacramento,067,1510023,5666,4265,5,4270,71
2020-07-05,San Benito,069,59416,347,258,0,258,2
2020-07-05,San Bernardino,071,2135413,23114,15026,17,15043,270
2020-07-05,San Diego,073,3302833,20617,16728,2,16730,387
2020-07-05,San Francisco,075,870044,4548,3861,1,3862,50
2020-07-05,San Joaquin,077,732212,7058,5015,5,5020,57
2020-07-05,San Luis Obispo,079,281455,1055,730,7,737,2
2020-07-05,San Mateo,081,765935,4073,3575,5,3580,106
2020-07-05,Santa Barbara,083,443738,5044,3671,33,3704,27
2020-07-05,Santa Clara,085,1922200,6788,5237,13,5250,162
2020-07-05,Santa Cruz,087,273765,575,467,0,467,2
2020-07-05,Shasta,089,179085,253,138,1,139,6
2020-07-05,Sierra,091,2930,1,1,0,1,0
2020-07-05,Siskiyou,093,43540,46,30,0,30,0
2020-07-05,Solano,095,438530,2274,1547,9,1556,22
2020-07-05,Sonoma,097,501317,1841,1369,4,1373,8
2020-07-05,Stanislaus,099,539301,5292,3777,6,3783,45
2020-07-05,Sutter,101,95872,320,241,0,241,2
2020-07-05,Tehama,103,63373,120,95,2,97,1
2020-07-05,Trinity,105,12862,14,2,4,6,0
2020-07-05,Tulare,107,460477,6372,4981,11,4992,135
2020-07-05,Tuolumne,109,53932,66,30,2,32,0
2020-07-05,Ventura,111,848112,5182,3866,15,3881,44
2020-07-05,Yolo,113,214977,933,644,3,647,26
2020-07-05,Yuba,115,75493,136,115,0,115,1
2020-07-04,Alameda,001,1643700,8059,6737,12,6749,141
2020-07-04,Alpine,003,1148,2,1,0,1,0
2020-07-04,Amador,005,37829,35,31,0,31,0
2020-07-04,Butte,007,227075,377,224,7,231,2
2020-07-04,Calaveras,009,45235,66,45,0,45,0
2020-07-04,Colusa,011,21464,123,76,0,76,0
2020-07-04,Contra Costa,013,1133247,4864,3583,4,3587,80
2020-07-04,Del Norte,015,27424,60,50,0,50,0
2020-07-04,El Dorado,017,186661,360,211,0,211,0
2020-07-04,Fresno,019,978130,11644,5999,79,6078,82
2020-07-04,Glenn,021,27897,188,128,0,128,0
2020-07-04,Humboldt,023,135768,176,144,1,145,3
2020-07-04,Imperial,025,180216,8542,6441,4,6445,47
2020-07-04,Inyo,027,18085,35,32,2,34,1
2020-07-04,Kern,029,883053,11687,5231,38,5269,81
2020-07-04,Kings,031,150075,3014,2509,10,2519,31
2020-07-04,Lake,033,64148,115,86,0,86,1
2020-07-04,Lassen,035,31185,256,219,2,221,0
2020-07-04,Los Angeles,037,10098052,131647,107256,77,107333,3462
2020-07-04,Madera,039,155013,1220,568,2,570,4
2020-07-04,Marin,041,260295,3411,1962,4,1966,17
2020-07-04,Mariposa,043,17540,36,28,0,28,1
2020-07-04,Mendocino,045,87422,105,72,0,72,0
2020-07-04,Merced,047,269075,2249,1252,3,1255,10
2020-07-04,Modoc,049,8938,1,0,0,0,0
2020-07-04,Mono,051,14174,54,37,0,37,1
2020-07-04,Monterey,053,433212,2618,1878,9,1887,15
2020-07-04,Napa,055,140530,569,426,0,426,4
2020-07-04,Nevada,057,99092,183,125,5,130,1
2020-07-04,Orange,059,3164182,27327,19247,265,19512,372
2020-07-04,Placer,061,380077,1124,796,3,799,11
2020-07-04,Plumas,063,18699,16,11,0,11,0
2020-07-04,Riverside,065,2383286,27299,21508,21,21529,474
2020-07-04,Sacramento,067,1510023,5495,4039,5,4044,71
2020-07-04,San Benito,069,59416,334,255,0,255,2
2020-07-04,San Bernardino,071,2135413,22687,14636,15,14651,270
2020-07-04,San Diego,073,3302833,20157,16166,2,16168,387
2020-07-04,San Francisco,075,870044,4456,3861,1,3862,50
2020-07-04,San Joaquin,077,732212,6845,4807,5,4812,57
2020-07-04,San Luis Obispo,079,281455,1015,699,7,706,2
2020-07-04,San Mateo,081,765935,4010,3532,5,3537,106
2020-07-04,Santa Barbara,083,443738,4968,3520,31,3551,27
2020-07-04,Santa Clara,085,1922200,6596,5045,12,5057,161
2020-07-04,Santa Cruz,087,273765,565,466,0,466,2
2020-07-04,Shasta,089,179085,250,135,1,136,6
2020-07-04,Sierra,091,2930,1,1,0,1,0
2020-07-04,Siskiyou,093,43540,39,30,0,30,0
2020-07-04,Solano,095,438530,2238,1548,9,1557,22
2020-07-04,Sonoma,097,501317,1815,1370,4,1374,8
2020-07-04,Stanislaus,099,539301,5134,3572,6,3578,44
2020-07-04,Sutter,101,95872,301,225,0,225,2
2020-07-04,Tehama,103,63373,117,92,2,94,1
2020-07-04,Trinity,105,12862,14,2,4,6,0
2020-07-04,Tulare,107,460477,6260,4802,10,4812,135
2020-07-04,Tuolumne,109,53932,62,30,2,32,0
2020-07-04,Ventura,111,848112,5058,3687,15,3702,44
2020-07-04,Yolo,113,214977,908,615,3,618,26
2020-07-04,Yuba,115,75493,129,102,0,102,1
2020-07-03,Alameda,001,1643700,7938,6486,12,6498,141
2020-07-03,Alpine,003,1148,2,1,0,1,0
2020-07-03,Amador,005,37829,35,25,0,25,0
2020-07-03,Butte,007,227075,365,212,7,219,2
2020-07-03,Calaveras,009,45235,66,44,0,44,0
2020-07-03,Colusa,011,21464,117,70,0,70,0
2020-07-03,Contra Costa,013,1133247,4730,3447,4,3451,78
2020-07-03,Del Norte,015,27424,60,50,0,50,0
2020-07-03,El Dorado,017,186661,348,201,0,201,0
2020-07-03,Fresno,019,978130,11339,5783,77,5860,81
2020-07-03,Glenn,021,27897,183,122,0,122,0
2020-07-03,Humboldt,023,135768,172,143,1,144,3
2020-07-03,Imperial,025,180216,8494,6345,4,6349,47
2020-07-03,Inyo,027,18085,35,32,2,34,1
2020-07-03,Kern,029,883053,11426,5213,38,5251,81
2020-07-03,Kings,031,150075,2978,2492,10,2502,31
2020-07-03,Lake,033,64148,108,83,0,83,0
2020-07-03,Lassen,035,31185,256,219,2,221,0
2020-07-03,Los Angeles,037,10098052,130130,107236,73,107309,3461
2020-07-03,Madera,039,155013,1175,565,2,567,4
2020-07-03,Marin,041,260295,3382,1776,4,1780,17
2020-07-03,Mariposa,043,17540,36,28,0,28,1
2020-07-03,Mendocino,045,87422,104,72,0,72,0
2020-07-03,Merced,047,269075,2183,1188,3,1191,10
2020-07-03,Modoc,049,8938,1,0,0,0,0
2020-07-03,Mono,051,14174,54,37,0,37,1
2020-07-03,Monterey,053,433212,2547,1804,9,1813,15
2020-07-03,Napa,055,140530,551,388,0,388,4
2020-07-03,Nevada,057,99092,182,125,5,130,1
2020-07-03,Orange,059,3164182,26935,18819,257,19076,366
2020-07-03,Placer,061,380077,1097,745,3,748,11
2020-07-03,Plumas,063,18699,16,11,0,11,0
2020-07-03,Riverside,065,2383286,26993,21171,21,21192,472
2020-07-03,Sacramento,067,1510023,5361,3711,5,3716,71
2020-07-03,San Benito,069,59416,327,243,0,243,2
2020-07-03,San Bernardino,071,2135413,22298,14040,15,14055,269
2020-07-03,San Diego,073,3302833,19701,15698,2,15700,387
2020-07-03,San Francisco,075,870044,4409,3781,1,3782,50
2020-07-03,San Joaquin,077,732212,6707,4416,4,4420,56
2020-07-03,San Luis Obispo,079,281455,980,676,7,683,2
2020-07-03,San Mateo,081,765935,3953,3439,5,3444,106
2020-07-03,Santa Barbara,083,443738,4881,3406,30,3436,27
2020-07-03,Santa Clara,085,1922200,6484,4820,12,4832,161
2020-07-03,Santa Cruz,087,273765,552,436,0,436,2
2020-07-03,Shasta,089,179085,242,113,1,114,6
2020-07-03,Sierra,091,2930,1,1,0,1,0
2020-07-03,Siskiyou,093,43540,36,30,0,30,0
2020-07-03,Solano,095,438530,2194,1496,8,1504,22
2020-07-03,Sonoma,097,501317,1767,1282,4,1286,8
2020-07-03,Stanislaus,099,539301,5009,3021,6,3027,43
2020-07-03,Sutter,101,95872,291,205,0,205,2
2020-07-03,Tehama,103,63373,115,89,2,91,1
2020-07-03,Trinity,105,12862,14,2,4,6,0
2020-07-03,Tulare,107,460477,6145,4656,10,4666,134
2020-07-03,Tuolumne,109,53932,60,27,2,29,0
2020-07-03,Ventura,111,848112,4962,3536,15,3551,44
2020-07-03,Yolo,113,214977,874,586,3,589,25
2020-07-03,Yuba,115,75493,124,96,0,96,1
2020-07-02,Alameda,001,1643700,7812,6386,12,6398,139
2020-07-02,Alpine,003,1148,2,1,0,1,0
2020-07-02,Amador,005,37829,34,23,0,23,0
2020-07-02,Butte,007,227075,348,199,7,206,2
2020-07-02,Calaveras,009,45235,62,42,0,42,0
2020-07-02,Colusa,011,21464,109,60,0,60,0
2020-07-02,Contra Costa,013,1133247,4547,3347,4,3351,77
2020-07-02,Del Norte,015,27424,59,50,0,50,0
2020-07-02,El Dorado,017,186661,337,193,0,193,0
2020-07-02,Fresno,019,978130,10880,5402,77,5479,78
2020-07-02,Glenn,021,27897,177,114,0,114,0
2020-07-02,Humboldt,023,135768,168,138,1,139,3
2020-07-02,Imperial,025,180216,8392,6236,4,6240,47
2020-07-02,Inyo,027,18085,35,29,2,31,1
2020-07-02,Kern,029,883053,10890,5036,36,5072,78
2020-07-02,Kings,031,150075,2927,2419,10,2429,31
2020-07-02,Lake,033,64148,104,81,0,81,0
2020-07-02,Lassen,035,31185,254,218,2,220,0
2020-07-02,Los Angeles,037,10098052,128112,107144,50,107194,3458
2020-07-02,Madera,039,155013,1107,548,2,550,4
2020-07-02,Marin,041,260295,3297,1706,4,1710,17
2020-07-02,Mariposa,043,17540,35,28,0,28,1
2020-07-02,Mendocino,045,87422,100,71,0,71,0
2020-07-02,Merced,047,269075,2086,1122,3,1125,10
2020-07-02,Modoc,049,8938,1,0,0,0,0
2020-07-02,Mono,051,14174,54,37,0,37,1
2020-07-02,Monterey,053,433212,2487,1796,9,1805,15
2020-07-02,Napa,055,140530,534,352,0,352,4
2020-07-02,Nevada,057,99092,176,118,4,122,1
2020-07-02,Orange,059,3164182,26168,17056,244,17300,360
2020-07-02,Placer,061,380077,1073,740,3,743,11
2020-07-02,Plumas,063,18699,15,8,0,8,0
2020-07-02,Riverside,065,2383286,26422,20253,21,20274,458
2020-07-02,Sacramento,067,1510023,5134,3587,5,3592,70
2020-07-02,San Benito,069,59416,319,236,0,236,2
2020-07-02,San Bernardino,071,2135413,21761,13185,15,13200,260
2020-07-02,San Diego,073,3302833,19239,15208,2,15210,377
2020-07-02,San Francisco,075,870044,4314,3676,1,3677,50
2020-07-02,San Joaquin,077,732212,6360,4243,4,4247,56
2020-07-02,San Luis Obispo,079,281455,935,659,7,666,2
2020-07-02,San Mateo,081,765935,3872,3390,5,3395,107
2020-07-02,Santa Barbara,083,443738,4781,3385,28,3413,27
2020-07-02,Santa Clara,085,1922200,6358,4722,12,4734,160
2020-07-02,Santa Cruz,087,273765,529,414,0,414,2
2020-07-02,Shasta,089,179085,239,110,1,111,5
2020-07-02,Sierra,091,2930,1,1,0,1,0
2020-07-02,Siskiyou,093,43540,36,30,0,30,0
2020-07-02,Solano,095,438530,2111,1429,8,1437,21
2020-07-02,Sonoma,097,501317,1709,1244,4,1248,6
2020-07-02,Stanislaus,099,539301,4837,2850,6,2856,41
2020-07-02,Sutter,101,95872,279,195,0,195,2
2020-07-02,Tehama,103,63373,113,86,2,88,1
2020-07-02,Trinity,105,12862,14,2,4,6,0
2020-07-02,Tulare,107,460477,5979,4559,9,4568,132
2020-07-02,Tuolumne,109,53932,57,23,2,25,0
2020-07-02,Ventura,111,848112,4806,3394,15,3409,42
2020-07-02,Yolo,113,214977,842,554,3,557,24
2020-07-02,Yuba,115,75493,114,93,0,93,1
2020-07-01,Alameda,001,1643700,7590,6125,12,6137,137
2020-07-01,Alpine,003,1148,2,1,0,1,0
2020-07-01,Amador,005,37829,33,22,0,22,0
2020-07-01,Butte,007,227075,323,185,7,192,2
2020-07-01,Calaveras,009,45235,60,37,0,37,0
2020-07-01,Colusa,011,21464,103,53,0,53,0
2020-07-01,Contra Costa,013,1133247,4335,3259,4,3263,76
2020-07-01,Del Norte,015,27424,59,50,0,50,0
2020-07-01,El Dorado,017,186661,310,183,0,183,0
2020-07-01,Fresno,019,978130,10445,5111,74,5185,76
2020-07-01,Glenn,021,27897,170,110,0,110,0
2020-07-01,Humboldt,023,135768,163,134,0,134,3
2020-07-01,Imperial,025,180216,8295,6150,4,6154,46
2020-07-01,Inyo,027,18085,34,30,2,32,1
2020-07-01,Kern,029,883053,10257,4853,34,4887,78
2020-07-01,Kings,031,150075,2859,2360,10,2370,30
2020-07-01,Lake,033,64148,103,75,0,75,0
2020-07-01,Lassen,035,31185,253,217,2,219,0
2020-07-01,Los Angeles,037,10098052,124908,105325,40,105365,3408
2020-07-01,Madera,039,155013,1066,519,2,521,4
2020-07-01,Marin,041,260295,3140,1636,4,1640,17
2020-07-01,Mariposa,043,17540,35,29,0,29,1
2020-07-01,Mendocino,045,87422,96,70,0,70,0
2020-07-01,Merced,047,269075,1986,1052,3,1055,10
2020-07-01,Modoc,049,8938,1,0,0,0,0
2020-07-01,Mono,051,14174,51,37,0,37,1
2020-07-01,Monterey,053,433212,2379,1703,9,1712,15
2020-07-01,Napa,055,140530,511,347,0,347,4
2020-07-01,Nevada,057,99092,166,115,4,119,1
2020-07-01,Orange,059,3164182,25282,15662,223,15885,343
2020-07-01,Placer,061,380077,1026,713,3,716,11
2020-07-01,Plumas,063,18699,13,8,0,8,0
2020-07-01,Riverside,065,2383286,25581,19537,20,19557,457
2020-07-01,Sacramento,067,1510023,4879,3425,5,3430,64
2020-07-01,San Benito,069,59416,310,219,0,219,2
2020-07-01,San Bernardino,071,2135413,20864,12712,12,12724,253
2020-07-01,San Diego,073,3302833,18680,14624,2,14626,372
2020-07-01,San Francisco,075,870044,4221,3626,1,3627,50
2020-07-01,San Joaquin,077,732212,6002,3990,4,3994,54
2020-07-01,San Luis Obispo,079,281455,909,613,7,620,1
2020-07-01,San Mateo,081,765935,3810,3326,5,3331,84
2020-07-01,Santa Barbara,083,443738,4661,3268,27,3295,27
2020-07-01,Santa Clara,085,1922200,6172,4547,11,4558,159
2020-07-01,Santa Cruz,087,273765,507,398,0,398,2
2020-07-01,Shasta,089,179085,234,104,1,105,5
2020-07-01,Sierra,091,2930,1,1,0,1,0
2020-07-01,Siskiyou,093,43540,36,28,0,28,0
2020-07-01,Solano,095,438530,2022,1350,8,1358,21
2020-07-01,Sonoma,097,501317,1613,1178,4,1182,6
2020-07-01,Stanislaus,099,539301,4558,2619,6,2625,41
2020-07-01,Sutter,101,95872,266,188,0,188,2
2020-07-01,Tehama,103,63373,106,80,2,82,1
2020-07-01,Trinity,105,12862,14,2,3,5,0
2020-07-01,Tulare,107,460477,5801,4359,9,4368,128
2020-07-01,Tuolumne,109,53932,54,17,2,19,0
2020-07-01,Ventura,111,848112,4663,3224,13,3237,41
2020-07-01,Yolo,113,214977,792,526,3,529,24
2020-07-01,Yuba,115,75493,109,57,0,57,1
2020-06-30,Alameda,001,1643700,7341,5959,10,5969,137
2020-06-30,Alpine,003,1148,2,1,0,1,0
2020-06-30,Amador,005,37829,33,21,0,21,0
2020-06-30,Butte,007,227075,306,163,7,170,2
2020-06-30,Calaveras,009,45235,55,31,0,31,0
2020-06-30,Colusa,011,21464,94,33,0,33,0
2020-06-30,Contra Costa,013,1133247,4129,3140,4,3144,75
2020-06-30,Del Norte,015,27424,59,48,0,48,0
2020-06-30,El Dorado,017,186661,297,175,0,175,0
2020-06-30,Fresno,019,978130,9997,4826,70,4896,75
2020-06-30,Glenn,021,27897,165,96,0,96,0
2020-06-30,Humboldt,023,135768,159,132,0,132,3
2020-06-30,Imperial,025,180216,8198,5968,4,5972,45
2020-06-30,Inyo,027,18085,34,30,2,32,1
2020-06-30,Kern,029,883053,9609,4721,30,4751,75
2020-06-30,Kings,031,150075,2810,2315,7,2322,30
2020-06-30,Lake,033,64148,95,56,0,56,0
2020-06-30,Lassen,035,31185,246,215,2,217,0
2020-06-30,Los Angeles,037,10098052,121319,103640,37,103677,3378
2020-06-30,Madera,039,155013,1009,475,2,477,4
2020-06-30,Marin,041,260295,3069,1614,4,1618,17
2020-06-30,Mariposa,043,17540,34,27,0,27,1
2020-06-30,Mendocino,045,87422,91,65,0,65,0
2020-06-30,Merced,047,269075,1849,970,3,973,10
2020-06-30,Modoc,049,8938,1,0,0,0,0
2020-06-30,Mono,051,14174,49,36,0,36,1
2020-06-30,Monterey,053,433212,2281,1657,9,1666,15
2020-06-30,Napa,055,140530,486,342,0,342,4
2020-06-30,Nevada,057,99092,158,113,4,117,1
2020-06-30,Orange,059,3164182,24351,14354,213,14567,335
2020-06-30,Placer,061,380077,999,667,3,670,11
2020-06-30,Plumas,063,18699,12,8,0,8,0
2020-06-30,Riverside,065,2383286,24865,18656,19,18675,449
2020-06-30,Sacramento,067,1510023,4590,3246,5,3251,64
2020-06-30,San Benito,069,59416,299,200,0,200,2
2020-06-30,San Bernardino,071,2135413,19880,12375,12,12387,249
2020-06-30,San Diego,073,3302833,17976,14150,2,14152,365
2020-06-30,San Francisco,075,870044,4116,3555,1,3556,50
2020-06-30,San Joaquin,077,732212,5627,3744,4,3748,52
2020-06-30,San Luis Obispo,079,281455,872,583,7,590,1
2020-06-30,San Mateo,081,765935,3732,3268,5,3273,84
2020-06-30,Santa Barbara,083,443738,4544,3102,27,3129,25
2020-06-30,Santa Clara,085,1922200,5970,4346,11,4357,157
2020-06-30,Santa Cruz,087,273765,482,379,0,379,2
2020-06-30,Shasta,089,179085,218,100,1,101,5
2020-06-30,Sierra,091,2930,1,1,0,1,0
2020-06-30,Siskiyou,093,43540,35,26,0,26,0
2020-06-30,Solano,095,438530,1930,1256,8,1264,21
2020-06-30,Sonoma,097,501317,1548,1122,4,1126,6
2020-06-30,Stanislaus,099,539301,4260,2578,6,2584,41
2020-06-30,Sutter,101,95872,243,168,0,168,2
2020-06-30,Tehama,103,63373,104,75,2,77,1
2020-06-30,Trinity,105,12862,14,2,3,5,0
2020-06-30,Tulare,107,460477,5594,4207,9,4216,117
2020-06-30,Tuolumne,109,53932,50,16,2,18,0
2020-06-30,Ventura,111,848112,4529,3030,13,3043,40
2020-06-30,Yolo,113,214977,754,515,3,518,24
2020-06-30,Yuba,115,75493,105,55,0,55,1
2020-06-29,Alameda,001,1643700,7131,5766,10,5776,135
2020-06-29,Alpine,003,1148,2,1,0,1,0
2020-06-29,Amador,005,37829,30,20,0,20,0
2020-06-29,Butte,007,227075,285,157,7,164,2
2020-06-29,Calaveras,009,45235,53,30,0,30,0
2020-06-29,Colusa,011,21464,89,17,0,17,0
2020-06-29,Contra Costa,013,1133247,3966,2976,3,2979,75
2020-06-29,Del Norte,015,27424,59,47,0,47,0
2020-06-29,El Dorado,017,186661,283,163,0,163,0
2020-06-29,Fresno,019,978130,9649,4531,69,4600,74
2020-06-29,Glenn,021,27897,156,77,0,77,0
2020-06-29,Humboldt,023,135768,158,128,0,128,3
2020-06-29,Imperial,025,180216,8067,5512,4,5516,45
2020-06-29,Inyo,027,18085,33,29,0,29,1
2020-06-29,Kern,029,883053,8945,4613,28,4641,73
2020-06-29,Kings,031,150075,2746,2280,7,2287,20
2020-06-29,Lake,033,64148,88,53,0,53,0
2020-06-29,Lassen,035,31185,238,77,2,79,0
2020-06-29,Los Angeles,037,10098052,118272,100846,31,100877,3337
2020-06-29,Madera,039,155013,952,422,2,424,4
2020-06-29,Marin,041,260295,2993,1517,4,1521,17
2020-06-29,Mariposa,043,17540,32,25,0,25,1
2020-06-29,Mendocino,045,87422,88,63,0,63,0
2020-06-29,Merced,047,269075,1743,848,3,851,10
2020-06-29,Modoc,049,8938,1,0,0,0,0
2020-06-29,Mono,051,14174,47,35,0,35,1
2020-06-29,Monterey,053,433212,2209,1614,9,1623,14
2020-06-29,Napa,055,140530,465,317,0,317,4
2020-06-29,Nevada,057,99092,155,107,3,110,1
2020-06-29,Orange,059,3164182,23361,13682,197,13879,324
2020-06-29,Placer,061,380077,963,628,3,631,11
2020-06-29,Plumas,063,18699,12,6,0,6,0
2020-06-29,Riverside,065,2383286,23832,17683,19,17702,432
2020-06-29,Sacramento,067,1510023,4303,2985,5,2990,62
2020-06-29,San Benito,069,59416,284,193,0,193,2
2020-06-29,San Bernardino,071,2135413,18918,11643,12,11655,245
2020-06-29,San Diego,073,3302833,17400,13834,2,13836,361
2020-06-29,San Francisco,075,870044,4039,3389,1,3390,50
2020-06-29,San Joaquin,077,732212,5269,3202,4,3206,52
2020-06-29,San Luis Obispo,079,281455,838,544,7,551,1
2020-06-29,San Mateo,081,765935,3678,3170,5,3175,84
2020-06-29,Santa Barbara,083,443738,4434,2933,26,2959,25
2020-06-29,Santa Clara,085,1922200,5798,4231,11,4242,157
2020-06-29,Santa Cruz,087,273765,464,348,0,348,2
2020-06-29,Shasta,089,179085,210,94,1,95,5
2020-06-29,Sierra,091,2930,1,1,0,1,0
2020-06-29,Siskiyou,093,43540,35,25,0,25,0
2020-06-29,Solano,095,438530,1828,1077,8,1085,21
2020-06-29,Sonoma,097,501317,1476,1103,4,1107,5
2020-06-29,Stanislaus,099,539301,4054,2400,5,2405,36
2020-06-29,Sutter,101,95872,221,152,0,152,2
2020-06-29,Tehama,103,63373,100,63,2,65,1
2020-06-29,Trinity,105,12862,13,2,3,5,0
2020-06-29,Tulare,107,460477,5441,3906,8,3914,117
2020-06-29,Tuolumne,109,53932,46,16,2,18,0
2020-06-29,Ventura,111,848112,4382,2794,13,2807,40
2020-06-29,Yolo,113,214977,721,483,3,486,24
2020-06-29,Yuba,115,75493,92,55,0,55,1
2020-06-28,Alameda,001,1643700,6872,5698,10,5708,135
2020-06-28,Alpine,003,1148,2,1,0,1,0
2020-06-28,Amador,005,37829,28,20,0,20,0
2020-06-28,Butte,007,227075,265,150,7,157,2
2020-06-28,Calaveras,009,45235,48,30,0,30,0
2020-06-28,Colusa,011,21464,74,17,0,17,0
2020-06-28,Contra Costa,013,1133247,3776,2803,3,2806,73
2020-06-28,Del Norte,015,27424,58,47,0,47,0
2020-06-28,El Dorado,017,186661,271,162,0,162,0
2020-06-28,Fresno,019,978130,9288,4365,69,4434,74
2020-06-28,Glenn,021,27897,148,77,0,77,0
2020-06-28,Humboldt,023,135768,155,127,0,127,3
2020-06-28,Imperial,025,180216,7879,5513,4,5517,45
2020-06-28,Inyo,027,18085,33,29,0,29,1
2020-06-28,Kern,029,883053,8393,4541,26,4567,72
2020-06-28,Kings,031,150075,2687,2234,7,2241,18
2020-06-28,Lake,033,64148,84,53,0,53,0
2020-06-28,Lassen,035,31185,238,77,2,79,0
2020-06-28,Los Angeles,037,10098052,115067,98003,27,98030,3316
2020-06-28,Madera,039,155013,904,424,2,426,4
2020-06-28,Marin,041,260295,2647,1473,4,1477,17
2020-06-28,Mariposa,043,17540,32,24,0,24,1
2020-06-28,Mendocino,045,87422,86,63,0,63,0
2020-06-28,Merced,047,269075,1630,814,3,817,10
2020-06-28,Modoc,049,8938,1,0,0,0,0
2020-06-28,Mono,051,14174,47,35,0,35,1
2020-06-28,Monterey,053,433212,2127,1560,9,1569,13
2020-06-28,Napa,055,140530,431,307,0,307,4
2020-06-28,Nevada,057,99092,144,102,3,105,1
2020-06-28,Orange,059,3164182,22384,13213,178,13391,324
2020-06-28,Placer,061,380077,924,618,3,621,11
2020-06-28,Plumas,063,18699,11,6,0,6,0
2020-06-28,Riverside,065,2383286,23005,16848,18,16866,432
2020-06-28,Sacramento,067,1510023,4075,2803,5,2808,63
2020-06-28,San Benito,069,59416,273,190,0,190,2
2020-06-28,San Bernardino,071,2135413,18164,11344,11,11355,245
2020-06-28,San Diego,073,3302833,16855,13333,2,13335,361
2020-06-28,San Francisco,075,870044,3960,3388,1,3389,50
2020-06-28,San Joaquin,077,732212,4932,3201,4,3205,52
2020-06-28,San Luis Obispo,079,281455,799,531,6,537,1
2020-06-28,San Mateo,081,765935,3600,3124,5,3129,84
2020-06-28,Santa Barbara,083,443738,4289,2872,26,2898,25
2020-06-28,Santa Clara,085,1922200,5636,4131,11,4142,156
2020-06-28,Santa Cruz,087,273765,441,349,0,349,2
2020-06-28,Shasta,089,179085,197,89,0,89,5
2020-06-28,Sierra,091,2930,1,1,0,1,0
2020-06-28,Siskiyou,093,43540,35,25,0,25,0
2020-06-28,Solano,095,438530,1753,1077,8,1085,21
2020-06-28,Sonoma,097,501317,1422,1084,4,1088,5
2020-06-28,Stanislaus,099,539301,3848,2376,5,2381,36
2020-06-28,Sutter,101,95872,195,145,0,145,2
2020-06-28,Tehama,103,63373,93,63,2,65,1
2020-06-28,Trinity,105,12862,12,2,3,5,0
2020-06-28,Tulare,107,460477,5276,3812,8,3820,117
2020-06-28,Tuolumne,109,53932,41,14,2,16,0
2020-06-28,Ventura,111,848112,4224,2650,13,2663,40
2020-06-28,Yolo,113,214977,686,468,3,471,24
2020-06-28,Yuba,115,75493,88,39,0,39,1
2020-06-27,Alameda,001,1643700,6777,5581,10,5591,135
2020-06-27,Alpine,003,1148,2,1,0,1,0
2020-06-27,Amador,005,37829,26,20,0,20,0
2020-06-27,Butte,007,227075,257,137,7,144,2
2020-06-27,Calaveras,009,45235,46,30,0,30,0
2020-06-27,Colusa,011,21464,68,17,0,17,0
2020-06-27,Contra Costa,013,1133247,3681,2717,2,2719,72
2020-06-27,Del Norte,015,27424,58,47,0,47,0
2020-06-27,El Dorado,017,186661,265,159,0,159,0
2020-06-27,Fresno,019,978130,9042,4238,69,4307,74
2020-06-27,Glenn,021,27897,144,77,0,77,0
2020-06-27,Humboldt,023,135768,153,127,0,127,3
2020-06-27,Imperial,025,180216,7818,5513,4,5517,45
2020-06-27,Inyo,027,18085,33,29,0,29,1
2020-06-27,Kern,029,883053,8129,4411,25,4436,70
2020-06-27,Kings,031,150075,2661,2187,7,2194,18
2020-06-27,Lake,033,64148,81,42,0,42,0
2020-06-27,Lassen,035,31185,238,33,2,35,0
2020-06-27,Los Angeles,037,10098052,113326,95341,24,95365,3291
2020-06-27,Madera,039,155013,861,427,1,428,4
2020-06-27,Marin,041,260295,2602,1423,4,1427,17
2020-06-27,Mariposa,043,17540,31,22,0,22,1
2020-06-27,Mendocino,045,87422,86,63,0,63,0
2020-06-27,Merced,047,269075,1572,807,2,809,10
2020-06-27,Modoc,049,8938,1,0,0,0,0
2020-06-27,Mono,051,14174,46,35,0,35,1
2020-06-27,Monterey,053,433212,2063,1455,9,1464,12
2020-06-27,Napa,055,140530,421,282,0,282,3
2020-06-27,Nevada,057,99092,140,102,2,104,1
2020-06-27,Orange,059,3164182,21872,12951,173,13124,320
2020-06-27,Placer,061,380077,903,584,3,587,10
2020-06-27,Plumas,063,18699,11,6,0,6,0
2020-06-27,Riverside,065,2383286,22615,16209,18,16227,432
2020-06-27,Sacramento,067,1510023,3958,2685,5,2690,63
2020-06-27,San Benito,069,59416,266,182,0,182,2
2020-06-27,San Bernardino,071,2135413,17786,11238,11,11249,243
2020-06-27,San Diego,073,3302833,16490,12836,2,12838,360
2020-06-27,San Francisco,075,870044,3905,3332,1,3333,49
2020-06-27,San Joaquin,077,732212,4767,2995,4,2999,52
2020-06-27,San Luis Obispo,079,281455,775,505,6,511,1
2020-06-27,San Mateo,081,765935,3543,3083,5,3088,83
2020-06-27,Santa Barbara,083,443738,4217,2799,26,2825,25
2020-06-27,Santa Clara,085,1922200,5531,4006,11,4017,157
2020-06-27,Santa Cruz,087,273765,434,347,0,347,2
2020-06-27,Shasta,089,179085,192,87,0,87,5
2020-06-27,Sierra,091,2930,1,1,0,1,0
2020-06-27,Siskiyou,093,43540,35,25,0,25,0
2020-06-27,Solano,095,438530,1720,1076,8,1084,21
2020-06-27,Sonoma,097,501317,1391,1004,4,1008,5
2020-06-27,Stanislaus,099,539301,3748,2164,5,2169,36
2020-06-27,Sutter,101,95872,188,141,0,141,2
2020-06-27,Tehama,103,63373,90,63,2,65,1
2020-06-27,Trinity,105,12862,12,2,3,5,0
2020-06-27,Tulare,107,460477,5180,3810,8,3818,117
2020-06-27,Tuolumne,109,53932,40,13,2,15,0
2020-06-27,Ventura,111,848112,4125,2471,13,2484,40
2020-06-27,Yolo,113,214977,661,432,3,435,24
2020-06-27,Yuba,115,75493,80,39,0,39,1
2020-06-26,Alameda,001,1643700,6691,5502,9,5511,132
2020-06-26,Alpine,003,1148,2,1,0,1,0
2020-06-26,Amador,005,37829,25,20,0,20,0
2020-06-26,Butte,007,227075,242,135,7,142,2
2020-06-26,Calaveras,009,45235,44,30,0,30,0
2020-06-26,Colusa,011,21464,63,17,0,17,0
2020-06-26,Contra Costa,013,1133247,3568,2676,2,2678,72
2020-06-26,Del Norte,015,27424,57,47,0,47,0
2020-06-26,El Dorado,017,186661,257,159,0,159,0
2020-06-26,Fresno,019,978130,8816,4166,69,4235,74
2020-06-26,Glenn,021,27897,137,71,0,71,0
2020-06-26,Humboldt,023,135768,151,126,0,126,3
2020-06-26,Imperial,025,180216,7755,5400,4,5404,44
2020-06-26,Inyo,027,18085,32,29,0,29,1
2020-06-26,Kern,029,883053,7798,4366,25,4391,70
2020-06-26,Kings,031,150075,2629,2176,6,2182,18
2020-06-26,Lake,033,64148,80,42,0,42,0
2020-06-26,Lassen,035,31185,237,30,2,32,0
2020-06-26,Los Angeles,037,10098052,111161,93328,24,93352,3275
2020-06-26,Madera,039,155013,829,409,1,410,4
2020-06-26,Marin,041,260295,2566,1406,4,1410,17
2020-06-26,Mariposa,043,17540,30,21,0,21,1
2020-06-26,Mendocino,045,87422,83,63,0,63,0
2020-06-26,Merced,047,269075,1526,797,2,799,10
2020-06-26,Modoc,049,8938,1,0,0,0,0
2020-06-26,Mono,051,14174,45,35,0,35,1
2020-06-26,Monterey,053,433212,2011,1449,9,1458,12
2020-06-26,Napa,055,140530,411,277,0,277,3
2020-06-26,Nevada,057,99092,136,101,1,102,1
2020-06-26,Orange,059,3164182,21195,12659,171,12830,320
2020-06-26,Placer,061,380077,875,584,3,587,10
2020-06-26,Plumas,063,18699,11,6,0,6,0
2020-06-26,Riverside,065,2383286,22153,15858,18,15876,430
2020-06-26,Sacramento,067,1510023,3793,2687,5,2692,63
2020-06-26,San Benito,069,59416,262,176,0,176,2
2020-06-26,San Bernardino,071,2135413,17409,11111,11,11122,243
2020-06-26,San Diego,073,3302833,16125,12402,2,12404,358
2020-06-26,San Francisco,075,870044,3849,3330,1,3331,49
2020-06-26,San Joaquin,077,732212,4553,2943,4,2947,52
2020-06-26,San Luis Obispo,079,281455,760,498,6,504,1
2020-06-26,San Mateo,081,765935,3491,3055,5,3060,83
2020-06-26,Santa Barbara,083,443738,4127,2784,24,2808,25
2020-06-26,Santa Clara,085,1922200,5430,3968,11,3979,156
2020-06-26,Santa Cruz,087,273765,427,344,0,344,2
2020-06-26,Shasta,089,179085,185,86,0,86,5
2020-06-26,Sierra,091,2930,1,1,0,1,0
2020-06-26,Siskiyou,093,43540,34,24,0,24,0
2020-06-26,Solano,095,438530,1678,1068,8,1076,21
2020-06-26,Sonoma,097,501317,1359,977,4,981,5
2020-06-26,Stanislaus,099,539301,3635,2157,5,2162,36
2020-06-26,Sutter,101,95872,181,138,0,138,2
2020-06-26,Tehama,103,63373,87,63,2,65,1
2020-06-26,Trinity,105,12862,12,2,3,5,0
2020-06-26,Tulare,107,460477,5091,3720,8,3728,117
2020-06-26,Tuolumne,109,53932,38,10,2,12,0
2020-06-26,Ventura,111,848112,4039,2444,13,2457,40
2020-06-26,Yolo,113,214977,637,418,3,421,24
2020-06-26,Yuba,115,75493,74,38,0,38,1
2020-06-25,Alameda,001,1643700,6500,5398,9,5407,130
2020-06-25,Alpine,003,1148,2,1,0,1,0
2020-06-25,Amador,005,37829,24,18,0,18,0
2020-06-25,Butte,007,227075,237,127,7,134,1
2020-06-25,Calaveras,009,45235,39,26,0,26,0
2020-06-25,Colusa,011,21464,53,14,0,14,0
2020-06-25,Contra Costa,013,1133247,3383,2591,2,2593,71
2020-06-25,Del Norte,015,27424,55,47,0,47,0
2020-06-25,El Dorado,017,186661,249,150,0,150,0
2020-06-25,Fresno,019,978130,8503,3938,68,4006,71
2020-06-25,Glenn,021,27897,132,59,0,59,0
2020-06-25,Humboldt,023,135768,150,121,0,121,3
2020-06-25,Imperial,025,180216,7626,5192,4,5196,44
2020-06-25,Inyo,027,18085,29,27,0,27,1
2020-06-25,Kern,029,883053,7373,4236,22,4258,69
2020-06-25,Kings,031,150075,2577,2110,6,2116,17
2020-06-25,Lake,033,64148,79,42,0,42,0
2020-06-25,Lassen,035,31185,231,13,2,15,0
2020-06-25,Los Angeles,037,10098052,108393,91524,24,91548,3239
2020-06-25,Madera,039,155013,785,380,1,381,4
2020-06-25,Marin,041,260295,2464,1321,4,1325,17
2020-06-25,Mariposa,043,17540,29,20,0,20,1
2020-06-25,Mendocino,045,87422,80,61,0,61,0
2020-06-25,Merced,047,269075,1439,747,2,749,10
2020-06-25,Modoc,049,8938,1,0,0,0,0
2020-06-25,Mono,051,14174,44,35,0,35,1
2020-06-25,Monterey,053,433212,1923,1426,8,1434,12
2020-06-25,Napa,055,140530,393,260,0,260,3
2020-06-25,Nevada,057,99092,128,92,1,93,1
2020-06-25,Orange,059,3164182,20273,12221,169,12390,311
2020-06-25,Placer,061,380077,821,574,3,577,10
2020-06-25,Plumas,063,18699,10,6,0,6,0
2020-06-25,Riverside,065,2383286,21398,15224,18,15242,427
2020-06-25,Sacramento,067,1510023,3570,2519,5,2524,62
2020-06-25,San Benito,069,59416,254,174,0,174,2
2020-06-25,San Bernardino,071,2135413,16657,10590,11,10601,242
2020-06-25,San Diego,073,3302833,15586,11963,2,11965,352
2020-06-25,San Francisco,075,870044,3784,3252,1,3253,48
2020-06-25,San Joaquin,077,732212,4280,2803,4,2807,50
2020-06-25,San Luis Obispo,079,281455,728,473,6,479,1
2020-06-25,San Mateo,081,765935,3423,2996,5,3001,82
2020-06-25,Santa Barbara,083,443738,4020,2622,23,2645,25
2020-06-25,Santa Clara,085,1922200,5282,3871,11,3882,156
2020-06-25,Santa Cruz,087,273765,415,335,0,335,2
2020-06-25,Shasta,089,179085,175,84,0,84,5
2020-06-25,Sierra,091,2930,1,1,0,1,0
2020-06-25,Siskiyou,093,43540,33,24,0,24,0
2020-06-25,Solano,095,438530,1625,1034,8,1042,21
2020-06-25,Sonoma,097,501317,1312,953,3,956,5
2020-06-25,Stanislaus,099,539301,3423,2130,5,2135,36
2020-06-25,Sutter,101,95872,169,126,0,126,2
2020-06-25,Tehama,103,63373,83,59,2,61,1
2020-06-25,Trinity,105,12862,12,2,3,5,0
2020-06-25,Tulare,107,460477,4961,3656,8,3664,117
2020-06-25,Tuolumne,109,53932,37,10,2,12,0
2020-06-25,Ventura,111,848112,3857,2346,12,2358,40
2020-06-25,Yolo,113,214977,607,397,3,400,24
2020-06-25,Yuba,115,75493,63,38,0,38,1
2020-06-24,Alameda,001,1643700,6338,5242,9,5251,123
2020-06-24,Alpine,003,1148,2,1,0,1,0
2020-06-24,Amador,005,37829,22,16,0,16,0
2020-06-24,Butte,007,227075,221,119,7,126,1
2020-06-24,Calaveras,009,45235,37,26,0,26,0
2020-06-24,Colusa,011,21464,44,11,0,11,0
2020-06-24,Contra Costa,013,1133247,3228,2520,2,2522,66
2020-06-24,Del Norte,015,27424,49,47,0,47,0
2020-06-24,El Dorado,017,186661,233,149,0,149,0
2020-06-24,Fresno,019,978130,8172,3765,67,3832,71
2020-06-24,Glenn,021,27897,124,54,0,54,0
2020-06-24,Humboldt,023,135768,150,117,0,117,3
2020-06-24,Imperial,025,180216,7508,5138,4,5142,38
2020-06-24,Inyo,027,18085,29,28,0,28,1
2020-06-24,Kern,029,883053,6980,4155,20,4175,67
2020-06-24,Kings,031,150075,2515,2063,6,2069,16
2020-06-24,Lake,033,64148,66,40,0,40,0
2020-06-24,Lassen,035,31185,230,9,2,11,0
2020-06-24,Los Angeles,037,10098052,105634,89566,24,89590,3186
2020-06-24,Madera,039,155013,763,373,1,374,4
2020-06-24,Marin,041,260295,2236,1261,4,1265,17
2020-06-24,Mariposa,043,17540,28,19,0,19,1
2020-06-24,Mendocino,045,87422,80,60,0,60,0
2020-06-24,Merced,047,269075,1353,696,2,698,8
2020-06-24,Modoc,049,8938,1,0,0,0,0
2020-06-24,Mono,051,14174,42,35,0,35,1
2020-06-24,Monterey,053,433212,1846,1407,8,1415,12
2020-06-24,Napa,055,140530,375,258,0,258,3
2020-06-24,Nevada,057,99092,122,92,1,93,1
2020-06-24,Orange,059,3164182,19275,11804,151,11955,303
2020-06-24,Placer,061,380077,782,548,3,551,10
2020-06-24,Plumas,063,18699,10,6,0,6,0
2020-06-24,Riverside,065,2383286,20551,14946,18,14964,410
2020-06-24,Sacramento,067,1510023,3365,2446,4,2450,62
2020-06-24,San Benito,069,59416,250,171,0,171,2
2020-06-24,San Bernardino,071,2135413,15844,10211,10,10221,239
2020-06-24,San Diego,073,3302833,15083,11628,2,11630,347
2020-06-24,San Francisco,075,870044,3721,3216,1,3217,48
2020-06-24,San Joaquin,077,732212,4059,2680,4,2684,49
2020-06-24,San Luis Obispo,079,281455,696,461,5,466,1
2020-06-24,San Mateo,081,765935,3366,2964,5,2969,82
2020-06-24,Santa Barbara,083,443738,3899,2569,21,2590,22
2020-06-24,Santa Clara,085,1922200,5151,3812,11,3823,155
2020-06-24,Santa Cruz,087,273765,403,329,0,329,2
2020-06-24,Shasta,089,179085,167,83,0,83,5
2020-06-24,Sierra,091,2930,1,1,0,1,0
2020-06-24,Siskiyou,093,43540,32,24,0,24,0
2020-06-24,Solano,095,438530,1535,979,7,986,21
2020-06-24,Sonoma,097,501317,1263,933,3,936,4
2020-06-24,Stanislaus,099,539301,3244,2039,5,2044,36
2020-06-24,Sutter,101,95872,156,118,0,118,2
2020-06-24,Tehama,103,63373,81,55,2,57,1
2020-06-24,Trinity,105,12862,12,2,2,4,0
2020-06-24,Tulare,107,460477,4808,3541,8,3549,116
2020-06-24,Tuolumne,109,53932,32,9,2,11,0
2020-06-24,Ventura,111,848112,3516,2314,12,2326,42
2020-06-24,Yolo,113,214977,572,376,3,379,24
2020-06-24,Yuba,115,75493,57,37,0,37,1
2020-06-23,Alameda,001,1643700,6157,5159,9,5168,121
2020-06-23,Alpine,003,1148,2,1,0,1,0
2020-06-23,Amador,005,37829,21,13,0,13,0
2020-06-23,Butte,007,227075,203,111,7,118,1
2020-06-23,Calaveras,009,45235,37,26,0,26,0
2020-06-23,Colusa,011,21464,40,7,0,7,0
2020-06-23,Contra Costa,013,1133247,3102,2453,2,2455,60
2020-06-23,Del Norte,015,27424,48,46,0,46,0
2020-06-23,El Dorado,017,186661,224,142,0,142,0
2020-06-23,Fresno,019,978130,7522,3569,65,3634,67
2020-06-23,Glenn,021,27897,120,47,0,47,0
2020-06-23,Humboldt,023,135768,150,110,0,110,3
2020-06-23,Imperial,025,180216,7344,5025,4,5029,38
2020-06-23,Inyo,027,18085,29,26,0,26,1
2020-06-23,Kern,029,883053,6612,4087,17,4104,64
2020-06-23,Kings,031,150075,2450,1727,6,1733,16
2020-06-23,Lake,033,64148,60,40,0,40,0
2020-06-23,Lassen,035,31185,226,9,2,11,0
2020-06-23,Los Angeles,037,10098052,102695,88433,23,88456,3152
2020-06-23,Madera,039,155013,724,369,1,370,4
2020-06-23,Marin,041,260295,1968,1139,4,1143,17
2020-06-23,Mariposa,043,17540,26,18,0,18,1
2020-06-23,Mendocino,045,87422,79,61,0,61,0
2020-06-23,Merced,047,269075,1256,656,2,658,8
2020-06-23,Modoc,049,8938,1,0,0,0,0
2020-06-23,Mono,051,14174,42,35,0,35,1
2020-06-23,Monterey,053,433212,1776,1346,8,1354,12
2020-06-23,Napa,055,140530,360,230,0,230,3
2020-06-23,Nevada,057,99092,116,81,1,82,1
2020-06-23,Orange,059,3164182,18307,11071,148,11219,278
2020-06-23,Placer,061,380077,756,525,3,528,10
2020-06-23,Plumas,063,18699,9,6,0,6,0
2020-06-23,Riverside,065,2383286,19531,14469,18,14487,406
2020-06-23,Sacramento,067,1510023,3186,2374,4,2378,62
2020-06-23,San Benito,069,59416,236,167,0,167,2
2020-06-23,San Bernardino,071,2135413,15062,9771,10,9781,229
2020-06-23,San Diego,073,3302833,14563,11296,2,11298,341
2020-06-23,San Francisco,075,870044,3647,3177,1,3178,48
2020-06-23,San Joaquin,077,732212,3800,2502,4,2506,48
2020-06-23,San Luis Obispo,079,281455,665,445,5,450,1
2020-06-23,San Mateo,081,765935,3301,2907,5,2912,81
2020-06-23,Santa Barbara,083,443738,3803,2498,21,2519,22
2020-06-23,Santa Clara,085,1922200,5005,3700,11,3711,155
2020-06-23,Santa Cruz,087,273765,393,313,0,313,2
2020-06-23,Shasta,089,179085,158,81,0,81,5
2020-06-23,Sierra,091,2930,1,1,0,1,0
2020-06-23,Siskiyou,093,43540,30,24,0,24,0
2020-06-23,Solano,095,438530,1478,941,6,947,21
2020-06-23,Sonoma,097,501317,1210,912,3,915,4
2020-06-23,Stanislaus,099,539301,3067,1850,5,1855,35
2020-06-23,Sutter,101,95872,146,112,0,112,2
2020-06-23,Tehama,103,63373,79,50,2,52,1
2020-06-23,Trinity,105,12862,12,2,2,4,0
2020-06-23,Tulare,107,460477,4686,3456,8,3464,111
2020-06-23,Tuolumne,109,53932,27,9,1,10,0
2020-06-23,Ventura,111,848112,3356,2209,11,2220,40
2020-06-23,Yolo,113,214977,546,350,0,350,24
2020-06-23,Yuba,115,75493,54,35,0,35,1
2020-06-22,Alameda,001,1643700,6006,4944,9,4953,121
2020-06-22,Alpine,003,1148,2,1,0,1,0
2020-06-22,Amador,005,37829,18,12,0,12,0
2020-06-22,Butte,007,227075,184,104,7,111,1
2020-06-22,Calaveras,009,45235,35,20,0,20,0
2020-06-22,Colusa,011,21464,37,7,0,7,0
2020-06-22,Contra Costa,013,1133247,2960,2363,2,2365,60
2020-06-22,Del Norte,015,27424,48,46,0,46,0
2020-06-22,El Dorado,017,186661,215,137,0,137,0
2020-06-22,Fresno,019,978130,6989,3425,65,3490,67
2020-06-22,Glenn,021,27897,111,40,0,40,0
2020-06-22,Humboldt,023,135768,147,110,0,110,3
2020-06-22,Imperial,025,180216,7188,4700,4,4704,38
2020-06-22,Inyo,027,18085,29,26,0,26,1
2020-06-22,Kern,029,883053,6260,3982,15,3997,60
2020-06-22,Kings,031,150075,2402,1513,6,1519,13
2020-06-22,Lake,033,64148,54,37,0,37,0
2020-06-22,Lassen,035,31185,116,7,2,9,0
2020-06-22,Los Angeles,037,10098052,99798,85925,22,85947,3117
2020-06-22,Madera,039,155013,699,333,1,334,4
2020-06-22,Marin,041,260295,1711,1029,4,1033,17
2020-06-22,Mariposa,043,17540,25,18,0,18,1
2020-06-22,Mendocino,045,87422,74,48,0,48,0
2020-06-22,Merced,047,269075,1167,619,2,621,8
2020-06-22,Modoc,049,8938,1,0,0,0,0
2020-06-22,Mono,051,14174,42,34,0,34,1
2020-06-22,Monterey,053,433212,1715,1293,8,1301,12
2020-06-22,Napa,055,140530,336,222,0,222,3
2020-06-22,Nevada,057,99092,111,79,1,80,1
2020-06-22,Orange,059,3164182,17375,10711,145,10856,275
2020-06-22,Placer,061,380077,730,512,3,515,9
2020-06-22,Plumas,063,18699,7,6,0,6,0
2020-06-22,Riverside,065,2383286,18559,13948,18,13966,403
2020-06-22,Sacramento,067,1510023,2969,2243,4,2247,62
2020-06-22,San Benito,069,59416,227,164,0,164,2
2020-06-22,San Bernardino,071,2135413,14286,9133,10,9143,229
2020-06-22,San Diego,073,3302833,14071,11098,2,11100,338
2020-06-22,San Francisco,075,870044,3554,3000,1,3001,47
2020-06-22,San Joaquin,077,732212,3552,2332,4,2336,48
2020-06-22,San Luis Obispo,079,281455,632,422,5,427,1
2020-06-22,San Mateo,081,765935,3228,2813,4,2817,81
2020-06-22,Santa Barbara,083,443738,3711,2447,21,2468,21
2020-06-22,Santa Clara,085,1922200,4844,3580,11,3591,155
2020-06-22,Santa Cruz,087,273765,380,290,0,290,3
2020-06-22,Shasta,089,179085,155,77,0,77,5
2020-06-22,Sierra,091,2930,1,1,0,1,0
2020-06-22,Siskiyou,093,43540,30,23,0,23,0
2020-06-22,Solano,095,438530,1400,784,5,789,21
2020-06-22,Sonoma,097,501317,1165,860,1,861,4
2020-06-22,Stanislaus,099,539301,2882,1784,5,1789,35
2020-06-22,Sutter,101,95872,137,100,0,100,2
2020-06-22,Tehama,103,63373,75,38,2,40,1
2020-06-22,Trinity,105,12862,12,2,2,4,0
2020-06-22,Tulare,107,460477,4548,3185,8,3193,111
2020-06-22,Tuolumne,109,53932,18,8,1,9,0
2020-06-22,Ventura,111,848112,3207,2065,11,2076,39
2020-06-22,Yolo,113,214977,519,333,0,333,24
2020-06-22,Yuba,115,75493,49,36,0,36,1
2020-06-21,Alameda,001,1643700,5810,4835,9,4844,121
2020-06-21,Alpine,003,1148,2,1,0,1,0
2020-06-21,Amador,005,37829,13,12,0,12,0
2020-06-21,Butte,007,227075,170,97,7,104,1
2020-06-21,Calaveras,009,45235,35,20,0,20,0
2020-06-21,Colusa,011,21464,29,7,0,7,0
2020-06-21,Contra Costa,013,1133247,2834,2282,2,2284,60
2020-06-21,Del Norte,015,27424,47,46,0,46,0
2020-06-21,El Dorado,017,186661,206,132,0,132,0
2020-06-21,Fresno,019,978130,6417,3296,64,3360,67
2020-06-21,Glenn,021,27897,102,40,0,40,0
2020-06-21,Humboldt,023,135768,142,108,0,108,3
2020-06-21,Imperial,025,180216,7005,4701,4,4705,38
2020-06-21,Inyo,027,18085,27,26,0,26,1
2020-06-21,Kern,029,883053,5968,3918,14,3932,60
2020-06-21,Kings,031,150075,2338,1334,6,1340,11
2020-06-21,Lake,033,64148,49,36,0,36,0
2020-06-21,Lassen,035,31185,23,7,2,9,0
2020-06-21,Los Angeles,037,10098052,96917,83383,22,83405,3101
2020-06-21,Madera,039,155013,665,319,1,320,4
2020-06-21,Marin,041,260295,1554,907,4,911,17
2020-06-21,Mariposa,043,17540,22,18,0,18,1
2020-06-21,Mendocino,045,87422,71,48,0,48,0
2020-06-21,Merced,047,269075,1072,577,2,579,8
2020-06-21,Modoc,049,8938,1,0,0,0,0
2020-06-21,Mono,051,14174,42,34,0,34,1
2020-06-21,Monterey,053,433212,1642,1227,8,1235,12
2020-06-21,Napa,055,140530,321,218,0,218,3
2020-06-21,Nevada,057,99092,108,79,1,80,1
2020-06-21,Orange,059,3164182,16537,10563,141,10704,275
2020-06-21,Placer,061,380077,690,498,3,501,9
2020-06-21,Plumas,063,18699,7,6,0,6,0
2020-06-21,Riverside,065,2383286,17853,13528,17,13545,402
2020-06-21,Sacramento,067,1510023,2768,2156,4,2160,62
2020-06-21,San Benito,069,59416,213,151,0,151,2
2020-06-21,San Bernardino,071,2135413,13510,8925,9,8934,229
2020-06-21,San Diego,073,3302833,13525,10796,2,10798,338
2020-06-21,San Francisco,075,870044,3448,3000,1,3001,47
2020-06-21,San Joaquin,077,732212,3316,2188,4,2192,48
2020-06-21,San Luis Obispo,079,281455,607,418,5,423,1
2020-06-21,San Mateo,081,765935,3170,2781,4,2785,81
2020-06-21,Santa Barbara,083,443738,3604,2430,20,2450,21
2020-06-21,Santa Clara,085,1922200,4706,3514,11,3525,154
2020-06-21,Santa Cruz,087,273765,370,290,0,290,3
2020-06-21,Shasta,089,179085,145,75,0,75,5
2020-06-21,Sierra,091,2930,1,1,0,1,0
2020-06-21,Siskiyou,093,43540,30,23,0,23,0
2020-06-21,Solano,095,438530,1300,783,4,787,21
2020-06-21,Sonoma,097,501317,1115,836,1,837,4
2020-06-21,Stanislaus,099,539301,2696,1688,5,1693,35
2020-06-21,Sutter,101,95872,129,96,0,96,2
2020-06-21,Tehama,103,63373,64,35,2,37,1
2020-06-21,Trinity,105,12862,12,2,2,4,0
2020-06-21,Tulare,107,460477,4380,3173,8,3181,111
2020-06-21,Tuolumne,109,53932,16,8,1,9,0
2020-06-21,Ventura,111,848112,3029,2021,11,2032,39
2020-06-21,Yolo,113,214977,487,323,0,323,24
2020-06-21,Yuba,115,75493,45,35,0,35,1
2020-06-20,Alameda,001,1643700,5748,4758,9,4767,119
2020-06-20,Alpine,003,1148,2,1,0,1,0
2020-06-20,Amador,005,37829,13,12,0,12,0
2020-06-20,Butte,007,227075,163,94,7,101,1
2020-06-20,Calaveras,009,45235,35,20,0,20,0
2020-06-20,Colusa,011,21464,26,7,0,7,0
2020-06-20,Contra Costa,013,1133247,2775,2231,2,2233,54
2020-06-20,Del Norte,015,27424,47,46,0,46,0
2020-06-20,El Dorado,017,186661,201,130,0,130,0
2020-06-20,Fresno,019,978130,6292,3222,61,3283,67
2020-06-20,Glenn,021,27897,97,40,0,40,0
2020-06-20,Humboldt,023,135768,142,108,0,108,3
2020-06-20,Imperial,025,180216,6924,4616,4,4620,37
2020-06-20,Inyo,027,18085,27,26,0,26,1
2020-06-20,Kern,029,883053,5803,3836,14,3850,59
2020-06-20,Kings,031,150075,2314,1331,6,1337,9
2020-06-20,Lake,033,64148,49,37,0,37,0
2020-06-20,Lassen,035,31185,22,7,2,9,0
2020-06-20,Los Angeles,037,10098052,95344,81604,21,81625,3093
2020-06-20,Madera,039,155013,632,321,1,322,4
2020-06-20,Marin,041,260295,1534,879,4,883,17
2020-06-20,Mariposa,043,17540,22,18,0,18,1
2020-06-20,Mendocino,045,87422,70,48,0,48,0
2020-06-20,Merced,047,269075,1032,566,2,568,8
2020-06-20,Modoc,049,8938,1,0,0,0,0
2020-06-20,Mono,051,14174,42,34,0,34,1
2020-06-20,Monterey,053,433212,1606,1181,8,1189,12
2020-06-20,Napa,055,140530,312,212,0,212,3
2020-06-20,Nevada,057,99092,105,73,1,74,1
2020-06-20,Orange,059,3164182,16186,10284,137,10421,273
2020-06-20,Placer,061,380077,665,483,3,486,9
2020-06-20,Plumas,063,18699,6,6,0,6,0
2020-06-20,Riverside,065,2383286,17554,13021,17,13038,402
2020-06-20,Sacramento,067,1510023,2697,2069,4,2073,63
2020-06-20,San Benito,069,59416,209,139,0,139,2
2020-06-20,San Bernardino,071,2135413,13148,8718,9,8727,229
2020-06-20,San Diego,073,3302833,13202,10486,2,10488,338
2020-06-20,San Francisco,075,870044,3404,2999,1,3000,47
2020-06-20,San Joaquin,077,732212,3233,2046,4,2050,48
2020-06-20,San Luis Obispo,079,281455,594,405,5,410,1
2020-06-20,San Mateo,081,765935,3122,2755,4,2759,81
2020-06-20,Santa Barbara,083,443738,3548,2358,19,2377,21
2020-06-20,Santa Clara,085,1922200,4633,3435,11,3446,154
2020-06-20,Santa Cruz,087,273765,368,287,0,287,3
2020-06-20,Shasta,089,179085,139,66,0,66,5
2020-06-20,Sierra,091,2930,1,1,0,1,0
2020-06-20,Siskiyou,093,43540,29,22,0,22,0
2020-06-20,Solano,095,438530,1276,784,4,788,21
2020-06-20,Sonoma,097,501317,1079,806,1,807,4
2020-06-20,Stanislaus,099,539301,2588,1598,5,1603,35
2020-06-20,Sutter,101,95872,127,89,0,89,2
2020-06-20,Tehama,103,63373,62,35,2,37,1
2020-06-20,Trinity,105,12862,12,2,2,4,0
2020-06-20,Tulare,107,460477,4307,3172,8,3180,111
2020-06-20,Tuolumne,109,53932,13,8,1,9,0
2020-06-20,Ventura,111,848112,2964,1946,11,1957,37
2020-06-20,Yolo,113,214977,471,309,0,309,24
2020-06-20,Yuba,115,75493,43,34,0,34,1
2020-06-19,Alameda,001,1643700,5677,4646,9,4655,119
2020-06-19,Alpine,003,1148,2,1,0,1,0
2020-06-19,Amador,005,37829,13,12,0,12,0
2020-06-19,Butte,007,227075,158,91,7,98,1
2020-06-19,Calaveras,009,45235,34,20,0,20,0
2020-06-19,Colusa,011,21464,24,7,0,7,0
2020-06-19,Contra Costa,013,1133247,2695,2106,2,2108,54
2020-06-19,Del Norte,015,27424,47,46,0,46,0
2020-06-19,El Dorado,017,186661,192,124,0,124,0
2020-06-19,Fresno,019,978130,6130,3109,59,3168,61
2020-06-19,Glenn,021,27897,91,40,0,40,0
2020-06-19,Humboldt,023,135768,140,106,0,106,3
2020-06-19,Imperial,025,180216,6833,4504,4,4508,36
2020-06-19,Inyo,027,18085,27,26,0,26,1
2020-06-19,Kern,029,883053,5580,3742,13,3755,57
2020-06-19,Kings,031,150075,2293,1285,6,1291,9
2020-06-19,Lake,033,64148,46,36,0,36,0
2020-06-19,Lassen,035,31185,21,7,2,9,0
2020-06-19,Los Angeles,037,10098052,93364,79572,21,79593,3047
2020-06-19,Madera,039,155013,613,300,1,301,4
2020-06-19,Marin,041,260295,1505,829,4,833,17
2020-06-19,Mariposa,043,17540,21,18,0,18,1
2020-06-19,Mendocino,045,87422,69,48,0,48,0
2020-06-19,Merced,047,269075,987,529,2,531,8
2020-06-19,Modoc,049,8938,1,0,0,0,0
2020-06-19,Mono,051,14174,42,34,0,34,1
2020-06-19,Monterey,053,433212,1577,1159,8,1167,12
2020-06-19,Napa,055,140530,302,209,0,209,3
2020-06-19,Nevada,057,99092,102,71,1,72,1
2020-06-19,Orange,059,3164182,15650,9972,130,10102,260
2020-06-19,Placer,061,380077,647,464,3,467,9
2020-06-19,Plumas,063,18699,6,5,0,5,0
2020-06-19,Riverside,065,2383286,17149,12710,17,12727,398
2020-06-19,Sacramento,067,1510023,2614,1976,4,1980,64
2020-06-19,San Benito,069,59416,208,136,0,136,2
2020-06-19,San Bernardino,071,2135413,12742,8454,8,8462,226
2020-06-19,San Diego,073,3302833,12839,10352,2,10354,332
2020-06-19,San Francisco,075,870044,3349,2968,1,2969,47
2020-06-19,San Joaquin,077,732212,3110,1969,4,1973,48
2020-06-19,San Luis Obispo,079,281455,579,392,5,397,1
2020-06-19,San Mateo,081,765935,3083,2713,4,2717,81
2020-06-19,Santa Barbara,083,443738,3475,2284,17,2301,21
2020-06-19,Santa Clara,085,1922200,4559,3376,11,3387,154
2020-06-19,Santa Cruz,087,273765,358,283,0,283,3
2020-06-19,Shasta,089,179085,135,58,0,58,5
2020-06-19,Sierra,091,2930,1,1,0,1,0
2020-06-19,Siskiyou,093,43540,29,21,0,21,0
2020-06-19,Solano,095,438530,1238,755,4,759,21
2020-06-19,Sonoma,097,501317,1052,803,1,804,4
2020-06-19,Stanislaus,099,539301,2478,1549,5,1554,35
2020-06-19,Sutter,101,95872,126,89,0,89,2
2020-06-19,Tehama,103,63373,61,35,2,37,1
2020-06-19,Trinity,105,12862,12,2,2,4,0
2020-06-19,Tulare,107,460477,4236,3053,8,3061,107
2020-06-19,Tuolumne,109,53932,12,8,1,9,0
2020-06-19,Ventura,111,848112,2880,1865,11,1876,37
2020-06-19,Yolo,113,214977,452,303,0,303,24
2020-06-19,Yuba,115,75493,42,33,0,33,1
2020-06-18,Alameda,001,1643700,5547,4589,9,4598,118
2020-06-18,Alpine,003,1148,2,1,0,1,0
2020-06-18,Amador,005,37829,12,12,0,12,0
2020-06-18,Butte,007,227075,153,88,7,95,1
2020-06-18,Calaveras,009,45235,34,20,0,20,0
2020-06-18,Colusa,011,21464,20,7,0,7,0
2020-06-18,Contra Costa,013,1133247,2589,2072,2,2074,53
2020-06-18,Del Norte,015,27424,47,46,0,46,0
2020-06-18,El Dorado,017,186661,188,121,0,121,0
2020-06-18,Fresno,019,978130,5863,2947,58,3005,57
2020-06-18,Glenn,021,27897,82,35,0,35,0
2020-06-18,Humboldt,023,135768,139,106,0,106,3
2020-06-18,Imperial,025,180216,6684,4366,4,4370,36
2020-06-18,Inyo,027,18085,26,25,0,25,1
2020-06-18,Kern,029,883053,5362,3634,13,3647,57
2020-06-18,Kings,031,150075,2234,1141,6,1147,8
2020-06-18,Lake,033,64148,45,36,0,36,0
2020-06-18,Lassen,035,31185,20,5,2,7,0
2020-06-18,Los Angeles,037,10098052,91096,78244,21,78265,3009
2020-06-18,Madera,039,155013,578,288,1,289,4
2020-06-18,Marin,041,260295,1442,819,4,823,17
2020-06-18,Mariposa,043,17540,19,18,0,18,1
2020-06-18,Mendocino,045,87422,65,45,0,45,0
2020-06-18,Merced,047,269075,934,486,2,488,7
2020-06-18,Modoc,049,8938,1,0,0,0,0
2020-06-18,Mono,051,14174,42,34,0,34,1
2020-06-18,Monterey,053,433212,1509,1127,8,1135,12
2020-06-18,Napa,055,140530,287,205,0,205,3
2020-06-18,Nevada,057,99092,98,68,1,69,1
2020-06-18,Orange,059,3164182,14993,9597,112,9709,255
2020-06-18,Placer,061,380077,624,457,3,460,9
2020-06-18,Plumas,063,18699,6,5,0,5,0
2020-06-18,Riverside,065,2383286,16535,12410,17,12427,392
2020-06-18,Sacramento,067,1510023,2498,1938,4,1942,63
2020-06-18,San Benito,069,59416,202,134,0,134,2
2020-06-18,San Bernardino,071,2135413,12103,8141,8,8149,226
2020-06-18,San Diego,073,3302833,12417,10094,2,10096,331
2020-06-18,San Francisco,075,870044,3300,2951,1,2952,47
2020-06-18,San Joaquin,077,732212,2958,1908,4,1912,47
2020-06-18,San Luis Obispo,079,281455,560,378,5,383,1
2020-06-18,San Mateo,081,765935,3044,2674,4,2678,78
2020-06-18,Santa Barbara,083,443738,3401,2201,17,2218,19
2020-06-18,Santa Clara,085,1922200,4456,3338,11,3349,152
2020-06-18,Santa Cruz,087,273765,341,275,0,275,3
2020-06-18,Shasta,089,179085,124,51,0,51,4
2020-06-18,Sierra,091,2930,1,1,0,1,0
2020-06-18,Siskiyou,093,43540,29,18,0,18,0
2020-06-18,Solano,095,438530,1200,735,4,739,21
2020-06-18,Sonoma,097,501317,1010,789,1,790,4
2020-06-18,Stanislaus,099,539301,2344,1495,5,1500,35
2020-06-18,Sutter,101,95872,122,85,0,85,2
2020-06-18,Tehama,103,63373,56,31,2,33,1
2020-06-18,Trinity,105,12862,12,2,2,4,0
2020-06-18,Tulare,107,460477,4116,3005,8,3013,107
2020-06-18,Tuolumne,109,53932,11,8,1,9,0
2020-06-18,Ventura,111,848112,2754,1781,11,1792,37
2020-06-18,Yolo,113,214977,419,294,0,294,24
2020-06-18,Yuba,115,75493,41,32,0,32,1
2020-06-17,Alameda,001,1643700,5424,4485,9,4494,117
2020-06-17,Alpine,003,1148,2,1,0,1,0
2020-06-17,Amador,005,37829,11,10,0,10,0
2020-06-17,Butte,007,227075,144,81,7,88,1
2020-06-17,Calaveras,009,45235,34,20,0,20,0
2020-06-17,Colusa,011,21464,19,7,0,7,0
2020-06-17,Contra Costa,013,1133247,2492,2020,2,2022,45
2020-06-17,Del Norte,015,27424,47,45,0,45,0
2020-06-17,El Dorado,017,186661,181,116,0,116,0
2020-06-17,Fresno,019,978130,5637,2801,55,2856,56
2020-06-17,Glenn,021,27897,75,31,0,31,0
2020-06-17,Humboldt,023,135768,137,105,0,105,3
2020-06-17,Imperial,025,180216,6511,4108,4,4112,36
2020-06-17,Inyo,027,18085,25,25,0,25,1
2020-06-17,Kern,029,883053,5161,3547,13,3560,56
2020-06-17,Kings,031,150075,2204,1097,6,1103,7
2020-06-17,Lake,033,64148,44,32,0,32,0
2020-06-17,Lassen,035,31185,16,5,2,7,0
2020-06-17,Los Angeles,037,10098052,88789,77166,21,77187,2973
2020-06-17,Madera,039,155013,556,258,1,259,4
2020-06-17,Marin,041,260295,1250,771,3,774,17
2020-06-17,Mariposa,043,17540,18,18,0,18,1
2020-06-17,Mendocino,045,87422,63,42,0,42,0
2020-06-17,Merced,047,269075,862,460,2,462,7
2020-06-17,Modoc,049,8938,1,0,0,0,0
2020-06-17,Mono,051,14174,42,34,0,34,1
2020-06-17,Monterey,053,433212,1457,1077,8,1085,12
2020-06-17,Napa,055,140530,272,202,0,202,3
2020-06-17,Nevada,057,99092,94,57,1,58,1
2020-06-17,Orange,059,3164182,14387,9278,107,9385,230
2020-06-17,Placer,061,380077,604,427,3,430,9
2020-06-17,Plumas,063,18699,6,5,0,5,0
2020-06-17,Riverside,065,2383286,15899,11859,17,11876,370
2020-06-17,Sacramento,067,1510023,2391,1889,4,1893,63
2020-06-17,San Benito,069,59416,197,116,0,116,2
2020-06-17,San Bernardino,071,2135413,11551,7670,8,7678,225
2020-06-17,San Diego,073,3302833,12038,9856,2,9858,327
2020-06-17,San Francisco,075,870044,3261,2906,1,2907,46
2020-06-17,San Joaquin,077,732212,2785,1825,4,1829,46
2020-06-17,San Luis Obispo,079,281455,543,362,5,367,1
2020-06-17,San Mateo,081,765935,2997,2649,4,2653,78
2020-06-17,Santa Barbara,083,443738,3328,2147,15,2162,19
2020-06-17,Santa Clara,085,1922200,4363,3264,10,3274,148
2020-06-17,Santa Cruz,087,273765,335,265,0,265,2
2020-06-17,Shasta,089,179085,122,51,0,51,4
2020-06-17,Sierra,091,2930,1,1,0,1,0
2020-06-17,Siskiyou,093,43540,28,16,0,16,0
2020-06-17,Solano,095,438530,1150,722,4,726,21
2020-06-17,Sonoma,097,501317,985,748,1,749,4
2020-06-17,Stanislaus,099,539301,2221,1387,5,1392,35
2020-06-17,Sutter,101,95872,116,79,0,79,2
2020-06-17,Tehama,103,63373,41,24,2,26,1
2020-06-17,Trinity,105,12862,12,2,2,4,0
2020-06-17,Tulare,107,460477,4007,2882,8,2890,106
2020-06-17,Tuolumne,109,53932,11,7,1,8,0
2020-06-17,Ventura,111,848112,2654,1729,11,1740,37
2020-06-17,Yolo,113,214977,399,277,0,277,24
2020-06-17,Yuba,115,75493,40,30,0,30,1
2020-06-16,Alameda,001,1643700,5308,4428,9,4437,113
2020-06-16,Alpine,003,1148,2,1,0,1,0
2020-06-16,Amador,005,37829,11,10,0,10,0
2020-06-16,Butte,007,227075,140,79,7,86,1
2020-06-16,Calaveras,009,45235,31,19,0,19,0
2020-06-16,Colusa,011,21464,16,7,0,7,0
2020-06-16,Contra Costa,013,1133247,2401,1971,1,1972,45
2020-06-16,Del Norte,015,27424,47,45,0,45,0
2020-06-16,El Dorado,017,186661,175,115,0,115,0
2020-06-16,Fresno,019,978130,5399,2731,54,2785,50
2020-06-16,Glenn,021,27897,71,30,0,30,0
2020-06-16,Humboldt,023,135768,134,105,0,105,3
2020-06-16,Imperial,025,180216,6352,3939,4,3943,36
2020-06-16,Inyo,027,18085,25,24,0,24,1
2020-06-16,Kern,029,883053,4937,3496,13,3509,55
2020-06-16,Kings,031,150075,2158,1044,6,1050,6
2020-06-16,Lake,033,64148,44,31,0,31,0
2020-06-16,Lassen,035,31185,13,5,2,7,0
2020-06-16,Los Angeles,037,10098052,86467,75051,21,75072,2942
2020-06-16,Madera,039,155013,530,239,1,240,3
2020-06-16,Marin,041,260295,1197,725,3,728,17
2020-06-16,Mariposa,043,17540,18,17,0,17,1
2020-06-16,Mendocino,045,87422,62,35,0,35,0
2020-06-16,Merced,047,269075,814,436,2,438,7
2020-06-16,Modoc,049,8938,1,0,0,0,0
2020-06-16,Mono,051,14174,42,34,0,34,1
2020-06-16,Monterey,053,433212,1409,1019,8,1027,12
2020-06-16,Napa,055,140530,257,196,0,196,3
2020-06-16,Nevada,057,99092,91,53,1,54,1
2020-06-16,Orange,059,3164182,13802,9163,103,9266,223
2020-06-16,Placer,061,380077,572,392,3,395,9
2020-06-16,Plumas,063,18699,6,5,0,5,0
2020-06-16,Riverside,065,2383286,15224,11638,17,11655,364
2020-06-16,Sacramento,067,1510023,2282,1825,4,1829,60
2020-06-16,San Benito,069,59416,189,110,0,110,2
2020-06-16,San Bernardino,071,2135413,11008,7463,8,7471,225
2020-06-16,San Diego,073,3302833,11676,9732,1,9733,323
2020-06-16,San Francisco,075,870044,3210,2893,1,2894,46
2020-06-16,San Joaquin,077,732212,2632,1718,4,1722,47
2020-06-16,San Luis Obispo,079,281455,519,343,5,348,1
2020-06-16,San Mateo,081,765935,2943,2618,4,2622,77
2020-06-16,Santa Barbara,083,443738,3261,2090,15,2105,16
2020-06-16,Santa Clara,085,1922200,4253,3228,9,3237,148
2020-06-16,Santa Cruz,087,273765,319,257,0,257,2
2020-06-16,Shasta,089,179085,113,51,0,51,4
2020-06-16,Sierra,091,2930,1,1,0,1,0
2020-06-16,Siskiyou,093,43540,27,15,0,15,0
2020-06-16,Solano,095,438530,1060,694,4,698,19
2020-06-16,Sonoma,097,501317,953,739,1,740,4
2020-06-16,Stanislaus,099,539301,2068,1278,5,1283,36
2020-06-16,Sutter,101,95872,109,73,0,73,2
2020-06-16,Tehama,103,63373,37,24,2,26,1
2020-06-16,Trinity,105,12862,12,2,2,4,0
2020-06-16,Tulare,107,460477,3889,2802,8,2810,96
2020-06-16,Tuolumne,109,53932,11,7,1,8,0
2020-06-16,Ventura,111,848112,2553,1676,11,1687,37
2020-06-16,Yolo,113,214977,375,262,0,262,24
2020-06-16,Yuba,115,75493,39,29,0,29,1
2020-06-15,Alameda,001,1643700,5182,4323,9,4332,112
2020-06-15,Alpine,003,1148,2,1,0,1,0
2020-06-15,Amador,005,37829,11,10,0,10,0
2020-06-15,Butte,007,227075,132,78,7,85,1
2020-06-15,Calaveras,009,45235,31,18,0,18,0
2020-06-15,Colusa,011,21464,14,7,0,7,0
2020-06-15,Contra Costa,013,1133247,2324,1918,1,1919,43
2020-06-15,Del Norte,015,27424,47,45,0,45,0
2020-06-15,El Dorado,017,186661,165,114,0,114,0
2020-06-15,Fresno,019,978130,5186,2616,53,2669,48
2020-06-15,Glenn,021,27897,66,21,0,21,0
2020-06-15,Humboldt,023,135768,132,105,0,105,3
2020-06-15,Imperial,025,180216,6177,3726,4,3730,36
2020-06-15,Inyo,027,18085,25,23,0,23,1
2020-06-15,Kern,029,883053,4713,3417,13,3430,55
2020-06-15,Kings,031,150075,2081,1022,6,1028,6
2020-06-15,Lake,033,64148,44,31,0,31,0
2020-06-15,Lassen,035,31185,13,5,2,7,0
2020-06-15,Los Angeles,037,10098052,84278,73705,21,73726,2908
2020-06-15,Madera,039,155013,508,203,1,204,3
2020-06-15,Marin,041,260295,1030,708,3,711,17
2020-06-15,Mariposa,043,17540,18,17,0,17,1
2020-06-15,Mendocino,045,87422,53,33,0,33,0
2020-06-15,Merced,047,269075,768,414,2,416,7
2020-06-15,Modoc,049,8938,1,0,0,0,0
2020-06-15,Mono,051,14174,42,34,0,34,1
2020-06-15,Monterey,053,433212,1343,998,8,1006,12
2020-06-15,Napa,055,140530,249,187,0,187,3
2020-06-15,Nevada,057,99092,85,52,1,53,1
2020-06-15,Orange,059,3164182,13232,8944,95,9039,212
2020-06-15,Placer,061,380077,550,386,3,389,9
2020-06-15,Plumas,063,18699,6,4,0,4,0
2020-06-15,Riverside,065,2383286,14606,11376,16,11392,364
2020-06-15,Sacramento,067,1510023,2166,1791,4,1795,60
2020-06-15,San Benito,069,59416,183,108,0,108,2
2020-06-15,San Bernardino,071,2135413,10504,7189,8,7197,224
2020-06-15,San Diego,073,3302833,11336,9612,1,9613,320
2020-06-15,San Francisco,075,870044,3166,2833,1,2834,45
2020-06-15,San Joaquin,077,732212,2496,1667,4,1671,43
2020-06-15,San Luis Obispo,079,281455,504,332,5,337,1
2020-06-15,San Mateo,081,765935,2896,2591,4,2595,75
2020-06-15,Santa Barbara,083,443738,3191,2054,15,2069,16
2020-06-15,Santa Clara,085,1922200,4154,3204,9,3213,148
2020-06-15,Santa Cruz,087,273765,308,254,0,254,2
2020-06-15,Shasta,089,179085,107,50,0,50,4
2020-06-15,Sierra,091,2930,1,1,0,1,0
2020-06-15,Siskiyou,093,43540,26,14,0,14,0
2020-06-15,Solano,095,438530,1000,638,4,642,19
2020-06-15,Sonoma,097,501317,924,726,1,727,4
2020-06-15,Stanislaus,099,539301,1951,1253,5,1258,35
2020-06-15,Sutter,101,95872,99,71,0,71,2
2020-06-15,Tehama,103,63373,37,17,2,19,1
2020-06-15,Trinity,105,12862,11,2,2,4,0
2020-06-15,Tulare,107,460477,3775,2662,8,2670,96
2020-06-15,Tuolumne,109,53932,10,7,1,8,0
2020-06-15,Ventura,111,848112,2472,1656,11,1667,37
2020-06-15,Yolo,113,214977,355,255,0,255,24
2020-06-15,Yuba,115,75493,39,28,0,28,1
2020-06-14,Alameda,001,1643700,5037,4271,9,4280,112
2020-06-14,Alpine,003,1148,2,1,0,1,0
2020-06-14,Amador,005,37829,11,10,0,10,0
2020-06-14,Butte,007,227075,124,78,7,85,1
2020-06-14,Calaveras,009,45235,30,18,0,18,0
2020-06-14,Colusa,011,21464,13,7,0,7,0
2020-06-14,Contra Costa,013,1133247,2255,1893,1,1894,43
2020-06-14,Del Norte,015,27424,47,45,0,45,0
2020-06-14,El Dorado,017,186661,161,110,0,110,0
2020-06-14,Fresno,019,978130,5001,2585,52,2637,48
2020-06-14,Glenn,021,27897,51,21,0,21,0
2020-06-14,Humboldt,023,135768,128,105,0,105,3
2020-06-14,Imperial,025,180216,5946,3730,4,3734,36
2020-06-14,Inyo,027,18085,24,23,0,23,1
2020-06-14,Kern,029,883053,4502,3328,13,3341,55
2020-06-14,Kings,031,150075,2030,1022,6,1028,6
2020-06-14,Lake,033,64148,41,31,0,31,0
2020-06-14,Lassen,035,31185,13,5,2,7,0
2020-06-14,Los Angeles,037,10098052,81951,72932,21,72953,2887
2020-06-14,Madera,039,155013,489,203,1,204,3
2020-06-14,Marin,041,260295,865,689,2,691,17
2020-06-14,Mariposa,043,17540,18,16,0,16,1
2020-06-14,Mendocino,045,87422,50,33,0,33,0
2020-06-14,Merced,047,269075,717,403,2,405,7
2020-06-14,Modoc,049,8938,1,0,0,0,0
2020-06-14,Mono,051,14174,42,34,0,34,1
2020-06-14,Monterey,053,433212,1282,949,8,957,12
2020-06-14,Napa,055,140530,227,181,0,181,3
2020-06-14,Nevada,057,99092,81,52,1,53,1
2020-06-14,Orange,059,3164182,12806,8744,90,8834,211
2020-06-14,Placer,061,380077,524,369,3,372,9
2020-06-14,Plumas,063,18699,5,4,0,4,0
2020-06-14,Riverside,065,2383286,14164,11218,16,11234,364
2020-06-14,Sacramento,067,1510023,2079,1750,4,1754,60
2020-06-14,San Benito,069,59416,172,104,0,104,2
2020-06-14,San Bernardino,071,2135413,9963,7015,8,7023,224
2020-06-14,San Diego,073,3302833,10961,9442,1,9443,319
2020-06-14,San Francisco,075,870044,3126,2834,1,2835,45
2020-06-14,San Joaquin,077,732212,2345,1603,4,1607,43
2020-06-14,San Luis Obispo,079,281455,489,330,5,335,1
2020-06-14,San Mateo,081,765935,2838,2571,4,2575,75
2020-06-14,Santa Barbara,083,443738,3113,2049,15,2064,17
2020-06-14,Santa Clara,085,1922200,4059,3178,9,3187,148
2020-06-14,Santa Cruz,087,273765,294,254,0,254,2
2020-06-14,Shasta,089,179085,101,48,0,48,4
2020-06-14,Sierra,091,2930,1,1,0,1,0
2020-06-14,Siskiyou,093,43540,25,13,0,13,0
2020-06-14,Solano,095,438530,951,638,4,642,19
2020-06-14,Sonoma,097,501317,896,724,1,725,4
2020-06-14,Stanislaus,099,539301,1803,1159,5,1164,35
2020-06-14,Sutter,101,95872,94,63,0,63,2
2020-06-14,Tehama,103,63373,34,17,2,19,1
2020-06-14,Trinity,105,12862,11,2,2,4,0
2020-06-14,Tulare,107,460477,3643,2646,8,2654,96
2020-06-14,Tuolumne,109,53932,10,7,1,8,0
2020-06-14,Ventura,111,848112,2373,1610,10,1620,37
2020-06-14,Yolo,113,214977,339,254,0,254,24
2020-06-14,Yuba,115,75493,38,28,0,28,1
2020-06-13,Alameda,001,1643700,4974,4196,9,4205,112
2020-06-13,Alpine,003,1148,2,1,0,1,0
2020-06-13,Amador,005,37829,10,10,0,10,0
2020-06-13,Butte,007,227075,115,72,7,79,1
2020-06-13,Calaveras,009,45235,28,18,0,18,0
2020-06-13,Colusa,011,21464,12,7,0,7,0
2020-06-13,Contra Costa,013,1133247,2219,1868,1,1869,43
2020-06-13,Del Norte,015,27424,47,45,0,45,0
2020-06-13,El Dorado,017,186661,157,110,0,110,0
2020-06-13,Fresno,019,978130,4903,2499,52,2551,48
2020-06-13,Glenn,021,27897,49,21,0,21,0
2020-06-13,Humboldt,023,135768,127,104,0,104,3
2020-06-13,Imperial,025,180216,5873,3646,4,3650,36
2020-06-13,Inyo,027,18085,24,23,0,23,1
2020-06-13,Kern,029,883053,4393,3239,13,3252,55
2020-06-13,Kings,031,150075,2010,1023,6,1029,6
2020-06-13,Lake,033,64148,40,29,0,29,0
2020-06-13,Lassen,035,31185,13,5,2,7,0
2020-06-13,Los Angeles,037,10098052,80913,71938,21,71959,2874
2020-06-13,Madera,039,155013,485,203,1,204,3
2020-06-13,Marin,041,260295,834,677,2,679,17
2020-06-13,Mariposa,043,17540,18,16,0,16,1
2020-06-13,Mendocino,045,87422,50,33,0,33,0
2020-06-13,Merced,047,269075,699,376,2,378,7
2020-06-13,Modoc,049,8938,1,0,0,0,0
2020-06-13,Mono,051,14174,42,35,0,35,1
2020-06-13,Monterey,053,433212,1244,900,8,908,11
2020-06-13,Napa,055,140530,224,171,0,171,3
2020-06-13,Nevada,057,99092,79,52,1,53,1
2020-06-13,Orange,059,3164182,12561,8581,87,8668,211
2020-06-13,Placer,061,380077,507,346,3,349,9
2020-06-13,Plumas,063,18699,5,4,0,4,0
2020-06-13,Riverside,065,2383286,13885,10931,16,10947,364
2020-06-13,Sacramento,067,1510023,2025,1713,4,1717,60
2020-06-13,San Benito,069,59416,165,99,0,99,2
2020-06-13,San Bernardino,071,2135413,9738,6885,8,6893,224
2020-06-13,San Diego,073,3302833,10789,9316,1,9317,319
2020-06-13,San Francisco,075,870044,3106,2834,1,2835,44
2020-06-13,San Joaquin,077,732212,2264,1461,4,1465,43
2020-06-13,San Luis Obispo,079,281455,478,326,5,331,1
2020-06-13,San Mateo,081,765935,2815,2551,4,2555,75
2020-06-13,Santa Barbara,083,443738,3055,1999,15,2014,15
2020-06-13,Santa Clara,085,1922200,4017,3141,9,3150,148
2020-06-13,Santa Cruz,087,273765,288,254,0,254,2
2020-06-13,Shasta,089,179085,99,48,0,48,4
2020-06-13,Sierra,091,2930,1,1,0,1,0
2020-06-13,Siskiyou,093,43540,25,13,0,13,0
2020-06-13,Solano,095,438530,923,637,4,641,19
2020-06-13,Sonoma,097,501317,881,711,1,712,4
2020-06-13,Stanislaus,099,539301,1746,1122,5,1127,33
2020-06-13,Sutter,101,95872,93,62,0,62,2
2020-06-13,Tehama,103,63373,33,17,2,19,1
2020-06-13,Trinity,105,12862,11,2,2,4,0
2020-06-13,Tulare,107,460477,3611,2626,8,2634,96
2020-06-13,Tuolumne,109,53932,9,7,1,8,0
2020-06-13,Ventura,111,848112,2327,1567,10,1577,37
2020-06-13,Yolo,113,214977,318,251,0,251,24
2020-06-13,Yuba,115,75493,38,28,0,28,1
2020-06-12,Alameda,001,1643700,4901,4167,9,4176,109
2020-06-12,Alpine,003,1148,2,1,0,1,0
2020-06-12,Amador,005,37829,10,10,0,10,0
2020-06-12,Butte,007,227075,111,71,7,78,1
2020-06-12,Calaveras,009,45235,25,18,0,18,0
2020-06-12,Colusa,011,21464,12,7,0,7,0
2020-06-12,Contra Costa,013,1133247,2182,1827,1,1828,43
2020-06-12,Del Norte,015,27424,47,45,0,45,0
2020-06-12,El Dorado,017,186661,157,110,0,110,0
2020-06-12,Fresno,019,978130,4766,2428,52,2480,47
2020-06-12,Glenn,021,27897,46,21,0,21,0
2020-06-12,Humboldt,023,135768,125,105,0,105,3
2020-06-12,Imperial,025,180216,5789,3543,4,3547,36
2020-06-12,Inyo,027,18085,24,23,0,23,1
2020-06-12,Kern,029,883053,4276,3152,13,3165,54
2020-06-12,Kings,031,150075,1997,987,6,993,6
2020-06-12,Lake,033,64148,39,29,0,29,0
2020-06-12,Lassen,035,31185,13,5,2,7,0
2020-06-12,Los Angeles,037,10098052,79507,70385,21,70406,2814
2020-06-12,Madera,039,155013,460,187,1,188,3
2020-06-12,Marin,041,260295,831,649,2,651,17
2020-06-12,Mariposa,043,17540,18,16,0,16,1
2020-06-12,Mendocino,045,87422,50,33,0,33,0
2020-06-12,Merced,047,269075,665,372,2,374,7
2020-06-12,Modoc,049,8938,1,0,0,0,0
2020-06-12,Mono,051,14174,39,35,0,35,1
2020-06-12,Monterey,053,433212,1203,864,7,871,11
2020-06-12,Napa,055,140530,221,162,0,162,3
2020-06-12,Nevada,057,99092,73,52,1,53,1
2020-06-12,Orange,059,3164182,12255,8440,86,8526,203
2020-06-12,Placer,061,380077,490,333,3,336,9
2020-06-12,Plumas,063,18699,5,4,0,4,0
2020-06-12,Riverside,065,2383286,13548,10616,16,10632,364
2020-06-12,Sacramento,067,1510023,1970,1702,4,1706,60
2020-06-12,San Benito,069,59416,158,96,0,96,2
2020-06-12,San Bernardino,071,2135413,9470,6707,8,6715,223
2020-06-12,San Diego,073,3302833,10619,9132,1,9133,313
2020-06-12,San Francisco,075,870044,3072,2823,1,2824,44
2020-06-12,San Joaquin,077,732212,2184,1406,4,1410,43
2020-06-12,San Luis Obispo,079,281455,462,321,5,326,1
2020-06-12,San Mateo,081,765935,2780,2533,4,2537,75
2020-06-12,Santa Barbara,083,443738,3000,1969,15,1984,14
2020-06-12,Santa Clara,085,1922200,3973,3099,9,3108,149
2020-06-12,Santa Cruz,087,273765,280,251,0,251,2
2020-06-12,Shasta,089,179085,92,48,0,48,5
2020-06-12,Sierra,091,2930,1,1,0,1,0
2020-06-12,Siskiyou,093,43540,25,13,0,13,0
2020-06-12,Solano,095,438530,909,620,4,624,19
2020-06-12,Sonoma,097,501317,862,696,1,697,4
2020-06-12,Stanislaus,099,539301,1687,1092,5,1097,33
2020-06-12,Sutter,101,95872,92,56,0,56,2
2020-06-12,Tehama,103,63373,32,13,2,15,1
2020-06-12,Trinity,105,12862,11,2,2,4,0
2020-06-12,Tulare,107,460477,3557,2552,8,2560,95
2020-06-12,Tuolumne,109,53932,9,7,1,8,0
2020-06-12,Ventura,111,848112,2275,1534,10,1544,35
2020-06-12,Yolo,113,214977,306,243,0,243,24
2020-06-12,Yuba,115,75493,36,27,0,27,1
2020-06-11,Alameda,001,1643700,4771,4073,8,4081,108
2020-06-11,Alpine,003,1148,2,1,0,1,0
2020-06-11,Amador,005,37829,9,10,0,10,0
2020-06-11,Butte,007,227075,105,72,7,79,1
2020-06-11,Calaveras,009,45235,24,16,0,16,0
2020-06-11,Colusa,011,21464,12,7,0,7,0
2020-06-11,Contra Costa,013,1133247,2129,1797,1,1798,43
2020-06-11,Del Norte,015,27424,47,45,0,45,0
2020-06-11,El Dorado,017,186661,149,109,0,109,0
2020-06-11,Fresno,019,978130,4611,2338,52,2390,45
2020-06-11,Glenn,021,27897,42,21,0,21,0
2020-06-11,Humboldt,023,135768,121,113,0,113,3
2020-06-11,Imperial,025,180216,5633,3463,4,3467,36
2020-06-11,Inyo,027,18085,22,23,0,23,1
2020-06-11,Kern,029,883053,4124,3047,11,3058,54
2020-06-11,Kings,031,150075,1964,963,6,969,6
2020-06-11,Lake,033,64148,39,28,0,28,0
2020-06-11,Lassen,035,31185,13,5,2,7,0
2020-06-11,Los Angeles,037,10098052,77840,68807,20,68827,2800
2020-06-11,Madera,039,155013,442,178,1,179,3
2020-06-11,Marin,041,260295,783,637,2,639,17
2020-06-11,Mariposa,043,17540,18,16,0,16,1
2020-06-11,Mendocino,045,87422,41,35,0,35,0
2020-06-11,Merced,047,269075,625,370,2,372,7
2020-06-11,Modoc,049,8938,1,0,0,0,0
2020-06-11,Mono,051,14174,39,35,0,35,1
2020-06-11,Monterey,053,433212,1156,813,7,820,11
2020-06-11,Napa,055,140530,212,162,0,162,3
2020-06-11,Nevada,057,99092,67,50,1,51,1
2020-06-11,Orange,059,3164182,11946,8304,85,8389,188
2020-06-11,Placer,061,380077,471,321,3,324,9
2020-06-11,Plumas,063,18699,5,4,0,4,0
2020-06-11,Riverside,065,2383286,13195,10014,16,10030,361
2020-06-11,Sacramento,067,1510023,1922,1669,4,1673,60
2020-06-11,San Benito,069,59416,152,94,0,94,2
2020-06-11,San Bernardino,071,2135413,9173,6509,8,6517,221
2020-06-11,San Diego,073,3302833,10389,9000,0,9000,308
2020-06-11,San Francisco,075,870044,3043,2766,1,2767,44
2020-06-11,San Joaquin,077,732212,2072,1351,4,1355,43
2020-06-11,San Luis Obispo,079,281455,448,307,5,312,1
2020-06-11,San Mateo,081,765935,2742,2499,4,2503,74
2020-06-11,Santa Barbara,083,443738,2934,1895,15,1910,14
2020-06-11,Santa Clara,085,1922200,3906,3049,9,3058,149
2020-06-11,Santa Cruz,087,273765,276,247,0,247,2
2020-06-11,Shasta,089,179085,85,47,0,47,5
2020-06-11,Sierra,091,2930,1,1,0,1,0
2020-06-11,Siskiyou,093,43540,25,14,0,14,0
2020-06-11,Solano,095,438530,883,616,4,620,19
2020-06-11,Sonoma,097,501317,839,682,1,683,4
2020-06-11,Stanislaus,099,539301,1596,1062,5,1067,30
2020-06-11,Sutter,101,95872,89,56,0,56,2
2020-06-11,Tehama,103,63373,27,10,2,12,1
2020-06-11,Trinity,105,12862,9,2,2,4,0
2020-06-11,Tulare,107,460477,3458,2473,8,2481,95
2020-06-11,Tuolumne,109,53932,9,7,1,8,0
2020-06-11,Ventura,111,848112,2198,1491,9,1500,34
2020-06-11,Yolo,113,214977,298,230,0,230,24
2020-06-11,Yuba,115,75493,36,27,0,27,1
2020-06-10,Alameda,001,1643700,4671,4027,7,4034,107
2020-06-10,Alpine,003,1148,2,1,0,1,0
2020-06-10,Amador,005,37829,9,10,0,10,0
2020-06-10,Butte,007,227075,102,71,7,78,1
2020-06-10,Calaveras,009,45235,24,16,0,16,0
2020-06-10,Colusa,011,21464,11,7,0,7,0
2020-06-10,Contra Costa,013,1133247,2085,1778,1,1779,43
2020-06-10,Del Norte,015,27424,47,45,0,45,0
2020-06-10,El Dorado,017,186661,146,109,0,109,0
2020-06-10,Fresno,019,978130,4435,2324,52,2376,45
2020-06-10,Glenn,021,27897,39,21,0,21,0
2020-06-10,Humboldt,023,135768,117,112,0,112,3
2020-06-10,Imperial,025,180216,5485,3454,4,3458,36
2020-06-10,Inyo,027,18085,22,23,0,23,1
2020-06-10,Kern,029,883053,3999,3000,10,3010,54
2020-06-10,Kings,031,150075,1917,952,5,957,6
2020-06-10,Lake,033,64148,39,28,0,28,0
2020-06-10,Lassen,035,31185,13,5,2,7,0
2020-06-10,Los Angeles,037,10098052,76319,67018,20,67038,2752
2020-06-10,Madera,039,155013,428,176,1,177,3
2020-06-10,Marin,041,260295,752,633,2,635,17
2020-06-10,Mariposa,043,17540,17,16,0,16,1
2020-06-10,Mendocino,045,87422,40,35,0,35,0
2020-06-10,Merced,047,269075,592,370,2,372,7
2020-06-10,Modoc,049,8938,1,0,0,0,0
2020-06-10,Mono,051,14174,39,35,0,35,1
2020-06-10,Monterey,053,433212,1102,791,7,798,11
2020-06-10,Napa,055,140530,209,159,0,159,3
2020-06-10,Nevada,057,99092,65,50,1,51,1
2020-06-10,Orange,059,3164182,11670,8222,82,8304,184
2020-06-10,Placer,061,380077,446,309,3,312,9
2020-06-10,Plumas,063,18699,5,4,0,4,0
2020-06-10,Riverside,065,2383286,12872,9857,16,9873,361
2020-06-10,Sacramento,067,1510023,1883,1643,2,1645,59
2020-06-10,San Benito,069,59416,143,94,0,94,2
2020-06-10,San Bernardino,071,2135413,8881,6438,8,6446,219
2020-06-10,San Diego,073,3302833,10225,8839,0,8839,305
2020-06-10,San Francisco,075,870044,3018,2774,1,2775,44
2020-06-10,San Joaquin,077,732212,1943,1282,4,1286,41
2020-06-10,San Luis Obispo,079,281455,429,306,5,311,1
2020-06-10,San Mateo,081,765935,2702,2492,4,2496,74
2020-06-10,Santa Barbara,083,443738,2878,1878,15,1893,13
2020-06-10,Santa Clara,085,1922200,3855,3032,9,3041,149
2020-06-10,Santa Cruz,087,273765,272,242,0,242,2
2020-06-10,Shasta,089,179085,80,45,0,45,5
2020-06-10,Sierra,091,2930,1,1,0,1,0
2020-06-10,Siskiyou,093,43540,25,14,0,14,0
2020-06-10,Solano,095,438530,847,608,4,612,19
2020-06-10,Sonoma,097,501317,821,673,1,674,4
2020-06-10,Stanislaus,099,539301,1506,1030,5,1035,29
2020-06-10,Sutter,101,95872,88,56,0,56,2
2020-06-10,Tehama,103,63373,25,10,2,12,1
2020-06-10,Trinity,105,12862,9,2,2,4,0
2020-06-10,Tulare,107,460477,3366,2455,8,2463,95
2020-06-10,Tuolumne,109,53932,9,7,1,8,0
2020-06-10,Ventura,111,848112,2152,1446,8,1454,34
2020-06-10,Yolo,113,214977,290,226,0,226,24
2020-06-10,Yuba,115,75493,35,27,0,27,1
2020-06-09,Alameda,001,1643700,4561,3963,7,3970,103
2020-06-09,Alpine,003,1148,2,1,0,1,0
2020-06-09,Amador,005,37829,9,10,0,10,0
2020-06-09,Butte,007,227075,101,70,6,76,1
2020-06-09,Calaveras,009,45235,24,16,0,16,0
2020-06-09,Colusa,011,21464,10,7,0,7,0
2020-06-09,Contra Costa,013,1133247,2044,1744,1,1745,42
2020-06-09,Del Norte,015,27424,47,45,0,45,0
2020-06-09,El Dorado,017,186661,137,108,0,108,0
2020-06-09,Fresno,019,978130,4283,2278,52,2330,43
2020-06-09,Glenn,021,27897,38,19,0,19,0
2020-06-09,Humboldt,023,135768,115,113,0,113,2
2020-06-09,Imperial,025,180216,5333,3067,4,3071,36
2020-06-09,Inyo,027,18085,22,22,0,22,1
2020-06-09,Kern,029,883053,3871,2920,10,2930,51
2020-06-09,Kings,031,150075,1885,934,5,939,6
2020-06-09,Lake,033,64148,39,28,0,28,0
2020-06-09,Lassen,035,31185,13,5,2,7,0
2020-06-09,Los Angeles,037,10098052,74661,65827,20,65847,2692
2020-06-09,Madera,039,155013,413,172,1,173,3
2020-06-09,Marin,041,260295,716,616,2,618,17
2020-06-09,Mariposa,043,17540,17,16,0,16,1
2020-06-09,Mendocino,045,87422,36,35,0,35,0
2020-06-09,Merced,047,269075,563,349,1,350,7
2020-06-09,Modoc,049,8938,1,0,0,0,0
2020-06-09,Mono,051,14174,39,35,0,35,1
2020-06-09,Monterey,053,433212,1061,772,7,779,11
2020-06-09,Napa,055,140530,199,156,0,156,3
2020-06-09,Nevada,057,99092,57,50,1,51,1
2020-06-09,Orange,059,3164182,11427,7991,80,8071,174
2020-06-09,Placer,061,380077,433,301,3,304,9
2020-06-09,Plumas,063,18699,5,4,0,4,0
2020-06-09,Riverside,065,2383286,12494,9511,16,9527,354
2020-06-09,Sacramento,067,1510023,1829,1625,2,1627,59
2020-06-09,San Benito,069,59416,137,95,0,95,2
2020-06-09,San Bernardino,071,2135413,8557,6268,7,6275,217
2020-06-09,San Diego,073,3302833,10040,8731,0,8731,301
2020-06-09,San Francisco,075,870044,2993,2749,1,2750,44
2020-06-09,San Joaquin,077,732212,1837,1240,4,1244,41
2020-06-09,San Luis Obispo,079,281455,416,301,4,305,1
2020-06-09,San Mateo,081,765935,2671,2463,4,2467,74
2020-06-09,Santa Barbara,083,443738,2814,1854,15,1869,13
2020-06-09,Santa Clara,085,1922200,3787,3006,9,3015,147
2020-06-09,Santa Cruz,087,273765,266,237,0,237,2
2020-06-09,Shasta,089,179085,76,44,0,44,4
2020-06-09,Sierra,091,2930,1,1,0,1,0
2020-06-09,Siskiyou,093,43540,20,10,0,10,0
2020-06-09,Solano,095,438530,812,596,4,600,18
2020-06-09,Sonoma,097,501317,798,661,1,662,4
2020-06-09,Stanislaus,099,539301,1405,993,5,998,25
2020-06-09,Sutter,101,95872,85,56,0,56,2
2020-06-09,Tehama,103,63373,25,9,2,11,1
2020-06-09,Trinity,105,12862,8,2,2,4,0
2020-06-09,Tulare,107,460477,3300,2393,8,2401,91
2020-06-09,Tuolumne,109,53932,9,8,1,9,0
2020-06-09,Ventura,111,848112,2086,1407,8,1415,34
2020-06-09,Yolo,113,214977,279,226,0,226,24
2020-06-09,Yuba,115,75493,34,27,0,27,1
2020-06-08,Alameda,001,1643700,4481,3937,7,3944,103
2020-06-08,Alpine,003,1148,2,1,0,1,0
2020-06-08,Amador,005,37829,9,10,0,10,0
2020-06-08,Butte,007,227075,97,68,6,74,1
2020-06-08,Calaveras,009,45235,24,16,0,16,0
2020-06-08,Colusa,011,21464,9,7,0,7,0
2020-06-08,Contra Costa,013,1133247,2001,1714,1,1715,41
2020-06-08,Del Norte,015,27424,47,45,0,45,0
2020-06-08,El Dorado,017,186661,133,107,0,107,0
2020-06-08,Fresno,019,978130,4159,2194,51,2245,42
2020-06-08,Glenn,021,27897,36,17,0,17,0
2020-06-08,Humboldt,023,135768,115,112,0,112,2
2020-06-08,Imperial,025,180216,5181,3051,4,3055,21
2020-06-08,Inyo,027,18085,22,22,0,22,1
2020-06-08,Kern,029,883053,3740,2853,9,2862,49
2020-06-08,Kings,031,150075,1809,892,5,897,6
2020-06-08,Lake,033,64148,39,28,0,28,0
2020-06-08,Lassen,035,31185,13,4,2,6,0
2020-06-08,Los Angeles,037,10098052,73199,64634,20,64654,2640
2020-06-08,Madera,039,155013,383,154,1,155,3
2020-06-08,Marin,041,260295,675,596,2,598,17
2020-06-08,Mariposa,043,17540,16,16,0,16,1
2020-06-08,Mendocino,045,87422,34,32,0,32,0
2020-06-08,Merced,047,269075,529,331,1,332,7
2020-06-08,Modoc,049,8938,1,0,0,0,0
2020-06-08,Mono,051,14174,39,35,0,35,1
2020-06-08,Monterey,053,433212,1010,751,6,757,10
2020-06-08,Napa,055,140530,183,151,0,151,3
2020-06-08,Nevada,057,99092,56,50,1,51,1
2020-06-08,Orange,059,3164182,11176,7786,78,7864,160
2020-06-08,Placer,061,380077,416,290,3,293,9
2020-06-08,Plumas,063,18699,5,4,0,4,0
2020-06-08,Riverside,065,2383286,12125,9246,16,9262,347
2020-06-08,Sacramento,067,1510023,1779,1591,2,1593,59
2020-06-08,San Benito,069,59416,130,93,0,93,2
2020-06-08,San Bernardino,071,2135413,8236,6122,7,6129,214
2020-06-08,San Diego,073,3302833,9883,8621,0,8621,296
2020-06-08,San Francisco,075,870044,2966,2715,1,2716,43
2020-06-08,San Joaquin,077,732212,1730,1198,4,1202,40
2020-06-08,San Luis Obispo,079,281455,410,300,4,304,1
2020-06-08,San Mateo,081,765935,2640,2431,3,2434,74
2020-06-08,Santa Barbara,083,443738,2747,1824,13,1837,13
2020-06-08,Santa Clara,085,1922200,3741,2971,9,2980,146
2020-06-08,Santa Cruz,087,273765,265,234,0,234,2
2020-06-08,Shasta,089,179085,72,43,0,43,4
2020-06-08,Sierra,091,2930,1,1,0,1,0
2020-06-08,Siskiyou,093,43540,20,8,0,8,0
2020-06-08,Solano,095,438530,785,560,4,564,19
2020-06-08,Sonoma,097,501317,782,654,1,655,4
2020-06-08,Stanislaus,099,539301,1323,956,5,961,28
2020-06-08,Sutter,101,95872,78,55,0,55,2
2020-06-08,Tehama,103,63373,19,8,2,10,1
2020-06-08,Trinity,105,12862,8,2,2,4,0
2020-06-08,Tulare,107,460477,3217,2301,8,2309,91
2020-06-08,Tuolumne,109,53932,8,8,1,9,0
2020-06-08,Ventura,111,848112,2028,1382,8,1390,30
2020-06-08,Yolo,113,214977,268,228,0,228,24
2020-06-08,Yuba,115,75493,32,27,0,27,1
2020-06-07,Alameda,001,1643700,4368,3866,7,3873,102
2020-06-07,Alpine,003,1148,2,1,0,1,0
2020-06-07,Amador,005,37829,9,10,0,10,0
2020-06-07,Butte,007,227075,95,64,5,69,1
2020-06-07,Calaveras,009,45235,22,16,0,16,0
2020-06-07,Colusa,011,21464,9,7,0,7,0
2020-06-07,Contra Costa,013,1133247,1950,1653,0,1653,38
2020-06-07,Del Norte,015,27424,45,45,0,45,0
2020-06-07,El Dorado,017,186661,133,104,0,104,0
2020-06-07,Fresno,019,978130,4029,2144,51,2195,41
2020-06-07,Glenn,021,27897,29,16,0,16,0
2020-06-07,Humboldt,023,135768,115,112,0,112,2
2020-06-07,Imperial,025,180216,5030,3048,4,3052,19
2020-06-07,Inyo,027,18085,22,21,0,21,1
2020-06-07,Kern,029,883053,3609,2771,9,2780,46
2020-06-07,Kings,031,150075,1760,882,4,886,6
2020-06-07,Lake,033,64148,36,28,0,28,0
2020-06-07,Lassen,035,31185,12,4,2,6,0
2020-06-07,Los Angeles,037,10098052,71496,63750,20,63770,2629
2020-06-07,Madera,039,155013,366,149,1,150,3
2020-06-07,Marin,041,260295,661,584,2,586,17
2020-06-07,Mariposa,043,17540,16,16,0,16,1
2020-06-07,Mendocino,045,87422,34,32,0,32,0
2020-06-07,Merced,047,269075,496,318,1,319,7
2020-06-07,Modoc,049,8938,1,0,0,0,0
2020-06-07,Mono,051,14174,39,35,0,35,1
2020-06-07,Monterey,053,433212,963,732,6,738,10
2020-06-07,Napa,055,140530,175,142,0,142,3
2020-06-07,Nevada,057,99092,55,50,1,51,1
2020-06-07,Orange,059,3164182,10918,7643,76,7719,158
2020-06-07,Placer,061,380077,395,273,2,275,9
2020-06-07,Plumas,063,18699,5,4,0,4,0
2020-06-07,Riverside,065,2383286,11829,9105,16,9121,344
2020-06-07,Sacramento,067,1510023,1731,1568,2,1570,59
2020-06-07,San Benito,069,59416,127,92,0,92,2
2020-06-07,San Bernardino,071,2135413,7951,6033,7,6040,214
2020-06-07,San Diego,073,3302833,9704,8478,0,8478,296
2020-06-07,San Francisco,075,870044,2922,2674,0,2674,43
2020-06-07,San Joaquin,077,732212,1629,1126,4,1130,37
2020-06-07,San Luis Obispo,079,281455,400,296,4,300,1
2020-06-07,San Mateo,081,765935,2613,2399,3,2402,73
2020-06-07,Santa Barbara,083,443738,2678,1818,13,1831,13
2020-06-07,Santa Clara,085,1922200,3690,2947,9,2956,146
2020-06-07,Santa Cruz,087,273765,257,230,0,230,2
2020-06-07,Shasta,089,179085,71,41,0,41,4
2020-06-07,Sierra,091,2930,1,1,0,1,0
2020-06-07,Siskiyou,093,43540,20,8,0,8,0
2020-06-07,Solano,095,438530,762,560,4,564,19
2020-06-07,Sonoma,097,501317,751,639,1,640,4
2020-06-07,Stanislaus,099,539301,1243,905,5,910,28
2020-06-07,Sutter,101,95872,70,55,0,55,2
2020-06-07,Tehama,103,63373,16,8,2,10,1
2020-06-07,Trinity,105,12862,7,2,2,4,0
2020-06-07,Tulare,107,460477,3095,2219,8,2227,90
2020-06-07,Tuolumne,109,53932,8,4,1,5,0
2020-06-07,Ventura,111,848112,1962,1337,8,1345,30
2020-06-07,Yolo,113,214977,258,224,0,224,24
2020-06-07,Yuba,115,75493,32,27,0,27,1
2020-06-06,Alameda,001,1643700,4323,3801,7,3808,102
2020-06-06,Alpine,003,1148,2,1,0,1,0
2020-06-06,Amador,005,37829,9,10,0,10,0
2020-06-06,Butte,007,227075,94,63,5,68,1
2020-06-06,Calaveras,009,45235,20,16,0,16,0
2020-06-06,Colusa,011,21464,9,7,0,7,0
2020-06-06,Contra Costa,013,1133247,1929,1619,0,1619,37
2020-06-06,Del Norte,015,27424,45,45,0,45,0
2020-06-06,El Dorado,017,186661,129,104,0,104,0
2020-06-06,Fresno,019,978130,3974,2117,51,2168,41
2020-06-06,Glenn,021,27897,27,16,0,16,0
2020-06-06,Humboldt,023,135768,115,112,0,112,2
2020-06-06,Imperial,025,180216,4954,3047,4,3051,19
2020-06-06,Inyo,027,18085,22,21,0,21,1
2020-06-06,Kern,029,883053,3539,2695,9,2704,46
2020-06-06,Kings,031,150075,1741,882,4,886,6
2020-06-06,Lake,033,64148,36,28,0,28,0
2020-06-06,Lassen,035,31185,12,4,2,6,0
2020-06-06,Los Angeles,037,10098052,70749,62269,20,62289,2607
2020-06-06,Madera,039,155013,357,149,1,150,3
2020-06-06,Marin,041,260295,656,556,2,558,17
2020-06-06,Mariposa,043,17540,16,16,0,16,1
2020-06-06,Mendocino,045,87422,34,32,0,32,0
2020-06-06,Merced,047,269075,494,315,1,316,7
2020-06-06,Modoc,049,8938,1,0,0,0,0
2020-06-06,Mono,051,14174,39,35,0,35,1
2020-06-06,Monterey,053,433212,939,679,6,685,10
2020-06-06,Napa,055,140530,169,136,0,136,3
2020-06-06,Nevada,057,99092,54,50,1,51,1
2020-06-06,Orange,059,3164182,10759,7576,75,7651,157
2020-06-06,Placer,061,380077,383,270,2,272,9
2020-06-06,Plumas,063,18699,5,4,0,4,0
2020-06-06,Riverside,065,2383286,11651,8935,16,8951,345
2020-06-06,Sacramento,067,1510023,1708,1533,2,1535,59
2020-06-06,San Benito,069,59416,117,92,0,92,2
2020-06-06,San Bernardino,071,2135413,7803,5946,7,5953,214
2020-06-06,San Diego,073,3302833,9583,8347,0,8347,296
2020-06-06,San Francisco,075,870044,2907,2674,0,2674,43
2020-06-06,San Joaquin,077,732212,1589,1076,4,1080,37
2020-06-06,San Luis Obispo,079,281455,394,295,4,299,1
2020-06-06,San Mateo,081,765935,2598,2342,3,2345,72
2020-06-06,Santa Barbara,083,443738,2634,1815,13,1828,13
2020-06-06,Santa Clara,085,1922200,3649,2934,9,2943,144
2020-06-06,Santa Cruz,087,273765,255,226,0,226,2
2020-06-06,Shasta,089,179085,71,40,0,40,4
2020-06-06,Sierra,091,2930,1,1,0,1,0
2020-06-06,Siskiyou,093,43540,18,8,0,8,0
2020-06-06,Solano,095,438530,747,560,4,564,19
2020-06-06,Sonoma,097,501317,739,622,1,623,4
2020-06-06,Stanislaus,099,539301,1209,858,5,863,27
2020-06-06,Sutter,101,95872,70,51,0,51,2
2020-06-06,Tehama,103,63373,15,8,2,10,1
2020-06-06,Trinity,105,12862,7,2,1,3,0
2020-06-06,Tulare,107,460477,3062,2213,8,2221,90
2020-06-06,Tuolumne,109,53932,8,4,1,5,0
2020-06-06,Ventura,111,848112,1938,1303,8,1311,30
2020-06-06,Yolo,113,214977,256,223,0,223,24
2020-06-06,Yuba,115,75493,32,27,0,27,1
2020-06-05,Alameda,001,1643700,4272,3734,7,3741,102
2020-06-05,Alpine,003,1148,2,1,0,1,0
2020-06-05,Amador,005,37829,9,10,0,10,0
2020-06-05,Butte,007,227075,91,61,5,66,1
2020-06-05,Calaveras,009,45235,19,16,0,16,0
2020-06-05,Colusa,011,21464,9,7,0,7,0
2020-06-05,Contra Costa,013,1133247,1914,1575,0,1575,37
2020-06-05,Del Norte,015,27424,45,45,0,45,0
2020-06-05,El Dorado,017,186661,128,101,0,101,0
2020-06-05,Fresno,019,978130,3910,2051,50,2101,38
2020-06-05,Glenn,021,27897,25,16,0,16,0
2020-06-05,Humboldt,023,135768,114,111,0,111,2
2020-06-05,Imperial,025,180216,4848,2778,4,2782,19
2020-06-05,Inyo,027,18085,22,21,0,21,1
2020-06-05,Kern,029,883053,3450,2624,9,2633,46
2020-06-05,Kings,031,150075,1726,865,4,869,6
2020-06-05,Lake,033,64148,35,28,0,28,0
2020-06-05,Lassen,035,31185,11,4,2,6,0
2020-06-05,Los Angeles,037,10098052,69602,60955,20,60975,2553
2020-06-05,Madera,039,155013,335,144,1,145,3
2020-06-05,Marin,041,260295,647,546,2,548,17
2020-06-05,Mariposa,043,17540,16,16,0,16,1
2020-06-05,Mendocino,045,87422,34,32,0,32,0
2020-06-05,Merced,047,269075,492,309,1,310,7
2020-06-05,Modoc,049,8938,1,0,0,0,0
2020-06-05,Mono,051,14174,39,35,0,35,1
2020-06-05,Monterey,053,433212,907,649,6,655,10
2020-06-05,Napa,055,140530,166,123,0,123,3
2020-06-05,Nevada,057,99092,54,50,1,51,1
2020-06-05,Orange,059,3164182,10562,7391,73,7464,153
2020-06-05,Placer,061,380077,373,265,2,267,9
2020-06-05,Plumas,063,18699,5,4,0,4,0
2020-06-05,Riverside,065,2383286,11392,8700,16,8716,345
2020-06-05,Sacramento,067,1510023,1686,1514,2,1516,59
2020-06-05,San Benito,069,59416,115,92,0,92,2
2020-06-05,San Bernardino,071,2135413,7621,5869,6,5875,212
2020-06-05,San Diego,073,3302833,9468,8182,0,8182,294
2020-06-05,San Francisco,075,870044,2889,2675,0,2675,43
2020-06-05,San Joaquin,077,732212,1510,1046,4,1050,36
2020-06-05,San Luis Obispo,079,281455,387,293,4,297,1
2020-06-05,San Mateo,081,765935,2573,2331,3,2334,72
2020-06-05,Santa Barbara,083,443738,2594,1795,13,1808,13
2020-06-05,Santa Clara,085,1922200,3617,2902,9,2911,144
2020-06-05,Santa Cruz,087,273765,252,222,0,222,2
2020-06-05,Shasta,089,179085,70,40,0,40,4
2020-06-05,Sierra,091,2930,1,1,0,1,0
2020-06-05,Siskiyou,093,43540,16,8,0,8,0
2020-06-05,Solano,095,438530,740,558,4,562,19
2020-06-05,Sonoma,097,501317,718,618,1,619,4
2020-06-05,Stanislaus,099,539301,1176,842,5,847,27
2020-06-05,Sutter,101,95872,70,49,0,49,2
2020-06-05,Tehama,103,63373,15,7,2,9,1
2020-06-05,Trinity,105,12862,7,1,1,2,0
2020-06-05,Tulare,107,460477,3013,2180,8,2188,90
2020-06-05,Tuolumne,109,53932,8,4,1,5,0
2020-06-05,Ventura,111,848112,1905,1274,8,1282,30
2020-06-05,Yolo,113,214977,255,216,0,216,24
2020-06-05,Yuba,115,75493,32,27,0,27,1
2020-06-04,Alameda,001,1643700,4173,3643,7,3650,99
2020-06-04,Alpine,003,1148,2,1,0,1,0
2020-06-04,Amador,005,37829,9,10,0,10,0
2020-06-04,Butte,007,227075,87,57,4,61,1
2020-06-04,Calaveras,009,45235,19,15,0,15,0
2020-06-04,Colusa,011,21464,9,7,0,7,0
2020-06-04,Contra Costa,013,1133247,1856,1551,0,1551,37
2020-06-04,Del Norte,015,27424,45,45,0,45,0
2020-06-04,El Dorado,017,186661,126,101,0,101,0
2020-06-04,Fresno,019,978130,3804,2007,49,2056,35
2020-06-04,Glenn,021,27897,22,16,0,16,0
2020-06-04,Humboldt,023,135768,114,109,0,109,2
2020-06-04,Imperial,025,180216,4665,2631,4,2635,19
2020-06-04,Inyo,027,18085,22,20,0,20,1
2020-06-04,Kern,029,883053,3334,2530,9,2539,46
2020-06-04,Kings,031,150075,1656,842,4,846,6
2020-06-04,Lake,033,64148,34,27,0,27,0
2020-06-04,Lassen,035,31185,9,4,2,6,0
2020-06-04,Los Angeles,037,10098052,68133,59596,20,59616,2515
2020-06-04,Madera,039,155013,327,127,1,128,3
2020-06-04,Marin,041,260295,625,533,2,535,14
2020-06-04,Mariposa,043,17540,16,16,0,16,1
2020-06-04,Mendocino,045,87422,34,29,0,29,0
2020-06-04,Merced,047,269075,472,304,1,305,7
2020-06-04,Modoc,049,8938,1,0,0,0,0
2020-06-04,Mono,051,14174,39,35,0,35,1
2020-06-04,Monterey,053,433212,872,621,5,626,10
2020-06-04,Napa,055,140530,162,117,0,117,3
2020-06-04,Nevada,057,99092,53,49,1,50,1
2020-06-04,Orange,059,3164182,10307,7192,72,7264,148
2020-06-04,Placer,061,380077,357,256,2,258,9
2020-06-04,Plumas,063,18699,4,4,0,4,0
2020-06-04,Riverside,065,2383286,11114,8473,16,8489,341
2020-06-04,Sacramento,067,1510023,1658,1492,2,1494,58
2020-06-04,San Benito,069,59416,113,88,0,88,2
2020-06-04,San Bernardino,071,2135413,7353,5726,6,5732,207
2020-06-04,San Diego,073,3302833,9305,7942,0,7942,288
2020-06-04,San Francisco,075,870044,2856,2636,0,2636,43
2020-06-04,San Joaquin,077,732212,1448,1016,4,1020,36
2020-06-04,San Luis Obispo,079,281455,378,288,4,292,1
2020-06-04,San Mateo,081,765935,2547,2284,3,2287,72
2020-06-04,Santa Barbara,083,443738,2542,1750,12,1762,13
2020-06-04,Santa Clara,085,1922200,3583,2871,9,2880,144
2020-06-04,Santa Cruz,087,273765,246,218,0,218,2
2020-06-04,Shasta,089,179085,64,40,0,40,4
2020-06-04,Sierra,091,2930,1,1,0,1,0
2020-06-04,Siskiyou,093,43540,15,8,0,8,0
2020-06-04,Solano,095,438530,723,551,4,555,19
2020-06-04,Sonoma,097,501317,699,591,1,592,4
2020-06-04,Stanislaus,099,539301,1100,806,5,811,28
2020-06-04,Sutter,101,95872,65,46,0,46,2
2020-06-04,Tehama,103,63373,14,6,1,7,1
2020-06-04,Trinity,105,12862,7,1,1,2,0
2020-06-04,Tulare,107,460477,2897,2086,8,2094,90
2020-06-04,Tuolumne,109,53932,7,4,1,5,0
2020-06-04,Ventura,111,848112,1861,1236,7,1243,30
2020-06-04,Yolo,113,214977,250,216,0,216,24
2020-06-04,Yuba,115,75493,31,27,0,27,1
2020-06-03,Alameda,001,1643700,4114,3589,6,3595,99
2020-06-03,Alpine,003,1148,2,1,0,1,0
2020-06-03,Amador,005,37829,9,10,0,10,0
2020-06-03,Butte,007,227075,85,53,4,57,1
2020-06-03,Calaveras,009,45235,18,15,0,15,0
2020-06-03,Colusa,011,21464,9,7,0,7,0
2020-06-03,Contra Costa,013,1133247,1808,1511,0,1511,37
2020-06-03,Del Norte,015,27424,45,39,0,39,0
2020-06-03,El Dorado,017,186661,123,90,0,90,0
2020-06-03,Fresno,019,978130,3705,1943,49,1992,35
2020-06-03,Glenn,021,27897,22,16,0,16,0
2020-06-03,Humboldt,023,135768,114,103,0,103,2
2020-06-03,Imperial,025,180216,4493,2540,4,2544,19
2020-06-03,Inyo,027,18085,22,20,0,20,1
2020-06-03,Kern,029,883053,3238,2452,8,2460,44
2020-06-03,Kings,031,150075,1591,744,4,748,6
2020-06-03,Lake,033,64148,32,26,0,26,0
2020-06-03,Lassen,035,31185,9,4,2,6,0
2020-06-03,Los Angeles,037,10098052,66527,58166,20,58186,2472
2020-06-03,Madera,039,155013,319,117,1,118,3
2020-06-03,Marin,041,260295,607,527,2,529,14
2020-06-03,Mariposa,043,17540,16,16,0,16,1
2020-06-03,Mendocino,045,87422,33,29,0,29,0
2020-06-03,Merced,047,269075,458,299,1,300,7
2020-06-03,Modoc,049,8938,1,0,0,0,0
2020-06-03,Mono,051,14174,39,35,0,35,1
2020-06-03,Monterey,053,433212,844,592,5,597,10
2020-06-03,Napa,055,140530,161,116,0,116,3
2020-06-03,Nevada,057,99092,52,43,1,44,1
2020-06-03,Orange,059,3164182,10078,6939,70,7009,145
2020-06-03,Placer,061,380077,337,243,2,245,9
2020-06-03,Plumas,063,18699,4,4,0,4,0
2020-06-03,Riverside,065,2383286,10839,8208,16,8224,335
2020-06-03,Sacramento,067,1510023,1628,1457,2,1459,58
2020-06-03,San Benito,069,59416,107,88,0,88,2
2020-06-03,San Bernardino,071,2135413,7130,5565,6,5571,203
2020-06-03,San Diego,073,3302833,9157,7800,0,7800,283
2020-06-03,San Francisco,075,870044,2825,2608,0,2608,43
2020-06-03,San Joaquin,077,732212,1384,1004,4,1008,35
2020-06-03,San Luis Obispo,079,281455,373,279,4,283,1
2020-06-03,San Mateo,081,765935,2519,2243,3,2246,71
2020-06-03,Santa Barbara,083,443738,2493,1722,11,1733,12
2020-06-03,Santa Clara,085,1922200,3543,2836,9,2845,144
2020-06-03,Santa Cruz,087,273765,240,217,0,217,2
2020-06-03,Shasta,089,179085,61,40,0,40,4
2020-06-03,Sierra,091,2930,1,1,0,1,0
2020-06-03,Siskiyou,093,43540,14,8,0,8,0
2020-06-03,Solano,095,438530,698,543,2,545,18
2020-06-03,Sonoma,097,501317,687,578,1,579,4
2020-06-03,Stanislaus,099,539301,1060,780,5,785,27
2020-06-03,Sutter,101,95872,57,45,0,45,2
2020-06-03,Tehama,103,63373,14,6,1,7,1
2020-06-03,Trinity,105,12862,7,1,1,2,0
2020-06-03,Tulare,107,460477,2828,2041,8,2049,88
2020-06-03,Tuolumne,109,53932,5,4,1,5,0
2020-06-03,Ventura,111,848112,1794,1202,7,1209,30
2020-06-03,Yolo,113,214977,246,213,0,213,24
2020-06-03,Yuba,115,75493,31,27,0,27,1
2020-06-02,Alameda,001,1643700,4038,3517,6,3523,99
2020-06-02,Alpine,003,1148,2,1,0,1,0
2020-06-02,Amador,005,37829,9,10,0,10,0
2020-06-02,Butte,007,227075,81,51,3,54,1
2020-06-02,Calaveras,009,45235,18,15,0,15,0
2020-06-02,Colusa,011,21464,9,7,0,7,0
2020-06-02,Contra Costa,013,1133247,1776,1505,0,1505,37
2020-06-02,Del Norte,015,27424,45,39,0,39,0
2020-06-02,El Dorado,017,186661,122,88,0,88,0
2020-06-02,Fresno,019,978130,3593,1917,49,1966,34
2020-06-02,Glenn,021,27897,21,16,0,16,0
2020-06-02,Humboldt,023,135768,114,101,0,101,2
2020-06-02,Imperial,025,180216,4300,2459,4,2463,19
2020-06-02,Inyo,027,18085,20,20,0,20,1
2020-06-02,Kern,029,883053,3139,2406,6,2412,41
2020-06-02,Kings,031,150075,1563,720,4,724,5
2020-06-02,Lake,033,64148,32,25,0,25,0
2020-06-02,Lassen,035,31185,8,4,2,6,0
2020-06-02,Los Angeles,037,10098052,65124,57144,20,57164,2430
2020-06-02,Madera,039,155013,298,110,1,111,2
2020-06-02,Marin,041,260295,580,509,2,511,14
2020-06-02,Mariposa,043,17540,16,16,0,16,1
2020-06-02,Mendocino,045,87422,33,29,0,29,0
2020-06-02,Merced,047,269075,442,297,1,298,6
2020-06-02,Modoc,049,8938,1,0,0,0,0
2020-06-02,Mono,051,14174,39,35,0,35,1
2020-06-02,Monterey,053,433212,814,582,5,587,10
2020-06-02,Napa,055,140530,152,116,0,116,3
2020-06-02,Nevada,057,99092,51,41,1,42,1
2020-06-02,Orange,059,3164182,9876,6790,69,6859,142
2020-06-02,Placer,061,380077,323,226,2,228,9
2020-06-02,Plumas,063,18699,4,4,0,4,0
2020-06-02,Riverside,065,2383286,10543,8091,15,8106,330
2020-06-02,Sacramento,067,1510023,1599,1428,2,1430,58
2020-06-02,San Benito,069,59416,106,86,0,86,2
2020-06-02,San Bernardino,071,2135413,6922,5438,6,5444,202
2020-06-02,San Diego,073,3302833,9011,7676,0,7676,276
2020-06-02,San Francisco,075,870044,2790,2554,0,2554,43
2020-06-02,San Joaquin,077,732212,1318,985,4,989,35
2020-06-02,San Luis Obispo,079,281455,368,275,4,279,1
2020-06-02,San Mateo,081,765935,2484,2203,3,2206,71
2020-06-02,Santa Barbara,083,443738,2442,1703,11,1714,12
2020-06-02,Santa Clara,085,1922200,3493,2819,9,2828,144
2020-06-02,Santa Cruz,087,273765,235,215,0,215,2
2020-06-02,Shasta,089,179085,60,38,0,38,4
2020-06-02,Sierra,091,2930,1,1,0,1,0
2020-06-02,Siskiyou,093,43540,13,8,0,8,0
2020-06-02,Solano,095,438530,683,537,1,538,18
2020-06-02,Sonoma,097,501317,676,571,1,572,4
2020-06-02,Stanislaus,099,539301,1001,772,5,777,27
2020-06-02,Sutter,101,95872,54,43,0,43,2
2020-06-02,Tehama,103,63373,14,6,1,7,1
2020-06-02,Trinity,105,12862,7,1,1,2,0
2020-06-02,Tulare,107,460477,2748,2012,8,2020,86
2020-06-02,Tuolumne,109,53932,5,4,1,5,0
2020-06-02,Ventura,111,848112,1741,1178,7,1185,30
2020-06-02,Yolo,113,214977,244,213,0,213,24
2020-06-02,Yuba,115,75493,31,27,0,27,1
2020-06-01,Alameda,001,1643700,3973,3460,6,3466,98
2020-06-01,Alpine,003,1148,2,1,0,1,0
2020-06-01,Amador,005,37829,9,10,0,10,0
2020-06-01,Butte,007,227075,80,50,2,52,1
2020-06-01,Calaveras,009,45235,18,15,0,15,0
2020-06-01,Colusa,011,21464,9,7,0,7,0
2020-06-01,Contra Costa,013,1133247,1740,1486,0,1486,37
2020-06-01,Del Norte,015,27424,45,38,0,38,0
2020-06-01,El Dorado,017,186661,120,88,0,88,0
2020-06-01,Fresno,019,978130,3498,1854,47,1901,33
2020-06-01,Glenn,021,27897,21,16,0,16,0
2020-06-01,Humboldt,023,135768,114,98,0,98,2
2020-06-01,Imperial,025,180216,4078,2366,4,2370,14
2020-06-01,Inyo,027,18085,20,20,0,20,1
2020-06-01,Kern,029,883053,3056,2366,6,2372,38
2020-06-01,Kings,031,150075,1295,703,4,707,4
2020-06-01,Lake,033,64148,32,22,0,22,0
2020-06-01,Lassen,035,31185,8,4,2,6,0
2020-06-01,Los Angeles,037,10098052,63658,55899,20,55919,2367
2020-06-01,Madera,039,155013,286,103,1,104,2
2020-06-01,Marin,041,260295,539,495,2,497,14
2020-06-01,Mariposa,043,17540,16,16,0,16,1
2020-06-01,Mendocino,045,87422,33,28,0,28,0
2020-06-01,Merced,047,269075,423,289,1,290,6
2020-06-01,Modoc,049,8938,1,0,0,0,0
2020-06-01,Mono,051,14174,39,35,0,35,1
2020-06-01,Monterey,053,433212,789,554,5,559,10
2020-06-01,Napa,055,140530,149,114,0,114,3
2020-06-01,Nevada,057,99092,51,41,1,42,1
2020-06-01,Orange,059,3164182,9679,6640,68,6708,135
2020-06-01,Placer,061,380077,311,218,2,220,9
2020-06-01,Plumas,063,18699,4,4,0,4,0
2020-06-01,Riverside,065,2383286,10091,7921,14,7935,322
2020-06-01,Sacramento,067,1510023,1560,1415,2,1417,58
2020-06-01,San Benito,069,59416,103,86,0,86,2
2020-06-01,San Bernardino,071,2135413,6716,5310,6,5316,202
2020-06-01,San Diego,073,3302833,8831,7556,0,7556,269
2020-06-01,San Francisco,075,870044,2753,2546,0,2546,43
2020-06-01,San Joaquin,077,732212,1253,957,4,961,35
2020-06-01,San Luis Obispo,079,281455,364,275,4,279,1
2020-06-01,San Mateo,081,765935,2454,2190,3,2193,71
2020-06-01,Santa Barbara,083,443738,2393,1671,10,1681,10
2020-06-01,Santa Clara,085,1922200,3455,2797,8,2805,142
2020-06-01,Santa Cruz,087,273765,231,215,0,215,2
2020-06-01,Shasta,089,179085,60,38,0,38,4
2020-06-01,Sierra,091,2930,1,1,0,1,0
2020-06-01,Siskiyou,093,43540,13,7,0,7,0
2020-06-01,Solano,095,438530,659,529,1,530,17
2020-06-01,Sonoma,097,501317,660,565,1,566,4
2020-06-01,Stanislaus,099,539301,964,758,5,763,27
2020-06-01,Sutter,101,95872,49,43,0,43,2
2020-06-01,Tehama,103,63373,11,5,1,6,1
2020-06-01,Trinity,105,12862,6,1,1,2,0
2020-06-01,Tulare,107,460477,2633,1976,8,1984,84
2020-06-01,Tuolumne,109,53932,4,4,1,5,0
2020-06-01,Ventura,111,848112,1690,1163,7,1170,29
2020-06-01,Yolo,113,214977,241,212,0,212,24
2020-06-01,Yuba,115,75493,30,26,0,26,1
2020-05-31,Alameda,001,1643700,3867,3362,6,3368,98
2020-05-31,Alpine,003,1148,2,1,0,1,0
2020-05-31,Amador,005,37829,9,10,0,10,0
2020-05-31,Butte,007,227075,78,51,2,53,0
2020-05-31,Calaveras,009,45235,15,15,0,15,0
2020-05-31,Colusa,011,21464,9,5,0,5,0
2020-05-31,Contra Costa,013,1133247,1706,1458,0,1458,37
2020-05-31,Del Norte,015,27424,45,37,0,37,0
2020-05-31,El Dorado,017,186661,116,88,0,88,0
2020-05-31,Fresno,019,978130,3335,1780,43,1823,31
2020-05-31,Glenn,021,27897,20,16,0,16,0
2020-05-31,Humboldt,023,135768,112,98,0,98,2
2020-05-31,Imperial,025,180216,3811,2197,4,2201,14
2020-05-31,Inyo,027,18085,20,20,0,20,1
2020-05-31,Kern,029,883053,2921,2300,6,2306,38
2020-05-31,Kings,031,150075,1258,703,4,707,3
2020-05-31,Lake,033,64148,32,19,0,19,0
2020-05-31,Lassen,035,31185,8,4,2,6,0
2020-05-31,Los Angeles,037,10098052,62368,54925,20,54945,2344
2020-05-31,Madera,039,155013,268,101,1,102,2
2020-05-31,Marin,041,260295,529,486,2,488,14
2020-05-31,Mariposa,043,17540,16,16,0,16,1
2020-05-31,Mendocino,045,87422,33,24,0,24,0
2020-05-31,Merced,047,269075,396,288,0,288,6
2020-05-31,Modoc,049,8938,0,0,0,0,0
2020-05-31,Mono,051,14174,39,34,0,34,1
2020-05-31,Monterey,053,433212,716,545,5,550,10
2020-05-31,Napa,055,140530,147,114,0,114,3
2020-05-31,Nevada,057,99092,50,41,1,42,1
2020-05-31,Orange,059,3164182,9467,6532,67,6599,135
2020-05-31,Placer,061,380077,289,215,2,217,9
2020-05-31,Plumas,063,18699,4,4,0,4,0
2020-05-31,Riverside,065,2383286,9835,7704,14,7718,321
2020-05-31,Sacramento,067,1510023,1529,1398,2,1400,57
2020-05-31,San Benito,069,59416,97,85,0,85,2
2020-05-31,San Bernardino,071,2135413,6448,5185,5,5190,198
2020-05-31,San Diego,073,3302833,8637,7483,0,7483,269
2020-05-31,San Francisco,075,870044,2717,2501,0,2501,43
2020-05-31,San Joaquin,077,732212,1188,888,4,892,34
2020-05-31,San Luis Obispo,079,281455,354,271,4,275,1
2020-05-31,San Mateo,081,765935,2408,2169,3,2172,71
2020-05-31,Santa Barbara,083,443738,2326,1662,9,1671,9
2020-05-31,Santa Clara,085,1922200,3411,2785,8,2793,142
2020-05-31,Santa Cruz,087,273765,228,210,0,210,2
2020-05-31,Shasta,089,179085,58,38,0,38,4
2020-05-31,Sierra,091,2930,1,1,0,1,0
2020-05-31,Siskiyou,093,43540,12,7,0,7,0
2020-05-31,Solano,095,438530,633,512,1,513,6
2020-05-31,Sonoma,097,501317,640,555,1,556,4
2020-05-31,Stanislaus,099,539301,910,738,5,743,27
2020-05-31,Sutter,101,95872,47,42,0,42,2
2020-05-31,Tehama,103,63373,10,4,1,5,1
2020-05-31,Trinity,105,12862,6,1,1,2,0
2020-05-31,Tulare,107,460477,2560,1884,8,1892,82
2020-05-31,Tuolumne,109,53932,4,4,1,5,0
2020-05-31,Ventura,111,848112,1629,1151,7,1158,30
2020-05-31,Yolo,113,214977,235,211,0,211,24
2020-05-31,Yuba,115,75493,30,26,0,26,1
2020-05-30,Alameda,001,1643700,3841,3304,6,3310,96
2020-05-30,Alpine,003,1148,2,1,0,1,0
2020-05-30,Amador,005,37829,9,10,0,10,0
2020-05-30,Butte,007,227075,77,44,2,46,0
2020-05-30,Calaveras,009,45235,14,15,0,15,0
2020-05-30,Colusa,011,21464,8,5,0,5,0
2020-05-30,Contra Costa,013,1133247,1691,1429,0,1429,37
2020-05-30,Del Norte,015,27424,45,37,0,37,0
2020-05-30,El Dorado,017,186661,115,86,0,86,0
2020-05-30,Fresno,019,978130,3274,1744,42,1786,31
2020-05-30,Glenn,021,27897,19,16,0,16,0
2020-05-30,Humboldt,023,135768,111,98,0,98,2
2020-05-30,Imperial,025,180216,3721,2091,4,2095,14
2020-05-30,Inyo,027,18085,20,20,0,20,1
2020-05-30,Kern,029,883053,2852,2217,6,2223,38
2020-05-30,Kings,031,150075,1244,703,4,707,3
2020-05-30,Lake,033,64148,31,18,0,18,0
2020-05-30,Lassen,035,31185,8,4,2,6,0
2020-05-30,Los Angeles,037,10098052,61832,53627,20,53647,2319
2020-05-30,Madera,039,155013,263,101,1,102,2
2020-05-30,Marin,041,260295,529,462,2,464,14
2020-05-30,Mariposa,043,17540,16,16,0,16,1
2020-05-30,Mendocino,045,87422,33,24,0,24,0
2020-05-30,Merced,047,269075,395,285,0,285,6
2020-05-30,Modoc,049,8938,0,0,0,0,0
2020-05-30,Mono,051,14174,39,34,0,34,1
2020-05-30,Monterey,053,433212,700,520,5,525,10
2020-05-30,Napa,055,140530,145,113,0,113,3
2020-05-30,Nevada,057,99092,50,41,1,42,1
2020-05-30,Orange,059,3164182,9309,6354,67,6421,134
2020-05-30,Placer,061,380077,281,199,1,200,9
2020-05-30,Plumas,063,18699,4,4,0,4,0
2020-05-30,Riverside,065,2383286,9691,7492,14,7506,316
2020-05-30,Sacramento,067,1510023,1518,1384,2,1386,57
2020-05-30,San Benito,069,59416,96,85,0,85,2
2020-05-30,San Bernardino,071,2135413,6339,5122,5,5127,198
2020-05-30,San Diego,073,3302833,8544,7387,0,7387,269
2020-05-30,San Francisco,075,870044,2692,2496,0,2496,41
2020-05-30,San Joaquin,077,732212,1150,888,4,892,34
2020-05-30,San Luis Obispo,079,281455,349,270,4,274,1
2020-05-30,San Mateo,081,765935,2384,2129,3,2132,71
2020-05-30,Santa Barbara,083,443738,2293,1660,9,1669,9
2020-05-30,Santa Clara,085,1922200,3395,2741,8,2749,141
2020-05-30,Santa Cruz,087,273765,228,206,0,206,2
2020-05-30,Shasta,089,179085,58,36,0,36,4
2020-05-30,Sierra,091,2930,1,1,0,1,0
2020-05-30,Siskiyou,093,43540,11,7,0,7,0
2020-05-30,Solano,095,438530,626,512,1,513,6
2020-05-30,Sonoma,097,501317,630,551,1,552,4
2020-05-30,Stanislaus,099,539301,893,712,5,717,27
2020-05-30,Sutter,101,95872,46,40,0,40,2
2020-05-30,Tehama,103,63373,10,4,1,5,1
2020-05-30,Trinity,105,12862,6,1,1,2,0
2020-05-30,Tulare,107,460477,2523,1879,8,1887,81
2020-05-30,Tuolumne,109,53932,4,4,1,5,0
2020-05-30,Ventura,111,848112,1612,1116,7,1123,30
2020-05-30,Yolo,113,214977,231,210,0,210,24
2020-05-30,Yuba,115,75493,30,25,0,25,1
2020-05-29,Alameda,001,1643700,3806,3209,6,3215,96
2020-05-29,Alpine,003,1148,2,1,0,1,0
2020-05-29,Amador,005,37829,9,10,0,10,0
2020-05-29,Butte,007,227075,72,41,2,43,0
2020-05-29,Calaveras,009,45235,14,15,0,15,0
2020-05-29,Colusa,011,21464,8,5,0,5,0
2020-05-29,Contra Costa,013,1133247,1675,1411,0,1411,37
2020-05-29,Del Norte,015,27424,45,37,0,37,0
2020-05-29,El Dorado,017,186661,114,85,0,85,0
2020-05-29,Fresno,019,978130,3224,1687,42,1729,31
2020-05-29,Glenn,021,27897,19,14,0,14,0
2020-05-29,Humboldt,023,135768,110,98,0,98,2
2020-05-29,Imperial,025,180216,3603,1607,4,1611,14
2020-05-29,Inyo,027,18085,20,20,0,20,1
2020-05-29,Kern,029,883053,2794,2128,6,2134,36
2020-05-29,Kings,031,150075,1233,693,4,697,3
2020-05-29,Lake,033,64148,30,17,0,17,0
2020-05-29,Lassen,035,31185,8,0,2,2,0
2020-05-29,Los Angeles,037,10098052,60877,51578,20,51598,2273
2020-05-29,Madera,039,155013,248,98,1,99,2
2020-05-29,Marin,041,260295,521,448,2,450,14
2020-05-29,Mariposa,043,17540,16,16,0,16,1
2020-05-29,Mendocino,045,87422,31,25,0,25,0
2020-05-29,Merced,047,269075,390,285,0,285,7
2020-05-29,Modoc,049,8938,0,0,0,0,0
2020-05-29,Mono,051,14174,38,34,0,34,1
2020-05-29,Monterey,053,433212,670,479,4,483,10
2020-05-29,Napa,055,140530,142,113,0,113,3
2020-05-29,Nevada,057,99092,50,41,1,42,1
2020-05-29,Orange,059,3164182,9110,6176,65,6241,133
2020-05-29,Placer,061,380077,259,199,1,200,9
2020-05-29,Plumas,063,18699,4,4,0,4,0
2020-05-29,Riverside,065,2383286,9505,7376,14,7390,313
2020-05-29,Sacramento,067,1510023,1495,1360,2,1362,57
2020-05-29,San Benito,069,59416,96,84,0,84,2
2020-05-29,San Bernardino,071,2135413,6231,4983,5,4988,196
2020-05-29,San Diego,073,3302833,8421,7242,0,7242,266
2020-05-29,San Francisco,075,870044,2668,2453,0,2453,41
2020-05-29,San Joaquin,077,732212,1113,855,4,859,34
2020-05-29,San Luis Obispo,079,281455,345,270,4,274,1
2020-05-29,San Mateo,081,765935,2368,2103,3,2106,71
2020-05-29,Santa Barbara,083,443738,2255,1656,9,1665,9
2020-05-29,Santa Clara,085,1922200,3367,2707,8,2715,141
2020-05-29,Santa Cruz,087,273765,225,203,0,203,2
2020-05-29,Shasta,089,179085,58,36,0,36,4
2020-05-29,Sierra,091,2930,1,1,0,1,0
2020-05-29,Siskiyou,093,43540,11,7,0,7,0
2020-05-29,Solano,095,438530,618,498,1,499,6
2020-05-29,Sonoma,097,501317,619,537,1,538,4
2020-05-29,Stanislaus,099,539301,863,698,5,703,27
2020-05-29,Sutter,101,95872,44,40,0,40,2
2020-05-29,Tehama,103,63373,9,4,1,5,1
2020-05-29,Trinity,105,12862,6,1,1,2,0
2020-05-29,Tulare,107,460477,2485,1852,8,1860,80
2020-05-29,Tuolumne,109,53932,4,4,1,5,0
2020-05-29,Ventura,111,848112,1588,1093,7,1100,29
2020-05-29,Yolo,113,214977,227,211,0,211,24
2020-05-29,Yuba,115,75493,29,25,0,25,1
2020-05-28,Alameda,001,1643700,3706,3083,6,3089,94
2020-05-28,Alpine,003,1148,2,1,0,1,0
2020-05-28,Amador,005,37829,9,10,0,10,0
2020-05-28,Butte,007,227075,71,40,2,42,0
2020-05-28,Calaveras,009,45235,13,15,0,15,0
2020-05-28,Colusa,011,21464,8,5,0,5,0
2020-05-28,Contra Costa,013,1133247,1636,1392,0,1392,37
2020-05-28,Del Norte,015,27424,45,37,0,37,0
2020-05-28,El Dorado,017,186661,111,82,0,82,0
2020-05-28,Fresno,019,978130,3143,1653,41,1694,31
2020-05-28,Glenn,021,27897,18,14,0,14,0
2020-05-28,Humboldt,023,135768,109,97,0,97,2
2020-05-28,Imperial,025,180216,3408,1430,4,1434,14
2020-05-28,Inyo,027,18085,20,20,0,20,1
2020-05-28,Kern,029,883053,2716,2069,6,2075,36
2020-05-28,Kings,031,150075,896,626,4,630,3
2020-05-28,Lake,033,64148,29,17,0,17,0
2020-05-28,Lassen,035,31185,8,0,2,2,0
2020-05-28,Los Angeles,037,10098052,59298,49861,20,49881,2222
2020-05-28,Madera,039,155013,230,93,1,94,2
2020-05-28,Marin,041,260295,496,443,2,445,14
2020-05-28,Mariposa,043,17540,16,16,0,16,1
2020-05-28,Mendocino,045,87422,29,24,0,24,0
2020-05-28,Merced,047,269075,381,283,0,283,7
2020-05-28,Modoc,049,8938,0,0,0,0,0
2020-05-28,Mono,051,14174,38,34,0,34,1
2020-05-28,Monterey,053,433212,638,471,4,475,10
2020-05-28,Napa,055,140530,139,113,0,113,3
2020-05-28,Nevada,057,99092,45,41,1,42,1
2020-05-28,Orange,059,3164182,8911,6045,65,6110,130
2020-05-28,Placer,061,380077,252,196,1,197,9
2020-05-28,Plumas,063,18699,4,4,0,4,0
2020-05-28,Riverside,065,2383286,9103,7240,13,7253,304
2020-05-28,Sacramento,067,1510023,1475,1339,2,1341,57
2020-05-28,San Benito,069,59416,95,82,0,82,2
2020-05-28,San Bernardino,071,2135413,6066,4831,5,4836,191
2020-05-28,San Diego,073,3302833,8264,7102,0,7102,260
2020-05-28,San Francisco,075,870044,2634,2417,0,2417,40
2020-05-28,San Joaquin,077,732212,1078,840,4,844,34
2020-05-28,San Luis Obispo,079,281455,342,267,4,271,1
2020-05-28,San Mateo,081,765935,2341,2070,3,2073,71
2020-05-28,Santa Barbara,083,443738,2194,1642,8,1650,9
2020-05-28,Santa Clara,085,1922200,3327,2698,8,2706,140
2020-05-28,Santa Cruz,087,273765,224,201,0,201,2
2020-05-28,Shasta,089,179085,56,36,0,36,4
2020-05-28,Sierra,091,2930,1,1,0,1,0
2020-05-28,Siskiyou,093,43540,9,6,0,6,0
2020-05-28,Solano,095,438530,601,489,1,490,6
2020-05-28,Sonoma,097,501317,597,529,1,530,4
2020-05-28,Stanislaus,099,539301,822,684,5,689,27
2020-05-28,Sutter,101,95872,44,40,0,40,2
2020-05-28,Tehama,103,63373,9,4,1,5,1
2020-05-28,Trinity,105,12862,5,1,1,2,0
2020-05-28,Tulare,107,460477,2449,1832,8,1840,79
2020-05-28,Tuolumne,109,53932,4,4,1,5,0
2020-05-28,Ventura,111,848112,1556,1083,7,1090,29
2020-05-28,Yolo,113,214977,224,206,0,206,22
2020-05-28,Yuba,115,75493,28,24,0,24,1
2020-05-27,Alameda,001,1643700,3623,3037,6,3043,94
2020-05-27,Alpine,003,1148,2,1,0,1,0
2020-05-27,Amador,005,37829,9,10,0,10,0
2020-05-27,Butte,007,227075,68,40,1,41,0
2020-05-27,Calaveras,009,45235,12,15,0,15,0
2020-05-27,Colusa,011,21464,8,5,0,5,0
2020-05-27,Contra Costa,013,1133247,1596,1373,0,1373,37
2020-05-27,Del Norte,015,27424,45,34,0,34,0
2020-05-27,El Dorado,017,186661,110,82,0,82,0
2020-05-27,Fresno,019,978130,3055,1620,41,1661,27
2020-05-27,Glenn,021,27897,18,14,0,14,0
2020-05-27,Humboldt,023,135768,109,86,0,86,2
2020-05-27,Imperial,025,180216,3228,1369,4,1373,14
2020-05-27,Inyo,027,18085,20,20,0,20,1
2020-05-27,Kern,029,883053,2651,1999,6,2005,37
2020-05-27,Kings,031,150075,869,586,4,590,3
2020-05-27,Lake,033,64148,29,13,0,13,0
2020-05-27,Lassen,035,31185,8,0,2,2,0
2020-05-27,Los Angeles,037,10098052,57921,48711,20,48731,2177
2020-05-27,Madera,039,155013,221,91,1,92,2
2020-05-27,Marin,041,260295,467,439,2,441,14
2020-05-27,Mariposa,043,17540,16,16,0,16,1
2020-05-27,Mendocino,045,87422,28,21,0,21,0
2020-05-27,Merced,047,269075,377,278,0,278,7
2020-05-27,Modoc,049,8938,0,0,0,0,0
2020-05-27,Mono,051,14174,38,34,0,34,1
2020-05-27,Monterey,053,433212,598,443,4,447,8
2020-05-27,Napa,055,140530,134,112,0,112,3
2020-05-27,Nevada,057,99092,44,41,1,42,1
2020-05-27,Orange,059,3164182,8755,5849,65,5914,121
2020-05-27,Placer,061,380077,233,196,0,196,9
2020-05-27,Plumas,063,18699,4,4,0,4,0
2020-05-27,Riverside,065,2383286,8724,7156,13,7169,299
2020-05-27,Sacramento,067,1510023,1447,1318,2,1320,50
2020-05-27,San Benito,069,59416,92,74,0,74,2
2020-05-27,San Bernardino,071,2135413,5882,4708,5,4713,183
2020-05-27,San Diego,073,3302833,8114,6985,0,6985,255
2020-05-27,San Francisco,075,870044,2605,2394,0,2394,40
2020-05-27,San Joaquin,077,732212,1037,825,4,829,34
2020-05-27,San Luis Obispo,079,281455,337,266,4,270,1
2020-05-27,San Mateo,081,765935,2301,2045,3,2048,71
2020-05-27,Santa Barbara,083,443738,2168,1629,8,1637,9
2020-05-27,Santa Clara,085,1922200,3294,2680,8,2688,140
2020-05-27,Santa Cruz,087,273765,220,202,0,202,2
2020-05-27,Shasta,089,179085,53,36,0,36,4
2020-05-27,Sierra,091,2930,1,1,0,1,0
2020-05-27,Siskiyou,093,43540,9,6,0,6,0
2020-05-27,Solano,095,438530,581,477,1,478,5
2020-05-27,Sonoma,097,501317,583,521,1,522,4
2020-05-27,Stanislaus,099,539301,797,675,5,680,27
2020-05-27,Sutter,101,95872,43,40,0,40,2
2020-05-27,Tehama,103,63373,9,3,1,4,1
2020-05-27,Trinity,105,12862,5,1,1,2,0
2020-05-27,Tulare,107,460477,2397,1817,8,1825,77
2020-05-27,Tuolumne,109,53932,4,4,1,5,0
2020-05-27,Ventura,111,848112,1532,1065,7,1072,28
2020-05-27,Yolo,113,214977,223,204,0,204,22
2020-05-27,Yuba,115,75493,28,24,0,24,1
2020-05-26,Alameda,001,1643700,3528,2956,6,2962,92
2020-05-26,Alpine,003,1148,2,1,0,1,0
2020-05-26,Amador,005,37829,9,10,0,10,0
2020-05-26,Butte,007,227075,66,37,1,38,0
2020-05-26,Calaveras,009,45235,12,13,0,13,0
2020-05-26,Colusa,011,21464,8,4,0,4,0
2020-05-26,Contra Costa,013,1133247,1561,1352,0,1352,37
2020-05-26,Del Norte,015,27424,44,30,0,30,0
2020-05-26,El Dorado,017,186661,106,79,0,79,0
2020-05-26,Fresno,019,978130,2968,1496,41,1537,22
2020-05-26,Glenn,021,27897,16,12,0,12,0
2020-05-26,Humboldt,023,135768,107,81,0,81,2
2020-05-26,Imperial,025,180216,3012,1369,4,1373,14
2020-05-26,Inyo,027,18085,20,20,0,20,1
2020-05-26,Kern,029,883053,2573,1890,6,1896,31
2020-05-26,Kings,031,150075,801,449,3,452,2
2020-05-26,Lake,033,64148,27,12,0,12,0
2020-05-26,Lassen,035,31185,7,0,2,2,0
2020-05-26,Los Angeles,037,10098052,56454,47760,20,47780,2121
2020-05-26,Madera,039,155013,205,83,1,84,2
2020-05-26,Marin,041,260295,455,424,2,426,14
2020-05-26,Mariposa,043,17540,16,16,0,16,1
2020-05-26,Mendocino,045,87422,26,20,0,20,0
2020-05-26,Merced,047,269075,363,266,0,266,7
2020-05-26,Modoc,049,8938,0,1,0,1,0
2020-05-26,Mono,051,14174,37,34,0,34,1
2020-05-26,Monterey,053,433212,570,424,3,427,8
2020-05-26,Napa,055,140530,129,109,0,109,3
2020-05-26,Nevada,057,99092,43,41,1,42,1
2020-05-26,Orange,059,3164182,8484,5651,64,5715,115
2020-05-26,Placer,061,380077,228,188,0,188,9
2020-05-26,Plumas,063,18699,4,4,0,4,0
2020-05-26,Riverside,065,2383286,8277,6917,13,6930,284
2020-05-26,Sacramento,067,1510023,1421,1298,2,1300,50
2020-05-26,San Benito,069,59416,87,69,0,69,2
2020-05-26,San Bernardino,071,2135413,5714,4430,5,4435,175
2020-05-26,San Diego,073,3302833,7971,6884,0,6884,249
2020-05-26,San Francisco,075,870044,2572,2363,0,2363,40
2020-05-26,San Joaquin,077,732212,990,760,4,764,33
2020-05-26,San Luis Obispo,079,281455,335,260,4,264,1
2020-05-26,San Mateo,081,765935,2263,1967,2,1969,71
2020-05-26,Santa Barbara,083,443738,2137,1590,8,1598,9
2020-05-26,Santa Clara,085,1922200,3261,2659,8,2667,139
2020-05-26,Santa Cruz,087,273765,218,197,0,197,2
2020-05-26,Shasta,089,179085,53,36,0,36,4
2020-05-26,Sierra,091,2930,1,1,0,1,0
2020-05-26,Siskiyou,093,43540,8,6,0,6,0
2020-05-26,Solano,095,438530,563,470,1,471,5
2020-05-26,Sonoma,097,501317,575,509,0,509,4
2020-05-26,Stanislaus,099,539301,776,663,5,668,27
2020-05-26,Sutter,101,95872,42,39,0,39,2
2020-05-26,Tehama,103,63373,8,2,1,3,1
2020-05-26,Trinity,105,12862,5,1,1,2,0
2020-05-26,Tulare,107,460477,2341,1768,8,1776,76
2020-05-26,Tuolumne,109,53932,4,2,1,3,0
2020-05-26,Ventura,111,848112,1496,1033,4,1037,27
2020-05-26,Yolo,113,214977,217,198,0,198,22
2020-05-26,Yuba,115,75493,27,24,0,24,1
2020-05-25,Alameda,001,1643700,3435,2900,5,2905,92
2020-05-25,Alpine,003,1148,2,1,0,1,0
2020-05-25,Amador,005,37829,9,10,0,10,0
2020-05-25,Butte,007,227075,63,37,1,38,0
2020-05-25,Calaveras,009,45235,12,13,0,13,0
2020-05-25,Colusa,011,21464,7,4,0,4,0
2020-05-25,Contra Costa,013,1133247,1528,1348,0,1348,37
2020-05-25,Del Norte,015,27424,44,20,0,20,0
2020-05-25,El Dorado,017,186661,98,78,0,78,0
2020-05-25,Fresno,019,978130,2864,1496,39,1535,22
2020-05-25,Glenn,021,27897,16,12,0,12,0
2020-05-25,Humboldt,023,135768,106,81,0,81,2
2020-05-25,Imperial,025,180216,2801,1369,4,1373,14
2020-05-25,Inyo,027,18085,19,20,0,20,1
2020-05-25,Kern,029,883053,2502,1890,6,1896,31
2020-05-25,Kings,031,150075,772,447,3,450,2
2020-05-25,Lake,033,64148,25,13,0,13,0
2020-05-25,Lassen,035,31185,7,0,2,2,0
2020-05-25,Los Angeles,037,10098052,54640,45952,20,45972,2094
2020-05-25,Madera,039,155013,192,83,1,84,2
2020-05-25,Marin,041,260295,437,415,2,417,14
2020-05-25,Mariposa,043,17540,16,15,0,15,1
2020-05-25,Mendocino,045,87422,23,19,0,19,0
2020-05-25,Merced,047,269075,356,262,0,262,6
2020-05-25,Modoc,049,8938,0,1,0,1,0
2020-05-25,Mono,051,14174,37,34,0,34,1
2020-05-25,Monterey,053,433212,540,418,3,421,8
2020-05-25,Napa,055,140530,129,107,0,107,3
2020-05-25,Nevada,057,99092,43,41,1,42,1
2020-05-25,Orange,059,3164182,8261,5601,63,5664,115
2020-05-25,Placer,061,380077,224,186,0,186,9
2020-05-25,Plumas,063,18699,4,4,0,4,0
2020-05-25,Riverside,065,2383286,8046,6900,13,6913,284
2020-05-25,Sacramento,067,1510023,1401,1290,1,1291,50
2020-05-25,San Benito,069,59416,86,70,0,70,2
2020-05-25,San Bernardino,071,2135413,5524,4393,4,4397,175
2020-05-25,San Diego,073,3302833,7795,6799,0,6799,249
2020-05-25,San Francisco,075,870044,2535,2358,0,2358,40
2020-05-25,San Joaquin,077,732212,964,760,4,764,33
2020-05-25,San Luis Obispo,079,281455,333,260,4,264,1
2020-05-25,San Mateo,081,765935,2227,1938,2,1940,71
2020-05-25,Santa Barbara,083,443738,2112,1590,8,1598,9
2020-05-25,Santa Clara,085,1922200,3229,2647,8,2655,139
2020-05-25,Santa Cruz,087,273765,216,191,0,191,2
2020-05-25,Shasta,089,179085,52,36,0,36,4
2020-05-25,Sierra,091,2930,1,1,0,1,0
2020-05-25,Siskiyou,093,43540,8,6,0,6,0
2020-05-25,Solano,095,438530,549,437,1,438,5
2020-05-25,Sonoma,097,501317,563,496,0,496,4
2020-05-25,Stanislaus,099,539301,746,651,5,656,27
2020-05-25,Sutter,101,95872,42,38,0,38,2
2020-05-25,Tehama,103,63373,7,2,1,3,1
2020-05-25,Trinity,105,12862,5,1,1,2,0
2020-05-25,Tulare,107,460477,2278,1747,8,1755,76
2020-05-25,Tuolumne,109,53932,4,2,1,3,0
2020-05-25,Ventura,111,848112,1455,1020,4,1024,27
2020-05-25,Yolo,113,214977,215,197,0,197,22
2020-05-25,Yuba,115,75493,26,24,0,24,1
2020-05-24,Alameda,001,1643700,3362,2830,5,2835,92
2020-05-24,Alpine,003,1148,2,1,0,1,0
2020-05-24,Amador,005,37829,9,9,0,9,0
2020-05-24,Butte,007,227075,61,35,1,36,0
2020-05-24,Calaveras,009,45235,12,13,0,13,0
2020-05-24,Colusa,011,21464,7,4,0,4,0
2020-05-24,Contra Costa,013,1133247,1500,1325,0,1325,37
2020-05-24,Del Norte,015,27424,43,16,0,16,0
2020-05-24,El Dorado,017,186661,97,76,0,76,0
2020-05-24,Fresno,019,978130,2798,1455,37,1492,22
2020-05-24,Glenn,021,27897,15,12,0,12,0
2020-05-24,Humboldt,023,135768,106,81,0,81,2
2020-05-24,Imperial,025,180216,2675,1369,4,1373,14
2020-05-24,Inyo,027,18085,19,20,0,20,1
2020-05-24,Kern,029,883053,2429,1861,5,1866,31
2020-05-24,Kings,031,150075,761,446,3,449,2
2020-05-24,Lake,033,64148,24,12,0,12,0
2020-05-24,Lassen,035,31185,6,0,2,2,0
2020-05-24,Los Angeles,037,10098052,53626,44954,20,44974,2085
2020-05-24,Madera,039,155013,186,83,1,84,2
2020-05-24,Marin,041,260295,435,401,2,403,14
2020-05-24,Mariposa,043,17540,16,15,0,15,1
2020-05-24,Mendocino,045,87422,22,19,0,19,0
2020-05-24,Merced,047,269075,355,258,0,258,6
2020-05-24,Modoc,049,8938,0,0,0,0,0
2020-05-24,Mono,051,14174,37,34,0,34,1
2020-05-24,Monterey,053,433212,512,405,3,408,8
2020-05-24,Napa,055,140530,127,104,0,104,3
2020-05-24,Nevada,057,99092,43,41,1,42,1
2020-05-24,Orange,059,3164182,8105,5439,62,5501,113
2020-05-24,Placer,061,380077,216,184,0,184,9
2020-05-24,Plumas,063,18699,4,4,0,4,0
2020-05-24,Riverside,065,2383286,7905,6571,13,6584,284
2020-05-24,Sacramento,067,1510023,1385,1283,1,1284,50
2020-05-24,San Benito,069,59416,85,67,0,67,2
2020-05-24,San Bernardino,071,2135413,5416,4262,4,4266,175
2020-05-24,San Diego,073,3302833,7652,6703,0,6703,249
2020-05-24,San Francisco,075,870044,2511,2318,0,2318,40
2020-05-24,San Joaquin,077,732212,945,760,4,764,33
2020-05-24,San Luis Obispo,079,281455,331,257,4,261,1
2020-05-24,San Mateo,081,765935,2192,1925,2,1927,71
2020-05-24,Santa Barbara,083,443738,2089,1573,8,1581,9
2020-05-24,Santa Clara,085,1922200,3209,2623,8,2631,139
2020-05-24,Santa Cruz,087,273765,213,185,0,185,2
2020-05-24,Shasta,089,179085,51,36,0,36,4
2020-05-24,Sierra,091,2930,1,1,0,1,0
2020-05-24,Siskiyou,093,43540,7,6,0,6,0
2020-05-24,Solano,095,438530,541,436,0,436,5
2020-05-24,Sonoma,097,501317,552,485,0,485,4
2020-05-24,Stanislaus,099,539301,726,634,5,639,27
2020-05-24,Sutter,101,95872,42,38,0,38,2
2020-05-24,Tehama,103,63373,5,2,1,3,1
2020-05-24,Trinity,105,12862,5,1,1,2,0
2020-05-24,Tulare,107,460477,2232,1684,8,1692,74
2020-05-24,Tuolumne,109,53932,4,2,0,2,0
2020-05-24,Ventura,111,848112,1443,982,4,986,27
2020-05-24,Yolo,113,214977,213,192,0,192,22
2020-05-24,Yuba,115,75493,26,24,0,24,1
2020-05-23,Alameda,001,1643700,3321,2783,5,2788,91
2020-05-23,Alpine,003,1148,2,1,0,1,0
2020-05-23,Amador,005,37829,9,9,0,9,0
2020-05-23,Butte,007,227075,60,34,1,35,0
2020-05-23,Calaveras,009,45235,12,13,0,13,0
2020-05-23,Colusa,011,21464,7,4,0,4,0
2020-05-23,Contra Costa,013,1133247,1489,1302,0,1302,36
2020-05-23,Del Norte,015,27424,43,10,0,10,0
2020-05-23,El Dorado,017,186661,97,74,0,74,0
2020-05-23,Fresno,019,978130,2778,1447,37,1484,21
2020-05-23,Glenn,021,27897,15,12,0,12,0
2020-05-23,Humboldt,023,135768,104,80,0,80,2
2020-05-23,Imperial,025,180216,2587,1283,4,1287,14
2020-05-23,Inyo,027,18085,19,20,0,20,1
2020-05-23,Kern,029,883053,2386,1806,5,1811,31
2020-05-23,Kings,031,150075,757,444,3,447,2
2020-05-23,Lake,033,64148,23,10,0,10,0
2020-05-23,Lassen,035,31185,6,0,2,2,0
2020-05-23,Los Angeles,037,10098052,53085,44029,20,44049,2069
2020-05-23,Madera,039,155013,182,83,1,84,2
2020-05-23,Marin,041,260295,435,393,1,394,14
2020-05-23,Mariposa,043,17540,16,15,0,15,1
2020-05-23,Mendocino,045,87422,22,13,0,13,0
2020-05-23,Merced,047,269075,352,247,0,247,6
2020-05-23,Modoc,049,8938,0,0,0,0,0
2020-05-23,Mono,051,14174,36,34,0,34,1
2020-05-23,Monterey,053,433212,498,397,3,400,8
2020-05-23,Napa,055,140530,123,101,0,101,3
2020-05-23,Nevada,057,99092,43,41,1,42,1
2020-05-23,Orange,059,3164182,7944,5313,61,5374,113
2020-05-23,Placer,061,380077,210,184,0,184,9
2020-05-23,Plumas,063,18699,4,4,0,4,0
2020-05-23,Riverside,065,2383286,7814,6460,13,6473,284
2020-05-23,Sacramento,067,1510023,1369,1275,1,1276,50
2020-05-23,San Benito,069,59416,80,67,0,67,2
2020-05-23,San Bernardino,071,2135413,5323,4172,4,4176,175
2020-05-23,San Diego,073,3302833,7561,6561,0,6561,249
2020-05-23,San Francisco,075,870044,2492,2312,0,2312,40
2020-05-23,San Joaquin,077,732212,930,759,4,763,33
2020-05-23,San Luis Obispo,079,281455,328,256,4,260,1
2020-05-23,San Mateo,081,765935,2164,1862,2,1864,71
2020-05-23,Santa Barbara,083,443738,2076,1566,8,1574,9
2020-05-23,Santa Clara,085,1922200,3196,2593,8,2601,139
2020-05-23,Santa Cruz,087,273765,211,177,0,177,2
2020-05-23,Shasta,089,179085,51,35,0,35,4
2020-05-23,Sierra,091,2930,1,1,0,1,0
2020-05-23,Siskiyou,093,43540,7,6,0,6,0
2020-05-23,Solano,095,438530,536,435,0,435,5
2020-05-23,Sonoma,097,501317,538,462,0,462,4
2020-05-23,Stanislaus,099,539301,718,625,5,630,27
2020-05-23,Sutter,101,95872,41,38,0,38,2
2020-05-23,Tehama,103,63373,5,2,1,3,1
2020-05-23,Trinity,105,12862,5,1,1,2,0
2020-05-23,Tulare,107,460477,2211,1682,8,1690,73
2020-05-23,Tuolumne,109,53932,4,2,0,2,0
2020-05-23,Ventura,111,848112,1423,961,4,965,27
2020-05-23,Yolo,113,214977,212,188,0,188,22
2020-05-23,Yuba,115,75493,26,24,0,24,1
2020-05-22,Alameda,001,1643700,3267,2722,5,2727,91
2020-05-22,Alpine,003,1148,2,1,0,1,0
2020-05-22,Amador,005,37829,9,9,0,9,0
2020-05-22,Butte,007,227075,58,34,1,35,0
2020-05-22,Calaveras,009,45235,12,13,0,13,0
2020-05-22,Colusa,011,21464,7,4,0,4,0
2020-05-22,Contra Costa,013,1133247,1477,1272,0,1272,36
2020-05-22,Del Norte,015,27424,41,9,0,9,0
2020-05-22,El Dorado,017,186661,94,74,0,74,0
2020-05-22,Fresno,019,978130,2719,1399,36,1435,20
2020-05-22,Glenn,021,27897,15,12,0,12,0
2020-05-22,Humboldt,023,135768,104,80,0,80,2
2020-05-22,Imperial,025,180216,2487,1214,4,1218,14
2020-05-22,Inyo,027,18085,19,20,0,20,1
2020-05-22,Kern,029,883053,2337,1749,5,1754,28
2020-05-22,Kings,031,150075,754,428,3,431,2
2020-05-22,Lake,033,64148,22,10,0,10,0
2020-05-22,Lassen,035,31185,4,0,2,2,0
2020-05-22,Los Angeles,037,10098052,52293,43025,20,43045,2027
2020-05-22,Madera,039,155013,178,82,1,83,2
2020-05-22,Marin,041,260295,431,372,1,373,14
2020-05-22,Mariposa,043,17540,16,15,0,15,1
2020-05-22,Mendocino,045,87422,21,13,0,13,0
2020-05-22,Merced,047,269075,352,233,0,233,6
2020-05-22,Modoc,049,8938,0,0,0,0,0
2020-05-22,Mono,051,14174,36,34,0,34,1
2020-05-22,Monterey,053,433212,487,372,3,375,8
2020-05-22,Napa,055,140530,121,97,0,97,3
2020-05-22,Nevada,057,99092,42,41,1,42,1
2020-05-22,Orange,059,3164182,7747,5144,59,5203,113
2020-05-22,Placer,061,380077,210,181,0,181,9
2020-05-22,Plumas,063,18699,4,4,0,4,0
2020-05-22,Riverside,065,2383286,7699,6351,13,6364,283
2020-05-22,Sacramento,067,1510023,1353,1262,1,1263,50
2020-05-22,San Benito,069,59416,79,64,0,64,2
2020-05-22,San Bernardino,071,2135413,5248,4107,4,4111,173
2020-05-22,San Diego,073,3302833,7475,6436,0,6436,242
2020-05-22,San Francisco,075,870044,2474,2251,0,2251,40
2020-05-22,San Joaquin,077,732212,917,747,4,751,33
2020-05-22,San Luis Obispo,079,281455,328,254,4,258,1
2020-05-22,San Mateo,081,765935,2145,1847,2,1849,71
2020-05-22,Santa Barbara,083,443738,2056,1554,8,1562,9
2020-05-22,Santa Clara,085,1922200,3176,2537,8,2545,139
2020-05-22,Santa Cruz,087,273765,208,171,0,171,2
2020-05-22,Shasta,089,179085,51,34,0,34,4
2020-05-22,Sierra,091,2930,1,0,0,0,0
2020-05-22,Siskiyou,093,43540,7,6,0,6,0
2020-05-22,Solano,095,438530,533,431,0,431,4
2020-05-22,Sonoma,097,501317,534,444,0,444,4
2020-05-22,Stanislaus,099,539301,708,616,5,621,27
2020-05-22,Sutter,101,95872,41,38,0,38,2
2020-05-22,Tehama,103,63373,5,2,0,2,1
2020-05-22,Trinity,105,12862,5,1,1,2,0
2020-05-22,Tulare,107,460477,2181,1662,8,1670,73
2020-05-22,Tuolumne,109,53932,4,2,0,2,0
2020-05-22,Ventura,111,848112,1405,937,4,941,27
2020-05-22,Yolo,113,214977,210,187,0,187,22
2020-05-22,Yuba,115,75493,26,24,0,24,1
2020-05-21,Alameda,001,1643700,3202,2606,5,2611,89
2020-05-21,Alpine,003,1148,2,1,0,1,0
2020-05-21,Amador,005,37829,9,9,0,9,0
2020-05-21,Butte,007,227075,57,31,1,32,0
2020-05-21,Calaveras,009,45235,11,13,0,13,0
2020-05-21,Colusa,011,21464,7,4,0,4,0
2020-05-21,Contra Costa,013,1133247,1441,1243,0,1243,36
2020-05-21,Del Norte,015,27424,38,9,0,9,0
2020-05-21,El Dorado,017,186661,92,67,0,67,0
2020-05-21,Fresno,019,978130,2628,1362,36,1398,20
2020-05-21,Glenn,021,27897,14,12,0,12,0
2020-05-21,Humboldt,023,135768,103,79,0,79,0
2020-05-21,Imperial,025,180216,2327,1096,4,1100,14
2020-05-21,Inyo,027,18085,19,20,0,20,1
2020-05-21,Kern,029,883053,2261,1684,4,1688,27
2020-05-21,Kings,031,150075,733,417,2,419,2
2020-05-21,Lake,033,64148,17,10,0,10,0
2020-05-21,Lassen,035,31185,4,0,2,2,0
2020-05-21,Los Angeles,037,10098052,51259,42063,20,42083,1996
2020-05-21,Madera,039,155013,175,82,1,83,2
2020-05-21,Marin,041,260295,420,359,1,360,14
2020-05-21,Mariposa,043,17540,16,15,0,15,1
2020-05-21,Mendocino,045,87422,21,12,0,12,0
2020-05-21,Merced,047,269075,341,226,0,226,6
2020-05-21,Modoc,049,8938,0,0,0,0,0
2020-05-21,Mono,051,14174,36,33,0,33,1
2020-05-21,Monterey,053,433212,476,363,3,366,8
2020-05-21,Napa,055,140530,119,96,0,96,3
2020-05-21,Nevada,057,99092,42,41,1,42,1
2020-05-21,Orange,059,3164182,7542,4975,58,5033,106
2020-05-21,Placer,061,380077,203,176,0,176,8
2020-05-21,Plumas,063,18699,4,4,0,4,0
2020-05-21,Riverside,065,2383286,7512,6245,13,6258,279
2020-05-21,Sacramento,067,1510023,1340,1258,1,1259,56
2020-05-21,San Benito,069,59416,76,61,0,61,2
2020-05-21,San Bernardino,071,2135413,5101,3950,4,3954,167
2020-05-21,San Diego,073,3302833,7339,6317,0,6317,241
2020-05-21,San Francisco,075,870044,2450,2248,0,2248,37
2020-05-21,San Joaquin,077,732212,881,730,4,734,33
2020-05-21,San Luis Obispo,079,281455,328,251,3,254,1
2020-05-21,San Mateo,081,765935,2108,1791,2,1793,74
2020-05-21,Santa Barbara,083,443738,2035,1541,8,1549,10
2020-05-21,Santa Clara,085,1922200,3155,2520,8,2528,138
2020-05-21,Santa Cruz,087,273765,200,164,0,164,3
2020-05-21,Shasta,089,179085,49,34,0,34,4
2020-05-21,Sierra,091,2930,1,0,0,0,0
2020-05-21,Siskiyou,093,43540,7,6,0,6,0
2020-05-21,Solano,095,438530,524,424,0,424,4
2020-05-21,Sonoma,097,501317,516,427,0,427,4
2020-05-21,Stanislaus,099,539301,697,602,5,607,27
2020-05-21,Sutter,101,95872,40,38,0,38,2
2020-05-21,Tehama,103,63373,4,2,0,2,1
2020-05-21,Trinity,105,12862,4,1,1,2,0
2020-05-21,Tulare,107,460477,2131,1606,8,1614,73
2020-05-21,Tuolumne,109,53932,2,2,0,2,0
2020-05-21,Ventura,111,848112,1356,907,4,911,30
2020-05-21,Yolo,113,214977,207,185,0,185,22
2020-05-21,Yuba,115,75493,26,24,0,24,1
2020-05-20,Alameda,001,1643700,3128,2554,5,2559,89
2020-05-20,Alpine,003,1148,2,1,0,1,0
2020-05-20,Amador,005,37829,9,9,0,9,0
2020-05-20,Butte,007,227075,54,30,1,31,0
2020-05-20,Calaveras,009,45235,11,13,0,13,0
2020-05-20,Colusa,011,21464,7,3,0,3,0
2020-05-20,Contra Costa,013,1133247,1411,1223,0,1223,33
2020-05-20,Del Norte,015,27424,31,9,0,9,0
2020-05-20,El Dorado,017,186661,91,67,0,67,0
2020-05-20,Fresno,019,978130,2555,1329,35,1364,17
2020-05-20,Glenn,021,27897,13,12,0,12,0
2020-05-20,Humboldt,023,135768,100,73,0,73,0
2020-05-20,Imperial,025,180216,2216,1047,4,1051,14
2020-05-20,Inyo,027,18085,19,20,0,20,1
2020-05-20,Kern,029,883053,2198,1639,3,1642,27
2020-05-20,Kings,031,150075,590,403,2,405,2
2020-05-20,Lake,033,64148,17,9,0,9,0
2020-05-20,Lassen,035,31185,3,0,2,2,0
2020-05-20,Los Angeles,037,10098052,50263,40932,20,40952,1955
2020-05-20,Madera,039,155013,173,82,1,83,2
2020-05-20,Marin,041,260295,393,348,1,349,14
2020-05-20,Mariposa,043,17540,16,15,0,15,1
2020-05-20,Mendocino,045,87422,21,12,0,12,0
2020-05-20,Merced,047,269075,334,225,0,225,6
2020-05-20,Modoc,049,8938,0,0,0,0,0
2020-05-20,Mono,051,14174,36,33,0,33,1
2020-05-20,Monterey,053,433212,462,356,3,359,8
2020-05-20,Napa,055,140530,112,93,0,93,3
2020-05-20,Nevada,057,99092,42,41,1,42,1
2020-05-20,Orange,059,3164182,7331,4866,56,4922,96
2020-05-20,Placer,061,380077,201,176,0,176,8
2020-05-20,Plumas,063,18699,4,4,0,4,0
2020-05-20,Riverside,065,2383286,7369,6090,13,6103,265
2020-05-20,Sacramento,067,1510023,1330,1244,1,1245,56
2020-05-20,San Benito,069,59416,75,61,0,61,2
2020-05-20,San Bernardino,071,2135413,4974,3771,4,3775,161
2020-05-20,San Diego,073,3302833,7222,6142,0,6142,230
2020-05-20,San Francisco,075,870044,2427,2199,0,2199,37
2020-05-20,San Joaquin,077,732212,844,713,4,717,33
2020-05-20,San Luis Obispo,079,281455,322,249,3,252,1
2020-05-20,San Mateo,081,765935,2055,1739,2,1741,74
2020-05-20,Santa Barbara,083,443738,2012,1524,8,1532,10
2020-05-20,Santa Clara,085,1922200,3134,2508,7,2515,138
2020-05-20,Santa Cruz,087,273765,197,163,0,163,3
2020-05-20,Shasta,089,179085,49,34,0,34,4
2020-05-20,Sierra,091,2930,1,0,0,0,0
2020-05-20,Siskiyou,093,43540,7,6,0,6,0
2020-05-20,Solano,095,438530,519,418,0,418,4
2020-05-20,Sonoma,097,501317,507,411,0,411,4
2020-05-20,Stanislaus,099,539301,681,584,4,588,25
2020-05-20,Sutter,101,95872,40,38,0,38,2
2020-05-20,Tehama,103,63373,4,2,0,2,1
2020-05-20,Trinity,105,12862,4,1,1,2,0
2020-05-20,Tulare,107,460477,2092,1585,8,1593,71
2020-05-20,Tuolumne,109,53932,2,2,0,2,0
2020-05-20,Ventura,111,848112,1320,879,4,883,29
2020-05-20,Yolo,113,214977,204,184,0,184,22
2020-05-20,Yuba,115,75493,26,23,0,23,1
2020-05-19,Alameda,001,1643700,3051,2493,3,2496,88
2020-05-19,Alpine,003,1148,2,1,0,1,0
2020-05-19,Amador,005,37829,9,9,0,9,0
2020-05-19,Butte,007,227075,52,25,1,26,0
2020-05-19,Calaveras,009,45235,11,13,0,13,0
2020-05-19,Colusa,011,21464,5,3,0,3,0
2020-05-19,Contra Costa,013,1133247,1388,1205,0,1205,33
2020-05-19,Del Norte,015,27424,28,8,0,8,0
2020-05-19,El Dorado,017,186661,88,67,0,67,0
2020-05-19,Fresno,019,978130,2442,1288,34,1322,15
2020-05-19,Glenn,021,27897,13,12,0,12,0
2020-05-19,Humboldt,023,135768,100,72,0,72,0
2020-05-19,Imperial,025,180216,2055,1012,4,1016,14
2020-05-19,Inyo,027,18085,19,20,0,20,1
2020-05-19,Kern,029,883053,2100,1601,3,1604,26
2020-05-19,Kings,031,150075,579,393,2,395,2
2020-05-19,Lake,033,64148,14,11,0,11,0
2020-05-19,Lassen,035,31185,3,0,2,2,0
2020-05-19,Los Angeles,037,10098052,49057,39670,20,39690,1906
2020-05-19,Madera,039,155013,169,80,1,81,2
2020-05-19,Marin,041,260295,369,340,1,341,14
2020-05-19,Mariposa,043,17540,16,15,0,15,1
2020-05-19,Mendocino,045,87422,21,12,0,12,0
2020-05-19,Merced,047,269075,326,222,0,222,5
2020-05-19,Modoc,049,8938,0,0,0,0,0
2020-05-19,Mono,051,14174,36,33,0,33,1
2020-05-19,Monterey,053,433212,450,350,3,353,8
2020-05-19,Napa,055,140530,111,93,0,93,3
2020-05-19,Nevada,057,99092,42,41,1,42,1
2020-05-19,Orange,059,3164182,7133,4746,54,4800,90
2020-05-19,Placer,061,380077,199,177,0,177,8
2020-05-19,Plumas,063,18699,4,5,0,5,0
2020-05-19,Riverside,065,2383286,7209,5963,13,5976,265
2020-05-19,Sacramento,067,1510023,1316,1239,1,1240,57
2020-05-19,San Benito,069,59416,73,59,0,59,2
2020-05-19,San Bernardino,071,2135413,4824,3656,4,3660,158
2020-05-19,San Diego,073,3302833,7078,6028,0,6028,222
2020-05-19,San Francisco,075,870044,2393,2186,0,2186,37
2020-05-19,San Joaquin,077,732212,822,705,4,709,33
2020-05-19,San Luis Obispo,079,281455,321,245,3,248,1
2020-05-19,San Mateo,081,765935,2014,1704,2,1706,71
2020-05-19,Santa Barbara,083,443738,1991,1521,8,1529,10
2020-05-19,Santa Clara,085,1922200,3084,2480,7,2487,138
2020-05-19,Santa Cruz,087,273765,186,161,0,161,3
2020-05-19,Shasta,089,179085,49,34,0,34,4
2020-05-19,Sierra,091,2930,0,0,0,0,0
2020-05-19,Siskiyou,093,43540,7,6,0,6,0
2020-05-19,Solano,095,438530,505,415,0,415,4
2020-05-19,Sonoma,097,501317,496,389,0,389,4
2020-05-19,Stanislaus,099,539301,667,582,4,586,25
2020-05-19,Sutter,101,95872,40,38,0,38,2
2020-05-19,Tehama,103,63373,4,2,0,2,1
2020-05-19,Trinity,105,12862,3,1,0,1,0
2020-05-19,Tulare,107,460477,2045,1551,8,1559,68
2020-05-19,Tuolumne,109,53932,2,2,0,2,0
2020-05-19,Ventura,111,848112,1279,861,3,864,28
2020-05-19,Yolo,113,214977,202,183,0,183,22
2020-05-19,Yuba,115,75493,26,23,0,23,1
2020-05-18,Alameda,001,1643700,2979,2442,3,2445,84
2020-05-18,Alpine,003,1148,1,1,0,1,0
2020-05-18,Amador,005,37829,9,8,0,8,0
2020-05-18,Butte,007,227075,50,24,1,25,0
2020-05-18,Calaveras,009,45235,11,13,0,13,0
2020-05-18,Colusa,011,21464,5,3,0,3,0
2020-05-18,Contra Costa,013,1133247,1357,1173,0,1173,33
2020-05-18,Del Norte,015,27424,23,8,0,8,0
2020-05-18,El Dorado,017,186661,86,67,0,67,0
2020-05-18,Fresno,019,978130,2363,1244,33,1277,14
2020-05-18,Glenn,021,27897,13,11,0,11,0
2020-05-18,Humboldt,023,135768,100,70,0,70,0
2020-05-18,Imperial,025,180216,1901,767,4,771,14
2020-05-18,Inyo,027,18085,19,20,0,20,1
2020-05-18,Kern,029,883053,2051,1566,3,1569,26
2020-05-18,Kings,031,150075,548,381,2,383,2
2020-05-18,Lake,033,64148,13,9,0,9,0
2020-05-18,Lassen,035,31185,3,0,2,2,0
2020-05-18,Los Angeles,037,10098052,48036,38477,20,38497,1825
2020-05-18,Madera,039,155013,163,74,1,75,2
2020-05-18,Marin,041,260295,356,329,1,330,14
2020-05-18,Mariposa,043,17540,16,15,0,15,1
2020-05-18,Mendocino,045,87422,16,12,0,12,0
2020-05-18,Merced,047,269075,316,217,0,217,5
2020-05-18,Modoc,049,8938,0,0,0,0,0
2020-05-18,Mono,051,14174,36,33,0,33,1
2020-05-18,Monterey,053,433212,439,345,3,348,8
2020-05-18,Napa,055,140530,107,92,0,92,3
2020-05-18,Nevada,057,99092,42,41,1,42,1
2020-05-18,Orange,059,3164182,6943,4558,51,4609,88
2020-05-18,Placer,061,380077,197,176,0,176,8
2020-05-18,Plumas,063,18699,4,5,0,5,0
2020-05-18,Riverside,065,2383286,7009,5873,13,5886,253
2020-05-18,Sacramento,067,1510023,1310,1233,0,1233,57
2020-05-18,San Benito,069,59416,71,59,0,59,2
2020-05-18,San Bernardino,071,2135413,4677,3558,4,3562,156
2020-05-18,San Diego,073,3302833,6945,5948,0,5948,211
2020-05-18,San Francisco,075,870044,2370,2183,0,2183,36
2020-05-18,San Joaquin,077,732212,810,697,4,701,33
2020-05-18,San Luis Obispo,079,281455,317,243,3,246,1
2020-05-18,San Mateo,081,765935,1976,1701,2,1703,68
2020-05-18,Santa Barbara,083,443738,1967,1501,8,1509,10
2020-05-18,Santa Clara,085,1922200,3051,2468,7,2475,137
2020-05-18,Santa Cruz,087,273765,184,160,0,160,3
2020-05-18,Shasta,089,179085,48,34,0,34,4
2020-05-18,Sierra,091,2930,0,0,0,0,0
2020-05-18,Siskiyou,093,43540,7,6,0,6,0
2020-05-18,Solano,095,438530,495,398,0,398,4
2020-05-18,Sonoma,097,501317,478,387,0,387,4
2020-05-18,Stanislaus,099,539301,655,572,4,576,25
2020-05-18,Sutter,101,95872,40,38,0,38,2
2020-05-18,Tehama,103,63373,4,2,0,2,1
2020-05-18,Trinity,105,12862,3,1,0,1,0
2020-05-18,Tulare,107,460477,2000,1491,8,1499,63
2020-05-18,Tuolumne,109,53932,2,2,0,2,0
2020-05-18,Ventura,111,848112,1257,850,2,852,27
2020-05-18,Yolo,113,214977,197,183,0,183,22
2020-05-18,Yuba,115,75493,26,23,0,23,1
2020-05-17,Alameda,001,1643700,2884,2389,3,2392,83
2020-05-17,Alpine,003,1148,1,1,0,1,0
2020-05-17,Amador,005,37829,9,8,0,8,0
2020-05-17,Butte,007,227075,49,23,1,24,0
2020-05-17,Calaveras,009,45235,11,13,0,13,0
2020-05-17,Colusa,011,21464,3,3,0,3,0
2020-05-17,Contra Costa,013,1133247,1318,1155,0,1155,33
2020-05-17,Del Norte,015,27424,23,7,0,7,0
2020-05-17,El Dorado,017,186661,86,65,0,65,0
2020-05-17,Fresno,019,978130,2261,1213,30,1243,14
2020-05-17,Glenn,021,27897,13,9,0,9,0
2020-05-17,Humboldt,023,135768,93,70,0,70,0
2020-05-17,Imperial,025,180216,1752,715,4,719,14
2020-05-17,Inyo,027,18085,19,20,0,20,1
2020-05-17,Kern,029,883053,1973,1546,3,1549,26
2020-05-17,Kings,031,150075,501,356,2,358,2
2020-05-17,Lake,033,64148,13,7,0,7,0
2020-05-17,Lassen,035,31185,3,0,2,2,0
2020-05-17,Los Angeles,037,10098052,46798,37996,20,38016,1807
2020-05-17,Madera,039,155013,161,69,1,70,2
2020-05-17,Marin,041,260295,345,315,1,316,14
2020-05-17,Mariposa,043,17540,15,15,0,15,1
2020-05-17,Mendocino,045,87422,15,10,0,10,0
2020-05-17,Merced,047,269075,305,214,0,214,5
2020-05-17,Modoc,049,8938,0,0,0,0,0
2020-05-17,Mono,051,14174,36,32,0,32,1
2020-05-17,Monterey,053,433212,419,342,3,345,8
2020-05-17,Napa,055,140530,103,89,0,89,3
2020-05-17,Nevada,057,99092,42,41,1,42,1
2020-05-17,Orange,059,3164182,6758,4466,50,4516,88
2020-05-17,Placer,061,380077,192,175,0,175,8
2020-05-17,Plumas,063,18699,4,4,0,4,0
2020-05-17,Riverside,065,2383286,6836,5776,13,5789,245
2020-05-17,Sacramento,067,1510023,1299,1224,0,1224,56
2020-05-17,San Benito,069,59416,70,59,0,59,2
2020-05-17,San Bernardino,071,2135413,4527,3467,4,3471,155
2020-05-17,San Diego,073,3302833,6813,5838,0,5838,209
2020-05-17,San Francisco,075,870044,2343,2132,0,2132,36
2020-05-17,San Joaquin,077,732212,780,688,4,692,32
2020-05-17,San Luis Obispo,079,281455,315,242,3,245,1
2020-05-17,San Mateo,081,765935,1939,1680,2,1682,68
2020-05-17,Santa Barbara,083,443738,1935,1457,8,1465,10
2020-05-17,Santa Clara,085,1922200,3013,2453,7,2460,135
2020-05-17,Santa Cruz,087,273765,173,155,0,155,3
2020-05-17,Shasta,089,179085,47,34,0,34,4
2020-05-17,Sierra,091,2930,0,0,0,0,0
2020-05-17,Siskiyou,093,43540,7,6,0,6,0
2020-05-17,Solano,095,438530,483,392,0,392,4
2020-05-17,Sonoma,097,501317,457,376,0,376,4
2020-05-17,Stanislaus,099,539301,644,566,4,570,25
2020-05-17,Sutter,101,95872,39,38,0,38,2
2020-05-17,Tehama,103,63373,3,2,0,2,1
2020-05-17,Trinity,105,12862,2,1,0,1,0
2020-05-17,Tulare,107,460477,1929,1430,7,1437,63
2020-05-17,Tuolumne,109,53932,2,2,0,2,0
2020-05-17,Ventura,111,848112,1212,838,2,840,27
2020-05-17,Yolo,113,214977,195,182,0,182,22
2020-05-17,Yuba,115,75493,26,21,0,21,1
2020-05-16,Alameda,001,1643700,2834,2327,3,2330,83
2020-05-16,Alpine,003,1148,1,1,0,1,0
2020-05-16,Amador,005,37829,9,8,0,8,0
2020-05-16,Butte,007,227075,44,22,1,23,0
2020-05-16,Calaveras,009,45235,11,13,0,13,0
2020-05-16,Colusa,011,21464,3,3,0,3,0
2020-05-16,Contra Costa,013,1133247,1300,1136,0,1136,33
2020-05-16,Del Norte,015,27424,19,4,0,4,0
2020-05-16,El Dorado,017,186661,86,65,0,65,0
2020-05-16,Fresno,019,978130,2206,1177,30,1207,14
2020-05-16,Glenn,021,27897,13,9,0,9,0
2020-05-16,Humboldt,023,135768,91,69,0,69,0
2020-05-16,Imperial,025,180216,1688,712,4,716,14
2020-05-16,Inyo,027,18085,19,20,0,20,1
2020-05-16,Kern,029,883053,1937,1509,3,1512,26
2020-05-16,Kings,031,150075,491,356,2,358,2
2020-05-16,Lake,033,64148,13,7,0,7,0
2020-05-16,Lassen,035,31185,2,0,2,2,0
2020-05-16,Los Angeles,037,10098052,46221,37352,20,37372,1778
2020-05-16,Madera,039,155013,159,70,1,71,2
2020-05-16,Marin,041,260295,341,297,1,298,14
2020-05-16,Mariposa,043,17540,15,15,0,15,1
2020-05-16,Mendocino,045,87422,15,10,0,10,0
2020-05-16,Merced,047,269075,303,201,0,201,5
2020-05-16,Modoc,049,8938,0,0,0,0,0
2020-05-16,Mono,051,14174,36,32,0,32,1
2020-05-16,Monterey,053,433212,404,329,3,332,8
2020-05-16,Napa,055,140530,103,86,0,86,3
2020-05-16,Nevada,057,99092,42,41,1,42,1
2020-05-16,Orange,059,3164182,6682,4396,50,4446,87
2020-05-16,Placer,061,380077,190,174,0,174,8
2020-05-16,Plumas,063,18699,4,4,0,4,0
2020-05-16,Riverside,065,2383286,6751,5633,13,5646,243
2020-05-16,Sacramento,067,1510023,1292,1209,0,1209,55
2020-05-16,San Benito,069,59416,65,58,0,58,2
2020-05-16,San Bernardino,071,2135413,4454,3362,4,3366,155
2020-05-16,San Diego,073,3302833,6727,5664,0,5664,209
2020-05-16,San Francisco,075,870044,2320,2094,0,2094,36
2020-05-16,San Joaquin,077,732212,772,668,4,672,32
2020-05-16,San Luis Obispo,079,281455,314,240,3,243,1
2020-05-16,San Mateo,081,765935,1924,1652,2,1654,68
2020-05-16,Santa Barbara,083,443738,1919,1422,7,1429,10
2020-05-16,Santa Clara,085,1922200,2996,2420,6,2426,135
2020-05-16,Santa Cruz,087,273765,170,154,0,154,3
2020-05-16,Shasta,089,179085,47,33,0,33,4
2020-05-16,Sierra,091,2930,0,0,0,0,0
2020-05-16,Siskiyou,093,43540,7,6,0,6,0
2020-05-16,Solano,095,438530,478,392,0,392,4
2020-05-16,Sonoma,097,501317,444,356,0,356,4
2020-05-16,Stanislaus,099,539301,635,546,4,550,24
2020-05-16,Sutter,101,95872,39,35,0,35,2
2020-05-16,Tehama,103,63373,3,2,0,2,1
2020-05-16,Trinity,105,12862,2,1,0,1,0
2020-05-16,Tulare,107,460477,1911,1426,7,1433,63
2020-05-16,Tuolumne,109,53932,2,2,0,2,0
2020-05-16,Ventura,111,848112,1187,813,2,815,25
2020-05-16,Yolo,113,214977,194,181,0,181,22
2020-05-16,Yuba,115,75493,26,21,0,21,1
2020-05-15,Alameda,001,1643700,2800,2289,3,2292,83
2020-05-15,Alpine,003,1148,1,1,0,1,0
2020-05-15,Amador,005,37829,9,8,0,8,0
2020-05-15,Butte,007,227075,42,22,1,23,0
2020-05-15,Calaveras,009,45235,11,13,0,13,0
2020-05-15,Colusa,011,21464,3,3,0,3,0
2020-05-15,Contra Costa,013,1133247,1282,1106,0,1106,33
2020-05-15,Del Norte,015,27424,14,4,0,4,0
2020-05-15,El Dorado,017,186661,86,64,0,64,0
2020-05-15,Fresno,019,978130,2138,1126,30,1156,14
2020-05-15,Glenn,021,27897,13,9,0,9,0
2020-05-15,Humboldt,023,135768,90,60,0,60,0
2020-05-15,Imperial,025,180216,1605,680,0,680,14
2020-05-15,Inyo,027,18085,19,20,0,20,1
2020-05-15,Kern,029,883053,1881,1472,3,1475,25
2020-05-15,Kings,031,150075,488,347,2,349,2
2020-05-15,Lake,033,64148,13,7,0,7,0
2020-05-15,Lassen,035,31185,2,0,2,2,0
2020-05-15,Los Angeles,037,10098052,45435,36317,20,36337,1734
2020-05-15,Madera,039,155013,158,71,1,72,2
2020-05-15,Marin,041,260295,333,295,1,296,14
2020-05-15,Mariposa,043,17540,15,15,0,15,1
2020-05-15,Mendocino,045,87422,15,10,0,10,0
2020-05-15,Merced,047,269075,300,191,0,191,5
2020-05-15,Modoc,049,8938,0,0,0,0,0
2020-05-15,Mono,051,14174,36,31,0,31,1
2020-05-15,Monterey,053,433212,398,321,3,324,8
2020-05-15,Napa,055,140530,103,83,0,83,3
2020-05-15,Nevada,057,99092,42,41,1,42,1
2020-05-15,Orange,059,3164182,6511,4281,50,4331,87
2020-05-15,Placer,061,380077,188,174,0,174,8
2020-05-15,Plumas,063,18699,4,4,0,4,0
2020-05-15,Riverside,065,2383286,6637,5496,13,5509,233
2020-05-15,Sacramento,067,1510023,1282,1203,0,1203,55
2020-05-15,San Benito,069,59416,62,57,0,57,2
2020-05-15,San Bernardino,071,2135413,4376,3225,4,3229,153
2020-05-15,San Diego,073,3302833,6620,5525,0,5525,208
2020-05-15,San Francisco,075,870044,2304,2062,0,2062,36
2020-05-15,San Joaquin,077,732212,766,656,4,660,32
2020-05-15,San Luis Obispo,079,281455,312,237,3,240,1
2020-05-15,San Mateo,081,765935,1902,1612,2,1614,68
2020-05-15,Santa Barbara,083,443738,1902,1409,7,1416,10
2020-05-15,Santa Clara,085,1922200,2959,2395,6,2401,135
2020-05-15,Santa Cruz,087,273765,169,146,0,146,3
2020-05-15,Shasta,089,179085,46,33,0,33,4
2020-05-15,Sierra,091,2930,0,0,0,0,0
2020-05-15,Siskiyou,093,43540,6,5,0,5,0
2020-05-15,Solano,095,438530,474,388,0,388,4
2020-05-15,Sonoma,097,501317,436,349,0,349,4
2020-05-15,Stanislaus,099,539301,628,540,4,544,23
2020-05-15,Sutter,101,95872,38,35,0,35,2
2020-05-15,Tehama,103,63373,3,1,0,1,1
2020-05-15,Trinity,105,12862,2,1,0,1,0
2020-05-15,Tulare,107,460477,1883,1356,7,1363,61
2020-05-15,Tuolumne,109,53932,2,2,0,2,0
2020-05-15,Ventura,111,848112,1170,789,1,790,25
2020-05-15,Yolo,113,214977,193,182,0,182,22
2020-05-15,Yuba,115,75493,26,21,0,21,1
2020-05-14,Alameda,001,1643700,2707,2255,3,2258,80
2020-05-14,Alpine,003,1148,1,1,0,1,0
2020-05-14,Amador,005,37829,9,8,0,8,0
2020-05-14,Butte,007,227075,40,22,1,23,0
2020-05-14,Calaveras,009,45235,11,13,0,13,0
2020-05-14,Colusa,011,21464,3,3,0,3,0
2020-05-14,Contra Costa,013,1133247,1256,1090,0,1090,32
2020-05-14,Del Norte,015,27424,14,4,0,4,0
2020-05-14,El Dorado,017,186661,77,59,0,59,0
2020-05-14,Fresno,019,978130,2080,1038,26,1064,12
2020-05-14,Glenn,021,27897,12,8,0,8,0
2020-05-14,Humboldt,023,135768,88,59,0,59,0
2020-05-14,Imperial,025,180216,1488,652,0,652,13
2020-05-14,Inyo,027,18085,19,20,0,20,1
2020-05-14,Kern,029,883053,1839,1430,3,1433,21
2020-05-14,Kings,031,150075,472,342,2,344,1
2020-05-14,Lake,033,64148,13,7,0,7,0
2020-05-14,Lassen,035,31185,2,0,2,2,0
2020-05-14,Los Angeles,037,10098052,44260,35427,20,35447,1693
2020-05-14,Madera,039,155013,149,69,1,70,2
2020-05-14,Marin,041,260295,315,283,1,284,14
2020-05-14,Mariposa,043,17540,15,15,0,15,0
2020-05-14,Mendocino,045,87422,14,10,0,10,0
2020-05-14,Merced,047,269075,290,182,0,182,3
2020-05-14,Modoc,049,8938,0,0,0,0,0
2020-05-14,Mono,051,14174,36,31,0,31,1
2020-05-14,Monterey,053,433212,388,317,3,320,7
2020-05-14,Napa,055,140530,101,83,0,83,3
2020-05-14,Nevada,057,99092,41,41,1,42,1
2020-05-14,Orange,059,3164182,6333,4163,48,4211,83
2020-05-14,Placer,061,380077,188,172,0,172,8
2020-05-14,Plumas,063,18699,4,4,0,4,0
2020-05-14,Riverside,065,2383286,6453,5339,13,5352,224
2020-05-14,Sacramento,067,1510023,1270,1181,0,1181,55
2020-05-14,San Benito,069,59416,60,56,0,56,2
2020-05-14,San Bernardino,071,2135413,4198,3149,4,3153,149
2020-05-14,San Diego,073,3302833,6485,5393,0,5393,200
2020-05-14,San Francisco,075,870044,2271,2029,0,2029,36
2020-05-14,San Joaquin,077,732212,751,643,4,647,31
2020-05-14,San Luis Obispo,079,281455,309,236,3,239,1
2020-05-14,San Mateo,081,765935,1870,1588,2,1590,67
2020-05-14,Santa Barbara,083,443738,1876,1395,7,1402,11
2020-05-14,Santa Clara,085,1922200,2936,2380,6,2386,134
2020-05-14,Santa Cruz,087,273765,167,145,0,145,3
2020-05-14,Shasta,089,179085,46,33,0,33,4
2020-05-14,Sierra,091,2930,0,0,0,0,0
2020-05-14,Siskiyou,093,43540,6,5,0,5,0
2020-05-14,Solano,095,438530,465,372,0,372,4
2020-05-14,Sonoma,097,501317,419,333,0,333,4
2020-05-14,Stanislaus,099,539301,609,533,4,537,23
2020-05-14,Sutter,101,95872,38,34,0,34,2
2020-05-14,Tehama,103,63373,3,1,0,1,1
2020-05-14,Trinity,105,12862,2,1,0,1,0
2020-05-14,Tulare,107,460477,1846,1317,7,1324,55
2020-05-14,Tuolumne,109,53932,2,2,0,2,0
2020-05-14,Ventura,111,848112,1140,760,1,761,25
2020-05-14,Yolo,113,214977,193,180,0,180,22
2020-05-14,Yuba,115,75493,26,21,0,21,1
2020-05-13,Alameda,001,1643700,2649,2181,3,2184,78
2020-05-13,Alpine,003,1148,1,1,0,1,0
2020-05-13,Amador,005,37829,9,8,0,8,0
2020-05-13,Butte,007,227075,40,21,1,22,0
2020-05-13,Calaveras,009,45235,11,13,0,13,0
2020-05-13,Colusa,011,21464,3,3,0,3,0
2020-05-13,Contra Costa,013,1133247,1234,1082,0,1082,32
2020-05-13,Del Norte,015,27424,13,4,0,4,0
2020-05-13,El Dorado,017,186661,76,58,0,58,0
2020-05-13,Fresno,019,978130,1987,993,26,1019,10
2020-05-13,Glenn,021,27897,11,6,0,6,0
2020-05-13,Humboldt,023,135768,82,58,0,58,0
2020-05-13,Imperial,025,180216,1418,610,0,610,11
2020-05-13,Inyo,027,18085,19,20,0,20,1
2020-05-13,Kern,029,883053,1793,1390,3,1393,19
2020-05-13,Kings,031,150075,458,314,2,316,1
2020-05-13,Lake,033,64148,13,7,0,7,0
2020-05-13,Lassen,035,31185,2,0,2,2,0
2020-05-13,Los Angeles,037,10098052,42954,34574,20,34594,1643
2020-05-13,Madera,039,155013,140,69,1,70,2
2020-05-13,Marin,041,260295,302,278,1,279,14
2020-05-13,Mariposa,043,17540,15,15,0,15,0
2020-05-13,Mendocino,045,87422,14,10,0,10,0
2020-05-13,Merced,047,269075,287,176,0,176,3
2020-05-13,Modoc,049,8938,0,0,0,0,0
2020-05-13,Mono,051,14174,35,31,0,31,1
2020-05-13,Monterey,053,433212,378,309,3,312,6
2020-05-13,Napa,055,140530,101,81,0,81,3
2020-05-13,Nevada,057,99092,41,41,1,42,1
2020-05-13,Orange,059,3164182,6081,4025,46,4071,79
2020-05-13,Placer,061,380077,187,170,0,170,8
2020-05-13,Plumas,063,18699,4,4,0,4,0
2020-05-13,Riverside,065,2383286,6330,5204,13,5217,216
2020-05-13,Sacramento,067,1510023,1255,1173,0,1173,53
2020-05-13,San Benito,069,59416,60,55,0,55,2
2020-05-13,San Bernardino,071,2135413,3942,3064,3,3067,140
2020-05-13,San Diego,073,3302833,6349,5280,0,5280,194
2020-05-13,San Francisco,075,870044,2243,2004,0,2004,35
2020-05-13,San Joaquin,077,732212,730,639,3,642,31
2020-05-13,San Luis Obispo,079,281455,307,231,3,234,1
2020-05-13,San Mateo,081,765935,1838,1550,2,1552,66
2020-05-13,Santa Barbara,083,443738,1849,1382,7,1389,10
2020-05-13,Santa Clara,085,1922200,2916,2370,6,2376,132
2020-05-13,Santa Cruz,087,273765,163,142,0,142,2
2020-05-13,Shasta,089,179085,46,32,0,32,4
2020-05-13,Sierra,091,2930,0,0,0,0,0
2020-05-13,Siskiyou,093,43540,6,5,0,5,0
2020-05-13,Solano,095,438530,452,368,0,368,4
2020-05-13,Sonoma,097,501317,409,330,0,330,4
2020-05-13,Stanislaus,099,539301,600,521,4,525,15
2020-05-13,Sutter,101,95872,38,33,0,33,2
2020-05-13,Tehama,103,63373,3,1,0,1,1
2020-05-13,Trinity,105,12862,2,2,0,2,0
2020-05-13,Tulare,107,460477,1813,1283,7,1290,54
2020-05-13,Tuolumne,109,53932,2,2,0,2,0
2020-05-13,Ventura,111,848112,1109,742,1,743,25
2020-05-13,Yolo,113,214977,191,178,0,178,22
2020-05-13,Yuba,115,75493,24,19,0,19,1
2020-05-12,Alameda,001,1643700,2585,2146,3,2149,74
2020-05-12,Alpine,003,1148,1,1,0,1,0
2020-05-12,Amador,005,37829,9,8,0,8,0
2020-05-12,Butte,007,227075,38,20,1,21,0
2020-05-12,Calaveras,009,45235,10,13,0,13,0
2020-05-12,Colusa,011,21464,3,3,0,3,0
2020-05-12,Contra Costa,013,1133247,1203,1067,0,1067,32
2020-05-12,Del Norte,015,27424,10,3,0,3,0
2020-05-12,El Dorado,017,186661,73,56,0,56,0
2020-05-12,Fresno,019,978130,1904,978,26,1004,9
2020-05-12,Glenn,021,27897,10,6,0,6,0
2020-05-12,Humboldt,023,135768,79,58,0,58,0
2020-05-12,Imperial,025,180216,1287,602,0,602,9
2020-05-12,Inyo,027,18085,19,20,0,20,1
2020-05-12,Kern,029,883053,1752,1363,3,1366,18
2020-05-12,Kings,031,150075,437,302,2,304,1
2020-05-12,Lake,033,64148,13,7,0,7,0
2020-05-12,Lassen,035,31185,2,0,2,2,0
2020-05-12,Los Angeles,037,10098052,41959,33281,19,33300,1601
2020-05-12,Madera,039,155013,136,69,1,70,2
2020-05-12,Marin,041,260295,297,274,1,275,14
2020-05-12,Mariposa,043,17540,15,15,0,15,0
2020-05-12,Mendocino,045,87422,14,10,0,10,0
2020-05-12,Merced,047,269075,276,175,0,175,3
2020-05-12,Modoc,049,8938,0,0,0,0,0
2020-05-12,Mono,051,14174,35,31,0,31,1
2020-05-12,Monterey,053,433212,371,298,3,301,6
2020-05-12,Napa,055,140530,99,80,0,80,3
2020-05-12,Nevada,057,99092,41,41,1,42,1
2020-05-12,Orange,059,3164182,5895,3843,44,3887,78
2020-05-12,Placer,061,380077,186,170,0,170,8
2020-05-12,Plumas,063,18699,4,4,0,4,0
2020-05-12,Riverside,065,2383286,6208,5134,13,5147,210
2020-05-12,Sacramento,067,1510023,1235,1166,0,1166,52
2020-05-12,San Benito,069,59416,60,55,0,55,2
2020-05-12,San Bernardino,071,2135413,3791,2997,3,3000,131
2020-05-12,San Diego,073,3302833,6205,3,0,3,0
2020-05-12,San Francisco,075,870044,2208,1981,0,1981,35
2020-05-12,San Joaquin,077,732212,715,625,3,628,30
2020-05-12,San Luis Obispo,079,281455,304,226,3,229,1
2020-05-12,San Mateo,081,765935,1812,1533,2,1535,66
2020-05-12,Santa Barbara,083,443738,1798,1377,7,1384,10
2020-05-12,Santa Clara,085,1922200,2886,2362,6,2368,131
2020-05-12,Santa Cruz,087,273765,161,141,0,141,2
2020-05-12,Shasta,089,179085,45,33,0,33,4
2020-05-12,Sierra,091,2930,0,0,0,0,0
2020-05-12,Siskiyou,093,43540,6,5,0,5,0
2020-05-12,Solano,095,438530,444,361,0,361,4
2020-05-12,Sonoma,097,501317,386,308,0,308,4
2020-05-12,Stanislaus,099,539301,593,515,4,519,15
2020-05-12,Sutter,101,95872,38,33,0,33,2
2020-05-12,Tehama,103,63373,3,1,0,1,1
2020-05-12,Trinity,105,12862,2,1,0,1,0
2020-05-12,Tulare,107,460477,1782,1261,7,1268,52
2020-05-12,Tuolumne,109,53932,2,2,0,2,0
2020-05-12,Ventura,111,848112,1055,718,1,719,20
2020-05-12,Yolo,113,214977,190,176,0,176,22
2020-05-12,Yuba,115,75493,24,19,0,19,1
2020-05-11,Alameda,001,1643700,2535,2103,3,2106,71
2020-05-11,Alpine,003,1148,1,1,0,1,0
2020-05-11,Amador,005,37829,9,8,0,8,0
2020-05-11,Butte,007,227075,37,19,1,20,0
2020-05-11,Calaveras,009,45235,10,13,0,13,0
2020-05-11,Colusa,011,21464,3,3,0,3,0
2020-05-11,Contra Costa,013,1133247,1189,1052,0,1052,32
2020-05-11,Del Norte,015,27424,8,3,0,3,0
2020-05-11,El Dorado,017,186661,73,55,0,55,0
2020-05-11,Fresno,019,978130,1813,937,25,962,8
2020-05-11,Glenn,021,27897,10,6,0,6,0
2020-05-11,Humboldt,023,135768,76,56,0,56,0
2020-05-11,Imperial,025,180216,1181,562,0,562,9
2020-05-11,Inyo,027,18085,19,20,0,20,1
2020-05-11,Kern,029,883053,1700,1331,3,1334,17
2020-05-11,Kings,031,150075,414,289,1,290,1
2020-05-11,Lake,033,64148,12,7,0,7,0
2020-05-11,Lassen,035,31185,2,0,2,2,0
2020-05-11,Los Angeles,037,10098052,40780,32279,19,32298,1553
2020-05-11,Madera,039,155013,127,68,1,69,2
2020-05-11,Marin,041,260295,288,271,1,272,14
2020-05-11,Mariposa,043,17540,15,15,0,15,0
2020-05-11,Mendocino,045,87422,14,10,0,10,0
2020-05-11,Merced,047,269075,261,158,0,158,3
2020-05-11,Modoc,049,8938,0,0,0,0,0
2020-05-11,Mono,051,14174,35,30,0,30,1
2020-05-11,Monterey,053,433212,368,286,3,289,6
2020-05-11,Napa,055,140530,93,79,0,79,2
2020-05-11,Nevada,057,99092,41,41,1,42,1
2020-05-11,Orange,059,3164182,5668,3699,37,3736,77
2020-05-11,Placer,061,380077,186,170,0,170,8
2020-05-11,Plumas,063,18699,4,4,0,4,0
2020-05-11,Riverside,065,2383286,6050,5082,13,5095,203
2020-05-11,Sacramento,067,1510023,1220,1160,0,1160,52
2020-05-11,San Benito,069,59416,58,52,0,52,2
2020-05-11,San Bernardino,071,2135413,3681,2945,3,2948,124
2020-05-11,San Diego,073,3302833,6052,5067,0,5067,175
2020-05-11,San Francisco,075,870044,2161,1974,0,1974,35
2020-05-11,San Joaquin,077,732212,705,620,3,623,30
2020-05-11,San Luis Obispo,079,281455,302,224,3,227,1
2020-05-11,San Mateo,081,765935,1786,1499,2,1501,66
2020-05-11,Santa Barbara,083,443738,1765,1372,7,1379,10
2020-05-11,Santa Clara,085,1922200,2869,2340,6,2346,129
2020-05-11,Santa Cruz,087,273765,158,140,0,140,2
2020-05-11,Shasta,089,179085,45,31,0,31,4
2020-05-11,Sierra,091,2930,0,0,0,0,0
2020-05-11,Siskiyou,093,43540,6,5,0,5,0
2020-05-11,Solano,095,438530,439,354,0,354,4
2020-05-11,Sonoma,097,501317,376,303,0,303,3
2020-05-11,Stanislaus,099,539301,583,507,4,511,14
2020-05-11,Sutter,101,95872,37,32,0,32,2
2020-05-11,Tehama,103,63373,3,1,0,1,1
2020-05-11,Trinity,105,12862,2,1,0,1,0
2020-05-11,Tulare,107,460477,1733,1203,7,1210,49
2020-05-11,Tuolumne,109,53932,2,2,0,2,0
2020-05-11,Ventura,111,848112,997,698,1,699,19
2020-05-11,Yolo,113,214977,190,174,0,174,20
2020-05-11,Yuba,115,75493,24,18,0,18,1
2020-05-10,Alameda,001,1643700,2458,2047,3,2050,71
2020-05-10,Alpine,003,1148,1,1,0,1,0
2020-05-10,Amador,005,37829,9,8,0,8,0
2020-05-10,Butte,007,227075,32,18,1,19,0
2020-05-10,Calaveras,009,45235,10,13,0,13,0
2020-05-10,Colusa,011,21464,3,3,0,3,0
2020-05-10,Contra Costa,013,1133247,1175,1046,0,1046,31
2020-05-10,Del Norte,015,27424,7,3,0,3,0
2020-05-10,El Dorado,017,186661,73,55,0,55,0
2020-05-10,Fresno,019,978130,1729,894,25,919,8
2020-05-10,Glenn,021,27897,10,6,0,6,0
2020-05-10,Humboldt,023,135768,72,56,0,56,0
2020-05-10,Imperial,025,180216,1084,509,0,509,7
2020-05-10,Inyo,027,18085,19,20,0,20,1
2020-05-10,Kern,029,883053,1649,1300,2,1302,16
2020-05-10,Kings,031,150075,401,266,1,267,1
2020-05-10,Lake,033,64148,12,7,0,7,0
2020-05-10,Lassen,035,31185,2,0,2,2,0
2020-05-10,Los Angeles,037,10098052,39521,31711,19,31730,1514
2020-05-10,Madera,039,155013,125,65,1,66,2
2020-05-10,Marin,041,260295,280,267,1,268,14
2020-05-10,Mariposa,043,17540,15,15,0,15,0
2020-05-10,Mendocino,045,87422,13,10,0,10,0
2020-05-10,Merced,047,269075,246,154,0,154,3
2020-05-10,Modoc,049,8938,0,0,0,0,0
2020-05-10,Mono,051,14174,35,27,0,27,1
2020-05-10,Monterey,053,433212,354,282,3,285,6
2020-05-10,Napa,055,140530,87,79,0,79,2
2020-05-10,Nevada,057,99092,41,41,1,42,1
2020-05-10,Orange,059,3164182,5523,3627,37,3664,76
2020-05-10,Placer,061,380077,185,168,0,168,8
2020-05-10,Plumas,063,18699,4,4,0,4,0
2020-05-10,Riverside,065,2383286,5928,4951,13,4964,193
2020-05-10,Sacramento,067,1510023,1204,1152,0,1152,52
2020-05-10,San Benito,069,59416,58,52,0,52,2
2020-05-10,San Bernardino,071,2135413,3583,2910,3,2913,121
2020-05-10,San Diego,073,3302833,5900,4928,0,4928,175
2020-05-10,San Francisco,075,870044,2143,1953,0,1953,35
2020-05-10,San Joaquin,077,732212,690,611,3,614,29
2020-05-10,San Luis Obispo,079,281455,299,218,3,221,1
2020-05-10,San Mateo,081,765935,1764,1463,2,1465,65
2020-05-10,Santa Barbara,083,443738,1738,1323,7,1330,10
2020-05-10,Santa Clara,085,1922200,2843,2331,6,2337,129
2020-05-10,Santa Cruz,087,273765,157,139,0,139,2
2020-05-10,Shasta,089,179085,45,31,0,31,4
2020-05-10,Sierra,091,2930,0,0,0,0,0
2020-05-10,Siskiyou,093,43540,5,5,0,5,0
2020-05-10,Solano,095,438530,429,322,0,322,4
2020-05-10,Sonoma,097,501317,366,290,0,290,3
2020-05-10,Stanislaus,099,539301,576,498,4,502,14
2020-05-10,Sutter,101,95872,34,31,0,31,2
2020-05-10,Tehama,103,63373,3,1,0,1,1
2020-05-10,Trinity,105,12862,2,1,0,1,0
2020-05-10,Tulare,107,460477,1664,1143,7,1150,47
2020-05-10,Tuolumne,109,53932,2,2,0,2,0
2020-05-10,Ventura,111,848112,939,690,1,691,19
2020-05-10,Yolo,113,214977,190,173,0,173,20
2020-05-10,Yuba,115,75493,23,17,0,17,1
2020-05-09,Alameda,001,1643700,2415,2011,3,2014,71
2020-05-09,Alpine,003,1148,1,1,0,1,0
2020-05-09,Amador,005,37829,8,8,0,8,0
2020-05-09,Butte,007,227075,31,18,1,19,0
2020-05-09,Calaveras,009,45235,10,13,0,13,0
2020-05-09,Colusa,011,21464,3,3,0,3,0
2020-05-09,Contra Costa,013,1133247,1161,1039,0,1039,31
2020-05-09,Del Norte,015,27424,7,3,0,3,0
2020-05-09,El Dorado,017,186661,70,54,0,54,0
2020-05-09,Fresno,019,978130,1691,861,24,885,8
2020-05-09,Glenn,021,27897,9,6,0,6,0
2020-05-09,Humboldt,023,135768,70,55,0,55,0
2020-05-09,Imperial,025,180216,1028,474,0,474,7
2020-05-09,Inyo,027,18085,19,20,0,20,1
2020-05-09,Kern,029,883053,1613,1262,1,1263,15
2020-05-09,Kings,031,150075,396,264,1,265,1
2020-05-09,Lake,033,64148,12,7,0,7,0
2020-05-09,Lassen,035,31185,2,0,2,2,0
2020-05-09,Los Angeles,037,10098052,38899,31268,19,31287,1499
2020-05-09,Madera,039,155013,124,61,1,62,2
2020-05-09,Marin,041,260295,279,261,1,262,14
2020-05-09,Mariposa,043,17540,15,15,0,15,0
2020-05-09,Mendocino,045,87422,13,10,0,10,0
2020-05-09,Merced,047,269075,242,153,0,153,3
2020-05-09,Modoc,049,8938,0,0,0,0,0
2020-05-09,Mono,051,14174,35,27,0,27,1
2020-05-09,Monterey,053,433212,347,273,3,276,6
2020-05-09,Napa,055,140530,86,78,0,78,2
2020-05-09,Nevada,057,99092,41,41,1,42,1
2020-05-09,Orange,059,3164182,5441,3506,36,3542,75
2020-05-09,Placer,061,380077,184,168,0,168,8
2020-05-09,Plumas,063,18699,4,4,0,4,0
2020-05-09,Riverside,065,2383286,5833,4871,13,4884,183
2020-05-09,Sacramento,067,1510023,1200,1150,0,1150,52
2020-05-09,San Benito,069,59416,57,52,0,52,2
2020-05-09,San Bernardino,071,2135413,3527,2825,3,2828,121
2020-05-09,San Diego,073,3302833,5788,4778,0,4778,175
2020-05-09,San Francisco,075,870044,2128,1944,0,1944,34
2020-05-09,San Joaquin,077,732212,681,605,3,608,28
2020-05-09,San Luis Obispo,079,281455,295,213,3,216,1
2020-05-09,San Mateo,081,765935,1745,1453,2,1455,65
2020-05-09,Santa Barbara,083,443738,1721,1245,7,1252,10
2020-05-09,Santa Clara,085,1922200,2829,2317,6,2323,128
2020-05-09,Santa Cruz,087,273765,156,138,0,138,2
2020-05-09,Shasta,089,179085,45,31,0,31,4
2020-05-09,Sierra,091,2930,0,0,0,0,0
2020-05-09,Siskiyou,093,43540,5,5,0,5,0
2020-05-09,Solano,095,438530,423,321,0,321,4
2020-05-09,Sonoma,097,501317,362,288,0,288,3
2020-05-09,Stanislaus,099,539301,568,491,4,495,12
2020-05-09,Sutter,101,95872,34,31,0,31,2
2020-05-09,Tehama,103,63373,2,1,0,1,1
2020-05-09,Trinity,105,12862,2,1,0,1,0
2020-05-09,Tulare,107,460477,1636,1083,7,1090,47
2020-05-09,Tuolumne,109,53932,2,2,0,2,0
2020-05-09,Ventura,111,848112,918,679,1,680,19
2020-05-09,Yolo,113,214977,190,172,0,172,18
2020-05-09,Yuba,115,75493,23,17,0,17,1
2020-05-08,Alameda,001,1643700,2372,1955,3,1958,70
2020-05-08,Alpine,003,1148,1,1,0,1,0
2020-05-08,Amador,005,37829,8,8,0,8,0
2020-05-08,Butte,007,227075,31,18,1,19,0
2020-05-08,Calaveras,009,45235,10,13,0,13,0
2020-05-08,Colusa,011,21464,3,3,0,3,0
2020-05-08,Contra Costa,013,1133247,1149,1024,0,1024,29
2020-05-08,Del Norte,015,27424,7,3,0,3,0
2020-05-08,El Dorado,017,186661,69,54,0,54,0
2020-05-08,Fresno,019,978130,1654,838,22,860,8
2020-05-08,Glenn,021,27897,8,6,0,6,0
2020-05-08,Humboldt,023,135768,67,54,0,54,0
2020-05-08,Imperial,025,180216,982,467,0,467,7
2020-05-08,Inyo,027,18085,19,20,0,20,1
2020-05-08,Kern,029,883053,1582,1214,1,1215,13
2020-05-08,Kings,031,150075,387,236,1,237,1
2020-05-08,Lake,033,64148,12,7,0,7,0
2020-05-08,Lassen,035,31185,2,0,2,2,0
2020-05-08,Los Angeles,037,10098052,38167,30357,19,30376,1447
2020-05-08,Madera,039,155013,121,57,1,58,2
2020-05-08,Marin,041,260295,279,257,1,258,14
2020-05-08,Mariposa,043,17540,15,15,0,15,0
2020-05-08,Mendocino,045,87422,13,10,0,10,0
2020-05-08,Merced,047,269075,241,151,0,151,3
2020-05-08,Modoc,049,8938,0,0,0,0,0
2020-05-08,Mono,051,14174,32,27,0,27,1
2020-05-08,Monterey,053,433212,339,265,3,268,6
2020-05-08,Napa,055,140530,85,78,0,78,2
2020-05-08,Nevada,057,99092,41,41,1,42,1
2020-05-08,Orange,059,3164182,5291,3395,36,3431,72
2020-05-08,Placer,061,380077,182,166,0,166,8
2020-05-08,Plumas,063,18699,4,4,0,4,0
2020-05-08,Riverside,065,2383286,5733,4672,12,4684,181
2020-05-08,Sacramento,067,1510023,1195,1145,0,1145,51
2020-05-08,San Benito,069,59416,57,51,0,51,2
2020-05-08,San Bernardino,071,2135413,3479,2631,3,2634,119
2020-05-08,San Diego,073,3302833,5681,4664,0,4664,169
2020-05-08,San Francisco,075,870044,2110,1890,0,1890,33
2020-05-08,San Joaquin,077,732212,674,595,3,598,28
2020-05-08,San Luis Obispo,079,281455,292,210,3,213,1
2020-05-08,San Mateo,081,765935,1660,1423,2,1425,62
2020-05-08,Santa Barbara,083,443738,1702,1054,6,1060,8
2020-05-08,Santa Clara,085,1922200,2806,2285,6,2291,128
2020-05-08,Santa Cruz,087,273765,152,137,0,137,2
2020-05-08,Shasta,089,179085,45,31,0,31,4
2020-05-08,Sierra,091,2930,0,0,0,0,0
2020-05-08,Siskiyou,093,43540,5,5,0,5,0
2020-05-08,Solano,095,438530,418,314,0,314,4
2020-05-08,Sonoma,097,501317,357,285,0,285,3
2020-05-08,Stanislaus,099,539301,554,487,4,491,12
2020-05-08,Sutter,101,95872,34,30,0,30,2
2020-05-08,Tehama,103,63373,2,1,0,1,1
2020-05-08,Trinity,105,12862,2,0,0,0,0
2020-05-08,Tulare,107,460477,1591,1050,6,1056,43
2020-05-08,Tuolumne,109,53932,2,2,0,2,0
2020-05-08,Ventura,111,848112,900,665,1,666,19
2020-05-08,Yolo,113,214977,189,172,0,172,18
2020-05-08,Yuba,115,75493,22,16,0,16,1
2020-05-07,Alameda,001,1643700,2312,1914,3,1917,68
2020-05-07,Alpine,003,1148,1,1,0,1,0
2020-05-07,Amador,005,37829,8,8,0,8,0
2020-05-07,Butte,007,227075,31,19,1,20,0
2020-05-07,Calaveras,009,45235,10,13,0,13,0
2020-05-07,Colusa,011,21464,3,3,0,3,0
2020-05-07,Contra Costa,013,1133247,1135,1005,0,1005,29
2020-05-07,Del Norte,015,27424,6,3,0,3,0
2020-05-07,El Dorado,017,186661,68,54,0,54,0
2020-05-07,Fresno,019,978130,1572,812,21,833,8
2020-05-07,Glenn,021,27897,8,5,0,5,0
2020-05-07,Humboldt,023,135768,66,54,0,54,0
2020-05-07,Imperial,025,180216,919,442,0,442,6
2020-05-07,Inyo,027,18085,19,20,0,20,1
2020-05-07,Kern,029,883053,1538,1176,1,1177,13
2020-05-07,Kings,031,150075,364,219,1,220,1
2020-05-07,Lake,033,64148,11,7,0,7,0
2020-05-07,Lassen,035,31185,2,0,2,2,0
2020-05-07,Los Angeles,037,10098052,37044,29544,19,29563,1399
2020-05-07,Madera,039,155013,117,54,1,55,2
2020-05-07,Marin,041,260295,272,252,1,253,14
2020-05-07,Mariposa,043,17540,15,15,0,15,0
2020-05-07,Mendocino,045,87422,13,10,0,10,0
2020-05-07,Merced,047,269075,233,146,0,146,3
2020-05-07,Modoc,049,8938,0,0,0,0,0
2020-05-07,Mono,051,14174,32,26,0,26,1
2020-05-07,Monterey,053,433212,331,249,3,252,6
2020-05-07,Napa,055,140530,85,78,0,78,2
2020-05-07,Nevada,057,99092,41,41,1,42,1
2020-05-07,Orange,059,3164182,5106,3283,35,3318,69
2020-05-07,Placer,061,380077,182,165,0,165,8
2020-05-07,Plumas,063,18699,4,4,0,4,0
2020-05-07,Riverside,065,2383286,5617,4608,12,4620,170
2020-05-07,Sacramento,067,1510023,1189,1139,0,1139,50
2020-05-07,San Benito,069,59416,57,50,0,50,2
2020-05-07,San Bernardino,071,2135413,3387,2522,3,2525,115
2020-05-07,San Diego,073,3302833,5524,4431,0,4431,165
2020-05-07,San Francisco,075,870044,2079,1852,0,1852,33
2020-05-07,San Joaquin,077,732212,661,583,3,586,28
2020-05-07,San Luis Obispo,079,281455,281,209,3,212,1
2020-05-07,San Mateo,081,765935,1638,1398,2,1400,58
2020-05-07,Santa Barbara,083,443738,1667,720,5,725,8
2020-05-07,Santa Clara,085,1922200,2768,2281,6,2287,127
2020-05-07,Santa Cruz,087,273765,149,136,0,136,2
2020-05-07,Shasta,089,179085,44,31,0,31,4
2020-05-07,Sierra,091,2930,0,0,0,0,0
2020-05-07,Siskiyou,093,43540,5,5,0,5,0
2020-05-07,Solano,095,438530,412,307,0,307,4
2020-05-07,Sonoma,097,501317,345,282,0,282,3
2020-05-07,Stanislaus,099,539301,545,466,4,470,10
2020-05-07,Sutter,101,95872,34,29,0,29,2
2020-05-07,Tehama,103,63373,2,1,0,1,1
2020-05-07,Trinity,105,12862,2,0,0,0,0
2020-05-07,Tulare,107,460477,1524,1001,6,1007,41
2020-05-07,Tuolumne,109,53932,2,2,0,2,0
2020-05-07,Ventura,111,848112,876,647,0,647,19
2020-05-07,Yolo,113,214977,188,172,0,172,18
2020-05-07,Yuba,115,75493,22,16,0,16,1
2020-05-06,Alameda,001,1643700,2274,1864,3,1867,67
2020-05-06,Alpine,003,1148,1,1,0,1,0
2020-05-06,Amador,005,37829,8,8,0,8,0
2020-05-06,Butte,007,227075,30,19,1,20,0
2020-05-06,Calaveras,009,45235,10,13,0,13,0
2020-05-06,Colusa,011,21464,3,3,0,3,0
2020-05-06,Contra Costa,013,1133247,1114,990,0,990,29
2020-05-06,Del Norte,015,27424,6,3,0,3,0
2020-05-06,El Dorado,017,186661,66,53,0,53,0
2020-05-06,Fresno,019,978130,1511,773,19,792,8
2020-05-06,Glenn,021,27897,8,3,0,3,0
2020-05-06,Humboldt,023,135768,65,54,0,54,0
2020-05-06,Imperial,025,180216,851,399,0,399,6
2020-05-06,Inyo,027,18085,19,20,0,20,1
2020-05-06,Kern,029,883053,1483,1112,1,1113,12
2020-05-06,Kings,031,150075,346,208,1,209,1
2020-05-06,Lake,033,64148,11,7,0,7,0
2020-05-06,Lassen,035,31185,2,0,2,2,0
2020-05-06,Los Angeles,037,10098052,36039,28687,19,28706,1347
2020-05-06,Madera,039,155013,115,55,1,56,2
2020-05-06,Marin,041,260295,265,244,1,245,14
2020-05-06,Mariposa,043,17540,15,14,0,14,0
2020-05-06,Mendocino,045,87422,13,10,0,10,0
2020-05-06,Merced,047,269075,226,140,0,140,3
2020-05-06,Modoc,049,8938,0,0,0,0,0
2020-05-06,Mono,051,14174,32,26,0,26,1
2020-05-06,Monterey,053,433212,323,246,3,249,6
2020-05-06,Napa,055,140530,84,78,0,78,2
2020-05-06,Nevada,057,99092,41,41,1,42,1
2020-05-06,Orange,059,3164182,4920,3156,34,3190,66
2020-05-06,Placer,061,380077,179,164,0,164,8
2020-05-06,Plumas,063,18699,4,4,0,4,0
2020-05-06,Riverside,065,2383286,5473,4535,12,4547,163
2020-05-06,Sacramento,067,1510023,1183,1135,0,1135,49
2020-05-06,San Benito,069,59416,56,50,0,50,2
2020-05-06,San Bernardino,071,2135413,3265,2426,2,2428,110
2020-05-06,San Diego,073,3302833,5391,4321,0,4321,158
2020-05-06,San Francisco,075,870044,2054,1804,0,1804,32
2020-05-06,San Joaquin,077,732212,648,581,3,584,28
2020-05-06,San Luis Obispo,079,281455,278,207,3,210,1
2020-05-06,San Mateo,081,765935,1607,1348,2,1350,57
2020-05-06,Santa Barbara,083,443738,1616,565,4,569,8
2020-05-06,Santa Clara,085,1922200,2752,2270,5,2275,127
2020-05-06,Santa Cruz,087,273765,145,135,0,135,2
2020-05-06,Shasta,089,179085,44,31,0,31,4
2020-05-06,Sierra,091,2930,0,0,0,0,0
2020-05-06,Siskiyou,093,43540,5,5,0,5,0
2020-05-06,Solano,095,438530,402,300,0,300,4
2020-05-06,Sonoma,097,501317,329,269,0,269,3
2020-05-06,Stanislaus,099,539301,529,434,4,438,9
2020-05-06,Sutter,101,95872,34,29,0,29,2
2020-05-06,Tehama,103,63373,2,1,0,1,1
2020-05-06,Trinity,105,12862,2,0,0,0,0
2020-05-06,Tulare,107,460477,1476,963,6,969,40
2020-05-06,Tuolumne,109,53932,2,2,0,2,0
2020-05-06,Ventura,111,848112,849,619,0,619,19
2020-05-06,Yolo,113,214977,187,172,0,172,18
2020-05-06,Yuba,115,75493,22,15,0,15,1
2020-05-05,Alameda,001,1643700,2231,1819,3,1822,67
2020-05-05,Alpine,003,1148,1,1,0,1,0
2020-05-05,Amador,005,37829,8,8,0,8,0
2020-05-05,Butte,007,227075,29,19,1,20,0
2020-05-05,Calaveras,009,45235,10,13,0,13,0
2020-05-05,Colusa,011,21464,3,3,0,3,0
2020-05-05,Contra Costa,013,1133247,1096,976,0,976,29
2020-05-05,Del Norte,015,27424,6,3,0,3,0
2020-05-05,El Dorado,017,186661,64,54,0,54,0
2020-05-05,Fresno,019,978130,1438,726,17,743,8
2020-05-05,Glenn,021,27897,8,3,0,3,0
2020-05-05,Humboldt,023,135768,62,54,0,54,0
2020-05-05,Imperial,025,180216,796,389,0,389,6
2020-05-05,Inyo,027,18085,19,20,0,20,1
2020-05-05,Kern,029,883053,1431,1084,1,1085,11
2020-05-05,Kings,031,150075,328,187,1,188,1
2020-05-05,Lake,033,64148,10,7,0,7,0
2020-05-05,Lassen,035,31185,2,0,2,2,0
2020-05-05,Los Angeles,037,10098052,34969,27867,19,27886,1289
2020-05-05,Madera,039,155013,112,53,1,54,2
2020-05-05,Marin,041,260295,259,244,1,245,14
2020-05-05,Mariposa,043,17540,15,14,0,14,0
2020-05-05,Mendocino,045,87422,13,10,0,10,0
2020-05-05,Merced,047,269075,221,141,0,141,3
2020-05-05,Modoc,049,8938,0,0,0,0,0
2020-05-05,Mono,051,14174,32,25,0,25,1
2020-05-05,Monterey,053,433212,309,240,3,243,6
2020-05-05,Napa,055,140530,84,74,0,74,2
2020-05-05,Nevada,057,99092,41,41,1,42,1
2020-05-05,Orange,059,3164182,4794,3041,34,3075,63
2020-05-05,Placer,061,380077,179,162,0,162,8
2020-05-05,Plumas,063,18699,4,4,0,4,0
2020-05-05,Riverside,065,2383286,5363,4309,12,4321,161
2020-05-05,Sacramento,067,1510023,1176,1125,0,1125,48
2020-05-05,San Benito,069,59416,55,50,0,50,2
2020-05-05,San Bernardino,071,2135413,3172,2345,2,2347,104
2020-05-05,San Diego,073,3302833,5248,4162,0,4162,150
2020-05-05,San Francisco,075,870044,2019,1779,0,1779,31
2020-05-05,San Joaquin,077,732212,639,577,3,580,26
2020-05-05,San Luis Obispo,079,281455,277,203,3,206,1
2020-05-05,San Mateo,081,765935,1575,1335,2,1337,56
2020-05-05,Santa Barbara,083,443738,1383,541,4,545,7
2020-05-05,Santa Clara,085,1922200,2707,2249,4,2253,124
2020-05-05,Santa Cruz,087,273765,142,134,0,134,2
2020-05-05,Shasta,089,179085,43,31,0,31,4
2020-05-05,Sierra,091,2930,0,0,0,0,0
2020-05-05,Siskiyou,093,43540,5,5,0,5,0
2020-05-05,Solano,095,438530,386,299,0,299,4
2020-05-05,Sonoma,097,501317,326,263,0,263,3
2020-05-05,Stanislaus,099,539301,517,430,4,434,9
2020-05-05,Sutter,101,95872,34,29,0,29,2
2020-05-05,Tehama,103,63373,2,1,0,1,1
2020-05-05,Trinity,105,12862,2,0,0,0,0
2020-05-05,Tulare,107,460477,1385,869,6,875,40
2020-05-05,Tuolumne,109,53932,2,2,0,2,0
2020-05-05,Ventura,111,848112,826,607,0,607,19
2020-05-05,Yolo,113,214977,185,171,0,171,18
2020-05-05,Yuba,115,75493,22,15,0,15,1
2020-05-04,Alameda,001,1643700,2172,1762,3,1765,65
2020-05-04,Alpine,003,1148,1,1,0,1,0
2020-05-04,Amador,005,37829,7,8,0,8,0
2020-05-04,Butte,007,227075,28,16,1,17,0
2020-05-04,Calaveras,009,45235,10,13,0,13,0
2020-05-04,Colusa,011,21464,3,3,0,3,0
2020-05-04,Contra Costa,013,1133247,1078,949,0,949,28
2020-05-04,Del Norte,015,27424,5,3,0,3,0
2020-05-04,El Dorado,017,186661,63,51,0,51,0
2020-05-04,Fresno,019,978130,1370,680,16,696,8
2020-05-04,Glenn,021,27897,8,4,0,4,0
2020-05-04,Humboldt,023,135768,60,54,0,54,0
2020-05-04,Imperial,025,180216,743,351,0,351,6
2020-05-04,Inyo,027,18085,19,20,0,20,1
2020-05-04,Kern,029,883053,1389,1047,1,1048,8
2020-05-04,Kings,031,150075,311,153,1,154,1
2020-05-04,Lake,033,64148,9,7,0,7,0
2020-05-04,Lassen,035,31185,1,0,2,2,0
2020-05-04,Los Angeles,037,10098052,33667,26243,18,26261,1235
2020-05-04,Madera,039,155013,110,52,1,53,2
2020-05-04,Marin,041,260295,254,244,1,245,13
2020-05-04,Mariposa,043,17540,15,13,0,13,0
2020-05-04,Mendocino,045,87422,13,10,0,10,0
2020-05-04,Merced,047,269075,221,138,0,138,3
2020-05-04,Modoc,049,8938,0,0,0,0,0
2020-05-04,Mono,051,14174,32,25,0,25,1
2020-05-04,Monterey,053,433212,298,237,3,240,6
2020-05-04,Napa,055,140530,84,72,0,72,2
2020-05-04,Nevada,057,99092,41,41,1,42,1
2020-05-04,Orange,059,3164182,4649,2931,31,2962,57
2020-05-04,Placer,061,380077,177,162,0,162,8
2020-05-04,Plumas,063,18699,4,4,0,4,0
2020-05-04,Riverside,065,2383286,5269,4221,12,4233,147
2020-05-04,Sacramento,067,1510023,1166,1119,0,1119,44
2020-05-04,San Benito,069,59416,53,49,0,49,2
2020-05-04,San Bernardino,071,2135413,3031,2184,2,2186,99
2020-05-04,San Diego,073,3302833,5107,4022,0,4022,144
2020-05-04,San Francisco,075,870044,1981,1760,0,1760,31
2020-05-04,San Joaquin,077,732212,625,574,3,577,26
2020-05-04,San Luis Obispo,079,281455,274,202,3,205,1
2020-05-04,San Mateo,081,765935,1550,1313,2,1315,53
2020-05-04,Santa Barbara,083,443738,1119,524,4,528,7
2020-05-04,Santa Clara,085,1922200,2692,2238,4,2242,119
2020-05-04,Santa Cruz,087,273765,141,133,0,133,2
2020-05-04,Shasta,089,179085,41,31,0,31,4
2020-05-04,Sierra,091,2930,0,0,0,0,0
2020-05-04,Siskiyou,093,43540,5,5,0,5,0
2020-05-04,Solano,095,438530,372,293,0,293,4
2020-05-04,Sonoma,097,501317,312,256,0,256,4
2020-05-04,Stanislaus,099,539301,511,422,4,426,8
2020-05-04,Sutter,101,95872,31,28,0,28,2
2020-05-04,Tehama,103,63373,2,1,0,1,1
2020-05-04,Trinity,105,12862,1,0,0,0,0
2020-05-04,Tulare,107,460477,1307,760,6,766,40
2020-05-04,Tuolumne,109,53932,2,3,0,3,0
2020-05-04,Ventura,111,848112,805,590,0,590,19
2020-05-04,Yolo,113,214977,184,171,0,171,18
2020-05-04,Yuba,115,75493,19,16,0,16,1
2020-05-03,Alameda,001,1643700,2115,1731,3,1734,64
2020-05-03,Alpine,003,1148,1,1,0,1,0
2020-05-03,Amador,005,37829,7,8,0,8,0
2020-05-03,Butte,007,227075,28,17,1,18,0
2020-05-03,Calaveras,009,45235,10,13,0,13,0
2020-05-03,Colusa,011,21464,3,3,0,3,0
2020-05-03,Contra Costa,013,1133247,1062,945,0,945,28
2020-05-03,Del Norte,015,27424,5,3,0,3,0
2020-05-03,El Dorado,017,186661,61,49,0,49,0
2020-05-03,Fresno,019,978130,1278,646,14,660,8
2020-05-03,Glenn,021,27897,7,5,0,5,0
2020-05-03,Humboldt,023,135768,59,54,0,54,0
2020-05-03,Imperial,025,180216,687,351,0,351,6
2020-05-03,Inyo,027,18085,19,20,0,20,1
2020-05-03,Kern,029,883053,1334,1025,1,1026,8
2020-05-03,Kings,031,150075,291,137,1,138,1
2020-05-03,Lake,033,64148,9,7,0,7,0
2020-05-03,Lassen,035,31185,1,0,2,2,0
2020-05-03,Los Angeles,037,10098052,32683,25708,18,25726,1210
2020-05-03,Madera,039,155013,103,46,1,47,2
2020-05-03,Marin,041,260295,249,243,1,244,13
2020-05-03,Mariposa,043,17540,15,13,0,13,0
2020-05-03,Mendocino,045,87422,13,10,0,10,0
2020-05-03,Merced,047,269075,213,134,0,134,3
2020-05-03,Modoc,049,8938,0,0,0,0,0
2020-05-03,Mono,051,14174,32,25,0,25,1
2020-05-03,Monterey,053,433212,289,235,3,238,6
2020-05-03,Napa,055,140530,84,72,0,72,2
2020-05-03,Nevada,057,99092,41,41,1,42,1
2020-05-03,Orange,059,3164182,4472,2859,30,2889,55
2020-05-03,Placer,061,380077,177,161,0,161,8
2020-05-03,Plumas,063,18699,4,4,0,4,0
2020-05-03,Riverside,065,2383286,5164,4034,12,4046,139
2020-05-03,Sacramento,067,1510023,1157,1109,0,1109,43
2020-05-03,San Benito,069,59416,53,49,0,49,2
2020-05-03,San Bernardino,071,2135413,2970,2123,2,2125,99
2020-05-03,San Diego,073,3302833,4970,3929,0,3929,142
2020-05-03,San Francisco,075,870044,1952,1692,0,1692,30
2020-05-03,San Joaquin,077,732212,618,570,3,573,26
2020-05-03,San Luis Obispo,079,281455,271,200,3,203,1
2020-05-03,San Mateo,081,765935,1522,1277,2,1279,53
2020-05-03,Santa Barbara,083,443738,741,512,4,516,7
2020-05-03,Santa Clara,085,1922200,2659,2235,4,2239,116
2020-05-03,Santa Cruz,087,273765,141,133,0,133,2
2020-05-03,Shasta,089,179085,39,31,0,31,4
2020-05-03,Sierra,091,2930,0,0,0,0,0
2020-05-03,Siskiyou,093,43540,5,5,0,5,0
2020-05-03,Solano,095,438530,362,266,0,266,4
2020-05-03,Sonoma,097,501317,303,254,0,254,4
2020-05-03,Stanislaus,099,539301,483,411,4,415,8
2020-05-03,Sutter,101,95872,30,28,0,28,2
2020-05-03,Tehama,103,63373,2,1,0,1,1
2020-05-03,Trinity,105,12862,1,0,0,0,0
2020-05-03,Tulare,107,460477,1229,736,6,742,40
2020-05-03,Tuolumne,109,53932,2,3,0,3,0
2020-05-03,Ventura,111,848112,772,583,0,583,19
2020-05-03,Yolo,113,214977,183,171,0,171,18
2020-05-03,Yuba,115,75493,19,16,0,16,1
2020-05-02,Alameda,001,1643700,2078,1678,3,1681,63
2020-05-02,Alpine,003,1148,1,1,0,1,0
2020-05-02,Amador,005,37829,7,8,0,8,0
2020-05-02,Butte,007,227075,28,17,1,18,0
2020-05-02,Calaveras,009,45235,10,13,0,13,0
2020-05-02,Colusa,011,21464,3,3,0,3,0
2020-05-02,Contra Costa,013,1133247,1045,929,0,929,28
2020-05-02,Del Norte,015,27424,5,3,0,3,0
2020-05-02,El Dorado,017,186661,61,47,0,47,0
2020-05-02,Fresno,019,978130,1253,629,13,642,8
2020-05-02,Glenn,021,27897,7,5,0,5,0
2020-05-02,Humboldt,023,135768,59,54,0,54,0
2020-05-02,Imperial,025,180216,660,345,0,345,6
2020-05-02,Inyo,027,18085,19,20,0,20,1
2020-05-02,Kern,029,883053,1308,1007,1,1008,8
2020-05-02,Kings,031,150075,288,120,1,121,1
2020-05-02,Lake,033,64148,9,7,0,7,0
2020-05-02,Lassen,035,31185,1,0,2,2,0
2020-05-02,Los Angeles,037,10098052,32154,24955,18,24973,1192
2020-05-02,Madera,039,155013,103,46,1,47,2
2020-05-02,Marin,041,260295,248,243,1,244,13
2020-05-02,Mariposa,043,17540,15,13,0,13,0
2020-05-02,Mendocino,045,87422,13,10,0,10,0
2020-05-02,Merced,047,269075,210,131,0,131,3
2020-05-02,Modoc,049,8938,0,0,0,0,0
2020-05-02,Mono,051,14174,32,25,0,25,1
2020-05-02,Monterey,053,433212,283,225,3,228,5
2020-05-02,Napa,055,140530,84,71,0,71,2
2020-05-02,Nevada,057,99092,41,41,1,42,1
2020-05-02,Orange,059,3164182,4357,2774,30,2804,52
2020-05-02,Placer,061,380077,175,150,0,150,8
2020-05-02,Plumas,063,18699,4,4,0,4,0
2020-05-02,Riverside,065,2383286,5098,3997,12,4009,137
2020-05-02,Sacramento,067,1510023,1154,1097,0,1097,43
2020-05-02,San Benito,069,59416,53,49,0,49,2
2020-05-02,San Bernardino,071,2135413,2931,2124,2,2126,99
2020-05-02,San Diego,073,3302833,4868,3844,0,3844,138
2020-05-02,San Francisco,075,870044,1929,1632,0,1632,29
2020-05-02,San Joaquin,077,732212,610,559,3,562,25
2020-05-02,San Luis Obispo,079,281455,265,193,3,196,1
2020-05-02,San Mateo,081,765935,1506,1272,2,1274,52
2020-05-02,Santa Barbara,083,443738,727,506,4,510,7
2020-05-02,Santa Clara,085,1922200,2649,2203,4,2207,115
2020-05-02,Santa Cruz,087,273765,140,131,0,131,2
2020-05-02,Shasta,089,179085,39,31,0,31,4
2020-05-02,Sierra,091,2930,0,0,0,0,0
2020-05-02,Siskiyou,093,43540,5,5,0,5,0
2020-05-02,Solano,095,438530,355,267,0,267,4
2020-05-02,Sonoma,097,501317,300,250,0,250,3
2020-05-02,Stanislaus,099,539301,475,388,4,392,8
2020-05-02,Sutter,101,95872,30,28,0,28,2
2020-05-02,Tehama,103,63373,2,1,0,1,1
2020-05-02,Trinity,105,12862,1,0,0,0,0
2020-05-02,Tulare,107,460477,1188,711,6,717,35
2020-05-02,Tuolumne,109,53932,2,3,0,3,0
2020-05-02,Ventura,111,848112,758,564,0,564,19
2020-05-02,Yolo,113,214977,183,169,0,169,17
2020-05-02,Yuba,115,75493,19,16,0,16,1
2020-05-01,Alameda,001,1643700,2040,1630,3,1633,63
2020-05-01,Alpine,003,1148,1,1,0,1,0
2020-05-01,Amador,005,37829,7,8,0,8,0
2020-05-01,Butte,007,227075,28,17,1,18,0
2020-05-01,Calaveras,009,45235,10,13,0,13,0
2020-05-01,Colusa,011,21464,3,3,0,3,0
2020-05-01,Contra Costa,013,1133247,1031,915,0,915,28
2020-05-01,Del Norte,015,27424,5,3,0,3,0
2020-05-01,El Dorado,017,186661,61,47,0,47,0
2020-05-01,Fresno,019,978130,1222,617,13,630,7
2020-05-01,Glenn,021,27897,7,4,0,4,0
2020-05-01,Humboldt,023,135768,59,54,0,54,0
2020-05-01,Imperial,025,180216,623,337,0,337,6
2020-05-01,Inyo,027,18085,19,20,0,20,1
2020-05-01,Kern,029,883053,1281,972,1,973,8
2020-05-01,Kings,031,150075,271,112,1,113,1
2020-05-01,Lake,033,64148,9,6,0,6,0
2020-05-01,Lassen,035,31185,1,0,2,2,0
2020-05-01,Los Angeles,037,10098052,31399,24306,18,24324,1155
2020-05-01,Madera,039,155013,99,46,1,47,2
2020-05-01,Marin,041,260295,248,242,1,243,13
2020-05-01,Mariposa,043,17540,15,10,0,10,0
2020-05-01,Mendocino,045,87422,13,11,0,11,0
2020-05-01,Merced,047,269075,207,131,0,131,3
2020-05-01,Modoc,049,8938,0,0,0,0,0
2020-05-01,Mono,051,14174,32,25,0,25,1
2020-05-01,Monterey,053,433212,279,222,3,225,5
2020-05-01,Napa,055,140530,84,69,0,69,2
2020-05-01,Nevada,057,99092,41,41,1,42,1
2020-05-01,Orange,059,3164182,4278,2660,28,2688,51
2020-05-01,Placer,061,380077,174,149,0,149,8
2020-05-01,Plumas,063,18699,4,4,0,4,0
2020-05-01,Riverside,065,2383286,5034,3893,12,3905,132
2020-05-01,Sacramento,067,1510023,1149,1081,0,1081,43
2020-05-01,San Benito,069,59416,53,49,0,49,2
2020-05-01,San Bernardino,071,2135413,2876,2084,2,2086,98
2020-05-01,San Diego,073,3302833,4777,3713,0,3713,134
2020-05-01,San Francisco,075,870044,1885,1552,0,1552,29
2020-05-01,San Joaquin,077,732212,606,554,3,557,25
2020-05-01,San Luis Obispo,079,281455,262,186,3,189,1
2020-05-01,San Mateo,081,765935,1484,1222,2,1224,52
2020-05-01,Santa Barbara,083,443738,712,499,3,502,7
2020-05-01,Santa Clara,085,1922200,2637,2176,4,2180,112
2020-05-01,Santa Cruz,087,273765,140,127,0,127,2
2020-05-01,Shasta,089,179085,39,31,0,31,4
2020-05-01,Sierra,091,2930,0,0,0,0,0
2020-05-01,Siskiyou,093,43540,5,5,0,5,0
2020-05-01,Solano,095,438530,347,266,0,266,4
2020-05-01,Sonoma,097,501317,297,242,0,242,3
2020-05-01,Stanislaus,099,539301,470,384,4,388,8
2020-05-01,Sutter,101,95872,30,28,0,28,2
2020-05-01,Tehama,103,63373,2,1,0,1,1
2020-05-01,Trinity,105,12862,1,0,0,0,0
2020-05-01,Tulare,107,460477,1144,685,6,691,32
2020-05-01,Tuolumne,109,53932,2,3,0,3,0
2020-05-01,Ventura,111,848112,745,556,0,556,18
2020-05-01,Yolo,113,214977,183,165,0,165,18
2020-05-01,Yuba,115,75493,19,16,0,16,1
2020-04-30,Alameda,001,1643700,1980,1599,3,1602,60
2020-04-30,Alpine,003,1148,1,1,0,1,0
2020-04-30,Amador,005,37829,7,8,0,8,0
2020-04-30,Butte,007,227075,28,16,1,17,0
2020-04-30,Calaveras,009,45235,10,13,0,13,0
2020-04-30,Colusa,011,21464,3,3,0,3,0
2020-04-30,Contra Costa,013,1133247,1009,900,0,900,25
2020-04-30,Del Norte,015,27424,4,3,0,3,0
2020-04-30,El Dorado,017,186661,61,44,0,44,0
2020-04-30,Fresno,019,978130,1158,562,10,572,7
2020-04-30,Glenn,021,27897,7,4,0,4,0
2020-04-30,Humboldt,023,135768,59,54,0,54,0
2020-04-30,Imperial,025,180216,577,322,0,322,6
2020-04-30,Inyo,027,18085,19,20,0,20,1
2020-04-30,Kern,029,883053,1249,941,1,942,8
2020-04-30,Kings,031,150075,259,87,1,88,1
2020-04-30,Lake,033,64148,9,6,0,6,0
2020-04-30,Lassen,035,31185,1,0,2,2,0
2020-04-30,Los Angeles,037,10098052,30392,23284,18,23302,1099
2020-04-30,Madera,039,155013,88,46,1,47,2
2020-04-30,Marin,041,260295,248,240,1,241,13
2020-04-30,Mariposa,043,17540,15,3,0,3,0
2020-04-30,Mendocino,045,87422,13,11,0,11,0
2020-04-30,Merced,047,269075,200,122,0,122,3
2020-04-30,Modoc,049,8938,0,0,0,0,0
2020-04-30,Mono,051,14174,31,25,0,25,1
2020-04-30,Monterey,053,433212,269,213,3,216,5
2020-04-30,Napa,055,140530,82,69,0,69,2
2020-04-30,Nevada,057,99092,41,41,1,42,1
2020-04-30,Orange,059,3164182,4052,2591,25,2616,46
2020-04-30,Placer,061,380077,173,148,0,148,8
2020-04-30,Plumas,063,18699,4,4,0,4,0
2020-04-30,Riverside,065,2383286,4934,3820,11,3831,124
2020-04-30,Sacramento,067,1510023,1143,1071,0,1071,43
2020-04-30,San Benito,069,59416,53,48,0,48,2
2020-04-30,San Bernardino,071,2135413,2675,2020,2,2022,96
2020-04-30,San Diego,073,3302833,4606,3566,0,3566,124
2020-04-30,San Francisco,075,870044,1851,1518,0,1518,26
2020-04-30,San Joaquin,077,732212,598,548,3,551,25
2020-04-30,San Luis Obispo,079,281455,259,182,3,185,1
2020-04-30,San Mateo,081,765935,1454,1194,2,1196,52
2020-04-30,Santa Barbara,083,443738,686,490,3,493,7
2020-04-30,Santa Clara,085,1922200,2599,2172,4,2176,111
2020-04-30,Santa Cruz,087,273765,139,126,0,126,2
2020-04-30,Shasta,089,179085,38,31,0,31,4
2020-04-30,Sierra,091,2930,0,0,0,0,0
2020-04-30,Siskiyou,093,43540,5,5,0,5,0
2020-04-30,Solano,095,438530,337,262,0,262,4
2020-04-30,Sonoma,097,501317,288,233,0,233,3
2020-04-30,Stanislaus,099,539301,463,378,4,382,7
2020-04-30,Sutter,101,95872,30,28,0,28,2
2020-04-30,Tehama,103,63373,1,1,0,1,1
2020-04-30,Trinity,105,12862,1,0,0,0,0
2020-04-30,Tulare,107,460477,1081,637,6,643,31
2020-04-30,Tuolumne,109,53932,2,3,0,3,0
2020-04-30,Ventura,111,848112,717,547,0,547,18
2020-04-30,Yolo,113,214977,182,164,0,164,16
2020-04-30,Yuba,115,75493,19,15,0,15,1
2020-04-29,Alameda,001,1643700,1922,1564,2,1566,60
2020-04-29,Alpine,003,1148,1,1,0,1,0
2020-04-29,Amador,005,37829,7,8,0,8,0
2020-04-29,Butte,007,227075,28,16,1,17,0
2020-04-29,Calaveras,009,45235,10,13,0,13,0
2020-04-29,Colusa,011,21464,3,3,0,3,0
2020-04-29,Contra Costa,013,1133247,990,885,0,885,25
2020-04-29,Del Norte,015,27424,4,3,0,3,0
2020-04-29,El Dorado,017,186661,59,44,0,44,0
2020-04-29,Fresno,019,978130,1106,544,10,554,7
2020-04-29,Glenn,021,27897,7,4,0,4,0
2020-04-29,Humboldt,023,135768,59,53,0,53,0
2020-04-29,Imperial,025,180216,548,300,0,300,6
2020-04-29,Inyo,027,18085,19,20,0,20,1
2020-04-29,Kern,029,883053,1206,910,1,911,6
2020-04-29,Kings,031,150075,240,80,1,81,1
2020-04-29,Lake,033,64148,9,6,0,6,0
2020-04-29,Lassen,035,31185,1,0,2,2,0
2020-04-29,Los Angeles,037,10098052,29414,22560,18,22578,1043
2020-04-29,Madera,039,155013,86,45,1,46,2
2020-04-29,Marin,041,260295,245,234,1,235,13
2020-04-29,Mariposa,043,17540,15,1,0,1,0
2020-04-29,Mendocino,045,87422,13,11,0,11,0
2020-04-29,Merced,047,269075,193,116,0,116,3
2020-04-29,Modoc,049,8938,0,0,0,0,0
2020-04-29,Mono,051,14174,31,25,0,25,1
2020-04-29,Monterey,053,433212,261,204,3,207,5
2020-04-29,Napa,055,140530,80,68,0,68,2
2020-04-29,Nevada,057,99092,41,41,1,42,1
2020-04-29,Orange,059,3164182,3916,2421,24,2445,43
2020-04-29,Placer,061,380077,171,145,0,145,8
2020-04-29,Plumas,063,18699,4,4,0,4,0
2020-04-29,Riverside,065,2383286,4858,3700,11,3711,116
2020-04-29,Sacramento,067,1510023,1121,1055,0,1055,41
2020-04-29,San Benito,069,59416,53,48,0,48,2
2020-04-29,San Bernardino,071,2135413,2588,1975,1,1976,91
2020-04-29,San Diego,073,3302833,4464,3434,0,3434,120
2020-04-29,San Francisco,075,870044,1822,1489,0,1489,23
2020-04-29,San Joaquin,077,732212,590,540,3,543,25
2020-04-29,San Luis Obispo,079,281455,257,181,3,184,1
2020-04-29,San Mateo,081,765935,1428,1170,2,1172,50
2020-04-29,Santa Barbara,083,443738,670,477,3,480,7
2020-04-29,Santa Clara,085,1922200,2575,2147,4,2151,108
2020-04-29,Santa Cruz,087,273765,138,124,0,124,2
2020-04-29,Shasta,089,179085,37,31,0,31,4
2020-04-29,Sierra,091,2930,0,0,0,0,0
2020-04-29,Siskiyou,093,43540,5,5,0,5,0
2020-04-29,Solano,095,438530,313,252,0,252,3
2020-04-29,Sonoma,097,501317,280,230,0,230,2
2020-04-29,Stanislaus,099,539301,450,374,4,378,5
2020-04-29,Sutter,101,95872,30,28,0,28,2
2020-04-29,Tehama,103,63373,1,1,0,1,1
2020-04-29,Trinity,105,12862,1,0,0,0,0
2020-04-29,Tulare,107,460477,1009,615,5,620,30
2020-04-29,Tuolumne,109,53932,2,4,0,4,0
2020-04-29,Ventura,111,848112,694,530,0,530,18
2020-04-29,Yolo,113,214977,179,161,0,161,11
2020-04-29,Yuba,115,75493,19,15,0,15,1
2020-04-28,Alameda,001,1643700,1865,1525,2,1527,55
2020-04-28,Alpine,003,1148,1,1,0,1,0
2020-04-28,Amador,005,37829,7,8,0,8,0
2020-04-28,Butte,007,227075,28,16,1,17,0
2020-04-28,Calaveras,009,45235,10,13,0,13,0
2020-04-28,Colusa,011,21464,3,3,0,3,0
2020-04-28,Contra Costa,013,1133247,983,866,0,866,25
2020-04-28,Del Norte,015,27424,4,3,0,3,0
2020-04-28,El Dorado,017,186661,58,43,0,43,0
2020-04-28,Fresno,019,978130,1055,525,8,533,7
2020-04-28,Glenn,021,27897,5,4,0,4,0
2020-04-28,Humboldt,023,135768,58,53,0,53,0
2020-04-28,Imperial,025,180216,514,295,0,295,6
2020-04-28,Inyo,027,18085,19,20,0,20,1
2020-04-28,Kern,029,883053,1163,882,1,883,5
2020-04-28,Kings,031,150075,227,57,1,58,1
2020-04-28,Lake,033,64148,9,6,0,6,0
2020-04-28,Lassen,035,31185,1,0,2,2,0
2020-04-28,Los Angeles,037,10098052,28348,21029,18,21047,984
2020-04-28,Madera,039,155013,86,44,1,45,2
2020-04-28,Marin,041,260295,244,228,1,229,12
2020-04-28,Mariposa,043,17540,15,0,0,0,0
2020-04-28,Mendocino,045,87422,13,10,0,10,0
2020-04-28,Merced,047,269075,186,108,0,108,3
2020-04-28,Modoc,049,8938,0,0,0,0,0
2020-04-28,Mono,051,14174,31,25,0,25,1
2020-04-28,Monterey,053,433212,255,191,3,194,5
2020-04-28,Napa,055,140530,79,67,0,67,2
2020-04-28,Nevada,057,99092,41,41,1,42,1
2020-04-28,Orange,059,3164182,3748,2324,23,2347,42
2020-04-28,Placer,061,380077,161,143,0,143,8
2020-04-28,Plumas,063,18699,4,4,0,4,0
2020-04-28,Riverside,065,2383286,4763,3504,11,3515,113
2020-04-28,Sacramento,067,1510023,1106,1044,0,1044,41
2020-04-28,San Benito,069,59416,52,46,0,46,2
2020-04-28,San Bernardino,071,2135413,2511,1891,1,1892,89
2020-04-28,San Diego,073,3302833,4334,3316,0,3316,118
2020-04-28,San Francisco,075,870044,1787,1471,0,1471,23
2020-04-28,San Joaquin,077,732212,584,532,3,535,25
2020-04-28,San Luis Obispo,079,281455,250,172,3,175,1
2020-04-28,San Mateo,081,765935,1415,1129,2,1131,48
2020-04-28,Santa Barbara,083,443738,663,469,3,472,7
2020-04-28,Santa Clara,085,1922200,2542,2130,4,2134,106
2020-04-28,Santa Cruz,087,273765,138,123,0,123,2
2020-04-28,Shasta,089,179085,37,29,0,29,4
2020-04-28,Sierra,091,2930,0,0,0,0,0
2020-04-28,Siskiyou,093,43540,5,5,0,5,0
2020-04-28,Solano,095,438530,294,246,0,246,3
2020-04-28,Sonoma,097,501317,277,226,0,226,1
2020-04-28,Stanislaus,099,539301,434,330,4,334,5
2020-04-28,Sutter,101,95872,30,25,0,25,2
2020-04-28,Tehama,103,63373,1,1,0,1,1
2020-04-28,Trinity,105,12862,1,0,0,0,0
2020-04-28,Tulare,107,460477,915,579,5,584,30
2020-04-28,Tuolumne,109,53932,2,4,0,4,0
2020-04-28,Ventura,111,848112,674,517,0,517,17
2020-04-28,Yolo,113,214977,179,160,0,160,10
2020-04-28,Yuba,115,75493,19,15,0,15,1
2020-04-27,Alameda,001,1643700,1805,1494,2,1496,53
2020-04-27,Alpine,003,1148,1,1,0,1,0
2020-04-27,Amador,005,37829,7,8,0,8,0
2020-04-27,Butte,007,227075,27,16,1,17,0
2020-04-27,Calaveras,009,45235,10,13,0,13,0
2020-04-27,Colusa,011,21464,3,3,0,3,0
2020-04-27,Contra Costa,013,1133247,971,843,0,843,25
2020-04-27,Del Norte,015,27424,4,3,0,3,0
2020-04-27,El Dorado,017,186661,57,43,0,43,0
2020-04-27,Fresno,019,978130,951,504,7,511,7
2020-04-27,Glenn,021,27897,5,4,0,4,0
2020-04-27,Humboldt,023,135768,58,52,0,52,0
2020-04-27,Imperial,025,180216,484,290,0,290,6
2020-04-27,Inyo,027,18085,19,20,0,20,1
2020-04-27,Kern,029,883053,1124,865,1,866,4
2020-04-27,Kings,031,150075,204,48,1,49,1
2020-04-27,Lake,033,64148,8,6,0,6,0
2020-04-27,Lassen,035,31185,1,0,2,2,0
2020-04-27,Los Angeles,037,10098052,27331,20456,18,20474,931
2020-04-27,Madera,039,155013,84,42,1,43,2
2020-04-27,Marin,041,260295,239,227,1,228,12
2020-04-27,Mariposa,043,17540,14,0,0,0,0
2020-04-27,Mendocino,045,87422,13,10,0,10,0
2020-04-27,Merced,047,269075,183,108,0,108,3
2020-04-27,Modoc,049,8938,0,0,0,0,0
2020-04-27,Mono,051,14174,31,23,0,23,1
2020-04-27,Monterey,053,433212,248,185,3,188,4
2020-04-27,Napa,055,140530,76,64,0,64,2
2020-04-27,Nevada,057,99092,41,39,1,40,1
2020-04-27,Orange,059,3164182,3575,2198,23,2221,42
2020-04-27,Placer,061,380077,161,142,0,142,8
2020-04-27,Plumas,063,18699,4,4,0,4,0
2020-04-27,Riverside,065,2383286,4640,3381,11,3392,100
2020-04-27,Sacramento,067,1510023,1091,1035,0,1035,41
2020-04-27,San Benito,069,59416,50,45,0,45,2
2020-04-27,San Bernardino,071,2135413,2397,1742,1,1743,82
2020-04-27,San Diego,073,3302833,4208,3143,0,3143,113
2020-04-27,San Francisco,075,870044,1733,1453,0,1453,23
2020-04-27,San Joaquin,077,732212,578,522,3,525,25
2020-04-27,San Luis Obispo,079,281455,242,166,3,169,1
2020-04-27,San Mateo,081,765935,1393,1092,2,1094,46
2020-04-27,Santa Barbara,083,443738,647,466,3,469,7
2020-04-27,Santa Clara,085,1922200,2520,2104,3,2107,105
2020-04-27,Santa Cruz,087,273765,138,123,0,123,2
2020-04-27,Shasta,089,179085,37,29,0,29,4
2020-04-27,Sierra,091,2930,0,0,0,0,0
2020-04-27,Siskiyou,093,43540,5,5,0,5,0
2020-04-27,Solano,095,438530,294,222,0,222,3
2020-04-27,Sonoma,097,501317,268,220,0,220,1
2020-04-27,Stanislaus,099,539301,418,316,4,320,5
2020-04-27,Sutter,101,95872,29,26,0,26,2
2020-04-27,Tehama,103,63373,1,1,0,1,1
2020-04-27,Trinity,105,12862,1,0,0,0,0
2020-04-27,Tulare,107,460477,844,535,5,540,28
2020-04-27,Tuolumne,109,53932,2,3,0,3,0
2020-04-27,Ventura,111,848112,656,513,0,513,17
2020-04-27,Yolo,113,214977,176,160,0,160,9
2020-04-27,Yuba,115,75493,19,15,0,15,1
2020-04-26,Alameda,001,1643700,1744,1449,2,1451,52
2020-04-26,Alpine,003,1148,1,1,0,1,0
2020-04-26,Amador,005,37829,7,8,0,8,0
2020-04-26,Butte,007,227075,27,16,1,17,0
2020-04-26,Calaveras,009,45235,10,13,0,13,0
2020-04-26,Colusa,011,21464,3,3,0,3,0
2020-04-26,Contra Costa,013,1133247,955,830,0,830,25
2020-04-26,Del Norte,015,27424,3,3,0,3,0
2020-04-26,El Dorado,017,186661,55,41,0,41,0
2020-04-26,Fresno,019,978130,858,476,7,483,7
2020-04-26,Glenn,021,27897,5,4,0,4,0
2020-04-26,Humboldt,023,135768,58,53,0,53,0
2020-04-26,Imperial,025,180216,450,272,0,272,6
2020-04-26,Inyo,027,18085,19,20,0,20,1
2020-04-26,Kern,029,883053,1074,831,1,832,4
2020-04-26,Kings,031,150075,179,33,1,34,1
2020-04-26,Lake,033,64148,8,6,0,6,0
2020-04-26,Lassen,035,31185,1,0,2,2,0
2020-04-26,Los Angeles,037,10098052,26182,19570,18,19588,901
2020-04-26,Madera,039,155013,82,39,1,40,2
2020-04-26,Marin,041,260295,233,225,1,226,12
2020-04-26,Mariposa,043,17540,14,0,0,0,0
2020-04-26,Mendocino,045,87422,13,5,0,5,0
2020-04-26,Merced,047,269075,166,104,0,104,3
2020-04-26,Modoc,049,8938,0,0,0,0,0
2020-04-26,Mono,051,14174,31,23,0,23,1
2020-04-26,Monterey,053,433212,241,182,3,185,4
2020-04-26,Napa,055,140530,75,62,0,62,2
2020-04-26,Nevada,057,99092,41,37,1,38,1
2020-04-26,Orange,059,3164182,3407,2124,23,2147,40
2020-04-26,Placer,061,380077,161,141,0,141,8
2020-04-26,Plumas,063,18699,4,4,0,4,0
2020-04-26,Riverside,065,2383286,4497,3301,11,3312,95
2020-04-26,Sacramento,067,1510023,1082,1027,0,1027,41
2020-04-26,San Benito,069,59416,50,45,0,45,2
2020-04-26,San Bernardino,071,2135413,2299,1681,1,1682,82
2020-04-26,San Diego,073,3302833,4066,3045,0,3045,111
2020-04-26,San Francisco,075,870044,1694,1403,0,1403,23
2020-04-26,San Joaquin,077,732212,570,514,3,517,25
2020-04-26,San Luis Obispo,079,281455,239,165,3,168,1
2020-04-26,San Mateo,081,765935,1367,1070,2,1072,46
2020-04-26,Santa Barbara,083,443738,634,464,3,467,7
2020-04-26,Santa Clara,085,1922200,2497,2097,2,2099,102
2020-04-26,Santa Cruz,087,273765,138,116,0,116,2
2020-04-26,Shasta,089,179085,34,29,0,29,4
2020-04-26,Sierra,091,2930,0,0,0,0,0
2020-04-26,Siskiyou,093,43540,5,5,0,5,0
2020-04-26,Solano,095,438530,285,205,0,205,3
2020-04-26,Sonoma,097,501317,257,216,0,216,1
2020-04-26,Stanislaus,099,539301,403,294,4,298,4
2020-04-26,Sutter,101,95872,29,26,0,26,2
2020-04-26,Tehama,103,63373,1,1,0,1,1
2020-04-26,Trinity,105,12862,1,0,0,0,0
2020-04-26,Tulare,107,460477,786,497,5,502,28
2020-04-26,Tuolumne,109,53932,2,3,0,3,0
2020-04-26,Ventura,111,848112,638,509,0,509,17
2020-04-26,Yolo,113,214977,175,158,0,158,8
2020-04-26,Yuba,115,75493,18,15,0,15,1
2020-04-25,Alameda,001,1643700,1719,1396,2,1398,52
2020-04-25,Alpine,003,1148,1,1,0,1,0
2020-04-25,Amador,005,37829,7,8,0,8,0
2020-04-25,Butte,007,227075,26,16,1,17,0
2020-04-25,Calaveras,009,45235,10,12,0,12,0
2020-04-25,Colusa,011,21464,3,3,0,3,0
2020-04-25,Contra Costa,013,1133247,941,821,0,821,24
2020-04-25,Del Norte,015,27424,2,2,0,2,0
2020-04-25,El Dorado,017,186661,54,41,0,41,0
2020-04-25,Fresno,019,978130,827,459,6,465,7
2020-04-25,Glenn,021,27897,5,4,0,4,0
2020-04-25,Humboldt,023,135768,58,53,0,53,0
2020-04-25,Imperial,025,180216,433,232,0,232,6
2020-04-25,Inyo,027,18085,19,20,0,20,1
2020-04-25,Kern,029,883053,1043,802,1,803,4
2020-04-25,Kings,031,150075,167,33,1,34,1
2020-04-25,Lake,033,64148,6,6,0,6,0
2020-04-25,Lassen,035,31185,1,0,2,2,0
2020-04-25,Los Angeles,037,10098052,25548,19144,18,19162,881
2020-04-25,Madera,039,155013,79,39,1,40,2
2020-04-25,Marin,041,260295,233,215,1,216,12
2020-04-25,Mariposa,043,17540,14,0,0,0,0
2020-04-25,Mendocino,045,87422,12,5,0,5,0
2020-04-25,Merced,047,269075,166,103,0,103,3
2020-04-25,Modoc,049,8938,0,0,0,0,0
2020-04-25,Mono,051,14174,31,23,0,23,1
2020-04-25,Monterey,053,433212,239,173,3,176,4
2020-04-25,Napa,055,140530,75,60,0,60,2
2020-04-25,Nevada,057,99092,41,37,1,38,1
2020-04-25,Orange,059,3164182,3295,2047,23,2070,40
2020-04-25,Placer,061,380077,161,137,0,137,8
2020-04-25,Plumas,063,18699,4,4,0,4,0
2020-04-25,Riverside,065,2383286,4407,3037,11,3048,93
2020-04-25,Sacramento,067,1510023,1080,1015,0,1015,41
2020-04-25,San Benito,069,59416,50,45,0,45,2
2020-04-25,San Bernardino,071,2135413,2254,1675,1,1676,82
2020-04-25,San Diego,073,3302833,3966,2945,0,2945,111
2020-04-25,San Francisco,075,870044,1669,1341,0,1341,22
2020-04-25,San Joaquin,077,732212,563,497,3,500,24
2020-04-25,San Luis Obispo,079,281455,238,159,3,162,1
2020-04-25,San Mateo,081,765935,1349,1054,2,1056,46
2020-04-25,Santa Barbara,083,443738,626,457,3,460,7
2020-04-25,Santa Clara,085,1922200,2477,2045,2,2047,99
2020-04-25,Santa Cruz,087,273765,138,112,0,112,2
2020-04-25,Shasta,089,179085,34,29,0,29,4
2020-04-25,Sierra,091,2930,0,0,0,0,0
2020-04-25,Siskiyou,093,43540,5,5,0,5,0
2020-04-25,Solano,095,438530,281,203,0,203,3
2020-04-25,Sonoma,097,501317,253,199,0,199,1
2020-04-25,Stanislaus,099,539301,395,276,4,280,4
2020-04-25,Sutter,101,95872,29,24,0,24,2
2020-04-25,Tehama,103,63373,1,1,0,1,1
2020-04-25,Trinity,105,12862,0,0,0,0,0
2020-04-25,Tulare,107,460477,753,478,5,483,28
2020-04-25,Tuolumne,109,53932,2,2,0,2,0
2020-04-25,Ventura,111,848112,624,494,0,494,16
2020-04-25,Yolo,113,214977,175,157,0,157,8
2020-04-25,Yuba,115,75493,17,15,0,15,1
2020-04-24,Alameda,001,1643700,1688,1385,2,1387,50
2020-04-24,Alpine,003,1148,1,1,0,1,0
2020-04-24,Amador,005,37829,7,8,0,8,0
2020-04-24,Butte,007,227075,25,15,1,16,0
2020-04-24,Calaveras,009,45235,10,12,0,12,0
2020-04-24,Colusa,011,21464,3,3,0,3,0
2020-04-24,Contra Costa,013,1133247,932,806,0,806,23
2020-04-24,Del Norte,015,27424,2,2,0,2,0
2020-04-24,El Dorado,017,186661,53,41,0,41,0
2020-04-24,Fresno,019,978130,804,449,6,455,7
2020-04-24,Glenn,021,27897,5,4,0,4,0
2020-04-24,Humboldt,023,135768,58,53,0,53,0
2020-04-24,Imperial,025,180216,417,232,0,232,6
2020-04-24,Inyo,027,18085,19,20,0,20,0
2020-04-24,Kern,029,883053,1019,770,1,771,4
2020-04-24,Kings,031,150075,138,30,1,31,1
2020-04-24,Lake,033,64148,6,6,0,6,0
2020-04-24,Lassen,035,31185,1,0,2,2,0
2020-04-24,Los Angeles,037,10098052,24616,18553,18,18571,836
2020-04-24,Madera,039,155013,79,39,1,40,2
2020-04-24,Marin,041,260295,233,211,1,212,11
2020-04-24,Mariposa,043,17540,8,0,0,0,0
2020-04-24,Mendocino,045,87422,12,5,0,5,0
2020-04-24,Merced,047,269075,163,102,0,102,3
2020-04-24,Modoc,049,8938,0,0,0,0,0
2020-04-24,Mono,051,14174,30,23,0,23,1
2020-04-24,Monterey,053,433212,232,167,3,170,4
2020-04-24,Napa,055,140530,74,59,0,59,2
2020-04-24,Nevada,057,99092,41,36,1,37,1
2020-04-24,Orange,059,3164182,3181,1945,23,1968,39
2020-04-24,Placer,061,380077,159,137,0,137,8
2020-04-24,Plumas,063,18699,4,4,0,4,0
2020-04-24,Riverside,065,2383286,4326,3044,11,3055,87
2020-04-24,Sacramento,067,1510023,1074,1009,0,1009,41
2020-04-24,San Benito,069,59416,50,45,0,45,2
2020-04-24,San Bernardino,071,2135413,2219,1667,1,1668,80
2020-04-24,San Diego,073,3302833,3855,2828,0,2828,102
2020-04-24,San Francisco,075,870044,1611,1345,0,1345,22
2020-04-24,San Joaquin,077,732212,556,484,3,487,24
2020-04-24,San Luis Obispo,079,281455,235,151,3,154,1
2020-04-24,San Mateo,081,765935,1326,1004,2,1006,43
2020-04-24,Santa Barbara,083,443738,619,450,3,453,6
2020-04-24,Santa Clara,085,1922200,2438,2026,2,2028,98
2020-04-24,Santa Cruz,087,273765,134,111,0,111,2
2020-04-24,Shasta,089,179085,34,28,0,28,4
2020-04-24,Sierra,091,2930,0,0,0,0,0
2020-04-24,Siskiyou,093,43540,5,5,0,5,0
2020-04-24,Solano,095,438530,279,203,0,203,3
2020-04-24,Sonoma,097,501317,249,199,0,199,1
2020-04-24,Stanislaus,099,539301,392,273,4,277,4
2020-04-24,Sutter,101,95872,28,24,0,24,2
2020-04-24,Tehama,103,63373,1,1,0,1,1
2020-04-24,Trinity,105,12862,0,0,0,0,0
2020-04-24,Tulare,107,460477,725,459,5,464,27
2020-04-24,Tuolumne,109,53932,2,2,0,2,0
2020-04-24,Ventura,111,848112,614,489,0,489,16
2020-04-24,Yolo,113,214977,174,155,0,155,8
2020-04-24,Yuba,115,75493,16,15,0,15,1
2020-04-23,Alameda,001,1643700,1650,1336,2,1338,46
2020-04-23,Alpine,003,1148,1,1,0,1,0
2020-04-23,Amador,005,37829,7,8,0,8,0
2020-04-23,Butte,007,227075,25,15,1,16,0
2020-04-23,Calaveras,009,45235,10,12,0,12,0
2020-04-23,Colusa,011,21464,3,3,0,3,0
2020-04-23,Contra Costa,013,1133247,911,786,0,786,23
2020-04-23,Del Norte,015,27424,2,2,0,2,0
2020-04-23,El Dorado,017,186661,52,39,0,39,0
2020-04-23,Fresno,019,978130,766,426,6,432,7
2020-04-23,Glenn,021,27897,5,3,0,3,0
2020-04-23,Humboldt,023,135768,58,53,0,53,0
2020-04-23,Imperial,025,180216,397,181,0,181,4
2020-04-23,Inyo,027,18085,19,19,0,19,0
2020-04-23,Kern,029,883053,971,732,1,733,4
2020-04-23,Kings,031,150075,123,28,1,29,1
2020-04-23,Lake,033,64148,6,6,0,6,0
2020-04-23,Lassen,035,31185,1,0,2,2,0
2020-04-23,Los Angeles,037,10098052,23556,17548,17,17565,784
2020-04-23,Madera,039,155013,77,37,1,38,2
2020-04-23,Marin,041,260295,220,209,1,210,11
2020-04-23,Mariposa,043,17540,7,0,0,0,0
2020-04-23,Mendocino,045,87422,10,5,0,5,0
2020-04-23,Merced,047,269075,159,98,0,98,3
2020-04-23,Modoc,049,8938,0,0,0,0,0
2020-04-23,Mono,051,14174,30,23,0,23,1
2020-04-23,Monterey,053,433212,228,161,3,164,4
2020-04-23,Napa,055,140530,67,59,0,59,2
2020-04-23,Nevada,057,99092,41,36,1,37,1
2020-04-23,Orange,059,3164182,3003,1841,22,1863,37
2020-04-23,Placer,061,380077,156,136,0,136,8
2020-04-23,Plumas,063,18699,4,4,0,4,0
2020-04-23,Riverside,065,2383286,4212,2935,10,2945,78
2020-04-23,Sacramento,067,1510023,1062,978,0,978,41
2020-04-23,San Benito,069,59416,47,43,0,43,2
2020-04-23,San Bernardino,071,2135413,2154,1604,1,1605,79
2020-04-23,San Diego,073,3302833,3694,2645,0,2645,100
2020-04-23,San Francisco,075,870044,1586,1312,0,1312,21
2020-04-23,San Joaquin,077,732212,546,479,3,482,20
2020-04-23,San Luis Obispo,079,281455,231,146,3,149,1
2020-04-23,San Mateo,081,765935,1286,970,2,972,42
2020-04-23,Santa Barbara,083,443738,609,445,3,448,6
2020-04-23,Santa Clara,085,1922200,2404,1996,2,1998,95
2020-04-23,Santa Cruz,087,273765,133,110,0,110,2
2020-04-23,Shasta,089,179085,34,27,0,27,3
2020-04-23,Sierra,091,2930,0,0,0,0,0
2020-04-23,Siskiyou,093,43540,5,5,0,5,0
2020-04-23,Solano,095,438530,265,196,0,196,3
2020-04-23,Sonoma,097,501317,237,187,0,187,1
2020-04-23,Stanislaus,099,539301,388,254,4,258,4
2020-04-23,Sutter,101,95872,28,24,0,24,2
2020-04-23,Tehama,103,63373,1,1,0,1,1
2020-04-23,Trinity,105,12862,0,0,0,0,0
2020-04-23,Tulare,107,460477,696,440,5,445,25
2020-04-23,Tuolumne,109,53932,2,2,0,2,0
2020-04-23,Ventura,111,848112,600,479,0,479,16
2020-04-23,Yolo,113,214977,171,151,0,151,8
2020-04-23,Yuba,115,75493,16,15,0,15,1
2020-04-22,Alameda,001,1643700,1601,1275,2,1277,46
2020-04-22,Alpine,003,1148,1,1,0,1,0
2020-04-22,Amador,005,37829,7,7,0,7,0
2020-04-22,Butte,007,227075,24,15,1,16,0
2020-04-22,Calaveras,009,45235,10,12,0,12,0
2020-04-22,Colusa,011,21464,3,3,0,3,0
2020-04-22,Contra Costa,013,1133247,896,772,0,772,22
2020-04-22,Del Norte,015,27424,2,2,0,2,0
2020-04-22,El Dorado,017,186661,52,39,0,39,0
2020-04-22,Fresno,019,978130,727,388,6,394,7
2020-04-22,Glenn,021,27897,5,3,0,3,0
2020-04-22,Humboldt,023,135768,58,53,0,53,0
2020-04-22,Imperial,025,180216,386,170,0,170,3
2020-04-22,Inyo,027,18085,19,18,0,18,0
2020-04-22,Kern,029,883053,949,713,1,714,4
2020-04-22,Kings,031,150075,102,28,1,29,1
2020-04-22,Lake,033,64148,6,6,0,6,0
2020-04-22,Lassen,035,31185,1,0,2,2,0
2020-04-22,Los Angeles,037,10098052,22530,16400,17,16417,715
2020-04-22,Madera,039,155013,75,37,1,38,2
2020-04-22,Marin,041,260295,218,202,1,203,11
2020-04-22,Mariposa,043,17540,6,0,0,0,0
2020-04-22,Mendocino,045,87422,7,5,0,5,0
2020-04-22,Merced,047,269075,147,92,0,92,3
2020-04-22,Modoc,049,8938,0,0,0,0,0
2020-04-22,Mono,051,14174,29,23,0,23,1
2020-04-22,Monterey,053,433212,221,154,3,157,4
2020-04-22,Napa,055,140530,66,58,0,58,2
2020-04-22,Nevada,057,99092,41,36,1,37,1
2020-04-22,Orange,059,3164182,2907,1785,22,1807,36
2020-04-22,Placer,061,380077,154,133,0,133,8
2020-04-22,Plumas,063,18699,4,4,0,4,0
2020-04-22,Riverside,065,2383286,4108,2822,10,2832,76
2020-04-22,Sacramento,067,1510023,1057,959,0,959,36
2020-04-22,San Benito,069,59416,46,43,0,43,2
2020-04-22,San Bernardino,071,2135413,2091,1564,1,1565,74
2020-04-22,San Diego,073,3302833,3566,2493,0,2493,96
2020-04-22,San Francisco,075,870044,1549,1255,0,1255,21
2020-04-22,San Joaquin,077,732212,535,462,3,465,20
2020-04-22,San Luis Obispo,079,281455,222,142,3,145,1
2020-04-22,San Mateo,081,765935,1263,945,2,947,40
2020-04-22,Santa Barbara,083,443738,601,437,3,440,6
2020-04-22,Santa Clara,085,1922200,2390,1969,2,1971,95
2020-04-22,Santa Cruz,087,273765,129,106,0,106,2
2020-04-22,Shasta,089,179085,33,26,0,26,3
2020-04-22,Sierra,091,2930,0,0,0,0,0
2020-04-22,Siskiyou,093,43540,5,5,0,5,0
2020-04-22,Solano,095,438530,246,195,0,195,3
2020-04-22,Sonoma,097,501317,234,185,0,185,1
2020-04-22,Stanislaus,099,539301,331,247,4,251,4
2020-04-22,Sutter,101,95872,28,22,0,22,2
2020-04-22,Tehama,103,63373,1,1,0,1,1
2020-04-22,Trinity,105,12862,0,0,0,0,0
2020-04-22,Tulare,107,460477,663,425,5,430,23
2020-04-22,Tuolumne,109,53932,2,2,0,2,0
2020-04-22,Ventura,111,848112,590,465,0,465,15
2020-04-22,Yolo,113,214977,171,147,0,147,8
2020-04-22,Yuba,115,75493,16,15,0,15,1
2020-04-21,Alameda,001,1643700,1571,1234,2,1236,46
2020-04-21,Alpine,003,1148,1,1,0,1,0
2020-04-21,Amador,005,37829,7,7,0,7,0
2020-04-21,Butte,007,227075,23,15,1,16,0
2020-04-21,Calaveras,009,45235,9,12,0,12,0
2020-04-21,Colusa,011,21464,3,3,0,3,0
2020-04-21,Contra Costa,013,1133247,882,766,0,766,22
2020-04-21,Del Norte,015,27424,2,2,0,2,0
2020-04-21,El Dorado,017,186661,51,36,0,36,0
2020-04-21,Fresno,019,978130,693,372,6,378,7
2020-04-21,Glenn,021,27897,5,3,0,3,0
2020-04-21,Humboldt,023,135768,57,53,0,53,0
2020-04-21,Imperial,025,180216,366,165,0,165,2
2020-04-21,Inyo,027,18085,19,18,0,18,0
2020-04-21,Kern,029,883053,907,676,1,677,4
2020-04-21,Kings,031,150075,88,28,1,29,1
2020-04-21,Lake,033,64148,6,6,0,6,0
2020-04-21,Lassen,035,31185,1,0,2,2,0
2020-04-21,Los Angeles,037,10098052,21670,15096,17,15113,650
2020-04-21,Madera,039,155013,75,37,1,38,2
2020-04-21,Marin,041,260295,212,202,1,203,10
2020-04-21,Mariposa,043,17540,5,0,0,0,0
2020-04-21,Mendocino,045,87422,7,5,0,5,0
2020-04-21,Merced,047,269075,143,89,0,89,3
2020-04-21,Modoc,049,8938,0,0,0,0,0
2020-04-21,Mono,051,14174,29,23,0,23,1
2020-04-21,Monterey,053,433212,218,151,3,154,4
2020-04-21,Napa,055,140530,65,58,0,58,2
2020-04-21,Nevada,057,99092,41,36,1,37,1
2020-04-21,Orange,059,3164182,2783,1717,21,1738,36
2020-04-21,Placer,061,380077,152,133,0,133,8
2020-04-21,Plumas,063,18699,4,4,0,4,0
2020-04-21,Riverside,065,2383286,3977,2631,10,2641,68
2020-04-21,Sacramento,067,1510023,1047,941,0,941,33
2020-04-21,San Benito,069,59416,45,43,0,43,2
2020-04-21,San Bernardino,071,2135413,2030,1499,1,1500,71
2020-04-21,San Diego,073,3302833,3410,2436,0,2436,87
2020-04-21,San Francisco,075,870044,1519,1232,0,1232,20
2020-04-21,San Joaquin,077,732212,525,447,3,450,20
2020-04-21,San Luis Obispo,079,281455,216,134,3,137,1
2020-04-21,San Mateo,081,765935,1217,933,2,935,34
2020-04-21,Santa Barbara,083,443738,589,414,2,416,5
2020-04-21,Santa Clara,085,1922200,2342,1943,2,1945,91
2020-04-21,Santa Cruz,087,273765,127,104,0,104,2
2020-04-21,Shasta,089,179085,32,26,0,26,3
2020-04-21,Sierra,091,2930,0,0,0,0,0
2020-04-21,Siskiyou,093,43540,5,5,0,5,0
2020-04-21,Solano,095,438530,238,193,0,193,3
2020-04-21,Sonoma,097,501317,224,182,0,182,1
2020-04-21,Stanislaus,099,539301,312,235,4,239,4
2020-04-21,Sutter,101,95872,28,22,0,22,2
2020-04-21,Tehama,103,63373,1,1,0,1,1
2020-04-21,Trinity,105,12862,0,0,0,0,0
2020-04-21,Tulare,107,460477,627,410,5,415,23
2020-04-21,Tuolumne,109,53932,2,2,0,2,0
2020-04-21,Ventura,111,848112,578,455,0,455,14
2020-04-21,Yolo,113,214977,169,143,0,143,8
2020-04-21,Yuba,115,75493,16,15,0,15,1
2020-04-20,Alameda,001,1643700,1538,1181,2,1183,42
2020-04-20,Alpine,003,1148,1,1,0,1,0
2020-04-20,Amador,005,37829,7,7,0,7,0
2020-04-20,Butte,007,227075,23,15,1,16,0
2020-04-20,Calaveras,009,45235,9,12,0,12,0
2020-04-20,Colusa,011,21464,3,3,0,3,0
2020-04-20,Contra Costa,013,1133247,872,753,0,753,22
2020-04-20,Del Norte,015,27424,2,2,0,2,0
2020-04-20,El Dorado,017,186661,51,36,0,36,0
2020-04-20,Fresno,019,978130,675,356,6,362,7
2020-04-20,Glenn,021,27897,4,3,0,3,0
2020-04-20,Humboldt,023,135768,57,53,0,53,0
2020-04-20,Imperial,025,180216,346,149,0,149,2
2020-04-20,Inyo,027,18085,19,17,0,17,0
2020-04-20,Kern,029,883053,875,651,1,652,3
2020-04-20,Kings,031,150075,77,19,1,20,1
2020-04-20,Lake,033,64148,6,6,0,6,0
2020-04-20,Lassen,035,31185,1,0,2,2,0
2020-04-20,Los Angeles,037,10098052,20755,13787,17,13804,608
2020-04-20,Madera,039,155013,74,35,1,36,2
2020-04-20,Marin,041,260295,208,200,1,201,10
2020-04-20,Mariposa,043,17540,5,0,0,0,0
2020-04-20,Mendocino,045,87422,7,5,0,5,0
2020-04-20,Merced,047,269075,136,88,0,88,3
2020-04-20,Modoc,049,8938,0,0,0,0,0
2020-04-20,Mono,051,14174,29,23,0,23,1
2020-04-20,Monterey,053,433212,209,147,3,150,4
2020-04-20,Napa,055,140530,65,55,0,55,2
2020-04-20,Nevada,057,99092,41,34,1,35,1
2020-04-20,Orange,059,3164182,2699,1679,21,1700,33
2020-04-20,Placer,061,380077,151,132,0,132,8
2020-04-20,Plumas,063,18699,4,4,0,4,0
2020-04-20,Riverside,065,2383286,3852,2477,10,2487,61
2020-04-20,Sacramento,067,1510023,1037,924,0,924,32
2020-04-20,San Benito,069,59416,45,43,0,43,2
2020-04-20,San Bernardino,071,2135413,1943,1344,1,1345,63
2020-04-20,San Diego,073,3302833,3268,2327,0,2327,72
2020-04-20,San Francisco,075,870044,1487,1223,0,1223,19
2020-04-20,San Joaquin,077,732212,521,422,3,425,17
2020-04-20,San Luis Obispo,079,281455,202,132,3,135,1
2020-04-20,San Mateo,081,765935,1194,890,2,892,31
2020-04-20,Santa Barbara,083,443738,577,388,2,390,4
2020-04-20,Santa Clara,085,1922200,2315,1920,2,1922,84
2020-04-20,Santa Cruz,087,273765,125,102,0,102,2
2020-04-20,Shasta,089,179085,32,26,0,26,3
2020-04-20,Sierra,091,2930,0,0,0,0,0
2020-04-20,Siskiyou,093,43540,5,5,0,5,0
2020-04-20,Solano,095,438530,235,185,0,185,2
2020-04-20,Sonoma,097,501317,216,178,0,178,1
2020-04-20,Stanislaus,099,539301,298,228,4,232,3
2020-04-20,Sutter,101,95872,27,22,0,22,2
2020-04-20,Tehama,103,63373,1,1,0,1,1
2020-04-20,Trinity,105,12862,0,0,0,0,0
2020-04-20,Tulare,107,460477,617,401,5,406,20
2020-04-20,Tuolumne,109,53932,2,2,0,2,0
2020-04-20,Ventura,111,848112,564,426,0,426,13
2020-04-20,Yolo,113,214977,168,125,0,125,5
2020-04-20,Yuba,115,75493,16,15,0,15,1
2020-04-19,Alameda,001,1643700,1488,1134,2,1136,41
2020-04-19,Alpine,003,1148,1,1,0,1,0
2020-04-19,Amador,005,37829,6,7,0,7,0
2020-04-19,Butte,007,227075,22,15,1,16,0
2020-04-19,Calaveras,009,45235,9,12,0,12,0
2020-04-19,Colusa,011,21464,3,3,0,3,0
2020-04-19,Contra Costa,013,1133247,858,731,0,731,20
2020-04-19,Del Norte,015,27424,2,2,0,2,0
2020-04-19,El Dorado,017,186661,51,36,0,36,0
2020-04-19,Fresno,019,978130,639,326,6,332,7
2020-04-19,Glenn,021,27897,4,3,0,3,0
2020-04-19,Humboldt,023,135768,57,53,0,53,0
2020-04-19,Imperial,025,180216,320,144,0,144,2
2020-04-19,Inyo,027,18085,19,17,0,17,0
2020-04-19,Kern,029,883053,850,629,1,630,3
2020-04-19,Kings,031,150075,67,17,1,18,1
2020-04-19,Lake,033,64148,6,6,0,6,0
2020-04-19,Lassen,035,31185,1,0,2,2,0
2020-04-19,Los Angeles,037,10098052,19760,12299,17,12316,589
2020-04-19,Madera,039,155013,72,34,1,35,2
2020-04-19,Marin,041,260295,207,194,1,195,10
2020-04-19,Mariposa,043,17540,2,0,0,0,0
2020-04-19,Mendocino,045,87422,7,4,0,4,0
2020-04-19,Merced,047,269075,131,85,0,85,3
2020-04-19,Modoc,049,8938,0,0,0,0,0
2020-04-19,Mono,051,14174,29,23,0,23,1
2020-04-19,Monterey,053,433212,200,140,3,143,4
2020-04-19,Napa,055,140530,63,49,0,49,2
2020-04-19,Nevada,057,99092,40,34,1,35,1
2020-04-19,Orange,059,3164182,2599,1591,19,1610,32
2020-04-19,Placer,061,380077,150,131,0,131,8
2020-04-19,Plumas,063,18699,4,4,0,4,0
2020-04-19,Riverside,065,2383286,3709,2316,10,2326,56
2020-04-19,Sacramento,067,1510023,1010,912,0,912,32
2020-04-19,San Benito,069,59416,43,40,0,40,2
2020-04-19,San Bernardino,071,2135413,1880,1262,1,1263,58
2020-04-19,San Diego,073,3302833,3101,2270,0,2270,71
2020-04-19,San Francisco,075,870044,1454,1153,0,1153,19
2020-04-19,San Joaquin,077,732212,503,404,3,407,17
2020-04-19,San Luis Obispo,079,281455,197,132,3,135,1
2020-04-19,San Mateo,081,765935,1158,845,2,847,31
2020-04-19,Santa Barbara,083,443738,565,377,2,379,3
2020-04-19,Santa Clara,085,1922200,2273,1878,2,1880,81
2020-04-19,Santa Cruz,087,273765,122,98,0,98,2
2020-04-19,Shasta,089,179085,30,26,0,26,3
2020-04-19,Sierra,091,2930,0,0,0,0,0
2020-04-19,Siskiyou,093,43540,5,5,0,5,0
2020-04-19,Solano,095,438530,227,174,0,174,2
2020-04-19,Sonoma,097,501317,210,172,0,172,1
2020-04-19,Stanislaus,099,539301,290,221,4,225,3
2020-04-19,Sutter,101,95872,26,21,0,21,2
2020-04-19,Tehama,103,63373,1,1,0,1,1
2020-04-19,Trinity,105,12862,0,0,0,0,0
2020-04-19,Tulare,107,460477,572,391,5,396,17
2020-04-19,Tuolumne,109,53932,2,2,0,2,0
2020-04-19,Ventura,111,848112,556,418,0,418,13
2020-04-19,Yolo,113,214977,168,120,0,120,5
2020-04-19,Yuba,115,75493,16,15,0,15,1
2020-04-18,Alameda,001,1643700,1463,1085,2,1087,40
2020-04-18,Alpine,003,1148,1,1,0,1,0
2020-04-18,Amador,005,37829,6,7,0,7,0
2020-04-18,Butte,007,227075,21,15,1,16,0
2020-04-18,Calaveras,009,45235,9,12,0,12,0
2020-04-18,Colusa,011,21464,3,3,0,3,0
2020-04-18,Contra Costa,013,1133247,846,721,0,721,17
2020-04-18,Del Norte,015,27424,2,2,0,2,0
2020-04-18,El Dorado,017,186661,51,36,0,36,0
2020-04-18,Fresno,019,978130,619,319,6,325,7
2020-04-18,Glenn,021,27897,4,3,0,3,0
2020-04-18,Humboldt,023,135768,57,52,0,52,0
2020-04-18,Imperial,025,180216,311,137,0,137,2
2020-04-18,Inyo,027,18085,19,17,0,17,0
2020-04-18,Kern,029,883053,828,626,1,627,3
2020-04-18,Kings,031,150075,66,17,1,18,1
2020-04-18,Lake,033,64148,6,6,0,6,0
2020-04-18,Lassen,035,31185,1,0,2,2,0
2020-04-18,Los Angeles,037,10098052,19235,11984,16,12000,566
2020-04-18,Madera,039,155013,71,34,1,35,2
2020-04-18,Marin,041,260295,205,193,1,194,10
2020-04-18,Mariposa,043,17540,2,0,0,0,0
2020-04-18,Mendocino,045,87422,7,4,0,4,0
2020-04-18,Merced,047,269075,129,82,0,82,3
2020-04-18,Modoc,049,8938,0,0,0,0,0
2020-04-18,Mono,051,14174,29,22,0,22,1
2020-04-18,Monterey,053,433212,196,135,3,138,3
2020-04-18,Napa,055,140530,63,49,0,49,2
2020-04-18,Nevada,057,99092,39,34,1,35,1
2020-04-18,Orange,059,3164182,2535,1569,18,1587,32
2020-04-18,Placer,061,380077,148,130,0,130,8
2020-04-18,Plumas,063,18699,4,4,0,4,0
2020-04-18,Riverside,065,2383286,3634,2257,10,2267,56
2020-04-18,Sacramento,067,1510023,998,901,0,901,32
2020-04-18,San Benito,069,59416,43,40,0,40,2
2020-04-18,San Bernardino,071,2135413,1835,1255,1,1256,58
2020-04-18,San Diego,073,3302833,2999,2215,0,2215,71
2020-04-18,San Francisco,075,870044,1415,1144,0,1144,19
2020-04-18,San Joaquin,077,732212,494,392,3,395,17
2020-04-18,San Luis Obispo,079,281455,193,129,3,132,1
2020-04-18,San Mateo,081,765935,1136,821,2,823,31
2020-04-18,Santa Barbara,083,443738,559,372,2,374,3
2020-04-18,Santa Clara,085,1922200,2241,1862,2,1864,79
2020-04-18,Santa Cruz,087,273765,120,96,0,96,2
2020-04-18,Shasta,089,179085,30,26,0,26,3
2020-04-18,Sierra,091,2930,0,0,0,0,0
2020-04-18,Siskiyou,093,43540,5,5,0,5,0
2020-04-18,Solano,095,438530,224,175,0,175,2
2020-04-18,Sonoma,097,501317,206,168,0,168,1
2020-04-18,Stanislaus,099,539301,282,216,4,220,3
2020-04-18,Sutter,101,95872,26,21,0,21,2
2020-04-18,Tehama,103,63373,1,1,0,1,1
2020-04-18,Trinity,105,12862,0,0,0,0,0
2020-04-18,Tulare,107,460477,563,385,5,390,17
2020-04-18,Tuolumne,109,53932,2,2,0,2,0
2020-04-18,Ventura,111,848112,548,416,0,416,13
2020-04-18,Yolo,113,214977,166,118,0,118,5
2020-04-18,Yuba,115,75493,16,14,0,14,1
2020-04-17,Alameda,001,1643700,1407,1043,1,1044,40
2020-04-17,Alpine,003,1148,1,1,0,1,0
2020-04-17,Amador,005,37829,6,7,0,7,0
2020-04-17,Butte,007,227075,21,15,1,16,0
2020-04-17,Calaveras,009,45235,9,11,0,11,0
2020-04-17,Colusa,011,21464,3,3,0,3,0
2020-04-17,Contra Costa,013,1133247,836,687,0,687,15
2020-04-17,Del Norte,015,27424,2,2,0,2,0
2020-04-17,El Dorado,017,186661,51,35,0,35,0
2020-04-17,Fresno,019,978130,597,315,6,321,7
2020-04-17,Glenn,021,27897,4,3,0,3,0
2020-04-17,Humboldt,023,135768,56,52,0,52,0
2020-04-17,Imperial,025,180216,302,135,0,135,2
2020-04-17,Inyo,027,18085,19,17,0,17,0
2020-04-17,Kern,029,883053,808,612,1,613,3
2020-04-17,Kings,031,150075,64,15,1,16,1
2020-04-17,Lake,033,64148,6,6,0,6,0
2020-04-17,Lassen,035,31185,1,0,2,2,0
2020-04-17,Los Angeles,037,10098052,18592,11354,16,11370,489
2020-04-17,Madera,039,155013,71,34,1,35,2
2020-04-17,Marin,041,260295,202,189,1,190,10
2020-04-17,Mariposa,043,17540,1,0,0,0,0
2020-04-17,Mendocino,045,87422,7,4,0,4,0
2020-04-17,Merced,047,269075,128,80,0,80,3
2020-04-17,Modoc,049,8938,0,0,0,0,0
2020-04-17,Mono,051,14174,29,22,0,22,1
2020-04-17,Monterey,053,433212,191,119,3,122,3
2020-04-17,Napa,055,140530,61,46,0,46,2
2020-04-17,Nevada,057,99092,38,34,1,35,1
2020-04-17,Orange,059,3164182,2484,1496,18,1514,31
2020-04-17,Placer,061,380077,148,130,0,130,8
2020-04-17,Plumas,063,18699,4,4,0,4,0
2020-04-17,Riverside,065,2383286,3507,2080,10,2090,50
2020-04-17,Sacramento,067,1510023,991,882,0,882,32
2020-04-17,San Benito,069,59416,43,38,0,38,2
2020-04-17,San Bernardino,071,2135413,1796,1229,1,1230,57
2020-04-17,San Diego,073,3302833,2909,2160,0,2160,70
2020-04-17,San Francisco,075,870044,1389,1090,0,1090,19
2020-04-17,San Joaquin,077,732212,483,356,3,359,17
2020-04-17,San Luis Obispo,079,281455,186,116,3,119,1
2020-04-17,San Mateo,081,765935,1120,768,2,770,31
2020-04-17,Santa Barbara,083,443738,554,349,2,351,3
2020-04-17,Santa Clara,085,1922200,2209,1834,2,1836,74
2020-04-17,Santa Cruz,087,273765,119,94,0,94,2
2020-04-17,Shasta,089,179085,30,26,0,26,3
2020-04-17,Sierra,091,2930,0,0,0,0,0
2020-04-17,Siskiyou,093,43540,5,5,0,5,0
2020-04-17,Solano,095,438530,223,173,0,173,2
2020-04-17,Sonoma,097,501317,203,167,0,167,1
2020-04-17,Stanislaus,099,539301,280,201,4,205,3
2020-04-17,Sutter,101,95872,26,20,0,20,2
2020-04-17,Tehama,103,63373,1,1,0,1,1
2020-04-17,Trinity,105,12862,0,0,0,0,0
2020-04-17,Tulare,107,460477,556,370,5,375,17
2020-04-17,Tuolumne,109,53932,2,2,0,2,0
2020-04-17,Ventura,111,848112,543,398,0,398,13
2020-04-17,Yolo,113,214977,165,117,0,117,5
2020-04-17,Yuba,115,75493,16,14,0,14,1
2020-04-16,Alameda,001,1643700,1373,981,1,982,39
2020-04-16,Alpine,003,1148,1,1,0,1,0
2020-04-16,Amador,005,37829,6,7,0,7,0
2020-04-16,Butte,007,227075,20,15,1,16,0
2020-04-16,Calaveras,009,45235,9,10,0,10,0
2020-04-16,Colusa,011,21464,3,3,0,3,0
2020-04-16,Contra Costa,013,1133247,822,675,0,675,14
2020-04-16,Del Norte,015,27424,2,2,0,2,0
2020-04-16,El Dorado,017,186661,50,34,0,34,0
2020-04-16,Fresno,019,978130,567,289,6,295,7
2020-04-16,Glenn,021,27897,4,3,0,3,0
2020-04-16,Humboldt,023,135768,56,47,0,47,0
2020-04-16,Imperial,025,180216,288,132,0,132,2
2020-04-16,Inyo,027,18085,17,17,0,17,0
2020-04-16,Kern,029,883053,781,587,1,588,3
2020-04-16,Kings,031,150075,60,12,1,13,1
2020-04-16,Lake,033,64148,6,6,0,6,0
2020-04-16,Lassen,035,31185,1,0,2,2,0
2020-04-16,Los Angeles,037,10098052,17708,10786,16,10802,447
2020-04-16,Madera,039,155013,69,34,1,35,2
2020-04-16,Marin,041,260295,198,170,1,171,10
2020-04-16,Mariposa,043,17540,1,1,0,1,0
2020-04-16,Mendocino,045,87422,7,4,0,4,0
2020-04-16,Merced,047,269075,122,76,0,76,3
2020-04-16,Modoc,049,8938,0,0,0,0,0
2020-04-16,Mono,051,14174,29,22,0,22,1
2020-04-16,Monterey,053,433212,188,116,3,119,3
2020-04-16,Napa,055,140530,58,44,0,44,2
2020-04-16,Nevada,057,99092,38,34,1,35,1
2020-04-16,Orange,059,3164182,2417,1439,17,1456,28
2020-04-16,Placer,061,380077,146,129,0,129,7
2020-04-16,Plumas,063,18699,4,4,0,4,0
2020-04-16,Riverside,065,2383286,3387,1913,10,1923,45
2020-04-16,Sacramento,067,1510023,983,865,0,865,32
2020-04-16,San Benito,069,59416,43,36,0,36,2
2020-04-16,San Bernardino,071,2135413,1713,1143,0,1143,54
2020-04-16,San Diego,073,3302833,2801,2089,0,2089,63
2020-04-16,San Francisco,075,870044,1345,1039,0,1039,16
2020-04-16,San Joaquin,077,732212,468,345,3,348,17
2020-04-16,San Luis Obispo,079,281455,182,113,3,116,1
2020-04-16,San Mateo,081,765935,1091,745,2,747,29
2020-04-16,Santa Barbara,083,443738,541,331,2,333,3
2020-04-16,Santa Clara,085,1922200,2172,1789,2,1791,70
2020-04-16,Santa Cruz,087,273765,117,90,0,90,2
2020-04-16,Shasta,089,179085,30,25,0,25,3
2020-04-16,Sierra,091,2930,0,0,0,0,0
2020-04-16,Siskiyou,093,43540,5,5,0,5,0
2020-04-16,Solano,095,438530,220,162,0,162,2
2020-04-16,Sonoma,097,501317,198,145,0,145,1
2020-04-16,Stanislaus,099,539301,277,185,4,189,3
2020-04-16,Sutter,101,95872,25,21,0,21,2
2020-04-16,Tehama,103,63373,1,1,0,1,1
2020-04-16,Trinity,105,12862,0,0,0,0,0
2020-04-16,Tulare,107,460477,539,305,5,310,16
2020-04-16,Tuolumne,109,53932,2,1,0,1,0
2020-04-16,Ventura,111,848112,531,384,0,384,13
2020-04-16,Yolo,113,214977,163,98,0,98,4
2020-04-16,Yuba,115,75493,15,14,0,14,1
2020-04-15,Alameda,001,1643700,1323,915,1,916,38
2020-04-15,Alpine,003,1148,1,1,0,1,0
2020-04-15,Amador,005,37829,6,7,0,7,0
2020-04-15,Butte,007,227075,20,14,1,15,0
2020-04-15,Calaveras,009,45235,8,9,0,9,0
2020-04-15,Colusa,011,21464,3,3,0,3,0
2020-04-15,Contra Costa,013,1133247,800,645,0,645,14
2020-04-15,Del Norte,015,27424,2,2,0,2,0
2020-04-15,El Dorado,017,186661,48,33,0,33,0
2020-04-15,Fresno,019,978130,542,264,6,270,7
2020-04-15,Glenn,021,27897,4,3,0,3,0
2020-04-15,Humboldt,023,135768,56,47,0,47,0
2020-04-15,Imperial,025,180216,261,115,0,115,2
2020-04-15,Inyo,027,18085,17,12,0,12,0
2020-04-15,Kern,029,883053,759,500,1,501,3
2020-04-15,Kings,031,150075,56,12,1,13,1
2020-04-15,Lake,033,64148,6,4,0,4,0
2020-04-15,Lassen,035,31185,1,0,2,2,0
2020-04-15,Los Angeles,037,10098052,16888,10416,16,10432,394
2020-04-15,Madera,039,155013,69,30,1,31,2
2020-04-15,Marin,041,260295,195,162,1,163,10
2020-04-15,Mariposa,043,17540,0,0,0,0,0
2020-04-15,Mendocino,045,87422,6,4,0,4,0
2020-04-15,Merced,047,269075,120,74,0,74,3
2020-04-15,Modoc,049,8938,0,0,0,0,0
2020-04-15,Mono,051,14174,29,22,0,22,1
2020-04-15,Monterey,053,433212,180,106,3,109,3
2020-04-15,Napa,055,140530,55,34,0,34,2
2020-04-15,Nevada,057,99092,37,34,1,35,1
2020-04-15,Orange,059,3164182,2314,1377,17,1394,24
2020-04-15,Placer,061,380077,145,123,0,123,6
2020-04-15,Plumas,063,18699,4,4,0,4,0
2020-04-15,Riverside,065,2383286,3192,1723,10,1733,42
2020-04-15,Sacramento,067,1510023,974,839,0,839,32
2020-04-15,San Benito,069,59416,43,34,0,34,2
2020-04-15,San Bernardino,071,2135413,1643,1063,0,1063,45
2020-04-15,San Diego,073,3302833,2713,2014,0,2014,60
2020-04-15,San Francisco,075,870044,1309,1006,0,1006,16
2020-04-15,San Joaquin,077,732212,460,329,3,332,17
2020-04-15,San Luis Obispo,079,281455,174,112,3,115,1
2020-04-15,San Mateo,081,765935,1042,707,2,709,28
2020-04-15,Santa Barbara,083,443738,520,317,2,319,2
2020-04-15,Santa Clara,085,1922200,2134,1692,2,1694,69
2020-04-15,Santa Cruz,087,273765,113,92,0,92,2
2020-04-15,Shasta,089,179085,30,25,0,25,3
2020-04-15,Sierra,091,2930,0,0,0,0,0
2020-04-15,Siskiyou,093,43540,5,5,0,5,0
2020-04-15,Solano,095,438530,215,153,0,153,2
2020-04-15,Sonoma,097,501317,196,140,0,140,1
2020-04-15,Stanislaus,099,539301,270,174,4,178,3
2020-04-15,Sutter,101,95872,25,19,0,19,2
2020-04-15,Tehama,103,63373,1,1,0,1,1
2020-04-15,Trinity,105,12862,0,0,0,0,0
2020-04-15,Tulare,107,460477,521,289,5,294,14
2020-04-15,Tuolumne,109,53932,2,1,0,1,0
2020-04-15,Ventura,111,848112,516,365,0,365,13
2020-04-15,Yolo,113,214977,159,93,0,93,3
2020-04-15,Yuba,115,75493,15,15,0,15,1
2020-04-14,Alameda,001,1643700,1278,843,1,844,30
2020-04-14,Alpine,003,1148,1,1,0,1,0
2020-04-14,Amador,005,37829,6,6,0,6,0
2020-04-14,Butte,007,227075,20,13,1,14,0
2020-04-14,Calaveras,009,45235,8,5,0,5,0
2020-04-14,Colusa,011,21464,3,3,0,3,0
2020-04-14,Contra Costa,013,1133247,788,617,0,617,12
2020-04-14,Del Norte,015,27424,2,2,0,2,0
2020-04-14,El Dorado,017,186661,48,30,0,30,0
2020-04-14,Fresno,019,978130,519,244,6,250,6
2020-04-14,Glenn,021,27897,4,3,0,3,0
2020-04-14,Humboldt,023,135768,56,44,0,44,0
2020-04-14,Imperial,025,180216,241,86,0,86,2
2020-04-14,Inyo,027,18085,17,12,0,12,0
2020-04-14,Kern,029,883053,736,453,1,454,3
2020-04-14,Kings,031,150075,55,12,1,13,1
2020-04-14,Lake,033,64148,6,3,0,3,0
2020-04-14,Lassen,035,31185,1,0,2,2,0
2020-04-14,Los Angeles,037,10098052,15994,9948,15,9963,357
2020-04-14,Madera,039,155013,68,29,1,30,2
2020-04-14,Marin,041,260295,191,147,1,148,9
2020-04-14,Mariposa,043,17540,0,0,0,0,0
2020-04-14,Mendocino,045,87422,6,4,0,4,0
2020-04-14,Merced,047,269075,113,61,0,61,3
2020-04-14,Modoc,049,8938,0,0,0,0,0
2020-04-14,Mono,051,14174,29,22,0,22,1
2020-04-14,Monterey,053,433212,175,98,3,101,3
2020-04-14,Napa,055,140530,55,33,0,33,2
2020-04-14,Nevada,057,99092,37,34,1,35,1
2020-04-14,Orange,059,3164182,2208,1362,17,1379,24
2020-04-14,Placer,061,380077,144,117,0,117,5
2020-04-14,Plumas,063,18699,4,3,0,3,0
2020-04-14,Riverside,065,2383286,3057,1467,10,1477,40
2020-04-14,Sacramento,067,1510023,965,737,0,737,29
2020-04-14,San Benito,069,59416,40,34,0,34,2
2020-04-14,San Bernardino,071,2135413,1588,933,0,933,37
2020-04-14,San Diego,073,3302833,2618,1932,0,1932,53
2020-04-14,San Francisco,075,870044,1255,968,0,968,14
2020-04-14,San Joaquin,077,732212,450,280,3,283,17
2020-04-14,San Luis Obispo,079,281455,171,109,3,112,1
2020-04-14,San Mateo,081,765935,1008,681,2,683,28
2020-04-14,Santa Barbara,083,443738,495,292,2,294,2
2020-04-14,Santa Clara,085,1922200,2101,1561,2,1563,63
2020-04-14,Santa Cruz,087,273765,105,84,0,84,2
2020-04-14,Shasta,089,179085,30,24,0,24,3
2020-04-14,Sierra,091,2930,0,0,0,0,0
2020-04-14,Siskiyou,093,43540,5,5,0,5,0
2020-04-14,Solano,095,438530,212,140,0,140,2
2020-04-14,Sonoma,097,501317,192,133,0,133,1
2020-04-14,Stanislaus,099,539301,257,136,4,140,3
2020-04-14,Sutter,101,95872,24,19,0,19,2
2020-04-14,Tehama,103,63373,1,1,0,1,1
2020-04-14,Trinity,105,12862,0,0,0,0,0
2020-04-14,Tulare,107,460477,498,228,5,233,12
2020-04-14,Tuolumne,109,53932,2,0,0,0,0
2020-04-14,Ventura,111,848112,503,328,0,328,11
2020-04-14,Yolo,113,214977,155,81,0,81,3
2020-04-14,Yuba,115,75493,14,14,0,14,1
2020-04-13,Alameda,001,1643700,1239,821,1,822,23
2020-04-13,Alpine,003,1148,1,1,0,1,0
2020-04-13,Amador,005,37829,6,6,0,6,0
2020-04-13,Butte,007,227075,20,13,1,14,0
2020-04-13,Calaveras,009,45235,7,5,0,5,0
2020-04-13,Colusa,011,21464,3,3,0,3,0
2020-04-13,Contra Costa,013,1133247,772,569,0,569,12
2020-04-13,Del Norte,015,27424,2,2,0,2,0
2020-04-13,El Dorado,017,186661,46,29,0,29,0
2020-04-13,Fresno,019,978130,497,205,5,210,4
2020-04-13,Glenn,021,27897,4,3,0,3,0
2020-04-13,Humboldt,023,135768,56,44,0,44,0
2020-04-13,Imperial,025,180216,223,82,0,82,2
2020-04-13,Inyo,027,18085,17,12,0,12,0
2020-04-13,Kern,029,883053,711,346,1,347,3
2020-04-13,Kings,031,150075,51,9,1,10,0
2020-04-13,Lake,033,64148,6,3,0,3,0
2020-04-13,Lassen,035,31185,1,0,2,2,0
2020-04-13,Los Angeles,037,10098052,15280,9367,15,9382,317
2020-04-13,Madera,039,155013,66,29,1,30,2
2020-04-13,Marin,041,260295,187,144,1,145,6
2020-04-13,Mariposa,043,17540,0,0,0,0,0
2020-04-13,Mendocino,045,87422,6,4,0,4,0
2020-04-13,Merced,047,269075,112,60,0,60,3
2020-04-13,Modoc,049,8938,0,0,0,0,0
2020-04-13,Mono,051,14174,29,21,0,21,1
2020-04-13,Monterey,053,433212,168,86,3,89,3
2020-04-13,Napa,055,140530,54,30,0,30,2
2020-04-13,Nevada,057,99092,37,24,1,25,1
2020-04-13,Orange,059,3164182,2133,1313,17,1330,21
2020-04-13,Placer,061,380077,143,116,0,116,5
2020-04-13,Plumas,063,18699,4,3,0,3,0
2020-04-13,Riverside,065,2383286,2916,1460,9,1469,35
2020-04-13,Sacramento,067,1510023,953,723,0,723,25
2020-04-13,San Benito,069,59416,39,33,0,33,2
2020-04-13,San Bernardino,071,2135413,1513,920,0,920,30
2020-04-13,San Diego,073,3302833,2535,1849,0,1849,47
2020-04-13,San Francisco,075,870044,1217,948,0,948,12
2020-04-13,San Joaquin,077,732212,436,255,3,258,16
2020-04-13,San Luis Obispo,079,281455,166,106,3,109,1
2020-04-13,San Mateo,081,765935,968,679,2,681,25
2020-04-13,Santa Barbara,083,443738,474,271,1,272,2
2020-04-13,Santa Clara,085,1922200,2058,1540,2,1542,58
2020-04-13,Santa Cruz,087,273765,99,82,0,82,1
2020-04-13,Shasta,089,179085,29,24,0,24,3
2020-04-13,Sierra,091,2930,0,0,0,0,0
2020-04-13,Siskiyou,093,43540,5,5,0,5,0
2020-04-13,Solano,095,438530,209,136,0,136,2
2020-04-13,Sonoma,097,501317,185,133,0,133,1
2020-04-13,Stanislaus,099,539301,251,130,4,134,1
2020-04-13,Sutter,101,95872,24,18,0,18,2
2020-04-13,Tehama,103,63373,1,1,0,1,0
2020-04-13,Trinity,105,12862,0,0,0,0,0
2020-04-13,Tulare,107,460477,462,185,5,190,11
2020-04-13,Tuolumne,109,53932,2,0,0,0,0
2020-04-13,Ventura,111,848112,482,309,0,309,9
2020-04-13,Yolo,113,214977,149,81,0,81,3
2020-04-13,Yuba,115,75493,14,13,0,13,1
2020-04-12,Alameda,001,1643700,1196,774,1,775,23
2020-04-12,Alpine,003,1148,1,1,0,1,0
2020-04-12,Amador,005,37829,6,6,0,6,0
2020-04-12,Butte,007,227075,20,13,1,14,0
2020-04-12,Calaveras,009,45235,7,5,0,5,0
2020-04-12,Colusa,011,21464,3,3,0,3,0
2020-04-12,Contra Costa,013,1133247,760,553,0,553,12
2020-04-12,Del Norte,015,27424,2,2,0,2,0
2020-04-12,El Dorado,017,186661,46,28,0,28,0
2020-04-12,Fresno,019,978130,468,205,5,210,4
2020-04-12,Glenn,021,27897,4,3,0,3,0
2020-04-12,Humboldt,023,135768,56,43,0,43,0
2020-04-12,Imperial,025,180216,200,78,0,78,2
2020-04-12,Inyo,027,18085,15,12,0,12,0
2020-04-12,Kern,029,883053,679,319,0,319,3
2020-04-12,Kings,031,150075,49,9,1,10,0
2020-04-12,Lake,033,64148,6,3,0,3,0
2020-04-12,Lassen,035,31185,1,0,2,2,0
2020-04-12,Los Angeles,037,10098052,14567,9133,15,9148,294
2020-04-12,Madera,039,155013,65,29,1,30,2
2020-04-12,Marin,041,260295,176,138,1,139,6
2020-04-12,Mariposa,043,17540,0,0,0,0,0
2020-04-12,Mendocino,045,87422,6,4,0,4,0
2020-04-12,Merced,047,269075,106,58,0,58,3
2020-04-12,Modoc,049,8938,0,0,0,0,0
2020-04-12,Mono,051,14174,29,20,0,20,1
2020-04-12,Monterey,053,433212,154,85,3,88,3
2020-04-12,Napa,055,140530,52,29,0,29,2
2020-04-12,Nevada,057,99092,37,24,1,25,1
2020-04-12,Orange,059,3164182,2073,1283,16,1299,21
2020-04-12,Placer,061,380077,142,114,0,114,4
2020-04-12,Plumas,063,18699,4,3,0,3,0
2020-04-12,Riverside,065,2383286,2734,1330,9,1339,34
2020-04-12,Sacramento,067,1510023,916,689,0,689,25
2020-04-12,San Benito,069,59416,37,33,0,33,2
2020-04-12,San Bernardino,071,2135413,1437,827,0,827,30
2020-04-12,San Diego,073,3302833,2445,1806,0,1806,45
2020-04-12,San Francisco,075,870044,1190,886,0,886,11
2020-04-12,San Joaquin,077,732212,418,246,3,249,15
2020-04-12,San Luis Obispo,079,281455,163,102,2,104,1
2020-04-12,San Mateo,081,765935,942,664,2,666,25
2020-04-12,Santa Barbara,083,443738,448,261,1,262,2
2020-04-12,Santa Clara,085,1922200,2032,1461,2,1463,53
2020-04-12,Santa Cruz,087,273765,97,80,0,80,1
2020-04-12,Shasta,089,179085,29,24,0,24,3
2020-04-12,Sierra,091,2930,0,0,0,0,0
2020-04-12,Siskiyou,093,43540,5,5,0,5,0
2020-04-12,Solano,095,438530,203,136,0,136,2
2020-04-12,Sonoma,097,501317,182,131,0,131,1
2020-04-12,Stanislaus,099,539301,243,117,4,121,1
2020-04-12,Sutter,101,95872,23,18,0,18,2
2020-04-12,Tehama,103,63373,1,1,0,1,0
2020-04-12,Trinity,105,12862,0,0,0,0,0
2020-04-12,Tulare,107,460477,450,166,5,171,11
2020-04-12,Tuolumne,109,53932,2,0,0,0,0
2020-04-12,Ventura,111,848112,473,306,0,306,9
2020-04-12,Yolo,113,214977,136,67,0,67,3
2020-04-12,Yuba,115,75493,14,13,0,13,1
2020-04-11,Alameda,001,1643700,1155,751,1,752,23
2020-04-11,Alpine,003,1148,1,1,0,1,0
2020-04-11,Amador,005,37829,6,6,0,6,0
2020-04-11,Butte,007,227075,20,13,1,14,0
2020-04-11,Calaveras,009,45235,7,5,0,5,0
2020-04-11,Colusa,011,21464,3,3,0,3,0
2020-04-11,Contra Costa,013,1133247,751,550,0,550,12
2020-04-11,Del Norte,015,27424,2,2,0,2,0
2020-04-11,El Dorado,017,186661,45,29,0,29,0
2020-04-11,Fresno,019,978130,458,201,5,206,4
2020-04-11,Glenn,021,27897,4,3,0,3,0
2020-04-11,Humboldt,023,135768,56,38,0,38,0
2020-04-11,Imperial,025,180216,190,78,0,78,2
2020-04-11,Inyo,027,18085,15,12,0,12,0
2020-04-11,Kern,029,883053,651,304,0,304,3
2020-04-11,Kings,031,150075,46,9,1,10,0
2020-04-11,Lake,033,64148,6,3,0,3,0
2020-04-11,Lassen,035,31185,1,0,2,2,0
2020-04-11,Los Angeles,037,10098052,14097,8823,15,8838,262
2020-04-11,Madera,039,155013,64,29,1,30,2
2020-04-11,Marin,041,260295,173,136,1,137,6
2020-04-11,Mariposa,043,17540,0,0,0,0,0
2020-04-11,Mendocino,045,87422,6,4,0,4,0
2020-04-11,Merced,047,269075,103,59,0,59,3
2020-04-11,Modoc,049,8938,0,0,0,0,0
2020-04-11,Mono,051,14174,29,20,0,20,1
2020-04-11,Monterey,053,433212,148,78,3,81,3
2020-04-11,Napa,055,140530,52,29,0,29,2
2020-04-11,Nevada,057,99092,37,24,1,25,1
2020-04-11,Orange,059,3164182,2011,1267,16,1283,21
2020-04-11,Placer,061,380077,142,113,0,113,4
2020-04-11,Plumas,063,18699,4,3,0,3,0
2020-04-11,Riverside,065,2383286,2654,1260,9,1269,33
2020-04-11,Sacramento,067,1510023,905,685,0,685,25
2020-04-11,San Benito,069,59416,37,33,0,33,2
2020-04-11,San Bernardino,071,2135413,1401,826,0,826,28
2020-04-11,San Diego,073,3302833,2379,1763,0,1763,45
2020-04-11,San Francisco,075,870044,1168,860,0,860,11
2020-04-11,San Joaquin,077,732212,413,244,3,247,15
2020-04-11,San Luis Obispo,079,281455,163,100,1,101,1
2020-04-11,San Mateo,081,765935,930,662,2,664,25
2020-04-11,Santa Barbara,083,443738,440,258,1,259,2
2020-04-11,Santa Clara,085,1922200,1981,1441,2,1443,51
2020-04-11,Santa Cruz,087,273765,97,79,0,79,1
2020-04-11,Shasta,089,179085,29,24,0,24,3
2020-04-11,Sierra,091,2930,0,0,0,0,0
2020-04-11,Siskiyou,093,43540,5,5,0,5,0
2020-04-11,Solano,095,438530,199,138,0,138,2
2020-04-11,Sonoma,097,501317,180,131,0,131,1
2020-04-11,Stanislaus,099,539301,236,119,3,122,1
2020-04-11,Sutter,101,95872,23,18,0,18,2
2020-04-11,Tehama,103,63373,1,1,0,1,0
2020-04-11,Trinity,105,12862,0,0,0,0,0
2020-04-11,Tulare,107,460477,428,168,5,173,10
2020-04-11,Tuolumne,109,53932,2,0,0,0,0
2020-04-11,Ventura,111,848112,463,304,0,304,9
2020-04-11,Yolo,113,214977,133,67,0,67,3
2020-04-11,Yuba,115,75493,14,13,0,13,1
2020-04-10,Alameda,001,1643700,1114,706,1,707,21
2020-04-10,Alpine,003,1148,1,1,0,1,0
2020-04-10,Amador,005,37829,6,5,0,5,0
2020-04-10,Butte,007,227075,20,13,1,14,0
2020-04-10,Calaveras,009,45235,7,5,0,5,0
2020-04-10,Colusa,011,21464,3,3,0,3,0
2020-04-10,Contra Costa,013,1133247,738,537,0,537,10
2020-04-10,Del Norte,015,27424,2,2,0,2,0
2020-04-10,El Dorado,017,186661,45,26,0,26,0
2020-04-10,Fresno,019,978130,451,186,4,190,3
2020-04-10,Glenn,021,27897,4,3,0,3,0
2020-04-10,Humboldt,023,135768,56,36,0,36,0
2020-04-10,Imperial,025,180216,183,70,0,70,2
2020-04-10,Inyo,027,18085,13,11,0,11,0
2020-04-10,Kern,029,883053,627,272,0,272,3
2020-04-10,Kings,031,150075,43,7,1,8,0
2020-04-10,Lake,033,64148,6,3,0,3,0
2020-04-10,Lassen,035,31185,1,0,2,2,0
2020-04-10,Los Angeles,037,10098052,13584,8384,14,8398,239
2020-04-10,Madera,039,155013,63,29,1,30,2
2020-04-10,Marin,041,260295,168,128,1,129,6
2020-04-10,Mariposa,043,17540,0,0,0,0,0
2020-04-10,Mendocino,045,87422,6,4,0,4,0
2020-04-10,Merced,047,269075,100,56,0,56,3
2020-04-10,Modoc,049,8938,0,0,0,0,0
2020-04-10,Mono,051,14174,29,20,0,20,1
2020-04-10,Monterey,053,433212,137,78,3,81,3
2020-04-10,Napa,055,140530,49,28,0,28,2
2020-04-10,Nevada,057,99092,37,23,1,24,1
2020-04-10,Orange,059,3164182,1963,1167,16,1183,21
2020-04-10,Placer,061,380077,141,112,0,112,4
2020-04-10,Plumas,063,18699,4,3,0,3,0
2020-04-10,Riverside,065,2383286,2588,1162,9,1171,30
2020-04-10,Sacramento,067,1510023,896,642,0,642,24
2020-04-10,San Benito,069,59416,37,32,0,32,2
2020-04-10,San Bernardino,071,2135413,1353,779,0,779,27
2020-04-10,San Diego,073,3302833,2319,1695,0,1695,44
2020-04-10,San Francisco,075,870044,1137,797,0,797,10
2020-04-10,San Joaquin,077,732212,401,234,3,237,14
2020-04-10,San Luis Obispo,079,281455,163,97,1,98,1
2020-04-10,San Mateo,081,765935,914,642,2,644,24
2020-04-10,Santa Barbara,083,443738,428,254,1,255,2
2020-04-10,Santa Clara,085,1922200,1929,1351,2,1353,50
2020-04-10,Santa Cruz,087,273765,96,75,0,75,1
2020-04-10,Shasta,089,179085,29,24,0,24,3
2020-04-10,Sierra,091,2930,0,0,0,0,0
2020-04-10,Siskiyou,093,43540,5,5,0,5,0
2020-04-10,Solano,095,438530,196,129,0,129,2
2020-04-10,Sonoma,097,501317,179,129,0,129,1
2020-04-10,Stanislaus,099,539301,229,101,3,104,0
2020-04-10,Sutter,101,95872,23,18,0,18,2
2020-04-10,Tehama,103,63373,1,1,0,1,0
2020-04-10,Trinity,105,12862,0,0,0,0,0
2020-04-10,Tulare,107,460477,386,163,5,168,10
2020-04-10,Tuolumne,109,53932,2,0,0,0,0
2020-04-10,Ventura,111,848112,454,290,0,290,9
2020-04-10,Yolo,113,214977,131,62,0,62,3
2020-04-10,Yuba,115,75493,14,13,0,13,1
2020-04-09,Alameda,001,1643700,1064,641,1,642,17
2020-04-09,Alpine,003,1148,1,1,0,1,0
2020-04-09,Amador,005,37829,6,2,0,2,0
2020-04-09,Butte,007,227075,19,12,1,13,0
2020-04-09,Calaveras,009,45235,7,5,0,5,0
2020-04-09,Colusa,011,21464,3,3,0,3,0
2020-04-09,Contra Costa,013,1133247,695,505,0,505,7
2020-04-09,Del Norte,015,27424,2,2,0,2,0
2020-04-09,El Dorado,017,186661,44,25,0,25,0
2020-04-09,Fresno,019,978130,426,165,4,169,3
2020-04-09,Glenn,021,27897,4,2,0,2,0
2020-04-09,Humboldt,023,135768,56,36,0,36,0
2020-04-09,Imperial,025,180216,162,67,0,67,2
2020-04-09,Inyo,027,18085,12,11,0,11,0
2020-04-09,Kern,029,883053,591,241,0,241,2
2020-04-09,Kings,031,150075,40,5,1,6,0
2020-04-09,Lake,033,64148,5,1,0,1,0
2020-04-09,Lassen,035,31185,1,0,2,2,0
2020-04-09,Los Angeles,037,10098052,12957,7919,14,7933,220
2020-04-09,Madera,039,155013,63,28,1,29,2
2020-04-09,Marin,041,260295,166,126,1,127,7
2020-04-09,Mariposa,043,17540,0,0,0,0,0
2020-04-09,Mendocino,045,87422,6,4,0,4,0
2020-04-09,Merced,047,269075,97,41,0,41,3
2020-04-09,Modoc,049,8938,0,0,0,0,0
2020-04-09,Mono,051,14174,29,19,0,19,1
2020-04-09,Monterey,053,433212,119,70,3,73,3
2020-04-09,Napa,055,140530,45,27,0,27,2
2020-04-09,Nevada,057,99092,36,23,1,24,1
2020-04-09,Orange,059,3164182,1886,1105,15,1120,19
2020-04-09,Placer,061,380077,140,107,0,107,4
2020-04-09,Plumas,063,18699,4,3,0,3,0
2020-04-09,Riverside,065,2383286,2445,1083,9,1092,29
2020-04-09,Sacramento,067,1510023,873,601,0,601,21
2020-04-09,San Benito,069,59416,37,32,0,32,2
2020-04-09,San Bernardino,071,2135413,1284,717,0,717,27
2020-04-09,San Diego,073,3302833,2223,1630,0,1630,40
2020-04-09,San Francisco,075,870044,1117,748,0,748,8
2020-04-09,San Joaquin,077,732212,380,223,3,226,14
2020-04-09,San Luis Obispo,079,281455,155,93,1,94,1
2020-04-09,San Mateo,081,765935,898,630,2,632,23
2020-04-09,Santa Barbara,083,443738,417,232,1,233,2
2020-04-09,Santa Clara,085,1922200,1859,1301,2,1303,49
2020-04-09,Santa Cruz,087,273765,96,73,0,73,1
2020-04-09,Shasta,089,179085,29,22,0,22,3
2020-04-09,Sierra,091,2930,0,0,0,0,0
2020-04-09,Siskiyou,093,43540,5,4,0,4,0
2020-04-09,Solano,095,438530,187,118,0,118,2
2020-04-09,Sonoma,097,501317,175,113,0,113,1
2020-04-09,Stanislaus,099,539301,217,93,3,96,0
2020-04-09,Sutter,101,95872,23,17,0,17,2
2020-04-09,Tehama,103,63373,1,1,0,1,0
2020-04-09,Trinity,105,12862,0,0,0,0,0
2020-04-09,Tulare,107,460477,359,147,5,152,9
2020-04-09,Tuolumne,109,53932,2,0,0,0,0
2020-04-09,Ventura,111,848112,435,273,0,273,9
2020-04-09,Yolo,113,214977,122,59,0,59,3
2020-04-09,Yuba,115,75493,14,13,0,13,0
2020-04-08,Alameda,001,1643700,1023,594,1,595,15
2020-04-08,Alpine,003,1148,1,1,0,1,0
2020-04-08,Amador,005,37829,6,2,0,2,0
2020-04-08,Butte,007,227075,18,11,1,12,0
2020-04-08,Calaveras,009,45235,7,5,0,5,0
2020-04-08,Colusa,011,21464,3,3,0,3,0
2020-04-08,Contra Costa,013,1133247,682,481,0,481,7
2020-04-08,Del Norte,015,27424,2,2,0,2,0
2020-04-08,El Dorado,017,186661,44,25,0,25,0
2020-04-08,Fresno,019,978130,406,151,4,155,3
2020-04-08,Glenn,021,27897,4,2,0,2,0
2020-04-08,Humboldt,023,135768,56,40,0,40,0
2020-04-08,Imperial,025,180216,151,59,0,59,2
2020-04-08,Inyo,027,18085,12,11,0,11,0
2020-04-08,Kern,029,883053,550,198,0,198,2
2020-04-08,Kings,031,150075,40,5,1,6,0
2020-04-08,Lake,033,64148,5,1,0,1,0
2020-04-08,Lassen,035,31185,1,0,2,2,0
2020-04-08,Los Angeles,037,10098052,12356,7505,14,7519,196
2020-04-08,Madera,039,155013,62,28,1,29,2
2020-04-08,Marin,041,260295,160,125,1,126,7
2020-04-08,Mariposa,043,17540,0,0,0,0,0
2020-04-08,Mendocino,045,87422,6,4,0,4,0
2020-04-08,Merced,047,269075,82,35,0,35,1
2020-04-08,Modoc,049,8938,0,0,0,0,0
2020-04-08,Mono,051,14174,29,19,0,19,1
2020-04-08,Monterey,053,433212,110,68,3,71,3
2020-04-08,Napa,055,140530,43,21,0,21,2
2020-04-08,Nevada,057,99092,36,21,1,22,1
2020-04-08,Orange,059,3164182,1823,1034,15,1049,19
2020-04-08,Placer,061,380077,140,102,0,102,4
2020-04-08,Plumas,063,18699,4,3,0,3,0
2020-04-08,Riverside,065,2383286,2288,974,9,983,28
2020-04-08,Sacramento,067,1510023,839,565,0,565,21
2020-04-08,San Benito,069,59416,37,31,0,31,2
2020-04-08,San Bernardino,071,2135413,1227,635,0,635,22
2020-04-08,San Diego,073,3302833,2149,1532,0,1532,36
2020-04-08,San Francisco,075,870044,1049,687,0,687,7
2020-04-08,San Joaquin,077,732212,363,211,3,214,12
2020-04-08,San Luis Obispo,079,281455,153,90,1,91,1
2020-04-08,San Mateo,081,765935,883,608,2,610,22
2020-04-08,Santa Barbara,083,443738,398,221,1,222,2
2020-04-08,Santa Clara,085,1922200,1814,1257,2,1259,47
2020-04-08,Santa Cruz,087,273765,95,69,0,69,1
2020-04-08,Shasta,089,179085,29,18,0,18,3
2020-04-08,Sierra,091,2930,0,0,0,0,0
2020-04-08,Siskiyou,093,43540,5,4,0,4,0
2020-04-08,Solano,095,438530,174,111,0,111,2
2020-04-08,Sonoma,097,501317,170,107,0,107,1
2020-04-08,Stanislaus,099,539301,201,86,3,89,0
2020-04-08,Sutter,101,95872,22,17,0,17,2
2020-04-08,Tehama,103,63373,1,1,0,1,0
2020-04-08,Trinity,105,12862,0,0,0,0,0
2020-04-08,Tulare,107,460477,329,145,5,150,6
2020-04-08,Tuolumne,109,53932,2,0,0,0,0
2020-04-08,Ventura,111,848112,426,263,0,263,7
2020-04-08,Yolo,113,214977,105,56,0,56,3
2020-04-08,Yuba,115,75493,14,10,0,10,0
2020-04-07,Alameda,001,1643700,988,560,1,561,14
2020-04-07,Alpine,003,1148,1,1,0,1,0
2020-04-07,Amador,005,37829,6,2,0,2,0
2020-04-07,Butte,007,227075,17,11,1,12,0
2020-04-07,Calaveras,009,45235,6,5,0,5,0
2020-04-07,Colusa,011,21464,3,2,0,2,0
2020-04-07,Contra Costa,013,1133247,662,471,0,471,7
2020-04-07,Del Norte,015,27424,2,2,0,2,0
2020-04-07,El Dorado,017,186661,43,22,0,22,0
2020-04-07,Fresno,019,978130,390,138,4,142,3
2020-04-07,Glenn,021,27897,4,2,0,2,0
2020-04-07,Humboldt,023,135768,55,40,0,40,0
2020-04-07,Imperial,025,180216,133,53,0,53,2
2020-04-07,Inyo,027,18085,12,11,0,11,0
2020-04-07,Kern,029,883053,507,134,0,134,2
2020-04-07,Kings,031,150075,37,5,1,6,0
2020-04-07,Lake,033,64148,4,1,0,1,0
2020-04-07,Lassen,035,31185,1,0,2,2,0
2020-04-07,Los Angeles,037,10098052,11706,6885,14,6899,170
2020-04-07,Madera,039,155013,60,28,0,28,2
2020-04-07,Marin,041,260295,158,122,1,123,7
2020-04-07,Mariposa,043,17540,0,0,0,0,0
2020-04-07,Mendocino,045,87422,6,4,0,4,0
2020-04-07,Merced,047,269075,67,27,0,27,1
2020-04-07,Modoc,049,8938,0,0,0,0,0
2020-04-07,Mono,051,14174,28,18,0,18,1
2020-04-07,Monterey,053,433212,102,63,3,66,2
2020-04-07,Napa,055,140530,41,18,0,18,2
2020-04-07,Nevada,057,99092,36,20,1,21,1
2020-04-07,Orange,059,3164182,1776,971,14,985,19
2020-04-07,Placer,061,380077,135,94,0,94,3
2020-04-07,Plumas,063,18699,4,3,0,3,0
2020-04-07,Riverside,065,2383286,2131,905,9,914,25
2020-04-07,Sacramento,067,1510023,809,513,0,513,18
2020-04-07,San Benito,069,59416,37,26,0,26,2
2020-04-07,San Bernardino,071,2135413,1160,554,0,554,19
2020-04-07,San Diego,073,3302833,2072,1456,0,1456,31
2020-04-07,San Francisco,075,870044,989,636,0,636,6
2020-04-07,San Joaquin,077,732212,345,198,3,201,12
2020-04-07,San Luis Obispo,079,281455,146,87,1,88,1
2020-04-07,San Mateo,081,765935,862,573,2,575,22
2020-04-07,Santa Barbara,083,443738,380,209,1,210,2
2020-04-07,Santa Clara,085,1922200,1745,1193,1,1194,46
2020-04-07,Santa Cruz,087,273765,95,67,0,67,1
2020-04-07,Shasta,089,179085,28,16,0,16,3
2020-04-07,Sierra,091,2930,0,0,0,0,0
2020-04-07,Siskiyou,093,43540,5,4,0,4,0
2020-04-07,Solano,095,438530,169,99,0,99,1
2020-04-07,Sonoma,097,501317,167,102,0,102,1
2020-04-07,Stanislaus,099,539301,184,83,3,86,0
2020-04-07,Sutter,101,95872,22,16,0,16,2
2020-04-07,Tehama,103,63373,1,1,0,1,0
2020-04-07,Trinity,105,12862,0,0,0,0,0
2020-04-07,Tulare,107,460477,302,144,5,149,5
2020-04-07,Tuolumne,109,53932,2,1,0,1,0
2020-04-07,Ventura,111,848112,409,247,0,247,6
2020-04-07,Yolo,113,214977,98,51,0,51,2
2020-04-07,Yuba,115,75493,14,10,0,10,0
2020-04-06,Alameda,001,1643700,958,527,1,528,13
2020-04-06,Alpine,003,1148,1,1,0,1,0
2020-04-06,Amador,005,37829,5,2,0,2,0
2020-04-06,Butte,007,227075,16,11,1,12,0
2020-04-06,Calaveras,009,45235,6,4,0,4,0
2020-04-06,Colusa,011,21464,3,1,0,1,0
2020-04-06,Contra Costa,013,1133247,637,447,0,447,7
2020-04-06,Del Norte,015,27424,2,2,0,2,0
2020-04-06,El Dorado,017,186661,41,23,0,23,0
2020-04-06,Fresno,019,978130,368,122,4,126,1
2020-04-06,Glenn,021,27897,4,2,0,2,0
2020-04-06,Humboldt,023,135768,54,37,0,37,0
2020-04-06,Imperial,025,180216,126,47,0,47,1
2020-04-06,Inyo,027,18085,11,11,0,11,0
2020-04-06,Kern,029,883053,470,117,0,117,2
2020-04-06,Kings,031,150075,37,3,1,4,0
2020-04-06,Lake,033,64148,4,1,0,1,0
2020-04-06,Lassen,035,31185,1,0,2,2,0
2020-04-06,Los Angeles,037,10098052,10973,6346,14,6360,145
2020-04-06,Madera,039,155013,58,29,0,29,2
2020-04-06,Marin,041,260295,155,119,1,120,7
2020-04-06,Mariposa,043,17540,0,0,0,0,0
2020-04-06,Mendocino,045,87422,6,4,0,4,0
2020-04-06,Merced,047,269075,60,25,0,25,1
2020-04-06,Modoc,049,8938,0,0,0,0,0
2020-04-06,Mono,051,14174,28,18,0,18,1
2020-04-06,Monterey,053,433212,97,62,3,65,2
2020-04-06,Napa,055,140530,41,18,0,18,2
2020-04-06,Nevada,057,99092,36,19,1,20,1
2020-04-06,Orange,059,3164182,1731,910,13,923,17
2020-04-06,Placer,061,380077,135,90,0,90,3
2020-04-06,Plumas,063,18699,4,2,0,2,0
2020-04-06,Riverside,065,2383286,2005,854,9,863,17
2020-04-06,Sacramento,067,1510023,779,448,0,448,15
2020-04-06,San Benito,069,59416,35,25,0,25,1
2020-04-06,San Bernardino,071,2135413,1101,550,0,550,13
2020-04-06,San Diego,073,3302833,1990,1406,0,1406,19
2020-04-06,San Francisco,075,870044,949,586,0,586,6
2020-04-06,San Joaquin,077,732212,330,191,3,194,10
2020-04-06,San Luis Obispo,079,281455,144,85,1,86,1
2020-04-06,San Mateo,081,765935,844,569,2,571,20
2020-04-06,Santa Barbara,083,443738,368,189,1,190,2
2020-04-06,Santa Clara,085,1922200,1692,1128,1,1129,43
2020-04-06,Santa Cruz,087,273765,93,65,0,65,1
2020-04-06,Shasta,089,179085,28,16,0,16,3
2020-04-06,Sierra,091,2930,0,0,0,0,0
2020-04-06,Siskiyou,093,43540,4,4,0,4,0
2020-04-06,Solano,095,438530,162,95,0,95,1
2020-04-06,Sonoma,097,501317,166,102,0,102,1
2020-04-06,Stanislaus,099,539301,168,72,3,75,0
2020-04-06,Sutter,101,95872,22,14,0,14,2
2020-04-06,Tehama,103,63373,1,1,0,1,0
2020-04-06,Trinity,105,12862,0,0,0,0,0
2020-04-06,Tulare,107,460477,288,126,5,131,5
2020-04-06,Tuolumne,109,53932,2,1,0,1,0
2020-04-06,Ventura,111,848112,391,234,0,234,6
2020-04-06,Yolo,113,214977,94,43,0,43,1
2020-04-06,Yuba,115,75493,14,8,0,8,0
2020-04-05,Alameda,001,1643700,916,475,1,476,12
2020-04-05,Alpine,003,1148,1,1,0,1,0
2020-04-05,Amador,005,37829,5,2,0,2,0
2020-04-05,Butte,007,227075,16,10,1,11,0
2020-04-05,Calaveras,009,45235,6,3,0,3,0
2020-04-05,Colusa,011,21464,3,1,0,1,0
2020-04-05,Contra Costa,013,1133247,620,415,0,415,6
2020-04-05,Del Norte,015,27424,2,1,0,1,0
2020-04-05,El Dorado,017,186661,40,19,0,19,0
2020-04-05,Fresno,019,978130,334,102,4,106,1
2020-04-05,Glenn,021,27897,4,2,0,2,0
2020-04-05,Humboldt,023,135768,54,29,0,29,0
2020-04-05,Imperial,025,180216,118,42,0,42,1
2020-04-05,Inyo,027,18085,11,10,0,10,0
2020-04-05,Kern,029,883053,415,109,0,109,2
2020-04-05,Kings,031,150075,36,4,1,5,0
2020-04-05,Lake,033,64148,4,0,0,0,0
2020-04-05,Lassen,035,31185,1,0,2,2,0
2020-04-05,Los Angeles,037,10098052,10402,5892,14,5906,130
2020-04-05,Madera,039,155013,57,27,0,27,2
2020-04-05,Marin,041,260295,155,113,1,114,6
2020-04-05,Mariposa,043,17540,0,0,0,0,0
2020-04-05,Mendocino,045,87422,6,4,0,4,0
2020-04-05,Merced,047,269075,53,16,0,16,0
2020-04-05,Modoc,049,8938,0,0,0,0,0
2020-04-05,Mono,051,14174,28,18,0,18,1
2020-04-05,Monterey,053,433212,90,61,3,64,2
2020-04-05,Napa,055,140530,39,15,0,15,2
2020-04-05,Nevada,057,99092,36,19,1,20,1
2020-04-05,Orange,059,3164182,1670,820,13,833,15
2020-04-05,Placer,061,380077,132,86,0,86,3
2020-04-05,Plumas,063,18699,3,2,0,2,0
2020-04-05,Riverside,065,2383286,1876,669,9,678,17
2020-04-05,Sacramento,067,1510023,748,393,0,393,11
2020-04-05,San Benito,069,59416,35,22,0,22,1
2020-04-05,San Bernardino,071,2135413,1027,375,0,375,13
2020-04-05,San Diego,073,3302833,1908,1328,0,1328,19
2020-04-05,San Francisco,075,870044,902,559,0,559,6
2020-04-05,San Joaquin,077,732212,315,179,3,182,10
2020-04-05,San Luis Obispo,079,281455,142,83,1,84,1
2020-04-05,San Mateo,081,765935,824,528,2,530,19
2020-04-05,Santa Barbara,083,443738,346,171,1,172,1
2020-04-05,Santa Clara,085,1922200,1644,1052,1,1053,42
2020-04-05,Santa Cruz,087,273765,93,59,0,59,1
2020-04-05,Shasta,089,179085,27,11,0,11,2
2020-04-05,Sierra,091,2930,0,0,0,0,0
2020-04-05,Siskiyou,093,43540,4,3,0,3,0
2020-04-05,Solano,095,438530,158,78,0,78,1
2020-04-05,Sonoma,097,501317,164,88,0,88,1
2020-04-05,Stanislaus,099,539301,154,51,3,54,0
2020-04-05,Sutter,101,95872,22,14,0,14,1
2020-04-05,Tehama,103,63373,1,1,0,1,0
2020-04-05,Trinity,105,12862,0,0,0,0,0
2020-04-05,Tulare,107,460477,255,81,5,86,4
2020-04-05,Tuolumne,109,53932,2,1,0,1,0
2020-04-05,Ventura,111,848112,377,196,0,196,6
2020-04-05,Yolo,113,214977,76,37,0,37,2
2020-04-05,Yuba,115,75493,14,7,0,7,0
2020-04-04,Alameda,001,1643700,893,468,1,469,12
2020-04-04,Alpine,003,1148,1,1,0,1,0
2020-04-04,Amador,005,37829,4,2,0,2,0
2020-04-04,Butte,007,227075,16,10,1,11,0
2020-04-04,Calaveras,009,45235,6,3,0,3,0
2020-04-04,Colusa,011,21464,3,1,0,1,0
2020-04-04,Contra Costa,013,1133247,612,382,0,382,5
2020-04-04,Del Norte,015,27424,2,1,0,1,0
2020-04-04,El Dorado,017,186661,40,19,0,19,0
2020-04-04,Fresno,019,978130,324,102,4,106,1
2020-04-04,Glenn,021,27897,4,2,0,2,0
2020-04-04,Humboldt,023,135768,54,29,0,29,0
2020-04-04,Imperial,025,180216,117,42,0,42,1
2020-04-04,Inyo,027,18085,11,10,0,10,0
2020-04-04,Kern,029,883053,385,103,0,103,2
2020-04-04,Kings,031,150075,36,3,1,4,0
2020-04-04,Lake,033,64148,4,0,0,0,0
2020-04-04,Lassen,035,31185,1,0,2,2,0
2020-04-04,Los Angeles,037,10098052,9785,5275,14,5289,117
2020-04-04,Madera,039,155013,55,27,0,27,2
2020-04-04,Marin,041,260295,153,111,0,111,6
2020-04-04,Mariposa,043,17540,0,0,0,0,0
2020-04-04,Mendocino,045,87422,6,4,0,4,0
2020-04-04,Merced,047,269075,49,11,0,11,0
2020-04-04,Modoc,049,8938,0,0,0,0,0
2020-04-04,Mono,051,14174,28,18,0,18,1
2020-04-04,Monterey,053,433212,87,61,2,63,2
2020-04-04,Napa,055,140530,39,15,0,15,2
2020-04-04,Nevada,057,99092,36,19,1,20,1
2020-04-04,Orange,059,3164182,1628,781,12,793,15
2020-04-04,Placer,061,380077,131,87,0,87,2
2020-04-04,Plumas,063,18699,3,2,0,2,0
2020-04-04,Riverside,065,2383286,1775,652,9,661,15
2020-04-04,Sacramento,067,1510023,730,393,0,393,11
2020-04-04,San Benito,069,59416,35,22,0,22,1
2020-04-04,San Bernardino,071,2135413,979,373,0,373,13
2020-04-04,San Diego,073,3302833,1860,1211,0,1211,18
2020-04-04,San Francisco,075,870044,864,537,0,537,6
2020-04-04,San Joaquin,077,732212,292,171,3,174,10
2020-04-04,San Luis Obispo,079,281455,142,82,1,83,0
2020-04-04,San Mateo,081,765935,813,520,2,522,17
2020-04-04,Santa Barbara,083,443738,337,167,1,168,1
2020-04-04,Santa Clara,085,1922200,1592,1045,1,1046,39
2020-04-04,Santa Cruz,087,273765,93,56,0,56,1
2020-04-04,Shasta,089,179085,26,11,0,11,2
2020-04-04,Sierra,091,2930,0,0,0,0,0
2020-04-04,Siskiyou,093,43540,4,3,0,3,0
2020-04-04,Solano,095,438530,153,79,0,79,1
2020-04-04,Sonoma,097,501317,161,88,0,88,1
2020-04-04,Stanislaus,099,539301,143,51,3,54,0
2020-04-04,Sutter,101,95872,22,14,0,14,1
2020-04-04,Tehama,103,63373,1,1,0,1,0
2020-04-04,Trinity,105,12862,0,0,0,0,0
2020-04-04,Tulare,107,460477,241,79,5,84,4
2020-04-04,Tuolumne,109,53932,2,1,0,1,0
2020-04-04,Ventura,111,848112,364,194,0,194,6
2020-04-04,Yolo,113,214977,74,40,0,40,2
2020-04-04,Yuba,115,75493,13,7,0,7,0
2020-04-03,Alameda,001,1643700,857,395,1,396,11
2020-04-03,Alpine,003,1148,1,1,0,1,0
2020-04-03,Amador,005,37829,4,2,0,2,0
2020-04-03,Butte,007,227075,16,8,1,9,0
2020-04-03,Calaveras,009,45235,6,3,0,3,0
2020-04-03,Colusa,011,21464,3,1,0,1,0
2020-04-03,Contra Costa,013,1133247,589,327,0,327,5
2020-04-03,Del Norte,015,27424,2,1,0,1,0
2020-04-03,El Dorado,017,186661,38,16,0,16,0
2020-04-03,Fresno,019,978130,312,98,4,102,1
2020-04-03,Glenn,021,27897,4,2,0,2,0
2020-04-03,Humboldt,023,135768,54,34,0,34,0
2020-04-03,Imperial,025,180216,108,35,0,35,0
2020-04-03,Inyo,027,18085,11,10,0,10,0
2020-04-03,Kern,029,883053,359,87,0,87,1
2020-04-03,Kings,031,150075,34,3,1,4,0
2020-04-03,Lake,033,64148,3,0,0,0,0
2020-04-03,Lassen,035,31185,1,0,2,2,0
2020-04-03,Los Angeles,037,10098052,9169,4566,14,4580,91
2020-04-03,Madera,039,155013,54,28,0,28,2
2020-04-03,Marin,041,260295,151,106,0,106,6
2020-04-03,Mariposa,043,17540,0,0,0,0,0
2020-04-03,Mendocino,045,87422,6,4,0,4,0
2020-04-03,Merced,047,269075,46,9,0,9,0
2020-04-03,Modoc,049,8938,0,0,0,0,0
2020-04-03,Mono,051,14174,28,18,0,18,1
2020-04-03,Monterey,053,433212,84,58,2,60,2
2020-04-03,Napa,055,140530,38,13,0,13,1
2020-04-03,Nevada,057,99092,36,19,1,20,1
2020-04-03,Orange,059,3164182,1589,713,12,725,13
2020-04-03,Placer,061,380077,127,76,0,76,2
2020-04-03,Plumas,063,18699,3,2,0,2,0
2020-04-03,Riverside,065,2383286,1695,540,9,549,14
2020-04-03,Sacramento,067,1510023,709,363,0,363,11
2020-04-03,San Benito,069,59416,35,22,0,22,1
2020-04-03,San Bernardino,071,2135413,934,356,0,356,11
2020-04-03,San Diego,073,3302833,1800,1114,0,1114,17
2020-04-03,San Francisco,075,870044,839,506,0,506,6
2020-04-03,San Joaquin,077,732212,280,162,3,165,10
2020-04-03,San Luis Obispo,079,281455,142,82,1,83,0
2020-04-03,San Mateo,081,765935,796,474,2,476,13
2020-04-03,Santa Barbara,083,443738,325,154,1,155,1
2020-04-03,Santa Clara,085,1922200,1558,983,1,984,39
2020-04-03,Santa Cruz,087,273765,93,52,0,52,1
2020-04-03,Shasta,089,179085,26,10,0,10,1
2020-04-03,Sierra,091,2930,0,0,0,0,0
2020-04-03,Siskiyou,093,43540,4,3,0,3,0
2020-04-03,Solano,095,438530,145,72,0,72,1
2020-04-03,Sonoma,097,501317,161,84,0,84,1
2020-04-03,Stanislaus,099,539301,137,48,3,51,0
2020-04-03,Sutter,101,95872,22,12,0,12,1
2020-04-03,Tehama,103,63373,1,1,0,1,0
2020-04-03,Trinity,105,12862,0,0,0,0,0
2020-04-03,Tulare,107,460477,228,73,5,78,3
2020-04-03,Tuolumne,109,53932,2,1,0,1,0
2020-04-03,Ventura,111,848112,354,186,0,186,6
2020-04-03,Yolo,113,214977,73,33,0,33,1
2020-04-03,Yuba,115,75493,13,6,0,6,0
2020-04-02,Alameda,001,1643700,806,345,1,346,10
2020-04-02,Alpine,003,1148,1,1,0,1,0
2020-04-02,Amador,005,37829,4,2,0,2,0
2020-04-02,Butte,007,227075,16,7,0,7,0
2020-04-02,Calaveras,009,45235,4,3,0,3,0
2020-04-02,Colusa,011,21464,3,1,0,1,0
2020-04-02,Contra Costa,013,1133247,559,297,0,297,3
2020-04-02,Del Norte,015,27424,2,0,0,0,0
2020-04-02,El Dorado,017,186661,36,16,0,16,0
2020-04-02,Fresno,019,978130,296,92,4,96,0
2020-04-02,Glenn,021,27897,3,2,0,2,0
2020-04-02,Humboldt,023,135768,50,23,0,23,0
2020-04-02,Imperial,025,180216,104,24,0,24,0
2020-04-02,Inyo,027,18085,10,8,0,8,0
2020-04-02,Kern,029,883053,332,74,0,74,0
2020-04-02,Kings,031,150075,34,3,1,4,0
2020-04-02,Lake,033,64148,3,0,0,0,0
2020-04-02,Lassen,035,31185,1,0,2,2,0
2020-04-02,Los Angeles,037,10098052,8337,4040,14,4054,79
2020-04-02,Madera,039,155013,52,25,0,25,1
2020-04-02,Marin,041,260295,145,102,0,102,1
2020-04-02,Mariposa,043,17540,0,0,0,0,0
2020-04-02,Mendocino,045,87422,6,4,0,4,0
2020-04-02,Merced,047,269075,41,9,0,9,0
2020-04-02,Modoc,049,8938,0,0,0,0,0
2020-04-02,Mono,051,14174,28,16,0,16,1
2020-04-02,Monterey,053,433212,82,50,2,52,2
2020-04-02,Napa,055,140530,38,13,0,13,0
2020-04-02,Nevada,057,99092,35,17,1,18,0
2020-04-02,Orange,059,3164182,1535,640,12,652,12
2020-04-02,Placer,061,380077,126,72,0,72,2
2020-04-02,Plumas,063,18699,3,1,0,1,0
2020-04-02,Riverside,065,2383286,1578,438,9,447,13
2020-04-02,Sacramento,067,1510023,691,322,0,322,9
2020-04-02,San Benito,069,59416,33,18,0,18,1
2020-04-02,San Bernardino,071,2135413,879,335,0,335,8
2020-04-02,San Diego,073,3302833,1733,968,0,968,16
2020-04-02,San Francisco,075,870044,812,473,0,473,6
2020-04-02,San Joaquin,077,732212,261,148,3,151,9
2020-04-02,San Luis Obispo,079,281455,137,79,1,80,0
2020-04-02,San Mateo,081,765935,775,423,2,425,13
2020-04-02,Santa Barbara,083,443738,312,125,1,126,1
2020-04-02,Santa Clara,085,1922200,1507,908,1,909,38
2020-04-02,Santa Cruz,087,273765,91,49,0,49,1
2020-04-02,Shasta,089,179085,25,7,0,7,1
2020-04-02,Sierra,091,2930,0,0,0,0,0
2020-04-02,Siskiyou,093,43540,4,3,0,3,0
2020-04-02,Solano,095,438530,135,65,0,65,0
2020-04-02,Sonoma,097,501317,157,76,0,76,1
2020-04-02,Stanislaus,099,539301,126,40,3,43,0
2020-04-02,Sutter,101,95872,21,10,0,10,1
2020-04-02,Tehama,103,63373,1,1,0,1,0
2020-04-02,Trinity,105,12862,0,0,0,0,0
2020-04-02,Tulare,107,460477,200,64,5,69,1
2020-04-02,Tuolumne,109,53932,2,1,0,1,0
2020-04-02,Ventura,111,848112,336,178,0,178,5
2020-04-02,Yolo,113,214977,71,29,0,29,1
2020-04-02,Yuba,115,75493,10,5,0,5,0
2020-04-01,Alameda,001,1643700,779,287,1,288,8
2020-04-01,Alpine,003,1148,1,1,0,1,0
2020-04-01,Amador,005,37829,4,1,0,1,0
2020-04-01,Butte,007,227075,16,6,0,6,0
2020-04-01,Calaveras,009,45235,3,3,0,3,0
2020-04-01,Colusa,011,21464,3,1,0,1,0
2020-04-01,Contra Costa,013,1133247,515,267,0,267,3
2020-04-01,Del Norte,015,27424,2,0,0,0,0
2020-04-01,El Dorado,017,186661,35,14,0,14,0
2020-04-01,Fresno,019,978130,274,75,3,78,0
2020-04-01,Glenn,021,27897,3,2,0,2,0
2020-04-01,Humboldt,023,135768,50,19,0,19,0
2020-04-01,Imperial,025,180216,97,25,0,25,0
2020-04-01,Inyo,027,18085,10,8,0,8,0
2020-04-01,Kern,029,883053,305,53,0,53,0
2020-04-01,Kings,031,150075,32,3,1,4,0
2020-04-01,Lake,033,64148,3,0,0,0,0
2020-04-01,Lassen,035,31185,1,0,2,2,0
2020-04-01,Los Angeles,037,10098052,7688,3502,14,3516,66
2020-04-01,Madera,039,155013,50,17,0,17,1
2020-04-01,Marin,041,260295,141,87,0,87,1
2020-04-01,Mariposa,043,17540,0,0,0,0,0
2020-04-01,Mendocino,045,87422,6,4,0,4,0
2020-04-01,Merced,047,269075,38,7,0,7,0
2020-04-01,Modoc,049,8938,0,0,0,0,0
2020-04-01,Mono,051,14174,28,12,0,12,1
2020-04-01,Monterey,053,433212,81,47,2,49,2
2020-04-01,Napa,055,140530,36,11,0,11,0
2020-04-01,Nevada,057,99092,35,15,1,16,0
2020-04-01,Orange,059,3164182,1482,579,12,591,11
2020-04-01,Placer,061,380077,125,52,0,52,2
2020-04-01,Plumas,063,18699,3,1,0,1,0
2020-04-01,Riverside,065,2383286,1410,306,9,315,11
2020-04-01,Sacramento,067,1510023,658,299,0,299,8
2020-04-01,San Benito,069,59416,30,14,0,14,1
2020-04-01,San Bernardino,071,2135413,830,245,0,245,5
2020-04-01,San Diego,073,3302833,1663,851,0,851,11
2020-04-01,San Francisco,075,870044,784,432,0,432,6
2020-04-01,San Joaquin,077,732212,250,132,3,135,8
2020-04-01,San Luis Obispo,079,281455,131,69,1,70,0
2020-04-01,San Mateo,081,765935,757,354,2,356,13
2020-04-01,Santa Barbara,083,443738,292,103,1,104,0
2020-04-01,Santa Clara,085,1922200,1466,805,1,806,33
2020-04-01,Santa Cruz,087,273765,86,44,0,44,1
2020-04-01,Shasta,089,179085,24,5,0,5,1
2020-04-01,Sierra,091,2930,0,0,0,0,0
2020-04-01,Siskiyou,093,43540,4,3,0,3,0
2020-04-01,Solano,095,438530,130,57,0,57,0
2020-04-01,Sonoma,097,501317,153,60,0,60,1
2020-04-01,Stanislaus,099,539301,115,29,3,32,0
2020-04-01,Sutter,101,95872,21,9,0,9,1
2020-04-01,Tehama,103,63373,1,0,0,0,0
2020-04-01,Trinity,105,12862,0,0,0,0,0
2020-04-01,Tulare,107,460477,163,43,5,48,1
2020-04-01,Tuolumne,109,53932,2,1,0,1,0
2020-04-01,Ventura,111,848112,323,154,0,154,5
2020-04-01,Yolo,113,214977,66,22,0,22,1
2020-04-01,Yuba,115,75493,9,5,0,5,0
2020-03-31,Alameda,001,1643700,711,269,1,270,7
2020-03-31,Alpine,003,1148,1,1,0,1,0
2020-03-31,Amador,005,37829,4,1,0,1,0
2020-03-31,Butte,007,227075,16,6,0,6,0
2020-03-31,Calaveras,009,45235,3,3,0,3,0
2020-03-31,Colusa,011,21464,3,1,0,1,0
2020-03-31,Contra Costa,013,1133247,490,246,0,246,3
2020-03-31,Del Norte,015,27424,1,0,0,0,0
2020-03-31,El Dorado,017,186661,31,14,0,14,0
2020-03-31,Fresno,019,978130,249,59,3,62,0
2020-03-31,Glenn,021,27897,3,2,0,2,0
2020-03-31,Humboldt,023,135768,50,18,0,18,0
2020-03-31,Imperial,025,180216,92,17,0,17,0
2020-03-31,Inyo,027,18085,10,8,0,8,0
2020-03-31,Kern,029,883053,281,47,0,47,0
2020-03-31,Kings,031,150075,30,2,1,3,0
2020-03-31,Lake,033,64148,1,0,0,0,0
2020-03-31,Lassen,035,31185,1,0,2,2,0
2020-03-31,Los Angeles,037,10098052,7023,3001,14,3015,53
2020-03-31,Madera,039,155013,49,17,0,17,1
2020-03-31,Marin,041,260295,132,85,0,85,1
2020-03-31,Mariposa,043,17540,0,0,0,0,0
2020-03-31,Mendocino,045,87422,6,4,0,4,0
2020-03-31,Merced,047,269075,33,6,0,6,0
2020-03-31,Modoc,049,8938,0,0,0,0,0
2020-03-31,Mono,051,14174,26,12,0,12,0
2020-03-31,Monterey,053,433212,79,43,2,45,2
2020-03-31,Napa,055,140530,35,9,0,9,0
2020-03-31,Nevada,057,99092,35,15,1,16,0
2020-03-31,Orange,059,3164182,1407,506,12,518,7
2020-03-31,Placer,061,380077,118,49,0,49,2
2020-03-31,Plumas,063,18699,1,0,0,0,0
2020-03-31,Riverside,065,2383286,1264,284,9,293,8
2020-03-31,Sacramento,067,1510023,606,271,0,271,8
2020-03-31,San Benito,069,59416,30,14,0,14,1
2020-03-31,San Bernardino,071,2135413,746,193,0,193,5
2020-03-31,San Diego,073,3302833,1581,736,0,736,9
2020-03-31,San Francisco,075,870044,749,404,0,404,5
2020-03-31,San Joaquin,077,732212,234,122,3,125,7
2020-03-31,San Luis Obispo,079,281455,127,67,1,68,0
2020-03-31,San Mateo,081,765935,738,297,2,299,12
2020-03-31,Santa Barbara,083,443738,273,89,1,90,0
2020-03-31,Santa Clara,085,1922200,1417,777,1,778,30
2020-03-31,Santa Cruz,087,273765,80,40,0,40,1
2020-03-31,Shasta,089,179085,21,5,0,5,1
2020-03-31,Sierra,091,2930,0,0,0,0,0
2020-03-31,Siskiyou,093,43540,4,3,0,3,0
2020-03-31,Solano,095,438530,116,56,0,56,0
2020-03-31,Sonoma,097,501317,148,58,0,58,1
2020-03-31,Stanislaus,099,539301,100,28,3,31,0
2020-03-31,Sutter,101,95872,21,8,0,8,0
2020-03-31,Tehama,103,63373,1,0,0,0,0
2020-03-31,Trinity,105,12862,0,0,0,0,0
2020-03-31,Tulare,107,460477,140,42,4,46,1
2020-03-31,Tuolumne,109,53932,2,1,0,1,0
2020-03-31,Ventura,111,848112,312,143,0,143,4
2020-03-31,Yolo,113,214977,59,21,0,21,1
2020-03-31,Yuba,115,75493,9,5,0,5,0
2020-03-30,Alameda,001,1643700,671,250,1,251,7
2020-03-30,Alpine,003,1148,1,1,0,1,0
2020-03-30,Amador,005,37829,4,1,0,1,0
2020-03-30,Butte,007,227075,14,5,0,5,0
2020-03-30,Calaveras,009,45235,3,3,0,3,0
2020-03-30,Colusa,011,21464,3,1,0,1,0
2020-03-30,Contra Costa,013,1133247,464,212,0,212,3
2020-03-30,Del Norte,015,27424,0,0,0,0,0
2020-03-30,El Dorado,017,186661,31,11,0,11,0
2020-03-30,Fresno,019,978130,224,46,3,49,0
2020-03-30,Glenn,021,27897,3,2,0,2,0
2020-03-30,Humboldt,023,135768,48,11,0,11,0
2020-03-30,Imperial,025,180216,88,9,0,9,0
2020-03-30,Inyo,027,18085,10,5,0,5,0
2020-03-30,Kern,029,883053,248,30,0,30,0
2020-03-30,Kings,031,150075,30,1,1,2,0
2020-03-30,Lake,033,64148,1,0,0,0,0
2020-03-30,Lassen,035,31185,1,0,1,1,0
2020-03-30,Los Angeles,037,10098052,6368,2467,14,2481,44
2020-03-30,Madera,039,155013,48,14,0,14,1
2020-03-30,Marin,041,260295,125,78,0,78,0
2020-03-30,Mariposa,043,17540,0,0,0,0,0
2020-03-30,Mendocino,045,87422,5,2,0,2,0
2020-03-30,Merced,047,269075,29,6,0,6,0
2020-03-30,Modoc,049,8938,0,0,0,0,0
2020-03-30,Mono,051,14174,26,11,0,11,0
2020-03-30,Monterey,053,433212,74,41,2,43,1
2020-03-30,Napa,055,140530,34,9,0,9,0
2020-03-30,Nevada,057,99092,34,14,1,15,0
2020-03-30,Orange,059,3164182,1340,418,12,430,5
2020-03-30,Placer,061,380077,115,44,0,44,2
2020-03-30,Plumas,063,18699,1,0,0,0,0
2020-03-30,Riverside,065,2383286,1184,204,9,213,7
2020-03-30,Sacramento,067,1510023,582,238,0,238,8
2020-03-30,San Benito,069,59416,30,11,0,11,1
2020-03-30,San Bernardino,071,2135413,702,145,0,145,4
2020-03-30,San Diego,073,3302833,1511,605,0,605,7
2020-03-30,San Francisco,075,870044,709,368,0,368,5
2020-03-30,San Joaquin,077,732212,227,112,3,115,5
2020-03-30,San Luis Obispo,079,281455,124,62,1,63,0
2020-03-30,San Mateo,081,765935,714,257,2,259,11
2020-03-30,Santa Barbara,083,443738,263,79,1,80,0
2020-03-30,Santa Clara,085,1922200,1386,745,1,746,31
2020-03-30,Santa Cruz,087,273765,77,36,0,36,1
2020-03-30,Shasta,089,179085,20,4,0,4,1
2020-03-30,Sierra,091,2930,0,0,0,0,0
2020-03-30,Siskiyou,093,43540,4,2,0,2,0
2020-03-30,Solano,095,438530,110,50,0,50,0
2020-03-30,Sonoma,097,501317,145,57,0,57,1
2020-03-30,Stanislaus,099,539301,93,28,3,31,0
2020-03-30,Sutter,101,95872,20,6,0,6,0
2020-03-30,Tehama,103,63373,1,0,0,0,0
2020-03-30,Trinity,105,12862,0,0,0,0,0
2020-03-30,Tulare,107,460477,128,40,3,43,1
2020-03-30,Tuolumne,109,53932,2,1,0,1,0
2020-03-30,Ventura,111,848112,301,118,0,118,2
2020-03-30,Yolo,113,214977,56,17,0,17,1
2020-03-30,Yuba,115,75493,8,5,0,5,0
2020-03-29,Alameda,001,1643700,637,207,1,208,6
2020-03-29,Alpine,003,1148,1,0,0,0,0
2020-03-29,Amador,005,37829,4,1,0,1,0
2020-03-29,Butte,007,227075,14,4,0,4,0
2020-03-29,Calaveras,009,45235,3,2,0,2,0
2020-03-29,Colusa,011,21464,3,1,0,1,0
2020-03-29,Contra Costa,013,1133247,434,187,0,187,3
2020-03-29,Del Norte,015,27424,0,0,0,0,0
2020-03-29,El Dorado,017,186661,30,9,0,9,0
2020-03-29,Fresno,019,978130,200,31,3,34,0
2020-03-29,Glenn,021,27897,2,1,0,1,0
2020-03-29,Humboldt,023,135768,45,9,0,9,0
2020-03-29,Imperial,025,180216,82,9,0,9,0
2020-03-29,Inyo,027,18085,9,0,0,0,0
2020-03-29,Kern,029,883053,230,20,0,20,0
2020-03-29,Kings,031,150075,27,1,1,2,0
2020-03-29,Lake,033,64148,0,0,0,0,0
2020-03-29,Lassen,035,31185,1,0,1,1,0
2020-03-29,Los Angeles,037,10098052,5723,2119,14,2133,37
2020-03-29,Madera,039,155013,43,11,0,11,1
2020-03-29,Marin,041,260295,120,60,0,60,0
2020-03-29,Mariposa,043,17540,0,0,0,0,0
2020-03-29,Mendocino,045,87422,5,2,0,2,0
2020-03-29,Merced,047,269075,28,4,0,4,0
2020-03-29,Modoc,049,8938,0,0,0,0,0
2020-03-29,Mono,051,14174,26,8,0,8,0
2020-03-29,Monterey,053,433212,69,36,2,38,1
2020-03-29,Napa,055,140530,32,5,0,5,0
2020-03-29,Nevada,057,99092,32,13,1,14,0
2020-03-29,Orange,059,3164182,1264,343,12,355,2
2020-03-29,Placer,061,380077,114,35,0,35,2
2020-03-29,Plumas,063,18699,1,0,0,0,0
2020-03-29,Riverside,065,2383286,1060,122,9,131,7
2020-03-29,Sacramento,067,1510023,542,217,0,217,7
2020-03-29,San Benito,069,59416,29,10,0,10,1
2020-03-29,San Bernardino,071,2135413,650,94,0,94,2
2020-03-29,San Diego,073,3302833,1439,521,0,521,7
2020-03-29,San Francisco,075,870044,665,333,0,333,5
2020-03-29,San Joaquin,077,732212,218,86,3,89,4
2020-03-29,San Luis Obispo,079,281455,118,55,0,55,0
2020-03-29,San Mateo,081,765935,689,234,2,236,12
2020-03-29,Santa Barbara,083,443738,252,52,1,53,0
2020-03-29,Santa Clara,085,1922200,1329,591,1,592,30
2020-03-29,Santa Cruz,087,273765,77,33,0,33,1
2020-03-29,Shasta,089,179085,19,4,0,4,1
2020-03-29,Sierra,091,2930,0,0,0,0,0
2020-03-29,Siskiyou,093,43540,4,2,0,2,0
2020-03-29,Solano,095,438530,102,48,0,48,0
2020-03-29,Sonoma,097,501317,143,35,0,35,1
2020-03-29,Stanislaus,099,539301,88,19,3,22,0
2020-03-29,Sutter,101,95872,17,6,0,6,0
2020-03-29,Tehama,103,63373,1,0,0,0,0
2020-03-29,Trinity,105,12862,0,0,0,0,0
2020-03-29,Tulare,107,460477,105,24,3,27,1
2020-03-29,Tuolumne,109,53932,1,1,0,1,0
2020-03-29,Ventura,111,848112,274,92,0,92,2
2020-03-29,Yolo,113,214977,51,13,0,13,1
2020-03-29,Yuba,115,75493,8,3,0,3,0
2020-03-28,Alameda,001,1643700,610,410,1,411,12
2020-03-28,Alpine,003,1148,1,0,0,0,0
2020-03-28,Amador,005,37829,4,2,0,2,0
2020-03-28,Butte,007,227075,14,8,0,8,0
2020-03-28,Calaveras,009,45235,3,4,0,4,0
2020-03-28,Colusa,011,21464,3,2,0,2,0
2020-03-28,Contra Costa,013,1133247,411,350,0,350,4
2020-03-28,Del Norte,015,27424,0,0,0,0,0
2020-03-28,El Dorado,017,186661,29,18,0,18,0
2020-03-28,Fresno,019,978130,190,62,3,65,0
2020-03-28,Glenn,021,27897,2,2,0,2,0
2020-03-28,Humboldt,023,135768,45,18,0,18,0
2020-03-28,Imperial,025,180216,77,18,0,18,0
2020-03-28,Inyo,027,18085,9,0,0,0,0
2020-03-28,Kern,029,883053,213,40,0,40,0
2020-03-28,Kings,031,150075,26,2,1,3,0
2020-03-28,Lake,033,64148,0,0,0,0,0
2020-03-28,Lassen,035,31185,1,0,1,1,0
2020-03-28,Los Angeles,037,10098052,5336,3600,13,3613,64
2020-03-28,Madera,039,155013,43,22,0,22,2
2020-03-28,Marin,041,260295,115,116,0,116,0
2020-03-28,Mariposa,043,17540,0,0,0,0,0
2020-03-28,Mendocino,045,87422,5,4,0,4,0
2020-03-28,Merced,047,269075,27,8,0,8,0
2020-03-28,Modoc,049,8938,0,0,0,0,0
2020-03-28,Mono,051,14174,24,12,0,12,0
2020-03-28,Monterey,053,433212,68,64,2,66,2
2020-03-28,Napa,055,140530,27,10,0,10,0
2020-03-28,Nevada,057,99092,32,22,1,23,0
2020-03-28,Orange,059,3164182,1228,656,12,668,4
2020-03-28,Placer,061,380077,109,70,0,70,2
2020-03-28,Plumas,063,18699,1,0,0,0,0
2020-03-28,Riverside,065,2383286,992,242,9,251,14
2020-03-28,Sacramento,067,1510023,524,406,0,406,14
2020-03-28,San Benito,069,59416,29,20,0,20,2
2020-03-28,San Bernardino,071,2135413,602,162,0,162,4
2020-03-28,San Diego,073,3302833,1380,980,0,980,14
2020-03-28,San Francisco,075,870044,641,600,0,600,6
2020-03-28,San Joaquin,077,732212,210,166,3,169,8
2020-03-28,San Luis Obispo,079,281455,116,104,0,104,0
2020-03-28,San Mateo,081,765935,669,462,2,464,17
2020-03-28,Santa Barbara,083,443738,240,98,1,99,0
2020-03-28,Santa Clara,085,1922200,1310,1174,1,1175,54
2020-03-28,Santa Cruz,087,273765,76,62,0,62,0
2020-03-28,Shasta,089,179085,19,8,0,8,2
2020-03-28,Sierra,091,2930,0,0,0,0,0
2020-03-28,Siskiyou,093,43540,4,4,0,4,0
2020-03-28,Solano,095,438530,98,96,0,96,0
2020-03-28,Sonoma,097,501317,141,70,0,70,2
2020-03-28,Stanislaus,099,539301,83,34,3,37,0
2020-03-28,Sutter,101,95872,17,6,0,6,0
2020-03-28,Tehama,103,63373,1,0,0,0,0
2020-03-28,Trinity,105,12862,0,0,0,0,0
2020-03-28,Tulare,107,460477,99,46,3,49,0
2020-03-28,Tuolumne,109,53932,1,2,0,2,0
2020-03-28,Ventura,111,848112,270,178,0,178,4
2020-03-28,Yolo,113,214977,50,26,0,26,2
2020-03-28,Yuba,115,75493,8,6,0,6,0
2020-03-27,Alameda,001,1643700,592,185,1,186,4
2020-03-27,Alpine,003,1148,1,0,0,0,0
2020-03-27,Amador,005,37829,3,1,0,1,0
2020-03-27,Butte,007,227075,12,4,0,4,0
2020-03-27,Calaveras,009,45235,3,2,0,2,0
2020-03-27,Colusa,011,21464,3,0,0,0,0
2020-03-27,Contra Costa,013,1133247,390,161,0,161,2
2020-03-27,Del Norte,015,27424,0,0,0,0,0
2020-03-27,El Dorado,017,186661,27,9,0,9,0
2020-03-27,Fresno,019,978130,178,29,2,31,0
2020-03-27,Glenn,021,27897,2,0,0,0,0
2020-03-27,Humboldt,023,135768,41,9,0,9,0
2020-03-27,Imperial,025,180216,72,9,0,9,0
2020-03-27,Inyo,027,18085,9,0,0,0,0
2020-03-27,Kern,029,883053,200,20,0,20,0
2020-03-27,Kings,031,150075,25,0,1,1,0
2020-03-27,Lake,033,64148,0,0,0,0,0
2020-03-27,Lassen,035,31185,1,0,1,1,0
2020-03-27,Los Angeles,037,10098052,4924,1474,13,1487,26
2020-03-27,Madera,039,155013,41,10,0,10,1
2020-03-27,Marin,041,260295,110,58,0,58,0
2020-03-27,Mariposa,043,17540,0,0,0,0,0
2020-03-27,Mendocino,045,87422,5,2,0,2,0
2020-03-27,Merced,047,269075,26,3,0,3,0
2020-03-27,Modoc,049,8938,0,0,0,0,0
2020-03-27,Mono,051,14174,24,6,0,6,0
2020-03-27,Monterey,053,433212,65,26,2,28,1
2020-03-27,Napa,055,140530,27,5,0,5,0
2020-03-27,Nevada,057,99092,32,6,1,7,0
2020-03-27,Orange,059,3164182,1175,299,12,311,2
2020-03-27,Placer,061,380077,106,33,0,33,1
2020-03-27,Plumas,063,18699,0,0,0,0,0
2020-03-27,Riverside,065,2383286,936,121,9,130,7
2020-03-27,Sacramento,067,1510023,501,163,0,163,6
2020-03-27,San Benito,069,59416,28,9,0,9,1
2020-03-27,San Bernardino,071,2135413,512,77,0,77,2
2020-03-27,San Diego,073,3302833,1323,419,0,419,5
2020-03-27,San Francisco,075,870044,616,285,0,285,2
2020-03-27,San Joaquin,077,732212,199,73,3,76,3
2020-03-27,San Luis Obispo,079,281455,114,46,0,46,0
2020-03-27,San Mateo,081,765935,643,213,2,215,7
2020-03-27,Santa Barbara,083,443738,224,37,1,38,0
2020-03-27,Santa Clara,085,1922200,1272,557,1,558,25
2020-03-27,Santa Cruz,087,273765,75,31,0,31,0
2020-03-27,Shasta,089,179085,16,3,0,3,1
2020-03-27,Sierra,091,2930,0,0,0,0,0
2020-03-27,Siskiyou,093,43540,4,2,0,2,0
2020-03-27,Solano,095,438530,92,48,0,48,0
2020-03-27,Sonoma,097,501317,133,35,0,35,1
2020-03-27,Stanislaus,099,539301,81,16,3,19,0
2020-03-27,Sutter,101,95872,16,2,0,2,0
2020-03-27,Tehama,103,63373,1,0,0,0,0
2020-03-27,Trinity,105,12862,0,0,0,0,0
2020-03-27,Tulare,107,460477,91,15,3,18,0
2020-03-27,Tuolumne,109,53932,1,1,0,1,0
2020-03-27,Ventura,111,848112,261,80,0,80,2
2020-03-27,Yolo,113,214977,49,13,0,13,1
2020-03-27,Yuba,115,75493,7,3,0,3,0
2020-03-26,Alameda,001,1643700,552,172,1,173,4
2020-03-26,Alpine,003,1148,1,0,0,0,0
2020-03-26,Amador,005,37829,3,1,0,1,0
2020-03-26,Butte,007,227075,12,4,0,4,0
2020-03-26,Calaveras,009,45235,3,2,0,2,0
2020-03-26,Colusa,011,21464,3,0,0,0,0
2020-03-26,Contra Costa,013,1133247,380,147,0,147,2
2020-03-26,Del Norte,015,27424,0,0,0,0,0
2020-03-26,El Dorado,017,186661,25,7,0,7,0
2020-03-26,Fresno,019,978130,169,25,2,27,0
2020-03-26,Glenn,021,27897,2,0,0,0,0
2020-03-26,Humboldt,023,135768,37,8,0,8,0
2020-03-26,Imperial,025,180216,68,8,0,8,0
2020-03-26,Inyo,027,18085,8,0,0,0,0
2020-03-26,Kern,029,883053,184,20,0,20,0
2020-03-26,Kings,031,150075,25,0,1,1,0
2020-03-26,Lake,033,64148,0,0,0,0,0
2020-03-26,Lassen,035,31185,1,0,1,1,0
2020-03-26,Los Angeles,037,10098052,4521,1075,13,1088,19
2020-03-26,Madera,039,155013,39,8,0,8,0
2020-03-26,Marin,041,260295,101,56,0,56,0
2020-03-26,Mariposa,043,17540,0,0,0,0,0
2020-03-26,Mendocino,045,87422,4,1,0,1,0
2020-03-26,Merced,047,269075,23,1,0,1,0
2020-03-26,Modoc,049,8938,0,0,0,0,0
2020-03-26,Mono,051,14174,23,5,0,5,0
2020-03-26,Monterey,053,433212,62,25,2,27,1
2020-03-26,Napa,055,140530,26,5,0,5,0
2020-03-26,Nevada,057,99092,32,7,1,8,0
2020-03-26,Orange,059,3164182,1111,279,12,291,1
2020-03-26,Placer,061,380077,103,34,0,34,1
2020-03-26,Plumas,063,18699,0,0,0,0,0
2020-03-26,Riverside,065,2383286,865,118,9,127,7
2020-03-26,Sacramento,067,1510023,468,147,0,147,5
2020-03-26,San Benito,069,59416,28,8,0,8,1
2020-03-26,San Bernardino,071,2135413,446,57,0,57,1
2020-03-26,San Diego,073,3302833,1256,299,0,299,2
2020-03-26,San Francisco,075,870044,589,261,0,261,1
2020-03-26,San Joaquin,077,732212,188,69,3,72,3
2020-03-26,San Luis Obispo,079,281455,109,38,0,38,0
2020-03-26,San Mateo,081,765935,609,122,2,124,5
2020-03-26,Santa Barbara,083,443738,208,33,1,34,0
2020-03-26,Santa Clara,085,1922200,1228,487,1,488,20
2020-03-26,Santa Cruz,087,273765,71,30,0,30,0
2020-03-26,Shasta,089,179085,16,3,0,3,1
2020-03-26,Sierra,091,2930,0,0,0,0,0
2020-03-26,Siskiyou,093,43540,4,2,0,2,0
2020-03-26,Solano,095,438530,84,41,0,41,0
2020-03-26,Sonoma,097,501317,128,33,0,33,1
2020-03-26,Stanislaus,099,539301,79,15,3,18,0
2020-03-26,Sutter,101,95872,12,2,0,2,0
2020-03-26,Tehama,103,63373,1,0,0,0,0
2020-03-26,Trinity,105,12862,0,0,0,0,0
2020-03-26,Tulare,107,460477,83,15,3,18,0
2020-03-26,Tuolumne,109,53932,1,0,0,0,0
2020-03-26,Ventura,111,848112,245,70,0,70,1
2020-03-26,Yolo,113,214977,45,13,0,13,1
2020-03-26,Yuba,115,75493,7,3,0,3,0
2020-03-25,Alameda,001,1643700,531,134,1,135,3
2020-03-25,Alpine,003,1148,1,0,0,0,0
2020-03-25,Amador,005,37829,3,1,0,1,0
2020-03-25,Butte,007,227075,12,4,0,4,0
2020-03-25,Calaveras,009,45235,3,2,0,2,0
2020-03-25,Colusa,011,21464,2,0,0,0,0
2020-03-25,Contra Costa,013,1133247,366,131,0,131,1
2020-03-25,Del Norte,015,27424,0,0,0,0,0
2020-03-25,El Dorado,017,186661,25,5,0,5,0
2020-03-25,Fresno,019,978130,152,21,2,23,0
2020-03-25,Glenn,021,27897,2,0,0,0,0
2020-03-25,Humboldt,023,135768,34,3,0,3,0
2020-03-25,Imperial,025,180216,60,8,0,8,0
2020-03-25,Inyo,027,18085,5,0,0,0,0
2020-03-25,Kern,029,883053,164,13,0,13,0
2020-03-25,Kings,031,150075,23,0,1,1,0
2020-03-25,Lake,033,64148,0,0,0,0,0
2020-03-25,Lassen,035,31185,1,0,1,1,0
2020-03-25,Los Angeles,037,10098052,4126,725,13,738,10
2020-03-25,Madera,039,155013,37,6,0,6,0
2020-03-25,Marin,041,260295,95,47,0,47,0
2020-03-25,Mariposa,043,17540,0,0,0,0,0
2020-03-25,Mendocino,045,87422,3,1,0,1,0
2020-03-25,Merced,047,269075,19,0,0,0,0
2020-03-25,Modoc,049,8938,0,0,0,0,0
2020-03-25,Mono,051,14174,22,4,0,4,0
2020-03-25,Monterey,053,433212,59,23,2,25,1
2020-03-25,Napa,055,140530,26,5,0,5,0
2020-03-25,Nevada,057,99092,31,5,1,6,0
2020-03-25,Orange,059,3164182,1049,214,12,226,1
2020-03-25,Placer,061,380077,97,30,0,30,1
2020-03-25,Plumas,063,18699,0,1,0,1,0
2020-03-25,Riverside,065,2383286,794,87,9,96,5
2020-03-25,Sacramento,067,1510023,442,114,0,114,5
2020-03-25,San Benito,069,59416,27,4,0,4,1
2020-03-25,San Bernardino,071,2135413,407,46,0,46,1
2020-03-25,San Diego,073,3302833,1194,238,0,238,2
2020-03-25,San Francisco,075,870044,548,212,0,212,1
2020-03-25,San Joaquin,077,732212,175,64,3,67,2
2020-03-25,San Luis Obispo,079,281455,104,35,0,35,0
2020-03-25,San Mateo,081,765935,574,111,2,113,5
2020-03-25,Santa Barbara,083,443738,197,25,1,26,0
2020-03-25,Santa Clara,085,1922200,1184,452,1,453,20
2020-03-25,Santa Cruz,087,273765,68,26,0,26,0
2020-03-25,Shasta,089,179085,15,3,0,3,1
2020-03-25,Sierra,091,2930,0,0,0,0,0
2020-03-25,Siskiyou,093,43540,4,2,0,2,0
2020-03-25,Solano,095,438530,79,39,0,39,0
2020-03-25,Sonoma,097,501317,123,31,0,31,1
2020-03-25,Stanislaus,099,539301,72,14,3,17,0
2020-03-25,Sutter,101,95872,9,1,0,1,0
2020-03-25,Tehama,103,63373,1,0,0,0,0
2020-03-25,Trinity,105,12862,0,0,0,0,0
2020-03-25,Tulare,107,460477,73,11,3,14,0
2020-03-25,Tuolumne,109,53932,1,0,0,0,0
2020-03-25,Ventura,111,848112,229,53,0,53,1
2020-03-25,Yolo,113,214977,43,9,0,9,1
2020-03-25,Yuba,115,75493,7,2,0,2,0
2020-03-24,Alameda,001,1643700,499,96,1,97,2
2020-03-24,Alpine,003,1148,1,0,0,0,0
2020-03-24,Amador,005,37829,1,1,0,1,0
2020-03-24,Butte,007,227075,11,3,0,3,0
2020-03-24,Calaveras,009,45235,2,2,0,2,0
2020-03-24,Colusa,011,21464,2,0,0,0,0
2020-03-24,Contra Costa,013,1133247,352,108,0,108,1
2020-03-24,Del Norte,015,27424,0,0,0,0,0
2020-03-24,El Dorado,017,186661,25,3,0,3,0
2020-03-24,Fresno,019,978130,133,18,2,20,0
2020-03-24,Glenn,021,27897,2,0,0,0,0
2020-03-24,Humboldt,023,135768,32,2,0,2,0
2020-03-24,Imperial,025,180216,57,3,0,3,0
2020-03-24,Inyo,027,18085,5,0,0,0,0
2020-03-24,Kern,029,883053,144,5,0,5,0
2020-03-24,Kings,031,150075,22,0,1,1,0
2020-03-24,Lake,033,64148,0,0,0,0,0
2020-03-24,Lassen,035,31185,1,0,1,1,0
2020-03-24,Los Angeles,037,10098052,3674,633,13,646,7
2020-03-24,Madera,039,155013,36,6,0,6,0
2020-03-24,Marin,041,260295,84,44,0,44,0
2020-03-24,Mariposa,043,17540,0,0,0,0,0
2020-03-24,Mendocino,045,87422,3,1,0,1,0
2020-03-24,Merced,047,269075,17,0,0,0,0
2020-03-24,Modoc,049,8938,0,0,0,0,0
2020-03-24,Mono,051,14174,21,1,0,1,0
2020-03-24,Monterey,053,433212,55,23,2,25,1
2020-03-24,Napa,055,140530,23,2,0,2,0
2020-03-24,Nevada,057,99092,30,4,1,5,0
2020-03-24,Orange,059,3164182,984,166,12,178,0
2020-03-24,Placer,061,380077,90,22,0,22,1
2020-03-24,Plumas,063,18699,0,1,0,1,0
2020-03-24,Riverside,065,2383286,727,56,9,65,5
2020-03-24,Sacramento,067,1510023,423,93,0,93,4
2020-03-24,San Benito,069,59416,26,4,0,4,1
2020-03-24,San Bernardino,071,2135413,363,27,0,27,0
2020-03-24,San Diego,073,3302833,1127,231,0,231,2
2020-03-24,San Francisco,075,870044,516,181,0,181,1
2020-03-24,San Joaquin,077,732212,164,52,3,55,2
2020-03-24,San Luis Obispo,079,281455,101,32,0,32,0
2020-03-24,San Mateo,081,765935,533,100,2,102,2
2020-03-24,Santa Barbara,083,443738,191,20,1,21,0
2020-03-24,Santa Clara,085,1922200,1115,389,1,390,17
2020-03-24,Santa Cruz,087,273765,63,22,0,22,0
2020-03-24,Shasta,089,179085,14,3,0,3,0
2020-03-24,Sierra,091,2930,0,0,0,0,0
2020-03-24,Siskiyou,093,43540,4,2,0,2,0
2020-03-24,Solano,095,438530,77,34,0,34,0
2020-03-24,Sonoma,097,501317,116,27,0,27,1
2020-03-24,Stanislaus,099,539301,63,13,3,16,0
2020-03-24,Sutter,101,95872,9,0,0,0,0
2020-03-24,Tehama,103,63373,1,0,0,0,0
2020-03-24,Trinity,105,12862,0,0,0,0,0
2020-03-24,Tulare,107,460477,65,10,3,13,0
2020-03-24,Tuolumne,109,53932,1,0,0,0,0
2020-03-24,Ventura,111,848112,213,44,0,44,1
2020-03-24,Yolo,113,214977,39,8,0,8,0
2020-03-24,Yuba,115,75493,7,2,0,2,0
2020-03-23,Alameda,001,1643700,468,88,1,89,1
2020-03-23,Alpine,003,1148,1,0,0,0,0
2020-03-23,Amador,005,37829,1,1,0,1,0
2020-03-23,Butte,007,227075,11,2,0,2,0
2020-03-23,Calaveras,009,45235,2,2,0,2,0
2020-03-23,Colusa,011,21464,1,0,0,0,0
2020-03-23,Contra Costa,013,1133247,332,91,0,91,2
2020-03-23,Del Norte,015,27424,0,0,0,0,0
2020-03-23,El Dorado,017,186661,24,3,0,3,0
2020-03-23,Fresno,019,978130,123,10,2,12,0
2020-03-23,Glenn,021,27897,2,0,0,0,0
2020-03-23,Humboldt,023,135768,30,2,0,2,0
2020-03-23,Imperial,025,180216,53,2,0,2,0
2020-03-23,Inyo,027,18085,3,0,0,0,0
2020-03-23,Kern,029,883053,130,5,0,5,0
2020-03-23,Kings,031,150075,22,0,1,1,0
2020-03-23,Lake,033,64148,0,0,0,0,0
2020-03-23,Lassen,035,31185,1,0,1,1,0
2020-03-23,Los Angeles,037,10098052,3370,389,13,402,4
2020-03-23,Madera,039,155013,36,4,0,4,0
2020-03-23,Marin,041,260295,79,30,0,30,0
2020-03-23,Mariposa,043,17540,0,0,0,0,0
2020-03-23,Mendocino,045,87422,3,1,0,1,0
2020-03-23,Merced,047,269075,11,0,0,0,0
2020-03-23,Modoc,049,8938,0,0,0,0,0
2020-03-23,Mono,051,14174,19,1,0,1,0
2020-03-23,Monterey,053,433212,50,14,2,16,1
2020-03-23,Napa,055,140530,21,1,0,1,0
2020-03-23,Nevada,057,99092,27,2,1,3,0
2020-03-23,Orange,059,3164182,927,138,11,149,0
2020-03-23,Placer,061,380077,87,19,0,19,1
2020-03-23,Plumas,063,18699,0,0,0,0,0
2020-03-23,Riverside,065,2383286,684,39,9,48,5
2020-03-23,Sacramento,067,1510023,390,87,0,87,4
2020-03-23,San Benito,069,59416,25,4,0,4,1
2020-03-23,San Bernardino,071,2135413,333,17,0,17,0
2020-03-23,San Diego,073,3302833,1068,178,0,178,1
2020-03-23,San Francisco,075,870044,487,152,0,152,0
2020-03-23,San Joaquin,077,732212,153,37,3,40,2
2020-03-23,San Luis Obispo,079,281455,95,23,0,23,0
2020-03-23,San Mateo,081,765935,495,88,2,90,1
2020-03-23,Santa Barbara,083,443738,170,18,1,19,0
2020-03-23,Santa Clara,085,1922200,1067,336,1,337,13
2020-03-23,Santa Cruz,087,273765,61,21,0,21,0
2020-03-23,Shasta,089,179085,12,2,0,2,0
2020-03-23,Sierra,091,2930,0,0,0,0,0
2020-03-23,Siskiyou,093,43540,4,2,0,2,0
2020-03-23,Solano,095,438530,73,33,0,33,0
2020-03-23,Sonoma,097,501317,104,19,0,19,1
2020-03-23,Stanislaus,099,539301,55,10,3,13,0
2020-03-23,Sutter,101,95872,9,0,0,0,0
2020-03-23,Tehama,103,63373,1,0,0,0,0
2020-03-23,Trinity,105,12862,0,0,0,0,0
2020-03-23,Tulare,107,460477,59,9,3,12,0
2020-03-23,Tuolumne,109,53932,1,0,0,0,0
2020-03-23,Ventura,111,848112,196,30,0,30,0
2020-03-23,Yolo,113,214977,38,8,0,8,0
2020-03-23,Yuba,115,75493,7,2,0,2,0
2020-03-22,Alameda,001,1643700,429,72,1,73,1
2020-03-22,Alpine,003,1148,1,0,0,0,0
2020-03-22,Amador,005,37829,1,1,0,1,0
2020-03-22,Butte,007,227075,8,1,0,1,0
2020-03-22,Calaveras,009,45235,2,2,0,2,0
2020-03-22,Colusa,011,21464,1,0,0,0,0
2020-03-22,Contra Costa,013,1133247,305,79,0,79,1
2020-03-22,Del Norte,015,27424,0,0,0,0,0
2020-03-22,El Dorado,017,186661,22,1,0,1,0
2020-03-22,Fresno,019,978130,103,8,2,10,0
2020-03-22,Glenn,021,27897,2,0,0,0,0
2020-03-22,Humboldt,023,135768,27,1,0,1,0
2020-03-22,Imperial,025,180216,51,2,0,2,0
2020-03-22,Inyo,027,18085,1,0,0,0,0
2020-03-22,Kern,029,883053,114,3,0,3,0
2020-03-22,Kings,031,150075,20,0,1,1,0
2020-03-22,Lake,033,64148,0,0,0,0,0
2020-03-22,Lassen,035,31185,1,0,1,1,0
2020-03-22,Los Angeles,037,10098052,3049,384,13,397,3
2020-03-22,Madera,039,155013,33,4,0,4,0
2020-03-22,Marin,041,260295,69,30,0,30,0
2020-03-22,Mariposa,043,17540,0,0,0,0,0
2020-03-22,Mendocino,045,87422,3,1,0,1,0
2020-03-22,Merced,047,269075,7,0,0,0,0
2020-03-22,Modoc,049,8938,0,0,0,0,0
2020-03-22,Mono,051,14174,14,1,0,1,0
2020-03-22,Monterey,053,433212,47,14,2,16,1
2020-03-22,Napa,055,140530,17,1,0,1,0
2020-03-22,Nevada,057,99092,23,2,1,3,0
2020-03-22,Orange,059,3164182,843,102,8,110,0
2020-03-22,Placer,061,380077,84,18,0,18,1
2020-03-22,Plumas,063,18699,0,0,0,0,0
2020-03-22,Riverside,065,2383286,596,26,6,32,5
2020-03-22,Sacramento,067,1510023,358,82,0,82,4
2020-03-22,San Benito,069,59416,20,4,0,4,1
2020-03-22,San Bernardino,071,2135413,290,16,0,16,0
2020-03-22,San Diego,073,3302833,980,161,0,161,0
2020-03-22,San Francisco,075,870044,450,134,0,134,0
2020-03-22,San Joaquin,077,732212,139,30,3,33,2
2020-03-22,San Luis Obispo,079,281455,89,19,0,19,0
2020-03-22,San Mateo,081,765935,462,82,2,84,1
2020-03-22,Santa Barbara,083,443738,152,16,1,17,0
2020-03-22,Santa Clara,085,1922200,1003,284,1,285,13
2020-03-22,Santa Cruz,087,273765,60,19,0,19,0
2020-03-22,Shasta,089,179085,12,1,0,1,0
2020-03-22,Sierra,091,2930,0,0,0,0,0
2020-03-22,Siskiyou,093,43540,4,2,0,2,0
2020-03-22,Solano,095,438530,64,30,0,30,0
2020-03-22,Sonoma,097,501317,99,18,0,18,1
2020-03-22,Stanislaus,099,539301,49,8,3,11,0
2020-03-22,Sutter,101,95872,8,0,0,0,0
2020-03-22,Tehama,103,63373,0,0,0,0,0
2020-03-22,Trinity,105,12862,0,0,0,0,0
2020-03-22,Tulare,107,460477,54,5,3,8,0
2020-03-22,Tuolumne,109,53932,1,0,0,0,0
2020-03-22,Ventura,111,848112,174,26,0,26,0
2020-03-22,Yolo,113,214977,32,6,0,6,0
2020-03-22,Yuba,115,75493,7,2,0,2,0
2020-03-21,Alameda,001,1643700,405,62,1,63,0
2020-03-21,Alpine,003,1148,1,0,0,0,0
2020-03-21,Amador,005,37829,1,1,0,1,0
2020-03-21,Butte,007,227075,7,1,0,1,0
2020-03-21,Calaveras,009,45235,2,2,0,2,0
2020-03-21,Colusa,011,21464,1,0,0,0,0
2020-03-21,Contra Costa,013,1133247,294,62,0,62,1
2020-03-21,Del Norte,015,27424,0,0,0,0,0
2020-03-21,El Dorado,017,186661,19,1,0,1,0
2020-03-21,Fresno,019,978130,99,8,2,10,0
2020-03-21,Glenn,021,27897,2,0,0,0,0
2020-03-21,Humboldt,023,135768,25,1,0,1,0
2020-03-21,Imperial,025,180216,47,2,0,2,0
2020-03-21,Inyo,027,18085,1,0,0,0,0
2020-03-21,Kern,029,883053,108,3,0,3,0
2020-03-21,Kings,031,150075,20,0,1,1,0
2020-03-21,Lake,033,64148,0,0,0,0,0
2020-03-21,Lassen,035,31185,1,0,1,1,0
2020-03-21,Los Angeles,037,10098052,2776,322,13,335,2
2020-03-21,Madera,039,155013,33,4,0,4,0
2020-03-21,Marin,041,260295,64,30,0,30,0
2020-03-21,Mariposa,043,17540,0,0,0,0,0
2020-03-21,Mendocino,045,87422,3,1,0,1,0
2020-03-21,Merced,047,269075,6,0,0,0,0
2020-03-21,Modoc,049,8938,0,0,0,0,0
2020-03-21,Mono,051,14174,14,1,0,1,0
2020-03-21,Monterey,053,433212,44,8,2,10,1
2020-03-21,Napa,055,140530,17,0,0,0,0
2020-03-21,Nevada,057,99092,23,2,1,3,0
2020-03-21,Orange,059,3164182,794,85,8,93,0
2020-03-21,Placer,061,380077,75,11,0,11,1
2020-03-21,Plumas,063,18699,0,0,0,0,0
2020-03-21,Riverside,065,2383286,550,20,6,26,3
2020-03-21,Sacramento,067,1510023,331,66,0,66,3
2020-03-21,San Benito,069,59416,18,4,0,4,1
2020-03-21,San Bernardino,071,2135413,270,13,0,13,0
2020-03-21,San Diego,073,3302833,903,121,0,121,0
2020-03-21,San Francisco,075,870044,414,106,0,106,0
2020-03-21,San Joaquin,077,732212,130,26,3,29,2
2020-03-21,San Luis Obispo,079,281455,85,16,0,16,0
2020-03-21,San Mateo,081,765935,424,78,2,80,1
2020-03-21,Santa Barbara,083,443738,137,8,1,9,0
2020-03-21,Santa Clara,085,1922200,942,269,1,270,10
2020-03-21,Santa Cruz,087,273765,58,17,0,17,0
2020-03-21,Shasta,089,179085,11,1,0,1,0
2020-03-21,Sierra,091,2930,0,0,0,0,0
2020-03-21,Siskiyou,093,43540,4,0,0,0,0
2020-03-21,Solano,095,438530,62,30,0,30,0
2020-03-21,Sonoma,097,501317,98,15,0,15,1
2020-03-21,Stanislaus,099,539301,43,7,3,10,0
2020-03-21,Sutter,101,95872,7,0,0,0,0
2020-03-21,Tehama,103,63373,0,0,0,0,0
2020-03-21,Trinity,105,12862,0,0,0,0,0
2020-03-21,Tulare,107,460477,48,5,3,8,0
2020-03-21,Tuolumne,109,53932,1,0,0,0,0
2020-03-21,Ventura,111,848112,166,22,0,22,0
2020-03-21,Yolo,113,214977,32,6,0,6,0
2020-03-21,Yuba,115,75493,7,1,0,1,0
2020-03-20,Alameda,001,1643700,384,42,1,43,0
2020-03-20,Alpine,003,1148,1,0,0,0,0
2020-03-20,Amador,005,37829,0,0,0,0,0
2020-03-20,Butte,007,227075,7,0,0,0,0
2020-03-20,Calaveras,009,45235,2,2,0,2,0
2020-03-20,Colusa,011,21464,1,0,0,0,0
2020-03-20,Contra Costa,013,1133247,264,52,0,52,1
2020-03-20,Del Norte,015,27424,0,0,0,0,0
2020-03-20,El Dorado,017,186661,18,1,0,1,0
2020-03-20,Fresno,019,978130,96,7,2,9,0
2020-03-20,Glenn,021,27897,1,0,0,0,0
2020-03-20,Humboldt,023,135768,25,1,0,1,0
2020-03-20,Imperial,025,180216,46,2,0,2,0
2020-03-20,Inyo,027,18085,0,0,0,0,0
2020-03-20,Kern,029,883053,93,3,0,3,0
2020-03-20,Kings,031,150075,19,0,1,1,0
2020-03-20,Lake,033,64148,0,0,0,0,0
2020-03-20,Lassen,035,31185,1,0,1,1,0
2020-03-20,Los Angeles,037,10098052,2551,267,12,279,1
2020-03-20,Madera,039,155013,32,4,0,4,0
2020-03-20,Marin,041,260295,61,30,0,30,0
2020-03-20,Mariposa,043,17540,0,0,0,0,0
2020-03-20,Mendocino,045,87422,3,1,0,1,0
2020-03-20,Merced,047,269075,6,0,0,0,0
2020-03-20,Modoc,049,8938,0,0,0,0,0
2020-03-20,Mono,051,14174,14,0,0,0,0
2020-03-20,Monterey,053,433212,43,4,2,6,0
2020-03-20,Napa,055,140530,16,0,0,0,0
2020-03-20,Nevada,057,99092,20,2,1,3,0
2020-03-20,Orange,059,3164182,746,71,8,79,2
2020-03-20,Placer,061,380077,69,9,0,9,1
2020-03-20,Plumas,063,18699,0,0,0,0,0
2020-03-20,Riverside,065,2383286,493,19,6,25,3
2020-03-20,Sacramento,067,1510023,310,56,0,56,4
2020-03-20,San Benito,069,59416,18,4,0,4,1
2020-03-20,San Bernardino,071,2135413,243,9,0,9,0
2020-03-20,San Diego,073,3302833,851,98,0,98,0
2020-03-20,San Francisco,075,870044,382,87,0,87,0
2020-03-20,San Joaquin,077,732212,115,18,3,21,2
2020-03-20,San Luis Obispo,079,281455,81,11,0,11,0
2020-03-20,San Mateo,081,765935,394,71,2,73,1
2020-03-20,Santa Barbara,083,443738,120,7,1,8,0
2020-03-20,Santa Clara,085,1922200,905,246,1,247,8
2020-03-20,Santa Cruz,087,273765,56,13,0,13,0
2020-03-20,Shasta,089,179085,10,1,0,1,0
2020-03-20,Sierra,091,2930,0,0,0,0,0
2020-03-20,Siskiyou,093,43540,4,0,0,0,0
2020-03-20,Solano,095,438530,58,29,0,29,0
2020-03-20,Sonoma,097,501317,90,7,0,7,0
2020-03-20,Stanislaus,099,539301,37,7,3,10,0
2020-03-20,Sutter,101,95872,7,0,0,0,0
2020-03-20,Tehama,103,63373,0,0,0,0,0
2020-03-20,Trinity,105,12862,0,0,0,0,0
2020-03-20,Tulare,107,460477,44,4,3,7,0
2020-03-20,Tuolumne,109,53932,1,0,0,0,0
2020-03-20,Ventura,111,848112,156,18,0,18,0
2020-03-20,Yolo,113,214977,30,5,0,5,0
2020-03-20,Yuba,115,75493,6,0,0,0,0
2020-03-19,Alameda,001,1643700,348,36,1,37,0
2020-03-19,Alpine,003,1148,1,0,0,0,0
2020-03-19,Amador,005,37829,0,0,0,0,0
2020-03-19,Butte,007,227075,5,0,0,0,0
2020-03-19,Calaveras,009,45235,2,2,0,2,0
2020-03-19,Colusa,011,21464,0,0,0,0,0
2020-03-19,Contra Costa,013,1133247,248,46,0,46,0
2020-03-19,Del Norte,015,27424,0,0,0,0,0
2020-03-19,El Dorado,017,186661,17,0,0,0,0
2020-03-19,Fresno,019,978130,87,6,2,8,0
2020-03-19,Glenn,021,27897,1,0,0,0,0
2020-03-19,Humboldt,023,135768,23,1,0,1,0
2020-03-19,Imperial,025,180216,39,2,0,2,0
2020-03-19,Inyo,027,18085,0,0,0,0,0
2020-03-19,Kern,029,883053,81,3,0,3,0
2020-03-19,Kings,031,150075,15,0,1,1,0
2020-03-19,Lake,033,64148,0,0,0,0,0
2020-03-19,Lassen,035,31185,0,0,1,1,0
2020-03-19,Los Angeles,037,10098052,2264,233,12,245,0
2020-03-19,Madera,039,155013,31,3,0,3,0
2020-03-19,Marin,041,260295,58,19,0,19,0
2020-03-19,Mariposa,043,17540,0,0,0,0,0
2020-03-19,Mendocino,045,87422,2,1,0,1,0
2020-03-19,Merced,047,269075,5,0,0,0,0
2020-03-19,Modoc,049,8938,0,0,0,0,0
2020-03-19,Mono,051,14174,12,0,0,0,0
2020-03-19,Monterey,053,433212,35,3,2,5,0
2020-03-19,Napa,055,140530,14,0,0,0,0
2020-03-19,Nevada,057,99092,18,2,1,3,0
2020-03-19,Orange,059,3164182,663,59,8,67,0
2020-03-19,Placer,061,380077,61,8,0,8,1
2020-03-19,Plumas,063,18699,0,0,0,0,0
2020-03-19,Riverside,065,2383286,386,14,4,18,3
2020-03-19,Sacramento,067,1510023,277,52,0,52,3
2020-03-19,San Benito,069,59416,15,3,0,3,0
2020-03-19,San Bernardino,071,2135413,213,7,0,7,0
2020-03-19,San Diego,073,3302833,768,68,0,68,0
2020-03-19,San Francisco,075,870044,346,80,0,80,0
2020-03-19,San Joaquin,077,732212,102,15,3,18,2
2020-03-19,San Luis Obispo,079,281455,78,6,0,6,0
2020-03-19,San Mateo,081,765935,359,58,2,60,1
2020-03-19,Santa Barbara,083,443738,103,5,0,5,0
2020-03-19,Santa Clara,085,1922200,839,183,1,184,8
2020-03-19,Santa Cruz,087,273765,53,13,0,13,0
2020-03-19,Shasta,089,179085,9,1,0,1,0
2020-03-19,Sierra,091,2930,0,0,0,0,0
2020-03-19,Siskiyou,093,43540,3,0,0,0,0
2020-03-19,Solano,095,438530,54,26,0,26,0
2020-03-19,Sonoma,097,501317,87,8,0,8,0
2020-03-19,Stanislaus,099,539301,36,7,3,10,0
2020-03-19,Sutter,101,95872,7,0,0,0,0
2020-03-19,Tehama,103,63373,0,0,0,0,0
2020-03-19,Trinity,105,12862,0,0,0,0,0
2020-03-19,Tulare,107,460477,39,3,3,6,0
2020-03-19,Tuolumne,109,53932,1,0,0,0,0
2020-03-19,Ventura,111,848112,134,15,0,15,0
2020-03-19,Yolo,113,214977,26,5,0,5,0
2020-03-19,Yuba,115,75493,5,0,0,0,0
2020-03-18,Alameda,001,1643700,320,29,1,30,0
2020-03-18,Alpine,003,1148,1,0,0,0,0
2020-03-18,Amador,005,37829,0,0,0,0,0
2020-03-18,Butte,007,227075,4,0,0,0,0
2020-03-18,Calaveras,009,45235,2,2,0,2,0
2020-03-18,Colusa,011,21464,0,0,0,0,0
2020-03-18,Contra Costa,013,1133247,227,44,0,44,0
2020-03-18,Del Norte,015,27424,0,0,0,0,0
2020-03-18,El Dorado,017,186661,16,0,0,0,0
2020-03-18,Fresno,019,978130,78,3,1,4,0
2020-03-18,Glenn,021,27897,1,0,0,0,0
2020-03-18,Humboldt,023,135768,19,1,0,1,0
2020-03-18,Imperial,025,180216,33,2,0,2,0
2020-03-18,Inyo,027,18085,0,0,0,0,0
2020-03-18,Kern,029,883053,66,1,0,1,0
2020-03-18,Kings,031,150075,13,0,1,1,0
2020-03-18,Lake,033,64148,0,0,0,0,0
2020-03-18,Lassen,035,31185,0,0,1,1,0
2020-03-18,Los Angeles,037,10098052,2025,47,12,59,0
2020-03-18,Madera,039,155013,30,2,0,2,0
2020-03-18,Marin,041,260295,53,10,0,10,0
2020-03-18,Mariposa,043,17540,0,0,0,0,0
2020-03-18,Mendocino,045,87422,2,0,0,0,0
2020-03-18,Merced,047,269075,5,0,0,0,0
2020-03-18,Modoc,049,8938,0,0,0,0,0
2020-03-18,Mono,051,14174,11,0,0,0,0
2020-03-18,Monterey,053,433212,28,1,1,2,0
2020-03-18,Napa,055,140530,11,0,0,0,0
2020-03-18,Nevada,057,99092,16,2,1,3,0
2020-03-18,Orange,059,3164182,599,38,8,46,0
2020-03-18,Placer,061,380077,54,8,0,8,1
2020-03-18,Plumas,063,18699,0,0,0,0,0
2020-03-18,Riverside,065,2383286,325,11,4,15,2
2020-03-18,Sacramento,067,1510023,254,46,0,46,3
2020-03-18,San Benito,069,59416,14,3,0,3,0
2020-03-18,San Bernardino,071,2135413,191,3,0,3,0
2020-03-18,San Diego,073,3302833,683,40,0,40,0
2020-03-18,San Francisco,075,870044,327,65,0,65,0
2020-03-18,San Joaquin,077,732212,90,14,3,17,2
2020-03-18,San Luis Obispo,079,281455,71,5,0,5,0
2020-03-18,San Mateo,081,765935,337,57,2,59,1
2020-03-18,Santa Barbara,083,443738,89,2,0,2,0
2020-03-18,Santa Clara,085,1922200,789,151,1,152,6
2020-03-18,Santa Cruz,087,273765,51,11,0,11,0
2020-03-18,Shasta,089,179085,8,1,0,1,0
2020-03-18,Sierra,091,2930,0,0,0,0,0
2020-03-18,Siskiyou,093,43540,3,0,0,0,0
2020-03-18,Solano,095,438530,50,26,0,26,0
2020-03-18,Sonoma,097,501317,78,6,0,6,0
2020-03-18,Stanislaus,099,539301,32,5,2,7,0
2020-03-18,Sutter,101,95872,5,0,0,0,0
2020-03-18,Tehama,103,63373,0,0,0,0,0
2020-03-18,Trinity,105,12862,0,0,0,0,0
2020-03-18,Tulare,107,460477,30,3,3,6,0
2020-03-18,Tuolumne,109,53932,1,0,0,0,0
2020-03-18,Ventura,111,848112,115,11,0,11,0
2020-03-18,Yolo,113,214977,23,4,0,4,0
2020-03-18,Yuba,115,75493,4,0,0,0,0
2020-03-17,Alameda,001,1643700,288,19,0,19,0
2020-03-17,Alpine,003,1148,0,0,0,0,0
2020-03-17,Amador,005,37829,0,0,0,0,0
2020-03-17,Butte,007,227075,4,0,0,0,0
2020-03-17,Calaveras,009,45235,2,2,0,2,0
2020-03-17,Colusa,011,21464,0,0,0,0,0
2020-03-17,Contra Costa,013,1133247,205,37,0,37,0
2020-03-17,Del Norte,015,27424,0,0,0,0,0
2020-03-17,El Dorado,017,186661,15,0,0,0,0
2020-03-17,Fresno,019,978130,68,2,1,3,0
2020-03-17,Glenn,021,27897,1,0,0,0,0
2020-03-17,Humboldt,023,135768,17,1,0,1,0
2020-03-17,Imperial,025,180216,27,2,0,2,0
2020-03-17,Inyo,027,18085,0,0,0,0,0
2020-03-17,Kern,029,883053,52,0,0,0,0
2020-03-17,Kings,031,150075,11,0,1,1,0
2020-03-17,Lake,033,64148,0,0,0,0,0
2020-03-17,Lassen,035,31185,0,0,1,1,0
2020-03-17,Los Angeles,037,10098052,1824,41,12,53,0
2020-03-17,Madera,039,155013,23,2,0,2,0
2020-03-17,Marin,041,260295,46,4,0,4,0
2020-03-17,Mariposa,043,17540,0,0,0,0,0
2020-03-17,Mendocino,045,87422,2,0,0,0,0
2020-03-17,Merced,047,269075,5,0,0,0,0
2020-03-17,Modoc,049,8938,0,0,0,0,0
2020-03-17,Mono,051,14174,9,0,0,0,0
2020-03-17,Monterey,053,433212,26,0,1,1,0
2020-03-17,Napa,055,140530,8,0,0,0,0
2020-03-17,Nevada,057,99092,15,1,1,2,0
2020-03-17,Orange,059,3164182,517,24,7,31,0
2020-03-17,Placer,061,380077,44,7,0,7,1
2020-03-17,Plumas,063,18699,0,0,0,0,0
2020-03-17,Riverside,065,2383286,264,11,4,15,0
2020-03-17,Sacramento,067,1510023,234,36,0,36,1
2020-03-17,San Benito,069,59416,12,2,0,2,0
2020-03-17,San Bernardino,071,2135413,163,2,0,2,0
2020-03-17,San Diego,073,3302833,616,17,0,17,0
2020-03-17,San Francisco,075,870044,300,46,0,46,0
2020-03-17,San Joaquin,077,732212,84,11,3,14,0
2020-03-17,San Luis Obispo,079,281455,63,1,0,1,0
2020-03-17,San Mateo,081,765935,305,46,2,48,1
2020-03-17,Santa Barbara,083,443738,76,0,0,0,0
2020-03-17,Santa Clara,085,1922200,731,121,1,122,4
2020-03-17,Santa Cruz,087,273765,48,10,0,10,0
2020-03-17,Shasta,089,179085,4,1,0,1,0
2020-03-17,Sierra,091,2930,0,0,0,0,0
2020-03-17,Siskiyou,093,43540,3,0,0,0,0
2020-03-17,Solano,095,438530,47,27,0,27,0
2020-03-17,Sonoma,097,501317,70,4,0,4,0
2020-03-17,Stanislaus,099,539301,29,4,2,6,0
2020-03-17,Sutter,101,95872,5,0,0,0,0
2020-03-17,Tehama,103,63373,0,0,0,0,0
2020-03-17,Trinity,105,12862,0,0,0,0,0
2020-03-17,Tulare,107,460477,26,2,3,5,0
2020-03-17,Tuolumne,109,53932,1,0,0,0,0
2020-03-17,Ventura,111,848112,98,7,0,7,0
2020-03-17,Yolo,113,214977,19,2,0,2,0
2020-03-17,Yuba,115,75493,4,0,0,0,0
2020-03-16,Alameda,001,1643700,260,17,0,17,0
2020-03-16,Alpine,003,1148,0,0,0,0,0
2020-03-16,Amador,005,37829,0,0,0,0,0
2020-03-16,Butte,007,227075,3,0,0,0,0
2020-03-16,Calaveras,009,45235,2,2,0,2,0
2020-03-16,Colusa,011,21464,0,0,0,0,0
2020-03-16,Contra Costa,013,1133247,183,36,0,36,0
2020-03-16,Del Norte,015,27424,0,0,0,0,0
2020-03-16,El Dorado,017,186661,14,0,0,0,0
2020-03-16,Fresno,019,978130,53,2,1,3,0
2020-03-16,Glenn,021,27897,0,0,0,0,0
2020-03-16,Humboldt,023,135768,13,1,0,1,0
2020-03-16,Imperial,025,180216,22,2,0,2,0
2020-03-16,Inyo,027,18085,0,0,0,0,0
2020-03-16,Kern,029,883053,43,0,0,0,0
2020-03-16,Kings,031,150075,10,0,1,1,0
2020-03-16,Lake,033,64148,0,0,0,0,0
2020-03-16,Lassen,035,31185,0,0,0,0,0
2020-03-16,Los Angeles,037,10098052,1589,43,12,55,0
2020-03-16,Madera,039,155013,22,2,0,2,0
2020-03-16,Marin,041,260295,43,4,0,4,0
2020-03-16,Mariposa,043,17540,0,0,0,0,0
2020-03-16,Mendocino,045,87422,2,0,0,0,0
2020-03-16,Merced,047,269075,5,0,0,0,0
2020-03-16,Modoc,049,8938,0,0,0,0,0
2020-03-16,Mono,051,14174,7,0,0,0,0
2020-03-16,Monterey,053,433212,25,0,1,1,0
2020-03-16,Napa,055,140530,7,0,0,0,0
2020-03-16,Nevada,057,99092,11,1,1,2,0
2020-03-16,Orange,059,3164182,432,18,7,25,0
2020-03-16,Placer,061,380077,36,7,0,7,1
2020-03-16,Plumas,063,18699,0,0,0,0,0
2020-03-16,Riverside,065,2383286,229,10,4,14,0
2020-03-16,Sacramento,067,1510023,207,34,0,34,1
2020-03-16,San Benito,069,59416,8,2,0,2,0
2020-03-16,San Bernardino,071,2135413,143,1,0,1,0
2020-03-16,San Diego,073,3302833,525,17,0,17,0
2020-03-16,San Francisco,075,870044,262,40,0,40,0
2020-03-16,San Joaquin,077,732212,74,9,3,12,0
2020-03-16,San Luis Obispo,079,281455,56,1,0,1,0
2020-03-16,San Mateo,081,765935,269,42,2,44,1
2020-03-16,Santa Barbara,083,443738,64,0,0,0,0
2020-03-16,Santa Clara,085,1922200,655,115,1,116,2
2020-03-16,Santa Cruz,087,273765,44,9,0,9,0
2020-03-16,Shasta,089,179085,4,1,0,1,0
2020-03-16,Sierra,091,2930,0,0,0,0,0
2020-03-16,Siskiyou,093,43540,2,0,0,0,0
2020-03-16,Solano,095,438530,43,27,0,27,0
2020-03-16,Sonoma,097,501317,63,4,0,4,0
2020-03-16,Stanislaus,099,539301,26,2,2,4,0
2020-03-16,Sutter,101,95872,3,0,0,0,0
2020-03-16,Tehama,103,63373,0,0,0,0,0
2020-03-16,Trinity,105,12862,0,0,0,0,0
2020-03-16,Tulare,107,460477,22,2,3,5,0
2020-03-16,Tuolumne,109,53932,1,0,0,0,0
2020-03-16,Ventura,111,848112,88,7,0,7,0
2020-03-16,Yolo,113,214977,18,2,0,2,0
2020-03-16,Yuba,115,75493,3,0,0,0,0
2020-03-15,Alameda,001,1643700,214,17,0,17,0
2020-03-15,Alpine,003,1148,0,0,0,0,0
2020-03-15,Amador,005,37829,0,0,0,0,0
2020-03-15,Butte,007,227075,3,0,0,0,0
2020-03-15,Calaveras,009,45235,2,2,0,2,0
2020-03-15,Colusa,011,21464,0,0,0,0,0
2020-03-15,Contra Costa,013,1133247,160,34,0,34,0
2020-03-15,Del Norte,015,27424,0,0,0,0,0
2020-03-15,El Dorado,017,186661,13,0,0,0,0
2020-03-15,Fresno,019,978130,32,1,1,2,0
2020-03-15,Glenn,021,27897,0,0,0,0,0
2020-03-15,Humboldt,023,135768,11,1,0,1,0
2020-03-15,Imperial,025,180216,17,2,0,2,0
2020-03-15,Inyo,027,18085,0,0,0,0,0
2020-03-15,Kern,029,883053,37,0,0,0,0
2020-03-15,Kings,031,150075,10,0,1,1,0
2020-03-15,Lake,033,64148,0,0,0,0,0
2020-03-15,Lassen,035,31185,0,0,0,0,0
2020-03-15,Los Angeles,037,10098052,1349,41,12,53,0
2020-03-15,Madera,039,155013,21,2,0,2,0
2020-03-15,Marin,041,260295,37,3,0,3,0
2020-03-15,Mariposa,043,17540,0,0,0,0,0
2020-03-15,Mendocino,045,87422,2,0,0,0,0
2020-03-15,Merced,047,269075,3,0,0,0,0
2020-03-15,Modoc,049,8938,0,0,0,0,0
2020-03-15,Mono,051,14174,6,0,0,0,0
2020-03-15,Monterey,053,433212,19,0,0,0,0
2020-03-15,Napa,055,140530,7,0,0,0,0
2020-03-15,Nevada,057,99092,11,0,1,1,0
2020-03-15,Orange,059,3164182,358,16,2,18,0
2020-03-15,Placer,061,380077,31,7,0,7,1
2020-03-15,Plumas,063,18699,0,0,0,0,0
2020-03-15,Riverside,065,2383286,179,10,4,14,0
2020-03-15,Sacramento,067,1510023,171,30,0,30,1
2020-03-15,San Benito,069,59416,8,2,0,2,0
2020-03-15,San Bernardino,071,2135413,121,0,0,0,0
2020-03-15,San Diego,073,3302833,438,16,0,16,0
2020-03-15,San Francisco,075,870044,206,31,0,31,0
2020-03-15,San Joaquin,077,732212,63,6,3,9,0
2020-03-15,San Luis Obispo,079,281455,46,1,0,1,0
2020-03-15,San Mateo,081,765935,236,29,1,30,1
2020-03-15,Santa Barbara,083,443738,54,0,0,0,0
2020-03-15,Santa Clara,085,1922200,583,79,1,80,2
2020-03-15,Santa Cruz,087,273765,38,8,0,8,0
2020-03-15,Shasta,089,179085,4,1,0,1,0
2020-03-15,Sierra,091,2930,0,0,0,0,0
2020-03-15,Siskiyou,093,43540,2,0,0,0,0
2020-03-15,Solano,095,438530,42,26,0,26,0
2020-03-15,Sonoma,097,501317,54,4,0,4,0
2020-03-15,Stanislaus,099,539301,26,2,2,4,0
2020-03-15,Sutter,101,95872,2,0,0,0,0
2020-03-15,Tehama,103,63373,0,0,0,0,0
2020-03-15,Trinity,105,12862,0,0,0,0,0
2020-03-15,Tulare,107,460477,17,2,3,5,0
2020-03-15,Tuolumne,109,53932,1,0,0,0,0
2020-03-15,Ventura,111,848112,77,5,0,5,0
2020-03-15,Yolo,113,214977,15,2,0,2,0
2020-03-15,Yuba,115,75493,2,0,0,0,0
2020-03-14,Alameda,001,1643700,195,11,0,11,0
2020-03-14,Alpine,003,1148,0,0,0,0,0
2020-03-14,Amador,005,37829,0,0,0,0,0
2020-03-14,Butte,007,227075,2,0,0,0,0
2020-03-14,Calaveras,009,45235,2,2,0,2,0
2020-03-14,Colusa,011,21464,0,0,0,0,0
2020-03-14,Contra Costa,013,1133247,138,30,0,30,0
2020-03-14,Del Norte,015,27424,0,0,0,0,0
2020-03-14,El Dorado,017,186661,11,0,0,0,0
2020-03-14,Fresno,019,978130,24,1,1,2,0
2020-03-14,Glenn,021,27897,0,0,0,0,0
2020-03-14,Humboldt,023,135768,7,1,0,1,0
2020-03-14,Imperial,025,180216,13,2,0,2,0
2020-03-14,Inyo,027,18085,0,0,0,0,0
2020-03-14,Kern,029,883053,32,0,0,0,0
2020-03-14,Kings,031,150075,10,0,1,1,0
2020-03-14,Lake,033,64148,0,0,0,0,0
2020-03-14,Lassen,035,31185,0,0,0,0,0
2020-03-14,Los Angeles,037,10098052,1171,35,12,47,0
2020-03-14,Madera,039,155013,20,2,0,2,0
2020-03-14,Marin,041,260295,36,3,0,3,0
2020-03-14,Mariposa,043,17540,0,0,0,0,0
2020-03-14,Mendocino,045,87422,2,0,0,0,0
2020-03-14,Merced,047,269075,3,0,0,0,0
2020-03-14,Modoc,049,8938,0,0,0,0,0
2020-03-14,Mono,051,14174,5,0,0,0,0
2020-03-14,Monterey,053,433212,13,0,0,0,0
2020-03-14,Napa,055,140530,5,0,0,0,0
2020-03-14,Nevada,057,99092,8,0,1,1,0
2020-03-14,Orange,059,3164182,317,14,0,14,0
2020-03-14,Placer,061,380077,28,6,0,6,1
2020-03-14,Plumas,063,18699,0,0,0,0,0
2020-03-14,Riverside,065,2383286,159,10,4,14,0
2020-03-14,Sacramento,067,1510023,150,31,0,31,1
2020-03-14,San Benito,069,59416,8,2,0,2,0
2020-03-14,San Bernardino,071,2135413,102,0,0,0,0
2020-03-14,San Diego,073,3302833,363,10,0,10,0
2020-03-14,San Francisco,075,870044,185,29,0,29,0
2020-03-14,San Joaquin,077,732212,54,6,3,9,0
2020-03-14,San Luis Obispo,079,281455,41,0,0,0,0
2020-03-14,San Mateo,081,765935,213,27,1,28,0
2020-03-14,Santa Barbara,083,443738,42,0,0,0,0
2020-03-14,Santa Clara,085,1922200,527,62,1,63,2
2020-03-14,Santa Cruz,087,273765,33,8,0,8,0
2020-03-14,Shasta,089,179085,4,1,0,1,0
2020-03-14,Sierra,091,2930,0,0,0,0,0
2020-03-14,Siskiyou,093,43540,1,0,0,0,0
2020-03-14,Solano,095,438530,40,26,0,26,0
2020-03-14,Sonoma,097,501317,41,2,0,2,0
2020-03-14,Stanislaus,099,539301,22,2,2,4,0
2020-03-14,Sutter,101,95872,2,0,0,0,0
2020-03-14,Tehama,103,63373,0,0,0,0,0
2020-03-14,Trinity,105,12862,0,0,0,0,0
2020-03-14,Tulare,107,460477,15,2,2,4,0
2020-03-14,Tuolumne,109,53932,1,0,0,0,0
2020-03-14,Ventura,111,848112,68,5,0,5,0
2020-03-14,Yolo,113,214977,15,2,0,2,0
2020-03-14,Yuba,115,75493,1,0,0,0,0
2020-03-13,Alameda,001,1643700,176,12,0,12,0
2020-03-13,Alpine,003,1148,0,0,0,0,0
2020-03-13,Amador,005,37829,0,0,0,0,0
2020-03-13,Butte,007,227075,0,0,0,0,0
2020-03-13,Calaveras,009,45235,2,2,0,2,0
2020-03-13,Colusa,011,21464,0,0,0,0,0
2020-03-13,Contra Costa,013,1133247,125,22,0,22,0
2020-03-13,Del Norte,015,27424,0,0,0,0,0
2020-03-13,El Dorado,017,186661,10,0,0,0,0
2020-03-13,Fresno,019,978130,19,1,1,2,0
2020-03-13,Glenn,021,27897,0,0,0,0,0
2020-03-13,Humboldt,023,135768,7,1,0,1,0
2020-03-13,Imperial,025,180216,12,2,0,2,0
2020-03-13,Inyo,027,18085,0,0,0,0,0
2020-03-13,Kern,029,883053,27,0,0,0,0
2020-03-13,Kings,031,150075,9,0,1,1,0
2020-03-13,Lake,033,64148,0,0,0,0,0
2020-03-13,Lassen,035,31185,0,0,0,0,0
2020-03-13,Los Angeles,037,10098052,1018,30,11,41,0
2020-03-13,Madera,039,155013,19,1,0,1,0
2020-03-13,Marin,041,260295,34,3,0,3,0
2020-03-13,Mariposa,043,17540,0,0,0,0,0
2020-03-13,Mendocino,045,87422,2,0,0,0,0
2020-03-13,Merced,047,269075,2,0,0,0,0
2020-03-13,Modoc,049,8938,0,0,0,0,0
2020-03-13,Mono,051,14174,3,0,0,0,0
2020-03-13,Monterey,053,433212,8,0,0,0,0
2020-03-13,Napa,055,140530,3,0,0,0,0
2020-03-13,Nevada,057,99092,7,0,1,1,0
2020-03-13,Orange,059,3164182,277,10,0,10,0
2020-03-13,Placer,061,380077,27,6,0,6,1
2020-03-13,Plumas,063,18699,0,0,0,0,0
2020-03-13,Riverside,065,2383286,130,5,3,8,0
2020-03-13,Sacramento,067,1510023,129,18,0,18,1
2020-03-13,San Benito,069,59416,6,2,0,2,0
2020-03-13,San Bernardino,071,2135413,95,0,0,0,0
2020-03-13,San Diego,073,3302833,313,8,0,8,0
2020-03-13,San Francisco,075,870044,171,28,0,28,0
2020-03-13,San Joaquin,077,732212,50,6,3,9,0
2020-03-13,San Luis Obispo,079,281455,33,0,0,0,0
2020-03-13,San Mateo,081,765935,192,24,1,25,0
2020-03-13,Santa Barbara,083,443738,38,0,0,0,0
2020-03-13,Santa Clara,085,1922200,465,59,1,60,1
2020-03-13,Santa Cruz,087,273765,32,7,0,7,0
2020-03-13,Shasta,089,179085,3,1,0,1,0
2020-03-13,Sierra,091,2930,0,0,0,0,0
2020-03-13,Siskiyou,093,43540,0,0,0,0,0
2020-03-13,Solano,095,438530,39,26,0,26,0
2020-03-13,Sonoma,097,501317,40,2,0,2,0
2020-03-13,Stanislaus,099,539301,17,2,2,4,0
2020-03-13,Sutter,101,95872,2,0,0,0,0
2020-03-13,Tehama,103,63373,0,0,0,0,0
2020-03-13,Trinity,105,12862,0,0,0,0,0
2020-03-13,Tulare,107,460477,12,2,2,4,0
2020-03-13,Tuolumne,109,53932,1,0,0,0,0
2020-03-13,Ventura,111,848112,54,5,0,5,0
2020-03-13,Yolo,113,214977,15,1,0,1,0
2020-03-13,Yuba,115,75493,1,0,0,0,0
2020-03-12,Alameda,001,1643700,151,9,0,9,0
2020-03-12,Alpine,003,1148,0,0,0,0,0
2020-03-12,Amador,005,37829,0,0,0,0,0
2020-03-12,Butte,007,227075,0,0,0,0,0
2020-03-12,Calaveras,009,45235,2,2,0,2,0
2020-03-12,Colusa,011,21464,0,0,0,0,0
2020-03-12,Contra Costa,013,1133247,108,18,0,18,0
2020-03-12,Del Norte,015,27424,0,0,0,0,0
2020-03-12,El Dorado,017,186661,8,0,0,0,0
2020-03-12,Fresno,019,978130,11,1,1,2,0
2020-03-12,Glenn,021,27897,0,0,0,0,0
2020-03-12,Humboldt,023,135768,6,1,0,1,0
2020-03-12,Imperial,025,180216,11,2,0,2,0
2020-03-12,Inyo,027,18085,0,0,0,0,0
2020-03-12,Kern,029,883053,18,0,0,0,0
2020-03-12,Kings,031,150075,6,0,1,1,0
2020-03-12,Lake,033,64148,0,0,0,0,0
2020-03-12,Lassen,035,31185,0,0,0,0,0
2020-03-12,Los Angeles,037,10098052,859,30,11,41,0
2020-03-12,Madera,039,155013,16,1,0,1,0
2020-03-12,Marin,041,260295,24,1,0,1,0
2020-03-12,Mariposa,043,17540,0,0,0,0,0
2020-03-12,Mendocino,045,87422,2,0,0,0,0
2020-03-12,Merced,047,269075,2,0,0,0,0
2020-03-12,Modoc,049,8938,0,0,0,0,0
2020-03-12,Mono,051,14174,3,0,0,0,0
2020-03-12,Monterey,053,433212,6,0,0,0,0
2020-03-12,Napa,055,140530,3,0,0,0,0
2020-03-12,Nevada,057,99092,4,0,1,1,0
2020-03-12,Orange,059,3164182,239,7,0,7,0
2020-03-12,Placer,061,380077,23,6,0,6,1
2020-03-12,Plumas,063,18699,0,0,0,0,0
2020-03-12,Riverside,065,2383286,104,5,1,6,0
2020-03-12,Sacramento,067,1510023,105,17,0,17,1
2020-03-12,San Benito,069,59416,5,2,0,2,0
2020-03-12,San Bernardino,071,2135413,79,0,0,0,0
2020-03-12,San Diego,073,3302833,258,9,0,9,0
2020-03-12,San Francisco,075,870044,147,20,0,20,0
2020-03-12,San Joaquin,077,732212,44,3,3,6,1
2020-03-12,San Luis Obispo,079,281455,26,0,0,0,0
2020-03-12,San Mateo,081,765935,158,21,1,22,0
2020-03-12,Santa Barbara,083,443738,26,0,0,0,0
2020-03-12,Santa Clara,085,1922200,407,51,1,52,1
2020-03-12,Santa Cruz,087,273765,29,5,0,5,0
2020-03-12,Shasta,089,179085,2,1,0,1,0
2020-03-12,Sierra,091,2930,0,0,0,0,0
2020-03-12,Siskiyou,093,43540,0,0,0,0,0
2020-03-12,Solano,095,438530,34,26,0,26,0
2020-03-12,Sonoma,097,501317,34,2,0,2,0
2020-03-12,Stanislaus,099,539301,15,2,2,4,0
2020-03-12,Sutter,101,95872,0,0,0,0,0
2020-03-12,Tehama,103,63373,0,0,0,0,0
2020-03-12,Trinity,105,12862,0,0,0,0,0
2020-03-12,Tulare,107,460477,12,1,1,2,0
2020-03-12,Tuolumne,109,53932,1,0,0,0,0
2020-03-12,Ventura,111,848112,45,3,0,3,0
2020-03-12,Yolo,113,214977,14,1,0,1,0
2020-03-12,Yuba,115,75493,1,0,0,0,0
2020-03-11,Alameda,001,1643700,120,5,0,5,0
2020-03-11,Alpine,003,1148,0,0,0,0,0
2020-03-11,Amador,005,37829,0,0,0,0,0
2020-03-11,Butte,007,227075,0,0,0,0,0
2020-03-11,Calaveras,009,45235,2,2,0,2,0
2020-03-11,Colusa,011,21464,0,0,0,0,0
2020-03-11,Contra Costa,013,1133247,93,16,0,16,0
2020-03-11,Del Norte,015,27424,0,0,0,0,0
2020-03-11,El Dorado,017,186661,7,0,0,0,0
2020-03-11,Fresno,019,978130,8,1,1,2,0
2020-03-11,Glenn,021,27897,0,0,0,0,0
2020-03-11,Humboldt,023,135768,6,1,0,1,0
2020-03-11,Imperial,025,180216,9,0,0,0,0
2020-03-11,Inyo,027,18085,0,0,0,0,0
2020-03-11,Kern,029,883053,16,0,0,0,0
2020-03-11,Kings,031,150075,4,0,1,1,0
2020-03-11,Lake,033,64148,0,0,0,0,0
2020-03-11,Lassen,035,31185,0,0,0,0,0
2020-03-11,Los Angeles,037,10098052,691,21,11,32,0
2020-03-11,Madera,039,155013,13,1,0,1,0
2020-03-11,Marin,041,260295,17,1,0,1,0
2020-03-11,Mariposa,043,17540,0,0,0,0,0
2020-03-11,Mendocino,045,87422,1,0,0,0,0
2020-03-11,Merced,047,269075,2,0,0,0,0
2020-03-11,Modoc,049,8938,0,0,0,0,0
2020-03-11,Mono,051,14174,3,0,0,0,0
2020-03-11,Monterey,053,433212,5,0,0,0,0
2020-03-11,Napa,055,140530,2,0,0,0,0
2020-03-11,Nevada,057,99092,4,0,1,1,0
2020-03-11,Orange,059,3164182,208,6,0,6,0
2020-03-11,Placer,061,380077,18,6,0,6,1
2020-03-11,Plumas,063,18699,0,0,0,0,0
2020-03-11,Riverside,065,2383286,79,4,1,5,0
2020-03-11,Sacramento,067,1510023,87,9,0,9,1
2020-03-11,San Benito,069,59416,5,2,0,2,0
2020-03-11,San Bernardino,071,2135413,72,0,0,0,0
2020-03-11,San Diego,073,3302833,208,4,0,4,0
2020-03-11,San Francisco,075,870044,124,17,0,17,0
2020-03-11,San Joaquin,077,732212,33,1,3,4,0
2020-03-11,San Luis Obispo,079,281455,23,0,0,0,0
2020-03-11,San Mateo,081,765935,140,16,0,16,0
2020-03-11,Santa Barbara,083,443738,16,0,0,0,0
2020-03-11,Santa Clara,085,1922200,367,48,1,49,1
2020-03-11,Santa Cruz,087,273765,26,2,0,2,0
2020-03-11,Shasta,089,179085,2,1,0,1,0
2020-03-11,Sierra,091,2930,0,0,0,0,0
2020-03-11,Siskiyou,093,43540,0,0,0,0,0
2020-03-11,Solano,095,438530,29,26,0,26,0
2020-03-11,Sonoma,097,501317,30,2,0,2,0
2020-03-11,Stanislaus,099,539301,15,2,2,4,0
2020-03-11,Sutter,101,95872,0,0,0,0,0
2020-03-11,Tehama,103,63373,0,0,0,0,0
2020-03-11,Trinity,105,12862,0,0,0,0,0
2020-03-11,Tulare,107,460477,10,0,1,1,0
2020-03-11,Tuolumne,109,53932,1,0,0,0,0
2020-03-11,Ventura,111,848112,37,3,0,3,0
2020-03-11,Yolo,113,214977,10,1,0,1,0
2020-03-11,Yuba,115,75493,1,0,0,0,0
2020-03-10,Alameda,001,1643700,98,4,0,4,0
2020-03-10,Alpine,003,1148,0,0,0,0,0
2020-03-10,Amador,005,37829,0,0,0,0,0
2020-03-10,Butte,007,227075,0,0,0,0,0
2020-03-10,Calaveras,009,45235,2,2,0,2,0
2020-03-10,Colusa,011,21464,0,0,0,0,0
2020-03-10,Contra Costa,013,1133247,84,11,0,11,0
2020-03-10,Del Norte,015,27424,0,0,0,0,0
2020-03-10,El Dorado,017,186661,6,0,0,0,0
2020-03-10,Fresno,019,978130,6,1,1,2,0
2020-03-10,Glenn,021,27897,0,0,0,0,0
2020-03-10,Humboldt,023,135768,6,1,0,1,0
2020-03-10,Imperial,025,180216,8,0,0,0,0
2020-03-10,Inyo,027,18085,0,0,0,0,0
2020-03-10,Kern,029,883053,11,0,0,0,0
2020-03-10,Kings,031,150075,4,0,1,1,0
2020-03-10,Lake,033,64148,0,0,0,0,0
2020-03-10,Lassen,035,31185,0,0,0,0,0
2020-03-10,Los Angeles,037,10098052,555,20,11,31,0
2020-03-10,Madera,039,155013,8,1,0,1,0
2020-03-10,Marin,041,260295,16,1,0,1,0
2020-03-10,Mariposa,043,17540,0,0,0,0,0
2020-03-10,Mendocino,045,87422,0,0,0,0,0
2020-03-10,Merced,047,269075,2,0,0,0,0
2020-03-10,Modoc,049,8938,0,0,0,0,0
2020-03-10,Mono,051,14174,3,0,0,0,0
2020-03-10,Monterey,053,433212,3,0,0,0,0
2020-03-10,Napa,055,140530,2,0,0,0,0
2020-03-10,Nevada,057,99092,3,0,1,1,0
2020-03-10,Orange,059,3164182,186,5,0,5,1
2020-03-10,Placer,061,380077,14,7,0,7,1
2020-03-10,Plumas,063,18699,0,0,0,0,0
2020-03-10,Riverside,065,2383286,57,4,1,5,0
2020-03-10,Sacramento,067,1510023,78,8,0,8,0
2020-03-10,San Benito,069,59416,5,2,0,2,0
2020-03-10,San Bernardino,071,2135413,64,0,0,0,0
2020-03-10,San Diego,073,3302833,165,3,0,3,0
2020-03-10,San Francisco,075,870044,92,16,0,16,0
2020-03-10,San Joaquin,077,732212,30,1,3,4,0
2020-03-10,San Luis Obispo,079,281455,15,0,0,0,0
2020-03-10,San Mateo,081,765935,124,11,0,11,0
2020-03-10,Santa Barbara,083,443738,11,0,0,0,0
2020-03-10,Santa Clara,085,1922200,319,45,1,46,1
2020-03-10,Santa Cruz,087,273765,22,2,0,2,0
2020-03-10,Shasta,089,179085,2,1,0,1,0
2020-03-10,Sierra,091,2930,0,0,0,0,0
2020-03-10,Siskiyou,093,43540,0,0,0,0,0
2020-03-10,Solano,095,438530,27,26,0,26,0
2020-03-10,Sonoma,097,501317,27,2,0,2,0
2020-03-10,Stanislaus,099,539301,11,0,2,2,0
2020-03-10,Sutter,101,95872,0,0,0,0,0
2020-03-10,Tehama,103,63373,0,0,0,0,0
2020-03-10,Trinity,105,12862,0,0,0,0,0
2020-03-10,Tulare,107,460477,9,0,1,1,0
2020-03-10,Tuolumne,109,53932,1,0,0,0,0
2020-03-10,Ventura,111,848112,29,1,0,1,0
2020-03-10,Yolo,113,214977,7,2,0,2,0
2020-03-10,Yuba,115,75493,1,0,0,0,0
2020-03-09,Alameda,001,1643700,70,4,0,4,0
2020-03-09,Alpine,003,1148,0,0,0,0,0
2020-03-09,Amador,005,37829,0,0,0,0,0
2020-03-09,Butte,007,227075,0,0,0,0,0
2020-03-09,Calaveras,009,45235,2,0,0,0,0
2020-03-09,Colusa,011,21464,0,0,0,0,0
2020-03-09,Contra Costa,013,1133247,72,9,0,9,0
2020-03-09,Del Norte,015,27424,0,0,0,0,0
2020-03-09,El Dorado,017,186661,4,0,0,0,0
2020-03-09,Fresno,019,978130,6,1,1,2,0
2020-03-09,Glenn,021,27897,0,0,0,0,0
2020-03-09,Humboldt,023,135768,5,1,0,1,0
2020-03-09,Imperial,025,180216,8,0,0,0,0
2020-03-09,Inyo,027,18085,0,0,0,0,0
2020-03-09,Kern,029,883053,8,0,0,0,0
2020-03-09,Kings,031,150075,3,0,1,1,0
2020-03-09,Lake,033,64148,0,0,0,0,0
2020-03-09,Lassen,035,31185,0,0,0,0,0
2020-03-09,Los Angeles,037,10098052,453,17,10,27,0
2020-03-09,Madera,039,155013,8,1,0,1,0
2020-03-09,Marin,041,260295,15,1,0,1,0
2020-03-09,Mariposa,043,17540,0,0,0,0,0
2020-03-09,Mendocino,045,87422,0,0,0,0,0
2020-03-09,Merced,047,269075,2,0,0,0,0
2020-03-09,Modoc,049,8938,0,0,0,0,0
2020-03-09,Mono,051,14174,3,0,0,0,0
2020-03-09,Monterey,053,433212,1,0,0,0,0
2020-03-09,Napa,055,140530,2,0,0,0,0
2020-03-09,Nevada,057,99092,2,0,1,1,0
2020-03-09,Orange,059,3164182,158,4,0,4,0
2020-03-09,Placer,061,380077,12,7,0,7,1
2020-03-09,Plumas,063,18699,0,0,0,0,0
2020-03-09,Riverside,065,2383286,48,4,1,5,0
2020-03-09,Sacramento,067,1510023,74,8,0,8,0
2020-03-09,San Benito,069,59416,3,2,0,2,0
2020-03-09,San Bernardino,071,2135413,53,0,0,0,0
2020-03-09,San Diego,073,3302833,126,2,0,2,0
2020-03-09,San Francisco,075,870044,72,14,0,14,0
2020-03-09,San Joaquin,077,732212,21,0,3,3,0
2020-03-09,San Luis Obispo,079,281455,15,0,0,0,0
2020-03-09,San Mateo,081,765935,110,6,0,6,0
2020-03-09,Santa Barbara,083,443738,9,0,0,0,0
2020-03-09,Santa Clara,085,1922200,275,42,1,43,1
2020-03-09,Santa Cruz,087,273765,19,2,0,2,0
2020-03-09,Shasta,089,179085,2,1,0,1,0
2020-03-09,Sierra,091,2930,0,0,0,0,0
2020-03-09,Siskiyou,093,43540,0,0,0,0,0
2020-03-09,Solano,095,438530,25,26,0,26,0
2020-03-09,Sonoma,097,501317,22,2,0,2,0
2020-03-09,Stanislaus,099,539301,11,0,2,2,0
2020-03-09,Sutter,101,95872,0,0,0,0,0
2020-03-09,Tehama,103,63373,0,0,0,0,0
2020-03-09,Trinity,105,12862,0,0,0,0,0
2020-03-09,Tulare,107,460477,9,0,1,1,0
2020-03-09,Tuolumne,109,53932,1,0,0,0,0
2020-03-09,Ventura,111,848112,25,1,0,1,0
2020-03-09,Yolo,113,214977,6,2,0,2,0
2020-03-09,Yuba,115,75493,0,0,0,0,0
2020-03-08,Alameda,001,1643700,45,4,0,4,0
2020-03-08,Alpine,003,1148,0,0,0,0,0
2020-03-08,Amador,005,37829,0,0,0,0,0
2020-03-08,Butte,007,227075,0,0,0,0,0
2020-03-08,Calaveras,009,45235,2,0,0,0,0
2020-03-08,Colusa,011,21464,0,0,0,0,0
2020-03-08,Contra Costa,013,1133247,58,9,0,9,0
2020-03-08,Del Norte,015,27424,0,0,0,0,0
2020-03-08,El Dorado,017,186661,4,0,0,0,0
2020-03-08,Fresno,019,978130,4,1,1,2,0
2020-03-08,Glenn,021,27897,0,0,0,0,0
2020-03-08,Humboldt,023,135768,5,1,0,1,0
2020-03-08,Imperial,025,180216,8,0,0,0,0
2020-03-08,Inyo,027,18085,0,0,0,0,0
2020-03-08,Kern,029,883053,8,0,0,0,0
2020-03-08,Kings,031,150075,2,0,1,1,0
2020-03-08,Lake,033,64148,0,0,0,0,0
2020-03-08,Lassen,035,31185,0,0,0,0,0
2020-03-08,Los Angeles,037,10098052,360,14,10,24,0
2020-03-08,Madera,039,155013,8,1,0,1,0
2020-03-08,Marin,041,260295,13,1,0,1,0
2020-03-08,Mariposa,043,17540,0,0,0,0,0
2020-03-08,Mendocino,045,87422,0,0,0,0,0
2020-03-08,Merced,047,269075,2,0,0,0,0
2020-03-08,Modoc,049,8938,0,0,0,0,0
2020-03-08,Mono,051,14174,3,0,0,0,0
2020-03-08,Monterey,053,433212,1,0,0,0,0
2020-03-08,Napa,055,140530,2,0,0,0,0
2020-03-08,Nevada,057,99092,1,0,1,1,0
2020-03-08,Orange,059,3164182,132,4,0,4,0
2020-03-08,Placer,061,380077,11,7,0,7,1
2020-03-08,Plumas,063,18699,0,0,0,0,0
2020-03-08,Riverside,065,2383286,40,1,1,2,0
2020-03-08,Sacramento,067,1510023,64,5,0,5,0
2020-03-08,San Benito,069,59416,3,2,0,2,0
2020-03-08,San Bernardino,071,2135413,42,0,0,0,0
2020-03-08,San Diego,073,3302833,92,2,0,2,0
2020-03-08,San Francisco,075,870044,53,9,0,9,0
2020-03-08,San Joaquin,077,732212,18,0,3,3,0
2020-03-08,San Luis Obispo,079,281455,9,0,0,0,0
2020-03-08,San Mateo,081,765935,97,4,0,4,0
2020-03-08,Santa Barbara,083,443738,6,0,0,0,0
2020-03-08,Santa Clara,085,1922200,233,36,1,37,0
2020-03-08,Santa Cruz,087,273765,17,1,0,1,0
2020-03-08,Shasta,089,179085,2,0,0,0,0
2020-03-08,Sierra,091,2930,0,0,0,0,0
2020-03-08,Siskiyou,093,43540,0,0,0,0,0
2020-03-08,Solano,095,438530,24,26,0,26,0
2020-03-08,Sonoma,097,501317,17,2,0,2,0
2020-03-08,Stanislaus,099,539301,10,0,2,2,0
2020-03-08,Sutter,101,95872,0,0,0,0,0
2020-03-08,Tehama,103,63373,0,0,0,0,0
2020-03-08,Trinity,105,12862,0,0,0,0,0
2020-03-08,Tulare,107,460477,9,0,0,0,0
2020-03-08,Tuolumne,109,53932,1,0,0,0,0
2020-03-08,Ventura,111,848112,21,1,0,1,0
2020-03-08,Yolo,113,214977,3,2,0,2,0
2020-03-08,Yuba,115,75493,0,0,0,0,0
2020-03-07,Alameda,001,1643700,40,3,0,3,0
2020-03-07,Alpine,003,1148,0,0,0,0,0
2020-03-07,Amador,005,37829,0,0,0,0,0
2020-03-07,Butte,007,227075,0,0,0,0,0
2020-03-07,Calaveras,009,45235,2,0,0,0,0
2020-03-07,Colusa,011,21464,0,0,0,0,0
2020-03-07,Contra Costa,013,1133247,55,4,0,4,0
2020-03-07,Del Norte,015,27424,0,0,0,0,0
2020-03-07,El Dorado,017,186661,3,0,0,0,0
2020-03-07,Fresno,019,978130,3,1,1,2,0
2020-03-07,Glenn,021,27897,0,0,0,0,0
2020-03-07,Humboldt,023,135768,5,1,0,1,0
2020-03-07,Imperial,025,180216,7,0,0,0,0
2020-03-07,Inyo,027,18085,0,0,0,0,0
2020-03-07,Kern,029,883053,7,0,0,0,0
2020-03-07,Kings,031,150075,2,0,1,1,0
2020-03-07,Lake,033,64148,0,0,0,0,0
2020-03-07,Lassen,035,31185,0,0,0,0,0
2020-03-07,Los Angeles,037,10098052,310,14,10,24,0
2020-03-07,Madera,039,155013,7,1,0,1,0
2020-03-07,Marin,041,260295,11,0,0,0,0
2020-03-07,Mariposa,043,17540,0,0,0,0,0
2020-03-07,Mendocino,045,87422,0,0,0,0,0
2020-03-07,Merced,047,269075,2,0,0,0,0
2020-03-07,Modoc,049,8938,0,0,0,0,0
2020-03-07,Mono,051,14174,3,0,0,0,0
2020-03-07,Monterey,053,433212,1,0,0,0,0
2020-03-07,Napa,055,140530,1,0,0,0,0
2020-03-07,Nevada,057,99092,1,0,1,1,0
2020-03-07,Orange,059,3164182,124,4,0,4,0
2020-03-07,Placer,061,380077,11,6,0,6,1
2020-03-07,Plumas,063,18699,0,0,0,0,0
2020-03-07,Riverside,065,2383286,30,0,1,1,0
2020-03-07,Sacramento,067,1510023,51,4,0,4,0
2020-03-07,San Benito,069,59416,3,2,0,2,0
2020-03-07,San Bernardino,071,2135413,40,0,0,0,0
2020-03-07,San Diego,073,3302833,74,2,0,2,0
2020-03-07,San Francisco,075,870044,47,9,0,9,0
2020-03-07,San Joaquin,077,732212,16,0,3,3,0
2020-03-07,San Luis Obispo,079,281455,6,0,0,0,0
2020-03-07,San Mateo,081,765935,87,1,0,1,0
2020-03-07,Santa Barbara,083,443738,5,0,0,0,0
2020-03-07,Santa Clara,085,1922200,203,31,1,32,0
2020-03-07,Santa Cruz,087,273765,17,1,0,1,0
2020-03-07,Shasta,089,179085,2,0,0,0,0
2020-03-07,Sierra,091,2930,0,0,0,0,0
2020-03-07,Siskiyou,093,43540,0,0,0,0,0
2020-03-07,Solano,095,438530,23,25,0,25,0
2020-03-07,Sonoma,097,501317,13,2,0,2,0
2020-03-07,Stanislaus,099,539301,9,0,2,2,0
2020-03-07,Sutter,101,95872,0,0,0,0,0
2020-03-07,Tehama,103,63373,0,0,0,0,0
2020-03-07,Trinity,105,12862,0,0,0,0,0
2020-03-07,Tulare,107,460477,6,0,0,0,0
2020-03-07,Tuolumne,109,53932,1,0,0,0,0
2020-03-07,Ventura,111,848112,18,1,0,1,0
2020-03-07,Yolo,113,214977,3,2,0,2,0
2020-03-07,Yuba,115,75493,0,0,0,0,0
2020-03-06,Alameda,001,1643700,38,3,0,3,0
2020-03-06,Alpine,003,1148,0,0,0,0,0
2020-03-06,Amador,005,37829,0,0,0,0,0
2020-03-06,Butte,007,227075,0,0,0,0,0
2020-03-06,Calaveras,009,45235,2,0,0,0,0
2020-03-06,Colusa,011,21464,0,0,0,0,0
2020-03-06,Contra Costa,013,1133247,46,4,0,4,0
2020-03-06,Del Norte,015,27424,0,0,0,0,0
2020-03-06,El Dorado,017,186661,3,0,0,0,0
2020-03-06,Fresno,019,978130,2,0,1,1,0
2020-03-06,Glenn,021,27897,0,0,0,0,0
2020-03-06,Humboldt,023,135768,4,1,0,1,0
2020-03-06,Imperial,025,180216,6,0,0,0,0
2020-03-06,Inyo,027,18085,0,0,0,0,0
2020-03-06,Kern,029,883053,6,0,0,0,0
2020-03-06,Kings,031,150075,2,0,1,1,0
2020-03-06,Lake,033,64148,0,0,0,0,0
2020-03-06,Lassen,035,31185,0,0,0,0,0
2020-03-06,Los Angeles,037,10098052,267,13,10,23,0
2020-03-06,Madera,039,155013,6,0,0,0,0
2020-03-06,Marin,041,260295,10,0,0,0,0
2020-03-06,Mariposa,043,17540,0,0,0,0,0
2020-03-06,Mendocino,045,87422,0,0,0,0,0
2020-03-06,Merced,047,269075,2,0,0,0,0
2020-03-06,Modoc,049,8938,0,0,0,0,0
2020-03-06,Mono,051,14174,1,0,0,0,0
2020-03-06,Monterey,053,433212,1,0,0,0,0
2020-03-06,Napa,055,140530,1,0,0,0,0
2020-03-06,Nevada,057,99092,1,0,1,1,0
2020-03-06,Orange,059,3164182,98,4,0,4,0
2020-03-06,Placer,061,380077,10,5,0,5,1
2020-03-06,Plumas,063,18699,0,0,0,0,0
2020-03-06,Riverside,065,2383286,30,0,1,1,0
2020-03-06,Sacramento,067,1510023,42,2,0,2,0
2020-03-06,San Benito,069,59416,3,2,0,2,0
2020-03-06,San Bernardino,071,2135413,38,0,0,0,0
2020-03-06,San Diego,073,3302833,61,2,0,2,0
2020-03-06,San Francisco,075,870044,41,2,0,2,0
2020-03-06,San Joaquin,077,732212,13,0,3,3,0
2020-03-06,San Luis Obispo,079,281455,4,0,0,0,0
2020-03-06,San Mateo,081,765935,79,1,0,1,0
2020-03-06,Santa Barbara,083,443738,3,0,0,0,0
2020-03-06,Santa Clara,085,1922200,185,20,1,21,0
2020-03-06,Santa Cruz,087,273765,15,0,0,0,0
2020-03-06,Shasta,089,179085,2,0,0,0,0
2020-03-06,Sierra,091,2930,0,0,0,0,0
2020-03-06,Siskiyou,093,43540,0,0,0,0,0
2020-03-06,Solano,095,438530,22,25,0,25,0
2020-03-06,Sonoma,097,501317,13,2,0,2,0
2020-03-06,Stanislaus,099,539301,5,0,2,2,0
2020-03-06,Sutter,101,95872,0,0,0,0,0
2020-03-06,Tehama,103,63373,0,0,0,0,0
2020-03-06,Trinity,105,12862,0,0,0,0,0
2020-03-06,Tulare,107,460477,6,0,0,0,0
2020-03-06,Tuolumne,109,53932,1,0,0,0,0
2020-03-06,Ventura,111,848112,15,1,0,1,0
2020-03-06,Yolo,113,214977,3,1,0,1,0
2020-03-06,Yuba,115,75493,0,0,0,0,0
2020-03-05,Alameda,001,1643700,33,2,0,2,0
2020-03-05,Alpine,003,1148,0,0,0,0,0
2020-03-05,Amador,005,37829,0,0,0,0,0
2020-03-05,Butte,007,227075,0,0,0,0,0
2020-03-05,Calaveras,009,45235,2,0,0,0,0
2020-03-05,Colusa,011,21464,0,0,0,0,0
2020-03-05,Contra Costa,013,1133247,39,1,0,1,0
2020-03-05,Del Norte,015,27424,0,0,0,0,0
2020-03-05,El Dorado,017,186661,1,0,0,0,0
2020-03-05,Fresno,019,978130,2,0,1,1,0
2020-03-05,Glenn,021,27897,0,0,0,0,0
2020-03-05,Humboldt,023,135768,4,1,0,1,0
2020-03-05,Imperial,025,180216,5,0,0,0,0
2020-03-05,Inyo,027,18085,0,0,0,0,0
2020-03-05,Kern,029,883053,6,0,0,0,0
2020-03-05,Kings,031,150075,2,0,1,1,0
2020-03-05,Lake,033,64148,0,0,0,0,0
2020-03-05,Lassen,035,31185,0,0,0,0,0
2020-03-05,Los Angeles,037,10098052,220,11,10,21,0
2020-03-05,Madera,039,155013,5,0,0,0,0
2020-03-05,Marin,041,260295,10,0,0,0,0
2020-03-05,Mariposa,043,17540,0,0,0,0,0
2020-03-05,Mendocino,045,87422,0,0,0,0,0
2020-03-05,Merced,047,269075,2,0,0,0,0
2020-03-05,Modoc,049,8938,0,0,0,0,0
2020-03-05,Mono,051,14174,1,0,0,0,0
2020-03-05,Monterey,053,433212,1,0,0,0,0
2020-03-05,Napa,055,140530,1,0,0,0,0
2020-03-05,Nevada,057,99092,0,0,1,1,0
2020-03-05,Orange,059,3164182,83,3,0,3,0
2020-03-05,Placer,061,380077,10,2,0,2,1
2020-03-05,Plumas,063,18699,0,0,0,0,0
2020-03-05,Riverside,065,2383286,27,0,1,1,0
2020-03-05,Sacramento,067,1510023,36,2,0,2,0
2020-03-05,San Benito,069,59416,1,2,0,2,0
2020-03-05,San Bernardino,071,2135413,33,0,0,0,0
2020-03-05,San Diego,073,3302833,54,2,0,2,0
2020-03-05,San Francisco,075,870044,31,2,0,2,0
2020-03-05,San Joaquin,077,732212,10,0,3,3,0
2020-03-05,San Luis Obispo,079,281455,4,0,0,0,0
2020-03-05,San Mateo,081,765935,65,1,0,1,0
2020-03-05,Santa Barbara,083,443738,2,0,0,0,0
2020-03-05,Santa Clara,085,1922200,162,14,1,15,0
2020-03-05,Santa Cruz,087,273765,13,0,0,0,0
2020-03-05,Shasta,089,179085,2,0,0,0,0
2020-03-05,Sierra,091,2930,0,0,0,0,0
2020-03-05,Siskiyou,093,43540,0,0,0,0,0
2020-03-05,Solano,095,438530,22,24,0,24,0
2020-03-05,Sonoma,097,501317,12,2,0,2,0
2020-03-05,Stanislaus,099,539301,4,0,2,2,0
2020-03-05,Sutter,101,95872,0,0,0,0,0
2020-03-05,Tehama,103,63373,0,0,0,0,0
2020-03-05,Trinity,105,12862,0,0,0,0,0
2020-03-05,Tulare,107,460477,6,0,0,0,0
2020-03-05,Tuolumne,109,53932,1,0,0,0,0
2020-03-05,Ventura,111,848112,13,0,0,0,0
2020-03-05,Yolo,113,214977,3,0,0,0,0
2020-03-05,Yuba,115,75493,0,0,0,0,0
2020-03-04,Alameda,001,1643700,29,2,0,2,0
2020-03-04,Alpine,003,1148,0,0,0,0,0
2020-03-04,Amador,005,37829,0,0,0,0,0
2020-03-04,Butte,007,227075,0,0,0,0,0
2020-03-04,Calaveras,009,45235,0,0,0,0,0
2020-03-04,Colusa,011,21464,0,0,0,0,0
2020-03-04,Contra Costa,013,1133247,34,1,0,1,0
2020-03-04,Del Norte,015,27424,0,0,0,0,0
2020-03-04,El Dorado,017,186661,1,0,0,0,0
2020-03-04,Fresno,019,978130,2,0,1,1,0
2020-03-04,Glenn,021,27897,0,0,0,0,0
2020-03-04,Humboldt,023,135768,1,1,0,1,0
2020-03-04,Imperial,025,180216,5,0,0,0,0
2020-03-04,Inyo,027,18085,0,0,0,0,0
2020-03-04,Kern,029,883053,6,0,0,0,0
2020-03-04,Kings,031,150075,2,0,1,1,0
2020-03-04,Lake,033,64148,0,0,0,0,0
2020-03-04,Lassen,035,31185,0,0,0,0,0
2020-03-04,Los Angeles,037,10098052,185,7,10,17,0
2020-03-04,Madera,039,155013,5,0,0,0,0
2020-03-04,Marin,041,260295,10,0,0,0,0
2020-03-04,Mariposa,043,17540,0,0,0,0,0
2020-03-04,Mendocino,045,87422,0,0,0,0,0
2020-03-04,Merced,047,269075,2,0,0,0,0
2020-03-04,Modoc,049,8938,0,0,0,0,0
2020-03-04,Mono,051,14174,1,0,0,0,0
2020-03-04,Monterey,053,433212,1,0,0,0,0
2020-03-04,Napa,055,140530,1,0,0,0,0
2020-03-04,Nevada,057,99092,0,0,1,1,0
2020-03-04,Orange,059,3164182,80,3,0,3,0
2020-03-04,Placer,061,380077,9,2,0,2,1
2020-03-04,Plumas,063,18699,0,0,0,0,0
2020-03-04,Riverside,065,2383286,23,0,1,1,0
2020-03-04,Sacramento,067,1510023,31,1,0,1,0
2020-03-04,San Benito,069,59416,1,2,0,2,0
2020-03-04,San Bernardino,071,2135413,30,0,0,0,0
2020-03-04,San Diego,073,3302833,41,2,0,2,0
2020-03-04,San Francisco,075,870044,26,0,0,0,0
2020-03-04,San Joaquin,077,732212,9,0,3,3,0
2020-03-04,San Luis Obispo,079,281455,4,0,0,0,0
2020-03-04,San Mateo,081,765935,60,1,0,1,0
2020-03-04,Santa Barbara,083,443738,2,0,0,0,0
2020-03-04,Santa Clara,085,1922200,145,12,1,13,0
2020-03-04,Santa Cruz,087,273765,13,0,0,0,0
2020-03-04,Shasta,089,179085,2,0,0,0,0
2020-03-04,Sierra,091,2930,0,0,0,0,0
2020-03-04,Siskiyou,093,43540,0,0,0,0,0
2020-03-04,Solano,095,438530,21,24,0,24,0
2020-03-04,Sonoma,097,501317,11,2,0,2,0
2020-03-04,Stanislaus,099,539301,4,0,2,2,0
2020-03-04,Sutter,101,95872,0,0,0,0,0
2020-03-04,Tehama,103,63373,0,0,0,0,0
2020-03-04,Trinity,105,12862,0,0,0,0,0
2020-03-04,Tulare,107,460477,6,0,0,0,0
2020-03-04,Tuolumne,109,53932,0,0,0,0,0
2020-03-04,Ventura,111,848112,12,0,0,0,0
2020-03-04,Yolo,113,214977,3,0,0,0,0
2020-03-04,Yuba,115,75493,0,0,0,0,0
2020-03-03,Alameda,001,1643700,24,2,0,2,0
2020-03-03,Alpine,003,1148,0,0,0,0,0
2020-03-03,Amador,005,37829,0,0,0,0,0
2020-03-03,Butte,007,227075,0,0,0,0,0
2020-03-03,Calaveras,009,45235,0,0,0,0,0
2020-03-03,Colusa,011,21464,0,0,0,0,0
2020-03-03,Contra Costa,013,1133247,30,0,0,0,0
2020-03-03,Del Norte,015,27424,0,0,0,0,0
2020-03-03,El Dorado,017,186661,1,0,0,0,0
2020-03-03,Fresno,019,978130,1,0,1,1,0
2020-03-03,Glenn,021,27897,0,0,0,0,0
2020-03-03,Humboldt,023,135768,1,1,0,1,0
2020-03-03,Imperial,025,180216,5,0,0,0,0
2020-03-03,Inyo,027,18085,0,0,0,0,0
2020-03-03,Kern,029,883053,4,0,0,0,0
2020-03-03,Kings,031,150075,2,0,1,1,0
2020-03-03,Lake,033,64148,0,0,0,0,0
2020-03-03,Lassen,035,31185,0,0,0,0,0
2020-03-03,Los Angeles,037,10098052,166,5,10,15,0
2020-03-03,Madera,039,155013,4,0,0,0,0
2020-03-03,Marin,041,260295,6,0,0,0,0
2020-03-03,Mariposa,043,17540,0,0,0,0,0
2020-03-03,Mendocino,045,87422,0,0,0,0,0
2020-03-03,Merced,047,269075,2,0,0,0,0
2020-03-03,Modoc,049,8938,0,0,0,0,0
2020-03-03,Mono,051,14174,1,0,0,0,0
2020-03-03,Monterey,053,433212,0,0,0,0,0
2020-03-03,Napa,055,140530,1,0,0,0,0
2020-03-03,Nevada,057,99092,0,0,1,1,0
2020-03-03,Orange,059,3164182,71,1,0,1,0
2020-03-03,Placer,061,380077,8,2,0,2,0
2020-03-03,Plumas,063,18699,0,0,0,0,0
2020-03-03,Riverside,065,2383286,20,0,1,1,0
2020-03-03,Sacramento,067,1510023,30,1,0,1,0
2020-03-03,San Benito,069,59416,1,2,0,2,0
2020-03-03,San Bernardino,071,2135413,27,0,0,0,0
2020-03-03,San Diego,073,3302833,34,2,0,2,0
2020-03-03,San Francisco,075,870044,24,0,0,0,0
2020-03-03,San Joaquin,077,732212,8,0,3,3,0
2020-03-03,San Luis Obispo,079,281455,2,0,0,0,0
2020-03-03,San Mateo,081,765935,53,1,0,1,0
2020-03-03,Santa Barbara,083,443738,1,0,0,0,0
2020-03-03,Santa Clara,085,1922200,130,11,1,12,0
2020-03-03,Santa Cruz,087,273765,10,0,0,0,0
2020-03-03,Shasta,089,179085,2,0,0,0,0
2020-03-03,Sierra,091,2930,0,0,0,0,0
2020-03-03,Siskiyou,093,43540,0,0,0,0,0
2020-03-03,Solano,095,438530,20,24,0,24,0
2020-03-03,Sonoma,097,501317,11,1,0,1,0
2020-03-03,Stanislaus,099,539301,4,0,2,2,0
2020-03-03,Sutter,101,95872,0,0,0,0,0
2020-03-03,Tehama,103,63373,0,0,0,0,0
2020-03-03,Trinity,105,12862,0,0,0,0,0
2020-03-03,Tulare,107,460477,6,0,0,0,0
2020-03-03,Tuolumne,109,53932,0,0,0,0,0
2020-03-03,Ventura,111,848112,11,0,0,0,0
2020-03-03,Yolo,113,214977,2,0,0,0,0
2020-03-03,Yuba,115,75493,0,0,0,0,0
2020-03-02,Alameda,001,1643700,21,1,0,1,0
2020-03-02,Alpine,003,1148,0,0,0,0,0
2020-03-02,Amador,005,37829,0,0,0,0,0
2020-03-02,Butte,007,227075,0,0,0,0,0
2020-03-02,Calaveras,009,45235,0,0,0,0,0
2020-03-02,Colusa,011,21464,0,0,0,0,0
2020-03-02,Contra Costa,013,1133247,27,0,0,0,0
2020-03-02,Del Norte,015,27424,0,0,0,0,0
2020-03-02,El Dorado,017,186661,1,0,0,0,0
2020-03-02,Fresno,019,978130,1,0,1,1,0
2020-03-02,Glenn,021,27897,0,0,0,0,0
2020-03-02,Humboldt,023,135768,1,1,0,1,0
2020-03-02,Imperial,025,180216,5,0,0,0,0
2020-03-02,Inyo,027,18085,0,0,0,0,0
2020-03-02,Kern,029,883053,4,0,0,0,0
2020-03-02,Kings,031,150075,2,0,1,1,0
2020-03-02,Lake,033,64148,0,0,0,0,0
2020-03-02,Lassen,035,31185,0,0,0,0,0
2020-03-02,Los Angeles,037,10098052,151,1,10,11,0
2020-03-02,Madera,039,155013,4,0,0,0,0
2020-03-02,Marin,041,260295,6,0,0,0,0
2020-03-02,Mariposa,043,17540,0,0,0,0,0
2020-03-02,Mendocino,045,87422,0,0,0,0,0
2020-03-02,Merced,047,269075,1,0,0,0,0
2020-03-02,Modoc,049,8938,0,0,0,0,0
2020-03-02,Mono,051,14174,1,0,0,0,0
2020-03-02,Monterey,053,433212,0,0,0,0,0
2020-03-02,Napa,055,140530,1,0,0,0,0
2020-03-02,Nevada,057,99092,0,0,1,1,0
2020-03-02,Orange,059,3164182,66,1,0,1,0
2020-03-02,Placer,061,380077,8,1,0,1,0
2020-03-02,Plumas,063,18699,0,0,0,0,0
2020-03-02,Riverside,065,2383286,19,0,1,1,0
2020-03-02,Sacramento,067,1510023,25,1,0,1,0
2020-03-02,San Benito,069,59416,1,2,0,2,0
2020-03-02,San Bernardino,071,2135413,27,0,0,0,0
2020-03-02,San Diego,073,3302833,28,2,0,2,0
2020-03-02,San Francisco,075,870044,17,0,0,0,0
2020-03-02,San Joaquin,077,732212,7,0,3,3,0
2020-03-02,San Luis Obispo,079,281455,2,0,0,0,0
2020-03-02,San Mateo,081,765935,44,1,0,1,0
2020-03-02,Santa Barbara,083,443738,1,0,0,0,0
2020-03-02,Santa Clara,085,1922200,108,7,1,8,0
2020-03-02,Santa Cruz,087,273765,9,0,0,0,0
2020-03-02,Shasta,089,179085,2,0,0,0,0
2020-03-02,Sierra,091,2930,0,0,0,0,0
2020-03-02,Siskiyou,093,43540,0,0,0,0,0
2020-03-02,Solano,095,438530,19,24,0,24,0
2020-03-02,Sonoma,097,501317,10,1,0,1,0
2020-03-02,Stanislaus,099,539301,2,0,2,2,0
2020-03-02,Sutter,101,95872,0,0,0,0,0
2020-03-02,Tehama,103,63373,0,0,0,0,0
2020-03-02,Trinity,105,12862,0,0,0,0,0
2020-03-02,Tulare,107,460477,6,0,0,0,0
2020-03-02,Tuolumne,109,53932,0,0,0,0,0
2020-03-02,Ventura,111,848112,10,0,0,0,0
2020-03-02,Yolo,113,214977,2,0,0,0,0
2020-03-02,Yuba,115,75493,0,0,0,0,0
2020-03-01,Alameda,001,1643700,20,1,0,1,0
2020-03-01,Alpine,003,1148,0,0,0,0,0
2020-03-01,Amador,005,37829,0,0,0,0,0
2020-03-01,Butte,007,227075,0,0,0,0,0
2020-03-01,Calaveras,009,45235,0,0,0,0,0
2020-03-01,Colusa,011,21464,0,0,0,0,0
2020-03-01,Contra Costa,013,1133247,24,0,0,0,0
2020-03-01,Del Norte,015,27424,0,0,0,0,0
2020-03-01,El Dorado,017,186661,1,0,0,0,0
2020-03-01,Fresno,019,978130,0,0,1,1,0
2020-03-01,Glenn,021,27897,0,0,0,0,0
2020-03-01,Humboldt,023,135768,1,1,0,1,0
2020-03-01,Imperial,025,180216,5,0,0,0,0
2020-03-01,Inyo,027,18085,0,0,0,0,0
2020-03-01,Kern,029,883053,2,0,0,0,0
2020-03-01,Kings,031,150075,2,0,1,1,0
2020-03-01,Lake,033,64148,0,0,0,0,0
2020-03-01,Lassen,035,31185,0,0,0,0,0
2020-03-01,Los Angeles,037,10098052,132,1,10,11,0
2020-03-01,Madera,039,155013,2,0,0,0,0
2020-03-01,Marin,041,260295,5,0,0,0,0
2020-03-01,Mariposa,043,17540,0,0,0,0,0
2020-03-01,Mendocino,045,87422,0,0,0,0,0
2020-03-01,Merced,047,269075,1,0,0,0,0
2020-03-01,Modoc,049,8938,0,0,0,0,0
2020-03-01,Mono,051,14174,1,0,0,0,0
2020-03-01,Monterey,053,433212,0,0,0,0,0
2020-03-01,Napa,055,140530,1,0,0,0,0
2020-03-01,Nevada,057,99092,0,0,1,1,0
2020-03-01,Orange,059,3164182,63,1,0,1,0
2020-03-01,Placer,061,380077,8,0,0,0,0
2020-03-01,Plumas,063,18699,0,0,0,0,0
2020-03-01,Riverside,065,2383286,18,0,1,1,0
2020-03-01,Sacramento,067,1510023,21,1,0,1,0
2020-03-01,San Benito,069,59416,0,2,0,2,0
2020-03-01,San Bernardino,071,2135413,25,0,0,0,0
2020-03-01,San Diego,073,3302833,21,2,0,2,0
2020-03-01,San Francisco,075,870044,13,0,0,0,0
2020-03-01,San Joaquin,077,732212,7,0,3,3,0
2020-03-01,San Luis Obispo,079,281455,2,0,0,0,0
2020-03-01,San Mateo,081,765935,36,0,0,0,0
2020-03-01,Santa Barbara,083,443738,1,0,0,0,0
2020-03-01,Santa Clara,085,1922200,95,6,1,7,0
2020-03-01,Santa Cruz,087,273765,8,0,0,0,0
2020-03-01,Shasta,089,179085,2,0,0,0,0
2020-03-01,Sierra,091,2930,0,0,0,0,0
2020-03-01,Siskiyou,093,43540,0,0,0,0,0
2020-03-01,Solano,095,438530,19,24,0,24,0
2020-03-01,Sonoma,097,501317,9,0,0,0,0
2020-03-01,Stanislaus,099,539301,2,0,2,2,0
2020-03-01,Sutter,101,95872,0,0,0,0,0
2020-03-01,Tehama,103,63373,0,0,0,0,0
2020-03-01,Trinity,105,12862,0,0,0,0,0
2020-03-01,Tulare,107,460477,6,0,0,0,0
2020-03-01,Tuolumne,109,53932,0,0,0,0,0
2020-03-01,Ventura,111,848112,8,0,0,0,0
2020-03-01,Yolo,113,214977,2,0,0,0,0
2020-03-01,Yuba,115,75493,0,0,0,0,0
2020-02-29,Alameda,001,1643700,16,0,0,0,0
2020-02-29,Alpine,003,1148,0,0,0,0,0
2020-02-29,Amador,005,37829,0,0,0,0,0
2020-02-29,Butte,007,227075,0,0,0,0,0
2020-02-29,Calaveras,009,45235,0,0,0,0,0
2020-02-29,Colusa,011,21464,0,0,0,0,0
2020-02-29,Contra Costa,013,1133247,20,0,0,0,0
2020-02-29,Del Norte,015,27424,0,0,0,0,0
2020-02-29,El Dorado,017,186661,1,0,0,0,0
2020-02-29,Fresno,019,978130,0,0,0,0,0
2020-02-29,Glenn,021,27897,0,0,0,0,0
2020-02-29,Humboldt,023,135768,1,1,0,1,0
2020-02-29,Imperial,025,180216,3,0,0,0,0
2020-02-29,Inyo,027,18085,0,0,0,0,0
2020-02-29,Kern,029,883053,2,0,0,0,0
2020-02-29,Kings,031,150075,2,0,1,1,0
2020-02-29,Lake,033,64148,0,0,0,0,0
2020-02-29,Lassen,035,31185,0,0,0,0,0
2020-02-29,Los Angeles,037,10098052,104,1,10,11,0
2020-02-29,Madera,039,155013,2,0,0,0,0
2020-02-29,Marin,041,260295,4,0,0,0,0
2020-02-29,Mariposa,043,17540,0,0,0,0,0
2020-02-29,Mendocino,045,87422,0,0,0,0,0
2020-02-29,Merced,047,269075,1,0,0,0,0
2020-02-29,Modoc,049,8938,0,0,0,0,0
2020-02-29,Mono,051,14174,1,0,0,0,0
2020-02-29,Monterey,053,433212,0,0,0,0,0
2020-02-29,Napa,055,140530,1,0,0,0,0
2020-02-29,Nevada,057,99092,0,0,1,1,0
2020-02-29,Orange,059,3164182,58,1,0,1,0
2020-02-29,Placer,061,380077,7,0,0,0,0
2020-02-29,Plumas,063,18699,0,0,0,0,0
2020-02-29,Riverside,065,2383286,15,0,1,1,0
2020-02-29,Sacramento,067,1510023,16,1,0,1,0
2020-02-29,San Benito,069,59416,0,2,0,2,0
2020-02-29,San Bernardino,071,2135413,23,0,0,0,0
2020-02-29,San Diego,073,3302833,16,2,0,2,0
2020-02-29,San Francisco,075,870044,12,0,0,0,0
2020-02-29,San Joaquin,077,732212,6,0,3,3,0
2020-02-29,San Luis Obispo,079,281455,2,0,0,0,0
2020-02-29,San Mateo,081,765935,29,0,0,0,0
2020-02-29,Santa Barbara,083,443738,0,0,0,0,0
2020-02-29,Santa Clara,085,1922200,73,3,1,4,0
2020-02-29,Santa Cruz,087,273765,8,0,0,0,0
2020-02-29,Shasta,089,179085,2,0,0,0,0
2020-02-29,Sierra,091,2930,0,0,0,0,0
2020-02-29,Siskiyou,093,43540,0,0,0,0,0
2020-02-29,Solano,095,438530,18,23,0,23,0
2020-02-29,Sonoma,097,501317,6,0,0,0,0
2020-02-29,Stanislaus,099,539301,2,0,2,2,0
2020-02-29,Sutter,101,95872,0,0,0,0,0
2020-02-29,Tehama,103,63373,0,0,0,0,0
2020-02-29,Trinity,105,12862,0,0,0,0,0
2020-02-29,Tulare,107,460477,4,0,0,0,0
2020-02-29,Tuolumne,109,53932,0,0,0,0,0
2020-02-29,Ventura,111,848112,6,0,0,0,0
2020-02-29,Yolo,113,214977,2,0,0,0,0
2020-02-29,Yuba,115,75493,0,0,0,0,0
2020-02-28,Alameda,001,1643700,14,0,0,0,0
2020-02-28,Alpine,003,1148,0,0,0,0,0
2020-02-28,Amador,005,37829,0,0,0,0,0
2020-02-28,Butte,007,227075,0,0,0,0,0
2020-02-28,Calaveras,009,45235,0,0,0,0,0
2020-02-28,Colusa,011,21464,0,0,0,0,0
2020-02-28,Contra Costa,013,1133247,20,0,0,0,0
2020-02-28,Del Norte,015,27424,0,0,0,0,0
2020-02-28,El Dorado,017,186661,0,0,0,0,0
2020-02-28,Fresno,019,978130,0,0,0,0,0
2020-02-28,Glenn,021,27897,0,0,0,0,0
2020-02-28,Humboldt,023,135768,1,1,0,1,0
2020-02-28,Imperial,025,180216,3,0,0,0,0
2020-02-28,Inyo,027,18085,0,0,0,0,0
2020-02-28,Kern,029,883053,2,0,0,0,0
2020-02-28,Kings,031,150075,2,0,1,1,0
2020-02-28,Lake,033,64148,0,0,0,0,0
2020-02-28,Lassen,035,31185,0,0,0,0,0
2020-02-28,Los Angeles,037,10098052,96,1,10,11,0
2020-02-28,Madera,039,155013,2,0,0,0,0
2020-02-28,Marin,041,260295,2,0,0,0,0
2020-02-28,Mariposa,043,17540,0,0,0,0,0
2020-02-28,Mendocino,045,87422,0,0,0,0,0
2020-02-28,Merced,047,269075,1,0,0,0,0
2020-02-28,Modoc,049,8938,0,0,0,0,0
2020-02-28,Mono,051,14174,0,0,0,0,0
2020-02-28,Monterey,053,433212,0,0,0,0,0
2020-02-28,Napa,055,140530,1,0,0,0,0
2020-02-28,Nevada,057,99092,0,0,1,1,0
2020-02-28,Orange,059,3164182,56,1,0,1,0
2020-02-28,Placer,061,380077,7,0,0,0,0
2020-02-28,Plumas,063,18699,0,0,0,0,0
2020-02-28,Riverside,065,2383286,13,0,1,1,0
2020-02-28,Sacramento,067,1510023,10,1,0,1,0
2020-02-28,San Benito,069,59416,0,2,0,2,0
2020-02-28,San Bernardino,071,2135413,23,0,0,0,0
2020-02-28,San Diego,073,3302833,13,2,0,2,0
2020-02-28,San Francisco,075,870044,10,0,0,0,0
2020-02-28,San Joaquin,077,732212,6,0,3,3,0
2020-02-28,San Luis Obispo,079,281455,2,0,0,0,0
2020-02-28,San Mateo,081,765935,24,0,0,0,0
2020-02-28,Santa Barbara,083,443738,0,0,0,0,0
2020-02-28,Santa Clara,085,1922200,68,3,1,4,0
2020-02-28,Santa Cruz,087,273765,8,0,0,0,0
2020-02-28,Shasta,089,179085,2,0,0,0,0
2020-02-28,Sierra,091,2930,0,0,0,0,0
2020-02-28,Siskiyou,093,43540,0,0,0,0,0
2020-02-28,Solano,095,438530,17,23,0,23,0
2020-02-28,Sonoma,097,501317,6,0,0,0,0
2020-02-28,Stanislaus,099,539301,2,0,2,2,0
2020-02-28,Sutter,101,95872,0,0,0,0,0
2020-02-28,Tehama,103,63373,0,0,0,0,0
2020-02-28,Trinity,105,12862,0,0,0,0,0
2020-02-28,Tulare,107,460477,3,0,0,0,0
2020-02-28,Tuolumne,109,53932,0,0,0,0,0
2020-02-28,Ventura,111,848112,6,0,0,0,0
2020-02-28,Yolo,113,214977,2,0,0,0,0
2020-02-28,Yuba,115,75493,0,0,0,0,0
2020-02-27,Alameda,001,1643700,13,0,0,0,0
2020-02-27,Alpine,003,1148,0,0,0,0,0
2020-02-27,Amador,005,37829,0,0,0,0,0
2020-02-27,Butte,007,227075,0,0,0,0,0
2020-02-27,Calaveras,009,45235,0,0,0,0,0
2020-02-27,Colusa,011,21464,0,0,0,0,0
2020-02-27,Contra Costa,013,1133247,14,0,0,0,0
2020-02-27,Del Norte,015,27424,0,0,0,0,0
2020-02-27,El Dorado,017,186661,0,0,0,0,0
2020-02-27,Fresno,019,978130,0,0,0,0,0
2020-02-27,Glenn,021,27897,0,0,0,0,0
2020-02-27,Humboldt,023,135768,1,1,0,1,0
2020-02-27,Imperial,025,180216,3,0,0,0,0
2020-02-27,Inyo,027,18085,0,0,0,0,0
2020-02-27,Kern,029,883053,2,0,0,0,0
2020-02-27,Kings,031,150075,2,0,1,1,0
2020-02-27,Lake,033,64148,0,0,0,0,0
2020-02-27,Lassen,035,31185,0,0,0,0,0
2020-02-27,Los Angeles,037,10098052,89,1,10,11,0
2020-02-27,Madera,039,155013,2,0,0,0,0
2020-02-27,Marin,041,260295,1,0,0,0,0
2020-02-27,Mariposa,043,17540,0,0,0,0,0
2020-02-27,Mendocino,045,87422,0,0,0,0,0
2020-02-27,Merced,047,269075,1,0,0,0,0
2020-02-27,Modoc,049,8938,0,0,0,0,0
2020-02-27,Mono,051,14174,0,0,0,0,0
2020-02-27,Monterey,053,433212,0,0,0,0,0
2020-02-27,Napa,055,140530,1,0,0,0,0
2020-02-27,Nevada,057,99092,0,0,1,1,0
2020-02-27,Orange,059,3164182,50,1,0,1,0
2020-02-27,Placer,061,380077,6,0,0,0,0
2020-02-27,Plumas,063,18699,0,0,0,0,0
2020-02-27,Riverside,065,2383286,12,0,1,1,0
2020-02-27,Sacramento,067,1510023,10,1,0,1,0
2020-02-27,San Benito,069,59416,0,2,0,2,0
2020-02-27,San Bernardino,071,2135413,23,0,0,0,0
2020-02-27,San Diego,073,3302833,12,2,0,2,0
2020-02-27,San Francisco,075,870044,9,0,0,0,0
2020-02-27,San Joaquin,077,732212,5,0,3,3,0
2020-02-27,San Luis Obispo,079,281455,2,0,0,0,0
2020-02-27,San Mateo,081,765935,20,0,0,0,0
2020-02-27,Santa Barbara,083,443738,0,0,0,0,0
2020-02-27,Santa Clara,085,1922200,57,2,1,3,0
2020-02-27,Santa Cruz,087,273765,6,0,0,0,0
2020-02-27,Shasta,089,179085,0,0,0,0,0
2020-02-27,Sierra,091,2930,0,0,0,0,0
2020-02-27,Siskiyou,093,43540,0,0,0,0,0
2020-02-27,Solano,095,438530,17,23,0,23,0
2020-02-27,Sonoma,097,501317,5,0,0,0,0
2020-02-27,Stanislaus,099,539301,2,0,2,2,0
2020-02-27,Sutter,101,95872,0,0,0,0,0
2020-02-27,Tehama,103,63373,0,0,0,0,0
2020-02-27,Trinity,105,12862,0,0,0,0,0
2020-02-27,Tulare,107,460477,3,0,0,0,0
2020-02-27,Tuolumne,109,53932,0,0,0,0,0
2020-02-27,Ventura,111,848112,4,0,0,0,0
2020-02-27,Yolo,113,214977,2,0,0,0,0
2020-02-27,Yuba,115,75493,0,0,0,0,0
2020-02-26,Alameda,001,1643700,13,0,0,0,0
2020-02-26,Alpine,003,1148,0,0,0,0,0
2020-02-26,Amador,005,37829,0,0,0,0,0
2020-02-26,Butte,007,227075,0,0,0,0,0
2020-02-26,Calaveras,009,45235,0,0,0,0,0
2020-02-26,Colusa,011,21464,0,0,0,0,0
2020-02-26,Contra Costa,013,1133247,13,0,0,0,0
2020-02-26,Del Norte,015,27424,0,0,0,0,0
2020-02-26,El Dorado,017,186661,0,0,0,0,0
2020-02-26,Fresno,019,978130,0,0,0,0,0
2020-02-26,Glenn,021,27897,0,0,0,0,0
2020-02-26,Humboldt,023,135768,1,1,0,1,0
2020-02-26,Imperial,025,180216,3,0,0,0,0
2020-02-26,Inyo,027,18085,0,0,0,0,0
2020-02-26,Kern,029,883053,2,0,0,0,0
2020-02-26,Kings,031,150075,2,0,1,1,0
2020-02-26,Lake,033,64148,0,0,0,0,0
2020-02-26,Lassen,035,31185,0,0,0,0,0
2020-02-26,Los Angeles,037,10098052,83,1,10,11,0
2020-02-26,Madera,039,155013,2,0,0,0,0
2020-02-26,Marin,041,260295,1,0,0,0,0
2020-02-26,Mariposa,043,17540,0,0,0,0,0
2020-02-26,Mendocino,045,87422,0,0,0,0,0
2020-02-26,Merced,047,269075,1,0,0,0,0
2020-02-26,Modoc,049,8938,0,0,0,0,0
2020-02-26,Mono,051,14174,0,0,0,0,0
2020-02-26,Monterey,053,433212,0,0,0,0,0
2020-02-26,Napa,055,140530,0,0,0,0,0
2020-02-26,Nevada,057,99092,0,0,1,1,0
2020-02-26,Orange,059,3164182,49,1,0,1,0
2020-02-26,Placer,061,380077,5,0,0,0,0
2020-02-26,Plumas,063,18699,0,0,0,0,0
2020-02-26,Riverside,065,2383286,10,0,1,1,0
2020-02-26,Sacramento,067,1510023,10,1,0,1,0
2020-02-26,San Benito,069,59416,0,2,0,2,0
2020-02-26,San Bernardino,071,2135413,21,0,0,0,0
2020-02-26,San Diego,073,3302833,11,2,0,2,0
2020-02-26,San Francisco,075,870044,9,0,0,0,0
2020-02-26,San Joaquin,077,732212,5,0,3,3,0
2020-02-26,San Luis Obispo,079,281455,2,0,0,0,0
2020-02-26,San Mateo,081,765935,18,0,0,0,0
2020-02-26,Santa Barbara,083,443738,0,0,0,0,0
2020-02-26,Santa Clara,085,1922200,49,2,1,3,0
2020-02-26,Santa Cruz,087,273765,6,0,0,0,0
2020-02-26,Shasta,089,179085,0,0,0,0,0
2020-02-26,Sierra,091,2930,0,0,0,0,0
2020-02-26,Siskiyou,093,43540,0,0,0,0,0
2020-02-26,Solano,095,438530,17,23,0,23,0
2020-02-26,Sonoma,097,501317,5,0,0,0,0
2020-02-26,Stanislaus,099,539301,2,0,2,2,0
2020-02-26,Sutter,101,95872,0,0,0,0,0
2020-02-26,Tehama,103,63373,0,0,0,0,0
2020-02-26,Trinity,105,12862,0,0,0,0,0
2020-02-26,Tulare,107,460477,3,0,0,0,0
2020-02-26,Tuolumne,109,53932,0,0,0,0,0
2020-02-26,Ventura,111,848112,4,0,0,0,0
2020-02-26,Yolo,113,214977,2,0,0,0,0
2020-02-26,Yuba,115,75493,0,0,0,0,0
2020-02-25,Alameda,001,1643700,13,0,0,0,0
2020-02-25,Alpine,003,1148,0,0,0,0,0
2020-02-25,Amador,005,37829,0,0,0,0,0
2020-02-25,Butte,007,227075,0,0,0,0,0
2020-02-25,Calaveras,009,45235,0,0,0,0,0
2020-02-25,Colusa,011,21464,0,0,0,0,0
2020-02-25,Contra Costa,013,1133247,11,0,0,0,0
2020-02-25,Del Norte,015,27424,0,0,0,0,0
2020-02-25,El Dorado,017,186661,0,0,0,0,0
2020-02-25,Fresno,019,978130,0,0,0,0,0
2020-02-25,Glenn,021,27897,0,0,0,0,0
2020-02-25,Humboldt,023,135768,1,1,0,1,0
2020-02-25,Imperial,025,180216,3,0,0,0,0
2020-02-25,Inyo,027,18085,0,0,0,0,0
2020-02-25,Kern,029,883053,2,0,0,0,0
2020-02-25,Kings,031,150075,2,0,1,1,0
2020-02-25,Lake,033,64148,0,0,0,0,0
2020-02-25,Lassen,035,31185,0,0,0,0,0
2020-02-25,Los Angeles,037,10098052,71,1,10,11,0
2020-02-25,Madera,039,155013,2,0,0,0,0
2020-02-25,Marin,041,260295,1,0,0,0,0
2020-02-25,Mariposa,043,17540,0,0,0,0,0
2020-02-25,Mendocino,045,87422,0,0,0,0,0
2020-02-25,Merced,047,269075,0,0,0,0,0
2020-02-25,Modoc,049,8938,0,0,0,0,0
2020-02-25,Mono,051,14174,0,0,0,0,0
2020-02-25,Monterey,053,433212,0,0,0,0,0
2020-02-25,Napa,055,140530,0,0,0,0,0
2020-02-25,Nevada,057,99092,0,0,1,1,0
2020-02-25,Orange,059,3164182,48,1,0,1,0
2020-02-25,Placer,061,380077,5,0,0,0,0
2020-02-25,Plumas,063,18699,0,0,0,0,0
2020-02-25,Riverside,065,2383286,10,0,1,1,0
2020-02-25,Sacramento,067,1510023,8,1,0,1,0
2020-02-25,San Benito,069,59416,0,2,0,2,0
2020-02-25,San Bernardino,071,2135413,19,0,0,0,0
2020-02-25,San Diego,073,3302833,7,2,0,2,0
2020-02-25,San Francisco,075,870044,7,0,0,0,0
2020-02-25,San Joaquin,077,732212,5,0,2,2,0
2020-02-25,San Luis Obispo,079,281455,2,0,0,0,0
2020-02-25,San Mateo,081,765935,17,0,0,0,0
2020-02-25,Santa Barbara,083,443738,0,0,0,0,0
2020-02-25,Santa Clara,085,1922200,40,2,1,3,0
2020-02-25,Santa Cruz,087,273765,5,0,0,0,0
2020-02-25,Shasta,089,179085,0,0,0,0,0
2020-02-25,Sierra,091,2930,0,0,0,0,0
2020-02-25,Siskiyou,093,43540,0,0,0,0,0
2020-02-25,Solano,095,438530,16,21,0,21,0
2020-02-25,Sonoma,097,501317,5,0,0,0,0
2020-02-25,Stanislaus,099,539301,2,0,2,2,0
2020-02-25,Sutter,101,95872,0,0,0,0,0
2020-02-25,Tehama,103,63373,0,0,0,0,0
2020-02-25,Trinity,105,12862,0,0,0,0,0
2020-02-25,Tulare,107,460477,3,0,0,0,0
2020-02-25,Tuolumne,109,53932,0,0,0,0,0
2020-02-25,Ventura,111,848112,4,0,0,0,0
2020-02-25,Yolo,113,214977,2,0,0,0,0
2020-02-25,Yuba,115,75493,0,0,0,0,0
2020-02-24,Alameda,001,1643700,13,0,0,0,0
2020-02-24,Alpine,003,1148,0,0,0,0,0
2020-02-24,Amador,005,37829,0,0,0,0,0
2020-02-24,Butte,007,227075,0,0,0,0,0
2020-02-24,Calaveras,009,45235,0,0,0,0,0
2020-02-24,Colusa,011,21464,0,0,0,0,0
2020-02-24,Contra Costa,013,1133247,9,0,0,0,0
2020-02-24,Del Norte,015,27424,0,0,0,0,0
2020-02-24,El Dorado,017,186661,0,0,0,0,0
2020-02-24,Fresno,019,978130,0,0,0,0,0
2020-02-24,Glenn,021,27897,0,0,0,0,0
2020-02-24,Humboldt,023,135768,1,1,0,1,0
2020-02-24,Imperial,025,180216,3,0,0,0,0
2020-02-24,Inyo,027,18085,0,0,0,0,0
2020-02-24,Kern,029,883053,2,0,0,0,0
2020-02-24,Kings,031,150075,2,0,1,1,0
2020-02-24,Lake,033,64148,0,0,0,0,0
2020-02-24,Lassen,035,31185,0,0,0,0,0
2020-02-24,Los Angeles,037,10098052,66,1,10,11,0
2020-02-24,Madera,039,155013,1,0,0,0,0
2020-02-24,Marin,041,260295,1,0,0,0,0
2020-02-24,Mariposa,043,17540,0,0,0,0,0
2020-02-24,Mendocino,045,87422,0,0,0,0,0
2020-02-24,Merced,047,269075,0,0,0,0,0
2020-02-24,Modoc,049,8938,0,0,0,0,0
2020-02-24,Mono,051,14174,0,0,0,0,0
2020-02-24,Monterey,053,433212,0,0,0,0,0
2020-02-24,Napa,055,140530,0,0,0,0,0
2020-02-24,Nevada,057,99092,0,0,1,1,0
2020-02-24,Orange,059,3164182,46,1,0,1,0
2020-02-24,Placer,061,380077,3,0,0,0,0
2020-02-24,Plumas,063,18699,0,0,0,0,0
2020-02-24,Riverside,065,2383286,9,0,1,1,0
2020-02-24,Sacramento,067,1510023,7,1,0,1,0
2020-02-24,San Benito,069,59416,0,2,0,2,0
2020-02-24,San Bernardino,071,2135413,19,0,0,0,0
2020-02-24,San Diego,073,3302833,7,2,0,2,0
2020-02-24,San Francisco,075,870044,6,0,0,0,0
2020-02-24,San Joaquin,077,732212,5,0,1,1,0
2020-02-24,San Luis Obispo,079,281455,2,0,0,0,0
2020-02-24,San Mateo,081,765935,13,0,0,0,0
2020-02-24,Santa Barbara,083,443738,0,0,0,0,0
2020-02-24,Santa Clara,085,1922200,38,2,1,3,0
2020-02-24,Santa Cruz,087,273765,5,0,0,0,0
2020-02-24,Shasta,089,179085,0,0,0,0,0
2020-02-24,Sierra,091,2930,0,0,0,0,0
2020-02-24,Siskiyou,093,43540,0,0,0,0,0
2020-02-24,Solano,095,438530,13,15,0,15,0
2020-02-24,Sonoma,097,501317,5,0,0,0,0
2020-02-24,Stanislaus,099,539301,2,0,2,2,0
2020-02-24,Sutter,101,95872,0,0,0,0,0
2020-02-24,Tehama,103,63373,0,0,0,0,0
2020-02-24,Trinity,105,12862,0,0,0,0,0
2020-02-24,Tulare,107,460477,3,0,0,0,0
2020-02-24,Tuolumne,109,53932,0,0,0,0,0
2020-02-24,Ventura,111,848112,4,0,0,0,0
2020-02-24,Yolo,113,214977,2,0,0,0,0
2020-02-24,Yuba,115,75493,0,0,0,0,0
2020-02-23,Alameda,001,1643700,11,0,0,0,0
2020-02-23,Alpine,003,1148,0,0,0,0,0
2020-02-23,Amador,005,37829,0,0,0,0,0
2020-02-23,Butte,007,227075,0,0,0,0,0
2020-02-23,Calaveras,009,45235,0,0,0,0,0
2020-02-23,Colusa,011,21464,0,0,0,0,0
2020-02-23,Contra Costa,013,1133247,6,0,0,0,0
2020-02-23,Del Norte,015,27424,0,0,0,0,0
2020-02-23,El Dorado,017,186661,0,0,0,0,0
2020-02-23,Fresno,019,978130,0,0,0,0,0
2020-02-23,Glenn,021,27897,0,0,0,0,0
2020-02-23,Humboldt,023,135768,1,1,0,1,0
2020-02-23,Imperial,025,180216,3,0,0,0,0
2020-02-23,Inyo,027,18085,0,0,0,0,0
2020-02-23,Kern,029,883053,2,0,0,0,0
2020-02-23,Kings,031,150075,2,0,1,1,0
2020-02-23,Lake,033,64148,0,0,0,0,0
2020-02-23,Lassen,035,31185,0,0,0,0,0
2020-02-23,Los Angeles,037,10098052,58,1,10,11,0
2020-02-23,Madera,039,155013,1,0,0,0,0
2020-02-23,Marin,041,260295,1,0,0,0,0
2020-02-23,Mariposa,043,17540,0,0,0,0,0
2020-02-23,Mendocino,045,87422,0,0,0,0,0
2020-02-23,Merced,047,269075,0,0,0,0,0
2020-02-23,Modoc,049,8938,0,0,0,0,0
2020-02-23,Mono,051,14174,0,0,0,0,0
2020-02-23,Monterey,053,433212,0,0,0,0,0
2020-02-23,Napa,055,140530,0,0,0,0,0
2020-02-23,Nevada,057,99092,0,0,1,1,0
2020-02-23,Orange,059,3164182,46,1,0,1,0
2020-02-23,Placer,061,380077,3,0,0,0,0
2020-02-23,Plumas,063,18699,0,0,0,0,0
2020-02-23,Riverside,065,2383286,9,0,0,0,0
2020-02-23,Sacramento,067,1510023,6,1,0,1,0
2020-02-23,San Benito,069,59416,0,2,0,2,0
2020-02-23,San Bernardino,071,2135413,18,0,0,0,0
2020-02-23,San Diego,073,3302833,6,2,0,2,0
2020-02-23,San Francisco,075,870044,5,0,0,0,0
2020-02-23,San Joaquin,077,732212,4,0,1,1,0
2020-02-23,San Luis Obispo,079,281455,2,0,0,0,0
2020-02-23,San Mateo,081,765935,10,0,0,0,0
2020-02-23,Santa Barbara,083,443738,0,0,0,0,0
2020-02-23,Santa Clara,085,1922200,26,2,1,3,0
2020-02-23,Santa Cruz,087,273765,2,0,0,0,0
2020-02-23,Shasta,089,179085,0,0,0,0,0
2020-02-23,Sierra,091,2930,0,0,0,0,0
2020-02-23,Siskiyou,093,43540,0,0,0,0,0
2020-02-23,Solano,095,438530,11,15,0,15,0
2020-02-23,Sonoma,097,501317,5,0,0,0,0
2020-02-23,Stanislaus,099,539301,2,0,2,2,0
2020-02-23,Sutter,101,95872,0,0,0,0,0
2020-02-23,Tehama,103,63373,0,0,0,0,0
2020-02-23,Trinity,105,12862,0,0,0,0,0
2020-02-23,Tulare,107,460477,2,0,0,0,0
2020-02-23,Tuolumne,109,53932,0,0,0,0,0
2020-02-23,Ventura,111,848112,4,0,0,0,0
2020-02-23,Yolo,113,214977,2,0,0,0,0
2020-02-23,Yuba,115,75493,0,0,0,0,0
2020-02-22,Alameda,001,1643700,10,0,0,0,0
2020-02-22,Alpine,003,1148,0,0,0,0,0
2020-02-22,Amador,005,37829,0,0,0,0,0
2020-02-22,Butte,007,227075,0,0,0,0,0
2020-02-22,Calaveras,009,45235,0,0,0,0,0
2020-02-22,Colusa,011,21464,0,0,0,0,0
2020-02-22,Contra Costa,013,1133247,5,0,0,0,0
2020-02-22,Del Norte,015,27424,0,0,0,0,0
2020-02-22,El Dorado,017,186661,0,0,0,0,0
2020-02-22,Fresno,019,978130,0,0,0,0,0
2020-02-22,Glenn,021,27897,0,0,0,0,0
2020-02-22,Humboldt,023,135768,1,1,0,1,0
2020-02-22,Imperial,025,180216,2,0,0,0,0
2020-02-22,Inyo,027,18085,0,0,0,0,0
2020-02-22,Kern,029,883053,2,0,0,0,0
2020-02-22,Kings,031,150075,2,0,1,1,0
2020-02-22,Lake,033,64148,0,0,0,0,0
2020-02-22,Lassen,035,31185,0,0,0,0,0
2020-02-22,Los Angeles,037,10098052,56,1,10,11,0
2020-02-22,Madera,039,155013,0,0,0,0,0
2020-02-22,Marin,041,260295,1,0,0,0,0
2020-02-22,Mariposa,043,17540,0,0,0,0,0
2020-02-22,Mendocino,045,87422,0,0,0,0,0
2020-02-22,Merced,047,269075,0,0,0,0,0
2020-02-22,Modoc,049,8938,0,0,0,0,0
2020-02-22,Mono,051,14174,0,0,0,0,0
2020-02-22,Monterey,053,433212,0,0,0,0,0
2020-02-22,Napa,055,140530,0,0,0,0,0
2020-02-22,Nevada,057,99092,0,0,1,1,0
2020-02-22,Orange,059,3164182,45,1,0,1,0
2020-02-22,Placer,061,380077,3,0,0,0,0
2020-02-22,Plumas,063,18699,0,0,0,0,0
2020-02-22,Riverside,065,2383286,9,0,0,0,0
2020-02-22,Sacramento,067,1510023,6,1,0,1,0
2020-02-22,San Benito,069,59416,0,2,0,2,0
2020-02-22,San Bernardino,071,2135413,16,0,0,0,0
2020-02-22,San Diego,073,3302833,5,2,0,2,0
2020-02-22,San Francisco,075,870044,3,0,0,0,0
2020-02-22,San Joaquin,077,732212,4,0,1,1,0
2020-02-22,San Luis Obispo,079,281455,2,0,0,0,0
2020-02-22,San Mateo,081,765935,8,0,0,0,0
2020-02-22,Santa Barbara,083,443738,0,0,0,0,0
2020-02-22,Santa Clara,085,1922200,23,2,1,3,0
2020-02-22,Santa Cruz,087,273765,2,0,0,0,0
2020-02-22,Shasta,089,179085,0,0,0,0,0
2020-02-22,Sierra,091,2930,0,0,0,0,0
2020-02-22,Siskiyou,093,43540,0,0,0,0,0
2020-02-22,Solano,095,438530,11,11,0,11,0
2020-02-22,Sonoma,097,501317,4,0,0,0,0
2020-02-22,Stanislaus,099,539301,2,0,2,2,0
2020-02-22,Sutter,101,95872,0,0,0,0,0
2020-02-22,Tehama,103,63373,0,0,0,0,0
2020-02-22,Trinity,105,12862,0,0,0,0,0
2020-02-22,Tulare,107,460477,2,0,0,0,0
2020-02-22,Tuolumne,109,53932,0,0,0,0,0
2020-02-22,Ventura,111,848112,4,0,0,0,0
2020-02-22,Yolo,113,214977,1,0,0,0,0
2020-02-22,Yuba,115,75493,0,0,0,0,0
2020-02-21,Alameda,001,1643700,9,0,0,0,0
2020-02-21,Alpine,003,1148,0,0,0,0,0
2020-02-21,Amador,005,37829,0,0,0,0,0
2020-02-21,Butte,007,227075,0,0,0,0,0
2020-02-21,Calaveras,009,45235,0,0,0,0,0
2020-02-21,Colusa,011,21464,0,0,0,0,0
2020-02-21,Contra Costa,013,1133247,4,0,0,0,0
2020-02-21,Del Norte,015,27424,0,0,0,0,0
2020-02-21,El Dorado,017,186661,0,0,0,0,0
2020-02-21,Fresno,019,978130,0,0,0,0,0
2020-02-21,Glenn,021,27897,0,0,0,0,0
2020-02-21,Humboldt,023,135768,1,1,0,1,0
2020-02-21,Imperial,025,180216,2,0,0,0,0
2020-02-21,Inyo,027,18085,0,0,0,0,0
2020-02-21,Kern,029,883053,2,0,0,0,0
2020-02-21,Kings,031,150075,2,0,1,1,0
2020-02-21,Lake,033,64148,0,0,0,0,0
2020-02-21,Lassen,035,31185,0,0,0,0,0
2020-02-21,Los Angeles,037,10098052,52,1,10,11,0
2020-02-21,Madera,039,155013,0,0,0,0,0
2020-02-21,Marin,041,260295,1,0,0,0,0
2020-02-21,Mariposa,043,17540,0,0,0,0,0
2020-02-21,Mendocino,045,87422,0,0,0,0,0
2020-02-21,Merced,047,269075,0,0,0,0,0
2020-02-21,Modoc,049,8938,0,0,0,0,0
2020-02-21,Mono,051,14174,0,0,0,0,0
2020-02-21,Monterey,053,433212,0,0,0,0,0
2020-02-21,Napa,055,140530,0,0,0,0,0
2020-02-21,Nevada,057,99092,0,0,1,1,0
2020-02-21,Orange,059,3164182,43,1,0,1,0
2020-02-21,Placer,061,380077,2,0,0,0,0
2020-02-21,Plumas,063,18699,0,0,0,0,0
2020-02-21,Riverside,065,2383286,9,0,0,0,0
2020-02-21,Sacramento,067,1510023,5,1,0,1,0
2020-02-21,San Benito,069,59416,0,2,0,2,0
2020-02-21,San Bernardino,071,2135413,15,0,0,0,0
2020-02-21,San Diego,073,3302833,5,2,0,2,0
2020-02-21,San Francisco,075,870044,3,0,0,0,0
2020-02-21,San Joaquin,077,732212,2,0,1,1,0
2020-02-21,San Luis Obispo,079,281455,2,0,0,0,0
2020-02-21,San Mateo,081,765935,8,0,0,0,0
2020-02-21,Santa Barbara,083,443738,0,0,0,0,0
2020-02-21,Santa Clara,085,1922200,21,2,1,3,0
2020-02-21,Santa Cruz,087,273765,2,0,0,0,0
2020-02-21,Shasta,089,179085,0,0,0,0,0
2020-02-21,Sierra,091,2930,0,0,0,0,0
2020-02-21,Siskiyou,093,43540,0,0,0,0,0
2020-02-21,Solano,095,438530,10,11,0,11,0
2020-02-21,Sonoma,097,501317,3,0,0,0,0
2020-02-21,Stanislaus,099,539301,2,0,2,2,0
2020-02-21,Sutter,101,95872,0,0,0,0,0
2020-02-21,Tehama,103,63373,0,0,0,0,0
2020-02-21,Trinity,105,12862,0,0,0,0,0
2020-02-21,Tulare,107,460477,2,0,0,0,0
2020-02-21,Tuolumne,109,53932,0,0,0,0,0
2020-02-21,Ventura,111,848112,4,0,0,0,0
2020-02-21,Yolo,113,214977,1,0,0,0,0
2020-02-21,Yuba,115,75493,0,0,0,0,0
2020-02-20,Alameda,001,1643700,7,0,0,0,0
2020-02-20,Alpine,003,1148,0,0,0,0,0
2020-02-20,Amador,005,37829,0,0,0,0,0
2020-02-20,Butte,007,227075,0,0,0,0,0
2020-02-20,Calaveras,009,45235,0,0,0,0,0
2020-02-20,Colusa,011,21464,0,0,0,0,0
2020-02-20,Contra Costa,013,1133247,3,0,0,0,0
2020-02-20,Del Norte,015,27424,0,0,0,0,0
2020-02-20,El Dorado,017,186661,0,0,0,0,0
2020-02-20,Fresno,019,978130,0,0,0,0,0
2020-02-20,Glenn,021,27897,0,0,0,0,0
2020-02-20,Humboldt,023,135768,1,1,0,1,0
2020-02-20,Imperial,025,180216,2,0,0,0,0
2020-02-20,Inyo,027,18085,0,0,0,0,0
2020-02-20,Kern,029,883053,2,0,0,0,0
2020-02-20,Kings,031,150075,2,0,1,1,0
2020-02-20,Lake,033,64148,0,0,0,0,0
2020-02-20,Lassen,035,31185,0,0,0,0,0
2020-02-20,Los Angeles,037,10098052,51,1,9,10,0
2020-02-20,Madera,039,155013,0,0,0,0,0
2020-02-20,Marin,041,260295,0,0,0,0,0
2020-02-20,Mariposa,043,17540,0,0,0,0,0
2020-02-20,Mendocino,045,87422,0,0,0,0,0
2020-02-20,Merced,047,269075,0,0,0,0,0
2020-02-20,Modoc,049,8938,0,0,0,0,0
2020-02-20,Mono,051,14174,0,0,0,0,0
2020-02-20,Monterey,053,433212,0,0,0,0,0
2020-02-20,Napa,055,140530,0,0,0,0,0
2020-02-20,Nevada,057,99092,0,0,1,1,0
2020-02-20,Orange,059,3164182,43,1,0,1,0
2020-02-20,Placer,061,380077,2,0,0,0,0
2020-02-20,Plumas,063,18699,0,0,0,0,0
2020-02-20,Riverside,065,2383286,7,0,0,0,0
2020-02-20,Sacramento,067,1510023,2,1,0,1,0
2020-02-20,San Benito,069,59416,0,2,0,2,0
2020-02-20,San Bernardino,071,2135413,14,0,0,0,0
2020-02-20,San Diego,073,3302833,5,2,0,2,0
2020-02-20,San Francisco,075,870044,3,0,0,0,0
2020-02-20,San Joaquin,077,732212,2,0,1,1,0
2020-02-20,San Luis Obispo,079,281455,2,0,0,0,0
2020-02-20,San Mateo,081,765935,7,0,0,0,0
2020-02-20,Santa Barbara,083,443738,0,0,0,0,0
2020-02-20,Santa Clara,085,1922200,17,2,1,3,0
2020-02-20,Santa Cruz,087,273765,2,0,0,0,0
2020-02-20,Shasta,089,179085,0,0,0,0,0
2020-02-20,Sierra,091,2930,0,0,0,0,0
2020-02-20,Siskiyou,093,43540,0,0,0,0,0
2020-02-20,Solano,095,438530,8,7,0,7,0
2020-02-20,Sonoma,097,501317,2,0,0,0,0
2020-02-20,Stanislaus,099,539301,2,0,2,2,0
2020-02-20,Sutter,101,95872,0,0,0,0,0
2020-02-20,Tehama,103,63373,0,0,0,0,0
2020-02-20,Trinity,105,12862,0,0,0,0,0
2020-02-20,Tulare,107,460477,2,0,0,0,0
2020-02-20,Tuolumne,109,53932,0,0,0,0,0
2020-02-20,Ventura,111,848112,4,0,0,0,0
2020-02-20,Yolo,113,214977,1,0,0,0,0
2020-02-20,Yuba,115,75493,0,0,0,0,0
2020-02-19,Alameda,001,1643700,6,0,0,0,0
2020-02-19,Alpine,003,1148,0,0,0,0,0
2020-02-19,Amador,005,37829,0,0,0,0,0
2020-02-19,Butte,007,227075,0,0,0,0,0
2020-02-19,Calaveras,009,45235,0,0,0,0,0
2020-02-19,Colusa,011,21464,0,0,0,0,0
2020-02-19,Contra Costa,013,1133247,3,0,0,0,0
2020-02-19,Del Norte,015,27424,0,0,0,0,0
2020-02-19,El Dorado,017,186661,0,0,0,0,0
2020-02-19,Fresno,019,978130,0,0,0,0,0
2020-02-19,Glenn,021,27897,0,0,0,0,0
2020-02-19,Humboldt,023,135768,1,0,0,0,0
2020-02-19,Imperial,025,180216,2,0,0,0,0
2020-02-19,Inyo,027,18085,0,0,0,0,0
2020-02-19,Kern,029,883053,2,0,0,0,0
2020-02-19,Kings,031,150075,2,0,1,1,0
2020-02-19,Lake,033,64148,0,0,0,0,0
2020-02-19,Lassen,035,31185,0,0,0,0,0
2020-02-19,Los Angeles,037,10098052,48,1,9,10,0
2020-02-19,Madera,039,155013,0,0,0,0,0
2020-02-19,Marin,041,260295,0,0,0,0,0
2020-02-19,Mariposa,043,17540,0,0,0,0,0
2020-02-19,Mendocino,045,87422,0,0,0,0,0
2020-02-19,Merced,047,269075,0,0,0,0,0
2020-02-19,Modoc,049,8938,0,0,0,0,0
2020-02-19,Mono,051,14174,0,0,0,0,0
2020-02-19,Monterey,053,433212,0,0,0,0,0
2020-02-19,Napa,055,140530,0,0,0,0,0
2020-02-19,Nevada,057,99092,0,0,1,1,0
2020-02-19,Orange,059,3164182,42,1,0,1,0
2020-02-19,Placer,061,380077,2,0,0,0,0
2020-02-19,Plumas,063,18699,0,0,0,0,0
2020-02-19,Riverside,065,2383286,5,0,0,0,0
2020-02-19,Sacramento,067,1510023,2,0,0,0,0
2020-02-19,San Benito,069,59416,0,2,0,2,0
2020-02-19,San Bernardino,071,2135413,13,0,0,0,0
2020-02-19,San Diego,073,3302833,4,2,0,2,0
2020-02-19,San Francisco,075,870044,2,0,0,0,0
2020-02-19,San Joaquin,077,732212,2,0,1,1,0
2020-02-19,San Luis Obispo,079,281455,2,0,0,0,0
2020-02-19,San Mateo,081,765935,6,0,0,0,0
2020-02-19,Santa Barbara,083,443738,0,0,0,0,0
2020-02-19,Santa Clara,085,1922200,15,2,1,3,0
2020-02-19,Santa Cruz,087,273765,0,0,0,0,0
2020-02-19,Shasta,089,179085,0,0,0,0,0
2020-02-19,Sierra,091,2930,0,0,0,0,0
2020-02-19,Siskiyou,093,43540,0,0,0,0,0
2020-02-19,Solano,095,438530,5,7,0,7,0
2020-02-19,Sonoma,097,501317,2,0,0,0,0
2020-02-19,Stanislaus,099,539301,1,0,2,2,0
2020-02-19,Sutter,101,95872,0,0,0,0,0
2020-02-19,Tehama,103,63373,0,0,0,0,0
2020-02-19,Trinity,105,12862,0,0,0,0,0
2020-02-19,Tulare,107,460477,2,0,0,0,0
2020-02-19,Tuolumne,109,53932,0,0,0,0,0
2020-02-19,Ventura,111,848112,2,0,0,0,0
2020-02-19,Yolo,113,214977,1,0,0,0,0
2020-02-19,Yuba,115,75493,0,0,0,0,0
2020-02-18,Alameda,001,1643700,6,0,0,0,0
2020-02-18,Alpine,003,1148,0,0,0,0,0
2020-02-18,Amador,005,37829,0,0,0,0,0
2020-02-18,Butte,007,227075,0,0,0,0,0
2020-02-18,Calaveras,009,45235,0,0,0,0,0
2020-02-18,Colusa,011,21464,0,0,0,0,0
2020-02-18,Contra Costa,013,1133247,3,0,0,0,0
2020-02-18,Del Norte,015,27424,0,0,0,0,0
2020-02-18,El Dorado,017,186661,0,0,0,0,0
2020-02-18,Fresno,019,978130,0,0,0,0,0
2020-02-18,Glenn,021,27897,0,0,0,0,0
2020-02-18,Humboldt,023,135768,1,0,0,0,0
2020-02-18,Imperial,025,180216,1,0,0,0,0
2020-02-18,Inyo,027,18085,0,0,0,0,0
2020-02-18,Kern,029,883053,2,0,0,0,0
2020-02-18,Kings,031,150075,2,0,1,1,0
2020-02-18,Lake,033,64148,0,0,0,0,0
2020-02-18,Lassen,035,31185,0,0,0,0,0
2020-02-18,Los Angeles,037,10098052,45,1,8,9,0
2020-02-18,Madera,039,155013,0,0,0,0,0
2020-02-18,Marin,041,260295,0,0,0,0,0
2020-02-18,Mariposa,043,17540,0,0,0,0,0
2020-02-18,Mendocino,045,87422,0,0,0,0,0
2020-02-18,Merced,047,269075,0,0,0,0,0
2020-02-18,Modoc,049,8938,0,0,0,0,0
2020-02-18,Mono,051,14174,0,0,0,0,0
2020-02-18,Monterey,053,433212,0,0,0,0,0
2020-02-18,Napa,055,140530,0,0,0,0,0
2020-02-18,Nevada,057,99092,0,0,1,1,0
2020-02-18,Orange,059,3164182,41,1,0,1,0
2020-02-18,Placer,061,380077,0,0,0,0,0
2020-02-18,Plumas,063,18699,0,0,0,0,0
2020-02-18,Riverside,065,2383286,5,0,0,0,0
2020-02-18,Sacramento,067,1510023,2,0,0,0,0
2020-02-18,San Benito,069,59416,0,2,0,2,0
2020-02-18,San Bernardino,071,2135413,13,0,0,0,0
2020-02-18,San Diego,073,3302833,4,2,0,2,0
2020-02-18,San Francisco,075,870044,2,0,0,0,0
2020-02-18,San Joaquin,077,732212,1,0,1,1,0
2020-02-18,San Luis Obispo,079,281455,2,0,0,0,0
2020-02-18,San Mateo,081,765935,5,0,0,0,0
2020-02-18,Santa Barbara,083,443738,0,0,0,0,0
2020-02-18,Santa Clara,085,1922200,14,2,1,3,0
2020-02-18,Santa Cruz,087,273765,0,0,0,0,0
2020-02-18,Shasta,089,179085,0,0,0,0,0
2020-02-18,Sierra,091,2930,0,0,0,0,0
2020-02-18,Siskiyou,093,43540,0,0,0,0,0
2020-02-18,Solano,095,438530,5,7,0,7,0
2020-02-18,Sonoma,097,501317,1,0,0,0,0
2020-02-18,Stanislaus,099,539301,1,0,2,2,0
2020-02-18,Sutter,101,95872,0,0,0,0,0
2020-02-18,Tehama,103,63373,0,0,0,0,0
2020-02-18,Trinity,105,12862,0,0,0,0,0
2020-02-18,Tulare,107,460477,2,0,0,0,0
2020-02-18,Tuolumne,109,53932,0,0,0,0,0
2020-02-18,Ventura,111,848112,2,0,0,0,0
2020-02-18,Yolo,113,214977,1,0,0,0,0
2020-02-18,Yuba,115,75493,0,0,0,0,0
2020-02-17,Alameda,001,1643700,6,0,0,0,0
2020-02-17,Alpine,003,1148,0,0,0,0,0
2020-02-17,Amador,005,37829,0,0,0,0,0
2020-02-17,Butte,007,227075,0,0,0,0,0
2020-02-17,Calaveras,009,45235,0,0,0,0,0
2020-02-17,Colusa,011,21464,0,0,0,0,0
2020-02-17,Contra Costa,013,1133247,3,0,0,0,0
2020-02-17,Del Norte,015,27424,0,0,0,0,0
2020-02-17,El Dorado,017,186661,0,0,0,0,0
2020-02-17,Fresno,019,978130,0,0,0,0,0
2020-02-17,Glenn,021,27897,0,0,0,0,0
2020-02-17,Humboldt,023,135768,1,0,0,0,0
2020-02-17,Imperial,025,180216,1,0,0,0,0
2020-02-17,Inyo,027,18085,0,0,0,0,0
2020-02-17,Kern,029,883053,2,0,0,0,0
2020-02-17,Kings,031,150075,2,0,0,0,0
2020-02-17,Lake,033,64148,0,0,0,0,0
2020-02-17,Lassen,035,31185,0,0,0,0,0
2020-02-17,Los Angeles,037,10098052,42,1,7,8,0
2020-02-17,Madera,039,155013,0,0,0,0,0
2020-02-17,Marin,041,260295,0,0,0,0,0
2020-02-17,Mariposa,043,17540,0,0,0,0,0
2020-02-17,Mendocino,045,87422,0,0,0,0,0
2020-02-17,Merced,047,269075,0,0,0,0,0
2020-02-17,Modoc,049,8938,0,0,0,0,0
2020-02-17,Mono,051,14174,0,0,0,0,0
2020-02-17,Monterey,053,433212,0,0,0,0,0
2020-02-17,Napa,055,140530,0,0,0,0,0
2020-02-17,Nevada,057,99092,0,0,1,1,0
2020-02-17,Orange,059,3164182,41,1,0,1,0
2020-02-17,Placer,061,380077,0,0,0,0,0
2020-02-17,Plumas,063,18699,0,0,0,0,0
2020-02-17,Riverside,065,2383286,5,0,0,0,0
2020-02-17,Sacramento,067,1510023,2,0,0,0,0
2020-02-17,San Benito,069,59416,0,2,0,2,0
2020-02-17,San Bernardino,071,2135413,11,0,0,0,0
2020-02-17,San Diego,073,3302833,4,2,0,2,0
2020-02-17,San Francisco,075,870044,2,0,0,0,0
2020-02-17,San Joaquin,077,732212,1,0,1,1,0
2020-02-17,San Luis Obispo,079,281455,1,0,0,0,0
2020-02-17,San Mateo,081,765935,5,0,0,0,0
2020-02-17,Santa Barbara,083,443738,0,0,0,0,0
2020-02-17,Santa Clara,085,1922200,12,2,1,3,0
2020-02-17,Santa Cruz,087,273765,0,0,0,0,0
2020-02-17,Shasta,089,179085,0,0,0,0,0
2020-02-17,Sierra,091,2930,0,0,0,0,0
2020-02-17,Siskiyou,093,43540,0,0,0,0,0
2020-02-17,Solano,095,438530,3,5,0,5,0
2020-02-17,Sonoma,097,501317,1,0,0,0,0
2020-02-17,Stanislaus,099,539301,1,0,2,2,0
2020-02-17,Sutter,101,95872,0,0,0,0,0
2020-02-17,Tehama,103,63373,0,0,0,0,0
2020-02-17,Trinity,105,12862,0,0,0,0,0
2020-02-17,Tulare,107,460477,2,0,0,0,0
2020-02-17,Tuolumne,109,53932,0,0,0,0,0
2020-02-17,Ventura,111,848112,2,0,0,0,0
2020-02-17,Yolo,113,214977,1,0,0,0,0
2020-02-17,Yuba,115,75493,0,0,0,0,0
2020-02-16,Alameda,001,1643700,5,0,0,0,0
2020-02-16,Alpine,003,1148,0,0,0,0,0
2020-02-16,Amador,005,37829,0,0,0,0,0
2020-02-16,Butte,007,227075,0,0,0,0,0
2020-02-16,Calaveras,009,45235,0,0,0,0,0
2020-02-16,Colusa,011,21464,0,0,0,0,0
2020-02-16,Contra Costa,013,1133247,3,0,0,0,0
2020-02-16,Del Norte,015,27424,0,0,0,0,0
2020-02-16,El Dorado,017,186661,0,0,0,0,0
2020-02-16,Fresno,019,978130,0,0,0,0,0
2020-02-16,Glenn,021,27897,0,0,0,0,0
2020-02-16,Humboldt,023,135768,1,0,0,0,0
2020-02-16,Imperial,025,180216,1,0,0,0,0
2020-02-16,Inyo,027,18085,0,0,0,0,0
2020-02-16,Kern,029,883053,2,0,0,0,0
2020-02-16,Kings,031,150075,2,0,0,0,0
2020-02-16,Lake,033,64148,0,0,0,0,0
2020-02-16,Lassen,035,31185,0,0,0,0,0
2020-02-16,Los Angeles,037,10098052,36,1,7,8,0
2020-02-16,Madera,039,155013,0,0,0,0,0
2020-02-16,Marin,041,260295,0,0,0,0,0
2020-02-16,Mariposa,043,17540,0,0,0,0,0
2020-02-16,Mendocino,045,87422,0,0,0,0,0
2020-02-16,Merced,047,269075,0,0,0,0,0
2020-02-16,Modoc,049,8938,0,0,0,0,0
2020-02-16,Mono,051,14174,0,0,0,0,0
2020-02-16,Monterey,053,433212,0,0,0,0,0
2020-02-16,Napa,055,140530,0,0,0,0,0
2020-02-16,Nevada,057,99092,0,0,0,0,0
2020-02-16,Orange,059,3164182,40,1,0,1,0
2020-02-16,Placer,061,380077,0,0,0,0,0
2020-02-16,Plumas,063,18699,0,0,0,0,0
2020-02-16,Riverside,065,2383286,5,0,0,0,0
2020-02-16,Sacramento,067,1510023,2,0,0,0,0
2020-02-16,San Benito,069,59416,0,2,0,2,0
2020-02-16,San Bernardino,071,2135413,10,0,0,0,0
2020-02-16,San Diego,073,3302833,4,2,0,2,0
2020-02-16,San Francisco,075,870044,2,0,0,0,0
2020-02-16,San Joaquin,077,732212,1,0,1,1,0
2020-02-16,San Luis Obispo,079,281455,1,0,0,0,0
2020-02-16,San Mateo,081,765935,4,0,0,0,0
2020-02-16,Santa Barbara,083,443738,0,0,0,0,0
2020-02-16,Santa Clara,085,1922200,10,2,1,3,0
2020-02-16,Santa Cruz,087,273765,0,0,0,0,0
2020-02-16,Shasta,089,179085,0,0,0,0,0
2020-02-16,Sierra,091,2930,0,0,0,0,0
2020-02-16,Siskiyou,093,43540,0,0,0,0,0
2020-02-16,Solano,095,438530,1,0,0,0,0
2020-02-16,Sonoma,097,501317,1,0,0,0,0
2020-02-16,Stanislaus,099,539301,1,0,2,2,0
2020-02-16,Sutter,101,95872,0,0,0,0,0
2020-02-16,Tehama,103,63373,0,0,0,0,0
2020-02-16,Trinity,105,12862,0,0,0,0,0
2020-02-16,Tulare,107,460477,2,0,0,0,0
2020-02-16,Tuolumne,109,53932,0,0,0,0,0
2020-02-16,Ventura,111,848112,2,0,0,0,0
2020-02-16,Yolo,113,214977,1,0,0,0,0
2020-02-16,Yuba,115,75493,0,0,0,0,0
2020-02-15,Alameda,001,1643700,5,0,0,0,0
2020-02-15,Alpine,003,1148,0,0,0,0,0
2020-02-15,Amador,005,37829,0,0,0,0,0
2020-02-15,Butte,007,227075,0,0,0,0,0
2020-02-15,Calaveras,009,45235,0,0,0,0,0
2020-02-15,Colusa,011,21464,0,0,0,0,0
2020-02-15,Contra Costa,013,1133247,3,0,0,0,0
2020-02-15,Del Norte,015,27424,0,0,0,0,0
2020-02-15,El Dorado,017,186661,0,0,0,0,0
2020-02-15,Fresno,019,978130,0,0,0,0,0
2020-02-15,Glenn,021,27897,0,0,0,0,0
2020-02-15,Humboldt,023,135768,1,0,0,0,0
2020-02-15,Imperial,025,180216,1,0,0,0,0
2020-02-15,Inyo,027,18085,0,0,0,0,0
2020-02-15,Kern,029,883053,2,0,0,0,0
2020-02-15,Kings,031,150075,2,0,0,0,0
2020-02-15,Lake,033,64148,0,0,0,0,0
2020-02-15,Lassen,035,31185,0,0,0,0,0
2020-02-15,Los Angeles,037,10098052,33,1,7,8,0
2020-02-15,Madera,039,155013,0,0,0,0,0
2020-02-15,Marin,041,260295,0,0,0,0,0
2020-02-15,Mariposa,043,17540,0,0,0,0,0
2020-02-15,Mendocino,045,87422,0,0,0,0,0
2020-02-15,Merced,047,269075,0,0,0,0,0
2020-02-15,Modoc,049,8938,0,0,0,0,0
2020-02-15,Mono,051,14174,0,0,0,0,0
2020-02-15,Monterey,053,433212,0,0,0,0,0
2020-02-15,Napa,055,140530,0,0,0,0,0
2020-02-15,Nevada,057,99092,0,0,0,0,0
2020-02-15,Orange,059,3164182,39,1,0,1,0
2020-02-15,Placer,061,380077,0,0,0,0,0
2020-02-15,Plumas,063,18699,0,0,0,0,0
2020-02-15,Riverside,065,2383286,4,0,0,0,0
2020-02-15,Sacramento,067,1510023,2,0,0,0,0
2020-02-15,San Benito,069,59416,0,2,0,2,0
2020-02-15,San Bernardino,071,2135413,9,0,0,0,0
2020-02-15,San Diego,073,3302833,4,2,0,2,0
2020-02-15,San Francisco,075,870044,2,0,0,0,0
2020-02-15,San Joaquin,077,732212,1,0,1,1,0
2020-02-15,San Luis Obispo,079,281455,1,0,0,0,0
2020-02-15,San Mateo,081,765935,4,0,0,0,0
2020-02-15,Santa Barbara,083,443738,0,0,0,0,0
2020-02-15,Santa Clara,085,1922200,10,2,1,3,0
2020-02-15,Santa Cruz,087,273765,0,0,0,0,0
2020-02-15,Shasta,089,179085,0,0,0,0,0
2020-02-15,Sierra,091,2930,0,0,0,0,0
2020-02-15,Siskiyou,093,43540,0,0,0,0,0
2020-02-15,Solano,095,438530,1,0,0,0,0
2020-02-15,Sonoma,097,501317,0,0,0,0,0
2020-02-15,Stanislaus,099,539301,1,0,2,2,0
2020-02-15,Sutter,101,95872,0,0,0,0,0
2020-02-15,Tehama,103,63373,0,0,0,0,0
2020-02-15,Trinity,105,12862,0,0,0,0,0
2020-02-15,Tulare,107,460477,2,0,0,0,0
2020-02-15,Tuolumne,109,53932,0,0,0,0,0
2020-02-15,Ventura,111,848112,2,0,0,0,0
2020-02-15,Yolo,113,214977,1,0,0,0,0
2020-02-15,Yuba,115,75493,0,0,0,0,0
2020-02-14,Alameda,001,1643700,4,0,0,0,0
2020-02-14,Alpine,003,1148,0,0,0,0,0
2020-02-14,Amador,005,37829,0,0,0,0,0
2020-02-14,Butte,007,227075,0,0,0,0,0
2020-02-14,Calaveras,009,45235,0,0,0,0,0
2020-02-14,Colusa,011,21464,0,0,0,0,0
2020-02-14,Contra Costa,013,1133247,3,0,0,0,0
2020-02-14,Del Norte,015,27424,0,0,0,0,0
2020-02-14,El Dorado,017,186661,0,0,0,0,0
2020-02-14,Fresno,019,978130,0,0,0,0,0
2020-02-14,Glenn,021,27897,0,0,0,0,0
2020-02-14,Humboldt,023,135768,1,0,0,0,0
2020-02-14,Imperial,025,180216,1,0,0,0,0
2020-02-14,Inyo,027,18085,0,0,0,0,0
2020-02-14,Kern,029,883053,2,0,0,0,0
2020-02-14,Kings,031,150075,1,0,0,0,0
2020-02-14,Lake,033,64148,0,0,0,0,0
2020-02-14,Lassen,035,31185,0,0,0,0,0
2020-02-14,Los Angeles,037,10098052,28,1,7,8,0
2020-02-14,Madera,039,155013,0,0,0,0,0
2020-02-14,Marin,041,260295,0,0,0,0,0
2020-02-14,Mariposa,043,17540,0,0,0,0,0
2020-02-14,Mendocino,045,87422,0,0,0,0,0
2020-02-14,Merced,047,269075,0,0,0,0,0
2020-02-14,Modoc,049,8938,0,0,0,0,0
2020-02-14,Mono,051,14174,0,0,0,0,0
2020-02-14,Monterey,053,433212,0,0,0,0,0
2020-02-14,Napa,055,140530,0,0,0,0,0
2020-02-14,Nevada,057,99092,0,0,0,0,0
2020-02-14,Orange,059,3164182,39,1,0,1,0
2020-02-14,Placer,061,380077,0,0,0,0,0
2020-02-14,Plumas,063,18699,0,0,0,0,0
2020-02-14,Riverside,065,2383286,4,0,0,0,0
2020-02-14,Sacramento,067,1510023,1,0,0,0,0
2020-02-14,San Benito,069,59416,0,2,0,2,0
2020-02-14,San Bernardino,071,2135413,9,0,0,0,0
2020-02-14,San Diego,073,3302833,3,2,0,2,0
2020-02-14,San Francisco,075,870044,2,0,0,0,0
2020-02-14,San Joaquin,077,732212,1,0,1,1,0
2020-02-14,San Luis Obispo,079,281455,0,0,0,0,0
2020-02-14,San Mateo,081,765935,3,0,0,0,0
2020-02-14,Santa Barbara,083,443738,0,0,0,0,0
2020-02-14,Santa Clara,085,1922200,8,2,1,3,0
2020-02-14,Santa Cruz,087,273765,0,0,0,0,0
2020-02-14,Shasta,089,179085,0,0,0,0,0
2020-02-14,Sierra,091,2930,0,0,0,0,0
2020-02-14,Siskiyou,093,43540,0,0,0,0,0
2020-02-14,Solano,095,438530,1,0,0,0,0
2020-02-14,Sonoma,097,501317,0,0,0,0,0
2020-02-14,Stanislaus,099,539301,1,0,2,2,0
2020-02-14,Sutter,101,95872,0,0,0,0,0
2020-02-14,Tehama,103,63373,0,0,0,0,0
2020-02-14,Trinity,105,12862,0,0,0,0,0
2020-02-14,Tulare,107,460477,2,0,0,0,0
2020-02-14,Tuolumne,109,53932,0,0,0,0,0
2020-02-14,Ventura,111,848112,2,0,0,0,0
2020-02-14,Yolo,113,214977,1,0,0,0,0
2020-02-14,Yuba,115,75493,0,0,0,0,0
2020-02-13,Alameda,001,1643700,4,0,0,0,0
2020-02-13,Alpine,003,1148,0,0,0,0,0
2020-02-13,Amador,005,37829,0,0,0,0,0
2020-02-13,Butte,007,227075,0,0,0,0,0
2020-02-13,Calaveras,009,45235,0,0,0,0,0
2020-02-13,Colusa,011,21464,0,0,0,0,0
2020-02-13,Contra Costa,013,1133247,3,0,0,0,0
2020-02-13,Del Norte,015,27424,0,0,0,0,0
2020-02-13,El Dorado,017,186661,0,0,0,0,0
2020-02-13,Fresno,019,978130,0,0,0,0,0
2020-02-13,Glenn,021,27897,0,0,0,0,0
2020-02-13,Humboldt,023,135768,1,0,0,0,0
2020-02-13,Imperial,025,180216,1,0,0,0,0
2020-02-13,Inyo,027,18085,0,0,0,0,0
2020-02-13,Kern,029,883053,2,0,0,0,0
2020-02-13,Kings,031,150075,1,0,0,0,0
2020-02-13,Lake,033,64148,0,0,0,0,0
2020-02-13,Lassen,035,31185,0,0,0,0,0
2020-02-13,Los Angeles,037,10098052,24,1,6,7,0
2020-02-13,Madera,039,155013,0,0,0,0,0
2020-02-13,Marin,041,260295,0,0,0,0,0
2020-02-13,Mariposa,043,17540,0,0,0,0,0
2020-02-13,Mendocino,045,87422,0,0,0,0,0
2020-02-13,Merced,047,269075,0,0,0,0,0
2020-02-13,Modoc,049,8938,0,0,0,0,0
2020-02-13,Mono,051,14174,0,0,0,0,0
2020-02-13,Monterey,053,433212,0,0,0,0,0
2020-02-13,Napa,055,140530,0,0,0,0,0
2020-02-13,Nevada,057,99092,0,0,0,0,0
2020-02-13,Orange,059,3164182,38,1,0,1,0
2020-02-13,Placer,061,380077,0,0,0,0,0
2020-02-13,Plumas,063,18699,0,0,0,0,0
2020-02-13,Riverside,065,2383286,4,0,0,0,0
2020-02-13,Sacramento,067,1510023,1,0,0,0,0
2020-02-13,San Benito,069,59416,0,2,0,2,0
2020-02-13,San Bernardino,071,2135413,8,0,0,0,0
2020-02-13,San Diego,073,3302833,2,2,0,2,0
2020-02-13,San Francisco,075,870044,2,0,0,0,0
2020-02-13,San Joaquin,077,732212,1,0,1,1,0
2020-02-13,San Luis Obispo,079,281455,0,0,0,0,0
2020-02-13,San Mateo,081,765935,2,0,0,0,0
2020-02-13,Santa Barbara,083,443738,0,0,0,0,0
2020-02-13,Santa Clara,085,1922200,7,2,0,2,0
2020-02-13,Santa Cruz,087,273765,0,0,0,0,0
2020-02-13,Shasta,089,179085,0,0,0,0,0
2020-02-13,Sierra,091,2930,0,0,0,0,0
2020-02-13,Siskiyou,093,43540,0,0,0,0,0
2020-02-13,Solano,095,438530,0,0,0,0,0
2020-02-13,Sonoma,097,501317,0,0,0,0,0
2020-02-13,Stanislaus,099,539301,1,0,1,1,0
2020-02-13,Sutter,101,95872,0,0,0,0,0
2020-02-13,Tehama,103,63373,0,0,0,0,0
2020-02-13,Trinity,105,12862,0,0,0,0,0
2020-02-13,Tulare,107,460477,2,0,0,0,0
2020-02-13,Tuolumne,109,53932,0,0,0,0,0
2020-02-13,Ventura,111,848112,2,0,0,0,0
2020-02-13,Yolo,113,214977,1,0,0,0,0
2020-02-13,Yuba,115,75493,0,0,0,0,0
2020-02-12,Alameda,001,1643700,4,0,0,0,0
2020-02-12,Alpine,003,1148,0,0,0,0,0
2020-02-12,Amador,005,37829,0,0,0,0,0
2020-02-12,Butte,007,227075,0,0,0,0,0
2020-02-12,Calaveras,009,45235,0,0,0,0,0
2020-02-12,Colusa,011,21464,0,0,0,0,0
2020-02-12,Contra Costa,013,1133247,3,0,0,0,0
2020-02-12,Del Norte,015,27424,0,0,0,0,0
2020-02-12,El Dorado,017,186661,0,0,0,0,0
2020-02-12,Fresno,019,978130,0,0,0,0,0
2020-02-12,Glenn,021,27897,0,0,0,0,0
2020-02-12,Humboldt,023,135768,1,0,0,0,0
2020-02-12,Imperial,025,180216,1,0,0,0,0
2020-02-12,Inyo,027,18085,0,0,0,0,0
2020-02-12,Kern,029,883053,2,0,0,0,0
2020-02-12,Kings,031,150075,1,0,0,0,0
2020-02-12,Lake,033,64148,0,0,0,0,0
2020-02-12,Lassen,035,31185,0,0,0,0,0
2020-02-12,Los Angeles,037,10098052,23,1,6,7,0
2020-02-12,Madera,039,155013,0,0,0,0,0
2020-02-12,Marin,041,260295,0,0,0,0,0
2020-02-12,Mariposa,043,17540,0,0,0,0,0
2020-02-12,Mendocino,045,87422,0,0,0,0,0
2020-02-12,Merced,047,269075,0,0,0,0,0
2020-02-12,Modoc,049,8938,0,0,0,0,0
2020-02-12,Mono,051,14174,0,0,0,0,0
2020-02-12,Monterey,053,433212,0,0,0,0,0
2020-02-12,Napa,055,140530,0,0,0,0,0
2020-02-12,Nevada,057,99092,0,0,0,0,0
2020-02-12,Orange,059,3164182,38,1,0,1,0
2020-02-12,Placer,061,380077,0,0,0,0,0
2020-02-12,Plumas,063,18699,0,0,0,0,0
2020-02-12,Riverside,065,2383286,4,0,0,0,0
2020-02-12,Sacramento,067,1510023,1,0,0,0,0
2020-02-12,San Benito,069,59416,0,2,0,2,0
2020-02-12,San Bernardino,071,2135413,8,0,0,0,0
2020-02-12,San Diego,073,3302833,2,2,0,2,0
2020-02-12,San Francisco,075,870044,2,0,0,0,0
2020-02-12,San Joaquin,077,732212,1,0,1,1,0
2020-02-12,San Luis Obispo,079,281455,0,0,0,0,0
2020-02-12,San Mateo,081,765935,2,0,0,0,0
2020-02-12,Santa Barbara,083,443738,0,0,0,0,0
2020-02-12,Santa Clara,085,1922200,6,2,0,2,0
2020-02-12,Santa Cruz,087,273765,0,0,0,0,0
2020-02-12,Shasta,089,179085,0,0,0,0,0
2020-02-12,Sierra,091,2930,0,0,0,0,0
2020-02-12,Siskiyou,093,43540,0,0,0,0,0
2020-02-12,Solano,095,438530,0,0,0,0,0
2020-02-12,Sonoma,097,501317,0,0,0,0,0
2020-02-12,Stanislaus,099,539301,1,0,1,1,0
2020-02-12,Sutter,101,95872,0,0,0,0,0
2020-02-12,Tehama,103,63373,0,0,0,0,0
2020-02-12,Trinity,105,12862,0,0,0,0,0
2020-02-12,Tulare,107,460477,2,0,0,0,0
2020-02-12,Tuolumne,109,53932,0,0,0,0,0
2020-02-12,Ventura,111,848112,2,0,0,0,0
2020-02-12,Yolo,113,214977,1,0,0,0,0
2020-02-12,Yuba,115,75493,0,0,0,0,0
2020-02-11,Alameda,001,1643700,4,0,0,0,0
2020-02-11,Alpine,003,1148,0,0,0,0,0
2020-02-11,Amador,005,37829,0,0,0,0,0
2020-02-11,Butte,007,227075,0,0,0,0,0
2020-02-11,Calaveras,009,45235,0,0,0,0,0
2020-02-11,Colusa,011,21464,0,0,0,0,0
2020-02-11,Contra Costa,013,1133247,3,0,0,0,0
2020-02-11,Del Norte,015,27424,0,0,0,0,0
2020-02-11,El Dorado,017,186661,0,0,0,0,0
2020-02-11,Fresno,019,978130,0,0,0,0,0
2020-02-11,Glenn,021,27897,0,0,0,0,0
2020-02-11,Humboldt,023,135768,1,0,0,0,0
2020-02-11,Imperial,025,180216,1,0,0,0,0
2020-02-11,Inyo,027,18085,0,0,0,0,0
2020-02-11,Kern,029,883053,2,0,0,0,0
2020-02-11,Kings,031,150075,1,0,0,0,0
2020-02-11,Lake,033,64148,0,0,0,0,0
2020-02-11,Lassen,035,31185,0,0,0,0,0
2020-02-11,Los Angeles,037,10098052,23,1,6,7,0
2020-02-11,Madera,039,155013,0,0,0,0,0
2020-02-11,Marin,041,260295,0,0,0,0,0
2020-02-11,Mariposa,043,17540,0,0,0,0,0
2020-02-11,Mendocino,045,87422,0,0,0,0,0
2020-02-11,Merced,047,269075,0,0,0,0,0
2020-02-11,Modoc,049,8938,0,0,0,0,0
2020-02-11,Mono,051,14174,0,0,0,0,0
2020-02-11,Monterey,053,433212,0,0,0,0,0
2020-02-11,Napa,055,140530,0,0,0,0,0
2020-02-11,Nevada,057,99092,0,0,0,0,0
2020-02-11,Orange,059,3164182,37,1,0,1,0
2020-02-11,Placer,061,380077,0,0,0,0,0
2020-02-11,Plumas,063,18699,0,0,0,0,0
2020-02-11,Riverside,065,2383286,4,0,0,0,0
2020-02-11,Sacramento,067,1510023,1,0,0,0,0
2020-02-11,San Benito,069,59416,0,2,0,2,0
2020-02-11,San Bernardino,071,2135413,8,0,0,0,0
2020-02-11,San Diego,073,3302833,2,1,0,1,0
2020-02-11,San Francisco,075,870044,2,0,0,0,0
2020-02-11,San Joaquin,077,732212,0,0,1,1,0
2020-02-11,San Luis Obispo,079,281455,0,0,0,0,0
2020-02-11,San Mateo,081,765935,2,0,0,0,0
2020-02-11,Santa Barbara,083,443738,0,0,0,0,0
2020-02-11,Santa Clara,085,1922200,5,2,0,2,0
2020-02-11,Santa Cruz,087,273765,0,0,0,0,0
2020-02-11,Shasta,089,179085,0,0,0,0,0
2020-02-11,Sierra,091,2930,0,0,0,0,0
2020-02-11,Siskiyou,093,43540,0,0,0,0,0
2020-02-11,Solano,095,438530,0,0,0,0,0
2020-02-11,Sonoma,097,501317,0,0,0,0,0
2020-02-11,Stanislaus,099,539301,1,0,1,1,0
2020-02-11,Sutter,101,95872,0,0,0,0,0
2020-02-11,Tehama,103,63373,0,0,0,0,0
2020-02-11,Trinity,105,12862,0,0,0,0,0
2020-02-11,Tulare,107,460477,2,0,0,0,0
2020-02-11,Tuolumne,109,53932,0,0,0,0,0
2020-02-11,Ventura,111,848112,2,0,0,0,0
2020-02-11,Yolo,113,214977,1,0,0,0,0
2020-02-11,Yuba,115,75493,0,0,0,0,0
2020-02-10,Alameda,001,1643700,4,0,0,0,0
2020-02-10,Alpine,003,1148,0,0,0,0,0
2020-02-10,Amador,005,37829,0,0,0,0,0
2020-02-10,Butte,007,227075,0,0,0,0,0
2020-02-10,Calaveras,009,45235,0,0,0,0,0
2020-02-10,Colusa,011,21464,0,0,0,0,0
2020-02-10,Contra Costa,013,1133247,3,0,0,0,0
2020-02-10,Del Norte,015,27424,0,0,0,0,0
2020-02-10,El Dorado,017,186661,0,0,0,0,0
2020-02-10,Fresno,019,978130,0,0,0,0,0
2020-02-10,Glenn,021,27897,0,0,0,0,0
2020-02-10,Humboldt,023,135768,0,0,0,0,0
2020-02-10,Imperial,025,180216,1,0,0,0,0
2020-02-10,Inyo,027,18085,0,0,0,0,0
2020-02-10,Kern,029,883053,2,0,0,0,0
2020-02-10,Kings,031,150075,1,0,0,0,0
2020-02-10,Lake,033,64148,0,0,0,0,0
2020-02-10,Lassen,035,31185,0,0,0,0,0
2020-02-10,Los Angeles,037,10098052,21,1,6,7,0
2020-02-10,Madera,039,155013,0,0,0,0,0
2020-02-10,Marin,041,260295,0,0,0,0,0
2020-02-10,Mariposa,043,17540,0,0,0,0,0
2020-02-10,Mendocino,045,87422,0,0,0,0,0
2020-02-10,Merced,047,269075,0,0,0,0,0
2020-02-10,Modoc,049,8938,0,0,0,0,0
2020-02-10,Mono,051,14174,0,0,0,0,0
2020-02-10,Monterey,053,433212,0,0,0,0,0
2020-02-10,Napa,055,140530,0,0,0,0,0
2020-02-10,Nevada,057,99092,0,0,0,0,0
2020-02-10,Orange,059,3164182,37,1,0,1,0
2020-02-10,Placer,061,380077,0,0,0,0,0
2020-02-10,Plumas,063,18699,0,0,0,0,0
2020-02-10,Riverside,065,2383286,4,0,0,0,0
2020-02-10,Sacramento,067,1510023,1,0,0,0,0
2020-02-10,San Benito,069,59416,0,2,0,2,0
2020-02-10,San Bernardino,071,2135413,7,0,0,0,0
2020-02-10,San Diego,073,3302833,2,0,0,0,0
2020-02-10,San Francisco,075,870044,2,0,0,0,0
2020-02-10,San Joaquin,077,732212,0,0,1,1,0
2020-02-10,San Luis Obispo,079,281455,0,0,0,0,0
2020-02-10,San Mateo,081,765935,2,0,0,0,0
2020-02-10,Santa Barbara,083,443738,0,0,0,0,0
2020-02-10,Santa Clara,085,1922200,5,2,0,2,0
2020-02-10,Santa Cruz,087,273765,0,0,0,0,0
2020-02-10,Shasta,089,179085,0,0,0,0,0
2020-02-10,Sierra,091,2930,0,0,0,0,0
2020-02-10,Siskiyou,093,43540,0,0,0,0,0
2020-02-10,Solano,095,438530,0,0,0,0,0
2020-02-10,Sonoma,097,501317,0,0,0,0,0
2020-02-10,Stanislaus,099,539301,1,0,0,0,0
2020-02-10,Sutter,101,95872,0,0,0,0,0
2020-02-10,Tehama,103,63373,0,0,0,0,0
2020-02-10,Trinity,105,12862,0,0,0,0,0
2020-02-10,Tulare,107,460477,2,0,0,0,0
2020-02-10,Tuolumne,109,53932,0,0,0,0,0
2020-02-10,Ventura,111,848112,2,0,0,0,0
2020-02-10,Yolo,113,214977,1,0,0,0,0
2020-02-10,Yuba,115,75493,0,0,0,0,0
2020-02-09,Alameda,001,1643700,4,0,0,0,0
2020-02-09,Alpine,003,1148,0,0,0,0,0
2020-02-09,Amador,005,37829,0,0,0,0,0
2020-02-09,Butte,007,227075,0,0,0,0,0
2020-02-09,Calaveras,009,45235,0,0,0,0,0
2020-02-09,Colusa,011,21464,0,0,0,0,0
2020-02-09,Contra Costa,013,1133247,3,0,0,0,0
2020-02-09,Del Norte,015,27424,0,0,0,0,0
2020-02-09,El Dorado,017,186661,0,0,0,0,0
2020-02-09,Fresno,019,978130,0,0,0,0,0
2020-02-09,Glenn,021,27897,0,0,0,0,0
2020-02-09,Humboldt,023,135768,0,0,0,0,0
2020-02-09,Imperial,025,180216,1,0,0,0,0
2020-02-09,Inyo,027,18085,0,0,0,0,0
2020-02-09,Kern,029,883053,2,0,0,0,0
2020-02-09,Kings,031,150075,1,0,0,0,0
2020-02-09,Lake,033,64148,0,0,0,0,0
2020-02-09,Lassen,035,31185,0,0,0,0,0
2020-02-09,Los Angeles,037,10098052,20,1,6,7,0
2020-02-09,Madera,039,155013,0,0,0,0,0
2020-02-09,Marin,041,260295,0,0,0,0,0
2020-02-09,Mariposa,043,17540,0,0,0,0,0
2020-02-09,Mendocino,045,87422,0,0,0,0,0
2020-02-09,Merced,047,269075,0,0,0,0,0
2020-02-09,Modoc,049,8938,0,0,0,0,0
2020-02-09,Mono,051,14174,0,0,0,0,0
2020-02-09,Monterey,053,433212,0,0,0,0,0
2020-02-09,Napa,055,140530,0,0,0,0,0
2020-02-09,Nevada,057,99092,0,0,0,0,0
2020-02-09,Orange,059,3164182,36,1,0,1,0
2020-02-09,Placer,061,380077,0,0,0,0,0
2020-02-09,Plumas,063,18699,0,0,0,0,0
2020-02-09,Riverside,065,2383286,4,0,0,0,0
2020-02-09,Sacramento,067,1510023,0,0,0,0,0
2020-02-09,San Benito,069,59416,0,2,0,2,0
2020-02-09,San Bernardino,071,2135413,7,0,0,0,0
2020-02-09,San Diego,073,3302833,2,0,0,0,0
2020-02-09,San Francisco,075,870044,1,0,0,0,0
2020-02-09,San Joaquin,077,732212,0,0,1,1,0
2020-02-09,San Luis Obispo,079,281455,0,0,0,0,0
2020-02-09,San Mateo,081,765935,2,0,0,0,0
2020-02-09,Santa Barbara,083,443738,0,0,0,0,0
2020-02-09,Santa Clara,085,1922200,4,2,0,2,0
2020-02-09,Santa Cruz,087,273765,0,0,0,0,0
2020-02-09,Shasta,089,179085,0,0,0,0,0
2020-02-09,Sierra,091,2930,0,0,0,0,0
2020-02-09,Siskiyou,093,43540,0,0,0,0,0
2020-02-09,Solano,095,438530,0,0,0,0,0
2020-02-09,Sonoma,097,501317,0,0,0,0,0
2020-02-09,Stanislaus,099,539301,0,0,0,0,0
2020-02-09,Sutter,101,95872,0,0,0,0,0
2020-02-09,Tehama,103,63373,0,0,0,0,0
2020-02-09,Trinity,105,12862,0,0,0,0,0
2020-02-09,Tulare,107,460477,2,0,0,0,0
2020-02-09,Tuolumne,109,53932,0,0,0,0,0
2020-02-09,Ventura,111,848112,1,0,0,0,0
2020-02-09,Yolo,113,214977,1,0,0,0,0
2020-02-09,Yuba,115,75493,0,0,0,0,0
2020-02-08,Alameda,001,1643700,3,0,0,0,0
2020-02-08,Alpine,003,1148,0,0,0,0,0
2020-02-08,Amador,005,37829,0,0,0,0,0
2020-02-08,Butte,007,227075,0,0,0,0,0
2020-02-08,Calaveras,009,45235,0,0,0,0,0
2020-02-08,Colusa,011,21464,0,0,0,0,0
2020-02-08,Contra Costa,013,1133247,2,0,0,0,0
2020-02-08,Del Norte,015,27424,0,0,0,0,0
2020-02-08,El Dorado,017,186661,0,0,0,0,0
2020-02-08,Fresno,019,978130,0,0,0,0,0
2020-02-08,Glenn,021,27897,0,0,0,0,0
2020-02-08,Humboldt,023,135768,0,0,0,0,0
2020-02-08,Imperial,025,180216,1,0,0,0,0
2020-02-08,Inyo,027,18085,0,0,0,0,0
2020-02-08,Kern,029,883053,2,0,0,0,0
2020-02-08,Kings,031,150075,1,0,0,0,0
2020-02-08,Lake,033,64148,0,0,0,0,0
2020-02-08,Lassen,035,31185,0,0,0,0,0
2020-02-08,Los Angeles,037,10098052,17,1,3,4,0
2020-02-08,Madera,039,155013,0,0,0,0,0
2020-02-08,Marin,041,260295,0,0,0,0,0
2020-02-08,Mariposa,043,17540,0,0,0,0,0
2020-02-08,Mendocino,045,87422,0,0,0,0,0
2020-02-08,Merced,047,269075,0,0,0,0,0
2020-02-08,Modoc,049,8938,0,0,0,0,0
2020-02-08,Mono,051,14174,0,0,0,0,0
2020-02-08,Monterey,053,433212,0,0,0,0,0
2020-02-08,Napa,055,140530,0,0,0,0,0
2020-02-08,Nevada,057,99092,0,0,0,0,0
2020-02-08,Orange,059,3164182,36,1,0,1,0
2020-02-08,Placer,061,380077,0,0,0,0,0
2020-02-08,Plumas,063,18699,0,0,0,0,0
2020-02-08,Riverside,065,2383286,4,0,0,0,0
2020-02-08,Sacramento,067,1510023,0,0,0,0,0
2020-02-08,San Benito,069,59416,0,2,0,2,0
2020-02-08,San Bernardino,071,2135413,7,0,0,0,0
2020-02-08,San Diego,073,3302833,1,0,0,0,0
2020-02-08,San Francisco,075,870044,1,0,0,0,0
2020-02-08,San Joaquin,077,732212,0,0,1,1,0
2020-02-08,San Luis Obispo,079,281455,0,0,0,0,0
2020-02-08,San Mateo,081,765935,2,0,0,0,0
2020-02-08,Santa Barbara,083,443738,0,0,0,0,0
2020-02-08,Santa Clara,085,1922200,4,2,0,2,0
2020-02-08,Santa Cruz,087,273765,0,0,0,0,0
2020-02-08,Shasta,089,179085,0,0,0,0,0
2020-02-08,Sierra,091,2930,0,0,0,0,0
2020-02-08,Siskiyou,093,43540,0,0,0,0,0
2020-02-08,Solano,095,438530,0,0,0,0,0
2020-02-08,Sonoma,097,501317,0,0,0,0,0
2020-02-08,Stanislaus,099,539301,0,0,0,0,0
2020-02-08,Sutter,101,95872,0,0,0,0,0
2020-02-08,Tehama,103,63373,0,0,0,0,0
2020-02-08,Trinity,105,12862,0,0,0,0,0
2020-02-08,Tulare,107,460477,2,0,0,0,0
2020-02-08,Tuolumne,109,53932,0,0,0,0,0
2020-02-08,Ventura,111,848112,1,0,0,0,0
2020-02-08,Yolo,113,214977,1,0,0,0,0
2020-02-08,Yuba,115,75493,0,0,0,0,0
2020-02-07,Alameda,001,1643700,3,0,0,0,0
2020-02-07,Alpine,003,1148,0,0,0,0,0
2020-02-07,Amador,005,37829,0,0,0,0,0
2020-02-07,Butte,007,227075,0,0,0,0,0
2020-02-07,Calaveras,009,45235,0,0,0,0,0
2020-02-07,Colusa,011,21464,0,0,0,0,0
2020-02-07,Contra Costa,013,1133247,2,0,0,0,0
2020-02-07,Del Norte,015,27424,0,0,0,0,0
2020-02-07,El Dorado,017,186661,0,0,0,0,0
2020-02-07,Fresno,019,978130,0,0,0,0,0
2020-02-07,Glenn,021,27897,0,0,0,0,0
2020-02-07,Humboldt,023,135768,0,0,0,0,0
2020-02-07,Imperial,025,180216,1,0,0,0,0
2020-02-07,Inyo,027,18085,0,0,0,0,0
2020-02-07,Kern,029,883053,2,0,0,0,0
2020-02-07,Kings,031,150075,1,0,0,0,0
2020-02-07,Lake,033,64148,0,0,0,0,0
2020-02-07,Lassen,035,31185,0,0,0,0,0
2020-02-07,Los Angeles,037,10098052,16,1,2,3,0
2020-02-07,Madera,039,155013,0,0,0,0,0
2020-02-07,Marin,041,260295,0,0,0,0,0
2020-02-07,Mariposa,043,17540,0,0,0,0,0
2020-02-07,Mendocino,045,87422,0,0,0,0,0
2020-02-07,Merced,047,269075,0,0,0,0,0
2020-02-07,Modoc,049,8938,0,0,0,0,0
2020-02-07,Mono,051,14174,0,0,0,0,0
2020-02-07,Monterey,053,433212,0,0,0,0,0
2020-02-07,Napa,055,140530,0,0,0,0,0
2020-02-07,Nevada,057,99092,0,0,0,0,0
2020-02-07,Orange,059,3164182,34,1,0,1,0
2020-02-07,Placer,061,380077,0,0,0,0,0
2020-02-07,Plumas,063,18699,0,0,0,0,0
2020-02-07,Riverside,065,2383286,4,0,0,0,0
2020-02-07,Sacramento,067,1510023,0,0,0,0,0
2020-02-07,San Benito,069,59416,0,2,0,2,0
2020-02-07,San Bernardino,071,2135413,4,0,0,0,0
2020-02-07,San Diego,073,3302833,1,0,0,0,0
2020-02-07,San Francisco,075,870044,1,0,0,0,0
2020-02-07,San Joaquin,077,732212,0,0,1,1,0
2020-02-07,San Luis Obispo,079,281455,0,0,0,0,0
2020-02-07,San Mateo,081,765935,1,0,0,0,0
2020-02-07,Santa Barbara,083,443738,0,0,0,0,0
2020-02-07,Santa Clara,085,1922200,4,2,0,2,0
2020-02-07,Santa Cruz,087,273765,0,0,0,0,0
2020-02-07,Shasta,089,179085,0,0,0,0,0
2020-02-07,Sierra,091,2930,0,0,0,0,0
2020-02-07,Siskiyou,093,43540,0,0,0,0,0
2020-02-07,Solano,095,438530,0,0,0,0,0
2020-02-07,Sonoma,097,501317,0,0,0,0,0
2020-02-07,Stanislaus,099,539301,0,0,0,0,0
2020-02-07,Sutter,101,95872,0,0,0,0,0
2020-02-07,Tehama,103,63373,0,0,0,0,0
2020-02-07,Trinity,105,12862,0,0,0,0,0
2020-02-07,Tulare,107,460477,2,0,0,0,0
2020-02-07,Tuolumne,109,53932,0,0,0,0,0
2020-02-07,Ventura,111,848112,1,0,0,0,0
2020-02-07,Yolo,113,214977,1,0,0,0,0
2020-02-07,Yuba,115,75493,0,0,0,0,0
2020-02-06,Alameda,001,1643700,3,0,0,0,0
2020-02-06,Alpine,003,1148,0,0,0,0,0
2020-02-06,Amador,005,37829,0,0,0,0,0
2020-02-06,Butte,007,227075,0,0,0,0,0
2020-02-06,Calaveras,009,45235,0,0,0,0,0
2020-02-06,Colusa,011,21464,0,0,0,0,0
2020-02-06,Contra Costa,013,1133247,2,0,0,0,0
2020-02-06,Del Norte,015,27424,0,0,0,0,0
2020-02-06,El Dorado,017,186661,0,0,0,0,0
2020-02-06,Fresno,019,978130,0,0,0,0,0
2020-02-06,Glenn,021,27897,0,0,0,0,0
2020-02-06,Humboldt,023,135768,0,0,0,0,0
2020-02-06,Imperial,025,180216,1,0,0,0,0
2020-02-06,Inyo,027,18085,0,0,0,0,0
2020-02-06,Kern,029,883053,2,0,0,0,0
2020-02-06,Kings,031,150075,0,0,0,0,0
2020-02-06,Lake,033,64148,0,0,0,0,0
2020-02-06,Lassen,035,31185,0,0,0,0,0
2020-02-06,Los Angeles,037,10098052,15,1,2,3,0
2020-02-06,Madera,039,155013,0,0,0,0,0
2020-02-06,Marin,041,260295,0,0,0,0,0
2020-02-06,Mariposa,043,17540,0,0,0,0,0
2020-02-06,Mendocino,045,87422,0,0,0,0,0
2020-02-06,Merced,047,269075,0,0,0,0,0
2020-02-06,Modoc,049,8938,0,0,0,0,0
2020-02-06,Mono,051,14174,0,0,0,0,0
2020-02-06,Monterey,053,433212,0,0,0,0,0
2020-02-06,Napa,055,140530,0,0,0,0,0
2020-02-06,Nevada,057,99092,0,0,0,0,0
2020-02-06,Orange,059,3164182,4,1,0,1,0
2020-02-06,Placer,061,380077,0,0,0,0,0
2020-02-06,Plumas,063,18699,0,0,0,0,0
2020-02-06,Riverside,065,2383286,4,0,0,0,0
2020-02-06,Sacramento,067,1510023,0,0,0,0,0
2020-02-06,San Benito,069,59416,0,2,0,2,0
2020-02-06,San Bernardino,071,2135413,4,0,0,0,0
2020-02-06,San Diego,073,3302833,1,0,0,0,0
2020-02-06,San Francisco,075,870044,1,0,0,0,0
2020-02-06,San Joaquin,077,732212,0,0,1,1,0
2020-02-06,San Luis Obispo,079,281455,0,0,0,0,0
2020-02-06,San Mateo,081,765935,1,0,0,0,0
2020-02-06,Santa Barbara,083,443738,0,0,0,0,0
2020-02-06,Santa Clara,085,1922200,4,2,0,2,0
2020-02-06,Santa Cruz,087,273765,0,0,0,0,0
2020-02-06,Shasta,089,179085,0,0,0,0,0
2020-02-06,Sierra,091,2930,0,0,0,0,0
2020-02-06,Siskiyou,093,43540,0,0,0,0,0
2020-02-06,Solano,095,438530,0,0,0,0,0
2020-02-06,Sonoma,097,501317,0,0,0,0,0
2020-02-06,Stanislaus,099,539301,0,0,0,0,0
2020-02-06,Sutter,101,95872,0,0,0,0,0
2020-02-06,Tehama,103,63373,0,0,0,0,0
2020-02-06,Trinity,105,12862,0,0,0,0,0
2020-02-06,Tulare,107,460477,2,0,0,0,0
2020-02-06,Tuolumne,109,53932,0,0,0,0,0
2020-02-06,Ventura,111,848112,1,0,0,0,0
2020-02-06,Yolo,113,214977,1,0,0,0,0
2020-02-06,Yuba,115,75493,0,0,0,0,0
2020-02-05,Alameda,001,1643700,3,0,0,0,0
2020-02-05,Alpine,003,1148,0,0,0,0,0
2020-02-05,Amador,005,37829,0,0,0,0,0
2020-02-05,Butte,007,227075,0,0,0,0,0
2020-02-05,Calaveras,009,45235,0,0,0,0,0
2020-02-05,Colusa,011,21464,0,0,0,0,0
2020-02-05,Contra Costa,013,1133247,2,0,0,0,0
2020-02-05,Del Norte,015,27424,0,0,0,0,0
2020-02-05,El Dorado,017,186661,0,0,0,0,0
2020-02-05,Fresno,019,978130,0,0,0,0,0
2020-02-05,Glenn,021,27897,0,0,0,0,0
2020-02-05,Humboldt,023,135768,0,0,0,0,0
2020-02-05,Imperial,025,180216,1,0,0,0,0
2020-02-05,Inyo,027,18085,0,0,0,0,0
2020-02-05,Kern,029,883053,1,0,0,0,0
2020-02-05,Kings,031,150075,0,0,0,0,0
2020-02-05,Lake,033,64148,0,0,0,0,0
2020-02-05,Lassen,035,31185,0,0,0,0,0
2020-02-05,Los Angeles,037,10098052,15,1,1,2,0
2020-02-05,Madera,039,155013,0,0,0,0,0
2020-02-05,Marin,041,260295,0,0,0,0,0
2020-02-05,Mariposa,043,17540,0,0,0,0,0
2020-02-05,Mendocino,045,87422,0,0,0,0,0
2020-02-05,Merced,047,269075,0,0,0,0,0
2020-02-05,Modoc,049,8938,0,0,0,0,0
2020-02-05,Mono,051,14174,0,0,0,0,0
2020-02-05,Monterey,053,433212,0,0,0,0,0
2020-02-05,Napa,055,140530,0,0,0,0,0
2020-02-05,Nevada,057,99092,0,0,0,0,0
2020-02-05,Orange,059,3164182,2,1,0,1,0
2020-02-05,Placer,061,380077,0,0,0,0,0
2020-02-05,Plumas,063,18699,0,0,0,0,0
2020-02-05,Riverside,065,2383286,4,0,0,0,0
2020-02-05,Sacramento,067,1510023,0,0,0,0,0
2020-02-05,San Benito,069,59416,0,2,0,2,0
2020-02-05,San Bernardino,071,2135413,4,0,0,0,0
2020-02-05,San Diego,073,3302833,0,0,0,0,0
2020-02-05,San Francisco,075,870044,1,0,0,0,0
2020-02-05,San Joaquin,077,732212,0,0,1,1,0
2020-02-05,San Luis Obispo,079,281455,0,0,0,0,0
2020-02-05,San Mateo,081,765935,1,0,0,0,0
2020-02-05,Santa Barbara,083,443738,0,0,0,0,0
2020-02-05,Santa Clara,085,1922200,2,2,0,2,0
2020-02-05,Santa Cruz,087,273765,0,0,0,0,0
2020-02-05,Shasta,089,179085,0,0,0,0,0
2020-02-05,Sierra,091,2930,0,0,0,0,0
2020-02-05,Siskiyou,093,43540,0,0,0,0,0
2020-02-05,Solano,095,438530,0,0,0,0,0
2020-02-05,Sonoma,097,501317,0,0,0,0,0
2020-02-05,Stanislaus,099,539301,0,0,0,0,0
2020-02-05,Sutter,101,95872,0,0,0,0,0
2020-02-05,Tehama,103,63373,0,0,0,0,0
2020-02-05,Trinity,105,12862,0,0,0,0,0
2020-02-05,Tulare,107,460477,2,0,0,0,0
2020-02-05,Tuolumne,109,53932,0,0,0,0,0
2020-02-05,Ventura,111,848112,0,0,0,0,0
2020-02-05,Yolo,113,214977,1,0,0,0,0
2020-02-05,Yuba,115,75493,0,0,0,0,0
2020-02-04,Alameda,001,1643700,3,0,0,0,0
2020-02-04,Alpine,003,1148,0,0,0,0,0
2020-02-04,Amador,005,37829,0,0,0,0,0
2020-02-04,Butte,007,227075,0,0,0,0,0
2020-02-04,Calaveras,009,45235,0,0,0,0,0
2020-02-04,Colusa,011,21464,0,0,0,0,0
2020-02-04,Contra Costa,013,1133247,2,0,0,0,0
2020-02-04,Del Norte,015,27424,0,0,0,0,0
2020-02-04,El Dorado,017,186661,0,0,0,0,0
2020-02-04,Fresno,019,978130,0,0,0,0,0
2020-02-04,Glenn,021,27897,0,0,0,0,0
2020-02-04,Humboldt,023,135768,0,0,0,0,0
2020-02-04,Imperial,025,180216,1,0,0,0,0
2020-02-04,Inyo,027,18085,0,0,0,0,0
2020-02-04,Kern,029,883053,0,0,0,0,0
2020-02-04,Kings,031,150075,0,0,0,0,0
2020-02-04,Lake,033,64148,0,0,0,0,0
2020-02-04,Lassen,035,31185,0,0,0,0,0
2020-02-04,Los Angeles,037,10098052,15,1,1,2,0
2020-02-04,Madera,039,155013,0,0,0,0,0
2020-02-04,Marin,041,260295,0,0,0,0,0
2020-02-04,Mariposa,043,17540,0,0,0,0,0
2020-02-04,Mendocino,045,87422,0,0,0,0,0
2020-02-04,Merced,047,269075,0,0,0,0,0
2020-02-04,Modoc,049,8938,0,0,0,0,0
2020-02-04,Mono,051,14174,0,0,0,0,0
2020-02-04,Monterey,053,433212,0,0,0,0,0
2020-02-04,Napa,055,140530,0,0,0,0,0
2020-02-04,Nevada,057,99092,0,0,0,0,0
2020-02-04,Orange,059,3164182,2,1,0,1,0
2020-02-04,Placer,061,380077,0,0,0,0,0
2020-02-04,Plumas,063,18699,0,0,0,0,0
2020-02-04,Riverside,065,2383286,4,0,0,0,0
2020-02-04,Sacramento,067,1510023,0,0,0,0,0
2020-02-04,San Benito,069,59416,0,2,0,2,0
2020-02-04,San Bernardino,071,2135413,3,0,0,0,0
2020-02-04,San Diego,073,3302833,0,0,0,0,0
2020-02-04,San Francisco,075,870044,1,0,0,0,0
2020-02-04,San Joaquin,077,732212,0,0,1,1,0
2020-02-04,San Luis Obispo,079,281455,0,0,0,0,0
2020-02-04,San Mateo,081,765935,0,0,0,0,0
2020-02-04,Santa Barbara,083,443738,0,0,0,0,0
2020-02-04,Santa Clara,085,1922200,2,2,0,2,0
2020-02-04,Santa Cruz,087,273765,0,0,0,0,0
2020-02-04,Shasta,089,179085,0,0,0,0,0
2020-02-04,Sierra,091,2930,0,0,0,0,0
2020-02-04,Siskiyou,093,43540,0,0,0,0,0
2020-02-04,Solano,095,438530,0,0,0,0,0
2020-02-04,Sonoma,097,501317,0,0,0,0,0
2020-02-04,Stanislaus,099,539301,0,0,0,0,0
2020-02-04,Sutter,101,95872,0,0,0,0,0
2020-02-04,Tehama,103,63373,0,0,0,0,0
2020-02-04,Trinity,105,12862,0,0,0,0,0
2020-02-04,Tulare,107,460477,2,0,0,0,0
2020-02-04,Tuolumne,109,53932,0,0,0,0,0
2020-02-04,Ventura,111,848112,0,0,0,0,0
2020-02-04,Yolo,113,214977,1,0,0,0,0
2020-02-04,Yuba,115,75493,0,0,0,0,0
2020-02-03,Alameda,001,1643700,3,0,0,0,0
2020-02-03,Alpine,003,1148,0,0,0,0,0
2020-02-03,Amador,005,37829,0,0,0,0,0
2020-02-03,Butte,007,227075,0,0,0,0,0
2020-02-03,Calaveras,009,45235,0,0,0,0,0
2020-02-03,Colusa,011,21464,0,0,0,0,0
2020-02-03,Contra Costa,013,1133247,2,0,0,0,0
2020-02-03,Del Norte,015,27424,0,0,0,0,0
2020-02-03,El Dorado,017,186661,0,0,0,0,0
2020-02-03,Fresno,019,978130,0,0,0,0,0
2020-02-03,Glenn,021,27897,0,0,0,0,0
2020-02-03,Humboldt,023,135768,0,0,0,0,0
2020-02-03,Imperial,025,180216,1,0,0,0,0
2020-02-03,Inyo,027,18085,0,0,0,0,0
2020-02-03,Kern,029,883053,0,0,0,0,0
2020-02-03,Kings,031,150075,0,0,0,0,0
2020-02-03,Lake,033,64148,0,0,0,0,0
2020-02-03,Lassen,035,31185,0,0,0,0,0
2020-02-03,Los Angeles,037,10098052,15,1,0,1,0
2020-02-03,Madera,039,155013,0,0,0,0,0
2020-02-03,Marin,041,260295,0,0,0,0,0
2020-02-03,Mariposa,043,17540,0,0,0,0,0
2020-02-03,Mendocino,045,87422,0,0,0,0,0
2020-02-03,Merced,047,269075,0,0,0,0,0
2020-02-03,Modoc,049,8938,0,0,0,0,0
2020-02-03,Mono,051,14174,0,0,0,0,0
2020-02-03,Monterey,053,433212,0,0,0,0,0
2020-02-03,Napa,055,140530,0,0,0,0,0
2020-02-03,Nevada,057,99092,0,0,0,0,0
2020-02-03,Orange,059,3164182,1,1,0,1,0
2020-02-03,Placer,061,380077,0,0,0,0,0
2020-02-03,Plumas,063,18699,0,0,0,0,0
2020-02-03,Riverside,065,2383286,4,0,0,0,0
2020-02-03,Sacramento,067,1510023,0,0,0,0,0
2020-02-03,San Benito,069,59416,0,2,0,2,0
2020-02-03,San Bernardino,071,2135413,3,0,0,0,0
2020-02-03,San Diego,073,3302833,0,0,0,0,0
2020-02-03,San Francisco,075,870044,1,0,0,0,0
2020-02-03,San Joaquin,077,732212,0,0,1,1,0
2020-02-03,San Luis Obispo,079,281455,0,0,0,0,0
2020-02-03,San Mateo,081,765935,0,0,0,0,0
2020-02-03,Santa Barbara,083,443738,0,0,0,0,0
2020-02-03,Santa Clara,085,1922200,2,2,0,2,0
2020-02-03,Santa Cruz,087,273765,0,0,0,0,0
2020-02-03,Shasta,089,179085,0,0,0,0,0
2020-02-03,Sierra,091,2930,0,0,0,0,0
2020-02-03,Siskiyou,093,43540,0,0,0,0,0
2020-02-03,Solano,095,438530,0,0,0,0,0
2020-02-03,Sonoma,097,501317,0,0,0,0,0
2020-02-03,Stanislaus,099,539301,0,0,0,0,0
2020-02-03,Sutter,101,95872,0,0,0,0,0
2020-02-03,Tehama,103,63373,0,0,0,0,0
2020-02-03,Trinity,105,12862,0,0,0,0,0
2020-02-03,Tulare,107,460477,2,0,0,0,0
2020-02-03,Tuolumne,109,53932,0,0,0,0,0
2020-02-03,Ventura,111,848112,0,0,0,0,0
2020-02-03,Yolo,113,214977,1,0,0,0,0
2020-02-03,Yuba,115,75493,0,0,0,0,0
2020-02-02,Alameda,001,1643700,3,0,0,0,0
2020-02-02,Alpine,003,1148,0,0,0,0,0
2020-02-02,Amador,005,37829,0,0,0,0,0
2020-02-02,Butte,007,227075,0,0,0,0,0
2020-02-02,Calaveras,009,45235,0,0,0,0,0
2020-02-02,Colusa,011,21464,0,0,0,0,0
2020-02-02,Contra Costa,013,1133247,1,0,0,0,0
2020-02-02,Del Norte,015,27424,0,0,0,0,0
2020-02-02,El Dorado,017,186661,0,0,0,0,0
2020-02-02,Fresno,019,978130,0,0,0,0,0
2020-02-02,Glenn,021,27897,0,0,0,0,0
2020-02-02,Humboldt,023,135768,0,0,0,0,0
2020-02-02,Imperial,025,180216,1,0,0,0,0
2020-02-02,Inyo,027,18085,0,0,0,0,0
2020-02-02,Kern,029,883053,0,0,0,0,0
2020-02-02,Kings,031,150075,0,0,0,0,0
2020-02-02,Lake,033,64148,0,0,0,0,0
2020-02-02,Lassen,035,31185,0,0,0,0,0
2020-02-02,Los Angeles,037,10098052,13,1,0,1,0
2020-02-02,Madera,039,155013,0,0,0,0,0
2020-02-02,Marin,041,260295,0,0,0,0,0
2020-02-02,Mariposa,043,17540,0,0,0,0,0
2020-02-02,Mendocino,045,87422,0,0,0,0,0
2020-02-02,Merced,047,269075,0,0,0,0,0
2020-02-02,Modoc,049,8938,0,0,0,0,0
2020-02-02,Mono,051,14174,0,0,0,0,0
2020-02-02,Monterey,053,433212,0,0,0,0,0
2020-02-02,Napa,055,140530,0,0,0,0,0
2020-02-02,Nevada,057,99092,0,0,0,0,0
2020-02-02,Orange,059,3164182,1,1,0,1,0
2020-02-02,Placer,061,380077,0,0,0,0,0
2020-02-02,Plumas,063,18699,0,0,0,0,0
2020-02-02,Riverside,065,2383286,3,0,0,0,0
2020-02-02,Sacramento,067,1510023,0,0,0,0,0
2020-02-02,San Benito,069,59416,0,2,0,2,0
2020-02-02,San Bernardino,071,2135413,2,0,0,0,0
2020-02-02,San Diego,073,3302833,0,0,0,0,0
2020-02-02,San Francisco,075,870044,1,0,0,0,0
2020-02-02,San Joaquin,077,732212,0,0,1,1,0
2020-02-02,San Luis Obispo,079,281455,0,0,0,0,0
2020-02-02,San Mateo,081,765935,0,0,0,0,0
2020-02-02,Santa Barbara,083,443738,0,0,0,0,0
2020-02-02,Santa Clara,085,1922200,2,2,0,2,0
2020-02-02,Santa Cruz,087,273765,0,0,0,0,0
2020-02-02,Shasta,089,179085,0,0,0,0,0
2020-02-02,Sierra,091,2930,0,0,0,0,0
2020-02-02,Siskiyou,093,43540,0,0,0,0,0
2020-02-02,Solano,095,438530,0,0,0,0,0
2020-02-02,Sonoma,097,501317,0,0,0,0,0
2020-02-02,Stanislaus,099,539301,0,0,0,0,0
2020-02-02,Sutter,101,95872,0,0,0,0,0
2020-02-02,Tehama,103,63373,0,0,0,0,0
2020-02-02,Trinity,105,12862,0,0,0,0,0
2020-02-02,Tulare,107,460477,2,0,0,0,0
2020-02-02,Tuolumne,109,53932,0,0,0,0,0
2020-02-02,Ventura,111,848112,0,0,0,0,0
2020-02-02,Yolo,113,214977,1,0,0,0,0
2020-02-02,Yuba,115,75493,0,0,0,0,0
2020-02-01,Alameda,001,1643700,3,0,0,0,0
2020-02-01,Alpine,003,1148,0,0,0,0,0
2020-02-01,Amador,005,37829,0,0,0,0,0
2020-02-01,Butte,007,227075,0,0,0,0,0
2020-02-01,Calaveras,009,45235,0,0,0,0,0
2020-02-01,Colusa,011,21464,0,0,0,0,0
2020-02-01,Contra Costa,013,1133247,0,0,0,0,0
2020-02-01,Del Norte,015,27424,0,0,0,0,0
2020-02-01,El Dorado,017,186661,0,0,0,0,0
2020-02-01,Fresno,019,978130,0,0,0,0,0
2020-02-01,Glenn,021,27897,0,0,0,0,0
2020-02-01,Humboldt,023,135768,0,0,0,0,0
2020-02-01,Imperial,025,180216,0,0,0,0,0
2020-02-01,Inyo,027,18085,0,0,0,0,0
2020-02-01,Kern,029,883053,0,0,0,0,0
2020-02-01,Kings,031,150075,0,0,0,0,0
2020-02-01,Lake,033,64148,0,0,0,0,0
2020-02-01,Lassen,035,31185,0,0,0,0,0
2020-02-01,Los Angeles,037,10098052,12,1,0,1,0
2020-02-01,Madera,039,155013,0,0,0,0,0
2020-02-01,Marin,041,260295,0,0,0,0,0
2020-02-01,Mariposa,043,17540,0,0,0,0,0
2020-02-01,Mendocino,045,87422,0,0,0,0,0
2020-02-01,Merced,047,269075,0,0,0,0,0
2020-02-01,Modoc,049,8938,0,0,0,0,0
2020-02-01,Mono,051,14174,0,0,0,0,0
2020-02-01,Monterey,053,433212,0,0,0,0,0
2020-02-01,Napa,055,140530,0,0,0,0,0
2020-02-01,Nevada,057,99092,0,0,0,0,0
2020-02-01,Orange,059,3164182,1,1,0,1,0
2020-02-01,Placer,061,380077,0,0,0,0,0
2020-02-01,Plumas,063,18699,0,0,0,0,0
2020-02-01,Riverside,065,2383286,2,0,0,0,0
2020-02-01,Sacramento,067,1510023,0,0,0,0,0
2020-02-01,San Benito,069,59416,0,0,0,0,0
2020-02-01,San Bernardino,071,2135413,1,0,0,0,0
2020-02-01,San Diego,073,3302833,0,0,0,0,0
2020-02-01,San Francisco,075,870044,1,0,0,0,0
2020-02-01,San Joaquin,077,732212,0,0,1,1,0
2020-02-01,San Luis Obispo,079,281455,0,0,0,0,0
2020-02-01,San Mateo,081,765935,0,0,0,0,0
2020-02-01,Santa Barbara,083,443738,0,0,0,0,0
2020-02-01,Santa Clara,085,1922200,2,1,0,1,0
2020-02-01,Santa Cruz,087,273765,0,0,0,0,0
2020-02-01,Shasta,089,179085,0,0,0,0,0
2020-02-01,Sierra,091,2930,0,0,0,0,0
2020-02-01,Siskiyou,093,43540,0,0,0,0,0
2020-02-01,Solano,095,438530,0,0,0,0,0
2020-02-01,Sonoma,097,501317,0,0,0,0,0
2020-02-01,Stanislaus,099,539301,0,0,0,0,0
2020-02-01,Sutter,101,95872,0,0,0,0,0
2020-02-01,Tehama,103,63373,0,0,0,0,0
2020-02-01,Trinity,105,12862,0,0,0,0,0
2020-02-01,Tulare,107,460477,1,0,0,0,0
2020-02-01,Tuolumne,109,53932,0,0,0,0,0
2020-02-01,Ventura,111,848112,0,0,0,0,0
2020-02-01,Yolo,113,214977,0,0,0,0,0
2020-02-01,Yuba,115,75493,0,0,0,0,0
