date,county,fips,population,confirmed_cases,reported_cases,probable_cases,reported_and_probable_cases,reported_deaths
2021-09-15,Alameda,1,1643700,112490,112498,2718,115216,1317
2021-09-15,Alpine,3,1148,99,99,0,99,0
2021-09-15,Amador,5,37829,4791,4792,45,4837,58
2021-09-15,Butte,7,227075,17664,17664,3003,20667,228
2021-09-15,Calaveras,9,45235,3293,3293,23,3316,66
2021-09-15,Colusa,11,21464,2351,2352,512,2864,16
2021-09-15,Contra Costa,13,1133247,92987,92989,1880,94869,913
2021-09-15,Del Norte,15,27424,3271,3271,15,3286,34
2021-09-15,El Dorado,17,186661,14309,14309,1367,15676,127
2021-09-15,Fresno,19,978130,123370,123370,10621,133991,1867
2021-09-15,Glenn,21,27897,3051,3051,816,3867,20
2021-09-15,Humboldt,23,135768,7752,7754,310,8064,52
2021-09-15,Imperial,25,180216,30886,30891,3043,33934,753
2021-09-15,Inyo,27,18085,1614,1614,9,1623,39
2021-09-15,Kern,29,883053,113542,113546,16245,129791,1434
2021-09-15,Kings,31,150075,27989,27991,1600,29591,279
2021-09-15,Lake,33,64148,5852,5852,78,5930,85
2021-09-15,Lassen,35,31185,6018,6018,186,6204,25
2021-09-15,Los Angeles,37,10098052,1374080,1374307,53290,1427597,25767
2021-09-15,Madera,39,155013,19878,19880,1474,21354,257
2021-09-15,Marin,41,260295,16587,16592,387,16979,242
2021-09-15,Mariposa,43,17540,843,843,22,865,5
2021-09-15,Mendocino,45,87422,6399,6399,238,6637,66
2021-09-15,Merced,47,269075,37506,37508,1265,38773,529
2021-09-15,Modoc,49,8938,454,454,158,612,5
2021-09-15,Mono,51,14174,1445,1445,14,1459,3
2021-09-15,Monterey,53,433212,46317,46317,2733,49050,562
2021-09-15,Napa,55,140530,12081,12082,77,12159,95
2021-09-15,Nevada,57,99092,8076,8081,262,8343,84
2021-09-15,Orange,59,3164182,291833,291834,13652,305486,5328
2021-09-15,Placer,61,380077,32860,32860,2932,35792,352
2021-09-15,Plumas,63,18699,1164,1164,25,1189,5
2021-09-15,Riverside,65,2383286,339020,339077,16276,355353,4769
2021-09-15,Sacramento,67,1510023,145199,145202,3402,148604,1981
2021-09-15,San Benito,69,59416,6900,6902,142,7044,67
2021-09-15,San Bernardino,71,2135413,334515,334556,10344,344900,5470
2021-09-15,San Diego,73,3302833,346933,346933,0,346933,3983
2021-09-15,San Francisco,75,870044,48992,48999,2379,51378,605
2021-09-15,San Joaquin,77,732212,91315,91322,4733,96055,1607
2021-09-15,San Luis Obispo,79,281455,26932,26943,1059,28002,306
2021-09-15,San Mateo,81,765935,50685,50691,1104,51795,564
2021-09-15,Santa Barbara,83,443738,41077,41077,1550,42627,497
2021-09-15,Santa Clara,85,1922200,138397,138410,1077,139487,1833
2021-09-15,Santa Cruz,87,273765,18984,18984,1034,20018,210
2021-09-15,Shasta,89,179085,17317,17317,2542,19859,250
2021-09-15,Sierra,91,2930,123,123,15,138,0
2021-09-15,Siskiyou,93,43540,2804,2804,916,3720,35
2021-09-15,Solano,95,438530,42671,42682,1069,43751,312
2021-09-15,Sonoma,97,501317,38620,38629,471,39100,369
2021-09-15,Stanislaus,99,539301,70833,70852,7708,78560,1091
2021-09-15,Sutter,101,95872,12694,12699,188,12887,151
2021-09-15,Tehama,103,63373,6893,6894,1036,7930,79
2021-09-15,Trinity,105,12862,541,541,143,684,7
2021-09-15,Tulare,107,460477,59149,59149,12159,71308,890
2021-09-15,Tuolumne,109,53932,5969,5969,52,6021,89
2021-09-15,Ventura,111,848112,92956,92960,4159,97119,1109
2021-09-15,Yolo,113,214977,18064,18064,849,18913,239
2021-09-15,Yuba,115,75493,8951,8953,163,9116,61
2021-09-14,Alameda,1,1643700,112490,112329,2718,115047,1316
2021-09-14,Alpine,3,1148,99,98,0,98,0
2021-09-14,Amador,5,37829,4791,4790,45,4835,57
2021-09-14,Butte,7,227075,17664,17516,3003,20519,226
2021-09-14,Calaveras,9,45235,3293,3280,23,3303,66
2021-09-14,Colusa,11,21464,2351,2344,512,2856,16
2021-09-14,Contra Costa,13,1133247,92987,92822,1880,94702,908
2021-09-14,Del Norte,15,27424,3271,3252,15,3267,32
2021-09-14,El Dorado,17,186661,14309,14247,1367,15614,123
2021-09-14,Fresno,19,978130,123370,123151,10621,133772,1856
2021-09-14,Glenn,21,27897,3051,3045,816,3861,20
2021-09-14,Humboldt,23,135768,7752,7717,310,8027,52
2021-09-14,Imperial,25,180216,30886,30845,3043,33888,752
2021-09-14,Inyo,27,18085,1614,1605,9,1614,39
2021-09-14,Kern,29,883053,113542,113250,16245,129495,1428
2021-09-14,Kings,31,150075,27989,27955,1600,29555,278
2021-09-14,Lake,33,64148,5852,5845,78,5923,83
2021-09-14,Lassen,35,31185,6018,5977,186,6163,25
2021-09-14,Los Angeles,37,10098052,1374080,1372831,53290,1426121,25729
2021-09-14,Madera,39,155013,19878,19800,1474,21274,254
2021-09-14,Marin,41,260295,16587,16584,387,16971,242
2021-09-14,Mariposa,43,17540,843,834,22,856,5
2021-09-14,Mendocino,45,87422,6399,6372,238,6610,65
2021-09-14,Merced,47,269075,37506,37430,1265,38695,526
2021-09-14,Modoc,49,8938,454,453,158,611,5
2021-09-14,Mono,51,14174,1445,1440,14,1454,4
2021-09-14,Monterey,53,433212,46317,46224,2733,48957,558
2021-09-14,Napa,55,140530,12081,12070,77,12147,91
2021-09-14,Nevada,57,99092,8076,8056,262,8318,83
2021-09-14,Orange,59,3164182,291833,291423,13652,305075,5319
2021-09-14,Placer,61,380077,32860,32735,2932,35667,350
2021-09-14,Plumas,63,18699,1164,1148,25,1173,5
2021-09-14,Riverside,65,2383286,339020,338534,16276,354810,4748
2021-09-14,Sacramento,67,1510023,145199,145051,3402,148453,1977
2021-09-14,San Benito,69,59416,6900,6887,142,7029,64
2021-09-14,San Bernardino,71,2135413,334515,333968,10344,344312,5465
2021-09-14,San Diego,73,3302833,346933,346204,0,346204,3966
2021-09-14,San Francisco,75,870044,48992,48998,2379,51377,603
2021-09-14,San Joaquin,77,732212,91315,91128,4733,95861,1596
2021-09-14,San Luis Obispo,79,281455,26932,26845,1059,27904,304
2021-09-14,San Mateo,81,765935,50685,50602,1104,51706,564
2021-09-14,Santa Barbara,83,443738,41077,40783,1550,42333,495
2021-09-14,Santa Clara,85,1922200,138397,138321,1077,139398,1828
2021-09-14,Santa Cruz,87,273765,18984,18965,1034,19999,210
2021-09-14,Shasta,89,179085,17317,17152,2542,19694,246
2021-09-14,Sierra,91,2930,123,123,15,138,0
2021-09-14,Siskiyou,93,43540,2804,2756,916,3672,35
2021-09-14,Solano,95,438530,42671,42599,1069,43668,307
2021-09-14,Sonoma,97,501317,38620,38595,471,39066,369
2021-09-14,Stanislaus,99,539301,70833,70697,7708,78405,1091
2021-09-14,Sutter,101,95872,12694,12670,188,12858,149
2021-09-14,Tehama,103,63373,6893,6859,1036,7895,80
2021-09-14,Trinity,105,12862,541,538,143,681,7
2021-09-14,Tulare,107,460477,59149,58961,12159,71120,888
2021-09-14,Tuolumne,109,53932,5969,5951,52,6003,89
2021-09-14,Ventura,111,848112,92956,92841,4159,97000,1107
2021-09-14,Yolo,113,214977,18064,18039,849,18888,239
2021-09-14,Yuba,115,75493,8951,8928,163,9091,61
2021-09-13,Alameda,1,1643700,112473,112159,2718,114877,1309
2021-09-13,Alpine,3,1148,99,98,0,98,0
2021-09-13,Amador,5,37829,4789,4761,45,4806,56
2021-09-13,Butte,7,227075,17634,17393,3003,20396,225
2021-09-13,Calaveras,9,45235,3288,3253,23,3276,65
2021-09-13,Colusa,11,21464,2351,2346,512,2858,16
2021-09-13,Contra Costa,13,1133247,92963,92658,1880,94538,908
2021-09-13,Del Norte,15,27424,3267,3232,15,3247,28
2021-09-13,El Dorado,17,186661,14298,14194,1367,15561,119
2021-09-13,Fresno,19,978130,123344,122650,10621,133271,1853
2021-09-13,Glenn,21,27897,3050,3026,816,3842,20
2021-09-13,Humboldt,23,135768,7745,7659,310,7969,52
2021-09-13,Imperial,25,180216,30878,30802,3043,33845,751
2021-09-13,Inyo,27,18085,1611,1602,9,1611,39
2021-09-13,Kern,29,883053,113507,112930,16245,129175,1424
2021-09-13,Kings,31,150075,27979,27858,1600,29458,275
2021-09-13,Lake,33,64148,5845,5809,78,5887,82
2021-09-13,Lassen,35,31185,6013,5953,186,6139,25
2021-09-13,Los Angeles,37,10098052,1374028,1371423,53290,1424713,25703
2021-09-13,Madera,39,155013,19874,19735,1474,21209,252
2021-09-13,Marin,41,260295,16585,16557,387,16944,242
2021-09-13,Mariposa,43,17540,843,825,22,847,5
2021-09-13,Mendocino,45,87422,6395,6323,238,6561,61
2021-09-13,Merced,47,269075,37500,37291,1265,38556,521
2021-09-13,Modoc,49,8938,454,451,158,609,5
2021-09-13,Mono,51,14174,1445,1435,14,1449,3
2021-09-13,Monterey,53,433212,46307,46188,2733,48921,558
2021-09-13,Napa,55,140530,12080,12039,77,12116,91
2021-09-13,Nevada,57,99092,8076,8021,262,8283,83
2021-09-13,Orange,59,3164182,291779,291128,13652,304780,5312
2021-09-13,Placer,61,380077,32845,32617,2932,35549,343
2021-09-13,Plumas,63,18699,1161,1142,25,1167,5
2021-09-13,Riverside,65,2383286,338969,337876,16276,354152,4731
2021-09-13,Sacramento,67,1510023,145157,144537,3402,147939,1956
2021-09-13,San Benito,69,59416,6897,6867,142,7009,64
2021-09-13,San Bernardino,71,2135413,334477,333613,10344,343957,5441
2021-09-13,San Diego,73,3302833,346856,345647,0,345647,3961
2021-09-13,San Francisco,75,870044,48987,48914,2379,51293,603
2021-09-13,San Joaquin,77,732212,91279,90966,4733,95699,1581
2021-09-13,San Luis Obispo,79,281455,26927,26805,1059,27864,300
2021-09-13,San Mateo,81,765935,50676,50525,1104,51629,564
2021-09-13,Santa Barbara,83,443738,40971,40661,1550,42211,494
2021-09-13,Santa Clara,85,1922200,138382,138152,1077,139229,1820
2021-09-13,Santa Cruz,87,273765,18982,18917,1034,19951,210
2021-09-13,Shasta,89,179085,17299,17033,2542,19575,243
2021-09-13,Sierra,91,2930,123,123,15,138,0
2021-09-13,Siskiyou,93,43540,2795,2745,916,3661,35
2021-09-13,Solano,95,438530,42664,42501,1069,43570,306
2021-09-13,Sonoma,97,501317,38612,38513,471,38984,368
2021-09-13,Stanislaus,99,539301,70805,70477,7708,78185,1091
2021-09-13,Sutter,101,95872,12678,12624,188,12812,145
2021-09-13,Tehama,103,63373,6891,6803,1036,7839,79
2021-09-13,Trinity,105,12862,540,533,143,676,7
2021-09-13,Tulare,107,460477,59127,58768,12159,70927,887
2021-09-13,Tuolumne,109,53932,5964,5909,52,5961,89
2021-09-13,Ventura,111,848112,92940,92679,4159,96838,1107
2021-09-13,Yolo,113,214977,18061,17974,849,18823,239
2021-09-13,Yuba,115,75493,8935,8884,163,9047,61
2021-09-12,Alameda,1,1643700,112372,111961,2718,114679,1309
2021-09-12,Alpine,3,1148,99,98,0,98,0
2021-09-12,Amador,5,37829,4789,4752,45,4797,56
2021-09-12,Butte,7,227075,17553,17257,3003,20260,221
2021-09-12,Calaveras,9,45235,3277,3236,23,3259,65
2021-09-12,Colusa,11,21464,2345,2344,512,2856,16
2021-09-12,Contra Costa,13,1133247,92852,92498,1880,94378,908
2021-09-12,Del Norte,15,27424,3247,3200,15,3215,28
2021-09-12,El Dorado,17,186661,14267,14167,1367,15534,119
2021-09-12,Fresno,19,978130,123223,122407,10621,133028,1853
2021-09-12,Glenn,21,27897,3044,3016,816,3832,20
2021-09-12,Humboldt,23,135768,7713,7636,310,7946,52
2021-09-12,Imperial,25,180216,30833,30790,3043,33833,751
2021-09-12,Inyo,27,18085,1604,1596,9,1605,39
2021-09-12,Kern,29,883053,113387,112602,16245,128847,1424
2021-09-12,Kings,31,150075,27948,27764,1600,29364,274
2021-09-12,Lake,33,64148,5833,5781,78,5859,82
2021-09-12,Lassen,35,31185,6002,5943,186,6129,25
2021-09-12,Los Angeles,37,10098052,1373119,1365968,53290,1419258,25630
2021-09-12,Madera,39,155013,19819,19691,1474,21165,252
2021-09-12,Marin,41,260295,16574,16526,387,16913,242
2021-09-12,Mariposa,43,17540,840,811,22,833,5
2021-09-12,Mendocino,45,87422,6377,6283,238,6521,61
2021-09-12,Merced,47,269075,37458,37172,1265,38437,521
2021-09-12,Modoc,49,8938,454,451,158,609,5
2021-09-12,Mono,51,14174,1442,1431,14,1445,3
2021-09-12,Monterey,53,433212,46240,46167,2733,48900,558
2021-09-12,Napa,55,140530,12062,12011,77,12088,91
2021-09-12,Nevada,57,99092,8072,7987,262,8249,83
2021-09-12,Orange,59,3164182,291552,290718,13652,304370,5312
2021-09-12,Placer,61,380077,32792,32520,2932,35452,343
2021-09-12,Plumas,63,18699,1148,1138,25,1163,5
2021-09-12,Riverside,65,2383286,338714,337332,16276,353608,4731
2021-09-12,Sacramento,67,1510023,144943,144030,3402,147432,1959
2021-09-12,San Benito,69,59416,6884,6852,142,6994,64
2021-09-12,San Bernardino,71,2135413,334098,333049,10344,343393,5439
2021-09-12,San Diego,73,3302833,346494,345058,0,345058,3942
2021-09-12,San Francisco,75,870044,48954,48819,2379,51198,603
2021-09-12,San Joaquin,77,732212,91137,90730,4733,95463,1581
2021-09-12,San Luis Obispo,79,281455,26845,26729,1059,27788,299
2021-09-12,San Mateo,81,765935,50612,50432,1104,51536,564
2021-09-12,Santa Barbara,83,443738,40909,40600,1550,42150,494
2021-09-12,Santa Clara,85,1922200,138272,137899,1077,138976,1820
2021-09-12,Santa Cruz,87,273765,18965,18892,1034,19926,210
2021-09-12,Shasta,89,179085,17204,16957,2542,19499,243
2021-09-12,Sierra,91,2930,123,123,15,138,0
2021-09-12,Siskiyou,93,43540,2789,2730,916,3646,35
2021-09-12,Solano,95,438530,42619,42409,1069,43478,306
2021-09-12,Sonoma,97,501317,38598,38456,471,38927,368
2021-09-12,Stanislaus,99,539301,70695,70184,7708,77892,1091
2021-09-12,Sutter,101,95872,12652,12589,188,12777,145
2021-09-12,Tehama,103,63373,6874,6732,1036,7768,79
2021-09-12,Trinity,105,12862,540,529,143,672,7
2021-09-12,Tulare,107,460477,59024,58582,12159,70741,887
2021-09-12,Tuolumne,109,53932,5945,5888,52,5940,89
2021-09-12,Ventura,111,848112,92877,92496,4159,96655,1107
2021-09-12,Yolo,113,214977,18039,17943,849,18792,239
2021-09-12,Yuba,115,75493,8915,8842,163,9005,61
2021-09-11,Alameda,1,1643700,112311,111715,2718,114433,1309
2021-09-11,Alpine,3,1148,99,98,0,98,0
2021-09-11,Amador,5,37829,4787,4728,45,4773,56
2021-09-11,Butte,7,227075,17518,17218,3003,20221,221
2021-09-11,Calaveras,9,45235,3275,3208,23,3231,65
2021-09-11,Colusa,11,21464,2343,2338,512,2850,16
2021-09-11,Contra Costa,13,1133247,92794,92269,1880,94149,908
2021-09-11,Del Norte,15,27424,3240,3184,15,3199,28
2021-09-11,El Dorado,17,186661,14255,14117,1367,15484,119
2021-09-11,Fresno,19,978130,123135,122224,10621,132845,1853
2021-09-11,Glenn,21,27897,3042,3007,816,3823,20
2021-09-11,Humboldt,23,135768,7703,7615,310,7925,52
2021-09-11,Imperial,25,180216,30825,30760,3043,33803,751
2021-09-11,Inyo,27,18085,1603,1590,9,1599,39
2021-09-11,Kern,29,883053,113229,112205,16245,128450,1424
2021-09-11,Kings,31,150075,27939,27631,1600,29231,275
2021-09-11,Lake,33,64148,5827,5761,78,5839,82
2021-09-11,Lassen,35,31185,6001,5930,186,6116,25
2021-09-11,Los Angeles,37,10098052,1372529,1365831,53290,1419121,25630
2021-09-11,Madera,39,155013,19807,19648,1474,21122,252
2021-09-11,Marin,41,260295,16562,16496,387,16883,242
2021-09-11,Mariposa,43,17540,839,799,22,821,5
2021-09-11,Mendocino,45,87422,6360,6257,238,6495,61
2021-09-11,Merced,47,269075,37429,37042,1265,38307,521
2021-09-11,Modoc,49,8938,454,449,158,607,5
2021-09-11,Mono,51,14174,1441,1431,14,1445,3
2021-09-11,Monterey,53,433212,46227,46140,2733,48873,558
2021-09-11,Napa,55,140530,12057,11991,77,12068,91
2021-09-11,Nevada,57,99092,8064,7967,262,8229,83
2021-09-11,Orange,59,3164182,291349,290429,13652,304081,5306
2021-09-11,Placer,61,380077,32731,32414,2932,35346,344
2021-09-11,Plumas,63,18699,1147,1112,25,1137,5
2021-09-11,Riverside,65,2383286,338419,336585,16276,352861,4731
2021-09-11,Sacramento,67,1510023,144706,143557,3402,146959,1955
2021-09-11,San Benito,69,59416,6871,6844,142,6986,64
2021-09-11,San Bernardino,71,2135413,333963,332512,10344,342856,5430
2021-09-11,San Diego,73,3302833,346221,344355,0,344355,3942
2021-09-11,San Francisco,75,870044,48925,48660,2379,51039,603
2021-09-11,San Joaquin,77,732212,91063,90482,4733,95215,1581
2021-09-11,San Luis Obispo,79,281455,26825,26651,1059,27710,299
2021-09-11,San Mateo,81,765935,50579,50341,1104,51445,564
2021-09-11,Santa Barbara,83,443738,40854,40451,1550,42001,494
2021-09-11,Santa Clara,85,1922200,138194,137659,1077,138736,1820
2021-09-11,Santa Cruz,87,273765,18945,18865,1034,19899,210
2021-09-11,Shasta,89,179085,17177,16877,2542,19419,243
2021-09-11,Sierra,91,2930,123,123,15,138,0
2021-09-11,Siskiyou,93,43540,2784,2717,916,3633,35
2021-09-11,Solano,95,438530,42598,42344,1069,43413,306
2021-09-11,Sonoma,97,501317,38556,38399,471,38870,368
2021-09-11,Stanislaus,99,539301,70632,69974,7708,77682,1091
2021-09-11,Sutter,101,95872,12643,12538,188,12726,145
2021-09-11,Tehama,103,63373,6861,6703,1036,7739,79
2021-09-11,Trinity,105,12862,539,526,143,669,7
2021-09-11,Tulare,107,460477,58976,58321,12159,70480,889
2021-09-11,Tuolumne,109,53932,5931,5879,52,5931,89
2021-09-11,Ventura,111,848112,92820,92328,4159,96487,1107
2021-09-11,Yolo,113,214977,18030,17906,849,18755,239
2021-09-11,Yuba,115,75493,8900,8813,163,8976,61
2021-09-10,Alameda,1,1643700,112205,111386,2718,114104,1306
2021-09-10,Alpine,3,1148,98,97,0,97,0
2021-09-10,Amador,5,37829,4784,4706,45,4751,56
2021-09-10,Butte,7,227075,17459,17051,3003,20054,222
2021-09-10,Calaveras,9,45235,3270,3183,23,3206,65
2021-09-10,Colusa,11,21464,2341,2327,512,2839,16
2021-09-10,Contra Costa,13,1133247,92702,92024,1880,93904,908
2021-09-10,Del Norte,15,27424,3229,3128,15,3143,28
2021-09-10,El Dorado,17,186661,14235,14051,1367,15418,119
2021-09-10,Fresno,19,978130,122875,121659,10621,132280,1846
2021-09-10,Glenn,21,27897,3038,2977,816,3793,20
2021-09-10,Humboldt,23,135768,7683,7543,310,7853,52
2021-09-10,Imperial,25,180216,30817,30716,3043,33759,751
2021-09-10,Inyo,27,18085,1603,1590,9,1599,39
2021-09-10,Kern,29,883053,113024,111832,16245,128077,1419
2021-09-10,Kings,31,150075,27895,27473,1600,29073,274
2021-09-10,Lake,33,64148,5815,5713,78,5791,79
2021-09-10,Lassen,35,31185,5996,5914,186,6100,25
2021-09-10,Los Angeles,37,10098052,1371462,1365709,53290,1418999,25630
2021-09-10,Madera,39,155013,19773,19520,1474,20994,252
2021-09-10,Marin,41,260295,16545,16458,387,16845,242
2021-09-10,Mariposa,43,17540,837,795,22,817,5
2021-09-10,Mendocino,45,87422,6336,6184,238,6422,61
2021-09-10,Merced,47,269075,37402,36884,1265,38149,521
2021-09-10,Modoc,49,8938,454,448,158,606,5
2021-09-10,Mono,51,14174,1440,1422,14,1436,3
2021-09-10,Monterey,53,433212,46208,46084,2733,48817,557
2021-09-10,Napa,55,140530,12044,11948,77,12025,90
2021-09-10,Nevada,57,99092,8046,7932,262,8194,83
2021-09-10,Orange,59,3164182,291118,290022,13652,303674,5302
2021-09-10,Placer,61,380077,32650,32264,2932,35196,343
2021-09-10,Plumas,63,18699,1145,1111,25,1136,5
2021-09-10,Riverside,65,2383286,338010,335988,16276,352264,4720
2021-09-10,Sacramento,67,1510023,144401,143244,3402,146646,1950
2021-09-10,San Benito,69,59416,6867,6824,142,6966,64
2021-09-10,San Bernardino,71,2135413,333654,331894,10344,342238,5422
2021-09-10,San Diego,73,3302833,345837,343173,0,343173,3941
2021-09-10,San Francisco,75,870044,48865,48518,2379,50897,602
2021-09-10,San Joaquin,77,732212,90944,90208,4733,94941,1573
2021-09-10,San Luis Obispo,79,281455,26807,26526,1059,27585,299
2021-09-10,San Mateo,81,765935,50540,50251,1104,51355,564
2021-09-10,Santa Barbara,83,443738,40816,40321,1550,41871,492
2021-09-10,Santa Clara,85,1922200,138055,137337,1077,138414,1817
2021-09-10,Santa Cruz,87,273765,18933,18785,1034,19819,210
2021-09-10,Shasta,89,179085,17152,16667,2542,19209,242
2021-09-10,Sierra,91,2930,123,117,15,132,0
2021-09-10,Siskiyou,93,43540,2782,2702,916,3618,35
2021-09-10,Solano,95,438530,42542,42230,1069,43299,305
2021-09-10,Sonoma,97,501317,38517,38271,471,38742,368
2021-09-10,Stanislaus,99,539301,70520,69617,7708,77325,1091
2021-09-10,Sutter,101,95872,12621,12468,188,12656,145
2021-09-10,Tehama,103,63373,6834,6652,1036,7688,77
2021-09-10,Trinity,105,12862,538,524,143,667,7
2021-09-10,Tulare,107,460477,58903,57930,12159,70089,883
2021-09-10,Tuolumne,109,53932,5915,5842,52,5894,89
2021-09-10,Ventura,111,848112,92732,92145,4159,96304,1104
2021-09-10,Yolo,113,214977,18009,17825,849,18674,239
2021-09-10,Yuba,115,75493,8884,8760,163,8923,62
2021-09-09,Alameda,1,1643700,112001,111014,2718,113732,1306
2021-09-09,Alpine,3,1148,98,94,0,94,0
2021-09-09,Amador,5,37829,4773,4698,45,4743,56
2021-09-09,Butte,7,227075,17336,16874,3003,19877,221
2021-09-09,Calaveras,9,45235,3237,3165,23,3188,65
2021-09-09,Colusa,11,21464,2340,2321,512,2833,16
2021-09-09,Contra Costa,13,1133247,92490,91687,1880,93567,904
2021-09-09,Del Norte,15,27424,3206,3102,15,3117,28
2021-09-09,El Dorado,17,186661,14186,13970,1367,15337,119
2021-09-09,Fresno,19,978130,122447,121040,10621,131661,1838
2021-09-09,Glenn,21,27897,3023,2947,816,3763,20
2021-09-09,Humboldt,23,135768,7643,7471,310,7781,52
2021-09-09,Imperial,25,180216,30776,30661,3043,33704,751
2021-09-09,Inyo,27,18085,1600,1586,9,1595,39
2021-09-09,Kern,29,883053,112700,111390,16245,127635,1414
2021-09-09,Kings,31,150075,27808,27282,1600,28882,273
2021-09-09,Lake,33,64148,5783,5638,78,5716,79
2021-09-09,Lassen,35,31185,5960,5860,186,6046,25
2021-09-09,Los Angeles,37,10098052,1369681,1363735,53290,1417025,25583
2021-09-09,Madera,39,155013,19704,19401,1474,20875,252
2021-09-09,Marin,41,260295,16526,16416,387,16803,242
2021-09-09,Mariposa,43,17540,823,779,22,801,5
2021-09-09,Mendocino,45,87422,6321,6089,238,6327,61
2021-09-09,Merced,47,269075,37249,36634,1265,37899,516
2021-09-09,Modoc,49,8938,454,448,158,606,5
2021-09-09,Mono,51,14174,1435,1420,14,1434,3
2021-09-09,Monterey,53,433212,46175,45991,2733,48724,556
2021-09-09,Napa,55,140530,12019,11878,77,11955,90
2021-09-09,Nevada,57,99092,8016,7855,262,8117,82
2021-09-09,Orange,59,3164182,290757,289109,13652,302761,5299
2021-09-09,Placer,61,380077,32552,32048,2932,34980,342
2021-09-09,Plumas,63,18699,1135,1098,25,1123,5
2021-09-09,Riverside,65,2383286,337436,334774,16276,351050,4701
2021-09-09,Sacramento,67,1510023,143875,142728,3402,146130,1929
2021-09-09,San Benito,69,59416,6858,6820,142,6962,64
2021-09-09,San Bernardino,71,2135413,333180,331040,10344,341384,5417
2021-09-09,San Diego,73,3302833,345290,342149,0,342149,3929
2021-09-09,San Francisco,75,870044,48778,48404,2379,50783,597
2021-09-09,San Joaquin,77,732212,90692,89874,4733,94607,1570
2021-09-09,San Luis Obispo,79,281455,26728,26472,1059,27531,296
2021-09-09,San Mateo,81,765935,50466,50143,1104,51247,561
2021-09-09,Santa Barbara,83,443738,40732,40180,1550,41730,490
2021-09-09,Santa Clara,85,1922200,137877,137017,1077,138094,1816
2021-09-09,Santa Cruz,87,273765,18886,18728,1034,19762,210
2021-09-09,Shasta,89,179085,17029,16401,2542,18943,238
2021-09-09,Sierra,91,2930,123,115,15,130,0
2021-09-09,Siskiyou,93,43540,2767,2683,916,3599,35
2021-09-09,Solano,95,438530,42431,42081,1069,43150,303
2021-09-09,Sonoma,97,501317,38463,38171,471,38642,360
2021-09-09,Stanislaus,99,539301,70284,69178,7708,76886,1074
2021-09-09,Sutter,101,95872,12571,12396,188,12584,144
2021-09-09,Tehama,103,63373,6781,6554,1036,7590,75
2021-09-09,Trinity,105,12862,535,523,143,666,6
2021-09-09,Tulare,107,460477,58694,57564,12159,69723,879
2021-09-09,Tuolumne,109,53932,5904,5802,52,5854,89
2021-09-09,Ventura,111,848112,92587,91610,4159,95769,1098
2021-09-09,Yolo,113,214977,17962,17724,849,18573,239
2021-09-09,Yuba,115,75493,8839,8707,163,8870,55
2021-09-08,Alameda,1,1643700,111745,110781,2718,113499,1305
2021-09-08,Alpine,3,1148,98,94,0,94,0
2021-09-08,Amador,5,37829,4765,4693,45,4738,56
2021-09-08,Butte,7,227075,17203,16775,3003,19778,220
2021-09-08,Calaveras,9,45235,3217,3157,23,3180,63
2021-09-08,Colusa,11,21464,2338,2308,512,2820,16
2021-09-08,Contra Costa,13,1133247,92225,91471,1880,93351,900
2021-09-08,Del Norte,15,27424,3188,3085,15,3100,25
2021-09-08,El Dorado,17,186661,14113,13928,1367,15295,119
2021-09-08,Fresno,19,978130,121974,120644,10621,131265,1831
2021-09-08,Glenn,21,27897,2999,2942,816,3758,20
2021-09-08,Humboldt,23,135768,7607,7438,310,7748,52
2021-09-08,Imperial,25,180216,30751,30609,3043,33652,751
2021-09-08,Inyo,27,18085,1595,1580,9,1589,39
2021-09-08,Kern,29,883053,112374,110933,16245,127178,1409
2021-09-08,Kings,31,150075,27711,27235,1600,28835,267
2021-09-08,Lake,33,64148,5749,5618,78,5696,79
2021-09-08,Lassen,35,31185,5944,5848,186,6034,25
2021-09-08,Los Angeles,37,10098052,1367686,1362029,53290,1415319,25533
2021-09-08,Madera,39,155013,19657,19352,1474,20826,252
2021-09-08,Marin,41,260295,16511,16386,387,16773,242
2021-09-08,Mariposa,43,17540,813,777,22,799,5
2021-09-08,Mendocino,45,87422,6293,6069,238,6307,61
2021-09-08,Merced,47,269075,37071,36500,1265,37765,516
2021-09-08,Modoc,49,8938,454,448,158,606,5
2021-09-08,Mono,51,14174,1433,1418,14,1432,3
2021-09-08,Monterey,53,433212,46139,45959,2733,48692,554
2021-09-08,Napa,55,140530,11989,11842,77,11919,90
2021-09-08,Nevada,57,99092,7986,7843,262,8105,82
2021-09-08,Orange,59,3164182,290401,288511,13652,302163,5290
2021-09-08,Placer,61,380077,32449,31852,2932,34784,337
2021-09-08,Plumas,63,18699,1128,1072,25,1097,5
2021-09-08,Riverside,65,2383286,336737,334037,16276,350313,4683
2021-09-08,Sacramento,67,1510023,143276,142448,3402,145850,1921
2021-09-08,San Benito,69,59416,6842,6800,142,6942,64
2021-09-08,San Bernardino,71,2135413,332705,330279,10344,340623,5411
2021-09-08,San Diego,73,3302833,344530,341437,0,341437,3926
2021-09-08,San Francisco,75,870044,48652,48263,2379,50642,589
2021-09-08,San Joaquin,77,732212,90461,89631,4733,94364,1561
2021-09-08,San Luis Obispo,79,281455,26640,26303,1059,27362,294
2021-09-08,San Mateo,81,765935,50378,50051,1104,51155,561
2021-09-08,Santa Barbara,83,443738,40637,40000,1550,41550,490
2021-09-08,Santa Clara,85,1922200,137691,136836,1077,137913,1810
2021-09-08,Santa Cruz,87,273765,18847,18699,1034,19733,210
2021-09-08,Shasta,89,179085,16891,16227,2542,18769,234
2021-09-08,Sierra,91,2930,123,113,15,128,0
2021-09-08,Siskiyou,93,43540,2731,2643,916,3559,35
2021-09-08,Solano,95,438530,42342,41971,1069,43040,302
2021-09-08,Sonoma,97,501317,38382,38075,471,38546,360
2021-09-08,Stanislaus,99,539301,70050,68945,7708,76653,1074
2021-09-08,Sutter,101,95872,12520,12349,188,12537,144
2021-09-08,Tehama,103,63373,6710,6520,1036,7556,75
2021-09-08,Trinity,105,12862,533,520,143,663,6
2021-09-08,Tulare,107,460477,58383,57425,12159,69584,876
2021-09-08,Tuolumne,109,53932,5885,5783,52,5835,89
2021-09-08,Ventura,111,848112,92414,91345,4159,95504,1096
2021-09-08,Yolo,113,214977,17882,17680,849,18529,239
2021-09-08,Yuba,115,75493,8782,8675,163,8838,55
2021-09-07,Alameda,1,1643700,111509,110550,2718,113268,1301
2021-09-07,Alpine,3,1148,97,94,0,94,0
2021-09-07,Amador,5,37829,4746,4679,45,4724,53
2021-09-07,Butte,7,227075,17060,16723,3003,19726,220
2021-09-07,Calaveras,9,45235,3177,3140,23,3163,63
2021-09-07,Colusa,11,21464,2329,2306,512,2818,16
2021-09-07,Contra Costa,13,1133247,91999,91167,1880,93047,891
2021-09-07,Del Norte,15,27424,3175,3081,15,3096,24
2021-09-07,El Dorado,17,186661,14056,13892,1367,15259,119
2021-09-07,Fresno,19,978130,121452,120268,10621,130889,1828
2021-09-07,Glenn,21,27897,2980,2937,816,3753,20
2021-09-07,Humboldt,23,135768,7552,7397,310,7707,52
2021-09-07,Imperial,25,180216,30716,30584,3043,33627,751
2021-09-07,Inyo,27,18085,1592,1579,9,1588,39
2021-09-07,Kern,29,883053,111980,110674,16245,126919,1408
2021-09-07,Kings,31,150075,27609,27169,1600,28769,267
2021-09-07,Lake,33,64148,5713,5597,78,5675,78
2021-09-07,Lassen,35,31185,5924,5842,186,6028,21
2021-09-07,Los Angeles,37,10098052,1365613,1360407,53290,1413697,25486
2021-09-07,Madera,39,155013,19570,19316,1474,20790,249
2021-09-07,Marin,41,260295,16482,16363,387,16750,242
2021-09-07,Mariposa,43,17540,800,771,22,793,5
2021-09-07,Mendocino,45,87422,6255,6036,238,6274,61
2021-09-07,Merced,47,269075,36868,36400,1265,37665,513
2021-09-07,Modoc,49,8938,452,449,158,607,5
2021-09-07,Mono,51,14174,1427,1416,14,1430,3
2021-09-07,Monterey,53,433212,46079,45911,2733,48644,543
2021-09-07,Napa,55,140530,11954,11814,77,11891,90
2021-09-07,Nevada,57,99092,7962,7829,262,8091,82
2021-09-07,Orange,59,3164182,290043,288225,13652,301877,5274
2021-09-07,Placer,61,380077,32325,31710,2932,34642,337
2021-09-07,Plumas,63,18699,1111,1071,25,1096,5
2021-09-07,Riverside,65,2383286,336030,333390,16276,349666,4666
2021-09-07,Sacramento,67,1510023,142636,142364,3402,145766,1905
2021-09-07,San Benito,69,59416,6827,6786,142,6928,64
2021-09-07,San Bernardino,71,2135413,332087,329962,10344,340306,5407
2021-09-07,San Diego,73,3302833,343680,340709,0,340709,3922
2021-09-07,San Francisco,75,870044,48542,48175,2379,50554,589
2021-09-07,San Joaquin,77,732212,90147,89468,4733,94201,1548
2021-09-07,San Luis Obispo,79,281455,26521,26253,1059,27312,287
2021-09-07,San Mateo,81,765935,50294,49913,1104,51017,561
2021-09-07,Santa Barbara,83,443738,40530,39957,1550,41507,489
2021-09-07,Santa Clara,85,1922200,137452,136631,1077,137708,1807
2021-09-07,Santa Cruz,87,273765,18806,18669,1034,19703,210
2021-09-07,Shasta,89,179085,16746,16096,2542,18638,226
2021-09-07,Sierra,91,2930,123,111,15,126,0
2021-09-07,Siskiyou,93,43540,2701,2607,916,3523,34
2021-09-07,Solano,95,438530,42223,41862,1069,42931,300
2021-09-07,Sonoma,97,501317,38311,38013,471,38484,358
2021-09-07,Stanislaus,99,539301,69791,68831,7708,76539,1074
2021-09-07,Sutter,101,95872,12451,12310,188,12498,138
2021-09-07,Tehama,103,63373,6649,6482,1036,7518,74
2021-09-07,Trinity,105,12862,532,517,143,660,6
2021-09-07,Tulare,107,460477,58066,57228,12159,69387,874
2021-09-07,Tuolumne,109,53932,5862,5759,52,5811,88
2021-09-07,Ventura,111,848112,92195,91246,4159,95405,1093
2021-09-07,Yolo,113,214977,17802,17653,849,18502,235
2021-09-07,Yuba,115,75493,8739,8642,163,8805,55
2021-09-06,Alameda,1,1643700,111268,110357,2718,113075,1301
2021-09-06,Alpine,3,1148,95,94,0,94,0
2021-09-06,Amador,5,37829,4732,4648,45,4693,53
2021-09-06,Butte,7,227075,16882,16588,3003,19591,218
2021-09-06,Calaveras,9,45235,3159,3122,23,3145,63
2021-09-06,Colusa,11,21464,2325,2306,508,2814,16
2021-09-06,Contra Costa,13,1133247,91761,90971,1880,92851,891
2021-09-06,Del Norte,15,27424,3138,3037,15,3052,24
2021-09-06,El Dorado,17,186661,14003,13848,1367,15215,119
2021-09-06,Fresno,19,978130,120898,119738,10621,130359,1828
2021-09-06,Glenn,21,27897,2954,2912,805,3717,20
2021-09-06,Humboldt,23,135768,7491,7320,308,7628,52
2021-09-06,Imperial,25,180216,30675,30576,3043,33619,751
2021-09-06,Inyo,27,18085,1587,1578,9,1587,39
2021-09-06,Kern,29,883053,111545,110347,16243,126590,1408
2021-09-06,Kings,31,150075,27488,27094,1596,28690,264
2021-09-06,Lake,33,64148,5662,5548,77,5625,78
2021-09-06,Lassen,35,31185,5896,5822,186,6008,21
2021-09-06,Los Angeles,37,10098052,1363601,1359348,53268,1412616,25477
2021-09-06,Madera,39,155013,19481,19191,1473,20664,249
2021-09-06,Marin,41,260295,16444,16356,387,16743,242
2021-09-06,Mariposa,43,17540,790,764,22,786,5
2021-09-06,Mendocino,45,87422,6195,5984,238,6222,61
2021-09-06,Merced,47,269075,36654,36300,1264,37564,513
2021-09-06,Modoc,49,8938,449,449,158,607,5
2021-09-06,Mono,51,14174,1422,1416,14,1430,3
2021-09-06,Monterey,53,433212,46016,45833,2732,48565,541
2021-09-06,Napa,55,140530,11919,11792,77,11869,90
2021-09-06,Nevada,57,99092,7920,7748,261,8009,82
2021-09-06,Orange,59,3164182,289630,287948,13652,301600,5274
2021-09-06,Placer,61,380077,32175,31595,2932,34527,337
2021-09-06,Plumas,63,18699,1082,1068,25,1093,5
2021-09-06,Riverside,65,2383286,335291,333052,16276,349328,4666
2021-09-06,Sacramento,67,1510023,141874,141730,3402,145132,1905
2021-09-06,San Benito,69,59416,6805,6777,142,6919,64
2021-09-06,San Bernardino,71,2135413,331316,329693,10344,340037,5398
2021-09-06,San Diego,73,3302833,342779,340222,0,340222,3922
2021-09-06,San Francisco,75,870044,48419,48120,2379,50499,589
2021-09-06,San Joaquin,77,732212,89846,89293,4724,94017,1548
2021-09-06,San Luis Obispo,79,281455,26368,26183,1054,27237,286
2021-09-06,San Mateo,81,765935,50193,49859,1104,50963,561
2021-09-06,Santa Barbara,83,443738,40407,39876,1550,41426,489
2021-09-06,Santa Clara,85,1922200,137211,136458,1077,137535,1807
2021-09-06,Santa Cruz,87,273765,18762,18615,1033,19648,210
2021-09-06,Shasta,89,179085,16580,15985,2532,18517,226
2021-09-06,Sierra,91,2930,123,109,15,124,0
2021-09-06,Siskiyou,93,43540,2661,2595,884,3479,34
2021-09-06,Solano,95,438530,42107,41774,1069,42843,300
2021-09-06,Sonoma,97,501317,38221,37929,471,38400,358
2021-09-06,Stanislaus,99,539301,69445,68596,7696,76292,1074
2021-09-06,Sutter,101,95872,12391,12238,185,12423,138
2021-09-06,Tehama,103,63373,6571,6413,1035,7448,74
2021-09-06,Trinity,105,12862,528,515,143,658,6
2021-09-06,Tulare,107,460477,57769,57068,12159,69227,874
2021-09-06,Tuolumne,109,53932,5832,5697,52,5749,88
2021-09-06,Ventura,111,848112,92005,91132,4158,95290,1093
2021-09-06,Yolo,113,214977,17732,17576,849,18425,235
2021-09-06,Yuba,115,75493,8694,8584,163,8747,55
2021-09-05,Alameda,1,1643700,111127,110173,2718,112891,1301
2021-09-05,Alpine,3,1148,95,94,0,94,0
2021-09-05,Amador,5,37829,4723,4642,45,4687,53
2021-09-05,Butte,7,227075,16821,16504,2995,19499,218
2021-09-05,Calaveras,9,45235,3153,3106,23,3129,63
2021-09-05,Colusa,11,21464,2321,2305,508,2813,16
2021-09-05,Contra Costa,13,1133247,91610,90862,1878,92740,891
2021-09-05,Del Norte,15,27424,3120,3023,15,3038,24
2021-09-05,El Dorado,17,186661,13981,13827,1364,15191,119
2021-09-05,Fresno,19,978130,120667,119384,10618,130002,1828
2021-09-05,Glenn,21,27897,2951,2899,805,3704,20
2021-09-05,Humboldt,23,135768,7467,7312,307,7619,52
2021-09-05,Imperial,25,180216,30658,30548,3043,33591,751
2021-09-05,Inyo,27,18085,1584,1572,9,1581,39
2021-09-05,Kern,29,883053,111313,110073,16239,126312,1408
2021-09-05,Kings,31,150075,27427,26989,1593,28582,264
2021-09-05,Lake,33,64148,5651,5525,77,5602,78
2021-09-05,Lassen,35,31185,5885,5820,186,6006,21
2021-09-05,Los Angeles,37,10098052,1362682,1357748,53213,1410961,25465
2021-09-05,Madera,39,155013,19464,19155,1471,20626,249
2021-09-05,Marin,41,260295,16427,16342,387,16729,242
2021-09-05,Mariposa,43,17540,788,761,22,783,5
2021-09-05,Mendocino,45,87422,6171,5965,237,6202,61
2021-09-05,Merced,47,269075,36621,36243,1263,37506,513
2021-09-05,Modoc,49,8938,449,447,158,605,5
2021-09-05,Mono,51,14174,1422,1416,14,1430,3
2021-09-05,Monterey,53,433212,45997,45795,2730,48525,540
2021-09-05,Napa,55,140530,11901,11770,77,11847,90
2021-09-05,Nevada,57,99092,7908,7722,260,7982,82
2021-09-05,Orange,59,3164182,289405,287614,13650,301264,5274
2021-09-05,Placer,61,380077,32061,31487,2930,34417,337
2021-09-05,Plumas,63,18699,1080,1067,25,1092,5
2021-09-05,Riverside,65,2383286,334924,332604,16276,348880,4654
2021-09-05,Sacramento,67,1510023,141446,141276,3352,144628,1905
2021-09-05,San Benito,69,59416,6804,6764,142,6906,64
2021-09-05,San Bernardino,71,2135413,331020,329062,10341,339403,5392
2021-09-05,San Diego,73,3302833,342292,339427,0,339427,3914
2021-09-05,San Francisco,75,870044,48351,48035,2371,50406,589
2021-09-05,San Joaquin,77,732212,89705,89121,4716,93837,1548
2021-09-05,San Luis Obispo,79,281455,26338,26098,1053,27151,285
2021-09-05,San Mateo,81,765935,50152,49809,1103,50912,561
2021-09-05,Santa Barbara,83,443738,40350,39762,1550,41312,489
2021-09-05,Santa Clara,85,1922200,137043,136146,1076,137222,1807
2021-09-05,Santa Cruz,87,273765,18749,18588,1033,19621,210
2021-09-05,Shasta,89,179085,16529,15960,2531,18491,226
2021-09-05,Sierra,91,2930,122,109,15,124,0
2021-09-05,Siskiyou,93,43540,2654,2585,882,3467,34
2021-09-05,Solano,95,438530,42043,41687,1068,42755,300
2021-09-05,Sonoma,97,501317,38158,37881,471,38352,358
2021-09-05,Stanislaus,99,539301,69323,68434,7686,76120,1074
2021-09-05,Sutter,101,95872,12361,12179,180,12359,138
2021-09-05,Tehama,103,63373,6557,6400,1035,7435,74
2021-09-05,Trinity,105,12862,524,505,143,648,6
2021-09-05,Tulare,107,460477,57641,56915,12113,69028,874
2021-09-05,Tuolumne,109,53932,5824,5688,52,5740,88
2021-09-05,Ventura,111,848112,91888,91004,4153,95157,1093
2021-09-05,Yolo,113,214977,17703,17557,848,18405,235
2021-09-05,Yuba,115,75493,8671,8521,163,8684,55
2021-09-04,Alameda,1,1643700,111026,109944,2709,112653,1301
2021-09-04,Alpine,3,1148,95,94,0,94,0
2021-09-04,Amador,5,37829,4706,4637,45,4682,53
2021-09-04,Butte,7,227075,16788,16403,2990,19393,218
2021-09-04,Calaveras,9,45235,3142,3087,22,3109,63
2021-09-04,Colusa,11,21464,2319,2301,508,2809,16
2021-09-04,Contra Costa,13,1133247,91510,90623,1875,92498,891
2021-09-04,Del Norte,15,27424,3110,2984,15,2999,24
2021-09-04,El Dorado,17,186661,13961,13782,1359,15141,119
2021-09-04,Fresno,19,978130,120516,119033,10599,129632,1828
2021-09-04,Glenn,21,27897,2950,2878,805,3683,20
2021-09-04,Humboldt,23,135768,7442,7298,305,7603,52
2021-09-04,Imperial,25,180216,30639,30526,3041,33567,751
2021-09-04,Inyo,27,18085,1582,1571,9,1580,39
2021-09-04,Kern,29,883053,111117,109751,16223,125974,1408
2021-09-04,Kings,31,150075,27357,26896,1591,28487,263
2021-09-04,Lake,33,64148,5632,5507,77,5584,78
2021-09-04,Lassen,35,31185,5876,5814,186,6000,21
2021-09-04,Los Angeles,37,10098052,1362022,1355634,53160,1408794,25454
2021-09-04,Madera,39,155013,19442,19112,1458,20570,249
2021-09-04,Marin,41,260295,16413,16319,385,16704,242
2021-09-04,Mariposa,43,17540,786,759,22,781,5
2021-09-04,Mendocino,45,87422,6139,5933,237,6170,61
2021-09-04,Merced,47,269075,36594,36083,1261,37344,513
2021-09-04,Modoc,49,8938,449,447,158,605,5
2021-09-04,Mono,51,14174,1422,1417,14,1431,3
2021-09-04,Monterey,53,433212,45982,45756,2729,48485,540
2021-09-04,Napa,55,140530,11880,11760,75,11835,90
2021-09-04,Nevada,57,99092,7896,7691,260,7951,82
2021-09-04,Orange,59,3164182,289176,287244,13630,300874,5274
2021-09-04,Placer,61,380077,31959,31374,2920,34294,337
2021-09-04,Plumas,63,18699,1077,1067,25,1092,5
2021-09-04,Riverside,65,2383286,334502,331958,16261,348219,4654
2021-09-04,Sacramento,67,1510023,141153,140735,3346,144081,1896
2021-09-04,San Benito,69,59416,6795,6758,142,6900,64
2021-09-04,San Bernardino,71,2135413,330756,328425,10329,338754,5393
2021-09-04,San Diego,73,3302833,341911,338748,0,338748,3914
2021-09-04,San Francisco,75,870044,48285,47937,2359,50296,589
2021-09-04,San Joaquin,77,732212,89607,88846,4708,93554,1548
2021-09-04,San Luis Obispo,79,281455,26316,26020,1053,27073,285
2021-09-04,San Mateo,81,765935,50110,49721,1101,50822,560
2021-09-04,Santa Barbara,83,443738,40297,39667,1549,41216,489
2021-09-04,Santa Clara,85,1922200,136870,135845,1075,136920,1806
2021-09-04,Santa Cruz,87,273765,18734,18579,1033,19612,210
2021-09-04,Shasta,89,179085,16474,15924,2521,18445,226
2021-09-04,Sierra,91,2930,120,108,15,123,0
2021-09-04,Siskiyou,93,43540,2642,2563,872,3435,34
2021-09-04,Solano,95,438530,41996,41614,1064,42678,300
2021-09-04,Sonoma,97,501317,38131,37809,471,38280,358
2021-09-04,Stanislaus,99,539301,69185,68210,7670,75880,1074
2021-09-04,Sutter,101,95872,12319,12137,180,12317,138
2021-09-04,Tehama,103,63373,6545,6367,1030,7397,74
2021-09-04,Trinity,105,12862,522,497,142,639,6
2021-09-04,Tulare,107,460477,57557,56719,12086,68805,874
2021-09-04,Tuolumne,109,53932,5807,5667,52,5719,88
2021-09-04,Ventura,111,848112,91774,90904,4150,95054,1090
2021-09-04,Yolo,113,214977,17672,17522,846,18368,235
2021-09-04,Yuba,115,75493,8644,8475,162,8637,55
2021-09-03,Alameda,1,1643700,110906,109636,2705,112341,1301
2021-09-03,Alpine,3,1148,95,94,0,94,0
2021-09-03,Amador,5,37829,4686,4614,45,4659,53
2021-09-03,Butte,7,227075,16713,16259,2979,19238,215
2021-09-03,Calaveras,9,45235,3132,3069,22,3091,63
2021-09-03,Colusa,11,21464,2316,2295,508,2803,16
2021-09-03,Contra Costa,13,1133247,91372,90299,1872,92171,886
2021-09-03,Del Norte,15,27424,3085,2943,15,2958,24
2021-09-03,El Dorado,17,186661,13933,13710,1357,15067,119
2021-09-03,Fresno,19,978130,120205,118508,10590,129098,1822
2021-09-03,Glenn,21,27897,2939,2867,800,3667,20
2021-09-03,Humboldt,23,135768,7421,7194,304,7498,52
2021-09-03,Imperial,25,180216,30621,30475,3037,33512,751
2021-09-03,Inyo,27,18085,1577,1567,9,1576,39
2021-09-03,Kern,29,883053,110915,109296,16209,125505,1407
2021-09-03,Kings,31,150075,27285,26753,1591,28344,263
2021-09-03,Lake,33,64148,5614,5479,77,5556,78
2021-09-03,Lassen,35,31185,5866,5789,186,5975,21
2021-09-03,Los Angeles,37,10098052,1360960,1351185,53107,1404292,25384
2021-09-03,Madera,39,155013,19378,19021,1444,20465,247
2021-09-03,Marin,41,260295,16392,16293,384,16677,242
2021-09-03,Mariposa,43,17540,779,753,22,775,5
2021-09-03,Mendocino,45,87422,6106,5891,237,6128,61
2021-09-03,Merced,47,269075,36556,35941,1258,37199,512
2021-09-03,Modoc,49,8938,449,445,158,603,5
2021-09-03,Mono,51,14174,1422,1410,14,1424,3
2021-09-03,Monterey,53,433212,45955,45707,2728,48435,540
2021-09-03,Napa,55,140530,11860,11733,75,11808,89
2021-09-03,Nevada,57,99092,7865,7632,260,7892,82
2021-09-03,Orange,59,3164182,288890,286818,13612,300430,5253
2021-09-03,Placer,61,380077,31857,31238,2910,34148,335
2021-09-03,Plumas,63,18699,1073,1057,25,1082,5
2021-09-03,Riverside,65,2383286,334006,331011,16238,347249,4653
2021-09-03,Sacramento,67,1510023,140775,139982,3332,143314,1886
2021-09-03,San Benito,69,59416,6789,6746,142,6888,64
2021-09-03,San Bernardino,71,2135413,330390,327599,10320,337919,5381
2021-09-03,San Diego,73,3302833,341344,337627,0,337627,3911
2021-09-03,San Francisco,75,870044,48221,47822,2348,50170,589
2021-09-03,San Joaquin,77,732212,89478,88366,4701,93067,1540
2021-09-03,San Luis Obispo,79,281455,26255,25917,1052,26969,283
2021-09-03,San Mateo,81,765935,50037,49617,1100,50717,560
2021-09-03,Santa Barbara,83,443738,40232,39507,1548,41055,489
2021-09-03,Santa Clara,85,1922200,136675,135522,1073,136595,1801
2021-09-03,Santa Cruz,87,273765,18712,18532,1033,19565,210
2021-09-03,Shasta,89,179085,16408,15778,2518,18296,226
2021-09-03,Sierra,91,2930,118,105,15,120,0
2021-09-03,Siskiyou,93,43540,2634,2529,867,3396,34
2021-09-03,Solano,95,438530,41937,41457,1055,42512,300
2021-09-03,Sonoma,97,501317,38085,37699,471,38170,358
2021-09-03,Stanislaus,99,539301,69028,67887,7662,75549,1074
2021-09-03,Sutter,101,95872,12286,12073,180,12253,139
2021-09-03,Tehama,103,63373,6519,6334,1026,7360,72
2021-09-03,Trinity,105,12862,521,490,138,628,6
2021-09-03,Tulare,107,460477,57444,56401,12037,68438,872
2021-09-03,Tuolumne,109,53932,5771,5630,52,5682,88
2021-09-03,Ventura,111,848112,91654,90742,4145,94887,1088
2021-09-03,Yolo,113,214977,17651,17446,841,18287,235
2021-09-03,Yuba,115,75493,8618,8412,162,8574,55
2021-09-02,Alameda,1,1643700,110683,109377,2699,112076,1301
2021-09-02,Alpine,3,1148,94,92,0,92,0
2021-09-02,Amador,5,37829,4671,4606,44,4650,53
2021-09-02,Butte,7,227075,16608,16154,2960,19114,215
2021-09-02,Calaveras,9,45235,3123,3042,20,3062,62
2021-09-02,Colusa,11,21464,2313,2290,506,2796,16
2021-09-02,Contra Costa,13,1133247,91206,90038,1866,91904,886
2021-09-02,Del Norte,15,27424,3058,2891,14,2905,24
2021-09-02,El Dorado,17,186661,13880,13641,1338,14979,119
2021-09-02,Fresno,19,978130,119740,117974,10564,128538,1804
2021-09-02,Glenn,21,27897,2917,2855,794,3649,20
2021-09-02,Humboldt,23,135768,7382,7141,297,7438,52
2021-09-02,Imperial,25,180216,30584,30449,3037,33486,751
2021-09-02,Inyo,27,18085,1573,1564,9,1573,39
2021-09-02,Kern,29,883053,110577,108930,16137,125067,1404
2021-09-02,Kings,31,150075,27200,26638,1587,28225,263
2021-09-02,Lake,33,64148,5589,5432,77,5509,78
2021-09-02,Lassen,35,31185,5854,5747,178,5925,21
2021-09-02,Los Angeles,37,10098052,1359390,1351105,53025,1404130,25382
2021-09-02,Madera,39,155013,19310,18937,1421,20358,247
2021-09-02,Marin,41,260295,16380,16244,382,16626,242
2021-09-02,Mariposa,43,17540,776,745,20,765,5
2021-09-02,Mendocino,45,87422,6071,5848,233,6081,61
2021-09-02,Merced,47,269075,36399,35820,1249,37069,508
2021-09-02,Modoc,49,8938,449,437,158,595,5
2021-09-02,Mono,51,14174,1422,1409,14,1423,3
2021-09-02,Monterey,53,433212,45909,45648,2723,48371,539
2021-09-02,Napa,55,140530,11832,11684,75,11759,88
2021-09-02,Nevada,57,99092,7817,7575,259,7834,82
2021-09-02,Orange,59,3164182,288474,286326,13597,299923,5240
2021-09-02,Placer,61,380077,31730,31067,2892,33959,330
2021-09-02,Plumas,63,18699,1064,1045,20,1065,5
2021-09-02,Riverside,65,2383286,333321,330190,16213,346403,4644
2021-09-02,Sacramento,67,1510023,140106,139274,3297,142571,1882
2021-09-02,San Benito,69,59416,6784,6734,141,6875,64
2021-09-02,San Bernardino,71,2135413,329831,326940,10252,337192,5369
2021-09-02,San Diego,73,3302833,340486,336382,0,336382,3909
2021-09-02,San Francisco,75,870044,48120,47674,2347,50021,587
2021-09-02,San Joaquin,77,732212,89226,88056,4671,92727,1540
2021-09-02,San Luis Obispo,79,281455,26170,25851,1046,26897,283
2021-09-02,San Mateo,81,765935,49960,49490,1100,50590,558
2021-09-02,Santa Barbara,83,443738,40142,39386,1530,40916,486
2021-09-02,Santa Clara,85,1922200,136387,135216,1070,136286,1799
2021-09-02,Santa Cruz,87,273765,18682,18473,1031,19504,210
2021-09-02,Shasta,89,179085,16287,15670,2506,18176,224
2021-09-02,Sierra,91,2930,118,105,15,120,0
2021-09-02,Siskiyou,93,43540,2619,2513,828,3341,34
2021-09-02,Solano,95,438530,41848,41293,1049,42342,294
2021-09-02,Sonoma,97,501317,38013,37558,471,38029,352
2021-09-02,Stanislaus,99,539301,68797,67576,7648,75224,1074
2021-09-02,Sutter,101,95872,12217,11995,178,12173,138
2021-09-02,Tehama,103,63373,6463,6265,1017,7282,72
2021-09-02,Trinity,105,12862,517,484,136,620,6
2021-09-02,Tulare,107,460477,57244,56105,11994,68099,872
2021-09-02,Tuolumne,109,53932,5723,5578,52,5630,88
2021-09-02,Ventura,111,848112,91476,90610,4137,94747,1084
2021-09-02,Yolo,113,214977,17588,17357,833,18190,235
2021-09-02,Yuba,115,75493,8563,8363,162,8525,55
2021-09-01,Alameda,1,1643700,110435,109075,2688,111763,1299
2021-09-01,Alpine,3,1148,94,92,0,92,0
2021-09-01,Amador,5,37829,4657,4599,44,4643,53
2021-09-01,Butte,7,227075,16510,16046,2935,18981,215
2021-09-01,Calaveras,9,45235,3108,3023,20,3043,59
2021-09-01,Colusa,11,21464,2309,2281,506,2787,16
2021-09-01,Contra Costa,13,1133247,90990,89834,1854,91688,877
2021-09-01,Del Norte,15,27424,3025,2860,14,2874,24
2021-09-01,El Dorado,17,186661,13830,13577,1327,14904,119
2021-09-01,Fresno,19,978130,119248,117492,10503,127995,1800
2021-09-01,Glenn,21,27897,2890,2846,781,3627,20
2021-09-01,Humboldt,23,135768,7335,7090,286,7376,52
2021-09-01,Imperial,25,180216,30555,30393,3034,33427,750
2021-09-01,Inyo,27,18085,1570,1561,7,1568,39
2021-09-01,Kern,29,883053,110229,108449,16078,124527,1400
2021-09-01,Kings,31,150075,27088,26443,1584,28027,263
2021-09-01,Lake,33,64148,5557,5396,75,5471,77
2021-09-01,Lassen,35,31185,5834,5731,176,5907,21
2021-09-01,Los Angeles,37,10098052,1357393,1348589,52924,1401513,25341
2021-09-01,Madera,39,155013,19247,18852,1413,20265,247
2021-09-01,Marin,41,260295,16360,16224,377,16601,240
2021-09-01,Mariposa,43,17540,769,735,20,755,5
2021-09-01,Mendocino,45,87422,6027,5821,228,6049,59
2021-09-01,Merced,47,269075,36253,35686,1242,36928,500
2021-09-01,Modoc,49,8938,444,436,156,592,5
2021-09-01,Mono,51,14174,1421,1400,14,1414,3
2021-09-01,Monterey,53,433212,45843,45590,2716,48306,539
2021-09-01,Napa,55,140530,11805,11653,75,11728,88
2021-09-01,Nevada,57,99092,7767,7508,257,7765,82
2021-09-01,Orange,59,3164182,288033,285840,13560,299400,5233
2021-09-01,Placer,61,380077,31574,30902,2888,33790,330
2021-09-01,Plumas,63,18699,1057,1033,20,1053,5
2021-09-01,Riverside,65,2383286,332553,329388,16174,345562,4634
2021-09-01,Sacramento,67,1510023,139408,138499,3247,141746,1875
2021-09-01,San Benito,69,59416,6767,6716,141,6857,64
2021-09-01,San Bernardino,71,2135413,329228,326250,10226,336476,5364
2021-09-01,San Diego,73,3302833,339555,335302,0,335302,3908
2021-09-01,San Francisco,75,870044,48020,47538,2344,49882,584
2021-09-01,San Joaquin,77,732212,88914,87640,4650,92290,1540
2021-09-01,San Luis Obispo,79,281455,26082,25691,1041,26732,283
2021-09-01,San Mateo,81,765935,49859,49394,1097,50491,558
2021-09-01,Santa Barbara,83,443738,40026,39263,1513,40776,483
2021-09-01,Santa Clara,85,1922200,136134,134855,1065,135920,1796
2021-09-01,Santa Cruz,87,273765,18636,18453,1029,19482,210
2021-09-01,Shasta,89,179085,16152,15552,2461,18013,221
2021-09-01,Sierra,91,2930,117,98,15,113,0
2021-09-01,Siskiyou,93,43540,2596,2482,814,3296,34
2021-09-01,Solano,95,438530,41723,41194,1045,42239,293
2021-09-01,Sonoma,97,501317,37924,37454,471,37925,352
2021-09-01,Stanislaus,99,539301,68512,67287,7628,74915,1075
2021-09-01,Sutter,101,95872,12153,11945,173,12118,136
2021-09-01,Tehama,103,63373,6430,6228,1001,7229,72
2021-09-01,Trinity,105,12862,516,482,134,616,5
2021-09-01,Tulare,107,460477,56972,55768,11956,67724,870
2021-09-01,Tuolumne,109,53932,5691,5553,52,5605,88
2021-09-01,Ventura,111,848112,91256,90471,4117,94588,1089
2021-09-01,Yolo,113,214977,17537,17264,823,18087,235
2021-09-01,Yuba,115,75493,8503,8308,162,8470,55
2021-08-31,Alameda,1,1643700,110147,108837,2681,111518,1297
2021-08-31,Alpine,3,1148,92,92,0,92,0
2021-08-31,Amador,5,37829,4638,4555,44,4599,53
2021-08-31,Butte,7,227075,16386,15896,2895,18791,216
2021-08-31,Calaveras,9,45235,3071,3008,20,3028,59
2021-08-31,Colusa,11,21464,2307,2275,506,2781,16
2021-08-31,Contra Costa,13,1133247,90706,89546,1844,91390,871
2021-08-31,Del Norte,15,27424,2988,2830,14,2844,19
2021-08-31,El Dorado,17,186661,13764,13539,1318,14857,119
2021-08-31,Fresno,19,978130,118721,117155,10441,127596,1801
2021-08-31,Glenn,21,27897,2878,2829,765,3594,20
2021-08-31,Humboldt,23,135768,7265,7030,275,7305,52
2021-08-31,Imperial,25,180216,30526,30348,3026,33374,750
2021-08-31,Inyo,27,18085,1566,1550,7,1557,39
2021-08-31,Kern,29,883053,109769,108151,16027,124178,1393
2021-08-31,Kings,31,150075,26954,26405,1570,27975,260
2021-08-31,Lake,33,64148,5526,5359,72,5431,74
2021-08-31,Lassen,35,31185,5816,5702,173,5875,21
2021-08-31,Los Angeles,37,10098052,1355092,1346686,52846,1399532,25303
2021-08-31,Madera,39,155013,19165,18811,1401,20212,247
2021-08-31,Marin,41,260295,16333,16215,374,16589,240
2021-08-31,Mariposa,43,17540,762,732,20,752,5
2021-08-31,Mendocino,45,87422,5997,5777,227,6004,59
2021-08-31,Merced,47,269075,36092,35512,1234,36746,498
2021-08-31,Modoc,49,8938,443,436,156,592,5
2021-08-31,Mono,51,14174,1410,1398,14,1412,3
2021-08-31,Monterey,53,433212,45783,45550,2708,48258,539
2021-08-31,Napa,55,140530,11759,11618,75,11693,88
2021-08-31,Nevada,57,99092,7707,7460,257,7717,82
2021-08-31,Orange,59,3164182,287462,285310,13526,298836,5229
2021-08-31,Placer,61,380077,31398,30745,2865,33610,325
2021-08-31,Plumas,63,18699,1053,1018,20,1038,5
2021-08-31,Riverside,65,2383286,331635,328556,16139,344695,4627
2021-08-31,Sacramento,67,1510023,138670,137879,3218,141097,1863
2021-08-31,San Benito,69,59416,6756,6694,140,6834,64
2021-08-31,San Bernardino,71,2135413,328541,325446,10209,335655,5350
2021-08-31,San Diego,73,3302833,338406,334377,0,334377,3888
2021-08-31,San Francisco,75,870044,47890,47440,2327,49767,581
2021-08-31,San Joaquin,77,732212,88485,87365,4630,91995,1540
2021-08-31,San Luis Obispo,79,281455,25958,25518,1037,26555,282
2021-08-31,San Mateo,81,765935,49750,49299,1093,50392,556
2021-08-31,Santa Barbara,83,443738,39879,39091,1504,40595,481
2021-08-31,Santa Clara,85,1922200,135803,134637,1063,135700,1793
2021-08-31,Santa Cruz,87,273765,18595,18419,1027,19446,210
2021-08-31,Shasta,89,179085,16008,15368,2440,17808,220
2021-08-31,Sierra,91,2930,115,95,15,110,0
2021-08-31,Siskiyou,93,43540,2583,2435,803,3238,33
2021-08-31,Solano,95,438530,41602,41067,1041,42108,289
2021-08-31,Sonoma,97,501317,37842,37379,468,37847,352
2021-08-31,Stanislaus,99,539301,68164,67004,7594,74598,1075
2021-08-31,Sutter,101,95872,12089,11901,170,12071,136
2021-08-31,Tehama,103,63373,6386,6169,974,7143,72
2021-08-31,Trinity,105,12862,511,480,133,613,3
2021-08-31,Tulare,107,460477,56656,55567,11906,67473,870
2021-08-31,Tuolumne,109,53932,5659,5516,51,5567,88
2021-08-31,Ventura,111,848112,91044,90292,4103,94395,1081
2021-08-31,Yolo,113,214977,17462,17205,819,18024,234
2021-08-31,Yuba,115,75493,8451,8253,162,8415,54
2021-08-30,Alameda,1,1643700,109823,107734,2667,110401,1296
2021-08-30,Alpine,3,1148,92,92,0,92,0
2021-08-30,Amador,5,37829,4627,4507,44,4551,53
2021-08-30,Butte,7,227075,16241,15719,2864,18583,214
2021-08-30,Calaveras,9,45235,3052,2975,20,2995,59
2021-08-30,Colusa,11,21464,2299,2271,501,2772,16
2021-08-30,Contra Costa,13,1133247,90449,87679,1833,89512,872
2021-08-30,Del Norte,15,27424,2948,2796,12,2808,11
2021-08-30,El Dorado,17,186661,13698,13217,1307,14524,119
2021-08-30,Fresno,19,978130,118139,115867,10372,126239,1790
2021-08-30,Glenn,21,27897,2866,2804,759,3563,20
2021-08-30,Humboldt,23,135768,7210,6930,266,7196,52
2021-08-30,Imperial,25,180216,30494,30311,3021,33332,750
2021-08-30,Inyo,27,18085,1563,1544,7,1551,39
2021-08-30,Kern,29,883053,109306,107615,15901,123516,1389
2021-08-30,Kings,31,150075,26829,26236,1560,27796,259
2021-08-30,Lake,33,64148,5496,5323,71,5394,74
2021-08-30,Lassen,35,31185,5796,5667,172,5839,21
2021-08-30,Los Angeles,37,10098052,1352716,1344949,52757,1397706,25269
2021-08-30,Madera,39,155013,19088,18622,1384,20006,247
2021-08-30,Marin,41,260295,16302,16160,372,16532,240
2021-08-30,Mariposa,43,17540,756,715,18,733,5
2021-08-30,Mendocino,45,87422,5967,5721,223,5944,55
2021-08-30,Merced,47,269075,35942,35335,1231,36566,497
2021-08-30,Modoc,49,8938,441,436,155,591,5
2021-08-30,Mono,51,14174,1410,1390,14,1404,3
2021-08-30,Monterey,53,433212,45734,45463,2691,48154,539
2021-08-30,Napa,55,140530,11710,11579,72,11651,87
2021-08-30,Nevada,57,99092,7651,7356,257,7613,82
2021-08-30,Orange,59,3164182,286909,284750,13501,298251,5223
2021-08-30,Placer,61,380077,31239,29825,2842,32667,319
2021-08-30,Plumas,63,18699,1036,998,20,1018,5
2021-08-30,Riverside,65,2383286,330750,327593,16106,343699,4623
2021-08-30,Sacramento,67,1510023,138015,134571,3171,137742,1847
2021-08-30,San Benito,69,59416,6746,6663,140,6803,64
2021-08-30,San Bernardino,71,2135413,327908,324870,10180,335050,5348
2021-08-30,San Diego,73,3302833,337218,333011,0,333011,3885
2021-08-30,San Francisco,75,870044,47756,46966,2306,49272,581
2021-08-30,San Joaquin,77,732212,88168,86203,4625,90828,1528
2021-08-30,San Luis Obispo,79,281455,25838,25422,1030,26452,280
2021-08-30,San Mateo,81,765935,49637,48839,1074,49913,554
2021-08-30,Santa Barbara,83,443738,39737,38998,1499,40497,481
2021-08-30,Santa Clara,85,1922200,135484,133281,1052,134333,1789
2021-08-30,Santa Cruz,87,273765,18542,18326,1024,19350,210
2021-08-30,Shasta,89,179085,15883,15238,2397,17635,217
2021-08-30,Sierra,91,2930,113,91,15,106,0
2021-08-30,Siskiyou,93,43540,2570,2411,791,3202,33
2021-08-30,Solano,95,438530,41467,39986,1035,41021,290
2021-08-30,Sonoma,97,501317,37745,36764,466,37230,352
2021-08-30,Stanislaus,99,539301,67824,66173,7563,73736,1074
2021-08-30,Sutter,101,95872,12016,11791,163,11954,136
2021-08-30,Tehama,103,63373,6302,6085,941,7026,71
2021-08-30,Trinity,105,12862,501,468,131,599,3
2021-08-30,Tulare,107,460477,56352,55140,11841,66981,870
2021-08-30,Tuolumne,109,53932,5614,5492,51,5543,74
2021-08-30,Ventura,111,848112,90830,90149,4089,94238,1082
2021-08-30,Yolo,113,214977,17403,17071,816,17887,231
2021-08-30,Yuba,115,75493,8380,8129,161,8290,54
2021-08-29,Alameda,1,1643700,109483,107494,2652,110146,1296
2021-08-29,Alpine,3,1148,92,92,0,92,0
2021-08-29,Amador,5,37829,4614,4501,43,4544,53
2021-08-29,Butte,7,227075,16084,15602,2824,18426,214
2021-08-29,Calaveras,9,45235,3015,2970,20,2990,59
2021-08-29,Colusa,11,21464,2289,2260,496,2756,16
2021-08-29,Contra Costa,13,1133247,90155,87439,1832,89271,872
2021-08-29,Del Norte,15,27424,2904,2752,12,2764,11
2021-08-29,El Dorado,17,186661,13645,13166,1295,14461,119
2021-08-29,Fresno,19,978130,117545,115502,10318,125820,1790
2021-08-29,Glenn,21,27897,2845,2778,752,3530,20
2021-08-29,Humboldt,23,135768,7166,6922,251,7173,52
2021-08-29,Imperial,25,180216,30437,30293,3011,33304,750
2021-08-29,Inyo,27,18085,1553,1543,6,1549,39
2021-08-29,Kern,29,883053,108877,107324,15764,123088,1389
2021-08-29,Kings,31,150075,26675,26143,1547,27690,259
2021-08-29,Lake,33,64148,5462,5293,67,5360,74
2021-08-29,Lassen,35,31185,5774,5666,169,5835,21
2021-08-29,Los Angeles,37,10098052,1350048,1342541,52634,1395175,25263
2021-08-29,Madera,39,155013,19002,18594,1368,19962,247
2021-08-29,Marin,41,260295,16272,16134,368,16502,240
2021-08-29,Mariposa,43,17540,750,709,17,726,5
2021-08-29,Mendocino,45,87422,5909,5689,206,5895,55
2021-08-29,Merced,47,269075,35707,35250,1224,36474,497
2021-08-29,Modoc,49,8938,438,436,155,591,5
2021-08-29,Mono,51,14174,1401,1387,14,1401,3
2021-08-29,Monterey,53,433212,45654,45424,2662,48086,539
2021-08-29,Napa,55,140530,11678,11552,72,11624,87
2021-08-29,Nevada,57,99092,7596,7294,256,7550,82
2021-08-29,Orange,59,3164182,286317,284432,13478,297910,5223
2021-08-29,Placer,61,380077,31067,29674,2816,32490,319
2021-08-29,Plumas,63,18699,1029,996,20,1016,5
2021-08-29,Riverside,65,2383286,329904,326987,16084,343071,4623
2021-08-29,Sacramento,67,1510023,137282,133981,3122,137103,1843
2021-08-29,San Benito,69,59416,6719,6646,140,6786,64
2021-08-29,San Bernardino,71,2135413,327156,324266,10150,334416,5347
2021-08-29,San Diego,73,3302833,336230,332014,0,332014,3880
2021-08-29,San Francisco,75,870044,47628,46885,2287,49172,581
2021-08-29,San Joaquin,77,732212,87743,85922,4617,90539,1528
2021-08-29,San Luis Obispo,79,281455,25644,25288,1026,26314,280
2021-08-29,San Mateo,81,765935,49532,48737,1063,49800,554
2021-08-29,Santa Barbara,83,443738,39589,38900,1493,40393,481
2021-08-29,Santa Clara,85,1922200,135138,132979,1047,134026,1789
2021-08-29,Santa Cruz,87,273765,18495,18285,1022,19307,210
2021-08-29,Shasta,89,179085,15727,15198,2369,17567,217
2021-08-29,Sierra,91,2930,111,91,15,106,0
2021-08-29,Siskiyou,93,43540,2524,2407,773,3180,33
2021-08-29,Solano,95,438530,41323,39887,1031,40918,290
2021-08-29,Sonoma,97,501317,37609,36650,464,37114,352
2021-08-29,Stanislaus,99,539301,67481,65956,7529,73485,1074
2021-08-29,Sutter,101,95872,11959,11719,158,11877,136
2021-08-29,Tehama,103,63373,6219,6040,917,6957,71
2021-08-29,Trinity,105,12862,500,468,128,596,3
2021-08-29,Tulare,107,460477,56021,54974,11768,66742,870
2021-08-29,Tuolumne,109,53932,5590,5478,50,5528,74
2021-08-29,Ventura,111,848112,90596,90114,4079,94193,1082
2021-08-29,Yolo,113,214977,17311,17015,812,17827,231
2021-08-29,Yuba,115,75493,8317,8042,161,8203,54
2021-08-28,Alameda,1,1643700,109334,107007,2644,109651,1296
2021-08-28,Alpine,3,1148,92,92,0,92,0
2021-08-28,Amador,5,37829,4596,4484,43,4527,53
2021-08-28,Butte,7,227075,16032,15487,2791,18278,214
2021-08-28,Calaveras,9,45235,3007,2926,20,2946,59
2021-08-28,Colusa,11,21464,2285,2252,495,2747,16
2021-08-28,Contra Costa,13,1133247,89945,86938,1831,88769,872
2021-08-28,Del Norte,15,27424,2878,2734,11,2745,11
2021-08-28,El Dorado,17,186661,13607,13089,1288,14377,119
2021-08-28,Fresno,19,978130,117347,115079,10300,125379,1792
2021-08-28,Glenn,21,27897,2840,2773,751,3524,20
2021-08-28,Humboldt,23,135768,7133,6887,248,7135,52
2021-08-28,Imperial,25,180216,30412,30260,3005,33265,750
2021-08-28,Inyo,27,18085,1552,1539,6,1545,39
2021-08-28,Kern,29,883053,108656,107012,15639,122651,1389
2021-08-28,Kings,31,150075,26609,26059,1544,27603,257
2021-08-28,Lake,33,64148,5441,5267,59,5326,74
2021-08-28,Lassen,35,31185,5761,5665,168,5833,21
2021-08-28,Los Angeles,37,10098052,1348910,1337097,52561,1389658,25234
2021-08-28,Madera,39,155013,18964,18553,1352,19905,247
2021-08-28,Marin,41,260295,16257,16106,366,16472,240
2021-08-28,Mariposa,43,17540,748,704,17,721,5
2021-08-28,Mendocino,45,87422,5885,5658,206,5864,55
2021-08-28,Merced,47,269075,35664,35108,1222,36330,497
2021-08-28,Modoc,49,8938,438,436,154,590,5
2021-08-28,Mono,51,14174,1399,1385,14,1399,3
2021-08-28,Monterey,53,433212,45620,45394,2651,48045,539
2021-08-28,Napa,55,140530,11657,11512,71,11583,88
2021-08-28,Nevada,57,99092,7573,7238,255,7493,82
2021-08-28,Orange,59,3164182,285981,283953,13457,297410,5222
2021-08-28,Placer,61,380077,30960,29428,2804,32232,319
2021-08-28,Plumas,63,18699,1024,991,20,1011,5
2021-08-28,Riverside,65,2383286,329324,326222,16075,342297,4623
2021-08-28,Sacramento,67,1510023,136897,132985,3101,136086,1844
2021-08-28,San Benito,69,59416,6712,6636,140,6776,64
2021-08-28,San Bernardino,71,2135413,326744,323672,10137,333809,5348
2021-08-28,San Diego,73,3302833,335660,331330,0,331330,3880
2021-08-28,San Francisco,75,870044,47556,46654,2280,48934,581
2021-08-28,San Joaquin,77,732212,87586,85481,4613,90094,1527
2021-08-28,San Luis Obispo,79,281455,25585,25138,1022,26160,280
2021-08-28,San Mateo,81,765935,49460,48575,1054,49629,554
2021-08-28,Santa Barbara,83,443738,39517,38780,1492,40272,481
2021-08-28,Santa Clara,85,1922200,134932,132488,1044,133532,1789
2021-08-28,Santa Cruz,87,273765,18478,18240,1019,19259,210
2021-08-28,Shasta,89,179085,15630,15147,2354,17501,217
2021-08-28,Sierra,91,2930,107,91,15,106,0
2021-08-28,Siskiyou,93,43540,2516,2402,762,3164,33
2021-08-28,Solano,95,438530,41277,39610,1029,40639,290
2021-08-28,Sonoma,97,501317,37540,36466,462,36928,352
2021-08-28,Stanislaus,99,539301,67321,65670,7511,73181,1074
2021-08-28,Sutter,101,95872,11940,11669,158,11827,136
2021-08-28,Tehama,103,63373,6198,6004,906,6910,71
2021-08-28,Trinity,105,12862,496,463,127,590,3
2021-08-28,Tulare,107,460477,55895,54746,11734,66480,870
2021-08-28,Tuolumne,109,53932,5574,5469,49,5518,74
2021-08-28,Ventura,111,848112,90493,89934,4077,94011,1081
2021-08-28,Yolo,113,214977,17278,16907,802,17709,231
2021-08-28,Yuba,115,75493,8285,7985,160,8145,55
2021-08-27,Alameda,1,1643700,109136,106622,2642,109264,1296
2021-08-27,Alpine,3,1148,92,92,0,92,0
2021-08-27,Amador,5,37829,4581,4458,42,4500,53
2021-08-27,Butte,7,227075,15959,15277,2772,18049,214
2021-08-27,Calaveras,9,45235,2994,2903,20,2923,59
2021-08-27,Colusa,11,21464,2280,2240,494,2734,16
2021-08-27,Contra Costa,13,1133247,89747,86386,1829,88215,872
2021-08-27,Del Norte,15,27424,2846,2695,11,2706,11
2021-08-27,El Dorado,17,186661,13569,12968,1284,14252,119
2021-08-27,Fresno,19,978130,116922,114481,10285,124766,1774
2021-08-27,Glenn,21,27897,2825,2754,743,3497,20
2021-08-27,Humboldt,23,135768,7100,6782,244,7026,52
2021-08-27,Imperial,25,180216,30392,30201,3003,33204,750
2021-08-27,Inyo,27,18085,1551,1529,6,1535,39
2021-08-27,Kern,29,883053,108379,106570,15548,122118,1385
2021-08-27,Kings,31,150075,26540,25957,1542,27499,257
2021-08-27,Lake,33,64148,5419,5228,58,5286,74
2021-08-27,Lassen,35,31185,5747,5646,164,5810,21
2021-08-27,Los Angeles,37,10098052,1347455,1337006,52496,1389502,25230
2021-08-27,Madera,39,155013,18912,18476,1341,19817,247
2021-08-27,Marin,41,260295,16241,16055,363,16418,240
2021-08-27,Mariposa,43,17540,742,690,17,707,5
2021-08-27,Mendocino,45,87422,5854,5602,205,5807,55
2021-08-27,Merced,47,269075,35615,34906,1221,36127,495
2021-08-27,Modoc,49,8938,438,434,154,588,5
2021-08-27,Mono,51,14174,1393,1385,14,1399,3
2021-08-27,Monterey,53,433212,45581,45337,2635,47972,539
2021-08-27,Napa,55,140530,11623,11460,71,11531,87
2021-08-27,Nevada,57,99092,7532,7169,253,7422,82
2021-08-27,Orange,59,3164182,285637,283407,13435,296842,5206
2021-08-27,Placer,61,380077,30825,29157,2783,31940,320
2021-08-27,Plumas,63,18699,1019,984,20,1004,5
2021-08-27,Riverside,65,2383286,328813,325379,16061,341440,4622
2021-08-27,Sacramento,67,1510023,136468,131921,3086,135007,1838
2021-08-27,San Benito,69,59416,6707,6622,139,6761,64
2021-08-27,San Bernardino,71,2135413,326232,322893,10119,333012,5342
2021-08-27,San Diego,73,3302833,334889,330162,0,330162,3877
2021-08-27,San Francisco,75,870044,47483,46456,2259,48715,581
2021-08-27,San Joaquin,77,732212,87406,84949,4603,89552,1524
2021-08-27,San Luis Obispo,79,281455,25539,24952,1019,25971,280
2021-08-27,San Mateo,81,765935,49381,48424,1048,49472,553
2021-08-27,Santa Barbara,83,443738,39417,38675,1489,40164,480
2021-08-27,Santa Clara,85,1922200,134702,132011,1042,133053,1783
2021-08-27,Santa Cruz,87,273765,18440,18163,1013,19176,210
2021-08-27,Shasta,89,179085,15564,14996,2340,17336,217
2021-08-27,Sierra,91,2930,106,91,15,106,0
2021-08-27,Siskiyou,93,43540,2501,2358,750,3108,33
2021-08-27,Solano,95,438530,41187,39347,1024,40371,287
2021-08-27,Sonoma,97,501317,37471,36326,461,36787,342
2021-08-27,Stanislaus,99,539301,67117,65167,7480,72647,1061
2021-08-27,Sutter,101,95872,11894,11590,157,11747,135
2021-08-27,Tehama,103,63373,6172,5964,897,6861,71
2021-08-27,Trinity,105,12862,496,458,126,584,3
2021-08-27,Tulare,107,460477,55764,54443,11691,66134,870
2021-08-27,Tuolumne,109,53932,5543,5438,49,5487,74
2021-08-27,Ventura,111,848112,90391,89774,4073,93847,1076
2021-08-27,Yolo,113,214977,17240,16805,799,17604,231
2021-08-27,Yuba,115,75493,8229,7926,160,8086,54
2021-08-26,Alameda,1,1643700,108853,106146,2632,108778,1296
2021-08-26,Alpine,3,1148,92,92,0,92,0
2021-08-26,Amador,5,37829,4566,4442,42,4484,53
2021-08-26,Butte,7,227075,15824,15159,2740,17899,214
2021-08-26,Calaveras,9,45235,2985,2873,20,2893,59
2021-08-26,Colusa,11,21464,2274,2234,491,2725,16
2021-08-26,Contra Costa,13,1133247,89387,85808,1822,87630,866
2021-08-26,Del Norte,15,27424,2811,2625,11,2636,8
2021-08-26,El Dorado,17,186661,13505,12863,1269,14132,118
2021-08-26,Fresno,19,978130,116440,113854,10245,124099,1770
2021-08-26,Glenn,21,27897,2806,2740,728,3468,20
2021-08-26,Humboldt,23,135768,7044,6695,234,6929,53
2021-08-26,Imperial,25,180216,30349,30121,2996,33117,748
2021-08-26,Inyo,27,18085,1541,1521,5,1526,39
2021-08-26,Kern,29,883053,107962,106051,15397,121448,1380
2021-08-26,Kings,31,150075,26418,25838,1534,27372,260
2021-08-26,Lake,33,64148,5376,5196,57,5253,74
2021-08-26,Lassen,35,31185,5736,5626,163,5789,21
2021-08-26,Los Angeles,37,10098052,1345267,1334372,52397,1386769,25199
2021-08-26,Madera,39,155013,18842,18393,1332,19725,247
2021-08-26,Marin,41,260295,16213,15983,360,16343,240
2021-08-26,Mariposa,43,17540,732,677,17,694,5
2021-08-26,Mendocino,45,87422,5818,5533,199,5732,55
2021-08-26,Merced,47,269075,35447,34755,1208,35963,495
2021-08-26,Modoc,49,8938,438,433,154,587,5
2021-08-26,Mono,51,14174,1392,1385,14,1399,3
2021-08-26,Monterey,53,433212,45527,45265,2606,47871,539
2021-08-26,Napa,55,140530,11597,11394,70,11464,87
2021-08-26,Nevada,57,99092,7473,7086,253,7339,80
2021-08-26,Orange,59,3164182,285169,282814,13420,296234,5200
2021-08-26,Placer,61,380077,30655,28898,2765,31663,319
2021-08-26,Plumas,63,18699,1014,971,19,990,5
2021-08-26,Riverside,65,2383286,328029,324486,16044,340530,4615
2021-08-26,Sacramento,67,1510023,135932,130977,3048,134025,1827
2021-08-26,San Benito,69,59416,6698,6604,139,6743,64
2021-08-26,San Bernardino,71,2135413,325604,322100,10097,332197,5339
2021-08-26,San Diego,73,3302833,333869,328276,0,328276,3869
2021-08-26,San Francisco,75,870044,47360,46288,2248,48536,581
2021-08-26,San Joaquin,77,732212,87031,84429,4599,89028,1513
2021-08-26,San Luis Obispo,79,281455,25391,24831,1013,25844,278
2021-08-26,San Mateo,81,765935,49252,48263,1038,49301,553
2021-08-26,Santa Barbara,83,443738,39329,38566,1489,40055,479
2021-08-26,Santa Clara,85,1922200,134379,131443,1039,132482,1782
2021-08-26,Santa Cruz,87,273765,18381,18072,1011,19083,210
2021-08-26,Shasta,89,179085,15454,14891,2311,17202,217
2021-08-26,Sierra,91,2930,105,90,15,105,0
2021-08-26,Siskiyou,93,43540,2482,2342,740,3082,33
2021-08-26,Solano,95,438530,41048,39027,1017,40044,286
2021-08-26,Sonoma,97,501317,37383,36102,461,36563,337
2021-08-26,Stanislaus,99,539301,66800,64785,7455,72240,1061
2021-08-26,Sutter,101,95872,11834,11499,154,11653,135
2021-08-26,Tehama,103,63373,6111,5913,883,6796,68
2021-08-26,Trinity,105,12862,491,450,122,572,3
2021-08-26,Tulare,107,460477,55509,54157,11643,65800,870
2021-08-26,Tuolumne,109,53932,5523,5387,49,5436,74
2021-08-26,Ventura,111,848112,90230,89595,4060,93655,1080
2021-08-26,Yolo,113,214977,17175,16727,794,17521,231
2021-08-26,Yuba,115,75493,8158,7834,158,7992,54
2021-08-25,Alameda,1,1643700,108528,105636,2623,108259,1296
2021-08-25,Alpine,3,1148,92,92,0,92,0
2021-08-25,Amador,5,37829,4553,4415,42,4457,53
2021-08-25,Butte,7,227075,15720,15039,2704,17743,214
2021-08-25,Calaveras,9,45235,2967,2851,20,2871,59
2021-08-25,Colusa,11,21464,2268,2227,483,2710,16
2021-08-25,Contra Costa,13,1133247,89001,85322,1816,87138,863
2021-08-25,Del Norte,15,27424,2766,2573,11,2584,8
2021-08-25,El Dorado,17,186661,13446,12787,1250,14037,118
2021-08-25,Fresno,19,978130,115903,113384,10200,123584,1761
2021-08-25,Glenn,21,27897,2784,2728,714,3442,20
2021-08-25,Humboldt,23,135768,6979,6653,224,6877,52
2021-08-25,Imperial,25,180216,30314,30085,2994,33079,748
2021-08-25,Inyo,27,18085,1537,1518,5,1523,39
2021-08-25,Kern,29,883053,107544,105687,15244,120931,1379
2021-08-25,Kings,31,150075,26315,25676,1527,27203,258
2021-08-25,Lake,33,64148,5346,5163,56,5219,74
2021-08-25,Lassen,35,31185,5722,5583,162,5745,21
2021-08-25,Los Angeles,37,10098052,1342713,1331400,52306,1383706,25170
2021-08-25,Madera,39,155013,18779,18311,1320,19631,247
2021-08-25,Marin,41,260295,16191,15938,355,16293,240
2021-08-25,Mariposa,43,17540,726,676,17,693,5
2021-08-25,Mendocino,45,87422,5786,5486,194,5680,53
2021-08-25,Merced,47,269075,35301,34600,1203,35803,492
2021-08-25,Modoc,49,8938,438,433,154,587,5
2021-08-25,Mono,51,14174,1388,1382,14,1396,3
2021-08-25,Monterey,53,433212,45465,45196,2583,47779,539
2021-08-25,Napa,55,140530,11563,11348,70,11418,87
2021-08-25,Nevada,57,99092,7407,7000,252,7252,77
2021-08-25,Orange,59,3164182,284677,282061,13390,295451,5193
2021-08-25,Placer,61,380077,30489,28740,2739,31479,319
2021-08-25,Plumas,63,18699,996,962,18,980,5
2021-08-25,Riverside,65,2383286,327200,323548,16024,339572,4610
2021-08-25,Sacramento,67,1510023,135228,130046,3005,133051,1827
2021-08-25,San Benito,69,59416,6677,6587,138,6725,64
2021-08-25,San Bernardino,71,2135413,324950,321228,10078,331306,5337
2021-08-25,San Diego,73,3302833,332604,327166,0,327166,3859
2021-08-25,San Francisco,75,870044,47217,46107,2237,48344,578
2021-08-25,San Joaquin,77,732212,86653,84002,4593,88595,1510
2021-08-25,San Luis Obispo,79,281455,25200,24607,1009,25616,276
2021-08-25,San Mateo,81,765935,49127,48153,1020,49173,553
2021-08-25,Santa Barbara,83,443738,39199,38450,1489,39939,479
2021-08-25,Santa Clara,85,1922200,134012,130995,1035,132030,1783
2021-08-25,Santa Cruz,87,273765,18320,17987,1006,18993,210
2021-08-25,Shasta,89,179085,15332,14752,2279,17031,217
2021-08-25,Sierra,91,2930,102,90,15,105,0
2021-08-25,Siskiyou,93,43540,2437,2322,719,3041,33
2021-08-25,Solano,95,438530,40885,38848,1006,39854,286
2021-08-25,Sonoma,97,501317,37259,35986,458,36444,336
2021-08-25,Stanislaus,99,539301,66512,64441,7421,71862,1061
2021-08-25,Sutter,101,95872,11767,11451,150,11601,134
2021-08-25,Tehama,103,63373,6054,5861,866,6727,68
2021-08-25,Trinity,105,12862,485,450,121,571,3
2021-08-25,Tulare,107,460477,55226,53877,11581,65458,866
2021-08-25,Tuolumne,109,53932,5498,5354,49,5403,74
2021-08-25,Ventura,111,848112,90058,89379,4048,93427,1068
2021-08-25,Yolo,113,214977,17110,16667,787,17454,231
2021-08-25,Yuba,115,75493,8094,7771,158,7929,54
2021-08-24,Alameda,1,1643700,108186,105319,2613,107932,1296
2021-08-24,Alpine,3,1148,92,92,0,92,0
2021-08-24,Amador,5,37829,4534,4380,42,4422,50
2021-08-24,Butte,7,227075,15573,14964,2673,17637,214
2021-08-24,Calaveras,9,45235,2927,2811,20,2831,59
2021-08-24,Colusa,11,21464,2260,2221,479,2700,16
2021-08-24,Contra Costa,13,1133247,88637,84963,1811,86774,857
2021-08-24,Del Norte,15,27424,2739,2543,11,2554,8
2021-08-24,El Dorado,17,186661,13369,12732,1235,13967,118
2021-08-24,Fresno,19,978130,115307,113024,10159,123183,1761
2021-08-24,Glenn,21,27897,2772,2717,701,3418,20
2021-08-24,Humboldt,23,135768,6917,6585,212,6797,52
2021-08-24,Imperial,25,180216,30253,30045,2990,33035,748
2021-08-24,Inyo,27,18085,1532,1512,5,1517,39
2021-08-24,Kern,29,883053,107099,105399,15098,120497,1375
2021-08-24,Kings,31,150075,26197,25629,1511,27140,258
2021-08-24,Lake,33,64148,5314,5135,56,5191,72
2021-08-24,Lassen,35,31185,5707,5576,160,5736,21
2021-08-24,Los Angeles,37,10098052,1339897,1328777,52209,1380986,25135
2021-08-24,Madera,39,155013,18706,18251,1303,19554,247
2021-08-24,Marin,41,260295,16155,15900,353,16253,240
2021-08-24,Mariposa,43,17540,719,670,17,687,5
2021-08-24,Mendocino,45,87422,5740,5416,187,5603,52
2021-08-24,Merced,47,269075,35127,34490,1194,35684,491
2021-08-24,Modoc,49,8938,438,432,154,586,5
2021-08-24,Mono,51,14174,1386,1382,14,1396,3
2021-08-24,Monterey,53,433212,45414,45126,2554,47680,539
2021-08-24,Napa,55,140530,11531,11299,68,11367,85
2021-08-24,Nevada,57,99092,7340,6981,248,7229,77
2021-08-24,Orange,59,3164182,284110,281461,13372,294833,5187
2021-08-24,Placer,61,380077,30290,28618,2699,31317,318
2021-08-24,Plumas,63,18699,984,953,18,971,5
2021-08-24,Riverside,65,2383286,326337,322620,15994,338614,4605
2021-08-24,Sacramento,67,1510023,134563,129542,2950,132492,1812
2021-08-24,San Benito,69,59416,6664,6576,138,6714,64
2021-08-24,San Bernardino,71,2135413,324217,320300,10051,330351,5328
2021-08-24,San Diego,73,3302833,331155,325823,0,325823,3851
2021-08-24,San Francisco,75,870044,47051,46010,2217,48227,574
2021-08-24,San Joaquin,77,732212,86220,83684,4571,88255,1508
2021-08-24,San Luis Obispo,79,281455,25032,24443,997,25440,274
2021-08-24,San Mateo,81,765935,48986,48050,1006,49056,553
2021-08-24,Santa Barbara,83,443738,39090,38307,1488,39795,478
2021-08-24,Santa Clara,85,1922200,133586,130763,1030,131793,1779
2021-08-24,Santa Cruz,87,273765,18249,17928,997,18925,209
2021-08-24,Shasta,89,179085,15227,14664,2248,16912,217
2021-08-24,Sierra,91,2930,100,90,15,105,0
2021-08-24,Siskiyou,93,43540,2417,2294,707,3001,33
2021-08-24,Solano,95,438530,40680,38724,994,39718,283
2021-08-24,Sonoma,97,501317,37132,35849,456,36305,336
2021-08-24,Stanislaus,99,539301,66155,64195,7385,71580,1058
2021-08-24,Sutter,101,95872,11699,11384,147,11531,134
2021-08-24,Tehama,103,63373,6011,5826,850,6676,67
2021-08-24,Trinity,105,12862,475,446,114,560,3
2021-08-24,Tulare,107,460477,54878,53702,11505,65207,856
2021-08-24,Tuolumne,109,53932,5469,5287,49,5336,74
2021-08-24,Ventura,111,848112,89890,89167,4038,93205,1068
2021-08-24,Yolo,113,214977,17037,16492,782,17274,231
2021-08-24,Yuba,115,75493,8012,7723,156,7879,54
2021-08-23,Alameda,1,1643700,107789,104922,2600,107522,1294
2021-08-23,Alpine,3,1148,92,91,0,91,0
2021-08-23,Amador,5,37829,4520,4369,42,4411,50
2021-08-23,Butte,7,227075,15429,14847,2641,17488,211
2021-08-23,Calaveras,9,45235,2894,2803,20,2823,59
2021-08-23,Colusa,11,21464,2256,2206,476,2682,16
2021-08-23,Contra Costa,13,1133247,88264,84651,1804,86455,857
2021-08-23,Del Norte,15,27424,2692,2499,11,2510,8
2021-08-23,El Dorado,17,186661,13267,12684,1212,13896,118
2021-08-23,Fresno,19,978130,114772,112445,10118,122563,1759
2021-08-23,Glenn,21,27897,2756,2696,692,3388,20
2021-08-23,Humboldt,23,135768,6845,6498,195,6693,52
2021-08-23,Imperial,25,180216,30204,30011,2990,33001,748
2021-08-23,Inyo,27,18085,1525,1509,5,1514,39
2021-08-23,Kern,29,883053,106654,104995,14943,119938,1375
2021-08-23,Kings,31,150075,26070,25465,1504,26969,257
2021-08-23,Lake,33,64148,5276,5099,54,5153,69
2021-08-23,Lassen,35,31185,5695,5562,160,5722,21
2021-08-23,Los Angeles,37,10098052,1336999,1326412,52079,1378491,25096
2021-08-23,Madera,39,155013,18623,18155,1290,19445,246
2021-08-23,Marin,41,260295,16107,15856,348,16204,240
2021-08-23,Mariposa,43,17540,709,645,17,662,5
2021-08-23,Mendocino,45,87422,5675,5374,180,5554,51
2021-08-23,Merced,47,269075,34927,34322,1189,35511,488
2021-08-23,Modoc,49,8938,435,431,153,584,6
2021-08-23,Mono,51,14174,1384,1384,14,1398,3
2021-08-23,Monterey,53,433212,45336,45047,2523,47570,538
2021-08-23,Napa,55,140530,11492,11257,67,11324,85
2021-08-23,Nevada,57,99092,7264,6930,247,7177,77
2021-08-23,Orange,59,3164182,283501,280891,13347,294238,5181
2021-08-23,Placer,61,380077,30098,28540,2659,31199,314
2021-08-23,Plumas,63,18699,974,934,18,952,5
2021-08-23,Riverside,65,2383286,325436,321650,15969,337619,4598
2021-08-23,Sacramento,67,1510023,133794,128969,2879,131848,1807
2021-08-23,San Benito,69,59416,6645,6562,136,6698,64
2021-08-23,San Bernardino,71,2135413,323419,319577,10019,329596,5324
2021-08-23,San Diego,73,3302833,329730,324536,0,324536,3848
2021-08-23,San Francisco,75,870044,46906,45945,2200,48145,573
2021-08-23,San Joaquin,77,732212,85799,83466,4553,88019,1499
2021-08-23,San Luis Obispo,79,281455,24852,24317,995,25312,274
2021-08-23,San Mateo,81,765935,48862,47935,993,48928,553
2021-08-23,Santa Barbara,83,443738,38933,38181,1486,39667,478
2021-08-23,Santa Clara,85,1922200,133188,130489,1025,131514,1778
2021-08-23,Santa Cruz,87,273765,18195,17871,994,18865,209
2021-08-23,Shasta,89,179085,15106,14537,2209,16746,216
2021-08-23,Sierra,91,2930,100,90,15,105,0
2021-08-23,Siskiyou,93,43540,2395,2274,687,2961,33
2021-08-23,Solano,95,438530,40536,38612,986,39598,283
2021-08-23,Sonoma,97,501317,37014,35769,455,36224,336
2021-08-23,Stanislaus,99,539301,65805,63922,7348,71270,1058
2021-08-23,Sutter,101,95872,11611,11314,139,11453,133
2021-08-23,Tehama,103,63373,5956,5805,831,6636,67
2021-08-23,Trinity,105,12862,473,435,110,545,3
2021-08-23,Tulare,107,460477,54574,53370,11437,64807,856
2021-08-23,Tuolumne,109,53932,5427,5240,49,5289,73
2021-08-23,Ventura,111,848112,89684,88960,4028,92988,1063
2021-08-23,Yolo,113,214977,16953,16445,769,17214,226
2021-08-23,Yuba,115,75493,7941,7653,155,7808,54
2021-08-22,Alameda,1,1643700,107359,104539,2560,107099,1294
2021-08-22,Alpine,3,1148,92,91,0,91,0
2021-08-22,Amador,5,37829,4491,4349,42,4391,50
2021-08-22,Butte,7,227075,15293,14791,2603,17394,211
2021-08-22,Calaveras,9,45235,2857,2771,20,2791,59
2021-08-22,Colusa,11,21464,2248,2201,471,2672,16
2021-08-22,Contra Costa,13,1133247,87727,84371,1789,86160,857
2021-08-22,Del Norte,15,27424,2637,2455,11,2466,8
2021-08-22,El Dorado,17,186661,13161,12629,1193,13822,118
2021-08-22,Fresno,19,978130,114200,112057,10056,122113,1759
2021-08-22,Glenn,21,27897,2738,2678,685,3363,20
2021-08-22,Humboldt,23,135768,6767,6483,177,6660,52
2021-08-22,Imperial,25,180216,30146,29993,2989,32982,748
2021-08-22,Inyo,27,18085,1519,1505,5,1510,39
2021-08-22,Kern,29,883053,106141,104691,14791,119482,1375
2021-08-22,Kings,31,150075,25920,25391,1486,26877,257
2021-08-22,Lake,33,64148,5231,5069,51,5120,69
2021-08-22,Lassen,35,31185,5662,5556,155,5711,21
2021-08-22,Los Angeles,37,10098052,1333705,1324151,51943,1376094,25089
2021-08-22,Madera,39,155013,18508,18120,1277,19397,246
2021-08-22,Marin,41,260295,16056,15822,341,16163,240
2021-08-22,Mariposa,43,17540,699,638,15,653,5
2021-08-22,Mendocino,45,87422,5618,5336,180,5516,51
2021-08-22,Merced,47,269075,34709,34234,1179,35413,488
2021-08-22,Modoc,49,8938,434,431,153,584,6
2021-08-22,Mono,51,14174,1383,1378,14,1392,3
2021-08-22,Monterey,53,433212,45249,45017,2497,47514,538
2021-08-22,Napa,55,140530,11448,11231,67,11298,85
2021-08-22,Nevada,57,99092,7192,6864,245,7109,77
2021-08-22,Orange,59,3164182,282843,280390,13314,293704,5181
2021-08-22,Placer,61,380077,29890,28395,2622,31017,314
2021-08-22,Plumas,63,18699,952,923,17,940,5
2021-08-22,Riverside,65,2383286,324433,320836,15926,336762,4594
2021-08-22,Sacramento,67,1510023,133019,128231,2831,131062,1802
2021-08-22,San Benito,69,59416,6629,6550,136,6686,64
2021-08-22,San Bernardino,71,2135413,322469,318839,9985,328824,5324
2021-08-22,San Diego,73,3302833,328416,323591,0,323591,3848
2021-08-22,San Francisco,75,870044,46747,45831,2182,48013,573
2021-08-22,San Joaquin,77,732212,85349,83121,4542,87663,1498
2021-08-22,San Luis Obispo,79,281455,24651,24250,988,25238,274
2021-08-22,San Mateo,81,765935,48727,47821,953,48774,553
2021-08-22,Santa Barbara,83,443738,38779,38099,1478,39577,478
2021-08-22,Santa Clara,85,1922200,132770,130189,1018,131207,1778
2021-08-22,Santa Cruz,87,273765,18134,17823,989,18812,209
2021-08-22,Shasta,89,179085,14970,14478,2174,16652,216
2021-08-22,Sierra,91,2930,100,87,15,102,0
2021-08-22,Siskiyou,93,43540,2366,2261,669,2930,33
2021-08-22,Solano,95,438530,40341,38489,972,39461,283
2021-08-22,Sonoma,97,501317,36863,35676,453,36129,336
2021-08-22,Stanislaus,99,539301,65444,63683,7275,70958,1058
2021-08-22,Sutter,101,95872,11529,11251,135,11386,133
2021-08-22,Tehama,103,63373,5907,5791,811,6602,67
2021-08-22,Trinity,105,12862,467,433,108,541,3
2021-08-22,Tulare,107,460477,54258,53220,11364,64584,856
2021-08-22,Tuolumne,109,53932,5385,5214,49,5263,73
2021-08-22,Ventura,111,848112,89481,88791,4012,92803,1063
2021-08-22,Yolo,113,214977,16853,16374,761,17135,226
2021-08-22,Yuba,115,75493,7869,7626,154,7780,54
2021-08-21,Alameda,1,1643700,107170,104281,2551,106832,1294
2021-08-21,Alpine,3,1148,92,91,0,91,0
2021-08-21,Amador,5,37829,4481,4338,40,4378,50
2021-08-21,Butte,7,227075,15228,14714,2582,17296,211
2021-08-21,Calaveras,9,45235,2844,2744,20,2764,59
2021-08-21,Colusa,11,21464,2243,2192,467,2659,16
2021-08-21,Contra Costa,13,1133247,87471,84136,1784,85920,857
2021-08-21,Del Norte,15,27424,2615,2409,11,2420,8
2021-08-21,El Dorado,17,186661,13117,12590,1188,13778,118
2021-08-21,Fresno,19,978130,114018,111765,10049,121814,1759
2021-08-21,Glenn,21,27897,2731,2654,678,3332,20
2021-08-21,Humboldt,23,135768,6731,6446,169,6615,52
2021-08-21,Imperial,25,180216,30103,29976,2985,32961,748
2021-08-21,Inyo,27,18085,1516,1500,5,1505,39
2021-08-21,Kern,29,883053,105887,104443,14664,119107,1375
2021-08-21,Kings,31,150075,25847,25313,1481,26794,257
2021-08-21,Lake,33,64148,5211,5055,49,5104,69
2021-08-21,Lassen,35,31185,5649,5553,155,5708,21
2021-08-21,Los Angeles,37,10098052,1332455,1321308,51848,1373156,25080
2021-08-21,Madera,39,155013,18472,18067,1269,19336,246
2021-08-21,Marin,41,260295,16022,15775,339,16114,240
2021-08-21,Mariposa,43,17540,689,634,15,649,5
2021-08-21,Mendocino,45,87422,5574,5307,179,5486,51
2021-08-21,Merced,47,269075,34629,34148,1174,35322,488
2021-08-21,Modoc,49,8938,434,430,153,583,6
2021-08-21,Mono,51,14174,1383,1378,14,1392,3
2021-08-21,Monterey,53,433212,45211,44969,2482,47451,538
2021-08-21,Napa,55,140530,11412,11211,67,11278,85
2021-08-21,Nevada,57,99092,7149,6810,244,7054,77
2021-08-21,Orange,59,3164182,282419,279855,13282,293137,5181
2021-08-21,Placer,61,380077,29758,28289,2599,30888,314
2021-08-21,Plumas,63,18699,950,916,16,932,5
2021-08-21,Riverside,65,2383286,323860,320086,15914,336000,4594
2021-08-21,Sacramento,67,1510023,132529,127751,2819,130570,1809
2021-08-21,San Benito,69,59416,6619,6542,135,6677,64
2021-08-21,San Bernardino,71,2135413,322030,318293,9969,328262,5324
2021-08-21,San Diego,73,3302833,327762,322620,0,322620,3848
2021-08-21,San Francisco,75,870044,46654,45637,2166,47803,573
2021-08-21,San Joaquin,77,732212,85137,82825,4537,87362,1498
2021-08-21,San Luis Obispo,79,281455,24600,24169,988,25157,273
2021-08-21,San Mateo,81,765935,48637,47685,947,48632,553
2021-08-21,Santa Barbara,83,443738,38699,37951,1475,39426,478
2021-08-21,Santa Clara,85,1922200,132505,129911,1013,130924,1778
2021-08-21,Santa Cruz,87,273765,18097,17763,984,18747,209
2021-08-21,Shasta,89,179085,14893,14417,2160,16577,217
2021-08-21,Sierra,91,2930,95,85,15,100,0
2021-08-21,Siskiyou,93,43540,2353,2246,657,2903,33
2021-08-21,Solano,95,438530,40236,38423,962,39385,281
2021-08-21,Sonoma,97,501317,36778,35582,453,36035,336
2021-08-21,Stanislaus,99,539301,65252,63512,7254,70766,1058
2021-08-21,Sutter,101,95872,11485,11204,133,11337,133
2021-08-21,Tehama,103,63373,5887,5757,804,6561,67
2021-08-21,Trinity,105,12862,462,431,106,537,3
2021-08-21,Tulare,107,460477,54114,53045,11329,64374,857
2021-08-21,Tuolumne,109,53932,5354,5193,49,5242,73
2021-08-21,Ventura,111,848112,89339,88558,3998,92556,1063
2021-08-21,Yolo,113,214977,16805,16322,755,17077,226
2021-08-21,Yuba,115,75493,7823,7580,153,7733,54
2021-08-20,Alameda,1,1643700,106925,103812,2541,106353,1294
2021-08-20,Alpine,3,1148,92,91,0,91,0
2021-08-20,Amador,5,37829,4455,4323,40,4363,50
2021-08-20,Butte,7,227075,15155,14617,2560,17177,211
2021-08-20,Calaveras,9,45235,2829,2717,20,2737,59
2021-08-20,Colusa,11,21464,2238,2178,465,2643,16
2021-08-20,Contra Costa,13,1133247,87195,83721,1778,85499,857
2021-08-20,Del Norte,15,27424,2583,2316,11,2327,8
2021-08-20,El Dorado,17,186661,13080,12495,1180,13675,118
2021-08-20,Fresno,19,978130,113664,111315,10032,121347,1759
2021-08-20,Glenn,21,27897,2722,2642,676,3318,20
2021-08-20,Humboldt,23,135768,6681,6349,164,6513,52
2021-08-20,Imperial,25,180216,30079,29934,2985,32919,747
2021-08-20,Inyo,27,18085,1510,1495,5,1500,39
2021-08-20,Kern,29,883053,105605,104048,14528,118576,1373
2021-08-20,Kings,31,150075,25784,25241,1478,26719,256
2021-08-20,Lake,33,64148,5195,5024,48,5072,69
2021-08-20,Lassen,35,31185,5630,5539,155,5694,21
2021-08-20,Los Angeles,37,10098052,1330620,1317541,51748,1369289,25049
2021-08-20,Madera,39,155013,18424,18018,1252,19270,246
2021-08-20,Marin,41,260295,16004,15727,336,16063,240
2021-08-20,Mariposa,43,17540,683,630,15,645,5
2021-08-20,Mendocino,45,87422,5528,5241,177,5418,51
2021-08-20,Merced,47,269075,34573,34035,1169,35204,486
2021-08-20,Modoc,49,8938,434,429,153,582,6
2021-08-20,Mono,51,14174,1382,1368,14,1382,3
2021-08-20,Monterey,53,433212,45181,44890,2468,47358,538
2021-08-20,Napa,55,140530,11380,11152,67,11219,83
2021-08-20,Nevada,57,99092,7107,6753,235,6988,77
2021-08-20,Orange,59,3164182,281990,279193,13264,292457,5179
2021-08-20,Placer,61,380077,29666,28156,2574,30730,313
2021-08-20,Plumas,63,18699,944,908,16,924,5
2021-08-20,Riverside,65,2383286,323171,319072,15887,334959,4594
2021-08-20,Sacramento,67,1510023,132058,127226,2801,130027,1797
2021-08-20,San Benito,69,59416,6604,6508,135,6643,64
2021-08-20,San Bernardino,71,2135413,321426,317372,9939,327311,5322
2021-08-20,San Diego,73,3302833,326863,321102,0,321102,3846
2021-08-20,San Francisco,75,870044,46565,45432,2145,47577,573
2021-08-20,San Joaquin,77,732212,84913,82419,4526,86945,1496
2021-08-20,San Luis Obispo,79,281455,24526,23986,983,24969,273
2021-08-20,San Mateo,81,765935,48527,47561,938,48499,551
2021-08-20,Santa Barbara,83,443738,38616,37794,1469,39263,477
2021-08-20,Santa Clara,85,1922200,132224,129510,1009,130519,1774
2021-08-20,Santa Cruz,87,273765,18060,17701,981,18682,209
2021-08-20,Shasta,89,179085,14811,14277,2142,16419,215
2021-08-20,Sierra,91,2930,94,83,15,98,0
2021-08-20,Siskiyou,93,43540,2337,2226,652,2878,33
2021-08-20,Solano,95,438530,40099,38214,951,39165,277
2021-08-20,Sonoma,97,501317,36710,35416,452,35868,336
2021-08-20,Stanislaus,99,539301,65051,63219,7238,70457,1047
2021-08-20,Sutter,101,95872,11429,11136,132,11268,133
2021-08-20,Tehama,103,63373,5873,5730,793,6523,66
2021-08-20,Trinity,105,12862,462,422,105,527,3
2021-08-20,Tulare,107,460477,53981,52855,11285,64140,856
2021-08-20,Tuolumne,109,53932,5330,5153,48,5201,73
2021-08-20,Ventura,111,848112,89178,88285,3995,92280,1061
2021-08-20,Yolo,113,214977,16751,16236,749,16985,225
2021-08-20,Yuba,115,75493,7783,7523,153,7676,54
2021-08-19,Alameda,1,1643700,106475,103276,2518,105794,1294
2021-08-19,Alpine,3,1148,92,91,0,91,0
2021-08-19,Amador,5,37829,4448,4317,40,4357,50
2021-08-19,Butte,7,227075,15023,14518,2533,17051,211
2021-08-19,Calaveras,9,45235,2810,2673,20,2693,59
2021-08-19,Colusa,11,21464,2229,2167,461,2628,16
2021-08-19,Contra Costa,13,1133247,86758,83296,1766,85062,852
2021-08-19,Del Norte,15,27424,2535,2257,11,2268,8
2021-08-19,El Dorado,17,186661,12998,12410,1159,13569,118
2021-08-19,Fresno,19,978130,113240,110947,9996,120943,1759
2021-08-19,Glenn,21,27897,2699,2629,670,3299,20
2021-08-19,Humboldt,23,135768,6620,6246,158,6404,52
2021-08-19,Imperial,25,180216,30034,29865,2983,32848,747
2021-08-19,Inyo,27,18085,1503,1494,5,1499,39
2021-08-19,Kern,29,883053,105214,103731,14388,118119,1371
2021-08-19,Kings,31,150075,25655,25128,1465,26593,256
2021-08-19,Lake,33,64148,5166,4991,45,5036,69
2021-08-19,Lassen,35,31185,5613,5520,154,5674,21
2021-08-19,Los Angeles,37,10098052,1327676,1314453,51603,1366056,25020
2021-08-19,Madera,39,155013,18360,17947,1240,19187,246
2021-08-19,Marin,41,260295,15971,15672,332,16004,240
2021-08-19,Mariposa,43,17540,670,618,15,633,5
2021-08-19,Mendocino,45,87422,5495,5167,175,5342,51
2021-08-19,Merced,47,269075,34438,33851,1155,35006,486
2021-08-19,Modoc,49,8938,434,427,153,580,6
2021-08-19,Mono,51,14174,1378,1349,14,1363,3
2021-08-19,Monterey,53,433212,45119,44821,2448,47269,538
2021-08-19,Napa,55,140530,11326,11104,67,11171,83
2021-08-19,Nevada,57,99092,7040,6695,234,6929,77
2021-08-19,Orange,59,3164182,281377,278562,13222,291784,5172
2021-08-19,Placer,61,380077,29490,27953,2556,30509,313
2021-08-19,Plumas,63,18699,936,896,16,912,5
2021-08-19,Riverside,65,2383286,322153,318056,15862,333918,4589
2021-08-19,Sacramento,67,1510023,131371,126720,2764,129484,1801
2021-08-19,San Benito,69,59416,6586,6493,133,6626,64
2021-08-19,San Bernardino,71,2135413,320619,316398,9914,326312,5318
2021-08-19,San Diego,73,3302833,325626,319582,0,319582,3839
2021-08-19,San Francisco,75,870044,46408,45220,2126,47346,571
2021-08-19,San Joaquin,77,732212,84472,82047,4490,86537,1491
2021-08-19,San Luis Obispo,79,281455,24390,23878,976,24854,271
2021-08-19,San Mateo,81,765935,48404,47431,930,48361,551
2021-08-19,Santa Barbara,83,443738,38495,37693,1465,39158,477
2021-08-19,Santa Clara,85,1922200,131832,129133,1002,130135,1774
2021-08-19,Santa Cruz,87,273765,18000,17644,974,18618,209
2021-08-19,Shasta,89,179085,14693,14200,2117,16317,214
2021-08-19,Sierra,91,2930,90,83,15,98,0
2021-08-19,Siskiyou,93,43540,2323,2218,640,2858,33
2021-08-19,Solano,95,438530,39948,38025,941,38966,273
2021-08-19,Sonoma,97,501317,36624,35233,451,35684,336
2021-08-19,Stanislaus,99,539301,64696,62928,7193,70121,1047
2021-08-19,Sutter,101,95872,11349,11057,130,11187,133
2021-08-19,Tehama,103,63373,5842,5683,761,6444,66
2021-08-19,Trinity,105,12862,458,414,103,517,3
2021-08-19,Tulare,107,460477,53748,52685,11228,63913,856
2021-08-19,Tuolumne,109,53932,5295,5112,47,5159,64
2021-08-19,Ventura,111,848112,88982,88073,3980,92053,1060
2021-08-19,Yolo,113,214977,16667,16153,740,16893,225
2021-08-19,Yuba,115,75493,7733,7458,152,7610,51
2021-08-18,Alameda,1,1643700,106073,102696,2485,105181,1294
2021-08-18,Alpine,3,1148,91,91,0,91,0
2021-08-18,Amador,5,37829,4431,4279,39,4318,50
2021-08-18,Butte,7,227075,14912,14426,2508,16934,208
2021-08-18,Calaveras,9,45235,2771,2643,19,2662,59
2021-08-18,Colusa,11,21464,2221,2160,457,2617,16
2021-08-18,Contra Costa,13,1133247,86264,82767,1759,84526,851
2021-08-18,Del Norte,15,27424,2478,2219,11,2230,8
2021-08-18,El Dorado,17,186661,12913,12306,1145,13451,118
2021-08-18,Fresno,19,978130,112781,110523,9952,120475,1759
2021-08-18,Glenn,21,27897,2665,2623,660,3283,20
2021-08-18,Humboldt,23,135768,6550,6195,152,6347,52
2021-08-18,Imperial,25,180216,30001,29821,2980,32801,746
2021-08-18,Inyo,27,18085,1500,1494,5,1499,39
2021-08-18,Kern,29,883053,104870,103440,14293,117733,1370
2021-08-18,Kings,31,150075,25549,24984,1458,26442,256
2021-08-18,Lake,33,64148,5125,4957,44,5001,69
2021-08-18,Lassen,35,31185,5595,5506,153,5659,21
2021-08-18,Los Angeles,37,10098052,1324589,1311477,51470,1362947,24984
2021-08-18,Madera,39,155013,18305,17871,1233,19104,246
2021-08-18,Marin,41,260295,15933,15610,329,15939,240
2021-08-18,Mariposa,43,17540,658,615,15,630,5
2021-08-18,Mendocino,45,87422,5446,5129,172,5301,51
2021-08-18,Merced,47,269075,34272,33708,1149,34857,484
2021-08-18,Modoc,49,8938,434,427,152,579,6
2021-08-18,Mono,51,14174,1375,1344,14,1358,3
2021-08-18,Monterey,53,433212,45049,44735,2418,47153,532
2021-08-18,Napa,55,140530,11287,11060,66,11126,83
2021-08-18,Nevada,57,99092,6973,6633,234,6867,76
2021-08-18,Orange,59,3164182,280747,277795,13176,290971,5168
2021-08-18,Placer,61,380077,29273,27741,2526,30267,312
2021-08-18,Plumas,63,18699,927,874,16,890,5
2021-08-18,Riverside,65,2383286,321171,317107,15834,332941,4585
2021-08-18,Sacramento,67,1510023,130616,125599,2733,128332,1781
2021-08-18,San Benito,69,59416,6576,6481,132,6613,64
2021-08-18,San Bernardino,71,2135413,319820,315477,9897,325374,5304
2021-08-18,San Diego,73,3302833,324289,318152,0,318152,3834
2021-08-18,San Francisco,75,870044,46214,44957,2110,47067,568
2021-08-18,San Joaquin,77,732212,84033,81601,4468,86069,1491
2021-08-18,San Luis Obispo,79,281455,24244,23726,965,24691,270
2021-08-18,San Mateo,81,765935,48248,47255,919,48174,551
2021-08-18,Santa Barbara,83,443738,38375,37599,1457,39056,475
2021-08-18,Santa Clara,85,1922200,131468,128563,998,129561,1773
2021-08-18,Santa Cruz,87,273765,17946,17566,969,18535,209
2021-08-18,Shasta,89,179085,14595,14087,2098,16185,213
2021-08-18,Sierra,91,2930,89,83,15,98,0
2021-08-18,Siskiyou,93,43540,2294,2204,629,2833,33
2021-08-18,Solano,95,438530,39744,37812,929,38741,271
2021-08-18,Sonoma,97,501317,36484,35063,450,35513,333
2021-08-18,Stanislaus,99,539301,64348,62613,7166,69779,1047
2021-08-18,Sutter,101,95872,11278,11004,125,11129,130
2021-08-18,Tehama,103,63373,5805,5653,750,6403,66
2021-08-18,Trinity,105,12862,451,409,101,510,3
2021-08-18,Tulare,107,460477,53509,52486,11166,63652,856
2021-08-18,Tuolumne,109,53932,5259,5081,47,5128,64
2021-08-18,Ventura,111,848112,88751,87835,3968,91803,1055
2021-08-18,Yolo,113,214977,16586,16047,719,16766,225
2021-08-18,Yuba,115,75493,7668,7391,152,7543,51
2021-08-17,Alameda,1,1643700,105668,102379,2475,104854,1290
2021-08-17,Alpine,3,1148,91,91,0,91,0
2021-08-17,Amador,5,37829,4402,4266,39,4305,50
2021-08-17,Butte,7,227075,14807,14357,2473,16830,206
2021-08-17,Calaveras,9,45235,2730,2624,19,2643,59
2021-08-17,Colusa,11,21464,2212,2156,453,2609,16
2021-08-17,Contra Costa,13,1133247,85819,82482,1749,84231,848
2021-08-17,Del Norte,15,27424,2424,2188,11,2199,8
2021-08-17,El Dorado,17,186661,12827,12242,1130,13372,118
2021-08-17,Fresno,19,978130,112304,110263,9903,120166,1755
2021-08-17,Glenn,21,27897,2652,2608,642,3250,20
2021-08-17,Humboldt,23,135768,6469,6155,149,6304,52
2021-08-17,Imperial,25,180216,29951,29768,2975,32743,746
2021-08-17,Inyo,27,18085,1497,1492,5,1497,39
2021-08-17,Kern,29,883053,104479,103048,14164,117212,1367
2021-08-17,Kings,31,150075,25442,24930,1447,26377,254
2021-08-17,Lake,33,64148,5083,4930,38,4968,68
2021-08-17,Lassen,35,31185,5578,5499,151,5650,21
2021-08-17,Los Angeles,37,10098052,1321070,1307999,51335,1359334,24952
2021-08-17,Madera,39,155013,18230,17838,1214,19052,246
2021-08-17,Marin,41,260295,15878,15570,329,15899,240
2021-08-17,Mariposa,43,17540,650,609,14,623,5
2021-08-17,Mendocino,45,87422,5391,5097,172,5269,51
2021-08-17,Merced,47,269075,34127,33508,1138,34646,482
2021-08-17,Modoc,49,8938,431,424,150,574,6
2021-08-17,Mono,51,14174,1369,1341,14,1355,3
2021-08-17,Monterey,53,433212,44972,44672,2402,47074,528
2021-08-17,Napa,55,140530,11246,11007,65,11072,83
2021-08-17,Nevada,57,99092,6899,6605,232,6837,75
2021-08-17,Orange,59,3164182,280121,277121,13148,290269,5164
2021-08-17,Placer,61,380077,29060,27634,2496,30130,312
2021-08-17,Plumas,63,18699,918,860,16,876,5
2021-08-17,Riverside,65,2383286,320169,316051,15802,331853,4582
2021-08-17,Sacramento,67,1510023,129837,125151,2692,127843,1774
2021-08-17,San Benito,69,59416,6557,6470,132,6602,64
2021-08-17,San Bernardino,71,2135413,318901,314402,9854,324256,5302
2021-08-17,San Diego,73,3302833,322680,317058,0,317058,3824
2021-08-17,San Francisco,75,870044,46019,44820,2099,46919,567
2021-08-17,San Joaquin,77,732212,83566,81300,4450,85750,1489
2021-08-17,San Luis Obispo,79,281455,24091,23556,962,24518,268
2021-08-17,San Mateo,81,765935,48099,47127,902,48029,551
2021-08-17,Santa Barbara,83,443738,38237,37478,1451,38929,475
2021-08-17,Santa Clara,85,1922200,131065,128354,995,129349,1773
2021-08-17,Santa Cruz,87,273765,17861,17528,967,18495,209
2021-08-17,Shasta,89,179085,14471,14012,2080,16092,214
2021-08-17,Sierra,91,2930,88,82,15,97,0
2021-08-17,Siskiyou,93,43540,2279,2183,615,2798,33
2021-08-17,Solano,95,438530,39531,37662,919,38581,269
2021-08-17,Sonoma,97,501317,36335,34943,448,35391,333
2021-08-17,Stanislaus,99,539301,64000,62385,7113,69498,1047
2021-08-17,Sutter,101,95872,11206,10973,124,11097,130
2021-08-17,Tehama,103,63373,5757,5612,729,6341,66
2021-08-17,Trinity,105,12862,446,406,98,504,3
2021-08-17,Tulare,107,460477,53241,52362,11109,63471,856
2021-08-17,Tuolumne,109,53932,5217,5042,46,5088,64
2021-08-17,Ventura,111,848112,88510,87601,3947,91548,1053
2021-08-17,Yolo,113,214977,16496,15975,704,16679,225
2021-08-17,Yuba,115,75493,7599,7355,152,7507,51
2021-08-16,Alameda,1,1643700,105168,102052,2462,104514,1287
2021-08-16,Alpine,3,1148,91,91,0,91,0
2021-08-16,Amador,5,37829,4392,4235,39,4274,50
2021-08-16,Butte,7,227075,14689,14283,2440,16723,206
2021-08-16,Calaveras,9,45235,2672,2609,19,2628,57
2021-08-16,Colusa,11,21464,2201,2147,449,2596,16
2021-08-16,Contra Costa,13,1133247,85296,82070,1739,83809,848
2021-08-16,Del Norte,15,27424,2352,2125,11,2136,8
2021-08-16,El Dorado,17,186661,12728,12139,1114,13253,118
2021-08-16,Fresno,19,978130,111800,109623,9860,119483,1753
2021-08-16,Glenn,21,27897,2634,2593,640,3233,20
2021-08-16,Humboldt,23,135768,6396,6064,126,6190,52
2021-08-16,Imperial,25,180216,29914,29737,2963,32700,746
2021-08-16,Inyo,27,18085,1494,1490,5,1495,39
2021-08-16,Kern,29,883053,104111,102690,14042,116732,1367
2021-08-16,Kings,31,150075,25342,24817,1437,26254,254
2021-08-16,Lake,33,64148,5057,4898,37,4935,68
2021-08-16,Lassen,35,31185,5561,5481,143,5624,21
2021-08-16,Los Angeles,37,10098052,1317722,1305330,51174,1356504,24923
2021-08-16,Madera,39,155013,18155,17756,1196,18952,246
2021-08-16,Marin,41,260295,15817,15497,328,15825,239
2021-08-16,Mariposa,43,17540,633,597,14,611,5
2021-08-16,Mendocino,45,87422,5333,5037,170,5207,49
2021-08-16,Merced,47,269075,33918,33364,1135,34499,481
2021-08-16,Modoc,49,8938,429,421,149,570,5
2021-08-16,Mono,51,14174,1360,1339,14,1353,3
2021-08-16,Monterey,53,433212,44911,44595,2373,46968,527
2021-08-16,Napa,55,140530,11218,10946,65,11011,83
2021-08-16,Nevada,57,99092,6843,6535,231,6766,74
2021-08-16,Orange,59,3164182,279342,275985,13107,289092,5161
2021-08-16,Placer,61,380077,28884,27384,2461,29845,306
2021-08-16,Plumas,63,18699,908,851,16,867,5
2021-08-16,Riverside,65,2383286,319082,314774,15769,330543,4582
2021-08-16,Sacramento,67,1510023,129070,124554,2651,127205,1762
2021-08-16,San Benito,69,59416,6532,6452,132,6584,64
2021-08-16,San Bernardino,71,2135413,317951,313617,9827,323444,5301
2021-08-16,San Diego,73,3302833,321081,315348,0,315348,3824
2021-08-16,San Francisco,75,870044,45825,44681,2081,46762,567
2021-08-16,San Joaquin,77,732212,83075,81087,4432,85519,1488
2021-08-16,San Luis Obispo,79,281455,23943,23452,952,24404,265
2021-08-16,San Mateo,81,765935,47943,47024,879,47903,548
2021-08-16,Santa Barbara,83,443738,38090,37358,1446,38804,475
2021-08-16,Santa Clara,85,1922200,130608,127978,990,128968,1773
2021-08-16,Santa Cruz,87,273765,17800,17491,961,18452,209
2021-08-16,Shasta,89,179085,14387,13862,2061,15923,211
2021-08-16,Sierra,91,2930,85,82,15,97,0
2021-08-16,Siskiyou,93,43540,2262,2169,595,2764,33
2021-08-16,Solano,95,438530,39278,37436,904,38340,263
2021-08-16,Sonoma,97,501317,36171,34844,446,35290,333
2021-08-16,Stanislaus,99,539301,63656,62033,7073,69106,1039
2021-08-16,Sutter,101,95872,11137,10902,123,11025,130
2021-08-16,Tehama,103,63373,5687,5565,723,6288,66
2021-08-16,Trinity,105,12862,440,400,97,497,3
2021-08-16,Tulare,107,460477,53000,52162,11043,63205,856
2021-08-16,Tuolumne,109,53932,5178,4984,45,5029,64
2021-08-16,Ventura,111,848112,88260,86954,3929,90883,1052
2021-08-16,Yolo,113,214977,16402,15922,697,16619,225
2021-08-16,Yuba,115,75493,7516,7314,151,7465,51
2021-08-15,Alameda,1,1643700,104691,101660,2445,104105,1287
2021-08-15,Alpine,3,1148,91,91,0,91,0
2021-08-15,Amador,5,37829,4365,4231,39,4270,49
2021-08-15,Butte,7,227075,14566,14263,2416,16679,206
2021-08-15,Calaveras,9,45235,2635,2599,19,2618,57
2021-08-15,Colusa,11,21464,2190,2140,439,2579,16
2021-08-15,Contra Costa,13,1133247,84838,81781,1722,83503,848
2021-08-15,Del Norte,15,27424,2283,2060,11,2071,8
2021-08-15,El Dorado,17,186661,12597,12057,1097,13154,118
2021-08-15,Fresno,19,978130,111304,109382,9801,119183,1753
2021-08-15,Glenn,21,27897,2613,2592,640,3232,20
2021-08-15,Humboldt,23,135768,6324,6024,119,6143,52
2021-08-15,Imperial,25,180216,29849,29711,2956,32667,746
2021-08-15,Inyo,27,18085,1493,1489,5,1494,39
2021-08-15,Kern,29,883053,103673,102524,13929,116453,1367
2021-08-15,Kings,31,150075,25195,24736,1427,26163,254
2021-08-15,Lake,33,64148,4999,4886,36,4922,68
2021-08-15,Lassen,35,31185,5545,5482,141,5623,21
2021-08-15,Los Angeles,37,10098052,1314223,1302882,50999,1353881,24918
2021-08-15,Madera,39,155013,18069,17714,1184,18898,246
2021-08-15,Marin,41,260295,15760,15461,326,15787,239
2021-08-15,Mariposa,43,17540,626,591,14,605,5
2021-08-15,Mendocino,45,87422,5275,5022,164,5186,49
2021-08-15,Merced,47,269075,33658,33305,1126,34431,481
2021-08-15,Modoc,49,8938,427,421,149,570,5
2021-08-15,Mono,51,14174,1352,1334,14,1348,3
2021-08-15,Monterey,53,433212,44799,44567,2341,46908,527
2021-08-15,Napa,55,140530,11166,10919,65,10984,83
2021-08-15,Nevada,57,99092,6758,6486,231,6717,74
2021-08-15,Orange,59,3164182,278581,275447,13071,288518,5161
2021-08-15,Placer,61,380077,28665,27220,2414,29634,306
2021-08-15,Plumas,63,18699,897,850,16,866,5
2021-08-15,Riverside,65,2383286,317959,314133,15741,329874,4582
2021-08-15,Sacramento,67,1510023,128291,123924,2617,126541,1761
2021-08-15,San Benito,69,59416,6515,6446,131,6577,64
2021-08-15,San Bernardino,71,2135413,316883,313120,9801,322921,5301
2021-08-15,San Diego,73,3302833,319606,314247,0,314247,3824
2021-08-15,San Francisco,75,870044,45602,44531,2057,46588,567
2021-08-15,San Joaquin,77,732212,82606,80832,4403,85235,1488
2021-08-15,San Luis Obispo,79,281455,23750,23404,942,24346,265
2021-08-15,San Mateo,81,765935,47785,46897,862,47759,548
2021-08-15,Santa Barbara,83,443738,37934,37276,1438,38714,475
2021-08-15,Santa Clara,85,1922200,130204,127715,984,128699,1773
2021-08-15,Santa Cruz,87,273765,17731,17440,952,18392,209
2021-08-15,Shasta,89,179085,14283,13835,2035,15870,211
2021-08-15,Sierra,91,2930,84,82,14,96,0
2021-08-15,Siskiyou,93,43540,2241,2169,581,2750,33
2021-08-15,Solano,95,438530,39053,37320,894,38214,263
2021-08-15,Sonoma,97,501317,35980,34706,438,35144,333
2021-08-15,Stanislaus,99,539301,63275,61795,7024,68819,1039
2021-08-15,Sutter,101,95872,11047,10863,123,10986,130
2021-08-15,Tehama,103,63373,5639,5550,718,6268,66
2021-08-15,Trinity,105,12862,437,400,96,496,3
2021-08-15,Tulare,107,460477,52742,52046,10985,63031,856
2021-08-15,Tuolumne,109,53932,5140,4934,44,4978,64
2021-08-15,Ventura,111,848112,87953,86797,3915,90712,1052
2021-08-15,Yolo,113,214977,16311,15873,685,16558,225
2021-08-15,Yuba,115,75493,7439,7265,150,7415,51
2021-08-14,Alameda,1,1643700,104485,101305,2441,103746,1287
2021-08-14,Alpine,3,1148,91,91,0,91,0
2021-08-14,Amador,5,37829,4347,4206,39,4245,49
2021-08-14,Butte,7,227075,14530,14192,2400,16592,206
2021-08-14,Calaveras,9,45235,2630,2579,19,2598,57
2021-08-14,Colusa,11,21464,2180,2134,435,2569,16
2021-08-14,Contra Costa,13,1133247,84589,81458,1714,83172,848
2021-08-14,Del Norte,15,27424,2256,2015,11,2026,8
2021-08-14,El Dorado,17,186661,12561,12019,1088,13107,118
2021-08-14,Fresno,19,978130,111151,109056,9781,118837,1753
2021-08-14,Glenn,21,27897,2607,2583,639,3222,20
2021-08-14,Humboldt,23,135768,6271,5998,115,6113,52
2021-08-14,Imperial,25,180216,29822,29671,2956,32627,746
2021-08-14,Inyo,27,18085,1491,1487,5,1492,39
2021-08-14,Kern,29,883053,103484,102306,13833,116139,1367
2021-08-14,Kings,31,150075,25101,24647,1418,26065,254
2021-08-14,Lake,33,64148,4983,4850,35,4885,68
2021-08-14,Lassen,35,31185,5538,5475,140,5615,21
2021-08-14,Los Angeles,37,10098052,1312482,1299346,50857,1350203,24911
2021-08-14,Madera,39,155013,18022,17691,1180,18871,246
2021-08-14,Marin,41,260295,15726,15441,325,15766,239
2021-08-14,Mariposa,43,17540,622,584,14,598,5
2021-08-14,Mendocino,45,87422,5237,4977,161,5138,49
2021-08-14,Merced,47,269075,33611,33234,1121,34355,481
2021-08-14,Modoc,49,8938,427,421,149,570,5
2021-08-14,Mono,51,14174,1350,1332,14,1346,3
2021-08-14,Monterey,53,433212,44760,44514,2333,46847,527
2021-08-14,Napa,55,140530,11136,10878,64,10942,83
2021-08-14,Nevada,57,99092,6722,6419,230,6649,74
2021-08-14,Orange,59,3164182,278151,274732,13049,287781,5161
2021-08-14,Placer,61,380077,28521,27115,2389,29504,306
2021-08-14,Plumas,63,18699,888,849,16,865,5
2021-08-14,Riverside,65,2383286,317251,313264,15722,328986,4582
2021-08-14,Sacramento,67,1510023,127812,123438,2600,126038,1758
2021-08-14,San Benito,69,59416,6502,6428,131,6559,64
2021-08-14,San Bernardino,71,2135413,316345,312142,9781,321923,5301
2021-08-14,San Diego,73,3302833,318937,313589,0,313589,3824
2021-08-14,San Francisco,75,870044,45476,44353,2036,46389,567
2021-08-14,San Joaquin,77,732212,82393,80585,4391,84976,1488
2021-08-14,San Luis Obispo,79,281455,23691,23328,939,24267,265
2021-08-14,San Mateo,81,765935,47678,46792,851,47643,548
2021-08-14,Santa Barbara,83,443738,37841,37118,1434,38552,475
2021-08-14,Santa Clara,85,1922200,129925,127432,981,128413,1772
2021-08-14,Santa Cruz,87,273765,17693,17384,951,18335,209
2021-08-14,Shasta,89,179085,14209,13813,2013,15826,211
2021-08-14,Sierra,91,2930,84,81,14,95,0
2021-08-14,Siskiyou,93,43540,2231,2160,571,2731,33
2021-08-14,Solano,95,438530,38965,37237,882,38119,263
2021-08-14,Sonoma,97,501317,35857,34606,436,35042,333
2021-08-14,Stanislaus,99,539301,63086,61564,6991,68555,1039
2021-08-14,Sutter,101,95872,11002,10808,122,10930,130
2021-08-14,Tehama,103,63373,5624,5530,716,6246,66
2021-08-14,Trinity,105,12862,432,399,96,495,3
2021-08-14,Tulare,107,460477,52608,51951,10941,62892,856
2021-08-14,Tuolumne,109,53932,5105,4924,44,4968,64
2021-08-14,Ventura,111,848112,87799,86569,3895,90464,1052
2021-08-14,Yolo,113,214977,16266,15815,677,16492,225
2021-08-14,Yuba,115,75493,7390,7223,150,7373,51
2021-08-13,Alameda,1,1643700,104187,100930,2431,103361,1284
2021-08-13,Alpine,3,1148,91,91,0,91,0
2021-08-13,Amador,5,37829,4319,4169,39,4208,49
2021-08-13,Butte,7,227075,14464,14100,2383,16483,206
2021-08-13,Calaveras,9,45235,2621,2564,19,2583,57
2021-08-13,Colusa,11,21464,2173,2123,430,2553,16
2021-08-13,Contra Costa,13,1133247,84276,81046,1708,82754,848
2021-08-13,Del Norte,15,27424,2215,1973,11,1984,8
2021-08-13,El Dorado,17,186661,12522,11951,1074,13025,118
2021-08-13,Fresno,19,978130,110862,108638,9764,118402,1753
2021-08-13,Glenn,21,27897,2597,2574,639,3213,20
2021-08-13,Humboldt,23,135768,6226,5882,111,5993,52
2021-08-13,Imperial,25,180216,29794,29654,2955,32609,745
2021-08-13,Inyo,27,18085,1490,1484,5,1489,39
2021-08-13,Kern,29,883053,103276,102029,13726,115755,1364
2021-08-13,Kings,31,150075,25018,24531,1410,25941,253
2021-08-13,Lake,33,64148,4960,4811,34,4845,68
2021-08-13,Lassen,35,31185,5531,5455,139,5594,21
2021-08-13,Los Angeles,37,10098052,1310187,1295406,50722,1346128,24891
2021-08-13,Madera,39,155013,17973,17614,1173,18787,246
2021-08-13,Marin,41,260295,15696,15380,325,15705,239
2021-08-13,Mariposa,43,17540,616,577,14,591,5
2021-08-13,Mendocino,45,87422,5191,4924,159,5083,49
2021-08-13,Merced,47,269075,33568,33111,1118,34229,480
2021-08-13,Modoc,49,8938,426,421,148,569,5
2021-08-13,Mono,51,14174,1347,1331,14,1345,3
2021-08-13,Monterey,53,433212,44707,44450,2325,46775,527
2021-08-13,Napa,55,140530,11100,10830,64,10894,83
2021-08-13,Nevada,57,99092,6684,6356,229,6585,74
2021-08-13,Orange,59,3164182,277657,274004,13002,287006,5159
2021-08-13,Placer,61,380077,28423,26987,2361,29348,306
2021-08-13,Plumas,63,18699,876,842,16,858,5
2021-08-13,Riverside,65,2383286,316512,312408,15698,328106,4581
2021-08-13,Sacramento,67,1510023,127351,122868,2573,125441,1758
2021-08-13,San Benito,69,59416,6496,6422,129,6551,64
2021-08-13,San Bernardino,71,2135413,315686,311378,9765,321143,5301
2021-08-13,San Diego,73,3302833,317895,312293,0,312293,3821
2021-08-13,San Francisco,75,870044,45343,44196,2011,46207,567
2021-08-13,San Joaquin,77,732212,82182,80232,4381,84613,1481
2021-08-13,San Luis Obispo,79,281455,23633,23226,936,24162,265
2021-08-13,San Mateo,81,765935,47563,46660,843,47503,548
2021-08-13,Santa Barbara,83,443738,37758,37023,1430,38453,474
2021-08-13,Santa Clara,85,1922200,129640,126958,976,127934,1769
2021-08-13,Santa Cruz,87,273765,17654,17332,944,18276,209
2021-08-13,Shasta,89,179085,14145,13698,1999,15697,211
2021-08-13,Sierra,91,2930,83,81,14,95,0
2021-08-13,Siskiyou,93,43540,2222,2147,567,2714,33
2021-08-13,Solano,95,438530,38837,37104,872,37976,264
2021-08-13,Sonoma,97,501317,35752,34464,436,34900,333
2021-08-13,Stanislaus,99,539301,62904,61294,6957,68251,1039
2021-08-13,Sutter,101,95872,10958,10751,121,10872,130
2021-08-13,Tehama,103,63373,5602,5496,714,6210,66
2021-08-13,Trinity,105,12862,429,392,96,488,3
2021-08-13,Tulare,107,460477,52505,51770,10877,62647,856
2021-08-13,Tuolumne,109,53932,5072,4899,44,4943,64
2021-08-13,Ventura,111,848112,87635,86368,3881,90249,1052
2021-08-13,Yolo,113,214977,16213,15761,668,16429,225
2021-08-13,Yuba,115,75493,7352,7184,150,7334,51
2021-08-12,Alameda,1,1643700,103672,100472,2419,102891,1284
2021-08-12,Alpine,3,1148,91,91,0,91,0
2021-08-12,Amador,5,37829,4289,4161,39,4200,49
2021-08-12,Butte,7,227075,14386,14006,2363,16369,206
2021-08-12,Calaveras,9,45235,2601,2531,19,2550,57
2021-08-12,Colusa,11,21464,2168,2111,429,2540,17
2021-08-12,Contra Costa,13,1133247,83796,80738,1699,82437,846
2021-08-12,Del Norte,15,27424,2142,1923,11,1934,8
2021-08-12,El Dorado,17,186661,12409,11880,1066,12946,118
2021-08-12,Fresno,19,978130,110395,108193,9721,117914,1753
2021-08-12,Glenn,21,27897,2585,2559,632,3191,20
2021-08-12,Humboldt,23,135768,6156,5845,107,5952,52
2021-08-12,Imperial,25,180216,29736,29585,2949,32534,745
2021-08-12,Inyo,27,18085,1488,1483,5,1488,39
2021-08-12,Kern,29,883053,102995,101698,13648,115346,1364
2021-08-12,Kings,31,150075,24920,24423,1400,25823,252
2021-08-12,Lake,33,64148,4935,4774,33,4807,68
2021-08-12,Lassen,35,31185,5511,5428,138,5566,21
2021-08-12,Los Angeles,37,10098052,1307025,1291875,50583,1342458,24874
2021-08-12,Madera,39,155013,17910,17564,1165,18729,246
2021-08-12,Marin,41,260295,15647,15277,321,15598,239
2021-08-12,Mariposa,43,17540,607,568,13,581,5
2021-08-12,Mendocino,45,87422,5161,4873,152,5025,49
2021-08-12,Merced,47,269075,33459,32960,1115,34075,480
2021-08-12,Modoc,49,8938,425,423,148,571,5
2021-08-12,Mono,51,14174,1343,1325,14,1339,3
2021-08-12,Monterey,53,433212,44643,44383,2299,46682,527
2021-08-12,Napa,55,140530,11052,10780,63,10843,83
2021-08-12,Nevada,57,99092,6622,6283,229,6512,74
2021-08-12,Orange,59,3164182,277003,273167,12951,286118,5158
2021-08-12,Placer,61,380077,28219,26856,2337,29193,306
2021-08-12,Plumas,63,18699,868,829,16,845,5
2021-08-12,Riverside,65,2383286,315520,311304,15664,326968,4575
2021-08-12,Sacramento,67,1510023,126591,122222,2541,124763,1758
2021-08-12,San Benito,69,59416,6480,6398,126,6524,64
2021-08-12,San Bernardino,71,2135413,314822,310420,9736,320156,5297
2021-08-12,San Diego,73,3302833,316526,310596,0,310596,3821
2021-08-12,San Francisco,75,870044,45141,43774,1994,45768,564
2021-08-12,San Joaquin,77,732212,81791,79945,4358,84303,1479
2021-08-12,San Luis Obispo,79,281455,23538,23101,921,24022,264
2021-08-12,San Mateo,81,765935,47421,46435,826,47261,548
2021-08-12,Santa Barbara,83,443738,37631,36881,1419,38300,473
2021-08-12,Santa Clara,85,1922200,129196,126614,971,127585,1769
2021-08-12,Santa Cruz,87,273765,17591,17261,942,18203,209
2021-08-12,Shasta,89,179085,14060,13621,1974,15595,211
2021-08-12,Sierra,91,2930,83,81,14,95,0
2021-08-12,Siskiyou,93,43540,2215,2134,557,2691,33
2021-08-12,Solano,95,438530,38612,36980,864,37844,262
2021-08-12,Sonoma,97,501317,35604,34299,433,34732,333
2021-08-12,Stanislaus,99,539301,62627,61026,6914,67940,1039
2021-08-12,Sutter,101,95872,10897,10695,119,10814,130
2021-08-12,Tehama,103,63373,5578,5462,705,6167,66
2021-08-12,Trinity,105,12862,425,386,95,481,3
2021-08-12,Tulare,107,460477,52360,51632,10832,62464,856
2021-08-12,Tuolumne,109,53932,5025,4845,42,4887,64
2021-08-12,Ventura,111,848112,87400,86106,3857,89963,1052
2021-08-12,Yolo,113,214977,16143,15686,655,16341,224
2021-08-12,Yuba,115,75493,7303,7128,149,7277,51
2021-08-11,Alameda,1,1643700,103133,100040,2412,102452,1281
2021-08-11,Alpine,3,1148,91,91,0,91,0
2021-08-11,Amador,5,37829,4266,4127,38,4165,49
2021-08-11,Butte,7,227075,14275,13905,2337,16242,206
2021-08-11,Calaveras,9,45235,2578,2505,19,2524,57
2021-08-11,Colusa,11,21464,2158,2101,427,2528,16
2021-08-11,Contra Costa,13,1133247,83301,80275,1687,81962,843
2021-08-11,Del Norte,15,27424,2084,1893,11,1904,8
2021-08-11,El Dorado,17,186661,12295,11799,1054,12853,119
2021-08-11,Fresno,19,978130,109880,107773,9688,117461,1751
2021-08-11,Glenn,21,27897,2578,2547,630,3177,20
2021-08-11,Humboldt,23,135768,6109,5765,106,5871,52
2021-08-11,Imperial,25,180216,29694,29565,2945,32510,745
2021-08-11,Inyo,27,18085,1488,1483,5,1488,39
2021-08-11,Kern,29,883053,102687,101448,13536,114984,1363
2021-08-11,Kings,31,150075,24808,24304,1390,25694,250
2021-08-11,Lake,33,64148,4898,4713,33,4746,68
2021-08-11,Lassen,35,31185,5502,5408,136,5544,21
2021-08-11,Los Angeles,37,10098052,1303731,1288238,50390,1338628,24851
2021-08-11,Madera,39,155013,17861,17511,1154,18665,245
2021-08-11,Marin,41,260295,15598,15235,321,15556,239
2021-08-11,Mariposa,43,17540,597,554,12,566,5
2021-08-11,Mendocino,45,87422,5092,4796,144,4940,49
2021-08-11,Merced,47,269075,33319,32802,1110,33912,479
2021-08-11,Modoc,49,8938,425,421,148,569,5
2021-08-11,Mono,51,14174,1339,1320,14,1334,3
2021-08-11,Monterey,53,433212,44553,44314,2272,46586,527
2021-08-11,Napa,55,140530,11010,10732,63,10795,83
2021-08-11,Nevada,57,99092,6568,6172,227,6399,74
2021-08-11,Orange,59,3164182,276190,272212,12920,285132,5155
2021-08-11,Placer,61,380077,28006,26687,2313,29000,305
2021-08-11,Plumas,63,18699,861,824,16,840,5
2021-08-11,Riverside,65,2383286,314535,310265,15633,325898,4570
2021-08-11,Sacramento,67,1510023,125787,121603,2498,124101,1757
2021-08-11,San Benito,69,59416,6467,6381,126,6507,64
2021-08-11,San Bernardino,71,2135413,313936,309498,9714,319212,5296
2021-08-11,San Diego,73,3302833,315055,309406,0,309406,3818
2021-08-11,San Francisco,75,870044,44921,43555,1984,45539,564
2021-08-11,San Joaquin,77,732212,81391,79641,4333,83974,1478
2021-08-11,San Luis Obispo,79,281455,23434,22920,915,23835,264
2021-08-11,San Mateo,81,765935,47266,46300,811,47111,548
2021-08-11,Santa Barbara,83,443738,37487,36699,1411,38110,472
2021-08-11,Santa Clara,85,1922200,128716,126301,962,127263,1769
2021-08-11,Santa Cruz,87,273765,17525,17191,940,18131,209
2021-08-11,Shasta,89,179085,13989,13546,1957,15503,211
2021-08-11,Sierra,91,2930,82,81,14,95,0
2021-08-11,Siskiyou,93,43540,2201,2124,550,2674,33
2021-08-11,Solano,95,438530,38387,36862,850,37712,262
2021-08-11,Sonoma,97,501317,35429,34188,428,34616,333
2021-08-11,Stanislaus,99,539301,62285,60767,6883,67650,1037
2021-08-11,Sutter,101,95872,10826,10628,119,10747,130
2021-08-11,Tehama,103,63373,5550,5410,688,6098,66
2021-08-11,Trinity,105,12862,423,385,95,480,3
2021-08-11,Tulare,107,460477,52196,51464,10789,62253,854
2021-08-11,Tuolumne,109,53932,4993,4794,42,4836,64
2021-08-11,Ventura,111,848112,87146,85863,3835,89698,1051
2021-08-11,Yolo,113,214977,16071,15593,644,16237,218
2021-08-11,Yuba,115,75493,7245,7063,148,7211,53
2021-08-10,Alameda,1,1643700,102650,99771,2406,102177,1281
2021-08-10,Alpine,3,1148,91,91,0,91,0
2021-08-10,Amador,5,37829,4251,4093,38,4131,49
2021-08-10,Butte,7,227075,14187,13853,2315,16168,205
2021-08-10,Calaveras,9,45235,2558,2491,17,2508,57
2021-08-10,Colusa,11,21464,2145,2088,419,2507,16
2021-08-10,Contra Costa,13,1133247,82764,80018,1677,81695,840
2021-08-10,Del Norte,15,27424,2040,1870,11,1881,8
2021-08-10,El Dorado,17,186661,12197,11734,1043,12777,117
2021-08-10,Fresno,19,978130,109397,107616,9656,117272,1747
2021-08-10,Glenn,21,27897,2567,2538,629,3167,20
2021-08-10,Humboldt,23,135768,6054,5718,103,5821,52
2021-08-10,Imperial,25,180216,29658,29522,2939,32461,745
2021-08-10,Inyo,27,18085,1488,1482,5,1487,39
2021-08-10,Kern,29,883053,102364,101254,13433,114687,1359
2021-08-10,Kings,31,150075,24679,24252,1374,25626,251
2021-08-10,Lake,33,64148,4858,4700,32,4732,67
2021-08-10,Lassen,35,31185,5484,5401,136,5537,21
2021-08-10,Los Angeles,37,10098052,1300015,1285140,50219,1335359,24821
2021-08-10,Madera,39,155013,17789,17481,1147,18628,245
2021-08-10,Marin,41,260295,15551,15194,321,15515,239
2021-08-10,Mariposa,43,17540,584,550,12,562,5
2021-08-10,Mendocino,45,87422,5047,4775,140,4915,49
2021-08-10,Merced,47,269075,33184,32721,1105,33826,477
2021-08-10,Modoc,49,8938,424,421,148,569,5
2021-08-10,Mono,51,14174,1334,1320,14,1334,3
2021-08-10,Monterey,53,433212,44503,44259,2246,46505,527
2021-08-10,Napa,55,140530,10954,10703,62,10765,83
2021-08-10,Nevada,57,99092,6502,6151,226,6377,73
2021-08-10,Orange,59,3164182,275348,271688,12882,284570,5155
2021-08-10,Placer,61,380077,27783,26561,2270,28831,305
2021-08-10,Plumas,63,18699,852,816,16,832,5
2021-08-10,Riverside,65,2383286,313432,309529,15616,325145,4564
2021-08-10,Sacramento,67,1510023,124937,121159,2467,123626,1755
2021-08-10,San Benito,69,59416,6453,6371,126,6497,64
2021-08-10,San Bernardino,71,2135413,313023,308672,9696,318368,5295
2021-08-10,San Diego,73,3302833,313403,308288,0,308288,3815
2021-08-10,San Francisco,75,870044,44680,43389,1955,45344,564
2021-08-10,San Joaquin,77,732212,81003,79391,4319,83710,1478
2021-08-10,San Luis Obispo,79,281455,23310,22776,912,23688,264
2021-08-10,San Mateo,81,765935,47100,46184,792,46976,548
2021-08-10,Santa Barbara,83,443738,37330,36574,1404,37978,472
2021-08-10,Santa Clara,85,1922200,128253,126019,953,126972,1770
2021-08-10,Santa Cruz,87,273765,17443,17142,938,18080,209
2021-08-10,Shasta,89,179085,13915,13461,1932,15393,211
2021-08-10,Sierra,91,2930,82,76,14,90,0
2021-08-10,Siskiyou,93,43540,2193,2088,542,2630,33
2021-08-10,Solano,95,438530,38158,36767,841,37608,262
2021-08-10,Sonoma,97,501317,35284,34054,425,34479,333
2021-08-10,Stanislaus,99,539301,61938,60605,6853,67458,1037
2021-08-10,Sutter,101,95872,10762,10569,119,10688,130
2021-08-10,Tehama,103,63373,5523,5392,686,6078,66
2021-08-10,Trinity,105,12862,423,384,95,479,3
2021-08-10,Tulare,107,460477,52035,51390,10745,62135,854
2021-08-10,Tuolumne,109,53932,4965,4780,41,4821,64
2021-08-10,Ventura,111,848112,86860,85714,3814,89528,1051
2021-08-10,Yolo,113,214977,15985,15568,634,16202,218
2021-08-10,Yuba,115,75493,7196,7028,148,7176,50
2021-08-09,Alameda,1,1643700,102103,99496,2402,101898,1276
2021-08-09,Alpine,3,1148,91,91,0,91,0
2021-08-09,Amador,5,37829,4226,4078,38,4116,48
2021-08-09,Butte,7,227075,14091,13813,2283,16096,205
2021-08-09,Calaveras,9,45235,2529,2472,17,2489,57
2021-08-09,Colusa,11,21464,2135,2075,411,2486,16
2021-08-09,Contra Costa,13,1133247,82222,79740,1666,81406,840
2021-08-09,Del Norte,15,27424,1972,1848,11,1859,8
2021-08-09,El Dorado,17,186661,12090,11672,1029,12701,117
2021-08-09,Fresno,19,978130,108914,107310,9632,116942,1747
2021-08-09,Glenn,21,27897,2553,2532,627,3159,20
2021-08-09,Humboldt,23,135768,5964,5632,101,5733,52
2021-08-09,Imperial,25,180216,29614,29512,2935,32447,745
2021-08-09,Inyo,27,18085,1488,1481,5,1486,39
2021-08-09,Kern,29,883053,102055,101069,13349,114418,1359
2021-08-09,Kings,31,150075,24573,24155,1357,25512,250
2021-08-09,Lake,33,64148,4823,4670,30,4700,66
2021-08-09,Lassen,35,31185,5462,5393,135,5528,21
2021-08-09,Los Angeles,37,10098052,1296037,1282891,50020,1332911,24798
2021-08-09,Madera,39,155013,17732,17429,1131,18560,245
2021-08-09,Marin,41,260295,15498,15154,320,15474,239
2021-08-09,Mariposa,43,17540,570,545,12,557,5
2021-08-09,Mendocino,45,87422,4996,4732,132,4864,49
2021-08-09,Merced,47,269075,33026,32666,1101,33767,477
2021-08-09,Modoc,49,8938,424,419,148,567,5
2021-08-09,Mono,51,14174,1331,1337,14,1351,3
2021-08-09,Monterey,53,433212,44439,44190,2221,46411,527
2021-08-09,Napa,55,140530,10908,10679,62,10741,83
2021-08-09,Nevada,57,99092,6432,6088,225,6313,73
2021-08-09,Orange,59,3164182,274351,271036,12856,283892,5153
2021-08-09,Placer,61,380077,27563,26457,2236,28693,305
2021-08-09,Plumas,63,18699,836,803,16,819,5
2021-08-09,Riverside,65,2383286,312369,308678,15596,324274,4562
2021-08-09,Sacramento,67,1510023,124115,120812,2444,123256,1748
2021-08-09,San Benito,69,59416,6433,6359,124,6483,63
2021-08-09,San Bernardino,71,2135413,312045,308038,9676,317714,5295
2021-08-09,San Diego,73,3302833,311737,306855,0,306855,3811
2021-08-09,San Francisco,75,870044,44441,43261,1935,45196,564
2021-08-09,San Joaquin,77,732212,80620,79198,4303,83501,1469
2021-08-09,San Luis Obispo,79,281455,23173,22695,903,23598,264
2021-08-09,San Mateo,81,765935,46941,46040,777,46817,548
2021-08-09,Santa Barbara,83,443738,37141,36474,1398,37872,470
2021-08-09,Santa Clara,85,1922200,127746,125791,945,126736,2187
2021-08-09,Santa Cruz,87,273765,17383,17082,937,18019,209
2021-08-09,Shasta,89,179085,13803,13397,1921,15318,210
2021-08-09,Sierra,91,2930,81,75,14,89,0
2021-08-09,Siskiyou,93,43540,2182,2047,524,2571,32
2021-08-09,Solano,95,438530,37896,36653,839,37492,262
2021-08-09,Sonoma,97,501317,35105,33933,423,34356,333
2021-08-09,Stanislaus,99,539301,61659,60410,6810,67220,1037
2021-08-09,Sutter,101,95872,10714,10525,116,10641,129
2021-08-09,Tehama,103,63373,5483,5373,683,6056,66
2021-08-09,Trinity,105,12862,422,378,94,472,3
2021-08-09,Tulare,107,460477,51877,51274,10691,61965,854
2021-08-09,Tuolumne,109,53932,4923,4745,41,4786,64
2021-08-09,Ventura,111,848112,86588,85514,3802,89316,1047
2021-08-09,Yolo,113,214977,15907,15521,615,16136,218
2021-08-09,Yuba,115,75493,7140,6994,148,7142,50
2021-08-08,Alameda,1,1643700,101551,99135,2395,101530,1276
2021-08-08,Alpine,3,1148,91,91,0,91,0
2021-08-08,Amador,5,37829,4193,4057,37,4094,48
2021-08-08,Butte,7,227075,14001,13791,2264,16055,205
2021-08-08,Calaveras,9,45235,2497,2462,17,2479,57
2021-08-08,Colusa,11,21464,2118,2070,404,2474,16
2021-08-08,Contra Costa,13,1133247,81699,79454,1659,81113,840
2021-08-08,Del Norte,15,27424,1926,1810,11,1821,8
2021-08-08,El Dorado,17,186661,11975,11631,1018,12649,117
2021-08-08,Fresno,19,978130,108491,107078,9611,116689,1747
2021-08-08,Glenn,21,27897,2544,2527,624,3151,20
2021-08-08,Humboldt,23,135768,5874,5571,101,5672,52
2021-08-08,Imperial,25,180216,29591,29485,2924,32409,745
2021-08-08,Inyo,27,18085,1488,1481,5,1486,39
2021-08-08,Kern,29,883053,101739,100909,13235,114144,1359
2021-08-08,Kings,31,150075,24460,24095,1349,25444,250
2021-08-08,Lake,33,64148,4774,4636,29,4665,66
2021-08-08,Lassen,35,31185,5447,5391,135,5526,21
2021-08-08,Los Angeles,37,10098052,1291819,1279982,49833,1329815,24793
2021-08-08,Madera,39,155013,17657,17398,1117,18515,245
2021-08-08,Marin,41,260295,15449,15124,318,15442,239
2021-08-08,Mariposa,43,17540,566,538,12,550,5
2021-08-08,Mendocino,45,87422,4934,4702,118,4820,49
2021-08-08,Merced,47,269075,32875,32634,1095,33729,477
2021-08-08,Modoc,49,8938,423,419,147,566,5
2021-08-08,Mono,51,14174,1327,1336,14,1350,3
2021-08-08,Monterey,53,433212,44378,44171,2200,46371,527
2021-08-08,Napa,55,140530,10873,10668,62,10730,83
2021-08-08,Nevada,57,99092,6346,6009,223,6232,73
2021-08-08,Orange,59,3164182,273472,270532,12821,283353,5153
2021-08-08,Placer,61,380077,27356,26332,2193,28525,305
2021-08-08,Plumas,63,18699,828,803,16,819,5
2021-08-08,Riverside,65,2383286,311290,308042,15576,323618,4562
2021-08-08,Sacramento,67,1510023,123298,120109,2431,122540,1744
2021-08-08,San Benito,69,59416,6416,6350,123,6473,63
2021-08-08,San Bernardino,71,2135413,310907,307378,9648,317026,5295
2021-08-08,San Diego,73,3302833,310389,305983,0,305983,3811
2021-08-08,San Francisco,75,870044,44187,43098,1909,45007,564
2021-08-08,San Joaquin,77,732212,80172,79002,4288,83290,1469
2021-08-08,San Luis Obispo,79,281455,22998,22668,895,23563,263
2021-08-08,San Mateo,81,765935,46776,45927,762,46689,548
2021-08-08,Santa Barbara,83,443738,36965,36417,1391,37808,470
2021-08-08,Santa Clara,85,1922200,127299,125553,940,126493,2187
2021-08-08,Santa Cruz,87,273765,17311,17035,930,17965,209
2021-08-08,Shasta,89,179085,13718,13381,1911,15292,210
2021-08-08,Sierra,91,2930,81,74,14,88,0
2021-08-08,Siskiyou,93,43540,2166,2041,519,2560,32
2021-08-08,Solano,95,438530,37670,36551,836,37387,262
2021-08-08,Sonoma,97,501317,34859,33805,422,34227,333
2021-08-08,Stanislaus,99,539301,61318,60269,6779,67048,1037
2021-08-08,Sutter,101,95872,10654,10481,115,10596,129
2021-08-08,Tehama,103,63373,5445,5359,680,6039,66
2021-08-08,Trinity,105,12862,417,378,94,472,3
2021-08-08,Tulare,107,460477,51696,51220,10642,61862,854
2021-08-08,Tuolumne,109,53932,4884,4731,41,4772,64
2021-08-08,Ventura,111,848112,86295,85382,3792,89174,1047
2021-08-08,Yolo,113,214977,15815,15477,609,16086,218
2021-08-08,Yuba,115,75493,7101,6967,148,7115,50
2021-08-07,Alameda,1,1643700,101306,98812,2391,101203,1276
2021-08-07,Alpine,3,1148,91,91,0,91,0
2021-08-07,Amador,5,37829,4176,4041,37,4078,48
2021-08-07,Butte,7,227075,13953,13714,2252,15966,205
2021-08-07,Calaveras,9,45235,2487,2446,17,2463,57
2021-08-07,Colusa,11,21464,2113,2067,395,2462,16
2021-08-07,Contra Costa,13,1133247,81404,79168,1655,80823,840
2021-08-07,Del Norte,15,27424,1894,1791,11,1802,8
2021-08-07,El Dorado,17,186661,11925,11575,1008,12583,117
2021-08-07,Fresno,19,978130,108306,106861,9604,116465,1747
2021-08-07,Glenn,21,27897,2540,2515,624,3139,20
2021-08-07,Humboldt,23,135768,5824,5510,98,5608,52
2021-08-07,Imperial,25,180216,29573,29470,2924,32394,745
2021-08-07,Inyo,27,18085,1486,1476,5,1481,39
2021-08-07,Kern,29,883053,101584,100693,13179,113872,1359
2021-08-07,Kings,31,150075,24399,24048,1343,25391,250
2021-08-07,Lake,33,64148,4753,4613,29,4642,66
2021-08-07,Lassen,35,31185,5443,5386,135,5521,21
2021-08-07,Los Angeles,37,10098052,1289841,1276853,49675,1326528,24786
2021-08-07,Madera,39,155013,17626,17366,1111,18477,245
2021-08-07,Marin,41,260295,15416,15085,316,15401,239
2021-08-07,Mariposa,43,17540,563,530,12,542,5
2021-08-07,Mendocino,45,87422,4897,4690,116,4806,49
2021-08-07,Merced,47,269075,32823,32569,1093,33662,477
2021-08-07,Modoc,49,8938,423,419,147,566,5
2021-08-07,Mono,51,14174,1325,1329,14,1343,3
2021-08-07,Monterey,53,433212,44330,44124,2191,46315,527
2021-08-07,Napa,55,140530,10852,10658,61,10719,83
2021-08-07,Nevada,57,99092,6297,5967,220,6187,73
2021-08-07,Orange,59,3164182,272906,269900,12801,282701,5153
2021-08-07,Placer,61,380077,27176,26244,2184,28428,305
2021-08-07,Plumas,63,18699,824,801,16,817,5
2021-08-07,Riverside,65,2383286,310626,307326,15568,322894,4562
2021-08-07,Sacramento,67,1510023,122808,119636,2426,122062,1744
2021-08-07,San Benito,69,59416,6406,6332,123,6455,63
2021-08-07,San Bernardino,71,2135413,310321,306663,9631,316294,5295
2021-08-07,San Diego,73,3302833,309643,304974,0,304974,3811
2021-08-07,San Francisco,75,870044,44026,42926,1882,44808,564
2021-08-07,San Joaquin,77,732212,80010,78769,4274,83043,1469
2021-08-07,San Luis Obispo,79,281455,22932,22579,894,23473,263
2021-08-07,San Mateo,81,765935,46661,45804,751,46555,548
2021-08-07,Santa Barbara,83,443738,36868,36303,1385,37688,470
2021-08-07,Santa Clara,85,1922200,127032,125196,935,126131,2188
2021-08-07,Santa Cruz,87,273765,17269,16994,928,17922,209
2021-08-07,Shasta,89,179085,13663,13361,1903,15264,210
2021-08-07,Sierra,91,2930,81,74,14,88,0
2021-08-07,Siskiyou,93,43540,2154,2039,517,2556,32
2021-08-07,Solano,95,438530,37554,36458,828,37286,262
2021-08-07,Sonoma,97,501317,34736,33716,422,34138,333
2021-08-07,Stanislaus,99,539301,61132,60093,6755,66848,1037
2021-08-07,Sutter,101,95872,10617,10447,115,10562,129
2021-08-07,Tehama,103,63373,5435,5343,675,6018,66
2021-08-07,Trinity,105,12862,413,377,93,470,3
2021-08-07,Tulare,107,460477,51613,51133,10604,61737,854
2021-08-07,Tuolumne,109,53932,4854,4721,41,4762,64
2021-08-07,Ventura,111,848112,86117,85232,3776,89008,1047
2021-08-07,Yolo,113,214977,15774,15423,601,16024,218
2021-08-07,Yuba,115,75493,7077,6937,146,7083,50
2021-08-06,Alameda,1,1643700,100975,98487,2384,100871,1275
2021-08-06,Alpine,3,1148,91,91,0,91,0
2021-08-06,Amador,5,37829,4155,4002,37,4039,48
2021-08-06,Butte,7,227075,13908,13626,2241,15867,205
2021-08-06,Calaveras,9,45235,2477,2419,17,2436,57
2021-08-06,Colusa,11,21464,2107,2045,389,2434,16
2021-08-06,Contra Costa,13,1133247,81112,78796,1649,80445,840
2021-08-06,Del Norte,15,27424,1869,1755,11,1766,8
2021-08-06,El Dorado,17,186661,11876,11498,996,12494,117
2021-08-06,Fresno,19,978130,108043,106542,9590,116132,1747
2021-08-06,Glenn,21,27897,2531,2504,624,3128,20
2021-08-06,Humboldt,23,135768,5773,5421,95,5516,52
2021-08-06,Imperial,25,180216,29562,29404,2920,32324,745
2021-08-06,Inyo,27,18085,1483,1471,5,1476,39
2021-08-06,Kern,29,883053,101408,100427,13094,113521,1359
2021-08-06,Kings,31,150075,24342,23974,1339,25313,250
2021-08-06,Lake,33,64148,4732,4557,29,4586,66
2021-08-06,Lassen,35,31185,5423,5368,133,5501,21
2021-08-06,Los Angeles,37,10098052,1287370,1273081,49524,1322605,24772
2021-08-06,Madera,39,155013,17589,17324,1104,18428,245
2021-08-06,Marin,41,260295,15384,15051,316,15367,239
2021-08-06,Mariposa,43,17540,554,511,12,523,5
2021-08-06,Mendocino,45,87422,4855,4649,115,4764,49
2021-08-06,Merced,47,269075,32774,32456,1090,33546,477
2021-08-06,Modoc,49,8938,423,419,147,566,5
2021-08-06,Mono,51,14174,1323,1328,14,1342,3
2021-08-06,Monterey,53,433212,44272,44058,2168,46226,527
2021-08-06,Napa,55,140530,10825,10620,61,10681,83
2021-08-06,Nevada,57,99092,6241,5874,220,6094,73
2021-08-06,Orange,59,3164182,272355,269077,12783,281860,5151
2021-08-06,Placer,61,380077,27046,26086,2161,28247,305
2021-08-06,Plumas,63,18699,815,795,16,811,5
2021-08-06,Riverside,65,2383286,309920,306304,15558,321862,4562
2021-08-06,Sacramento,67,1510023,122337,119169,2406,121575,1740
2021-08-06,San Benito,69,59416,6390,6315,123,6438,63
2021-08-06,San Bernardino,71,2135413,309622,305806,9625,315431,5286
2021-08-06,San Diego,73,3302833,308628,303691,0,303691,3810
2021-08-06,San Francisco,75,870044,43876,42659,1859,44518,565
2021-08-06,San Joaquin,77,732212,79864,78405,4263,82668,1469
2021-08-06,San Luis Obispo,79,281455,22864,22472,889,23361,263
2021-08-06,San Mateo,81,765935,46532,45665,736,46401,548
2021-08-06,Santa Barbara,83,443738,36779,36208,1380,37588,470
2021-08-06,Santa Clara,85,1922200,126746,124767,931,125698,2185
2021-08-06,Santa Cruz,87,273765,17227,16924,924,17848,207
2021-08-06,Shasta,89,179085,13598,13284,1898,15182,210
2021-08-06,Sierra,91,2930,81,73,14,87,0
2021-08-06,Siskiyou,93,43540,2144,2030,513,2543,32
2021-08-06,Solano,95,438530,37445,36351,819,37170,262
2021-08-06,Sonoma,97,501317,34649,33594,421,34015,333
2021-08-06,Stanislaus,99,539301,60980,59854,6737,66591,1037
2021-08-06,Sutter,101,95872,10575,10391,115,10506,128
2021-08-06,Tehama,103,63373,5414,5325,674,5999,66
2021-08-06,Trinity,105,12862,412,371,92,463,3
2021-08-06,Tulare,107,460477,51514,51018,10564,61582,854
2021-08-06,Tuolumne,109,53932,4827,4674,41,4715,64
2021-08-06,Ventura,111,848112,85947,85046,3765,88811,1047
2021-08-06,Yolo,113,214977,15721,15299,596,15895,218
2021-08-06,Yuba,115,75493,7054,6904,146,7050,50
2021-08-05,Alameda,1,1643700,100470,98052,2380,100432,1275
2021-08-05,Alpine,3,1148,91,91,0,91,0
2021-08-05,Amador,5,37829,4135,3992,37,4029,48
2021-08-05,Butte,7,227075,13855,13564,2220,15784,206
2021-08-05,Calaveras,9,45235,2459,2397,17,2414,57
2021-08-05,Colusa,11,21464,2095,2036,385,2421,16
2021-08-05,Contra Costa,13,1133247,80684,78514,1641,80155,840
2021-08-05,Del Norte,15,27424,1842,1731,11,1742,8
2021-08-05,El Dorado,17,186661,11791,11408,985,12393,117
2021-08-05,Fresno,19,978130,107669,106219,9563,115782,1747
2021-08-05,Glenn,21,27897,2527,2494,621,3115,20
2021-08-05,Humboldt,23,135768,5699,5328,94,5422,52
2021-08-05,Imperial,25,180216,29531,29383,2916,32299,745
2021-08-05,Inyo,27,18085,1479,1468,5,1473,38
2021-08-05,Kern,29,883053,101188,100091,13010,113101,1358
2021-08-05,Kings,31,150075,24255,23906,1335,25241,249
2021-08-05,Lake,33,64148,4693,4490,27,4517,66
2021-08-05,Lassen,35,31185,5415,5344,133,5477,21
2021-08-05,Los Angeles,37,10098052,1284175,1269445,49392,1318837,24756
2021-08-05,Madera,39,155013,17549,17301,1097,18398,245
2021-08-05,Marin,41,260295,15341,15005,312,15317,239
2021-08-05,Mariposa,43,17540,543,504,11,515,5
2021-08-05,Mendocino,45,87422,4813,4597,105,4702,49
2021-08-05,Merced,47,269075,32713,32381,1086,33467,477
2021-08-05,Modoc,49,8938,422,418,147,565,5
2021-08-05,Mono,51,14174,1313,1309,14,1323,3
2021-08-05,Monterey,53,433212,44220,43992,2148,46140,527
2021-08-05,Napa,55,140530,10789,10591,59,10650,83
2021-08-05,Nevada,57,99092,6159,5778,217,5995,73
2021-08-05,Orange,59,3164182,271613,268329,12763,281092,5149
2021-08-05,Placer,61,380077,26854,25965,2132,28097,305
2021-08-05,Plumas,63,18699,809,787,15,802,5
2021-08-05,Riverside,65,2383286,309014,305415,15536,320951,4562
2021-08-05,Sacramento,67,1510023,121627,118590,2396,120986,1739
2021-08-05,San Benito,69,59416,6372,6305,123,6428,63
2021-08-05,San Bernardino,71,2135413,308792,304956,9604,314560,5284
2021-08-05,San Diego,73,3302833,307367,302220,0,302220,3806
2021-08-05,San Francisco,75,870044,43668,42301,1846,44147,564
2021-08-05,San Joaquin,77,732212,79507,78151,4255,82406,1468
2021-08-05,San Luis Obispo,79,281455,22753,22362,884,23246,263
2021-08-05,San Mateo,81,765935,46372,45554,723,46277,548
2021-08-05,Santa Barbara,83,443738,36674,36112,1377,37489,470
2021-08-05,Santa Clara,85,1922200,126419,124490,931,125421,2185
2021-08-05,Santa Cruz,87,273765,17184,16867,921,17788,207
2021-08-05,Shasta,89,179085,13541,13217,1889,15106,210
2021-08-05,Sierra,91,2930,76,73,14,87,0
2021-08-05,Siskiyou,93,43540,2124,2024,502,2526,32
2021-08-05,Solano,95,438530,37271,36250,812,37062,262
2021-08-05,Sonoma,97,501317,34513,33455,420,33875,330
2021-08-05,Stanislaus,99,539301,60734,59692,6710,66402,1037
2021-08-05,Sutter,101,95872,10520,10349,115,10464,127
2021-08-05,Tehama,103,63373,5396,5305,671,5976,66
2021-08-05,Trinity,105,12862,406,367,92,459,3
2021-08-05,Tulare,107,460477,51400,50889,10513,61402,854
2021-08-05,Tuolumne,109,53932,4797,4619,41,4660,64
2021-08-05,Ventura,111,848112,85695,84837,3752,88589,1047
2021-08-05,Yolo,113,214977,15661,15250,591,15841,218
2021-08-05,Yuba,115,75493,7011,6872,144,7016,50
2021-08-04,Alameda,1,1643700,99996,97477,2368,99845,1274
2021-08-04,Alpine,3,1148,91,91,0,91,0
2021-08-04,Amador,5,37829,4105,3962,37,3999,48
2021-08-04,Butte,7,227075,13791,13509,2202,15711,205
2021-08-04,Calaveras,9,45235,2436,2374,17,2391,57
2021-08-04,Colusa,11,21464,2084,2025,379,2404,16
2021-08-04,Contra Costa,13,1133247,80179,77966,1635,79601,840
2021-08-04,Del Norte,15,27424,1818,1701,11,1712,8
2021-08-04,El Dorado,17,186661,11713,11319,974,12293,117
2021-08-04,Fresno,19,978130,107306,105899,9542,115441,1747
2021-08-04,Glenn,21,27897,2516,2487,621,3108,20
2021-08-04,Humboldt,23,135768,5623,5271,93,5364,52
2021-08-04,Imperial,25,180216,29483,29375,2914,32289,745
2021-08-04,Inyo,27,18085,1478,1465,5,1470,38
2021-08-04,Kern,29,883053,100938,99868,12925,112793,1358
2021-08-04,Kings,31,150075,24186,23840,1328,25168,250
2021-08-04,Lake,33,64148,4662,4423,21,4444,65
2021-08-04,Lassen,35,31185,5406,5340,133,5473,21
2021-08-04,Los Angeles,37,10098052,1280713,1265788,49229,1315017,24737
2021-08-04,Madera,39,155013,17514,17251,1090,18341,245
2021-08-04,Marin,41,260295,15294,14950,311,15261,239
2021-08-04,Mariposa,43,17540,528,497,11,508,5
2021-08-04,Mendocino,45,87422,4789,4560,101,4661,49
2021-08-04,Merced,47,269075,32580,32274,1083,33357,476
2021-08-04,Modoc,49,8938,422,416,147,563,5
2021-08-04,Mono,51,14174,1310,1307,14,1321,3
2021-08-04,Monterey,53,433212,44161,43926,2131,46057,526
2021-08-04,Napa,55,140530,10753,10544,59,10603,82
2021-08-04,Nevada,57,99092,6093,5702,216,5918,73
2021-08-04,Orange,59,3164182,270773,267199,12741,279940,5146
2021-08-04,Placer,61,380077,26644,25688,2112,27800,305
2021-08-04,Plumas,63,18699,802,784,15,799,5
2021-08-04,Riverside,65,2383286,308095,304272,15518,319790,4562
2021-08-04,Sacramento,67,1510023,120891,117882,2370,120252,1736
2021-08-04,San Benito,69,59416,6357,6300,123,6423,63
2021-08-04,San Bernardino,71,2135413,307947,304164,9586,313750,5285
2021-08-04,San Diego,73,3302833,305862,301100,0,301100,3805
2021-08-04,San Francisco,75,870044,43420,41913,1830,43743,562
2021-08-04,San Joaquin,77,732212,79155,77846,4244,82090,1466
2021-08-04,San Luis Obispo,79,281455,22646,22245,878,23123,262
2021-08-04,San Mateo,81,765935,46203,45392,715,46107,548
2021-08-04,Santa Barbara,83,443738,36547,36013,1368,37381,470
2021-08-04,Santa Clara,85,1922200,126037,124127,924,125051,2183
2021-08-04,Santa Cruz,87,273765,17122,16820,914,17734,208
2021-08-04,Shasta,89,179085,13490,13134,1878,15012,211
2021-08-04,Sierra,91,2930,76,73,14,87,0
2021-08-04,Siskiyou,93,43540,2104,2010,497,2507,32
2021-08-04,Solano,95,438530,37099,36025,803,36828,262
2021-08-04,Sonoma,97,501317,34344,33311,418,33729,330
2021-08-04,Stanislaus,99,539301,60495,59396,6681,66077,1037
2021-08-04,Sutter,101,95872,10483,10294,115,10409,127
2021-08-04,Tehama,103,63373,5371,5281,667,5948,66
2021-08-04,Trinity,105,12862,404,362,89,451,3
2021-08-04,Tulare,107,460477,51292,50797,10477,61274,855
2021-08-04,Tuolumne,109,53932,4772,4584,41,4625,64
2021-08-04,Ventura,111,848112,85435,84406,3728,88134,1047
2021-08-04,Yolo,113,214977,15587,15189,580,15769,215
2021-08-04,Yuba,115,75493,6971,6827,143,6970,50
2021-08-03,Alameda,1,1643700,99540,97275,2363,99638,1270
2021-08-03,Alpine,3,1148,91,91,0,91,0
2021-08-03,Amador,5,37829,4070,3953,37,3990,48
2021-08-03,Butte,7,227075,13729,13468,2186,15654,205
2021-08-03,Calaveras,9,45235,2412,2356,17,2373,57
2021-08-03,Colusa,11,21464,2071,2023,373,2396,16
2021-08-03,Contra Costa,13,1133247,79697,77739,1629,79368,836
2021-08-03,Del Norte,15,27424,1787,1691,10,1701,8
2021-08-03,El Dorado,17,186661,11623,11255,965,12220,117
2021-08-03,Fresno,19,978130,106953,105732,9523,115255,1746
2021-08-03,Glenn,21,27897,2509,2481,618,3099,20
2021-08-03,Humboldt,23,135768,5556,5199,88,5287,52
2021-08-03,Imperial,25,180216,29460,29333,2907,32240,745
2021-08-03,Inyo,27,18085,1475,1459,5,1464,38
2021-08-03,Kern,29,883053,100678,99708,12846,112554,1358
2021-08-03,Kings,31,150075,24098,23780,1322,25102,249
2021-08-03,Lake,33,64148,4605,4408,17,4425,66
2021-08-03,Lassen,35,31185,5396,5341,133,5474,21
2021-08-03,Los Angeles,37,10098052,1277000,1262678,49052,1311730,24721
2021-08-03,Madera,39,155013,17476,17220,1076,18296,245
2021-08-03,Marin,41,260295,15245,14906,308,15214,243
2021-08-03,Mariposa,43,17540,517,495,11,506,5
2021-08-03,Mendocino,45,87422,4738,4546,99,4645,49
2021-08-03,Merced,47,269075,32505,32197,1081,33278,476
2021-08-03,Modoc,49,8938,422,416,147,563,5
2021-08-03,Mono,51,14174,1304,1303,14,1317,3
2021-08-03,Monterey,53,433212,44099,43872,2115,45987,525
2021-08-03,Napa,55,140530,10710,10527,58,10585,82
2021-08-03,Nevada,57,99092,6013,5685,215,5900,73
2021-08-03,Orange,59,3164182,270051,266649,12714,279363,5146
2021-08-03,Placer,61,380077,26447,25624,2088,27712,305
2021-08-03,Plumas,63,18699,796,779,15,794,5
2021-08-03,Riverside,65,2383286,307172,303499,15492,318991,4562
2021-08-03,Sacramento,67,1510023,120174,117591,2349,119940,1732
2021-08-03,San Benito,69,59416,6342,6284,122,6406,63
2021-08-03,San Bernardino,71,2135413,307035,303386,9566,312952,5265
2021-08-03,San Diego,73,3302833,304434,300189,0,300189,3803
2021-08-03,San Francisco,75,870044,43141,41758,1805,43563,562
2021-08-03,San Joaquin,77,732212,78809,77615,4224,81839,1461
2021-08-03,San Luis Obispo,79,281455,22511,22166,872,23038,264
2021-08-03,San Mateo,81,765935,46023,45255,695,45950,548
2021-08-03,Santa Barbara,83,443738,36428,35912,1361,37273,469
2021-08-03,Santa Clara,85,1922200,125616,123914,918,124832,2183
2021-08-03,Santa Cruz,87,273765,17056,16778,911,17689,207
2021-08-03,Shasta,89,179085,13416,13091,1868,14959,211
2021-08-03,Sierra,91,2930,76,72,14,86,0
2021-08-03,Siskiyou,93,43540,2093,1998,492,2490,32
2021-08-03,Solano,95,438530,36890,35953,790,36743,261
2021-08-03,Sonoma,97,501317,34160,33243,417,33660,330
2021-08-03,Stanislaus,99,539301,60264,59282,6662,65944,1037
2021-08-03,Sutter,101,95872,10443,10263,115,10378,127
2021-08-03,Tehama,103,63373,5346,5269,662,5931,66
2021-08-03,Trinity,105,12862,400,361,86,447,3
2021-08-03,Tulare,107,460477,51196,50729,10437,61166,854
2021-08-03,Tuolumne,109,53932,4737,4563,41,4604,64
2021-08-03,Ventura,111,848112,85202,84270,3705,87975,1046
2021-08-03,Yolo,113,214977,15500,15149,567,15716,215
2021-08-03,Yuba,115,75493,6935,6781,143,6924,50
2021-08-02,Alameda,1,1643700,98995,96954,2359,99313,1270
2021-08-02,Alpine,3,1148,91,91,0,91,0
2021-08-02,Amador,5,37829,4050,3927,37,3964,48
2021-08-02,Butte,7,227075,13654,13442,2167,15609,205
2021-08-02,Calaveras,9,45235,2382,2347,17,2364,57
2021-08-02,Colusa,11,21464,2059,2019,370,2389,16
2021-08-02,Contra Costa,13,1133247,79190,77516,1614,79130,836
2021-08-02,Del Norte,15,27424,1759,1653,10,1663,8
2021-08-02,El Dorado,17,186661,11518,11226,951,12177,116
2021-08-02,Fresno,19,978130,106628,105471,9494,114965,1744
2021-08-02,Glenn,21,27897,2497,2477,615,3092,20
2021-08-02,Humboldt,23,135768,5472,5161,86,5247,52
2021-08-02,Imperial,25,180216,29426,29302,2904,32206,743
2021-08-02,Inyo,27,18085,1469,1455,5,1460,38
2021-08-02,Kern,29,883053,100422,99556,12752,112308,1357
2021-08-02,Kings,31,150075,24029,23722,1315,25037,249
2021-08-02,Lake,33,64148,4563,4375,17,4392,66
2021-08-02,Lassen,35,31185,5374,5338,131,5469,21
2021-08-02,Los Angeles,37,10098052,1273307,1260807,48841,1309648,24705
2021-08-02,Madera,39,155013,17435,17158,1063,18221,245
2021-08-02,Marin,41,260295,15202,14859,306,15165,239
2021-08-02,Mariposa,43,17540,508,490,11,501,5
2021-08-02,Mendocino,45,87422,4698,4512,96,4608,49
2021-08-02,Merced,47,269075,32408,32163,1077,33240,474
2021-08-02,Modoc,49,8938,422,415,147,562,5
2021-08-02,Mono,51,14174,1300,1296,14,1310,3
2021-08-02,Monterey,53,433212,44041,43842,2105,45947,525
2021-08-02,Napa,55,140530,10667,10490,55,10545,82
2021-08-02,Nevada,57,99092,5942,5611,214,5825,73
2021-08-02,Orange,59,3164182,269162,266050,12676,278726,5146
2021-08-02,Placer,61,380077,26300,25516,2052,27568,306
2021-08-02,Plumas,63,18699,789,762,15,777,5
2021-08-02,Riverside,65,2383286,306232,302756,15476,318232,4562
2021-08-02,Sacramento,67,1510023,119469,117183,2332,119515,1728
2021-08-02,San Benito,69,59416,6323,6276,121,6397,63
2021-08-02,San Bernardino,71,2135413,306163,303000,9535,312535,5253
2021-08-02,San Diego,73,3302833,302960,299021,0,299021,3798
2021-08-02,San Francisco,75,870044,42852,41553,1775,43328,562
2021-08-02,San Joaquin,77,732212,78470,77447,4193,81640,1461
2021-08-02,San Luis Obispo,79,281455,22419,22093,867,22960,261
2021-08-02,San Mateo,81,765935,45853,45154,672,45826,548
2021-08-02,Santa Barbara,83,443738,36290,35851,1355,37206,469
2021-08-02,Santa Clara,85,1922200,125148,123655,910,124565,2183
2021-08-02,Santa Cruz,87,273765,16999,16746,907,17653,207
2021-08-02,Shasta,89,179085,13352,13049,1854,14903,212
2021-08-02,Sierra,91,2930,76,71,14,85,0
2021-08-02,Siskiyou,93,43540,2082,1992,478,2470,31
2021-08-02,Solano,95,438530,36647,35852,781,36633,260
2021-08-02,Sonoma,97,501317,33932,33132,412,33544,330
2021-08-02,Stanislaus,99,539301,60031,59160,6647,65807,1037
2021-08-02,Sutter,101,95872,10397,10220,115,10335,127
2021-08-02,Tehama,103,63373,5322,5260,658,5918,66
2021-08-02,Trinity,105,12862,395,359,85,444,3
2021-08-02,Tulare,107,460477,51094,50640,10368,61008,854
2021-08-02,Tuolumne,109,53932,4671,4524,41,4565,64
2021-08-02,Ventura,111,848112,85020,84143,3682,87825,1044
2021-08-02,Yolo,113,214977,15402,15072,548,15620,215
2021-08-02,Yuba,115,75493,6893,6743,143,6886,50
2021-08-01,Alameda,1,1643700,98466,96775,2354,99129,1270
2021-08-01,Alpine,3,1148,91,91,0,91,0
2021-08-01,Amador,5,37829,4013,3923,36,3959,48
2021-08-01,Butte,7,227075,13576,13406,2150,15556,205
2021-08-01,Calaveras,9,45235,2357,2341,17,2358,57
2021-08-01,Colusa,11,21464,2049,2014,368,2382,16
2021-08-01,Contra Costa,13,1133247,78753,77360,1606,78966,836
2021-08-01,Del Norte,15,27424,1729,1642,10,1652,8
2021-08-01,El Dorado,17,186661,11416,11189,941,12130,116
2021-08-01,Fresno,19,978130,106314,105339,9470,114809,1744
2021-08-01,Glenn,21,27897,2494,2476,613,3089,20
2021-08-01,Humboldt,23,135768,5396,5118,82,5200,52
2021-08-01,Imperial,25,180216,29391,29297,2900,32197,743
2021-08-01,Inyo,27,18085,1467,1454,5,1459,38
2021-08-01,Kern,29,883053,100147,99396,12676,112072,1357
2021-08-01,Kings,31,150075,23941,23700,1309,25009,249
2021-08-01,Lake,33,64148,4484,4356,17,4373,66
2021-08-01,Lassen,35,31185,5362,5336,129,5465,21
2021-08-01,Los Angeles,37,10098052,1269642,1258461,48611,1307072,24700
2021-08-01,Madera,39,155013,17379,17146,1058,18204,245
2021-08-01,Marin,41,260295,15130,14844,305,15149,239
2021-08-01,Mariposa,43,17540,501,482,11,493,5
2021-08-01,Mendocino,45,87422,4652,4476,92,4568,49
2021-08-01,Merced,47,269075,32322,32144,1073,33217,474
2021-08-01,Modoc,49,8938,421,413,147,560,5
2021-08-01,Mono,51,14174,1297,1294,14,1308,3
2021-08-01,Monterey,53,433212,43995,43808,2092,45900,525
2021-08-01,Napa,55,140530,10621,10473,53,10526,82
2021-08-01,Nevada,57,99092,5860,5561,213,5774,73
2021-08-01,Orange,59,3164182,268379,265467,12635,278102,5146
2021-08-01,Placer,61,380077,26087,25464,2022,27486,306
2021-08-01,Plumas,63,18699,782,761,15,776,5
2021-08-01,Riverside,65,2383286,305303,302256,15457,317713,4562
2021-08-01,Sacramento,67,1510023,118751,116923,2316,119239,1727
2021-08-01,San Benito,69,59416,6306,6271,121,6392,63
2021-08-01,San Bernardino,71,2135413,305239,302542,9523,312065,5248
2021-08-01,San Diego,73,3302833,301784,298002,0,298002,3798
2021-08-01,San Francisco,75,870044,42518,41432,1761,43193,562
2021-08-01,San Joaquin,77,732212,78102,77338,4166,81504,1461
2021-08-01,San Luis Obispo,79,281455,22316,22083,862,22945,261
2021-08-01,San Mateo,81,765935,45696,45036,656,45692,548
2021-08-01,Santa Barbara,83,443738,36170,35809,1351,37160,469
2021-08-01,Santa Clara,85,1922200,124741,123511,902,124413,2183
2021-08-01,Santa Cruz,87,273765,16923,16709,897,17606,207
2021-08-01,Shasta,89,179085,13282,13036,1845,14881,212
2021-08-01,Sierra,91,2930,74,71,14,85,0
2021-08-01,Siskiyou,93,43540,2076,1989,472,2461,31
2021-08-01,Solano,95,438530,36430,35800,774,36574,260
2021-08-01,Sonoma,97,501317,33740,33076,408,33484,330
2021-08-01,Stanislaus,99,539301,59791,59078,6627,65705,1037
2021-08-01,Sutter,101,95872,10342,10198,112,10310,127
2021-08-01,Tehama,103,63373,5307,5252,653,5905,66
2021-08-01,Trinity,105,12862,392,359,84,443,3
2021-08-01,Tulare,107,460477,50939,50600,10309,60909,854
2021-08-01,Tuolumne,109,53932,4633,4489,41,4530,64
2021-08-01,Ventura,111,848112,84797,84040,3666,87706,1044
2021-08-01,Yolo,113,214977,15331,15042,539,15581,215
2021-08-01,Yuba,115,75493,6855,6721,143,6864,50
2021-07-31,Alameda,1,1643700,98158,95279,2348,97627,1265
2021-07-31,Alpine,3,1148,91,89,0,89,0
2021-07-31,Amador,5,37829,3993,3877,36,3913,48
2021-07-31,Butte,7,227075,13544,13235,2129,15364,205
2021-07-31,Calaveras,9,45235,2350,2294,17,2311,57
2021-07-31,Colusa,11,21464,2043,2006,366,2372,16
2021-07-31,Contra Costa,13,1133247,78473,75866,1604,77470,832
2021-07-31,Del Norte,15,27424,1706,1576,10,1586,8
2021-07-31,El Dorado,17,186661,11363,11017,935,11952,116
2021-07-31,Fresno,19,978130,106176,104639,9465,114104,1744
2021-07-31,Glenn,21,27897,2488,2465,610,3075,20
2021-07-31,Humboldt,23,135768,5341,4978,81,5059,52
2021-07-31,Imperial,25,180216,29375,29164,2897,32061,743
2021-07-31,Inyo,27,18085,1464,1442,5,1447,38
2021-07-31,Kern,29,883053,99985,98903,12615,111518,1357
2021-07-31,Kings,31,150075,23890,23548,1304,24852,248
2021-07-31,Lake,33,64148,4460,4238,16,4254,66
2021-07-31,Lassen,35,31185,5356,5320,129,5449,21
2021-07-31,Los Angeles,37,10098052,1267469,1248545,48463,1297008,24691
2021-07-31,Madera,39,155013,17346,17058,1053,18111,245
2021-07-31,Marin,41,260295,15086,14701,304,15005,239
2021-07-31,Mariposa,43,17540,492,470,11,481,5
2021-07-31,Mendocino,45,87422,4626,4400,89,4489,49
2021-07-31,Merced,47,269075,32278,31959,1067,33026,474
2021-07-31,Modoc,49,8938,421,413,147,560,5
2021-07-31,Mono,51,14174,1296,1287,14,1301,3
2021-07-31,Monterey,53,433212,43958,43720,2083,45803,525
2021-07-31,Napa,55,140530,10602,10401,52,10453,82
2021-07-31,Nevada,57,99092,5821,5373,212,5585,72
2021-07-31,Orange,59,3164182,267819,263446,12616,276062,5144
2021-07-31,Placer,61,380077,25953,25104,2015,27119,306
2021-07-31,Plumas,63,18699,779,743,15,758,5
2021-07-31,Riverside,65,2383286,304689,300315,15447,315762,4554
2021-07-31,Sacramento,67,1510023,118352,115259,2312,117571,1720
2021-07-31,San Benito,69,59416,6295,6251,121,6372,63
2021-07-31,San Bernardino,71,2135413,304676,300726,9520,310246,5240
2021-07-31,San Diego,73,3302833,301112,295054,0,295054,3798
2021-07-31,San Francisco,75,870044,42302,40412,1735,42147,562
2021-07-31,San Joaquin,77,732212,77936,76575,4154,80729,1443
2021-07-31,San Luis Obispo,79,281455,22261,21922,860,22782,260
2021-07-31,San Mateo,81,765935,45556,44622,644,45266,548
2021-07-31,Santa Barbara,83,443738,36091,35531,1349,36880,467
2021-07-31,Santa Clara,85,1922200,124484,122614,900,123514,2099
2021-07-31,Santa Cruz,87,273765,16884,16576,896,17472,207
2021-07-31,Shasta,89,179085,13248,12918,1837,14755,212
2021-07-31,Sierra,91,2930,74,68,14,82,0
2021-07-31,Siskiyou,93,43540,2067,1976,466,2442,31
2021-07-31,Solano,95,438530,36334,35340,768,36108,263
2021-07-31,Sonoma,97,501317,33614,32601,408,33009,329
2021-07-31,Stanislaus,99,539301,59633,58586,6606,65192,1035
2021-07-31,Sutter,101,95872,10306,10068,111,10179,127
2021-07-31,Tehama,103,63373,5292,5216,650,5866,66
2021-07-31,Trinity,105,12862,391,354,83,437,3
2021-07-31,Tulare,107,460477,50858,50409,10257,60666,854
2021-07-31,Tuolumne,109,53932,4594,4362,41,4403,64
2021-07-31,Ventura,111,848112,84641,83509,3649,87158,1044
2021-07-31,Yolo,113,214977,15284,14863,529,15392,215
2021-07-31,Yuba,115,75493,6832,6615,142,6757,50
2021-07-30,Alameda,1,1643700,97827,95279,2343,97622,1265
2021-07-30,Alpine,3,1148,91,89,0,89,0
2021-07-30,Amador,5,37829,3970,3877,36,3913,48
2021-07-30,Butte,7,227075,13490,13235,2116,15351,205
2021-07-30,Calaveras,9,45235,2345,2294,17,2311,57
2021-07-30,Colusa,11,21464,2039,2006,364,2370,16
2021-07-30,Contra Costa,13,1133247,78232,75866,1600,77466,832
2021-07-30,Del Norte,15,27424,1688,1576,10,1586,8
2021-07-30,El Dorado,17,186661,11331,11017,928,11945,116
2021-07-30,Fresno,19,978130,105987,104639,9460,114099,1744
2021-07-30,Glenn,21,27897,2486,2465,610,3075,20
2021-07-30,Humboldt,23,135768,5277,4978,78,5056,52
2021-07-30,Imperial,25,180216,29361,29164,2895,32059,743
2021-07-30,Inyo,27,18085,1463,1442,5,1447,38
2021-07-30,Kern,29,883053,99860,98903,12566,111469,1357
2021-07-30,Kings,31,150075,23849,23548,1300,24848,248
2021-07-30,Lake,33,64148,4432,4238,16,4254,66
2021-07-30,Lassen,35,31185,5352,5320,129,5449,21
2021-07-30,Los Angeles,37,10098052,1265159,1248545,48306,1296851,24691
2021-07-30,Madera,39,155013,17306,17058,1049,18107,245
2021-07-30,Marin,41,260295,15052,14701,304,15005,239
2021-07-30,Mariposa,43,17540,489,470,11,481,5
2021-07-30,Mendocino,45,87422,4597,4400,88,4488,49
2021-07-30,Merced,47,269075,32240,31959,1062,33021,474
2021-07-30,Modoc,49,8938,419,413,147,560,5
2021-07-30,Mono,51,14174,1290,1287,14,1301,3
2021-07-30,Monterey,53,433212,43926,43720,2073,45793,525
2021-07-30,Napa,55,140530,10580,10401,51,10452,82
2021-07-30,Nevada,57,99092,5763,5373,212,5585,72
2021-07-30,Orange,59,3164182,267202,263446,12588,276034,5144
2021-07-30,Placer,61,380077,25865,25104,1997,27101,306
2021-07-30,Plumas,63,18699,774,743,15,758,5
2021-07-30,Riverside,65,2383286,304053,300315,15438,315753,4554
2021-07-30,Sacramento,67,1510023,117912,115259,2307,117566,1720
2021-07-30,San Benito,69,59416,6288,6251,121,6372,63
2021-07-30,San Bernardino,71,2135413,304169,300726,9515,310241,5240
2021-07-30,San Diego,73,3302833,300348,295054,0,295054,3798
2021-07-30,San Francisco,75,870044,42089,40412,1719,42131,562
2021-07-30,San Joaquin,77,732212,77782,76575,4151,80726,1443
2021-07-30,San Luis Obispo,79,281455,22225,21922,856,22778,260
2021-07-30,San Mateo,81,765935,45438,44622,627,45249,548
2021-07-30,Santa Barbara,83,443738,36022,35531,1344,36875,467
2021-07-30,Santa Clara,85,1922200,124262,122614,897,123511,2099
2021-07-30,Santa Cruz,87,273765,16858,16576,894,17470,207
2021-07-30,Shasta,89,179085,13201,12918,1837,14755,212
2021-07-30,Sierra,91,2930,73,68,14,82,0
2021-07-30,Siskiyou,93,43540,2058,1976,465,2441,31
2021-07-30,Solano,95,438530,36244,35340,752,36092,263
2021-07-30,Sonoma,97,501317,33520,32601,408,33009,329
2021-07-30,Stanislaus,99,539301,59488,58586,6586,65172,1035
2021-07-30,Sutter,101,95872,10270,10068,111,10179,127
2021-07-30,Tehama,103,63373,5281,5216,650,5866,66
2021-07-30,Trinity,105,12862,391,354,83,437,3
2021-07-30,Tulare,107,460477,50815,50409,10223,60632,854
2021-07-30,Tuolumne,109,53932,4576,4362,41,4403,64
2021-07-30,Ventura,111,848112,84481,83509,3631,87140,1044
2021-07-30,Yolo,113,214977,15223,14863,525,15388,215
2021-07-30,Yuba,115,75493,6796,6615,141,6756,50
2021-07-29,Alameda,1,1643700,97404,95279,2338,97617,1265
2021-07-29,Alpine,3,1148,91,89,0,89,0
2021-07-29,Amador,5,37829,3951,3877,36,3913,48
2021-07-29,Butte,7,227075,13443,13235,2108,15343,205
2021-07-29,Calaveras,9,45235,2325,2294,17,2311,57
2021-07-29,Colusa,11,21464,2032,2006,364,2370,16
2021-07-29,Contra Costa,13,1133247,77793,75866,1596,77462,832
2021-07-29,Del Norte,15,27424,1664,1576,10,1586,8
2021-07-29,El Dorado,17,186661,11264,11017,916,11933,116
2021-07-29,Fresno,19,978130,105729,104639,9441,114080,1744
2021-07-29,Glenn,21,27897,2480,2465,610,3075,20
2021-07-29,Humboldt,23,135768,5217,4978,76,5054,52
2021-07-29,Imperial,25,180216,29314,29164,2893,32057,743
2021-07-29,Inyo,27,18085,1459,1442,5,1447,38
2021-07-29,Kern,29,883053,99653,98903,12488,111391,1357
2021-07-29,Kings,31,150075,23806,23548,1294,24842,248
2021-07-29,Lake,33,64148,4397,4238,16,4254,66
2021-07-29,Lassen,35,31185,5344,5320,126,5446,21
2021-07-29,Los Angeles,37,10098052,1262095,1248545,48111,1296656,24691
2021-07-29,Madera,39,155013,17261,17058,1044,18102,245
2021-07-29,Marin,41,260295,15008,14701,304,15005,239
2021-07-29,Mariposa,43,17540,485,470,11,481,5
2021-07-29,Mendocino,45,87422,4574,4400,86,4486,49
2021-07-29,Merced,47,269075,32187,31959,1062,33021,474
2021-07-29,Modoc,49,8938,419,413,147,560,5
2021-07-29,Mono,51,14174,1287,1287,14,1301,3
2021-07-29,Monterey,53,433212,43877,43720,2062,45782,525
2021-07-29,Napa,55,140530,10548,10401,49,10450,82
2021-07-29,Nevada,57,99092,5709,5373,212,5585,72
2021-07-29,Orange,59,3164182,266512,263446,12558,276004,5144
2021-07-29,Placer,61,380077,25744,25104,1981,27085,306
2021-07-29,Plumas,63,18699,766,743,15,758,5
2021-07-29,Riverside,65,2383286,303347,300315,15417,315732,4554
2021-07-29,Sacramento,67,1510023,117363,115259,2295,117554,1720
2021-07-29,San Benito,69,59416,6277,6251,121,6372,63
2021-07-29,San Bernardino,71,2135413,303541,300726,9505,310231,5240
2021-07-29,San Diego,73,3302833,299298,295054,0,295054,3798
2021-07-29,San Francisco,75,870044,41844,40412,1695,42107,562
2021-07-29,San Joaquin,77,732212,77525,76575,4145,80720,1443
2021-07-29,San Luis Obispo,79,281455,22170,21922,854,22776,260
2021-07-29,San Mateo,81,765935,45313,44622,617,45239,548
2021-07-29,Santa Barbara,83,443738,35936,35531,1342,36873,467
2021-07-29,Santa Clara,85,1922200,123967,122614,894,123508,2099
2021-07-29,Santa Cruz,87,273765,16805,16576,891,17467,207
2021-07-29,Shasta,89,179085,13149,12918,1828,14746,212
2021-07-29,Sierra,91,2930,73,68,14,82,0
2021-07-29,Siskiyou,93,43540,2053,1976,463,2439,31
2021-07-29,Solano,95,438530,36090,35340,742,36082,263
2021-07-29,Sonoma,97,501317,33346,32601,406,33007,329
2021-07-29,Stanislaus,99,539301,59314,58586,6568,65154,1035
2021-07-29,Sutter,101,95872,10224,10068,110,10178,127
2021-07-29,Tehama,103,63373,5269,5216,644,5860,66
2021-07-29,Trinity,105,12862,389,354,82,436,3
2021-07-29,Tulare,107,460477,50730,50409,10183,60592,854
2021-07-29,Tuolumne,109,53932,4539,4362,40,4402,64
2021-07-29,Ventura,111,848112,84315,83509,3624,87133,1044
2021-07-29,Yolo,113,214977,15156,14863,512,15375,215
2021-07-29,Yuba,115,75493,6748,6615,140,6755,50
2021-07-28,Alameda,1,1643700,96931,94965,2330,97295,1262
2021-07-28,Alpine,3,1148,91,89,0,89,0
2021-07-28,Amador,5,37829,3937,3870,36,3906,48
2021-07-28,Butte,7,227075,13387,13184,2095,15279,205
2021-07-28,Calaveras,9,45235,2311,2289,17,2306,57
2021-07-28,Colusa,11,21464,2028,2001,363,2364,16
2021-07-28,Contra Costa,13,1133247,77309,75487,1588,77075,832
2021-07-28,Del Norte,15,27424,1633,1545,10,1555,8
2021-07-28,El Dorado,17,186661,11215,10967,906,11873,116
2021-07-28,Fresno,19,978130,105494,104458,9423,113881,1744
2021-07-28,Glenn,21,27897,2476,2464,607,3071,20
2021-07-28,Humboldt,23,135768,5164,4946,75,5021,52
2021-07-28,Imperial,25,180216,29267,29096,2893,31989,743
2021-07-28,Inyo,27,18085,1453,1439,4,1443,38
2021-07-28,Kern,29,883053,99499,98781,12437,111218,1352
2021-07-28,Kings,31,150075,23741,23503,1284,24787,248
2021-07-28,Lake,33,64148,4350,4191,14,4205,65
2021-07-28,Lassen,35,31185,5336,5318,126,5444,21
2021-07-28,Los Angeles,37,10098052,1258949,1245485,47937,1293422,24673
2021-07-28,Madera,39,155013,17220,17024,1038,18062,245
2021-07-28,Marin,41,260295,14954,14652,304,14956,239
2021-07-28,Mariposa,43,17540,478,469,11,480,5
2021-07-28,Mendocino,45,87422,4546,4377,86,4463,49
2021-07-28,Merced,47,269075,32124,31886,1058,32944,474
2021-07-28,Modoc,49,8938,417,413,147,560,5
2021-07-28,Mono,51,14174,1287,1286,14,1300,3
2021-07-28,Monterey,53,433212,43829,43668,2052,45720,524
2021-07-28,Napa,55,140530,10508,10376,47,10423,82
2021-07-28,Nevada,57,99092,5655,5320,212,5532,72
2021-07-28,Orange,59,3164182,265747,262735,12535,275270,5143
2021-07-28,Placer,61,380077,25600,24978,1966,26944,306
2021-07-28,Plumas,63,18699,761,754,15,769,5
2021-07-28,Riverside,65,2383286,302582,299611,15396,315007,4554
2021-07-28,Sacramento,67,1510023,116720,114665,2274,116939,1714
2021-07-28,San Benito,69,59416,6266,6236,121,6357,63
2021-07-28,San Bernardino,71,2135413,302911,300121,9494,309615,5236
2021-07-28,San Diego,73,3302833,298029,294176,0,294176,3798
2021-07-28,San Francisco,75,870044,41509,40144,1668,41812,561
2021-07-28,San Joaquin,77,732212,77278,76312,4114,80426,1443
2021-07-28,San Luis Obispo,79,281455,22110,21865,853,22718,260
2021-07-28,San Mateo,81,765935,45167,44477,607,45084,547
2021-07-28,Santa Barbara,83,443738,35861,35431,1337,36768,467
2021-07-28,Santa Clara,85,1922200,123706,122345,892,123237,2099
2021-07-28,Santa Cruz,87,273765,16766,16551,890,17441,207
2021-07-28,Shasta,89,179085,13104,12882,1817,14699,212
2021-07-28,Sierra,91,2930,69,67,14,81,0
2021-07-28,Siskiyou,93,43540,2044,1971,460,2431,31
2021-07-28,Solano,95,438530,35922,35204,734,35938,262
2021-07-28,Sonoma,97,501317,33202,32434,403,32837,328
2021-07-28,Stanislaus,99,539301,59117,58427,6554,64981,1035
2021-07-28,Sutter,101,95872,10192,10033,109,10142,126
2021-07-28,Tehama,103,63373,5257,5209,641,5850,66
2021-07-28,Trinity,105,12862,388,352,82,434,3
2021-07-28,Tulare,107,460477,50643,50363,10143,60506,854
2021-07-28,Tuolumne,109,53932,4501,4313,40,4353,64
2021-07-28,Ventura,111,848112,84125,83360,3608,86968,1043
2021-07-28,Yolo,113,214977,15087,14801,505,15306,215
2021-07-28,Yuba,115,75493,6715,6591,140,6731,51
2021-07-27,Alameda,1,1643700,96520,94682,2320,97002,1256
2021-07-27,Alpine,3,1148,91,89,0,89,0
2021-07-27,Amador,5,37829,3921,3861,36,3897,48
2021-07-27,Butte,7,227075,13341,13127,2084,15211,205
2021-07-27,Calaveras,9,45235,2300,2280,17,2297,57
2021-07-27,Colusa,11,21464,2020,1999,362,2361,16
2021-07-27,Contra Costa,13,1133247,76820,75227,1584,76811,830
2021-07-27,Del Norte,15,27424,1613,1538,10,1548,8
2021-07-27,El Dorado,17,186661,11155,10941,896,11837,116
2021-07-27,Fresno,19,978130,105205,104288,9403,113691,1746
2021-07-27,Glenn,21,27897,2471,2460,605,3065,20
2021-07-27,Humboldt,23,135768,5110,4925,74,4999,52
2021-07-27,Imperial,25,180216,29222,29048,2892,31940,743
2021-07-27,Inyo,27,18085,1451,1430,4,1434,38
2021-07-27,Kern,29,883053,99333,98724,12379,111103,1352
2021-07-27,Kings,31,150075,23686,23463,1273,24736,248
2021-07-27,Lake,33,64148,4312,4157,14,4171,65
2021-07-27,Lassen,35,31185,5330,5315,126,5441,21
2021-07-27,Los Angeles,37,10098052,1255532,1243336,47759,1291095,24658
2021-07-27,Madera,39,155013,17169,16998,1033,18031,245
2021-07-27,Marin,41,260295,14908,14631,301,14932,239
2021-07-27,Mariposa,43,17540,475,468,11,479,5
2021-07-27,Mendocino,45,87422,4522,4371,86,4457,49
2021-07-27,Merced,47,269075,32059,31825,1054,32879,473
2021-07-27,Modoc,49,8938,416,413,147,560,5
2021-07-27,Mono,51,14174,1283,1288,14,1302,3
2021-07-27,Monterey,53,433212,43789,43646,2044,45690,523
2021-07-27,Napa,55,140530,10478,10354,47,10401,82
2021-07-27,Nevada,57,99092,5578,5305,210,5515,72
2021-07-27,Orange,59,3164182,265023,262193,12512,274705,5143
2021-07-27,Placer,61,380077,25440,24916,1940,26856,306
2021-07-27,Plumas,63,18699,758,752,15,767,5
2021-07-27,Riverside,65,2383286,301849,299160,15379,314539,4554
2021-07-27,Sacramento,67,1510023,116124,114413,2265,116678,1710
2021-07-27,San Benito,69,59416,6257,6229,121,6350,63
2021-07-27,San Bernardino,71,2135413,302209,299593,9470,309063,5236
2021-07-27,San Diego,73,3302833,296941,293408,0,293408,3798
2021-07-27,San Francisco,75,870044,41151,39939,1648,41587,561
2021-07-27,San Joaquin,77,732212,77018,76166,4094,80260,1442
2021-07-27,San Luis Obispo,79,281455,22056,21803,843,22646,260
2021-07-27,San Mateo,81,765935,45015,44378,602,44980,547
2021-07-27,Santa Barbara,83,443738,35762,35355,1335,36690,467
2021-07-27,Santa Clara,85,1922200,123413,122154,890,123044,2099
2021-07-27,Santa Cruz,87,273765,16721,16523,889,17412,207
2021-07-27,Shasta,89,179085,13056,12846,1804,14650,212
2021-07-27,Sierra,91,2930,69,65,14,79,0
2021-07-27,Siskiyou,93,43540,2039,1964,457,2421,31
2021-07-27,Solano,95,438530,35795,35093,724,35817,261
2021-07-27,Sonoma,97,501317,33057,32367,401,32768,328
2021-07-27,Stanislaus,99,539301,58946,58333,6539,64872,1033
2021-07-27,Sutter,101,95872,10151,9998,109,10107,115
2021-07-27,Tehama,103,63373,5236,5192,639,5831,66
2021-07-27,Trinity,105,12862,387,351,82,433,3
2021-07-27,Tulare,107,460477,50577,50324,10111,60435,854
2021-07-27,Tuolumne,109,53932,4449,4282,40,4322,64
2021-07-27,Ventura,111,848112,83916,83189,3595,86784,1043
2021-07-27,Yolo,113,214977,15014,14759,499,15258,215
2021-07-27,Yuba,115,75493,6693,6564,138,6702,51
2021-07-26,Alameda,1,1643700,96066,94436,2313,96749,1259
2021-07-26,Alpine,3,1148,91,89,0,89,0
2021-07-26,Amador,5,37829,3911,3854,36,3890,48
2021-07-26,Butte,7,227075,13288,13082,2071,15153,203
2021-07-26,Calaveras,9,45235,2295,2276,17,2293,57
2021-07-26,Colusa,11,21464,2013,1996,360,2356,16
2021-07-26,Contra Costa,13,1133247,76319,74854,1577,76431,830
2021-07-26,Del Norte,15,27424,1593,1530,10,1540,8
2021-07-26,El Dorado,17,186661,11093,10899,893,11792,116
2021-07-26,Fresno,19,978130,105007,104143,9387,113530,1742
2021-07-26,Glenn,21,27897,2470,2461,603,3064,20
2021-07-26,Humboldt,23,135768,5071,4906,72,4978,52
2021-07-26,Imperial,25,180216,29182,29034,2892,31926,743
2021-07-26,Inyo,27,18085,1446,1429,4,1433,38
2021-07-26,Kern,29,883053,99169,98633,12313,110946,1351
2021-07-26,Kings,31,150075,23637,23426,1269,24695,247
2021-07-26,Lake,33,64148,4291,4133,14,4147,65
2021-07-26,Lassen,35,31185,5325,5314,126,5440,21
2021-07-26,Los Angeles,37,10098052,1252225,1241527,47590,1289117,24647
2021-07-26,Madera,39,155013,17142,16971,1025,17996,245
2021-07-26,Marin,41,260295,14851,14579,300,14879,239
2021-07-26,Mariposa,43,17540,474,467,11,478,5
2021-07-26,Mendocino,45,87422,4502,4354,86,4440,49
2021-07-26,Merced,47,269075,31975,31774,1052,32826,473
2021-07-26,Modoc,49,8938,416,413,147,560,5
2021-07-26,Mono,51,14174,1282,1286,14,1300,3
2021-07-26,Monterey,53,433212,43746,43595,2030,45625,521
2021-07-26,Napa,55,140530,10455,10332,47,10379,82
2021-07-26,Nevada,57,99092,5491,5280,210,5490,72
2021-07-26,Orange,59,3164182,264398,261803,12491,274294,5142
2021-07-26,Placer,61,380077,25307,24842,1919,26761,304
2021-07-26,Plumas,63,18699,754,750,15,765,5
2021-07-26,Riverside,65,2383286,301158,298626,15364,313990,4553
2021-07-26,Sacramento,67,1510023,115539,113986,2247,116233,1705
2021-07-26,San Benito,69,59416,6251,6222,121,6343,63
2021-07-26,San Bernardino,71,2135413,301599,299238,9457,308695,5237
2021-07-26,San Diego,73,3302833,295834,292688,0,292688,3793
2021-07-26,San Francisco,75,870044,40798,39800,1618,41418,561
2021-07-26,San Joaquin,77,732212,76784,76033,4090,80123,1440
2021-07-26,San Luis Obispo,79,281455,22007,21752,840,22592,260
2021-07-26,San Mateo,81,765935,44866,44297,591,44888,547
2021-07-26,Santa Barbara,83,443738,35690,35311,1323,36634,467
2021-07-26,Santa Clara,85,1922200,123102,121978,881,122859,2099
2021-07-26,Santa Cruz,87,273765,16682,16493,885,17378,207
2021-07-26,Shasta,89,179085,13007,12819,1791,14610,211
2021-07-26,Sierra,91,2930,68,65,14,79,0
2021-07-26,Siskiyou,93,43540,2036,1962,455,2417,31
2021-07-26,Solano,95,438530,35646,34990,716,35706,259
2021-07-26,Sonoma,97,501317,32923,32283,399,32682,328
2021-07-26,Stanislaus,99,539301,58801,58219,6523,64742,1033
2021-07-26,Sutter,101,95872,10111,9963,106,10069,115
2021-07-26,Tehama,103,63373,5226,5183,635,5818,66
2021-07-26,Trinity,105,12862,387,351,81,432,3
2021-07-26,Tulare,107,460477,50513,50265,10077,60342,854
2021-07-26,Tuolumne,109,53932,4417,4271,40,4311,64
2021-07-26,Ventura,111,848112,83745,83072,3579,86651,1041
2021-07-26,Yolo,113,214977,14955,14727,486,15213,215
2021-07-26,Yuba,115,75493,6659,6538,137,6675,51
2021-07-25,Alameda,1,1643700,95576,94146,2307,96453,1259
2021-07-25,Alpine,3,1148,89,89,0,89,0
2021-07-25,Amador,5,37829,3896,3848,36,3884,48
2021-07-25,Butte,7,227075,13249,13074,2061,15135,203
2021-07-25,Calaveras,9,45235,2284,2275,17,2292,57
2021-07-25,Colusa,11,21464,2004,1996,356,2352,16
2021-07-25,Contra Costa,13,1133247,75834,74634,1563,76197,830
2021-07-25,Del Norte,15,27424,1573,1526,10,1536,8
2021-07-25,El Dorado,17,186661,11036,10878,890,11768,116
2021-07-25,Fresno,19,978130,104768,104019,9375,113394,1742
2021-07-25,Glenn,21,27897,2463,2461,601,3062,20
2021-07-25,Humboldt,23,135768,5012,4892,70,4962,52
2021-07-25,Imperial,25,180216,29146,29037,2892,31929,743
2021-07-25,Inyo,27,18085,1441,1427,4,1431,38
2021-07-25,Kern,29,883053,98998,98503,12240,110743,1351
2021-07-25,Kings,31,150075,23584,23396,1265,24661,247
2021-07-25,Lake,33,64148,4237,4109,13,4122,65
2021-07-25,Lassen,35,31185,5321,5314,126,5440,21
2021-07-25,Los Angeles,37,10098052,1248840,1239596,47410,1287006,24643
2021-07-25,Madera,39,155013,17108,16947,1018,17965,245
2021-07-25,Marin,41,260295,14800,14558,297,14855,239
2021-07-25,Mariposa,43,17540,471,465,11,476,5
2021-07-25,Mendocino,45,87422,4472,4335,84,4419,49
2021-07-25,Merced,47,269075,31902,31760,1051,32811,473
2021-07-25,Modoc,49,8938,416,413,147,560,5
2021-07-25,Mono,51,14174,1280,1286,14,1300,3
2021-07-25,Monterey,53,433212,43707,43590,2022,45612,521
2021-07-25,Napa,55,140530,10418,10316,46,10362,82
2021-07-25,Nevada,57,99092,5426,5256,207,5463,72
2021-07-25,Orange,59,3164182,263707,261351,12467,273818,5142
2021-07-25,Placer,61,380077,25191,24755,1897,26652,304
2021-07-25,Plumas,63,18699,752,750,15,765,5
2021-07-25,Riverside,65,2383286,300391,298181,15351,313532,4553
2021-07-25,Sacramento,67,1510023,114999,113611,2229,115840,1704
2021-07-25,San Benito,69,59416,6244,6217,121,6338,63
2021-07-25,San Bernardino,71,2135413,300948,298982,9451,308433,5237
2021-07-25,San Diego,73,3302833,294766,290626,0,290626,3793
2021-07-25,San Francisco,75,870044,40460,39663,1591,41254,561
2021-07-25,San Joaquin,77,732212,76531,75926,4071,79997,1440
2021-07-25,San Luis Obispo,79,281455,21936,21741,837,22578,260
2021-07-25,San Mateo,81,765935,44707,44189,585,44774,547
2021-07-25,Santa Barbara,83,443738,35613,35261,1320,36581,467
2021-07-25,Santa Clara,85,1922200,122773,121800,875,122675,2099
2021-07-25,Santa Cruz,87,273765,16635,16474,884,17358,207
2021-07-25,Shasta,89,179085,12960,12815,1786,14601,211
2021-07-25,Sierra,91,2930,68,65,14,79,0
2021-07-25,Siskiyou,93,43540,2028,1963,452,2415,31
2021-07-25,Solano,95,438530,35461,34863,713,35576,259
2021-07-25,Sonoma,97,501317,32796,32202,396,32598,328
2021-07-25,Stanislaus,99,539301,58634,58154,6518,64672,1033
2021-07-25,Sutter,101,95872,10057,9937,104,10041,115
2021-07-25,Tehama,103,63373,5210,5181,634,5815,66
2021-07-25,Trinity,105,12862,385,351,79,430,3
2021-07-25,Tulare,107,460477,50439,50221,10036,60257,854
2021-07-25,Tuolumne,109,53932,4365,4267,40,4307,64
2021-07-25,Ventura,111,848112,83533,82986,3557,86543,1041
2021-07-25,Yolo,113,214977,14896,14693,470,15163,215
2021-07-25,Yuba,115,75493,6627,6519,137,6656,51
2021-07-24,Alameda,1,1643700,95306,93170,2302,95472,1259
2021-07-24,Alpine,3,1148,89,89,0,89,0
2021-07-24,Amador,5,37829,3887,3816,36,3852,48
2021-07-24,Butte,7,227075,13219,12982,2059,15041,203
2021-07-24,Calaveras,9,45235,2280,2267,17,2284,57
2021-07-24,Colusa,11,21464,2003,1992,354,2346,16
2021-07-24,Contra Costa,13,1133247,75609,73682,1560,75242,830
2021-07-24,Del Norte,15,27424,1562,1497,10,1507,8
2021-07-24,El Dorado,17,186661,11003,10773,886,11659,116
2021-07-24,Fresno,19,978130,104652,103637,9366,113003,1736
2021-07-24,Glenn,21,27897,2462,2457,601,3058,20
2021-07-24,Humboldt,23,135768,4979,4780,69,4849,52
2021-07-24,Imperial,25,180216,29126,28996,2892,31888,742
2021-07-24,Inyo,27,18085,1438,1424,4,1428,38
2021-07-24,Kern,29,883053,98920,98261,12217,110478,1350
2021-07-24,Kings,31,150075,23553,23304,1262,24566,246
2021-07-24,Lake,33,64148,4214,3963,13,3976,64
2021-07-24,Lassen,35,31185,5320,5311,126,5437,21
2021-07-24,Los Angeles,37,10098052,1247086,1232164,47288,1279452,24623
2021-07-24,Madera,39,155013,17084,16885,1016,17901,245
2021-07-24,Marin,41,260295,14762,14454,297,14751,238
2021-07-24,Mariposa,43,17540,471,453,11,464,5
2021-07-24,Mendocino,45,87422,4447,4293,84,4377,49
2021-07-24,Merced,47,269075,31880,31661,1050,32711,473
2021-07-24,Modoc,49,8938,416,413,147,560,5
2021-07-24,Mono,51,14174,1278,1284,14,1298,3
2021-07-24,Monterey,53,433212,43682,43525,2015,45540,521
2021-07-24,Napa,55,140530,10402,10230,46,10276,81
2021-07-24,Nevada,57,99092,5393,5183,207,5390,72
2021-07-24,Orange,59,3164182,263245,259973,12454,272427,5141
2021-07-24,Placer,61,380077,25108,24530,1892,26422,303
2021-07-24,Plumas,63,18699,751,737,15,752,4
2021-07-24,Riverside,65,2383286,299923,296912,15341,312253,4552
2021-07-24,Sacramento,67,1510023,114688,112438,2225,114663,1698
2021-07-24,San Benito,69,59416,6240,6200,120,6320,63
2021-07-24,San Bernardino,71,2135413,300558,297899,9443,307342,5236
2021-07-24,San Diego,73,3302833,294302,289368,0,289368,3788
2021-07-24,San Francisco,75,870044,40298,38954,1574,40528,561
2021-07-24,San Joaquin,77,732212,76404,75461,4060,79521,1436
2021-07-24,San Luis Obispo,79,281455,21906,21616,835,22451,260
2021-07-24,San Mateo,81,765935,44591,43880,579,44459,542
2021-07-24,Santa Barbara,83,443738,35556,35071,1315,36386,465
2021-07-24,Santa Clara,85,1922200,122561,121092,874,121966,2099
2021-07-24,Santa Cruz,87,273765,16613,16416,884,17300,207
2021-07-24,Shasta,89,179085,12932,12759,1783,14542,211
2021-07-24,Sierra,91,2930,67,64,14,78,0
2021-07-24,Siskiyou,93,43540,2028,1951,452,2403,31
2021-07-24,Solano,95,438530,35369,34499,704,35203,259
2021-07-24,Sonoma,97,501317,32672,31928,394,32322,327
2021-07-24,Stanislaus,99,539301,58542,57879,6505,64384,1030
2021-07-24,Sutter,101,95872,10030,9890,104,9994,115
2021-07-24,Tehama,103,63373,5203,5166,632,5798,65
2021-07-24,Trinity,105,12862,385,345,79,424,3
2021-07-24,Tulare,107,460477,50396,50104,10018,60122,854
2021-07-24,Tuolumne,109,53932,4339,4216,40,4256,64
2021-07-24,Ventura,111,848112,83413,82687,3540,86227,1041
2021-07-24,Yolo,113,214977,14861,14557,467,15024,214
2021-07-24,Yuba,115,75493,6608,6449,137,6586,51
2021-07-23,Alameda,1,1643700,95056,93170,2297,95467,1259
2021-07-23,Alpine,3,1148,89,89,0,89,0
2021-07-23,Amador,5,37829,3880,3816,36,3852,48
2021-07-23,Butte,7,227075,13190,12982,2051,15033,203
2021-07-23,Calaveras,9,45235,2278,2267,17,2284,57
2021-07-23,Colusa,11,21464,2002,1992,354,2346,16
2021-07-23,Contra Costa,13,1133247,75351,73682,1550,75232,830
2021-07-23,Del Norte,15,27424,1554,1497,10,1507,8
2021-07-23,El Dorado,17,186661,10975,10773,882,11655,116
2021-07-23,Fresno,19,978130,104523,103637,9358,112995,1736
2021-07-23,Glenn,21,27897,2461,2457,598,3055,20
2021-07-23,Humboldt,23,135768,4959,4780,67,4847,52
2021-07-23,Imperial,25,180216,29114,28996,2892,31888,742
2021-07-23,Inyo,27,18085,1435,1424,4,1428,38
2021-07-23,Kern,29,883053,98837,98261,12191,110452,1350
2021-07-23,Kings,31,150075,23522,23304,1259,24563,246
2021-07-23,Lake,33,64148,4184,3963,13,3976,64
2021-07-23,Lassen,35,31185,5317,5311,126,5437,21
2021-07-23,Los Angeles,37,10098052,1245168,1232164,47199,1279363,24623
2021-07-23,Madera,39,155013,17055,16885,1012,17897,245
2021-07-23,Marin,41,260295,14725,14454,295,14749,238
2021-07-23,Mariposa,43,17540,468,453,11,464,5
2021-07-23,Mendocino,45,87422,4434,4293,84,4377,49
2021-07-23,Merced,47,269075,31854,31661,1050,32711,473
2021-07-23,Modoc,49,8938,416,413,147,560,5
2021-07-23,Mono,51,14174,1277,1284,14,1298,3
2021-07-23,Monterey,53,433212,43657,43525,2015,45540,521
2021-07-23,Napa,55,140530,10381,10230,46,10276,81
2021-07-23,Nevada,57,99092,5348,5183,207,5390,72
2021-07-23,Orange,59,3164182,262797,259973,12432,272405,5141
2021-07-23,Placer,61,380077,25026,24530,1878,26408,303
2021-07-23,Plumas,63,18699,749,737,15,752,4
2021-07-23,Riverside,65,2383286,299458,296912,15329,312241,4552
2021-07-23,Sacramento,67,1510023,114340,112438,2222,114660,1698
2021-07-23,San Benito,69,59416,6234,6200,120,6320,63
2021-07-23,San Bernardino,71,2135413,300181,297899,9434,307333,5236
2021-07-23,San Diego,73,3302833,293706,289368,0,289368,3788
2021-07-23,San Francisco,75,870044,40119,38954,1559,40513,561
2021-07-23,San Joaquin,77,732212,76304,75461,4045,79506,1436
2021-07-23,San Luis Obispo,79,281455,21868,21616,834,22450,260
2021-07-23,San Mateo,81,765935,44487,43880,574,44454,542
2021-07-23,Santa Barbara,83,443738,35492,35071,1314,36385,465
2021-07-23,Santa Clara,85,1922200,122343,121092,870,121962,2099
2021-07-23,Santa Cruz,87,273765,16589,16416,883,17299,207
2021-07-23,Shasta,89,179085,12905,12759,1780,14539,211
2021-07-23,Sierra,91,2930,67,64,14,78,0
2021-07-23,Siskiyou,93,43540,2026,1951,452,2403,31
2021-07-23,Solano,95,438530,35276,34499,700,35199,259
2021-07-23,Sonoma,97,501317,32579,31928,393,32321,327
2021-07-23,Stanislaus,99,539301,58461,57879,6495,64374,1030
2021-07-23,Sutter,101,95872,10001,9890,104,9994,115
2021-07-23,Tehama,103,63373,5194,5166,632,5798,65
2021-07-23,Trinity,105,12862,384,345,78,423,3
2021-07-23,Tulare,107,460477,50351,50104,9992,60096,854
2021-07-23,Tuolumne,109,53932,4317,4216,40,4256,64
2021-07-23,Ventura,111,848112,83255,82687,3522,86209,1041
2021-07-23,Yolo,113,214977,14822,14557,461,15018,214
2021-07-23,Yuba,115,75493,6582,6449,137,6586,51
2021-07-22,Alameda,1,1643700,94696,93170,2292,95462,1259
2021-07-22,Alpine,3,1148,89,89,0,89,0
2021-07-22,Amador,5,37829,3871,3816,36,3852,48
2021-07-22,Butte,7,227075,13156,12982,2042,15024,203
2021-07-22,Calaveras,9,45235,2275,2267,17,2284,57
2021-07-22,Colusa,11,21464,2000,1992,352,2344,16
2021-07-22,Contra Costa,13,1133247,75015,73682,1546,75228,830
2021-07-22,Del Norte,15,27424,1538,1497,10,1507,8
2021-07-22,El Dorado,17,186661,10941,10773,874,11647,116
2021-07-22,Fresno,19,978130,104393,103637,9350,112987,1736
2021-07-22,Glenn,21,27897,2458,2457,597,3054,20
2021-07-22,Humboldt,23,135768,4928,4780,64,4844,52
2021-07-22,Imperial,25,180216,29084,28996,2892,31888,742
2021-07-22,Inyo,27,18085,1433,1424,4,1428,38
2021-07-22,Kern,29,883053,98729,98261,12146,110407,1350
2021-07-22,Kings,31,150075,23482,23304,1257,24561,246
2021-07-22,Lake,33,64148,4133,3963,13,3976,64
2021-07-22,Lassen,35,31185,5314,5311,126,5437,21
2021-07-22,Los Angeles,37,10098052,1242778,1232164,47037,1279201,24623
2021-07-22,Madera,39,155013,17021,16885,1010,17895,245
2021-07-22,Marin,41,260295,14684,14454,294,14748,238
2021-07-22,Mariposa,43,17540,461,453,11,464,5
2021-07-22,Mendocino,45,87422,4421,4293,83,4376,49
2021-07-22,Merced,47,269075,31812,31661,1048,32709,473
2021-07-22,Modoc,49,8938,416,413,147,560,5
2021-07-22,Mono,51,14174,1276,1284,14,1298,3
2021-07-22,Monterey,53,433212,43628,43525,2009,45534,521
2021-07-22,Napa,55,140530,10363,10230,46,10276,81
2021-07-22,Nevada,57,99092,5322,5183,206,5389,72
2021-07-22,Orange,59,3164182,262251,259973,12424,272397,5141
2021-07-22,Placer,61,380077,24932,24530,1867,26397,303
2021-07-22,Plumas,63,18699,748,737,15,752,4
2021-07-22,Riverside,65,2383286,298949,296912,15308,312220,4552
2021-07-22,Sacramento,67,1510023,113915,112438,2212,114650,1698
2021-07-22,San Benito,69,59416,6226,6200,120,6320,63
2021-07-22,San Bernardino,71,2135413,299792,297899,9418,307317,5236
2021-07-22,San Diego,73,3302833,292992,289368,0,289368,3788
2021-07-22,San Francisco,75,870044,39908,38954,1546,40500,561
2021-07-22,San Joaquin,77,732212,76163,75461,4031,79492,1436
2021-07-22,San Luis Obispo,79,281455,21833,21616,829,22445,260
2021-07-22,San Mateo,81,765935,44373,43880,569,44449,542
2021-07-22,Santa Barbara,83,443738,35431,35071,1312,36383,465
2021-07-22,Santa Clara,85,1922200,122101,121092,867,121959,2099
2021-07-22,Santa Cruz,87,273765,16552,16416,883,17299,207
2021-07-22,Shasta,89,179085,12881,12759,1776,14535,211
2021-07-22,Sierra,91,2930,65,64,14,78,0
2021-07-22,Siskiyou,93,43540,2023,1951,452,2403,31
2021-07-22,Solano,95,438530,35129,34499,693,35192,259
2021-07-22,Sonoma,97,501317,32470,31928,391,32319,327
2021-07-22,Stanislaus,99,539301,58334,57879,6483,64362,1030
2021-07-22,Sutter,101,95872,9980,9890,104,9994,115
2021-07-22,Tehama,103,63373,5188,5166,632,5798,65
2021-07-22,Trinity,105,12862,383,345,78,423,3
2021-07-22,Tulare,107,460477,50308,50104,9964,60068,854
2021-07-22,Tuolumne,109,53932,4306,4216,40,4256,64
2021-07-22,Ventura,111,848112,83124,82687,3509,86196,1041
2021-07-22,Yolo,113,214977,14785,14557,461,15018,214
2021-07-22,Yuba,115,75493,6551,6449,137,6586,51
2021-07-21,Alameda,1,1643700,94363,92840,2286,95126,1256
2021-07-21,Alpine,3,1148,89,89,0,89,0
2021-07-21,Amador,5,37829,3858,3813,36,3849,48
2021-07-21,Butte,7,227075,13115,12939,2037,14976,203
2021-07-21,Calaveras,9,45235,2274,2257,17,2274,57
2021-07-21,Colusa,11,21464,1996,1988,351,2339,16
2021-07-21,Contra Costa,13,1133247,74748,73320,1537,74857,827
2021-07-21,Del Norte,15,27424,1528,1492,10,1502,8
2021-07-21,El Dorado,17,186661,10906,10742,870,11612,116
2021-07-21,Fresno,19,978130,104248,103504,9340,112844,1736
2021-07-21,Glenn,21,27897,2456,2455,596,3051,20
2021-07-21,Humboldt,23,135768,4898,4763,62,4825,52
2021-07-21,Imperial,25,180216,29072,28964,2890,31854,742
2021-07-21,Inyo,27,18085,1433,1423,4,1427,38
2021-07-21,Kern,29,883053,98615,98152,12103,110255,1350
2021-07-21,Kings,31,150075,23454,23270,1253,24523,246
2021-07-21,Lake,33,64148,4068,3896,13,3909,64
2021-07-21,Lassen,35,31185,5311,5310,126,5436,21
2021-07-21,Los Angeles,37,10098052,1240305,1229598,46913,1276511,24609
2021-07-21,Madera,39,155013,17002,16858,1007,17865,245
2021-07-21,Marin,41,260295,14635,14427,294,14721,238
2021-07-21,Mariposa,43,17540,457,449,11,460,5
2021-07-21,Mendocino,45,87422,4402,4274,83,4357,49
2021-07-21,Merced,47,269075,31773,31607,1043,32650,473
2021-07-21,Modoc,49,8938,416,413,147,560,5
2021-07-21,Mono,51,14174,1273,1282,14,1296,3
2021-07-21,Monterey,53,433212,43598,43502,2005,45507,515
2021-07-21,Napa,55,140530,10338,10209,46,10255,81
2021-07-21,Nevada,57,99092,5287,5152,206,5358,72
2021-07-21,Orange,59,3164182,261708,259615,12395,272010,5139
2021-07-21,Placer,61,380077,24823,24441,1856,26297,303
2021-07-21,Plumas,63,18699,748,736,15,751,4
2021-07-21,Riverside,65,2383286,298438,296419,15291,311710,4552
2021-07-21,Sacramento,67,1510023,113505,112043,2201,114244,1696
2021-07-21,San Benito,69,59416,6216,6196,120,6316,63
2021-07-21,San Bernardino,71,2135413,299341,297519,9410,306929,5230
2021-07-21,San Diego,73,3302833,292146,288682,0,288682,3787
2021-07-21,San Francisco,75,870044,39683,38699,1541,40240,559
2021-07-21,San Joaquin,77,732212,75974,75288,4019,79307,1434
2021-07-21,San Luis Obispo,79,281455,21796,21579,826,22405,260
2021-07-21,San Mateo,81,765935,44281,43755,565,44320,542
2021-07-21,Santa Barbara,83,443738,35374,34998,1294,36292,465
2021-07-21,Santa Clara,85,1922200,121892,120838,864,121702,2099
2021-07-21,Santa Cruz,87,273765,16518,16407,883,17290,207
2021-07-21,Shasta,89,179085,12849,12751,1772,14523,211
2021-07-21,Sierra,91,2930,65,64,14,78,0
2021-07-21,Siskiyou,93,43540,2021,1943,450,2393,31
2021-07-21,Solano,95,438530,34974,34374,688,35062,258
2021-07-21,Sonoma,97,501317,32354,31789,391,32180,327
2021-07-21,Stanislaus,99,539301,58232,57774,6473,64247,1028
2021-07-21,Sutter,101,95872,9956,9862,104,9966,113
2021-07-21,Tehama,103,63373,5184,5161,632,5793,65
2021-07-21,Trinity,105,12862,382,345,77,422,3
2021-07-21,Tulare,107,460477,50249,50066,9937,60003,854
2021-07-21,Tuolumne,109,53932,4269,4156,40,4196,64
2021-07-21,Ventura,111,848112,83004,82573,3497,86070,1041
2021-07-21,Yolo,113,214977,14744,14525,460,14985,213
2021-07-21,Yuba,115,75493,6524,6425,137,6562,52
2021-07-20,Alameda,1,1643700,93985,92625,2273,94898,1256
2021-07-20,Alpine,3,1148,89,89,0,89,0
2021-07-20,Amador,5,37829,3847,3807,36,3843,48
2021-07-20,Butte,7,227075,13078,12916,2031,14947,203
2021-07-20,Calaveras,9,45235,2271,2249,17,2266,57
2021-07-20,Colusa,11,21464,1996,1985,351,2336,16
2021-07-20,Contra Costa,13,1133247,74463,73143,1518,74661,825
2021-07-20,Del Norte,15,27424,1519,1490,10,1500,8
2021-07-20,El Dorado,17,186661,10865,10727,865,11592,116
2021-07-20,Fresno,19,978130,104110,103438,9329,112767,1736
2021-07-20,Glenn,21,27897,2456,2453,596,3049,20
2021-07-20,Humboldt,23,135768,4854,4735,60,4795,52
2021-07-20,Imperial,25,180216,29052,28933,2890,31823,742
2021-07-20,Inyo,27,18085,1429,1420,4,1424,36
2021-07-20,Kern,29,883053,98508,98082,12074,110156,1350
2021-07-20,Kings,31,150075,23413,23254,1249,24503,246
2021-07-20,Lake,33,64148,4044,3871,13,3884,64
2021-07-20,Lassen,35,31185,5311,5306,126,5432,21
2021-07-20,Los Angeles,37,10098052,1237542,1227404,46753,1274157,24603
2021-07-20,Madera,39,155013,16981,16856,1003,17859,245
2021-07-20,Marin,41,260295,14601,14396,291,14687,234
2021-07-20,Mariposa,43,17540,456,448,11,459,5
2021-07-20,Mendocino,45,87422,4385,4259,83,4342,49
2021-07-20,Merced,47,269075,31736,31578,1035,32613,473
2021-07-20,Modoc,49,8938,416,413,147,560,5
2021-07-20,Mono,51,14174,1269,1281,14,1295,3
2021-07-20,Monterey,53,433212,43567,43481,2002,45483,515
2021-07-20,Napa,55,140530,10315,10191,46,10237,81
2021-07-20,Nevada,57,99092,5268,5148,205,5353,72
2021-07-20,Orange,59,3164182,261172,259303,12370,271673,5139
2021-07-20,Placer,61,380077,24736,24408,1831,26239,303
2021-07-20,Plumas,63,18699,745,736,15,751,4
2021-07-20,Riverside,65,2383286,297905,296118,15278,311396,4543
2021-07-20,Sacramento,67,1510023,113067,111796,2171,113967,1695
2021-07-20,San Benito,69,59416,6209,6196,120,6316,63
2021-07-20,San Bernardino,71,2135413,298917,297222,9385,306607,5231
2021-07-20,San Diego,73,3302833,291230,288209,0,288209,3786
2021-07-20,San Francisco,75,870044,39427,38536,1530,40066,558
2021-07-20,San Joaquin,77,732212,75802,75198,4006,79204,1433
2021-07-20,San Luis Obispo,79,281455,21751,21556,825,22381,259
2021-07-20,San Mateo,81,765935,44167,43670,563,44233,542
2021-07-20,Santa Barbara,83,443738,35304,34935,1287,36222,462
2021-07-20,Santa Clara,85,1922200,121635,120704,862,121566,2098
2021-07-20,Santa Cruz,87,273765,16489,16399,883,17282,207
2021-07-20,Shasta,89,179085,12823,12734,1767,14501,211
2021-07-20,Sierra,91,2930,65,64,14,78,0
2021-07-20,Siskiyou,93,43540,2017,1931,449,2380,31
2021-07-20,Solano,95,438530,34848,34337,681,35018,258
2021-07-20,Sonoma,97,501317,32236,31763,390,32153,326
2021-07-20,Stanislaus,99,539301,58116,57706,6467,64173,1028
2021-07-20,Sutter,101,95872,9930,9854,101,9955,114
2021-07-20,Tehama,103,63373,5182,5153,632,5785,65
2021-07-20,Trinity,105,12862,380,344,76,420,3
2021-07-20,Tulare,107,460477,50208,50047,9919,59966,854
2021-07-20,Tuolumne,109,53932,4250,4156,40,4196,64
2021-07-20,Ventura,111,848112,82853,82504,3480,85984,1041
2021-07-20,Yolo,113,214977,14681,14495,457,14952,213
2021-07-20,Yuba,115,75493,6499,6393,135,6528,52
2021-07-19,Alameda,1,1643700,93609,92357,2257,94614,1256
2021-07-19,Alpine,3,1148,89,89,0,89,0
2021-07-19,Amador,5,37829,3843,3802,36,3838,48
2021-07-19,Butte,7,227075,13033,12901,2025,14926,202
2021-07-19,Calaveras,9,45235,2270,2245,17,2262,57
2021-07-19,Colusa,11,21464,1994,1981,350,2331,16
2021-07-19,Contra Costa,13,1133247,74155,72935,1497,74432,825
2021-07-19,Del Norte,15,27424,1507,1484,10,1494,8
2021-07-19,El Dorado,17,186661,10835,10703,857,11560,114
2021-07-19,Fresno,19,978130,103985,103350,9314,112664,1731
2021-07-19,Glenn,21,27897,2456,2452,595,3047,20
2021-07-19,Humboldt,23,135768,4824,4719,59,4778,52
2021-07-19,Imperial,25,180216,29026,28888,2890,31778,742
2021-07-19,Inyo,27,18085,1428,1417,4,1421,36
2021-07-19,Kern,29,883053,98397,97999,12038,110037,1349
2021-07-19,Kings,31,150075,23380,23221,1243,24464,246
2021-07-19,Lake,33,64148,4008,3848,13,3861,64
2021-07-19,Lassen,35,31185,5310,5305,126,5431,21
2021-07-19,Los Angeles,37,10098052,1234965,1225946,46564,1272510,24600
2021-07-19,Madera,39,155013,16959,16846,1000,17846,244
2021-07-19,Marin,41,260295,14566,14369,288,14657,234
2021-07-19,Mariposa,43,17540,450,447,11,458,5
2021-07-19,Mendocino,45,87422,4367,4251,83,4334,49
2021-07-19,Merced,47,269075,31672,31565,1028,32593,472
2021-07-19,Modoc,49,8938,416,413,147,560,5
2021-07-19,Mono,51,14174,1267,1280,14,1294,3
2021-07-19,Monterey,53,433212,43543,43436,2001,45437,515
2021-07-19,Napa,55,140530,10290,10180,44,10224,81
2021-07-19,Nevada,57,99092,5240,5133,204,5337,72
2021-07-19,Orange,59,3164182,260669,258927,12339,271266,5138
2021-07-19,Placer,61,380077,24637,24359,1809,26168,303
2021-07-19,Plumas,63,18699,745,730,15,745,4
2021-07-19,Riverside,65,2383286,297414,295736,15240,310976,4543
2021-07-19,Sacramento,67,1510023,112709,111470,2145,113615,1696
2021-07-19,San Benito,69,59416,6206,6193,120,6313,63
2021-07-19,San Bernardino,71,2135413,298549,296929,9366,306295,5235
2021-07-19,San Diego,73,3302833,290343,287695,0,287695,3786
2021-07-19,San Francisco,75,870044,39159,38463,1516,39979,560
2021-07-19,San Joaquin,77,732212,75636,75086,4000,79086,1431
2021-07-19,San Luis Obispo,79,281455,21706,21531,821,22352,259
2021-07-19,San Mateo,81,765935,44020,43563,555,44118,542
2021-07-19,Santa Barbara,83,443738,35232,34904,1284,36188,461
2021-07-19,Santa Clara,85,1922200,121379,120554,861,121415,2098
2021-07-19,Santa Cruz,87,273765,16473,16387,883,17270,207
2021-07-19,Shasta,89,179085,12805,12723,1765,14488,209
2021-07-19,Sierra,91,2930,64,64,14,78,0
2021-07-19,Siskiyou,93,43540,2012,1927,447,2374,31
2021-07-19,Solano,95,438530,34679,34262,670,34932,261
2021-07-19,Sonoma,97,501317,32113,31713,389,32102,325
2021-07-19,Stanislaus,99,539301,58015,57644,6456,64100,1027
2021-07-19,Sutter,101,95872,9914,9834,101,9935,114
2021-07-19,Tehama,103,63373,5175,5152,630,5782,65
2021-07-19,Trinity,105,12862,380,344,75,419,3
2021-07-19,Tulare,107,460477,50163,49994,9901,59895,855
2021-07-19,Tuolumne,109,53932,4240,4151,40,4191,64
2021-07-19,Ventura,111,848112,82757,82409,3458,85867,1041
2021-07-19,Yolo,113,214977,14650,14439,455,14894,213
2021-07-19,Yuba,115,75493,6475,6370,135,6505,52
2021-07-18,Alameda,1,1643700,93261,92162,2242,94404,1256
2021-07-18,Alpine,3,1148,89,89,0,89,0
2021-07-18,Amador,5,37829,3832,3799,36,3835,48
2021-07-18,Butte,7,227075,12992,12888,2018,14906,202
2021-07-18,Calaveras,9,45235,2269,2243,17,2260,57
2021-07-18,Colusa,11,21464,1994,1981,349,2330,16
2021-07-18,Contra Costa,13,1133247,73840,72849,1479,74328,825
2021-07-18,Del Norte,15,27424,1498,1482,10,1492,8
2021-07-18,El Dorado,17,186661,10797,10687,849,11536,114
2021-07-18,Fresno,19,978130,103833,103298,9295,112593,1731
2021-07-18,Glenn,21,27897,2455,2452,594,3046,20
2021-07-18,Humboldt,23,135768,4788,4714,59,4773,52
2021-07-18,Imperial,25,180216,28990,28877,2889,31766,742
2021-07-18,Inyo,27,18085,1424,1417,4,1421,36
2021-07-18,Kern,29,883053,98271,97963,11996,109959,1349
2021-07-18,Kings,31,150075,23359,23203,1239,24442,246
2021-07-18,Lake,33,64148,3972,3825,13,3838,64
2021-07-18,Lassen,35,31185,5310,5305,126,5431,21
2021-07-18,Los Angeles,37,10098052,1232305,1224691,46379,1271070,24598
2021-07-18,Madera,39,155013,16934,16838,997,17835,244
2021-07-18,Marin,41,260295,14530,14358,287,14645,234
2021-07-18,Mariposa,43,17540,449,447,11,458,5
2021-07-18,Mendocino,45,87422,4346,4246,83,4329,49
2021-07-18,Merced,47,269075,31641,31537,1026,32563,471
2021-07-18,Modoc,49,8938,416,413,147,560,5
2021-07-18,Mono,51,14174,1266,1280,14,1294,3
2021-07-18,Monterey,53,433212,43525,43422,1992,45414,515
2021-07-18,Napa,55,140530,10273,10174,41,10215,81
2021-07-18,Nevada,57,99092,5214,5124,204,5328,72
2021-07-18,Orange,59,3164182,260189,258724,12309,271033,5138
2021-07-18,Placer,61,380077,24574,24313,1781,26094,303
2021-07-18,Plumas,63,18699,745,730,15,745,4
2021-07-18,Riverside,65,2383286,296924,295522,15199,310721,4543
2021-07-18,Sacramento,67,1510023,112283,111255,2115,113370,1696
2021-07-18,San Benito,69,59416,6198,6191,120,6311,63
2021-07-18,San Bernardino,71,2135413,298067,296739,9353,306092,5233
2021-07-18,San Diego,73,3302833,289528,286287,0,286287,3786
2021-07-18,San Francisco,75,870044,38929,38367,1505,39872,560
2021-07-18,San Joaquin,77,732212,75463,74997,3987,78984,1431
2021-07-18,San Luis Obispo,79,281455,21670,21527,818,22345,259
2021-07-18,San Mateo,81,765935,43908,43506,549,44055,542
2021-07-18,Santa Barbara,83,443738,35168,34880,1282,36162,461
2021-07-18,Santa Clara,85,1922200,121166,120438,853,121291,2098
2021-07-18,Santa Cruz,87,273765,16441,16372,882,17254,207
2021-07-18,Shasta,89,179085,12780,12714,1761,14475,209
2021-07-18,Sierra,91,2930,64,64,14,78,0
2021-07-18,Siskiyou,93,43540,2006,1927,442,2369,31
2021-07-18,Solano,95,438530,34560,34215,666,34881,261
2021-07-18,Sonoma,97,501317,32009,31675,388,32063,325
2021-07-18,Stanislaus,99,539301,57904,57600,6434,64034,1028
2021-07-18,Sutter,101,95872,9882,9826,100,9926,114
2021-07-18,Tehama,103,63373,5172,5150,629,5779,65
2021-07-18,Trinity,105,12862,380,344,75,419,3
2021-07-18,Tulare,107,460477,50111,49985,9878,59863,855
2021-07-18,Tuolumne,109,53932,4222,4149,40,4189,64
2021-07-18,Ventura,111,848112,82649,82361,3432,85793,1041
2021-07-18,Yolo,113,214977,14594,14425,449,14874,213
2021-07-18,Yuba,115,75493,6434,6357,135,6492,52
2021-07-17,Alameda,1,1643700,93047,91346,2229,93575,1255
2021-07-17,Alpine,3,1148,89,89,0,89,0
2021-07-17,Amador,5,37829,3823,3785,36,3821,48
2021-07-17,Butte,7,227075,12979,12824,2014,14838,202
2021-07-17,Calaveras,9,45235,2263,2237,17,2254,57
2021-07-17,Colusa,11,21464,1991,1976,349,2325,16
2021-07-17,Contra Costa,13,1133247,73660,72254,1465,73719,824
2021-07-17,Del Norte,15,27424,1490,1475,10,1485,8
2021-07-17,El Dorado,17,186661,10771,10622,844,11466,114
2021-07-17,Fresno,19,978130,103761,103055,9282,112337,1730
2021-07-17,Glenn,21,27897,2454,2451,594,3045,20
2021-07-17,Humboldt,23,135768,4775,4654,58,4712,52
2021-07-17,Imperial,25,180216,28975,28840,2889,31729,742
2021-07-17,Inyo,27,18085,1424,1416,4,1420,36
2021-07-17,Kern,29,883053,98215,97796,11960,109756,1348
2021-07-17,Kings,31,150075,23338,23163,1238,24401,246
2021-07-17,Lake,33,64148,3947,3760,13,3773,64
2021-07-17,Lassen,35,31185,5310,5302,126,5428,21
2021-07-17,Los Angeles,37,10098052,1230801,1219733,46229,1265962,24582
2021-07-17,Madera,39,155013,16926,16804,997,17801,240
2021-07-17,Marin,41,260295,14512,14297,285,14582,234
2021-07-17,Mariposa,43,17540,449,445,11,456,5
2021-07-17,Mendocino,45,87422,4334,4209,83,4292,49
2021-07-17,Merced,47,269075,31620,31451,1023,32474,471
2021-07-17,Modoc,49,8938,416,412,147,559,5
2021-07-17,Mono,51,14174,1264,1277,14,1291,3
2021-07-17,Monterey,53,433212,43503,43367,1986,45353,515
2021-07-17,Napa,55,140530,10257,10129,41,10170,81
2021-07-17,Nevada,57,99092,5199,5066,204,5270,72
2021-07-17,Orange,59,3164182,259887,257805,12272,270077,5136
2021-07-17,Placer,61,380077,24507,24169,1767,25936,303
2021-07-17,Plumas,63,18699,741,721,15,736,4
2021-07-17,Riverside,65,2383286,296616,294751,15167,309918,4542
2021-07-17,Sacramento,67,1510023,112049,110432,2094,112526,1694
2021-07-17,San Benito,69,59416,6192,6181,120,6301,63
2021-07-17,San Bernardino,71,2135413,297841,296048,9336,305384,5218
2021-07-17,San Diego,73,3302833,289122,285698,0,285698,3786
2021-07-17,San Francisco,75,870044,38809,37978,1501,39479,560
2021-07-17,San Joaquin,77,732212,75378,74695,3979,78674,1430
2021-07-17,San Luis Obispo,79,281455,21644,21462,817,22279,258
2021-07-17,San Mateo,81,765935,43838,43324,547,43871,542
2021-07-17,Santa Barbara,83,443738,35128,34769,1280,36049,461
2021-07-17,Santa Clara,85,1922200,120994,119980,850,120830,2097
2021-07-17,Santa Cruz,87,273765,16434,16337,882,17219,207
2021-07-17,Shasta,89,179085,12765,12683,1756,14439,210
2021-07-17,Sierra,91,2930,64,62,14,76,0
2021-07-17,Siskiyou,93,43540,2001,1922,439,2361,29
2021-07-17,Solano,95,438530,34496,34015,658,34673,263
2021-07-17,Sonoma,97,501317,31942,31536,387,31923,322
2021-07-17,Stanislaus,99,539301,57826,57400,6421,63821,1028
2021-07-17,Sutter,101,95872,9872,9778,100,9878,114
2021-07-17,Tehama,103,63373,5169,5145,629,5774,64
2021-07-17,Trinity,105,12862,379,341,75,416,3
2021-07-17,Tulare,107,460477,50090,49937,9866,59803,854
2021-07-17,Tuolumne,109,53932,4212,4131,40,4171,64
2021-07-17,Ventura,111,848112,82581,82125,3420,85545,1041
2021-07-17,Yolo,113,214977,14565,14356,441,14797,213
2021-07-17,Yuba,115,75493,6423,6309,135,6444,52
2021-07-16,Alameda,1,1643700,92813,91346,2217,93563,1255
2021-07-16,Alpine,3,1148,89,89,0,89,0
2021-07-16,Amador,5,37829,3820,3785,36,3821,48
2021-07-16,Butte,7,227075,12954,12824,2011,14835,202
2021-07-16,Calaveras,9,45235,2263,2237,17,2254,57
2021-07-16,Colusa,11,21464,1989,1976,348,2324,16
2021-07-16,Contra Costa,13,1133247,73471,72254,1460,73714,824
2021-07-16,Del Norte,15,27424,1488,1475,10,1485,8
2021-07-16,El Dorado,17,186661,10752,10622,843,11465,114
2021-07-16,Fresno,19,978130,103709,103055,9263,112318,1730
2021-07-16,Glenn,21,27897,2454,2451,594,3045,20
2021-07-16,Humboldt,23,135768,4753,4654,58,4712,52
2021-07-16,Imperial,25,180216,28963,28840,2889,31729,742
2021-07-16,Inyo,27,18085,1422,1416,4,1420,36
2021-07-16,Kern,29,883053,98153,97796,11919,109715,1348
2021-07-16,Kings,31,150075,23315,23163,1235,24398,246
2021-07-16,Lake,33,64148,3921,3760,13,3773,64
2021-07-16,Lassen,35,31185,5309,5302,126,5428,21
2021-07-16,Los Angeles,37,10098052,1229324,1219733,46080,1265813,24582
2021-07-16,Madera,39,155013,16908,16804,997,17801,240
2021-07-16,Marin,41,260295,14488,14297,282,14579,234
2021-07-16,Mariposa,43,17540,449,445,11,456,5
2021-07-16,Mendocino,45,87422,4325,4209,82,4291,49
2021-07-16,Merced,47,269075,31598,31451,1021,32472,471
2021-07-16,Modoc,49,8938,416,412,147,559,5
2021-07-16,Mono,51,14174,1263,1277,14,1291,3
2021-07-16,Monterey,53,433212,43481,43367,1984,45351,515
2021-07-16,Napa,55,140530,10233,10129,40,10169,81
2021-07-16,Nevada,57,99092,5189,5066,204,5270,72
2021-07-16,Orange,59,3164182,259621,257805,12232,270037,5136
2021-07-16,Placer,61,380077,24455,24169,1761,25930,303
2021-07-16,Plumas,63,18699,740,721,15,736,4
2021-07-16,Riverside,65,2383286,296340,294751,15141,309892,4542
2021-07-16,Sacramento,67,1510023,111834,110432,2082,112514,1694
2021-07-16,San Benito,69,59416,6190,6181,120,6301,63
2021-07-16,San Bernardino,71,2135413,297570,296048,9319,305367,5218
2021-07-16,San Diego,73,3302833,288675,285698,0,285698,3786
2021-07-16,San Francisco,75,870044,38692,37978,1496,39474,560
2021-07-16,San Joaquin,77,732212,75285,74695,3976,78671,1430
2021-07-16,San Luis Obispo,79,281455,21627,21462,817,22279,258
2021-07-16,San Mateo,81,765935,43785,43324,545,43869,542
2021-07-16,Santa Barbara,83,443738,35090,34769,1280,36049,461
2021-07-16,Santa Clara,85,1922200,120846,119980,842,120822,2097
2021-07-16,Santa Cruz,87,273765,16421,16337,882,17219,207
2021-07-16,Shasta,89,179085,12755,12683,1755,14438,210
2021-07-16,Sierra,91,2930,64,62,14,76,0
2021-07-16,Siskiyou,93,43540,1999,1922,437,2359,29
2021-07-16,Solano,95,438530,34433,34015,650,34665,263
2021-07-16,Sonoma,97,501317,31890,31536,385,31921,322
2021-07-16,Stanislaus,99,539301,57778,57400,6410,63810,1028
2021-07-16,Sutter,101,95872,9860,9778,100,9878,114
2021-07-16,Tehama,103,63373,5167,5145,629,5774,64
2021-07-16,Trinity,105,12862,379,341,74,415,3
2021-07-16,Tulare,107,460477,50066,49937,9856,59793,854
2021-07-16,Tuolumne,109,53932,4206,4131,40,4171,64
2021-07-16,Ventura,111,848112,82518,82125,3413,85538,1041
2021-07-16,Yolo,113,214977,14539,14356,437,14793,213
2021-07-16,Yuba,115,75493,6402,6309,135,6444,52
2021-07-15,Alameda,1,1643700,92512,91346,2207,93553,1255
2021-07-15,Alpine,3,1148,89,89,0,89,0
2021-07-15,Amador,5,37829,3817,3785,36,3821,48
2021-07-15,Butte,7,227075,12928,12824,2008,14832,202
2021-07-15,Calaveras,9,45235,2261,2237,17,2254,57
2021-07-15,Colusa,11,21464,1988,1976,347,2323,16
2021-07-15,Contra Costa,13,1133247,73257,72254,1452,73706,824
2021-07-15,Del Norte,15,27424,1485,1475,10,1485,8
2021-07-15,El Dorado,17,186661,10725,10622,841,11463,114
2021-07-15,Fresno,19,978130,103613,103055,9242,112297,1730
2021-07-15,Glenn,21,27897,2454,2451,594,3045,20
2021-07-15,Humboldt,23,135768,4735,4654,57,4711,52
2021-07-15,Imperial,25,180216,28940,28840,2889,31729,742
2021-07-15,Inyo,27,18085,1422,1416,4,1420,36
2021-07-15,Kern,29,883053,98083,97796,11892,109688,1348
2021-07-15,Kings,31,150075,23278,23163,1232,24395,246
2021-07-15,Lake,33,64148,3882,3760,13,3773,64
2021-07-15,Lassen,35,31185,5308,5302,126,5428,21
2021-07-15,Los Angeles,37,10098052,1227362,1219733,45914,1265647,24582
2021-07-15,Madera,39,155013,16886,16804,993,17797,240
2021-07-15,Marin,41,260295,14464,14297,282,14579,234
2021-07-15,Mariposa,43,17540,449,445,11,456,5
2021-07-15,Mendocino,45,87422,4317,4209,81,4290,49
2021-07-15,Merced,47,269075,31568,31451,1021,32472,471
2021-07-15,Modoc,49,8938,416,412,147,559,5
2021-07-15,Mono,51,14174,1263,1277,14,1291,3
2021-07-15,Monterey,53,433212,43452,43367,1981,45348,515
2021-07-15,Napa,55,140530,10208,10129,39,10168,81
2021-07-15,Nevada,57,99092,5171,5066,203,5269,72
2021-07-15,Orange,59,3164182,259271,257805,12212,270017,5136
2021-07-15,Placer,61,380077,24396,24169,1744,25913,303
2021-07-15,Plumas,63,18699,739,721,15,736,4
2021-07-15,Riverside,65,2383286,296023,294751,15125,309876,4542
2021-07-15,Sacramento,67,1510023,111535,110432,2064,112496,1694
2021-07-15,San Benito,69,59416,6188,6181,120,6301,63
2021-07-15,San Bernardino,71,2135413,297264,296048,9305,305353,5218
2021-07-15,San Diego,73,3302833,288044,285698,0,285698,3786
2021-07-15,San Francisco,75,870044,38542,37978,1487,39465,560
2021-07-15,San Joaquin,77,732212,75171,74695,3971,78666,1430
2021-07-15,San Luis Obispo,79,281455,21594,21462,817,22279,258
2021-07-15,San Mateo,81,765935,43684,43324,541,43865,542
2021-07-15,Santa Barbara,83,443738,35037,34769,1279,36048,461
2021-07-15,Santa Clara,85,1922200,120725,119980,839,120819,2097
2021-07-15,Santa Cruz,87,273765,16408,16337,882,17219,207
2021-07-15,Shasta,89,179085,12747,12683,1750,14433,210
2021-07-15,Sierra,91,2930,64,62,14,76,0
2021-07-15,Siskiyou,93,43540,1998,1922,437,2359,29
2021-07-15,Solano,95,438530,34359,34015,644,34659,263
2021-07-15,Sonoma,97,501317,31829,31536,385,31921,322
2021-07-15,Stanislaus,99,539301,57710,57400,6397,63797,1028
2021-07-15,Sutter,101,95872,9840,9778,100,9878,114
2021-07-15,Tehama,103,63373,5161,5145,628,5773,64
2021-07-15,Trinity,105,12862,379,341,74,415,3
2021-07-15,Tulare,107,460477,50045,49937,9839,59776,854
2021-07-15,Tuolumne,109,53932,4194,4131,40,4171,64
2021-07-15,Ventura,111,848112,82440,82125,3408,85533,1041
2021-07-15,Yolo,113,214977,14513,14356,436,14792,213
2021-07-15,Yuba,115,75493,6387,6309,135,6444,52
2021-07-14,Alameda,1,1643700,92260,91092,2188,93280,1255
2021-07-14,Alpine,3,1148,89,89,0,89,0
2021-07-14,Amador,5,37829,3809,3784,36,3820,48
2021-07-14,Butte,7,227075,12901,12813,2001,14814,202
2021-07-14,Calaveras,9,45235,2253,2234,17,2251,57
2021-07-14,Colusa,11,21464,1985,1974,347,2321,16
2021-07-14,Contra Costa,13,1133247,73032,72091,1439,73530,823
2021-07-14,Del Norte,15,27424,1484,1472,10,1482,8
2021-07-14,El Dorado,17,186661,10699,10598,838,11436,114
2021-07-14,Fresno,19,978130,103535,102966,9230,112196,1728
2021-07-14,Glenn,21,27897,2454,2449,594,3043,20
2021-07-14,Humboldt,23,135768,4712,4644,55,4699,52
2021-07-14,Imperial,25,180216,28910,28822,2889,31711,742
2021-07-14,Inyo,27,18085,1421,1415,4,1419,36
2021-07-14,Kern,29,883053,98020,97736,11866,109602,1346
2021-07-14,Kings,31,150075,23266,23142,1232,24374,246
2021-07-14,Lake,33,64148,3849,3739,13,3752,63
2021-07-14,Lassen,35,31185,5307,5298,126,5424,21
2021-07-14,Los Angeles,37,10098052,1225363,1218265,45765,1264030,24578
2021-07-14,Madera,39,155013,16874,16786,991,17777,240
2021-07-14,Marin,41,260295,14430,14269,280,14549,233
2021-07-14,Mariposa,43,17540,447,445,11,456,5
2021-07-14,Mendocino,45,87422,4304,4193,81,4274,49
2021-07-14,Merced,47,269075,31531,31412,1018,32430,471
2021-07-14,Modoc,49,8938,416,412,147,559,4
2021-07-14,Mono,51,14174,1263,1278,14,1292,3
2021-07-14,Monterey,53,433212,43429,43347,1978,45325,504
2021-07-14,Napa,55,140530,10186,10121,39,10160,81
2021-07-14,Nevada,57,99092,5152,5058,203,5261,72
2021-07-14,Orange,59,3164182,258958,257558,12183,269741,5137
2021-07-14,Placer,61,380077,24345,24125,1732,25857,303
2021-07-14,Plumas,63,18699,732,719,15,734,4
2021-07-14,Riverside,65,2383286,295697,294511,15108,309619,4542
2021-07-14,Sacramento,67,1510023,111208,110193,2042,112235,1688
2021-07-14,San Benito,69,59416,6185,6177,120,6297,63
2021-07-14,San Bernardino,71,2135413,296963,295820,9292,305112,5193
2021-07-14,San Diego,73,3302833,287479,285269,0,285269,3786
2021-07-14,San Francisco,75,870044,38402,37836,1480,39316,559
2021-07-14,San Joaquin,77,732212,75080,74599,3962,78561,1416
2021-07-14,San Luis Obispo,79,281455,21572,21444,815,22259,258
2021-07-14,San Mateo,81,765935,43588,43249,537,43786,542
2021-07-14,Santa Barbara,83,443738,34997,34719,1277,35996,461
2021-07-14,Santa Clara,85,1922200,120575,119844,836,120680,2098
2021-07-14,Santa Cruz,87,273765,16394,16326,882,17208,207
2021-07-14,Shasta,89,179085,12727,12669,1747,14416,209
2021-07-14,Sierra,91,2930,64,62,14,76,0
2021-07-14,Siskiyou,93,43540,1991,1922,434,2356,29
2021-07-14,Solano,95,438530,34287,33948,644,34592,268
2021-07-14,Sonoma,97,501317,31778,31470,384,31854,322
2021-07-14,Stanislaus,99,539301,57635,57340,6385,63725,1028
2021-07-14,Sutter,101,95872,9817,9766,100,9866,114
2021-07-14,Tehama,103,63373,5159,5142,628,5770,64
2021-07-14,Trinity,105,12862,379,341,74,415,3
2021-07-14,Tulare,107,460477,50029,49908,9824,59732,853
2021-07-14,Tuolumne,109,53932,4191,4128,39,4167,64
2021-07-14,Ventura,111,848112,82347,82041,3396,85437,1040
2021-07-14,Yolo,113,214977,14480,14332,433,14765,213
2021-07-14,Yuba,115,75493,6369,6294,135,6429,52
2021-07-13,Alameda,1,1643700,91994,90874,2177,93051,1255
2021-07-13,Alpine,3,1148,89,89,0,89,0
2021-07-13,Amador,5,37829,3801,3783,36,3819,48
2021-07-13,Butte,7,227075,12888,12802,1999,14801,202
2021-07-13,Calaveras,9,45235,2249,2230,17,2247,57
2021-07-13,Colusa,11,21464,1983,1972,343,2315,16
2021-07-13,Contra Costa,13,1133247,72808,71963,1430,73393,823
2021-07-13,Del Norte,15,27424,1482,1471,10,1481,8
2021-07-13,El Dorado,17,186661,10681,10581,835,11416,114
2021-07-13,Fresno,19,978130,103459,102909,9221,112130,1727
2021-07-13,Glenn,21,27897,2452,2448,594,3042,20
2021-07-13,Humboldt,23,135768,4697,4634,55,4689,51
2021-07-13,Imperial,25,180216,28899,28792,2889,31681,741
2021-07-13,Inyo,27,18085,1420,1415,4,1419,36
2021-07-13,Kern,29,883053,97934,97698,11826,109524,1346
2021-07-13,Kings,31,150075,23248,23132,1232,24364,246
2021-07-13,Lake,33,64148,3822,3719,13,3732,63
2021-07-13,Lassen,35,31185,5305,5292,126,5418,21
2021-07-13,Los Angeles,37,10098052,1223527,1217184,45592,1262776,24569
2021-07-13,Madera,39,155013,16865,16773,987,17760,240
2021-07-13,Marin,41,260295,14401,14254,279,14533,233
2021-07-13,Mariposa,43,17540,446,443,11,454,5
2021-07-13,Mendocino,45,87422,4297,4185,81,4266,49
2021-07-13,Merced,47,269075,31510,31379,1015,32394,471
2021-07-13,Modoc,49,8938,416,411,147,558,4
2021-07-13,Mono,51,14174,1262,1277,14,1291,3
2021-07-13,Monterey,53,433212,43411,43333,1974,45307,504
2021-07-13,Napa,55,140530,10165,10118,39,10157,81
2021-07-13,Nevada,57,99092,5127,5053,203,5256,72
2021-07-13,Orange,59,3164182,258633,257339,12154,269493,5136
2021-07-13,Placer,61,380077,24298,24091,1719,25810,303
2021-07-13,Plumas,63,18699,731,716,15,731,4
2021-07-13,Riverside,65,2383286,295377,294302,15081,309383,4541
2021-07-13,Sacramento,67,1510023,110906,109990,2021,112011,1687
2021-07-13,San Benito,69,59416,6183,6173,120,6293,63
2021-07-13,San Bernardino,71,2135413,296682,295596,9270,304866,5183
2021-07-13,San Diego,73,3302833,286938,284997,0,284997,3785
2021-07-13,San Francisco,75,870044,38258,37725,1473,39198,559
2021-07-13,San Joaquin,77,732212,74963,74500,3958,78458,1417
2021-07-13,San Luis Obispo,79,281455,21546,21423,812,22235,258
2021-07-13,San Mateo,81,765935,43520,43180,536,43716,542
2021-07-13,Santa Barbara,83,443738,34948,34679,1274,35953,461
2021-07-13,Santa Clara,85,1922200,120420,119727,832,120559,2098
2021-07-13,Santa Cruz,87,273765,16385,16315,881,17196,207
2021-07-13,Shasta,89,179085,12714,12659,1740,14399,209
2021-07-13,Sierra,91,2930,64,62,14,76,0
2021-07-13,Siskiyou,93,43540,1990,1916,432,2348,29
2021-07-13,Solano,95,438530,34225,33918,638,34556,268
2021-07-13,Sonoma,97,501317,31719,31431,384,31815,322
2021-07-13,Stanislaus,99,539301,57567,57282,6371,63653,1028
2021-07-13,Sutter,101,95872,9799,9752,99,9851,114
2021-07-13,Tehama,103,63373,5152,5144,628,5772,64
2021-07-13,Trinity,105,12862,379,341,73,414,3
2021-07-13,Tulare,107,460477,50005,49891,9808,59699,853
2021-07-13,Tuolumne,109,53932,4183,4122,38,4160,64
2021-07-13,Ventura,111,848112,82266,81982,3370,85352,1040
2021-07-13,Yolo,113,214977,14452,14320,426,14746,213
2021-07-13,Yuba,115,75493,6353,6279,135,6414,52
2021-07-12,Alameda,1,1643700,91744,90720,2168,92888,1254
2021-07-12,Alpine,3,1148,89,89,0,89,0
2021-07-12,Amador,5,37829,3794,3781,36,3817,47
2021-07-12,Butte,7,227075,12868,12796,1997,14793,202
2021-07-12,Calaveras,9,45235,2246,2228,17,2245,57
2021-07-12,Colusa,11,21464,1979,1971,342,2313,16
2021-07-12,Contra Costa,13,1133247,72607,71833,1425,73258,823
2021-07-12,Del Norte,15,27424,1479,1469,10,1479,8
2021-07-12,El Dorado,17,186661,10652,10569,833,11402,114
2021-07-12,Fresno,19,978130,103366,102853,9209,112062,1728
2021-07-12,Glenn,21,27897,2452,2446,594,3040,20
2021-07-12,Humboldt,23,135768,4681,4621,55,4676,51
2021-07-12,Imperial,25,180216,28869,28789,2889,31678,741
2021-07-12,Inyo,27,18085,1420,1415,4,1419,36
2021-07-12,Kern,29,883053,97865,97660,11801,109461,1346
2021-07-12,Kings,31,150075,23228,23124,1230,24354,246
2021-07-12,Lake,33,64148,3802,3706,13,3719,63
2021-07-12,Lassen,35,31185,5304,5292,126,5418,21
2021-07-12,Los Angeles,37,10098052,1221755,1216230,45447,1261677,24559
2021-07-12,Madera,39,155013,16855,16772,987,17759,240
2021-07-12,Marin,41,260295,14376,14238,278,14516,233
2021-07-12,Mariposa,43,17540,446,442,11,453,5
2021-07-12,Mendocino,45,87422,4285,4175,81,4256,49
2021-07-12,Merced,47,269075,31479,31374,1014,32388,471
2021-07-12,Modoc,49,8938,415,411,147,558,4
2021-07-12,Mono,51,14174,1260,1275,14,1289,3
2021-07-12,Monterey,53,433212,43390,43315,1970,45285,504
2021-07-12,Napa,55,140530,10147,10104,38,10142,81
2021-07-12,Nevada,57,99092,5104,5046,203,5249,72
2021-07-12,Orange,59,3164182,258285,257171,12129,269300,5136
2021-07-12,Placer,61,380077,24249,24052,1713,25765,302
2021-07-12,Plumas,63,18699,731,716,15,731,4
2021-07-12,Riverside,65,2383286,295069,294108,15052,309160,4541
2021-07-12,Sacramento,67,1510023,110690,109849,1999,111848,1685
2021-07-12,San Benito,69,59416,6180,6166,120,6286,63
2021-07-12,San Bernardino,71,2135413,296421,295447,9256,304703,5171
2021-07-12,San Diego,73,3302833,286474,284648,0,284648,3785
2021-07-12,San Francisco,75,870044,38111,37656,1469,39125,559
2021-07-12,San Joaquin,77,732212,74869,74424,3948,78372,1415
2021-07-12,San Luis Obispo,79,281455,21527,21408,811,22219,258
2021-07-12,San Mateo,81,765935,43427,43138,529,43667,542
2021-07-12,Santa Barbara,83,443738,34906,34664,1272,35936,461
2021-07-12,Santa Clara,85,1922200,120256,119634,829,120463,2098
2021-07-12,Santa Cruz,87,273765,16360,16310,880,17190,207
2021-07-12,Shasta,89,179085,12706,12648,1737,14385,208
2021-07-12,Sierra,91,2930,64,62,14,76,0
2021-07-12,Siskiyou,93,43540,1985,1916,427,2343,29
2021-07-12,Solano,95,438530,34139,33859,629,34488,268
2021-07-12,Sonoma,97,501317,31671,31377,383,31760,322
2021-07-12,Stanislaus,99,539301,57494,57243,6364,63607,1028
2021-07-12,Sutter,101,95872,9782,9736,98,9834,114
2021-07-12,Tehama,103,63373,5147,5138,627,5765,63
2021-07-12,Trinity,105,12862,375,340,71,411,3
2021-07-12,Tulare,107,460477,49978,49882,9794,59676,853
2021-07-12,Tuolumne,109,53932,4179,4116,38,4154,64
2021-07-12,Ventura,111,848112,82168,81919,3347,85266,1040
2021-07-12,Yolo,113,214977,14423,14303,422,14725,213
2021-07-12,Yuba,115,75493,6338,6266,135,6401,52
2021-07-11,Alameda,1,1643700,91421,90597,2153,92750,1254
2021-07-11,Alpine,3,1148,89,89,0,89,0
2021-07-11,Amador,5,37829,3792,3779,36,3815,47
2021-07-11,Butte,7,227075,12848,12794,1990,14784,202
2021-07-11,Calaveras,9,45235,2238,2226,16,2242,57
2021-07-11,Colusa,11,21464,1979,1971,341,2312,16
2021-07-11,Contra Costa,13,1133247,72398,71744,1418,73162,823
2021-07-11,Del Norte,15,27424,1475,1467,9,1476,8
2021-07-11,El Dorado,17,186661,10623,10554,831,11385,114
2021-07-11,Fresno,19,978130,103271,102813,9190,112003,1728
2021-07-11,Glenn,21,27897,2451,2446,594,3040,20
2021-07-11,Humboldt,23,135768,4668,4611,54,4665,51
2021-07-11,Imperial,25,180216,28851,28787,2889,31676,741
2021-07-11,Inyo,27,18085,1418,1415,4,1419,36
2021-07-11,Kern,29,883053,97792,97637,11785,109422,1346
2021-07-11,Kings,31,150075,23197,23116,1227,24343,246
2021-07-11,Lake,33,64148,3772,3699,13,3712,63
2021-07-11,Lassen,35,31185,5301,5291,126,5417,21
2021-07-11,Los Angeles,37,10098052,1220019,1215182,45282,1260464,24558
2021-07-11,Madera,39,155013,16837,16766,986,17752,240
2021-07-11,Marin,41,260295,14351,14231,278,14509,233
2021-07-11,Mariposa,43,17540,445,442,11,453,5
2021-07-11,Mendocino,45,87422,4265,4167,81,4248,49
2021-07-11,Merced,47,269075,31455,31366,1009,32375,471
2021-07-11,Modoc,49,8938,415,411,147,558,4
2021-07-11,Mono,51,14174,1260,1275,14,1289,3
2021-07-11,Monterey,53,433212,43372,43307,1965,45272,504
2021-07-11,Napa,55,140530,10143,10100,38,10138,81
2021-07-11,Nevada,57,99092,5093,5035,202,5237,72
2021-07-11,Orange,59,3164182,257979,257009,12103,269112,5136
2021-07-11,Placer,61,380077,24193,24017,1701,25718,302
2021-07-11,Plumas,63,18699,731,716,15,731,4
2021-07-11,Riverside,65,2383286,294805,293969,15034,309003,4541
2021-07-11,Sacramento,67,1510023,110418,109696,1988,111684,1685
2021-07-11,San Benito,69,59416,6175,6163,120,6283,63
2021-07-11,San Bernardino,71,2135413,296119,295342,9231,304573,5167
2021-07-11,San Diego,73,3302833,286060,283819,0,283819,3784
2021-07-11,San Francisco,75,870044,37984,37596,1463,39059,559
2021-07-11,San Joaquin,77,732212,74754,74376,3931,78307,1415
2021-07-11,San Luis Obispo,79,281455,21493,21403,810,22213,258
2021-07-11,San Mateo,81,765935,43347,43107,522,43629,542
2021-07-11,Santa Barbara,83,443738,34860,34646,1272,35918,461
2021-07-11,Santa Clara,85,1922200,120102,119549,828,120377,2098
2021-07-11,Santa Cruz,87,273765,16344,16303,880,17183,207
2021-07-11,Shasta,89,179085,12689,12647,1735,14382,208
2021-07-11,Sierra,91,2930,64,62,14,76,0
2021-07-11,Siskiyou,93,43540,1981,1915,425,2340,29
2021-07-11,Solano,95,438530,34061,33837,625,34462,268
2021-07-11,Sonoma,97,501317,31588,31352,383,31735,322
2021-07-11,Stanislaus,99,539301,57421,57230,6352,63582,1028
2021-07-11,Sutter,101,95872,9768,9728,98,9826,114
2021-07-11,Tehama,103,63373,5144,5138,627,5765,63
2021-07-11,Trinity,105,12862,374,340,71,411,3
2021-07-11,Tulare,107,460477,49954,49877,9774,59651,853
2021-07-11,Tuolumne,109,53932,4173,4116,38,4154,64
2021-07-11,Ventura,111,848112,82095,81875,3327,85202,1040
2021-07-11,Yolo,113,214977,14399,14285,414,14699,213
2021-07-11,Yuba,115,75493,6328,6260,135,6395,52
2021-07-10,Alameda,1,1643700,91276,90090,2149,92239,1252
2021-07-10,Alpine,3,1148,89,89,0,89,0
2021-07-10,Amador,5,37829,3786,3773,36,3809,47
2021-07-10,Butte,7,227075,12837,12764,1988,14752,202
2021-07-10,Calaveras,9,45235,2237,2214,16,2230,57
2021-07-10,Colusa,11,21464,1977,1969,341,2310,16
2021-07-10,Contra Costa,13,1133247,72299,71376,1417,72793,821
2021-07-10,Del Norte,15,27424,1473,1451,9,1460,8
2021-07-10,El Dorado,17,186661,10607,10508,827,11335,114
2021-07-10,Fresno,19,978130,103238,102675,9183,111858,1730
2021-07-10,Glenn,21,27897,2448,2440,593,3033,20
2021-07-10,Humboldt,23,135768,4659,4574,54,4628,51
2021-07-10,Imperial,25,180216,28838,28729,2889,31618,741
2021-07-10,Inyo,27,18085,1417,1415,4,1419,36
2021-07-10,Kern,29,883053,97753,97538,11767,109305,1346
2021-07-10,Kings,31,150075,23190,23090,1226,24316,246
2021-07-10,Lake,33,64148,3755,3667,13,3680,63
2021-07-10,Lassen,35,31185,5301,5290,126,5416,21
2021-07-10,Los Angeles,37,10098052,1219004,1212043,45177,1257220,24542
2021-07-10,Madera,39,155013,16831,16744,983,17727,241
2021-07-10,Marin,41,260295,14337,14194,278,14472,233
2021-07-10,Mariposa,43,17540,445,442,11,453,5
2021-07-10,Mendocino,45,87422,4258,4153,80,4233,49
2021-07-10,Merced,47,269075,31442,31328,1009,32337,470
2021-07-10,Modoc,49,8938,415,410,147,557,4
2021-07-10,Mono,51,14174,1260,1275,14,1289,3
2021-07-10,Monterey,53,433212,43358,43251,1963,45214,499
2021-07-10,Napa,55,140530,10131,10077,38,10115,81
2021-07-10,Nevada,57,99092,5084,5000,202,5202,72
2021-07-10,Orange,59,3164182,257809,256438,12088,268526,5135
2021-07-10,Placer,61,380077,24162,23916,1691,25607,302
2021-07-10,Plumas,63,18699,730,717,15,732,4
2021-07-10,Riverside,65,2383286,294619,293474,15021,308495,4541
2021-07-10,Sacramento,67,1510023,110266,109091,1983,111074,1682
2021-07-10,San Benito,69,59416,6170,6141,120,6261,63
2021-07-10,San Bernardino,71,2135413,295932,294932,9219,304151,5117
2021-07-10,San Diego,73,3302833,285771,283577,0,283577,3783
2021-07-10,San Francisco,75,870044,37901,37338,1458,38796,559
2021-07-10,San Joaquin,77,732212,74697,74150,3925,78075,1412
2021-07-10,San Luis Obispo,79,281455,21482,21375,809,22184,258
2021-07-10,San Mateo,81,765935,43297,42948,520,43468,542
2021-07-10,Santa Barbara,83,443738,34834,34595,1272,35867,460
2021-07-10,Santa Clara,85,1922200,120000,119330,825,120155,2094
2021-07-10,Santa Cruz,87,273765,16337,16286,880,17166,207
2021-07-10,Shasta,89,179085,12677,12623,1730,14353,206
2021-07-10,Sierra,91,2930,64,61,14,75,0
2021-07-10,Siskiyou,93,43540,1979,1909,422,2331,29
2021-07-10,Solano,95,438530,34021,33678,619,34297,268
2021-07-10,Sonoma,97,501317,31536,31231,383,31614,317
2021-07-10,Stanislaus,99,539301,57380,57104,6342,63446,1026
2021-07-10,Sutter,101,95872,9755,9692,98,9790,114
2021-07-10,Tehama,103,63373,5141,5131,627,5758,63
2021-07-10,Trinity,105,12862,374,341,71,412,3
2021-07-10,Tulare,107,460477,49944,49850,9768,59618,853
2021-07-10,Tuolumne,109,53932,4171,4114,38,4152,64
2021-07-10,Ventura,111,848112,82052,81713,3309,85022,1039
2021-07-10,Yolo,113,214977,14378,14250,411,14661,213
2021-07-10,Yuba,115,75493,6318,6238,135,6373,52
2021-07-09,Alameda,1,1643700,91124,90090,2143,92233,1252
2021-07-09,Alpine,3,1148,89,89,0,89,0
2021-07-09,Amador,5,37829,3785,3773,36,3809,47
2021-07-09,Butte,7,227075,12826,12764,1986,14750,202
2021-07-09,Calaveras,9,45235,2235,2214,16,2230,57
2021-07-09,Colusa,11,21464,1976,1969,341,2310,16
2021-07-09,Contra Costa,13,1133247,72174,71376,1416,72792,821
2021-07-09,Del Norte,15,27424,1469,1451,9,1460,8
2021-07-09,El Dorado,17,186661,10592,10508,826,11334,114
2021-07-09,Fresno,19,978130,103182,102675,9176,111851,1730
2021-07-09,Glenn,21,27897,2447,2440,591,3031,20
2021-07-09,Humboldt,23,135768,4640,4574,54,4628,51
2021-07-09,Imperial,25,180216,28829,28729,2889,31618,741
2021-07-09,Inyo,27,18085,1416,1415,4,1419,36
2021-07-09,Kern,29,883053,97715,97538,11755,109293,1346
2021-07-09,Kings,31,150075,23180,23090,1225,24315,246
2021-07-09,Lake,33,64148,3741,3667,13,3680,63
2021-07-09,Lassen,35,31185,5299,5290,125,5415,21
2021-07-09,Los Angeles,37,10098052,1218005,1212043,45100,1257143,24542
2021-07-09,Madera,39,155013,16822,16744,982,17726,241
2021-07-09,Marin,41,260295,14317,14194,276,14470,233
2021-07-09,Mariposa,43,17540,445,442,11,453,5
2021-07-09,Mendocino,45,87422,4251,4153,80,4233,49
2021-07-09,Merced,47,269075,31427,31328,1009,32337,470
2021-07-09,Modoc,49,8938,415,410,147,557,4
2021-07-09,Mono,51,14174,1260,1275,14,1289,3
2021-07-09,Monterey,53,433212,43349,43251,1963,45214,499
2021-07-09,Napa,55,140530,10124,10077,38,10115,81
2021-07-09,Nevada,57,99092,5075,5000,202,5202,72
2021-07-09,Orange,59,3164182,257608,256438,12073,268511,5135
2021-07-09,Placer,61,380077,24140,23916,1685,25601,302
2021-07-09,Plumas,63,18699,728,717,15,732,4
2021-07-09,Riverside,65,2383286,294432,293474,15007,308481,4541
2021-07-09,Sacramento,67,1510023,110115,109091,1975,111066,1682
2021-07-09,San Benito,69,59416,6168,6141,120,6261,63
2021-07-09,San Bernardino,71,2135413,295781,294932,9212,304144,5117
2021-07-09,San Diego,73,3302833,285485,283577,0,283577,3783
2021-07-09,San Francisco,75,870044,37823,37338,1451,38789,559
2021-07-09,San Joaquin,77,732212,74625,74150,3917,78067,1412
2021-07-09,San Luis Obispo,79,281455,21470,21375,809,22184,258
2021-07-09,San Mateo,81,765935,43253,42948,515,43463,542
2021-07-09,Santa Barbara,83,443738,34814,34595,1271,35866,460
2021-07-09,Santa Clara,85,1922200,119889,119330,825,120155,2094
2021-07-09,Santa Cruz,87,273765,16334,16286,880,17166,207
2021-07-09,Shasta,89,179085,12671,12623,1725,14348,206
2021-07-09,Sierra,91,2930,64,61,14,75,0
2021-07-09,Siskiyou,93,43540,1977,1909,421,2330,29
2021-07-09,Solano,95,438530,33986,33678,615,34293,268
2021-07-09,Sonoma,97,501317,31500,31231,383,31614,317
2021-07-09,Stanislaus,99,539301,57338,57104,6340,63444,1026
2021-07-09,Sutter,101,95872,9746,9692,98,9790,114
2021-07-09,Tehama,103,63373,5139,5131,627,5758,63
2021-07-09,Trinity,105,12862,373,341,68,409,3
2021-07-09,Tulare,107,460477,49931,49850,9762,59612,853
2021-07-09,Tuolumne,109,53932,4168,4114,38,4152,64
2021-07-09,Ventura,111,848112,81997,81713,3300,85013,1039
2021-07-09,Yolo,113,214977,14363,14250,407,14657,213
2021-07-09,Yuba,115,75493,6305,6238,135,6373,52
2021-07-08,Alameda,1,1643700,90918,90090,2138,92228,1252
2021-07-08,Alpine,3,1148,89,89,0,89,0
2021-07-08,Amador,5,37829,3783,3773,36,3809,47
2021-07-08,Butte,7,227075,12813,12764,1984,14748,202
2021-07-08,Calaveras,9,45235,2229,2214,15,2229,57
2021-07-08,Colusa,11,21464,1976,1969,341,2310,16
2021-07-08,Contra Costa,13,1133247,72046,71376,1411,72787,821
2021-07-08,Del Norte,15,27424,1467,1451,9,1460,8
2021-07-08,El Dorado,17,186661,10575,10508,821,11329,114
2021-07-08,Fresno,19,978130,103122,102675,9165,111840,1730
2021-07-08,Glenn,21,27897,2447,2440,591,3031,20
2021-07-08,Humboldt,23,135768,4625,4574,53,4627,51
2021-07-08,Imperial,25,180216,28816,28729,2888,31617,741
2021-07-08,Inyo,27,18085,1416,1415,4,1419,36
2021-07-08,Kern,29,883053,97671,97538,11737,109275,1346
2021-07-08,Kings,31,150075,23171,23090,1225,24315,246
2021-07-08,Lake,33,64148,3727,3667,13,3680,63
2021-07-08,Lassen,35,31185,5296,5290,125,5415,21
2021-07-08,Los Angeles,37,10098052,1216801,1212043,45002,1257045,24542
2021-07-08,Madera,39,155013,16807,16744,982,17726,241
2021-07-08,Marin,41,260295,14302,14194,276,14470,233
2021-07-08,Mariposa,43,17540,444,442,11,453,5
2021-07-08,Mendocino,45,87422,4247,4153,80,4233,49
2021-07-08,Merced,47,269075,31413,31328,1007,32335,470
2021-07-08,Modoc,49,8938,415,410,147,557,4
2021-07-08,Mono,51,14174,1260,1275,14,1289,3
2021-07-08,Monterey,53,433212,43329,43251,1957,45208,499
2021-07-08,Napa,55,140530,10120,10077,38,10115,81
2021-07-08,Nevada,57,99092,5069,5000,202,5202,72
2021-07-08,Orange,59,3164182,257417,256438,12053,268491,5135
2021-07-08,Placer,61,380077,24102,23916,1677,25593,302
2021-07-08,Plumas,63,18699,727,717,15,732,4
2021-07-08,Riverside,65,2383286,294232,293474,14995,308469,4541
2021-07-08,Sacramento,67,1510023,109896,109091,1968,111059,1682
2021-07-08,San Benito,69,59416,6165,6141,120,6261,63
2021-07-08,San Bernardino,71,2135413,295606,294932,9203,304135,5117
2021-07-08,San Diego,73,3302833,285157,283577,0,283577,3783
2021-07-08,San Francisco,75,870044,37745,37338,1446,38784,559
2021-07-08,San Joaquin,77,732212,74537,74150,3906,78056,1412
2021-07-08,San Luis Obispo,79,281455,21458,21375,806,22181,258
2021-07-08,San Mateo,81,765935,43202,42948,514,43462,542
2021-07-08,Santa Barbara,83,443738,34788,34595,1269,35864,460
2021-07-08,Santa Clara,85,1922200,119796,119330,824,120154,2094
2021-07-08,Santa Cruz,87,273765,16328,16286,880,17166,207
2021-07-08,Shasta,89,179085,12665,12623,1721,14344,206
2021-07-08,Sierra,91,2930,64,61,14,75,0
2021-07-08,Siskiyou,93,43540,1972,1909,418,2327,29
2021-07-08,Solano,95,438530,33934,33678,607,34285,268
2021-07-08,Sonoma,97,501317,31469,31231,382,31613,317
2021-07-08,Stanislaus,99,539301,57304,57104,6335,63439,1026
2021-07-08,Sutter,101,95872,9731,9692,96,9788,114
2021-07-08,Tehama,103,63373,5136,5131,626,5757,63
2021-07-08,Trinity,105,12862,373,341,68,409,3
2021-07-08,Tulare,107,460477,49914,49850,9753,59603,853
2021-07-08,Tuolumne,109,53932,4166,4114,38,4152,64
2021-07-08,Ventura,111,848112,81933,81713,3283,84996,1039
2021-07-08,Yolo,113,214977,14345,14250,405,14655,213
2021-07-08,Yuba,115,75493,6297,6238,135,6373,52
2021-07-07,Alameda,1,1643700,90736,89995,2131,92126,1253
2021-07-07,Alpine,3,1148,89,89,0,89,0
2021-07-07,Amador,5,37829,3778,3770,36,3806,47
2021-07-07,Butte,7,227075,12800,12750,1979,14729,202
2021-07-07,Calaveras,9,45235,2225,2212,15,2227,57
2021-07-07,Colusa,11,21464,1972,1969,341,2310,16
2021-07-07,Contra Costa,13,1133247,71902,71308,1409,72717,821
2021-07-07,Del Norte,15,27424,1462,1446,9,1455,8
2021-07-07,El Dorado,17,186661,10555,10494,819,11313,114
2021-07-07,Fresno,19,978130,103072,102639,9158,111797,1729
2021-07-07,Glenn,21,27897,2447,2441,591,3032,20
2021-07-07,Humboldt,23,135768,4611,4566,53,4619,51
2021-07-07,Imperial,25,180216,28807,28701,2888,31589,740
2021-07-07,Inyo,27,18085,1415,1415,4,1419,36
2021-07-07,Kern,29,883053,97629,97507,11722,109229,1348
2021-07-07,Kings,31,150075,23158,23085,1222,24307,245
2021-07-07,Lake,33,64148,3708,3660,13,3673,63
2021-07-07,Lassen,35,31185,5296,5286,125,5411,21
2021-07-07,Los Angeles,37,10098052,1215635,1211316,44891,1256207,24531
2021-07-07,Madera,39,155013,16797,16733,980,17713,241
2021-07-07,Marin,41,260295,14282,14183,275,14458,233
2021-07-07,Mariposa,43,17540,442,442,11,453,5
2021-07-07,Mendocino,45,87422,4238,4145,80,4225,49
2021-07-07,Merced,47,269075,31398,31317,1007,32324,470
2021-07-07,Modoc,49,8938,415,410,147,557,4
2021-07-07,Mono,51,14174,1259,1274,14,1288,3
2021-07-07,Monterey,53,433212,43305,43233,1955,45188,494
2021-07-07,Napa,55,140530,10109,10078,38,10116,81
2021-07-07,Nevada,57,99092,5062,4996,202,5198,72
2021-07-07,Orange,59,3164182,257193,256301,12032,268333,5132
2021-07-07,Placer,61,380077,24064,23901,1667,25568,302
2021-07-07,Plumas,63,18699,727,710,15,725,4
2021-07-07,Riverside,65,2383286,294018,293331,14984,308315,4538
2021-07-07,Sacramento,67,1510023,109707,108954,1960,110914,1682
2021-07-07,San Benito,69,59416,6160,6137,120,6257,63
2021-07-07,San Bernardino,71,2135413,295435,294787,9196,303983,5087
2021-07-07,San Diego,73,3302833,284839,283377,0,283377,3782
2021-07-07,San Francisco,75,870044,37653,37284,1443,38727,558
2021-07-07,San Joaquin,77,732212,74461,74095,3890,77985,1410
2021-07-07,San Luis Obispo,79,281455,21449,21360,804,22164,258
2021-07-07,San Mateo,81,765935,43148,42908,511,43419,542
2021-07-07,Santa Barbara,83,443738,34762,34582,1268,35850,460
2021-07-07,Santa Clara,85,1922200,119698,119250,823,120073,2094
2021-07-07,Santa Cruz,87,273765,16319,16279,879,17158,207
2021-07-07,Shasta,89,179085,12657,12613,1718,14331,206
2021-07-07,Sierra,91,2930,64,60,14,74,0
2021-07-07,Siskiyou,93,43540,1966,1908,414,2322,29
2021-07-07,Solano,95,438530,33886,33659,600,34259,268
2021-07-07,Sonoma,97,501317,31422,31172,382,31554,316
2021-07-07,Stanislaus,99,539301,57259,57102,6330,63432,1028
2021-07-07,Sutter,101,95872,9721,9683,96,9779,114
2021-07-07,Tehama,103,63373,5135,5129,626,5755,63
2021-07-07,Trinity,105,12862,373,341,68,409,3
2021-07-07,Tulare,107,460477,49910,49835,9744,59579,853
2021-07-07,Tuolumne,109,53932,4162,4115,37,4152,64
2021-07-07,Ventura,111,848112,81890,81608,3268,84876,1036
2021-07-07,Yolo,113,214977,14335,14236,402,14638,213
2021-07-07,Yuba,115,75493,6281,6233,135,6368,51
2021-07-06,Alameda,1,1643700,90541,89918,2122,92040,1253
2021-07-06,Alpine,3,1148,89,89,0,89,0
2021-07-06,Amador,5,37829,3777,3768,35,3803,47
2021-07-06,Butte,7,227075,12787,12744,1976,14720,201
2021-07-06,Calaveras,9,45235,2225,2211,15,2226,55
2021-07-06,Colusa,11,21464,1971,1967,338,2305,16
2021-07-06,Contra Costa,13,1133247,71774,71262,1407,72669,820
2021-07-06,Del Norte,15,27424,1458,1445,9,1454,8
2021-07-06,El Dorado,17,186661,10538,10484,818,11302,113
2021-07-06,Fresno,19,978130,103021,102616,9148,111764,1727
2021-07-06,Glenn,21,27897,2446,2438,591,3029,20
2021-07-06,Humboldt,23,135768,4597,4565,52,4617,49
2021-07-06,Imperial,25,180216,28793,28693,2886,31579,739
2021-07-06,Inyo,27,18085,1415,1412,4,1416,36
2021-07-06,Kern,29,883053,97588,97491,11711,109202,1346
2021-07-06,Kings,31,150075,23150,23077,1221,24298,245
2021-07-06,Lake,33,64148,3698,3659,13,3672,63
2021-07-06,Lassen,35,31185,5295,5288,124,5412,21
2021-07-06,Los Angeles,37,10098052,1214428,1210965,44791,1255756,24525
2021-07-06,Madera,39,155013,16787,16730,980,17710,241
2021-07-06,Marin,41,260295,14268,14181,275,14456,233
2021-07-06,Mariposa,43,17540,442,442,11,453,5
2021-07-06,Mendocino,45,87422,4231,4143,80,4223,49
2021-07-06,Merced,47,269075,31381,31317,1006,32323,470
2021-07-06,Modoc,49,8938,415,411,147,558,4
2021-07-06,Mono,51,14174,1257,1274,14,1288,3
2021-07-06,Monterey,53,433212,43283,43224,1954,45178,494
2021-07-06,Napa,55,140530,10098,10081,38,10119,81
2021-07-06,Nevada,57,99092,5053,4988,202,5190,72
2021-07-06,Orange,59,3164182,256954,256227,12014,268241,5129
2021-07-06,Placer,61,380077,24023,23876,1661,25537,302
2021-07-06,Plumas,63,18699,726,708,15,723,4
2021-07-06,Riverside,65,2383286,293812,293227,14965,308192,4539
2021-07-06,Sacramento,67,1510023,109500,108850,1952,110802,1679
2021-07-06,San Benito,69,59416,6156,6137,120,6257,63
2021-07-06,San Bernardino,71,2135413,295260,294712,9183,303895,5056
2021-07-06,San Diego,73,3302833,284484,283278,0,283278,3782
2021-07-06,San Francisco,75,870044,37537,37251,1440,38691,558
2021-07-06,San Joaquin,77,732212,74392,74019,3878,77897,1410
2021-07-06,San Luis Obispo,79,281455,21432,21354,803,22157,257
2021-07-06,San Mateo,81,765935,43073,42895,511,43406,541
2021-07-06,Santa Barbara,83,443738,34742,34572,1266,35838,460
2021-07-06,Santa Clara,85,1922200,119580,119194,820,120014,2095
2021-07-06,Santa Cruz,87,273765,16314,16274,878,17152,207
2021-07-06,Shasta,89,179085,12647,12606,1716,14322,205
2021-07-06,Sierra,91,2930,63,60,14,74,0
2021-07-06,Siskiyou,93,43540,1963,1905,410,2315,29
2021-07-06,Solano,95,438530,33836,33619,597,34216,268
2021-07-06,Sonoma,97,501317,31358,31130,381,31511,316
2021-07-06,Stanislaus,99,539301,57197,57120,6318,63438,1029
2021-07-06,Sutter,101,95872,9712,9674,95,9769,114
2021-07-06,Tehama,103,63373,5132,5126,625,5751,63
2021-07-06,Trinity,105,12862,373,341,68,409,3
2021-07-06,Tulare,107,460477,49895,49826,9733,59559,853
2021-07-06,Tuolumne,109,53932,4160,4113,37,4150,64
2021-07-06,Ventura,111,848112,81849,81534,3242,84776,1033
2021-07-06,Yolo,113,214977,14314,14227,397,14624,213
2021-07-06,Yuba,115,75493,6270,6231,135,6366,51
2021-07-05,Alameda,1,1643700,90365,89892,2116,92008,1253
2021-07-05,Alpine,3,1148,89,89,0,89,0
2021-07-05,Amador,5,37829,3775,3768,35,3803,47
2021-07-05,Butte,7,227075,12779,12740,1966,14706,201
2021-07-05,Calaveras,9,45235,2223,2211,15,2226,55
2021-07-05,Colusa,11,21464,1969,1966,337,2303,16
2021-07-05,Contra Costa,13,1133247,71648,71235,1407,72642,820
2021-07-05,Del Norte,15,27424,1454,1446,9,1455,8
2021-07-05,El Dorado,17,186661,10513,10481,818,11299,113
2021-07-05,Fresno,19,978130,102964,102592,9130,111722,1727
2021-07-05,Glenn,21,27897,2443,2438,590,3028,20
2021-07-05,Humboldt,23,135768,4583,4563,52,4615,49
2021-07-05,Imperial,25,180216,28774,28689,2886,31575,739
2021-07-05,Inyo,27,18085,1415,1412,4,1416,36
2021-07-05,Kern,29,883053,97540,97479,11690,109169,1346
2021-07-05,Kings,31,150075,23142,23065,1218,24283,245
2021-07-05,Lake,33,64148,3680,3645,13,3658,63
2021-07-05,Lassen,35,31185,5292,5288,123,5411,21
2021-07-05,Los Angeles,37,10098052,1213249,1210653,44683,1255336,24522
2021-07-05,Madera,39,155013,16777,16722,979,17701,241
2021-07-05,Marin,41,260295,14246,14178,275,14453,233
2021-07-05,Mariposa,43,17540,442,441,11,452,5
2021-07-05,Mendocino,45,87422,4226,4139,80,4219,49
2021-07-05,Merced,47,269075,31361,31312,1006,32318,470
2021-07-05,Modoc,49,8938,415,410,147,557,4
2021-07-05,Mono,51,14174,1257,1273,14,1287,3
2021-07-05,Monterey,53,433212,43263,43218,1949,45167,494
2021-07-05,Napa,55,140530,10092,10074,38,10112,81
2021-07-05,Nevada,57,99092,5035,4980,201,5181,72
2021-07-05,Orange,59,3164182,256757,256173,11995,268168,5129
2021-07-05,Placer,61,380077,23977,23867,1653,25520,302
2021-07-05,Plumas,63,18699,725,708,15,723,4
2021-07-05,Riverside,65,2383286,293618,293193,14952,308145,4539
2021-07-05,Sacramento,67,1510023,109319,108758,1944,110702,1679
2021-07-05,San Benito,69,59416,6149,6137,120,6257,63
2021-07-05,San Bernardino,71,2135413,295101,294647,9176,303823,5037
2021-07-05,San Diego,73,3302833,284123,282834,0,282834,3782
2021-07-05,San Francisco,75,870044,37451,37237,1435,38672,558
2021-07-05,San Joaquin,77,732212,74322,73999,3872,77871,1410
2021-07-05,San Luis Obispo,79,281455,21419,21351,802,22153,257
2021-07-05,San Mateo,81,765935,43021,42876,508,43384,541
2021-07-05,Santa Barbara,83,443738,34722,34569,1266,35835,460
2021-07-05,Santa Clara,85,1922200,119476,119184,818,120002,2095
2021-07-05,Santa Cruz,87,273765,16304,16273,877,17150,208
2021-07-05,Shasta,89,179085,12638,12603,1714,14317,205
2021-07-05,Sierra,91,2930,63,60,14,74,0
2021-07-05,Siskiyou,93,43540,1962,1904,408,2312,29
2021-07-05,Solano,95,438530,33767,33612,591,34203,268
2021-07-05,Sonoma,97,501317,31305,31116,380,31496,316
2021-07-05,Stanislaus,99,539301,57161,57109,6308,63417,1029
2021-07-05,Sutter,101,95872,9700,9667,95,9762,114
2021-07-05,Tehama,103,63373,5131,5125,625,5750,63
2021-07-05,Trinity,105,12862,372,341,67,408,3
2021-07-05,Tulare,107,460477,49877,49818,9730,59548,853
2021-07-05,Tuolumne,109,53932,4156,4112,37,4149,64
2021-07-05,Ventura,111,848112,81800,81519,3221,84740,1033
2021-07-05,Yolo,113,214977,14297,14225,388,14613,213
2021-07-05,Yuba,115,75493,6262,6223,135,6358,51
2021-07-04,Alameda,1,1643700,90198,89683,2111,91794,1253
2021-07-04,Alpine,3,1148,89,89,0,89,0
2021-07-04,Amador,5,37829,3774,3758,35,3793,46
2021-07-04,Butte,7,227075,12769,12684,1966,14650,201
2021-07-04,Calaveras,9,45235,2223,2200,15,2215,55
2021-07-04,Colusa,11,21464,1969,1969,337,2306,15
2021-07-04,Contra Costa,13,1133247,71543,70941,1402,72343,818
2021-07-04,Del Norte,15,27424,1451,1439,9,1448,8
2021-07-04,El Dorado,17,186661,10504,10433,817,11250,113
2021-07-04,Fresno,19,978130,102920,102512,9111,111623,1727
2021-07-04,Glenn,21,27897,2441,2442,589,3031,20
2021-07-04,Humboldt,23,135768,4575,4530,52,4582,49
2021-07-04,Imperial,25,180216,28768,28661,2886,31547,739
2021-07-04,Inyo,27,18085,1415,1412,4,1416,35
2021-07-04,Kern,29,883053,97522,97421,11680,109101,1347
2021-07-04,Kings,31,150075,23135,23051,1218,24269,245
2021-07-04,Lake,33,64148,3670,3623,13,3636,62
2021-07-04,Lassen,35,31185,5291,5277,123,5400,20
2021-07-04,Los Angeles,37,10098052,1212408,1208705,44587,1253292,24506
2021-07-04,Madera,39,155013,16765,16696,977,17673,240
2021-07-04,Marin,41,260295,14232,14143,275,14418,233
2021-07-04,Mariposa,43,17540,442,441,11,452,5
2021-07-04,Mendocino,45,87422,4216,4122,80,4202,49
2021-07-04,Merced,47,269075,31350,31297,1006,32303,469
2021-07-04,Modoc,49,8938,415,410,147,557,4
2021-07-04,Mono,51,14174,1257,1275,14,1289,3
2021-07-04,Monterey,53,433212,43247,43212,1948,45160,492
2021-07-04,Napa,55,140530,10084,10045,37,10082,81
2021-07-04,Nevada,57,99092,5026,4966,201,5167,72
2021-07-04,Orange,59,3164182,256586,255823,11974,267797,5126
2021-07-04,Placer,61,380077,23940,23764,1646,25410,299
2021-07-04,Plumas,63,18699,725,707,15,722,4
2021-07-04,Riverside,65,2383286,293459,293260,14944,308204,4536
2021-07-04,Sacramento,67,1510023,109155,108257,1939,110196,1676
2021-07-04,San Benito,69,59416,6142,6108,120,6228,63
2021-07-04,San Bernardino,71,2135413,294942,294294,9169,303463,5003
2021-07-04,San Diego,73,3302833,283898,282692,0,282692,3780
2021-07-04,San Francisco,75,870044,37397,37107,1428,38535,558
2021-07-04,San Joaquin,77,732212,74255,73841,3864,77705,1409
2021-07-04,San Luis Obispo,79,281455,21413,21330,801,22131,256
2021-07-04,San Mateo,81,765935,42988,42691,508,43199,541
2021-07-04,Santa Barbara,83,443738,34700,34526,1265,35791,456
2021-07-04,Santa Clara,85,1922200,119386,118966,817,119783,2090
2021-07-04,Santa Cruz,87,273765,16293,16254,877,17131,208
2021-07-04,Shasta,89,179085,12634,12582,1713,14295,204
2021-07-04,Sierra,91,2930,62,60,14,74,0
2021-07-04,Siskiyou,93,43540,1958,1899,407,2306,29
2021-07-04,Solano,95,438530,33726,33486,589,34075,268
2021-07-04,Sonoma,97,501317,31275,31000,379,31379,316
2021-07-04,Stanislaus,99,539301,57138,57018,6302,63320,1018
2021-07-04,Sutter,101,95872,9689,9644,95,9739,114
2021-07-04,Tehama,103,63373,5127,5124,625,5749,63
2021-07-04,Trinity,105,12862,371,341,67,408,3
2021-07-04,Tulare,107,460477,49867,49789,9727,59516,853
2021-07-04,Tuolumne,109,53932,4148,4113,37,4150,64
2021-07-04,Ventura,111,848112,81743,81425,3210,84635,1033
2021-07-04,Yolo,113,214977,14278,14188,385,14573,213
2021-07-04,Yuba,115,75493,6254,6197,135,6332,51
2021-07-03,Alameda,1,1643700,90117,89683,2104,91787,1253
2021-07-03,Alpine,3,1148,89,89,0,89,0
2021-07-03,Amador,5,37829,3774,3758,35,3793,46
2021-07-03,Butte,7,227075,12765,12684,1965,14649,201
2021-07-03,Calaveras,9,45235,2222,2200,15,2215,55
2021-07-03,Colusa,11,21464,1969,1969,336,2305,15
2021-07-03,Contra Costa,13,1133247,71484,70941,1399,72340,818
2021-07-03,Del Norte,15,27424,1448,1439,9,1448,8
2021-07-03,El Dorado,17,186661,10497,10433,815,11248,113
2021-07-03,Fresno,19,978130,102895,102512,9102,111614,1727
2021-07-03,Glenn,21,27897,2441,2442,589,3031,20
2021-07-03,Humboldt,23,135768,4570,4530,52,4582,49
2021-07-03,Imperial,25,180216,28758,28661,2886,31547,739
2021-07-03,Inyo,27,18085,1415,1412,4,1416,35
2021-07-03,Kern,29,883053,97502,97421,11672,109093,1347
2021-07-03,Kings,31,150075,23135,23051,1217,24268,245
2021-07-03,Lake,33,64148,3660,3623,13,3636,62
2021-07-03,Lassen,35,31185,5290,5277,123,5400,20
2021-07-03,Los Angeles,37,10098052,1211983,1208705,44557,1253262,24506
2021-07-03,Madera,39,155013,16757,16696,974,17670,240
2021-07-03,Marin,41,260295,14228,14143,275,14418,233
2021-07-03,Mariposa,43,17540,442,441,11,452,5
2021-07-03,Mendocino,45,87422,4215,4122,80,4202,49
2021-07-03,Merced,47,269075,31337,31297,1005,32302,469
2021-07-03,Modoc,49,8938,414,410,147,557,4
2021-07-03,Mono,51,14174,1256,1275,14,1289,3
2021-07-03,Monterey,53,433212,43235,43212,1945,45157,492
2021-07-03,Napa,55,140530,10079,10045,37,10082,81
2021-07-03,Nevada,57,99092,5012,4966,201,5167,72
2021-07-03,Orange,59,3164182,256502,255823,11967,267790,5126
2021-07-03,Placer,61,380077,23921,23764,1643,25407,299
2021-07-03,Plumas,63,18699,725,707,15,722,4
2021-07-03,Riverside,65,2383286,293368,293260,14939,308199,4536
2021-07-03,Sacramento,67,1510023,109080,108257,1936,110193,1676
2021-07-03,San Benito,69,59416,6135,6108,120,6228,63
2021-07-03,San Bernardino,71,2135413,294855,294294,9166,303460,5003
2021-07-03,San Diego,73,3302833,283766,282692,0,282692,3780
2021-07-03,San Francisco,75,870044,37356,37107,1425,38532,558
2021-07-03,San Joaquin,77,732212,74220,73841,3858,77699,1409
2021-07-03,San Luis Obispo,79,281455,21401,21330,801,22131,256
2021-07-03,San Mateo,81,765935,42963,42691,507,43198,541
2021-07-03,Santa Barbara,83,443738,34691,34526,1264,35790,456
2021-07-03,Santa Clara,85,1922200,119340,118966,817,119783,2090
2021-07-03,Santa Cruz,87,273765,16286,16254,877,17131,208
2021-07-03,Shasta,89,179085,12630,12582,1711,14293,204
2021-07-03,Sierra,91,2930,62,60,14,74,0
2021-07-03,Siskiyou,93,43540,1957,1899,406,2305,29
2021-07-03,Solano,95,438530,33684,33486,589,34075,268
2021-07-03,Sonoma,97,501317,31241,31000,379,31379,316
2021-07-03,Stanislaus,99,539301,57124,57018,6294,63312,1018
2021-07-03,Sutter,101,95872,9679,9644,95,9739,114
2021-07-03,Tehama,103,63373,5125,5124,625,5749,63
2021-07-03,Trinity,105,12862,371,341,67,408,3
2021-07-03,Tulare,107,460477,49861,49789,9721,59510,853
2021-07-03,Tuolumne,109,53932,4147,4113,37,4150,64
2021-07-03,Ventura,111,848112,81713,81425,3202,84627,1033
2021-07-03,Yolo,113,214977,14268,14188,382,14570,213
2021-07-03,Yuba,115,75493,6248,6197,135,6332,51
2021-07-02,Alameda,1,1643700,90035,89683,2103,91786,1253
2021-07-02,Alpine,3,1148,89,89,0,89,0
2021-07-02,Amador,5,37829,3772,3758,35,3793,46
2021-07-02,Butte,7,227075,12758,12684,1965,14649,201
2021-07-02,Calaveras,9,45235,2221,2200,15,2215,55
2021-07-02,Colusa,11,21464,1968,1969,335,2304,15
2021-07-02,Contra Costa,13,1133247,71414,70941,1395,72336,818
2021-07-02,Del Norte,15,27424,1448,1439,9,1448,8
2021-07-02,El Dorado,17,186661,10489,10433,815,11248,113
2021-07-02,Fresno,19,978130,102865,102512,9096,111608,1727
2021-07-02,Glenn,21,27897,2440,2442,588,3030,20
2021-07-02,Humboldt,23,135768,4567,4530,51,4581,49
2021-07-02,Imperial,25,180216,28752,28661,2885,31546,739
2021-07-02,Inyo,27,18085,1415,1412,4,1416,35
2021-07-02,Kern,29,883053,97484,97421,11663,109084,1347
2021-07-02,Kings,31,150075,23125,23051,1217,24268,245
2021-07-02,Lake,33,64148,3654,3623,13,3636,62
2021-07-02,Lassen,35,31185,5290,5277,123,5400,20
2021-07-02,Los Angeles,37,10098052,1211512,1208705,44518,1253223,24506
2021-07-02,Madera,39,155013,16748,16696,973,17669,240
2021-07-02,Marin,41,260295,14223,14143,275,14418,233
2021-07-02,Mariposa,43,17540,442,441,11,452,5
2021-07-02,Mendocino,45,87422,4211,4122,79,4201,49
2021-07-02,Merced,47,269075,31328,31297,1005,32302,469
2021-07-02,Modoc,49,8938,414,410,147,557,4
2021-07-02,Mono,51,14174,1255,1275,14,1289,3
2021-07-02,Monterey,53,433212,43227,43212,1944,45156,492
2021-07-02,Napa,55,140530,10074,10045,37,10082,81
2021-07-02,Nevada,57,99092,5003,4966,201,5167,72
2021-07-02,Orange,59,3164182,256390,255823,11960,267783,5126
2021-07-02,Placer,61,380077,23904,23764,1636,25400,299
2021-07-02,Plumas,63,18699,725,707,15,722,4
2021-07-02,Riverside,65,2383286,293271,293260,14934,308194,4536
2021-07-02,Sacramento,67,1510023,108999,108257,1935,110192,1676
2021-07-02,San Benito,69,59416,6132,6108,120,6228,63
2021-07-02,San Bernardino,71,2135413,294762,294294,9164,303458,5003
2021-07-02,San Diego,73,3302833,283620,282692,0,282692,3780
2021-07-02,San Francisco,75,870044,37309,37107,1423,38530,558
2021-07-02,San Joaquin,77,732212,74188,73841,3852,77693,1409
2021-07-02,San Luis Obispo,79,281455,21395,21330,800,22130,256
2021-07-02,San Mateo,81,765935,42927,42691,507,43198,541
2021-07-02,Santa Barbara,83,443738,34681,34526,1264,35790,456
2021-07-02,Santa Clara,85,1922200,119262,118966,817,119783,2090
2021-07-02,Santa Cruz,87,273765,16282,16254,877,17131,208
2021-07-02,Shasta,89,179085,12626,12582,1711,14293,204
2021-07-02,Sierra,91,2930,61,60,14,74,0
2021-07-02,Siskiyou,93,43540,1954,1899,405,2304,29
2021-07-02,Solano,95,438530,33659,33486,589,34075,268
2021-07-02,Sonoma,97,501317,31218,31000,379,31379,316
2021-07-02,Stanislaus,99,539301,57102,57018,6293,63311,1018
2021-07-02,Sutter,101,95872,9674,9644,95,9739,114
2021-07-02,Tehama,103,63373,5123,5124,623,5747,63
2021-07-02,Trinity,105,12862,371,341,67,408,3
2021-07-02,Tulare,107,460477,49851,49789,9713,59502,853
2021-07-02,Tuolumne,109,53932,4144,4113,37,4150,64
2021-07-02,Ventura,111,848112,81671,81425,3194,84619,1033
2021-07-02,Yolo,113,214977,14253,14188,380,14568,213
2021-07-02,Yuba,115,75493,6240,6197,135,6332,51
2021-07-01,Alameda,1,1643700,89930,89683,2101,91784,1253
2021-07-01,Alpine,3,1148,89,89,0,89,0
2021-07-01,Amador,5,37829,3771,3758,35,3793,46
2021-07-01,Butte,7,227075,12746,12684,1963,14647,201
2021-07-01,Calaveras,9,45235,2219,2200,15,2215,55
2021-07-01,Colusa,11,21464,1968,1969,333,2302,15
2021-07-01,Contra Costa,13,1133247,71343,70941,1394,72335,818
2021-07-01,Del Norte,15,27424,1447,1439,9,1448,8
2021-07-01,El Dorado,17,186661,10477,10433,815,11248,113
2021-07-01,Fresno,19,978130,102826,102512,9091,111603,1727
2021-07-01,Glenn,21,27897,2440,2442,588,3030,20
2021-07-01,Humboldt,23,135768,4565,4530,51,4581,49
2021-07-01,Imperial,25,180216,28735,28661,2885,31546,739
2021-07-01,Inyo,27,18085,1415,1412,4,1416,35
2021-07-01,Kern,29,883053,97458,97421,11652,109073,1347
2021-07-01,Kings,31,150075,23111,23051,1217,24268,245
2021-07-01,Lake,33,64148,3651,3623,13,3636,62
2021-07-01,Lassen,35,31185,5288,5277,123,5400,20
2021-07-01,Los Angeles,37,10098052,1210916,1208705,44462,1253167,24506
2021-07-01,Madera,39,155013,16739,16696,972,17668,240
2021-07-01,Marin,41,260295,14219,14143,275,14418,233
2021-07-01,Mariposa,43,17540,442,441,11,452,5
2021-07-01,Mendocino,45,87422,4207,4122,78,4200,49
2021-07-01,Merced,47,269075,31322,31297,1005,32302,469
2021-07-01,Modoc,49,8938,414,410,147,557,4
2021-07-01,Mono,51,14174,1254,1275,14,1289,3
2021-07-01,Monterey,53,433212,43219,43212,1940,45152,492
2021-07-01,Napa,55,140530,10068,10045,37,10082,81
2021-07-01,Nevada,57,99092,4998,4966,201,5167,72
2021-07-01,Orange,59,3164182,256272,255823,11941,267764,5126
2021-07-01,Placer,61,380077,23886,23764,1633,25397,299
2021-07-01,Plumas,63,18699,722,707,13,720,4
2021-07-01,Riverside,65,2383286,293163,293260,14928,308188,4536
2021-07-01,Sacramento,67,1510023,108878,108257,1928,110185,1676
2021-07-01,San Benito,69,59416,6128,6108,120,6228,63
2021-07-01,San Bernardino,71,2135413,294640,294294,9158,303452,5003
2021-07-01,San Diego,73,3302833,283443,282692,0,282692,3780
2021-07-01,San Francisco,75,870044,37273,37107,1421,38528,558
2021-07-01,San Joaquin,77,732212,74137,73841,3848,77689,1409
2021-07-01,San Luis Obispo,79,281455,21380,21330,799,22129,256
2021-07-01,San Mateo,81,765935,42897,42691,506,43197,541
2021-07-01,Santa Barbara,83,443738,34670,34526,1264,35790,456
2021-07-01,Santa Clara,85,1922200,119213,118966,817,119783,2090
2021-07-01,Santa Cruz,87,273765,16278,16254,877,17131,208
2021-07-01,Shasta,89,179085,12618,12582,1710,14292,204
2021-07-01,Sierra,91,2930,61,60,14,74,0
2021-07-01,Siskiyou,93,43540,1954,1899,405,2304,29
2021-07-01,Solano,95,438530,33618,33486,588,34074,268
2021-07-01,Sonoma,97,501317,31173,31000,379,31379,316
2021-07-01,Stanislaus,99,539301,57079,57018,6289,63307,1018
2021-07-01,Sutter,101,95872,9665,9644,95,9739,114
2021-07-01,Tehama,103,63373,5123,5124,622,5746,63
2021-07-01,Trinity,105,12862,371,341,67,408,3
2021-07-01,Tulare,107,460477,49842,49789,9706,59495,853
2021-07-01,Tuolumne,109,53932,4137,4113,37,4150,64
2021-07-01,Ventura,111,848112,81640,81425,3183,84608,1033
2021-07-01,Yolo,113,214977,14238,14188,378,14566,213
2021-07-01,Yuba,115,75493,6233,6197,135,6332,51
2021-06-30,Alameda,1,1643700,89842,89597,2095,91692,1256
2021-06-30,Alpine,3,1148,89,89,0,89,0
2021-06-30,Amador,5,37829,3769,3756,35,3791,46
2021-06-30,Butte,7,227075,12739,12676,1954,14630,201
2021-06-30,Calaveras,9,45235,2215,2198,15,2213,55
2021-06-30,Colusa,11,21464,1966,1967,330,2297,15
2021-06-30,Contra Costa,13,1133247,71279,70869,1391,72260,818
2021-06-30,Del Norte,15,27424,1442,1435,9,1444,8
2021-06-30,El Dorado,17,186661,10458,10420,815,11235,113
2021-06-30,Fresno,19,978130,102790,102490,9088,111578,1727
2021-06-30,Glenn,21,27897,2438,2440,588,3028,20
2021-06-30,Humboldt,23,135768,4549,4522,49,4571,49
2021-06-30,Imperial,25,180216,28727,28651,2885,31536,739
2021-06-30,Inyo,27,18085,1415,1409,4,1413,35
2021-06-30,Kern,29,883053,97420,97267,11640,108907,1348
2021-06-30,Kings,31,150075,23106,23038,1216,24254,245
2021-06-30,Lake,33,64148,3638,3601,13,3614,56
2021-06-30,Lassen,35,31185,5283,5269,123,5392,20
2021-06-30,Los Angeles,37,10098052,1210249,1208246,44417,1252663,24499
2021-06-30,Madera,39,155013,16732,16688,970,17658,240
2021-06-30,Marin,41,260295,14211,14133,273,14406,232
2021-06-30,Mariposa,43,17540,441,441,11,452,5
2021-06-30,Mendocino,45,87422,4197,4115,78,4193,49
2021-06-30,Merced,47,269075,31312,31286,1005,32291,469
2021-06-30,Modoc,49,8938,414,410,147,557,4
2021-06-30,Mono,51,14174,1254,1275,14,1289,3
2021-06-30,Monterey,53,433212,43214,43209,1938,45147,492
2021-06-30,Napa,55,140530,10060,10039,37,10076,81
2021-06-30,Nevada,57,99092,4987,4958,201,5159,72
2021-06-30,Orange,59,3164182,256145,255764,11931,267695,5125
2021-06-30,Placer,61,380077,23861,23721,1629,25350,299
2021-06-30,Plumas,63,18699,722,705,13,718,4
2021-06-30,Riverside,65,2383286,293051,293280,14916,308196,4535
2021-06-30,Sacramento,67,1510023,108740,108137,1923,110060,1676
2021-06-30,San Benito,69,59416,6124,6105,120,6225,63
2021-06-30,San Bernardino,71,2135413,294490,294211,9153,303364,4975
2021-06-30,San Diego,73,3302833,283307,282583,0,282583,3780
2021-06-30,San Francisco,75,870044,37224,37065,1416,38481,558
2021-06-30,San Joaquin,77,732212,74077,73777,3846,77623,1409
2021-06-30,San Luis Obispo,79,281455,21367,21326,798,22124,256
2021-06-30,San Mateo,81,765935,42860,42599,505,43104,537
2021-06-30,Santa Barbara,83,443738,34654,34521,1264,35785,456
2021-06-30,Santa Clara,85,1922200,119166,118930,814,119744,2090
2021-06-30,Santa Cruz,87,273765,16273,16250,877,17127,208
2021-06-30,Shasta,89,179085,12612,12564,1710,14274,204
2021-06-30,Sierra,91,2930,61,60,14,74,0
2021-06-30,Siskiyou,93,43540,1952,1900,402,2302,29
2021-06-30,Solano,95,438530,33580,33453,586,34039,268
2021-06-30,Sonoma,97,501317,31143,30947,379,31326,316
2021-06-30,Stanislaus,99,539301,57057,56997,6288,63285,1018
2021-06-30,Sutter,101,95872,9655,9638,95,9733,114
2021-06-30,Tehama,103,63373,5121,5124,622,5746,63
2021-06-30,Trinity,105,12862,371,341,67,408,3
2021-06-30,Tulare,107,460477,49831,49764,9695,59459,853
2021-06-30,Tuolumne,109,53932,4134,4112,37,4149,64
2021-06-30,Ventura,111,848112,81597,81392,3178,84570,1032
2021-06-30,Yolo,113,214977,14232,14178,375,14553,213
2021-06-30,Yuba,115,75493,6225,6191,135,6326,51
2021-06-29,Alameda,1,1643700,89738,89519,2094,91613,1257
2021-06-29,Alpine,3,1148,89,89,0,89,0
2021-06-29,Amador,5,37829,3765,3754,35,3789,46
2021-06-29,Butte,7,227075,12731,12669,1954,14623,201
2021-06-29,Calaveras,9,45235,2210,2198,15,2213,55
2021-06-29,Colusa,11,21464,1964,1967,330,2297,15
2021-06-29,Contra Costa,13,1133247,71205,70775,1391,72166,817
2021-06-29,Del Norte,15,27424,1441,1435,9,1444,8
2021-06-29,El Dorado,17,186661,10445,10403,811,11214,113
2021-06-29,Fresno,19,978130,102756,102464,9085,111549,1725
2021-06-29,Glenn,21,27897,2437,2439,588,3027,20
2021-06-29,Humboldt,23,135768,4545,4514,48,4562,49
2021-06-29,Imperial,25,180216,28718,28645,2884,31529,737
2021-06-29,Inyo,27,18085,1415,1408,4,1412,35
2021-06-29,Kern,29,883053,97399,97173,11633,108806,1347
2021-06-29,Kings,31,150075,23097,23035,1215,24250,245
2021-06-29,Lake,33,64148,3632,3594,13,3607,56
2021-06-29,Lassen,35,31185,5276,5268,123,5391,20
2021-06-29,Los Angeles,37,10098052,1209647,1207895,44381,1252276,24498
2021-06-29,Madera,39,155013,16728,16680,969,17649,240
2021-06-29,Marin,41,260295,14199,14127,273,14400,232
2021-06-29,Mariposa,43,17540,441,441,11,452,5
2021-06-29,Mendocino,45,87422,4194,4107,77,4184,49
2021-06-29,Merced,47,269075,31300,31277,1005,32282,469
2021-06-29,Modoc,49,8938,413,408,147,555,3
2021-06-29,Mono,51,14174,1254,1275,14,1289,3
2021-06-29,Monterey,53,433212,43204,43196,1936,45132,471
2021-06-29,Napa,55,140530,10054,10033,37,10070,81
2021-06-29,Nevada,57,99092,4980,4952,201,5153,72
2021-06-29,Orange,59,3164182,256048,255686,11916,267602,5124
2021-06-29,Placer,61,380077,23842,23693,1627,25320,299
2021-06-29,Plumas,63,18699,722,704,13,717,4
2021-06-29,Riverside,65,2383286,292952,292962,14909,307871,4524
2021-06-29,Sacramento,67,1510023,108587,108067,1920,109987,1677
2021-06-29,San Benito,69,59416,6113,6099,120,6219,63
2021-06-29,San Bernardino,71,2135413,294381,294118,9151,303269,4940
2021-06-29,San Diego,73,3302833,283153,282499,0,282499,3780
2021-06-29,San Francisco,75,870044,37186,37041,1413,38454,558
2021-06-29,San Joaquin,77,732212,74029,73724,3843,77567,1409
2021-06-29,San Luis Obispo,79,281455,21358,21324,796,22120,256
2021-06-29,San Mateo,81,765935,42829,42540,503,43043,540
2021-06-29,Santa Barbara,83,443738,34644,34507,1263,35770,455
2021-06-29,Santa Clara,85,1922200,119111,118893,813,119706,2090
2021-06-29,Santa Cruz,87,273765,16268,16249,877,17126,208
2021-06-29,Shasta,89,179085,12600,12564,1709,14273,204
2021-06-29,Sierra,91,2930,61,59,14,73,0
2021-06-29,Siskiyou,93,43540,1949,1897,398,2295,29
2021-06-29,Solano,95,438530,33547,33440,584,34024,268
2021-06-29,Sonoma,97,501317,31101,30950,377,31327,316
2021-06-29,Stanislaus,99,539301,57029,56980,6281,63261,1018
2021-06-29,Sutter,101,95872,9644,9634,95,9729,114
2021-06-29,Tehama,103,63373,5121,5124,622,5746,63
2021-06-29,Trinity,105,12862,371,341,67,408,3
2021-06-29,Tulare,107,460477,49818,49751,9690,59441,852
2021-06-29,Tuolumne,109,53932,4132,4111,37,4148,64
2021-06-29,Ventura,111,848112,81561,81363,3172,84535,1032
2021-06-29,Yolo,113,214977,14220,14171,374,14545,213
2021-06-29,Yuba,115,75493,6215,6188,135,6323,51
2021-06-28,Alameda,1,1643700,89645,89638,2092,91730,1259
2021-06-28,Alpine,3,1148,89,89,0,89,0
2021-06-28,Amador,5,37829,3764,3753,35,3788,46
2021-06-28,Butte,7,227075,12722,12697,1952,14649,198
2021-06-28,Calaveras,9,45235,2207,2203,15,2218,55
2021-06-28,Colusa,11,21464,1963,1974,329,2303,15
2021-06-28,Contra Costa,13,1133247,71131,70807,1389,72196,816
2021-06-28,Del Norte,15,27424,1441,1436,9,1445,8
2021-06-28,El Dorado,17,186661,10435,10422,807,11229,115
2021-06-28,Fresno,19,978130,102725,103121,9083,112204,1727
2021-06-28,Glenn,21,27897,2437,2439,588,3027,20
2021-06-28,Humboldt,23,135768,4538,4520,47,4567,49
2021-06-28,Imperial,25,180216,28710,28981,2883,31864,741
2021-06-28,Inyo,27,18085,1412,1407,4,1411,35
2021-06-28,Kern,29,883053,97380,97252,11628,108880,1348
2021-06-28,Kings,31,150075,23091,23134,1215,24349,246
2021-06-28,Lake,33,64148,3623,3591,13,3604,56
2021-06-28,Lassen,35,31185,5274,5268,123,5391,20
2021-06-28,Los Angeles,37,10098052,1209132,1207714,44343,1252057,24496
2021-06-28,Madera,39,155013,16718,16683,968,17651,240
2021-06-28,Marin,41,260295,14184,14186,273,14459,232
2021-06-28,Mariposa,43,17540,441,440,11,451,5
2021-06-28,Mendocino,45,87422,4186,4102,76,4178,49
2021-06-28,Merced,47,269075,31288,31277,1005,32282,469
2021-06-28,Modoc,49,8938,413,411,146,557,3
2021-06-28,Mono,51,14174,1254,1276,14,1290,3
2021-06-28,Monterey,53,433212,43200,43202,1935,45137,462
2021-06-28,Napa,55,140530,10045,10050,36,10086,81
2021-06-28,Nevada,57,99092,4976,4951,201,5152,72
2021-06-28,Orange,59,3164182,255961,255755,11903,267658,5123
2021-06-28,Placer,61,380077,23821,23756,1622,25378,299
2021-06-28,Plumas,63,18699,720,704,13,717,4
2021-06-28,Riverside,65,2383286,292826,292647,14898,307545,4507
2021-06-28,Sacramento,67,1510023,108454,108342,1916,110258,1675
2021-06-28,San Benito,69,59416,6111,6101,120,6221,63
2021-06-28,San Bernardino,71,2135413,294279,294151,9146,303297,4928
2021-06-28,San Diego,73,3302833,282992,282417,0,282417,3780
2021-06-28,San Francisco,75,870044,37150,37372,1411,38783,559
2021-06-28,San Joaquin,77,732212,73980,73973,3838,77811,1411
2021-06-28,San Luis Obispo,79,281455,21354,21340,795,22135,256
2021-06-28,San Mateo,81,765935,42796,42927,502,43429,540
2021-06-28,Santa Barbara,83,443738,34637,34534,1261,35795,455
2021-06-28,Santa Clara,85,1922200,119047,120377,812,121189,2103
2021-06-28,Santa Cruz,87,273765,16263,16245,877,17122,208
2021-06-28,Shasta,89,179085,12596,12642,1707,14349,203
2021-06-28,Sierra,91,2930,61,58,14,72,0
2021-06-28,Siskiyou,93,43540,1948,1896,398,2294,29
2021-06-28,Solano,95,438530,33511,33524,582,34106,267
2021-06-28,Sonoma,97,501317,31064,31137,376,31513,315
2021-06-28,Stanislaus,99,539301,57010,57047,6277,63324,1018
2021-06-28,Sutter,101,95872,9640,9682,95,9777,114
2021-06-28,Tehama,103,63373,5119,5122,622,5744,63
2021-06-28,Trinity,105,12862,371,341,67,408,3
2021-06-28,Tulare,107,460477,49809,49751,9685,59436,850
2021-06-28,Tuolumne,109,53932,4125,4121,37,4158,64
2021-06-28,Ventura,111,848112,81504,81393,3167,84560,1032
2021-06-28,Yolo,113,214977,14211,14199,371,14570,213
2021-06-28,Yuba,115,75493,6210,6207,135,6342,51
2021-06-27,Alameda,1,1643700,89560,89611,2088,91699,1259
2021-06-27,Alpine,3,1148,89,89,0,89,0
2021-06-27,Amador,5,37829,3763,3752,35,3787,46
2021-06-27,Butte,7,227075,12713,12696,1951,14647,198
2021-06-27,Calaveras,9,45235,2206,2203,15,2218,55
2021-06-27,Colusa,11,21464,1963,1974,329,2303,15
2021-06-27,Contra Costa,13,1133247,71044,70762,1385,72147,816
2021-06-27,Del Norte,15,27424,1438,1436,9,1445,8
2021-06-27,El Dorado,17,186661,10423,10418,804,11222,115
2021-06-27,Fresno,19,978130,102696,103110,9081,112191,1727
2021-06-27,Glenn,21,27897,2436,2439,587,3026,20
2021-06-27,Humboldt,23,135768,4526,4513,44,4557,49
2021-06-27,Imperial,25,180216,28696,28987,2883,31870,741
2021-06-27,Inyo,27,18085,1412,1407,4,1411,35
2021-06-27,Kern,29,883053,97355,97249,11621,108870,1348
2021-06-27,Kings,31,150075,23081,23132,1215,24347,246
2021-06-27,Lake,33,64148,3616,3581,13,3594,56
2021-06-27,Lassen,35,31185,5273,5265,123,5388,20
2021-06-27,Los Angeles,37,10098052,1208589,1207461,44303,1251764,24493
2021-06-27,Madera,39,155013,16710,16680,968,17648,240
2021-06-27,Marin,41,260295,14175,14182,273,14455,232
2021-06-27,Mariposa,43,17540,441,440,11,451,5
2021-06-27,Mendocino,45,87422,4179,4100,76,4176,49
2021-06-27,Merced,47,269075,31276,31266,1005,32271,469
2021-06-27,Modoc,49,8938,413,411,146,557,3
2021-06-27,Mono,51,14174,1254,1279,14,1293,3
2021-06-27,Monterey,53,433212,43187,43199,1935,45134,462
2021-06-27,Napa,55,140530,10039,10046,36,10082,81
2021-06-27,Nevada,57,99092,4970,4946,201,5147,72
2021-06-27,Orange,59,3164182,255849,255710,11892,267602,5123
2021-06-27,Placer,61,380077,23788,23731,1619,25350,299
2021-06-27,Plumas,63,18699,720,704,13,717,4
2021-06-27,Riverside,65,2383286,292725,292641,14892,307533,4507
2021-06-27,Sacramento,67,1510023,108321,108279,1912,110191,1675
2021-06-27,San Benito,69,59416,6105,6101,120,6221,63
2021-06-27,San Bernardino,71,2135413,294165,294115,9145,303260,4927
2021-06-27,San Diego,73,3302833,282855,282359,0,282359,3780
2021-06-27,San Francisco,75,870044,37113,37360,1410,38770,559
2021-06-27,San Joaquin,77,732212,73944,73960,3836,77796,1411
2021-06-27,San Luis Obispo,79,281455,21347,21340,794,22134,256
2021-06-27,San Mateo,81,765935,42768,42925,499,43424,539
2021-06-27,Santa Barbara,83,443738,34622,34533,1258,35791,455
2021-06-27,Santa Clara,85,1922200,118995,120352,810,121162,2103
2021-06-27,Santa Cruz,87,273765,16254,16241,877,17118,208
2021-06-27,Shasta,89,179085,12590,12640,1706,14346,203
2021-06-27,Sierra,91,2930,61,58,14,72,0
2021-06-27,Siskiyou,93,43540,1946,1896,397,2293,29
2021-06-27,Solano,95,438530,33483,33516,582,34098,267
2021-06-27,Sonoma,97,501317,31026,31129,376,31505,315
2021-06-27,Stanislaus,99,539301,56963,57021,6274,63295,1018
2021-06-27,Sutter,101,95872,9634,9678,95,9773,114
2021-06-27,Tehama,103,63373,5115,5122,622,5744,63
2021-06-27,Trinity,105,12862,371,341,66,407,3
2021-06-27,Tulare,107,460477,49797,49749,9678,59427,850
2021-06-27,Tuolumne,109,53932,4123,4121,37,4158,64
2021-06-27,Ventura,111,848112,81470,81361,3158,84519,1032
2021-06-27,Yolo,113,214977,14196,14194,368,14562,213
2021-06-27,Yuba,115,75493,6204,6205,135,6340,51
2021-06-26,Alameda,1,1643700,89503,89560,2087,91647,1259
2021-06-26,Alpine,3,1148,89,89,0,89,0
2021-06-26,Amador,5,37829,3763,3748,35,3783,46
2021-06-26,Butte,7,227075,12709,12693,1948,14641,198
2021-06-26,Calaveras,9,45235,2204,2202,15,2217,55
2021-06-26,Colusa,11,21464,1963,1973,329,2302,15
2021-06-26,Contra Costa,13,1133247,71001,70712,1384,72096,816
2021-06-26,Del Norte,15,27424,1437,1432,9,1441,8
2021-06-26,El Dorado,17,186661,10415,10414,803,11217,115
2021-06-26,Fresno,19,978130,102676,103091,9079,112170,1727
2021-06-26,Glenn,21,27897,2434,2441,587,3028,20
2021-06-26,Humboldt,23,135768,4523,4509,44,4553,49
2021-06-26,Imperial,25,180216,28692,28970,2883,31853,741
2021-06-26,Inyo,27,18085,1412,1407,4,1411,35
2021-06-26,Kern,29,883053,97329,97239,11612,108851,1348
2021-06-26,Kings,31,150075,23077,23128,1214,24342,246
2021-06-26,Lake,33,64148,3606,3576,13,3589,56
2021-06-26,Lassen,35,31185,5270,5263,123,5386,20
2021-06-26,Los Angeles,37,10098052,1208287,1207198,44267,1251465,24490
2021-06-26,Madera,39,155013,16703,16679,967,17646,240
2021-06-26,Marin,41,260295,14166,14180,273,14453,232
2021-06-26,Mariposa,43,17540,441,440,11,451,5
2021-06-26,Mendocino,45,87422,4177,4096,76,4172,49
2021-06-26,Merced,47,269075,31270,31259,1004,32263,469
2021-06-26,Modoc,49,8938,413,411,146,557,3
2021-06-26,Mono,51,14174,1254,1279,14,1293,3
2021-06-26,Monterey,53,433212,43184,43192,1935,45127,462
2021-06-26,Napa,55,140530,10033,10043,36,10079,81
2021-06-26,Nevada,57,99092,4965,4939,201,5140,72
2021-06-26,Orange,59,3164182,255774,255640,11885,267525,5123
2021-06-26,Placer,61,380077,23774,23702,1617,25319,299
2021-06-26,Plumas,63,18699,720,704,13,717,4
2021-06-26,Riverside,65,2383286,292668,292480,14886,307366,4505
2021-06-26,Sacramento,67,1510023,108252,108179,1910,110089,1675
2021-06-26,San Benito,69,59416,6101,6100,120,6220,63
2021-06-26,San Bernardino,71,2135413,294073,294034,9140,303174,4928
2021-06-26,San Diego,73,3302833,282770,282263,0,282263,3780
2021-06-26,San Francisco,75,870044,37081,37348,1409,38757,559
2021-06-26,San Joaquin,77,732212,73916,73928,3835,77763,1411
2021-06-26,San Luis Obispo,79,281455,21346,21330,793,22123,256
2021-06-26,San Mateo,81,765935,42747,42898,499,43397,539
2021-06-26,Santa Barbara,83,443738,34613,34525,1258,35783,455
2021-06-26,Santa Clara,85,1922200,118962,120321,810,121131,2103
2021-06-26,Santa Cruz,87,273765,16251,16239,877,17116,208
2021-06-26,Shasta,89,179085,12586,12635,1702,14337,203
2021-06-26,Sierra,91,2930,61,58,14,72,0
2021-06-26,Siskiyou,93,43540,1945,1896,396,2292,29
2021-06-26,Solano,95,438530,33465,33489,580,34069,267
2021-06-26,Sonoma,97,501317,30998,31088,376,31464,315
2021-06-26,Stanislaus,99,539301,56942,57006,6272,63278,1018
2021-06-26,Sutter,101,95872,9633,9669,95,9764,114
2021-06-26,Tehama,103,63373,5115,5119,622,5741,63
2021-06-26,Trinity,105,12862,371,341,66,407,3
2021-06-26,Tulare,107,460477,49791,49745,9678,59423,850
2021-06-26,Tuolumne,109,53932,4123,4121,37,4158,64
2021-06-26,Ventura,111,848112,81446,81352,3157,84509,1032
2021-06-26,Yolo,113,214977,14187,14184,368,14552,213
2021-06-26,Yuba,115,75493,6201,6200,135,6335,51
2021-06-25,Alameda,1,1643700,89437,89453,2084,91537,1271
2021-06-25,Alpine,3,1148,89,89,0,89,0
2021-06-25,Amador,5,37829,3762,3746,35,3781,46
2021-06-25,Butte,7,227075,12704,12682,1945,14627,198
2021-06-25,Calaveras,9,45235,2203,2201,15,2216,55
2021-06-25,Colusa,11,21464,1963,1972,329,2301,15
2021-06-25,Contra Costa,13,1133247,70965,70659,1384,72043,815
2021-06-25,Del Norte,15,27424,1437,1426,9,1435,8
2021-06-25,El Dorado,17,186661,10407,10406,800,11206,115
2021-06-25,Fresno,19,978130,102659,103073,9075,112148,1727
2021-06-25,Glenn,21,27897,2434,2441,587,3028,20
2021-06-25,Humboldt,23,135768,4517,4503,42,4545,49
2021-06-25,Imperial,25,180216,28689,28968,2883,31851,740
2021-06-25,Inyo,27,18085,1411,1406,4,1410,35
2021-06-25,Kern,29,883053,97310,97182,11608,108790,1347
2021-06-25,Kings,31,150075,23071,23118,1214,24332,246
2021-06-25,Lake,33,64148,3600,3571,13,3584,56
2021-06-25,Lassen,35,31185,5269,5259,123,5382,20
2021-06-25,Los Angeles,37,10098052,1208013,1206909,44248,1251157,24483
2021-06-25,Madera,39,155013,16700,16670,967,17637,240
2021-06-25,Marin,41,260295,14163,14179,273,14452,232
2021-06-25,Mariposa,43,17540,441,440,11,451,5
2021-06-25,Mendocino,45,87422,4174,4089,76,4165,49
2021-06-25,Merced,47,269075,31262,31256,1004,32260,467
2021-06-25,Modoc,49,8938,413,411,146,557,3
2021-06-25,Mono,51,14174,1254,1279,14,1293,3
2021-06-25,Monterey,53,433212,43179,43184,1934,45118,462
2021-06-25,Napa,55,140530,10028,10037,36,10073,81
2021-06-25,Nevada,57,99092,4962,4932,201,5133,72
2021-06-25,Orange,59,3164182,255707,255574,11882,267456,5119
2021-06-25,Placer,61,380077,23755,23672,1616,25288,299
2021-06-25,Plumas,63,18699,720,702,12,714,4
2021-06-25,Riverside,65,2383286,292602,291663,14880,306543,4490
2021-06-25,Sacramento,67,1510023,108178,108034,1906,109940,1673
2021-06-25,San Benito,69,59416,6097,6098,120,6218,63
2021-06-25,San Bernardino,71,2135413,294018,293941,9138,303079,4911
2021-06-25,San Diego,73,3302833,282710,282157,0,282157,3779
2021-06-25,San Francisco,75,870044,37058,37338,1408,38746,559
2021-06-25,San Joaquin,77,732212,73883,73860,3833,77693,1410
2021-06-25,San Luis Obispo,79,281455,21343,21325,792,22117,256
2021-06-25,San Mateo,81,765935,42729,42849,499,43348,537
2021-06-25,Santa Barbara,83,443738,34605,34518,1257,35775,454
2021-06-25,Santa Clara,85,1922200,118942,120272,810,121082,2103
2021-06-25,Santa Cruz,87,273765,16248,16230,877,17107,208
2021-06-25,Shasta,89,179085,12576,12633,1701,14334,202
2021-06-25,Sierra,91,2930,61,58,14,72,0
2021-06-25,Siskiyou,93,43540,1944,1894,396,2290,29
2021-06-25,Solano,95,438530,33445,33449,580,34029,267
2021-06-25,Sonoma,97,501317,30975,31043,376,31419,314
2021-06-25,Stanislaus,99,539301,56923,56973,6265,63238,1018
2021-06-25,Sutter,101,95872,9626,9664,95,9759,114
2021-06-25,Tehama,103,63373,5114,5119,622,5741,63
2021-06-25,Trinity,105,12862,371,338,66,404,3
2021-06-25,Tulare,107,460477,49785,49731,9674,59405,850
2021-06-25,Tuolumne,109,53932,4122,4121,37,4158,64
2021-06-25,Ventura,111,848112,81417,81342,3151,84493,1032
2021-06-25,Yolo,113,214977,14181,14172,368,14540,213
2021-06-25,Yuba,115,75493,6197,6195,135,6330,51
2021-06-24,Alameda,1,1643700,89363,89358,2080,91438,1268
2021-06-24,Alpine,3,1148,89,89,0,89,0
2021-06-24,Amador,5,37829,3758,3745,35,3780,46
2021-06-24,Butte,7,227075,12698,12673,1943,14616,198
2021-06-24,Calaveras,9,45235,2199,2202,15,2217,55
2021-06-24,Colusa,11,21464,1962,1972,329,2301,15
2021-06-24,Contra Costa,13,1133247,70906,70590,1384,71974,813
2021-06-24,Del Norte,15,27424,1436,1421,9,1430,8
2021-06-24,El Dorado,17,186661,10400,10402,800,11202,115
2021-06-24,Fresno,19,978130,102640,103061,9072,112133,1727
2021-06-24,Glenn,21,27897,2433,2439,587,3026,20
2021-06-24,Humboldt,23,135768,4512,4493,42,4535,49
2021-06-24,Imperial,25,180216,28686,28981,2883,31864,740
2021-06-24,Inyo,27,18085,1410,1406,4,1410,35
2021-06-24,Kern,29,883053,97291,97129,11595,108724,1346
2021-06-24,Kings,31,150075,23067,23114,1212,24326,246
2021-06-24,Lake,33,64148,3594,3571,13,3584,56
2021-06-24,Lassen,35,31185,5268,5258,123,5381,20
2021-06-24,Los Angeles,37,10098052,1207690,1206590,44224,1250814,24480
2021-06-24,Madera,39,155013,16689,16662,967,17629,240
2021-06-24,Marin,41,260295,14159,14180,273,14453,232
2021-06-24,Mariposa,43,17540,441,440,11,451,5
2021-06-24,Mendocino,45,87422,4166,4085,76,4161,49
2021-06-24,Merced,47,269075,31251,31248,1004,32252,466
2021-06-24,Modoc,49,8938,413,411,146,557,3
2021-06-24,Mono,51,14174,1254,1276,14,1290,3
2021-06-24,Monterey,53,433212,43172,43180,1934,45114,451
2021-06-24,Napa,55,140530,10026,10036,36,10072,80
2021-06-24,Nevada,57,99092,4960,4927,201,5128,72
2021-06-24,Orange,59,3164182,255643,255520,11874,267394,5117
2021-06-24,Placer,61,380077,23730,23659,1614,25273,299
2021-06-24,Plumas,63,18699,719,702,12,714,4
2021-06-24,Riverside,65,2383286,292522,291067,14873,305940,4473
2021-06-24,Sacramento,67,1510023,108090,107965,1904,109869,1672
2021-06-24,San Benito,69,59416,6094,6098,120,6218,63
2021-06-24,San Bernardino,71,2135413,293948,293895,9132,303027,4898
2021-06-24,San Diego,73,3302833,282605,282053,0,282053,3778
2021-06-24,San Francisco,75,870044,37036,37320,1406,38726,559
2021-06-24,San Joaquin,77,732212,73835,73814,3833,77647,1408
2021-06-24,San Luis Obispo,79,281455,21337,21326,792,22118,256
2021-06-24,San Mateo,81,765935,42703,42814,498,43312,542
2021-06-24,Santa Barbara,83,443738,34599,34512,1256,35768,454
2021-06-24,Santa Clara,85,1922200,118912,120274,809,121083,2103
2021-06-24,Santa Cruz,87,273765,16247,16227,877,17104,208
2021-06-24,Shasta,89,179085,12571,12629,1697,14326,202
2021-06-24,Sierra,91,2930,61,58,14,72,0
2021-06-24,Siskiyou,93,43540,1944,1892,396,2288,28
2021-06-24,Solano,95,438530,33423,33432,578,34010,267
2021-06-24,Sonoma,97,501317,30946,31020,376,31396,314
2021-06-24,Stanislaus,99,539301,56892,56946,6264,63210,1018
2021-06-24,Sutter,101,95872,9619,9660,95,9755,113
2021-06-24,Tehama,103,63373,5111,5115,622,5737,63
2021-06-24,Trinity,105,12862,370,338,66,404,3
2021-06-24,Tulare,107,460477,49775,49730,9671,59401,850
2021-06-24,Tuolumne,109,53932,4120,4120,37,4157,64
2021-06-24,Ventura,111,848112,81389,81332,3150,84482,1032
2021-06-24,Yolo,113,214977,14173,14169,364,14533,213
2021-06-24,Yuba,115,75493,6192,6195,135,6330,51
2021-06-23,Alameda,1,1643700,89291,89338,2079,91417,1266
2021-06-23,Alpine,3,1148,89,88,0,88,0
2021-06-23,Amador,5,37829,3756,3743,35,3778,46
2021-06-23,Butte,7,227075,12691,12666,1943,14609,198
2021-06-23,Calaveras,9,45235,2198,2199,15,2214,55
2021-06-23,Colusa,11,21464,1961,1972,329,2301,15
2021-06-23,Contra Costa,13,1133247,70841,70526,1383,71909,813
2021-06-23,Del Norte,15,27424,1432,1418,9,1427,8
2021-06-23,El Dorado,17,186661,10391,10395,797,11192,115
2021-06-23,Fresno,19,978130,102610,103020,9070,112090,1724
2021-06-23,Glenn,21,27897,2433,2437,586,3023,20
2021-06-23,Humboldt,23,135768,4503,4490,42,4532,48
2021-06-23,Imperial,25,180216,28679,28908,2883,31791,740
2021-06-23,Inyo,27,18085,1410,1406,4,1410,35
2021-06-23,Kern,29,883053,97264,97078,11582,108660,1345
2021-06-23,Kings,31,150075,23060,23105,1210,24315,245
2021-06-23,Lake,33,64148,3585,3566,13,3579,53
2021-06-23,Lassen,35,31185,5265,5257,123,5380,20
2021-06-23,Los Angeles,37,10098052,1207353,1206358,44213,1250571,24472
2021-06-23,Madera,39,155013,16684,16660,967,17627,240
2021-06-23,Marin,41,260295,14153,14177,273,14450,230
2021-06-23,Mariposa,43,17540,441,439,11,450,5
2021-06-23,Mendocino,45,87422,4162,4078,76,4154,49
2021-06-23,Merced,47,269075,31242,31260,1004,32264,465
2021-06-23,Modoc,49,8938,411,407,146,553,3
2021-06-23,Mono,51,14174,1254,1279,14,1293,3
2021-06-23,Monterey,53,433212,43163,43166,1934,45100,439
2021-06-23,Napa,55,140530,10017,10032,36,10068,80
2021-06-23,Nevada,57,99092,4957,4924,201,5125,72
2021-06-23,Orange,59,3164182,255578,255479,11866,267345,5116
2021-06-23,Placer,61,380077,23702,23630,1607,25237,299
2021-06-23,Plumas,63,18699,718,701,12,713,4
2021-06-23,Riverside,65,2383286,292439,290343,14871,305214,4462
2021-06-23,Sacramento,67,1510023,107996,107868,1899,109767,1671
2021-06-23,San Benito,69,59416,6090,6097,120,6217,63
2021-06-23,San Bernardino,71,2135413,293871,293816,9128,302944,4886
2021-06-23,San Diego,73,3302833,282505,281937,0,281937,3777
2021-06-23,San Francisco,75,870044,37012,37304,1405,38709,559
2021-06-23,San Joaquin,77,732212,73796,73764,3831,77595,1405
2021-06-23,San Luis Obispo,79,281455,21333,21323,791,22114,257
2021-06-23,San Mateo,81,765935,42687,42756,497,43253,542
2021-06-23,Santa Barbara,83,443738,34589,34505,1256,35761,454
2021-06-23,Santa Clara,85,1922200,118883,120233,809,121042,2098
2021-06-23,Santa Cruz,87,273765,16243,16215,877,17092,209
2021-06-23,Shasta,89,179085,12564,12604,1695,14299,202
2021-06-23,Sierra,91,2930,61,57,14,71,0
2021-06-23,Siskiyou,93,43540,1942,1892,396,2288,28
2021-06-23,Solano,95,438530,33379,33408,578,33986,267
2021-06-23,Sonoma,97,501317,30906,30959,374,31333,314
2021-06-23,Stanislaus,99,539301,56859,56926,6263,63189,1017
2021-06-23,Sutter,101,95872,9613,9653,95,9748,113
2021-06-23,Tehama,103,63373,5111,5119,621,5740,63
2021-06-23,Trinity,105,12862,370,338,66,404,3
2021-06-23,Tulare,107,460477,49769,49711,9666,59377,850
2021-06-23,Tuolumne,109,53932,4117,4120,37,4157,64
2021-06-23,Ventura,111,848112,81366,81312,3147,84459,1032
2021-06-23,Yolo,113,214977,14163,14161,364,14525,212
2021-06-23,Yuba,115,75493,6189,6190,135,6325,51
2021-06-22,Alameda,1,1643700,89222,89308,2079,91387,1263
2021-06-22,Alpine,3,1148,89,88,0,88,0
2021-06-22,Amador,5,37829,3753,3743,35,3778,46
2021-06-22,Butte,7,227075,12687,12662,1941,14603,198
2021-06-22,Calaveras,9,45235,2197,2198,15,2213,55
2021-06-22,Colusa,11,21464,1960,1971,329,2300,15
2021-06-22,Contra Costa,13,1133247,70785,70480,1382,71862,813
2021-06-22,Del Norte,15,27424,1429,1417,9,1426,8
2021-06-22,El Dorado,17,186661,10386,10380,796,11176,113
2021-06-22,Fresno,19,978130,102592,102996,9066,112062,1724
2021-06-22,Glenn,21,27897,2432,2435,584,3019,19
2021-06-22,Humboldt,23,135768,4493,4483,42,4525,42
2021-06-22,Imperial,25,180216,28674,28880,2883,31763,740
2021-06-22,Inyo,27,18085,1410,1405,4,1409,35
2021-06-22,Kern,29,883053,97250,97013,11578,108591,1342
2021-06-22,Kings,31,150075,23052,23098,1209,24307,245
2021-06-22,Lake,33,64148,3583,3564,13,3577,45
2021-06-22,Lassen,35,31185,5260,5254,123,5377,20
2021-06-22,Los Angeles,37,10098052,1207042,1206146,44201,1250347,24461
2021-06-22,Madera,39,155013,16679,16652,967,17619,240
2021-06-22,Marin,41,260295,14151,14174,273,14447,230
2021-06-22,Mariposa,43,17540,441,439,11,450,5
2021-06-22,Mendocino,45,87422,4156,4072,76,4148,49
2021-06-22,Merced,47,269075,31231,31267,1004,32271,464
2021-06-22,Modoc,49,8938,410,405,145,550,3
2021-06-22,Mono,51,14174,1254,1277,14,1291,3
2021-06-22,Monterey,53,433212,43160,43162,1933,45095,427
2021-06-22,Napa,55,140530,10012,10029,36,10065,80
2021-06-22,Nevada,57,99092,4951,4923,201,5124,72
2021-06-22,Orange,59,3164182,255513,255452,11856,267308,5114
2021-06-22,Placer,61,380077,23681,23603,1607,25210,299
2021-06-22,Plumas,63,18699,718,697,12,709,4
2021-06-22,Riverside,65,2383286,292378,289839,14867,304706,4456
2021-06-22,Sacramento,67,1510023,107895,107801,1894,109695,1670
2021-06-22,San Benito,69,59416,6089,6098,120,6218,63
2021-06-22,San Bernardino,71,2135413,293794,293770,9122,302892,4873
2021-06-22,San Diego,73,3302833,282401,281867,0,281867,3771
2021-06-22,San Francisco,75,870044,36998,37287,1405,38692,556
2021-06-22,San Joaquin,77,732212,73766,73723,3830,77553,1405
2021-06-22,San Luis Obispo,79,281455,21330,21321,790,22111,257
2021-06-22,San Mateo,81,765935,42674,42725,491,43216,542
2021-06-22,Santa Barbara,83,443738,34578,34500,1255,35755,454
2021-06-22,Santa Clara,85,1922200,118851,120194,809,121003,2095
2021-06-22,Santa Cruz,87,273765,16238,16218,877,17095,209
2021-06-22,Shasta,89,179085,12554,12616,1691,14307,202
2021-06-22,Sierra,91,2930,60,57,14,71,0
2021-06-22,Siskiyou,93,43540,1942,1892,396,2288,28
2021-06-22,Solano,95,438530,33361,33397,577,33974,267
2021-06-22,Sonoma,97,501317,30866,30933,374,31307,314
2021-06-22,Stanislaus,99,539301,56839,56915,6261,63176,1017
2021-06-22,Sutter,101,95872,9606,9649,95,9744,113
2021-06-22,Tehama,103,63373,5109,5118,620,5738,63
2021-06-22,Trinity,105,12862,368,337,66,403,3
2021-06-22,Tulare,107,460477,49761,49706,9661,59367,850
2021-06-22,Tuolumne,109,53932,4115,4119,37,4156,64
2021-06-22,Ventura,111,848112,81352,81300,3146,84446,1032
2021-06-22,Yolo,113,214977,14158,14157,362,14519,212
2021-06-22,Yuba,115,75493,6185,6181,135,6316,51
2021-06-21,Alameda,1,1643700,89161,89281,2078,91359,1262
2021-06-21,Alpine,3,1148,89,88,0,88,0
2021-06-21,Amador,5,37829,3747,3742,35,3777,46
2021-06-21,Butte,7,227075,12681,12668,1939,14607,195
2021-06-21,Calaveras,9,45235,2196,2194,15,2209,55
2021-06-21,Colusa,11,21464,1959,1970,328,2298,15
2021-06-21,Contra Costa,13,1133247,70715,70439,1380,71819,813
2021-06-21,Del Norte,15,27424,1425,1416,9,1425,8
2021-06-21,El Dorado,17,186661,10380,10375,795,11170,113
2021-06-21,Fresno,19,978130,102573,102971,9063,112034,1724
2021-06-21,Glenn,21,27897,2431,2433,584,3017,19
2021-06-21,Humboldt,23,135768,4484,4478,41,4519,42
2021-06-21,Imperial,25,180216,28670,28855,2883,31738,740
2021-06-21,Inyo,27,18085,1409,1405,4,1409,35
2021-06-21,Kern,29,883053,97221,96995,11569,108564,1342
2021-06-21,Kings,31,150075,23045,23091,1205,24296,245
2021-06-21,Lake,33,64148,3577,3563,13,3576,45
2021-06-21,Lassen,35,31185,5258,5233,123,5356,19
2021-06-21,Los Angeles,37,10098052,1206755,1205994,44176,1250170,24459
2021-06-21,Madera,39,155013,16670,16647,966,17613,240
2021-06-21,Marin,41,260295,14147,14173,273,14446,230
2021-06-21,Mariposa,43,17540,441,439,11,450,5
2021-06-21,Mendocino,45,87422,4153,4085,76,4161,49
2021-06-21,Merced,47,269075,31221,31264,1003,32267,465
2021-06-21,Modoc,49,8938,410,405,145,550,3
2021-06-21,Mono,51,14174,1254,1277,14,1291,3
2021-06-21,Monterey,53,433212,43157,43157,1933,45090,427
2021-06-21,Napa,55,140530,10008,10028,36,10064,80
2021-06-21,Nevada,57,99092,4947,4921,201,5122,72
2021-06-21,Orange,59,3164182,255446,255400,11848,267248,5113
2021-06-21,Placer,61,380077,23656,23577,1607,25184,298
2021-06-21,Plumas,63,18699,716,697,12,709,4
2021-06-21,Riverside,65,2383286,292304,289797,14862,304659,4456
2021-06-21,Sacramento,67,1510023,107784,107757,1893,109650,1669
2021-06-21,San Benito,69,59416,6085,6098,120,6218,63
2021-06-21,San Bernardino,71,2135413,293706,293736,9117,302853,4850
2021-06-21,San Diego,73,3302833,282295,281811,0,281811,3771
2021-06-21,San Francisco,75,870044,36982,37275,1404,38679,556
2021-06-21,San Joaquin,77,732212,73725,73687,3829,77516,1405
2021-06-21,San Luis Obispo,79,281455,21321,21316,790,22106,257
2021-06-21,San Mateo,81,765935,42656,42685,490,43175,542
2021-06-21,Santa Barbara,83,443738,34573,34492,1255,35747,455
2021-06-21,Santa Clara,85,1922200,118819,120192,808,121000,2093
2021-06-21,Santa Cruz,87,273765,16236,16212,877,17089,208
2021-06-21,Shasta,89,179085,12541,12617,1688,14305,201
2021-06-21,Sierra,91,2930,60,57,14,71,0
2021-06-21,Siskiyou,93,43540,1942,1892,396,2288,27
2021-06-21,Solano,95,438530,33338,33383,575,33958,266
2021-06-21,Sonoma,97,501317,30845,30912,374,31286,314
2021-06-21,Stanislaus,99,539301,56809,56891,6256,63147,1017
2021-06-21,Sutter,101,95872,9605,9649,95,9744,113
2021-06-21,Tehama,103,63373,5109,5115,619,5734,63
2021-06-21,Trinity,105,12862,368,337,66,403,3
2021-06-21,Tulare,107,460477,49753,49689,9654,59343,849
2021-06-21,Tuolumne,109,53932,4111,4119,37,4156,63
2021-06-21,Ventura,111,848112,81324,81291,3142,84433,1031
2021-06-21,Yolo,113,214977,14152,14165,362,14527,212
2021-06-21,Yuba,115,75493,6184,6172,135,6307,51
2021-06-20,Alameda,1,1643700,89098,89255,2078,91333,1263
2021-06-20,Alpine,3,1148,89,88,0,88,0
2021-06-20,Amador,5,37829,3744,3740,35,3775,46
2021-06-20,Butte,7,227075,12674,12668,1938,14606,194
2021-06-20,Calaveras,9,45235,2194,2193,15,2208,55
2021-06-20,Colusa,11,21464,1959,1970,328,2298,15
2021-06-20,Contra Costa,13,1133247,70658,70401,1378,71779,813
2021-06-20,Del Norte,15,27424,1421,1416,9,1425,8
2021-06-20,El Dorado,17,186661,10366,10372,793,11165,113
2021-06-20,Fresno,19,978130,102533,102947,9059,112006,1724
2021-06-20,Glenn,21,27897,2431,2434,584,3018,19
2021-06-20,Humboldt,23,135768,4478,4472,41,4513,42
2021-06-20,Imperial,25,180216,28661,28855,2883,31738,740
2021-06-20,Inyo,27,18085,1408,1405,4,1409,35
2021-06-20,Kern,29,883053,97200,96985,11558,108543,1342
2021-06-20,Kings,31,150075,23040,23088,1203,24291,245
2021-06-20,Lake,33,64148,3575,3563,13,3576,45
2021-06-20,Lassen,35,31185,5255,5230,123,5353,19
2021-06-20,Los Angeles,37,10098052,1206462,1205874,44166,1250040,24456
2021-06-20,Madera,39,155013,16662,16638,965,17603,240
2021-06-20,Marin,41,260295,14144,14166,273,14439,230
2021-06-20,Mariposa,43,17540,439,439,11,450,5
2021-06-20,Mendocino,45,87422,4146,4080,76,4156,49
2021-06-20,Merced,47,269075,31209,31265,1003,32268,465
2021-06-20,Modoc,49,8938,410,405,145,550,3
2021-06-20,Mono,51,14174,1254,1275,14,1289,3
2021-06-20,Monterey,53,433212,43148,43156,1932,45088,427
2021-06-20,Napa,55,140530,10001,10026,35,10061,80
2021-06-20,Nevada,57,99092,4940,4919,201,5120,72
2021-06-20,Orange,59,3164182,255384,255377,11837,267214,5113
2021-06-20,Placer,61,380077,23623,23562,1603,25165,298
2021-06-20,Plumas,63,18699,715,697,12,709,4
2021-06-20,Riverside,65,2383286,292229,289770,14852,304622,4456
2021-06-20,Sacramento,67,1510023,107676,107700,1890,109590,1669
2021-06-20,San Benito,69,59416,6085,6098,120,6218,63
2021-06-20,San Bernardino,71,2135413,293608,293713,9114,302827,4845
2021-06-20,San Diego,73,3302833,282189,281750,0,281750,3771
2021-06-20,San Francisco,75,870044,36961,37269,1404,38673,556
2021-06-20,San Joaquin,77,732212,73682,73676,3821,77497,1405
2021-06-20,San Luis Obispo,79,281455,21319,21313,790,22103,257
2021-06-20,San Mateo,81,765935,42628,42681,490,43171,542
2021-06-20,Santa Barbara,83,443738,34564,34487,1255,35742,455
2021-06-20,Santa Clara,85,1922200,118784,120163,808,120971,2093
2021-06-20,Santa Cruz,87,273765,16229,16210,877,17087,208
2021-06-20,Shasta,89,179085,12536,12617,1686,14303,201
2021-06-20,Sierra,91,2930,60,57,14,71,0
2021-06-20,Siskiyou,93,43540,1941,1891,396,2287,27
2021-06-20,Solano,95,438530,33316,33361,573,33934,266
2021-06-20,Sonoma,97,501317,30799,30884,370,31254,314
2021-06-20,Stanislaus,99,539301,56774,56868,6255,63123,1017
2021-06-20,Sutter,101,95872,9602,9645,95,9740,113
2021-06-20,Tehama,103,63373,5105,5115,619,5734,63
2021-06-20,Trinity,105,12862,368,337,66,403,3
2021-06-20,Tulare,107,460477,49744,49685,9652,59337,849
2021-06-20,Tuolumne,109,53932,4108,4117,37,4154,63
2021-06-20,Ventura,111,848112,81308,81282,3140,84422,1031
2021-06-20,Yolo,113,214977,14145,14160,362,14522,212
2021-06-20,Yuba,115,75493,6177,6167,135,6302,51
2021-06-19,Alameda,1,1643700,89065,89202,2078,91280,1263
2021-06-19,Alpine,3,1148,89,88,0,88,0
2021-06-19,Amador,5,37829,3742,3739,35,3774,46
2021-06-19,Butte,7,227075,12670,12659,1938,14597,194
2021-06-19,Calaveras,9,45235,2194,2192,15,2207,55
2021-06-19,Colusa,11,21464,1959,1969,328,2297,15
2021-06-19,Contra Costa,13,1133247,70624,70334,1377,71711,813
2021-06-19,Del Norte,15,27424,1420,1416,9,1425,8
2021-06-19,El Dorado,17,186661,10365,10363,792,11155,113
2021-06-19,Fresno,19,978130,102520,102922,9056,111978,1724
2021-06-19,Glenn,21,27897,2430,2434,583,3017,19
2021-06-19,Humboldt,23,135768,4467,4463,41,4504,42
2021-06-19,Imperial,25,180216,28660,28813,2883,31696,740
2021-06-19,Inyo,27,18085,1408,1405,4,1409,35
2021-06-19,Kern,29,883053,97184,96966,11554,108520,1342
2021-06-19,Kings,31,150075,23037,23086,1203,24289,245
2021-06-19,Lake,33,64148,3571,3563,13,3576,45
2021-06-19,Lassen,35,31185,5254,5225,123,5348,19
2021-06-19,Los Angeles,37,10098052,1206265,1205602,44151,1249753,24454
2021-06-19,Madera,39,155013,16660,16632,965,17597,240
2021-06-19,Marin,41,260295,14136,14152,273,14425,230
2021-06-19,Mariposa,43,17540,439,439,11,450,5
2021-06-19,Mendocino,45,87422,4140,4077,76,4153,49
2021-06-19,Merced,47,269075,31207,31256,1003,32259,465
2021-06-19,Modoc,49,8938,409,402,145,547,3
2021-06-19,Mono,51,14174,1254,1275,14,1289,3
2021-06-19,Monterey,53,433212,43142,43153,1932,45085,427
2021-06-19,Napa,55,140530,9997,10025,35,10060,80
2021-06-19,Nevada,57,99092,4935,4910,201,5111,72
2021-06-19,Orange,59,3164182,255339,255329,11833,267162,5112
2021-06-19,Placer,61,380077,23606,23537,1600,25137,298
2021-06-19,Plumas,63,18699,714,697,12,709,4
2021-06-19,Riverside,65,2383286,292188,289720,14852,304572,4456
2021-06-19,Sacramento,67,1510023,107633,107631,1887,109518,1669
2021-06-19,San Benito,69,59416,6084,6098,120,6218,63
2021-06-19,San Bernardino,71,2135413,293565,293673,9111,302784,4844
2021-06-19,San Diego,73,3302833,282129,281682,0,281682,3771
2021-06-19,San Francisco,75,870044,36949,37256,1403,38659,556
2021-06-19,San Joaquin,77,732212,73666,73652,3817,77469,1405
2021-06-19,San Luis Obispo,79,281455,21317,21308,790,22098,257
2021-06-19,San Mateo,81,765935,42614,42646,488,43134,542
2021-06-19,Santa Barbara,83,443738,34562,34472,1255,35727,455
2021-06-19,Santa Clara,85,1922200,118761,120110,807,120917,2093
2021-06-19,Santa Cruz,87,273765,16225,16206,877,17083,208
2021-06-19,Shasta,89,179085,12534,12615,1685,14300,201
2021-06-19,Sierra,91,2930,60,57,14,71,0
2021-06-19,Siskiyou,93,43540,1941,1891,395,2286,27
2021-06-19,Solano,95,438530,33306,33341,572,33913,266
2021-06-19,Sonoma,97,501317,30758,30841,369,31210,314
2021-06-19,Stanislaus,99,539301,56755,56847,6252,63099,1017
2021-06-19,Sutter,101,95872,9599,9645,95,9740,113
2021-06-19,Tehama,103,63373,5104,5115,619,5734,63
2021-06-19,Trinity,105,12862,368,337,66,403,3
2021-06-19,Tulare,107,460477,49737,49681,9647,59328,849
2021-06-19,Tuolumne,109,53932,4108,4117,37,4154,63
2021-06-19,Ventura,111,848112,81295,81270,3139,84409,1031
2021-06-19,Yolo,113,214977,14141,14156,361,14517,212
2021-06-19,Yuba,115,75493,6176,6157,135,6292,51
2021-06-18,Alameda,1,1643700,89027,89123,2078,91201,1263
2021-06-18,Alpine,3,1148,89,88,0,88,0
2021-06-18,Amador,5,37829,3742,3739,35,3774,46
2021-06-18,Butte,7,227075,12667,12653,1935,14588,194
2021-06-18,Calaveras,9,45235,2194,2191,15,2206,55
2021-06-18,Colusa,11,21464,1958,1969,328,2297,15
2021-06-18,Contra Costa,13,1133247,70583,70271,1375,71646,813
2021-06-18,Del Norte,15,27424,1420,1415,9,1424,8
2021-06-18,El Dorado,17,186661,10363,10348,790,11138,113
2021-06-18,Fresno,19,978130,102504,102894,9054,111948,1722
2021-06-18,Glenn,21,27897,2429,2430,583,3013,19
2021-06-18,Humboldt,23,135768,4459,4450,41,4491,42
2021-06-18,Imperial,25,180216,28658,28809,2883,31692,740
2021-06-18,Inyo,27,18085,1408,1405,4,1409,35
2021-06-18,Kern,29,883053,97173,96948,11548,108496,1341
2021-06-18,Kings,31,150075,23032,23082,1203,24285,245
2021-06-18,Lake,33,64148,3567,3563,13,3576,45
2021-06-18,Lassen,35,31185,5253,5224,123,5347,19
2021-06-18,Los Angeles,37,10098052,1206109,1205472,44133,1249605,24451
2021-06-18,Madera,39,155013,16654,16625,965,17590,241
2021-06-18,Marin,41,260295,14133,14147,273,14420,230
2021-06-18,Mariposa,43,17540,439,439,11,450,5
2021-06-18,Mendocino,45,87422,4135,4068,76,4144,49
2021-06-18,Merced,47,269075,31205,31262,1003,32265,464
2021-06-18,Modoc,49,8938,409,402,145,547,3
2021-06-18,Mono,51,14174,1253,1275,13,1288,3
2021-06-18,Monterey,53,433212,43139,43148,1932,45080,427
2021-06-18,Napa,55,140530,9993,10021,35,10056,80
2021-06-18,Nevada,57,99092,4927,4903,201,5104,72
2021-06-18,Orange,59,3164182,255303,255274,11830,267104,5108
2021-06-18,Placer,61,380077,23597,23500,1597,25097,298
2021-06-18,Plumas,63,18699,714,697,12,709,4
2021-06-18,Riverside,65,2383286,292139,289676,14851,304527,4457
2021-06-18,Sacramento,67,1510023,107585,107570,1887,109457,1669
2021-06-18,San Benito,69,59416,6083,6097,120,6217,63
2021-06-18,San Bernardino,71,2135413,293523,293629,9106,302735,4826
2021-06-18,San Diego,73,3302833,282053,281608,0,281608,3771
2021-06-18,San Francisco,75,870044,36940,37246,1403,38649,556
2021-06-18,San Joaquin,77,732212,73648,73623,3815,77438,1403
2021-06-18,San Luis Obispo,79,281455,21313,21301,789,22090,257
2021-06-18,San Mateo,81,765935,42603,42630,487,43117,542
2021-06-18,Santa Barbara,83,443738,34552,34469,1255,35724,455
2021-06-18,Santa Clara,85,1922200,118740,120081,806,120887,2093
2021-06-18,Santa Cruz,87,273765,16221,16202,877,17079,208
2021-06-18,Shasta,89,179085,12530,12607,1683,14290,201
2021-06-18,Sierra,91,2930,59,57,14,71,0
2021-06-18,Siskiyou,93,43540,1941,1890,395,2285,27
2021-06-18,Solano,95,438530,33292,33323,572,33895,266
2021-06-18,Sonoma,97,501317,30741,30816,367,31183,313
2021-06-18,Stanislaus,99,539301,56740,56803,6250,63053,1012
2021-06-18,Sutter,101,95872,9596,9643,95,9738,113
2021-06-18,Tehama,103,63373,5102,5114,619,5733,63
2021-06-18,Trinity,105,12862,368,337,65,402,3
2021-06-18,Tulare,107,460477,49735,49664,9640,59304,849
2021-06-18,Tuolumne,109,53932,4106,4116,37,4153,63
2021-06-18,Ventura,111,848112,81285,81256,3135,84391,1031
2021-06-18,Yolo,113,214977,14138,14148,359,14507,212
2021-06-18,Yuba,115,75493,6170,6150,135,6285,51
2021-06-17,Alameda,1,1643700,88980,89087,2078,91165,1262
2021-06-17,Alpine,3,1148,89,88,0,88,0
2021-06-17,Amador,5,37829,3740,3731,35,3766,46
2021-06-17,Butte,7,227075,12657,12644,1934,14578,194
2021-06-17,Calaveras,9,45235,2193,2189,15,2204,55
2021-06-17,Colusa,11,21464,1957,1969,328,2297,15
2021-06-17,Contra Costa,13,1133247,70544,70190,1372,71562,810
2021-06-17,Del Norte,15,27424,1418,1413,9,1422,8
2021-06-17,El Dorado,17,186661,10353,10341,790,11131,113
2021-06-17,Fresno,19,978130,102478,102867,9050,111917,1722
2021-06-17,Glenn,21,27897,2429,2430,583,3013,19
2021-06-17,Humboldt,23,135768,4450,4438,41,4479,42
2021-06-17,Imperial,25,180216,28650,28801,2883,31684,741
2021-06-17,Inyo,27,18085,1408,1405,4,1409,35
2021-06-17,Kern,29,883053,97158,96840,11541,108381,1340
2021-06-17,Kings,31,150075,23028,23078,1202,24280,245
2021-06-17,Lake,33,64148,3564,3563,9,3572,45
2021-06-17,Lassen,35,31185,5249,5223,123,5346,19
2021-06-17,Los Angeles,37,10098052,1205900,1205301,44103,1249404,24444
2021-06-17,Madera,39,155013,16649,16618,965,17583,241
2021-06-17,Marin,41,260295,14133,14141,273,14414,229
2021-06-17,Mariposa,43,17540,439,439,11,450,5
2021-06-17,Mendocino,45,87422,4128,4054,76,4130,49
2021-06-17,Merced,47,269075,31200,31262,1003,32265,464
2021-06-17,Modoc,49,8938,408,401,145,546,3
2021-06-17,Mono,51,14174,1252,1275,13,1288,3
2021-06-17,Monterey,53,433212,43132,43140,1932,45072,416
2021-06-17,Napa,55,140530,9993,10014,35,10049,80
2021-06-17,Nevada,57,99092,4923,4898,201,5099,72
2021-06-17,Orange,59,3164182,255261,255240,11818,267058,5109
2021-06-17,Placer,61,380077,23581,23461,1595,25056,298
2021-06-17,Plumas,63,18699,713,697,12,709,4
2021-06-17,Riverside,65,2383286,292086,289627,14848,304475,4458
2021-06-17,Sacramento,67,1510023,107521,107492,1885,109377,1666
2021-06-17,San Benito,69,59416,6083,6097,120,6217,63
2021-06-17,San Bernardino,71,2135413,293486,293560,9106,302666,4811
2021-06-17,San Diego,73,3302833,281976,281531,0,281531,3771
2021-06-17,San Francisco,75,870044,36929,37243,1402,38645,556
2021-06-17,San Joaquin,77,732212,73625,73560,3810,77370,1403
2021-06-17,San Luis Obispo,79,281455,21311,21297,789,22086,257
2021-06-17,San Mateo,81,765935,42596,42615,487,43102,542
2021-06-17,Santa Barbara,83,443738,34546,34466,1255,35721,453
2021-06-17,Santa Clara,85,1922200,118715,120032,805,120837,2093
2021-06-17,Santa Cruz,87,273765,16217,16197,877,17074,208
2021-06-17,Shasta,89,179085,12522,12597,1683,14280,201
2021-06-17,Sierra,91,2930,59,56,14,70,0
2021-06-17,Siskiyou,93,43540,1940,1889,395,2284,27
2021-06-17,Solano,95,438530,33272,33296,570,33866,266
2021-06-17,Sonoma,97,501317,30710,30793,367,31160,323
2021-06-17,Stanislaus,99,539301,56709,56752,6244,62996,1012
2021-06-17,Sutter,101,95872,9593,9629,95,9724,113
2021-06-17,Tehama,103,63373,5101,5112,617,5729,63
2021-06-17,Trinity,105,12862,367,337,65,402,3
2021-06-17,Tulare,107,460477,49730,49649,9632,59281,849
2021-06-17,Tuolumne,109,53932,4105,4116,37,4153,63
2021-06-17,Ventura,111,848112,81276,81248,3132,84380,1030
2021-06-17,Yolo,113,214977,14130,14141,359,14500,212
2021-06-17,Yuba,115,75493,6161,6140,135,6275,51
2021-06-16,Alameda,1,1643700,88929,89045,2074,91119,1265
2021-06-16,Alpine,3,1148,89,88,0,88,0
2021-06-16,Amador,5,37829,3739,3730,35,3765,46
2021-06-16,Butte,7,227075,12655,12635,1932,14567,194
2021-06-16,Calaveras,9,45235,2191,2188,15,2203,55
2021-06-16,Colusa,11,21464,1957,1967,328,2295,15
2021-06-16,Contra Costa,13,1133247,70492,70136,1371,71507,810
2021-06-16,Del Norte,15,27424,1415,1413,9,1422,8
2021-06-16,El Dorado,17,186661,10347,10334,789,11123,113
2021-06-16,Fresno,19,978130,102448,102842,9046,111888,1722
2021-06-16,Glenn,21,27897,2429,2430,583,3013,19
2021-06-16,Humboldt,23,135768,4441,4427,40,4467,42
2021-06-16,Imperial,25,180216,28647,28796,2883,31679,741
2021-06-16,Inyo,27,18085,1407,1405,4,1409,35
2021-06-16,Kern,29,883053,97137,96789,11532,108321,1339
2021-06-16,Kings,31,150075,23027,23072,1201,24273,245
2021-06-16,Lake,33,64148,3564,3562,9,3571,45
2021-06-16,Lassen,35,31185,5246,5216,123,5339,19
2021-06-16,Los Angeles,37,10098052,1205677,1205102,44091,1249193,24439
2021-06-16,Madera,39,155013,16645,16603,965,17568,240
2021-06-16,Marin,41,260295,14131,14137,273,14410,229
2021-06-16,Mariposa,43,17540,439,437,11,448,5
2021-06-16,Mendocino,45,87422,4120,4041,76,4117,49
2021-06-16,Merced,47,269075,31192,31250,1003,32253,463
2021-06-16,Modoc,49,8938,407,383,144,527,3
2021-06-16,Mono,51,14174,1252,1275,13,1288,3
2021-06-16,Monterey,53,433212,43129,43122,1932,45054,416
2021-06-16,Napa,55,140530,9989,10011,35,10046,80
2021-06-16,Nevada,57,99092,4918,4894,201,5095,72
2021-06-16,Orange,59,3164182,255212,255188,11811,266999,5109
2021-06-16,Placer,61,380077,23571,23425,1591,25016,298
2021-06-16,Plumas,63,18699,713,697,12,709,4
2021-06-16,Riverside,65,2383286,292025,289539,14846,304385,4457
2021-06-16,Sacramento,67,1510023,107450,107422,1881,109303,1665
2021-06-16,San Benito,69,59416,6083,6090,120,6210,63
2021-06-16,San Bernardino,71,2135413,293437,293499,9104,302603,4797
2021-06-16,San Diego,73,3302833,281898,281423,0,281423,3770
2021-06-16,San Francisco,75,870044,36916,37222,1400,38622,555
2021-06-16,San Joaquin,77,732212,73588,73530,3806,77336,1399
2021-06-16,San Luis Obispo,79,281455,21306,21294,789,22083,257
2021-06-16,San Mateo,81,765935,42580,42601,487,43088,542
2021-06-16,Santa Barbara,83,443738,34540,34459,1255,35714,460
2021-06-16,Santa Clara,85,1922200,118683,119982,805,120787,2087
2021-06-16,Santa Cruz,87,273765,16214,16187,877,17064,208
2021-06-16,Shasta,89,179085,12517,12592,1682,14274,200
2021-06-16,Sierra,91,2930,59,56,14,70,0
2021-06-16,Siskiyou,93,43540,1939,1886,395,2281,26
2021-06-16,Solano,95,438530,33244,33276,570,33846,266
2021-06-16,Sonoma,97,501317,30673,30741,367,31108,323
2021-06-16,Stanislaus,99,539301,56678,56738,6242,62980,984
2021-06-16,Sutter,101,95872,9589,9620,95,9715,113
2021-06-16,Tehama,103,63373,5099,5106,617,5723,63
2021-06-16,Trinity,105,12862,366,332,65,397,3
2021-06-16,Tulare,107,460477,49725,49578,9628,59206,849
2021-06-16,Tuolumne,109,53932,4105,4110,37,4147,63
2021-06-16,Ventura,111,848112,81262,81229,3130,84359,1029
2021-06-16,Yolo,113,214977,14121,14135,358,14493,212
2021-06-16,Yuba,115,75493,6151,6134,135,6269,51
2021-06-15,Alameda,1,1643700,88886,89008,2074,91082,1262
2021-06-15,Alpine,3,1148,89,88,0,88,0
2021-06-15,Amador,5,37829,3736,3723,35,3758,46
2021-06-15,Butte,7,227075,12647,12620,1931,14551,194
2021-06-15,Calaveras,9,45235,2190,2188,15,2203,55
2021-06-15,Colusa,11,21464,1957,1967,326,2293,15
2021-06-15,Contra Costa,13,1133247,70430,70101,1371,71472,810
2021-06-15,Del Norte,15,27424,1414,1411,9,1420,8
2021-06-15,El Dorado,17,186661,10338,10330,789,11119,113
2021-06-15,Fresno,19,978130,102418,102828,9045,111873,1722
2021-06-15,Glenn,21,27897,2428,2426,583,3009,19
2021-06-15,Humboldt,23,135768,4432,4414,39,4453,42
2021-06-15,Imperial,25,180216,28641,28789,2883,31672,741
2021-06-15,Inyo,27,18085,1407,1405,4,1409,35
2021-06-15,Kern,29,883053,97109,96782,11523,108305,1338
2021-06-15,Kings,31,150075,23021,23070,1200,24270,245
2021-06-15,Lake,33,64148,3563,3559,9,3568,45
2021-06-15,Lassen,35,31185,5245,5211,123,5334,19
2021-06-15,Los Angeles,37,10098052,1205450,1204926,44082,1249008,24435
2021-06-15,Madera,39,155013,16638,16600,964,17564,240
2021-06-15,Marin,41,260295,14123,14135,273,14408,229
2021-06-15,Mariposa,43,17540,439,437,11,448,5
2021-06-15,Mendocino,45,87422,4113,4034,76,4110,49
2021-06-15,Merced,47,269075,31186,31244,1003,32247,461
2021-06-15,Modoc,49,8938,406,383,144,527,3
2021-06-15,Mono,51,14174,1252,1275,13,1288,3
2021-06-15,Monterey,53,433212,43123,43118,1932,45050,416
2021-06-15,Napa,55,140530,9987,10010,35,10045,80
2021-06-15,Nevada,57,99092,4915,4888,201,5089,72
2021-06-15,Orange,59,3164182,255175,255127,11802,266929,5105
2021-06-15,Placer,61,380077,23549,23396,1590,24986,298
2021-06-15,Plumas,63,18699,712,697,12,709,4
2021-06-15,Riverside,65,2383286,291968,289508,14842,304350,4455
2021-06-15,Sacramento,67,1510023,107376,107370,1874,109244,1662
2021-06-15,San Benito,69,59416,6082,6089,120,6209,63
2021-06-15,San Bernardino,71,2135413,293384,293463,9100,302563,4790
2021-06-15,San Diego,73,3302833,281814,281375,0,281375,3770
2021-06-15,San Francisco,75,870044,36907,37210,1399,38609,555
2021-06-15,San Joaquin,77,732212,73549,73494,3802,77296,1399
2021-06-15,San Luis Obispo,79,281455,21301,21293,788,22081,257
2021-06-15,San Mateo,81,765935,42567,42593,487,43080,543
2021-06-15,Santa Barbara,83,443738,34535,34451,1255,35706,460
2021-06-15,Santa Clara,85,1922200,118645,119963,805,120768,2086
2021-06-15,Santa Cruz,87,273765,16207,16180,877,17057,208
2021-06-15,Shasta,89,179085,12511,12583,1682,14265,201
2021-06-15,Sierra,91,2930,58,55,14,69,0
2021-06-15,Siskiyou,93,43540,1938,1887,395,2282,26
2021-06-15,Solano,95,438530,33225,33264,570,33834,266
2021-06-15,Sonoma,97,501317,30634,30707,366,31073,323
2021-06-15,Stanislaus,99,539301,56649,56724,6239,62963,979
2021-06-15,Sutter,101,95872,9580,9616,95,9711,113
2021-06-15,Tehama,103,63373,5098,5102,617,5719,63
2021-06-15,Trinity,105,12862,365,332,65,397,3
2021-06-15,Tulare,107,460477,49719,49561,9624,59185,848
2021-06-15,Tuolumne,109,53932,4105,4111,37,4148,63
2021-06-15,Ventura,111,848112,81251,81215,3127,84342,1029
2021-06-15,Yolo,113,214977,14117,14127,356,14483,212
2021-06-15,Yuba,115,75493,6140,6130,135,6265,51
2021-06-14,Alameda,1,1643700,88835,88966,2073,91039,1264
2021-06-14,Alpine,3,1148,89,88,0,88,0
2021-06-14,Amador,5,37829,3735,3722,35,3757,46
2021-06-14,Butte,7,227075,12636,12613,1927,14540,194
2021-06-14,Calaveras,9,45235,2188,2190,15,2205,55
2021-06-14,Colusa,11,21464,1956,1966,326,2292,15
2021-06-14,Contra Costa,13,1133247,70377,70069,1369,71438,810
2021-06-14,Del Norte,15,27424,1414,1411,9,1420,8
2021-06-14,El Dorado,17,186661,10329,10327,788,11115,113
2021-06-14,Fresno,19,978130,102396,102812,9044,111856,1719
2021-06-14,Glenn,21,27897,2428,2426,583,3009,19
2021-06-14,Humboldt,23,135768,4424,4407,38,4445,42
2021-06-14,Imperial,25,180216,28629,28836,2883,31719,741
2021-06-14,Inyo,27,18085,1406,1405,4,1409,35
2021-06-14,Kern,29,883053,97091,96760,11512,108272,1337
2021-06-14,Kings,31,150075,23019,23071,1198,24269,245
2021-06-14,Lake,33,64148,3562,3557,9,3566,45
2021-06-14,Lassen,35,31185,5242,5209,122,5331,19
2021-06-14,Los Angeles,37,10098052,1205219,1204748,44072,1248820,24434
2021-06-14,Madera,39,155013,16633,16597,963,17560,240
2021-06-14,Marin,41,260295,14121,14133,273,14406,229
2021-06-14,Mariposa,43,17540,438,437,11,448,5
2021-06-14,Mendocino,45,87422,4107,4028,76,4104,49
2021-06-14,Merced,47,269075,31177,31241,1002,32243,461
2021-06-14,Modoc,49,8938,397,382,142,524,3
2021-06-14,Mono,51,14174,1252,1275,13,1288,3
2021-06-14,Monterey,53,433212,43120,43110,1932,45042,415
2021-06-14,Napa,55,140530,9983,10000,35,10035,80
2021-06-14,Nevada,57,99092,4908,4885,201,5086,72
2021-06-14,Orange,59,3164182,255139,255069,11797,266866,5103
2021-06-14,Placer,61,380077,23524,23379,1589,24968,298
2021-06-14,Plumas,63,18699,712,696,12,708,4
2021-06-14,Riverside,65,2383286,291918,289476,14840,304316,4453
2021-06-14,Sacramento,67,1510023,107324,107334,1868,109202,1661
2021-06-14,San Benito,69,59416,6082,6087,120,6207,63
2021-06-14,San Bernardino,71,2135413,293330,293446,9096,302542,4790
2021-06-14,San Diego,73,3302833,281709,281314,0,281314,3770
2021-06-14,San Francisco,75,870044,36894,37206,1399,38605,555
2021-06-14,San Joaquin,77,732212,73520,73453,3802,77255,1398
2021-06-14,San Luis Obispo,79,281455,21299,21302,788,22090,256
2021-06-14,San Mateo,81,765935,42553,42619,486,43105,543
2021-06-14,Santa Barbara,83,443738,34532,34449,1255,35704,460
2021-06-14,Santa Clara,85,1922200,118614,119957,804,120761,2085
2021-06-14,Santa Cruz,87,273765,16205,16175,877,17052,208
2021-06-14,Shasta,89,179085,12501,12561,1679,14240,201
2021-06-14,Sierra,91,2930,57,55,14,69,0
2021-06-14,Siskiyou,93,43540,1938,1886,395,2281,26
2021-06-14,Solano,95,438530,33207,33243,569,33812,266
2021-06-14,Sonoma,97,501317,30602,30679,365,31044,323
2021-06-14,Stanislaus,99,539301,56612,56689,6238,62927,975
2021-06-14,Sutter,101,95872,9577,9607,95,9702,112
2021-06-14,Tehama,103,63373,5096,5102,617,5719,63
2021-06-14,Trinity,105,12862,365,332,65,397,3
2021-06-14,Tulare,107,460477,49715,49538,9620,59158,848
2021-06-14,Tuolumne,109,53932,4102,4108,37,4145,63
2021-06-14,Ventura,111,848112,81241,81209,3127,84336,1028
2021-06-14,Yolo,113,214977,14109,14123,356,14479,212
2021-06-14,Yuba,115,75493,6133,6127,135,6262,50
2021-06-13,Alameda,1,1643700,88779,88947,2071,91018,1264
2021-06-13,Alpine,3,1148,88,88,0,88,0
2021-06-13,Amador,5,37829,3731,3721,35,3756,46
2021-06-13,Butte,7,227075,12625,12586,1924,14510,194
2021-06-13,Calaveras,9,45235,2188,2189,15,2204,55
2021-06-13,Colusa,11,21464,1956,1965,325,2290,15
2021-06-13,Contra Costa,13,1133247,70323,70040,1367,71407,810
2021-06-13,Del Norte,15,27424,1412,1412,9,1421,8
2021-06-13,El Dorado,17,186661,10320,10324,788,11112,113
2021-06-13,Fresno,19,978130,102366,102795,9039,111834,1719
2021-06-13,Glenn,21,27897,2427,2425,581,3006,19
2021-06-13,Humboldt,23,135768,4411,4401,38,4439,42
2021-06-13,Imperial,25,180216,28620,28800,2883,31683,741
2021-06-13,Inyo,27,18085,1406,1405,4,1409,35
2021-06-13,Kern,29,883053,97069,96743,11499,108242,1337
2021-06-13,Kings,31,150075,23014,23069,1197,24266,245
2021-06-13,Lake,33,64148,3562,3556,9,3565,45
2021-06-13,Lassen,35,31185,5237,5209,122,5331,19
2021-06-13,Los Angeles,37,10098052,1204959,1204614,44059,1248673,24433
2021-06-13,Madera,39,155013,16619,16590,963,17553,240
2021-06-13,Marin,41,260295,14115,14126,273,14399,229
2021-06-13,Mariposa,43,17540,438,434,11,445,5
2021-06-13,Mendocino,45,87422,4100,4026,76,4102,49
2021-06-13,Merced,47,269075,31170,31240,1002,32242,461
2021-06-13,Modoc,49,8938,395,382,140,522,3
2021-06-13,Mono,51,14174,1252,1275,13,1288,3
2021-06-13,Monterey,53,433212,43112,43108,1932,45040,415
2021-06-13,Napa,55,140530,9977,9995,35,10030,80
2021-06-13,Nevada,57,99092,4903,4883,201,5084,72
2021-06-13,Orange,59,3164182,255086,255043,11795,266838,5103
2021-06-13,Placer,61,380077,23497,23365,1587,24952,295
2021-06-13,Plumas,63,18699,711,696,12,708,4
2021-06-13,Riverside,65,2383286,291850,289447,14837,304284,4453
2021-06-13,Sacramento,67,1510023,107251,107289,1865,109154,1658
2021-06-13,San Benito,69,59416,6082,6086,120,6206,63
2021-06-13,San Bernardino,71,2135413,293277,293416,9091,302507,4788
2021-06-13,San Diego,73,3302833,281633,281268,0,281268,3770
2021-06-13,San Francisco,75,870044,36883,37197,1399,38596,555
2021-06-13,San Joaquin,77,732212,73489,73438,3800,77238,1398
2021-06-13,San Luis Obispo,79,281455,21293,21298,787,22085,256
2021-06-13,San Mateo,81,765935,42539,42611,486,43097,542
2021-06-13,Santa Barbara,83,443738,34521,34449,1254,35703,460
2021-06-13,Santa Clara,85,1922200,118591,119946,804,120750,2085
2021-06-13,Santa Cruz,87,273765,16198,16172,877,17049,208
2021-06-13,Shasta,89,179085,12492,12560,1678,14238,201
2021-06-13,Sierra,91,2930,57,55,14,69,0
2021-06-13,Siskiyou,93,43540,1937,1885,395,2280,26
2021-06-13,Solano,95,438530,33185,33234,569,33803,266
2021-06-13,Sonoma,97,501317,30567,30663,363,31026,323
2021-06-13,Stanislaus,99,539301,56585,56671,6237,62908,975
2021-06-13,Sutter,101,95872,9570,9603,95,9698,112
2021-06-13,Tehama,103,63373,5094,5100,617,5717,63
2021-06-13,Trinity,105,12862,364,332,65,397,3
2021-06-13,Tulare,107,460477,49706,49537,9615,59152,848
2021-06-13,Tuolumne,109,53932,4100,4107,36,4143,63
2021-06-13,Ventura,111,848112,81227,81201,3127,84328,1028
2021-06-13,Yolo,113,214977,14102,14120,354,14474,212
2021-06-13,Yuba,115,75493,6126,6125,135,6260,50
2021-06-12,Alameda,1,1643700,88750,88901,2071,90972,1271
2021-06-12,Alpine,3,1148,88,88,0,88,0
2021-06-12,Amador,5,37829,3730,3721,35,3756,46
2021-06-12,Butte,7,227075,12621,12576,1924,14500,194
2021-06-12,Calaveras,9,45235,2188,2189,15,2204,55
2021-06-12,Colusa,11,21464,1956,1965,325,2290,15
2021-06-12,Contra Costa,13,1133247,70292,69989,1364,71353,810
2021-06-12,Del Norte,15,27424,1412,1412,9,1421,8
2021-06-12,El Dorado,17,186661,10316,10320,786,11106,113
2021-06-12,Fresno,19,978130,102356,102783,9038,111821,1720
2021-06-12,Glenn,21,27897,2425,2425,581,3006,19
2021-06-12,Humboldt,23,135768,4403,4396,38,4434,42
2021-06-12,Imperial,25,180216,28617,28799,2883,31682,741
2021-06-12,Inyo,27,18085,1406,1405,4,1409,35
2021-06-12,Kern,29,883053,97054,96731,11495,108226,1337
2021-06-12,Kings,31,150075,23012,23067,1197,24264,245
2021-06-12,Lake,33,64148,3561,3552,9,3561,45
2021-06-12,Lassen,35,31185,5237,5208,122,5330,19
2021-06-12,Los Angeles,37,10098052,1204823,1204439,44050,1248489,24434
2021-06-12,Madera,39,155013,16615,16586,963,17549,240
2021-06-12,Marin,41,260295,14112,14121,273,14394,229
2021-06-12,Mariposa,43,17540,438,434,11,445,5
2021-06-12,Mendocino,45,87422,4097,4024,76,4100,49
2021-06-12,Merced,47,269075,31167,31236,1002,32238,461
2021-06-12,Modoc,49,8938,394,382,140,522,3
2021-06-12,Mono,51,14174,1252,1275,13,1288,3
2021-06-12,Monterey,53,433212,43107,43103,1932,45035,415
2021-06-12,Napa,55,140530,9973,9986,35,10021,80
2021-06-12,Nevada,57,99092,4897,4878,201,5079,72
2021-06-12,Orange,59,3164182,255057,255004,11793,266797,5103
2021-06-12,Placer,61,380077,23479,23345,1587,24932,295
2021-06-12,Plumas,63,18699,711,696,12,708,4
2021-06-12,Riverside,65,2383286,291808,289413,14835,304248,4453
2021-06-12,Sacramento,67,1510023,107191,107199,1862,109061,1658
2021-06-12,San Benito,69,59416,6080,6083,120,6203,63
2021-06-12,San Bernardino,71,2135413,293244,293375,9089,302464,4788
2021-06-12,San Diego,73,3302833,281577,281203,0,281203,3770
2021-06-12,San Francisco,75,870044,36873,37189,1399,38588,555
2021-06-12,San Joaquin,77,732212,73470,73413,3799,77212,1398
2021-06-12,San Luis Obispo,79,281455,21290,21293,787,22080,256
2021-06-12,San Mateo,81,765935,42533,42604,486,43090,542
2021-06-12,Santa Barbara,83,443738,34517,34450,1254,35704,460
2021-06-12,Santa Clara,85,1922200,118551,119894,804,120698,2085
2021-06-12,Santa Cruz,87,273765,16190,16170,877,17047,208
2021-06-12,Shasta,89,179085,12489,12556,1677,14233,201
2021-06-12,Sierra,91,2930,57,55,14,69,0
2021-06-12,Siskiyou,93,43540,1936,1884,395,2279,25
2021-06-12,Solano,95,438530,33176,33219,569,33788,266
2021-06-12,Sonoma,97,501317,30539,30647,362,31009,323
2021-06-12,Stanislaus,99,539301,56568,56649,6236,62885,974
2021-06-12,Sutter,101,95872,9566,9603,95,9698,112
2021-06-12,Tehama,103,63373,5094,5099,616,5715,63
2021-06-12,Trinity,105,12862,364,332,65,397,3
2021-06-12,Tulare,107,460477,49701,49533,9608,59141,848
2021-06-12,Tuolumne,109,53932,4099,4105,36,4141,63
2021-06-12,Ventura,111,848112,81215,81197,3127,84324,1028
2021-06-12,Yolo,113,214977,14099,14118,352,14470,212
2021-06-12,Yuba,115,75493,6121,6120,135,6255,50
2021-06-11,Alameda,1,1643700,88721,88844,2071,90915,1278
2021-06-11,Alpine,3,1148,88,88,0,88,0
2021-06-11,Amador,5,37829,3730,3710,35,3745,46
2021-06-11,Butte,7,227075,12617,12576,1922,14498,194
2021-06-11,Calaveras,9,45235,2188,2188,15,2203,55
2021-06-11,Colusa,11,21464,1955,1964,325,2289,15
2021-06-11,Contra Costa,13,1133247,70259,69940,1362,71302,808
2021-06-11,Del Norte,15,27424,1412,1409,9,1418,8
2021-06-11,El Dorado,17,186661,10313,10316,786,11102,113
2021-06-11,Fresno,19,978130,102338,102770,9037,111807,1720
2021-06-11,Glenn,21,27897,2425,2425,581,3006,19
2021-06-11,Humboldt,23,135768,4399,4389,38,4427,42
2021-06-11,Imperial,25,180216,28612,28793,2883,31676,741
2021-06-11,Inyo,27,18085,1406,1405,4,1409,35
2021-06-11,Kern,29,883053,97042,96718,11491,108209,1340
2021-06-11,Kings,31,150075,23008,23069,1196,24265,245
2021-06-11,Lake,33,64148,3560,3550,9,3559,45
2021-06-11,Lassen,35,31185,5236,5204,122,5326,18
2021-06-11,Los Angeles,37,10098052,1204678,1204259,44036,1248295,24434
2021-06-11,Madera,39,155013,16612,16582,963,17545,240
2021-06-11,Marin,41,260295,14109,14116,273,14389,229
2021-06-11,Mariposa,43,17540,438,434,11,445,5
2021-06-11,Mendocino,45,87422,4094,4022,76,4098,49
2021-06-11,Merced,47,269075,31162,31231,1002,32233,461
2021-06-11,Modoc,49,8938,394,382,139,521,3
2021-06-11,Mono,51,14174,1252,1274,13,1287,3
2021-06-11,Monterey,53,433212,43103,43097,1932,45029,415
2021-06-11,Napa,55,140530,9970,9977,35,10012,80
2021-06-11,Nevada,57,99092,4895,4873,201,5074,72
2021-06-11,Orange,59,3164182,255032,254975,11789,266764,5101
2021-06-11,Placer,61,380077,23474,23330,1587,24917,294
2021-06-11,Plumas,63,18699,711,696,12,708,4
2021-06-11,Riverside,65,2383286,291770,289376,14833,304209,4451
2021-06-11,Sacramento,67,1510023,107131,107119,1861,108980,1659
2021-06-11,San Benito,69,59416,6079,6082,120,6202,63
2021-06-11,San Bernardino,71,2135413,293207,293335,9085,302420,4788
2021-06-11,San Diego,73,3302833,281537,281144,0,281144,3768
2021-06-11,San Francisco,75,870044,36868,37177,1399,38576,555
2021-06-11,San Joaquin,77,732212,73453,73347,3796,77143,1397
2021-06-11,San Luis Obispo,79,281455,21289,21288,787,22075,256
2021-06-11,San Mateo,81,765935,42519,42585,486,43071,542
2021-06-11,Santa Barbara,83,443738,34514,34438,1254,35692,460
2021-06-11,Santa Clara,85,1922200,118532,119860,804,120664,2083
2021-06-11,Santa Cruz,87,273765,16182,16164,877,17041,208
2021-06-11,Shasta,89,179085,12481,12550,1675,14225,201
2021-06-11,Sierra,91,2930,57,55,14,69,0
2021-06-11,Siskiyou,93,43540,1935,1882,395,2277,25
2021-06-11,Solano,95,438530,33156,33179,568,33747,266
2021-06-11,Sonoma,97,501317,30521,30624,362,30986,323
2021-06-11,Stanislaus,99,539301,56542,56617,6232,62849,974
2021-06-11,Sutter,101,95872,9563,9600,94,9694,112
2021-06-11,Tehama,103,63373,5093,5099,616,5715,63
2021-06-11,Trinity,105,12862,364,331,65,396,3
2021-06-11,Tulare,107,460477,49695,49516,9607,59123,848
2021-06-11,Tuolumne,109,53932,4096,4104,36,4140,63
2021-06-11,Ventura,111,848112,81205,81189,3127,84316,1026
2021-06-11,Yolo,113,214977,14092,14111,348,14459,212
2021-06-11,Yuba,115,75493,6117,6113,135,6248,50
2021-06-10,Alameda,1,1643700,88677,88806,2070,90876,1275
2021-06-10,Alpine,3,1148,88,88,0,88,0
2021-06-10,Amador,5,37829,3726,3709,35,3744,46
2021-06-10,Butte,7,227075,12600,12565,1922,14487,194
2021-06-10,Calaveras,9,45235,2188,2188,15,2203,55
2021-06-10,Colusa,11,21464,1953,1964,325,2289,15
2021-06-10,Contra Costa,13,1133247,70205,69876,1362,71238,807
2021-06-10,Del Norte,15,27424,1412,1405,9,1414,8
2021-06-10,El Dorado,17,186661,10306,10314,782,11096,113
2021-06-10,Fresno,19,978130,102313,102724,9036,111760,1717
2021-06-10,Glenn,21,27897,2425,2425,581,3006,19
2021-06-10,Humboldt,23,135768,4391,4384,38,4422,42
2021-06-10,Imperial,25,180216,28606,28779,2883,31662,739
2021-06-10,Inyo,27,18085,1406,1405,4,1409,35
2021-06-10,Kern,29,883053,97028,96706,11486,108192,1336
2021-06-10,Kings,31,150075,23007,23067,1196,24263,245
2021-06-10,Lake,33,64148,3555,3550,9,3559,45
2021-06-10,Lassen,35,31185,5234,5201,122,5323,18
2021-06-10,Los Angeles,37,10098052,1204518,1204110,44019,1248129,24440
2021-06-10,Madera,39,155013,16605,16581,963,17544,240
2021-06-10,Marin,41,260295,14106,14118,273,14391,229
2021-06-10,Mariposa,43,17540,436,434,11,445,5
2021-06-10,Mendocino,45,87422,4089,4016,76,4092,48
2021-06-10,Merced,47,269075,31154,31231,999,32230,461
2021-06-10,Modoc,49,8938,393,381,139,520,3
2021-06-10,Mono,51,14174,1251,1274,13,1287,3
2021-06-10,Monterey,53,433212,43097,43090,1932,45022,415
2021-06-10,Napa,55,140530,9969,9974,35,10009,80
2021-06-10,Nevada,57,99092,4890,4866,201,5067,72
2021-06-10,Orange,59,3164182,255004,254950,11782,266732,5097
2021-06-10,Placer,61,380077,23460,23296,1587,24883,293
2021-06-10,Plumas,63,18699,711,696,12,708,4
2021-06-10,Riverside,65,2383286,291729,289335,14828,304163,4450
2021-06-10,Sacramento,67,1510023,107069,107049,1861,108910,1658
2021-06-10,San Benito,69,59416,6079,6079,120,6199,63
2021-06-10,San Bernardino,71,2135413,293166,293281,9082,302363,4782
2021-06-10,San Diego,73,3302833,281479,281052,0,281052,3766
2021-06-10,San Francisco,75,870044,36858,37159,1397,38556,552
2021-06-10,San Joaquin,77,732212,73421,73276,3795,77071,1393
2021-06-10,San Luis Obispo,79,281455,21286,21280,787,22067,256
2021-06-10,San Mateo,81,765935,42513,42562,486,43048,666
2021-06-10,Santa Barbara,83,443738,34510,34434,1254,35688,460
2021-06-10,Santa Clara,85,1922200,118497,119832,803,120635,2075
2021-06-10,Santa Cruz,87,273765,16181,16159,877,17036,208
2021-06-10,Shasta,89,179085,12471,12536,1674,14210,201
2021-06-10,Sierra,91,2930,56,55,14,69,0
2021-06-10,Siskiyou,93,43540,1935,1881,395,2276,25
2021-06-10,Solano,95,438530,33139,33150,567,33717,265
2021-06-10,Sonoma,97,501317,30485,30571,360,30931,323
2021-06-10,Stanislaus,99,539301,56521,56588,6228,62816,974
2021-06-10,Sutter,101,95872,9556,9594,94,9688,112
2021-06-10,Tehama,103,63373,5093,5096,616,5712,63
2021-06-10,Trinity,105,12862,364,331,65,396,3
2021-06-10,Tulare,107,460477,49687,49503,9607,59110,848
2021-06-10,Tuolumne,109,53932,4096,4100,36,4136,63
2021-06-10,Ventura,111,848112,81194,81172,3126,84298,1026
2021-06-10,Yolo,113,214977,14089,14107,348,14455,212
2021-06-10,Yuba,115,75493,6113,6112,135,6247,50
2021-06-09,Alameda,1,1643700,88631,88762,2068,90830,1271
2021-06-09,Alpine,3,1148,88,88,0,88,0
2021-06-09,Amador,5,37829,3722,3706,35,3741,46
2021-06-09,Butte,7,227075,12594,12555,1920,14475,194
2021-06-09,Calaveras,9,45235,2186,2184,15,2199,55
2021-06-09,Colusa,11,21464,1953,1962,324,2286,15
2021-06-09,Contra Costa,13,1133247,70168,69829,1361,71190,803
2021-06-09,Del Norte,15,27424,1409,1403,9,1412,8
2021-06-09,El Dorado,17,186661,10303,10312,781,11093,113
2021-06-09,Fresno,19,978130,102294,102690,9031,111721,1717
2021-06-09,Glenn,21,27897,2424,2424,581,3005,19
2021-06-09,Humboldt,23,135768,4386,4379,37,4416,42
2021-06-09,Imperial,25,180216,28603,28754,2883,31637,739
2021-06-09,Inyo,27,18085,1406,1405,4,1409,35
2021-06-09,Kern,29,883053,97015,96697,11476,108173,1328
2021-06-09,Kings,31,150075,23005,23061,1196,24257,245
2021-06-09,Lake,33,64148,3552,3541,9,3550,45
2021-06-09,Lassen,35,31185,5233,5200,122,5322,18
2021-06-09,Los Angeles,37,10098052,1204334,1203955,44008,1247963,24432
2021-06-09,Madera,39,155013,16600,16580,963,17543,240
2021-06-09,Marin,41,260295,14101,14114,273,14387,229
2021-06-09,Mariposa,43,17540,436,434,11,445,5
2021-06-09,Mendocino,45,87422,4083,4008,76,4084,47
2021-06-09,Merced,47,269075,31150,31225,999,32224,461
2021-06-09,Modoc,49,8938,391,377,138,515,3
2021-06-09,Mono,51,14174,1251,1274,13,1287,3
2021-06-09,Monterey,53,433212,43090,43082,1932,45014,415
2021-06-09,Napa,55,140530,9963,9971,35,10006,80
2021-06-09,Nevada,57,99092,4880,4863,200,5063,72
2021-06-09,Orange,59,3164182,254960,254893,11778,266671,5080
2021-06-09,Placer,61,380077,23442,23237,1587,24824,293
2021-06-09,Plumas,63,18699,710,697,12,709,4
2021-06-09,Riverside,65,2383286,291685,289299,14826,304125,4450
2021-06-09,Sacramento,67,1510023,107006,106971,1858,108829,1657
2021-06-09,San Benito,69,59416,6075,6078,120,6198,63
2021-06-09,San Bernardino,71,2135413,293124,293222,9082,302304,4782
2021-06-09,San Diego,73,3302833,281414,280941,0,280941,3765
2021-06-09,San Francisco,75,870044,36845,37143,1396,38539,552
2021-06-09,San Joaquin,77,732212,73396,73232,3794,77026,1392
2021-06-09,San Luis Obispo,79,281455,21285,21259,787,22046,256
2021-06-09,San Mateo,81,765935,42497,42502,485,42987,666
2021-06-09,Santa Barbara,83,443738,34499,34422,1254,35676,460
2021-06-09,Santa Clara,85,1922200,118459,119793,802,120595,2068
2021-06-09,Santa Cruz,87,273765,16178,16155,877,17032,208
2021-06-09,Shasta,89,179085,12461,12521,1672,14193,201
2021-06-09,Sierra,91,2930,55,55,14,69,0
2021-06-09,Siskiyou,93,43540,1934,1871,395,2266,25
2021-06-09,Solano,95,438530,33123,33137,566,33703,264
2021-06-09,Sonoma,97,501317,30463,30540,360,30900,323
2021-06-09,Stanislaus,99,539301,56501,56560,6225,62785,974
2021-06-09,Sutter,101,95872,9547,9586,93,9679,111
2021-06-09,Tehama,103,63373,5092,5093,616,5709,63
2021-06-09,Trinity,105,12862,363,331,65,396,3
2021-06-09,Tulare,107,460477,49683,49496,9605,59101,847
2021-06-09,Tuolumne,109,53932,4093,4100,36,4136,63
2021-06-09,Ventura,111,848112,81184,81154,3125,84279,1026
2021-06-09,Yolo,113,214977,14087,14102,347,14449,212
2021-06-09,Yuba,115,75493,6109,6109,135,6244,50
2021-06-08,Alameda,1,1643700,88582,88731,2068,90799,1267
2021-06-08,Alpine,3,1148,88,88,0,88,0
2021-06-08,Amador,5,37829,3721,3704,35,3739,46
2021-06-08,Butte,7,227075,12588,12540,1917,14457,194
2021-06-08,Calaveras,9,45235,2185,2181,15,2196,55
2021-06-08,Colusa,11,21464,1953,1961,324,2285,15
2021-06-08,Contra Costa,13,1133247,70119,69762,1360,71122,803
2021-06-08,Del Norte,15,27424,1407,1402,9,1411,8
2021-06-08,El Dorado,17,186661,10298,10306,779,11085,113
2021-06-08,Fresno,19,978130,102269,102680,9029,111709,1717
2021-06-08,Glenn,21,27897,2423,2423,581,3004,19
2021-06-08,Humboldt,23,135768,4381,4363,37,4400,42
2021-06-08,Imperial,25,180216,28594,28752,2883,31635,738
2021-06-08,Inyo,27,18085,1406,1405,4,1409,35
2021-06-08,Kern,29,883053,96995,96671,11469,108140,1325
2021-06-08,Kings,31,150075,23004,23036,1196,24232,245
2021-06-08,Lake,33,64148,3551,3540,9,3549,45
2021-06-08,Lassen,35,31185,5233,5200,122,5322,18
2021-06-08,Los Angeles,37,10098052,1204140,1203794,43996,1247790,24426
2021-06-08,Madera,39,155013,16594,16579,962,17541,240
2021-06-08,Marin,41,260295,14099,14111,272,14383,229
2021-06-08,Mariposa,43,17540,436,434,11,445,5
2021-06-08,Mendocino,45,87422,4076,4002,76,4078,47
2021-06-08,Merced,47,269075,31142,31225,999,32224,461
2021-06-08,Modoc,49,8938,386,377,137,514,3
2021-06-08,Mono,51,14174,1251,1274,13,1287,3
2021-06-08,Monterey,53,433212,43084,43078,1931,45009,415
2021-06-08,Napa,55,140530,9959,9962,35,9997,80
2021-06-08,Nevada,57,99092,4875,4861,200,5061,72
2021-06-08,Orange,59,3164182,254920,254852,11772,266624,5078
2021-06-08,Placer,61,380077,23424,23209,1583,24792,293
2021-06-08,Plumas,63,18699,710,692,12,704,4
2021-06-08,Riverside,65,2383286,291651,289268,14818,304086,4452
2021-06-08,Sacramento,67,1510023,106945,106901,1856,108757,1654
2021-06-08,San Benito,69,59416,6073,6076,120,6196,63
2021-06-08,San Bernardino,71,2135413,293075,293186,9078,302264,4778
2021-06-08,San Diego,73,3302833,281352,280879,0,280879,3764
2021-06-08,San Francisco,75,870044,36830,37134,1395,38529,552
2021-06-08,San Joaquin,77,732212,73352,73186,3789,76975,1390
2021-06-08,San Luis Obispo,79,281455,21279,21251,786,22037,255
2021-06-08,San Mateo,81,765935,42484,42488,485,42973,663
2021-06-08,Santa Barbara,83,443738,34495,34418,1254,35672,459
2021-06-08,Santa Clara,85,1922200,118440,119770,801,120571,2068
2021-06-08,Santa Cruz,87,273765,16175,16160,877,17037,208
2021-06-08,Shasta,89,179085,12446,12498,1672,14170,201
2021-06-08,Sierra,91,2930,55,55,14,69,0
2021-06-08,Siskiyou,93,43540,1932,1870,393,2263,21
2021-06-08,Solano,95,438530,33102,33130,566,33696,259
2021-06-08,Sonoma,97,501317,30436,30523,358,30881,323
2021-06-08,Stanislaus,99,539301,56474,56548,6223,62771,973
2021-06-08,Sutter,101,95872,9544,9581,93,9674,111
2021-06-08,Tehama,103,63373,5089,5093,616,5709,63
2021-06-08,Trinity,105,12862,363,330,64,394,3
2021-06-08,Tulare,107,460477,49672,49485,9599,59084,847
2021-06-08,Tuolumne,109,53932,4090,4099,36,4135,63
2021-06-08,Ventura,111,848112,81168,81142,3124,84266,1026
2021-06-08,Yolo,113,214977,14082,14099,346,14445,212
2021-06-08,Yuba,115,75493,6107,6103,135,6238,50
2021-06-07,Alameda,1,1643700,88524,88688,2068,90756,1267
2021-06-07,Alpine,3,1148,88,88,0,88,0
2021-06-07,Amador,5,37829,3711,3697,35,3732,46
2021-06-07,Butte,7,227075,12581,12533,1916,14449,194
2021-06-07,Calaveras,9,45235,2184,2181,15,2196,55
2021-06-07,Colusa,11,21464,1952,1960,324,2284,15
2021-06-07,Contra Costa,13,1133247,70063,69718,1359,71077,817
2021-06-07,Del Norte,15,27424,1407,1401,9,1410,8
2021-06-07,El Dorado,17,186661,10293,10305,779,11084,113
2021-06-07,Fresno,19,978130,102241,102659,9022,111681,1717
2021-06-07,Glenn,21,27897,2423,2423,581,3004,19
2021-06-07,Humboldt,23,135768,4373,4354,37,4391,42
2021-06-07,Imperial,25,180216,28592,28754,2883,31637,738
2021-06-07,Inyo,27,18085,1406,1404,4,1408,35
2021-06-07,Kern,29,883053,96979,96645,11462,108107,1324
2021-06-07,Kings,31,150075,23000,23023,1196,24219,244
2021-06-07,Lake,33,64148,3549,3540,9,3549,45
2021-06-07,Lassen,35,31185,5228,5198,122,5320,18
2021-06-07,Los Angeles,37,10098052,1203920,1203664,43981,1247645,24413
2021-06-07,Madera,39,155013,16587,16572,962,17534,240
2021-06-07,Marin,41,260295,14095,14108,271,14379,229
2021-06-07,Mariposa,43,17540,436,434,11,445,5
2021-06-07,Mendocino,45,87422,4070,3998,76,4074,47
2021-06-07,Merced,47,269075,31130,31212,998,32210,459
2021-06-07,Modoc,49,8938,385,375,134,509,3
2021-06-07,Mono,51,14174,1251,1275,13,1288,3
2021-06-07,Monterey,53,433212,43077,43077,1931,45008,415
2021-06-07,Napa,55,140530,9950,9962,35,9997,80
2021-06-07,Nevada,57,99092,4873,4860,200,5060,72
2021-06-07,Orange,59,3164182,254880,254808,11765,266573,5073
2021-06-07,Placer,61,380077,23406,23176,1581,24757,293
2021-06-07,Plumas,63,18699,710,692,12,704,4
2021-06-07,Riverside,65,2383286,291609,289232,14815,304047,4451
2021-06-07,Sacramento,67,1510023,106866,106841,1852,108693,1655
2021-06-07,San Benito,69,59416,6072,6074,120,6194,63
2021-06-07,San Bernardino,71,2135413,293037,293129,9077,302206,4775
2021-06-07,San Diego,73,3302833,281270,280808,0,280808,3764
2021-06-07,San Francisco,75,870044,36814,37122,1395,38517,552
2021-06-07,San Joaquin,77,732212,73307,73130,3782,76912,1388
2021-06-07,San Luis Obispo,79,281455,21266,21252,786,22038,255
2021-06-07,San Mateo,81,765935,42467,42479,485,42964,664
2021-06-07,Santa Barbara,83,443738,34489,34407,1254,35661,459
2021-06-07,Santa Clara,85,1922200,118413,119743,801,120544,2066
2021-06-07,Santa Cruz,87,273765,16173,16159,877,17036,208
2021-06-07,Shasta,89,179085,12432,12483,1667,14150,200
2021-06-07,Sierra,91,2930,55,55,14,69,0
2021-06-07,Siskiyou,93,43540,1932,1869,393,2262,21
2021-06-07,Solano,95,438530,33080,33124,565,33689,258
2021-06-07,Sonoma,97,501317,30400,30504,357,30861,323
2021-06-07,Stanislaus,99,539301,56441,56521,6220,62741,972
2021-06-07,Sutter,101,95872,9540,9571,93,9664,111
2021-06-07,Tehama,103,63373,5085,5092,616,5708,63
2021-06-07,Trinity,105,12862,363,329,64,393,3
2021-06-07,Tulare,107,460477,49666,49471,9599,59070,847
2021-06-07,Tuolumne,109,53932,4089,4098,36,4134,63
2021-06-07,Ventura,111,848112,81151,81137,3123,84260,1025
2021-06-07,Yolo,113,214977,14077,14097,345,14442,211
2021-06-07,Yuba,115,75493,6105,6099,132,6231,49
2021-06-06,Alameda,1,1643700,88483,88636,2067,90703,1267
2021-06-06,Alpine,3,1148,88,88,0,88,0
2021-06-06,Amador,5,37829,3708,3696,35,3731,46
2021-06-06,Butte,7,227075,12570,12527,1915,14442,194
2021-06-06,Calaveras,9,45235,2183,2181,15,2196,55
2021-06-06,Colusa,11,21464,1950,1959,324,2283,15
2021-06-06,Contra Costa,13,1133247,69998,69659,1357,71016,817
2021-06-06,Del Norte,15,27424,1402,1401,8,1409,8
2021-06-06,El Dorado,17,186661,10286,10294,779,11073,113
2021-06-06,Fresno,19,978130,102208,102642,9019,111661,1717
2021-06-06,Glenn,21,27897,2422,2423,581,3004,19
2021-06-06,Humboldt,23,135768,4362,4353,37,4390,42
2021-06-06,Imperial,25,180216,28586,28762,2883,31645,738
2021-06-06,Inyo,27,18085,1405,1404,4,1408,35
2021-06-06,Kern,29,883053,96961,96623,11455,108078,1324
2021-06-06,Kings,31,150075,22994,23021,1196,24217,244
2021-06-06,Lake,33,64148,3549,3535,9,3544,45
2021-06-06,Lassen,35,31185,5226,5191,122,5313,18
2021-06-06,Los Angeles,37,10098052,1203724,1203539,43969,1247508,24410
2021-06-06,Madera,39,155013,16581,16567,962,17529,240
2021-06-06,Marin,41,260295,14089,14106,270,14376,229
2021-06-06,Mariposa,43,17540,435,435,11,446,5
2021-06-06,Mendocino,45,87422,4066,3993,76,4069,47
2021-06-06,Merced,47,269075,31122,31215,998,32213,459
2021-06-06,Modoc,49,8938,385,375,133,508,3
2021-06-06,Mono,51,14174,1251,1275,13,1288,3
2021-06-06,Monterey,53,433212,43072,43078,1931,45009,415
2021-06-06,Napa,55,140530,9944,9963,35,9998,80
2021-06-06,Nevada,57,99092,4866,4854,199,5053,72
2021-06-06,Orange,59,3164182,254847,254782,11760,266542,5073
2021-06-06,Placer,61,380077,23381,23156,1577,24733,293
2021-06-06,Plumas,63,18699,710,692,12,704,4
2021-06-06,Riverside,65,2383286,291575,289201,14810,304011,4451
2021-06-06,Sacramento,67,1510023,106780,106749,1851,108600,1655
2021-06-06,San Benito,69,59416,6066,6074,120,6194,63
2021-06-06,San Bernardino,71,2135413,292989,293117,9068,302185,4773
2021-06-06,San Diego,73,3302833,281190,280743,0,280743,3764
2021-06-06,San Francisco,75,870044,36802,37118,1394,38512,552
2021-06-06,San Joaquin,77,732212,73275,73105,3778,76883,1388
2021-06-06,San Luis Obispo,79,281455,21263,21246,786,22032,255
2021-06-06,San Mateo,81,765935,42449,42457,485,42942,664
2021-06-06,Santa Barbara,83,443738,34485,34403,1253,35656,459
2021-06-06,Santa Clara,85,1922200,118391,119711,801,120512,2066
2021-06-06,Santa Cruz,87,273765,16172,16158,877,17035,208
2021-06-06,Shasta,89,179085,12417,12478,1663,14141,200
2021-06-06,Sierra,91,2930,55,55,14,69,0
2021-06-06,Siskiyou,93,43540,1929,1869,393,2262,21
2021-06-06,Solano,95,438530,33053,33093,565,33658,258
2021-06-06,Sonoma,97,501317,30369,30478,356,30834,323
2021-06-06,Stanislaus,99,539301,56398,56486,6217,62703,972
2021-06-06,Sutter,101,95872,9533,9567,93,9660,111
2021-06-06,Tehama,103,63373,5081,5092,615,5707,63
2021-06-06,Trinity,105,12862,363,328,64,392,3
2021-06-06,Tulare,107,460477,49659,49466,9593,59059,847
2021-06-06,Tuolumne,109,53932,4087,4097,36,4133,63
2021-06-06,Ventura,111,848112,81140,81130,3120,84250,1025
2021-06-06,Yolo,113,214977,14069,14089,344,14433,210
2021-06-06,Yuba,115,75493,6097,6096,132,6228,49
2021-06-05,Alameda,1,1643700,88451,88612,2066,90678,1268
2021-06-05,Alpine,3,1148,88,88,0,88,0
2021-06-05,Amador,5,37829,3708,3694,35,3729,46
2021-06-05,Butte,7,227075,12564,12514,1914,14428,194
2021-06-05,Calaveras,9,45235,2183,2181,15,2196,55
2021-06-05,Colusa,11,21464,1950,1959,324,2283,15
2021-06-05,Contra Costa,13,1133247,69969,69601,1357,70958,817
2021-06-05,Del Norte,15,27424,1402,1400,8,1408,8
2021-06-05,El Dorado,17,186661,10284,10288,778,11066,113
2021-06-05,Fresno,19,978130,102199,102626,9019,111645,1717
2021-06-05,Glenn,21,27897,2421,2423,581,3004,19
2021-06-05,Humboldt,23,135768,4357,4346,37,4383,42
2021-06-05,Imperial,25,180216,28583,28764,2883,31647,738
2021-06-05,Inyo,27,18085,1405,1405,4,1409,35
2021-06-05,Kern,29,883053,96949,96597,11450,108047,1324
2021-06-05,Kings,31,150075,22991,23017,1196,24213,244
2021-06-05,Lake,33,64148,3546,3534,9,3543,45
2021-06-05,Lassen,35,31185,5225,5191,122,5313,18
2021-06-05,Los Angeles,37,10098052,1203598,1203338,43959,1247297,24411
2021-06-05,Madera,39,155013,16577,16563,962,17525,240
2021-06-05,Marin,41,260295,14087,14101,270,14371,229
2021-06-05,Mariposa,43,17540,435,435,11,446,5
2021-06-05,Mendocino,45,87422,4063,3989,76,4065,47
2021-06-05,Merced,47,269075,31120,31212,998,32210,459
2021-06-05,Modoc,49,8938,385,375,132,507,3
2021-06-05,Mono,51,14174,1251,1274,13,1287,3
2021-06-05,Monterey,53,433212,43068,43071,1930,45001,415
2021-06-05,Napa,55,140530,9939,9960,35,9995,80
2021-06-05,Nevada,57,99092,4864,4849,199,5048,72
2021-06-05,Orange,59,3164182,254823,254752,11757,266509,5069
2021-06-05,Placer,61,380077,23366,23133,1576,24709,293
2021-06-05,Plumas,63,18699,710,692,12,704,4
2021-06-05,Riverside,65,2383286,291540,289157,14806,303963,4451
2021-06-05,Sacramento,67,1510023,106729,106688,1848,108536,1655
2021-06-05,San Benito,69,59416,6064,6074,120,6194,63
2021-06-05,San Bernardino,71,2135413,292954,293081,9066,302147,4772
2021-06-05,San Diego,73,3302833,281149,280676,0,280676,3764
2021-06-05,San Francisco,75,870044,36793,37111,1394,38505,552
2021-06-05,San Joaquin,77,732212,73259,73078,3771,76849,1388
2021-06-05,San Luis Obispo,79,281455,21260,21236,786,22022,255
2021-06-05,San Mateo,81,765935,42440,42433,485,42918,664
2021-06-05,Santa Barbara,83,443738,34482,34399,1252,35651,459
2021-06-05,Santa Clara,85,1922200,118369,119676,799,120475,2066
2021-06-05,Santa Cruz,87,273765,16172,16154,877,17031,208
2021-06-05,Shasta,89,179085,12408,12472,1662,14134,200
2021-06-05,Sierra,91,2930,55,55,14,69,0
2021-06-05,Siskiyou,93,43540,1929,1867,393,2260,21
2021-06-05,Solano,95,438530,33038,33074,565,33639,257
2021-06-05,Sonoma,97,501317,30342,30450,354,30804,323
2021-06-05,Stanislaus,99,539301,56377,56463,6215,62678,973
2021-06-05,Sutter,101,95872,9530,9559,93,9652,111
2021-06-05,Tehama,103,63373,5080,5092,614,5706,63
2021-06-05,Trinity,105,12862,363,328,64,392,3
2021-06-05,Tulare,107,460477,49654,49463,9592,59055,847
2021-06-05,Tuolumne,109,53932,4085,4098,36,4134,63
2021-06-05,Ventura,111,848112,81131,81119,3118,84237,1025
2021-06-05,Yolo,113,214977,14067,14088,344,14432,210
2021-06-05,Yuba,115,75493,6096,6087,132,6219,49
2021-06-04,Alameda,1,1643700,88424,88585,2064,90649,1263
2021-06-04,Alpine,3,1148,88,88,0,88,0
2021-06-04,Amador,5,37829,3708,3690,35,3725,46
2021-06-04,Butte,7,227075,12553,12494,1911,14405,193
2021-06-04,Calaveras,9,45235,2183,2179,15,2194,55
2021-06-04,Colusa,11,21464,1950,1959,324,2283,15
2021-06-04,Contra Costa,13,1133247,69934,69540,1354,70894,816
2021-06-04,Del Norte,15,27424,1402,1398,8,1406,8
2021-06-04,El Dorado,17,186661,10280,10284,776,11060,112
2021-06-04,Fresno,19,978130,102183,102601,9019,111620,1712
2021-06-04,Glenn,21,27897,2421,2423,580,3003,19
2021-06-04,Humboldt,23,135768,4352,4327,37,4364,42
2021-06-04,Imperial,25,180216,28579,28753,2883,31636,738
2021-06-04,Inyo,27,18085,1405,1404,4,1408,35
2021-06-04,Kern,29,883053,96931,96573,11448,108021,1327
2021-06-04,Kings,31,150075,22991,23002,1196,24198,244
2021-06-04,Lake,33,64148,3544,3528,9,3537,45
2021-06-04,Lassen,35,31185,5225,5180,122,5302,18
2021-06-04,Los Angeles,37,10098052,1203479,1203106,43949,1247055,24400
2021-06-04,Madera,39,155013,16575,16557,962,17519,240
2021-06-04,Marin,41,260295,14086,14099,269,14368,229
2021-06-04,Mariposa,43,17540,435,435,11,446,5
2021-06-04,Mendocino,45,87422,4054,3983,76,4059,47
2021-06-04,Merced,47,269075,31115,31204,997,32201,459
2021-06-04,Modoc,49,8938,383,375,132,507,3
2021-06-04,Mono,51,14174,1251,1275,13,1288,3
2021-06-04,Monterey,53,433212,43064,43068,1930,44998,415
2021-06-04,Napa,55,140530,9935,9958,35,9993,80
2021-06-04,Nevada,57,99092,4860,4844,199,5043,72
2021-06-04,Orange,59,3164182,254787,254730,11754,266484,5059
2021-06-04,Placer,61,380077,23351,23110,1575,24685,293
2021-06-04,Plumas,63,18699,710,691,12,703,4
2021-06-04,Riverside,65,2383286,291514,289098,14802,303900,4452
2021-06-04,Sacramento,67,1510023,106677,106616,1846,108462,1654
2021-06-04,San Benito,69,59416,6062,6073,120,6193,63
2021-06-04,San Bernardino,71,2135413,292930,293056,9064,302120,4768
2021-06-04,San Diego,73,3302833,281107,280556,0,280556,3763
2021-06-04,San Francisco,75,870044,36788,37079,1393,38472,551
2021-06-04,San Joaquin,77,732212,73240,73039,3769,76808,1388
2021-06-04,San Luis Obispo,79,281455,21257,21234,785,22019,255
2021-06-04,San Mateo,81,765935,42428,42413,485,42898,478
2021-06-04,Santa Barbara,83,443738,34476,34402,1251,35653,459
2021-06-04,Santa Clara,85,1922200,118340,119619,799,120418,2065
2021-06-04,Santa Cruz,87,273765,16170,16150,877,17027,207
2021-06-04,Shasta,89,179085,12402,12458,1657,14115,200
2021-06-04,Sierra,91,2930,55,55,14,69,0
2021-06-04,Siskiyou,93,43540,1928,1865,393,2258,21
2021-06-04,Solano,95,438530,33027,33058,565,33623,256
2021-06-04,Sonoma,97,501317,30321,30411,354,30765,323
2021-06-04,Stanislaus,99,539301,56354,56442,6212,62654,973
2021-06-04,Sutter,101,95872,9525,9554,93,9647,111
2021-06-04,Tehama,103,63373,5075,5090,614,5704,63
2021-06-04,Trinity,105,12862,363,328,64,392,3
2021-06-04,Tulare,107,460477,49645,49452,9590,59042,847
2021-06-04,Tuolumne,109,53932,4084,4095,36,4131,63
2021-06-04,Ventura,111,848112,81124,81104,3116,84220,1023
2021-06-04,Yolo,113,214977,14065,14083,344,14427,210
2021-06-04,Yuba,115,75493,6093,6084,132,6216,49
2021-06-03,Alameda,1,1643700,88386,88555,2061,90616,1257
2021-06-03,Alpine,3,1148,88,88,0,88,0
2021-06-03,Amador,5,37829,3700,3688,35,3723,46
2021-06-03,Butte,7,227075,12549,12478,1910,14388,193
2021-06-03,Calaveras,9,45235,2183,2179,15,2194,55
2021-06-03,Colusa,11,21464,1950,1957,324,2281,15
2021-06-03,Contra Costa,13,1133247,69879,69500,1349,70849,816
2021-06-03,Del Norte,15,27424,1400,1397,8,1405,8
2021-06-03,El Dorado,17,186661,10274,10284,773,11057,112
2021-06-03,Fresno,19,978130,102167,102566,9019,111585,1709
2021-06-03,Glenn,21,27897,2421,2421,580,3001,19
2021-06-03,Humboldt,23,135768,4344,4314,37,4351,42
2021-06-03,Imperial,25,180216,28567,28737,2883,31620,738
2021-06-03,Inyo,27,18085,1405,1404,4,1408,35
2021-06-03,Kern,29,883053,96904,96507,11434,107941,1326
2021-06-03,Kings,31,150075,22987,22982,1196,24178,244
2021-06-03,Lake,33,64148,3542,3526,9,3535,45
2021-06-03,Lassen,35,31185,5216,5177,122,5299,12
2021-06-03,Los Angeles,37,10098052,1203306,1202923,43941,1246864,24386
2021-06-03,Madera,39,155013,16569,16554,962,17516,240
2021-06-03,Marin,41,260295,14081,14095,269,14364,230
2021-06-03,Mariposa,43,17540,435,435,11,446,5
2021-06-03,Mendocino,45,87422,4047,3978,76,4054,47
2021-06-03,Merced,47,269075,31111,31199,997,32196,459
2021-06-03,Modoc,49,8938,382,376,131,507,3
2021-06-03,Mono,51,14174,1251,1275,13,1288,3
2021-06-03,Monterey,53,433212,43061,43063,1930,44993,415
2021-06-03,Napa,55,140530,9928,9957,35,9992,81
2021-06-03,Nevada,57,99092,4856,4837,199,5036,72
2021-06-03,Orange,59,3164182,254759,254676,11744,266420,5056
2021-06-03,Placer,61,380077,23342,23100,1574,24674,293
2021-06-03,Plumas,63,18699,710,691,12,703,4
2021-06-03,Riverside,65,2383286,291460,289035,14800,303835,4447
2021-06-03,Sacramento,67,1510023,106598,106526,1844,108370,1654
2021-06-03,San Benito,69,59416,6062,6073,120,6193,63
2021-06-03,San Bernardino,71,2135413,292898,293021,9063,302084,4762
2021-06-03,San Diego,73,3302833,281044,280430,0,280430,3761
2021-06-03,San Francisco,75,870044,36782,37072,1393,38465,551
2021-06-03,San Joaquin,77,732212,73212,72989,3765,76754,1388
2021-06-03,San Luis Obispo,79,281455,21252,21224,785,22009,255
2021-06-03,San Mateo,81,765935,42415,42396,485,42881,467
2021-06-03,Santa Barbara,83,443738,34473,34391,1251,35642,459
2021-06-03,Santa Clara,85,1922200,118318,119592,797,120389,2058
2021-06-03,Santa Cruz,87,273765,16168,16144,877,17021,207
2021-06-03,Shasta,89,179085,12387,12441,1655,14096,199
2021-06-03,Sierra,91,2930,55,55,14,69,0
2021-06-03,Siskiyou,93,43540,1928,1862,392,2254,21
2021-06-03,Solano,95,438530,33014,33019,565,33584,256
2021-06-03,Sonoma,97,501317,30299,30383,353,30736,322
2021-06-03,Stanislaus,99,539301,56324,56401,6205,62606,973
2021-06-03,Sutter,101,95872,9516,9539,93,9632,111
2021-06-03,Tehama,103,63373,5075,5087,614,5701,63
2021-06-03,Trinity,105,12862,363,328,64,392,3
2021-06-03,Tulare,107,460477,49642,49442,9586,59028,848
2021-06-03,Tuolumne,109,53932,4082,4095,36,4131,63
2021-06-03,Ventura,111,848112,81112,81078,3114,84192,1023
2021-06-03,Yolo,113,214977,14061,14078,341,14419,210
2021-06-03,Yuba,115,75493,6086,6077,132,6209,49
2021-06-02,Alameda,1,1643700,88341,88525,2059,90584,1254
2021-06-02,Alpine,3,1148,88,88,0,88,0
2021-06-02,Amador,5,37829,3698,3687,35,3722,46
2021-06-02,Butte,7,227075,12529,12432,1908,14340,193
2021-06-02,Calaveras,9,45235,2181,2174,14,2188,55
2021-06-02,Colusa,11,21464,1949,1957,324,2281,15
2021-06-02,Contra Costa,13,1133247,69828,69455,1347,70802,814
2021-06-02,Del Norte,15,27424,1398,1395,8,1403,8
2021-06-02,El Dorado,17,186661,10270,10275,773,11048,110
2021-06-02,Fresno,19,978130,102144,102547,9016,111563,1707
2021-06-02,Glenn,21,27897,2421,2421,580,3001,19
2021-06-02,Humboldt,23,135768,4329,4302,37,4339,42
2021-06-02,Imperial,25,180216,28562,28737,2881,31618,738
2021-06-02,Inyo,27,18085,1404,1403,4,1407,35
2021-06-02,Kern,29,883053,96878,96481,11425,107906,1326
2021-06-02,Kings,31,150075,22985,22981,1196,24177,244
2021-06-02,Lake,33,64148,3537,3522,9,3531,45
2021-06-02,Lassen,35,31185,5215,5177,122,5299,6
2021-06-02,Los Angeles,37,10098052,1203104,1202760,43932,1246692,24375
2021-06-02,Madera,39,155013,16561,16550,962,17512,240
2021-06-02,Marin,41,260295,14079,14091,269,14360,229
2021-06-02,Mariposa,43,17540,435,434,11,445,5
2021-06-02,Mendocino,45,87422,4041,3970,76,4046,47
2021-06-02,Merced,47,269075,31098,31195,996,32191,458
2021-06-02,Modoc,49,8938,381,375,130,505,3
2021-06-02,Mono,51,14174,1251,1275,13,1288,3
2021-06-02,Monterey,53,433212,43059,43056,1930,44986,380
2021-06-02,Napa,55,140530,9927,9953,35,9988,82
2021-06-02,Nevada,57,99092,4853,4833,199,5032,72
2021-06-02,Orange,59,3164182,254714,254637,11740,266377,5055
2021-06-02,Placer,61,380077,23321,23058,1572,24630,293
2021-06-02,Plumas,63,18699,710,690,12,702,4
2021-06-02,Riverside,65,2383286,291405,289012,14790,303802,4445
2021-06-02,Sacramento,67,1510023,106534,106435,1837,108272,1649
2021-06-02,San Benito,69,59416,6061,6073,120,6193,63
2021-06-02,San Bernardino,71,2135413,292852,293004,9058,302062,4760
2021-06-02,San Diego,73,3302833,280964,280347,0,280347,3760
2021-06-02,San Francisco,75,870044,36762,37050,1392,38442,550
2021-06-02,San Joaquin,77,732212,73181,72893,3762,76655,1387
2021-06-02,San Luis Obispo,79,281455,21245,21214,784,21998,255
2021-06-02,San Mateo,81,765935,42405,42383,484,42867,464
2021-06-02,Santa Barbara,83,443738,34466,34381,1251,35632,456
2021-06-02,Santa Clara,85,1922200,118290,119553,796,120349,2058
2021-06-02,Santa Cruz,87,273765,16165,16144,877,17021,207
2021-06-02,Shasta,89,179085,12370,12426,1652,14078,199
2021-06-02,Sierra,91,2930,55,55,14,69,0
2021-06-02,Siskiyou,93,43540,1928,1861,390,2251,21
2021-06-02,Solano,95,438530,33002,33007,564,33571,256
2021-06-02,Sonoma,97,501317,30280,30359,348,30707,322
2021-06-02,Stanislaus,99,539301,56295,56377,6200,62577,973
2021-06-02,Sutter,101,95872,9513,9533,93,9626,111
2021-06-02,Tehama,103,63373,5072,5081,614,5695,63
2021-06-02,Trinity,105,12862,361,328,64,392,3
2021-06-02,Tulare,107,460477,49634,49434,9582,59016,846
2021-06-02,Tuolumne,109,53932,4082,4095,36,4131,63
2021-06-02,Ventura,111,848112,81087,81033,3114,84147,1020
2021-06-02,Yolo,113,214977,14058,14074,340,14414,210
2021-06-02,Yuba,115,75493,6080,6072,132,6204,48
2021-06-01,Alameda,1,1643700,88308,88472,2057,90529,1253
2021-06-01,Alpine,3,1148,88,88,0,88,0
2021-06-01,Amador,5,37829,3696,3687,35,3722,46
2021-06-01,Butte,7,227075,12515,12427,1907,14334,193
2021-06-01,Calaveras,9,45235,2179,2173,14,2187,55
2021-06-01,Colusa,11,21464,1948,1955,323,2278,15
2021-06-01,Contra Costa,13,1133247,69771,69404,1347,70751,813
2021-06-01,Del Norte,15,27424,1397,1394,8,1402,8
2021-06-01,El Dorado,17,186661,10264,10271,773,11044,110
2021-06-01,Fresno,19,978130,102121,102534,9013,111547,1706
2021-06-01,Glenn,21,27897,2421,2422,580,3002,18
2021-06-01,Humboldt,23,135768,4319,4299,37,4336,42
2021-06-01,Imperial,25,180216,28558,28722,2880,31602,736
2021-06-01,Inyo,27,18085,1404,1403,4,1407,35
2021-06-01,Kern,29,883053,96851,96477,11417,107894,1319
2021-06-01,Kings,31,150075,22981,22977,1196,24173,244
2021-06-01,Lake,33,64148,3536,3523,9,3532,45
2021-06-01,Lassen,35,31185,5208,5172,122,5294,6
2021-06-01,Los Angeles,37,10098052,1202871,1202673,43919,1246592,24367
2021-06-01,Madera,39,155013,16552,16549,961,17510,240
2021-06-01,Marin,41,260295,14077,14081,269,14350,229
2021-06-01,Mariposa,43,17540,435,431,11,442,5
2021-06-01,Mendocino,45,87422,4034,3966,76,4042,47
2021-06-01,Merced,47,269075,31089,31195,996,32191,456
2021-06-01,Modoc,49,8938,380,375,130,505,3
2021-06-01,Mono,51,14174,1251,1275,13,1288,3
2021-06-01,Monterey,53,433212,43053,43051,1930,44981,379
2021-06-01,Napa,55,140530,9925,9949,35,9984,82
2021-06-01,Nevada,57,99092,4848,4825,199,5024,72
2021-06-01,Orange,59,3164182,254679,254603,11733,266336,5051
2021-06-01,Placer,61,380077,23291,23021,1570,24591,293
2021-06-01,Plumas,63,18699,709,690,12,702,4
2021-06-01,Riverside,65,2383286,291354,288996,14784,303780,4442
2021-06-01,Sacramento,67,1510023,106462,106330,1835,108165,1644
2021-06-01,San Benito,69,59416,6060,6073,119,6192,63
2021-06-01,San Bernardino,71,2135413,292829,292990,9057,302047,4758
2021-06-01,San Diego,73,3302833,280861,280305,0,280305,3756
2021-06-01,San Francisco,75,870044,36746,37031,1392,38423,550
2021-06-01,San Joaquin,77,732212,73149,72858,3760,76618,1383
2021-06-01,San Luis Obispo,79,281455,21240,21217,784,22001,256
2021-06-01,San Mateo,81,765935,42389,42383,483,42866,462
2021-06-01,Santa Barbara,83,443738,34463,34374,1251,35625,456
2021-06-01,Santa Clara,85,1922200,118262,119528,796,120324,2057
2021-06-01,Santa Cruz,87,273765,16161,16143,876,17019,207
2021-06-01,Shasta,89,179085,12361,12409,1647,14056,199
2021-06-01,Sierra,91,2930,55,55,14,69,0
2021-06-01,Siskiyou,93,43540,1922,1860,389,2249,21
2021-06-01,Solano,95,438530,32977,32974,563,33537,256
2021-06-01,Sonoma,97,501317,30241,30324,347,30671,322
2021-06-01,Stanislaus,99,539301,56271,56348,6198,62546,973
2021-06-01,Sutter,101,95872,9506,9528,93,9621,111
2021-06-01,Tehama,103,63373,5070,5079,614,5693,63
2021-06-01,Trinity,105,12862,360,328,63,391,3
2021-06-01,Tulare,107,460477,49626,49419,9578,58997,845
2021-06-01,Tuolumne,109,53932,4082,4094,36,4130,63
2021-06-01,Ventura,111,848112,81071,81018,3113,84131,1021
2021-06-01,Yolo,113,214977,14054,14067,339,14406,210
2021-06-01,Yuba,115,75493,6076,6067,132,6199,48
2021-05-31,Alameda,1,1643700,88270,88458,2053,90511,1253
2021-05-31,Alpine,3,1148,88,88,0,88,0
2021-05-31,Amador,5,37829,3690,3687,35,3722,46
2021-05-31,Butte,7,227075,12502,12429,1907,14336,193
2021-05-31,Calaveras,9,45235,2178,2171,14,2185,55
2021-05-31,Colusa,11,21464,1948,1956,322,2278,15
2021-05-31,Contra Costa,13,1133247,69734,69390,1345,70735,813
2021-05-31,Del Norte,15,27424,1394,1394,8,1402,8
2021-05-31,El Dorado,17,186661,10258,10271,771,11042,110
2021-05-31,Fresno,19,978130,102085,102507,9012,111519,1706
2021-05-31,Glenn,21,27897,2420,2422,579,3001,18
2021-05-31,Humboldt,23,135768,4307,4295,37,4332,42
2021-05-31,Imperial,25,180216,28552,28732,2877,31609,736
2021-05-31,Inyo,27,18085,1403,1403,4,1407,35
2021-05-31,Kern,29,883053,96815,96457,11408,107865,1319
2021-05-31,Kings,31,150075,22977,22977,1196,24173,244
2021-05-31,Lake,33,64148,3531,3523,9,3532,45
2021-05-31,Lassen,35,31185,5206,5172,121,5293,6
2021-05-31,Los Angeles,37,10098052,1202631,1202567,43911,1246478,24364
2021-05-31,Madera,39,155013,16551,16543,960,17503,240
2021-05-31,Marin,41,260295,14075,14080,268,14348,229
2021-05-31,Mariposa,43,17540,435,430,11,441,5
2021-05-31,Mendocino,45,87422,4025,3961,76,4037,47
2021-05-31,Merced,47,269075,31084,31194,996,32190,456
2021-05-31,Modoc,49,8938,379,374,130,504,3
2021-05-31,Mono,51,14174,1251,1275,13,1288,3
2021-05-31,Monterey,53,433212,43049,43051,1930,44981,379
2021-05-31,Napa,55,140530,9918,9948,35,9983,82
2021-05-31,Nevada,57,99092,4838,4823,198,5021,72
2021-05-31,Orange,59,3164182,254652,254572,11726,266298,5051
2021-05-31,Placer,61,380077,23264,23019,1565,24584,293
2021-05-31,Plumas,63,18699,708,690,12,702,4
2021-05-31,Riverside,65,2383286,291298,288970,14772,303742,4442
2021-05-31,Sacramento,67,1510023,106365,106278,1830,108108,1644
2021-05-31,San Benito,69,59416,6060,6072,119,6191,63
2021-05-31,San Bernardino,71,2135413,292782,292973,9056,302029,4758
2021-05-31,San Diego,73,3302833,280757,280254,0,280254,3756
2021-05-31,San Francisco,75,870044,36731,37022,1391,38413,550
2021-05-31,San Joaquin,77,732212,73102,72856,3753,76609,1383
2021-05-31,San Luis Obispo,79,281455,21232,21215,784,21999,256
2021-05-31,San Mateo,81,765935,42373,42389,483,42872,442
2021-05-31,Santa Barbara,83,443738,34450,34369,1249,35618,456
2021-05-31,Santa Clara,85,1922200,118218,119515,796,120311,2057
2021-05-31,Santa Cruz,87,273765,16158,16139,876,17015,207
2021-05-31,Shasta,89,179085,12345,12408,1644,14052,199
2021-05-31,Sierra,91,2930,55,55,14,69,0
2021-05-31,Siskiyou,93,43540,1921,1856,388,2244,21
2021-05-31,Solano,95,438530,32926,32973,563,33536,256
2021-05-31,Sonoma,97,501317,30198,30314,347,30661,322
2021-05-31,Stanislaus,99,539301,56220,56335,6195,62530,973
2021-05-31,Sutter,101,95872,9487,9523,93,9616,111
2021-05-31,Tehama,103,63373,5068,5076,613,5689,63
2021-05-31,Trinity,105,12862,360,328,63,391,3
2021-05-31,Tulare,107,460477,49615,49404,9573,58977,845
2021-05-31,Tuolumne,109,53932,4080,4095,36,4131,63
2021-05-31,Ventura,111,848112,81056,81017,3110,84127,1021
2021-05-31,Yolo,113,214977,14050,14064,339,14403,210
2021-05-31,Yuba,115,75493,6070,6063,129,6192,48
2021-05-30,Alameda,1,1643700,88245,88429,2053,90482,1253
2021-05-30,Alpine,3,1148,88,88,0,88,0
2021-05-30,Amador,5,37829,3686,3685,35,3720,46
2021-05-30,Butte,7,227075,12492,12427,1905,14332,190
2021-05-30,Calaveras,9,45235,2174,2166,14,2180,55
2021-05-30,Colusa,11,21464,1948,1954,322,2276,15
2021-05-30,Contra Costa,13,1133247,69700,69381,1343,70724,813
2021-05-30,Del Norte,15,27424,1393,1393,8,1401,8
2021-05-30,El Dorado,17,186661,10255,10271,771,11042,110
2021-05-30,Fresno,19,978130,102068,102499,9008,111507,1706
2021-05-30,Glenn,21,27897,2420,2422,578,3000,18
2021-05-30,Humboldt,23,135768,4298,4291,37,4328,42
2021-05-30,Imperial,25,180216,28547,28732,2876,31608,736
2021-05-30,Inyo,27,18085,1403,1403,4,1407,35
2021-05-30,Kern,29,883053,96799,96443,11405,107848,1319
2021-05-30,Kings,31,150075,22976,22974,1195,24169,244
2021-05-30,Lake,33,64148,3531,3517,9,3526,45
2021-05-30,Lassen,35,31185,5204,5171,121,5292,6
2021-05-30,Los Angeles,37,10098052,1202528,1202425,43904,1246329,24360
2021-05-30,Madera,39,155013,16547,16538,960,17498,240
2021-05-30,Marin,41,260295,14071,14083,267,14350,229
2021-05-30,Mariposa,43,17540,435,430,11,441,5
2021-05-30,Mendocino,45,87422,4018,3955,76,4031,47
2021-05-30,Merced,47,269075,31080,31189,995,32184,456
2021-05-30,Modoc,49,8938,379,374,130,504,3
2021-05-30,Mono,51,14174,1251,1275,13,1288,3
2021-05-30,Monterey,53,433212,43046,43049,1930,44979,379
2021-05-30,Napa,55,140530,9917,9948,35,9983,82
2021-05-30,Nevada,57,99092,4832,4818,198,5016,72
2021-05-30,Orange,59,3164182,254628,254559,11725,266284,5051
2021-05-30,Placer,61,380077,23258,23016,1565,24581,293
2021-05-30,Plumas,63,18699,706,690,12,702,4
2021-05-30,Riverside,65,2383286,291277,288961,14770,303731,4442
2021-05-30,Sacramento,67,1510023,106320,106252,1828,108080,1644
2021-05-30,San Benito,69,59416,6060,6072,119,6191,63
2021-05-30,San Bernardino,71,2135413,292757,292981,9055,302036,4758
2021-05-30,San Diego,73,3302833,280701,280209,0,280209,3756
2021-05-30,San Francisco,75,870044,36714,37016,1390,38406,550
2021-05-30,San Joaquin,77,732212,73085,72853,3752,76605,1383
2021-05-30,San Luis Obispo,79,281455,21224,21211,783,21994,256
2021-05-30,San Mateo,81,765935,42365,42386,483,42869,439
2021-05-30,Santa Barbara,83,443738,34446,34369,1248,35617,456
2021-05-30,Santa Clara,85,1922200,118196,119510,792,120302,2057
2021-05-30,Santa Cruz,87,273765,16156,16140,876,17016,207
2021-05-30,Shasta,89,179085,12343,12408,1641,14049,199
2021-05-30,Sierra,91,2930,55,55,14,69,0
2021-05-30,Siskiyou,93,43540,1921,1856,388,2244,21
2021-05-30,Solano,95,438530,32915,32952,562,33514,256
2021-05-30,Sonoma,97,501317,30182,30310,345,30655,322
2021-05-30,Stanislaus,99,539301,56201,56323,6194,62517,973
2021-05-30,Sutter,101,95872,9486,9519,92,9611,111
2021-05-30,Tehama,103,63373,5068,5073,613,5686,63
2021-05-30,Trinity,105,12862,360,328,63,391,3
2021-05-30,Tulare,107,460477,49608,49397,9565,58962,845
2021-05-30,Tuolumne,109,53932,4080,4094,36,4130,63
2021-05-30,Ventura,111,848112,81053,81012,3108,84120,1021
2021-05-30,Yolo,113,214977,14045,14059,338,14397,210
2021-05-30,Yuba,115,75493,6063,6063,128,6191,48
2021-05-29,Alameda,1,1643700,88222,88433,2051,90484,1253
2021-05-29,Alpine,3,1148,88,88,0,88,0
2021-05-29,Amador,5,37829,3685,3683,35,3718,46
2021-05-29,Butte,7,227075,12486,12425,1905,14330,190
2021-05-29,Calaveras,9,45235,2173,2166,14,2180,55
2021-05-29,Colusa,11,21464,1945,1954,322,2276,15
2021-05-29,Contra Costa,13,1133247,69667,69351,1343,70694,813
2021-05-29,Del Norte,15,27424,1393,1391,8,1399,8
2021-05-29,El Dorado,17,186661,10254,10269,769,11038,110
2021-05-29,Fresno,19,978130,102056,102470,9005,111475,1706
2021-05-29,Glenn,21,27897,2420,2422,577,2999,18
2021-05-29,Humboldt,23,135768,4292,4283,37,4320,42
2021-05-29,Imperial,25,180216,28544,28729,2875,31604,736
2021-05-29,Inyo,27,18085,1403,1404,4,1408,35
2021-05-29,Kern,29,883053,96789,96424,11391,107815,1319
2021-05-29,Kings,31,150075,22975,22970,1194,24164,244
2021-05-29,Lake,33,64148,3531,3515,9,3524,45
2021-05-29,Lassen,35,31185,5204,5171,121,5292,6
2021-05-29,Los Angeles,37,10098052,1202404,1202264,43901,1246165,24359
2021-05-29,Madera,39,155013,16545,16535,960,17495,240
2021-05-29,Marin,41,260295,14067,14071,266,14337,229
2021-05-29,Mariposa,43,17540,434,428,11,439,5
2021-05-29,Mendocino,45,87422,4012,3952,76,4028,47
2021-05-29,Merced,47,269075,31069,31187,995,32182,456
2021-05-29,Modoc,49,8938,379,374,130,504,3
2021-05-29,Mono,51,14174,1251,1275,13,1288,3
2021-05-29,Monterey,53,433212,43044,43042,1930,44972,379
2021-05-29,Napa,55,140530,9914,9948,35,9983,82
2021-05-29,Nevada,57,99092,4831,4816,198,5014,72
2021-05-29,Orange,59,3164182,254606,254537,11715,266252,5049
2021-05-29,Placer,61,380077,23244,23009,1564,24573,293
2021-05-29,Plumas,63,18699,706,689,12,701,4
2021-05-29,Riverside,65,2383286,291257,288908,14770,303678,4442
2021-05-29,Sacramento,67,1510023,106291,106218,1826,108044,1643
2021-05-29,San Benito,69,59416,6059,6072,119,6191,63
2021-05-29,San Bernardino,71,2135413,292725,292961,9054,302015,4757
2021-05-29,San Diego,73,3302833,280642,280151,0,280151,3756
2021-05-29,San Francisco,75,870044,36705,37008,1390,38398,550
2021-05-29,San Joaquin,77,732212,73069,72827,3750,76577,1383
2021-05-29,San Luis Obispo,79,281455,21222,21201,783,21984,256
2021-05-29,San Mateo,81,765935,42357,42375,482,42857,439
2021-05-29,Santa Barbara,83,443738,34442,34367,1248,35615,456
2021-05-29,Santa Clara,85,1922200,118172,119498,791,120289,2056
2021-05-29,Santa Cruz,87,273765,16155,16137,876,17013,207
2021-05-29,Shasta,89,179085,12335,12401,1640,14041,199
2021-05-29,Sierra,91,2930,55,55,14,69,0
2021-05-29,Siskiyou,93,43540,1916,1856,388,2244,21
2021-05-29,Solano,95,438530,32906,32917,562,33479,256
2021-05-29,Sonoma,97,501317,30159,30298,344,30642,322
2021-05-29,Stanislaus,99,539301,56181,56305,6192,62497,974
2021-05-29,Sutter,101,95872,9482,9516,92,9608,111
2021-05-29,Tehama,103,63373,5067,5070,613,5683,63
2021-05-29,Trinity,105,12862,360,328,63,391,3
2021-05-29,Tulare,107,460477,49598,49392,9561,58953,845
2021-05-29,Tuolumne,109,53932,4080,4093,36,4129,63
2021-05-29,Ventura,111,848112,81045,81008,3108,84116,1021
2021-05-29,Yolo,113,214977,14044,14055,338,14393,210
2021-05-29,Yuba,115,75493,6063,6059,128,6187,48
2021-05-28,Alameda,1,1643700,88198,88391,2047,90438,1261
2021-05-28,Alpine,3,1148,88,88,0,88,0
2021-05-28,Amador,5,37829,3685,3680,35,3715,46
2021-05-28,Butte,7,227075,12483,12407,1904,14311,190
2021-05-28,Calaveras,9,45235,2172,2165,14,2179,55
2021-05-28,Colusa,11,21464,1945,1954,320,2274,15
2021-05-28,Contra Costa,13,1133247,69631,69290,1342,70632,813
2021-05-28,Del Norte,15,27424,1392,1390,8,1398,8
2021-05-28,El Dorado,17,186661,10251,10265,769,11034,110
2021-05-28,Fresno,19,978130,102042,102437,9005,111442,1705
2021-05-28,Glenn,21,27897,2420,2419,577,2996,18
2021-05-28,Humboldt,23,135768,4286,4265,37,4302,42
2021-05-28,Imperial,25,180216,28541,28722,2875,31597,736
2021-05-28,Inyo,27,18085,1403,1404,4,1408,35
2021-05-28,Kern,29,883053,96772,96396,11383,107779,1320
2021-05-28,Kings,31,150075,22973,22962,1194,24156,244
2021-05-28,Lake,33,64148,3529,3515,9,3524,45
2021-05-28,Lassen,35,31185,5204,5169,121,5290,6
2021-05-28,Los Angeles,37,10098052,1202297,1202103,43889,1245992,24357
2021-05-28,Madera,39,155013,16543,16530,960,17490,240
2021-05-28,Marin,41,260295,14066,14063,265,14328,229
2021-05-28,Mariposa,43,17540,434,428,11,439,5
2021-05-28,Mendocino,45,87422,4007,3947,76,4023,47
2021-05-28,Merced,47,269075,31066,31176,995,32171,455
2021-05-28,Modoc,49,8938,379,374,130,504,3
2021-05-28,Mono,51,14174,1251,1274,13,1287,3
2021-05-28,Monterey,53,433212,43043,43036,1930,44966,379
2021-05-28,Napa,55,140530,9914,9941,35,9976,82
2021-05-28,Nevada,57,99092,4829,4813,198,5011,71
2021-05-28,Orange,59,3164182,254588,254494,11713,266207,5047
2021-05-28,Placer,61,380077,23234,22987,1562,24549,293
2021-05-28,Plumas,63,18699,704,688,12,700,4
2021-05-28,Riverside,65,2383286,291235,288872,14768,303640,4442
2021-05-28,Sacramento,67,1510023,106233,106131,1825,107956,1642
2021-05-28,San Benito,69,59416,6059,6074,119,6193,63
2021-05-28,San Bernardino,71,2135413,292701,292905,9054,301959,4757
2021-05-28,San Diego,73,3302833,280579,280043,0,280043,3756
2021-05-28,San Francisco,75,870044,36699,36987,1390,38377,546
2021-05-28,San Joaquin,77,732212,73039,72793,3748,76541,1383
2021-05-28,San Luis Obispo,79,281455,21218,21190,781,21971,256
2021-05-28,San Mateo,81,765935,42350,42364,482,42846,439
2021-05-28,Santa Barbara,83,443738,34441,34371,1247,35618,455
2021-05-28,Santa Clara,85,1922200,118148,119462,791,120253,2056
2021-05-28,Santa Cruz,87,273765,16154,16129,876,17005,207
2021-05-28,Shasta,89,179085,12326,12383,1638,14021,198
2021-05-28,Sierra,91,2930,55,54,14,68,0
2021-05-28,Siskiyou,93,43540,1914,1850,388,2238,19
2021-05-28,Solano,95,438530,32891,32892,562,33454,256
2021-05-28,Sonoma,97,501317,30140,30270,344,30614,321
2021-05-28,Stanislaus,99,539301,56158,56278,6189,62467,974
2021-05-28,Sutter,101,95872,9478,9511,92,9603,111
2021-05-28,Tehama,103,63373,5061,5064,613,5677,63
2021-05-28,Trinity,105,12862,360,328,63,391,3
2021-05-28,Tulare,107,460477,49592,49375,9551,58926,846
2021-05-28,Tuolumne,109,53932,4080,4090,36,4126,63
2021-05-28,Ventura,111,848112,81034,80985,3107,84092,1021
2021-05-28,Yolo,113,214977,14040,14050,337,14387,210
2021-05-28,Yuba,115,75493,6061,6050,127,6177,48
2021-05-27,Alameda,1,1643700,88162,88342,2046,90388,1274
2021-05-27,Alpine,3,1148,88,88,0,88,0
2021-05-27,Amador,5,37829,3683,3680,35,3715,46
2021-05-27,Butte,7,227075,12478,12401,1903,14304,190
2021-05-27,Calaveras,9,45235,2171,2163,14,2177,55
2021-05-27,Colusa,11,21464,1942,1952,320,2272,15
2021-05-27,Contra Costa,13,1133247,69590,69245,1340,70585,813
2021-05-27,Del Norte,15,27424,1392,1388,8,1396,8
2021-05-27,El Dorado,17,186661,10250,10248,769,11017,112
2021-05-27,Fresno,19,978130,102026,102413,9002,111415,1704
2021-05-27,Glenn,21,27897,2420,2415,577,2992,18
2021-05-27,Humboldt,23,135768,4278,4260,37,4297,42
2021-05-27,Imperial,25,180216,28530,28728,2875,31603,736
2021-05-27,Inyo,27,18085,1403,1404,4,1408,35
2021-05-27,Kern,29,883053,96756,96364,11375,107739,1322
2021-05-27,Kings,31,150075,22970,22953,1194,24147,245
2021-05-27,Lake,33,64148,3524,3509,9,3518,45
2021-05-27,Lassen,35,31185,5203,5170,120,5290,6
2021-05-27,Los Angeles,37,10098052,1202137,1201927,43872,1245799,24348
2021-05-27,Madera,39,155013,16534,16527,960,17487,240
2021-05-27,Marin,41,260295,14062,14061,265,14326,229
2021-05-27,Mariposa,43,17540,432,427,11,438,5
2021-05-27,Mendocino,45,87422,4001,3945,76,4021,47
2021-05-27,Merced,47,269075,31054,31161,995,32156,455
2021-05-27,Modoc,49,8938,378,374,130,504,3
2021-05-27,Mono,51,14174,1251,1276,13,1289,3
2021-05-27,Monterey,53,433212,43037,43032,1930,44962,379
2021-05-27,Napa,55,140530,9913,9934,35,9969,82
2021-05-27,Nevada,57,99092,4825,4807,196,5003,71
2021-05-27,Orange,59,3164182,254552,254438,11708,266146,5059
2021-05-27,Placer,61,380077,23225,22966,1562,24528,293
2021-05-27,Plumas,63,18699,704,687,12,699,4
2021-05-27,Riverside,65,2383286,291200,288835,14763,303598,4443
2021-05-27,Sacramento,67,1510023,106159,106015,1823,107838,1642
2021-05-27,San Benito,69,59416,6058,6074,119,6193,63
2021-05-27,San Bernardino,71,2135413,292662,292755,9052,301807,4756
2021-05-27,San Diego,73,3302833,280505,279960,0,279960,3756
2021-05-27,San Francisco,75,870044,36694,36980,1386,38366,546
2021-05-27,San Joaquin,77,732212,73007,72714,3744,76458,1388
2021-05-27,San Luis Obispo,79,281455,21215,21171,781,21952,256
2021-05-27,San Mateo,81,765935,42341,42345,482,42827,436
2021-05-27,Santa Barbara,83,443738,34437,34355,1247,35602,456
2021-05-27,Santa Clara,85,1922200,118129,119452,791,120243,2053
2021-05-27,Santa Cruz,87,273765,16151,16134,876,17010,207
2021-05-27,Shasta,89,179085,12315,12380,1638,14018,202
2021-05-27,Sierra,91,2930,55,54,14,68,0
2021-05-27,Siskiyou,93,43540,1911,1846,388,2234,18
2021-05-27,Solano,95,438530,32850,32855,561,33416,257
2021-05-27,Sonoma,97,501317,30113,30253,340,30593,321
2021-05-27,Stanislaus,99,539301,56130,56207,6188,62395,974
2021-05-27,Sutter,101,95872,9474,9501,92,9593,111
2021-05-27,Tehama,103,63373,5058,5064,612,5676,63
2021-05-27,Trinity,105,12862,360,328,63,391,3
2021-05-27,Tulare,107,460477,49578,49366,9542,58908,840
2021-05-27,Tuolumne,109,53932,4079,4090,36,4126,66
2021-05-27,Ventura,111,848112,81021,80965,3104,84069,1023
2021-05-27,Yolo,113,214977,14037,14036,336,14372,213
2021-05-27,Yuba,115,75493,6056,6040,126,6166,48
2021-05-26,Alameda,1,1643700,88133,88297,2046,90343,1266
2021-05-26,Alpine,3,1148,88,88,0,88,0
2021-05-26,Amador,5,37829,3683,3679,35,3714,46
2021-05-26,Butte,7,227075,12469,12332,1902,14234,190
2021-05-26,Calaveras,9,45235,2169,2154,14,2168,55
2021-05-26,Colusa,11,21464,1941,1952,320,2272,15
2021-05-26,Contra Costa,13,1133247,69553,69210,1340,70550,812
2021-05-26,Del Norte,15,27424,1392,1386,7,1393,8
2021-05-26,El Dorado,17,186661,10246,10242,768,11010,112
2021-05-26,Fresno,19,978130,101994,102374,8997,111371,1702
2021-05-26,Glenn,21,27897,2419,2415,577,2992,18
2021-05-26,Humboldt,23,135768,4273,4246,37,4283,42
2021-05-26,Imperial,25,180216,28525,28712,2873,31585,734
2021-05-26,Inyo,27,18085,1403,1403,4,1407,36
2021-05-26,Kern,29,883053,96732,96343,11367,107710,1320
2021-05-26,Kings,31,150075,22966,22950,1193,24143,245
2021-05-26,Lake,33,64148,3523,3508,9,3517,45
2021-05-26,Lassen,35,31185,5202,5164,120,5284,6
2021-05-26,Los Angeles,37,10098052,1201973,1198100,43854,1241954,24221
2021-05-26,Madera,39,155013,16532,16520,960,17480,240
2021-05-26,Marin,41,260295,14059,14061,264,14325,227
2021-05-26,Mariposa,43,17540,432,427,11,438,5
2021-05-26,Mendocino,45,87422,3995,3938,76,4014,47
2021-05-26,Merced,47,269075,31045,31139,995,32134,455
2021-05-26,Modoc,49,8938,378,371,129,500,3
2021-05-26,Mono,51,14174,1251,1274,13,1287,3
2021-05-26,Monterey,53,433212,43031,43018,1929,44947,379
2021-05-26,Napa,55,140530,9906,9932,33,9965,82
2021-05-26,Nevada,57,99092,4820,4803,196,4999,70
2021-05-26,Orange,59,3164182,254517,254368,11704,266072,5058
2021-05-26,Placer,61,380077,23201,22940,1562,24502,293
2021-05-26,Plumas,63,18699,703,685,12,697,4
2021-05-26,Riverside,65,2383286,291154,288782,14756,303538,4443
2021-05-26,Sacramento,67,1510023,106073,105919,1819,107738,1637
2021-05-26,San Benito,69,59416,6058,6074,119,6193,63
2021-05-26,San Bernardino,71,2135413,292623,292662,9051,301713,4755
2021-05-26,San Diego,73,3302833,280431,279859,0,279859,3755
2021-05-26,San Francisco,75,870044,36682,36954,1386,38340,546
2021-05-26,San Joaquin,77,732212,72966,72681,3741,76422,1388
2021-05-26,San Luis Obispo,79,281455,21210,21163,781,21944,256
2021-05-26,San Mateo,81,765935,42332,42331,481,42812,436
2021-05-26,Santa Barbara,83,443738,34428,34348,1247,35595,459
2021-05-26,Santa Clara,85,1922200,118102,119421,790,120211,2031
2021-05-26,Santa Cruz,87,273765,16150,16139,876,17015,207
2021-05-26,Shasta,89,179085,12301,12357,1635,13992,202
2021-05-26,Sierra,91,2930,55,54,14,68,0
2021-05-26,Siskiyou,93,43540,1909,1847,386,2233,18
2021-05-26,Solano,95,438530,32814,32831,561,33392,257
2021-05-26,Sonoma,97,501317,30087,30230,340,30570,321
2021-05-26,Stanislaus,99,539301,56108,56193,6185,62378,974
2021-05-26,Sutter,101,95872,9469,9495,92,9587,112
2021-05-26,Tehama,103,63373,5057,5054,609,5663,63
2021-05-26,Trinity,105,12862,360,328,63,391,3
2021-05-26,Tulare,107,460477,49571,49352,9538,58890,839
2021-05-26,Tuolumne,109,53932,4075,4088,36,4124,66
2021-05-26,Ventura,111,848112,80998,80944,3102,84046,1023
2021-05-26,Yolo,113,214977,14034,14025,336,14361,213
2021-05-26,Yuba,115,75493,6051,6036,126,6162,49
2021-05-25,Alameda,1,1643700,88104,88237,2046,90283,1263
2021-05-25,Alpine,3,1148,88,88,0,88,0
2021-05-25,Amador,5,37829,3678,3676,35,3711,46
2021-05-25,Butte,7,227075,12458,12295,1901,14196,189
2021-05-25,Calaveras,9,45235,2167,2148,14,2162,55
2021-05-25,Colusa,11,21464,1940,1949,320,2269,15
2021-05-25,Contra Costa,13,1133247,69501,69167,1335,70502,809
2021-05-25,Del Norte,15,27424,1392,1385,7,1392,8
2021-05-25,El Dorado,17,186661,10239,10240,767,11007,112
2021-05-25,Fresno,19,978130,101972,102329,8997,111326,1701
2021-05-25,Glenn,21,27897,2418,2414,576,2990,17
2021-05-25,Humboldt,23,135768,4266,4231,35,4266,42
2021-05-25,Imperial,25,180216,28518,28586,2873,31459,735
2021-05-25,Inyo,27,18085,1403,1402,4,1406,36
2021-05-25,Kern,29,883053,96701,96319,11352,107671,1319
2021-05-25,Kings,31,150075,22960,22944,1192,24136,245
2021-05-25,Lake,33,64148,3522,3508,9,3517,44
2021-05-25,Lassen,35,31185,5198,5164,120,5284,6
2021-05-25,Los Angeles,37,10098052,1201798,1197940,43835,1241775,24212
2021-05-25,Madera,39,155013,16527,16519,959,17478,240
2021-05-25,Marin,41,260295,14053,14053,264,14317,227
2021-05-25,Mariposa,43,17540,431,427,11,438,5
2021-05-25,Mendocino,45,87422,3990,3928,76,4004,47
2021-05-25,Merced,47,269075,31024,31132,995,32127,455
2021-05-25,Modoc,49,8938,377,367,129,496,3
2021-05-25,Mono,51,14174,1251,1274,13,1287,3
2021-05-25,Monterey,53,433212,43027,43012,1928,44940,379
2021-05-25,Napa,55,140530,9904,9926,33,9959,82
2021-05-25,Nevada,57,99092,4814,4795,196,4991,70
2021-05-25,Orange,59,3164182,254488,254321,11703,266024,5057
2021-05-25,Placer,61,380077,23190,22920,1560,24480,292
2021-05-25,Plumas,63,18699,703,684,12,696,4
2021-05-25,Riverside,65,2383286,291115,288725,14753,303478,4443
2021-05-25,Sacramento,67,1510023,105993,105828,1815,107643,1633
2021-05-25,San Benito,69,59416,6058,6073,119,6192,63
2021-05-25,San Bernardino,71,2135413,292571,292485,9050,301535,4755
2021-05-25,San Diego,73,3302833,280352,279786,0,279786,3753
2021-05-25,San Francisco,75,870044,36659,36939,1386,38325,546
2021-05-25,San Joaquin,77,732212,72926,72628,3737,76365,1387
2021-05-25,San Luis Obispo,79,281455,21207,21153,781,21934,256
2021-05-25,San Mateo,81,765935,42322,42268,481,42749,435
2021-05-25,Santa Barbara,83,443738,34425,34337,1247,35584,459
2021-05-25,Santa Clara,85,1922200,118077,119393,789,120182,2032
2021-05-25,Santa Cruz,87,273765,16145,16141,876,17017,207
2021-05-25,Shasta,89,179085,12291,12328,1632,13960,202
2021-05-25,Sierra,91,2930,54,54,14,68,0
2021-05-25,Siskiyou,93,43540,1908,1845,385,2230,18
2021-05-25,Solano,95,438530,32796,32817,560,33377,256
2021-05-25,Sonoma,97,501317,30058,30207,339,30546,321
2021-05-25,Stanislaus,99,539301,56071,56168,6183,62351,974
2021-05-25,Sutter,101,95872,9465,9495,92,9587,112
2021-05-25,Tehama,103,63373,5055,5048,608,5656,63
2021-05-25,Trinity,105,12862,360,328,62,390,3
2021-05-25,Tulare,107,460477,49561,49326,9530,58856,838
2021-05-25,Tuolumne,109,53932,4075,4084,36,4120,66
2021-05-25,Ventura,111,848112,80980,80905,3102,84007,1022
2021-05-25,Yolo,113,214977,14027,14018,334,14352,213
2021-05-25,Yuba,115,75493,6044,6028,126,6154,49
2021-05-24,Alameda,1,1643700,88041,88182,2045,90227,1263
2021-05-24,Alpine,3,1148,88,88,0,88,0
2021-05-24,Amador,5,37829,3676,3675,35,3710,46
2021-05-24,Butte,7,227075,12445,12279,1898,14177,189
2021-05-24,Calaveras,9,45235,2166,2146,14,2160,54
2021-05-24,Colusa,11,21464,1940,1949,320,2269,15
2021-05-24,Contra Costa,13,1133247,69462,69107,1331,70438,809
2021-05-24,Del Norte,15,27424,1391,1384,7,1391,8
2021-05-24,El Dorado,17,186661,10229,10227,766,10993,112
2021-05-24,Fresno,19,978130,101932,102289,8995,111284,1698
2021-05-24,Glenn,21,27897,2418,2413,576,2989,17
2021-05-24,Humboldt,23,135768,4259,4225,35,4260,42
2021-05-24,Imperial,25,180216,28516,28575,2873,31448,735
2021-05-24,Inyo,27,18085,1403,1402,4,1406,36
2021-05-24,Kern,29,883053,96674,96296,11347,107643,1319
2021-05-24,Kings,31,150075,22956,22940,1192,24132,246
2021-05-24,Lake,33,64148,3520,3506,9,3515,43
2021-05-24,Lassen,35,31185,5194,5163,120,5283,6
2021-05-24,Los Angeles,37,10098052,1201626,1197782,43820,1241602,24201
2021-05-24,Madera,39,155013,16524,16513,958,17471,239
2021-05-24,Marin,41,260295,14051,14051,264,14315,227
2021-05-24,Mariposa,43,17540,430,427,11,438,5
2021-05-24,Mendocino,45,87422,3988,3919,76,3995,47
2021-05-24,Merced,47,269075,31014,31128,994,32122,455
2021-05-24,Modoc,49,8938,377,366,128,494,3
2021-05-24,Mono,51,14174,1251,1270,13,1283,3
2021-05-24,Monterey,53,433212,43022,43005,1927,44932,379
2021-05-24,Napa,55,140530,9904,9924,33,9957,82
2021-05-24,Nevada,57,99092,4811,4790,196,4986,70
2021-05-24,Orange,59,3164182,254454,254287,11693,265980,5056
2021-05-24,Placer,61,380077,23170,22895,1559,24454,292
2021-05-24,Plumas,63,18699,702,683,12,695,4
2021-05-24,Riverside,65,2383286,291062,288669,14742,303411,4442
2021-05-24,Sacramento,67,1510023,105878,105716,1814,107530,1632
2021-05-24,San Benito,69,59416,6058,6072,119,6191,63
2021-05-24,San Bernardino,71,2135413,292533,292343,9049,301392,4747
2021-05-24,San Diego,73,3302833,280243,279715,0,279715,3749
2021-05-24,San Francisco,75,870044,36640,36934,1385,38319,547
2021-05-24,San Joaquin,77,732212,72894,72586,3736,76322,1371
2021-05-24,San Luis Obispo,79,281455,21189,21146,780,21926,256
2021-05-24,San Mateo,81,765935,42313,42249,481,42730,433
2021-05-24,Santa Barbara,83,443738,34420,34322,1247,35569,459
2021-05-24,Santa Clara,85,1922200,118045,119358,789,120147,2030
2021-05-24,Santa Cruz,87,273765,16140,16135,876,17011,207
2021-05-24,Shasta,89,179085,12275,12315,1629,13944,201
2021-05-24,Sierra,91,2930,54,54,14,68,0
2021-05-24,Siskiyou,93,43540,1905,1840,385,2225,17
2021-05-24,Solano,95,438530,32772,32792,559,33351,254
2021-05-24,Sonoma,97,501317,30043,30187,339,30526,321
2021-05-24,Stanislaus,99,539301,56037,56128,6179,62307,974
2021-05-24,Sutter,101,95872,9459,9486,92,9578,113
2021-05-24,Tehama,103,63373,5052,5043,606,5649,63
2021-05-24,Trinity,105,12862,360,328,62,390,3
2021-05-24,Tulare,107,460477,49554,49318,9526,58844,838
2021-05-24,Tuolumne,109,53932,4075,4083,36,4119,65
2021-05-24,Ventura,111,848112,80967,80876,3100,83976,1022
2021-05-24,Yolo,113,214977,14010,14012,331,14343,213
2021-05-24,Yuba,115,75493,6035,6022,126,6148,49
2021-05-23,Alameda,1,1643700,87968,88157,2042,90199,1263
2021-05-23,Alpine,3,1148,88,88,0,88,0
2021-05-23,Amador,5,37829,3675,3673,35,3708,46
2021-05-23,Butte,7,227075,12431,12271,1897,14168,189
2021-05-23,Calaveras,9,45235,2156,2144,14,2158,54
2021-05-23,Colusa,11,21464,1940,1949,318,2267,15
2021-05-23,Contra Costa,13,1133247,69416,69075,1329,70404,809
2021-05-23,Del Norte,15,27424,1387,1383,7,1390,8
2021-05-23,El Dorado,17,186661,10223,10222,766,10988,112
2021-05-23,Fresno,19,978130,101888,102270,8990,111260,1698
2021-05-23,Glenn,21,27897,2416,2413,576,2989,17
2021-05-23,Humboldt,23,135768,4241,4216,35,4251,42
2021-05-23,Imperial,25,180216,28510,28569,2872,31441,735
2021-05-23,Inyo,27,18085,1403,1402,4,1406,36
2021-05-23,Kern,29,883053,96652,96282,11338,107620,1319
2021-05-23,Kings,31,150075,22943,22939,1190,24129,246
2021-05-23,Lake,33,64148,3517,3504,9,3513,43
2021-05-23,Lassen,35,31185,5190,5163,119,5282,6
2021-05-23,Los Angeles,37,10098052,1201445,1197633,43806,1241439,24197
2021-05-23,Madera,39,155013,16519,16504,957,17461,239
2021-05-23,Marin,41,260295,14042,14048,264,14312,227
2021-05-23,Mariposa,43,17540,430,427,11,438,5
2021-05-23,Mendocino,45,87422,3982,3913,75,3988,47
2021-05-23,Merced,47,269075,31004,31118,994,32112,455
2021-05-23,Modoc,49,8938,373,366,128,494,3
2021-05-23,Mono,51,14174,1250,1270,13,1283,3
2021-05-23,Monterey,53,433212,43012,43003,1927,44930,379
2021-05-23,Napa,55,140530,9900,9923,33,9956,82
2021-05-23,Nevada,57,99092,4801,4790,196,4986,70
2021-05-23,Orange,59,3164182,254416,254277,11686,265963,5050
2021-05-23,Placer,61,380077,23151,22888,1559,24447,292
2021-05-23,Plumas,63,18699,701,683,12,695,4
2021-05-23,Riverside,65,2383286,290995,288641,14738,303379,4442
2021-05-23,Sacramento,67,1510023,105761,105663,1812,107475,1632
2021-05-23,San Benito,69,59416,6057,6072,119,6191,63
2021-05-23,San Bernardino,71,2135413,292481,292327,9047,301374,4747
2021-05-23,San Diego,73,3302833,280153,279690,0,279690,3751
2021-05-23,San Francisco,75,870044,36629,36927,1384,38311,547
2021-05-23,San Joaquin,77,732212,72845,72571,3734,76305,1371
2021-05-23,San Luis Obispo,79,281455,21179,21141,779,21920,256
2021-05-23,San Mateo,81,765935,42296,42248,481,42729,433
2021-05-23,Santa Barbara,83,443738,34413,34319,1247,35566,459
2021-05-23,Santa Clara,85,1922200,118021,119333,789,120122,2030
2021-05-23,Santa Cruz,87,273765,16137,16130,876,17006,207
2021-05-23,Shasta,89,179085,12258,12313,1626,13939,201
2021-05-23,Sierra,91,2930,54,54,14,68,0
2021-05-23,Siskiyou,93,43540,1900,1826,378,2204,17
2021-05-23,Solano,95,438530,32754,32780,558,33338,254
2021-05-23,Sonoma,97,501317,30013,30168,338,30506,321
2021-05-23,Stanislaus,99,539301,55986,56104,6176,62280,974
2021-05-23,Sutter,101,95872,9450,9479,92,9571,113
2021-05-23,Tehama,103,63373,5045,5041,604,5645,63
2021-05-23,Trinity,105,12862,360,328,62,390,3
2021-05-23,Tulare,107,460477,49539,49310,9522,58832,838
2021-05-23,Tuolumne,109,53932,4072,4081,36,4117,65
2021-05-23,Ventura,111,848112,80937,80872,3099,83971,1022
2021-05-23,Yolo,113,214977,13998,14004,328,14332,213
2021-05-23,Yuba,115,75493,6030,6017,126,6143,49
2021-05-22,Alameda,1,1643700,87943,88101,2041,90142,1263
2021-05-22,Alpine,3,1148,88,88,0,88,0
2021-05-22,Amador,5,37829,3674,3672,35,3707,46
2021-05-22,Butte,7,227075,12419,12265,1896,14161,189
2021-05-22,Calaveras,9,45235,2154,2141,14,2155,54
2021-05-22,Colusa,11,21464,1936,1949,317,2266,15
2021-05-22,Contra Costa,13,1133247,69383,69004,1328,70332,809
2021-05-22,Del Norte,15,27424,1386,1381,7,1388,8
2021-05-22,El Dorado,17,186661,10218,10215,766,10981,112
2021-05-22,Fresno,19,978130,101874,102238,8988,111226,1698
2021-05-22,Glenn,21,27897,2416,2412,576,2988,17
2021-05-22,Humboldt,23,135768,4232,4194,34,4228,42
2021-05-22,Imperial,25,180216,28501,28574,2872,31446,735
2021-05-22,Inyo,27,18085,1403,1402,4,1406,36
2021-05-22,Kern,29,883053,96640,96260,11331,107591,1319
2021-05-22,Kings,31,150075,22943,22936,1190,24126,246
2021-05-22,Lake,33,64148,3514,3502,9,3511,43
2021-05-22,Lassen,35,31185,5190,5163,119,5282,6
2021-05-22,Los Angeles,37,10098052,1201339,1197454,43797,1241251,24192
2021-05-22,Madera,39,155013,16516,16503,957,17460,239
2021-05-22,Marin,41,260295,14039,14043,264,14307,227
2021-05-22,Mariposa,43,17540,430,427,11,438,5
2021-05-22,Mendocino,45,87422,3976,3908,75,3983,47
2021-05-22,Merced,47,269075,30994,31099,994,32093,455
2021-05-22,Modoc,49,8938,373,366,128,494,3
2021-05-22,Mono,51,14174,1248,1270,13,1283,3
2021-05-22,Monterey,53,433212,43006,42998,1927,44925,379
2021-05-22,Napa,55,140530,9898,9918,33,9951,82
2021-05-22,Nevada,57,99092,4794,4787,195,4982,70
2021-05-22,Orange,59,3164182,254395,254238,11680,265918,5048
2021-05-22,Placer,61,380077,23137,22865,1558,24423,292
2021-05-22,Plumas,63,18699,700,683,12,695,4
2021-05-22,Riverside,65,2383286,290965,288580,14737,303317,4442
2021-05-22,Sacramento,67,1510023,105688,105551,1809,107360,1632
2021-05-22,San Benito,69,59416,6057,6071,119,6190,63
2021-05-22,San Bernardino,71,2135413,292457,292292,9047,301339,4747
2021-05-22,San Diego,73,3302833,280094,279614,0,279614,3751
2021-05-22,San Francisco,75,870044,36619,36906,1382,38288,547
2021-05-22,San Joaquin,77,732212,72823,72528,3731,76259,1371
2021-05-22,San Luis Obispo,79,281455,21171,21134,778,21912,256
2021-05-22,San Mateo,81,765935,42286,42218,481,42699,433
2021-05-22,Santa Barbara,83,443738,34409,34313,1246,35559,459
2021-05-22,Santa Clara,85,1922200,117998,119292,789,120081,2030
2021-05-22,Santa Cruz,87,273765,16137,16125,876,17001,207
2021-05-22,Shasta,89,179085,12252,12307,1623,13930,201
2021-05-22,Sierra,91,2930,54,54,14,68,0
2021-05-22,Siskiyou,93,43540,1899,1824,377,2201,17
2021-05-22,Solano,95,438530,32741,32753,558,33311,254
2021-05-22,Sonoma,97,501317,29999,30154,338,30492,321
2021-05-22,Stanislaus,99,539301,55961,56069,6174,62243,974
2021-05-22,Sutter,101,95872,9445,9476,92,9568,113
2021-05-22,Tehama,103,63373,5044,5036,604,5640,63
2021-05-22,Trinity,105,12862,360,328,62,390,3
2021-05-22,Tulare,107,460477,49533,49299,9517,58816,838
2021-05-22,Tuolumne,109,53932,4072,4078,36,4114,65
2021-05-22,Ventura,111,848112,80933,80859,3099,83958,1022
2021-05-22,Yolo,113,214977,13996,13997,328,14325,213
2021-05-22,Yuba,115,75493,6027,6010,126,6136,49
2021-05-21,Alameda,1,1643700,87916,88041,2040,90081,1263
2021-05-21,Alpine,3,1148,88,88,0,88,0
2021-05-21,Amador,5,37829,3671,3672,35,3707,46
2021-05-21,Butte,7,227075,12413,12236,1894,14130,188
2021-05-21,Calaveras,9,45235,2152,2138,14,2152,54
2021-05-21,Colusa,11,21464,1936,1947,317,2264,15
2021-05-21,Contra Costa,13,1133247,69340,68965,1327,70292,810
2021-05-21,Del Norte,15,27424,1385,1376,7,1383,8
2021-05-21,El Dorado,17,186661,10214,10204,766,10970,112
2021-05-21,Fresno,19,978130,101846,102189,8986,111175,1698
2021-05-21,Glenn,21,27897,2416,2408,576,2984,17
2021-05-21,Humboldt,23,135768,4225,4175,34,4209,42
2021-05-21,Imperial,25,180216,28494,28572,2871,31443,732
2021-05-21,Inyo,27,18085,1403,1402,4,1406,36
2021-05-21,Kern,29,883053,96626,96233,11324,107557,1318
2021-05-21,Kings,31,150075,22943,22927,1190,24117,246
2021-05-21,Lake,33,64148,3512,3500,9,3509,43
2021-05-21,Lassen,35,31185,5189,5161,119,5280,6
2021-05-21,Los Angeles,37,10098052,1201230,1197263,43788,1241051,24180
2021-05-21,Madera,39,155013,16515,16500,956,17456,238
2021-05-21,Marin,41,260295,14034,14042,264,14306,227
2021-05-21,Mariposa,43,17540,429,427,11,438,5
2021-05-21,Mendocino,45,87422,3970,3897,75,3972,47
2021-05-21,Merced,47,269075,30986,31076,994,32070,455
2021-05-21,Modoc,49,8938,373,365,128,493,3
2021-05-21,Mono,51,14174,1248,1269,13,1282,3
2021-05-21,Monterey,53,433212,43004,42995,1927,44922,379
2021-05-21,Napa,55,140530,9894,9913,33,9946,82
2021-05-21,Nevada,57,99092,4793,4779,195,4974,70
2021-05-21,Orange,59,3164182,254376,254171,11678,265849,5042
2021-05-21,Placer,61,380077,23129,22853,1558,24411,292
2021-05-21,Plumas,63,18699,700,683,11,694,4
2021-05-21,Riverside,65,2383286,290938,288499,14730,303229,4442
2021-05-21,Sacramento,67,1510023,105621,105476,1806,107282,1632
2021-05-21,San Benito,69,59416,6057,6068,119,6187,63
2021-05-21,San Bernardino,71,2135413,292428,292205,9044,301249,4744
2021-05-21,San Diego,73,3302833,280023,279554,0,279554,3748
2021-05-21,San Francisco,75,870044,36613,36879,1382,38261,546
2021-05-21,San Joaquin,77,732212,72804,72467,3729,76196,1371
2021-05-21,San Luis Obispo,79,281455,21165,21128,775,21903,256
2021-05-21,San Mateo,81,765935,42273,42163,480,42643,432
2021-05-21,Santa Barbara,83,443738,34404,34302,1246,35548,459
2021-05-21,Santa Clara,85,1922200,117971,119247,789,120036,2029
2021-05-21,Santa Cruz,87,273765,16133,16120,876,16996,207
2021-05-21,Shasta,89,179085,12235,12289,1621,13910,201
2021-05-21,Sierra,91,2930,54,54,14,68,0
2021-05-21,Siskiyou,93,43540,1898,1815,377,2192,16
2021-05-21,Solano,95,438530,32726,32742,558,33300,254
2021-05-21,Sonoma,97,501317,29985,30126,338,30464,321
2021-05-21,Stanislaus,99,539301,55929,56036,6172,62208,975
2021-05-21,Sutter,101,95872,9443,9470,92,9562,113
2021-05-21,Tehama,103,63373,5038,5030,604,5634,63
2021-05-21,Trinity,105,12862,360,329,61,390,3
2021-05-21,Tulare,107,460477,49528,49271,9515,58786,838
2021-05-21,Tuolumne,109,53932,4070,4079,36,4115,65
2021-05-21,Ventura,111,848112,80925,80821,3096,83917,1021
2021-05-21,Yolo,113,214977,13989,13983,328,14311,213
2021-05-21,Yuba,115,75493,6021,6006,126,6132,49
2021-05-20,Alameda,1,1643700,87869,87975,2039,90014,1264
2021-05-20,Alpine,3,1148,88,88,0,88,0
2021-05-20,Amador,5,37829,3670,3671,35,3706,46
2021-05-20,Butte,7,227075,12406,12220,1891,14111,188
2021-05-20,Calaveras,9,45235,2148,2138,14,2152,54
2021-05-20,Colusa,11,21464,1935,1946,315,2261,15
2021-05-20,Contra Costa,13,1133247,69295,68913,1325,70238,809
2021-05-20,Del Norte,15,27424,1385,1373,7,1380,8
2021-05-20,El Dorado,17,186661,10205,10188,766,10954,112
2021-05-20,Fresno,19,978130,101826,102135,8984,111119,1696
2021-05-20,Glenn,21,27897,2413,2406,576,2982,17
2021-05-20,Humboldt,23,135768,4208,4162,34,4196,42
2021-05-20,Imperial,25,180216,28489,28551,2871,31422,732
2021-05-20,Inyo,27,18085,1403,1402,4,1406,36
2021-05-20,Kern,29,883053,96605,96204,11317,107521,1317
2021-05-20,Kings,31,150075,22941,22922,1190,24112,246
2021-05-20,Lake,33,64148,3509,3500,9,3509,43
2021-05-20,Lassen,35,31185,5187,5160,118,5278,6
2021-05-20,Los Angeles,37,10098052,1201075,1197073,43777,1240850,24168
2021-05-20,Madera,39,155013,16509,16499,954,17453,238
2021-05-20,Marin,41,260295,14030,14036,263,14299,227
2021-05-20,Mariposa,43,17540,429,426,11,437,5
2021-05-20,Mendocino,45,87422,3963,3897,75,3972,47
2021-05-20,Merced,47,269075,30973,31046,993,32039,454
2021-05-20,Modoc,49,8938,373,365,128,493,3
2021-05-20,Mono,51,14174,1247,1269,13,1282,3
2021-05-20,Monterey,53,433212,42998,42984,1926,44910,379
2021-05-20,Napa,55,140530,9891,9913,33,9946,82
2021-05-20,Nevada,57,99092,4792,4775,195,4970,70
2021-05-20,Orange,59,3164182,254335,254127,11675,265802,5038
2021-05-20,Placer,61,380077,23117,22823,1556,24379,292
2021-05-20,Plumas,63,18699,698,682,11,693,4
2021-05-20,Riverside,65,2383286,290893,288453,14725,303178,4442
2021-05-20,Sacramento,67,1510023,105526,105414,1802,107216,1629
2021-05-20,San Benito,69,59416,6056,6067,119,6186,63
2021-05-20,San Bernardino,71,2135413,292381,292153,9043,301196,4728
2021-05-20,San Diego,73,3302833,279935,279490,0,279490,3749
2021-05-20,San Francisco,75,870044,36604,36860,1382,38242,546
2021-05-20,San Joaquin,77,732212,72766,72388,3728,76116,1371
2021-05-20,San Luis Obispo,79,281455,21153,21095,773,21868,256
2021-05-20,San Mateo,81,765935,42259,42152,478,42630,432
2021-05-20,Santa Barbara,83,443738,34400,34293,1246,35539,459
2021-05-20,Santa Clara,85,1922200,117950,119222,789,120011,2029
2021-05-20,Santa Cruz,87,273765,16128,16119,876,16995,207
2021-05-20,Shasta,89,179085,12223,12266,1617,13883,200
2021-05-20,Sierra,91,2930,54,54,14,68,0
2021-05-20,Siskiyou,93,43540,1891,1811,376,2187,16
2021-05-20,Solano,95,438530,32711,32725,558,33283,253
2021-05-20,Sonoma,97,501317,29968,30107,337,30444,321
2021-05-20,Stanislaus,99,539301,55897,55979,6170,62149,970
2021-05-20,Sutter,101,95872,9439,9467,92,9559,113
2021-05-20,Tehama,103,63373,5036,5029,604,5633,63
2021-05-20,Trinity,105,12862,360,329,60,389,3
2021-05-20,Tulare,107,460477,49517,49217,9512,58729,837
2021-05-20,Tuolumne,109,53932,4069,4077,36,4113,65
2021-05-20,Ventura,111,848112,80914,80800,3096,83896,1019
2021-05-20,Yolo,113,214977,13984,13973,328,14301,211
2021-05-20,Yuba,115,75493,6012,6002,126,6128,49
2021-05-19,Alameda,1,1643700,87828,87889,2037,89926,1260
2021-05-19,Alpine,3,1148,88,88,0,88,0
2021-05-19,Amador,5,37829,3670,3669,35,3704,46
2021-05-19,Butte,7,227075,12396,12198,1891,14089,188
2021-05-19,Calaveras,9,45235,2144,2132,14,2146,54
2021-05-19,Colusa,11,21464,1935,1945,313,2258,15
2021-05-19,Contra Costa,13,1133247,69248,68836,1325,70161,808
2021-05-19,Del Norte,15,27424,1383,1371,7,1378,8
2021-05-19,El Dorado,17,186661,10200,10179,765,10944,112
2021-05-19,Fresno,19,978130,101797,102085,8980,111065,1693
2021-05-19,Glenn,21,27897,2413,2404,576,2980,17
2021-05-19,Humboldt,23,135768,4198,4143,34,4177,42
2021-05-19,Imperial,25,180216,28480,28550,2871,31421,732
2021-05-19,Inyo,27,18085,1403,1402,4,1406,36
2021-05-19,Kern,29,883053,96578,96173,11309,107482,1316
2021-05-19,Kings,31,150075,22935,22919,1190,24109,246
2021-05-19,Lake,33,64148,3509,3497,9,3506,43
2021-05-19,Lassen,35,31185,5186,5157,118,5275,6
2021-05-19,Los Angeles,37,10098052,1200883,1196856,43762,1240618,24143
2021-05-19,Madera,39,155013,16506,16496,954,17450,238
2021-05-19,Marin,41,260295,14026,14033,261,14294,227
2021-05-19,Mariposa,43,17540,429,425,11,436,5
2021-05-19,Mendocino,45,87422,3959,3886,75,3961,47
2021-05-19,Merced,47,269075,30957,31044,993,32037,452
2021-05-19,Modoc,49,8938,373,364,126,490,3
2021-05-19,Mono,51,14174,1247,1266,13,1279,3
2021-05-19,Monterey,53,433212,42993,42973,1925,44898,379
2021-05-19,Napa,55,140530,9888,9906,33,9939,82
2021-05-19,Nevada,57,99092,4790,4769,195,4964,70
2021-05-19,Orange,59,3164182,254300,254087,11666,265753,5035
2021-05-19,Placer,61,380077,23099,22784,1550,24334,291
2021-05-19,Plumas,63,18699,698,682,11,693,4
2021-05-19,Riverside,65,2383286,290848,288398,14723,303121,4442
2021-05-19,Sacramento,67,1510023,105449,105225,1801,107026,1629
2021-05-19,San Benito,69,59416,6055,6064,119,6183,63
2021-05-19,San Bernardino,71,2135413,292335,292078,9040,301118,4725
2021-05-19,San Diego,73,3302833,279851,279345,0,279345,3746
2021-05-19,San Francisco,75,870044,36591,36835,1381,38216,546
2021-05-19,San Joaquin,77,732212,72723,72338,3723,76061,1369
2021-05-19,San Luis Obispo,79,281455,21145,21085,772,21857,256
2021-05-19,San Mateo,81,765935,42252,42126,478,42604,429
2021-05-19,Santa Barbara,83,443738,34392,34292,1246,35538,459
2021-05-19,Santa Clara,85,1922200,117911,119176,788,119964,2015
2021-05-19,Santa Cruz,87,273765,16124,16121,875,16996,207
2021-05-19,Shasta,89,179085,12205,12233,1613,13846,200
2021-05-19,Sierra,91,2930,54,54,14,68,0
2021-05-19,Siskiyou,93,43540,1888,1803,375,2178,16
2021-05-19,Solano,95,438530,32684,32678,556,33234,253
2021-05-19,Sonoma,97,501317,29955,30080,337,30417,321
2021-05-19,Stanislaus,99,539301,55875,55912,6165,62077,967
2021-05-19,Sutter,101,95872,9432,9459,91,9550,113
2021-05-19,Tehama,103,63373,5028,5026,601,5627,63
2021-05-19,Trinity,105,12862,360,329,60,389,3
2021-05-19,Tulare,107,460477,49505,49163,9507,58670,837
2021-05-19,Tuolumne,109,53932,4069,4074,36,4110,64
2021-05-19,Ventura,111,848112,80898,80747,3095,83842,1019
2021-05-19,Yolo,113,214977,13979,13961,327,14288,211
2021-05-19,Yuba,115,75493,6008,5993,126,6119,49
2021-05-18,Alameda,1,1643700,87755,87816,2037,89853,1254
2021-05-18,Alpine,3,1148,88,88,0,88,0
2021-05-18,Amador,5,37829,3670,3669,35,3704,46
2021-05-18,Butte,7,227075,12384,12164,1888,14052,191
2021-05-18,Calaveras,9,45235,2140,2131,14,2145,54
2021-05-18,Colusa,11,21464,1935,1943,313,2256,14
2021-05-18,Contra Costa,13,1133247,69191,68750,1324,70074,808
2021-05-18,Del Norte,15,27424,1380,1371,7,1378,8
2021-05-18,El Dorado,17,186661,10189,10169,764,10933,112
2021-05-18,Fresno,19,978130,101761,102056,8977,111033,1690
2021-05-18,Glenn,21,27897,2407,2403,575,2978,17
2021-05-18,Humboldt,23,135768,4180,4132,34,4166,42
2021-05-18,Imperial,25,180216,28474,28538,2869,31407,730
2021-05-18,Inyo,27,18085,1403,1401,4,1405,36
2021-05-18,Kern,29,883053,96544,96128,11295,107423,1315
2021-05-18,Kings,31,150075,22929,22916,1190,24106,247
2021-05-18,Lake,33,64148,3507,3495,9,3504,43
2021-05-18,Lassen,35,31185,5185,5157,117,5274,6
2021-05-18,Los Angeles,37,10098052,1200707,1196668,43749,1240417,24133
2021-05-18,Madera,39,155013,16497,16491,954,17445,238
2021-05-18,Marin,41,260295,14023,14026,261,14287,227
2021-05-18,Mariposa,43,17540,429,424,11,435,5
2021-05-18,Mendocino,45,87422,3948,3877,75,3952,47
2021-05-18,Merced,47,269075,30939,31036,993,32029,452
2021-05-18,Modoc,49,8938,372,364,126,490,3
2021-05-18,Mono,51,14174,1246,1265,13,1278,3
2021-05-18,Monterey,53,433212,42987,43001,1925,44926,379
2021-05-18,Napa,55,140530,9888,9905,33,9938,82
2021-05-18,Nevada,57,99092,4783,4762,195,4957,70
2021-05-18,Orange,59,3164182,254259,254041,11656,265697,5031
2021-05-18,Placer,61,380077,23067,22726,1546,24272,291
2021-05-18,Plumas,63,18699,698,682,11,693,4
2021-05-18,Riverside,65,2383286,290796,288354,14716,303070,4438
2021-05-18,Sacramento,67,1510023,105351,105083,1799,106882,1629
2021-05-18,San Benito,69,59416,6054,6065,119,6184,63
2021-05-18,San Bernardino,71,2135413,292286,292014,9035,301049,4722
2021-05-18,San Diego,73,3302833,279743,279254,0,279254,3742
2021-05-18,San Francisco,75,870044,36571,36818,1381,38199,546
2021-05-18,San Joaquin,77,732212,72677,72282,3719,76001,1368
2021-05-18,San Luis Obispo,79,281455,21135,21080,770,21850,256
2021-05-18,San Mateo,81,765935,42241,42099,477,42576,428
2021-05-18,Santa Barbara,83,443738,34383,34278,1246,35524,459
2021-05-18,Santa Clara,85,1922200,117884,119171,788,119959,2014
2021-05-18,Santa Cruz,87,273765,16116,16137,875,17012,207
2021-05-18,Shasta,89,179085,12187,12197,1607,13804,200
2021-05-18,Sierra,91,2930,54,54,14,68,0
2021-05-18,Siskiyou,93,43540,1887,1799,375,2174,16
2021-05-18,Solano,95,438530,32659,32644,556,33200,253
2021-05-18,Sonoma,97,501317,29933,30054,336,30390,321
2021-05-18,Stanislaus,99,539301,55837,55860,6165,62025,959
2021-05-18,Sutter,101,95872,9424,9453,91,9544,113
2021-05-18,Tehama,103,63373,5024,5020,598,5618,63
2021-05-18,Trinity,105,12862,360,329,59,388,3
2021-05-18,Tulare,107,460477,49497,49142,9502,58644,836
2021-05-18,Tuolumne,109,53932,4067,4073,36,4109,64
2021-05-18,Ventura,111,848112,80883,80726,3092,83818,1017
2021-05-18,Yolo,113,214977,13972,13951,326,14277,211
2021-05-18,Yuba,115,75493,6004,5989,125,6114,49
2021-05-17,Alameda,1,1643700,87702,87766,2034,89800,1253
2021-05-17,Alpine,3,1148,88,88,0,88,0
2021-05-17,Amador,5,37829,3667,3668,35,3703,46
2021-05-17,Butte,7,227075,12376,12144,1888,14032,192
2021-05-17,Calaveras,9,45235,2140,2131,14,2145,53
2021-05-17,Colusa,11,21464,1935,1943,313,2256,14
2021-05-17,Contra Costa,13,1133247,69136,68720,1323,70043,805
2021-05-17,Del Norte,15,27424,1375,1369,7,1376,8
2021-05-17,El Dorado,17,186661,10172,10163,764,10927,112
2021-05-17,Fresno,19,978130,101718,102013,8970,110983,1690
2021-05-17,Glenn,21,27897,2407,2401,575,2976,17
2021-05-17,Humboldt,23,135768,4169,4112,34,4146,42
2021-05-17,Imperial,25,180216,28469,28533,2867,31400,729
2021-05-17,Inyo,27,18085,1403,1401,4,1405,36
2021-05-17,Kern,29,883053,96515,96095,11278,107373,1315
2021-05-17,Kings,31,150075,22926,22918,1190,24108,246
2021-05-17,Lake,33,64148,3502,3489,9,3498,43
2021-05-17,Lassen,35,31185,5182,5156,116,5272,6
2021-05-17,Los Angeles,37,10098052,1200535,1196556,43743,1240299,24123
2021-05-17,Madera,39,155013,16493,16486,954,17440,238
2021-05-17,Marin,41,260295,14017,14021,261,14282,227
2021-05-17,Mariposa,43,17540,428,423,11,434,5
2021-05-17,Mendocino,45,87422,3939,3868,75,3943,46
2021-05-17,Merced,47,269075,30923,31031,993,32024,450
2021-05-17,Modoc,49,8938,371,362,126,488,3
2021-05-17,Mono,51,14174,1242,1265,13,1278,3
2021-05-17,Monterey,53,433212,42980,42995,1925,44920,379
2021-05-17,Napa,55,140530,9887,9894,33,9927,82
2021-05-17,Nevada,57,99092,4779,4761,194,4955,70
2021-05-17,Orange,59,3164182,254214,253993,11649,265642,5031
2021-05-17,Placer,61,380077,23042,22706,1539,24245,289
2021-05-17,Plumas,63,18699,698,682,11,693,4
2021-05-17,Riverside,65,2383286,290731,288304,14712,303016,4433
2021-05-17,Sacramento,67,1510023,105245,105035,1797,106832,1629
2021-05-17,San Benito,69,59416,6051,6067,119,6186,63
2021-05-17,San Bernardino,71,2135413,292238,291989,9028,301017,4724
2021-05-17,San Diego,73,3302833,279611,279146,0,279146,3742
2021-05-17,San Francisco,75,870044,36559,36816,1379,38195,546
2021-05-17,San Joaquin,77,732212,72639,72234,3716,75950,1359
2021-05-17,San Luis Obispo,79,281455,21126,21079,768,21847,256
2021-05-17,San Mateo,81,765935,42213,42083,477,42560,428
2021-05-17,Santa Barbara,83,443738,34376,34275,1246,35521,459
2021-05-17,Santa Clara,85,1922200,117847,119116,786,119902,2015
2021-05-17,Santa Cruz,87,273765,16113,16151,875,17026,206
2021-05-17,Shasta,89,179085,12165,12163,1606,13769,200
2021-05-17,Sierra,91,2930,54,54,14,68,0
2021-05-17,Siskiyou,93,43540,1878,1795,372,2167,15
2021-05-17,Solano,95,438530,32641,32627,556,33183,253
2021-05-17,Sonoma,97,501317,29911,30043,336,30379,321
2021-05-17,Stanislaus,99,539301,55786,55839,6158,61997,951
2021-05-17,Sutter,101,95872,9417,9447,91,9538,113
2021-05-17,Tehama,103,63373,5021,5016,597,5613,63
2021-05-17,Trinity,105,12862,360,328,59,387,3
2021-05-17,Tulare,107,460477,49475,49107,9495,58602,836
2021-05-17,Tuolumne,109,53932,4067,4071,36,4107,64
2021-05-17,Ventura,111,848112,80863,80699,3092,83791,1017
2021-05-17,Yolo,113,214977,13966,13941,326,14267,211
2021-05-17,Yuba,115,75493,5996,5987,125,6112,49
2021-05-16,Alameda,1,1643700,87639,87743,2034,89777,1253
2021-05-16,Alpine,3,1148,88,88,0,88,0
2021-05-16,Amador,5,37829,3666,3667,35,3702,46
2021-05-16,Butte,7,227075,12362,12140,1888,14028,192
2021-05-16,Calaveras,9,45235,2138,2129,14,2143,53
2021-05-16,Colusa,11,21464,1933,1943,313,2256,14
2021-05-16,Contra Costa,13,1133247,69068,68694,1320,70014,805
2021-05-16,Del Norte,15,27424,1372,1365,7,1372,8
2021-05-16,El Dorado,17,186661,10156,10159,763,10922,112
2021-05-16,Fresno,19,978130,101674,101987,8965,110952,1690
2021-05-16,Glenn,21,27897,2407,2401,574,2975,17
2021-05-16,Humboldt,23,135768,4155,4104,34,4138,42
2021-05-16,Imperial,25,180216,28458,28516,2867,31383,729
2021-05-16,Inyo,27,18085,1403,1401,4,1405,36
2021-05-16,Kern,29,883053,96482,96083,11257,107340,1315
2021-05-16,Kings,31,150075,22922,22918,1187,24105,246
2021-05-16,Lake,33,64148,3499,3489,9,3498,43
2021-05-16,Lassen,35,31185,5181,5156,116,5272,6
2021-05-16,Los Angeles,37,10098052,1200317,1196397,43726,1240123,24120
2021-05-16,Madera,39,155013,16489,16483,951,17434,238
2021-05-16,Marin,41,260295,14014,14015,261,14276,227
2021-05-16,Mariposa,43,17540,428,423,11,434,5
2021-05-16,Mendocino,45,87422,3929,3863,75,3938,46
2021-05-16,Merced,47,269075,30900,31023,993,32016,450
2021-05-16,Modoc,49,8938,371,362,126,488,3
2021-05-16,Mono,51,14174,1242,1265,13,1278,3
2021-05-16,Monterey,53,433212,42975,42991,1925,44916,379
2021-05-16,Napa,55,140530,9884,9891,33,9924,82
2021-05-16,Nevada,57,99092,4775,4755,194,4949,70
2021-05-16,Orange,59,3164182,254182,253962,11646,265608,5031
2021-05-16,Placer,61,380077,23010,22696,1533,24229,289
2021-05-16,Plumas,63,18699,697,682,11,693,4
2021-05-16,Riverside,65,2383286,290660,288259,14702,302961,4433
2021-05-16,Sacramento,67,1510023,105130,105013,1795,106808,1628
2021-05-16,San Benito,69,59416,6050,6067,118,6185,63
2021-05-16,San Bernardino,71,2135413,292160,291940,9026,300966,4724
2021-05-16,San Diego,73,3302833,279493,279099,0,279099,3742
2021-05-16,San Francisco,75,870044,36538,36808,1378,38186,546
2021-05-16,San Joaquin,77,732212,72591,72218,3711,75929,1359
2021-05-16,San Luis Obispo,79,281455,21119,21072,767,21839,256
2021-05-16,San Mateo,81,765935,42201,42063,476,42539,428
2021-05-16,Santa Barbara,83,443738,34369,34270,1246,35516,459
2021-05-16,Santa Clara,85,1922200,117818,119098,785,119883,2015
2021-05-16,Santa Cruz,87,273765,16111,16143,875,17018,206
2021-05-16,Shasta,89,179085,12149,12156,1602,13758,200
2021-05-16,Sierra,91,2930,54,54,14,68,0
2021-05-16,Siskiyou,93,43540,1874,1790,371,2161,15
2021-05-16,Solano,95,438530,32607,32619,554,33173,253
2021-05-16,Sonoma,97,501317,29892,30033,336,30369,321
2021-05-16,Stanislaus,99,539301,55731,55814,6146,61960,951
2021-05-16,Sutter,101,95872,9410,9445,91,9536,113
2021-05-16,Tehama,103,63373,5017,5013,596,5609,63
2021-05-16,Trinity,105,12862,360,328,59,387,3
2021-05-16,Tulare,107,460477,49459,49091,9491,58582,837
2021-05-16,Tuolumne,109,53932,4063,4070,36,4106,64
2021-05-16,Ventura,111,848112,80832,80689,3092,83781,1017
2021-05-16,Yolo,113,214977,13951,13938,326,14264,211
2021-05-16,Yuba,115,75493,5993,5987,125,6112,49
2021-05-15,Alameda,1,1643700,87613,87677,2033,89710,1252
2021-05-15,Alpine,3,1148,88,88,0,88,0
2021-05-15,Amador,5,37829,3666,3666,35,3701,46
2021-05-15,Butte,7,227075,12355,12095,1887,13982,192
2021-05-15,Calaveras,9,45235,2137,2126,14,2140,53
2021-05-15,Colusa,11,21464,1933,1941,311,2252,14
2021-05-15,Contra Costa,13,1133247,69022,68658,1320,69978,805
2021-05-15,Del Norte,15,27424,1367,1359,7,1366,8
2021-05-15,El Dorado,17,186661,10144,10156,762,10918,112
2021-05-15,Fresno,19,978130,101638,101957,8962,110919,1690
2021-05-15,Glenn,21,27897,2407,2400,574,2974,17
2021-05-15,Humboldt,23,135768,4145,4080,34,4114,42
2021-05-15,Imperial,25,180216,28455,28504,2866,31370,729
2021-05-15,Inyo,27,18085,1403,1402,4,1406,36
2021-05-15,Kern,29,883053,96469,96061,11241,107302,1315
2021-05-15,Kings,31,150075,22921,22913,1187,24100,246
2021-05-15,Lake,33,64148,3498,3485,9,3494,43
2021-05-15,Lassen,35,31185,5177,5156,115,5271,6
2021-05-15,Los Angeles,37,10098052,1200196,1196255,43712,1239967,24115
2021-05-15,Madera,39,155013,16486,16482,951,17433,238
2021-05-15,Marin,41,260295,14010,14012,261,14273,227
2021-05-15,Mariposa,43,17540,428,423,11,434,5
2021-05-15,Mendocino,45,87422,3926,3861,75,3936,46
2021-05-15,Merced,47,269075,30879,31012,993,32005,450
2021-05-15,Modoc,49,8938,371,362,126,488,3
2021-05-15,Mono,51,14174,1242,1265,13,1278,3
2021-05-15,Monterey,53,433212,42971,42982,1925,44907,379
2021-05-15,Napa,55,140530,9881,9887,33,9920,82
2021-05-15,Nevada,57,99092,4774,4755,194,4949,70
2021-05-15,Orange,59,3164182,254155,253919,11639,265558,5030
2021-05-15,Placer,61,380077,22989,22688,1533,24221,289
2021-05-15,Plumas,63,18699,697,681,11,692,4
2021-05-15,Riverside,65,2383286,290618,288203,14697,302900,4433
2021-05-15,Sacramento,67,1510023,105057,104929,1792,106721,1628
2021-05-15,San Benito,69,59416,6050,6066,118,6184,63
2021-05-15,San Bernardino,71,2135413,292120,291892,9024,300916,4724
2021-05-15,San Diego,73,3302833,279422,278991,0,278991,3737
2021-05-15,San Francisco,75,870044,36522,36795,1376,38171,546
2021-05-15,San Joaquin,77,732212,72565,72197,3709,75906,1359
2021-05-15,San Luis Obispo,79,281455,21116,21061,766,21827,256
2021-05-15,San Mateo,81,765935,42185,42059,476,42535,428
2021-05-15,Santa Barbara,83,443738,34362,34259,1246,35505,459
2021-05-15,Santa Clara,85,1922200,117798,119060,785,119845,2016
2021-05-15,Santa Cruz,87,273765,16107,16137,875,17012,206
2021-05-15,Shasta,89,179085,12137,12152,1599,13751,200
2021-05-15,Sierra,91,2930,54,54,14,68,0
2021-05-15,Siskiyou,93,43540,1868,1788,369,2157,15
2021-05-15,Solano,95,438530,32597,32604,553,33157,253
2021-05-15,Sonoma,97,501317,29873,30020,336,30356,321
2021-05-15,Stanislaus,99,539301,55699,55795,6139,61934,952
2021-05-15,Sutter,101,95872,9408,9436,91,9527,113
2021-05-15,Tehama,103,63373,5013,5012,594,5606,63
2021-05-15,Trinity,105,12862,360,328,59,387,3
2021-05-15,Tulare,107,460477,49450,49080,9486,58566,837
2021-05-15,Tuolumne,109,53932,4061,4064,36,4100,63
2021-05-15,Ventura,111,848112,80821,80662,3092,83754,1017
2021-05-15,Yolo,113,214977,13944,13932,325,14257,211
2021-05-15,Yuba,115,75493,5990,5979,125,6104,49
2021-05-14,Alameda,1,1643700,87578,87621,2031,89652,1249
2021-05-14,Alpine,3,1148,88,88,0,88,0
2021-05-14,Amador,5,37829,3666,3665,35,3700,46
2021-05-14,Butte,7,227075,12346,12076,1884,13960,192
2021-05-14,Calaveras,9,45235,2133,2121,14,2135,53
2021-05-14,Colusa,11,21464,1932,1940,310,2250,14
2021-05-14,Contra Costa,13,1133247,68980,68589,1318,69907,806
2021-05-14,Del Norte,15,27424,1367,1355,7,1362,8
2021-05-14,El Dorado,17,186661,10137,10143,761,10904,113
2021-05-14,Fresno,19,978130,101609,101917,8956,110873,1688
2021-05-14,Glenn,21,27897,2406,2398,574,2972,17
2021-05-14,Humboldt,23,135768,4137,4050,34,4084,37
2021-05-14,Imperial,25,180216,28448,28485,2865,31350,728
2021-05-14,Inyo,27,18085,1403,1400,4,1404,36
2021-05-14,Kern,29,883053,96439,96033,11232,107265,1311
2021-05-14,Kings,31,150075,22920,22910,1187,24097,246
2021-05-14,Lake,33,64148,3494,3483,9,3492,43
2021-05-14,Lassen,35,31185,5177,5154,115,5269,6
2021-05-14,Los Angeles,37,10098052,1200064,1196038,43707,1239745,24101
2021-05-14,Madera,39,155013,16483,16474,951,17425,238
2021-05-14,Marin,41,260295,14006,14010,261,14271,227
2021-05-14,Mariposa,43,17540,428,422,11,433,5
2021-05-14,Mendocino,45,87422,3924,3855,75,3930,46
2021-05-14,Merced,47,269075,30869,31010,993,32003,450
2021-05-14,Modoc,49,8938,371,362,126,488,3
2021-05-14,Mono,51,14174,1241,1265,13,1278,3
2021-05-14,Monterey,53,433212,42966,42973,1925,44898,380
2021-05-14,Napa,55,140530,9878,9883,33,9916,82
2021-05-14,Nevada,57,99092,4769,4745,194,4939,70
2021-05-14,Orange,59,3164182,254122,253855,11632,265487,5028
2021-05-14,Placer,61,380077,22970,22660,1527,24187,287
2021-05-14,Plumas,63,18699,696,680,11,691,4
2021-05-14,Riverside,65,2383286,290567,288140,14694,302834,4433
2021-05-14,Sacramento,67,1510023,104969,104828,1791,106619,1627
2021-05-14,San Benito,69,59416,6050,6064,118,6182,63
2021-05-14,San Bernardino,71,2135413,292071,291834,9024,300858,4721
2021-05-14,San Diego,73,3302833,279350,278853,0,278853,3732
2021-05-14,San Francisco,75,870044,36513,36771,1372,38143,545
2021-05-14,San Joaquin,77,732212,72532,72160,3702,75862,1359
2021-05-14,San Luis Obispo,79,281455,21113,21051,765,21816,256
2021-05-14,San Mateo,81,765935,42174,42041,476,42517,428
2021-05-14,Santa Barbara,83,443738,34352,34243,1246,35489,456
2021-05-14,Santa Clara,85,1922200,117769,119006,785,119791,2014
2021-05-14,Santa Cruz,87,273765,16102,16130,875,17005,207
2021-05-14,Shasta,89,179085,12131,12130,1594,13724,200
2021-05-14,Sierra,91,2930,54,54,14,68,0
2021-05-14,Siskiyou,93,43540,1861,1779,368,2147,14
2021-05-14,Solano,95,438530,32577,32585,552,33137,252
2021-05-14,Sonoma,97,501317,29854,30007,336,30343,321
2021-05-14,Stanislaus,99,539301,55663,55752,6133,61885,950
2021-05-14,Sutter,101,95872,9399,9433,89,9522,113
2021-05-14,Tehama,103,63373,5006,5005,594,5599,63
2021-05-14,Trinity,105,12862,360,328,59,387,3
2021-05-14,Tulare,107,460477,49435,49060,9479,58539,836
2021-05-14,Tuolumne,109,53932,4061,4060,36,4096,63
2021-05-14,Ventura,111,848112,80807,80628,3092,83720,1014
2021-05-14,Yolo,113,214977,13939,13922,321,14243,210
2021-05-14,Yuba,115,75493,5986,5970,125,6095,47
2021-05-13,Alameda,1,1643700,87533,87557,2030,89587,1250
2021-05-13,Alpine,3,1148,88,88,0,88,0
2021-05-13,Amador,5,37829,3666,3662,35,3697,46
2021-05-13,Butte,7,227075,12333,12051,1883,13934,196
2021-05-13,Calaveras,9,45235,2133,2120,14,2134,53
2021-05-13,Colusa,11,21464,1931,1939,306,2245,14
2021-05-13,Contra Costa,13,1133247,68932,68522,1317,69839,806
2021-05-13,Del Norte,15,27424,1365,1354,7,1361,8
2021-05-13,El Dorado,17,186661,10135,10133,761,10894,112
2021-05-13,Fresno,19,978130,101580,101862,8955,110817,1687
2021-05-13,Glenn,21,27897,2405,2395,574,2969,17
2021-05-13,Humboldt,23,135768,4119,4027,34,4061,37
2021-05-13,Imperial,25,180216,28433,28468,2863,31331,729
2021-05-13,Inyo,27,18085,1403,1400,4,1404,36
2021-05-13,Kern,29,883053,96416,95996,11213,107209,1311
2021-05-13,Kings,31,150075,22919,22904,1187,24091,246
2021-05-13,Lake,33,64148,3492,3479,9,3488,43
2021-05-13,Lassen,35,31185,5177,5152,114,5266,6
2021-05-13,Los Angeles,37,10098052,1199875,1195504,43693,1239197,24083
2021-05-13,Madera,39,155013,16476,16467,951,17418,238
2021-05-13,Marin,41,260295,14001,14004,259,14263,227
2021-05-13,Mariposa,43,17540,428,422,11,433,5
2021-05-13,Mendocino,45,87422,3920,3846,75,3921,46
2021-05-13,Merced,47,269075,30861,30989,993,31982,450
2021-05-13,Modoc,49,8938,371,362,126,488,3
2021-05-13,Mono,51,14174,1241,1265,13,1278,3
2021-05-13,Monterey,53,433212,42952,42966,1924,44890,380
2021-05-13,Napa,55,140530,9871,9877,33,9910,82
2021-05-13,Nevada,57,99092,4765,4743,193,4936,70
2021-05-13,Orange,59,3164182,254081,253778,11630,265408,5026
2021-05-13,Placer,61,380077,22945,22668,1520,24188,288
2021-05-13,Plumas,63,18699,696,680,11,691,4
2021-05-13,Riverside,65,2383286,290507,288067,14692,302759,4433
2021-05-13,Sacramento,67,1510023,104884,104711,1788,106499,1626
2021-05-13,San Benito,69,59416,6048,6062,118,6180,63
2021-05-13,San Bernardino,71,2135413,292008,291765,9024,300789,4722
2021-05-13,San Diego,73,3302833,279237,278592,0,278592,3729
2021-05-13,San Francisco,75,870044,36489,36741,1370,38111,544
2021-05-13,San Joaquin,77,732212,72491,72096,3698,75794,1357
2021-05-13,San Luis Obispo,79,281455,21098,21043,764,21807,255
2021-05-13,San Mateo,81,765935,42155,42059,476,42535,426
2021-05-13,Santa Barbara,83,443738,34340,34242,1246,35488,456
2021-05-13,Santa Clara,85,1922200,117743,118952,785,119737,2013
2021-05-13,Santa Cruz,87,273765,16096,16129,875,17004,208
2021-05-13,Shasta,89,179085,12111,12111,1590,13701,200
2021-05-13,Sierra,91,2930,54,54,14,68,0
2021-05-13,Siskiyou,93,43540,1854,1769,365,2134,14
2021-05-13,Solano,95,438530,32564,32548,550,33098,252
2021-05-13,Sonoma,97,501317,29829,29991,336,30327,321
2021-05-13,Stanislaus,99,539301,55626,55678,6127,61805,949
2021-05-13,Sutter,101,95872,9395,9431,87,9518,112
2021-05-13,Tehama,103,63373,5001,4997,594,5591,63
2021-05-13,Trinity,105,12862,360,327,58,385,3
2021-05-13,Tulare,107,460477,49410,49032,9470,58502,837
2021-05-13,Tuolumne,109,53932,4060,4059,36,4095,63
2021-05-13,Ventura,111,848112,80777,80615,3091,83706,1012
2021-05-13,Yolo,113,214977,13930,13914,319,14233,210
2021-05-13,Yuba,115,75493,5977,5962,125,6087,47
2021-05-12,Alameda,1,1643700,87499,87482,2028,89510,1261
2021-05-12,Alpine,3,1148,88,88,0,88,0
2021-05-12,Amador,5,37829,3666,3658,35,3693,46
2021-05-12,Butte,7,227075,12323,12026,1883,13909,199
2021-05-12,Calaveras,9,45235,2130,2119,14,2133,53
2021-05-12,Colusa,11,21464,1929,1939,305,2244,14
2021-05-12,Contra Costa,13,1133247,68873,68462,1311,69773,805
2021-05-12,Del Norte,15,27424,1363,1352,7,1359,8
2021-05-12,El Dorado,17,186661,10126,10123,761,10884,112
2021-05-12,Fresno,19,978130,101532,101838,8944,110782,1688
2021-05-12,Glenn,21,27897,2402,2391,574,2965,17
2021-05-12,Humboldt,23,135768,4091,3982,34,4016,37
2021-05-12,Imperial,25,180216,28415,28443,2860,31303,726
2021-05-12,Inyo,27,18085,1403,1400,4,1404,36
2021-05-12,Kern,29,883053,96381,95955,11205,107160,1310
2021-05-12,Kings,31,150075,22917,22896,1187,24083,246
2021-05-12,Lake,33,64148,3490,3476,9,3485,43
2021-05-12,Lassen,35,31185,5175,5151,114,5265,6
2021-05-12,Los Angeles,37,10098052,1199695,1195318,43676,1238994,24067
2021-05-12,Madera,39,155013,16472,16462,950,17412,238
2021-05-12,Marin,41,260295,13996,13997,259,14256,227
2021-05-12,Mariposa,43,17540,428,422,11,433,5
2021-05-12,Mendocino,45,87422,3910,3836,75,3911,46
2021-05-12,Merced,47,269075,30845,30941,993,31934,450
2021-05-12,Modoc,49,8938,370,362,126,488,3
2021-05-12,Mono,51,14174,1241,1265,13,1278,3
2021-05-12,Monterey,53,433212,42940,42950,1923,44873,380
2021-05-12,Napa,55,140530,9865,9870,33,9903,82
2021-05-12,Nevada,57,99092,4761,4738,193,4931,70
2021-05-12,Orange,59,3164182,254031,253587,11627,265214,5024
2021-05-12,Placer,61,380077,22927,22652,1513,24165,288
2021-05-12,Plumas,63,18699,696,681,11,692,4
2021-05-12,Riverside,65,2383286,290437,287830,14687,302517,4431
2021-05-12,Sacramento,67,1510023,104788,104592,1787,106379,1621
2021-05-12,San Benito,69,59416,6048,6062,118,6180,63
2021-05-12,San Bernardino,71,2135413,291964,291505,9019,300524,4715
2021-05-12,San Diego,73,3302833,279133,278402,0,278402,3729
2021-05-12,San Francisco,75,870044,36470,36720,1369,38089,544
2021-05-12,San Joaquin,77,732212,72437,72043,3694,75737,1356
2021-05-12,San Luis Obispo,79,281455,21088,21021,764,21785,255
2021-05-12,San Mateo,81,765935,42146,42038,474,42512,426
2021-05-12,Santa Barbara,83,443738,34333,34218,1246,35464,456
2021-05-12,Santa Clara,85,1922200,117700,118897,785,119682,2005
2021-05-12,Santa Cruz,87,273765,16090,16123,875,16998,207
2021-05-12,Shasta,89,179085,12091,12092,1588,13680,200
2021-05-12,Sierra,91,2930,54,54,14,68,0
2021-05-12,Siskiyou,93,43540,1850,1760,363,2123,13
2021-05-12,Solano,95,438530,32540,32519,550,33069,252
2021-05-12,Sonoma,97,501317,29817,29976,336,30312,320
2021-05-12,Stanislaus,99,539301,55587,55632,6118,61750,919
2021-05-12,Sutter,101,95872,9392,9427,87,9514,112
2021-05-12,Tehama,103,63373,4997,4989,594,5583,62
2021-05-12,Trinity,105,12862,360,327,58,385,3
2021-05-12,Tulare,107,460477,49394,49001,9462,58463,838
2021-05-12,Tuolumne,109,53932,4059,4056,36,4092,63
2021-05-12,Ventura,111,848112,80758,80577,3091,83668,1010
2021-05-12,Yolo,113,214977,13923,13910,318,14228,210
2021-05-12,Yuba,115,75493,5974,5956,125,6081,47
2021-05-11,Alameda,1,1643700,87435,87413,2024,89437,1290
2021-05-11,Alpine,3,1148,88,88,0,88,0
2021-05-11,Amador,5,37829,3664,3657,35,3692,46
2021-05-11,Butte,7,227075,12308,12008,1880,13888,199
2021-05-11,Calaveras,9,45235,2130,2118,14,2132,52
2021-05-11,Colusa,11,21464,1928,1939,305,2244,14
2021-05-11,Contra Costa,13,1133247,68813,68406,1310,69716,806
2021-05-11,Del Norte,15,27424,1361,1347,7,1354,8
2021-05-11,El Dorado,17,186661,10120,10108,760,10868,112
2021-05-11,Fresno,19,978130,101488,101792,8938,110730,1686
2021-05-11,Glenn,21,27897,2401,2387,573,2960,17
2021-05-11,Humboldt,23,135768,4070,3964,33,3997,37
2021-05-11,Imperial,25,180216,28407,28413,2856,31269,722
2021-05-11,Inyo,27,18085,1402,1402,4,1406,36
2021-05-11,Kern,29,883053,96355,95938,11191,107129,1310
2021-05-11,Kings,31,150075,22909,22887,1187,24074,246
2021-05-11,Lake,33,64148,3490,3473,9,3482,43
2021-05-11,Lassen,35,31185,5173,5148,114,5262,6
2021-05-11,Los Angeles,37,10098052,1199462,1195100,43663,1238763,24048
2021-05-11,Madera,39,155013,16469,16459,950,17409,238
2021-05-11,Marin,41,260295,13989,13987,259,14246,227
2021-05-11,Mariposa,43,17540,428,421,11,432,5
2021-05-11,Mendocino,45,87422,3902,3821,75,3896,46
2021-05-11,Merced,47,269075,30836,30893,993,31886,449
2021-05-11,Modoc,49,8938,370,362,125,487,3
2021-05-11,Mono,51,14174,1241,1265,13,1278,3
2021-05-11,Monterey,53,433212,42932,42934,1922,44856,380
2021-05-11,Napa,55,140530,9858,9870,33,9903,81
2021-05-11,Nevada,57,99092,4757,4737,193,4930,70
2021-05-11,Orange,59,3164182,253969,253545,11619,265164,5017
2021-05-11,Placer,61,380077,22906,22615,1509,24124,287
2021-05-11,Plumas,63,18699,694,679,11,690,4
2021-05-11,Riverside,65,2383286,290378,287757,14681,302438,4429
2021-05-11,Sacramento,67,1510023,104691,104496,1784,106280,1616
2021-05-11,San Benito,69,59416,6045,6058,118,6176,63
2021-05-11,San Bernardino,71,2135413,291902,291421,9017,300438,4707
2021-05-11,San Diego,73,3302833,278998,278308,0,278308,3725
2021-05-11,San Francisco,75,870044,36450,36707,1369,38076,543
2021-05-11,San Joaquin,77,732212,72390,71999,3690,75689,1356
2021-05-11,San Luis Obispo,79,281455,21081,21008,762,21770,255
2021-05-11,San Mateo,81,765935,42127,41985,473,42458,425
2021-05-11,Santa Barbara,83,443738,34324,34207,1246,35453,456
2021-05-11,Santa Clara,85,1922200,117654,118857,784,119641,2005
2021-05-11,Santa Cruz,87,273765,16086,16113,875,16988,206
2021-05-11,Shasta,89,179085,12068,12050,1582,13632,200
2021-05-11,Sierra,91,2930,54,54,14,68,0
2021-05-11,Siskiyou,93,43540,1840,1756,361,2117,13
2021-05-11,Solano,95,438530,32523,32499,548,33047,250
2021-05-11,Sonoma,97,501317,29801,29966,336,30302,318
2021-05-11,Stanislaus,99,539301,55539,55589,6114,61703,909
2021-05-11,Sutter,101,95872,9385,9417,87,9504,112
2021-05-11,Tehama,103,63373,4993,4985,593,5578,62
2021-05-11,Trinity,105,12862,360,327,57,384,3
2021-05-11,Tulare,107,460477,49368,48974,9447,58421,837
2021-05-11,Tuolumne,109,53932,4058,4056,36,4092,63
2021-05-11,Ventura,111,848112,80734,80544,3088,83632,1008
2021-05-11,Yolo,113,214977,13910,13902,315,14217,210
2021-05-11,Yuba,115,75493,5965,5950,125,6075,46
2021-05-10,Alameda,1,1643700,87363,87366,2023,89389,1284
2021-05-10,Alpine,3,1148,88,88,0,88,0
2021-05-10,Amador,5,37829,3663,3657,35,3692,46
2021-05-10,Butte,7,227075,12293,11993,1874,13867,199
2021-05-10,Calaveras,9,45235,2124,2118,14,2132,52
2021-05-10,Colusa,11,21464,1928,1939,305,2244,14
2021-05-10,Contra Costa,13,1133247,68750,68357,1310,69667,806
2021-05-10,Del Norte,15,27424,1358,1339,7,1346,8
2021-05-10,El Dorado,17,186661,10106,10093,760,10853,113
2021-05-10,Fresno,19,978130,101457,101755,8933,110688,1682
2021-05-10,Glenn,21,27897,2400,2384,571,2955,17
2021-05-10,Humboldt,23,135768,4040,3961,33,3994,36
2021-05-10,Imperial,25,180216,28393,28397,2853,31250,722
2021-05-10,Inyo,27,18085,1402,1401,4,1405,36
2021-05-10,Kern,29,883053,96313,95920,11177,107097,1310
2021-05-10,Kings,31,150075,22898,22884,1186,24070,246
2021-05-10,Lake,33,64148,3482,3471,9,3480,43
2021-05-10,Lassen,35,31185,5170,5148,113,5261,5
2021-05-10,Los Angeles,37,10098052,1199208,1194976,43645,1238621,24030
2021-05-10,Madera,39,155013,16459,16450,950,17400,238
2021-05-10,Marin,41,260295,13986,13981,259,14240,228
2021-05-10,Mariposa,43,17540,427,420,11,431,5
2021-05-10,Mendocino,45,87422,3896,3818,75,3893,46
2021-05-10,Merced,47,269075,30826,30880,993,31873,448
2021-05-10,Modoc,49,8938,370,361,125,486,3
2021-05-10,Mono,51,14174,1241,1265,13,1278,3
2021-05-10,Monterey,53,433212,42926,42927,1917,44844,380
2021-05-10,Napa,55,140530,9856,9860,33,9893,81
2021-05-10,Nevada,57,99092,4750,4735,193,4928,70
2021-05-10,Orange,59,3164182,253919,253484,11613,265097,5008
2021-05-10,Placer,61,380077,22885,22590,1506,24096,286
2021-05-10,Plumas,63,18699,693,679,11,690,4
2021-05-10,Riverside,65,2383286,290313,287689,14675,302364,4427
2021-05-10,Sacramento,67,1510023,104578,104378,1779,106157,1613
2021-05-10,San Benito,69,59416,6044,6058,118,6176,63
2021-05-10,San Bernardino,71,2135413,291849,291360,9016,300376,4707
2021-05-10,San Diego,73,3302833,278833,278183,0,278183,3725
2021-05-10,San Francisco,75,870044,36431,36683,1369,38052,543
2021-05-10,San Joaquin,77,732212,72353,71954,3675,75629,1356
2021-05-10,San Luis Obispo,79,281455,21063,20993,761,21754,256
2021-05-10,San Mateo,81,765935,42109,41926,473,42399,424
2021-05-10,Santa Barbara,83,443738,34317,34201,1246,35447,456
2021-05-10,Santa Clara,85,1922200,117596,118822,783,119605,2003
2021-05-10,Santa Cruz,87,273765,16080,16114,875,16989,206
2021-05-10,Shasta,89,179085,12054,12036,1578,13614,200
2021-05-10,Sierra,91,2930,54,54,14,68,0
2021-05-10,Siskiyou,93,43540,1830,1752,359,2111,13
2021-05-10,Solano,95,438530,32503,32466,546,33012,250
2021-05-10,Sonoma,97,501317,29787,29955,335,30290,318
2021-05-10,Stanislaus,99,539301,55464,55541,6108,61649,898
2021-05-10,Sutter,101,95872,9379,9412,87,9499,111
2021-05-10,Tehama,103,63373,4989,4980,593,5573,62
2021-05-10,Trinity,105,12862,360,327,55,382,3
2021-05-10,Tulare,107,460477,49344,48956,9441,58397,837
2021-05-10,Tuolumne,109,53932,4054,4054,36,4090,63
2021-05-10,Ventura,111,848112,80718,80501,3086,83587,1008
2021-05-10,Yolo,113,214977,13898,13898,313,14211,209
2021-05-10,Yuba,115,75493,5963,5942,125,6067,46
2021-05-09,Alameda,1,1643700,87291,87292,2020,89312,1284
2021-05-09,Alpine,3,1148,88,88,0,88,0
2021-05-09,Amador,5,37829,3661,3655,35,3690,46
2021-05-09,Butte,7,227075,12275,11985,1870,13855,199
2021-05-09,Calaveras,9,45235,2123,2116,14,2130,52
2021-05-09,Colusa,11,21464,1927,1940,305,2245,14
2021-05-09,Contra Costa,13,1133247,68686,68302,1308,69610,806
2021-05-09,Del Norte,15,27424,1351,1338,7,1345,8
2021-05-09,El Dorado,17,186661,10092,10089,757,10846,113
2021-05-09,Fresno,19,978130,101419,101729,8925,110654,1682
2021-05-09,Glenn,21,27897,2393,2382,568,2950,17
2021-05-09,Humboldt,23,135768,4020,3950,33,3983,36
2021-05-09,Imperial,25,180216,28370,28388,2846,31234,722
2021-05-09,Inyo,27,18085,1402,1401,3,1404,36
2021-05-09,Kern,29,883053,96285,95903,11166,107069,1310
2021-05-09,Kings,31,150075,22889,22878,1186,24064,246
2021-05-09,Lake,33,64148,3478,3471,9,3480,43
2021-05-09,Lassen,35,31185,5168,5147,113,5260,5
2021-05-09,Los Angeles,37,10098052,1198952,1194820,43630,1238450,24026
2021-05-09,Madera,39,155013,16450,16444,944,17388,238
2021-05-09,Marin,41,260295,13975,13979,258,14237,228
2021-05-09,Mariposa,43,17540,424,420,11,431,5
2021-05-09,Mendocino,45,87422,3886,3814,75,3889,46
2021-05-09,Merced,47,269075,30803,30883,993,31876,448
2021-05-09,Modoc,49,8938,370,360,125,485,3
2021-05-09,Mono,51,14174,1241,1264,13,1277,3
2021-05-09,Monterey,53,433212,42909,42918,1917,44835,380
2021-05-09,Napa,55,140530,9845,9857,33,9890,81
2021-05-09,Nevada,57,99092,4743,4727,193,4920,70
2021-05-09,Orange,59,3164182,253867,253451,11605,265056,5008
2021-05-09,Placer,61,380077,22859,22566,1503,24069,286
2021-05-09,Plumas,63,18699,692,679,11,690,4
2021-05-09,Riverside,65,2383286,290234,287644,14669,302313,4427
2021-05-09,Sacramento,67,1510023,104434,104309,1772,106081,1612
2021-05-09,San Benito,69,59416,6042,6056,118,6174,63
2021-05-09,San Bernardino,71,2135413,291766,291337,9010,300347,4707
2021-05-09,San Diego,73,3302833,278667,277950,0,277950,3725
2021-05-09,San Francisco,75,870044,36405,36669,1367,38036,543
2021-05-09,San Joaquin,77,732212,72309,71927,3674,75601,1356
2021-05-09,San Luis Obispo,79,281455,21053,20999,761,21760,256
2021-05-09,San Mateo,81,765935,42080,41903,473,42376,424
2021-05-09,Santa Barbara,83,443738,34304,34196,1245,35441,456
2021-05-09,Santa Clara,85,1922200,117542,118798,782,119580,2003
2021-05-09,Santa Cruz,87,273765,16074,16094,875,16969,206
2021-05-09,Shasta,89,179085,12024,12034,1573,13607,200
2021-05-09,Sierra,91,2930,54,54,14,68,0
2021-05-09,Siskiyou,93,43540,1824,1741,356,2097,13
2021-05-09,Solano,95,438530,32463,32434,543,32977,250
2021-05-09,Sonoma,97,501317,29772,29953,334,30287,318
2021-05-09,Stanislaus,99,539301,55397,55511,6104,61615,898
2021-05-09,Sutter,101,95872,9373,9413,87,9500,111
2021-05-09,Tehama,103,63373,4984,4979,593,5572,62
2021-05-09,Trinity,105,12862,360,327,55,382,3
2021-05-09,Tulare,107,460477,49317,48948,9436,58384,837
2021-05-09,Tuolumne,109,53932,4053,4053,36,4089,63
2021-05-09,Ventura,111,848112,80703,80487,3085,83572,1008
2021-05-09,Yolo,113,214977,13887,13897,312,14209,209
2021-05-09,Yuba,115,75493,5957,5934,125,6059,46
2021-05-08,Alameda,1,1643700,87249,87213,2016,89229,1284
2021-05-08,Alpine,3,1148,88,88,0,88,0
2021-05-08,Amador,5,37829,3659,3652,35,3687,46
2021-05-08,Butte,7,227075,12263,11962,1869,13831,199
2021-05-08,Calaveras,9,45235,2122,2114,14,2128,52
2021-05-08,Colusa,11,21464,1927,1939,305,2244,14
2021-05-08,Contra Costa,13,1133247,68653,68223,1306,69529,803
2021-05-08,Del Norte,15,27424,1348,1335,7,1342,8
2021-05-08,El Dorado,17,186661,10078,10079,757,10836,113
2021-05-08,Fresno,19,978130,101384,101676,8920,110596,1682
2021-05-08,Glenn,21,27897,2391,2382,566,2948,17
2021-05-08,Humboldt,23,135768,4004,3939,33,3972,36
2021-05-08,Imperial,25,180216,28362,28373,2846,31219,721
2021-05-08,Inyo,27,18085,1402,1402,3,1405,36
2021-05-08,Kern,29,883053,96262,95880,11153,107033,1310
2021-05-08,Kings,31,150075,22886,22872,1185,24057,246
2021-05-08,Lake,33,64148,3477,3470,9,3479,43
2021-05-08,Lassen,35,31185,5167,5145,113,5258,5
2021-05-08,Los Angeles,37,10098052,1198804,1194584,43614,1238198,24022
2021-05-08,Madera,39,155013,16446,16442,944,17386,238
2021-05-08,Marin,41,260295,13972,13974,257,14231,228
2021-05-08,Mariposa,43,17540,424,420,11,431,5
2021-05-08,Mendocino,45,87422,3881,3810,74,3884,46
2021-05-08,Merced,47,269075,30794,30876,993,31869,448
2021-05-08,Modoc,49,8938,370,360,124,484,3
2021-05-08,Mono,51,14174,1241,1262,13,1275,3
2021-05-08,Monterey,53,433212,42904,42914,1916,44830,380
2021-05-08,Napa,55,140530,9838,9853,33,9886,81
2021-05-08,Nevada,57,99092,4740,4716,193,4909,70
2021-05-08,Orange,59,3164182,253831,253412,11602,265014,5006
2021-05-08,Placer,61,380077,22841,22547,1501,24048,286
2021-05-08,Plumas,63,18699,691,679,11,690,4
2021-05-08,Riverside,65,2383286,290193,287574,14667,302241,4427
2021-05-08,Sacramento,67,1510023,104350,104208,1768,105976,1610
2021-05-08,San Benito,69,59416,6041,6048,118,6166,63
2021-05-08,San Bernardino,71,2135413,291722,291296,9010,300306,4707
2021-05-08,San Diego,73,3302833,278583,277760,0,277760,3725
2021-05-08,San Francisco,75,870044,36382,36642,1367,38009,543
2021-05-08,San Joaquin,77,732212,72280,71869,3665,75534,1356
2021-05-08,San Luis Obispo,79,281455,21042,20992,761,21753,256
2021-05-08,San Mateo,81,765935,42069,41871,473,42344,424
2021-05-08,Santa Barbara,83,443738,34291,34185,1245,35430,456
2021-05-08,Santa Clara,85,1922200,117511,118751,782,119533,2003
2021-05-08,Santa Cruz,87,273765,16071,16089,875,16964,206
2021-05-08,Shasta,89,179085,12014,12030,1569,13599,200
2021-05-08,Sierra,91,2930,54,54,14,68,0
2021-05-08,Siskiyou,93,43540,1823,1741,352,2093,13
2021-05-08,Solano,95,438530,32438,32395,541,32936,249
2021-05-08,Sonoma,97,501317,29760,29942,334,30276,318
2021-05-08,Stanislaus,99,539301,55364,55467,6100,61567,898
2021-05-08,Sutter,101,95872,9370,9413,87,9500,111
2021-05-08,Tehama,103,63373,4982,4977,593,5570,62
2021-05-08,Trinity,105,12862,360,327,55,382,3
2021-05-08,Tulare,107,460477,49303,48929,9426,58355,837
2021-05-08,Tuolumne,109,53932,4052,4050,36,4086,63
2021-05-08,Ventura,111,848112,80692,80481,3082,83563,1008
2021-05-08,Yolo,113,214977,13884,13894,311,14205,209
2021-05-08,Yuba,115,75493,5949,5928,125,6053,46
2021-05-07,Alameda,1,1643700,87198,87128,2016,89144,1280
2021-05-07,Alpine,3,1148,88,88,0,88,0
2021-05-07,Amador,5,37829,3656,3651,35,3686,46
2021-05-07,Butte,7,227075,12245,11943,1864,13807,199
2021-05-07,Calaveras,9,45235,2120,2114,14,2128,52
2021-05-07,Colusa,11,21464,1927,1937,305,2242,14
2021-05-07,Contra Costa,13,1133247,68607,68156,1304,69460,804
2021-05-07,Del Norte,15,27424,1343,1329,7,1336,8
2021-05-07,El Dorado,17,186661,10065,10065,755,10820,112
2021-05-07,Fresno,19,978130,101352,101625,8919,110544,1684
2021-05-07,Glenn,21,27897,2388,2381,565,2946,17
2021-05-07,Humboldt,23,135768,3989,3919,33,3952,36
2021-05-07,Imperial,25,180216,28354,28352,2846,31198,721
2021-05-07,Inyo,27,18085,1402,1402,3,1405,36
2021-05-07,Kern,29,883053,96249,95839,11141,106980,1308
2021-05-07,Kings,31,150075,22885,22857,1184,24041,246
2021-05-07,Lake,33,64148,3475,3467,9,3476,43
2021-05-07,Lassen,35,31185,5166,5144,112,5256,5
2021-05-07,Los Angeles,37,10098052,1198634,1194294,43604,1237898,24008
2021-05-07,Madera,39,155013,16441,16439,944,17383,238
2021-05-07,Marin,41,260295,13968,13968,257,14225,228
2021-05-07,Mariposa,43,17540,423,419,11,430,5
2021-05-07,Mendocino,45,87422,3875,3805,74,3879,46
2021-05-07,Merced,47,269075,30790,30862,993,31855,446
2021-05-07,Modoc,49,8938,370,360,124,484,3
2021-05-07,Mono,51,14174,1240,1261,13,1274,3
2021-05-07,Monterey,53,433212,42898,42909,1914,44823,380
2021-05-07,Napa,55,140530,9837,9849,33,9882,81
2021-05-07,Nevada,57,99092,4736,4704,193,4897,70
2021-05-07,Orange,59,3164182,253794,253338,11592,264930,5000
2021-05-07,Placer,61,380077,22821,22524,1498,24022,286
2021-05-07,Plumas,63,18699,691,678,11,689,4
2021-05-07,Riverside,65,2383286,290136,287479,14666,302145,4426
2021-05-07,Sacramento,67,1510023,104277,104068,1763,105831,1609
2021-05-07,San Benito,69,59416,6040,6048,118,6166,63
2021-05-07,San Bernardino,71,2135413,291682,291185,9005,300190,4697
2021-05-07,San Diego,73,3302833,278499,277534,0,277534,3718
2021-05-07,San Francisco,75,870044,36369,36616,1366,37982,543
2021-05-07,San Joaquin,77,732212,72240,71804,3663,75467,1351
2021-05-07,San Luis Obispo,79,281455,21035,20979,761,21740,256
2021-05-07,San Mateo,81,765935,42053,41844,473,42317,424
2021-05-07,Santa Barbara,83,443738,34281,34166,1245,35411,453
2021-05-07,Santa Clara,85,1922200,117478,118691,781,119472,2002
2021-05-07,Santa Cruz,87,273765,16068,16074,875,16949,206
2021-05-07,Shasta,89,179085,11992,12005,1567,13572,200
2021-05-07,Sierra,91,2930,54,54,14,68,0
2021-05-07,Siskiyou,93,43540,1820,1723,352,2075,13
2021-05-07,Solano,95,438530,32411,32352,539,32891,249
2021-05-07,Sonoma,97,501317,29743,29925,332,30257,318
2021-05-07,Stanislaus,99,539301,55323,55407,6094,61501,896
2021-05-07,Sutter,101,95872,9370,9407,86,9493,111
2021-05-07,Tehama,103,63373,4975,4974,593,5567,57
2021-05-07,Trinity,105,12862,360,327,55,382,3
2021-05-07,Tulare,107,460477,49286,48913,9421,58334,837
2021-05-07,Tuolumne,109,53932,4050,4048,36,4084,63
2021-05-07,Ventura,111,848112,80668,80444,3082,83526,1008
2021-05-07,Yolo,113,214977,13879,13875,310,14185,209
2021-05-07,Yuba,115,75493,5939,5910,125,6035,46
2021-05-06,Alameda,1,1643700,87120,87028,2012,89040,1278
2021-05-06,Alpine,3,1148,88,88,0,88,0
2021-05-06,Amador,5,37829,3654,3650,35,3685,46
2021-05-06,Butte,7,227075,12225,11929,1859,13788,198
2021-05-06,Calaveras,9,45235,2119,2111,14,2125,52
2021-05-06,Colusa,11,21464,1927,1935,305,2240,14
2021-05-06,Contra Costa,13,1133247,68552,68076,1301,69377,802
2021-05-06,Del Norte,15,27424,1335,1324,7,1331,6
2021-05-06,El Dorado,17,186661,10058,10048,755,10803,112
2021-05-06,Fresno,19,978130,101311,101536,8913,110449,1680
2021-05-06,Glenn,21,27897,2387,2380,564,2944,17
2021-05-06,Humboldt,23,135768,3965,3898,32,3930,36
2021-05-06,Imperial,25,180216,28343,28311,2845,31156,720
2021-05-06,Inyo,27,18085,1402,1401,3,1404,36
2021-05-06,Kern,29,883053,96224,95801,11124,106925,1307
2021-05-06,Kings,31,150075,22878,22848,1183,24031,246
2021-05-06,Lake,33,64148,3474,3465,9,3474,43
2021-05-06,Lassen,35,31185,5165,5143,112,5255,1
2021-05-06,Los Angeles,37,10098052,1198394,1193954,43587,1237541,23991
2021-05-06,Madera,39,155013,16433,16430,944,17374,238
2021-05-06,Marin,41,260295,13964,13956,257,14213,228
2021-05-06,Mariposa,43,17540,422,419,11,430,5
2021-05-06,Mendocino,45,87422,3864,3802,74,3876,46
2021-05-06,Merced,47,269075,30776,30863,992,31855,444
2021-05-06,Modoc,49,8938,370,360,124,484,3
2021-05-06,Mono,51,14174,1238,1261,13,1274,3
2021-05-06,Monterey,53,433212,42882,42899,1914,44813,379
2021-05-06,Napa,55,140530,9831,9843,33,9876,81
2021-05-06,Nevada,57,99092,4735,4687,193,4880,70
2021-05-06,Orange,59,3164182,253729,253286,11585,264871,4991
2021-05-06,Placer,61,380077,22800,22493,1498,23991,286
2021-05-06,Plumas,63,18699,691,678,11,689,4
2021-05-06,Riverside,65,2383286,290063,287399,14661,302060,4422
2021-05-06,Sacramento,67,1510023,104161,103956,1760,105716,1609
2021-05-06,San Benito,69,59416,6039,6045,118,6163,63
2021-05-06,San Bernardino,71,2135413,291611,291085,9004,300089,4683
2021-05-06,San Diego,73,3302833,278375,277324,0,277324,3716
2021-05-06,San Francisco,75,870044,36354,36599,1366,37965,543
2021-05-06,San Joaquin,77,732212,72184,71729,3660,75389,1350
2021-05-06,San Luis Obispo,79,281455,21023,20965,759,21724,256
2021-05-06,San Mateo,81,765935,42035,41802,472,42274,424
2021-05-06,Santa Barbara,83,443738,34268,34152,1245,35397,453
2021-05-06,Santa Clara,85,1922200,117437,118591,781,119372,2001
2021-05-06,Santa Cruz,87,273765,16061,16050,875,16925,206
2021-05-06,Shasta,89,179085,11970,11983,1561,13544,199
2021-05-06,Sierra,91,2930,54,54,14,68,0
2021-05-06,Siskiyou,93,43540,1811,1711,350,2061,12
2021-05-06,Solano,95,438530,32385,32320,531,32851,249
2021-05-06,Sonoma,97,501317,29735,29911,332,30243,318
2021-05-06,Stanislaus,99,539301,55267,55323,6091,61414,834
2021-05-06,Sutter,101,95872,9364,9396,86,9482,111
2021-05-06,Tehama,103,63373,4970,4970,593,5563,53
2021-05-06,Trinity,105,12862,360,327,55,382,3
2021-05-06,Tulare,107,460477,49263,48890,9406,58296,836
2021-05-06,Tuolumne,109,53932,4046,4047,36,4083,63
2021-05-06,Ventura,111,848112,80637,80411,3079,83490,1005
2021-05-06,Yolo,113,214977,13871,13871,306,14177,209
2021-05-06,Yuba,115,75493,5927,5901,125,6026,46
2021-05-05,Alameda,1,1643700,87059,86950,2010,88960,1278
2021-05-05,Alpine,3,1148,88,88,0,88,0
2021-05-05,Amador,5,37829,3651,3650,35,3685,46
2021-05-05,Butte,7,227075,12207,11907,1856,13763,198
2021-05-05,Calaveras,9,45235,2115,2103,14,2117,52
2021-05-05,Colusa,11,21464,1926,1933,305,2238,14
2021-05-05,Contra Costa,13,1133247,68487,67997,1296,69293,803
2021-05-05,Del Norte,15,27424,1332,1317,7,1324,6
2021-05-05,El Dorado,17,186661,10047,10020,754,10774,111
2021-05-05,Fresno,19,978130,101262,101491,8904,110395,1680
2021-05-05,Glenn,21,27897,2384,2380,563,2943,17
2021-05-05,Humboldt,23,135768,3946,3886,31,3917,36
2021-05-05,Imperial,25,180216,28302,28295,2838,31133,720
2021-05-05,Inyo,27,18085,1401,1401,3,1404,36
2021-05-05,Kern,29,883053,96183,95753,11119,106872,1304
2021-05-05,Kings,31,150075,22872,22840,1182,24022,246
2021-05-05,Lake,33,64148,3471,3458,9,3467,43
2021-05-05,Lassen,35,31185,5165,5143,111,5254,1
2021-05-05,Los Angeles,37,10098052,1198130,1193608,43574,1237182,23977
2021-05-05,Madera,39,155013,16431,16423,944,17367,235
2021-05-05,Marin,41,260295,13956,13950,256,14206,228
2021-05-05,Mariposa,43,17540,422,418,11,429,5
2021-05-05,Mendocino,45,87422,3860,3799,74,3873,46
2021-05-05,Merced,47,269075,30756,30844,992,31836,444
2021-05-05,Modoc,49,8938,369,361,123,484,3
2021-05-05,Mono,51,14174,1238,1260,13,1273,3
2021-05-05,Monterey,53,433212,42869,42870,1911,44781,379
2021-05-05,Napa,55,140530,9825,9833,33,9866,81
2021-05-05,Nevada,57,99092,4732,4666,193,4859,70
2021-05-05,Orange,59,3164182,253674,253237,11580,264817,4978
2021-05-05,Placer,61,380077,22768,22362,1494,23856,287
2021-05-05,Plumas,63,18699,691,677,11,688,4
2021-05-05,Riverside,65,2383286,289974,287353,14651,302004,4414
2021-05-05,Sacramento,67,1510023,104071,103476,1755,105231,1607
2021-05-05,San Benito,69,59416,6030,6046,118,6164,63
2021-05-05,San Bernardino,71,2135413,291537,291008,9000,300008,4677
2021-05-05,San Diego,73,3302833,278238,277098,0,277098,3716
2021-05-05,San Francisco,75,870044,36339,36577,1365,37942,543
2021-05-05,San Joaquin,77,732212,72132,71638,3657,75295,1345
2021-05-05,San Luis Obispo,79,281455,21015,20958,759,21717,256
2021-05-05,San Mateo,81,765935,42004,41755,470,42225,415
2021-05-05,Santa Barbara,83,443738,34254,34139,1244,35383,453
2021-05-05,Santa Clara,85,1922200,117407,118482,777,119259,1992
2021-05-05,Santa Cruz,87,273765,16055,16013,875,16888,207
2021-05-05,Shasta,89,179085,11954,11939,1557,13496,200
2021-05-05,Sierra,91,2930,54,54,14,68,0
2021-05-05,Siskiyou,93,43540,1794,1706,342,2048,11
2021-05-05,Solano,95,438530,32350,32250,529,32779,249
2021-05-05,Sonoma,97,501317,29722,29879,332,30211,318
2021-05-05,Stanislaus,99,539301,55210,55231,6088,61319,807
2021-05-05,Sutter,101,95872,9358,9387,86,9473,111
2021-05-05,Tehama,103,63373,4967,4968,593,5561,53
2021-05-05,Trinity,105,12862,360,326,55,381,3
2021-05-05,Tulare,107,460477,49242,48875,9396,58271,835
2021-05-05,Tuolumne,109,53932,4043,4040,36,4076,63
2021-05-05,Ventura,111,848112,80608,80372,3075,83447,1005
2021-05-05,Yolo,113,214977,13867,13846,304,14150,209
2021-05-05,Yuba,115,75493,5917,5895,124,6019,44
2021-05-04,Alameda,1,1643700,86967,86894,2010,88904,1277
2021-05-04,Alpine,3,1148,88,88,0,88,0
2021-05-04,Amador,5,37829,3651,3650,35,3685,46
2021-05-04,Butte,7,227075,12183,11883,1855,13738,198
2021-05-04,Calaveras,9,45235,2110,2100,14,2114,52
2021-05-04,Colusa,11,21464,1925,1933,305,2238,14
2021-05-04,Contra Costa,13,1133247,68408,67931,1292,69223,799
2021-05-04,Del Norte,15,27424,1332,1314,7,1321,6
2021-05-04,El Dorado,17,186661,10036,10009,750,10759,110
2021-05-04,Fresno,19,978130,101208,101451,8897,110348,1677
2021-05-04,Glenn,21,27897,2381,2379,560,2939,17
2021-05-04,Humboldt,23,135768,3920,3877,31,3908,36
2021-05-04,Imperial,25,180216,28282,28276,2834,31110,720
2021-05-04,Inyo,27,18085,1401,1399,3,1402,36
2021-05-04,Kern,29,883053,96150,95720,11100,106820,1301
2021-05-04,Kings,31,150075,22857,22822,1179,24001,246
2021-05-04,Lake,33,64148,3470,3454,9,3463,43
2021-05-04,Lassen,35,31185,5164,5142,111,5253,1
2021-05-04,Los Angeles,37,10098052,1197842,1193453,43562,1237015,23957
2021-05-04,Madera,39,155013,16430,16418,944,17362,235
2021-05-04,Marin,41,260295,13949,13935,256,14191,228
2021-05-04,Mariposa,43,17540,422,418,11,429,5
2021-05-04,Mendocino,45,87422,3855,3794,74,3868,46
2021-05-04,Merced,47,269075,30739,30829,992,31821,444
2021-05-04,Modoc,49,8938,368,360,122,482,3
2021-05-04,Mono,51,14174,1238,1260,13,1273,3
2021-05-04,Monterey,53,433212,42857,42845,1910,44755,380
2021-05-04,Napa,55,140530,9816,9824,33,9857,81
2021-05-04,Nevada,57,99092,4725,4656,193,4849,70
2021-05-04,Orange,59,3164182,253607,253177,11570,264747,4977
2021-05-04,Placer,61,380077,22739,22326,1491,23817,287
2021-05-04,Plumas,63,18699,690,675,11,686,4
2021-05-04,Riverside,65,2383286,289890,287285,14644,301929,4411
2021-05-04,Sacramento,67,1510023,103942,103383,1751,105134,1604
2021-05-04,San Benito,69,59416,6029,6039,118,6157,63
2021-05-04,San Bernardino,71,2135413,291455,290934,8993,299927,4668
2021-05-04,San Diego,73,3302833,278072,276879,0,276879,3713
2021-05-04,San Francisco,75,870044,36321,36550,1365,37915,541
2021-05-04,San Joaquin,77,732212,72071,71582,3653,75235,1342
2021-05-04,San Luis Obispo,79,281455,21010,20923,757,21680,255
2021-05-04,San Mateo,81,765935,41979,41708,470,42178,415
2021-05-04,Santa Barbara,83,443738,34238,34131,1244,35375,453
2021-05-04,Santa Clara,85,1922200,117344,118431,776,119207,1988
2021-05-04,Santa Cruz,87,273765,16049,16005,875,16880,207
2021-05-04,Shasta,89,179085,11934,11923,1551,13474,198
2021-05-04,Sierra,91,2930,54,54,14,68,0
2021-05-04,Siskiyou,93,43540,1787,1694,340,2034,11
2021-05-04,Solano,95,438530,32309,32220,527,32747,249
2021-05-04,Sonoma,97,501317,29704,29867,331,30198,318
2021-05-04,Stanislaus,99,539301,55155,55165,6085,61250,807
2021-05-04,Sutter,101,95872,9353,9375,86,9461,111
2021-05-04,Tehama,103,63373,4965,4959,592,5551,53
2021-05-04,Trinity,105,12862,360,326,55,381,3
2021-05-04,Tulare,107,460477,49216,48857,9386,58243,835
2021-05-04,Tuolumne,109,53932,4041,4041,36,4077,61
2021-05-04,Ventura,111,848112,80579,80351,3073,83424,1005
2021-05-04,Yolo,113,214977,13854,13820,302,14122,208
2021-05-04,Yuba,115,75493,5911,5891,124,6015,44
2021-05-03,Alameda,1,1643700,86890,86845,2004,88849,1272
2021-05-03,Alpine,3,1148,88,88,0,88,0
2021-05-03,Amador,5,37829,3651,3651,35,3686,46
2021-05-03,Butte,7,227075,12173,11864,1852,13716,198
2021-05-03,Calaveras,9,45235,2109,2099,14,2113,50
2021-05-03,Colusa,11,21464,1924,1931,303,2234,14
2021-05-03,Contra Costa,13,1133247,68349,67895,1288,69183,799
2021-05-03,Del Norte,15,27424,1327,1306,6,1312,6
2021-05-03,El Dorado,17,186661,10018,9984,745,10729,110
2021-05-03,Fresno,19,978130,101155,101405,8887,110292,1678
2021-05-03,Glenn,21,27897,2381,2375,559,2934,17
2021-05-03,Humboldt,23,135768,3905,3865,31,3896,36
2021-05-03,Imperial,25,180216,28260,28280,2831,31111,720
2021-05-03,Inyo,27,18085,1400,1398,3,1401,36
2021-05-03,Kern,29,883053,96116,95693,11087,106780,1299
2021-05-03,Kings,31,150075,22848,22821,1179,24000,246
2021-05-03,Lake,33,64148,3468,3446,9,3455,43
2021-05-03,Lassen,35,31185,5163,5142,111,5253,1
2021-05-03,Los Angeles,37,10098052,1197579,1193261,43534,1236795,23942
2021-05-03,Madera,39,155013,16426,16414,943,17357,235
2021-05-03,Marin,41,260295,13943,13927,256,14183,228
2021-05-03,Mariposa,43,17540,422,418,11,429,5
2021-05-03,Mendocino,45,87422,3848,3792,74,3866,46
2021-05-03,Merced,47,269075,30728,30814,990,31804,444
2021-05-03,Modoc,49,8938,368,360,122,482,3
2021-05-03,Mono,51,14174,1238,1259,13,1272,3
2021-05-03,Monterey,53,433212,42847,42837,1908,44745,380
2021-05-03,Napa,55,140530,9811,9815,33,9848,81
2021-05-03,Nevada,57,99092,4717,4650,193,4843,70
2021-05-03,Orange,59,3164182,253549,253107,11562,264669,4968
2021-05-03,Placer,61,380077,22708,22289,1485,23774,287
2021-05-03,Plumas,63,18699,689,675,11,686,4
2021-05-03,Riverside,65,2383286,289818,287233,14643,301876,4412
2021-05-03,Sacramento,67,1510023,103789,103303,1743,105046,1602
2021-05-03,San Benito,69,59416,6028,6038,118,6156,63
2021-05-03,San Bernardino,71,2135413,291387,290886,8990,299876,4659
2021-05-03,San Diego,73,3302833,277909,276693,0,276693,3712
2021-05-03,San Francisco,75,870044,36296,36538,1364,37902,541
2021-05-03,San Joaquin,77,732212,72020,71504,3650,75154,1325
2021-05-03,San Luis Obispo,79,281455,20994,20915,754,21669,254
2021-05-03,San Mateo,81,765935,41956,41689,469,42158,413
2021-05-03,Santa Barbara,83,443738,34226,34119,1244,35363,453
2021-05-03,Santa Clara,85,1922200,117290,118373,775,119148,1988
2021-05-03,Santa Cruz,87,273765,16046,16000,875,16875,207
2021-05-03,Shasta,89,179085,11911,11890,1546,13436,197
2021-05-03,Sierra,91,2930,54,54,14,68,0
2021-05-03,Siskiyou,93,43540,1781,1683,334,2017,11
2021-05-03,Solano,95,438530,32268,32201,526,32727,249
2021-05-03,Sonoma,97,501317,29692,29855,328,30183,318
2021-05-03,Stanislaus,99,539301,55091,55116,6074,61190,774
2021-05-03,Sutter,101,95872,9341,9370,86,9456,111
2021-05-03,Tehama,103,63373,4956,4952,592,5544,53
2021-05-03,Trinity,105,12862,360,326,55,381,3
2021-05-03,Tulare,107,460477,49199,48844,9376,58220,835
2021-05-03,Tuolumne,109,53932,4040,4038,36,4074,61
2021-05-03,Ventura,111,848112,80557,80291,3073,83364,1005
2021-05-03,Yolo,113,214977,13841,13809,300,14109,208
2021-05-03,Yuba,115,75493,5906,5880,124,6004,44
2021-05-02,Alameda,1,1643700,86804,86784,2003,88787,1272
2021-05-02,Alpine,3,1148,88,88,0,88,0
2021-05-02,Amador,5,37829,3651,3650,35,3685,46
2021-05-02,Butte,7,227075,12149,11859,1849,13708,198
2021-05-02,Calaveras,9,45235,2105,2098,14,2112,50
2021-05-02,Colusa,11,21464,1923,1931,302,2233,14
2021-05-02,Contra Costa,13,1133247,68263,67843,1285,69128,800
2021-05-02,Del Norte,15,27424,1320,1305,6,1311,6
2021-05-02,El Dorado,17,186661,10003,9962,744,10706,110
2021-05-02,Fresno,19,978130,101084,101372,8878,110250,1678
2021-05-02,Glenn,21,27897,2380,2374,557,2931,17
2021-05-02,Humboldt,23,135768,3893,3858,30,3888,36
2021-05-02,Imperial,25,180216,28226,28275,2822,31097,721
2021-05-02,Inyo,27,18085,1398,1398,3,1401,36
2021-05-02,Kern,29,883053,96058,95668,11080,106748,1299
2021-05-02,Kings,31,150075,22830,22816,1178,23994,246
2021-05-02,Lake,33,64148,3466,3443,9,3452,43
2021-05-02,Lassen,35,31185,5162,5142,110,5252,1
2021-05-02,Los Angeles,37,10098052,1197233,1193056,43510,1236566,23943
2021-05-02,Madera,39,155013,16420,16410,943,17353,235
2021-05-02,Marin,41,260295,13933,13917,256,14173,228
2021-05-02,Mariposa,43,17540,422,419,11,430,5
2021-05-02,Mendocino,45,87422,3843,3787,74,3861,46
2021-05-02,Merced,47,269075,30706,30793,988,31781,444
2021-05-02,Modoc,49,8938,368,360,122,482,3
2021-05-02,Mono,51,14174,1237,1259,13,1272,3
2021-05-02,Monterey,53,433212,42834,42837,1906,44743,380
2021-05-02,Napa,55,140530,9807,9805,33,9838,81
2021-05-02,Nevada,57,99092,4701,4635,193,4828,70
2021-05-02,Orange,59,3164182,253478,253025,11549,264574,4968
2021-05-02,Placer,61,380077,22679,22264,1482,23746,287
2021-05-02,Plumas,63,18699,689,675,11,686,4
2021-05-02,Riverside,65,2383286,289719,287197,14633,301830,4412
2021-05-02,Sacramento,67,1510023,103654,103153,1736,104889,1602
2021-05-02,San Benito,69,59416,6023,6037,118,6155,63
2021-05-02,San Bernardino,71,2135413,291288,290859,8988,299847,4655
2021-05-02,San Diego,73,3302833,277713,276521,0,276521,3712
2021-05-02,San Francisco,75,870044,36270,36522,1364,37886,541
2021-05-02,San Joaquin,77,732212,71956,71447,3643,75090,1325
2021-05-02,San Luis Obispo,79,281455,20974,20910,753,21663,254
2021-05-02,San Mateo,81,765935,41940,41656,468,42124,412
2021-05-02,Santa Barbara,83,443738,34212,34106,1244,35350,453
2021-05-02,Santa Clara,85,1922200,117217,118321,775,119096,1988
2021-05-02,Santa Cruz,87,273765,16041,15995,874,16869,207
2021-05-02,Shasta,89,179085,11895,11885,1538,13423,197
2021-05-02,Sierra,91,2930,54,54,14,68,0
2021-05-02,Siskiyou,93,43540,1770,1661,333,1994,11
2021-05-02,Solano,95,438530,32229,32151,522,32673,249
2021-05-02,Sonoma,97,501317,29669,29842,328,30170,318
2021-05-02,Stanislaus,99,539301,55018,55057,6067,61124,774
2021-05-02,Sutter,101,95872,9334,9363,86,9449,111
2021-05-02,Tehama,103,63373,4951,4950,590,5540,53
2021-05-02,Trinity,105,12862,360,326,55,381,3
2021-05-02,Tulare,107,460477,49181,48834,9368,58202,835
2021-05-02,Tuolumne,109,53932,4037,4038,36,4074,61
2021-05-02,Ventura,111,848112,80520,80284,3072,83356,1005
2021-05-02,Yolo,113,214977,13829,13799,299,14098,208
2021-05-02,Yuba,115,75493,5896,5879,124,6003,44
2021-05-01,Alameda,1,1643700,86761,86704,2000,88704,1270
2021-05-01,Alpine,3,1148,88,88,0,88,0
2021-05-01,Amador,5,37829,3651,3650,35,3685,46
2021-05-01,Butte,7,227075,12135,11845,1844,13689,198
2021-05-01,Calaveras,9,45235,2103,2096,14,2110,50
2021-05-01,Colusa,11,21464,1922,1931,302,2233,14
2021-05-01,Contra Costa,13,1133247,68211,67779,1282,69061,800
2021-05-01,Del Norte,15,27424,1319,1292,6,1298,6
2021-05-01,El Dorado,17,186661,9989,9944,742,10686,110
2021-05-01,Fresno,19,978130,101039,101326,8872,110198,1678
2021-05-01,Glenn,21,27897,2377,2369,556,2925,17
2021-05-01,Humboldt,23,135768,3878,3845,30,3875,36
2021-05-01,Imperial,25,180216,28219,28262,2822,31084,721
2021-05-01,Inyo,27,18085,1398,1397,3,1400,36
2021-05-01,Kern,29,883053,96031,95645,11068,106713,1299
2021-05-01,Kings,31,150075,22828,22797,1176,23973,246
2021-05-01,Lake,33,64148,3464,3441,9,3450,43
2021-05-01,Lassen,35,31185,5160,5142,110,5252,1
2021-05-01,Los Angeles,37,10098052,1197066,1192781,43495,1236276,23946
2021-05-01,Madera,39,155013,16416,16408,943,17351,235
2021-05-01,Marin,41,260295,13926,13902,256,14158,228
2021-05-01,Mariposa,43,17540,422,418,11,429,5
2021-05-01,Mendocino,45,87422,3841,3782,74,3856,46
2021-05-01,Merced,47,269075,30688,30771,988,31759,444
2021-05-01,Modoc,49,8938,368,361,122,483,3
2021-05-01,Mono,51,14174,1237,1258,13,1271,3
2021-05-01,Monterey,53,433212,42828,42828,1906,44734,379
2021-05-01,Napa,55,140530,9804,9800,33,9833,81
2021-05-01,Nevada,57,99092,4696,4625,193,4818,70
2021-05-01,Orange,59,3164182,253439,252969,11538,264507,4964
2021-05-01,Placer,61,380077,22653,22240,1480,23720,287
2021-05-01,Plumas,63,18699,688,675,11,686,4
2021-05-01,Riverside,65,2383286,289680,287129,14631,301760,4412
2021-05-01,Sacramento,67,1510023,103575,103043,1735,104778,1602
2021-05-01,San Benito,69,59416,6020,6030,118,6148,63
2021-05-01,San Bernardino,71,2135413,291245,290802,8987,299789,4652
2021-05-01,San Diego,73,3302833,277589,276367,0,276367,3706
2021-05-01,San Francisco,75,870044,36255,36496,1364,37860,541
2021-05-01,San Joaquin,77,732212,71908,71389,3641,75030,1325
2021-05-01,San Luis Obispo,79,281455,20969,20896,753,21649,254
2021-05-01,San Mateo,81,765935,41911,41617,467,42084,411
2021-05-01,Santa Barbara,83,443738,34207,34085,1243,35328,453
2021-05-01,Santa Clara,85,1922200,117166,118265,773,119038,1988
2021-05-01,Santa Cruz,87,273765,16038,15984,874,16858,207
2021-05-01,Shasta,89,179085,11875,11878,1530,13408,197
2021-05-01,Sierra,91,2930,54,53,14,67,0
2021-05-01,Siskiyou,93,43540,1762,1653,332,1985,11
2021-05-01,Solano,95,438530,32199,32124,514,32638,249
2021-05-01,Sonoma,97,501317,29667,29835,328,30163,318
2021-05-01,Stanislaus,99,539301,54983,55005,6061,61066,774
2021-05-01,Sutter,101,95872,9331,9358,86,9444,110
2021-05-01,Tehama,103,63373,4950,4950,589,5539,53
2021-05-01,Trinity,105,12862,360,326,54,380,3
2021-05-01,Tulare,107,460477,49174,48818,9362,58180,835
2021-05-01,Tuolumne,109,53932,4031,4035,36,4071,61
2021-05-01,Ventura,111,848112,80502,80268,3072,83340,1005
2021-05-01,Yolo,113,214977,13822,13784,297,14081,208
2021-05-01,Yuba,115,75493,5894,5875,124,5999,44
2021-04-30,Alameda,1,1643700,86699,86602,1997,88599,1268
2021-04-30,Alpine,3,1148,88,88,0,88,0
2021-04-30,Amador,5,37829,3649,3650,35,3685,46
2021-04-30,Butte,7,227075,12116,11812,1840,13652,197
2021-04-30,Calaveras,9,45235,2102,2087,14,2101,50
2021-04-30,Colusa,11,21464,1922,1931,301,2232,14
2021-04-30,Contra Costa,13,1133247,68163,67684,1279,68963,800
2021-04-30,Del Norte,15,27424,1307,1276,6,1282,6
2021-04-30,El Dorado,17,186661,9975,9906,742,10648,110
2021-04-30,Fresno,19,978130,100993,101263,8868,110131,1670
2021-04-30,Glenn,21,27897,2376,2369,556,2925,17
2021-04-30,Humboldt,23,135768,3865,3834,30,3864,36
2021-04-30,Imperial,25,180216,28210,28244,2819,31063,721
2021-04-30,Inyo,27,18085,1398,1397,3,1400,36
2021-04-30,Kern,29,883053,96015,95605,11063,106668,1298
2021-04-30,Kings,31,150075,22825,22793,1175,23968,246
2021-04-30,Lake,33,64148,3460,3440,9,3449,43
2021-04-30,Lassen,35,31185,5159,5140,110,5250,1
2021-04-30,Los Angeles,37,10098052,1196859,1192393,43481,1235874,23919
2021-04-30,Madera,39,155013,16410,16395,943,17338,235
2021-04-30,Marin,41,260295,13918,13895,254,14149,228
2021-04-30,Mariposa,43,17540,422,417,11,428,5
2021-04-30,Mendocino,45,87422,3837,3777,74,3851,46
2021-04-30,Merced,47,269075,30675,30740,987,31727,444
2021-04-30,Modoc,49,8938,367,360,122,482,3
2021-04-30,Mono,51,14174,1237,1258,13,1271,3
2021-04-30,Monterey,53,433212,42814,42810,1905,44715,379
2021-04-30,Napa,55,140530,9800,9792,33,9825,81
2021-04-30,Nevada,57,99092,4688,4608,193,4801,70
2021-04-30,Orange,59,3164182,253384,252883,11532,264415,4956
2021-04-30,Placer,61,380077,22634,22190,1476,23666,287
2021-04-30,Plumas,63,18699,688,677,11,688,4
2021-04-30,Riverside,65,2383286,289627,287030,14624,301654,4412
2021-04-30,Sacramento,67,1510023,103474,102864,1731,104595,1596
2021-04-30,San Benito,69,59416,6016,6024,117,6141,63
2021-04-30,San Bernardino,71,2135413,291190,290704,8986,299690,4640
2021-04-30,San Diego,73,3302833,277495,276157,0,276157,3702
2021-04-30,San Francisco,75,870044,36244,36453,1363,37816,538
2021-04-30,San Joaquin,77,732212,71857,71311,3638,74949,1306
2021-04-30,San Luis Obispo,79,281455,20963,20884,753,21637,255
2021-04-30,San Mateo,81,765935,41896,41583,466,42049,380
2021-04-30,Santa Barbara,83,443738,34194,34061,1243,35304,451
2021-04-30,Santa Clara,85,1922200,117108,118170,769,118939,1988
2021-04-30,Santa Cruz,87,273765,16033,15975,874,16849,207
2021-04-30,Shasta,89,179085,11854,11848,1527,13375,197
2021-04-30,Sierra,91,2930,54,53,14,67,0
2021-04-30,Siskiyou,93,43540,1751,1628,329,1957,11
2021-04-30,Solano,95,438530,32167,32050,511,32561,249
2021-04-30,Sonoma,97,501317,29657,29816,326,30142,318
2021-04-30,Stanislaus,99,539301,54932,54938,6058,60996,774
2021-04-30,Sutter,101,95872,9329,9353,86,9439,110
2021-04-30,Tehama,103,63373,4948,4944,589,5533,53
2021-04-30,Trinity,105,12862,360,326,54,380,3
2021-04-30,Tulare,107,460477,49165,48797,9345,58142,836
2021-04-30,Tuolumne,109,53932,4030,4033,36,4069,61
2021-04-30,Ventura,111,848112,80463,80232,3067,83299,1004
2021-04-30,Yolo,113,214977,13809,13756,297,14053,208
2021-04-30,Yuba,115,75493,5886,5870,124,5994,44
2021-04-29,Alameda,1,1643700,86634,86490,1995,88485,1263
2021-04-29,Alpine,3,1148,88,88,0,88,0
2021-04-29,Amador,5,37829,3649,3649,35,3684,46
2021-04-29,Butte,7,227075,12101,11787,1838,13625,196
2021-04-29,Calaveras,9,45235,2099,2082,14,2096,50
2021-04-29,Colusa,11,21464,1922,1929,301,2230,14
2021-04-29,Contra Costa,13,1133247,68108,67606,1276,68882,795
2021-04-29,Del Norte,15,27424,1303,1271,6,1277,6
2021-04-29,El Dorado,17,186661,9956,9884,739,10623,107
2021-04-29,Fresno,19,978130,100939,101189,8857,110046,1667
2021-04-29,Glenn,21,27897,2373,2369,556,2925,17
2021-04-29,Humboldt,23,135768,3851,3815,30,3845,36
2021-04-29,Imperial,25,180216,28197,28235,2818,31053,720
2021-04-29,Inyo,27,18085,1398,1396,3,1399,36
2021-04-29,Kern,29,883053,95982,95547,11059,106606,1295
2021-04-29,Kings,31,150075,22815,22777,1170,23947,245
2021-04-29,Lake,33,64148,3452,3438,9,3447,43
2021-04-29,Lassen,35,31185,5159,5140,110,5250,1
2021-04-29,Los Angeles,37,10098052,1196585,1192068,43460,1235528,23899
2021-04-29,Madera,39,155013,16405,16383,942,17325,235
2021-04-29,Marin,41,260295,13914,13884,246,14130,228
2021-04-29,Mariposa,43,17540,421,416,11,427,5
2021-04-29,Mendocino,45,87422,3831,3774,74,3848,46
2021-04-29,Merced,47,269075,30655,30706,987,31693,444
2021-04-29,Modoc,49,8938,367,360,122,482,3
2021-04-29,Mono,51,14174,1235,1259,13,1272,3
2021-04-29,Monterey,53,433212,42798,42797,1904,44701,379
2021-04-29,Napa,55,140530,9786,9789,33,9822,81
2021-04-29,Nevada,57,99092,4677,4590,193,4783,70
2021-04-29,Orange,59,3164182,253318,252823,11517,264340,4934
2021-04-29,Placer,61,380077,22609,22161,1474,23635,286
2021-04-29,Plumas,63,18699,687,676,11,687,4
2021-04-29,Riverside,65,2383286,289561,286947,14621,301568,4409
2021-04-29,Sacramento,67,1510023,103342,102686,1722,104408,1593
2021-04-29,San Benito,69,59416,6015,6023,117,6140,63
2021-04-29,San Bernardino,71,2135413,291115,290606,8981,299587,4609
2021-04-29,San Diego,73,3302833,277346,275961,0,275961,3700
2021-04-29,San Francisco,75,870044,36218,36412,1363,37775,537
2021-04-29,San Joaquin,77,732212,71792,71225,3633,74858,1301
2021-04-29,San Luis Obispo,79,281455,20952,20876,753,21629,255
2021-04-29,San Mateo,81,765935,41867,41538,465,42003,358
2021-04-29,Santa Barbara,83,443738,34178,34039,1241,35280,448
2021-04-29,Santa Clara,85,1922200,117053,118082,767,118849,1984
2021-04-29,Santa Cruz,87,273765,16027,15961,874,16835,205
2021-04-29,Shasta,89,179085,11824,11836,1518,13354,193
2021-04-29,Sierra,91,2930,54,53,14,67,0
2021-04-29,Siskiyou,93,43540,1742,1615,326,1941,11
2021-04-29,Solano,95,438530,32127,32002,506,32508,248
2021-04-29,Sonoma,97,501317,29642,29785,323,30108,318
2021-04-29,Stanislaus,99,539301,54865,54836,6053,60889,774
2021-04-29,Sutter,101,95872,9322,9346,86,9432,110
2021-04-29,Tehama,103,63373,4940,4939,589,5528,53
2021-04-29,Trinity,105,12862,360,326,54,380,3
2021-04-29,Tulare,107,460477,49150,48785,9331,58116,832
2021-04-29,Tuolumne,109,53932,4029,4030,36,4066,58
2021-04-29,Ventura,111,848112,80429,80188,3065,83253,1002
2021-04-29,Yolo,113,214977,13789,13745,296,14041,205
2021-04-29,Yuba,115,75493,5876,5865,124,5989,44
2021-04-28,Alameda,1,1643700,86563,86390,1990,88380,1260
2021-04-28,Alpine,3,1148,88,88,0,88,0
2021-04-28,Amador,5,37829,3649,3646,35,3681,46
2021-04-28,Butte,7,227075,12081,11762,1833,13595,196
2021-04-28,Calaveras,9,45235,2095,2078,13,2091,50
2021-04-28,Colusa,11,21464,1919,1927,300,2227,14
2021-04-28,Contra Costa,13,1133247,68048,67539,1275,68814,795
2021-04-28,Del Norte,15,27424,1295,1267,6,1273,6
2021-04-28,El Dorado,17,186661,9932,9873,739,10612,107
2021-04-28,Fresno,19,978130,100893,101161,8846,110007,1666
2021-04-28,Glenn,21,27897,2370,2368,556,2924,17
2021-04-28,Humboldt,23,135768,3834,3796,30,3826,36
2021-04-28,Imperial,25,180216,28183,28177,2817,30994,720
2021-04-28,Inyo,27,18085,1398,1396,2,1398,36
2021-04-28,Kern,29,883053,95952,95494,11051,106545,1295
2021-04-28,Kings,31,150075,22804,22767,1167,23934,245
2021-04-28,Lake,33,64148,3449,3433,9,3442,43
2021-04-28,Lassen,35,31185,5159,5138,110,5248,1
2021-04-28,Los Angeles,37,10098052,1196291,1191729,43433,1235162,23858
2021-04-28,Madera,39,155013,16401,16372,942,17314,235
2021-04-28,Marin,41,260295,13903,13866,246,14112,227
2021-04-28,Mariposa,43,17540,418,415,11,426,5
2021-04-28,Mendocino,45,87422,3825,3770,72,3842,46
2021-04-28,Merced,47,269075,30636,30649,987,31636,443
2021-04-28,Modoc,49,8938,367,360,122,482,3
2021-04-28,Mono,51,14174,1235,1258,13,1271,3
2021-04-28,Monterey,53,433212,42793,42776,1904,44680,379
2021-04-28,Napa,55,140530,9775,9777,33,9810,81
2021-04-28,Nevada,57,99092,4658,4570,193,4763,70
2021-04-28,Orange,59,3164182,253241,252747,11502,264249,4931
2021-04-28,Placer,61,380077,22582,22115,1473,23588,285
2021-04-28,Plumas,63,18699,687,676,11,687,4
2021-04-28,Riverside,65,2383286,289505,286868,14616,301484,4407
2021-04-28,Sacramento,67,1510023,103219,102613,1718,104331,1591
2021-04-28,San Benito,69,59416,6013,6021,117,6138,63
2021-04-28,San Bernardino,71,2135413,291043,290548,8970,299518,4582
2021-04-28,San Diego,73,3302833,277191,275821,0,275821,3698
2021-04-28,San Francisco,75,870044,36189,36382,1362,37744,534
2021-04-28,San Joaquin,77,732212,71712,71171,3625,74796,1301
2021-04-28,San Luis Obispo,79,281455,20944,20851,753,21604,255
2021-04-28,San Mateo,81,765935,41842,41498,463,41961,358
2021-04-28,Santa Barbara,83,443738,34164,34003,1241,35244,448
2021-04-28,Santa Clara,85,1922200,116984,117997,764,118761,1969
2021-04-28,Santa Cruz,87,273765,16023,15943,873,16816,205
2021-04-28,Shasta,89,179085,11809,11815,1510,13325,192
2021-04-28,Sierra,91,2930,54,51,14,65,0
2021-04-28,Siskiyou,93,43540,1729,1603,324,1927,11
2021-04-28,Solano,95,438530,32095,31982,502,32484,248
2021-04-28,Sonoma,97,501317,29628,29773,319,30092,318
2021-04-28,Stanislaus,99,539301,54811,54745,6049,60794,774
2021-04-28,Sutter,101,95872,9317,9343,86,9429,110
2021-04-28,Tehama,103,63373,4934,4930,588,5518,53
2021-04-28,Trinity,105,12862,360,326,54,380,3
2021-04-28,Tulare,107,460477,49133,48754,9315,58069,832
2021-04-28,Tuolumne,109,53932,4026,4029,36,4065,58
2021-04-28,Ventura,111,848112,80394,80172,3063,83235,1000
2021-04-28,Yolo,113,214977,13774,13721,295,14016,205
2021-04-28,Yuba,115,75493,5870,5857,124,5981,44
2021-04-27,Alameda,1,1643700,86466,86301,1985,88286,1260
2021-04-27,Alpine,3,1148,88,88,0,88,0
2021-04-27,Amador,5,37829,3649,3645,35,3680,46
2021-04-27,Butte,7,227075,12056,11738,1827,13565,196
2021-04-27,Calaveras,9,45235,2092,2076,13,2089,50
2021-04-27,Colusa,11,21464,1918,1926,300,2226,14
2021-04-27,Contra Costa,13,1133247,67979,67470,1271,68741,791
2021-04-27,Del Norte,15,27424,1283,1266,6,1272,6
2021-04-27,El Dorado,17,186661,9903,9866,736,10602,106
2021-04-27,Fresno,19,978130,100830,101138,8834,109972,1663
2021-04-27,Glenn,21,27897,2370,2368,556,2924,17
2021-04-27,Humboldt,23,135768,3823,3780,30,3810,35
2021-04-27,Imperial,25,180216,28167,28149,2811,30960,720
2021-04-27,Inyo,27,18085,1398,1396,2,1398,36
2021-04-27,Kern,29,883053,95898,95466,11038,106504,1295
2021-04-27,Kings,31,150075,22790,22759,1164,23923,244
2021-04-27,Lake,33,64148,3448,3431,9,3440,43
2021-04-27,Lassen,35,31185,5159,5137,110,5247,1
2021-04-27,Los Angeles,37,10098052,1195973,1191504,43402,1234906,23825
2021-04-27,Madera,39,155013,16394,16365,942,17307,235
2021-04-27,Marin,41,260295,13882,13855,245,14100,227
2021-04-27,Mariposa,43,17540,417,413,11,424,5
2021-04-27,Mendocino,45,87422,3821,3765,72,3837,46
2021-04-27,Merced,47,269075,30596,30620,987,31607,443
2021-04-27,Modoc,49,8938,366,360,122,482,3
2021-04-27,Mono,51,14174,1235,1257,13,1270,3
2021-04-27,Monterey,53,433212,42775,42752,1901,44653,379
2021-04-27,Napa,55,140530,9768,9774,33,9807,81
2021-04-27,Nevada,57,99092,4643,4557,193,4750,70
2021-04-27,Orange,59,3164182,253173,252667,11496,264163,4925
2021-04-27,Placer,61,380077,22551,22050,1470,23520,285
2021-04-27,Plumas,63,18699,686,675,11,686,4
2021-04-27,Riverside,65,2383286,289432,286820,14611,301431,4405
2021-04-27,Sacramento,67,1510023,103092,102595,1708,104303,1589
2021-04-27,San Benito,69,59416,6008,6016,117,6133,63
2021-04-27,San Bernardino,71,2135413,290972,290461,8965,299426,4575
2021-04-27,San Diego,73,3302833,277035,275685,0,275685,3692
2021-04-27,San Francisco,75,870044,36161,36358,1361,37719,533
2021-04-27,San Joaquin,77,732212,71659,71104,3620,74724,1301
2021-04-27,San Luis Obispo,79,281455,20937,20841,753,21594,255
2021-04-27,San Mateo,81,765935,41809,41474,462,41936,358
2021-04-27,Santa Barbara,83,443738,34140,33973,1240,35213,448
2021-04-27,Santa Clara,85,1922200,116934,117945,763,118708,1969
2021-04-27,Santa Cruz,87,273765,16016,15905,872,16777,205
2021-04-27,Shasta,89,179085,11782,11802,1502,13304,192
2021-04-27,Sierra,91,2930,54,51,14,65,0
2021-04-27,Siskiyou,93,43540,1714,1597,323,1920,11
2021-04-27,Solano,95,438530,32047,31964,501,32465,248
2021-04-27,Sonoma,97,501317,29609,29761,318,30079,318
2021-04-27,Stanislaus,99,539301,54741,54695,6041,60736,752
2021-04-27,Sutter,101,95872,9312,9342,86,9428,110
2021-04-27,Tehama,103,63373,4931,4922,584,5506,53
2021-04-27,Trinity,105,12862,360,326,54,380,3
2021-04-27,Tulare,107,460477,49117,48744,9305,58049,832
2021-04-27,Tuolumne,109,53932,4023,4028,36,4064,58
2021-04-27,Ventura,111,848112,80365,80152,3061,83213,1000
2021-04-27,Yolo,113,214977,13761,13697,293,13990,205
2021-04-27,Yuba,115,75493,5870,5853,124,5977,44
2021-04-26,Alameda,1,1643700,86375,86230,1981,88211,1256
2021-04-26,Alpine,3,1148,88,88,0,88,0
2021-04-26,Amador,5,37829,3648,3645,35,3680,46
2021-04-26,Butte,7,227075,12032,11720,1823,13543,196
2021-04-26,Calaveras,9,45235,2083,2074,13,2087,50
2021-04-26,Colusa,11,21464,1918,1925,299,2224,14
2021-04-26,Contra Costa,13,1133247,67911,67392,1267,68659,789
2021-04-26,Del Norte,15,27424,1274,1263,6,1269,6
2021-04-26,El Dorado,17,186661,9882,9849,735,10584,106
2021-04-26,Fresno,19,978130,100775,101099,8821,109920,1662
2021-04-26,Glenn,21,27897,2368,2367,556,2923,17
2021-04-26,Humboldt,23,135768,3813,3764,29,3793,35
2021-04-26,Imperial,25,180216,28154,28148,2808,30956,720
2021-04-26,Inyo,27,18085,1397,1396,2,1398,36
2021-04-26,Kern,29,883053,95873,95429,11031,106460,1295
2021-04-26,Kings,31,150075,22787,22756,1161,23917,244
2021-04-26,Lake,33,64148,3443,3428,9,3437,43
2021-04-26,Lassen,35,31185,5159,5138,110,5248,1
2021-04-26,Los Angeles,37,10098052,1195651,1191253,43381,1234634,23802
2021-04-26,Madera,39,155013,16382,16353,941,17294,231
2021-04-26,Marin,41,260295,13867,13849,245,14094,227
2021-04-26,Mariposa,43,17540,416,410,11,421,5
2021-04-26,Mendocino,45,87422,3819,3757,72,3829,46
2021-04-26,Merced,47,269075,30579,30611,984,31595,443
2021-04-26,Modoc,49,8938,366,360,122,482,3
2021-04-26,Mono,51,14174,1235,1258,13,1271,3
2021-04-26,Monterey,53,433212,42759,42740,1900,44640,379
2021-04-26,Napa,55,140530,9756,9769,33,9802,79
2021-04-26,Nevada,57,99092,4622,4548,193,4741,70
2021-04-26,Orange,59,3164182,253088,252592,11485,264077,4919
2021-04-26,Placer,61,380077,22522,22032,1465,23497,285
2021-04-26,Plumas,63,18699,686,670,11,681,4
2021-04-26,Riverside,65,2383286,289371,286724,14602,301326,4401
2021-04-26,Sacramento,67,1510023,102920,102459,1694,104153,1587
2021-04-26,San Benito,69,59416,6006,6013,117,6130,63
2021-04-26,San Bernardino,71,2135413,290922,290394,8963,299357,4572
2021-04-26,San Diego,73,3302833,276861,275541,0,275541,3692
2021-04-26,San Francisco,75,870044,36134,36330,1359,37689,532
2021-04-26,San Joaquin,77,732212,71593,71050,3612,74662,1301
2021-04-26,San Luis Obispo,79,281455,20929,20830,752,21582,255
2021-04-26,San Mateo,81,765935,41779,41457,462,41919,357
2021-04-26,Santa Barbara,83,443738,34109,33948,1240,35188,448
2021-04-26,Santa Clara,85,1922200,116835,117874,759,118633,1968
2021-04-26,Santa Cruz,87,273765,16007,15877,872,16749,205
2021-04-26,Shasta,89,179085,11765,11787,1496,13283,192
2021-04-26,Sierra,91,2930,53,51,14,65,0
2021-04-26,Siskiyou,93,43540,1704,1592,319,1911,11
2021-04-26,Solano,95,438530,32002,31913,499,32412,247
2021-04-26,Sonoma,97,501317,29586,29755,316,30071,318
2021-04-26,Stanislaus,99,539301,54651,54638,6035,60673,744
2021-04-26,Sutter,101,95872,9307,9328,86,9414,110
2021-04-26,Tehama,103,63373,4926,4920,581,5501,53
2021-04-26,Trinity,105,12862,360,326,54,380,3
2021-04-26,Tulare,107,460477,49097,48735,9296,58031,831
2021-04-26,Tuolumne,109,53932,4022,4024,36,4060,58
2021-04-26,Ventura,111,848112,80340,80137,3058,83195,999
2021-04-26,Yolo,113,214977,13741,13684,290,13974,205
2021-04-26,Yuba,115,75493,5868,5851,124,5975,44
2021-04-25,Alameda,1,1643700,86268,86162,1974,88136,1256
2021-04-25,Alpine,3,1148,88,87,0,87,0
2021-04-25,Amador,5,37829,3647,3643,35,3678,46
2021-04-25,Butte,7,227075,12003,11709,1816,13525,196
2021-04-25,Calaveras,9,45235,2077,2072,12,2084,50
2021-04-25,Colusa,11,21464,1917,1924,299,2223,14
2021-04-25,Contra Costa,13,1133247,67819,67316,1266,68582,789
2021-04-25,Del Norte,15,27424,1268,1259,6,1265,6
2021-04-25,El Dorado,17,186661,9866,9837,733,10570,106
2021-04-25,Fresno,19,978130,100717,101061,8809,109870,1662
2021-04-25,Glenn,21,27897,2368,2366,556,2922,17
2021-04-25,Humboldt,23,135768,3800,3751,29,3780,35
2021-04-25,Imperial,25,180216,28129,28136,2804,30940,720
2021-04-25,Inyo,27,18085,1397,1396,2,1398,36
2021-04-25,Kern,29,883053,95812,95398,11017,106415,1295
2021-04-25,Kings,31,150075,22773,22755,1159,23914,244
2021-04-25,Lake,33,64148,3441,3427,9,3436,43
2021-04-25,Lassen,35,31185,5157,5138,110,5248,1
2021-04-25,Los Angeles,37,10098052,1195320,1190970,43359,1234329,23799
2021-04-25,Madera,39,155013,16370,16346,941,17287,231
2021-04-25,Marin,41,260295,13858,13852,245,14097,227
2021-04-25,Mariposa,43,17540,416,410,11,421,5
2021-04-25,Mendocino,45,87422,3812,3757,72,3829,46
2021-04-25,Merced,47,269075,30544,30586,984,31570,443
2021-04-25,Modoc,49,8938,366,360,122,482,3
2021-04-25,Mono,51,14174,1235,1257,13,1270,3
2021-04-25,Monterey,53,433212,42746,42737,1898,44635,379
2021-04-25,Napa,55,140530,9751,9762,33,9795,79
2021-04-25,Nevada,57,99092,4610,4536,193,4729,70
2021-04-25,Orange,59,3164182,253010,252531,11478,264009,4919
2021-04-25,Placer,61,380077,22475,22011,1457,23468,285
2021-04-25,Plumas,63,18699,685,670,11,681,4
2021-04-25,Riverside,65,2383286,289278,286651,14596,301247,4401
2021-04-25,Sacramento,67,1510023,102751,102319,1684,104003,1587
2021-04-25,San Benito,69,59416,6004,6014,116,6130,63
2021-04-25,San Bernardino,71,2135413,290844,290357,8955,299312,4571
2021-04-25,San Diego,73,3302833,276648,275412,0,275412,3692
2021-04-25,San Francisco,75,870044,36104,36310,1359,37669,532
2021-04-25,San Joaquin,77,732212,71498,70987,3601,74588,1301
2021-04-25,San Luis Obispo,79,281455,20910,20820,750,21570,255
2021-04-25,San Mateo,81,765935,41745,41465,461,41926,356
2021-04-25,Santa Barbara,83,443738,34083,33931,1240,35171,448
2021-04-25,Santa Clara,85,1922200,116756,117778,757,118535,1968
2021-04-25,Santa Cruz,87,273765,16001,15868,870,16738,205
2021-04-25,Shasta,89,179085,11742,11784,1491,13275,192
2021-04-25,Sierra,91,2930,53,51,14,65,0
2021-04-25,Siskiyou,93,43540,1693,1580,317,1897,11
2021-04-25,Solano,95,438530,31955,31864,491,32355,247
2021-04-25,Sonoma,97,501317,29568,29756,316,30072,318
2021-04-25,Stanislaus,99,539301,54556,54543,6026,60569,744
2021-04-25,Sutter,101,95872,9301,9326,86,9412,110
2021-04-25,Tehama,103,63373,4922,4916,579,5495,53
2021-04-25,Trinity,105,12862,360,326,54,380,3
2021-04-25,Tulare,107,460477,49082,48728,9282,58010,831
2021-04-25,Tuolumne,109,53932,4020,4022,36,4058,58
2021-04-25,Ventura,111,848112,80316,80110,3058,83168,999
2021-04-25,Yolo,113,214977,13719,13667,288,13955,205
2021-04-25,Yuba,115,75493,5865,5849,123,5972,44
2021-04-24,Alameda,1,1643700,86212,86016,1972,87988,1257
2021-04-24,Alpine,3,1148,88,86,0,86,0
2021-04-24,Amador,5,37829,3646,3640,35,3675,46
2021-04-24,Butte,7,227075,11987,11678,1814,13492,196
2021-04-24,Calaveras,9,45235,2074,2067,12,2079,50
2021-04-24,Colusa,11,21464,1916,1921,299,2220,14
2021-04-24,Contra Costa,13,1133247,67750,67222,1264,68486,789
2021-04-24,Del Norte,15,27424,1263,1255,6,1261,6
2021-04-24,El Dorado,17,186661,9855,9814,732,10546,106
2021-04-24,Fresno,19,978130,100686,100991,8803,109794,1662
2021-04-24,Glenn,21,27897,2368,2363,556,2919,17
2021-04-24,Humboldt,23,135768,3786,3722,29,3751,35
2021-04-24,Imperial,25,180216,28122,28124,2803,30927,720
2021-04-24,Inyo,27,18085,1396,1396,2,1398,36
2021-04-24,Kern,29,883053,95794,95365,11006,106371,1295
2021-04-24,Kings,31,150075,22770,22749,1159,23908,244
2021-04-24,Lake,33,64148,3440,3426,9,3435,43
2021-04-24,Lassen,35,31185,5156,5137,110,5247,1
2021-04-24,Los Angeles,37,10098052,1195098,1190603,43339,1233942,23802
2021-04-24,Madera,39,155013,16367,16338,941,17279,231
2021-04-24,Marin,41,260295,13850,13847,245,14092,227
2021-04-24,Mariposa,43,17540,416,409,11,420,5
2021-04-24,Mendocino,45,87422,3810,3754,71,3825,46
2021-04-24,Merced,47,269075,30524,30559,984,31543,443
2021-04-24,Modoc,49,8938,366,360,122,482,3
2021-04-24,Mono,51,14174,1235,1256,13,1269,3
2021-04-24,Monterey,53,433212,42734,42727,1897,44624,379
2021-04-24,Napa,55,140530,9745,9756,33,9789,79
2021-04-24,Nevada,57,99092,4603,4522,193,4715,70
2021-04-24,Orange,59,3164182,252966,252441,11473,263914,4910
2021-04-24,Placer,61,380077,22463,21983,1456,23439,285
2021-04-24,Plumas,63,18699,684,670,11,681,4
2021-04-24,Riverside,65,2383286,289210,286552,14592,301144,4400
2021-04-24,Sacramento,67,1510023,102667,102179,1677,103856,1587
2021-04-24,San Benito,69,59416,6002,6007,116,6123,63
2021-04-24,San Bernardino,71,2135413,290795,290264,8953,299217,4568
2021-04-24,San Diego,73,3302833,276544,275252,0,275252,3688
2021-04-24,San Francisco,75,870044,36075,36285,1355,37640,532
2021-04-24,San Joaquin,77,732212,71455,70911,3597,74508,1301
2021-04-24,San Luis Obispo,79,281455,20900,20797,749,21546,255
2021-04-24,San Mateo,81,765935,41732,41424,459,41883,355
2021-04-24,Santa Barbara,83,443738,34068,33911,1239,35150,448
2021-04-24,Santa Clara,85,1922200,116701,117674,755,118429,1968
2021-04-24,Santa Cruz,87,273765,15993,15840,870,16710,205
2021-04-24,Shasta,89,179085,11724,11770,1488,13258,192
2021-04-24,Sierra,91,2930,53,51,14,65,0
2021-04-24,Siskiyou,93,43540,1683,1574,316,1890,11
2021-04-24,Solano,95,438530,31932,31821,489,32310,247
2021-04-24,Sonoma,97,501317,29566,29739,316,30055,318
2021-04-24,Stanislaus,99,539301,54507,54455,6023,60478,744
2021-04-24,Sutter,101,95872,9298,9316,86,9402,110
2021-04-24,Tehama,103,63373,4917,4907,579,5486,53
2021-04-24,Trinity,105,12862,360,326,54,380,3
2021-04-24,Tulare,107,460477,49071,48705,9272,57977,830
2021-04-24,Tuolumne,109,53932,4016,4020,36,4056,58
2021-04-24,Ventura,111,848112,80303,80097,3056,83153,999
2021-04-24,Yolo,113,214977,13708,13653,288,13941,205
2021-04-24,Yuba,115,75493,5863,5837,123,5960,44
2021-04-23,Alameda,1,1643700,86141,85935,1970,87905,1256
2021-04-23,Alpine,3,1148,87,86,0,86,0
2021-04-23,Amador,5,37829,3645,3637,35,3672,46
2021-04-23,Butte,7,227075,11966,11672,1809,13481,196
2021-04-23,Calaveras,9,45235,2072,2064,12,2076,50
2021-04-23,Colusa,11,21464,1915,1921,299,2220,14
2021-04-23,Contra Costa,13,1133247,67696,67164,1260,68424,785
2021-04-23,Del Norte,15,27424,1262,1254,6,1260,6
2021-04-23,El Dorado,17,186661,9838,9788,729,10517,106
2021-04-23,Fresno,19,978130,100646,100928,8796,109724,1662
2021-04-23,Glenn,21,27897,2368,2361,555,2916,17
2021-04-23,Humboldt,23,135768,3775,3698,29,3727,35
2021-04-23,Imperial,25,180216,28107,28108,2802,30910,720
2021-04-23,Inyo,27,18085,1396,1395,2,1397,36
2021-04-23,Kern,29,883053,95769,95330,11001,106331,1295
2021-04-23,Kings,31,150075,22767,22735,1159,23894,244
2021-04-23,Lake,33,64148,3438,3425,9,3434,43
2021-04-23,Lassen,35,31185,5156,5141,110,5251,1
2021-04-23,Los Angeles,37,10098052,1194835,1190264,43313,1233577,23785
2021-04-23,Madera,39,155013,16358,16328,941,17269,231
2021-04-23,Marin,41,260295,13845,13838,245,14083,227
2021-04-23,Mariposa,43,17540,415,405,11,416,5
2021-04-23,Mendocino,45,87422,3808,3745,70,3815,46
2021-04-23,Merced,47,269075,30506,30530,984,31514,443
2021-04-23,Modoc,49,8938,366,360,122,482,3
2021-04-23,Mono,51,14174,1233,1256,13,1269,3
2021-04-23,Monterey,53,433212,42728,42722,1897,44619,377
2021-04-23,Napa,55,140530,9739,9752,33,9785,79
2021-04-23,Nevada,57,99092,4594,4510,193,4703,70
2021-04-23,Orange,59,3164182,252923,252399,11467,263866,4904
2021-04-23,Placer,61,380077,22440,21959,1455,23414,282
2021-04-23,Plumas,63,18699,683,670,11,681,4
2021-04-23,Riverside,65,2383286,289153,286456,14587,301043,4399
2021-04-23,Sacramento,67,1510023,102580,102041,1674,103715,1586
2021-04-23,San Benito,69,59416,6000,6005,116,6121,63
2021-04-23,San Bernardino,71,2135413,290745,290189,8951,299140,4568
2021-04-23,San Diego,73,3302833,276405,275097,0,275097,3684
2021-04-23,San Francisco,75,870044,36058,36252,1354,37606,532
2021-04-23,San Joaquin,77,732212,71399,70840,3594,74434,1295
2021-04-23,San Luis Obispo,79,281455,20891,20781,748,21529,255
2021-04-23,San Mateo,81,765935,41706,41386,459,41845,355
2021-04-23,Santa Barbara,83,443738,34058,33895,1237,35132,447
2021-04-23,Santa Clara,85,1922200,116640,117593,754,118347,1965
2021-04-23,Santa Cruz,87,273765,15986,15802,870,16672,205
2021-04-23,Shasta,89,179085,11717,11759,1487,13246,192
2021-04-23,Sierra,91,2930,53,51,14,65,0
2021-04-23,Siskiyou,93,43540,1671,1567,314,1881,11
2021-04-23,Solano,95,438530,31900,31784,485,32269,247
2021-04-23,Sonoma,97,501317,29553,29727,316,30043,318
2021-04-23,Stanislaus,99,539301,54444,54391,6015,60406,744
2021-04-23,Sutter,101,95872,9296,9312,86,9398,110
2021-04-23,Tehama,103,63373,4914,4906,579,5485,53
2021-04-23,Trinity,105,12862,360,326,54,380,3
2021-04-23,Tulare,107,460477,49054,48694,9264,57958,829
2021-04-23,Tuolumne,109,53932,4015,4020,36,4056,58
2021-04-23,Ventura,111,848112,80284,80095,3056,83151,996
2021-04-23,Yolo,113,214977,13697,13647,287,13934,205
2021-04-23,Yuba,115,75493,5860,5828,123,5951,44
2021-04-22,Alameda,1,1643700,86050,85829,1969,87798,1253
2021-04-22,Alpine,3,1148,87,86,0,86,0
2021-04-22,Amador,5,37829,3644,3633,35,3668,46
2021-04-22,Butte,7,227075,11952,11656,1806,13462,196
2021-04-22,Calaveras,9,45235,2070,2059,12,2071,50
2021-04-22,Colusa,11,21464,1913,1920,297,2217,14
2021-04-22,Contra Costa,13,1133247,67625,67029,1254,68283,782
2021-04-22,Del Norte,15,27424,1257,1252,6,1258,6
2021-04-22,El Dorado,17,186661,9827,9773,726,10499,106
2021-04-22,Fresno,19,978130,100602,100864,8786,109650,1657
2021-04-22,Glenn,21,27897,2367,2361,555,2916,17
2021-04-22,Humboldt,23,135768,3766,3680,29,3709,35
2021-04-22,Imperial,25,180216,28085,28096,2799,30895,720
2021-04-22,Inyo,27,18085,1395,1394,2,1396,36
2021-04-22,Kern,29,883053,95728,95292,10986,106278,1299
2021-04-22,Kings,31,150075,22757,22725,1159,23884,243
2021-04-22,Lake,33,64148,3436,3423,9,3432,43
2021-04-22,Lassen,35,31185,5156,5155,110,5265,1
2021-04-22,Los Angeles,37,10098052,1194518,1189878,43290,1233168,23762
2021-04-22,Madera,39,155013,16339,16316,941,17257,231
2021-04-22,Marin,41,260295,13837,13832,245,14077,227
2021-04-22,Mariposa,43,17540,414,403,11,414,5
2021-04-22,Mendocino,45,87422,3802,3729,70,3799,46
2021-04-22,Merced,47,269075,30472,30490,983,31473,443
2021-04-22,Modoc,49,8938,366,360,122,482,3
2021-04-22,Mono,51,14174,1233,1254,13,1267,3
2021-04-22,Monterey,53,433212,42721,42708,1895,44603,377
2021-04-22,Napa,55,140530,9729,9734,33,9767,79
2021-04-22,Nevada,57,99092,4585,4504,191,4695,70
2021-04-22,Orange,59,3164182,252852,252307,11455,263762,4898
2021-04-22,Placer,61,380077,22410,21916,1451,23367,282
2021-04-22,Plumas,63,18699,682,670,11,681,4
2021-04-22,Riverside,65,2383286,289058,286362,14578,300940,4398
2021-04-22,Sacramento,67,1510023,102431,101870,1664,103534,1585
2021-04-22,San Benito,69,59416,5996,5998,116,6114,63
2021-04-22,San Bernardino,71,2135413,290672,290125,8943,299068,4571
2021-04-22,San Diego,73,3302833,276239,275913,0,275913,3684
2021-04-22,San Francisco,75,870044,36036,36218,1351,37569,532
2021-04-22,San Joaquin,77,732212,71340,70751,3588,74339,1295
2021-04-22,San Luis Obispo,79,281455,20877,20761,748,21509,255
2021-04-22,San Mateo,81,765935,41678,41345,457,41802,355
2021-04-22,Santa Barbara,83,443738,34035,33870,1236,35106,446
2021-04-22,Santa Clara,85,1922200,116551,117457,750,118207,1954
2021-04-22,Santa Cruz,87,273765,15983,15737,869,16606,205
2021-04-22,Shasta,89,179085,11702,11738,1484,13222,192
2021-04-22,Sierra,91,2930,53,51,14,65,0
2021-04-22,Siskiyou,93,43540,1667,1564,313,1877,11
2021-04-22,Solano,95,438530,31854,31731,482,32213,247
2021-04-22,Sonoma,97,501317,29539,29705,312,30017,318
2021-04-22,Stanislaus,99,539301,54371,54313,6009,60322,744
2021-04-22,Sutter,101,95872,9292,9302,86,9388,110
2021-04-22,Tehama,103,63373,4908,4896,575,5471,53
2021-04-22,Trinity,105,12862,360,326,54,380,3
2021-04-22,Tulare,107,460477,49035,48669,9254,57923,828
2021-04-22,Tuolumne,109,53932,4011,4020,36,4056,58
2021-04-22,Ventura,111,848112,80259,80073,3054,83127,996
2021-04-22,Yolo,113,214977,13676,13616,287,13903,205
2021-04-22,Yuba,115,75493,5849,5825,123,5948,44
2021-04-21,Alameda,1,1643700,85968,85762,1967,87729,1249
2021-04-21,Alpine,3,1148,87,86,0,86,0
2021-04-21,Amador,5,37829,3641,3632,35,3667,46
2021-04-21,Butte,7,227075,11932,11643,1804,13447,196
2021-04-21,Calaveras,9,45235,2059,2057,12,2069,50
2021-04-21,Colusa,11,21464,1911,1920,296,2216,14
2021-04-21,Contra Costa,13,1133247,67559,66981,1253,68234,782
2021-04-21,Del Norte,15,27424,1253,1252,6,1258,6
2021-04-21,El Dorado,17,186661,9810,9760,724,10484,106
2021-04-21,Fresno,19,978130,100547,100838,8780,109618,1654
2021-04-21,Glenn,21,27897,2366,2361,555,2916,17
2021-04-21,Humboldt,23,135768,3746,3642,29,3671,35
2021-04-21,Imperial,25,180216,28072,28052,2798,30850,719
2021-04-21,Inyo,27,18085,1395,1392,2,1394,36
2021-04-21,Kern,29,883053,95684,95257,10976,106233,1297
2021-04-21,Kings,31,150075,22750,22713,1158,23871,243
2021-04-21,Lake,33,64148,3433,3421,9,3430,43
2021-04-21,Lassen,35,31185,5155,5156,110,5266,1
2021-04-21,Los Angeles,37,10098052,1194182,1189530,43266,1232796,23729
2021-04-21,Madera,39,155013,16334,16309,941,17250,231
2021-04-21,Marin,41,260295,13822,13822,245,14067,227
2021-04-21,Mariposa,43,17540,413,402,11,413,5
2021-04-21,Mendocino,45,87422,3800,3729,70,3799,46
2021-04-21,Merced,47,269075,30451,30471,982,31453,442
2021-04-21,Modoc,49,8938,366,360,122,482,3
2021-04-21,Mono,51,14174,1233,1254,13,1267,3
2021-04-21,Monterey,53,433212,42706,42699,1893,44592,377
2021-04-21,Napa,55,140530,9723,9727,33,9760,79
2021-04-21,Nevada,57,99092,4571,4499,191,4690,70
2021-04-21,Orange,59,3164182,252777,252243,11442,263685,4889
2021-04-21,Placer,61,380077,22381,21896,1446,23342,282
2021-04-21,Plumas,63,18699,682,670,11,681,4
2021-04-21,Riverside,65,2383286,288963,286299,14571,300870,4388
2021-04-21,Sacramento,67,1510023,102305,101803,1658,103461,1579
2021-04-21,San Benito,69,59416,5993,5998,116,6114,63
2021-04-21,San Bernardino,71,2135413,290596,290049,8941,298990,4572
2021-04-21,San Diego,73,3302833,276031,275632,0,275632,3681
2021-04-21,San Francisco,75,870044,36016,36194,1350,37544,529
2021-04-21,San Joaquin,77,732212,71286,70687,3577,74264,1295
2021-04-21,San Luis Obispo,79,281455,20862,20724,747,21471,255
2021-04-21,San Mateo,81,765935,41647,41318,456,41774,355
2021-04-21,Santa Barbara,83,443738,34016,33830,1235,35065,445
2021-04-21,Santa Clara,85,1922200,116475,117318,744,118062,1946
2021-04-21,Santa Cruz,87,273765,15974,15698,869,16567,204
2021-04-21,Shasta,89,179085,11683,11722,1482,13204,192
2021-04-21,Sierra,91,2930,53,51,14,65,0
2021-04-21,Siskiyou,93,43540,1660,1557,313,1870,11
2021-04-21,Solano,95,438530,31815,31712,481,32193,244
2021-04-21,Sonoma,97,501317,29526,29697,310,30007,318
2021-04-21,Stanislaus,99,539301,54310,54290,6003,60293,742
2021-04-21,Sutter,101,95872,9284,9297,86,9383,110
2021-04-21,Tehama,103,63373,4901,4893,574,5467,53
2021-04-21,Trinity,105,12862,360,326,54,380,3
2021-04-21,Tulare,107,460477,49020,48653,9241,57894,828
2021-04-21,Tuolumne,109,53932,4008,4019,36,4055,58
2021-04-21,Ventura,111,848112,80227,80039,3051,83090,996
2021-04-21,Yolo,113,214977,13656,13606,286,13892,200
2021-04-21,Yuba,115,75493,5842,5822,122,5944,44
2021-04-20,Alameda,1,1643700,85873,85652,1965,87617,1248
2021-04-20,Alpine,3,1148,86,85,0,85,0
2021-04-20,Amador,5,37829,3640,3631,35,3666,46
2021-04-20,Butte,7,227075,11914,11619,1802,13421,196
2021-04-20,Calaveras,9,45235,2057,2053,12,2065,50
2021-04-20,Colusa,11,21464,1911,1915,295,2210,14
2021-04-20,Contra Costa,13,1133247,67476,66889,1250,68139,782
2021-04-20,Del Norte,15,27424,1252,1250,6,1256,6
2021-04-20,El Dorado,17,186661,9782,9743,722,10465,106
2021-04-20,Fresno,19,978130,100490,100768,8770,109538,1650
2021-04-20,Glenn,21,27897,2364,2359,554,2913,17
2021-04-20,Humboldt,23,135768,3725,3612,29,3641,35
2021-04-20,Imperial,25,180216,28053,28024,2795,30819,719
2021-04-20,Inyo,27,18085,1395,1393,2,1395,36
2021-04-20,Kern,29,883053,95650,95223,10959,106182,1295
2021-04-20,Kings,31,150075,22744,22693,1155,23848,243
2021-04-20,Lake,33,64148,3431,3418,9,3427,43
2021-04-20,Lassen,35,31185,5155,5155,110,5265,1
2021-04-20,Los Angeles,37,10098052,1193841,1189256,43236,1232492,23694
2021-04-20,Madera,39,155013,16328,16301,941,17242,231
2021-04-20,Marin,41,260295,13808,13807,245,14052,227
2021-04-20,Mariposa,43,17540,412,402,11,413,5
2021-04-20,Mendocino,45,87422,3799,3726,70,3796,46
2021-04-20,Merced,47,269075,30423,30439,982,31421,441
2021-04-20,Modoc,49,8938,366,359,122,481,3
2021-04-20,Mono,51,14174,1232,1254,13,1267,3
2021-04-20,Monterey,53,433212,42695,42663,1890,44553,363
2021-04-20,Napa,55,140530,9719,9711,33,9744,79
2021-04-20,Nevada,57,99092,4554,4485,190,4675,70
2021-04-20,Orange,59,3164182,252687,252134,11431,263565,4887
2021-04-20,Placer,61,380077,22347,21846,1442,23288,282
2021-04-20,Plumas,63,18699,681,670,11,681,4
2021-04-20,Riverside,65,2383286,288870,286194,14565,300759,4388
2021-04-20,Sacramento,67,1510023,102167,101629,1650,103279,1574
2021-04-20,San Benito,69,59416,5990,5988,116,6104,63
2021-04-20,San Bernardino,71,2135413,290516,289905,8938,298843,4569
2021-04-20,San Diego,73,3302833,275801,275369,0,275369,3674
2021-04-20,San Francisco,75,870044,35997,36117,1349,37466,529
2021-04-20,San Joaquin,77,732212,71213,70590,3568,74158,1289
2021-04-20,San Luis Obispo,79,281455,20839,20691,739,21430,254
2021-04-20,San Mateo,81,765935,41616,41251,456,41707,355
2021-04-20,Santa Barbara,83,443738,33998,33803,1235,35038,445
2021-04-20,Santa Clara,85,1922200,116378,117228,739,117967,1944
2021-04-20,Santa Cruz,87,273765,15962,15647,869,16516,204
2021-04-20,Shasta,89,179085,11667,11677,1479,13156,189
2021-04-20,Sierra,91,2930,53,51,14,65,0
2021-04-20,Siskiyou,93,43540,1652,1551,312,1863,10
2021-04-20,Solano,95,438530,31760,31673,477,32150,243
2021-04-20,Sonoma,97,501317,29516,29676,308,29984,311
2021-04-20,Stanislaus,99,539301,54245,54236,5990,60226,735
2021-04-20,Sutter,101,95872,9280,9279,86,9365,109
2021-04-20,Tehama,103,63373,4896,4887,573,5460,52
2021-04-20,Trinity,105,12862,360,326,54,380,3
2021-04-20,Tulare,107,460477,49000,48650,9230,57880,831
2021-04-20,Tuolumne,109,53932,4008,4014,36,4050,58
2021-04-20,Ventura,111,848112,80199,80018,3049,83067,995
2021-04-20,Yolo,113,214977,13638,13581,284,13865,200
2021-04-20,Yuba,115,75493,5832,5814,122,5936,44
2021-04-19,Alameda,1,1643700,85751,85583,1962,87545,1247
2021-04-19,Alpine,3,1148,86,85,0,85,0
2021-04-19,Amador,5,37829,3639,3629,35,3664,46
2021-04-19,Butte,7,227075,11895,11601,1797,13398,196
2021-04-19,Calaveras,9,45235,2054,2050,12,2062,50
2021-04-19,Colusa,11,21464,1911,1913,294,2207,14
2021-04-19,Contra Costa,13,1133247,67399,66833,1247,68080,782
2021-04-19,Del Norte,15,27424,1250,1247,6,1253,6
2021-04-19,El Dorado,17,186661,9765,9726,717,10443,106
2021-04-19,Fresno,19,978130,100422,100702,8758,109460,1646
2021-04-19,Glenn,21,27897,2364,2358,553,2911,17
2021-04-19,Humboldt,23,135768,3704,3602,27,3629,35
2021-04-19,Imperial,25,180216,28033,27995,2795,30790,719
2021-04-19,Inyo,27,18085,1395,1392,2,1394,36
2021-04-19,Kern,29,883053,95622,95162,10944,106106,1290
2021-04-19,Kings,31,150075,22728,22688,1155,23843,243
2021-04-19,Lake,33,64148,3430,3416,9,3425,43
2021-04-19,Lassen,35,31185,5154,5156,110,5266,1
2021-04-19,Los Angeles,37,10098052,1193466,1188945,43209,1232154,23666
2021-04-19,Madera,39,155013,16317,16289,940,17229,231
2021-04-19,Marin,41,260295,13797,13804,244,14048,226
2021-04-19,Mariposa,43,17540,411,401,11,412,5
2021-04-19,Mendocino,45,87422,3797,3722,70,3792,46
2021-04-19,Merced,47,269075,30394,30422,981,31403,441
2021-04-19,Modoc,49,8938,366,359,122,481,3
2021-04-19,Mono,51,14174,1231,1254,13,1267,3
2021-04-19,Monterey,53,433212,42682,42642,1885,44527,356
2021-04-19,Napa,55,140530,9711,9680,33,9713,79
2021-04-19,Nevada,57,99092,4538,4477,190,4667,70
2021-04-19,Orange,59,3164182,252570,252013,11417,263430,4883
2021-04-19,Placer,61,380077,22324,21814,1438,23252,282
2021-04-19,Plumas,63,18699,681,665,11,676,4
2021-04-19,Riverside,65,2383286,288779,286087,14555,300642,4371
2021-04-19,Sacramento,67,1510023,102034,101482,1638,103120,1572
2021-04-19,San Benito,69,59416,5982,5989,116,6105,63
2021-04-19,San Bernardino,71,2135413,290432,289738,8932,298670,4561
2021-04-19,San Diego,73,3302833,275553,275113,0,275113,3674
2021-04-19,San Francisco,75,870044,35962,36094,1346,37440,529
2021-04-19,San Joaquin,77,732212,71134,70514,3560,74074,1289
2021-04-19,San Luis Obispo,79,281455,20813,20669,733,21402,254
2021-04-19,San Mateo,81,765935,41584,41226,455,41681,355
2021-04-19,Santa Barbara,83,443738,33984,33786,1235,35021,446
2021-04-19,Santa Clara,85,1922200,116268,117099,735,117834,1944
2021-04-19,Santa Cruz,87,273765,15950,15600,869,16469,204
2021-04-19,Shasta,89,179085,11652,11662,1471,13133,189
2021-04-19,Sierra,91,2930,53,51,14,65,0
2021-04-19,Siskiyou,93,43540,1642,1544,312,1856,10
2021-04-19,Solano,95,438530,31722,31643,472,32115,239
2021-04-19,Sonoma,97,501317,29497,29667,308,29975,311
2021-04-19,Stanislaus,99,539301,54169,54179,5986,60165,728
2021-04-19,Sutter,101,95872,9269,9269,86,9355,109
2021-04-19,Tehama,103,63373,4891,4878,573,5451,52
2021-04-19,Trinity,105,12862,360,326,54,380,3
2021-04-19,Tulare,107,460477,48984,48630,9217,57847,831
2021-04-19,Tuolumne,109,53932,4007,4010,36,4046,58
2021-04-19,Ventura,111,848112,80173,80000,3047,83047,996
2021-04-19,Yolo,113,214977,13626,13572,281,13853,200
2021-04-19,Yuba,115,75493,5825,5804,121,5925,44
2021-04-18,Alameda,1,1643700,85637,85481,1955,87436,1247
2021-04-18,Alpine,3,1148,86,85,0,85,0
2021-04-18,Amador,5,37829,3636,3627,35,3662,46
2021-04-18,Butte,7,227075,11877,11591,1792,13383,196
2021-04-18,Calaveras,9,45235,2050,2047,12,2059,50
2021-04-18,Colusa,11,21464,1907,1912,293,2205,14
2021-04-18,Contra Costa,13,1133247,67295,66750,1242,67992,782
2021-04-18,Del Norte,15,27424,1250,1240,6,1246,6
2021-04-18,El Dorado,17,186661,9742,9710,715,10425,106
2021-04-18,Fresno,19,978130,100365,100621,8752,109373,1646
2021-04-18,Glenn,21,27897,2359,2358,553,2911,17
2021-04-18,Humboldt,23,135768,3676,3590,27,3617,35
2021-04-18,Imperial,25,180216,28018,27991,2790,30781,719
2021-04-18,Inyo,27,18085,1394,1392,2,1394,36
2021-04-18,Kern,29,883053,95590,95129,10927,106056,1290
2021-04-18,Kings,31,150075,22719,22685,1155,23840,243
2021-04-18,Lake,33,64148,3429,3413,9,3422,43
2021-04-18,Lassen,35,31185,5151,5156,110,5266,1
2021-04-18,Los Angeles,37,10098052,1193015,1188620,43183,1231803,23648
2021-04-18,Madera,39,155013,16306,16277,939,17216,231
2021-04-18,Marin,41,260295,13790,13801,243,14044,226
2021-04-18,Mariposa,43,17540,410,400,10,410,5
2021-04-18,Mendocino,45,87422,3794,3722,70,3792,46
2021-04-18,Merced,47,269075,30358,30405,979,31384,441
2021-04-18,Modoc,49,8938,366,359,122,481,3
2021-04-18,Mono,51,14174,1231,1254,13,1267,3
2021-04-18,Monterey,53,433212,42670,42638,1884,44522,356
2021-04-18,Napa,55,140530,9695,9674,33,9707,79
2021-04-18,Nevada,57,99092,4523,4464,190,4654,70
2021-04-18,Orange,59,3164182,252456,251940,11409,263349,4883
2021-04-18,Placer,61,380077,22281,21783,1431,23214,282
2021-04-18,Plumas,63,18699,680,665,11,676,4
2021-04-18,Riverside,65,2383286,288690,286043,14550,300593,4371
2021-04-18,Sacramento,67,1510023,101858,101354,1632,102986,1572
2021-04-18,San Benito,69,59416,5980,5989,116,6105,63
2021-04-18,San Bernardino,71,2135413,290341,289691,8923,298614,4556
2021-04-18,San Diego,73,3302833,275274,274961,0,274961,3674
2021-04-18,San Francisco,75,870044,35927,36073,1342,37415,525
2021-04-18,San Joaquin,77,732212,71053,70466,3551,74017,1289
2021-04-18,San Luis Obispo,79,281455,20792,20656,726,21382,254
2021-04-18,San Mateo,81,765935,41555,41201,454,41655,352
2021-04-18,Santa Barbara,83,443738,33950,33769,1234,35003,446
2021-04-18,Santa Clara,85,1922200,116143,116996,720,117716,1944
2021-04-18,Santa Cruz,87,273765,15940,15580,868,16448,204
2021-04-18,Shasta,89,179085,11631,11658,1468,13126,189
2021-04-18,Sierra,91,2930,53,51,14,65,0
2021-04-18,Siskiyou,93,43540,1631,1538,310,1848,10
2021-04-18,Solano,95,438530,31672,31606,471,32077,239
2021-04-18,Sonoma,97,501317,29481,29660,306,29966,311
2021-04-18,Stanislaus,99,539301,54088,54132,5977,60109,728
2021-04-18,Sutter,101,95872,9255,9261,86,9347,109
2021-04-18,Tehama,103,63373,4882,4877,572,5449,52
2021-04-18,Trinity,105,12862,360,326,54,380,3
2021-04-18,Tulare,107,460477,48972,48618,9211,57829,829
2021-04-18,Tuolumne,109,53932,4006,4008,35,4043,58
2021-04-18,Ventura,111,848112,80143,79984,3043,83027,996
2021-04-18,Yolo,113,214977,13614,13562,279,13841,200
2021-04-18,Yuba,115,75493,5818,5804,121,5925,44
2021-04-17,Alameda,1,1643700,85564,85367,1951,87318,1247
2021-04-17,Alpine,3,1148,86,85,0,85,0
2021-04-17,Amador,5,37829,3634,3625,35,3660,46
2021-04-17,Butte,7,227075,11857,11573,1788,13361,196
2021-04-17,Calaveras,9,45235,2047,2045,12,2057,50
2021-04-17,Colusa,11,21464,1907,1912,293,2205,14
2021-04-17,Contra Costa,13,1133247,67247,66657,1234,67891,782
2021-04-17,Del Norte,15,27424,1250,1238,6,1244,6
2021-04-17,El Dorado,17,186661,9727,9692,712,10404,106
2021-04-17,Fresno,19,978130,100334,100562,8745,109307,1646
2021-04-17,Glenn,21,27897,2359,2357,553,2910,17
2021-04-17,Humboldt,23,135768,3653,3579,27,3606,35
2021-04-17,Imperial,25,180216,28007,27987,2789,30776,719
2021-04-17,Inyo,27,18085,1391,1392,2,1394,36
2021-04-17,Kern,29,883053,95572,95102,10924,106026,1290
2021-04-17,Kings,31,150075,22714,22678,1154,23832,243
2021-04-17,Lake,33,64148,3428,3409,9,3418,43
2021-04-17,Lassen,35,31185,5151,5154,110,5264,1
2021-04-17,Los Angeles,37,10098052,1192761,1188262,43151,1231413,23653
2021-04-17,Madera,39,155013,16302,16260,938,17198,231
2021-04-17,Marin,41,260295,13786,13797,242,14039,226
2021-04-17,Mariposa,43,17540,409,398,10,408,5
2021-04-17,Mendocino,45,87422,3791,3721,70,3791,46
2021-04-17,Merced,47,269075,30343,30392,977,31369,441
2021-04-17,Modoc,49,8938,366,357,122,479,3
2021-04-17,Mono,51,14174,1231,1253,13,1266,3
2021-04-17,Monterey,53,433212,42661,42630,1882,44512,356
2021-04-17,Napa,55,140530,9691,9666,33,9699,79
2021-04-17,Nevada,57,99092,4515,4457,190,4647,70
2021-04-17,Orange,59,3164182,252387,251873,11397,263270,4878
2021-04-17,Placer,61,380077,22259,21736,1426,23162,282
2021-04-17,Plumas,63,18699,679,666,11,677,4
2021-04-17,Riverside,65,2383286,288621,285963,14542,300505,4371
2021-04-17,Sacramento,67,1510023,101748,101172,1620,102792,1572
2021-04-17,San Benito,69,59416,5974,5986,116,6102,63
2021-04-17,San Bernardino,71,2135413,290288,289624,8920,298544,4555
2021-04-17,San Diego,73,3302833,275127,274812,0,274812,3674
2021-04-17,San Francisco,75,870044,35906,36032,1339,37371,523
2021-04-17,San Joaquin,77,732212,71013,70372,3540,73912,1288
2021-04-17,San Luis Obispo,79,281455,20782,20642,721,21363,254
2021-04-17,San Mateo,81,765935,41532,41157,454,41611,352
2021-04-17,Santa Barbara,83,443738,33919,33738,1232,34970,446
2021-04-17,Santa Clara,85,1922200,116052,116887,717,117604,1944
2021-04-17,Santa Cruz,87,273765,15934,15571,868,16439,204
2021-04-17,Shasta,89,179085,11616,11647,1467,13114,189
2021-04-17,Sierra,91,2930,53,51,14,65,0
2021-04-17,Siskiyou,93,43540,1626,1539,309,1848,10
2021-04-17,Solano,95,438530,31641,31541,468,32009,239
2021-04-17,Sonoma,97,501317,29474,29637,306,29943,311
2021-04-17,Stanislaus,99,539301,54051,54058,5972,60030,728
2021-04-17,Sutter,101,95872,9249,9252,86,9338,109
2021-04-17,Tehama,103,63373,4876,4875,571,5446,52
2021-04-17,Trinity,105,12862,360,326,54,380,3
2021-04-17,Tulare,107,460477,48960,48603,9207,57810,829
2021-04-17,Tuolumne,109,53932,4004,4005,35,4040,58
2021-04-17,Ventura,111,848112,80123,79964,3043,83007,996
2021-04-17,Yolo,113,214977,13604,13580,279,13859,200
2021-04-17,Yuba,115,75493,5813,5802,120,5922,44
2021-04-16,Alameda,1,1643700,85485,85243,1949,87192,1245
2021-04-16,Alpine,3,1148,86,85,0,85,0
2021-04-16,Amador,5,37829,3629,3621,35,3656,46
2021-04-16,Butte,7,227075,11845,11549,1786,13335,196
2021-04-16,Calaveras,9,45235,2045,2042,12,2054,50
2021-04-16,Colusa,11,21464,1905,1911,293,2204,14
2021-04-16,Contra Costa,13,1133247,67193,66569,1231,67800,782
2021-04-16,Del Norte,15,27424,1249,1237,6,1243,6
2021-04-16,El Dorado,17,186661,9707,9665,708,10373,106
2021-04-16,Fresno,19,978130,100285,100500,8738,109238,1643
2021-04-16,Glenn,21,27897,2359,2355,553,2908,17
2021-04-16,Humboldt,23,135768,3632,3570,26,3596,35
2021-04-16,Imperial,25,180216,27997,27962,2788,30750,719
2021-04-16,Inyo,27,18085,1391,1392,2,1394,36
2021-04-16,Kern,29,883053,95543,95066,10921,105987,1288
2021-04-16,Kings,31,150075,22711,22667,1152,23819,243
2021-04-16,Lake,33,64148,3422,3406,9,3415,43
2021-04-16,Lassen,35,31185,5150,5155,110,5265,1
2021-04-16,Los Angeles,37,10098052,1192463,1187818,43112,1230930,23627
2021-04-16,Madera,39,155013,16297,16250,936,17186,231
2021-04-16,Marin,41,260295,13783,13788,242,14030,226
2021-04-16,Mariposa,43,17540,408,396,9,405,5
2021-04-16,Mendocino,45,87422,3789,3719,70,3789,46
2021-04-16,Merced,47,269075,30328,30355,977,31332,438
2021-04-16,Modoc,49,8938,366,355,122,477,3
2021-04-16,Mono,51,14174,1231,1253,13,1266,3
2021-04-16,Monterey,53,433212,42650,42620,1880,44500,351
2021-04-16,Napa,55,140530,9683,9653,33,9686,79
2021-04-16,Nevada,57,99092,4506,4443,190,4633,70
2021-04-16,Orange,59,3164182,252324,251770,11388,263158,4873
2021-04-16,Placer,61,380077,22231,21680,1420,23100,282
2021-04-16,Plumas,63,18699,678,665,11,676,4
2021-04-16,Riverside,65,2383286,288545,285818,14540,300358,4369
2021-04-16,Sacramento,67,1510023,101649,100993,1615,102608,1572
2021-04-16,San Benito,69,59416,5972,5982,116,6098,63
2021-04-16,San Bernardino,71,2135413,290240,289424,8918,298342,4550
2021-04-16,San Diego,73,3302833,274973,274567,0,274567,3662
2021-04-16,San Francisco,75,870044,35881,35993,1335,37328,517
2021-04-16,San Joaquin,77,732212,70947,70280,3531,73811,1288
2021-04-16,San Luis Obispo,79,281455,20770,20623,720,21343,253
2021-04-16,San Mateo,81,765935,41502,41107,453,41560,352
2021-04-16,Santa Barbara,83,443738,33901,33703,1232,34935,446
2021-04-16,Santa Clara,85,1922200,115952,116693,714,117407,1941
2021-04-16,Santa Cruz,87,273765,15932,15539,868,16407,204
2021-04-16,Shasta,89,179085,11604,11623,1465,13088,189
2021-04-16,Sierra,91,2930,53,51,14,65,0
2021-04-16,Siskiyou,93,43540,1622,1530,307,1837,10
2021-04-16,Solano,95,438530,31602,31470,465,31935,239
2021-04-16,Sonoma,97,501317,29463,29617,306,29923,311
2021-04-16,Stanislaus,99,539301,54003,53983,5970,59953,728
2021-04-16,Sutter,101,95872,9243,9247,86,9333,109
2021-04-16,Tehama,103,63373,4875,4866,571,5437,52
2021-04-16,Trinity,105,12862,360,326,54,380,3
2021-04-16,Tulare,107,460477,48949,48583,9204,57787,830
2021-04-16,Tuolumne,109,53932,4001,4005,35,4040,58
2021-04-16,Ventura,111,848112,80098,79942,3038,82980,994
2021-04-16,Yolo,113,214977,13591,13559,277,13836,198
2021-04-16,Yuba,115,75493,5810,5795,119,5914,44
2021-04-15,Alameda,1,1643700,85378,85089,1947,87036,1246
2021-04-15,Alpine,3,1148,86,85,0,85,0
2021-04-15,Amador,5,37829,3628,3616,35,3651,46
2021-04-15,Butte,7,227075,11830,11529,1782,13311,196
2021-04-15,Calaveras,9,45235,2044,2039,12,2051,50
2021-04-15,Colusa,11,21464,1903,1909,292,2201,14
2021-04-15,Contra Costa,13,1133247,67119,66480,1227,67707,781
2021-04-15,Del Norte,15,27424,1242,1235,6,1241,6
2021-04-15,El Dorado,17,186661,9693,9639,706,10345,106
2021-04-15,Fresno,19,978130,100226,100431,8731,109162,1642
2021-04-15,Glenn,21,27897,2359,2354,553,2907,17
2021-04-15,Humboldt,23,135768,3611,3561,26,3587,35
2021-04-15,Imperial,25,180216,27969,27920,2785,30705,718
2021-04-15,Inyo,27,18085,1391,1393,2,1395,36
2021-04-15,Kern,29,883053,95513,94989,10906,105895,1289
2021-04-15,Kings,31,150075,22697,22648,1152,23800,242
2021-04-15,Lake,33,64148,3421,3399,9,3408,43
2021-04-15,Lassen,35,31185,5149,5152,110,5262,1
2021-04-15,Los Angeles,37,10098052,1192070,1187274,43072,1230346,23598
2021-04-15,Madera,39,155013,16282,16234,936,17170,231
2021-04-15,Marin,41,260295,13779,13783,241,14024,226
2021-04-15,Mariposa,43,17540,406,395,9,404,5
2021-04-15,Mendocino,45,87422,3788,3714,70,3784,46
2021-04-15,Merced,47,269075,30302,30325,976,31301,437
2021-04-15,Modoc,49,8938,366,355,122,477,3
2021-04-15,Mono,51,14174,1230,1253,13,1266,3
2021-04-15,Monterey,53,433212,42640,42604,1878,44482,347
2021-04-15,Napa,55,140530,9675,9645,33,9678,79
2021-04-15,Nevada,57,99092,4494,4434,189,4623,70
2021-04-15,Orange,59,3164182,252229,251679,11375,263054,4857
2021-04-15,Placer,61,380077,22202,21614,1413,23027,281
2021-04-15,Plumas,63,18699,676,665,11,676,4
2021-04-15,Riverside,65,2383286,288445,285698,14533,300231,4363
2021-04-15,Sacramento,67,1510023,101521,100782,1601,102383,1570
2021-04-15,San Benito,69,59416,5969,5969,115,6084,63
2021-04-15,San Bernardino,71,2135413,290151,289288,8910,298198,4544
2021-04-15,San Diego,73,3302833,274727,274250,0,274250,3653
2021-04-15,San Francisco,75,870044,35863,35947,1332,37279,510
2021-04-15,San Joaquin,77,732212,70866,70189,3523,73712,1288
2021-04-15,San Luis Obispo,79,281455,20754,20591,717,21308,253
2021-04-15,San Mateo,81,765935,41463,41050,452,41502,352
2021-04-15,Santa Barbara,83,443738,33883,33672,1228,34900,446
2021-04-15,Santa Clara,85,1922200,115846,116602,710,117312,1927
2021-04-15,Santa Cruz,87,273765,15922,15509,868,16377,203
2021-04-15,Shasta,89,179085,11590,11597,1461,13058,191
2021-04-15,Sierra,91,2930,53,51,14,65,0
2021-04-15,Siskiyou,93,43540,1616,1524,307,1831,10
2021-04-15,Solano,95,438530,31564,31394,464,31858,239
2021-04-15,Sonoma,97,501317,29449,29587,306,29893,311
2021-04-15,Stanislaus,99,539301,53949,53918,5962,59880,728
2021-04-15,Sutter,101,95872,9236,9237,86,9323,109
2021-04-15,Tehama,103,63373,4873,4854,570,5424,52
2021-04-15,Trinity,105,12862,360,326,54,380,3
2021-04-15,Tulare,107,460477,48928,48556,9204,57760,829
2021-04-15,Tuolumne,109,53932,4001,4003,35,4038,57
2021-04-15,Ventura,111,848112,80079,79917,3036,82953,989
2021-04-15,Yolo,113,214977,13572,13547,275,13822,198
2021-04-15,Yuba,115,75493,5807,5788,119,5907,44
2021-04-14,Alameda,1,1643700,85279,85009,1946,86955,1247
2021-04-14,Alpine,3,1148,86,85,0,85,0
2021-04-14,Amador,5,37829,3627,3613,35,3648,46
2021-04-14,Butte,7,227075,11817,11513,1781,13294,196
2021-04-14,Calaveras,9,45235,2042,2037,12,2049,50
2021-04-14,Colusa,11,21464,1903,1905,292,2197,14
2021-04-14,Contra Costa,13,1133247,67033,66400,1221,67621,781
2021-04-14,Del Norte,15,27424,1242,1228,6,1234,6
2021-04-14,El Dorado,17,186661,9678,9625,701,10326,106
2021-04-14,Fresno,19,978130,100169,100376,8718,109094,1640
2021-04-14,Glenn,21,27897,2359,2353,553,2906,17
2021-04-14,Humboldt,23,135768,3589,3551,25,3576,35
2021-04-14,Imperial,25,180216,27948,27907,2782,30689,718
2021-04-14,Inyo,27,18085,1391,1392,2,1394,36
2021-04-14,Kern,29,883053,95489,94947,10899,105846,1287
2021-04-14,Kings,31,150075,22689,22641,1151,23792,243
2021-04-14,Lake,33,64148,3416,3396,9,3405,43
2021-04-14,Lassen,35,31185,5148,5151,110,5261,1
2021-04-14,Los Angeles,37,10098052,1191675,1186821,43022,1229843,23579
2021-04-14,Madera,39,155013,16273,16218,936,17154,231
2021-04-14,Marin,41,260295,13777,13768,240,14008,226
2021-04-14,Mariposa,43,17540,405,394,9,403,5
2021-04-14,Mendocino,45,87422,3783,3711,70,3781,46
2021-04-14,Merced,47,269075,30284,30296,976,31272,436
2021-04-14,Modoc,49,8938,366,355,122,477,3
2021-04-14,Mono,51,14174,1230,1252,13,1265,3
2021-04-14,Monterey,53,433212,42624,42595,1874,44469,347
2021-04-14,Napa,55,140530,9664,9643,33,9676,79
2021-04-14,Nevada,57,99092,4487,4421,189,4610,70
2021-04-14,Orange,59,3164182,252123,251568,11355,262923,4849
2021-04-14,Placer,61,380077,22169,21575,1412,22987,280
2021-04-14,Plumas,63,18699,676,665,11,676,4
2021-04-14,Riverside,65,2383286,288335,285583,14527,300110,4358
2021-04-14,Sacramento,67,1510023,101348,100645,1587,102232,1570
2021-04-14,San Benito,69,59416,5967,5960,115,6075,62
2021-04-14,San Bernardino,71,2135413,290080,289078,8907,297985,4523
2021-04-14,San Diego,73,3302833,274516,273969,0,273969,3648
2021-04-14,San Francisco,75,870044,35825,35898,1331,37229,510
2021-04-14,San Joaquin,77,732212,70796,70095,3516,73611,1288
2021-04-14,San Luis Obispo,79,281455,20730,20561,707,21268,253
2021-04-14,San Mateo,81,765935,41424,40982,449,41431,352
2021-04-14,Santa Barbara,83,443738,33854,33650,1228,34878,445
2021-04-14,Santa Clara,85,1922200,115729,116488,707,117195,1922
2021-04-14,Santa Cruz,87,273765,15912,15481,868,16349,203
2021-04-14,Shasta,89,179085,11564,11581,1459,13040,190
2021-04-14,Sierra,91,2930,53,51,14,65,0
2021-04-14,Siskiyou,93,43540,1608,1518,306,1824,10
2021-04-14,Solano,95,438530,31512,31357,456,31813,239
2021-04-14,Sonoma,97,501317,29441,29572,304,29876,311
2021-04-14,Stanislaus,99,539301,53878,53836,5953,59789,727
2021-04-14,Sutter,101,95872,9228,9230,86,9316,106
2021-04-14,Tehama,103,63373,4868,4853,568,5421,52
2021-04-14,Trinity,105,12862,360,326,54,380,3
2021-04-14,Tulare,107,460477,48902,48527,9201,57728,827
2021-04-14,Tuolumne,109,53932,4000,3997,35,4032,57
2021-04-14,Ventura,111,848112,80043,79891,3034,82925,986
2021-04-14,Yolo,113,214977,13556,13530,273,13803,198
2021-04-14,Yuba,115,75493,5805,5778,119,5897,44
2021-04-13,Alameda,1,1643700,85173,84921,1941,86862,1239
2021-04-13,Alpine,3,1148,86,85,0,85,0
2021-04-13,Amador,5,37829,3624,3609,35,3644,46
2021-04-13,Butte,7,227075,11799,11497,1778,13275,196
2021-04-13,Calaveras,9,45235,2039,2035,12,2047,50
2021-04-13,Colusa,11,21464,1901,1905,290,2195,14
2021-04-13,Contra Costa,13,1133247,66944,66304,1221,67525,778
2021-04-13,Del Norte,15,27424,1237,1221,6,1227,6
2021-04-13,El Dorado,17,186661,9652,9609,699,10308,106
2021-04-13,Fresno,19,978130,100089,100357,8713,109070,1636
2021-04-13,Glenn,21,27897,2358,2351,553,2904,17
2021-04-13,Humboldt,23,135768,3572,3540,25,3565,35
2021-04-13,Imperial,25,180216,27930,27887,2775,30662,718
2021-04-13,Inyo,27,18085,1391,1391,2,1393,36
2021-04-13,Kern,29,883053,95447,94908,10887,105795,1285
2021-04-13,Kings,31,150075,22673,22636,1150,23786,243
2021-04-13,Lake,33,64148,3413,3390,9,3399,43
2021-04-13,Lassen,35,31185,5147,5147,110,5257,1
2021-04-13,Los Angeles,37,10098052,1191225,1186482,42976,1229458,23526
2021-04-13,Madera,39,155013,16263,16207,934,17141,231
2021-04-13,Marin,41,260295,13769,13760,239,13999,224
2021-04-13,Mariposa,43,17540,404,394,6,400,5
2021-04-13,Mendocino,45,87422,3777,3702,70,3772,46
2021-04-13,Merced,47,269075,30253,30276,974,31250,435
2021-04-13,Modoc,49,8938,366,355,122,477,3
2021-04-13,Mono,51,14174,1230,1251,13,1264,3
2021-04-13,Monterey,53,433212,42613,42577,1874,44451,347
2021-04-13,Napa,55,140530,9654,9627,33,9660,79
2021-04-13,Nevada,57,99092,4475,4415,189,4604,69
2021-04-13,Orange,59,3164182,252027,251491,11337,262828,4836
2021-04-13,Placer,61,380077,22132,21534,1409,22943,280
2021-04-13,Plumas,63,18699,675,665,11,676,4
2021-04-13,Riverside,65,2383286,288218,285505,14520,300025,4348
2021-04-13,Sacramento,67,1510023,101173,100551,1581,102132,1569
2021-04-13,San Benito,69,59416,5964,5946,115,6061,62
2021-04-13,San Bernardino,71,2135413,289962,288929,8901,297830,4521
2021-04-13,San Diego,73,3302833,274262,273709,0,273709,3623
2021-04-13,San Francisco,75,870044,35789,35869,1327,37196,506
2021-04-13,San Joaquin,77,732212,70688,70034,3508,73542,1288
2021-04-13,San Luis Obispo,79,281455,20703,20536,697,21233,253
2021-04-13,San Mateo,81,765935,41379,40955,449,41404,353
2021-04-13,Santa Barbara,83,443738,33832,33613,1225,34838,444
2021-04-13,Santa Clara,85,1922200,115600,116363,705,117068,1923
2021-04-13,Santa Cruz,87,273765,15905,15449,868,16317,203
2021-04-13,Shasta,89,179085,11544,11536,1456,12992,189
2021-04-13,Sierra,91,2930,53,51,14,65,0
2021-04-13,Siskiyou,93,43540,1600,1511,302,1813,10
2021-04-13,Solano,95,438530,31465,31335,452,31787,239
2021-04-13,Sonoma,97,501317,29434,29544,303,29847,311
2021-04-13,Stanislaus,99,539301,53806,53797,5943,59740,722
2021-04-13,Sutter,101,95872,9224,9226,86,9312,106
2021-04-13,Tehama,103,63373,4861,4850,565,5415,52
2021-04-13,Trinity,105,12862,360,326,54,380,3
2021-04-13,Tulare,107,460477,48890,48511,9197,57708,825
2021-04-13,Tuolumne,109,53932,3998,3995,35,4030,57
2021-04-13,Ventura,111,848112,80011,79854,3032,82886,986
2021-04-13,Yolo,113,214977,13544,13516,272,13788,198
2021-04-13,Yuba,115,75493,5796,5776,119,5895,44
2021-04-12,Alameda,1,1643700,85070,84817,1940,86757,1238
2021-04-12,Alpine,3,1148,86,85,0,85,0
2021-04-12,Amador,5,37829,3623,3607,35,3642,46
2021-04-12,Butte,7,227075,11784,11488,1774,13262,193
2021-04-12,Calaveras,9,45235,2037,2033,12,2045,50
2021-04-12,Colusa,11,21464,1899,1904,288,2192,14
2021-04-12,Contra Costa,13,1133247,66864,66176,1221,67397,777
2021-04-12,Del Norte,15,27424,1234,1216,6,1222,6
2021-04-12,El Dorado,17,186661,9635,9588,697,10285,106
2021-04-12,Fresno,19,978130,100028,100277,8689,108966,1633
2021-04-12,Glenn,21,27897,2357,2349,553,2902,17
2021-04-12,Humboldt,23,135768,3558,3533,24,3557,35
2021-04-12,Imperial,25,180216,27901,27851,2772,30623,717
2021-04-12,Inyo,27,18085,1391,1390,2,1392,36
2021-04-12,Kern,29,883053,95415,94861,10875,105736,1283
2021-04-12,Kings,31,150075,22665,22621,1149,23770,241
2021-04-12,Lake,33,64148,3409,3380,9,3389,43
2021-04-12,Lassen,35,31185,5146,5147,110,5257,1
2021-04-12,Los Angeles,37,10098052,1190730,1186145,42934,1229079,23505
2021-04-12,Madera,39,155013,16252,16174,932,17106,231
2021-04-12,Marin,41,260295,13757,13751,236,13987,224
2021-04-12,Mariposa,43,17540,403,394,6,400,5
2021-04-12,Mendocino,45,87422,3776,3699,70,3769,46
2021-04-12,Merced,47,269075,30221,30261,972,31233,435
2021-04-12,Modoc,49,8938,364,352,122,474,3
2021-04-12,Mono,51,14174,1230,1251,13,1264,3
2021-04-12,Monterey,53,433212,42599,42555,1872,44427,346
2021-04-12,Napa,55,140530,9640,9603,33,9636,80
2021-04-12,Nevada,57,99092,4464,4408,189,4597,69
2021-04-12,Orange,59,3164182,251941,251350,11316,262666,4826
2021-04-12,Placer,61,380077,22084,21475,1403,22878,278
2021-04-12,Plumas,63,18699,673,666,11,677,4
2021-04-12,Riverside,65,2383286,288111,285361,14514,299875,4336
2021-04-12,Sacramento,67,1510023,101000,100394,1576,101970,1566
2021-04-12,San Benito,69,59416,5956,5942,114,6056,62
2021-04-12,San Bernardino,71,2135413,289851,288736,8889,297625,4493
2021-04-12,San Diego,73,3302833,274003,273431,0,273431,3621
2021-04-12,San Francisco,75,870044,35757,35841,1325,37166,506
2021-04-12,San Joaquin,77,732212,70617,69968,3499,73467,1288
2021-04-12,San Luis Obispo,79,281455,20659,20515,683,21198,253
2021-04-12,San Mateo,81,765935,41337,40920,445,41365,353
2021-04-12,Santa Barbara,83,443738,33801,33606,1225,34831,444
2021-04-12,Santa Clara,85,1922200,115472,116252,703,116955,1923
2021-04-12,Santa Cruz,87,273765,15886,15406,868,16274,203
2021-04-12,Shasta,89,179085,11527,11509,1452,12961,189
2021-04-12,Sierra,91,2930,53,51,14,65,0
2021-04-12,Siskiyou,93,43540,1589,1511,300,1811,7
2021-04-12,Solano,95,438530,31424,31305,449,31754,238
2021-04-12,Sonoma,97,501317,29406,29500,303,29803,310
2021-04-12,Stanislaus,99,539301,53741,53722,5936,59658,707
2021-04-12,Sutter,101,95872,9213,9221,86,9307,106
2021-04-12,Tehama,103,63373,4852,4834,561,5395,52
2021-04-12,Trinity,105,12862,360,324,54,378,3
2021-04-12,Tulare,107,460477,48871,48495,9187,57682,824
2021-04-12,Tuolumne,109,53932,3994,3993,35,4028,57
2021-04-12,Ventura,111,848112,79978,79818,3030,82848,985
2021-04-12,Yolo,113,214977,13530,13510,271,13781,198
2021-04-12,Yuba,115,75493,5790,5773,119,5892,43
2021-04-11,Alameda,1,1643700,84933,84756,1935,86691,1238
2021-04-11,Alpine,3,1148,86,85,0,85,0
2021-04-11,Amador,5,37829,3621,3605,35,3640,46
2021-04-11,Butte,7,227075,11749,11487,1771,13258,193
2021-04-11,Calaveras,9,45235,2032,2036,12,2048,50
2021-04-11,Colusa,11,21464,1898,1904,287,2191,14
2021-04-11,Contra Costa,13,1133247,66755,66107,1218,67325,777
2021-04-11,Del Norte,15,27424,1228,1214,6,1220,6
2021-04-11,El Dorado,17,186661,9621,9575,694,10269,106
2021-04-11,Fresno,19,978130,99962,100230,8677,108907,1633
2021-04-11,Glenn,21,27897,2353,2348,552,2900,17
2021-04-11,Humboldt,23,135768,3549,3523,24,3547,35
2021-04-11,Imperial,25,180216,27877,27841,2770,30611,717
2021-04-11,Inyo,27,18085,1391,1390,2,1392,36
2021-04-11,Kern,29,883053,95358,94830,10866,105696,1283
2021-04-11,Kings,31,150075,22656,22618,1146,23764,241
2021-04-11,Lake,33,64148,3405,3377,9,3386,43
2021-04-11,Lassen,35,31185,5142,5147,110,5257,1
2021-04-11,Los Angeles,37,10098052,1190222,1185757,42890,1228647,23503
2021-04-11,Madera,39,155013,16234,16166,930,17096,231
2021-04-11,Marin,41,260295,13751,13741,234,13975,226
2021-04-11,Mariposa,43,17540,403,394,6,400,5
2021-04-11,Mendocino,45,87422,3774,3696,70,3766,46
2021-04-11,Merced,47,269075,30183,30249,971,31220,435
2021-04-11,Modoc,49,8938,363,352,120,472,3
2021-04-11,Mono,51,14174,1229,1250,13,1263,3
2021-04-11,Monterey,53,433212,42592,42547,1865,44412,346
2021-04-11,Napa,55,140530,9629,9592,33,9625,80
2021-04-11,Nevada,57,99092,4450,4394,189,4583,69
2021-04-11,Orange,59,3164182,251816,251233,11303,262536,4826
2021-04-11,Placer,61,380077,22027,21458,1398,22856,278
2021-04-11,Plumas,63,18699,673,666,11,677,4
2021-04-11,Riverside,65,2383286,287984,285269,14503,299772,4336
2021-04-11,Sacramento,67,1510023,100831,100296,1563,101859,1566
2021-04-11,San Benito,69,59416,5948,5941,113,6054,62
2021-04-11,San Bernardino,71,2135413,289736,288686,8882,297568,4492
2021-04-11,San Diego,73,3302833,273706,273287,0,273287,3621
2021-04-11,San Francisco,75,870044,35721,35815,1322,37137,498
2021-04-11,San Joaquin,77,732212,70529,69939,3488,73427,1288
2021-04-11,San Luis Obispo,79,281455,20633,20501,680,21181,253
2021-04-11,San Mateo,81,765935,41279,40901,444,41345,353
2021-04-11,Santa Barbara,83,443738,33767,33591,1224,34815,444
2021-04-11,Santa Clara,85,1922200,115338,116161,700,116861,1923
2021-04-11,Santa Cruz,87,273765,15874,15382,868,16250,203
2021-04-11,Shasta,89,179085,11483,11504,1451,12955,189
2021-04-11,Sierra,91,2930,53,51,14,65,0
2021-04-11,Siskiyou,93,43540,1583,1509,296,1805,7
2021-04-11,Solano,95,438530,31372,31268,445,31713,238
2021-04-11,Sonoma,97,501317,29380,29496,299,29795,310
2021-04-11,Stanislaus,99,539301,53659,53683,5926,59609,707
2021-04-11,Sutter,101,95872,9204,9222,86,9308,106
2021-04-11,Tehama,103,63373,4849,4832,559,5391,52
2021-04-11,Trinity,105,12862,360,324,54,378,3
2021-04-11,Tulare,107,460477,48857,48479,9180,57659,824
2021-04-11,Tuolumne,109,53932,3992,3993,35,4028,57
2021-04-11,Ventura,111,848112,79932,79800,3023,82823,985
2021-04-11,Yolo,113,214977,13509,13496,269,13765,198
2021-04-11,Yuba,115,75493,5780,5768,119,5887,43
2021-04-10,Alameda,1,1643700,84868,84626,1935,86561,1238
2021-04-10,Alpine,3,1148,86,85,0,85,0
2021-04-10,Amador,5,37829,3619,3603,35,3638,46
2021-04-10,Butte,7,227075,11738,11482,1770,13252,193
2021-04-10,Calaveras,9,45235,2032,2032,12,2044,50
2021-04-10,Colusa,11,21464,1898,1902,287,2189,14
2021-04-10,Contra Costa,13,1133247,66694,66001,1215,67216,778
2021-04-10,Del Norte,15,27424,1225,1212,6,1218,6
2021-04-10,El Dorado,17,186661,9609,9549,691,10240,106
2021-04-10,Fresno,19,978130,99929,100135,8670,108805,1633
2021-04-10,Glenn,21,27897,2353,2343,552,2895,17
2021-04-10,Humboldt,23,135768,3539,3508,24,3532,35
2021-04-10,Imperial,25,180216,27863,27816,2770,30586,717
2021-04-10,Inyo,27,18085,1391,1387,2,1389,36
2021-04-10,Kern,29,883053,95344,94802,10860,105662,1284
2021-04-10,Kings,31,150075,22652,22614,1144,23758,241
2021-04-10,Lake,33,64148,3400,3368,9,3377,43
2021-04-10,Lassen,35,31185,5142,5146,109,5255,1
2021-04-10,Los Angeles,37,10098052,1189953,1185246,42870,1228116,23493
2021-04-10,Madera,39,155013,16226,16143,929,17072,231
2021-04-10,Marin,41,260295,13746,13731,234,13965,226
2021-04-10,Mariposa,43,17540,400,393,6,399,5
2021-04-10,Mendocino,45,87422,3772,3696,70,3766,46
2021-04-10,Merced,47,269075,30162,30225,971,31196,435
2021-04-10,Modoc,49,8938,363,352,120,472,3
2021-04-10,Mono,51,14174,1229,1249,13,1262,3
2021-04-10,Monterey,53,433212,42581,42527,1864,44391,346
2021-04-10,Napa,55,140530,9622,9569,33,9602,79
2021-04-10,Nevada,57,99092,4443,4379,189,4568,69
2021-04-10,Orange,59,3164182,251723,251139,11295,262434,4818
2021-04-10,Placer,61,380077,21996,21402,1392,22794,278
2021-04-10,Plumas,63,18699,673,666,11,677,4
2021-04-10,Riverside,65,2383286,287906,285082,14495,299577,4336
2021-04-10,Sacramento,67,1510023,100729,100048,1561,101609,1566
2021-04-10,San Benito,69,59416,5937,5932,112,6044,62
2021-04-10,San Bernardino,71,2135413,289675,288590,8875,297465,4489
2021-04-10,San Diego,73,3302833,273490,273058,0,273058,3613
2021-04-10,San Francisco,75,870044,35691,35774,1318,37092,498
2021-04-10,San Joaquin,77,732212,70494,69852,3478,73330,1288
2021-04-10,San Luis Obispo,79,281455,20618,20461,678,21139,253
2021-04-10,San Mateo,81,765935,41246,40878,444,41322,350
2021-04-10,Santa Barbara,83,443738,33739,33541,1222,34763,444
2021-04-10,Santa Clara,85,1922200,115242,116015,699,116714,1923
2021-04-10,Santa Cruz,87,273765,15868,15360,868,16228,203
2021-04-10,Shasta,89,179085,11475,11492,1447,12939,189
2021-04-10,Sierra,91,2930,53,51,14,65,0
2021-04-10,Siskiyou,93,43540,1580,1512,296,1808,7
2021-04-10,Solano,95,438530,31338,31218,441,31659,238
2021-04-10,Sonoma,97,501317,29365,29469,298,29767,310
2021-04-10,Stanislaus,99,539301,53625,53596,5919,59515,707
2021-04-10,Sutter,101,95872,9202,9214,86,9300,106
2021-04-10,Tehama,103,63373,4847,4820,557,5377,52
2021-04-10,Trinity,105,12862,360,324,54,378,3
2021-04-10,Tulare,107,460477,48848,48470,9174,57644,824
2021-04-10,Tuolumne,109,53932,3989,3991,35,4026,57
2021-04-10,Ventura,111,848112,79904,79758,3021,82779,985
2021-04-10,Yolo,113,214977,13500,13494,268,13762,198
2021-04-10,Yuba,115,75493,5777,5757,118,5875,43
2021-04-09,Alameda,1,1643700,84795,84404,1927,86331,1237
2021-04-09,Alpine,3,1148,86,85,0,85,0
2021-04-09,Amador,5,37829,3618,3600,35,3635,46
2021-04-09,Butte,7,227075,11728,11454,1769,13223,193
2021-04-09,Calaveras,9,45235,2031,2028,12,2040,50
2021-04-09,Colusa,11,21464,1898,1898,287,2185,14
2021-04-09,Contra Costa,13,1133247,66601,65857,1209,67066,777
2021-04-09,Del Norte,15,27424,1224,1207,6,1213,6
2021-04-09,El Dorado,17,186661,9587,9528,686,10214,106
2021-04-09,Fresno,19,978130,99895,100027,8665,108692,1630
2021-04-09,Glenn,21,27897,2353,2337,552,2889,17
2021-04-09,Humboldt,23,135768,3529,3496,24,3520,35
2021-04-09,Imperial,25,180216,27848,27764,2768,30532,717
2021-04-09,Inyo,27,18085,1390,1386,2,1388,36
2021-04-09,Kern,29,883053,95306,94675,10858,105533,1282
2021-04-09,Kings,31,150075,22643,22595,1141,23736,242
2021-04-09,Lake,33,64148,3396,3362,9,3371,43
2021-04-09,Lassen,35,31185,5142,5140,109,5249,1
2021-04-09,Los Angeles,37,10098052,1189590,1184501,42838,1227339,23458
2021-04-09,Madera,39,155013,16223,16118,929,17047,231
2021-04-09,Marin,41,260295,13739,13721,234,13955,226
2021-04-09,Mariposa,43,17540,400,393,6,399,5
2021-04-09,Mendocino,45,87422,3770,3693,70,3763,46
2021-04-09,Merced,47,269075,30133,30179,970,31149,435
2021-04-09,Modoc,49,8938,362,352,120,472,3
2021-04-09,Mono,51,14174,1229,1247,13,1260,3
2021-04-09,Monterey,53,433212,42572,42481,1860,44341,344
2021-04-09,Napa,55,140530,9603,9574,33,9607,80
2021-04-09,Nevada,57,99092,4435,4373,189,4562,69
2021-04-09,Orange,59,3164182,251650,250852,11290,262142,4813
2021-04-09,Placer,61,380077,21965,21327,1384,22711,278
2021-04-09,Plumas,63,18699,672,666,11,677,4
2021-04-09,Riverside,65,2383286,287824,284562,14488,299050,4325
2021-04-09,Sacramento,67,1510023,100574,99722,1553,101275,1564
2021-04-09,San Benito,69,59416,5932,5925,111,6036,62
2021-04-09,San Bernardino,71,2135413,289604,288000,8872,296872,4467
2021-04-09,San Diego,73,3302833,273292,272697,0,272697,3600
2021-04-09,San Francisco,75,870044,35649,35716,1313,37029,497
2021-04-09,San Joaquin,77,732212,70431,69675,3466,73141,1281
2021-04-09,San Luis Obispo,79,281455,20605,20427,677,21104,252
2021-04-09,San Mateo,81,765935,41210,40800,443,41243,350
2021-04-09,Santa Barbara,83,443738,33716,33424,1219,34643,444
2021-04-09,Santa Clara,85,1922200,115158,115749,697,116446,1923
2021-04-09,Santa Cruz,87,273765,15863,15331,868,16199,203
2021-04-09,Shasta,89,179085,11465,11478,1444,12922,188
2021-04-09,Sierra,91,2930,53,51,14,65,0
2021-04-09,Siskiyou,93,43540,1577,1510,295,1805,7
2021-04-09,Solano,95,438530,31305,31166,436,31602,238
2021-04-09,Sonoma,97,501317,29351,29433,298,29731,310
2021-04-09,Stanislaus,99,539301,53570,53504,5910,59414,705
2021-04-09,Sutter,101,95872,9195,9201,86,9287,106
2021-04-09,Tehama,103,63373,4841,4806,557,5363,52
2021-04-09,Trinity,105,12862,359,324,54,378,3
2021-04-09,Tulare,107,460477,48844,48430,9168,57598,824
2021-04-09,Tuolumne,109,53932,3988,3986,35,4021,57
2021-04-09,Ventura,111,848112,79876,79698,3021,82719,987
2021-04-09,Yolo,113,214977,13489,13478,266,13744,198
2021-04-09,Yuba,115,75493,5770,5754,118,5872,43
2021-04-08,Alameda,1,1643700,84694,84213,1923,86136,1232
2021-04-08,Alpine,3,1148,86,85,0,85,0
2021-04-08,Amador,5,37829,3614,3595,35,3630,46
2021-04-08,Butte,7,227075,11717,11414,1768,13182,193
2021-04-08,Calaveras,9,45235,2029,2027,12,2039,50
2021-04-08,Colusa,11,21464,1897,1897,287,2184,14
2021-04-08,Contra Costa,13,1133247,66491,65706,1206,66912,775
2021-04-08,Del Norte,15,27424,1218,1201,6,1207,6
2021-04-08,El Dorado,17,186661,9571,9513,680,10193,106
2021-04-08,Fresno,19,978130,99832,99935,8658,108593,1627
2021-04-08,Glenn,21,27897,2351,2337,552,2889,17
2021-04-08,Humboldt,23,135768,3519,3486,24,3510,35
2021-04-08,Imperial,25,180216,27821,27744,2765,30509,713
2021-04-08,Inyo,27,18085,1389,1386,2,1388,36
2021-04-08,Kern,29,883053,95263,94493,10844,105337,1281
2021-04-08,Kings,31,150075,22637,22589,1138,23727,243
2021-04-08,Lake,33,64148,3390,3360,9,3369,43
2021-04-08,Lassen,35,31185,5141,5136,109,5245,1
2021-04-08,Los Angeles,37,10098052,1189093,1184443,42799,1227242,23416
2021-04-08,Madera,39,155013,16211,16103,929,17032,231
2021-04-08,Marin,41,260295,13732,13704,234,13938,226
2021-04-08,Mariposa,43,17540,399,393,6,399,5
2021-04-08,Mendocino,45,87422,3768,3690,70,3760,45
2021-04-08,Merced,47,269075,30111,30163,970,31133,430
2021-04-08,Modoc,49,8938,362,352,120,472,3
2021-04-08,Mono,51,14174,1227,1247,13,1260,3
2021-04-08,Monterey,53,433212,42551,42437,1855,44292,342
2021-04-08,Napa,55,140530,9586,9569,33,9602,80
2021-04-08,Nevada,57,99092,4424,4367,189,4556,69
2021-04-08,Orange,59,3164182,251543,250529,11274,261803,4797
2021-04-08,Placer,61,380077,21925,21258,1375,22633,277
2021-04-08,Plumas,63,18699,672,665,11,676,4
2021-04-08,Riverside,65,2383286,287713,283853,14483,298336,4296
2021-04-08,Sacramento,67,1510023,100431,99319,1541,100860,1561
2021-04-08,San Benito,69,59416,5929,5914,109,6023,62
2021-04-08,San Bernardino,71,2135413,289505,287190,8869,296059,4445
2021-04-08,San Diego,73,3302833,273063,272495,0,272495,3592
2021-04-08,San Francisco,75,870044,35626,35657,1312,36969,494
2021-04-08,San Joaquin,77,732212,70361,69479,3460,72939,1279
2021-04-08,San Luis Obispo,79,281455,20586,20402,674,21076,252
2021-04-08,San Mateo,81,765935,41171,40749,443,41192,350
2021-04-08,Santa Barbara,83,443738,33692,33309,1218,34527,444
2021-04-08,Santa Clara,85,1922200,115052,115487,696,116183,1905
2021-04-08,Santa Cruz,87,273765,15857,15296,868,16164,203
2021-04-08,Shasta,89,179085,11455,11466,1440,12906,186
2021-04-08,Sierra,91,2930,53,51,14,65,0
2021-04-08,Siskiyou,93,43540,1574,1511,295,1806,7
2021-04-08,Solano,95,438530,31256,31120,436,31556,238
2021-04-08,Sonoma,97,501317,29332,29410,297,29707,310
2021-04-08,Stanislaus,99,539301,53492,53401,5900,59301,706
2021-04-08,Sutter,101,95872,9191,9195,86,9281,106
2021-04-08,Tehama,103,63373,4837,4802,557,5359,52
2021-04-08,Trinity,105,12862,359,324,54,378,3
2021-04-08,Tulare,107,460477,48831,48409,9157,57566,821
2021-04-08,Tuolumne,109,53932,3988,3986,35,4021,57
2021-04-08,Ventura,111,848112,79839,79626,3017,82643,986
2021-04-08,Yolo,113,214977,13480,13468,265,13733,198
2021-04-08,Yuba,115,75493,5766,5743,118,5861,43
2021-04-07,Alameda,1,1643700,84610,84130,1919,86049,1224
2021-04-07,Alpine,3,1148,86,85,0,85,0
2021-04-07,Amador,5,37829,3611,3590,35,3625,46
2021-04-07,Butte,7,227075,11713,11405,1765,13170,193
2021-04-07,Calaveras,9,45235,2025,2022,12,2034,50
2021-04-07,Colusa,11,21464,1893,1894,286,2180,14
2021-04-07,Contra Costa,13,1133247,66405,65619,1205,66824,775
2021-04-07,Del Norte,15,27424,1216,1198,6,1204,6
2021-04-07,El Dorado,17,186661,9550,9500,675,10175,106
2021-04-07,Fresno,19,978130,99768,99865,8648,108513,1627
2021-04-07,Glenn,21,27897,2348,2337,551,2888,17
2021-04-07,Humboldt,23,135768,3507,3484,24,3508,35
2021-04-07,Imperial,25,180216,27797,27704,2759,30463,713
2021-04-07,Inyo,27,18085,1388,1386,2,1388,36
2021-04-07,Kern,29,883053,95229,94456,10829,105285,1275
2021-04-07,Kings,31,150075,22635,22589,1138,23727,243
2021-04-07,Lake,33,64148,3388,3358,9,3367,43
2021-04-07,Lassen,35,31185,5141,5137,109,5246,1
2021-04-07,Los Angeles,37,10098052,1188661,1183862,42774,1226636,23372
2021-04-07,Madera,39,155013,16192,16090,928,17018,231
2021-04-07,Marin,41,260295,13721,13688,232,13920,225
2021-04-07,Mariposa,43,17540,398,391,6,397,5
2021-04-07,Mendocino,45,87422,3767,3691,70,3761,45
2021-04-07,Merced,47,269075,30088,30132,965,31097,430
2021-04-07,Modoc,49,8938,362,351,120,471,3
2021-04-07,Mono,51,14174,1227,1246,13,1259,3
2021-04-07,Monterey,53,433212,42533,42427,1854,44281,341
2021-04-07,Napa,55,140530,9572,9556,33,9589,80
2021-04-07,Nevada,57,99092,4418,4364,189,4553,69
2021-04-07,Orange,59,3164182,251421,250378,11250,261628,4778
2021-04-07,Placer,61,380077,21879,21227,1367,22594,276
2021-04-07,Plumas,63,18699,672,665,11,676,4
2021-04-07,Riverside,65,2383286,287604,283749,14473,298222,4285
2021-04-07,Sacramento,67,1510023,100265,99202,1535,100737,1544
2021-04-07,San Benito,69,59416,5924,5912,108,6020,62
2021-04-07,San Bernardino,71,2135413,289389,286978,8864,295842,4433
2021-04-07,San Diego,73,3302833,272838,272195,0,272195,3588
2021-04-07,San Francisco,75,870044,35586,35618,1308,36926,493
2021-04-07,San Joaquin,77,732212,70293,69375,3455,72830,1278
2021-04-07,San Luis Obispo,79,281455,20560,20373,671,21044,252
2021-04-07,San Mateo,81,765935,41128,40693,443,41136,350
2021-04-07,Santa Barbara,83,443738,33667,33289,1215,34504,444
2021-04-07,Santa Clara,85,1922200,114922,115311,694,116005,1900
2021-04-07,Santa Cruz,87,273765,15847,15275,867,16142,203
2021-04-07,Shasta,89,179085,11443,11456,1435,12891,184
2021-04-07,Sierra,91,2930,53,51,14,65,0
2021-04-07,Siskiyou,93,43540,1568,1512,294,1806,7
2021-04-07,Solano,95,438530,31206,31097,435,31532,238
2021-04-07,Sonoma,97,501317,29313,29394,296,29690,310
2021-04-07,Stanislaus,99,539301,53424,53344,5890,59234,686
2021-04-07,Sutter,101,95872,9188,9188,86,9274,106
2021-04-07,Tehama,103,63373,4830,4802,554,5356,52
2021-04-07,Trinity,105,12862,359,322,54,376,3
2021-04-07,Tulare,107,460477,48818,48386,9145,57531,820
2021-04-07,Tuolumne,109,53932,3987,3982,35,4017,57
2021-04-07,Ventura,111,848112,79805,79595,3015,82610,986
2021-04-07,Yolo,113,214977,13464,13450,263,13713,198
2021-04-07,Yuba,115,75493,5762,5737,118,5855,43
2021-04-06,Alameda,1,1643700,84498,84091,1914,86005,1223
2021-04-06,Alpine,3,1148,86,85,0,85,0
2021-04-06,Amador,5,37829,3610,3587,35,3622,45
2021-04-06,Butte,7,227075,11698,11396,1764,13160,193
2021-04-06,Calaveras,9,45235,2022,2021,12,2033,50
2021-04-06,Colusa,11,21464,1891,1894,284,2178,14
2021-04-06,Contra Costa,13,1133247,66328,65575,1204,66779,774
2021-04-06,Del Norte,15,27424,1211,1197,6,1203,6
2021-04-06,El Dorado,17,186661,9520,9489,673,10162,106
2021-04-06,Fresno,19,978130,99704,99814,8642,108456,1626
2021-04-06,Glenn,21,27897,2347,2335,551,2886,17
2021-04-06,Humboldt,23,135768,3498,3477,24,3501,35
2021-04-06,Imperial,25,180216,27764,27661,2749,30410,713
2021-04-06,Inyo,27,18085,1388,1379,2,1381,36
2021-04-06,Kern,29,883053,95186,94422,10823,105245,1259
2021-04-06,Kings,31,150075,22629,22587,1138,23725,240
2021-04-06,Lake,33,64148,3385,3358,9,3367,43
2021-04-06,Lassen,35,31185,5139,5137,109,5246,1
2021-04-06,Los Angeles,37,10098052,1188157,1183499,42729,1226228,23323
2021-04-06,Madera,39,155013,16173,16085,923,17008,230
2021-04-06,Marin,41,260295,13712,13675,229,13904,224
2021-04-06,Mariposa,43,17540,398,390,6,396,5
2021-04-06,Mendocino,45,87422,3765,3686,70,3756,45
2021-04-06,Merced,47,269075,30059,30100,960,31060,430
2021-04-06,Modoc,49,8938,361,351,120,471,3
2021-04-06,Mono,51,14174,1227,1246,13,1259,3
2021-04-06,Monterey,53,433212,42524,42412,1853,44265,341
2021-04-06,Napa,55,140530,9553,9509,33,9542,78
2021-04-06,Nevada,57,99092,4408,4356,187,4543,69
2021-04-06,Orange,59,3164182,251313,250304,11235,261539,4771
2021-04-06,Placer,61,380077,21832,21184,1364,22548,276
2021-04-06,Plumas,63,18699,672,665,11,676,4
2021-04-06,Riverside,65,2383286,287427,283622,14462,298084,4264
2021-04-06,Sacramento,67,1510023,100057,99110,1526,100636,1537
2021-04-06,San Benito,69,59416,5915,5907,108,6015,62
2021-04-06,San Bernardino,71,2135413,289274,286792,8854,295646,4428
2021-04-06,San Diego,73,3302833,272576,271867,0,271867,3585
2021-04-06,San Francisco,75,870044,35543,35572,1308,36880,488
2021-04-06,San Joaquin,77,732212,70210,69316,3442,72758,1278
2021-04-06,San Luis Obispo,79,281455,20539,20350,667,21017,252
2021-04-06,San Mateo,81,765935,41080,40649,442,41091,350
2021-04-06,Santa Barbara,83,443738,33649,33257,1214,34471,443
2021-04-06,Santa Clara,85,1922200,114752,115184,692,115876,1900
2021-04-06,Santa Cruz,87,273765,15837,15252,867,16119,203
2021-04-06,Shasta,89,179085,11422,11443,1433,12876,184
2021-04-06,Sierra,91,2930,53,51,14,65,0
2021-04-06,Siskiyou,93,43540,1564,1510,291,1801,7
2021-04-06,Solano,95,438530,31159,31078,434,31512,237
2021-04-06,Sonoma,97,501317,29288,29386,294,29680,311
2021-04-06,Stanislaus,99,539301,53366,53304,5884,59188,686
2021-04-06,Sutter,101,95872,9178,9179,86,9265,106
2021-04-06,Tehama,103,63373,4821,4798,554,5352,52
2021-04-06,Trinity,105,12862,359,321,54,375,3
2021-04-06,Tulare,107,460477,48775,48372,9142,57514,819
2021-04-06,Tuolumne,109,53932,3987,3981,35,4016,57
2021-04-06,Ventura,111,848112,79768,79556,3013,82569,983
2021-04-06,Yolo,113,214977,13451,13443,262,13705,198
2021-04-06,Yuba,115,75493,5758,5733,117,5850,43
2021-04-05,Alameda,1,1643700,84381,84007,1909,85916,1219
2021-04-05,Alpine,3,1148,86,85,0,85,0
2021-04-05,Amador,5,37829,3607,3584,35,3619,45
2021-04-05,Butte,7,227075,11683,11384,1762,13146,193
2021-04-05,Calaveras,9,45235,2019,2019,12,2031,50
2021-04-05,Colusa,11,21464,1891,1894,283,2177,14
2021-04-05,Contra Costa,13,1133247,66261,65457,1202,66659,774
2021-04-05,Del Norte,15,27424,1209,1189,6,1195,6
2021-04-05,El Dorado,17,186661,9505,9463,673,10136,106
2021-04-05,Fresno,19,978130,99617,99755,8633,108388,1622
2021-04-05,Glenn,21,27897,2346,2335,551,2886,17
2021-04-05,Humboldt,23,135768,3489,3475,24,3499,35
2021-04-05,Imperial,25,180216,27733,27604,2743,30347,710
2021-04-05,Inyo,27,18085,1385,1377,2,1379,36
2021-04-05,Kern,29,883053,95132,94401,10797,105198,1249
2021-04-05,Kings,31,150075,22625,22580,1138,23718,239
2021-04-05,Lake,33,64148,3377,3359,9,3368,43
2021-04-05,Lassen,35,31185,5139,5138,108,5246,1
2021-04-05,Los Angeles,37,10098052,1187624,1183200,42677,1225877,23302
2021-04-05,Madera,39,155013,16159,16065,922,16987,230
2021-04-05,Marin,41,260295,13698,13666,225,13891,221
2021-04-05,Mariposa,43,17540,398,390,6,396,5
2021-04-05,Mendocino,45,87422,3763,3687,70,3757,45
2021-04-05,Merced,47,269075,30032,30068,959,31027,427
2021-04-05,Modoc,49,8938,359,346,120,466,3
2021-04-05,Mono,51,14174,1227,1246,13,1259,3
2021-04-05,Monterey,53,433212,42511,42396,1849,44245,341
2021-04-05,Napa,55,140530,9530,9492,33,9525,78
2021-04-05,Nevada,57,99092,4397,4346,187,4533,69
2021-04-05,Orange,59,3164182,251200,250177,11211,261388,4759
2021-04-05,Placer,61,380077,21786,21133,1356,22489,276
2021-04-05,Plumas,63,18699,672,666,11,677,4
2021-04-05,Riverside,65,2383286,287296,283549,14450,297999,4237
2021-04-05,Sacramento,67,1510023,99896,98908,1518,100426,1533
2021-04-05,San Benito,69,59416,5909,5904,108,6012,61
2021-04-05,San Bernardino,71,2135413,289162,286597,8851,295448,4425
2021-04-05,San Diego,73,3302833,272328,271655,0,271655,3583
2021-04-05,San Francisco,75,870044,35513,35538,1308,36846,488
2021-04-05,San Joaquin,77,732212,70123,69214,3432,72646,1268
2021-04-05,San Luis Obispo,79,281455,20502,20333,667,21000,252
2021-04-05,San Mateo,81,765935,41037,40609,441,41050,350
2021-04-05,Santa Barbara,83,443738,33617,33235,1214,34449,443
2021-04-05,Santa Clara,85,1922200,114587,115091,688,115779,1893
2021-04-05,Santa Cruz,87,273765,15830,15228,867,16095,201
2021-04-05,Shasta,89,179085,11403,11435,1428,12863,184
2021-04-05,Sierra,91,2930,53,50,14,64,0
2021-04-05,Siskiyou,93,43540,1561,1509,289,1798,7
2021-04-05,Solano,95,438530,31119,31026,432,31458,237
2021-04-05,Sonoma,97,501317,29257,29361,292,29653,311
2021-04-05,Stanislaus,99,539301,53286,53238,5881,59119,686
2021-04-05,Sutter,101,95872,9171,9169,86,9255,106
2021-04-05,Tehama,103,63373,4815,4794,554,5348,52
2021-04-05,Trinity,105,12862,358,321,54,375,3
2021-04-05,Tulare,107,460477,48763,48356,9135,57491,818
2021-04-05,Tuolumne,109,53932,3986,3980,35,4015,57
2021-04-05,Ventura,111,848112,79738,79549,3009,82558,983
2021-04-05,Yolo,113,214977,13437,13427,261,13688,198
2021-04-05,Yuba,115,75493,5753,5728,116,5844,43
2021-04-04,Alameda,1,1643700,84263,83951,1905,85856,1219
2021-04-04,Alpine,3,1148,86,85,0,85,0
2021-04-04,Amador,5,37829,3601,3582,35,3617,45
2021-04-04,Butte,7,227075,11668,11375,1761,13136,193
2021-04-04,Calaveras,9,45235,2015,2020,12,2032,50
2021-04-04,Colusa,11,21464,1890,1893,283,2176,14
2021-04-04,Contra Costa,13,1133247,66155,65408,1197,66605,774
2021-04-04,Del Norte,15,27424,1201,1186,6,1192,6
2021-04-04,El Dorado,17,186661,9486,9455,669,10124,106
2021-04-04,Fresno,19,978130,99543,99702,8620,108322,1622
2021-04-04,Glenn,21,27897,2343,2335,550,2885,17
2021-04-04,Humboldt,23,135768,3478,3472,24,3496,35
2021-04-04,Imperial,25,180216,27677,27588,2741,30329,710
2021-04-04,Inyo,27,18085,1381,1377,2,1379,36
2021-04-04,Kern,29,883053,95092,94388,10773,105161,1247
2021-04-04,Kings,31,150075,22623,22580,1137,23717,239
2021-04-04,Lake,33,64148,3371,3355,8,3363,43
2021-04-04,Lassen,35,31185,5138,5138,108,5246,1
2021-04-04,Los Angeles,37,10098052,1187083,1182872,42629,1225501,23301
2021-04-04,Madera,39,155013,16133,16052,918,16970,230
2021-04-04,Marin,41,260295,13685,13663,224,13887,221
2021-04-04,Mariposa,43,17540,398,390,6,396,5
2021-04-04,Mendocino,45,87422,3760,3684,70,3754,45
2021-04-04,Merced,47,269075,29989,30048,956,31004,427
2021-04-04,Modoc,49,8938,359,346,120,466,3
2021-04-04,Mono,51,14174,1226,1245,13,1258,3
2021-04-04,Monterey,53,433212,42494,42391,1848,44239,341
2021-04-04,Napa,55,140530,9518,9486,33,9519,78
2021-04-04,Nevada,57,99092,4385,4337,186,4523,69
2021-04-04,Orange,59,3164182,251064,250117,11196,261313,4759
2021-04-04,Placer,61,380077,21741,21104,1337,22441,276
2021-04-04,Plumas,63,18699,672,666,11,677,4
2021-04-04,Riverside,65,2383286,287171,283537,14446,297983,4237
2021-04-04,Sacramento,67,1510023,99696,98821,1510,100331,1531
2021-04-04,San Benito,69,59416,5899,5901,104,6005,61
2021-04-04,San Bernardino,71,2135413,289020,286561,8843,295404,4423
2021-04-04,San Diego,73,3302833,272017,271528,0,271528,3583
2021-04-04,San Francisco,75,870044,35459,35525,1305,36830,488
2021-04-04,San Joaquin,77,732212,70022,69147,3420,72567,1268
2021-04-04,San Luis Obispo,79,281455,20470,20328,659,20987,252
2021-04-04,San Mateo,81,765935,40995,40587,438,41025,350
2021-04-04,Santa Barbara,83,443738,33581,33213,1214,34427,443
2021-04-04,Santa Clara,85,1922200,114421,114976,681,115657,1893
2021-04-04,Santa Cruz,87,273765,15821,15219,867,16086,201
2021-04-04,Shasta,89,179085,11377,11433,1427,12860,184
2021-04-04,Sierra,91,2930,53,50,14,64,0
2021-04-04,Siskiyou,93,43540,1558,1509,285,1794,7
2021-04-04,Solano,95,438530,31072,31002,430,31432,237
2021-04-04,Sonoma,97,501317,29225,29340,290,29630,311
2021-04-04,Stanislaus,99,539301,53193,53181,5873,59054,686
2021-04-04,Sutter,101,95872,9164,9164,86,9250,106
2021-04-04,Tehama,103,63373,4804,4792,553,5345,52
2021-04-04,Trinity,105,12862,356,321,54,375,3
2021-04-04,Tulare,107,460477,48748,48343,9127,57470,818
2021-04-04,Tuolumne,109,53932,3978,3980,35,4015,57
2021-04-04,Ventura,111,848112,79695,79526,3008,82534,983
2021-04-04,Yolo,113,214977,13416,13425,260,13685,198
2021-04-04,Yuba,115,75493,5746,5722,116,5838,43
2021-04-03,Alameda,1,1643700,84195,83861,1903,85764,1218
2021-04-03,Alpine,3,1148,86,85,0,85,0
2021-04-03,Amador,5,37829,3598,3577,35,3612,45
2021-04-03,Butte,7,227075,11664,11359,1757,13116,193
2021-04-03,Calaveras,9,45235,2013,2019,12,2031,50
2021-04-03,Colusa,11,21464,1890,1891,283,2174,14
2021-04-03,Contra Costa,13,1133247,66083,65338,1197,66535,774
2021-04-03,Del Norte,15,27424,1196,1183,6,1189,6
2021-04-03,El Dorado,17,186661,9477,9448,668,10116,106
2021-04-03,Fresno,19,978130,99486,99602,8615,108217,1622
2021-04-03,Glenn,21,27897,2343,2334,549,2883,17
2021-04-03,Humboldt,23,135768,3476,3467,24,3491,35
2021-04-03,Imperial,25,180216,27662,27572,2737,30309,710
2021-04-03,Inyo,27,18085,1380,1376,2,1378,36
2021-04-03,Kern,29,883053,95069,94369,10755,105124,1243
2021-04-03,Kings,31,150075,22621,22580,1137,23717,239
2021-04-03,Lake,33,64148,3370,3350,8,3358,43
2021-04-03,Lassen,35,31185,5137,5136,108,5244,1
2021-04-03,Los Angeles,37,10098052,1186785,1182402,42610,1225012,23301
2021-04-03,Madera,39,155013,16124,16051,916,16967,230
2021-04-03,Marin,41,260295,13677,13658,223,13881,221
2021-04-03,Mariposa,43,17540,398,390,5,395,5
2021-04-03,Mendocino,45,87422,3759,3684,70,3754,45
2021-04-03,Merced,47,269075,29974,30031,956,30987,427
2021-04-03,Modoc,49,8938,359,346,120,466,3
2021-04-03,Mono,51,14174,1226,1245,13,1258,3
2021-04-03,Monterey,53,433212,42481,42376,1846,44222,341
2021-04-03,Napa,55,140530,9509,9473,33,9506,78
2021-04-03,Nevada,57,99092,4381,4323,186,4509,69
2021-04-03,Orange,59,3164182,250985,249982,11177,261159,4755
2021-04-03,Placer,61,380077,21710,21060,1333,22393,276
2021-04-03,Plumas,63,18699,672,666,11,677,4
2021-04-03,Riverside,65,2383286,287094,283423,14443,297866,4237
2021-04-03,Sacramento,67,1510023,99588,98660,1504,100164,1531
2021-04-03,San Benito,69,59416,5896,5893,103,5996,61
2021-04-03,San Bernardino,71,2135413,288955,286473,8837,295310,4422
2021-04-03,San Diego,73,3302833,271848,271335,0,271335,3571
2021-04-03,San Francisco,75,870044,35441,35488,1303,36791,489
2021-04-03,San Joaquin,77,732212,69981,69100,3404,72504,1268
2021-04-03,San Luis Obispo,79,281455,20451,20301,659,20960,252
2021-04-03,San Mateo,81,765935,40970,40560,438,40998,350
2021-04-03,Santa Barbara,83,443738,33555,33172,1213,34385,443
2021-04-03,Santa Clara,85,1922200,114313,114865,679,115544,1893
2021-04-03,Santa Cruz,87,273765,15814,15205,867,16072,201
2021-04-03,Shasta,89,179085,11369,11418,1427,12845,184
2021-04-03,Sierra,91,2930,53,50,14,64,0
2021-04-03,Siskiyou,93,43540,1557,1509,285,1794,7
2021-04-03,Solano,95,438530,31051,30970,427,31397,237
2021-04-03,Sonoma,97,501317,29209,29315,289,29604,311
2021-04-03,Stanislaus,99,539301,53158,53137,5867,59004,686
2021-04-03,Sutter,101,95872,9158,9158,86,9244,106
2021-04-03,Tehama,103,63373,4797,4788,553,5341,52
2021-04-03,Trinity,105,12862,356,321,54,375,3
2021-04-03,Tulare,107,460477,48738,48327,9123,57450,818
2021-04-03,Tuolumne,109,53932,3978,3980,35,4015,57
2021-04-03,Ventura,111,848112,79674,79489,3006,82495,983
2021-04-03,Yolo,113,214977,13410,13414,260,13674,198
2021-04-03,Yuba,115,75493,5740,5716,116,5832,43
2021-04-02,Alameda,1,1643700,84122,83776,1898,85674,1217
2021-04-02,Alpine,3,1148,86,85,0,85,0
2021-04-02,Amador,5,37829,3594,3573,34,3607,45
2021-04-02,Butte,7,227075,11655,11350,1757,13107,193
2021-04-02,Calaveras,9,45235,2013,2010,12,2022,50
2021-04-02,Colusa,11,21464,1890,1891,283,2174,14
2021-04-02,Contra Costa,13,1133247,66019,65299,1196,66495,774
2021-04-02,Del Norte,15,27424,1193,1174,6,1180,6
2021-04-02,El Dorado,17,186661,9464,9437,665,10102,106
2021-04-02,Fresno,19,978130,99432,99551,8604,108155,1620
2021-04-02,Glenn,21,27897,2343,2331,549,2880,17
2021-04-02,Humboldt,23,135768,3472,3465,24,3489,35
2021-04-02,Imperial,25,180216,27651,27553,2729,30282,710
2021-04-02,Inyo,27,18085,1380,1377,2,1379,36
2021-04-02,Kern,29,883053,95052,94348,10751,105099,1233
2021-04-02,Kings,31,150075,22621,22571,1134,23705,239
2021-04-02,Lake,33,64148,3368,3348,8,3356,43
2021-04-02,Lassen,35,31185,5137,5134,108,5242,1
2021-04-02,Los Angeles,37,10098052,1186476,1181682,42586,1224268,23264
2021-04-02,Madera,39,155013,16115,16036,915,16951,230
2021-04-02,Marin,41,260295,13669,13649,223,13872,221
2021-04-02,Mariposa,43,17540,396,390,5,395,5
2021-04-02,Mendocino,45,87422,3756,3682,70,3752,45
2021-04-02,Merced,47,269075,29950,29998,956,30954,426
2021-04-02,Modoc,49,8938,356,346,120,466,3
2021-04-02,Mono,51,14174,1226,1246,13,1259,3
2021-04-02,Monterey,53,433212,42471,42359,1843,44202,341
2021-04-02,Napa,55,140530,9494,9453,33,9486,78
2021-04-02,Nevada,57,99092,4377,4323,186,4509,69
2021-04-02,Orange,59,3164182,250889,249891,11163,261054,4748
2021-04-02,Placer,61,380077,21675,21035,1326,22361,275
2021-04-02,Plumas,63,18699,672,666,11,677,4
2021-04-02,Riverside,65,2383286,287010,283328,14435,297763,4213
2021-04-02,Sacramento,67,1510023,99481,98648,1497,100145,1527
2021-04-02,San Benito,69,59416,5894,5888,101,5989,61
2021-04-02,San Bernardino,71,2135413,288883,286308,8833,295141,4417
2021-04-02,San Diego,73,3302833,271661,271036,0,271036,3568
2021-04-02,San Francisco,75,870044,35407,35451,1300,36751,488
2021-04-02,San Joaquin,77,732212,69917,68996,3388,72384,1268
2021-04-02,San Luis Obispo,79,281455,20434,20271,658,20929,252
2021-04-02,San Mateo,81,765935,40928,40514,438,40952,350
2021-04-02,Santa Barbara,83,443738,33527,33145,1213,34358,443
2021-04-02,Santa Clara,85,1922200,114202,114777,677,115454,1882
2021-04-02,Santa Cruz,87,273765,15806,15216,867,16083,202
2021-04-02,Shasta,89,179085,11364,11377,1419,12796,181
2021-04-02,Sierra,91,2930,53,50,14,64,0
2021-04-02,Siskiyou,93,43540,1557,1508,284,1792,7
2021-04-02,Solano,95,438530,31023,30951,424,31375,237
2021-04-02,Sonoma,97,501317,29188,29288,288,29576,311
2021-04-02,Stanislaus,99,539301,53113,53073,5860,58933,687
2021-04-02,Sutter,101,95872,9150,9131,86,9217,106
2021-04-02,Tehama,103,63373,4790,4775,552,5327,52
2021-04-02,Trinity,105,12862,356,320,54,374,3
2021-04-02,Tulare,107,460477,48732,48306,9117,57423,818
2021-04-02,Tuolumne,109,53932,3975,3980,35,4015,57
2021-04-02,Ventura,111,848112,79646,79434,3004,82438,982
2021-04-02,Yolo,113,214977,13400,13381,260,13641,197
2021-04-02,Yuba,115,75493,5737,5709,116,5825,44
2021-04-01,Alameda,1,1643700,84040,83574,1894,85468,1216
2021-04-01,Alpine,3,1148,86,85,0,85,0
2021-04-01,Amador,5,37829,3590,3558,34,3592,45
2021-04-01,Butte,7,227075,11637,11328,1755,13083,193
2021-04-01,Calaveras,9,45235,2012,2006,12,2018,50
2021-04-01,Colusa,11,21464,1887,1890,283,2173,14
2021-04-01,Contra Costa,13,1133247,65959,65176,1194,66370,771
2021-04-01,Del Norte,15,27424,1188,1138,6,1144,6
2021-04-01,El Dorado,17,186661,9455,9393,661,10054,106
2021-04-01,Fresno,19,978130,99380,99317,8596,107913,1616
2021-04-01,Glenn,21,27897,2343,2322,548,2870,17
2021-04-01,Humboldt,23,135768,3468,3464,24,3488,35
2021-04-01,Imperial,25,180216,27621,27520,2723,30243,710
2021-04-01,Inyo,27,18085,1379,1374,2,1376,36
2021-04-01,Kern,29,883053,95021,94244,10737,104981,1233
2021-04-01,Kings,31,150075,22614,22560,1133,23693,239
2021-04-01,Lake,33,64148,3363,3337,8,3345,43
2021-04-01,Lassen,35,31185,5136,5132,108,5240,1
2021-04-01,Los Angeles,37,10098052,1185989,1181101,42559,1223660,23220
2021-04-01,Madera,39,155013,16099,16023,915,16938,230
2021-04-01,Marin,41,260295,13659,13635,223,13858,221
2021-04-01,Mariposa,43,17540,394,389,5,394,5
2021-04-01,Mendocino,45,87422,3756,3680,70,3750,45
2021-04-01,Merced,47,269075,29917,29820,956,30776,425
2021-04-01,Modoc,49,8938,355,346,120,466,3
2021-04-01,Mono,51,14174,1226,1245,13,1258,3
2021-04-01,Monterey,53,433212,42463,42324,1841,44165,339
2021-04-01,Napa,55,140530,9482,9410,33,9443,78
2021-04-01,Nevada,57,99092,4367,4288,185,4473,68
2021-04-01,Orange,59,3164182,250769,249617,11145,260762,4742
2021-04-01,Placer,61,380077,21639,20909,1313,22222,274
2021-04-01,Plumas,63,18699,672,664,11,675,4
2021-04-01,Riverside,65,2383286,286908,283128,14433,297561,4193
2021-04-01,Sacramento,67,1510023,99338,97952,1483,99435,1521
2021-04-01,San Benito,69,59416,5886,5878,100,5978,61
2021-04-01,San Bernardino,71,2135413,288766,286086,8825,294911,4404
2021-04-01,San Diego,73,3302833,271437,270540,0,270540,3555
2021-04-01,San Francisco,75,870044,35387,35386,1296,36682,488
2021-04-01,San Joaquin,77,732212,69834,68802,3380,72182,1262
2021-04-01,San Luis Obispo,79,281455,20406,20235,657,20892,252
2021-04-01,San Mateo,81,765935,40887,40454,438,40892,350
2021-04-01,Santa Barbara,83,443738,33482,33096,1208,34304,443
2021-04-01,Santa Clara,85,1922200,114089,114606,676,115282,1874
2021-04-01,Santa Cruz,87,273765,15791,15271,867,16138,202
2021-04-01,Shasta,89,179085,11349,11355,1413,12768,181
2021-04-01,Sierra,91,2930,53,50,14,64,0
2021-04-01,Siskiyou,93,43540,1555,1507,283,1790,7
2021-04-01,Solano,95,438530,30990,30850,421,31271,237
2021-04-01,Sonoma,97,501317,29156,29241,281,29522,311
2021-04-01,Stanislaus,99,539301,53050,52825,5854,58679,687
2021-04-01,Sutter,101,95872,9138,9105,86,9191,106
2021-04-01,Tehama,103,63373,4784,4764,549,5313,52
2021-04-01,Trinity,105,12862,356,319,54,373,3
2021-04-01,Tulare,107,460477,48709,48279,9107,57386,817
2021-04-01,Tuolumne,109,53932,3974,3978,35,4013,57
2021-04-01,Ventura,111,848112,79622,79369,3003,82372,977
2021-04-01,Yolo,113,214977,13387,13342,260,13602,197
2021-04-01,Yuba,115,75493,5732,5694,116,5810,44
2021-03-31,Alameda,1,1643700,83959,83475,1889,85364,1215
2021-03-31,Alpine,3,1148,86,85,0,85,0
2021-03-31,Amador,5,37829,3587,3556,34,3590,45
2021-03-31,Butte,7,227075,11627,11321,1752,13073,193
2021-03-31,Calaveras,9,45235,2008,2005,12,2017,50
2021-03-31,Colusa,11,21464,1887,1890,283,2173,14
2021-03-31,Contra Costa,13,1133247,65874,65109,1193,66302,769
2021-03-31,Del Norte,15,27424,1179,1129,6,1135,6
2021-03-31,El Dorado,17,186661,9438,9390,661,10051,106
2021-03-31,Fresno,19,978130,99290,99240,8580,107820,1616
2021-03-31,Glenn,21,27897,2338,2318,546,2864,17
2021-03-31,Humboldt,23,135768,3462,3460,24,3484,35
2021-03-31,Imperial,25,180216,27601,27506,2722,30228,710
2021-03-31,Inyo,27,18085,1376,1373,2,1375,35
2021-03-31,Kern,29,883053,94982,94205,10728,104933,1229
2021-03-31,Kings,31,150075,22611,22540,1133,23673,239
2021-03-31,Lake,33,64148,3359,3332,8,3340,43
2021-03-31,Lassen,35,31185,5132,5132,108,5240,1
2021-03-31,Los Angeles,37,10098052,1185530,1180538,42517,1223055,23171
2021-03-31,Madera,39,155013,16085,16015,913,16928,229
2021-03-31,Marin,41,260295,13649,13624,223,13847,221
2021-03-31,Mariposa,43,17540,394,389,5,394,5
2021-03-31,Mendocino,45,87422,3750,3675,70,3745,45
2021-03-31,Merced,47,269075,29888,29780,956,30736,423
2021-03-31,Modoc,49,8938,355,346,120,466,3
2021-03-31,Mono,51,14174,1226,1245,13,1258,3
2021-03-31,Monterey,53,433212,42446,42309,1839,44148,338
2021-03-31,Napa,55,140530,9464,9401,33,9434,78
2021-03-31,Nevada,57,99092,4361,4283,185,4468,68
2021-03-31,Orange,59,3164182,250658,249518,11130,260648,4731
2021-03-31,Placer,61,380077,21589,20885,1305,22190,271
2021-03-31,Plumas,63,18699,671,663,11,674,4
2021-03-31,Riverside,65,2383286,286809,283006,14422,297428,4171
2021-03-31,Sacramento,67,1510023,99161,97760,1475,99235,1519
2021-03-31,San Benito,69,59416,5876,5875,100,5975,61
2021-03-31,San Bernardino,71,2135413,288670,285916,8822,294738,4356
2021-03-31,San Diego,73,3302833,271206,270288,0,270288,3555
2021-03-31,San Francisco,75,870044,35343,35347,1294,36641,474
2021-03-31,San Joaquin,77,732212,69746,68685,3363,72048,1259
2021-03-31,San Luis Obispo,79,281455,20385,20215,656,20871,251
2021-03-31,San Mateo,81,765935,40857,40423,438,40861,350
2021-03-31,Santa Barbara,83,443738,33451,33052,1206,34258,443
2021-03-31,Santa Clara,85,1922200,113963,114499,676,115175,1874
2021-03-31,Santa Cruz,87,273765,15779,15295,866,16161,201
2021-03-31,Shasta,89,179085,11337,11327,1405,12732,179
2021-03-31,Sierra,91,2930,53,50,14,64,0
2021-03-31,Siskiyou,93,43540,1554,1505,283,1788,7
2021-03-31,Solano,95,438530,30944,30824,420,31244,235
2021-03-31,Sonoma,97,501317,29130,29216,281,29497,311
2021-03-31,Stanislaus,99,539301,52982,52782,5842,58624,687
2021-03-31,Sutter,101,95872,9127,9111,86,9197,106
2021-03-31,Tehama,103,63373,4779,4762,546,5308,52
2021-03-31,Trinity,105,12862,356,319,54,373,3
2021-03-31,Tulare,107,460477,48690,48261,9090,57351,816
2021-03-31,Tuolumne,109,53932,3974,3976,35,4011,57
2021-03-31,Ventura,111,848112,79590,79326,2999,82325,969
2021-03-31,Yolo,113,214977,13369,13359,259,13618,197
2021-03-31,Yuba,115,75493,5725,5686,116,5802,44
2021-03-30,Alameda,1,1643700,83859,83395,1886,85281,1211
2021-03-30,Alpine,3,1148,86,85,0,85,0
2021-03-30,Amador,5,37829,3584,3551,34,3585,45
2021-03-30,Butte,7,227075,11614,11296,1749,13045,193
2021-03-30,Calaveras,9,45235,2004,1997,12,2009,50
2021-03-30,Colusa,11,21464,1886,1890,282,2172,14
2021-03-30,Contra Costa,13,1133247,65786,65041,1191,66232,767
2021-03-30,Del Norte,15,27424,1171,1118,5,1123,6
2021-03-30,El Dorado,17,186661,9419,9381,658,10039,105
2021-03-30,Fresno,19,978130,99227,99156,8568,107724,1609
2021-03-30,Glenn,21,27897,2338,2310,544,2854,17
2021-03-30,Humboldt,23,135768,3459,3461,24,3485,35
2021-03-30,Imperial,25,180216,27572,27471,2720,30191,706
2021-03-30,Inyo,27,18085,1376,1374,2,1376,35
2021-03-30,Kern,29,883053,94942,94151,10719,104870,1221
2021-03-30,Kings,31,150075,22607,22530,1131,23661,238
2021-03-30,Lake,33,64148,3353,3330,8,3338,43
2021-03-30,Lassen,35,31185,5132,5132,108,5240,1
2021-03-30,Los Angeles,37,10098052,1185041,1180044,42493,1222537,23136
2021-03-30,Madera,39,155013,16075,16003,910,16913,229
2021-03-30,Marin,41,260295,13640,13611,215,13826,221
2021-03-30,Mariposa,43,17540,394,388,5,393,5
2021-03-30,Mendocino,45,87422,3748,3670,70,3740,45
2021-03-30,Merced,47,269075,29852,29731,956,30687,423
2021-03-30,Modoc,49,8938,354,346,120,466,3
2021-03-30,Mono,51,14174,1225,1245,13,1258,3
2021-03-30,Monterey,53,433212,42420,42308,1836,44144,338
2021-03-30,Napa,55,140530,9449,9391,33,9424,78
2021-03-30,Nevada,57,99092,4349,4266,184,4450,68
2021-03-30,Orange,59,3164182,250530,249412,11102,260514,4727
2021-03-30,Placer,61,380077,21549,20866,1298,22164,271
2021-03-30,Plumas,63,18699,671,661,11,672,4
2021-03-30,Riverside,65,2383286,286690,282930,14413,297343,4154
2021-03-30,Sacramento,67,1510023,99025,97718,1471,99189,1516
2021-03-30,San Benito,69,59416,5870,5870,100,5970,61
2021-03-30,San Bernardino,71,2135413,288560,285758,8813,294571,4343
2021-03-30,San Diego,73,3302833,270969,269998,0,269998,3555
2021-03-30,San Francisco,75,870044,35293,35325,1293,36618,474
2021-03-30,San Joaquin,77,732212,69659,68613,3352,71965,1232
2021-03-30,San Luis Obispo,79,281455,20365,20194,656,20850,251
2021-03-30,San Mateo,81,765935,40812,40377,438,40815,349
2021-03-30,Santa Barbara,83,443738,33426,33016,1206,34222,441
2021-03-30,Santa Clara,85,1922200,113840,114413,675,115088,1873
2021-03-30,Santa Cruz,87,273765,15773,15278,866,16144,201
2021-03-30,Shasta,89,179085,11329,11316,1404,12720,184
2021-03-30,Sierra,91,2930,53,50,14,64,0
2021-03-30,Siskiyou,93,43540,1553,1501,283,1784,7
2021-03-30,Solano,95,438530,30915,30802,419,31221,232
2021-03-30,Sonoma,97,501317,29098,29198,281,29479,311
2021-03-30,Stanislaus,99,539301,52904,52690,5834,58524,677
2021-03-30,Sutter,101,95872,9123,9107,85,9192,106
2021-03-30,Tehama,103,63373,4770,4748,545,5293,52
2021-03-30,Trinity,105,12862,356,316,54,370,3
2021-03-30,Tulare,107,460477,48677,48249,9080,57329,815
2021-03-30,Tuolumne,109,53932,3969,3972,35,4007,57
2021-03-30,Ventura,111,848112,79546,79282,2996,82278,958
2021-03-30,Yolo,113,214977,13356,13353,259,13612,195
2021-03-30,Yuba,115,75493,5714,5679,110,5789,42
2021-03-29,Alameda,1,1643700,83757,83338,1885,85223,1211
2021-03-29,Alpine,3,1148,86,85,0,85,0
2021-03-29,Amador,5,37829,3578,3549,34,3583,45
2021-03-29,Butte,7,227075,11605,11291,1746,13037,191
2021-03-29,Calaveras,9,45235,2000,1998,12,2010,50
2021-03-29,Colusa,11,21464,1886,1889,281,2170,14
2021-03-29,Contra Costa,13,1133247,65718,64971,1190,66161,767
2021-03-29,Del Norte,15,27424,1166,1116,4,1120,6
2021-03-29,El Dorado,17,186661,9399,9374,652,10026,105
2021-03-29,Fresno,19,978130,99144,99085,8556,107641,1606
2021-03-29,Glenn,21,27897,2332,2310,544,2854,17
2021-03-29,Humboldt,23,135768,3454,3459,24,3483,34
2021-03-29,Imperial,25,180216,27552,27442,2716,30158,704
2021-03-29,Inyo,27,18085,1376,1372,2,1374,35
2021-03-29,Kern,29,883053,94897,94098,10698,104796,1220
2021-03-29,Kings,31,150075,22595,22522,1130,23652,238
2021-03-29,Lake,33,64148,3350,3325,8,3333,43
2021-03-29,Lassen,35,31185,5132,5131,108,5239,1
2021-03-29,Los Angeles,37,10098052,1184551,1179736,42451,1222187,23108
2021-03-29,Madera,39,155013,16055,15987,908,16895,210
2021-03-29,Marin,41,260295,13628,13600,211,13811,220
2021-03-29,Mariposa,43,17540,393,388,5,393,5
2021-03-29,Mendocino,45,87422,3745,3667,70,3737,45
2021-03-29,Merced,47,269075,29828,29699,956,30655,422
2021-03-29,Modoc,49,8938,353,344,120,464,3
2021-03-29,Mono,51,14174,1224,1243,13,1256,3
2021-03-29,Monterey,53,433212,42404,42305,1831,44136,337
2021-03-29,Napa,55,140530,9433,9379,33,9412,78
2021-03-29,Nevada,57,99092,4342,4258,184,4442,68
2021-03-29,Orange,59,3164182,250417,249295,11090,260385,4713
2021-03-29,Placer,61,380077,21514,20827,1291,22118,267
2021-03-29,Plumas,63,18699,670,660,11,671,4
2021-03-29,Riverside,65,2383286,286601,282867,14411,297278,4133
2021-03-29,Sacramento,67,1510023,98832,97577,1463,99040,1514
2021-03-29,San Benito,69,59416,5863,5865,100,5965,61
2021-03-29,San Bernardino,71,2135413,288459,285615,8809,294424,4335
2021-03-29,San Diego,73,3302833,270703,269771,0,269771,3547
2021-03-29,San Francisco,75,870044,35260,35291,1289,36580,474
2021-03-29,San Joaquin,77,732212,69573,68537,3338,71875,1211
2021-03-29,San Luis Obispo,79,281455,20330,20176,654,20830,250
2021-03-29,San Mateo,81,765935,40770,40357,437,40794,348
2021-03-29,Santa Barbara,83,443738,33392,32983,1205,34188,439
2021-03-29,Santa Clara,85,1922200,113734,114335,670,115005,1871
2021-03-29,Santa Cruz,87,273765,15762,15249,865,16114,201
2021-03-29,Shasta,89,179085,11311,11313,1402,12715,183
2021-03-29,Sierra,91,2930,53,50,14,64,0
2021-03-29,Siskiyou,93,43540,1552,1497,282,1779,6
2021-03-29,Solano,95,438530,30876,30762,417,31179,232
2021-03-29,Sonoma,97,501317,29074,29184,277,29461,310
2021-03-29,Stanislaus,99,539301,52820,52614,5826,58440,677
2021-03-29,Sutter,101,95872,9116,9105,85,9190,106
2021-03-29,Tehama,103,63373,4762,4742,544,5286,52
2021-03-29,Trinity,105,12862,356,314,54,368,3
2021-03-29,Tulare,107,460477,48650,48226,9069,57295,815
2021-03-29,Tuolumne,109,53932,3967,3969,35,4004,57
2021-03-29,Ventura,111,848112,79505,79252,2995,82247,956
2021-03-29,Yolo,113,214977,13338,13346,259,13605,195
2021-03-29,Yuba,115,75493,5707,5671,109,5780,42
2021-03-28,Alameda,1,1643700,83635,83239,1883,85122,1212
2021-03-28,Alpine,3,1148,86,85,0,85,0
2021-03-28,Amador,5,37829,3574,3541,34,3575,45
2021-03-28,Butte,7,227075,11592,11285,1744,13029,191
2021-03-28,Calaveras,9,45235,1997,1995,12,2007,50
2021-03-28,Colusa,11,21464,1885,1889,281,2170,14
2021-03-28,Contra Costa,13,1133247,65644,64878,1186,66064,767
2021-03-28,Del Norte,15,27424,1159,1107,2,1109,6
2021-03-28,El Dorado,17,186661,9384,9371,650,10021,105
2021-03-28,Fresno,19,978130,99062,99004,8544,107548,1606
2021-03-28,Glenn,21,27897,2329,2309,542,2851,17
2021-03-28,Humboldt,23,135768,3451,3452,23,3475,34
2021-03-28,Imperial,25,180216,27524,27426,2713,30139,704
2021-03-28,Inyo,27,18085,1375,1372,2,1374,35
2021-03-28,Kern,29,883053,94855,94084,10686,104770,1219
2021-03-28,Kings,31,150075,22591,22514,1126,23640,238
2021-03-28,Lake,33,64148,3345,3320,8,3328,43
2021-03-28,Lassen,35,31185,5132,5131,107,5238,1
2021-03-28,Los Angeles,37,10098052,1184001,1179316,42389,1221705,23101
2021-03-28,Madera,39,155013,16040,15973,907,16880,210
2021-03-28,Marin,41,260295,13615,13594,209,13803,221
2021-03-28,Mariposa,43,17540,393,388,5,393,5
2021-03-28,Mendocino,45,87422,3743,3666,70,3736,45
2021-03-28,Merced,47,269075,29771,29679,956,30635,422
2021-03-28,Modoc,49,8938,353,344,120,464,3
2021-03-28,Mono,51,14174,1223,1242,13,1255,3
2021-03-28,Monterey,53,433212,42381,42294,1827,44121,337
2021-03-28,Napa,55,140530,9419,9368,33,9401,78
2021-03-28,Nevada,57,99092,4328,4239,184,4423,68
2021-03-28,Orange,59,3164182,250264,249238,11079,260317,4713
2021-03-28,Placer,61,380077,21471,20796,1284,22080,267
2021-03-28,Plumas,63,18699,668,657,11,668,4
2021-03-28,Riverside,65,2383286,286498,282811,14403,297214,4132
2021-03-28,Sacramento,67,1510023,98658,97425,1457,98882,1514
2021-03-28,San Benito,69,59416,5858,5862,100,5962,61
2021-03-28,San Bernardino,71,2135413,288341,285570,8798,294368,4332
2021-03-28,San Diego,73,3302833,270430,269476,0,269476,3547
2021-03-28,San Francisco,75,870044,35213,35286,1285,36571,474
2021-03-28,San Joaquin,77,732212,69448,68459,3318,71777,1211
2021-03-28,San Luis Obispo,79,281455,20295,20172,651,20823,250
2021-03-28,San Mateo,81,765935,40725,40305,436,40741,348
2021-03-28,Santa Barbara,83,443738,33353,32953,1204,34157,439
2021-03-28,Santa Clara,85,1922200,113635,114232,666,114898,1871
2021-03-28,Santa Cruz,87,273765,15748,15238,864,16102,201
2021-03-28,Shasta,89,179085,11285,11308,1391,12699,183
2021-03-28,Sierra,91,2930,53,50,14,64,0
2021-03-28,Siskiyou,93,43540,1552,1497,281,1778,6
2021-03-28,Solano,95,438530,30839,30719,415,31134,232
2021-03-28,Sonoma,97,501317,29039,29161,274,29435,310
2021-03-28,Stanislaus,99,539301,52735,52567,5811,58378,678
2021-03-28,Sutter,101,95872,9107,9094,85,9179,106
2021-03-28,Tehama,103,63373,4753,4740,539,5279,52
2021-03-28,Trinity,105,12862,354,314,53,367,3
2021-03-28,Tulare,107,460477,48621,48218,9063,57281,815
2021-03-28,Tuolumne,109,53932,3965,3969,34,4003,57
2021-03-28,Ventura,111,848112,79453,79222,2990,82212,956
2021-03-28,Yolo,113,214977,13320,13325,258,13583,194
2021-03-28,Yuba,115,75493,5703,5662,109,5771,42
2021-03-27,Alameda,1,1643700,83563,83169,1879,85048,1211
2021-03-27,Alpine,3,1148,86,85,0,85,0
2021-03-27,Amador,5,37829,3569,3538,34,3572,45
2021-03-27,Butte,7,227075,11585,11278,1743,13021,191
2021-03-27,Calaveras,9,45235,1997,1992,12,2004,50
2021-03-27,Colusa,11,21464,1885,1889,281,2170,14
2021-03-27,Contra Costa,13,1133247,65575,64804,1183,65987,767
2021-03-27,Del Norte,15,27424,1149,1104,2,1106,6
2021-03-27,El Dorado,17,186661,9370,9367,650,10017,105
2021-03-27,Fresno,19,978130,99010,98901,8539,107440,1606
2021-03-27,Glenn,21,27897,2328,2308,542,2850,17
2021-03-27,Humboldt,23,135768,3446,3442,23,3465,34
2021-03-27,Imperial,25,180216,27512,27406,2710,30116,704
2021-03-27,Inyo,27,18085,1373,1372,2,1374,35
2021-03-27,Kern,29,883053,94837,94041,10672,104713,1217
2021-03-27,Kings,31,150075,22588,22502,1126,23628,238
2021-03-27,Lake,33,64148,3343,3317,8,3325,43
2021-03-27,Lassen,35,31185,5132,5129,107,5236,1
2021-03-27,Los Angeles,37,10098052,1183688,1178831,42360,1221191,23103
2021-03-27,Madera,39,155013,16033,15968,905,16873,210
2021-03-27,Marin,41,260295,13610,13579,209,13788,222
2021-03-27,Mariposa,43,17540,393,386,5,391,5
2021-03-27,Mendocino,45,87422,3742,3666,70,3736,45
2021-03-27,Merced,47,269075,29738,29647,954,30601,422
2021-03-27,Modoc,49,8938,353,344,120,464,3
2021-03-27,Mono,51,14174,1221,1241,13,1254,3
2021-03-27,Monterey,53,433212,42371,42271,1827,44098,337
2021-03-27,Napa,55,140530,9407,9360,33,9393,78
2021-03-27,Nevada,57,99092,4318,4231,184,4415,68
2021-03-27,Orange,59,3164182,250171,249160,11063,260223,4698
2021-03-27,Placer,61,380077,21451,20717,1277,21994,267
2021-03-27,Plumas,63,18699,667,655,11,666,4
2021-03-27,Riverside,65,2383286,286436,282707,14395,297102,4132
2021-03-27,Sacramento,67,1510023,98568,97247,1455,98702,1513
2021-03-27,San Benito,69,59416,5856,5862,98,5960,61
2021-03-27,San Bernardino,71,2135413,288279,285480,8796,294276,4325
2021-03-27,San Diego,73,3302833,270260,269271,0,269271,3540
2021-03-27,San Francisco,75,870044,35189,35244,1283,36527,474
2021-03-27,San Joaquin,77,732212,69388,68365,3309,71674,1211
2021-03-27,San Luis Obispo,79,281455,20284,20153,648,20801,250
2021-03-27,San Mateo,81,765935,40701,40264,436,40700,348
2021-03-27,Santa Barbara,83,443738,33330,32921,1204,34125,439
2021-03-27,Santa Clara,85,1922200,113538,114124,664,114788,1871
2021-03-27,Santa Cruz,87,273765,15742,15215,864,16079,201
2021-03-27,Shasta,89,179085,11274,11288,1389,12677,183
2021-03-27,Sierra,91,2930,53,50,14,64,0
2021-03-27,Siskiyou,93,43540,1552,1497,281,1778,6
2021-03-27,Solano,95,438530,30811,30669,414,31083,232
2021-03-27,Sonoma,97,501317,29024,29133,272,29405,310
2021-03-27,Stanislaus,99,539301,52672,52497,5802,58299,678
2021-03-27,Sutter,101,95872,9099,9093,85,9178,106
2021-03-27,Tehama,103,63373,4747,4738,537,5275,52
2021-03-27,Trinity,105,12862,354,313,53,366,3
2021-03-27,Tulare,107,460477,48605,48203,9055,57258,813
2021-03-27,Tuolumne,109,53932,3962,3968,34,4002,57
2021-03-27,Ventura,111,848112,79426,79184,2988,82172,956
2021-03-27,Yolo,113,214977,13315,13317,257,13574,194
2021-03-27,Yuba,115,75493,5701,5657,109,5766,42
2021-03-26,Alameda,1,1643700,83501,83043,1877,84920,1208
2021-03-26,Alpine,3,1148,86,85,0,85,0
2021-03-26,Amador,5,37829,3564,3532,34,3566,45
2021-03-26,Butte,7,227075,11575,11278,1743,13021,191
2021-03-26,Calaveras,9,45235,1996,1989,12,2001,50
2021-03-26,Colusa,11,21464,1885,1889,281,2170,14
2021-03-26,Contra Costa,13,1133247,65515,64699,1181,65880,761
2021-03-26,Del Norte,15,27424,1146,1101,2,1103,6
2021-03-26,El Dorado,17,186661,9365,9353,650,10003,105
2021-03-26,Fresno,19,978130,98949,98731,8527,107258,1601
2021-03-26,Glenn,21,27897,2328,2307,541,2848,17
2021-03-26,Humboldt,23,135768,3444,3431,23,3454,34
2021-03-26,Imperial,25,180216,27488,27374,2710,30084,701
2021-03-26,Inyo,27,18085,1372,1369,2,1371,35
2021-03-26,Kern,29,883053,94811,93949,10666,104615,1211
2021-03-26,Kings,31,150075,22580,22493,1124,23617,239
2021-03-26,Lake,33,64148,3342,3314,8,3322,43
2021-03-26,Lassen,35,31185,5131,5131,107,5238,1
2021-03-26,Los Angeles,37,10098052,1183353,1178213,42345,1220558,23080
2021-03-26,Madera,39,155013,16023,15952,905,16857,210
2021-03-26,Marin,41,260295,13604,13553,204,13757,221
2021-03-26,Mariposa,43,17540,393,386,5,391,5
2021-03-26,Mendocino,45,87422,3741,3664,70,3734,45
2021-03-26,Merced,47,269075,29715,29613,952,30565,419
2021-03-26,Modoc,49,8938,353,344,120,464,3
2021-03-26,Mono,51,14174,1220,1236,13,1249,3
2021-03-26,Monterey,53,433212,42358,42241,1823,44064,338
2021-03-26,Napa,55,140530,9397,9349,33,9382,78
2021-03-26,Nevada,57,99092,4298,4222,184,4406,83
2021-03-26,Orange,59,3164182,250108,248995,11049,260044,4671
2021-03-26,Placer,61,380077,21425,20679,1275,21954,259
2021-03-26,Plumas,63,18699,666,654,11,665,4
2021-03-26,Riverside,65,2383286,286358,282602,14389,296991,4109
2021-03-26,Sacramento,67,1510023,98468,97040,1450,98490,1509
2021-03-26,San Benito,69,59416,5853,5855,98,5953,61
2021-03-26,San Bernardino,71,2135413,288220,285313,8793,294106,4288
2021-03-26,San Diego,73,3302833,270082,269045,0,269045,3525
2021-03-26,San Francisco,75,870044,35164,35186,1283,36469,472
2021-03-26,San Joaquin,77,732212,69326,68249,3304,71553,1202
2021-03-26,San Luis Obispo,79,281455,20271,20118,648,20766,250
2021-03-26,San Mateo,81,765935,40666,40199,436,40635,348
2021-03-26,Santa Barbara,83,443738,33300,32895,1204,34099,439
2021-03-26,Santa Clara,85,1922200,113440,113959,663,114622,1868
2021-03-26,Santa Cruz,87,273765,15728,15199,863,16062,201
2021-03-26,Shasta,89,179085,11265,11276,1383,12659,182
2021-03-26,Sierra,91,2930,53,50,14,64,0
2021-03-26,Siskiyou,93,43540,1552,1493,280,1773,6
2021-03-26,Solano,95,438530,30786,30640,414,31054,205
2021-03-26,Sonoma,97,501317,29008,29101,269,29370,310
2021-03-26,Stanislaus,99,539301,52604,52420,5798,58218,678
2021-03-26,Sutter,101,95872,9097,9082,85,9167,104
2021-03-26,Tehama,103,63373,4746,4722,536,5258,51
2021-03-26,Trinity,105,12862,354,311,53,364,3
2021-03-26,Tulare,107,460477,48591,48179,9046,57225,813
2021-03-26,Tuolumne,109,53932,3961,3965,34,3999,57
2021-03-26,Ventura,111,848112,79393,79122,2986,82108,953
2021-03-26,Yolo,113,214977,13307,13299,255,13554,194
2021-03-26,Yuba,115,75493,5691,5653,109,5762,42
2021-03-25,Alameda,1,1643700,83401,82945,1875,84820,1206
2021-03-25,Alpine,3,1148,86,84,0,84,0
2021-03-25,Amador,5,37829,3562,3530,34,3564,45
2021-03-25,Butte,7,227075,11565,11270,1743,13013,188
2021-03-25,Calaveras,9,45235,1991,1982,12,1994,50
2021-03-25,Colusa,11,21464,1885,1888,281,2169,14
2021-03-25,Contra Costa,13,1133247,65448,64606,1177,65783,757
2021-03-25,Del Norte,15,27424,1140,1095,2,1097,6
2021-03-25,El Dorado,17,186661,9355,9331,650,9981,105
2021-03-25,Fresno,19,978130,98833,98602,8512,107114,1593
2021-03-25,Glenn,21,27897,2327,2302,540,2842,17
2021-03-25,Humboldt,23,135768,3439,3423,23,3446,34
2021-03-25,Imperial,25,180216,27472,27352,2709,30061,699
2021-03-25,Inyo,27,18085,1372,1369,2,1371,35
2021-03-25,Kern,29,883053,94779,93857,10661,104518,1206
2021-03-25,Kings,31,150075,22570,22472,1124,23596,237
2021-03-25,Lake,33,64148,3337,3312,8,3320,43
2021-03-25,Lassen,35,31185,5131,5129,107,5236,1
2021-03-25,Los Angeles,37,10098052,1182926,1177490,42307,1219797,23051
2021-03-25,Madera,39,155013,16004,15937,902,16839,210
2021-03-25,Marin,41,260295,13595,13538,201,13739,219
2021-03-25,Mariposa,43,17540,393,386,5,391,5
2021-03-25,Mendocino,45,87422,3740,3664,70,3734,45
2021-03-25,Merced,47,269075,29681,29576,943,30519,416
2021-03-25,Modoc,49,8938,353,343,120,463,3
2021-03-25,Mono,51,14174,1220,1235,13,1248,3
2021-03-25,Monterey,53,433212,42337,42220,1818,44038,336
2021-03-25,Napa,55,140530,9378,9321,33,9354,78
2021-03-25,Nevada,57,99092,4280,4202,182,4384,84
2021-03-25,Orange,59,3164182,249997,248871,11027,259898,4655
2021-03-25,Placer,61,380077,21386,20639,1268,21907,252
2021-03-25,Plumas,63,18699,666,654,11,665,4
2021-03-25,Riverside,65,2383286,286262,282492,14378,296870,4078
2021-03-25,Sacramento,67,1510023,98324,96823,1447,98270,1505
2021-03-25,San Benito,69,59416,5850,5850,98,5948,61
2021-03-25,San Bernardino,71,2135413,288137,285134,8788,293922,4222
2021-03-25,San Diego,73,3302833,269855,268623,0,268623,3520
2021-03-25,San Francisco,75,870044,35125,35154,1281,36435,468
2021-03-25,San Joaquin,77,732212,69230,68089,3255,71344,1196
2021-03-25,San Luis Obispo,79,281455,20254,20076,647,20723,250
2021-03-25,San Mateo,81,765935,40626,40147,436,40583,348
2021-03-25,Santa Barbara,83,443738,33273,32857,1203,34060,439
2021-03-25,Santa Clara,85,1922200,113338,113877,661,114538,1868
2021-03-25,Santa Cruz,87,273765,15707,15170,863,16033,201
2021-03-25,Shasta,89,179085,11248,11262,1381,12643,181
2021-03-25,Sierra,91,2930,53,50,14,64,0
2021-03-25,Siskiyou,93,43540,1550,1491,279,1770,6
2021-03-25,Solano,95,438530,30726,30583,412,30995,193
2021-03-25,Sonoma,97,501317,28974,29060,265,29325,310
2021-03-25,Stanislaus,99,539301,52538,52321,5791,58112,678
2021-03-25,Sutter,101,95872,9088,9069,85,9154,104
2021-03-25,Tehama,103,63373,4744,4719,535,5254,52
2021-03-25,Trinity,105,12862,354,310,53,363,3
2021-03-25,Tulare,107,460477,48566,48148,9033,57181,811
2021-03-25,Tuolumne,109,53932,3960,3962,34,3996,57
2021-03-25,Ventura,111,848112,79353,79045,2982,82027,952
2021-03-25,Yolo,113,214977,13300,13287,255,13542,194
2021-03-25,Yuba,115,75493,5685,5647,102,5749,42
2021-03-24,Alameda,1,1643700,83307,82871,1872,84743,1199
2021-03-24,Alpine,3,1148,86,84,0,84,0
2021-03-24,Amador,5,37829,3556,3529,34,3563,45
2021-03-24,Butte,7,227075,11555,11252,1739,12991,187
2021-03-24,Calaveras,9,45235,1987,1975,12,1987,50
2021-03-24,Colusa,11,21464,1885,1886,280,2166,14
2021-03-24,Contra Costa,13,1133247,65368,64539,1176,65715,755
2021-03-24,Del Norte,15,27424,1135,1087,2,1089,6
2021-03-24,El Dorado,17,186661,9349,9319,649,9968,105
2021-03-24,Fresno,19,978130,98744,98437,8497,106934,1585
2021-03-24,Glenn,21,27897,2326,2297,539,2836,17
2021-03-24,Humboldt,23,135768,3436,3414,23,3437,34
2021-03-24,Imperial,25,180216,27463,27325,2709,30034,699
2021-03-24,Inyo,27,18085,1372,1368,2,1370,35
2021-03-24,Kern,29,883053,94733,93800,10652,104452,1198
2021-03-24,Kings,31,150075,22556,22456,1122,23578,237
2021-03-24,Lake,33,64148,3333,3307,8,3315,43
2021-03-24,Lassen,35,31185,5129,5130,106,5236,1
2021-03-24,Los Angeles,37,10098052,1182455,1177015,42270,1219285,22993
2021-03-24,Madera,39,155013,15995,15918,901,16819,210
2021-03-24,Marin,41,260295,13582,13526,199,13725,219
2021-03-24,Mariposa,43,17540,393,384,5,389,5
2021-03-24,Mendocino,45,87422,3737,3660,70,3730,45
2021-03-24,Merced,47,269075,29640,29525,943,30468,415
2021-03-24,Modoc,49,8938,352,341,120,461,3
2021-03-24,Mono,51,14174,1219,1243,13,1256,3
2021-03-24,Monterey,53,433212,42315,42201,1815,44016,335
2021-03-24,Napa,55,140530,9358,9310,33,9343,78
2021-03-24,Nevada,57,99092,4266,4191,181,4372,85
2021-03-24,Orange,59,3164182,249881,248775,11008,259783,4638
2021-03-24,Placer,61,380077,21356,20606,1260,21866,250
2021-03-24,Plumas,63,18699,664,652,11,663,4
2021-03-24,Riverside,65,2383286,286179,282410,14376,296786,4058
2021-03-24,Sacramento,67,1510023,98150,96628,1435,98063,1500
2021-03-24,San Benito,69,59416,5849,5847,98,5945,61
2021-03-24,San Bernardino,71,2135413,288045,284983,8787,293770,4170
2021-03-24,San Diego,73,3302833,269640,268413,0,268413,3509
2021-03-24,San Francisco,75,870044,35097,35103,1278,36381,462
2021-03-24,San Joaquin,77,732212,69159,67978,3243,71221,1196
2021-03-24,San Luis Obispo,79,281455,20224,20021,646,20667,250
2021-03-24,San Mateo,81,765935,40577,40083,436,40519,348
2021-03-24,Santa Barbara,83,443738,33246,32810,1203,34013,438
2021-03-24,Santa Clara,85,1922200,113225,113757,657,114414,1851
2021-03-24,Santa Cruz,87,273765,15694,15138,861,15999,202
2021-03-24,Shasta,89,179085,11229,11243,1379,12622,181
2021-03-24,Sierra,91,2930,53,50,14,64,0
2021-03-24,Siskiyou,93,43540,1548,1490,279,1769,6
2021-03-24,Solano,95,438530,30689,30552,411,30963,178
2021-03-24,Sonoma,97,501317,28955,29034,260,29294,310
2021-03-24,Stanislaus,99,539301,52462,52259,5783,58042,677
2021-03-24,Sutter,101,95872,9072,9049,85,9134,104
2021-03-24,Tehama,103,63373,4738,4719,534,5253,49
2021-03-24,Trinity,105,12862,353,310,53,363,3
2021-03-24,Tulare,107,460477,48556,48109,9020,57129,808
2021-03-24,Tuolumne,109,53932,3959,3961,34,3995,57
2021-03-24,Ventura,111,848112,79301,78993,2975,81968,944
2021-03-24,Yolo,113,214977,13289,13269,255,13524,194
2021-03-24,Yuba,115,75493,5679,5634,99,5733,42
2021-03-23,Alameda,1,1643700,83205,82799,1868,84667,1190
2021-03-23,Alpine,3,1148,86,84,0,84,0
2021-03-23,Amador,5,37829,3550,3524,34,3558,45
2021-03-23,Butte,7,227075,11544,11227,1738,12965,187
2021-03-23,Calaveras,9,45235,1987,1971,12,1983,50
2021-03-23,Colusa,11,21464,1883,1885,279,2164,14
2021-03-23,Contra Costa,13,1133247,65269,64491,1175,65666,750
2021-03-23,Del Norte,15,27424,1130,1082,2,1084,6
2021-03-23,El Dorado,17,186661,9339,9318,647,9965,105
2021-03-23,Fresno,19,978130,98633,98362,8472,106834,1575
2021-03-23,Glenn,21,27897,2321,2293,537,2830,17
2021-03-23,Humboldt,23,135768,3427,3405,23,3428,34
2021-03-23,Imperial,25,180216,27455,27320,2709,30029,699
2021-03-23,Inyo,27,18085,1370,1364,2,1366,35
2021-03-23,Kern,29,883053,94627,93728,10645,104373,1191
2021-03-23,Kings,31,150075,22545,22439,1120,23559,237
2021-03-23,Lake,33,64148,3331,3294,8,3302,43
2021-03-23,Lassen,35,31185,5129,5130,106,5236,1
2021-03-23,Los Angeles,37,10098052,1181943,1176572,42230,1218802,22904
2021-03-23,Madera,39,155013,15979,15908,900,16808,210
2021-03-23,Marin,41,260295,13559,13514,197,13711,221
2021-03-23,Mariposa,43,17540,392,384,5,389,5
2021-03-23,Mendocino,45,87422,3735,3652,70,3722,45
2021-03-23,Merced,47,269075,29608,29485,943,30428,415
2021-03-23,Modoc,49,8938,351,342,120,462,3
2021-03-23,Mono,51,14174,1218,1263,13,1276,3
2021-03-23,Monterey,53,433212,42304,42180,1813,43993,335
2021-03-23,Napa,55,140530,9333,9299,33,9332,78
2021-03-23,Nevada,57,99092,4247,4179,180,4359,89
2021-03-23,Orange,59,3164182,249755,248661,10989,259650,4626
2021-03-23,Placer,61,380077,21321,20567,1256,21823,248
2021-03-23,Plumas,63,18699,664,652,11,663,4
2021-03-23,Riverside,65,2383286,286085,282317,14368,296685,4035
2021-03-23,Sacramento,67,1510023,97958,96521,1430,97951,1496
2021-03-23,San Benito,69,59416,5844,5845,97,5942,61
2021-03-23,San Bernardino,71,2135413,287962,284875,8779,293654,4134
2021-03-23,San Diego,73,3302833,269395,268156,0,268156,3498
2021-03-23,San Francisco,75,870044,35040,35071,1271,36342,462
2021-03-23,San Joaquin,77,732212,69063,67903,3225,71128,1182
2021-03-23,San Luis Obispo,79,281455,20184,20009,645,20654,250
2021-03-23,San Mateo,81,765935,40519,40032,435,40467,348
2021-03-23,Santa Barbara,83,443738,33208,32771,1202,33973,438
2021-03-23,Santa Clara,85,1922200,113108,113645,654,114299,1848
2021-03-23,Santa Cruz,87,273765,15679,15106,861,15967,201
2021-03-23,Shasta,89,179085,11216,11234,1378,12612,175
2021-03-23,Sierra,91,2930,53,50,14,64,0
2021-03-23,Siskiyou,93,43540,1543,1485,277,1762,6
2021-03-23,Solano,95,438530,30648,30524,410,30934,178
2021-03-23,Sonoma,97,501317,28920,29020,258,29278,310
2021-03-23,Stanislaus,99,539301,52362,52148,5775,57923,677
2021-03-23,Sutter,101,95872,9064,9039,85,9124,104
2021-03-23,Tehama,103,63373,4727,4707,533,5240,46
2021-03-23,Trinity,105,12862,353,310,53,363,3
2021-03-23,Tulare,107,460477,48529,48095,9004,57099,808
2021-03-23,Tuolumne,109,53932,3956,3957,34,3991,57
2021-03-23,Ventura,111,848112,79240,78930,2972,81902,932
2021-03-23,Yolo,113,214977,13278,13255,255,13510,194
2021-03-23,Yuba,115,75493,5674,5628,99,5727,42
2021-03-22,Alameda,1,1643700,83113,82748,1863,84611,1189
2021-03-22,Alpine,3,1148,85,83,0,83,0
2021-03-22,Amador,5,37829,3542,3522,34,3556,44
2021-03-22,Butte,7,227075,11535,11211,1736,12947,185
2021-03-22,Calaveras,9,45235,1985,1963,12,1975,49
2021-03-22,Colusa,11,21464,1882,1885,278,2163,13
2021-03-22,Contra Costa,13,1133247,65174,64432,1173,65605,740
2021-03-22,Del Norte,15,27424,1124,1082,2,1084,6
2021-03-22,El Dorado,17,186661,9323,9310,644,9954,105
2021-03-22,Fresno,19,978130,98537,98276,8458,106734,1556
2021-03-22,Glenn,21,27897,2313,2291,537,2828,17
2021-03-22,Humboldt,23,135768,3422,3403,23,3426,34
2021-03-22,Imperial,25,180216,27440,27302,2705,30007,699
2021-03-22,Inyo,27,18085,1367,1363,2,1365,35
2021-03-22,Kern,29,883053,94558,93675,10628,104303,1178
2021-03-22,Kings,31,150075,22532,22433,1115,23548,236
2021-03-22,Lake,33,64148,3330,3290,8,3298,43
2021-03-22,Lassen,35,31185,5127,5129,106,5235,1
2021-03-22,Los Angeles,37,10098052,1181440,1176205,42195,1218400,22843
2021-03-22,Madera,39,155013,15964,15904,900,16804,210
2021-03-22,Marin,41,260295,13550,13501,196,13697,221
2021-03-22,Mariposa,43,17540,391,381,5,386,5
2021-03-22,Mendocino,45,87422,3733,3653,70,3723,45
2021-03-22,Merced,47,269075,29565,29468,940,30408,413
2021-03-22,Modoc,49,8938,349,342,120,462,3
2021-03-22,Mono,51,14174,1213,1263,13,1276,3
2021-03-22,Monterey,53,433212,42287,42161,1811,43972,335
2021-03-22,Napa,55,140530,9322,9288,33,9321,77
2021-03-22,Nevada,57,99092,4237,4174,175,4349,89
2021-03-22,Orange,59,3164182,249605,248517,10954,259471,4599
2021-03-22,Placer,61,380077,21285,20543,1251,21794,242
2021-03-22,Plumas,63,18699,664,652,11,663,4
2021-03-22,Riverside,65,2383286,285993,282242,14356,296598,4009
2021-03-22,Sacramento,67,1510023,97781,96385,1420,97805,1493
2021-03-22,San Benito,69,59416,5841,5844,96,5940,61
2021-03-22,San Bernardino,71,2135413,287874,284771,8766,293537,4107
2021-03-22,San Diego,73,3302833,269184,267913,0,267913,3494
2021-03-22,San Francisco,75,870044,34998,35040,1267,36307,462
2021-03-22,San Joaquin,77,732212,68972,67815,3206,71021,1182
2021-03-22,San Luis Obispo,79,281455,20160,20000,644,20644,250
2021-03-22,San Mateo,81,765935,40469,40024,433,40457,348
2021-03-22,Santa Barbara,83,443738,33163,32756,1199,33955,437
2021-03-22,Santa Clara,85,1922200,112989,113575,654,114229,1845
2021-03-22,Santa Cruz,87,273765,15667,15077,860,15937,201
2021-03-22,Shasta,89,179085,11202,11218,1377,12595,150
2021-03-22,Sierra,91,2930,53,50,14,64,0
2021-03-22,Siskiyou,93,43540,1542,1487,276,1763,5
2021-03-22,Solano,95,438530,30609,30490,406,30896,171
2021-03-22,Sonoma,97,501317,28891,29010,254,29264,310
2021-03-22,Stanislaus,99,539301,52278,52083,5770,57853,677
2021-03-22,Sutter,101,95872,9051,9024,85,9109,104
2021-03-22,Tehama,103,63373,4719,4704,533,5237,45
2021-03-22,Trinity,105,12862,353,310,53,363,3
2021-03-22,Tulare,107,460477,48514,48074,8983,57057,807
2021-03-22,Tuolumne,109,53932,3953,3954,34,3988,57
2021-03-22,Ventura,111,848112,79192,78890,2969,81859,927
2021-03-22,Yolo,113,214977,13266,13243,254,13497,190
2021-03-22,Yuba,115,75493,5663,5627,97,5724,42
2021-03-21,Alameda,1,1643700,83024,82684,1860,84544,1187
2021-03-21,Alpine,3,1148,85,83,0,83,0
2021-03-21,Amador,5,37829,3538,3519,34,3553,44
2021-03-21,Butte,7,227075,11519,11208,1730,12938,185
2021-03-21,Calaveras,9,45235,1982,1962,12,1974,49
2021-03-21,Colusa,11,21464,1882,1885,278,2163,13
2021-03-21,Contra Costa,13,1133247,65092,64382,1169,65551,740
2021-03-21,Del Norte,15,27424,1109,1076,2,1078,6
2021-03-21,El Dorado,17,186661,9313,9302,639,9941,105
2021-03-21,Fresno,19,978130,98425,98211,8434,106645,1556
2021-03-21,Glenn,21,27897,2310,2288,536,2824,17
2021-03-21,Humboldt,23,135768,3417,3402,23,3425,34
2021-03-21,Imperial,25,180216,27423,27267,2696,29963,699
2021-03-21,Inyo,27,18085,1367,1363,2,1365,35
2021-03-21,Kern,29,883053,94494,93649,10617,104266,1170
2021-03-21,Kings,31,150075,22515,22422,1114,23536,236
2021-03-21,Lake,33,64148,3326,3286,8,3294,43
2021-03-21,Lassen,35,31185,5127,5129,106,5235,1
2021-03-21,Los Angeles,37,10098052,1180918,1175684,42143,1217827,22834
2021-03-21,Madera,39,155013,15945,15895,898,16793,210
2021-03-21,Marin,41,260295,13534,13495,195,13690,220
2021-03-21,Mariposa,43,17540,391,381,5,386,5
2021-03-21,Mendocino,45,87422,3730,3651,70,3721,45
2021-03-21,Merced,47,269075,29505,29446,934,30380,413
2021-03-21,Modoc,49,8938,349,341,120,461,3
2021-03-21,Mono,51,14174,1208,1263,13,1276,3
2021-03-21,Monterey,53,433212,42262,42153,1808,43961,335
2021-03-21,Napa,55,140530,9302,9282,33,9315,77
2021-03-21,Nevada,57,99092,4224,4169,175,4344,89
2021-03-21,Orange,59,3164182,249473,248442,10926,259368,4598
2021-03-21,Placer,61,380077,21249,20520,1243,21763,242
2021-03-21,Plumas,63,18699,664,653,11,664,4
2021-03-21,Riverside,65,2383286,285888,282187,14344,296531,4009
2021-03-21,Sacramento,67,1510023,97586,96269,1412,97681,1489
2021-03-21,San Benito,69,59416,5835,5842,96,5938,61
2021-03-21,San Bernardino,71,2135413,287781,284732,8759,293491,4094
2021-03-21,San Diego,73,3302833,268924,267724,0,267724,3494
2021-03-21,San Francisco,75,870044,34951,35012,1260,36272,460
2021-03-21,San Joaquin,77,732212,68850,67729,3188,70917,1182
2021-03-21,San Luis Obispo,79,281455,20128,19979,642,20621,250
2021-03-21,San Mateo,81,765935,40425,39988,432,40420,344
2021-03-21,Santa Barbara,83,443738,33124,32743,1197,33940,437
2021-03-21,Santa Clara,85,1922200,112860,113487,651,114138,1840
2021-03-21,Santa Cruz,87,273765,15660,15064,860,15924,199
2021-03-21,Shasta,89,179085,11182,11215,1376,12591,150
2021-03-21,Sierra,91,2930,53,50,14,64,0
2021-03-21,Siskiyou,93,43540,1542,1486,275,1761,5
2021-03-21,Solano,95,438530,30569,30474,403,30877,171
2021-03-21,Sonoma,97,501317,28863,28986,253,29239,310
2021-03-21,Stanislaus,99,539301,52188,52014,5769,57783,677
2021-03-21,Sutter,101,95872,9038,9021,85,9106,104
2021-03-21,Tehama,103,63373,4715,4701,533,5234,45
2021-03-21,Trinity,105,12862,351,310,53,363,3
2021-03-21,Tulare,107,460477,48498,48060,8971,57031,807
2021-03-21,Tuolumne,109,53932,3951,3953,34,3987,57
2021-03-21,Ventura,111,848112,79128,78863,2964,81827,927
2021-03-21,Yolo,113,214977,13245,13235,254,13489,190
2021-03-21,Yuba,115,75493,5653,5624,97,5721,42
2021-03-20,Alameda,1,1643700,82955,82614,1858,84472,1178
2021-03-20,Alpine,3,1148,85,83,0,83,0
2021-03-20,Amador,5,37829,3536,3518,34,3552,44
2021-03-20,Butte,7,227075,11513,11199,1728,12927,185
2021-03-20,Calaveras,9,45235,1978,1961,12,1973,49
2021-03-20,Colusa,11,21464,1882,1883,278,2161,12
2021-03-20,Contra Costa,13,1133247,65032,64313,1169,65482,713
2021-03-20,Del Norte,15,27424,1108,1075,2,1077,6
2021-03-20,El Dorado,17,186661,9307,9290,639,9929,105
2021-03-20,Fresno,19,978130,98365,98112,8427,106539,1532
2021-03-20,Glenn,21,27897,2309,2288,534,2822,17
2021-03-20,Humboldt,23,135768,3410,3399,23,3422,33
2021-03-20,Imperial,25,180216,27417,27239,2694,29933,695
2021-03-20,Inyo,27,18085,1367,1362,2,1364,35
2021-03-20,Kern,29,883053,94465,93606,10612,104218,1155
2021-03-20,Kings,31,150075,22508,22415,1113,23528,236
2021-03-20,Lake,33,64148,3322,3280,8,3288,43
2021-03-20,Lassen,35,31185,5127,5128,106,5234,1
2021-03-20,Los Angeles,37,10098052,1180623,1175290,42115,1217405,22810
2021-03-20,Madera,39,155013,15937,15891,897,16788,210
2021-03-20,Marin,41,260295,13522,13470,191,13661,220
2021-03-20,Mariposa,43,17540,390,381,5,386,5
2021-03-20,Mendocino,45,87422,3729,3639,70,3709,43
2021-03-20,Merced,47,269075,29474,29411,931,30342,412
2021-03-20,Modoc,49,8938,348,341,120,461,3
2021-03-20,Mono,51,14174,1208,1256,13,1269,3
2021-03-20,Monterey,53,433212,42253,42146,1807,43953,334
2021-03-20,Napa,55,140530,9294,9274,33,9307,77
2021-03-20,Nevada,57,99092,4213,4164,174,4338,89
2021-03-20,Orange,59,3164182,249391,248348,10913,259261,4522
2021-03-20,Placer,61,380077,21227,20505,1241,21746,242
2021-03-20,Plumas,63,18699,661,652,11,663,4
2021-03-20,Riverside,65,2383286,285815,282081,14340,296421,4000
2021-03-20,Sacramento,67,1510023,97476,96126,1408,97534,1488
2021-03-20,San Benito,69,59416,5831,5840,96,5936,61
2021-03-20,San Bernardino,71,2135413,287716,284690,8755,293445,3965
2021-03-20,San Diego,73,3302833,268753,267532,0,267532,3493
2021-03-20,San Francisco,75,870044,34928,34968,1253,36221,453
2021-03-20,San Joaquin,77,732212,68809,67662,3181,70843,1161
2021-03-20,San Luis Obispo,79,281455,20112,19951,636,20587,250
2021-03-20,San Mateo,81,765935,40391,39958,431,40389,344
2021-03-20,Santa Barbara,83,443738,33100,32723,1196,33919,434
2021-03-20,Santa Clara,85,1922200,112768,113384,650,114034,1799
2021-03-20,Santa Cruz,87,273765,15644,15053,860,15913,199
2021-03-20,Shasta,89,179085,11176,11211,1376,12587,147
2021-03-20,Sierra,91,2930,53,50,14,64,0
2021-03-20,Siskiyou,93,43540,1542,1483,275,1758,5
2021-03-20,Solano,95,438530,30539,30439,403,30842,170
2021-03-20,Sonoma,97,501317,28848,28962,252,29214,309
2021-03-20,Stanislaus,99,539301,52132,51925,5761,57686,673
2021-03-20,Sutter,101,95872,9030,9014,85,9099,103
2021-03-20,Tehama,103,63373,4710,4696,531,5227,33
2021-03-20,Trinity,105,12862,350,310,53,363,3
2021-03-20,Tulare,107,460477,48483,48030,8954,56984,804
2021-03-20,Tuolumne,109,53932,3948,3950,34,3984,57
2021-03-20,Ventura,111,848112,79091,78818,2962,81780,922
2021-03-20,Yolo,113,214977,13241,13226,254,13480,190
2021-03-20,Yuba,115,75493,5650,5621,96,5717,42
2021-03-19,Alameda,1,1643700,82882,82499,1856,84355,1187
2021-03-19,Alpine,3,1148,84,82,0,82,0
2021-03-19,Amador,5,37829,3533,3515,34,3549,44
2021-03-19,Butte,7,227075,11504,11191,1725,12916,185
2021-03-19,Calaveras,9,45235,1977,1957,12,1969,49
2021-03-19,Colusa,11,21464,1881,1883,278,2161,12
2021-03-19,Contra Costa,13,1133247,64973,64195,1166,65361,737
2021-03-19,Del Norte,15,27424,1102,1071,0,1071,6
2021-03-19,El Dorado,17,186661,9298,9274,639,9913,105
2021-03-19,Fresno,19,978130,98284,97969,8412,106381,1527
2021-03-19,Glenn,21,27897,2309,2282,534,2816,17
2021-03-19,Humboldt,23,135768,3401,3388,23,3411,33
2021-03-19,Imperial,25,180216,27406,27218,2689,29907,695
2021-03-19,Inyo,27,18085,1365,1356,2,1358,35
2021-03-19,Kern,29,883053,94432,93534,10599,104133,1152
2021-03-19,Kings,31,150075,22499,22369,1110,23479,235
2021-03-19,Lake,33,64148,3316,3262,8,3270,43
2021-03-19,Lassen,35,31185,5127,5126,106,5232,1
2021-03-19,Los Angeles,37,10098052,1180288,1174818,42099,1216917,22752
2021-03-19,Madera,39,155013,15930,15877,896,16773,210
2021-03-19,Marin,41,260295,13510,13441,191,13632,220
2021-03-19,Mariposa,43,17540,389,380,5,385,5
2021-03-19,Mendocino,45,87422,3728,3639,70,3709,45
2021-03-19,Merced,47,269075,29445,29376,930,30306,412
2021-03-19,Modoc,49,8938,348,341,120,461,3
2021-03-19,Mono,51,14174,1206,1244,13,1257,3
2021-03-19,Monterey,53,433212,42244,42125,1805,43930,335
2021-03-19,Napa,55,140530,9282,9256,33,9289,77
2021-03-19,Nevada,57,99092,4202,4156,174,4330,88
2021-03-19,Orange,59,3164182,249292,248146,10900,259046,4501
2021-03-19,Placer,61,380077,21209,20451,1239,21690,242
2021-03-19,Plumas,63,18699,661,650,11,661,4
2021-03-19,Riverside,65,2383286,285733,281937,14335,296272,3989
2021-03-19,Sacramento,67,1510023,97374,95934,1405,97339,1486
2021-03-19,San Benito,69,59416,5831,5845,96,5941,61
2021-03-19,San Bernardino,71,2135413,287651,284501,8753,293254,4017
2021-03-19,San Diego,73,3302833,268618,267173,0,267173,3491
2021-03-19,San Francisco,75,870044,34883,34936,1250,36186,461
2021-03-19,San Joaquin,77,732212,68739,67515,3167,70682,1180
2021-03-19,San Luis Obispo,79,281455,20092,19913,634,20547,249
2021-03-19,San Mateo,81,765935,40367,39893,431,40324,344
2021-03-19,Santa Barbara,83,443738,33071,32685,1195,33880,435
2021-03-19,Santa Clara,85,1922200,112694,113232,649,113881,1797
2021-03-19,Santa Cruz,87,273765,15637,15026,860,15886,199
2021-03-19,Shasta,89,179085,11169,11104,1374,12478,103
2021-03-19,Sierra,91,2930,52,49,14,63,0
2021-03-19,Siskiyou,93,43540,1542,1480,274,1754,5
2021-03-19,Solano,95,438530,30509,30395,401,30796,172
2021-03-19,Sonoma,97,501317,28827,28932,250,29182,292
2021-03-19,Stanislaus,99,539301,52074,51755,5758,57513,679
2021-03-19,Sutter,101,95872,9028,9005,85,9090,103
2021-03-19,Tehama,103,63373,4702,4685,531,5216,33
2021-03-19,Trinity,105,12862,350,310,53,363,3
2021-03-19,Tulare,107,460477,48460,47989,8931,56920,805
2021-03-19,Tuolumne,109,53932,3945,3946,34,3980,57
2021-03-19,Ventura,111,848112,79053,78753,2957,81710,920
2021-03-19,Yolo,113,214977,13233,13197,254,13451,189
2021-03-19,Yuba,115,75493,5647,5615,95,5710,42
2021-03-18,Alameda,1,1643700,82798,82419,1853,84272,1189
2021-03-18,Alpine,3,1148,84,82,0,82,0
2021-03-18,Amador,5,37829,3529,3513,34,3547,44
2021-03-18,Butte,7,227075,11493,11179,1723,12902,185
2021-03-18,Calaveras,9,45235,1975,1954,12,1966,49
2021-03-18,Colusa,11,21464,1881,1882,278,2160,12
2021-03-18,Contra Costa,13,1133247,64900,64103,1163,65266,739
2021-03-18,Del Norte,15,27424,1093,1059,0,1059,6
2021-03-18,El Dorado,17,186661,9285,9261,638,9899,105
2021-03-18,Fresno,19,978130,98189,97856,8397,106253,1527
2021-03-18,Glenn,21,27897,2305,2275,533,2808,17
2021-03-18,Humboldt,23,135768,3394,3381,23,3404,34
2021-03-18,Imperial,25,180216,27390,27190,2683,29873,695
2021-03-18,Inyo,27,18085,1362,1354,2,1356,35
2021-03-18,Kern,29,883053,94376,93458,10585,104043,1158
2021-03-18,Kings,31,150075,22493,22354,1109,23463,235
2021-03-18,Lake,33,64148,3313,3260,8,3268,43
2021-03-18,Lassen,35,31185,5126,5126,106,5232,1
2021-03-18,Los Angeles,37,10098052,1179860,1174205,42068,1216273,22689
2021-03-18,Madera,39,155013,15920,15860,894,16754,211
2021-03-18,Marin,41,260295,13492,13435,190,13625,219
2021-03-18,Mariposa,43,17540,387,380,5,385,5
2021-03-18,Mendocino,45,87422,3718,3630,70,3700,45
2021-03-18,Merced,47,269075,29410,29317,930,30247,410
2021-03-18,Modoc,49,8938,348,341,120,461,3
2021-03-18,Mono,51,14174,1202,1215,13,1228,3
2021-03-18,Monterey,53,433212,42230,42105,1805,43910,335
2021-03-18,Napa,55,140530,9273,9243,33,9276,77
2021-03-18,Nevada,57,99092,4195,4154,174,4328,74
2021-03-18,Orange,59,3164182,249189,248050,10887,258937,4514
2021-03-18,Placer,61,380077,21176,20421,1236,21657,243
2021-03-18,Plumas,63,18699,659,648,11,659,4
2021-03-18,Riverside,65,2383286,285654,281789,14327,296116,3957
2021-03-18,Sacramento,67,1510023,97223,95819,1401,97220,1481
2021-03-18,San Benito,69,59416,5829,5842,96,5938,61
2021-03-18,San Bernardino,71,2135413,287572,284294,8723,293017,4076
2021-03-18,San Diego,73,3302833,268466,266752,0,266752,3478
2021-03-18,San Francisco,75,870044,34845,34904,1249,36153,461
2021-03-18,San Joaquin,77,732212,68639,67301,3155,70456,1169
2021-03-18,San Luis Obispo,79,281455,20063,19894,633,20527,249
2021-03-18,San Mateo,81,765935,40326,39874,431,40305,344
2021-03-18,Santa Barbara,83,443738,33029,32640,1195,33835,434
2021-03-18,Santa Clara,85,1922200,112577,113119,645,113764,1808
2021-03-18,Santa Cruz,87,273765,15627,14998,860,15858,198
2021-03-18,Shasta,89,179085,11155,11059,1372,12431,100
2021-03-18,Sierra,91,2930,52,49,14,63,0
2021-03-18,Siskiyou,93,43540,1539,1480,273,1753,5
2021-03-18,Solano,95,438530,30467,30352,398,30750,172
2021-03-18,Sonoma,97,501317,28805,28915,248,29163,292
2021-03-18,Stanislaus,99,539301,52003,51615,5754,57369,682
2021-03-18,Sutter,101,95872,9016,8999,85,9084,103
2021-03-18,Tehama,103,63373,4696,4683,530,5213,35
2021-03-18,Trinity,105,12862,350,310,53,363,3
2021-03-18,Tulare,107,460477,48441,47964,8916,56880,805
2021-03-18,Tuolumne,109,53932,3945,3942,34,3976,57
2021-03-18,Ventura,111,848112,78997,78697,2957,81654,918
2021-03-18,Yolo,113,214977,13220,13183,254,13437,191
2021-03-18,Yuba,115,75493,5643,5612,95,5707,42
2021-03-17,Alameda,1,1643700,82723,82353,1848,84201,1185
2021-03-17,Alpine,3,1148,84,82,0,82,0
2021-03-17,Amador,5,37829,3527,3511,34,3545,44
2021-03-17,Butte,7,227075,11484,11170,1721,12891,185
2021-03-17,Calaveras,9,45235,1974,1946,12,1958,49
2021-03-17,Colusa,11,21464,1880,1882,278,2160,12
2021-03-17,Contra Costa,13,1133247,64830,64026,1162,65188,737
2021-03-17,Del Norte,15,27424,1089,1053,0,1053,6
2021-03-17,El Dorado,17,186661,9275,9252,638,9890,105
2021-03-17,Fresno,19,978130,98079,97727,8378,106105,1507
2021-03-17,Glenn,21,27897,2298,2269,532,2801,17
2021-03-17,Humboldt,23,135768,3386,3365,23,3388,33
2021-03-17,Imperial,25,180216,27373,27168,2681,29849,691
2021-03-17,Inyo,27,18085,1360,1351,2,1353,35
2021-03-17,Kern,29,883053,94320,93392,10572,103964,1149
2021-03-17,Kings,31,150075,22477,22336,1108,23444,233
2021-03-17,Lake,33,64148,3306,3251,8,3259,43
2021-03-17,Lassen,35,31185,5125,5125,106,5231,1
2021-03-17,Los Angeles,37,10098052,1179413,1173416,42034,1215450,22602
2021-03-17,Madera,39,155013,15913,15835,893,16728,214
2021-03-17,Marin,41,260295,13474,13428,189,13617,218
2021-03-17,Mariposa,43,17540,387,379,5,384,5
2021-03-17,Mendocino,45,87422,3714,3625,70,3695,44
2021-03-17,Merced,47,269075,29382,29250,926,30176,408
2021-03-17,Modoc,49,8938,348,341,120,461,3
2021-03-17,Mono,51,14174,1200,1212,13,1225,3
2021-03-17,Monterey,53,433212,42211,42061,1802,43863,334
2021-03-17,Napa,55,140530,9258,9219,33,9252,76
2021-03-17,Nevada,57,99092,4185,4145,174,4319,74
2021-03-17,Orange,59,3164182,249072,247943,10859,258802,4502
2021-03-17,Placer,61,380077,21149,20369,1234,21603,243
2021-03-17,Plumas,63,18699,658,645,11,656,4
2021-03-17,Riverside,65,2383286,285542,281649,14319,295968,3925
2021-03-17,Sacramento,67,1510023,97096,95650,1395,97045,1477
2021-03-17,San Benito,69,59416,5826,5841,96,5937,61
2021-03-17,San Bernardino,71,2135413,287456,284170,8718,292888,4049
2021-03-17,San Diego,73,3302833,268255,266313,0,266313,3470
2021-03-17,San Francisco,75,870044,34810,34873,1248,36121,457
2021-03-17,San Joaquin,77,732212,68557,67093,3139,70232,1164
2021-03-17,San Luis Obispo,79,281455,20040,19858,629,20487,249
2021-03-17,San Mateo,81,765935,40295,39838,430,40268,344
2021-03-17,Santa Barbara,83,443738,33009,32585,1194,33779,433
2021-03-17,Santa Clara,85,1922200,112484,112983,644,113627,1805
2021-03-17,Santa Cruz,87,273765,15619,14967,860,15827,199
2021-03-17,Shasta,89,179085,11150,11045,1369,12414,100
2021-03-17,Sierra,91,2930,52,49,14,63,0
2021-03-17,Siskiyou,93,43540,1538,1479,271,1750,5
2021-03-17,Solano,95,438530,30441,30320,396,30716,171
2021-03-17,Sonoma,97,501317,28781,28877,247,29124,292
2021-03-17,Stanislaus,99,539301,51930,51524,5747,57271,682
2021-03-17,Sutter,101,95872,9006,8982,85,9067,103
2021-03-17,Tehama,103,63373,4690,4670,530,5200,34
2021-03-17,Trinity,105,12862,350,308,53,361,3
2021-03-17,Tulare,107,460477,48421,47929,8906,56835,805
2021-03-17,Tuolumne,109,53932,3942,3938,34,3972,57
2021-03-17,Ventura,111,848112,78942,78648,2954,81602,916
2021-03-17,Yolo,113,214977,13205,13169,253,13422,190
2021-03-17,Yuba,115,75493,5640,5603,95,5698,42
2021-03-16,Alameda,1,1643700,82623,82259,1846,84105,1177
2021-03-16,Alpine,3,1148,84,82,0,82,0
2021-03-16,Amador,5,37829,3525,3510,34,3544,44
2021-03-16,Butte,7,227075,11472,11154,1720,12874,184
2021-03-16,Calaveras,9,45235,1969,1945,12,1957,49
2021-03-16,Colusa,11,21464,1879,1882,278,2160,12
2021-03-16,Contra Costa,13,1133247,64749,63951,1158,65109,736
2021-03-16,Del Norte,15,27424,1081,1048,0,1048,6
2021-03-16,El Dorado,17,186661,9258,9249,638,9887,105
2021-03-16,Fresno,19,978130,97947,97638,8354,105992,1498
2021-03-16,Glenn,21,27897,2290,2267,528,2795,17
2021-03-16,Humboldt,23,135768,3382,3351,23,3374,33
2021-03-16,Imperial,25,180216,27362,27143,2679,29822,689
2021-03-16,Inyo,27,18085,1359,1346,2,1348,35
2021-03-16,Kern,29,883053,94255,93340,10556,103896,1144
2021-03-16,Kings,31,150075,22443,22320,1107,23427,233
2021-03-16,Lake,33,64148,3298,3246,8,3254,43
2021-03-16,Lassen,35,31185,5124,5126,106,5232,1
2021-03-16,Los Angeles,37,10098052,1178889,1172676,41994,1214670,22527
2021-03-16,Madera,39,155013,15898,15822,891,16713,214
2021-03-16,Marin,41,260295,13456,13419,189,13608,218
2021-03-16,Mariposa,43,17540,384,379,5,384,5
2021-03-16,Mendocino,45,87422,3709,3623,70,3693,44
2021-03-16,Merced,47,269075,29329,29198,925,30123,407
2021-03-16,Modoc,49,8938,348,341,120,461,3
2021-03-16,Mono,51,14174,1199,1207,13,1220,3
2021-03-16,Monterey,53,433212,42192,42023,1802,43825,334
2021-03-16,Napa,55,140530,9248,9209,33,9242,75
2021-03-16,Nevada,57,99092,4176,4132,173,4305,67
2021-03-16,Orange,59,3164182,248943,247843,10839,258682,4479
2021-03-16,Placer,61,380077,21116,20339,1229,21568,240
2021-03-16,Plumas,63,18699,657,643,11,654,4
2021-03-16,Riverside,65,2383286,285439,281540,14307,295847,3893
2021-03-16,Sacramento,67,1510023,96961,95522,1392,96914,1466
2021-03-16,San Benito,69,59416,5821,5831,96,5927,61
2021-03-16,San Bernardino,71,2135413,287340,283980,8710,292690,4032
2021-03-16,San Diego,73,3302833,268025,265903,0,265903,3462
2021-03-16,San Francisco,75,870044,34781,34833,1244,36077,456
2021-03-16,San Joaquin,77,732212,68455,66856,3126,69982,1163
2021-03-16,San Luis Obispo,79,281455,20011,19832,627,20459,248
2021-03-16,San Mateo,81,765935,40261,39806,429,40235,344
2021-03-16,Santa Barbara,83,443738,32977,32556,1193,33749,433
2021-03-16,Santa Clara,85,1922200,112367,112845,641,113486,1797
2021-03-16,Santa Cruz,87,273765,15613,14926,860,15786,199
2021-03-16,Shasta,89,179085,11137,11035,1366,12401,100
2021-03-16,Sierra,91,2930,51,49,14,63,0
2021-03-16,Siskiyou,93,43540,1534,1477,271,1748,5
2021-03-16,Solano,95,438530,30407,30298,395,30693,171
2021-03-16,Sonoma,97,501317,28750,28850,245,29095,291
2021-03-16,Stanislaus,99,539301,51850,51410,5740,57150,683
2021-03-16,Sutter,101,95872,8998,8970,85,9055,102
2021-03-16,Tehama,103,63373,4686,4660,529,5189,34
2021-03-16,Trinity,105,12862,350,308,52,360,3
2021-03-16,Tulare,107,460477,48373,47895,8898,56793,803
2021-03-16,Tuolumne,109,53932,3939,3938,34,3972,57
2021-03-16,Ventura,111,848112,78875,78671,2947,81618,916
2021-03-16,Yolo,113,214977,13190,13162,253,13415,190
2021-03-16,Yuba,115,75493,5637,5596,94,5690,42
2021-03-15,Alameda,1,1643700,82536,82159,1846,84005,1167
2021-03-15,Alpine,3,1148,84,82,0,82,0
2021-03-15,Amador,5,37829,3524,3506,34,3540,44
2021-03-15,Butte,7,227075,11459,11141,1716,12857,185
2021-03-15,Calaveras,9,45235,1965,1941,12,1953,49
2021-03-15,Colusa,11,21464,1879,1883,278,2161,12
2021-03-15,Contra Costa,13,1133247,64689,63847,1157,65004,732
2021-03-15,Del Norte,15,27424,1078,1048,0,1048,6
2021-03-15,El Dorado,17,186661,9252,9235,637,9872,103
2021-03-15,Fresno,19,978130,97821,97520,8338,105858,1496
2021-03-15,Glenn,21,27897,2285,2261,525,2786,15
2021-03-15,Humboldt,23,135768,3376,3337,23,3360,32
2021-03-15,Imperial,25,180216,27341,27122,2677,29799,684
2021-03-15,Inyo,27,18085,1359,1346,2,1348,35
2021-03-15,Kern,29,883053,94195,93266,10549,103815,1141
2021-03-15,Kings,31,150075,22426,22294,1102,23396,233
2021-03-15,Lake,33,64148,3286,3237,8,3245,43
2021-03-15,Lassen,35,31185,5124,5125,106,5231,1
2021-03-15,Los Angeles,37,10098052,1178331,1172445,41953,1214398,22477
2021-03-15,Madera,39,155013,15887,15806,889,16695,214
2021-03-15,Marin,41,260295,13450,13408,188,13596,218
2021-03-15,Mariposa,43,17540,384,376,5,381,5
2021-03-15,Mendocino,45,87422,3705,3615,70,3685,44
2021-03-15,Merced,47,269075,29289,29169,924,30093,407
2021-03-15,Modoc,49,8938,348,340,120,460,3
2021-03-15,Mono,51,14174,1198,1206,13,1219,3
2021-03-15,Monterey,53,433212,42164,42011,1799,43810,333
2021-03-15,Napa,55,140530,9237,9196,33,9229,75
2021-03-15,Nevada,57,99092,4171,4123,172,4295,66
2021-03-15,Orange,59,3164182,248831,247697,10819,258516,4481
2021-03-15,Placer,61,380077,21093,20308,1229,21537,238
2021-03-15,Plumas,63,18699,657,642,11,653,4
2021-03-15,Riverside,65,2383286,285296,281367,14295,295662,3856
2021-03-15,Sacramento,67,1510023,96807,95414,1386,96800,1463
2021-03-15,San Benito,69,59416,5818,5831,96,5927,61
2021-03-15,San Bernardino,71,2135413,287243,283815,8702,292517,4004
2021-03-15,San Diego,73,3302833,267774,265646,0,265646,3452
2021-03-15,San Francisco,75,870044,34745,34820,1240,36060,456
2021-03-15,San Joaquin,77,732212,68351,66622,3113,69735,1140
2021-03-15,San Luis Obispo,79,281455,19981,19813,622,20435,247
2021-03-15,San Mateo,81,765935,40208,39765,429,40194,344
2021-03-15,Santa Barbara,83,443738,32955,32529,1190,33719,431
2021-03-15,Santa Clara,85,1922200,112266,112729,639,113368,1798
2021-03-15,Santa Cruz,87,273765,15607,14899,858,15757,200
2021-03-15,Shasta,89,179085,11121,11019,1361,12380,92
2021-03-15,Sierra,91,2930,51,49,14,63,0
2021-03-15,Siskiyou,93,43540,1534,1475,271,1746,5
2021-03-15,Solano,95,438530,30378,30258,394,30652,171
2021-03-15,Sonoma,97,501317,28732,28814,242,29056,285
2021-03-15,Stanislaus,99,539301,51773,51357,5733,57090,683
2021-03-15,Sutter,101,95872,8992,8962,85,9047,102
2021-03-15,Tehama,103,63373,4676,4650,528,5178,34
2021-03-15,Trinity,105,12862,350,308,52,360,3
2021-03-15,Tulare,107,460477,48343,47857,8883,56740,800
2021-03-15,Tuolumne,109,53932,3937,3937,33,3970,57
2021-03-15,Ventura,111,848112,78821,78626,2946,81572,910
2021-03-15,Yolo,113,214977,13171,13131,251,13382,190
2021-03-15,Yuba,115,75493,5632,5585,93,5678,42
2021-03-14,Alameda,1,1643700,82450,82116,1843,83959,1168
2021-03-14,Alpine,3,1148,84,82,0,82,0
2021-03-14,Amador,5,37829,3519,3504,34,3538,44
2021-03-14,Butte,7,227075,11446,11140,1712,12852,185
2021-03-14,Calaveras,9,45235,1961,1939,12,1951,49
2021-03-14,Colusa,11,21464,1879,1883,278,2161,12
2021-03-14,Contra Costa,13,1133247,64585,63808,1155,64963,731
2021-03-14,Del Norte,15,27424,1064,1048,0,1048,6
2021-03-14,El Dorado,17,186661,9242,9231,637,9868,103
2021-03-14,Fresno,19,978130,97714,97461,8319,105780,1496
2021-03-14,Glenn,21,27897,2280,2260,522,2782,15
2021-03-14,Humboldt,23,135768,3362,3335,23,3358,32
2021-03-14,Imperial,25,180216,27323,27122,2673,29795,685
2021-03-14,Inyo,27,18085,1355,1346,2,1348,35
2021-03-14,Kern,29,883053,94115,93252,10528,103780,1141
2021-03-14,Kings,31,150075,22408,22292,1099,23391,232
2021-03-14,Lake,33,64148,3281,3237,8,3245,43
2021-03-14,Lassen,35,31185,5122,5125,106,5231,1
2021-03-14,Los Angeles,37,10098052,1177763,1172100,41914,1214014,22476
2021-03-14,Madera,39,155013,15864,15804,889,16693,214
2021-03-14,Marin,41,260295,13434,13405,186,13591,218
2021-03-14,Mariposa,43,17540,382,376,5,381,5
2021-03-14,Mendocino,45,87422,3700,3613,70,3683,44
2021-03-14,Merced,47,269075,29221,29149,920,30069,407
2021-03-14,Modoc,49,8938,348,340,120,460,3
2021-03-14,Mono,51,14174,1192,1206,13,1219,3
2021-03-14,Monterey,53,433212,42142,42007,1795,43802,333
2021-03-14,Napa,55,140530,9219,9194,33,9227,75
2021-03-14,Nevada,57,99092,4165,4122,170,4292,66
2021-03-14,Orange,59,3164182,248696,247656,10797,258453,4460
2021-03-14,Placer,61,380077,21060,20288,1221,21509,238
2021-03-14,Plumas,63,18699,655,642,11,653,4
2021-03-14,Riverside,65,2383286,285145,281332,14285,295617,3845
2021-03-14,Sacramento,67,1510023,96631,95343,1381,96724,1462
2021-03-14,San Benito,69,59416,5809,5829,96,5925,61
2021-03-14,San Bernardino,71,2135413,287113,283791,8691,292482,3996
2021-03-14,San Diego,73,3302833,267539,265468,0,265468,3452
2021-03-14,San Francisco,75,870044,34707,34810,1236,36046,455
2021-03-14,San Joaquin,77,732212,68223,66563,3096,69659,1140
2021-03-14,San Luis Obispo,79,281455,19953,19806,620,20426,247
2021-03-14,San Mateo,81,765935,40169,39744,429,40173,342
2021-03-14,Santa Barbara,83,443738,32911,32514,1188,33702,431
2021-03-14,Santa Clara,85,1922200,112139,112648,638,113286,1796
2021-03-14,Santa Cruz,87,273765,15590,14887,856,15743,200
2021-03-14,Shasta,89,179085,11105,11019,1354,12373,92
2021-03-14,Sierra,91,2930,51,49,14,63,0
2021-03-14,Siskiyou,93,43540,1530,1473,270,1743,5
2021-03-14,Solano,95,438530,30346,30230,389,30619,171
2021-03-14,Sonoma,97,501317,28698,28798,238,29036,284
2021-03-14,Stanislaus,99,539301,51654,51306,5724,57030,690
2021-03-14,Sutter,101,95872,8976,8958,85,9043,102
2021-03-14,Tehama,103,63373,4664,4650,527,5177,34
2021-03-14,Trinity,105,12862,349,308,51,359,3
2021-03-14,Tulare,107,460477,48310,47845,8862,56707,800
2021-03-14,Tuolumne,109,53932,3935,3937,33,3970,57
2021-03-14,Ventura,111,848112,78768,78611,2940,81551,910
2021-03-14,Yolo,113,214977,13149,13128,247,13375,189
2021-03-14,Yuba,115,75493,5622,5583,93,5676,42
2021-03-13,Alameda,1,1643700,82390,82010,1843,83853,1168
2021-03-13,Alpine,3,1148,84,82,0,82,0
2021-03-13,Amador,5,37829,3516,3504,34,3538,44
2021-03-13,Butte,7,227075,11436,11131,1711,12842,185
2021-03-13,Calaveras,9,45235,1957,1939,12,1951,49
2021-03-13,Colusa,11,21464,1879,1882,278,2160,12
2021-03-13,Contra Costa,13,1133247,64525,63689,1155,64844,731
2021-03-13,Del Norte,15,27424,1060,1041,0,1041,6
2021-03-13,El Dorado,17,186661,9234,9221,637,9858,103
2021-03-13,Fresno,19,978130,97655,97324,8299,105623,1495
2021-03-13,Glenn,21,27897,2279,2260,521,2781,15
2021-03-13,Humboldt,23,135768,3355,3325,23,3348,32
2021-03-13,Imperial,25,180216,27318,27099,2668,29767,677
2021-03-13,Inyo,27,18085,1354,1344,2,1346,35
2021-03-13,Kern,29,883053,94076,93197,10521,103718,1140
2021-03-13,Kings,31,150075,22392,22265,1098,23363,232
2021-03-13,Lake,33,64148,3274,3234,7,3241,43
2021-03-13,Lassen,35,31185,5122,5125,106,5231,1
2021-03-13,Los Angeles,37,10098052,1177448,1171505,41870,1213375,22451
2021-03-13,Madera,39,155013,15852,15780,889,16669,214
2021-03-13,Marin,41,260295,13428,13391,184,13575,218
2021-03-13,Mariposa,43,17540,381,376,5,381,5
2021-03-13,Mendocino,45,87422,3696,3611,70,3681,44
2021-03-13,Merced,47,269075,29190,29106,920,30026,406
2021-03-13,Modoc,49,8938,348,340,119,459,3
2021-03-13,Mono,51,14174,1192,1207,13,1220,3
2021-03-13,Monterey,53,433212,42132,41989,1793,43782,332
2021-03-13,Napa,55,140530,9213,9190,33,9223,75
2021-03-13,Nevada,57,99092,4158,4111,169,4280,66
2021-03-13,Orange,59,3164182,248616,247514,10781,258295,4423
2021-03-13,Placer,61,380077,21040,20238,1218,21456,239
2021-03-13,Plumas,63,18699,653,642,11,653,4
2021-03-13,Riverside,65,2383286,285058,281191,14277,295468,3848
2021-03-13,Sacramento,67,1510023,96545,95192,1379,96571,1461
2021-03-13,San Benito,69,59416,5806,5823,96,5919,61
2021-03-13,San Bernardino,71,2135413,287063,283727,8685,292412,3972
2021-03-13,San Diego,73,3302833,267384,265270,0,265270,3444
2021-03-13,San Francisco,75,870044,34690,34784,1227,36011,455
2021-03-13,San Joaquin,77,732212,68167,66480,3073,69553,1141
2021-03-13,San Luis Obispo,79,281455,19935,19789,619,20408,247
2021-03-13,San Mateo,81,765935,40142,39689,428,40117,341
2021-03-13,Santa Barbara,83,443738,32886,32486,1187,33673,431
2021-03-13,Santa Clara,85,1922200,112054,112531,637,113168,1790
2021-03-13,Santa Cruz,87,273765,15583,14875,856,15731,199
2021-03-13,Shasta,89,179085,11097,11021,1351,12372,108
2021-03-13,Sierra,91,2930,50,49,14,63,0
2021-03-13,Siskiyou,93,43540,1529,1470,270,1740,5
2021-03-13,Solano,95,438530,30329,30198,389,30587,171
2021-03-13,Sonoma,97,501317,28678,28762,234,28996,285
2021-03-13,Stanislaus,99,539301,51604,51257,5719,56976,695
2021-03-13,Sutter,101,95872,8969,8948,85,9033,102
2021-03-13,Tehama,103,63373,4662,4647,527,5174,33
2021-03-13,Trinity,105,12862,349,306,51,357,3
2021-03-13,Tulare,107,460477,48285,47818,8853,56671,798
2021-03-13,Tuolumne,109,53932,3932,3937,33,3970,57
2021-03-13,Ventura,111,848112,78719,78693,2940,81633,906
2021-03-13,Yolo,113,214977,13141,13087,246,13333,189
2021-03-13,Yuba,115,75493,5621,5577,93,5670,42
2021-03-12,Alameda,1,1643700,82312,81898,1842,83740,1164
2021-03-12,Alpine,3,1148,84,82,0,82,0
2021-03-12,Amador,5,37829,3513,3503,34,3537,44
2021-03-12,Butte,7,227075,11426,11126,1709,12835,184
2021-03-12,Calaveras,9,45235,1955,1916,12,1928,49
2021-03-12,Colusa,11,21464,1879,1883,278,2161,12
2021-03-12,Contra Costa,13,1133247,64450,63583,1154,64737,728
2021-03-12,Del Norte,15,27424,1054,1033,0,1033,6
2021-03-12,El Dorado,17,186661,9225,9219,637,9856,103
2021-03-12,Fresno,19,978130,97561,97185,8287,105472,1489
2021-03-12,Glenn,21,27897,2278,2258,520,2778,15
2021-03-12,Humboldt,23,135768,3350,3315,23,3338,32
2021-03-12,Imperial,25,180216,27307,27071,2666,29737,677
2021-03-12,Inyo,27,18085,1352,1339,2,1341,35
2021-03-12,Kern,29,883053,94041,93142,10505,103647,1132
2021-03-12,Kings,31,150075,22373,22233,1098,23331,232
2021-03-12,Lake,33,64148,3268,3226,6,3232,43
2021-03-12,Lassen,35,31185,5122,5125,105,5230,1
2021-03-12,Los Angeles,37,10098052,1177053,1170860,41853,1212713,22409
2021-03-12,Madera,39,155013,15840,15761,886,16647,214
2021-03-12,Marin,41,260295,13421,13375,184,13559,218
2021-03-12,Mariposa,43,17540,379,376,5,381,5
2021-03-12,Mendocino,45,87422,3693,3605,70,3675,43
2021-03-12,Merced,47,269075,29159,29064,920,29984,403
2021-03-12,Modoc,49,8938,348,340,119,459,3
2021-03-12,Mono,51,14174,1191,1206,13,1219,3
2021-03-12,Monterey,53,433212,42118,41964,1788,43752,329
2021-03-12,Napa,55,140530,9204,9180,33,9213,75
2021-03-12,Nevada,57,99092,4147,4101,169,4270,66
2021-03-12,Orange,59,3164182,248525,247388,10770,258158,4401
2021-03-12,Placer,61,380077,21007,20210,1213,21423,239
2021-03-12,Plumas,63,18699,652,641,11,652,4
2021-03-12,Riverside,65,2383286,284960,281037,14269,295306,3854
2021-03-12,Sacramento,67,1510023,96422,95061,1372,96433,1460
2021-03-12,San Benito,69,59416,5803,5817,96,5913,61
2021-03-12,San Bernardino,71,2135413,287010,283558,8680,292238,3917
2021-03-12,San Diego,73,3302833,267221,264886,0,264886,3434
2021-03-12,San Francisco,75,870044,34669,34758,1224,35982,452
2021-03-12,San Joaquin,77,732212,68097,66482,3063,69545,1144
2021-03-12,San Luis Obispo,79,281455,19921,19769,617,20386,247
2021-03-12,San Mateo,81,765935,40106,39638,426,40064,341
2021-03-12,Santa Barbara,83,443738,32863,32457,1184,33641,429
2021-03-12,Santa Clara,85,1922200,111960,112396,636,113032,1766
2021-03-12,Santa Cruz,87,273765,15571,14846,854,15700,195
2021-03-12,Shasta,89,179085,11089,11143,1349,12492,153
2021-03-12,Sierra,91,2930,50,49,14,63,0
2021-03-12,Siskiyou,93,43540,1529,1468,269,1737,5
2021-03-12,Solano,95,438530,30310,30180,388,30568,171
2021-03-12,Sonoma,97,501317,28651,28714,234,28948,285
2021-03-12,Stanislaus,99,539301,51545,51146,5712,56858,701
2021-03-12,Sutter,101,95872,8963,8940,85,9025,101
2021-03-12,Tehama,103,63373,4658,4638,526,5164,33
2021-03-12,Trinity,105,12862,348,306,50,356,3
2021-03-12,Tulare,107,460477,48261,47772,8846,56618,798
2021-03-12,Tuolumne,109,53932,3931,3936,33,3969,57
2021-03-12,Ventura,111,848112,78677,78698,2936,81634,899
2021-03-12,Yolo,113,214977,13131,13061,239,13300,189
2021-03-12,Yuba,115,75493,5614,5563,92,5655,42
2021-03-11,Alameda,1,1643700,82220,81809,1837,83646,1164
2021-03-11,Alpine,3,1148,84,78,0,78,0
2021-03-11,Amador,5,37829,3512,3498,34,3532,42
2021-03-11,Butte,7,227075,11415,11110,1707,12817,185
2021-03-11,Calaveras,9,45235,1952,1915,12,1927,49
2021-03-11,Colusa,11,21464,1879,1883,278,2161,12
2021-03-11,Contra Costa,13,1133247,64377,63469,1152,64621,728
2021-03-11,Del Norte,15,27424,1049,1027,0,1027,6
2021-03-11,El Dorado,17,186661,9211,9211,637,9848,101
2021-03-11,Fresno,19,978130,97446,97026,8259,105285,1481
2021-03-11,Glenn,21,27897,2275,2255,520,2775,15
2021-03-11,Humboldt,23,135768,3333,3302,23,3325,32
2021-03-11,Imperial,25,180216,27300,27045,2662,29707,675
2021-03-11,Inyo,27,18085,1347,1335,2,1337,35
2021-03-11,Kern,29,883053,93986,93052,10466,103518,1121
2021-03-11,Kings,31,150075,22358,22183,1095,23278,230
2021-03-11,Lake,33,64148,3264,3214,6,3220,42
2021-03-11,Lassen,35,31185,5121,5124,105,5229,1
2021-03-11,Los Angeles,37,10098052,1176524,1170111,41819,1211930,22316
2021-03-11,Madera,39,155013,15829,15725,885,16610,214
2021-03-11,Marin,41,260295,13409,13356,183,13539,217
2021-03-11,Mariposa,43,17540,379,376,5,381,5
2021-03-11,Mendocino,45,87422,3686,3604,70,3674,42
2021-03-11,Merced,47,269075,29110,29001,919,29920,401
2021-03-11,Modoc,49,8938,348,340,119,459,3
2021-03-11,Mono,51,14174,1190,1206,13,1219,3
2021-03-11,Monterey,53,433212,42095,41936,1782,43718,329
2021-03-11,Napa,55,140530,9191,9173,33,9206,75
2021-03-11,Nevada,57,99092,4135,4085,167,4252,66
2021-03-11,Orange,59,3164182,248387,247217,10754,257971,4373
2021-03-11,Placer,61,380077,20963,20178,1209,21387,239
2021-03-11,Plumas,63,18699,651,640,11,651,4
2021-03-11,Riverside,65,2383286,284796,280881,14256,295137,3842
2021-03-11,Sacramento,67,1510023,96282,94912,1369,96281,1455
2021-03-11,San Benito,69,59416,5800,5816,95,5911,61
2021-03-11,San Bernardino,71,2135413,286916,283312,8674,291986,3869
2021-03-11,San Diego,73,3302833,267057,264524,0,264524,3422
2021-03-11,San Francisco,75,870044,34633,34722,1217,35939,452
2021-03-11,San Joaquin,77,732212,67986,66522,3054,69576,1157
2021-03-11,San Luis Obispo,79,281455,19896,19748,616,20364,247
2021-03-11,San Mateo,81,765935,40068,39590,425,40015,341
2021-03-11,Santa Barbara,83,443738,32837,32408,1181,33589,430
2021-03-11,Santa Clara,85,1922200,111830,112246,633,112879,1765
2021-03-11,Santa Cruz,87,273765,15559,14812,853,15665,193
2021-03-11,Shasta,89,179085,11079,11139,1344,12483,158
2021-03-11,Sierra,91,2930,50,48,14,62,0
2021-03-11,Siskiyou,93,43540,1526,1466,269,1735,5
2021-03-11,Solano,95,438530,30283,30138,387,30525,171
2021-03-11,Sonoma,97,501317,28621,28677,234,28911,285
2021-03-11,Stanislaus,99,539301,51461,51038,5704,56742,707
2021-03-11,Sutter,101,95872,8957,8933,85,9018,101
2021-03-11,Tehama,103,63373,4649,4632,525,5157,33
2021-03-11,Trinity,105,12862,347,304,49,353,3
2021-03-11,Tulare,107,460477,48225,47709,8834,56543,797
2021-03-11,Tuolumne,109,53932,3929,3934,33,3967,57
2021-03-11,Ventura,111,848112,78627,78697,2932,81629,889
2021-03-11,Yolo,113,214977,13113,13041,237,13278,190
2021-03-11,Yuba,115,75493,5610,5553,92,5645,42
2021-03-10,Alameda,1,1643700,82111,81701,1831,83532,1160
2021-03-10,Alpine,3,1148,83,78,0,78,0
2021-03-10,Amador,5,37829,3510,3496,34,3530,42
2021-03-10,Butte,7,227075,11405,11096,1707,12803,185
2021-03-10,Calaveras,9,45235,1948,1913,12,1925,48
2021-03-10,Colusa,11,21464,1879,1882,278,2160,12
2021-03-10,Contra Costa,13,1133247,64279,63372,1148,64520,725
2021-03-10,Del Norte,15,27424,1047,1020,0,1020,5
2021-03-10,El Dorado,17,186661,9199,9203,637,9840,100
2021-03-10,Fresno,19,978130,97341,96866,8242,105108,1471
2021-03-10,Glenn,21,27897,2272,2253,518,2771,15
2021-03-10,Humboldt,23,135768,3323,3296,22,3318,32
2021-03-10,Imperial,25,180216,27285,27051,2662,29713,675
2021-03-10,Inyo,27,18085,1347,1328,2,1330,35
2021-03-10,Kern,29,883053,93920,92965,10443,103408,1102
2021-03-10,Kings,31,150075,22339,22166,1093,23259,226
2021-03-10,Lake,33,64148,3254,3207,6,3213,42
2021-03-10,Lassen,35,31185,5121,5120,105,5225,1
2021-03-10,Los Angeles,37,10098052,1175981,1169079,41789,1210868,22199
2021-03-10,Madera,39,155013,15808,15705,882,16587,212
2021-03-10,Marin,41,260295,13399,13348,182,13530,216
2021-03-10,Mariposa,43,17540,379,376,5,381,5
2021-03-10,Mendocino,45,87422,3681,3602,70,3672,42
2021-03-10,Merced,47,269075,29073,28927,917,29844,401
2021-03-10,Modoc,49,8938,347,338,119,457,3
2021-03-10,Mono,51,14174,1187,1204,13,1217,3
2021-03-10,Monterey,53,433212,42073,41920,1778,43698,329
2021-03-10,Napa,55,140530,9182,9165,33,9198,75
2021-03-10,Nevada,57,99092,4131,4074,167,4241,66
2021-03-10,Orange,59,3164182,248243,247075,10734,257809,4342
2021-03-10,Placer,61,380077,20928,20144,1203,21347,239
2021-03-10,Plumas,63,18699,650,639,11,650,4
2021-03-10,Riverside,65,2383286,284659,280708,14242,294950,3822
2021-03-10,Sacramento,67,1510023,96152,94796,1363,96159,1452
2021-03-10,San Benito,69,59416,5791,5811,95,5906,61
2021-03-10,San Bernardino,71,2135413,286819,283140,8667,291807,3841
2021-03-10,San Diego,73,3302833,266836,264094,0,264094,3413
2021-03-10,San Francisco,75,870044,34599,34688,1208,35896,450
2021-03-10,San Joaquin,77,732212,67885,66483,3036,69519,1156
2021-03-10,San Luis Obispo,79,281455,19872,19710,612,20322,247
2021-03-10,San Mateo,81,765935,40043,39571,425,39996,338
2021-03-10,Santa Barbara,83,443738,32810,32356,1178,33534,429
2021-03-10,Santa Clara,85,1922200,111724,112103,629,112732,1759
2021-03-10,Santa Cruz,87,273765,15544,14790,852,15642,192
2021-03-10,Shasta,89,179085,11069,11125,1341,12466,155
2021-03-10,Sierra,91,2930,50,48,14,62,0
2021-03-10,Siskiyou,93,43540,1524,1458,269,1727,5
2021-03-10,Solano,95,438530,30253,30111,386,30497,170
2021-03-10,Sonoma,97,501317,28586,28638,233,28871,286
2021-03-10,Stanislaus,99,539301,51372,50968,5690,56658,706
2021-03-10,Sutter,101,95872,8946,8918,85,9003,101
2021-03-10,Tehama,103,63373,4639,4623,525,5148,33
2021-03-10,Trinity,105,12862,347,304,49,353,3
2021-03-10,Tulare,107,460477,48177,47659,8815,56474,793
2021-03-10,Tuolumne,109,53932,3928,3931,33,3964,57
2021-03-10,Ventura,111,848112,78550,78609,2930,81539,878
2021-03-10,Yolo,113,214977,13090,13021,236,13257,189
2021-03-10,Yuba,115,75493,5596,5545,91,5636,42
2021-03-09,Alameda,1,1643700,82025,81618,1831,83449,1151
2021-03-09,Alpine,3,1148,83,78,0,78,0
2021-03-09,Amador,5,37829,3508,3494,34,3528,42
2021-03-09,Butte,7,227075,11392,11092,1705,12797,185
2021-03-09,Calaveras,9,45235,1946,1913,12,1925,48
2021-03-09,Colusa,11,21464,1879,1880,278,2158,11
2021-03-09,Contra Costa,13,1133247,64186,63314,1146,64460,723
2021-03-09,Del Norte,15,27424,1039,1017,0,1017,5
2021-03-09,El Dorado,17,186661,9192,9198,637,9835,98
2021-03-09,Fresno,19,978130,97222,96744,8216,104960,1463
2021-03-09,Glenn,21,27897,2268,2251,516,2767,15
2021-03-09,Humboldt,23,135768,3312,3288,21,3309,32
2021-03-09,Imperial,25,180216,27276,27045,2658,29703,675
2021-03-09,Inyo,27,18085,1345,1324,2,1326,35
2021-03-09,Kern,29,883053,93841,92924,10425,103349,1088
2021-03-09,Kings,31,150075,22314,22143,1091,23234,226
2021-03-09,Lake,33,64148,3248,3202,6,3208,42
2021-03-09,Lassen,35,31185,5121,5120,105,5225,1
2021-03-09,Los Angeles,37,10098052,1175387,1167967,41753,1209720,22080
2021-03-09,Madera,39,155013,15797,15701,879,16580,211
2021-03-09,Marin,41,260295,13381,13335,180,13515,214
2021-03-09,Mariposa,43,17540,379,376,5,381,5
2021-03-09,Mendocino,45,87422,3677,3595,70,3665,42
2021-03-09,Merced,47,269075,29012,28876,916,29792,399
2021-03-09,Modoc,49,8938,347,338,118,456,3
2021-03-09,Mono,51,14174,1186,1203,13,1216,3
2021-03-09,Monterey,53,433212,42056,41894,1769,43663,329
2021-03-09,Napa,55,140530,9168,9155,33,9188,75
2021-03-09,Nevada,57,99092,4123,4062,167,4229,66
2021-03-09,Orange,59,3164182,248101,246989,10713,257702,4310
2021-03-09,Placer,61,380077,20885,20122,1199,21321,239
2021-03-09,Plumas,63,18699,647,639,11,650,4
2021-03-09,Riverside,65,2383286,284531,280562,14236,294798,3821
2021-03-09,Sacramento,67,1510023,95984,94720,1357,96077,1442
2021-03-09,San Benito,69,59416,5787,5800,95,5895,61
2021-03-09,San Bernardino,71,2135413,286701,282971,8660,291631,3823
2021-03-09,San Diego,73,3302833,266603,263745,0,263745,3405
2021-03-09,San Francisco,75,870044,34569,34654,1204,35858,450
2021-03-09,San Joaquin,77,732212,67757,66383,3026,69409,1150
2021-03-09,San Luis Obispo,79,281455,19854,19672,605,20277,245
2021-03-09,San Mateo,81,765935,39995,39535,423,39958,336
2021-03-09,Santa Barbara,83,443738,32769,32314,1176,33490,428
2021-03-09,Santa Clara,85,1922200,111613,111963,624,112587,1756
2021-03-09,Santa Cruz,87,273765,15524,14764,849,15613,188
2021-03-09,Shasta,89,179085,11063,11113,1335,12448,155
2021-03-09,Sierra,91,2930,50,48,14,62,0
2021-03-09,Siskiyou,93,43540,1520,1447,267,1714,5
2021-03-09,Solano,95,438530,30217,30090,384,30474,169
2021-03-09,Sonoma,97,501317,28536,28601,230,28831,284
2021-03-09,Stanislaus,99,539301,51278,50884,5681,56565,703
2021-03-09,Sutter,101,95872,8933,8914,85,8999,101
2021-03-09,Tehama,103,63373,4631,4620,524,5144,33
2021-03-09,Trinity,105,12862,347,304,49,353,3
2021-03-09,Tulare,107,460477,48151,47637,8792,56429,792
2021-03-09,Tuolumne,109,53932,3926,3929,33,3962,56
2021-03-09,Ventura,111,848112,78481,78526,2928,81454,863
2021-03-09,Yolo,113,214977,13079,13015,235,13250,189
2021-03-09,Yuba,115,75493,5589,5539,91,5630,42
2021-03-08,Alameda,1,1643700,81911,81543,1830,83373,1142
2021-03-08,Alpine,3,1148,83,78,0,78,0
2021-03-08,Amador,5,37829,3505,3490,34,3524,42
2021-03-08,Butte,7,227075,11377,11082,1704,12786,185
2021-03-08,Calaveras,9,45235,1945,1909,12,1921,48
2021-03-08,Colusa,11,21464,1879,1877,278,2155,11
2021-03-08,Contra Costa,13,1133247,64093,63240,1146,64386,719
2021-03-08,Del Norte,15,27424,1034,1012,0,1012,5
2021-03-08,El Dorado,17,186661,9189,9188,636,9824,97
2021-03-08,Fresno,19,978130,97127,96665,8192,104857,1442
2021-03-08,Glenn,21,27897,2267,2249,516,2765,15
2021-03-08,Humboldt,23,135768,3298,3278,21,3299,31
2021-03-08,Imperial,25,180216,27269,27033,2655,29688,663
2021-03-08,Inyo,27,18085,1343,1320,2,1322,35
2021-03-08,Kern,29,883053,93774,92857,10404,103261,1087
2021-03-08,Kings,31,150075,22294,22130,1088,23218,226
2021-03-08,Lake,33,64148,3236,3195,6,3201,42
2021-03-08,Lassen,35,31185,5121,5119,105,5224,1
2021-03-08,Los Angeles,37,10098052,1174776,1163409,41719,1205128,21868
2021-03-08,Madera,39,155013,15787,15691,877,16568,211
2021-03-08,Marin,41,260295,13361,13328,178,13506,214
2021-03-08,Mariposa,43,17540,379,376,5,381,5
2021-03-08,Mendocino,45,87422,3675,3590,69,3659,42
2021-03-08,Merced,47,269075,28951,28841,915,29756,398
2021-03-08,Modoc,49,8938,347,338,118,456,3
2021-03-08,Mono,51,14174,1185,1200,13,1213,3
2021-03-08,Monterey,53,433212,42035,41863,1768,43631,328
2021-03-08,Napa,55,140530,9165,9146,33,9179,75
2021-03-08,Nevada,57,99092,4115,4059,167,4226,66
2021-03-08,Orange,59,3164182,247930,246900,10681,257581,4243
2021-03-08,Placer,61,380077,20852,20102,1188,21290,239
2021-03-08,Plumas,63,18699,646,635,11,646,4
2021-03-08,Riverside,65,2383286,284393,280463,14227,294690,3783
2021-03-08,Sacramento,67,1510023,95812,94654,1352,96006,1438
2021-03-08,San Benito,69,59416,5784,5797,95,5892,61
2021-03-08,San Bernardino,71,2135413,286595,282894,8652,291546,3811
2021-03-08,San Diego,73,3302833,266362,263272,0,263272,3390
2021-03-08,San Francisco,75,870044,34542,34634,1200,35834,446
2021-03-08,San Joaquin,77,732212,67642,66307,3017,69324,1139
2021-03-08,San Luis Obispo,79,281455,19814,19656,601,20257,245
2021-03-08,San Mateo,81,765935,39948,39492,421,39913,335
2021-03-08,Santa Barbara,83,443738,32737,32293,1176,33469,427
2021-03-08,Santa Clara,85,1922200,111487,111882,622,112504,1756
2021-03-08,Santa Cruz,87,273765,15504,14729,849,15578,188
2021-03-08,Shasta,89,179085,11055,11088,1330,12418,155
2021-03-08,Sierra,91,2930,50,48,14,62,0
2021-03-08,Siskiyou,93,43540,1519,1440,267,1707,5
2021-03-08,Solano,95,438530,30177,30068,382,30450,169
2021-03-08,Sonoma,97,501317,28492,28571,229,28800,284
2021-03-08,Stanislaus,99,539301,51198,50825,5676,56501,690
2021-03-08,Sutter,101,95872,8930,8905,85,8990,100
2021-03-08,Tehama,103,63373,4628,4615,523,5138,33
2021-03-08,Trinity,105,12862,346,302,49,351,3
2021-03-08,Tulare,107,460477,48113,47587,8765,56352,791
2021-03-08,Tuolumne,109,53932,3925,3921,33,3954,56
2021-03-08,Ventura,111,848112,78410,78526,2920,81446,852
2021-03-08,Yolo,113,214977,13056,13000,234,13234,189
2021-03-08,Yuba,115,75493,5579,5530,91,5621,42
2021-03-07,Alameda,1,1643700,81792,81413,1829,83242,1145
2021-03-07,Alpine,3,1148,83,78,0,78,0
2021-03-07,Amador,5,37829,3502,3489,34,3523,42
2021-03-07,Butte,7,227075,11362,11075,1703,12778,185
2021-03-07,Calaveras,9,45235,1944,1906,12,1918,48
2021-03-07,Colusa,11,21464,1878,1876,278,2154,11
2021-03-07,Contra Costa,13,1133247,63996,63148,1143,64291,719
2021-03-07,Del Norte,15,27424,1029,1010,0,1010,5
2021-03-07,El Dorado,17,186661,9187,9184,635,9819,97
2021-03-07,Fresno,19,978130,96952,96549,8167,104716,1442
2021-03-07,Glenn,21,27897,2265,2244,516,2760,15
2021-03-07,Humboldt,23,135768,3288,3274,21,3295,31
2021-03-07,Imperial,25,180216,27260,27019,2653,29672,658
2021-03-07,Inyo,27,18085,1340,1320,2,1322,35
2021-03-07,Kern,29,883053,93688,92746,10372,103118,1086
2021-03-07,Kings,31,150075,22274,22103,1086,23189,224
2021-03-07,Lake,33,64148,3230,3192,6,3198,42
2021-03-07,Lassen,35,31185,5120,5119,105,5224,1
2021-03-07,Los Angeles,37,10098052,1174055,1162749,41679,1204428,21857
2021-03-07,Madera,39,155013,15768,15675,877,16552,211
2021-03-07,Marin,41,260295,13353,13313,176,13489,214
2021-03-07,Mariposa,43,17540,378,376,5,381,5
2021-03-07,Mendocino,45,87422,3672,3581,69,3650,42
2021-03-07,Merced,47,269075,28879,28829,911,29740,399
2021-03-07,Modoc,49,8938,347,338,118,456,3
2021-03-07,Mono,51,14174,1183,1199,13,1212,3
2021-03-07,Monterey,53,433212,42014,41858,1765,43623,328
2021-03-07,Napa,55,140530,9155,9137,33,9170,75
2021-03-07,Nevada,57,99092,4101,4052,166,4218,66
2021-03-07,Orange,59,3164182,247741,246771,10654,257425,4218
2021-03-07,Placer,61,380077,20814,20070,1184,21254,239
2021-03-07,Plumas,63,18699,645,635,11,646,4
2021-03-07,Riverside,65,2383286,284249,280379,14216,294595,3779
2021-03-07,Sacramento,67,1510023,95635,94513,1344,95857,1437
2021-03-07,San Benito,69,59416,5777,5795,95,5890,61
2021-03-07,San Bernardino,71,2135413,286430,282860,8646,291506,3810
2021-03-07,San Diego,73,3302833,266080,262965,0,262965,3390
2021-03-07,San Francisco,75,870044,34508,34594,1195,35789,445
2021-03-07,San Joaquin,77,732212,67508,66252,3003,69255,1139
2021-03-07,San Luis Obispo,79,281455,19776,19614,599,20213,245
2021-03-07,San Mateo,81,765935,39909,39436,418,39854,329
2021-03-07,Santa Barbara,83,443738,32690,32218,1175,33393,425
2021-03-07,Santa Clara,85,1922200,111340,111745,618,112363,1752
2021-03-07,Santa Cruz,87,273765,15482,14715,848,15563,189
2021-03-07,Shasta,89,179085,11042,11083,1322,12405,156
2021-03-07,Sierra,91,2930,49,48,14,62,0
2021-03-07,Siskiyou,93,43540,1516,1435,263,1698,5
2021-03-07,Solano,95,438530,30141,30027,382,30409,169
2021-03-07,Sonoma,97,501317,28441,28533,227,28760,284
2021-03-07,Stanislaus,99,539301,51066,50783,5658,56441,699
2021-03-07,Sutter,101,95872,8920,8900,85,8985,100
2021-03-07,Tehama,103,63373,4618,4614,520,5134,33
2021-03-07,Trinity,105,12862,346,302,49,351,3
2021-03-07,Tulare,107,460477,48056,47569,8732,56301,790
2021-03-07,Tuolumne,109,53932,3924,3922,33,3955,56
2021-03-07,Ventura,111,848112,78312,78487,2916,81403,851
2021-03-07,Yolo,113,214977,13037,12988,234,13222,189
2021-03-07,Yuba,115,75493,5575,5516,91,5607,42
2021-03-06,Alameda,1,1643700,81739,81310,1828,83138,1143
2021-03-06,Alpine,3,1148,83,78,0,78,0
2021-03-06,Amador,5,37829,3498,3487,34,3521,42
2021-03-06,Butte,7,227075,11358,11065,1702,12767,185
2021-03-06,Calaveras,9,45235,1940,1904,12,1916,48
2021-03-06,Colusa,11,21464,1876,1874,278,2152,11
2021-03-06,Contra Costa,13,1133247,63936,63040,1139,64179,719
2021-03-06,Del Norte,15,27424,1024,1000,0,1000,5
2021-03-06,El Dorado,17,186661,9183,9166,635,9801,97
2021-03-06,Fresno,19,978130,96861,96366,8152,104518,1440
2021-03-06,Glenn,21,27897,2265,2241,516,2757,15
2021-03-06,Humboldt,23,135768,3278,3260,21,3281,31
2021-03-06,Imperial,25,180216,27256,27009,2648,29657,658
2021-03-06,Inyo,27,18085,1337,1312,2,1314,35
2021-03-06,Kern,29,883053,93642,92684,10351,103035,1082
2021-03-06,Kings,31,150075,22257,22094,1086,23180,224
2021-03-06,Lake,33,64148,3228,3189,6,3195,42
2021-03-06,Lassen,35,31185,5120,5119,105,5224,1
2021-03-06,Los Angeles,37,10098052,1173623,1161745,41647,1203392,21843
2021-03-06,Madera,39,155013,15759,15646,875,16521,211
2021-03-06,Marin,41,260295,13344,13289,176,13465,213
2021-03-06,Mariposa,43,17540,378,376,5,381,5
2021-03-06,Mendocino,45,87422,3670,3579,69,3648,42
2021-03-06,Merced,47,269075,28837,28771,911,29682,399
2021-03-06,Modoc,49,8938,346,338,118,456,3
2021-03-06,Mono,51,14174,1182,1198,13,1211,3
2021-03-06,Monterey,53,433212,42009,41838,1762,43600,327
2021-03-06,Napa,55,140530,9147,9129,33,9162,75
2021-03-06,Nevada,57,99092,4095,4044,166,4210,66
2021-03-06,Orange,59,3164182,247650,246634,10640,257274,4165
2021-03-06,Placer,61,380077,20791,20030,1182,21212,239
2021-03-06,Plumas,63,18699,645,634,11,645,4
2021-03-06,Riverside,65,2383286,284158,280225,14207,294432,3781
2021-03-06,Sacramento,67,1510023,95547,94332,1335,95667,1436
2021-03-06,San Benito,69,59416,5772,5793,95,5888,61
2021-03-06,San Bernardino,71,2135413,286357,282737,8644,291381,3791
2021-03-06,San Diego,73,3302833,265893,262778,0,262778,3385
2021-03-06,San Francisco,75,870044,34478,34560,1190,35750,435
2021-03-06,San Joaquin,77,732212,67434,66162,2992,69154,1138
2021-03-06,San Luis Obispo,79,281455,19757,19592,596,20188,245
2021-03-06,San Mateo,81,765935,39886,39384,418,39802,329
2021-03-06,Santa Barbara,83,443738,32659,32176,1174,33350,424
2021-03-06,Santa Clara,85,1922200,111245,111570,616,112186,1749
2021-03-06,Santa Cruz,87,273765,15471,14701,848,15549,188
2021-03-06,Shasta,89,179085,11033,11076,1320,12396,158
2021-03-06,Sierra,91,2930,49,48,14,62,0
2021-03-06,Siskiyou,93,43540,1514,1432,263,1695,5
2021-03-06,Solano,95,438530,30112,30000,381,30381,169
2021-03-06,Sonoma,97,501317,28419,28484,225,28709,284
2021-03-06,Stanislaus,99,539301,50997,50691,5651,56342,711
2021-03-06,Sutter,101,95872,8914,8887,85,8972,100
2021-03-06,Tehama,103,63373,4618,4610,518,5128,33
2021-03-06,Trinity,105,12862,346,302,49,351,3
2021-03-06,Tulare,107,460477,48025,47515,8702,56217,789
2021-03-06,Tuolumne,109,53932,3922,3920,33,3953,56
2021-03-06,Ventura,111,848112,78258,78439,2914,81353,848
2021-03-06,Yolo,113,214977,13031,12951,234,13185,189
2021-03-06,Yuba,115,75493,5566,5504,91,5595,42
2021-03-05,Alameda,1,1643700,81653,81215,1826,83041,1141
2021-03-05,Alpine,3,1148,83,78,0,78,0
2021-03-05,Amador,5,37829,3497,3484,34,3518,42
2021-03-05,Butte,7,227075,11347,11050,1701,12751,185
2021-03-05,Calaveras,9,45235,1936,1902,12,1914,48
2021-03-05,Colusa,11,21464,1876,1874,278,2152,11
2021-03-05,Contra Costa,13,1133247,63856,62886,1136,64022,711
2021-03-05,Del Norte,15,27424,1020,995,0,995,5
2021-03-05,El Dorado,17,186661,9178,9150,634,9784,97
2021-03-05,Fresno,19,978130,96755,96184,8131,104315,1432
2021-03-05,Glenn,21,27897,2260,2241,516,2757,15
2021-03-05,Humboldt,23,135768,3271,3234,21,3255,31
2021-03-05,Imperial,25,180216,27246,26970,2639,29609,651
2021-03-05,Inyo,27,18085,1333,1309,2,1311,35
2021-03-05,Kern,29,883053,93604,92601,10337,102938,1076
2021-03-05,Kings,31,150075,22240,22063,1084,23147,224
2021-03-05,Lake,33,64148,3226,3185,6,3191,42
2021-03-05,Lassen,35,31185,5120,5117,103,5220,1
2021-03-05,Los Angeles,37,10098052,1173140,1160688,41612,1202300,21745
2021-03-05,Madera,39,155013,15749,15624,873,16497,211
2021-03-05,Marin,41,260295,13331,13275,175,13450,215
2021-03-05,Mariposa,43,17540,378,375,5,380,4
2021-03-05,Mendocino,45,87422,3667,3577,69,3646,42
2021-03-05,Merced,47,269075,28803,28734,910,29644,399
2021-03-05,Modoc,49,8938,346,337,118,455,3
2021-03-05,Mono,51,14174,1181,1197,13,1210,3
2021-03-05,Monterey,53,433212,41996,41802,1762,43564,325
2021-03-05,Napa,55,140530,9139,9109,33,9142,75
2021-03-05,Nevada,57,99092,4091,4033,166,4199,66
2021-03-05,Orange,59,3164182,247536,246489,10627,257116,4108
2021-03-05,Placer,61,380077,20765,19973,1178,21151,239
2021-03-05,Plumas,63,18699,645,635,11,646,4
2021-03-05,Riverside,65,2383286,284048,280075,14201,294276,3781
2021-03-05,Sacramento,67,1510023,95448,94182,1328,95510,1430
2021-03-05,San Benito,69,59416,5769,5790,95,5885,61
2021-03-05,San Bernardino,71,2135413,286265,282640,8640,291280,3774
2021-03-05,San Diego,73,3302833,265661,262357,0,262357,3371
2021-03-05,San Francisco,75,870044,34438,34526,1186,35712,430
2021-03-05,San Joaquin,77,732212,67356,66041,2981,69022,1133
2021-03-05,San Luis Obispo,79,281455,19735,19557,594,20151,244
2021-03-05,San Mateo,81,765935,39854,39305,418,39723,326
2021-03-05,Santa Barbara,83,443738,32624,32139,1169,33308,424
2021-03-05,Santa Clara,85,1922200,111149,111384,616,112000,1745
2021-03-05,Santa Cruz,87,273765,15460,14694,848,15542,188
2021-03-05,Shasta,89,179085,11021,11062,1314,12376,148
2021-03-05,Sierra,91,2930,49,48,14,62,0
2021-03-05,Siskiyou,93,43540,1510,1429,262,1691,5
2021-03-05,Solano,95,438530,30095,29951,379,30330,168
2021-03-05,Sonoma,97,501317,28392,28417,225,28642,279
2021-03-05,Stanislaus,99,539301,50946,50606,5641,56247,721
2021-03-05,Sutter,101,95872,8907,8876,85,8961,100
2021-03-05,Tehama,103,63373,4609,4606,518,5124,33
2021-03-05,Trinity,105,12862,346,302,49,351,3
2021-03-05,Tulare,107,460477,47998,47469,8681,56150,789
2021-03-05,Tuolumne,109,53932,3920,3917,33,3950,56
2021-03-05,Ventura,111,848112,78191,78368,2912,81280,839
2021-03-05,Yolo,113,214977,13019,12920,233,13153,188
2021-03-05,Yuba,115,75493,5554,5496,91,5587,42
2021-03-04,Alameda,1,1643700,81541,81115,1826,82941,1136
2021-03-04,Alpine,3,1148,83,78,0,78,0
2021-03-04,Amador,5,37829,3496,3480,34,3514,42
2021-03-04,Butte,7,227075,11340,11033,1700,12733,185
2021-03-04,Calaveras,9,45235,1935,1896,12,1908,48
2021-03-04,Colusa,11,21464,1874,1873,273,2146,11
2021-03-04,Contra Costa,13,1133247,63758,62789,1133,63922,708
2021-03-04,Del Norte,15,27424,1012,989,0,989,5
2021-03-04,El Dorado,17,186661,9163,9133,634,9767,97
2021-03-04,Fresno,19,978130,96593,96023,8113,104136,1422
2021-03-04,Glenn,21,27897,2256,2236,513,2749,15
2021-03-04,Humboldt,23,135768,3258,3212,21,3233,31
2021-03-04,Imperial,25,180216,27235,26946,2635,29581,646
2021-03-04,Inyo,27,18085,1330,1300,2,1302,35
2021-03-04,Kern,29,883053,93517,92525,10317,102842,1070
2021-03-04,Kings,31,150075,22215,22025,1081,23106,224
2021-03-04,Lake,33,64148,3218,3181,6,3187,42
2021-03-04,Lassen,35,31185,5120,5116,103,5219,1
2021-03-04,Los Angeles,37,10098052,1172531,1159405,41561,1200966,21610
2021-03-04,Madera,39,155013,15715,15596,869,16465,208
2021-03-04,Marin,41,260295,13314,13240,172,13412,215
2021-03-04,Mariposa,43,17540,378,376,5,381,4
2021-03-04,Mendocino,45,87422,3664,3569,69,3638,42
2021-03-04,Merced,47,269075,28753,28671,908,29579,396
2021-03-04,Modoc,49,8938,345,336,118,454,3
2021-03-04,Mono,51,14174,1181,1197,13,1210,3
2021-03-04,Monterey,53,433212,41976,41771,1759,43530,325
2021-03-04,Napa,55,140530,9131,9094,33,9127,74
2021-03-04,Nevada,57,99092,4081,4020,166,4186,66
2021-03-04,Orange,59,3164182,247384,246354,10608,256962,4096
2021-03-04,Placer,61,380077,20733,19900,1172,21072,239
2021-03-04,Plumas,63,18699,645,634,11,645,4
2021-03-04,Riverside,65,2383286,283923,279871,14188,294059,3766
2021-03-04,Sacramento,67,1510023,95315,93982,1325,95307,1426
2021-03-04,San Benito,69,59416,5769,5781,95,5876,61
2021-03-04,San Bernardino,71,2135413,286130,282407,8636,291043,3757
2021-03-04,San Diego,73,3302833,265402,261858,0,261858,3359
2021-03-04,San Francisco,75,870044,34404,34480,1183,35663,426
2021-03-04,San Joaquin,77,732212,67264,65931,2971,68902,1129
2021-03-04,San Luis Obispo,79,281455,19697,19520,592,20112,243
2021-03-04,San Mateo,81,765935,39810,39225,417,39642,322
2021-03-04,Santa Barbara,83,443738,32587,32090,1168,33258,423
2021-03-04,Santa Clara,85,1922200,111016,111194,613,111807,1723
2021-03-04,Santa Cruz,87,273765,15441,14669,848,15517,186
2021-03-04,Shasta,89,179085,11018,11050,1305,12355,150
2021-03-04,Sierra,91,2930,49,48,14,62,0
2021-03-04,Siskiyou,93,43540,1504,1427,262,1689,5
2021-03-04,Solano,95,438530,30068,29905,378,30283,168
2021-03-04,Sonoma,97,501317,28337,28379,224,28603,279
2021-03-04,Stanislaus,99,539301,50858,50521,5632,56153,731
2021-03-04,Sutter,101,95872,8895,8849,85,8934,100
2021-03-04,Tehama,103,63373,4603,4604,518,5122,33
2021-03-04,Trinity,105,12862,346,302,49,351,3
2021-03-04,Tulare,107,460477,47954,47398,8655,56053,784
2021-03-04,Tuolumne,109,53932,3914,3916,33,3949,56
2021-03-04,Ventura,111,848112,78104,78184,2910,81094,831
2021-03-04,Yolo,113,214977,12999,12895,233,13128,189
2021-03-04,Yuba,115,75493,5542,5483,91,5574,41
2021-03-03,Alameda,1,1643700,81419,80972,1824,82796,1127
2021-03-03,Alpine,3,1148,83,77,0,77,0
2021-03-03,Amador,5,37829,3494,3478,33,3511,42
2021-03-03,Butte,7,227075,11333,11014,1699,12713,184
2021-03-03,Calaveras,9,45235,1932,1893,12,1905,48
2021-03-03,Colusa,11,21464,1873,1873,273,2146,11
2021-03-03,Contra Costa,13,1133247,63660,62668,1130,63798,708
2021-03-03,Del Norte,15,27424,1009,988,0,988,5
2021-03-03,El Dorado,17,186661,9153,9121,634,9755,97
2021-03-03,Fresno,19,978130,96452,95893,8095,103988,1415
2021-03-03,Glenn,21,27897,2256,2233,513,2746,15
2021-03-03,Humboldt,23,135768,3246,3196,21,3217,30
2021-03-03,Imperial,25,180216,27217,26939,2630,29569,640
2021-03-03,Inyo,27,18085,1322,1294,2,1296,35
2021-03-03,Kern,29,883053,93444,92434,10299,102733,1063
2021-03-03,Kings,31,150075,22199,22009,1080,23089,223
2021-03-03,Lake,33,64148,3211,3175,6,3181,40
2021-03-03,Lassen,35,31185,5120,5115,102,5217,1
2021-03-03,Los Angeles,37,10098052,1171896,1157911,41518,1199429,21500
2021-03-03,Madera,39,155013,15696,15553,863,16416,203
2021-03-03,Marin,41,260295,13301,13216,172,13388,214
2021-03-03,Mariposa,43,17540,377,376,5,381,4
2021-03-03,Mendocino,45,87422,3656,3564,69,3633,42
2021-03-03,Merced,47,269075,28700,28625,908,29533,393
2021-03-03,Modoc,49,8938,345,333,117,450,3
2021-03-03,Mono,51,14174,1181,1191,13,1204,3
2021-03-03,Monterey,53,433212,41943,41731,1756,43487,325
2021-03-03,Napa,55,140530,9123,9090,33,9123,72
2021-03-03,Nevada,57,99092,4071,4009,166,4175,66
2021-03-03,Orange,59,3164182,247240,246120,10592,256712,4072
2021-03-03,Placer,61,380077,20707,19851,1169,21020,239
2021-03-03,Plumas,63,18699,644,631,11,642,4
2021-03-03,Riverside,65,2383286,283794,279626,14183,293809,3735
2021-03-03,Sacramento,67,1510023,95155,93819,1316,95135,1419
2021-03-03,San Benito,69,59416,5768,5774,95,5869,61
2021-03-03,San Bernardino,71,2135413,285991,282138,8629,290767,3664
2021-03-03,San Diego,73,3302833,265140,261350,0,261350,3342
2021-03-03,San Francisco,75,870044,34373,34443,1180,35623,426
2021-03-03,San Joaquin,77,732212,67153,65855,2964,68819,1115
2021-03-03,San Luis Obispo,79,281455,19672,19479,588,20067,241
2021-03-03,San Mateo,81,765935,39763,39189,416,39605,319
2021-03-03,Santa Barbara,83,443738,32550,32027,1168,33195,421
2021-03-03,Santa Clara,85,1922200,110860,110991,611,111602,1720
2021-03-03,Santa Cruz,87,273765,15430,14645,848,15493,185
2021-03-03,Shasta,89,179085,11008,11023,1298,12321,150
2021-03-03,Sierra,91,2930,49,48,14,62,0
2021-03-03,Siskiyou,93,43540,1502,1424,262,1686,5
2021-03-03,Solano,95,438530,30032,29866,377,30243,167
2021-03-03,Sonoma,97,501317,28297,28307,223,28530,279
2021-03-03,Stanislaus,99,539301,50781,50438,5624,56062,730
2021-03-03,Sutter,101,95872,8886,8840,85,8925,99
2021-03-03,Tehama,103,63373,4600,4601,518,5119,32
2021-03-03,Trinity,105,12862,346,302,49,351,3
2021-03-03,Tulare,107,460477,47904,47348,8624,55972,778
2021-03-03,Tuolumne,109,53932,3912,3914,32,3946,56
2021-03-03,Ventura,111,848112,78022,78057,2904,80961,822
2021-03-03,Yolo,113,214977,12986,12890,233,13123,189
2021-03-03,Yuba,115,75493,5529,5479,91,5570,41
2021-03-02,Alameda,1,1643700,81302,80904,1822,82726,1116
2021-03-02,Alpine,3,1148,83,77,0,77,0
2021-03-02,Amador,5,37829,3492,3474,33,3507,42
2021-03-02,Butte,7,227075,11323,11007,1697,12704,182
2021-03-02,Calaveras,9,45235,1926,1890,12,1902,48
2021-03-02,Colusa,11,21464,1873,1872,272,2144,11
2021-03-02,Contra Costa,13,1133247,63549,62557,1125,63682,694
2021-03-02,Del Norte,15,27424,1002,983,0,983,5
2021-03-02,El Dorado,17,186661,9145,9116,634,9750,98
2021-03-02,Fresno,19,978130,96308,95785,8067,103852,1410
2021-03-02,Glenn,21,27897,2250,2232,512,2744,15
2021-03-02,Humboldt,23,135768,3227,3184,21,3205,30
2021-03-02,Imperial,25,180216,27207,26926,2628,29554,637
2021-03-02,Inyo,27,18085,1318,1292,2,1294,35
2021-03-02,Kern,29,883053,93339,92313,10270,102583,1046
2021-03-02,Kings,31,150075,22147,21999,1078,23077,217
2021-03-02,Lake,33,64148,3205,3169,6,3175,40
2021-03-02,Lassen,35,31185,5115,5115,101,5216,1
2021-03-02,Los Angeles,37,10098052,1171257,1156826,41471,1198297,21395
2021-03-02,Madera,39,155013,15676,15523,860,16383,194
2021-03-02,Marin,41,260295,13278,13186,171,13357,214
2021-03-02,Mariposa,43,17540,377,376,5,381,4
2021-03-02,Mendocino,45,87422,3653,3562,68,3630,41
2021-03-02,Merced,47,269075,28643,28598,908,29506,389
2021-03-02,Modoc,49,8938,345,332,117,449,3
2021-03-02,Mono,51,14174,1180,1191,13,1204,3
2021-03-02,Monterey,53,433212,41916,41716,1754,43470,325
2021-03-02,Napa,55,140530,9111,9080,33,9113,71
2021-03-02,Nevada,57,99092,4062,3983,164,4147,66
2021-03-02,Orange,59,3164182,247094,246004,10576,256580,4037
2021-03-02,Placer,61,380077,20652,19828,1166,20994,239
2021-03-02,Plumas,63,18699,642,628,11,639,4
2021-03-02,Riverside,65,2383286,283628,279486,14175,293661,3721
2021-03-02,Sacramento,67,1510023,94988,93690,1315,95005,1411
2021-03-02,San Benito,69,59416,5761,5770,95,5865,60
2021-03-02,San Bernardino,71,2135413,285857,281919,8622,290541,3604
2021-03-02,San Diego,73,3302833,264897,260998,0,260998,3317
2021-03-02,San Francisco,75,870044,34332,34387,1176,35563,424
2021-03-02,San Joaquin,77,732212,67047,65769,2944,68713,1111
2021-03-02,San Luis Obispo,79,281455,19640,19452,587,20039,241
2021-03-02,San Mateo,81,765935,39712,39148,415,39563,317
2021-03-02,Santa Barbara,83,443738,32502,31964,1164,33128,416
2021-03-02,Santa Clara,85,1922200,110682,110832,609,111441,1706
2021-03-02,Santa Cruz,87,273765,15416,14611,846,15457,185
2021-03-02,Shasta,89,179085,10994,11012,1287,12299,149
2021-03-02,Sierra,91,2930,49,48,14,62,0
2021-03-02,Siskiyou,93,43540,1498,1412,260,1672,5
2021-03-02,Solano,95,438530,29999,29827,375,30202,167
2021-03-02,Sonoma,97,501317,28243,28261,223,28484,279
2021-03-02,Stanislaus,99,539301,50694,50359,5610,55969,724
2021-03-02,Sutter,101,95872,8877,8832,85,8917,99
2021-03-02,Tehama,103,63373,4598,4597,518,5115,32
2021-03-02,Trinity,105,12862,346,301,49,350,3
2021-03-02,Tulare,107,460477,47847,47326,8599,55925,783
2021-03-02,Tuolumne,109,53932,3908,3908,32,3940,53
2021-03-02,Ventura,111,848112,77931,77952,2900,80852,780
2021-03-02,Yolo,113,214977,12969,12867,233,13100,189
2021-03-02,Yuba,115,75493,5521,5475,91,5566,41
2021-03-01,Alameda,1,1643700,81176,80805,1820,82625,1105
2021-03-01,Alpine,3,1148,81,77,0,77,0
2021-03-01,Amador,5,37829,3489,3469,33,3502,42
2021-03-01,Butte,7,227075,11307,10981,1692,12673,180
2021-03-01,Calaveras,9,45235,1920,1885,12,1897,46
2021-03-01,Colusa,11,21464,1872,1871,272,2143,11
2021-03-01,Contra Costa,13,1133247,63442,62458,1124,63582,694
2021-03-01,Del Norte,15,27424,997,982,0,982,5
2021-03-01,El Dorado,17,186661,9121,9085,634,9719,98
2021-03-01,Fresno,19,978130,96171,95677,8043,103720,1405
2021-03-01,Glenn,21,27897,2245,2232,511,2743,15
2021-03-01,Humboldt,23,135768,3209,3179,21,3200,30
2021-03-01,Imperial,25,180216,27197,26913,2620,29533,636
2021-03-01,Inyo,27,18085,1315,1285,2,1287,35
2021-03-01,Kern,29,883053,93252,92219,10243,102462,1041
2021-03-01,Kings,31,150075,22130,21988,1072,23060,217
2021-03-01,Lake,33,64148,3200,3164,6,3170,40
2021-03-01,Lassen,35,31185,5113,5111,101,5212,1
2021-03-01,Los Angeles,37,10098052,1170611,1155984,41426,1197410,21293
2021-03-01,Madera,39,155013,15647,15505,849,16354,194
2021-03-01,Marin,41,260295,13252,13161,170,13331,214
2021-03-01,Mariposa,43,17540,377,375,5,380,4
2021-03-01,Mendocino,45,87422,3646,3561,68,3629,41
2021-03-01,Merced,47,269075,28598,28575,904,29479,385
2021-03-01,Modoc,49,8938,342,331,116,447,3
2021-03-01,Mono,51,14174,1179,1192,13,1205,3
2021-03-01,Monterey,53,433212,41891,41697,1752,43449,324
2021-03-01,Napa,55,140530,9102,9056,33,9089,70
2021-03-01,Nevada,57,99092,4043,3979,164,4143,66
2021-03-01,Orange,59,3164182,246902,245852,10562,256414,3976
2021-03-01,Placer,61,380077,20614,19803,1163,20966,239
2021-03-01,Plumas,63,18699,642,628,11,639,4
2021-03-01,Riverside,65,2383286,283413,279323,14167,293490,3680
2021-03-01,Sacramento,67,1510023,94843,93546,1313,94859,1401
2021-03-01,San Benito,69,59416,5756,5772,95,5867,57
2021-03-01,San Bernardino,71,2135413,285709,281685,8618,290303,3603
2021-03-01,San Diego,73,3302833,264582,260622,0,260622,3303
2021-03-01,San Francisco,75,870044,34288,34318,1168,35486,424
2021-03-01,San Joaquin,77,732212,66940,65699,2932,68631,1097
2021-03-01,San Luis Obispo,79,281455,19618,19429,585,20014,239
2021-03-01,San Mateo,81,765935,39662,39096,414,39510,314
2021-03-01,Santa Barbara,83,443738,32460,31909,1163,33072,413
2021-03-01,Santa Clara,85,1922200,110524,110684,606,111290,1704
2021-03-01,Santa Cruz,87,273765,15397,14575,845,15420,185
2021-03-01,Shasta,89,179085,10982,10990,1284,12274,149
2021-03-01,Sierra,91,2930,49,48,14,62,0
2021-03-01,Siskiyou,93,43540,1494,1408,258,1666,5
2021-03-01,Solano,95,438530,29956,29779,374,30153,166
2021-03-01,Sonoma,97,501317,28196,28222,221,28443,278
2021-03-01,Stanislaus,99,539301,50620,50293,5603,55896,722
2021-03-01,Sutter,101,95872,8865,8825,85,8910,99
2021-03-01,Tehama,103,63373,4594,4595,518,5113,32
2021-03-01,Trinity,105,12862,346,298,48,346,3
2021-03-01,Tulare,107,460477,47810,47275,8564,55839,781
2021-03-01,Tuolumne,109,53932,3905,3907,32,3939,53
2021-03-01,Ventura,111,848112,77849,77849,2899,80748,775
2021-03-01,Yolo,113,214977,12952,12854,231,13085,188
2021-03-01,Yuba,115,75493,5509,5466,91,5557,41
2021-02-28,Alameda,1,1643700,81053,80727,1818,82545,1105
2021-02-28,Alpine,3,1148,81,77,0,77,0
2021-02-28,Amador,5,37829,3484,3466,32,3498,42
2021-02-28,Butte,7,227075,11292,10970,1692,12662,180
2021-02-28,Calaveras,9,45235,1914,1881,12,1893,46
2021-02-28,Colusa,11,21464,1872,1871,271,2142,11
2021-02-28,Contra Costa,13,1133247,63315,62386,1119,63505,694
2021-02-28,Del Norte,15,27424,995,981,0,981,5
2021-02-28,El Dorado,17,186661,9110,9082,634,9716,98
2021-02-28,Fresno,19,978130,95993,95548,8008,103556,1405
2021-02-28,Glenn,21,27897,2243,2230,509,2739,15
2021-02-28,Humboldt,23,135768,3186,3179,21,3200,30
2021-02-28,Imperial,25,180216,27171,26909,2613,29522,636
2021-02-28,Inyo,27,18085,1310,1282,2,1284,35
2021-02-28,Kern,29,883053,93138,92169,10221,102390,1012
2021-02-28,Kings,31,150075,22109,21967,1071,23038,217
2021-02-28,Lake,33,64148,3195,3164,6,3170,40
2021-02-28,Lassen,35,31185,5112,5106,101,5207,1
2021-02-28,Los Angeles,37,10098052,1169836,1155141,41362,1196503,21261
2021-02-28,Madera,39,155013,15605,15496,846,16342,199
2021-02-28,Marin,41,260295,13229,13152,168,13320,214
2021-02-28,Mariposa,43,17540,377,374,5,379,4
2021-02-28,Mendocino,45,87422,3640,3558,68,3626,41
2021-02-28,Merced,47,269075,28536,28546,903,29449,384
2021-02-28,Modoc,49,8938,342,331,116,447,3
2021-02-28,Mono,51,14174,1176,1192,13,1205,3
2021-02-28,Monterey,53,433212,41859,41683,1751,43434,323
2021-02-28,Napa,55,140530,9083,9053,33,9086,70
2021-02-28,Nevada,57,99092,4030,3972,164,4136,66
2021-02-28,Orange,59,3164182,246702,245706,10554,256260,3970
2021-02-28,Placer,61,380077,20568,19775,1161,20936,239
2021-02-28,Plumas,63,18699,642,628,11,639,4
2021-02-28,Riverside,65,2383286,283194,279214,14156,293370,3661
2021-02-28,Sacramento,67,1510023,94659,93463,1308,94771,1398
2021-02-28,San Benito,69,59416,5745,5772,95,5867,57
2021-02-28,San Bernardino,71,2135413,285578,281620,8605,290225,3595
2021-02-28,San Diego,73,3302833,264286,260353,0,260353,3303
2021-02-28,San Francisco,75,870044,34247,34291,1161,35452,417
2021-02-28,San Joaquin,77,732212,66832,65662,2923,68585,1097
2021-02-28,San Luis Obispo,79,281455,19583,19422,582,20004,237
2021-02-28,San Mateo,81,765935,39608,39059,413,39472,314
2021-02-28,Santa Barbara,83,443738,32409,31877,1162,33039,413
2021-02-28,Santa Clara,85,1922200,110326,110556,603,111159,1704
2021-02-28,Santa Cruz,87,273765,15368,14571,842,15413,185
2021-02-28,Shasta,89,179085,10961,10990,1280,12270,149
2021-02-28,Sierra,91,2930,49,48,14,62,0
2021-02-28,Siskiyou,93,43540,1486,1408,257,1665,5
2021-02-28,Solano,95,438530,29900,29758,369,30127,166
2021-02-28,Sonoma,97,501317,28134,28193,220,28413,279
2021-02-28,Stanislaus,99,539301,50530,50228,5589,55817,728
2021-02-28,Sutter,101,95872,8850,8825,85,8910,99
2021-02-28,Tehama,103,63373,4587,4590,518,5108,32
2021-02-28,Trinity,105,12862,346,298,48,346,3
2021-02-28,Tulare,107,460477,47748,47258,8533,55791,780
2021-02-28,Tuolumne,109,53932,3900,3905,32,3937,53
2021-02-28,Ventura,111,848112,77738,77749,2896,80645,775
2021-02-28,Yolo,113,214977,12930,12851,231,13082,188
2021-02-28,Yuba,115,75493,5499,5461,91,5552,41
2021-02-27,Alameda,1,1643700,80979,80565,1816,82381,1108
2021-02-27,Alpine,3,1148,81,77,0,77,0
2021-02-27,Amador,5,37829,3482,3463,32,3495,42
2021-02-27,Butte,7,227075,11280,10962,1692,12654,180
2021-02-27,Calaveras,9,45235,1912,1875,12,1887,46
2021-02-27,Colusa,11,21464,1871,1869,271,2140,11
2021-02-27,Contra Costa,13,1133247,63244,62248,1116,63364,693
2021-02-27,Del Norte,15,27424,993,978,0,978,5
2021-02-27,El Dorado,17,186661,9106,9072,634,9706,98
2021-02-27,Fresno,19,978130,95920,95393,7994,103387,1400
2021-02-27,Glenn,21,27897,2243,2225,508,2733,15
2021-02-27,Humboldt,23,135768,3180,3167,21,3188,30
2021-02-27,Imperial,25,180216,27163,26903,2612,29515,633
2021-02-27,Inyo,27,18085,1307,1275,2,1277,35
2021-02-27,Kern,29,883053,93078,92053,10206,102259,996
2021-02-27,Kings,31,150075,22099,21955,1068,23023,216
2021-02-27,Lake,33,64148,3192,3156,6,3162,40
2021-02-27,Lassen,35,31185,5112,5106,101,5207,1
2021-02-27,Los Angeles,37,10098052,1169346,1154275,41332,1195607,21158
2021-02-27,Madera,39,155013,15588,15467,845,16312,199
2021-02-27,Marin,41,260295,13205,13134,168,13302,214
2021-02-27,Mariposa,43,17540,377,374,5,379,4
2021-02-27,Mendocino,45,87422,3637,3555,68,3623,41
2021-02-27,Merced,47,269075,28495,28501,894,29395,384
2021-02-27,Modoc,49,8938,342,331,115,446,3
2021-02-27,Mono,51,14174,1174,1191,13,1204,3
2021-02-27,Monterey,53,433212,41850,41665,1751,43416,322
2021-02-27,Napa,55,140530,9072,9038,33,9071,71
2021-02-27,Nevada,57,99092,4024,3960,164,4124,66
2021-02-27,Orange,59,3164182,246576,245542,10542,256084,3960
2021-02-27,Placer,61,380077,20532,19726,1158,20884,239
2021-02-27,Plumas,63,18699,642,628,11,639,4
2021-02-27,Riverside,65,2383286,283085,279048,14146,293194,3663
2021-02-27,Sacramento,67,1510023,94577,93281,1297,94578,1396
2021-02-27,San Benito,69,59416,5744,5767,94,5861,57
2021-02-27,San Bernardino,71,2135413,285507,281471,8598,290069,3527
2021-02-27,San Diego,73,3302833,264097,260091,0,260091,3284
2021-02-27,San Francisco,75,870044,34214,34260,1158,35418,413
2021-02-27,San Joaquin,77,732212,66786,65578,2921,68499,1100
2021-02-27,San Luis Obispo,79,281455,19562,19411,581,19992,237
2021-02-27,San Mateo,81,765935,39565,38998,412,39410,313
2021-02-27,Santa Barbara,83,443738,32375,31805,1161,32966,411
2021-02-27,Santa Clara,85,1922200,110179,110361,601,110962,1703
2021-02-27,Santa Cruz,87,273765,15359,14552,841,15393,185
2021-02-27,Shasta,89,179085,10955,10985,1276,12261,149
2021-02-27,Sierra,91,2930,49,48,14,62,0
2021-02-27,Siskiyou,93,43540,1484,1407,256,1663,5
2021-02-27,Solano,95,438530,29872,29718,368,30086,165
2021-02-27,Sonoma,97,501317,28090,28141,214,28355,281
2021-02-27,Stanislaus,99,539301,50476,50147,5579,55726,733
2021-02-27,Sutter,101,95872,8845,8820,85,8905,99
2021-02-27,Tehama,103,63373,4584,4584,518,5102,32
2021-02-27,Trinity,105,12862,346,298,48,346,3
2021-02-27,Tulare,107,460477,47712,47209,8506,55715,770
2021-02-27,Tuolumne,109,53932,3897,3899,32,3931,53
2021-02-27,Ventura,111,848112,77666,77623,2893,80516,771
2021-02-27,Yolo,113,214977,12918,12834,231,13065,188
2021-02-27,Yuba,115,75493,5496,5450,91,5541,39
2021-02-26,Alameda,1,1643700,80883,80387,1811,82198,1106
2021-02-26,Alpine,3,1148,81,77,0,77,0
2021-02-26,Amador,5,37829,3476,3457,32,3489,42
2021-02-26,Butte,7,227075,11270,10941,1691,12632,180
2021-02-26,Calaveras,9,45235,1911,1873,12,1885,46
2021-02-26,Colusa,11,21464,1871,1865,271,2136,11
2021-02-26,Contra Costa,13,1133247,63162,62114,1116,63230,685
2021-02-26,Del Norte,15,27424,989,968,0,968,5
2021-02-26,El Dorado,17,186661,9101,9038,632,9670,98
2021-02-26,Fresno,19,978130,95817,95202,7986,103188,1391
2021-02-26,Glenn,21,27897,2240,2220,508,2728,15
2021-02-26,Humboldt,23,135768,3174,3152,21,3173,30
2021-02-26,Imperial,25,180216,27155,26888,2610,29498,631
2021-02-26,Inyo,27,18085,1305,1271,2,1273,34
2021-02-26,Kern,29,883053,92999,91884,10190,102074,997
2021-02-26,Kings,31,150075,22083,21917,1065,22982,216
2021-02-26,Lake,33,64148,3187,3153,6,3159,40
2021-02-26,Lassen,35,31185,5112,5102,101,5203,1
2021-02-26,Los Angeles,37,10098052,1168778,1153131,41269,1194400,21070
2021-02-26,Madera,39,155013,15572,15436,843,16279,199
2021-02-26,Marin,41,260295,13191,13091,168,13259,214
2021-02-26,Mariposa,43,17540,377,375,5,380,4
2021-02-26,Mendocino,45,87422,3632,3549,68,3617,41
2021-02-26,Merced,47,269075,28463,28455,893,29348,382
2021-02-26,Modoc,49,8938,341,330,115,445,3
2021-02-26,Mono,51,14174,1172,1191,13,1204,3
2021-02-26,Monterey,53,433212,41824,41607,1751,43358,322
2021-02-26,Napa,55,140530,9066,9014,33,9047,70
2021-02-26,Nevada,57,99092,4013,3952,164,4116,66
2021-02-26,Orange,59,3164182,246438,245278,10532,255810,3918
2021-02-26,Placer,61,380077,20506,19712,1152,20864,239
2021-02-26,Plumas,63,18699,642,628,11,639,4
2021-02-26,Riverside,65,2383286,282941,278772,14140,292912,3653
2021-02-26,Sacramento,67,1510023,94454,93180,1294,94474,1390
2021-02-26,San Benito,69,59416,5743,5759,94,5853,57
2021-02-26,San Bernardino,71,2135413,285398,281132,8596,289728,3461
2021-02-26,San Diego,73,3302833,263870,259641,0,259641,3271
2021-02-26,San Francisco,75,870044,34184,34213,1153,35366,413
2021-02-26,San Joaquin,77,732212,66705,65492,2915,68407,1070
2021-02-26,San Luis Obispo,79,281455,19546,19359,579,19938,234
2021-02-26,San Mateo,81,765935,39519,38922,412,39334,313
2021-02-26,Santa Barbara,83,443738,32332,31724,1160,32884,410
2021-02-26,Santa Clara,85,1922200,110049,110168,599,110767,1700
2021-02-26,Santa Cruz,87,273765,15347,14528,840,15368,185
2021-02-26,Shasta,89,179085,10949,10972,1266,12238,149
2021-02-26,Sierra,91,2930,49,47,14,61,0
2021-02-26,Siskiyou,93,43540,1484,1401,256,1657,5
2021-02-26,Solano,95,438530,29838,29651,367,30018,165
2021-02-26,Sonoma,97,501317,28062,28063,213,28276,280
2021-02-26,Stanislaus,99,539301,50420,50054,5571,55625,737
2021-02-26,Sutter,101,95872,8836,8806,85,8891,99
2021-02-26,Tehama,103,63373,4582,4581,518,5099,32
2021-02-26,Trinity,105,12862,345,298,48,346,3
2021-02-26,Tulare,107,460477,47677,47135,8475,55610,770
2021-02-26,Tuolumne,109,53932,3896,3896,32,3928,53
2021-02-26,Ventura,111,848112,77566,77534,2891,80425,765
2021-02-26,Yolo,113,214977,12911,12816,231,13047,188
2021-02-26,Yuba,115,75493,5491,5438,91,5529,39
2021-02-25,Alameda,1,1643700,80761,80181,1810,81991,1093
2021-02-25,Alpine,3,1148,81,77,0,77,0
2021-02-25,Amador,5,37829,3473,3448,32,3480,41
2021-02-25,Butte,7,227075,11249,10922,1686,12608,178
2021-02-25,Calaveras,9,45235,1903,1868,12,1880,46
2021-02-25,Colusa,11,21464,1868,1863,270,2133,11
2021-02-25,Contra Costa,13,1133247,63060,61910,1116,63026,686
2021-02-25,Del Norte,15,27424,979,966,0,966,5
2021-02-25,El Dorado,17,186661,9085,9012,632,9644,98
2021-02-25,Fresno,19,978130,95674,95015,7965,102980,1377
2021-02-25,Glenn,21,27897,2237,2219,507,2726,15
2021-02-25,Humboldt,23,135768,3167,3129,20,3149,30
2021-02-25,Imperial,25,180216,27149,26855,2606,29461,628
2021-02-25,Inyo,27,18085,1299,1264,2,1266,33
2021-02-25,Kern,29,883053,92885,91735,10164,101899,992
2021-02-25,Kings,31,150075,22074,21900,1062,22962,216
2021-02-25,Lake,33,64148,3178,3141,6,3147,40
2021-02-25,Lassen,35,31185,5111,5097,99,5196,1
2021-02-25,Los Angeles,37,10098052,1168041,1151846,41209,1193055,20931
2021-02-25,Madera,39,155013,15537,15414,839,16253,194
2021-02-25,Marin,41,260295,13167,13067,168,13235,214
2021-02-25,Mariposa,43,17540,377,375,5,380,4
2021-02-25,Mendocino,45,87422,3627,3542,68,3610,41
2021-02-25,Merced,47,269075,28413,28383,892,29275,382
2021-02-25,Modoc,49,8938,341,329,115,444,3
2021-02-25,Mono,51,14174,1171,1190,13,1203,3
2021-02-25,Monterey,53,433212,41799,41564,1746,43310,321
2021-02-25,Napa,55,140530,9040,8998,33,9031,70
2021-02-25,Nevada,57,99092,3996,3940,163,4103,66
2021-02-25,Orange,59,3164182,246264,245000,10522,255522,3882
2021-02-25,Placer,61,380077,20465,19661,1150,20811,239
2021-02-25,Plumas,63,18699,642,626,11,637,4
2021-02-25,Riverside,65,2383286,282756,278544,14116,292660,3646
2021-02-25,Sacramento,67,1510023,94295,92961,1281,94242,1386
2021-02-25,San Benito,69,59416,5738,5752,94,5846,58
2021-02-25,San Bernardino,71,2135413,285250,280946,8587,289533,3409
2021-02-25,San Diego,73,3302833,263575,258979,0,258979,3260
2021-02-25,San Francisco,75,870044,34142,34138,1150,35288,408
2021-02-25,San Joaquin,77,732212,66622,65389,2903,68292,1047
2021-02-25,San Luis Obispo,79,281455,19525,19335,577,19912,234
2021-02-25,San Mateo,81,765935,39474,38872,412,39284,300
2021-02-25,Santa Barbara,83,443738,32256,31631,1159,32790,408
2021-02-25,Santa Clara,85,1922200,109885,109923,598,110521,1677
2021-02-25,Santa Cruz,87,273765,15329,14492,838,15330,185
2021-02-25,Shasta,89,179085,10937,10947,1261,12208,148
2021-02-25,Sierra,91,2930,49,47,14,61,0
2021-02-25,Siskiyou,93,43540,1480,1390,253,1643,4
2021-02-25,Solano,95,438530,29806,29616,367,29983,161
2021-02-25,Sonoma,97,501317,28008,28004,210,28214,278
2021-02-25,Stanislaus,99,539301,50331,49964,5560,55524,738
2021-02-25,Sutter,101,95872,8822,8789,84,8873,99
2021-02-25,Tehama,103,63373,4578,4578,516,5094,32
2021-02-25,Trinity,105,12862,345,297,48,345,3
2021-02-25,Tulare,107,460477,47629,47052,8447,55499,765
2021-02-25,Tuolumne,109,53932,3893,3894,32,3926,53
2021-02-25,Ventura,111,848112,77461,77395,2885,80280,751
2021-02-25,Yolo,113,214977,12894,12787,231,13018,188
2021-02-25,Yuba,115,75493,5483,5429,91,5520,39
2021-02-24,Alameda,1,1643700,80638,80070,1806,81876,1082
2021-02-24,Alpine,3,1148,80,77,0,77,0
2021-02-24,Amador,5,37829,3468,3444,32,3476,41
2021-02-24,Butte,7,227075,11237,10915,1682,12597,178
2021-02-24,Calaveras,9,45235,1900,1864,12,1876,31
2021-02-24,Colusa,11,21464,1866,1863,270,2133,11
2021-02-24,Contra Costa,13,1133247,62952,61776,1116,62892,663
2021-02-24,Del Norte,15,27424,978,960,0,960,5
2021-02-24,El Dorado,17,186661,9073,8993,632,9625,98
2021-02-24,Fresno,19,978130,95528,94794,7949,102743,1369
2021-02-24,Glenn,21,27897,2235,2210,507,2717,14
2021-02-24,Humboldt,23,135768,3155,3123,20,3143,29
2021-02-24,Imperial,25,180216,27134,26843,2602,29445,596
2021-02-24,Inyo,27,18085,1294,1253,2,1255,32
2021-02-24,Kern,29,883053,92753,91525,10148,101673,992
2021-02-24,Kings,31,150075,22051,21871,1058,22929,216
2021-02-24,Lake,33,64148,3171,3134,6,3140,40
2021-02-24,Lassen,35,31185,5107,5095,98,5193,1
2021-02-24,Los Angeles,37,10098052,1167287,1150322,41159,1191481,20817
2021-02-24,Madera,39,155013,15510,15390,839,16229,194
2021-02-24,Marin,41,260295,13144,13044,167,13211,214
2021-02-24,Mariposa,43,17540,377,374,5,379,4
2021-02-24,Mendocino,45,87422,3620,3540,68,3608,41
2021-02-24,Merced,47,269075,28374,28295,889,29184,383
2021-02-24,Modoc,49,8938,340,329,115,444,3
2021-02-24,Mono,51,14174,1169,1189,13,1202,3
2021-02-24,Monterey,53,433212,41773,41495,1744,43239,320
2021-02-24,Napa,55,140530,9023,8976,32,9008,70
2021-02-24,Nevada,57,99092,3986,3927,163,4090,66
2021-02-24,Orange,59,3164182,246047,244743,10508,255251,3835
2021-02-24,Placer,61,380077,20427,19648,1144,20792,239
2021-02-24,Plumas,63,18699,640,626,11,637,4
2021-02-24,Riverside,65,2383286,282534,278293,14106,292399,3603
2021-02-24,Sacramento,67,1510023,94142,92742,1276,94018,1375
2021-02-24,San Benito,69,59416,5737,5743,94,5837,57
2021-02-24,San Bernardino,71,2135413,285105,280583,8583,289166,3360
2021-02-24,San Diego,73,3302833,263282,258460,0,258460,3230
2021-02-24,San Francisco,75,870044,34097,34061,1146,35207,406
2021-02-24,San Joaquin,77,732212,66512,65274,2900,68174,1019
2021-02-24,San Luis Obispo,79,281455,19502,19309,575,19884,233
2021-02-24,San Mateo,81,765935,39437,38763,411,39174,300
2021-02-24,Santa Barbara,83,443738,32205,31563,1156,32719,405
2021-02-24,Santa Clara,85,1922200,109732,109671,597,110268,1674
2021-02-24,Santa Cruz,87,273765,15308,14458,838,15296,185
2021-02-24,Shasta,89,179085,10922,10922,1258,12180,148
2021-02-24,Sierra,91,2930,49,47,14,61,0
2021-02-24,Siskiyou,93,43540,1473,1385,249,1634,4
2021-02-24,Solano,95,438530,29767,29577,364,29941,158
2021-02-24,Sonoma,97,501317,27943,27954,206,28160,278
2021-02-24,Stanislaus,99,539301,50262,49851,5551,55402,732
2021-02-24,Sutter,101,95872,8812,8778,84,8862,99
2021-02-24,Tehama,103,63373,4574,4566,516,5082,31
2021-02-24,Trinity,105,12862,345,294,47,341,3
2021-02-24,Tulare,107,460477,47575,46976,8417,55393,759
2021-02-24,Tuolumne,109,53932,3890,3887,32,3919,53
2021-02-24,Ventura,111,848112,77355,77238,2883,80121,718
2021-02-24,Yolo,113,214977,12882,12760,226,12986,188
2021-02-24,Yuba,115,75493,5472,5425,89,5514,39
2021-02-23,Alameda,1,1643700,80500,79948,1802,81750,1070
2021-02-23,Alpine,3,1148,79,77,0,77,0
2021-02-23,Amador,5,37829,3466,3440,32,3472,41
2021-02-23,Butte,7,227075,11222,10887,1678,12565,176
2021-02-23,Calaveras,9,45235,1899,1863,12,1875,21
2021-02-23,Colusa,11,21464,1863,1862,270,2132,11
2021-02-23,Contra Costa,13,1133247,62819,61613,1114,62727,661
2021-02-23,Del Norte,15,27424,976,953,0,953,3
2021-02-23,El Dorado,17,186661,9060,8969,632,9601,96
2021-02-23,Fresno,19,978130,95367,94741,7935,102676,1356
2021-02-23,Glenn,21,27897,2233,2209,507,2716,14
2021-02-23,Humboldt,23,135768,3137,3108,20,3128,29
2021-02-23,Imperial,25,180216,27114,26816,2597,29413,591
2021-02-23,Inyo,27,18085,1290,1250,2,1252,32
2021-02-23,Kern,29,883053,92617,91390,10119,101509,982
2021-02-23,Kings,31,150075,22036,21839,1054,22893,216
2021-02-23,Lake,33,64148,3163,3121,6,3127,40
2021-02-23,Lassen,35,31185,5104,5092,98,5190,1
2021-02-23,Los Angeles,37,10098052,1166426,1148965,41102,1190067,19887
2021-02-23,Madera,39,155013,15496,15352,833,16185,193
2021-02-23,Marin,41,260295,13124,13015,166,13181,214
2021-02-23,Mariposa,43,17540,377,374,5,379,4
2021-02-23,Mendocino,45,87422,3618,3540,67,3607,41
2021-02-23,Merced,47,269075,28286,28209,888,29097,381
2021-02-23,Modoc,49,8938,339,328,114,442,3
2021-02-23,Mono,51,14174,1169,1189,13,1202,3
2021-02-23,Monterey,53,433212,41732,41439,1738,43177,317
2021-02-23,Napa,55,140530,9012,8967,32,8999,70
2021-02-23,Nevada,57,99092,3978,3912,163,4075,66
2021-02-23,Orange,59,3164182,245851,244566,10491,255057,3843
2021-02-23,Placer,61,380077,20401,19608,1140,20748,238
2021-02-23,Plumas,63,18699,639,626,11,637,4
2021-02-23,Riverside,65,2383286,282302,278075,14093,292168,3599
2021-02-23,Sacramento,67,1510023,93985,92632,1270,93902,1370
2021-02-23,San Benito,69,59416,5731,5731,93,5824,57
2021-02-23,San Bernardino,71,2135413,284911,280279,8576,288855,3283
2021-02-23,San Diego,73,3302833,262907,257802,0,257802,3218
2021-02-23,San Francisco,75,870044,34048,33994,1145,35139,405
2021-02-23,San Joaquin,77,732212,66414,65141,2892,68033,1004
2021-02-23,San Luis Obispo,79,281455,19473,19233,574,19807,230
2021-02-23,San Mateo,81,765935,39376,38662,411,39073,299
2021-02-23,Santa Barbara,83,443738,32152,31483,1154,32637,402
2021-02-23,Santa Clara,85,1922200,109536,109449,594,110043,1661
2021-02-23,Santa Cruz,87,273765,15281,14435,834,15269,178
2021-02-23,Shasta,89,179085,10910,10903,1254,12157,146
2021-02-23,Sierra,91,2930,49,47,14,61,0
2021-02-23,Siskiyou,93,43540,1468,1380,247,1627,4
2021-02-23,Solano,95,438530,29727,29545,361,29906,154
2021-02-23,Sonoma,97,501317,27900,27882,203,28085,278
2021-02-23,Stanislaus,99,539301,50186,49749,5533,55282,722
2021-02-23,Sutter,101,95872,8799,8766,84,8850,98
2021-02-23,Tehama,103,63373,4570,4556,515,5071,30
2021-02-23,Trinity,105,12862,345,292,46,338,3
2021-02-23,Tulare,107,460477,47496,46937,8381,55318,757
2021-02-23,Tuolumne,109,53932,3886,3864,32,3896,53
2021-02-23,Ventura,111,848112,77240,77093,2874,79967,689
2021-02-23,Yolo,113,214977,12853,12729,226,12955,188
2021-02-23,Yuba,115,75493,5459,5417,88,5505,38
2021-02-22,Alameda,1,1643700,80348,79796,1799,81595,1062
2021-02-22,Alpine,3,1148,79,77,0,77,0
2021-02-22,Amador,5,37829,3461,3438,32,3470,39
2021-02-22,Butte,7,227075,11210,10855,1672,12527,176
2021-02-22,Calaveras,9,45235,1896,1862,12,1874,21
2021-02-22,Colusa,11,21464,1863,1860,270,2130,11
2021-02-22,Contra Costa,13,1133247,62684,61478,1112,62590,661
2021-02-22,Del Norte,15,27424,975,948,0,948,3
2021-02-22,El Dorado,17,186661,9043,8940,632,9572,96
2021-02-22,Fresno,19,978130,95203,94584,7916,102500,1351
2021-02-22,Glenn,21,27897,2227,2207,505,2712,14
2021-02-22,Humboldt,23,135768,3125,3095,20,3115,29
2021-02-22,Imperial,25,180216,27090,26778,2589,29367,590
2021-02-22,Inyo,27,18085,1285,1248,2,1250,32
2021-02-22,Kern,29,883053,92503,91201,10096,101297,982
2021-02-22,Kings,31,150075,22015,21801,1051,22852,214
2021-02-22,Lake,33,64148,3157,3107,6,3113,40
2021-02-22,Lassen,35,31185,5104,5088,97,5185,1
2021-02-22,Los Angeles,37,10098052,1165557,1147541,41044,1188585,19730
2021-02-22,Madera,39,155013,15471,15325,829,16154,193
2021-02-22,Marin,41,260295,13100,12991,163,13154,213
2021-02-22,Mariposa,43,17540,376,374,5,379,4
2021-02-22,Mendocino,45,87422,3612,3535,67,3602,41
2021-02-22,Merced,47,269075,28218,28166,886,29052,379
2021-02-22,Modoc,49,8938,339,329,114,443,3
2021-02-22,Mono,51,14174,1165,1189,13,1202,3
2021-02-22,Monterey,53,433212,41681,41397,1731,43128,311
2021-02-22,Napa,55,140530,8985,8950,32,8982,69
2021-02-22,Nevada,57,99092,3969,3900,161,4061,66
2021-02-22,Orange,59,3164182,245614,244118,10474,254592,3843
2021-02-22,Placer,61,380077,20364,19587,1132,20719,238
2021-02-22,Plumas,63,18699,639,625,11,636,4
2021-02-22,Riverside,65,2383286,282043,277730,14084,291814,3567
2021-02-22,Sacramento,67,1510023,93819,92476,1260,93736,1359
2021-02-22,San Benito,69,59416,5729,5723,93,5816,57
2021-02-22,San Bernardino,71,2135413,284727,279984,8563,288547,3259
2021-02-22,San Diego,73,3302833,262498,257348,0,257348,3189
2021-02-22,San Francisco,75,870044,33989,33947,1139,35086,405
2021-02-22,San Joaquin,77,732212,66313,65060,2879,67939,1001
2021-02-22,San Luis Obispo,79,281455,19436,19198,572,19770,229
2021-02-22,San Mateo,81,765935,39319,38542,408,38950,282
2021-02-22,Santa Barbara,83,443738,32087,31421,1151,32572,399
2021-02-22,Santa Clara,85,1922200,109325,109213,582,109795,1655
2021-02-22,Santa Cruz,87,273765,15256,14417,833,15250,176
2021-02-22,Shasta,89,179085,10895,10872,1249,12121,145
2021-02-22,Sierra,91,2930,49,47,14,61,0
2021-02-22,Siskiyou,93,43540,1462,1373,246,1619,4
2021-02-22,Solano,95,438530,29688,29508,360,29868,150
2021-02-22,Sonoma,97,501317,27855,27845,202,28047,278
2021-02-22,Stanislaus,99,539301,50082,49630,5512,55142,722
2021-02-22,Sutter,101,95872,8791,8698,84,8782,98
2021-02-22,Tehama,103,63373,4561,4550,515,5065,30
2021-02-22,Trinity,105,12862,345,287,45,332,3
2021-02-22,Tulare,107,460477,47435,46879,8348,55227,751
2021-02-22,Tuolumne,109,53932,3882,3856,32,3888,53
2021-02-22,Ventura,111,848112,77113,76947,2868,79815,677
2021-02-22,Yolo,113,214977,12827,12689,225,12914,183
2021-02-22,Yuba,115,75493,5456,5404,87,5491,38
2021-02-21,Alameda,1,1643700,80150,79649,1794,81443,1061
2021-02-21,Alpine,3,1148,79,77,0,77,0
2021-02-21,Amador,5,37829,3453,3435,32,3467,39
2021-02-21,Butte,7,227075,11187,10855,1670,12525,176
2021-02-21,Calaveras,9,45235,1895,1860,12,1872,21
2021-02-21,Colusa,11,21464,1862,1860,266,2126,11
2021-02-21,Contra Costa,13,1133247,62520,61364,1109,62473,661
2021-02-21,Del Norte,15,27424,969,942,0,942,3
2021-02-21,El Dorado,17,186661,9025,8927,631,9558,96
2021-02-21,Fresno,19,978130,95057,94374,7897,102271,1349
2021-02-21,Glenn,21,27897,2225,2201,503,2704,14
2021-02-21,Humboldt,23,135768,3113,3096,20,3116,29
2021-02-21,Imperial,25,180216,27071,26779,2585,29364,590
2021-02-21,Inyo,27,18085,1279,1232,2,1234,32
2021-02-21,Kern,29,883053,92378,91141,10057,101198,980
2021-02-21,Kings,31,150075,21981,21784,1048,22832,213
2021-02-21,Lake,33,64148,3149,3100,6,3106,40
2021-02-21,Lassen,35,31185,5096,5077,97,5174,1
2021-02-21,Los Angeles,37,10098052,1164539,1146756,40989,1187745,19711
2021-02-21,Madera,39,155013,15440,15298,826,16124,192
2021-02-21,Marin,41,260295,13070,12968,163,13131,212
2021-02-21,Mariposa,43,17540,376,373,5,378,4
2021-02-21,Mendocino,45,87422,3607,3535,67,3602,41
2021-02-21,Merced,47,269075,28129,28106,874,28980,379
2021-02-21,Modoc,49,8938,336,329,114,443,3
2021-02-21,Mono,51,14174,1165,1189,13,1202,3
2021-02-21,Monterey,53,433212,41626,41373,1720,43093,309
2021-02-21,Napa,55,140530,8970,8929,32,8961,69
2021-02-21,Nevada,57,99092,3956,3895,161,4056,66
2021-02-21,Orange,59,3164182,245311,243985,10454,254439,3801
2021-02-21,Placer,61,380077,20327,19553,1128,20681,238
2021-02-21,Plumas,63,18699,639,625,11,636,4
2021-02-21,Riverside,65,2383286,281812,277555,14071,291626,3564
2021-02-21,Sacramento,67,1510023,93607,92288,1247,93535,1354
2021-02-21,San Benito,69,59416,5719,5716,90,5806,57
2021-02-21,San Bernardino,71,2135413,284481,279870,8549,288419,3247
2021-02-21,San Diego,73,3302833,262064,257027,0,257027,3190
2021-02-21,San Francisco,75,870044,33924,33891,1135,35026,405
2021-02-21,San Joaquin,77,732212,66164,64997,2866,67863,1001
2021-02-21,San Luis Obispo,79,281455,19404,19178,570,19748,229
2021-02-21,San Mateo,81,765935,39258,38448,405,38853,282
2021-02-21,Santa Barbara,83,443738,32025,31374,1148,32522,399
2021-02-21,Santa Clara,85,1922200,109100,108992,572,109564,1654
2021-02-21,Santa Cruz,87,273765,15232,14401,832,15233,176
2021-02-21,Shasta,89,179085,10880,10867,1244,12111,145
2021-02-21,Sierra,91,2930,49,47,14,61,0
2021-02-21,Siskiyou,93,43540,1456,1371,246,1617,4
2021-02-21,Solano,95,438530,29631,29471,359,29830,150
2021-02-21,Sonoma,97,501317,27789,27793,194,27987,278
2021-02-21,Stanislaus,99,539301,49957,49527,5495,55022,726
2021-02-21,Sutter,101,95872,8773,8687,83,8770,97
2021-02-21,Tehama,103,63373,4549,4547,515,5062,30
2021-02-21,Trinity,105,12862,343,286,45,331,3
2021-02-21,Tulare,107,460477,47368,46830,8311,55141,749
2021-02-21,Tuolumne,109,53932,3868,3828,32,3860,53
2021-02-21,Ventura,111,848112,76967,76862,2854,79716,677
2021-02-21,Yolo,113,214977,12796,12670,225,12895,183
2021-02-21,Yuba,115,75493,5448,5396,86,5482,38
2021-02-20,Alameda,1,1643700,80056,79496,1790,81286,1055
2021-02-20,Alpine,3,1148,79,77,0,77,0
2021-02-20,Amador,5,37829,3451,3432,32,3464,39
2021-02-20,Butte,7,227075,11179,10838,1668,12506,176
2021-02-20,Calaveras,9,45235,1894,1858,12,1870,21
2021-02-20,Colusa,11,21464,1861,1858,266,2124,11
2021-02-20,Contra Costa,13,1133247,62431,61205,1107,62312,663
2021-02-20,Del Norte,15,27424,965,937,0,937,3
2021-02-20,El Dorado,17,186661,9014,8911,631,9542,96
2021-02-20,Fresno,19,978130,94970,94234,7878,102112,1341
2021-02-20,Glenn,21,27897,2222,2199,502,2701,14
2021-02-20,Humboldt,23,135768,3105,3073,20,3093,29
2021-02-20,Imperial,25,180216,27063,26771,2585,29356,590
2021-02-20,Inyo,27,18085,1275,1226,2,1228,32
2021-02-20,Kern,29,883053,92307,91025,10023,101048,968
2021-02-20,Kings,31,150075,21963,21773,1047,22820,212
2021-02-20,Lake,33,64148,3142,3089,6,3095,40
2021-02-20,Lassen,35,31185,5094,5067,97,5164,1
2021-02-20,Los Angeles,37,10098052,1163977,1145594,40945,1186539,19630
2021-02-20,Madera,39,155013,15420,15274,825,16099,191
2021-02-20,Marin,41,260295,13049,12945,161,13106,211
2021-02-20,Mariposa,43,17540,376,372,5,377,4
2021-02-20,Mendocino,45,87422,3605,3533,67,3600,40
2021-02-20,Merced,47,269075,28084,28066,872,28938,379
2021-02-20,Modoc,49,8938,336,328,114,442,3
2021-02-20,Mono,51,14174,1164,1187,13,1200,3
2021-02-20,Monterey,53,433212,41606,41313,1718,43031,309
2021-02-20,Napa,55,140530,8961,8910,32,8942,69
2021-02-20,Nevada,57,99092,3946,3887,160,4047,66
2021-02-20,Orange,59,3164182,245148,243761,10438,254199,3755
2021-02-20,Placer,61,380077,20286,19509,1124,20633,236
2021-02-20,Plumas,63,18699,639,626,11,637,4
2021-02-20,Riverside,65,2383286,281661,277267,14059,291326,3559
2021-02-20,Sacramento,67,1510023,93482,92057,1245,93302,1352
2021-02-20,San Benito,69,59416,5707,5709,90,5799,57
2021-02-20,San Bernardino,71,2135413,284385,279608,8544,288152,3203
2021-02-20,San Diego,73,3302833,261822,256510,0,256510,3188
2021-02-20,San Francisco,75,870044,33882,33820,1126,34946,399
2021-02-20,San Joaquin,77,732212,66092,64916,2861,67777,1001
2021-02-20,San Luis Obispo,79,281455,19381,19138,568,19706,229
2021-02-20,San Mateo,81,765935,39216,38371,404,38775,282
2021-02-20,Santa Barbara,83,443738,31991,31289,1146,32435,396
2021-02-20,Santa Clara,85,1922200,108924,108728,569,109297,1649
2021-02-20,Santa Cruz,87,273765,15221,14378,830,15208,176
2021-02-20,Shasta,89,179085,10866,10850,1239,12089,146
2021-02-20,Sierra,91,2930,49,47,14,61,0
2021-02-20,Siskiyou,93,43540,1453,1366,246,1612,4
2021-02-20,Solano,95,438530,29616,29440,357,29797,150
2021-02-20,Sonoma,97,501317,27760,27703,191,27894,278
2021-02-20,Stanislaus,99,539301,49902,49445,5482,54927,733
2021-02-20,Sutter,101,95872,8767,8681,83,8764,97
2021-02-20,Tehama,103,63373,4548,4545,515,5060,30
2021-02-20,Trinity,105,12862,342,285,44,329,3
2021-02-20,Tulare,107,460477,47334,46769,8286,55055,739
2021-02-20,Tuolumne,109,53932,3863,3823,32,3855,53
2021-02-20,Ventura,111,848112,76871,76757,2851,79608,671
2021-02-20,Yolo,113,214977,12782,12639,224,12863,183
2021-02-20,Yuba,115,75493,5445,5386,86,5472,38
2021-02-19,Alameda,1,1643700,79949,79318,1786,81104,1047
2021-02-19,Alpine,3,1148,79,77,0,77,0
2021-02-19,Amador,5,37829,3447,3427,32,3459,39
2021-02-19,Butte,7,227075,11169,10823,1663,12486,176
2021-02-19,Calaveras,9,45235,1893,1856,12,1868,21
2021-02-19,Colusa,11,21464,1861,1858,266,2124,11
2021-02-19,Contra Costa,13,1133247,62324,61017,1105,62122,651
2021-02-19,Del Norte,15,27424,960,932,0,932,2
2021-02-19,El Dorado,17,186661,9005,8882,630,9512,96
2021-02-19,Fresno,19,978130,94840,93973,7859,101832,1330
2021-02-19,Glenn,21,27897,2217,2199,501,2700,14
2021-02-19,Humboldt,23,135768,3092,3037,20,3057,29
2021-02-19,Imperial,25,180216,27058,26751,2582,29333,589
2021-02-19,Inyo,27,18085,1270,1212,2,1214,32
2021-02-19,Kern,29,883053,92238,90807,9981,100788,963
2021-02-19,Kings,31,150075,21949,21724,1044,22768,211
2021-02-19,Lake,33,64148,3136,3078,6,3084,40
2021-02-19,Lassen,35,31185,5093,5057,97,5154,1
2021-02-19,Los Angeles,37,10098052,1163232,1143828,40901,1184729,19498
2021-02-19,Madera,39,155013,15403,15222,823,16045,188
2021-02-19,Marin,41,260295,13025,12919,159,13078,210
2021-02-19,Mariposa,43,17540,376,371,5,376,4
2021-02-19,Mendocino,45,87422,3603,3526,67,3593,39
2021-02-19,Merced,47,269075,28053,27985,868,28853,376
2021-02-19,Modoc,49,8938,336,328,114,442,3
2021-02-19,Mono,51,14174,1164,1186,13,1199,3
2021-02-19,Monterey,53,433212,41577,41209,1714,42923,309
2021-02-19,Napa,55,140530,8950,8899,32,8931,69
2021-02-19,Nevada,57,99092,3940,3863,160,4023,66
2021-02-19,Orange,59,3164182,244969,243397,10423,253820,3715
2021-02-19,Placer,61,380077,20265,19457,1124,20581,236
2021-02-19,Plumas,63,18699,637,624,11,635,4
2021-02-19,Riverside,65,2383286,281490,276941,14042,290983,3541
2021-02-19,Sacramento,67,1510023,93361,91815,1240,93055,1351
2021-02-19,San Benito,69,59416,5702,5699,90,5789,57
2021-02-19,San Bernardino,71,2135413,284266,279209,8538,287747,3117
2021-02-19,San Diego,73,3302833,261532,255799,0,255799,3169
2021-02-19,San Francisco,75,870044,33834,33746,1120,34866,387
2021-02-19,San Joaquin,77,732212,66021,64774,2852,67626,988
2021-02-19,San Luis Obispo,79,281455,19351,19061,566,19627,230
2021-02-19,San Mateo,81,765935,39158,38256,402,38658,282
2021-02-19,Santa Barbara,83,443738,31927,31204,1145,32349,392
2021-02-19,Santa Clara,85,1922200,108711,108400,567,108967,1634
2021-02-19,Santa Cruz,87,273765,15206,14354,830,15184,176
2021-02-19,Shasta,89,179085,10854,10833,1236,12069,140
2021-02-19,Sierra,91,2930,49,47,14,61,0
2021-02-19,Siskiyou,93,43540,1449,1363,244,1607,4
2021-02-19,Solano,95,438530,29585,29383,356,29739,150
2021-02-19,Sonoma,97,501317,27713,27595,189,27784,280
2021-02-19,Stanislaus,99,539301,49841,49282,5466,54748,739
2021-02-19,Sutter,101,95872,8757,8665,83,8748,96
2021-02-19,Tehama,103,63373,4546,4535,515,5050,30
2021-02-19,Trinity,105,12862,341,282,41,323,3
2021-02-19,Tulare,107,460477,47290,46662,8258,54920,736
2021-02-19,Tuolumne,109,53932,3857,3817,31,3848,52
2021-02-19,Ventura,111,848112,76791,76582,2848,79430,667
2021-02-19,Yolo,113,214977,12766,12606,224,12830,183
2021-02-19,Yuba,115,75493,5435,5376,86,5462,38
2021-02-18,Alameda,1,1643700,79801,79111,1779,80890,1012
2021-02-18,Alpine,3,1148,79,77,0,77,0
2021-02-18,Amador,5,37829,3443,3417,31,3448,38
2021-02-18,Butte,7,227075,11150,10791,1660,12451,175
2021-02-18,Calaveras,9,45235,1888,1873,12,1885,21
2021-02-18,Colusa,11,21464,1859,1856,264,2120,11
2021-02-18,Contra Costa,13,1133247,62213,60868,1104,61972,640
2021-02-18,Del Norte,15,27424,955,929,0,929,2
2021-02-18,El Dorado,17,186661,8991,8850,629,9479,94
2021-02-18,Fresno,19,978130,94672,93734,7831,101565,1323
2021-02-18,Glenn,21,27897,2211,2195,501,2696,14
2021-02-18,Humboldt,23,135768,3080,3023,20,3043,29
2021-02-18,Imperial,25,180216,27032,26731,2577,29308,591
2021-02-18,Inyo,27,18085,1266,1213,1,1214,32
2021-02-18,Kern,29,883053,92082,90655,9951,100606,961
2021-02-18,Kings,31,150075,21928,21648,1042,22690,211
2021-02-18,Lake,33,64148,3128,3066,6,3072,40
2021-02-18,Lassen,35,31185,5084,5052,97,5149,1
2021-02-18,Los Angeles,37,10098052,1162279,1141930,40831,1182761,19358
2021-02-18,Madera,39,155013,15382,15175,818,15993,188
2021-02-18,Marin,41,260295,13011,12895,159,13054,209
2021-02-18,Mariposa,43,17540,375,369,5,374,4
2021-02-18,Mendocino,45,87422,3600,3519,66,3585,39
2021-02-18,Merced,47,269075,28003,27870,862,28732,372
2021-02-18,Modoc,49,8938,334,327,113,440,3
2021-02-18,Mono,51,14174,1164,1182,13,1195,3
2021-02-18,Monterey,53,433212,41514,41091,1705,42796,307
2021-02-18,Napa,55,140530,8933,8877,32,8909,68
2021-02-18,Nevada,57,99092,3931,3836,159,3995,66
2021-02-18,Orange,59,3164182,244749,243098,10404,253502,3673
2021-02-18,Placer,61,380077,20239,19429,1123,20552,232
2021-02-18,Plumas,63,18699,637,624,11,635,4
2021-02-18,Riverside,65,2383286,281210,276595,14021,290616,3510
2021-02-18,Sacramento,67,1510023,93198,91476,1234,92710,1334
2021-02-18,San Benito,69,59416,5699,5697,89,5786,58
2021-02-18,San Bernardino,71,2135413,284053,278887,8524,287411,3066
2021-02-18,San Diego,73,3302833,261179,254987,0,254987,3135
2021-02-18,San Francisco,75,870044,33776,33650,1117,34767,386
2021-02-18,San Joaquin,77,732212,65936,64634,2841,67475,982
2021-02-18,San Luis Obispo,79,281455,19309,18987,563,19550,230
2021-02-18,San Mateo,81,765935,39096,38185,398,38583,282
2021-02-18,Santa Barbara,83,443738,31848,31054,1137,32191,387
2021-02-18,Santa Clara,85,1922200,108486,108210,564,108774,1605
2021-02-18,Santa Cruz,87,273765,15180,14314,830,15144,176
2021-02-18,Shasta,89,179085,10834,10811,1233,12044,139
2021-02-18,Sierra,91,2930,48,47,14,61,0
2021-02-18,Siskiyou,93,43540,1444,1359,243,1602,4
2021-02-18,Solano,95,438530,29558,29349,355,29704,150
2021-02-18,Sonoma,97,501317,27645,27512,188,27700,281
2021-02-18,Stanislaus,99,539301,49744,49150,5451,54601,738
2021-02-18,Sutter,101,95872,8749,8654,83,8737,96
2021-02-18,Tehama,103,63373,4543,4528,514,5042,30
2021-02-18,Trinity,105,12862,340,282,41,323,3
2021-02-18,Tulare,107,460477,47231,46591,8216,54807,728
2021-02-18,Tuolumne,109,53932,3820,3811,31,3842,52
2021-02-18,Ventura,111,848112,76660,76442,2838,79280,659
2021-02-18,Yolo,113,214977,12739,12549,221,12770,183
2021-02-18,Yuba,115,75493,5418,5358,86,5444,38
2021-02-17,Alameda,1,1643700,79639,78895,1777,80672,1002
2021-02-17,Alpine,3,1148,79,77,0,77,0
2021-02-17,Amador,5,37829,3439,3415,31,3446,38
2021-02-17,Butte,7,227075,11132,10770,1657,12427,174
2021-02-17,Calaveras,9,45235,1888,1876,12,1888,21
2021-02-17,Colusa,11,21464,1856,1854,264,2118,10
2021-02-17,Contra Costa,13,1133247,62074,60723,1101,61824,635
2021-02-17,Del Norte,15,27424,949,920,0,920,2
2021-02-17,El Dorado,17,186661,8980,8847,629,9476,94
2021-02-17,Fresno,19,978130,94540,93555,7805,101360,1307
2021-02-17,Glenn,21,27897,2211,2189,500,2689,14
2021-02-17,Humboldt,23,135768,3065,3006,20,3026,29
2021-02-17,Imperial,25,180216,27017,26726,2575,29301,580
2021-02-17,Inyo,27,18085,1258,1197,1,1198,32
2021-02-17,Kern,29,883053,91963,90454,9904,100358,962
2021-02-17,Kings,31,150075,21891,21617,1038,22655,211
2021-02-17,Lake,33,64148,3117,3057,2,3059,38
2021-02-17,Lassen,35,31185,5079,5052,96,5148,1
2021-02-17,Los Angeles,37,10098052,1161237,1139786,40764,1180550,19213
2021-02-17,Madera,39,155013,15356,15135,809,15944,177
2021-02-17,Marin,41,260295,12985,12881,159,13040,207
2021-02-17,Mariposa,43,17540,375,368,4,372,4
2021-02-17,Mendocino,45,87422,3598,3494,65,3559,39
2021-02-17,Merced,47,269075,27949,27824,853,28677,372
2021-02-17,Modoc,49,8938,334,327,113,440,3
2021-02-17,Mono,51,14174,1164,1180,13,1193,3
2021-02-17,Monterey,53,433212,41460,41014,1693,42707,304
2021-02-17,Napa,55,140530,8919,8865,32,8897,68
2021-02-17,Nevada,57,99092,3912,3822,156,3978,52
2021-02-17,Orange,59,3164182,244482,242716,10371,253087,3626
2021-02-17,Placer,61,380077,20206,19405,1118,20523,230
2021-02-17,Plumas,63,18699,636,623,11,634,4
2021-02-17,Riverside,65,2383286,280935,276289,13998,290287,3491
2021-02-17,Sacramento,67,1510023,93043,91309,1227,92536,1326
2021-02-17,San Benito,69,59416,5693,5661,89,5750,57
2021-02-17,San Bernardino,71,2135413,283845,278461,8504,286965,3020
2021-02-17,San Diego,73,3302833,260803,254177,0,254177,3099
2021-02-17,San Francisco,75,870044,33699,33558,1112,34670,379
2021-02-17,San Joaquin,77,732212,65835,64556,2834,67390,979
2021-02-17,San Luis Obispo,79,281455,19264,18964,563,19527,230
2021-02-17,San Mateo,81,765935,39029,38124,396,38520,282
2021-02-17,Santa Barbara,83,443738,31781,30927,1136,32063,384
2021-02-17,Santa Clara,85,1922200,108254,107949,562,108511,1592
2021-02-17,Santa Cruz,87,273765,15147,14268,827,15095,174
2021-02-17,Shasta,89,179085,10814,10770,1232,12002,139
2021-02-17,Sierra,91,2930,48,47,14,61,0
2021-02-17,Siskiyou,93,43540,1438,1352,240,1592,4
2021-02-17,Solano,95,438530,29503,29288,355,29643,149
2021-02-17,Sonoma,97,501317,27572,27408,183,27591,281
2021-02-17,Stanislaus,99,539301,49635,49050,5434,54484,730
2021-02-17,Sutter,101,95872,8739,8681,83,8764,95
2021-02-17,Tehama,103,63373,4539,4511,513,5024,30
2021-02-17,Trinity,105,12862,340,277,39,316,3
2021-02-17,Tulare,107,460477,47170,46495,8185,54680,726
2021-02-17,Tuolumne,109,53932,3811,3806,31,3837,49
2021-02-17,Ventura,111,848112,76535,76234,2831,79065,646
2021-02-17,Yolo,113,214977,12722,12506,219,12725,182
2021-02-17,Yuba,115,75493,5409,5345,86,5431,38
2021-02-16,Alameda,1,1643700,79464,78756,1773,80529,997
2021-02-16,Alpine,3,1148,79,76,0,76,0
2021-02-16,Amador,5,37829,3432,3413,31,3444,39
2021-02-16,Butte,7,227075,11106,10748,1654,12402,164
2021-02-16,Calaveras,9,45235,1886,1872,12,1884,21
2021-02-16,Colusa,11,21464,1853,1852,262,2114,10
2021-02-16,Contra Costa,13,1133247,61927,60564,1096,61660,631
2021-02-16,Del Norte,15,27424,941,913,0,913,2
2021-02-16,El Dorado,17,186661,8971,8836,628,9464,94
2021-02-16,Fresno,19,978130,94368,93363,7774,101137,1293
2021-02-16,Glenn,21,27897,2202,2189,495,2684,14
2021-02-16,Humboldt,23,135768,3042,2994,20,3014,29
2021-02-16,Imperial,25,180216,27004,26711,2571,29282,580
2021-02-16,Inyo,27,18085,1250,1191,1,1192,32
2021-02-16,Kern,29,883053,91832,90267,9871,100138,959
2021-02-16,Kings,31,150075,21845,21583,1034,22617,206
2021-02-16,Lake,33,64148,3108,3041,2,3043,38
2021-02-16,Lassen,35,31185,5067,5047,96,5143,1
2021-02-16,Los Angeles,37,10098052,1159994,1138262,40700,1178962,19044
2021-02-16,Madera,39,155013,15317,15120,805,15925,172
2021-02-16,Marin,41,260295,12961,12832,159,12991,205
2021-02-16,Mariposa,43,17540,375,367,4,371,4
2021-02-16,Mendocino,45,87422,3594,3489,65,3554,39
2021-02-16,Merced,47,269075,27877,27724,846,28570,368
2021-02-16,Modoc,49,8938,334,326,113,439,3
2021-02-16,Mono,51,14174,1164,1180,13,1193,3
2021-02-16,Monterey,53,433212,41386,40962,1684,42646,303
2021-02-16,Napa,55,140530,8906,8854,32,8886,66
2021-02-16,Nevada,57,99092,3899,3774,155,3929,47
2021-02-16,Orange,59,3164182,244160,242382,10356,252738,3612
2021-02-16,Placer,61,380077,20174,19367,1115,20482,230
2021-02-16,Plumas,63,18699,636,619,11,630,4
2021-02-16,Riverside,65,2383286,280634,275954,13975,289929,3471
2021-02-16,Sacramento,67,1510023,92788,91246,1220,92466,1305
2021-02-16,San Benito,69,59416,5685,5659,88,5747,56
2021-02-16,San Bernardino,71,2135413,283626,277947,8493,286440,2978
2021-02-16,San Diego,73,3302833,260341,253638,0,253638,3042
2021-02-16,San Francisco,75,870044,33629,33491,1107,34598,373
2021-02-16,San Joaquin,77,732212,65715,64448,2830,67278,979
2021-02-16,San Luis Obispo,79,281455,19219,18925,560,19485,229
2021-02-16,San Mateo,81,765935,38970,38041,394,38435,277
2021-02-16,Santa Barbara,83,443738,31708,30865,1132,31997,378
2021-02-16,Santa Clara,85,1922200,108001,107754,559,108313,1591
2021-02-16,Santa Cruz,87,273765,15128,14256,825,15081,174
2021-02-16,Shasta,89,179085,10798,10736,1230,11966,139
2021-02-16,Sierra,91,2930,48,47,14,61,0
2021-02-16,Siskiyou,93,43540,1434,1351,240,1591,4
2021-02-16,Solano,95,438530,29463,29246,354,29600,148
2021-02-16,Sonoma,97,501317,27509,27380,177,27557,279
2021-02-16,Stanislaus,99,539301,49517,48927,5417,54344,716
2021-02-16,Sutter,101,95872,8716,8671,83,8754,95
2021-02-16,Tehama,103,63373,4530,4501,512,5013,30
2021-02-16,Trinity,105,12862,336,275,39,314,3
2021-02-16,Tulare,107,460477,47106,46444,8139,54583,716
2021-02-16,Tuolumne,109,53932,3809,3796,31,3827,49
2021-02-16,Ventura,111,848112,76391,76043,2827,78870,631
2021-02-16,Yolo,113,214977,12691,12457,219,12676,175
2021-02-16,Yuba,115,75493,5402,5332,85,5417,38
2021-02-15,Alameda,1,1643700,79263,78647,1762,80409,996
2021-02-15,Alpine,3,1148,79,76,0,76,0
2021-02-15,Amador,5,37829,3428,3409,31,3440,39
2021-02-15,Butte,7,227075,11088,10723,1650,12373,155
2021-02-15,Calaveras,9,45235,1883,1871,12,1883,21
2021-02-15,Colusa,11,21464,1853,1849,258,2107,10
2021-02-15,Contra Costa,13,1133247,61752,60444,1089,61533,631
2021-02-15,Del Norte,15,27424,937,913,0,913,2
2021-02-15,El Dorado,17,186661,8955,8816,628,9444,94
2021-02-15,Fresno,19,978130,94169,93231,7736,100967,1288
2021-02-15,Glenn,21,27897,2199,2185,492,2677,14
2021-02-15,Humboldt,23,135768,3034,2997,20,3017,29
2021-02-15,Imperial,25,180216,26986,26700,2567,29267,580
2021-02-15,Inyo,27,18085,1231,1184,1,1185,32
2021-02-15,Kern,29,883053,91689,90181,9838,100019,959
2021-02-15,Kings,31,150075,21800,21574,1030,22604,205
2021-02-15,Lake,33,64148,3094,3030,1,3031,38
2021-02-15,Lassen,35,31185,5065,5047,95,5142,1
2021-02-15,Los Angeles,37,10098052,1158604,1137164,40637,1177801,18925
2021-02-15,Madera,39,155013,15286,15108,804,15912,106
2021-02-15,Marin,41,260295,12941,12810,156,12966,203
2021-02-15,Mariposa,43,17540,373,367,4,371,4
2021-02-15,Mendocino,45,87422,3582,3481,65,3546,39
2021-02-15,Merced,47,269075,27802,27656,840,28496,368
2021-02-15,Modoc,49,8938,334,326,113,439,3
2021-02-15,Mono,51,14174,1161,1178,13,1191,3
2021-02-15,Monterey,53,433212,41324,40911,1670,42581,302
2021-02-15,Napa,55,140530,8892,8837,32,8869,57
2021-02-15,Nevada,57,99092,3882,3767,154,3921,47
2021-02-15,Orange,59,3164182,243841,242176,10329,252505,3586
2021-02-15,Placer,61,380077,20147,19361,1114,20475,230
2021-02-15,Plumas,63,18699,636,620,11,631,4
2021-02-15,Riverside,65,2383286,280288,275771,13960,289731,3468
2021-02-15,Sacramento,67,1510023,92461,91091,1215,92306,1304
2021-02-15,San Benito,69,59416,5676,5649,88,5737,56
2021-02-15,San Bernardino,71,2135413,283364,277869,8485,286354,2945
2021-02-15,San Diego,73,3302833,259829,252940,0,252940,3037
2021-02-15,San Francisco,75,870044,33556,33454,1099,34553,373
2021-02-15,San Joaquin,77,732212,65550,64382,2823,67205,979
2021-02-15,San Luis Obispo,79,281455,19166,18891,558,19449,227
2021-02-15,San Mateo,81,765935,38890,37969,391,38360,277
2021-02-15,Santa Barbara,83,443738,31608,30810,1129,31939,378
2021-02-15,Santa Clara,85,1922200,107767,107630,557,108187,1588
2021-02-15,Santa Cruz,87,273765,15096,14239,822,15061,175
2021-02-15,Shasta,89,179085,10778,10730,1225,11955,139
2021-02-15,Sierra,91,2930,48,47,14,61,0
2021-02-15,Siskiyou,93,43540,1426,1345,239,1584,4
2021-02-15,Solano,95,438530,29408,29225,354,29579,148
2021-02-15,Sonoma,97,501317,27422,27359,173,27532,276
2021-02-15,Stanislaus,99,539301,49393,48808,5403,54211,716
2021-02-15,Sutter,101,95872,8701,8652,83,8735,95
2021-02-15,Tehama,103,63373,4519,4492,510,5002,30
2021-02-15,Trinity,105,12862,335,274,39,313,3
2021-02-15,Tulare,107,460477,47034,46344,8098,54442,715
2021-02-15,Tuolumne,109,53932,3799,3794,31,3825,49
2021-02-15,Ventura,111,848112,76235,75889,2824,78713,629
2021-02-15,Yolo,113,214977,12656,12412,212,12624,175
2021-02-15,Yuba,115,75493,5385,5320,84,5404,38
2021-02-14,Alameda,1,1643700,79106,78442,1761,80203,995
2021-02-14,Alpine,3,1148,79,76,0,76,0
2021-02-14,Amador,5,37829,3423,3398,31,3429,39
2021-02-14,Butte,7,227075,11064,10717,1645,12362,155
2021-02-14,Calaveras,9,45235,1880,1866,12,1878,21
2021-02-14,Colusa,11,21464,1849,1845,255,2100,10
2021-02-14,Contra Costa,13,1133247,61604,60272,1086,61358,631
2021-02-14,Del Norte,15,27424,933,911,0,911,2
2021-02-14,El Dorado,17,186661,8927,8790,626,9416,94
2021-02-14,Fresno,19,978130,94005,93065,7711,100776,1287
2021-02-14,Glenn,21,27897,2197,2184,492,2676,14
2021-02-14,Humboldt,23,135768,3021,2992,20,3012,29
2021-02-14,Imperial,25,180216,26978,26696,2566,29262,580
2021-02-14,Inyo,27,18085,1225,1177,1,1178,32
2021-02-14,Kern,29,883053,91532,90038,9783,99821,959
2021-02-14,Kings,31,150075,21775,21538,1027,22565,205
2021-02-14,Lake,33,64148,3085,3030,1,3031,38
2021-02-14,Lassen,35,31185,5061,5037,95,5132,1
2021-02-14,Los Angeles,37,10098052,1157267,1135450,40549,1175999,18898
2021-02-14,Madera,39,155013,15254,15089,800,15889,106
2021-02-14,Marin,41,260295,12917,12784,156,12940,201
2021-02-14,Mariposa,43,17540,373,365,4,369,4
2021-02-14,Mendocino,45,87422,3577,3475,65,3540,39
2021-02-14,Merced,47,269075,27725,27601,834,28435,368
2021-02-14,Modoc,49,8938,334,326,113,439,3
2021-02-14,Mono,51,14174,1160,1180,13,1193,3
2021-02-14,Monterey,53,433212,41275,40842,1666,42508,302
2021-02-14,Napa,55,140530,8872,8826,32,8858,57
2021-02-14,Nevada,57,99092,3866,3761,154,3915,47
2021-02-14,Orange,59,3164182,243532,241859,10308,252167,3564
2021-02-14,Placer,61,380077,20109,19313,1109,20422,230
2021-02-14,Plumas,63,18699,635,620,11,631,4
2021-02-14,Riverside,65,2383286,279974,275518,13939,289457,3471
2021-02-14,Sacramento,67,1510023,92254,90856,1211,92067,1304
2021-02-14,San Benito,69,59416,5668,5641,87,5728,56
2021-02-14,San Bernardino,71,2135413,283046,277664,8466,286130,2929
2021-02-14,San Diego,73,3302833,259337,252247,0,252247,3037
2021-02-14,San Francisco,75,870044,33484,33374,1089,34463,372
2021-02-14,San Joaquin,77,732212,65451,64243,2809,67052,979
2021-02-14,San Luis Obispo,79,281455,19128,18868,555,19423,225
2021-02-14,San Mateo,81,765935,38808,37859,391,38250,277
2021-02-14,Santa Barbara,83,443738,31516,30744,1125,31869,377
2021-02-14,Santa Clara,85,1922200,107567,107412,553,107965,1582
2021-02-14,Santa Cruz,87,273765,15068,14225,817,15042,175
2021-02-14,Shasta,89,179085,10748,10720,1219,11939,139
2021-02-14,Sierra,91,2930,48,47,14,61,0
2021-02-14,Siskiyou,93,43540,1422,1340,239,1579,4
2021-02-14,Solano,95,438530,29370,29150,350,29500,148
2021-02-14,Sonoma,97,501317,27345,27266,171,27437,276
2021-02-14,Stanislaus,99,539301,49287,48672,5386,54058,716
2021-02-14,Sutter,101,95872,8678,8642,83,8725,95
2021-02-14,Tehama,103,63373,4511,4490,508,4998,30
2021-02-14,Trinity,105,12862,335,272,39,311,3
2021-02-14,Tulare,107,460477,46959,46263,8043,54306,715
2021-02-14,Tuolumne,109,53932,3798,3764,31,3795,49
2021-02-14,Ventura,111,848112,76061,75742,2813,78555,629
2021-02-14,Yolo,113,214977,12626,12399,211,12610,175
2021-02-14,Yuba,115,75493,5375,5314,84,5398,38
2021-02-13,Alameda,1,1643700,78987,78246,1758,80004,995
2021-02-13,Alpine,3,1148,79,76,0,76,0
2021-02-13,Amador,5,37829,3420,3387,31,3418,38
2021-02-13,Butte,7,227075,11048,10699,1644,12343,155
2021-02-13,Calaveras,9,45235,1876,1863,12,1875,21
2021-02-13,Colusa,11,21464,1849,1837,255,2092,10
2021-02-13,Contra Costa,13,1133247,61484,60100,1086,61186,629
2021-02-13,Del Norte,15,27424,931,908,0,908,2
2021-02-13,El Dorado,17,186661,8916,8758,625,9383,93
2021-02-13,Fresno,19,978130,93898,92807,7687,100494,1287
2021-02-13,Glenn,21,27897,2196,2182,492,2674,14
2021-02-13,Humboldt,23,135768,3008,2974,19,2993,29
2021-02-13,Imperial,25,180216,26971,26680,2564,29244,580
2021-02-13,Inyo,27,18085,1221,1168,1,1169,32
2021-02-13,Kern,29,883053,91444,89915,9757,99672,957
2021-02-13,Kings,31,150075,21760,21513,1025,22538,205
2021-02-13,Lake,33,64148,3079,3025,1,3026,37
2021-02-13,Lassen,35,31185,5058,5028,95,5123,1
2021-02-13,Los Angeles,37,10098052,1156409,1133752,40499,1174251,18822
2021-02-13,Madera,39,155013,15245,15053,795,15848,106
2021-02-13,Marin,41,260295,12896,12757,156,12913,201
2021-02-13,Mariposa,43,17540,373,365,4,369,4
2021-02-13,Mendocino,45,87422,3567,3466,65,3531,38
2021-02-13,Merced,47,269075,27681,27541,831,28372,368
2021-02-13,Modoc,49,8938,334,325,113,438,3
2021-02-13,Mono,51,14174,1160,1176,13,1189,3
2021-02-13,Monterey,53,433212,41244,40731,1664,42395,301
2021-02-13,Napa,55,140530,8863,8809,32,8841,57
2021-02-13,Nevada,57,99092,3857,3742,153,3895,47
2021-02-13,Orange,59,3164182,243329,241545,10287,251832,3520
2021-02-13,Placer,61,380077,20088,19214,1109,20323,230
2021-02-13,Plumas,63,18699,635,616,11,627,4
2021-02-13,Riverside,65,2383286,279747,275276,13929,289205,3462
2021-02-13,Sacramento,67,1510023,92085,90401,1208,91609,1302
2021-02-13,San Benito,69,59416,5654,5633,87,5720,56
2021-02-13,San Bernardino,71,2135413,282897,277405,8454,285859,2899
2021-02-13,San Diego,73,3302833,259007,251679,0,251679,3009
2021-02-13,San Francisco,75,870044,33435,33291,1078,34369,364
2021-02-13,San Joaquin,77,732212,65383,64105,2799,66904,977
2021-02-13,San Luis Obispo,79,281455,19100,18803,549,19352,225
2021-02-13,San Mateo,81,765935,38755,37745,391,38136,277
2021-02-13,Santa Barbara,83,443738,31465,30594,1123,31717,374
2021-02-13,Santa Clara,85,1922200,107383,107125,549,107674,1570
2021-02-13,Santa Cruz,87,273765,15041,14198,816,15014,173
2021-02-13,Shasta,89,179085,10736,10713,1214,11927,139
2021-02-13,Sierra,91,2930,48,47,14,61,0
2021-02-13,Siskiyou,93,43540,1419,1336,239,1575,4
2021-02-13,Solano,95,438530,29334,29084,350,29434,148
2021-02-13,Sonoma,97,501317,27299,27157,169,27326,276
2021-02-13,Stanislaus,99,539301,49218,48568,5380,53948,697
2021-02-13,Sutter,101,95872,8666,8626,83,8709,94
2021-02-13,Tehama,103,63373,4502,4484,507,4991,30
2021-02-13,Trinity,105,12862,334,272,38,310,3
2021-02-13,Tulare,107,460477,46915,46162,8006,54168,709
2021-02-13,Tuolumne,109,53932,3797,3752,31,3783,49
2021-02-13,Ventura,111,848112,75924,75481,2807,78288,618
2021-02-13,Yolo,113,214977,12614,12374,210,12584,175
2021-02-13,Yuba,115,75493,5367,5289,84,5373,38
2021-02-12,Alameda,1,1643700,78853,77958,1752,79710,974
2021-02-12,Alpine,3,1148,79,76,0,76,0
2021-02-12,Amador,5,37829,3416,3381,31,3412,38
2021-02-12,Butte,7,227075,11033,10655,1637,12292,155
2021-02-12,Calaveras,9,45235,1873,1860,12,1872,21
2021-02-12,Colusa,11,21464,1849,1836,255,2091,10
2021-02-12,Contra Costa,13,1133247,61334,59878,1082,60960,620
2021-02-12,Del Norte,15,27424,921,901,0,901,2
2021-02-12,El Dorado,17,186661,8900,8725,622,9347,92
2021-02-12,Fresno,19,978130,93751,92520,7666,100186,1273
2021-02-12,Glenn,21,27897,2193,2175,492,2667,14
2021-02-12,Humboldt,23,135768,2999,2961,19,2980,29
2021-02-12,Imperial,25,180216,26963,26646,2562,29208,585
2021-02-12,Inyo,27,18085,1215,1156,1,1157,32
2021-02-12,Kern,29,883053,91335,89532,9720,99252,949
2021-02-12,Kings,31,150075,21729,21462,1019,22481,202
2021-02-12,Lake,33,64148,3075,3012,1,3013,36
2021-02-12,Lassen,35,31185,5056,5015,95,5110,1
2021-02-12,Los Angeles,37,10098052,1155206,1131185,40428,1171613,18637
2021-02-12,Madera,39,155013,15218,15022,792,15814,106
2021-02-12,Marin,41,260295,12870,12720,156,12876,200
2021-02-12,Mariposa,43,17540,372,365,4,369,4
2021-02-12,Mendocino,45,87422,3565,3447,65,3512,38
2021-02-12,Merced,47,269075,27630,27453,828,28281,367
2021-02-12,Modoc,49,8938,334,324,113,437,3
2021-02-12,Mono,51,14174,1159,1172,13,1185,3
2021-02-12,Monterey,53,433212,41197,40633,1655,42288,297
2021-02-12,Napa,55,140530,8851,8785,32,8817,55
2021-02-12,Nevada,57,99092,3852,3728,153,3881,47
2021-02-12,Orange,59,3164182,243092,241075,10271,251346,3505
2021-02-12,Placer,61,380077,20048,19174,1104,20278,230
2021-02-12,Plumas,63,18699,634,614,11,625,4
2021-02-12,Riverside,65,2383286,279473,274792,13911,288703,3438
2021-02-12,Sacramento,67,1510023,91881,90252,1207,91459,1295
2021-02-12,San Benito,69,59416,5638,5622,86,5708,56
2021-02-12,San Bernardino,71,2135413,282709,276890,8442,285332,2827
2021-02-12,San Diego,73,3302833,258625,250788,0,250788,2979
2021-02-12,San Francisco,75,870044,33375,33179,1074,34253,359
2021-02-12,San Joaquin,77,732212,65289,63966,2791,66757,975
2021-02-12,San Luis Obispo,79,281455,19059,18687,548,19235,224
2021-02-12,San Mateo,81,765935,38683,37560,391,37951,254
2021-02-12,Santa Barbara,83,443738,31394,30454,1118,31572,372
2021-02-12,Santa Clara,85,1922200,107214,106759,545,107304,1543
2021-02-12,Santa Cruz,87,273765,15021,14147,816,14963,170
2021-02-12,Shasta,89,179085,10718,10693,1204,11897,142
2021-02-12,Sierra,91,2930,47,45,14,59,0
2021-02-12,Siskiyou,93,43540,1415,1324,236,1560,4
2021-02-12,Solano,95,438530,29302,28996,347,29343,147
2021-02-12,Sonoma,97,501317,27243,27064,165,27229,275
2021-02-12,Stanislaus,99,539301,49135,48418,5355,53773,697
2021-02-12,Sutter,101,95872,8652,8609,83,8692,93
2021-02-12,Tehama,103,63373,4494,4470,506,4976,27
2021-02-12,Trinity,105,12862,334,269,38,307,3
2021-02-12,Tulare,107,460477,46837,46016,7979,53995,710
2021-02-12,Tuolumne,109,53932,3795,3736,30,3766,49
2021-02-12,Ventura,111,848112,75757,75210,2799,78009,605
2021-02-12,Yolo,113,214977,12594,12340,210,12550,175
2021-02-12,Yuba,115,75493,5359,5274,84,5358,38
2021-02-11,Alameda,1,1643700,78626,77564,1747,79311,960
2021-02-11,Alpine,3,1148,78,76,0,76,0
2021-02-11,Amador,5,37829,3412,3368,31,3399,35
2021-02-11,Butte,7,227075,11009,10624,1635,12259,155
2021-02-11,Calaveras,9,45235,1871,1856,12,1868,21
2021-02-11,Colusa,11,21464,1844,1823,253,2076,10
2021-02-11,Contra Costa,13,1133247,61167,59633,1079,60712,605
2021-02-11,Del Norte,15,27424,916,894,0,894,2
2021-02-11,El Dorado,17,186661,8879,8698,622,9320,92
2021-02-11,Fresno,19,978130,93599,92168,7639,99807,1255
2021-02-11,Glenn,21,27897,2191,2166,490,2656,14
2021-02-11,Humboldt,23,135768,2987,2954,18,2972,29
2021-02-11,Imperial,25,180216,26939,26545,2560,29105,578
2021-02-11,Inyo,27,18085,1206,1144,1,1145,32
2021-02-11,Kern,29,883053,91148,89224,9673,98897,941
2021-02-11,Kings,31,150075,21699,21373,1016,22389,202
2021-02-11,Lake,33,64148,3065,3002,1,3003,36
2021-02-11,Lassen,35,31185,5045,5004,92,5096,1
2021-02-11,Los Angeles,37,10098052,1153578,1128437,40356,1168793,18500
2021-02-11,Madera,39,155013,15197,14984,790,15774,106
2021-02-11,Marin,41,260295,12833,12682,156,12838,200
2021-02-11,Mariposa,43,17540,372,361,4,365,4
2021-02-11,Mendocino,45,87422,3558,3420,65,3485,38
2021-02-11,Merced,47,269075,27565,27325,824,28149,363
2021-02-11,Modoc,49,8938,333,317,113,430,3
2021-02-11,Mono,51,14174,1155,1173,13,1186,3
2021-02-11,Monterey,53,433212,41089,40469,1648,42117,295
2021-02-11,Napa,55,140530,8830,8777,32,8809,55
2021-02-11,Nevada,57,99092,3836,3720,153,3873,47
2021-02-11,Orange,59,3164182,242726,240590,10247,250837,3476
2021-02-11,Placer,61,380077,20008,19118,1103,20221,224
2021-02-11,Plumas,63,18699,633,592,11,603,4
2021-02-11,Riverside,65,2383286,279109,274313,13896,288209,3394
2021-02-11,Sacramento,67,1510023,91635,89988,1201,91189,1286
2021-02-11,San Benito,69,59416,5629,5609,86,5695,56
2021-02-11,San Bernardino,71,2135413,282390,276349,8428,284777,2774
2021-02-11,San Diego,73,3302833,258074,249971,0,249971,2955
2021-02-11,San Francisco,75,870044,33292,33076,1062,34138,356
2021-02-11,San Joaquin,77,732212,65119,63719,2780,66499,971
2021-02-11,San Luis Obispo,79,281455,18994,18615,544,19159,219
2021-02-11,San Mateo,81,765935,38590,37439,388,37827,253
2021-02-11,Santa Barbara,83,443738,31301,30375,1113,31488,370
2021-02-11,Santa Clara,85,1922200,106958,106392,539,106931,1507
2021-02-11,Santa Cruz,87,273765,14999,14088,810,14898,165
2021-02-11,Shasta,89,179085,10694,10672,1200,11872,140
2021-02-11,Sierra,91,2930,47,45,14,59,0
2021-02-11,Siskiyou,93,43540,1400,1320,236,1556,4
2021-02-11,Solano,95,438530,29250,28885,347,29232,138
2021-02-11,Sonoma,97,501317,27160,26971,162,27133,272
2021-02-11,Stanislaus,99,539301,48991,48205,5344,53549,697
2021-02-11,Sutter,101,95872,8638,8590,82,8672,93
2021-02-11,Tehama,103,63373,4488,4463,506,4969,26
2021-02-11,Trinity,105,12862,334,269,38,307,3
2021-02-11,Tulare,107,460477,46745,45897,7934,53831,706
2021-02-11,Tuolumne,109,53932,3758,3716,30,3746,48
2021-02-11,Ventura,111,848112,75556,74959,2790,77749,590
2021-02-11,Yolo,113,214977,12571,12303,208,12511,173
2021-02-11,Yuba,115,75493,5345,5261,82,5343,38
2021-02-10,Alameda,1,1643700,78422,77344,1745,79089,944
2021-02-10,Alpine,3,1148,78,76,0,76,0
2021-02-10,Amador,5,37829,3400,3348,31,3379,35
2021-02-10,Butte,7,227075,10983,10594,1634,12228,155
2021-02-10,Calaveras,9,45235,1869,1850,12,1862,21
2021-02-10,Colusa,11,21464,1837,1815,251,2066,10
2021-02-10,Contra Costa,13,1133247,60995,59488,1077,60565,590
2021-02-10,Del Norte,15,27424,910,888,0,888,2
2021-02-10,El Dorado,17,186661,8849,8682,618,9300,87
2021-02-10,Fresno,19,978130,93427,91876,7613,99489,1247
2021-02-10,Glenn,21,27897,2189,2160,488,2648,14
2021-02-10,Humboldt,23,135768,2979,2924,18,2942,29
2021-02-10,Imperial,25,180216,26899,26522,2558,29080,578
2021-02-10,Inyo,27,18085,1194,1138,1,1139,30
2021-02-10,Kern,29,883053,90945,88933,9616,98549,926
2021-02-10,Kings,31,150075,21657,21294,1012,22306,197
2021-02-10,Lake,33,64148,3052,2975,1,2976,36
2021-02-10,Lassen,35,31185,5041,4993,92,5085,1
2021-02-10,Los Angeles,37,10098052,1151840,1125437,40222,1165659,18338
2021-02-10,Madera,39,155013,15159,14925,788,15713,105
2021-02-10,Marin,41,260295,12796,12651,156,12807,199
2021-02-10,Mariposa,43,17540,370,360,4,364,4
2021-02-10,Mendocino,45,87422,3543,3395,65,3460,38
2021-02-10,Merced,47,269075,27482,27246,813,28059,359
2021-02-10,Modoc,49,8938,332,315,111,426,3
2021-02-10,Mono,51,14174,1151,1170,13,1183,3
2021-02-10,Monterey,53,433212,41010,40366,1634,42000,288
2021-02-10,Napa,55,140530,8811,8769,32,8801,55
2021-02-10,Nevada,57,99092,3821,3693,151,3844,47
2021-02-10,Orange,59,3164182,242309,239974,10214,250188,3439
2021-02-10,Placer,61,380077,19968,19062,1098,20160,220
2021-02-10,Plumas,63,18699,630,589,11,600,2
2021-02-10,Riverside,65,2383286,278697,273721,13885,287606,3374
2021-02-10,Sacramento,67,1510023,91387,89653,1196,90849,1275
2021-02-10,San Benito,69,59416,5615,5591,86,5677,55
2021-02-10,San Bernardino,71,2135413,282031,275616,8410,284026,2696
2021-02-10,San Diego,73,3302833,257493,248858,0,248858,2904
2021-02-10,San Francisco,75,870044,33210,32955,1059,34014,351
2021-02-10,San Joaquin,77,732212,64978,63484,2766,66250,954
2021-02-10,San Luis Obispo,79,281455,18915,18549,542,19091,216
2021-02-10,San Mateo,81,765935,38499,37323,388,37711,245
2021-02-10,Santa Barbara,83,443738,31212,30216,1108,31324,359
2021-02-10,Santa Clara,85,1922200,106720,106048,536,106584,1489
2021-02-10,Santa Cruz,87,273765,14964,14007,807,14814,165
2021-02-10,Shasta,89,179085,10670,10645,1197,11842,142
2021-02-10,Sierra,91,2930,47,45,14,59,0
2021-02-10,Siskiyou,93,43540,1395,1314,235,1549,4
2021-02-10,Solano,95,438530,29175,28835,345,29180,137
2021-02-10,Sonoma,97,501317,27069,26881,160,27041,271
2021-02-10,Stanislaus,99,539301,48877,48016,5326,53342,696
2021-02-10,Sutter,101,95872,8621,8571,82,8653,93
2021-02-10,Tehama,103,63373,4480,4445,506,4951,23
2021-02-10,Trinity,105,12862,332,268,38,306,3
2021-02-10,Tulare,107,460477,46630,45782,7894,53676,696
2021-02-10,Tuolumne,109,53932,3750,3691,30,3721,48
2021-02-10,Ventura,111,848112,75330,74651,2772,77423,580
2021-02-10,Yolo,113,214977,12545,12276,207,12483,174
2021-02-10,Yuba,115,75493,5327,5241,82,5323,38
2021-02-09,Alameda,1,1643700,78156,77018,1742,78760,936
2021-02-09,Alpine,3,1148,78,76,0,76,0
2021-02-09,Amador,5,37829,3392,3347,31,3378,35
2021-02-09,Butte,7,227075,10956,10563,1632,12195,153
2021-02-09,Calaveras,9,45235,1862,1847,12,1859,21
2021-02-09,Colusa,11,21464,1828,1812,246,2058,10
2021-02-09,Contra Costa,13,1133247,60807,59307,1071,60378,583
2021-02-09,Del Norte,15,27424,904,886,0,886,2
2021-02-09,El Dorado,17,186661,8824,8663,617,9280,87
2021-02-09,Fresno,19,978130,93192,91730,7579,99309,1211
2021-02-09,Glenn,21,27897,2185,2156,487,2643,14
2021-02-09,Humboldt,23,135768,2971,2904,18,2922,29
2021-02-09,Imperial,25,180216,26871,26509,2555,29064,568
2021-02-09,Inyo,27,18085,1186,1137,1,1138,30
2021-02-09,Kern,29,883053,90698,88684,9568,98252,920
2021-02-09,Kings,31,150075,21616,21275,1010,22285,196
2021-02-09,Lake,33,64148,3040,2955,1,2956,36
2021-02-09,Lassen,35,31185,5034,4983,92,5075,1
2021-02-09,Los Angeles,37,10098052,1149880,1122745,40131,1162876,18198
2021-02-09,Madera,39,155013,15139,14912,785,15697,105
2021-02-09,Marin,41,260295,12764,12623,155,12778,197
2021-02-09,Mariposa,43,17540,368,355,4,359,4
2021-02-09,Mendocino,45,87422,3525,3369,65,3434,38
2021-02-09,Merced,47,269075,27384,27166,808,27974,354
2021-02-09,Modoc,49,8938,331,316,111,427,3
2021-02-09,Mono,51,14174,1150,1167,13,1180,3
2021-02-09,Monterey,53,433212,40901,40279,1623,41902,285
2021-02-09,Napa,55,140530,8798,8749,32,8781,55
2021-02-09,Nevada,57,99092,3805,3687,151,3838,44
2021-02-09,Orange,59,3164182,241892,239169,10181,249350,3406
2021-02-09,Placer,61,380077,19905,19008,1090,20098,220
2021-02-09,Plumas,63,18699,630,584,11,595,2
2021-02-09,Riverside,65,2383286,278211,273465,13870,287335,3334
2021-02-09,Sacramento,67,1510023,91077,89378,1193,90571,1265
2021-02-09,San Benito,69,59416,5603,5566,85,5651,54
2021-02-09,San Bernardino,71,2135413,281657,274998,8396,283394,2613
2021-02-09,San Diego,73,3302833,256837,248048,0,248048,2853
2021-02-09,San Francisco,75,870044,33131,32782,1049,33831,349
2021-02-09,San Joaquin,77,732212,64804,63341,2761,66102,937
2021-02-09,San Luis Obispo,79,281455,18856,18489,541,19030,216
2021-02-09,San Mateo,81,765935,38369,37227,387,37614,235
2021-02-09,Santa Barbara,83,443738,31102,30118,1101,31219,351
2021-02-09,Santa Clara,85,1922200,106413,105762,533,106295,1463
2021-02-09,Santa Cruz,87,273765,14914,13958,802,14760,162
2021-02-09,Shasta,89,179085,10644,10595,1195,11790,139
2021-02-09,Sierra,91,2930,47,44,14,58,0
2021-02-09,Siskiyou,93,43540,1388,1306,232,1538,4
2021-02-09,Solano,95,438530,29099,28769,341,29110,131
2021-02-09,Sonoma,97,501317,26977,26826,158,26984,267
2021-02-09,Stanislaus,99,539301,48716,47906,5309,53215,679
2021-02-09,Sutter,101,95872,8604,8541,82,8623,92
2021-02-09,Tehama,103,63373,4473,4416,504,4920,22
2021-02-09,Trinity,105,12862,332,266,38,304,3
2021-02-09,Tulare,107,460477,46500,45704,7835,53539,686
2021-02-09,Tuolumne,109,53932,3730,3673,30,3703,48
2021-02-09,Ventura,111,848112,75081,74333,2764,77097,567
2021-02-09,Yolo,113,214977,12502,12220,206,12426,174
2021-02-09,Yuba,115,75493,5318,5235,82,5317,35
2021-02-08,Alameda,1,1643700,77889,76735,1737,78472,924
2021-02-08,Alpine,3,1148,78,73,0,73,0
2021-02-08,Amador,5,37829,3385,3344,30,3374,33
2021-02-08,Butte,7,227075,10933,10524,1629,12153,152
2021-02-08,Calaveras,9,45235,1857,1840,12,1852,21
2021-02-08,Colusa,11,21464,1820,1802,242,2044,10
2021-02-08,Contra Costa,13,1133247,60599,59039,1069,60108,567
2021-02-08,Del Norte,15,27424,901,885,0,885,2
2021-02-08,El Dorado,17,186661,8793,8627,615,9242,86
2021-02-08,Fresno,19,978130,92980,91430,7552,98982,1207
2021-02-08,Glenn,21,27897,2178,2148,485,2633,14
2021-02-08,Humboldt,23,135768,2963,2902,18,2920,29
2021-02-08,Imperial,25,180216,26852,26526,2553,29079,567
2021-02-08,Inyo,27,18085,1173,1126,1,1127,30
2021-02-08,Kern,29,883053,90483,88380,9509,97889,920
2021-02-08,Kings,31,150075,21554,21232,1007,22239,195
2021-02-08,Lake,33,64148,3021,2949,1,2950,36
2021-02-08,Lassen,35,31185,5021,4976,92,5068,1
2021-02-08,Los Angeles,37,10098052,1147794,1120179,40008,1160187,17977
2021-02-08,Madera,39,155013,15103,14887,778,15665,93
2021-02-08,Marin,41,260295,12735,12591,155,12746,194
2021-02-08,Mariposa,43,17540,368,355,4,359,4
2021-02-08,Mendocino,45,87422,3511,3355,65,3420,38
2021-02-08,Merced,47,269075,27298,27082,803,27885,346
2021-02-08,Modoc,49,8938,329,318,111,429,3
2021-02-08,Mono,51,14174,1150,1165,13,1178,3
2021-02-08,Monterey,53,433212,40778,40186,1604,41790,283
2021-02-08,Napa,55,140530,8783,8719,32,8751,55
2021-02-08,Nevada,57,99092,3793,3671,151,3822,44
2021-02-08,Orange,59,3164182,241425,238715,10156,248871,3361
2021-02-08,Placer,61,380077,19862,18944,1083,20027,211
2021-02-08,Plumas,63,18699,629,584,11,595,2
2021-02-08,Riverside,65,2383286,277652,272904,13846,286750,3301
2021-02-08,Sacramento,67,1510023,90788,89267,1190,90457,1247
2021-02-08,San Benito,69,59416,5598,5553,84,5637,52
2021-02-08,San Bernardino,71,2135413,281257,274661,8390,283051,2587
2021-02-08,San Diego,73,3302833,256095,247259,0,247259,2821
2021-02-08,San Francisco,75,870044,33036,32679,1041,33720,348
2021-02-08,San Joaquin,77,732212,64643,63148,2751,65899,929
2021-02-08,San Luis Obispo,79,281455,18799,18421,536,18957,214
2021-02-08,San Mateo,81,765935,38264,37084,387,37471,232
2021-02-08,Santa Barbara,83,443738,30989,29978,1094,31072,340
2021-02-08,Santa Clara,85,1922200,106088,105413,526,105939,1456
2021-02-08,Santa Cruz,87,273765,14875,13921,795,14716,161
2021-02-08,Shasta,89,179085,10618,10574,1189,11763,137
2021-02-08,Sierra,91,2930,47,44,14,58,0
2021-02-08,Siskiyou,93,43540,1385,1303,232,1535,4
2021-02-08,Solano,95,438530,29036,28644,339,28983,130
2021-02-08,Sonoma,97,501317,26889,26760,157,26917,259
2021-02-08,Stanislaus,99,539301,48564,47704,5280,52984,679
2021-02-08,Sutter,101,95872,8585,8526,82,8608,92
2021-02-08,Tehama,103,63373,4458,4403,502,4905,22
2021-02-08,Trinity,105,12862,330,266,38,304,3
2021-02-08,Tulare,107,460477,46394,45617,7794,53411,673
2021-02-08,Tuolumne,109,53932,3722,3647,30,3677,48
2021-02-08,Ventura,111,848112,74824,74068,2758,76826,565
2021-02-08,Yolo,113,214977,12470,12169,206,12375,162
2021-02-08,Yuba,115,75493,5302,5215,82,5297,35
2021-02-07,Alameda,1,1643700,77587,76500,1728,78228,924
2021-02-07,Alpine,3,1148,75,72,0,72,0
2021-02-07,Amador,5,37829,3364,3343,30,3373,33
2021-02-07,Butte,7,227075,10900,10513,1619,12132,152
2021-02-07,Calaveras,9,45235,1849,1837,12,1849,21
2021-02-07,Colusa,11,21464,1809,1795,240,2035,10
2021-02-07,Contra Costa,13,1133247,60363,58836,1063,59899,566
2021-02-07,Del Norte,15,27424,897,881,0,881,2
2021-02-07,El Dorado,17,186661,8764,8596,613,9209,86
2021-02-07,Fresno,19,978130,92755,91184,7512,98696,1207
2021-02-07,Glenn,21,27897,2174,2141,481,2622,14
2021-02-07,Humboldt,23,135768,2943,2895,18,2913,28
2021-02-07,Imperial,25,180216,26826,26518,2546,29064,567
2021-02-07,Inyo,27,18085,1162,1124,1,1125,27
2021-02-07,Kern,29,883053,90240,88146,9452,97598,920
2021-02-07,Kings,31,150075,21494,21180,1004,22184,192
2021-02-07,Lake,33,64148,3005,2940,1,2941,36
2021-02-07,Lassen,35,31185,5010,4973,92,5065,1
2021-02-07,Los Angeles,37,10098052,1145052,1117551,39875,1157426,17889
2021-02-07,Madera,39,155013,15069,14850,774,15624,93
2021-02-07,Marin,41,260295,12701,12571,153,12724,194
2021-02-07,Mariposa,43,17540,367,355,4,359,4
2021-02-07,Mendocino,45,87422,3494,3348,65,3413,38
2021-02-07,Merced,47,269075,27187,26977,791,27768,346
2021-02-07,Modoc,49,8938,329,317,107,424,3
2021-02-07,Mono,51,14174,1147,1165,13,1178,3
2021-02-07,Monterey,53,433212,40642,40113,1583,41696,283
2021-02-07,Napa,55,140530,8760,8701,32,8733,55
2021-02-07,Nevada,57,99092,3782,3643,151,3794,44
2021-02-07,Orange,59,3164182,240829,238155,10124,248279,3336
2021-02-07,Placer,61,380077,19815,18903,1070,19973,211
2021-02-07,Plumas,63,18699,629,584,11,595,2
2021-02-07,Riverside,65,2383286,277140,272301,13824,286125,3267
2021-02-07,Sacramento,67,1510023,90454,88919,1181,90100,1246
2021-02-07,San Benito,69,59416,5579,5548,83,5631,52
2021-02-07,San Bernardino,71,2135413,280676,274316,8367,282683,2587
2021-02-07,San Diego,73,3302833,255309,246561,0,246561,2821
2021-02-07,San Francisco,75,870044,32916,32609,1029,33638,348
2021-02-07,San Joaquin,77,732212,64372,63051,2735,65786,929
2021-02-07,San Luis Obispo,79,281455,18727,18349,529,18878,214
2021-02-07,San Mateo,81,765935,38130,36984,385,37369,232
2021-02-07,Santa Barbara,83,443738,30853,29815,1083,30898,340
2021-02-07,Santa Clara,85,1922200,105748,105118,516,105634,1450
2021-02-07,Santa Cruz,87,273765,14822,13887,791,14678,161
2021-02-07,Shasta,89,179085,10598,10570,1181,11751,137
2021-02-07,Sierra,91,2930,47,43,14,57,0
2021-02-07,Siskiyou,93,43540,1378,1295,230,1525,4
2021-02-07,Solano,95,438530,28926,28567,338,28905,130
2021-02-07,Sonoma,97,501317,26784,26684,153,26837,257
2021-02-07,Stanislaus,99,539301,48374,47551,5248,52799,679
2021-02-07,Sutter,101,95872,8558,8515,82,8597,92
2021-02-07,Tehama,103,63373,4444,4396,500,4896,22
2021-02-07,Trinity,105,12862,327,264,36,300,3
2021-02-07,Tulare,107,460477,46273,45520,7714,53234,671
2021-02-07,Tuolumne,109,53932,3698,3619,29,3648,48
2021-02-07,Ventura,111,848112,74516,73759,2745,76504,561
2021-02-07,Yolo,113,214977,12425,12135,206,12341,162
2021-02-07,Yuba,115,75493,5287,5198,80,5278,35
2021-02-06,Alameda,1,1643700,77428,76170,1717,77887,922
2021-02-06,Alpine,3,1148,75,72,0,72,0
2021-02-06,Amador,5,37829,3358,3306,30,3336,33
2021-02-06,Butte,7,227075,10883,10480,1615,12095,150
2021-02-06,Calaveras,9,45235,1847,1832,12,1844,21
2021-02-06,Colusa,11,21464,1807,1791,239,2030,10
2021-02-06,Contra Costa,13,1133247,60217,58567,1057,59624,566
2021-02-06,Del Norte,15,27424,893,879,0,879,2
2021-02-06,El Dorado,17,186661,8757,8575,609,9184,86
2021-02-06,Fresno,19,978130,92645,90944,7490,98434,1207
2021-02-06,Glenn,21,27897,2173,2136,479,2615,14
2021-02-06,Humboldt,23,135768,2932,2880,18,2898,28
2021-02-06,Imperial,25,180216,26816,26514,2545,29059,567
2021-02-06,Inyo,27,18085,1159,1113,1,1114,27
2021-02-06,Kern,29,883053,90090,87919,9405,97324,912
2021-02-06,Kings,31,150075,21464,21156,1004,22160,190
2021-02-06,Lake,33,64148,3000,2920,1,2921,34
2021-02-06,Lassen,35,31185,5006,4964,91,5055,1
2021-02-06,Los Angeles,37,10098052,1143701,1114718,39774,1154492,17793
2021-02-06,Madera,39,155013,15048,14807,772,15579,93
2021-02-06,Marin,41,260295,12682,12531,152,12683,194
2021-02-06,Mariposa,43,17540,366,355,3,358,4
2021-02-06,Mendocino,45,87422,3476,3316,64,3380,38
2021-02-06,Merced,47,269075,27103,26881,783,27664,346
2021-02-06,Modoc,49,8938,329,313,107,420,3
2021-02-06,Mono,51,14174,1146,1159,13,1172,3
2021-02-06,Monterey,53,433212,40586,39995,1575,41570,282
2021-02-06,Napa,55,140530,8747,8639,32,8671,55
2021-02-06,Nevada,57,99092,3770,3624,151,3775,43
2021-02-06,Orange,59,3164182,240471,237391,10088,247479,3293
2021-02-06,Placer,61,380077,19778,18836,1067,19903,211
2021-02-06,Plumas,63,18699,629,584,11,595,2
2021-02-06,Riverside,65,2383286,276781,271741,13805,285546,3243
2021-02-06,Sacramento,67,1510023,90236,88532,1172,89704,1237
2021-02-06,San Benito,69,59416,5561,5516,83,5599,52
2021-02-06,San Bernardino,71,2135413,280373,273718,8344,282062,2564
2021-02-06,San Diego,73,3302833,254813,245331,0,245331,2812
2021-02-06,San Francisco,75,870044,32845,32437,1018,33455,346
2021-02-06,San Joaquin,77,732212,64295,62840,2722,65562,906
2021-02-06,San Luis Obispo,79,281455,18685,18284,525,18809,214
2021-02-06,San Mateo,81,765935,38062,36824,382,37206,232
2021-02-06,Santa Barbara,83,443738,30779,29645,1081,30726,337
2021-02-06,Santa Clara,85,1922200,105527,104639,511,105150,1439
2021-02-06,Santa Cruz,87,273765,14791,13845,787,14632,161
2021-02-06,Shasta,89,179085,10587,10561,1179,11740,137
2021-02-06,Sierra,91,2930,47,43,14,57,0
2021-02-06,Siskiyou,93,43540,1375,1289,229,1518,4
2021-02-06,Solano,95,438530,28890,28446,337,28783,129
2021-02-06,Sonoma,97,501317,26748,26564,151,26715,257
2021-02-06,Stanislaus,99,539301,48276,47325,5232,52557,679
2021-02-06,Sutter,101,95872,8550,8485,82,8567,92
2021-02-06,Tehama,103,63373,4437,4380,498,4878,22
2021-02-06,Trinity,105,12862,327,263,36,299,3
2021-02-06,Tulare,107,460477,46208,45349,7664,53013,664
2021-02-06,Tuolumne,109,53932,3691,3612,29,3641,48
2021-02-06,Ventura,111,848112,74336,73431,2739,76170,552
2021-02-06,Yolo,113,214977,12402,12061,206,12267,161
2021-02-06,Yuba,115,75493,5279,5177,79,5256,35
2021-02-05,Alameda,1,1643700,77201,75716,1714,77430,916
2021-02-05,Alpine,3,1148,75,72,0,72,0
2021-02-05,Amador,5,37829,3353,3299,29,3328,33
2021-02-05,Butte,7,227075,10865,10421,1609,12030,150
2021-02-05,Calaveras,9,45235,1842,1818,12,1830,21
2021-02-05,Colusa,11,21464,1803,1785,239,2024,10
2021-02-05,Contra Costa,13,1133247,60056,58195,1055,59250,560
2021-02-05,Del Norte,15,27424,892,874,0,874,2
2021-02-05,El Dorado,17,186661,8737,8527,607,9134,86
2021-02-05,Fresno,19,978130,92442,90513,7469,97982,1194
2021-02-05,Glenn,21,27897,2167,2122,474,2596,14
2021-02-05,Humboldt,23,135768,2922,2857,18,2875,28
2021-02-05,Imperial,25,180216,26797,26474,2545,29019,557
2021-02-05,Inyo,27,18085,1155,1104,1,1105,27
2021-02-05,Kern,29,883053,89923,87470,9337,96807,906
2021-02-05,Kings,31,150075,21427,21021,1000,22021,190
2021-02-05,Lake,33,64148,2988,2906,1,2907,33
2021-02-05,Lassen,35,31185,5002,4936,91,5027,1
2021-02-05,Los Angeles,37,10098052,1141611,1110384,39632,1150016,17608
2021-02-05,Madera,39,155013,15014,14752,767,15519,95
2021-02-05,Marin,41,260295,12647,12479,152,12631,193
2021-02-05,Mariposa,43,17540,366,352,3,355,4
2021-02-05,Mendocino,45,87422,3462,3272,64,3336,38
2021-02-05,Merced,47,269075,27044,26760,782,27542,345
2021-02-05,Modoc,49,8938,329,312,107,419,3
2021-02-05,Mono,51,14174,1145,1157,13,1170,3
2021-02-05,Monterey,53,433212,40522,39840,1564,41404,281
2021-02-05,Napa,55,140530,8733,8598,32,8630,55
2021-02-05,Nevada,57,99092,3767,3607,151,3758,43
2021-02-05,Orange,59,3164182,240050,236335,10059,246394,3260
2021-02-05,Placer,61,380077,19743,18756,1065,19821,211
2021-02-05,Plumas,63,18699,627,578,11,589,2
2021-02-05,Riverside,65,2383286,276375,270666,13786,284452,3235
2021-02-05,Sacramento,67,1510023,90057,87992,1165,89157,1231
2021-02-05,San Benito,69,59416,5550,5502,83,5585,51
2021-02-05,San Bernardino,71,2135413,280037,272938,8326,281264,2495
2021-02-05,San Diego,73,3302833,254237,244066,0,244066,2777
2021-02-05,San Francisco,75,870044,32756,32229,1006,33235,337
2021-02-05,San Joaquin,77,732212,64147,62565,2714,65279,902
2021-02-05,San Luis Obispo,79,281455,18624,18152,521,18673,213
2021-02-05,San Mateo,81,765935,37978,36582,381,36963,227
2021-02-05,Santa Barbara,83,443738,30686,29455,1066,30521,334
2021-02-05,Santa Clara,85,1922200,105277,104112,509,104621,1421
2021-02-05,Santa Cruz,87,273765,14770,13776,785,14561,161
2021-02-05,Shasta,89,179085,10571,10507,1172,11679,136
2021-02-05,Sierra,91,2930,47,42,14,56,0
2021-02-05,Siskiyou,93,43540,1368,1276,227,1503,4
2021-02-05,Solano,95,438530,28840,28283,337,28620,127
2021-02-05,Sonoma,97,501317,26680,26423,148,26571,252
2021-02-05,Stanislaus,99,539301,48134,47024,5214,52238,678
2021-02-05,Sutter,101,95872,8530,8443,82,8525,92
2021-02-05,Tehama,103,63373,4429,4355,498,4853,22
2021-02-05,Trinity,105,12862,326,260,36,296,3
2021-02-05,Tulare,107,460477,46132,45138,7613,52751,663
2021-02-05,Tuolumne,109,53932,3665,3595,29,3624,45
2021-02-05,Ventura,111,848112,74092,72953,2728,75681,546
2021-02-05,Yolo,113,214977,12383,12025,201,12226,162
2021-02-05,Yuba,115,75493,5262,5145,79,5224,35
2021-02-04,Alameda,1,1643700,76916,75422,1708,77130,899
2021-02-04,Alpine,3,1148,74,72,0,72,0
2021-02-04,Amador,5,37829,3350,3288,29,3317,33
2021-02-04,Butte,7,227075,10833,10386,1599,11985,147
2021-02-04,Calaveras,9,45235,1842,1808,12,1820,21
2021-02-04,Colusa,11,21464,1799,1777,237,2014,10
2021-02-04,Contra Costa,13,1133247,59866,57991,1051,59042,550
2021-02-04,Del Norte,15,27424,886,870,0,870,2
2021-02-04,El Dorado,17,186661,8711,8490,604,9094,86
2021-02-04,Fresno,19,978130,92229,90126,7441,97567,1114
2021-02-04,Glenn,21,27897,2163,2102,474,2576,14
2021-02-04,Humboldt,23,135768,2912,2827,18,2845,28
2021-02-04,Imperial,25,180216,26751,26411,2542,28953,556
2021-02-04,Inyo,27,18085,1143,1084,1,1085,27
2021-02-04,Kern,29,883053,89652,87156,9258,96414,898
2021-02-04,Kings,31,150075,21377,20918,992,21910,187
2021-02-04,Lake,33,64148,2976,2882,1,2883,34
2021-02-04,Lassen,35,31185,4999,4927,91,5018,1
2021-02-04,Los Angeles,37,10098052,1138825,1106323,39500,1145823,17396
2021-02-04,Madera,39,155013,14985,14706,763,15469,95
2021-02-04,Marin,41,260295,12612,12431,152,12583,192
2021-02-04,Mariposa,43,17540,366,348,3,351,4
2021-02-04,Mendocino,45,87422,3444,3240,62,3302,38
2021-02-04,Merced,47,269075,26951,26629,779,27408,345
2021-02-04,Modoc,49,8938,329,309,107,416,3
2021-02-04,Mono,51,14174,1143,1153,13,1166,3
2021-02-04,Monterey,53,433212,40414,39619,1546,41165,279
2021-02-04,Napa,55,140530,8704,8573,32,8605,55
2021-02-04,Nevada,57,99092,3747,3590,150,3740,37
2021-02-04,Orange,59,3164182,239408,235677,10018,245695,3238
2021-02-04,Placer,61,380077,19683,18711,1056,19767,210
2021-02-04,Plumas,63,18699,624,562,11,573,2
2021-02-04,Riverside,65,2383286,275636,269851,13746,283597,3230
2021-02-04,Sacramento,67,1510023,89754,87658,1153,88811,1222
2021-02-04,San Benito,69,59416,5536,5488,82,5570,51
2021-02-04,San Bernardino,71,2135413,279491,272223,8306,280529,2409
2021-02-04,San Diego,73,3302833,253449,242613,0,242613,2738
2021-02-04,San Francisco,75,870044,32643,32116,996,33112,326
2021-02-04,San Joaquin,77,732212,63921,62374,2706,65080,883
2021-02-04,San Luis Obispo,79,281455,18558,18058,518,18576,211
2021-02-04,San Mateo,81,765935,37856,36437,378,36815,226
2021-02-04,Santa Barbara,83,443738,30554,29344,1047,30391,322
2021-02-04,Santa Clara,85,1922200,104929,103781,506,104287,1404
2021-02-04,Santa Cruz,87,273765,14737,13713,777,14490,156
2021-02-04,Shasta,89,179085,10544,10466,1167,11633,131
2021-02-04,Sierra,91,2930,47,42,14,56,0
2021-02-04,Siskiyou,93,43540,1359,1273,227,1500,4
2021-02-04,Solano,95,438530,28737,28192,336,28528,120
2021-02-04,Sonoma,97,501317,26598,26276,144,26420,249
2021-02-04,Stanislaus,99,539301,47974,46822,5192,52014,678
2021-02-04,Sutter,101,95872,8510,8401,82,8483,92
2021-02-04,Tehama,103,63373,4413,4327,498,4825,21
2021-02-04,Trinity,105,12862,325,260,35,295,3
2021-02-04,Tulare,107,460477,46008,44983,7546,52529,656
2021-02-04,Tuolumne,109,53932,3625,3585,29,3614,45
2021-02-04,Ventura,111,848112,73760,72595,2715,75310,537
2021-02-04,Yolo,113,214977,12349,11982,200,12182,161
2021-02-04,Yuba,115,75493,5236,5135,79,5214,34
2021-02-03,Alameda,1,1643700,76580,74968,1704,76672,880
2021-02-03,Alpine,3,1148,74,72,0,72,0
2021-02-03,Amador,5,37829,3346,3281,29,3310,33
2021-02-03,Butte,7,227075,10797,10355,1592,11947,144
2021-02-03,Calaveras,9,45235,1832,1799,11,1810,21
2021-02-03,Colusa,11,21464,1794,1773,236,2009,10
2021-02-03,Contra Costa,13,1133247,59627,57762,1039,58801,537
2021-02-03,Del Norte,15,27424,881,869,0,869,2
2021-02-03,El Dorado,17,186661,8691,8428,603,9031,86
2021-02-03,Fresno,19,978130,92012,89748,7401,97149,1015
2021-02-03,Glenn,21,27897,2154,2098,472,2570,14
2021-02-03,Humboldt,23,135768,2902,2800,18,2818,27
2021-02-03,Imperial,25,180216,26717,26363,2536,28899,547
2021-02-03,Inyo,27,18085,1133,1071,1,1072,27
2021-02-03,Kern,29,883053,89411,86771,9217,95988,877
2021-02-03,Kings,31,150075,21318,20831,988,21819,172
2021-02-03,Lake,33,64148,2960,2869,1,2870,33
2021-02-03,Lassen,35,31185,4988,4910,91,5001,1
2021-02-03,Los Angeles,37,10098052,1135762,1101890,39367,1141257,17163
2021-02-03,Madera,39,155013,14947,14605,761,15366,94
2021-02-03,Marin,41,260295,12578,12406,152,12558,190
2021-02-03,Mariposa,43,17540,365,347,3,350,4
2021-02-03,Mendocino,45,87422,3418,3236,61,3297,38
2021-02-03,Merced,47,269075,26836,26520,774,27294,343
2021-02-03,Modoc,49,8938,328,308,107,415,3
2021-02-03,Mono,51,14174,1136,1146,13,1159,3
2021-02-03,Monterey,53,433212,40287,39500,1528,41028,279
2021-02-03,Napa,55,140530,8669,8534,32,8566,54
2021-02-03,Nevada,57,99092,3733,3572,150,3722,35
2021-02-03,Orange,59,3164182,238663,234738,9986,244724,3189
2021-02-03,Placer,61,380077,19627,18646,1054,19700,210
2021-02-03,Plumas,63,18699,624,559,11,570,2
2021-02-03,Riverside,65,2383286,274911,269019,13714,282733,3195
2021-02-03,Sacramento,67,1510023,89431,87415,1148,88563,1212
2021-02-03,San Benito,69,59416,5518,5463,79,5542,51
2021-02-03,San Bernardino,71,2135413,279010,271477,8281,279758,2308
2021-02-03,San Diego,73,3302833,252548,241015,0,241015,2683
2021-02-03,San Francisco,75,870044,32514,31983,991,32974,325
2021-02-03,San Joaquin,77,732212,63696,61976,2695,64671,880
2021-02-03,San Luis Obispo,79,281455,18481,17922,515,18437,206
2021-02-03,San Mateo,81,765935,37717,36227,374,36601,225
2021-02-03,Santa Barbara,83,443738,30408,29121,1037,30158,315
2021-02-03,Santa Clara,85,1922200,104614,103278,502,103780,1364
2021-02-03,Santa Cruz,87,273765,14683,13611,769,14380,154
2021-02-03,Shasta,89,179085,10501,10422,1162,11584,130
2021-02-03,Sierra,91,2930,47,42,14,56,0
2021-02-03,Siskiyou,93,43540,1348,1268,226,1494,4
2021-02-03,Solano,95,438530,28615,28057,336,28393,119
2021-02-03,Sonoma,97,501317,26515,26155,143,26298,248
2021-02-03,Stanislaus,99,539301,47800,46598,5172,51770,662
2021-02-03,Sutter,101,95872,8485,8379,82,8461,90
2021-02-03,Tehama,103,63373,4391,4309,495,4804,21
2021-02-03,Trinity,105,12862,325,260,34,294,3
2021-02-03,Tulare,107,460477,45841,44838,7485,52323,640
2021-02-03,Tuolumne,109,53932,3614,3568,29,3597,45
2021-02-03,Ventura,111,848112,73425,72124,2703,74827,526
2021-02-03,Yolo,113,214977,12325,11933,199,12132,161
2021-02-03,Yuba,115,75493,5218,5124,79,5203,34
2021-02-02,Alameda,1,1643700,76233,74642,1690,76332,869
2021-02-02,Alpine,3,1148,74,72,0,72,0
2021-02-02,Amador,5,37829,3315,3275,29,3304,33
2021-02-02,Butte,7,227075,10770,10307,1584,11891,141
2021-02-02,Calaveras,9,45235,1824,1786,11,1797,21
2021-02-02,Colusa,11,21464,1786,1769,231,2000,9
2021-02-02,Contra Costa,13,1133247,59347,57551,1034,58585,536
2021-02-02,Del Norte,15,27424,875,868,0,868,2
2021-02-02,El Dorado,17,186661,8651,8405,603,9008,84
2021-02-02,Fresno,19,978130,91711,89542,7366,96908,1009
2021-02-02,Glenn,21,27897,2143,2090,468,2558,14
2021-02-02,Humboldt,23,135768,2891,2784,18,2802,25
2021-02-02,Imperial,25,180216,26666,26317,2531,28848,535
2021-02-02,Inyo,27,18085,1130,1074,1,1075,27
2021-02-02,Kern,29,883053,89109,86485,9140,95625,867
2021-02-02,Kings,31,150075,21241,20785,979,21764,172
2021-02-02,Lake,33,64148,2940,2857,1,2858,33
2021-02-02,Lassen,35,31185,4981,4908,91,4999,1
2021-02-02,Los Angeles,37,10098052,1132397,1097573,39196,1136769,16913
2021-02-02,Madera,39,155013,14897,14595,756,15351,94
2021-02-02,Marin,41,260295,12549,12367,152,12519,189
2021-02-02,Mariposa,43,17540,362,345,3,348,4
2021-02-02,Mendocino,45,87422,3385,3210,61,3271,38
2021-02-02,Merced,47,269075,26739,26427,766,27193,340
2021-02-02,Modoc,49,8938,323,306,107,413,3
2021-02-02,Mono,51,14174,1134,1147,13,1160,3
2021-02-02,Monterey,53,433212,40151,39371,1514,40885,278
2021-02-02,Napa,55,140530,8640,8505,32,8537,53
2021-02-02,Nevada,57,99092,3718,3548,150,3698,20
2021-02-02,Orange,59,3164182,237865,233783,9950,243733,3152
2021-02-02,Placer,61,380077,19568,18615,1050,19665,205
2021-02-02,Plumas,63,18699,624,560,11,571,2
2021-02-02,Riverside,65,2383286,274079,267901,13680,281581,3169
2021-02-02,Sacramento,67,1510023,89139,87107,1137,88244,1202
2021-02-02,San Benito,69,59416,5505,5444,78,5522,50
2021-02-02,San Bernardino,71,2135413,278338,270486,8249,278735,2244
2021-02-02,San Diego,73,3302833,251511,240047,0,240047,2629
2021-02-02,San Francisco,75,870044,32358,31788,980,32768,324
2021-02-02,San Joaquin,77,732212,63478,61708,2680,64388,878
2021-02-02,San Luis Obispo,79,281455,18387,17811,513,18324,201
2021-02-02,San Mateo,81,765935,37550,36004,368,36372,225
2021-02-02,Santa Barbara,83,443738,30239,28951,1030,29981,304
2021-02-02,Santa Clara,85,1922200,104151,102872,497,103369,1349
2021-02-02,Santa Cruz,87,273765,14624,13572,765,14337,150
2021-02-02,Shasta,89,179085,10476,10371,1150,11521,128
2021-02-02,Sierra,91,2930,47,42,14,56,0
2021-02-02,Siskiyou,93,43540,1341,1252,223,1475,4
2021-02-02,Solano,95,438530,28519,27963,332,28295,118
2021-02-02,Sonoma,97,501317,26398,26054,143,26197,247
2021-02-02,Stanislaus,99,539301,47582,46306,5139,51445,641
2021-02-02,Sutter,101,95872,8462,8340,82,8422,89
2021-02-02,Tehama,103,63373,4378,4289,493,4782,21
2021-02-02,Trinity,105,12862,325,260,34,294,3
2021-02-02,Tulare,107,460477,45687,44720,7417,52137,625
2021-02-02,Tuolumne,109,53932,3602,3548,29,3577,39
2021-02-02,Ventura,111,848112,73007,71557,2693,74250,514
2021-02-02,Yolo,113,214977,12278,11886,192,12078,158
2021-02-02,Yuba,115,75493,5200,5111,79,5190,34
2021-02-01,Alameda,1,1643700,75877,74374,1684,76058,858
2021-02-01,Alpine,3,1148,74,72,0,72,0
2021-02-01,Amador,5,37829,3304,3234,29,3263,32
2021-02-01,Butte,7,227075,10728,10263,1580,11843,141
2021-02-01,Calaveras,9,45235,1805,1785,11,1796,21
2021-02-01,Colusa,11,21464,1781,1763,222,1985,9
2021-02-01,Contra Costa,13,1133247,59102,57324,1033,58357,531
2021-02-01,Del Norte,15,27424,872,865,0,865,2
2021-02-01,El Dorado,17,186661,8612,8337,603,8940,83
2021-02-01,Fresno,19,978130,91382,89272,7328,96600,994
2021-02-01,Glenn,21,27897,2128,2086,460,2546,14
2021-02-01,Humboldt,23,135768,2869,2773,17,2790,25
2021-02-01,Imperial,25,180216,26623,26224,2529,28753,530
2021-02-01,Inyo,27,18085,1120,1072,1,1073,27
2021-02-01,Kern,29,883053,88715,86170,9069,95239,862
2021-02-01,Kings,31,150075,21152,20746,970,21716,172
2021-02-01,Lake,33,64148,2924,2843,1,2844,33
2021-02-01,Lassen,35,31185,4961,4907,91,4998,1
2021-02-01,Los Angeles,37,10098052,1128590,1094341,39018,1133359,16695
2021-02-01,Madera,39,155013,14862,14572,753,15325,94
2021-02-01,Marin,41,260295,12511,12341,151,12492,188
2021-02-01,Mariposa,43,17540,360,344,3,347,4
2021-02-01,Mendocino,45,87422,3352,3192,61,3253,37
2021-02-01,Merced,47,269075,26613,26282,758,27040,337
2021-02-01,Modoc,49,8938,317,303,103,406,1
2021-02-01,Mono,51,14174,1131,1145,13,1158,3
2021-02-01,Monterey,53,433212,39971,39196,1492,40688,278
2021-02-01,Napa,55,140530,8608,8449,32,8481,52
2021-02-01,Nevada,57,99092,3701,3535,149,3684,20
2021-02-01,Orange,59,3164182,236956,233155,9904,243059,3100
2021-02-01,Placer,61,380077,19501,18574,1043,19617,204
2021-02-01,Plumas,63,18699,622,554,11,565,2
2021-02-01,Riverside,65,2383286,273173,267025,13641,280666,3092
2021-02-01,Sacramento,67,1510023,88742,86856,1125,87981,1193
2021-02-01,San Benito,69,59416,5487,5432,78,5510,48
2021-02-01,San Bernardino,71,2135413,277648,270012,8206,278218,2172
2021-02-01,San Diego,73,3302833,250289,239121,0,239121,2619
2021-02-01,San Francisco,75,870044,32226,31703,967,32670,324
2021-02-01,San Joaquin,77,732212,63274,61542,2669,64211,877
2021-02-01,San Luis Obispo,79,281455,18269,17690,505,18195,199
2021-02-01,San Mateo,81,765935,37402,35843,368,36211,220
2021-02-01,Santa Barbara,83,443738,30069,28837,1022,29859,297
2021-02-01,Santa Clara,85,1922200,103736,102462,497,102959,1343
2021-02-01,Santa Cruz,87,273765,14570,13524,763,14287,149
2021-02-01,Shasta,89,179085,10451,10329,1144,11473,112
2021-02-01,Sierra,91,2930,47,42,14,56,0
2021-02-01,Siskiyou,93,43540,1334,1238,220,1458,4
2021-02-01,Solano,95,438530,28414,27844,331,28175,117
2021-02-01,Sonoma,97,501317,26309,26011,142,26153,243
2021-02-01,Stanislaus,99,539301,47324,46112,5111,51223,642
2021-02-01,Sutter,101,95872,8422,8313,82,8395,89
2021-02-01,Tehama,103,63373,4354,4263,493,4756,21
2021-02-01,Trinity,105,12862,323,260,34,294,3
2021-02-01,Tulare,107,460477,45543,44569,7335,51904,618
2021-02-01,Tuolumne,109,53932,3594,3534,29,3563,39
2021-02-01,Ventura,111,848112,72600,71104,2677,73781,502
2021-02-01,Yolo,113,214977,12234,11824,184,12008,151
2021-02-01,Yuba,115,75493,5187,5084,78,5162,33
2021-01-31,Alameda,1,1643700,75448,73979,1676,75655,857
2021-01-31,Alpine,3,1148,74,72,0,72,0
2021-01-31,Amador,5,37829,3294,3212,27,3239,32
2021-01-31,Butte,7,227075,10686,10215,1568,11783,140
2021-01-31,Calaveras,9,45235,1784,1778,11,1789,21
2021-01-31,Colusa,11,21464,1774,1754,217,1971,9
2021-01-31,Contra Costa,13,1133247,58771,57079,1033,58112,531
2021-01-31,Del Norte,15,27424,870,865,0,865,2
2021-01-31,El Dorado,17,186661,8576,8317,600,8917,83
2021-01-31,Fresno,19,978130,91067,88852,7276,96128,994
2021-01-31,Glenn,21,27897,2117,2083,459,2542,14
2021-01-31,Humboldt,23,135768,2853,2767,17,2784,25
2021-01-31,Imperial,25,180216,26552,26206,2520,28726,530
2021-01-31,Inyo,27,18085,1107,1072,1,1073,27
2021-01-31,Kern,29,883053,88221,85872,8980,94852,861
2021-01-31,Kings,31,150075,21070,20709,957,21666,172
2021-01-31,Lake,33,64148,2903,2826,1,2827,33
2021-01-31,Lassen,35,31185,4945,4900,91,4991,1
2021-01-31,Los Angeles,37,10098052,1123990,1090304,38804,1129108,16609
2021-01-31,Madera,39,155013,14808,14496,745,15241,94
2021-01-31,Marin,41,260295,12464,12297,147,12444,185
2021-01-31,Mariposa,43,17540,358,344,3,347,4
2021-01-31,Mendocino,45,87422,3329,3181,60,3241,37
2021-01-31,Merced,47,269075,26470,26222,753,26975,337
2021-01-31,Modoc,49,8938,314,304,101,405,1
2021-01-31,Mono,51,14174,1128,1146,13,1159,3
2021-01-31,Monterey,53,433212,39792,39035,1464,40499,278
2021-01-31,Napa,55,140530,8566,8404,32,8436,52
2021-01-31,Nevada,57,99092,3679,3518,147,3665,20
2021-01-31,Orange,59,3164182,235947,232347,9863,242210,3053
2021-01-31,Placer,61,380077,19427,18506,1031,19537,204
2021-01-31,Plumas,63,18699,621,554,11,565,2
2021-01-31,Riverside,65,2383286,272204,266145,13593,279738,3074
2021-01-31,Sacramento,67,1510023,88301,86560,1110,87670,1186
2021-01-31,San Benito,69,59416,5465,5425,76,5501,48
2021-01-31,San Bernardino,71,2135413,276611,269533,8173,277706,2156
2021-01-31,San Diego,73,3302833,248975,238039,0,238039,2619
2021-01-31,San Francisco,75,870044,32039,31563,955,32518,323
2021-01-31,San Joaquin,77,732212,62870,61379,2659,64038,877
2021-01-31,San Luis Obispo,79,281455,18136,17615,500,18115,199
2021-01-31,San Mateo,81,765935,37211,35659,365,36024,219
2021-01-31,Santa Barbara,83,443738,29830,28570,1013,29583,297
2021-01-31,Santa Clara,85,1922200,103187,101986,488,102474,1330
2021-01-31,Santa Cruz,87,273765,14476,13469,749,14218,149
2021-01-31,Shasta,89,179085,10406,10313,1135,11448,112
2021-01-31,Sierra,91,2930,46,43,14,57,0
2021-01-31,Siskiyou,93,43540,1324,1238,220,1458,4
2021-01-31,Solano,95,438530,28284,27678,331,28009,118
2021-01-31,Sonoma,97,501317,26208,25925,141,26066,243
2021-01-31,Stanislaus,99,539301,47041,45971,5070,51041,642
2021-01-31,Sutter,101,95872,8377,8289,82,8371,89
2021-01-31,Tehama,103,63373,4334,4256,492,4748,21
2021-01-31,Trinity,105,12862,321,260,34,294,3
2021-01-31,Tulare,107,460477,45376,44440,7253,51693,618
2021-01-31,Tuolumne,109,53932,3555,3519,29,3548,39
2021-01-31,Ventura,111,848112,72007,70635,2664,73299,502
2021-01-31,Yolo,113,214977,12173,11771,178,11949,151
2021-01-31,Yuba,115,75493,5167,5071,77,5148,33
2021-01-30,Alameda,1,1643700,75245,73622,1671,75293,850
2021-01-30,Alpine,3,1148,74,72,0,72,0
2021-01-30,Amador,5,37829,3290,3181,27,3208,32
2021-01-30,Butte,7,227075,10651,10177,1559,11736,139
2021-01-30,Calaveras,9,45235,1772,1763,11,1774,21
2021-01-30,Colusa,11,21464,1772,1748,217,1965,9
2021-01-30,Contra Costa,13,1133247,58586,56763,1029,57792,531
2021-01-30,Del Norte,15,27424,869,865,0,865,2
2021-01-30,El Dorado,17,186661,8556,8299,599,8898,83
2021-01-30,Fresno,19,978130,90890,88476,7256,95732,964
2021-01-30,Glenn,21,27897,2114,2074,457,2531,14
2021-01-30,Humboldt,23,135768,2842,2742,17,2759,24
2021-01-30,Imperial,25,180216,26531,26160,2519,28679,530
2021-01-30,Inyo,27,18085,1103,1068,1,1069,27
2021-01-30,Kern,29,883053,88020,85572,8914,94486,848
2021-01-30,Kings,31,150075,21000,20605,951,21556,169
2021-01-30,Lake,33,64148,2897,2809,1,2810,33
2021-01-30,Lassen,35,31185,4942,4890,91,4981,1
2021-01-30,Los Angeles,37,10098052,1121628,1084763,38657,1123420,16484
2021-01-30,Madera,39,155013,14766,14443,740,15183,94
2021-01-30,Marin,41,260295,12436,12225,146,12371,185
2021-01-30,Mariposa,43,17540,356,344,3,347,4
2021-01-30,Mendocino,45,87422,3315,3153,59,3212,36
2021-01-30,Merced,47,269075,26395,26078,752,26830,335
2021-01-30,Modoc,49,8938,314,303,101,404,1
2021-01-30,Mono,51,14174,1128,1143,13,1156,3
2021-01-30,Monterey,53,433212,39731,38847,1461,40308,277
2021-01-30,Napa,55,140530,8550,8342,32,8374,52
2021-01-30,Nevada,57,99092,3660,3499,147,3646,20
2021-01-30,Orange,59,3164182,235403,231358,9824,241182,3013
2021-01-30,Placer,61,380077,19376,18430,1025,19455,205
2021-01-30,Plumas,63,18699,619,554,11,565,2
2021-01-30,Riverside,65,2383286,271614,265137,13560,278697,3061
2021-01-30,Sacramento,67,1510023,88107,86388,1104,87492,1184
2021-01-30,San Benito,69,59416,5447,5401,75,5476,48
2021-01-30,San Bernardino,71,2135413,276198,268660,8154,276814,2122
2021-01-30,San Diego,73,3302833,248217,236765,0,236765,2603
2021-01-30,San Francisco,75,870044,31939,31427,951,32378,316
2021-01-30,San Joaquin,77,732212,62736,61120,2649,63769,864
2021-01-30,San Luis Obispo,79,281455,18058,17522,497,18019,198
2021-01-30,San Mateo,81,765935,37073,35451,364,35815,219
2021-01-30,Santa Barbara,83,443738,29689,28342,1009,29351,296
2021-01-30,Santa Clara,85,1922200,102836,101471,485,101956,1307
2021-01-30,Santa Cruz,87,273765,14436,13383,748,14131,149
2021-01-30,Shasta,89,179085,10388,10283,1131,11414,112
2021-01-30,Sierra,91,2930,46,43,14,57,0
2021-01-30,Siskiyou,93,43540,1322,1236,218,1454,4
2021-01-30,Solano,95,438530,28201,27511,329,27840,118
2021-01-30,Sonoma,97,501317,26158,25810,138,25948,243
2021-01-30,Stanislaus,99,539301,46912,45697,5046,50743,642
2021-01-30,Sutter,101,95872,8361,8226,82,8308,87
2021-01-30,Tehama,103,63373,4320,4229,491,4720,21
2021-01-30,Trinity,105,12862,321,259,34,293,3
2021-01-30,Tulare,107,460477,45242,44203,7215,51418,615
2021-01-30,Tuolumne,109,53932,3551,3508,29,3537,36
2021-01-30,Ventura,111,848112,71696,69931,2647,72578,493
2021-01-30,Yolo,113,214977,12160,11698,176,11874,151
2021-01-30,Yuba,115,75493,5157,5042,76,5118,33
2021-01-29,Alameda,1,1643700,74966,73210,1664,74874,841
2021-01-29,Alpine,3,1148,74,72,0,72,0
2021-01-29,Amador,5,37829,3278,3134,26,3160,32
2021-01-29,Butte,7,227075,10620,10122,1549,11671,138
2021-01-29,Calaveras,9,45235,1768,1757,11,1768,21
2021-01-29,Colusa,11,21464,1768,1734,216,1950,8
2021-01-29,Contra Costa,13,1133247,58412,56318,1027,57345,529
2021-01-29,Del Norte,15,27424,868,865,0,865,2
2021-01-29,El Dorado,17,186661,8539,8231,598,8829,83
2021-01-29,Fresno,19,978130,90679,87936,7217,95153,962
2021-01-29,Glenn,21,27897,2109,2061,456,2517,14
2021-01-29,Humboldt,23,135768,2829,2707,17,2724,24
2021-01-29,Imperial,25,180216,26516,26045,2516,28561,521
2021-01-29,Inyo,27,18085,1091,1048,1,1049,27
2021-01-29,Kern,29,883053,87795,85044,8861,93905,836
2021-01-29,Kings,31,150075,20961,20466,946,21412,169
2021-01-29,Lake,33,64148,2888,2792,1,2793,32
2021-01-29,Lassen,35,31185,4939,4874,91,4965,1
2021-01-29,Los Angeles,37,10098052,1118163,1078329,38500,1116829,16190
2021-01-29,Madera,39,155013,14715,14377,740,15117,94
2021-01-29,Marin,41,260295,12392,12145,145,12290,185
2021-01-29,Mariposa,43,17540,355,342,3,345,4
2021-01-29,Mendocino,45,87422,3306,3131,58,3189,36
2021-01-29,Merced,47,269075,26320,25865,748,26613,334
2021-01-29,Modoc,49,8938,313,297,101,398,1
2021-01-29,Mono,51,14174,1126,1139,13,1152,3
2021-01-29,Monterey,53,433212,39610,38539,1452,39991,277
2021-01-29,Napa,55,140530,8518,8276,32,8308,52
2021-01-29,Nevada,57,99092,3651,3487,146,3633,20
2021-01-29,Orange,59,3164182,234712,229917,9785,239702,2967
2021-01-29,Placer,61,380077,19320,18367,1021,19388,203
2021-01-29,Plumas,63,18699,618,548,11,559,2
2021-01-29,Riverside,65,2383286,270823,263504,13525,277029,3008
2021-01-29,Sacramento,67,1510023,87853,86320,1100,87420,1169
2021-01-29,San Benito,69,59416,5439,5386,75,5461,48
2021-01-29,San Bernardino,71,2135413,275684,267490,8112,275602,2095
2021-01-29,San Diego,73,3302833,247276,234637,0,234637,2571
2021-01-29,San Francisco,75,870044,31799,31294,942,32236,307
2021-01-29,San Joaquin,77,732212,62588,60899,2634,63533,858
2021-01-29,San Luis Obispo,79,281455,17997,17440,492,17932,193
2021-01-29,San Mateo,81,765935,36940,35223,361,35584,218
2021-01-29,Santa Barbara,83,443738,29559,28105,1003,29108,291
2021-01-29,Santa Clara,85,1922200,102469,101010,483,101493,1273
2021-01-29,Santa Cruz,87,273765,14382,13311,745,14056,148
2021-01-29,Shasta,89,179085,10371,10220,1127,11347,112
2021-01-29,Sierra,91,2930,46,43,14,57,0
2021-01-29,Siskiyou,93,43540,1321,1227,218,1445,4
2021-01-29,Solano,95,438530,28115,27352,326,27678,116
2021-01-29,Sonoma,97,501317,26095,25710,137,25847,243
2021-01-29,Stanislaus,99,539301,46763,45466,5026,50492,642
2021-01-29,Sutter,101,95872,8342,8181,82,8263,87
2021-01-29,Tehama,103,63373,4307,4191,489,4680,20
2021-01-29,Trinity,105,12862,321,260,34,294,3
2021-01-29,Tulare,107,460477,45137,43925,7173,51098,606
2021-01-29,Tuolumne,109,53932,3541,3483,29,3512,36
2021-01-29,Ventura,111,848112,71272,69511,2633,72144,484
2021-01-29,Yolo,113,214977,12124,11612,175,11787,151
2021-01-29,Yuba,115,75493,5141,5018,76,5094,32
2021-01-28,Alameda,1,1643700,74530,72758,1656,74414,833
2021-01-28,Alpine,3,1148,74,72,0,72,0
2021-01-28,Amador,5,37829,3241,3124,26,3150,31
2021-01-28,Butte,7,227075,10579,10037,1538,11575,138
2021-01-28,Calaveras,9,45235,1759,1747,10,1757,21
2021-01-28,Colusa,11,21464,1761,1731,212,1943,8
2021-01-28,Contra Costa,13,1133247,58168,55999,1017,57016,525
2021-01-28,Del Norte,15,27424,867,862,0,862,2
2021-01-28,El Dorado,17,186661,8526,8198,593,8791,79
2021-01-28,Fresno,19,978130,90393,87401,7167,94568,949
2021-01-28,Glenn,21,27897,2104,2043,447,2490,14
2021-01-28,Humboldt,23,135768,2812,2686,17,2703,24
2021-01-28,Imperial,25,180216,26472,25984,2509,28493,517
2021-01-28,Inyo,27,18085,1086,1039,1,1040,27
2021-01-28,Kern,29,883053,87468,84708,8774,93482,817
2021-01-28,Kings,31,150075,20902,20328,941,21269,167
2021-01-28,Lake,33,64148,2873,2772,1,2773,32
2021-01-28,Lassen,35,31185,4933,4865,91,4956,1
2021-01-28,Los Angeles,37,10098052,1114280,1072412,38297,1110709,15967
2021-01-28,Madera,39,155013,14659,14301,736,15037,94
2021-01-28,Marin,41,260295,12339,12079,144,12223,183
2021-01-28,Mariposa,43,17540,355,334,3,337,4
2021-01-28,Mendocino,45,87422,3289,3110,58,3168,36
2021-01-28,Merced,47,269075,26196,25620,739,26359,328
2021-01-28,Modoc,49,8938,312,297,101,398,0
2021-01-28,Mono,51,14174,1124,1131,13,1144,3
2021-01-28,Monterey,53,433212,39407,38312,1434,39746,274
2021-01-28,Napa,55,140530,8470,8233,32,8265,50
2021-01-28,Nevada,57,99092,3636,3452,145,3597,19
2021-01-28,Orange,59,3164182,233730,228636,9753,238389,2860
2021-01-28,Placer,61,380077,19251,18246,1018,19264,198
2021-01-28,Plumas,63,18699,617,547,11,558,2
2021-01-28,Riverside,65,2383286,270060,262342,13475,275817,2981
2021-01-28,Sacramento,67,1510023,87487,85698,1089,86787,1149
2021-01-28,San Benito,69,59416,5421,5344,74,5418,47
2021-01-28,San Bernardino,71,2135413,274990,266456,8090,274546,2057
2021-01-28,San Diego,73,3302833,246127,232967,0,232967,2534
2021-01-28,San Francisco,75,870044,31661,31193,926,32119,290
2021-01-28,San Joaquin,77,732212,62323,60627,2618,63245,854
2021-01-28,San Luis Obispo,79,281455,17898,17279,490,17769,189
2021-01-28,San Mateo,81,765935,36771,34931,345,35276,218
2021-01-28,Santa Barbara,83,443738,29340,27674,990,28664,284
2021-01-28,Santa Clara,85,1922200,102004,100470,480,100950,1219
2021-01-28,Santa Cruz,87,273765,14293,13188,739,13927,145
2021-01-28,Shasta,89,179085,10337,10176,1119,11295,110
2021-01-28,Sierra,91,2930,46,43,14,57,0
2021-01-28,Siskiyou,93,43540,1314,1218,216,1434,4
2021-01-28,Solano,95,438530,27954,27163,325,27488,114
2021-01-28,Sonoma,97,501317,26002,25564,137,25701,236
2021-01-28,Stanislaus,99,539301,46545,45162,5001,50163,640
2021-01-28,Sutter,101,95872,8294,8136,82,8218,85
2021-01-28,Tehama,103,63373,4288,4163,486,4649,20
2021-01-28,Trinity,105,12862,319,260,34,294,3
2021-01-28,Tulare,107,460477,44981,43742,7092,50834,595
2021-01-28,Tuolumne,109,53932,3527,3472,29,3501,32
2021-01-28,Ventura,111,848112,70763,68896,2614,71510,475
2021-01-28,Yolo,113,214977,12082,11500,170,11670,151
2021-01-28,Yuba,115,75493,5125,4994,75,5069,32
2021-01-27,Alameda,1,1643700,74098,72188,1647,73835,815
2021-01-27,Alpine,3,1148,74,72,0,72,0
2021-01-27,Amador,5,37829,3225,3116,26,3142,31
2021-01-27,Butte,7,227075,10540,9988,1526,11514,138
2021-01-27,Calaveras,9,45235,1751,1737,10,1747,21
2021-01-27,Colusa,11,21464,1755,1724,210,1934,8
2021-01-27,Contra Costa,13,1133247,57869,55578,1014,56592,507
2021-01-27,Del Norte,15,27424,866,859,0,859,2
2021-01-27,El Dorado,17,186661,8501,8141,592,8733,76
2021-01-27,Fresno,19,978130,90098,86886,7125,94011,938
2021-01-27,Glenn,21,27897,2101,2042,445,2487,14
2021-01-27,Humboldt,23,135768,2790,2630,17,2647,24
2021-01-27,Imperial,25,180216,26418,25861,2496,28357,504
2021-01-27,Inyo,27,18085,1082,1023,1,1024,27
2021-01-27,Kern,29,883053,87156,84244,8704,92948,809
2021-01-27,Kings,31,150075,20796,20211,933,21144,167
2021-01-27,Lake,33,64148,2853,2750,1,2751,32
2021-01-27,Lassen,35,31185,4927,4851,91,4942,1
2021-01-27,Los Angeles,37,10098052,1109521,1066569,38080,1104649,15757
2021-01-27,Madera,39,155013,14619,14194,731,14925,86
2021-01-27,Marin,41,260295,12302,12028,143,12171,180
2021-01-27,Mariposa,43,17540,355,333,3,336,4
2021-01-27,Mendocino,45,87422,3269,3095,58,3153,36
2021-01-27,Merced,47,269075,26037,25439,728,26167,315
2021-01-27,Modoc,49,8938,312,297,98,395,0
2021-01-27,Mono,51,14174,1122,1131,13,1144,3
2021-01-27,Monterey,53,433212,39205,38139,1415,39554,268
2021-01-27,Napa,55,140530,8399,8187,32,8219,46
2021-01-27,Nevada,57,99092,3615,3431,145,3576,18
2021-01-27,Orange,59,3164182,232611,227110,9698,236808,2832
2021-01-27,Placer,61,380077,19180,18106,1007,19113,198
2021-01-27,Plumas,63,18699,617,544,11,555,2
2021-01-27,Riverside,65,2383286,268889,260796,13422,274218,2931
2021-01-27,Sacramento,67,1510023,87120,85428,1078,86506,1142
2021-01-27,San Benito,69,59416,5406,5284,74,5358,47
2021-01-27,San Bernardino,71,2135413,274141,265153,8061,273214,2019
2021-01-27,San Diego,73,3302833,244798,231478,0,231478,2465
2021-01-27,San Francisco,75,870044,31519,31082,919,32001,287
2021-01-27,San Joaquin,77,732212,62054,60131,2594,62725,853
2021-01-27,San Luis Obispo,79,281455,17791,17119,486,17605,188
2021-01-27,San Mateo,81,765935,36616,34619,341,34960,216
2021-01-27,Santa Barbara,83,443738,29166,27435,984,28419,282
2021-01-27,Santa Clara,85,1922200,101601,99732,476,100208,1184
2021-01-27,Santa Cruz,87,273765,14223,13111,736,13847,143
2021-01-27,Shasta,89,179085,10303,10106,1113,11219,105
2021-01-27,Sierra,91,2930,46,44,14,58,0
2021-01-27,Siskiyou,93,43540,1308,1214,213,1427,4
2021-01-27,Solano,95,438530,27778,26982,318,27300,112
2021-01-27,Sonoma,97,501317,25904,25361,137,25498,237
2021-01-27,Stanislaus,99,539301,46361,44874,4973,49847,624
2021-01-27,Sutter,101,95872,8251,8093,82,8175,83
2021-01-27,Tehama,103,63373,4263,4133,482,4615,20
2021-01-27,Trinity,105,12862,319,260,34,294,3
2021-01-27,Tulare,107,460477,44796,43462,7017,50479,583
2021-01-27,Tuolumne,109,53932,3517,3464,29,3493,32
2021-01-27,Ventura,111,848112,70290,68291,2589,70880,468
2021-01-27,Yolo,113,214977,12035,11427,166,11593,151
2021-01-27,Yuba,115,75493,5109,4968,75,5043,32
2021-01-26,Alameda,1,1643700,73718,71851,1629,73480,789
2021-01-26,Alpine,3,1148,74,72,0,72,0
2021-01-26,Amador,5,37829,3214,3113,26,3139,31
2021-01-26,Butte,7,227075,10498,9943,1520,11463,136
2021-01-26,Calaveras,9,45235,1740,1723,10,1733,21
2021-01-26,Colusa,11,21464,1748,1719,207,1926,8
2021-01-26,Contra Costa,13,1133247,57589,55337,1006,56343,491
2021-01-26,Del Norte,15,27424,865,856,0,856,2
2021-01-26,El Dorado,17,186661,8476,8115,589,8704,71
2021-01-26,Fresno,19,978130,89744,86673,7080,93753,923
2021-01-26,Glenn,21,27897,2091,2034,441,2475,13
2021-01-26,Humboldt,23,135768,2768,2612,16,2628,24
2021-01-26,Imperial,25,180216,26348,25812,2481,28293,498
2021-01-26,Inyo,27,18085,1075,1018,1,1019,27
2021-01-26,Kern,29,883053,86731,83868,8625,92493,790
2021-01-26,Kings,31,150075,20738,20156,928,21084,159
2021-01-26,Lake,33,64148,2844,2748,1,2749,32
2021-01-26,Lassen,35,31185,4921,4844,91,4935,1
2021-01-26,Los Angeles,37,10098052,1104274,1060492,37862,1098354,15458
2021-01-26,Madera,39,155013,14562,14130,725,14855,86
2021-01-26,Marin,41,260295,12256,11993,141,12134,179
2021-01-26,Mariposa,43,17540,353,332,3,335,3
2021-01-26,Mendocino,45,87422,3243,3076,57,3133,36
2021-01-26,Merced,47,269075,25897,25359,721,26080,309
2021-01-26,Modoc,49,8938,305,291,97,388,0
2021-01-26,Mono,51,14174,1121,1120,13,1133,3
2021-01-26,Monterey,53,433212,39007,37963,1394,39357,255
2021-01-26,Napa,55,140530,8342,8145,32,8177,43
2021-01-26,Nevada,57,99092,3608,3410,144,3554,18
2021-01-26,Orange,59,3164182,231481,225987,9654,235641,2760
2021-01-26,Placer,61,380077,19106,18016,1005,19021,193
2021-01-26,Plumas,63,18699,615,536,11,547,2
2021-01-26,Riverside,65,2383286,267557,259399,13360,272759,2898
2021-01-26,Sacramento,67,1510023,86766,85062,1071,86133,1127
2021-01-26,San Benito,69,59416,5392,5251,73,5324,45
2021-01-26,San Bernardino,71,2135413,273152,263736,8016,271752,1970
2021-01-26,San Diego,73,3302833,243307,230063,0,230063,2421
2021-01-26,San Francisco,75,870044,31389,30874,898,31772,286
2021-01-26,San Joaquin,77,732212,61800,59889,2577,62466,847
2021-01-26,San Luis Obispo,79,281455,17710,17016,483,17499,186
2021-01-26,San Mateo,81,765935,36424,34441,330,34771,213
2021-01-26,Santa Barbara,83,443738,28995,27321,972,28293,273
2021-01-26,Santa Clara,85,1922200,101125,99215,471,99686,1171
2021-01-26,Santa Cruz,87,273765,14158,13045,730,13775,134
2021-01-26,Shasta,89,179085,10268,10036,1105,11141,103
2021-01-26,Sierra,91,2930,46,43,14,57,0
2021-01-26,Siskiyou,93,43540,1294,1208,211,1419,4
2021-01-26,Solano,95,438530,27622,26858,312,27170,110
2021-01-26,Sonoma,97,501317,25783,25273,135,25408,236
2021-01-26,Stanislaus,99,539301,46178,44703,4930,49633,599
2021-01-26,Sutter,101,95872,8209,8067,82,8149,83
2021-01-26,Tehama,103,63373,4232,4115,482,4597,20
2021-01-26,Trinity,105,12862,319,260,34,294,3
2021-01-26,Tulare,107,460477,44595,43394,6945,50339,579
2021-01-26,Tuolumne,109,53932,3507,3451,29,3480,30
2021-01-26,Ventura,111,848112,69760,67526,2562,70088,448
2021-01-26,Yolo,113,214977,11990,11361,163,11524,148
2021-01-26,Yuba,115,75493,5084,4944,73,5017,31
2021-01-25,Alameda,1,1643700,73277,71255,1619,72874,780
2021-01-25,Alpine,3,1148,74,72,0,72,0
2021-01-25,Amador,5,37829,3174,3074,26,3100,30
2021-01-25,Butte,7,227075,10433,9865,1512,11377,133
2021-01-25,Calaveras,9,45235,1723,1713,10,1723,21
2021-01-25,Colusa,11,21464,1736,1709,203,1912,8
2021-01-25,Contra Costa,13,1133247,57227,54989,999,55988,488
2021-01-25,Del Norte,15,27424,864,855,0,855,2
2021-01-25,El Dorado,17,186661,8452,8060,589,8649,66
2021-01-25,Fresno,19,978130,89376,86336,7047,93383,913
2021-01-25,Glenn,21,27897,2080,2028,441,2469,13
2021-01-25,Humboldt,23,135768,2734,2587,16,2603,24
2021-01-25,Imperial,25,180216,26298,25745,2472,28217,491
2021-01-25,Inyo,27,18085,1069,1015,1,1016,27
2021-01-25,Kern,29,883053,86342,83401,8532,91933,787
2021-01-25,Kings,31,150075,20618,20067,924,20991,159
2021-01-25,Lake,33,64148,2825,2729,1,2730,32
2021-01-25,Lassen,35,31185,4896,4835,91,4926,1
2021-01-25,Los Angeles,37,10098052,1098353,1055181,37627,1092808,15163
2021-01-25,Madera,39,155013,14508,14068,721,14789,86
2021-01-25,Marin,41,260295,12203,11923,137,12060,177
2021-01-25,Mariposa,43,17540,350,331,3,334,3
2021-01-25,Mendocino,45,87422,3232,3054,57,3111,35
2021-01-25,Merced,47,269075,25758,25181,712,25893,305
2021-01-25,Modoc,49,8938,304,288,93,381,0
2021-01-25,Mono,51,14174,1118,1114,12,1126,3
2021-01-25,Monterey,53,433212,38750,37726,1373,39099,255
2021-01-25,Napa,55,140530,8309,8057,31,8088,43
2021-01-25,Nevada,57,99092,3594,3365,144,3509,18
2021-01-25,Orange,59,3164182,230278,225105,9613,234718,2696
2021-01-25,Placer,61,380077,19013,17936,990,18926,193
2021-01-25,Plumas,63,18699,612,533,11,544,2
2021-01-25,Riverside,65,2383286,265877,258082,13305,271387,2789
2021-01-25,Sacramento,67,1510023,86314,84653,1062,85715,1118
2021-01-25,San Benito,69,59416,5355,5238,72,5310,43
2021-01-25,San Bernardino,71,2135413,272201,263174,7978,271152,1947
2021-01-25,San Diego,73,3302833,241698,228630,0,228630,2375
2021-01-25,San Francisco,75,870044,31241,30734,875,31609,288
2021-01-25,San Joaquin,77,732212,61507,59291,2547,61838,838
2021-01-25,San Luis Obispo,79,281455,17576,16868,478,17346,179
2021-01-25,San Mateo,81,765935,36192,34187,323,34510,213
2021-01-25,Santa Barbara,83,443738,28765,27065,961,28026,269
2021-01-25,Santa Clara,85,1922200,100555,98647,463,99110,1143
2021-01-25,Santa Cruz,87,273765,14072,12973,724,13697,133
2021-01-25,Shasta,89,179085,10227,9991,1094,11085,103
2021-01-25,Sierra,91,2930,46,42,14,56,0
2021-01-25,Siskiyou,93,43540,1286,1205,208,1413,4
2021-01-25,Solano,95,438530,27453,26648,311,26959,109
2021-01-25,Sonoma,97,501317,25673,25160,133,25293,233
2021-01-25,Stanislaus,99,539301,45935,44293,4887,49180,599
2021-01-25,Sutter,101,95872,8166,8023,82,8105,83
2021-01-25,Tehama,103,63373,4204,4082,478,4560,20
2021-01-25,Trinity,105,12862,319,262,34,296,3
2021-01-25,Tulare,107,460477,44381,43124,6838,49962,578
2021-01-25,Tuolumne,109,53932,3498,3422,29,3451,29
2021-01-25,Ventura,111,848112,69117,66910,2544,69454,439
2021-01-25,Yolo,113,214977,11904,11276,161,11437,140
2021-01-25,Yuba,115,75493,5060,4900,71,4971,31
2021-01-24,Alameda,1,1643700,72769,70823,1607,72430,780
2021-01-24,Alpine,3,1148,74,72,0,72,0
2021-01-24,Amador,5,37829,3141,3054,26,3080,30
2021-01-24,Butte,7,227075,10349,9820,1493,11313,133
2021-01-24,Calaveras,9,45235,1707,1704,10,1714,21
2021-01-24,Colusa,11,21464,1725,1689,197,1886,8
2021-01-24,Contra Costa,13,1133247,56838,54694,986,55680,488
2021-01-24,Del Norte,15,27424,859,855,0,855,2
2021-01-24,El Dorado,17,186661,8418,8003,585,8588,66
2021-01-24,Fresno,19,978130,88939,85808,7008,92816,911
2021-01-24,Glenn,21,27897,2073,2026,439,2465,13
2021-01-24,Humboldt,23,135768,2695,2562,16,2578,24
2021-01-24,Imperial,25,180216,26204,25707,2443,28150,488
2021-01-24,Inyo,27,18085,1053,1007,1,1008,27
2021-01-24,Kern,29,883053,85904,83125,8419,91544,785
2021-01-24,Kings,31,150075,20492,19988,906,20894,159
2021-01-24,Lake,33,64148,2807,2724,0,2724,32
2021-01-24,Lassen,35,31185,4885,4828,88,4916,1
2021-01-24,Los Angeles,37,10098052,1092001,1048757,37306,1086063,15119
2021-01-24,Madera,39,155013,14416,14000,715,14715,86
2021-01-24,Marin,41,260295,12137,11872,135,12007,177
2021-01-24,Mariposa,43,17540,346,322,3,325,3
2021-01-24,Mendocino,45,87422,3211,3037,56,3093,33
2021-01-24,Merced,47,269075,25545,25047,704,25751,305
2021-01-24,Modoc,49,8938,304,285,93,378,0
2021-01-24,Mono,51,14174,1111,1113,12,1125,3
2021-01-24,Monterey,53,433212,38478,37527,1340,38867,254
2021-01-24,Napa,55,140530,8267,8005,31,8036,43
2021-01-24,Nevada,57,99092,3552,3349,142,3491,18
2021-01-24,Orange,59,3164182,228852,223853,9547,233400,2632
2021-01-24,Placer,61,380077,18902,17839,970,18809,193
2021-01-24,Plumas,63,18699,609,532,11,543,2
2021-01-24,Riverside,65,2383286,264279,256767,13224,269991,2761
2021-01-24,Sacramento,67,1510023,85742,84110,1055,85165,1112
2021-01-24,San Benito,69,59416,5313,5223,69,5292,43
2021-01-24,San Bernardino,71,2135413,270882,262370,7921,270291,1935
2021-01-24,San Diego,73,3302833,240008,227193,0,227193,2375
2021-01-24,San Francisco,75,870044,31052,30559,852,31411,275
2021-01-24,San Joaquin,77,732212,61083,59021,2531,61552,838
2021-01-24,San Luis Obispo,79,281455,17454,16758,475,17233,179
2021-01-24,San Mateo,81,765935,35949,33956,318,34274,213
2021-01-24,Santa Barbara,83,443738,28451,26735,951,27686,269
2021-01-24,Santa Clara,85,1922200,99903,98103,459,98562,1109
2021-01-24,Santa Cruz,87,273765,13987,12905,715,13620,133
2021-01-24,Shasta,89,179085,10157,9978,1085,11063,103
2021-01-24,Sierra,91,2930,45,42,14,56,0
2021-01-24,Siskiyou,93,43540,1279,1195,208,1403,4
2021-01-24,Solano,95,438530,27265,26515,307,26822,109
2021-01-24,Sonoma,97,501317,25483,25045,132,25177,233
2021-01-24,Stanislaus,99,539301,45625,44031,4828,48859,599
2021-01-24,Sutter,101,95872,8098,7980,81,8061,83
2021-01-24,Tehama,103,63373,4164,4062,470,4532,20
2021-01-24,Trinity,105,12862,319,262,34,296,3
2021-01-24,Tulare,107,460477,44169,43006,6739,49745,577
2021-01-24,Tuolumne,109,53932,3488,3416,29,3445,29
2021-01-24,Ventura,111,848112,68403,66347,2519,68866,439
2021-01-24,Yolo,113,214977,11819,11210,157,11367,140
2021-01-24,Yuba,115,75493,5020,4875,70,4945,31
2021-01-23,Alameda,1,1643700,72527,70080,1598,71678,780
2021-01-23,Alpine,3,1148,74,72,0,72,0
2021-01-23,Amador,5,37829,3138,3049,26,3075,30
2021-01-23,Butte,7,227075,10319,9757,1488,11245,133
2021-01-23,Calaveras,9,45235,1701,1695,10,1705,21
2021-01-23,Colusa,11,21464,1721,1672,196,1868,8
2021-01-23,Contra Costa,13,1133247,56627,54162,978,55140,487
2021-01-23,Del Norte,15,27424,858,855,0,855,2
2021-01-23,El Dorado,17,186661,8402,7984,583,8567,66
2021-01-23,Fresno,19,978130,88756,85274,6977,92251,910
2021-01-23,Glenn,21,27897,2070,2015,435,2450,13
2021-01-23,Humboldt,23,135768,2676,2493,15,2508,23
2021-01-23,Imperial,25,180216,26173,25581,2434,28015,487
2021-01-23,Inyo,27,18085,1044,987,1,988,27
2021-01-23,Kern,29,883053,85663,82602,8343,90945,783
2021-01-23,Kings,31,150075,20448,19904,904,20808,159
2021-01-23,Lake,33,64148,2799,2673,0,2673,32
2021-01-23,Lassen,35,31185,4884,4816,85,4901,1
2021-01-23,Los Angeles,37,10098052,1088806,1040961,37137,1078098,15034
2021-01-23,Madera,39,155013,14380,13858,713,14571,86
2021-01-23,Marin,41,260295,12081,11796,133,11929,177
2021-01-23,Mariposa,43,17540,346,323,3,326,3
2021-01-23,Mendocino,45,87422,3197,2991,56,3047,32
2021-01-23,Merced,47,269075,25453,24787,690,25477,303
2021-01-23,Modoc,49,8938,304,285,93,378,0
2021-01-23,Mono,51,14174,1109,1111,12,1123,3
2021-01-23,Monterey,53,433212,38396,37165,1335,38500,253
2021-01-23,Napa,55,140530,8242,7893,31,7924,43
2021-01-23,Nevada,57,99092,3541,3332,141,3473,18
2021-01-23,Orange,59,3164182,228085,221722,9504,231226,2618
2021-01-23,Placer,61,380077,18853,17617,965,18582,193
2021-01-23,Plumas,63,18699,608,528,11,539,2
2021-01-23,Riverside,65,2383286,263407,253636,13168,266804,2733
2021-01-23,Sacramento,67,1510023,85515,83408,1052,84460,1108
2021-01-23,San Benito,69,59416,5289,5166,68,5234,43
2021-01-23,San Bernardino,71,2135413,270336,260381,7887,268268,1922
2021-01-23,San Diego,73,3302833,238950,225556,0,225556,2344
2021-01-23,San Francisco,75,870044,30947,30308,822,31130,268
2021-01-23,San Joaquin,77,732212,60961,58164,2519,60683,836
2021-01-23,San Luis Obispo,79,281455,17391,16652,472,17124,176
2021-01-23,San Mateo,81,765935,35773,33696,307,34003,213
2021-01-23,Santa Barbara,83,443738,28270,26234,942,27176,264
2021-01-23,Santa Clara,85,1922200,99548,97189,458,97647,1086
2021-01-23,Santa Cruz,87,273765,13929,12771,712,13483,127
2021-01-23,Shasta,89,179085,10127,9951,1084,11035,103
2021-01-23,Sierra,91,2930,45,41,14,55,0
2021-01-23,Siskiyou,93,43540,1269,1190,207,1397,4
2021-01-23,Solano,95,438530,27171,26261,305,26566,107
2021-01-23,Sonoma,97,501317,25407,24790,132,24922,232
2021-01-23,Stanislaus,99,539301,45464,43723,4798,48521,599
2021-01-23,Sutter,101,95872,8080,7943,80,8023,80
2021-01-23,Tehama,103,63373,4145,4006,469,4475,20
2021-01-23,Trinity,105,12862,319,262,34,296,3
2021-01-23,Tulare,107,460477,44022,42661,6673,49334,575
2021-01-23,Tuolumne,109,53932,3481,3407,29,3436,29
2021-01-23,Ventura,111,848112,67957,65581,2494,68075,438
2021-01-23,Yolo,113,214977,11776,11087,153,11240,141
2021-01-23,Yuba,115,75493,5009,4831,68,4899,30
2021-01-22,Alameda,1,1643700,72201,69693,1592,71285,751
2021-01-22,Alpine,3,1148,74,71,0,71,0
2021-01-22,Amador,5,37829,3133,3042,26,3068,30
2021-01-22,Butte,7,227075,10271,9711,1474,11185,133
2021-01-22,Calaveras,9,45235,1692,1672,10,1682,21
2021-01-22,Colusa,11,21464,1719,1668,196,1864,7
2021-01-22,Contra Costa,13,1133247,56387,53887,972,54859,485
2021-01-22,Del Norte,15,27424,857,852,0,852,2
2021-01-22,El Dorado,17,186661,8369,7877,580,8457,64
2021-01-22,Fresno,19,978130,88421,84744,6946,91690,892
2021-01-22,Glenn,21,27897,2066,1985,430,2415,13
2021-01-22,Humboldt,23,135768,2652,2452,15,2467,23
2021-01-22,Imperial,25,180216,26138,25562,2419,27981,474
2021-01-22,Inyo,27,18085,1033,961,1,962,26
2021-01-22,Kern,29,883053,85367,82101,8268,90369,771
2021-01-22,Kings,31,150075,20372,19760,900,20660,159
2021-01-22,Lake,33,64148,2787,2681,0,2681,32
2021-01-22,Lassen,35,31185,4876,4765,84,4849,1
2021-01-22,Los Angeles,37,10098052,1084374,1031177,36936,1068113,14777
2021-01-22,Madera,39,155013,14319,13781,712,14493,86
2021-01-22,Marin,41,260295,12044,11769,131,11900,177
2021-01-22,Mariposa,43,17540,346,323,3,326,3
2021-01-22,Mendocino,45,87422,3172,2994,55,3049,32
2021-01-22,Merced,47,269075,25330,24616,682,25298,290
2021-01-22,Modoc,49,8938,304,285,93,378,0
2021-01-22,Mono,51,14174,1109,1108,12,1120,3
2021-01-22,Monterey,53,433212,38242,36909,1329,38238,253
2021-01-22,Napa,55,140530,8196,7828,31,7859,40
2021-01-22,Nevada,57,99092,3516,3296,140,3436,18
2021-01-22,Orange,59,3164182,227138,220384,9455,229839,2542
2021-01-22,Placer,61,380077,18799,17636,950,18586,193
2021-01-22,Plumas,63,18699,606,522,11,533,2
2021-01-22,Riverside,65,2383286,262284,252440,13099,265539,2710
2021-01-22,Sacramento,67,1510023,85185,82861,1044,83905,1094
2021-01-22,San Benito,69,59416,5264,5143,68,5211,43
2021-01-22,San Bernardino,71,2135413,269512,259121,7852,266973,1849
2021-01-22,San Diego,73,3302833,237711,222576,0,222576,2301
2021-01-22,San Francisco,75,870044,30836,30027,801,30828,266
2021-01-22,San Joaquin,77,732212,60779,58485,2506,60991,812
2021-01-22,San Luis Obispo,79,281455,17302,16336,469,16805,172
2021-01-22,San Mateo,81,765935,35550,33401,304,33705,211
2021-01-22,Santa Barbara,83,443738,28070,25989,931,26920,256
2021-01-22,Santa Clara,85,1922200,99107,96435,455,96890,1062
2021-01-22,Santa Cruz,87,273765,13872,12687,707,13394,123
2021-01-22,Shasta,89,179085,10108,9866,1082,10948,103
2021-01-22,Sierra,91,2930,45,40,14,54,0
2021-01-22,Siskiyou,93,43540,1265,1182,205,1387,4
2021-01-22,Solano,95,438530,27082,26048,303,26351,107
2021-01-22,Sonoma,97,501317,25328,24659,132,24791,232
2021-01-22,Stanislaus,99,539301,45310,43489,4760,48249,599
2021-01-22,Sutter,101,95872,8054,7878,80,7958,80
2021-01-22,Tehama,103,63373,4126,3993,468,4461,19
2021-01-22,Trinity,105,12862,318,263,34,297,3
2021-01-22,Tulare,107,460477,43845,42307,6600,48907,573
2021-01-22,Tuolumne,109,53932,3452,3379,29,3408,29
2021-01-22,Ventura,111,848112,67450,64404,2477,66881,426
2021-01-22,Yolo,113,214977,11743,11014,145,11159,141
2021-01-22,Yuba,115,75493,4985,4789,66,4855,29
2021-01-21,Alameda,1,1643700,71758,69314,1575,70889,739
2021-01-21,Alpine,3,1148,74,71,0,71,0
2021-01-21,Amador,5,37829,3111,3038,26,3064,29
2021-01-21,Butte,7,227075,10200,9643,1467,11110,130
2021-01-21,Calaveras,9,45235,1685,1647,10,1657,21
2021-01-21,Colusa,11,21464,1712,1662,193,1855,7
2021-01-21,Contra Costa,13,1133247,55972,53595,958,54553,478
2021-01-21,Del Norte,15,27424,855,850,0,850,2
2021-01-21,El Dorado,17,186661,8320,7823,577,8400,58
2021-01-21,Fresno,19,978130,88018,84137,6905,91042,889
2021-01-21,Glenn,21,27897,2057,1964,426,2390,13
2021-01-21,Humboldt,23,135768,2629,2423,15,2438,23
2021-01-21,Imperial,25,180216,26047,25509,2401,27910,463
2021-01-21,Inyo,27,18085,1024,946,1,947,26
2021-01-21,Kern,29,883053,84957,81328,8147,89475,769
2021-01-21,Kings,31,150075,20302,19633,881,20514,158
2021-01-21,Lake,33,64148,2771,2669,0,2669,32
2021-01-21,Lassen,35,31185,4870,4763,84,4847,1
2021-01-21,Los Angeles,37,10098052,1077744,1023055,36596,1059651,14537
2021-01-21,Madera,39,155013,14253,13664,704,14368,86
2021-01-21,Marin,41,260295,11987,11732,129,11861,173
2021-01-21,Mariposa,43,17540,342,322,3,325,3
2021-01-21,Mendocino,45,87422,3149,2967,53,3020,32
2021-01-21,Merced,47,269075,25176,24426,676,25102,245
2021-01-21,Modoc,49,8938,301,284,92,376,0
2021-01-21,Mono,51,14174,1104,1104,12,1116,3
2021-01-21,Monterey,53,433212,37962,36149,1318,37467,253
2021-01-21,Napa,55,140530,8132,7774,31,7805,40
2021-01-21,Nevada,57,99092,3487,3274,139,3413,18
2021-01-21,Orange,59,3164182,225762,218867,9397,228264,2540
2021-01-21,Placer,61,380077,18715,17553,946,18499,190
2021-01-21,Plumas,63,18699,602,518,11,529,2
2021-01-21,Riverside,65,2383286,260571,251007,13016,264023,2676
2021-01-21,Sacramento,67,1510023,84706,82303,1024,83327,1084
2021-01-21,San Benito,69,59416,5231,5100,62,5162,43
2021-01-21,San Bernardino,71,2135413,268166,257754,7784,265538,1832
2021-01-21,San Diego,73,3302833,235938,219729,0,219729,2222
2021-01-21,San Francisco,75,870044,30659,29801,767,30568,266
2021-01-21,San Joaquin,77,732212,60471,58270,2485,60755,806
2021-01-21,San Luis Obispo,79,281455,17216,16153,461,16614,169
2021-01-21,San Mateo,81,765935,35306,33156,290,33446,210
2021-01-21,Santa Barbara,83,443738,27787,25654,917,26571,253
2021-01-21,Santa Clara,85,1922200,98486,96028,447,96475,1062
2021-01-21,Santa Cruz,87,273765,13788,12548,697,13245,119
2021-01-21,Shasta,89,179085,10066,9795,1064,10859,98
2021-01-21,Sierra,91,2930,45,40,14,54,0
2021-01-21,Siskiyou,93,43540,1262,1178,201,1379,4
2021-01-21,Solano,95,438530,26901,25885,299,26184,106
2021-01-21,Sonoma,97,501317,25186,24440,130,24570,230
2021-01-21,Stanislaus,99,539301,45008,43223,4714,47937,599
2021-01-21,Sutter,101,95872,8020,7822,80,7902,80
2021-01-21,Tehama,103,63373,4090,3938,468,4406,19
2021-01-21,Trinity,105,12862,318,261,34,295,3
2021-01-21,Tulare,107,460477,43640,42082,6518,48600,569
2021-01-21,Tuolumne,109,53932,3442,3365,29,3394,29
2021-01-21,Ventura,111,848112,66760,63995,2455,66450,420
2021-01-21,Yolo,113,214977,11651,10940,137,11077,141
2021-01-21,Yuba,115,75493,4953,4757,65,4822,29
2021-01-20,Alameda,1,1643700,71239,68785,1560,70345,702
2021-01-20,Alpine,3,1148,74,71,0,71,0
2021-01-20,Amador,5,37829,3080,3036,26,3062,29
2021-01-20,Butte,7,227075,10143,9582,1456,11038,130
2021-01-20,Calaveras,9,45235,1663,1637,9,1646,21
2021-01-20,Colusa,11,21464,1696,1630,188,1818,7
2021-01-20,Contra Costa,13,1133247,55518,53108,952,54060,461
2021-01-20,Del Norte,15,27424,854,848,0,848,2
2021-01-20,El Dorado,17,186661,8274,7785,573,8358,53
2021-01-20,Fresno,19,978130,87597,83591,6852,90443,872
2021-01-20,Glenn,21,27897,2039,1955,423,2378,13
2021-01-20,Humboldt,23,135768,2587,2390,15,2405,22
2021-01-20,Imperial,25,180216,25979,25380,2365,27745,461
2021-01-20,Inyo,27,18085,1014,901,1,902,26
2021-01-20,Kern,29,883053,84507,80701,8040,88741,754
2021-01-20,Kings,31,150075,20213,19522,872,20394,146
2021-01-20,Lake,33,64148,2748,2646,0,2646,31
2021-01-20,Lassen,35,31185,4862,4758,82,4840,1
2021-01-20,Los Angeles,37,10098052,1070276,1015608,36301,1051909,14299
2021-01-20,Madera,39,155013,14188,13585,699,14284,86
2021-01-20,Marin,41,260295,11934,11684,127,11811,171
2021-01-20,Mariposa,43,17540,340,322,3,325,3
2021-01-20,Mendocino,45,87422,3134,2957,53,3010,32
2021-01-20,Merced,47,269075,25002,24220,655,24875,243
2021-01-20,Modoc,49,8938,300,282,92,374,0
2021-01-20,Mono,51,14174,1097,1105,11,1116,3
2021-01-20,Monterey,53,433212,37646,35960,1295,37255,249
2021-01-20,Napa,55,140530,8063,7731,30,7761,40
2021-01-20,Nevada,57,99092,3455,3238,139,3377,18
2021-01-20,Orange,59,3164182,224223,216893,9331,226224,2500
2021-01-20,Placer,61,380077,18612,17455,927,18382,186
2021-01-20,Plumas,63,18699,600,512,11,523,2
2021-01-20,Riverside,65,2383286,258564,248686,12928,261614,2615
2021-01-20,Sacramento,67,1510023,84141,81687,1013,82700,1072
2021-01-20,San Benito,69,59416,5201,5036,61,5097,35
2021-01-20,San Bernardino,71,2135413,266806,255921,7731,263652,1801
2021-01-20,San Diego,73,3302833,234085,218553,0,218553,2174
2021-01-20,San Francisco,75,870044,30463,29665,747,30412,262
2021-01-20,San Joaquin,77,732212,60068,58025,2476,60501,783
2021-01-20,San Luis Obispo,79,281455,17034,15936,452,16388,164
2021-01-20,San Mateo,81,765935,35082,32929,289,33218,210
2021-01-20,Santa Barbara,83,443738,27474,25312,904,26216,248
2021-01-20,Santa Clara,85,1922200,97806,94995,446,95441,1040
2021-01-20,Santa Cruz,87,273765,13682,12460,683,13143,107
2021-01-20,Shasta,89,179085,10014,9697,1053,10750,98
2021-01-20,Sierra,91,2930,45,40,14,54,0
2021-01-20,Siskiyou,93,43540,1256,1163,200,1363,4
2021-01-20,Solano,95,438530,26707,25659,295,25954,106
2021-01-20,Sonoma,97,501317,25039,24262,128,24390,223
2021-01-20,Stanislaus,99,539301,44718,42955,4667,47622,585
2021-01-20,Sutter,101,95872,7969,7772,78,7850,80
2021-01-20,Tehama,103,63373,4065,3892,467,4359,19
2021-01-20,Trinity,105,12862,318,260,34,294,3
2021-01-20,Tulare,107,460477,43390,41799,6418,48217,559
2021-01-20,Tuolumne,109,53932,3428,3355,28,3383,29
2021-01-20,Ventura,111,848112,65805,63413,2426,65839,395
2021-01-20,Yolo,113,214977,11579,10852,134,10986,141
2021-01-20,Yuba,115,75493,4926,4729,65,4794,29
2021-01-19,Alameda,1,1643700,70572,68434,1550,69984,680
2021-01-19,Alpine,3,1148,74,71,0,71,0
2021-01-19,Amador,5,37829,3071,3024,26,3050,28
2021-01-19,Butte,7,227075,10078,9528,1442,10970,129
2021-01-19,Calaveras,9,45235,1648,1621,8,1629,21
2021-01-19,Colusa,11,21464,1674,1617,180,1797,7
2021-01-19,Contra Costa,13,1133247,55021,52730,941,53671,448
2021-01-19,Del Norte,15,27424,853,843,0,843,2
2021-01-19,El Dorado,17,186661,8213,7743,565,8308,47
2021-01-19,Fresno,19,978130,87082,83200,6800,90000,857
2021-01-19,Glenn,21,27897,2028,1948,417,2365,13
2021-01-19,Humboldt,23,135768,2563,2359,12,2371,22
2021-01-19,Imperial,25,180216,25900,25333,2348,27681,452
2021-01-19,Inyo,27,18085,1007,891,1,892,26
2021-01-19,Kern,29,883053,83921,80272,7933,88205,742
2021-01-19,Kings,31,150075,20074,19375,860,20235,143
2021-01-19,Lake,33,64148,2734,2625,0,2625,31
2021-01-19,Lassen,35,31185,4855,4753,82,4835,1
2021-01-19,Los Angeles,37,10098052,1061633,1010375,36014,1046389,14014
2021-01-19,Madera,39,155013,14071,13528,692,14220,86
2021-01-19,Marin,41,260295,11876,11654,123,11777,169
2021-01-19,Mariposa,43,17540,340,322,3,325,3
2021-01-19,Mendocino,45,87422,3117,2930,53,2983,32
2021-01-19,Merced,47,269075,24788,24108,649,24757,242
2021-01-19,Modoc,49,8938,299,281,92,373,0
2021-01-19,Mono,51,14174,1096,1106,11,1117,3
2021-01-19,Monterey,53,433212,37320,35840,1271,37111,248
2021-01-19,Napa,55,140530,8004,7672,30,7702,38
2021-01-19,Nevada,57,99092,3437,3216,137,3353,18
2021-01-19,Orange,59,3164182,222472,215244,9263,224507,2468
2021-01-19,Placer,61,380077,18512,17348,917,18265,182
2021-01-19,Plumas,63,18699,593,509,11,520,2
2021-01-19,Riverside,65,2383286,256506,246248,12849,259097,2585
2021-01-19,Sacramento,67,1510023,83609,81183,993,82176,1053
2021-01-19,San Benito,69,59416,5155,4988,60,5048,35
2021-01-19,San Bernardino,71,2135413,265043,253651,7671,261322,1777
2021-01-19,San Diego,73,3302833,231666,216833,0,216833,2109
2021-01-19,San Francisco,75,870044,30247,29502,715,30217,261
2021-01-19,San Joaquin,77,732212,59686,57655,2461,60116,782
2021-01-19,San Luis Obispo,79,281455,16771,15855,449,16304,161
2021-01-19,San Mateo,81,765935,34797,32730,277,33007,208
2021-01-19,Santa Barbara,83,443738,27094,24991,885,25876,236
2021-01-19,Santa Clara,85,1922200,97021,94483,444,94927,1010
2021-01-19,Santa Cruz,87,273765,13567,12410,673,13083,106
2021-01-19,Shasta,89,179085,9978,9614,1043,10657,93
2021-01-19,Sierra,91,2930,45,40,12,52,0
2021-01-19,Siskiyou,93,43540,1248,1149,199,1348,4
2021-01-19,Solano,95,438530,26460,25520,295,25815,106
2021-01-19,Sonoma,97,501317,24861,24133,126,24259,223
2021-01-19,Stanislaus,99,539301,44368,42723,4611,47334,561
2021-01-19,Sutter,101,95872,7918,7709,72,7781,80
2021-01-19,Tehama,103,63373,4031,3876,465,4341,19
2021-01-19,Trinity,105,12862,317,260,34,294,3
2021-01-19,Tulare,107,460477,43118,41559,6315,47874,549
2021-01-19,Tuolumne,109,53932,3401,3328,28,3356,29
2021-01-19,Ventura,111,848112,65129,62656,2399,65055,383
2021-01-19,Yolo,113,214977,11499,10789,134,10923,134
2021-01-19,Yuba,115,75493,4892,4695,64,4759,29
2021-01-18,Alameda,1,1643700,69891,67938,1533,69471,680
2021-01-18,Alpine,3,1148,74,71,0,71,0
2021-01-18,Amador,5,37829,3057,3016,26,3042,28
2021-01-18,Butte,7,227075,9991,9474,1429,10903,129
2021-01-18,Calaveras,9,45235,1630,1617,7,1624,21
2021-01-18,Colusa,11,21464,1657,1608,175,1783,7
2021-01-18,Contra Costa,13,1133247,54501,52323,933,53256,448
2021-01-18,Del Norte,15,27424,852,840,0,840,2
2021-01-18,El Dorado,17,186661,8144,7707,563,8270,47
2021-01-18,Fresno,19,978130,86473,82485,6730,89215,857
2021-01-18,Glenn,21,27897,2011,1935,413,2348,13
2021-01-18,Humboldt,23,135768,2525,2343,12,2355,22
2021-01-18,Imperial,25,180216,25833,25317,2320,27637,452
2021-01-18,Inyo,27,18085,995,872,1,873,26
2021-01-18,Kern,29,883053,83283,79930,7840,87770,740
2021-01-18,Kings,31,150075,19906,19267,847,20114,141
2021-01-18,Lake,33,64148,2717,2591,0,2591,30
2021-01-18,Lassen,35,31185,4819,4749,81,4830,1
2021-01-18,Los Angeles,37,10098052,1052154,1002614,35713,1038327,13828
2021-01-18,Madera,39,155013,13957,13443,684,14127,85
2021-01-18,Marin,41,260295,11826,11607,121,11728,165
2021-01-18,Mariposa,43,17540,337,320,2,322,3
2021-01-18,Mendocino,45,87422,3094,2919,53,2972,31
2021-01-18,Merced,47,269075,24543,23927,632,24559,242
2021-01-18,Modoc,49,8938,296,281,89,370,0
2021-01-18,Mono,51,14174,1093,1101,11,1112,3
2021-01-18,Monterey,53,433212,36847,35549,1253,36802,247
2021-01-18,Napa,55,140530,7930,7601,30,7631,38
2021-01-18,Nevada,57,99092,3399,3199,136,3335,17
2021-01-18,Orange,59,3164182,220545,213866,9202,223068,2405
2021-01-18,Placer,61,380077,18395,17263,907,18170,182
2021-01-18,Plumas,63,18699,589,506,11,517,2
2021-01-18,Riverside,65,2383286,254230,244151,12757,256908,2568
2021-01-18,Sacramento,67,1510023,82932,80546,977,81523,1046
2021-01-18,San Benito,69,59416,5104,4963,58,5021,35
2021-01-18,San Bernardino,71,2135413,263251,252808,7613,260421,1775
2021-01-18,San Diego,73,3302833,229024,214335,0,214335,2103
2021-01-18,San Francisco,75,870044,30040,29321,691,30012,259
2021-01-18,San Joaquin,77,732212,59163,57405,2438,59843,782
2021-01-18,San Luis Obispo,79,281455,16584,15742,439,16181,158
2021-01-18,San Mateo,81,765935,34487,32515,258,32773,208
2021-01-18,Santa Barbara,83,443738,26721,24638,871,25509,235
2021-01-18,Santa Clara,85,1922200,96121,93688,440,94128,992
2021-01-18,Santa Cruz,87,273765,13435,12298,660,12958,106
2021-01-18,Shasta,89,179085,9940,9600,1031,10631,92
2021-01-18,Sierra,91,2930,44,40,12,52,0
2021-01-18,Siskiyou,93,43540,1236,1144,197,1341,4
2021-01-18,Solano,95,438530,26175,25344,290,25634,105
2021-01-18,Sonoma,97,501317,24586,24068,125,24193,223
2021-01-18,Stanislaus,99,539301,44011,42413,4561,46974,562
2021-01-18,Sutter,101,95872,7861,7680,69,7749,78
2021-01-18,Tehama,103,63373,3984,3854,458,4312,19
2021-01-18,Trinity,105,12862,317,260,34,294,3
2021-01-18,Tulare,107,460477,42833,41196,6196,47392,549
2021-01-18,Tuolumne,109,53932,3378,3318,27,3345,28
2021-01-18,Ventura,111,848112,64701,61859,2376,64235,379
2021-01-18,Yolo,113,214977,11366,10620,131,10751,134
2021-01-18,Yuba,115,75493,4864,4671,62,4733,29
2021-01-17,Alameda,1,1643700,69316,67375,1513,68888,676
2021-01-17,Alpine,3,1148,74,71,0,71,0
2021-01-17,Amador,5,37829,3050,3001,26,3027,28
2021-01-17,Butte,7,227075,9919,9411,1407,10818,129
2021-01-17,Calaveras,9,45235,1618,1608,7,1615,21
2021-01-17,Colusa,11,21464,1644,1588,169,1757,7
2021-01-17,Contra Costa,13,1133247,54008,51932,926,52858,447
2021-01-17,Del Norte,15,27424,852,838,0,838,2
2021-01-17,El Dorado,17,186661,8088,7659,550,8209,47
2021-01-17,Fresno,19,978130,85919,82039,6653,88692,857
2021-01-17,Glenn,21,27897,1999,1924,408,2332,9
2021-01-17,Humboldt,23,135768,2487,2322,10,2332,22
2021-01-17,Imperial,25,180216,25762,25253,2275,27528,451
2021-01-17,Inyo,27,18085,989,864,1,865,26
2021-01-17,Kern,29,883053,82735,79489,7754,87243,738
2021-01-17,Kings,31,150075,19770,19201,833,20034,131
2021-01-17,Lake,33,64148,2699,2572,0,2572,30
2021-01-17,Lassen,35,31185,4811,4740,80,4820,1
2021-01-17,Los Angeles,37,10098052,1045555,993028,35284,1028312,13741
2021-01-17,Madera,39,155013,13865,13328,678,14006,85
2021-01-17,Marin,41,260295,11774,11552,119,11671,164
2021-01-17,Mariposa,43,17540,337,319,2,321,3
2021-01-17,Mendocino,45,87422,3066,2912,52,2964,31
2021-01-17,Merced,47,269075,24329,23800,618,24418,242
2021-01-17,Modoc,49,8938,295,279,89,368,0
2021-01-17,Mono,51,14174,1087,1091,10,1101,3
2021-01-17,Monterey,53,433212,36615,35340,1228,36568,244
2021-01-17,Napa,55,140530,7874,7521,30,7551,38
2021-01-17,Nevada,57,99092,3374,3176,134,3310,17
2021-01-17,Orange,59,3164182,218531,212389,9122,221511,2359
2021-01-17,Placer,61,380077,18275,17194,891,18085,181
2021-01-17,Plumas,63,18699,588,505,10,515,2
2021-01-17,Riverside,65,2383286,252143,242206,12632,254838,2534
2021-01-17,Sacramento,67,1510023,82338,80154,963,81117,1045
2021-01-17,San Benito,69,59416,5066,4941,58,4999,35
2021-01-17,San Bernardino,71,2135413,261120,251487,7523,259010,1775
2021-01-17,San Diego,73,3302833,226831,211785,0,211785,2103
2021-01-17,San Francisco,75,870044,29851,29139,651,29790,255
2021-01-17,San Joaquin,77,732212,58797,57094,2422,59516,780
2021-01-17,San Luis Obispo,79,281455,16462,15658,430,16088,157
2021-01-17,San Mateo,81,765935,34235,32186,233,32419,208
2021-01-17,Santa Barbara,83,443738,26274,24401,855,25256,235
2021-01-17,Santa Clara,85,1922200,95362,92752,438,93190,976
2021-01-17,Santa Cruz,87,273765,13323,12196,657,12853,106
2021-01-17,Shasta,89,179085,9882,9588,1023,10611,92
2021-01-17,Sierra,91,2930,44,38,11,49,0
2021-01-17,Siskiyou,93,43540,1229,1136,194,1330,4
2021-01-17,Solano,95,438530,25944,25216,288,25504,105
2021-01-17,Sonoma,97,501317,24412,23871,125,23996,223
2021-01-17,Stanislaus,99,539301,43694,42221,4509,46730,562
2021-01-17,Sutter,101,95872,7798,7604,67,7671,77
2021-01-17,Tehama,103,63373,3955,3837,453,4290,18
2021-01-17,Trinity,105,12862,317,261,34,295,3
2021-01-17,Tulare,107,460477,42548,41016,6067,47083,549
2021-01-17,Tuolumne,109,53932,3361,3287,27,3314,27
2021-01-17,Ventura,111,848112,63859,61257,2328,63585,376
2021-01-17,Yolo,113,214977,11264,10519,130,10649,134
2021-01-17,Yuba,115,75493,4813,4640,60,4700,28
2021-01-16,Alameda,1,1643700,69009,66583,1499,68082,673
2021-01-16,Alpine,3,1148,74,71,0,71,0
2021-01-16,Amador,5,37829,3047,2986,26,3012,28
2021-01-16,Butte,7,227075,9889,9359,1387,10746,129
2021-01-16,Calaveras,9,45235,1607,1596,7,1603,21
2021-01-16,Colusa,11,21464,1632,1578,169,1747,7
2021-01-16,Contra Costa,13,1133247,53751,51363,917,52280,443
2021-01-16,Del Norte,15,27424,847,833,0,833,2
2021-01-16,El Dorado,17,186661,8066,7575,549,8124,47
2021-01-16,Fresno,19,978130,85648,81294,6599,87893,846
2021-01-16,Glenn,21,27897,1995,1894,404,2298,9
2021-01-16,Humboldt,23,135768,2467,2294,8,2302,22
2021-01-16,Imperial,25,180216,25729,25140,2268,27408,451
2021-01-16,Inyo,27,18085,985,845,1,846,25
2021-01-16,Kern,29,883053,82372,78865,7698,86563,733
2021-01-16,Kings,31,150075,19714,19072,830,19902,131
2021-01-16,Lake,33,64148,2690,2504,0,2504,30
2021-01-16,Lassen,35,31185,4801,4719,80,4799,1
2021-01-16,Los Angeles,37,10098052,1041490,982684,35034,1017718,13654
2021-01-16,Madera,39,155013,13801,13193,674,13867,85
2021-01-16,Marin,41,260295,11730,11482,119,11601,164
2021-01-16,Mariposa,43,17540,336,317,2,319,3
2021-01-16,Mendocino,45,87422,3052,2890,50,2940,31
2021-01-16,Merced,47,269075,24240,23478,606,24084,242
2021-01-16,Modoc,49,8938,295,278,89,367,0
2021-01-16,Mono,51,14174,1086,1079,10,1089,3
2021-01-16,Monterey,53,433212,36518,34972,1210,36182,243
2021-01-16,Napa,55,140530,7835,7356,30,7386,39
2021-01-16,Nevada,57,99092,3341,3144,134,3278,17
2021-01-16,Orange,59,3164182,217497,210111,9063,219174,2312
2021-01-16,Placer,61,380077,18216,16995,889,17884,177
2021-01-16,Plumas,63,18699,586,502,10,512,2
2021-01-16,Riverside,65,2383286,250793,239412,12510,251922,2506
2021-01-16,Sacramento,67,1510023,81966,79122,945,80067,1033
2021-01-16,San Benito,69,59416,5030,4875,58,4933,35
2021-01-16,San Bernardino,71,2135413,260357,249401,7457,256858,1755
2021-01-16,San Diego,73,3302833,225536,209895,0,209895,2065
2021-01-16,San Francisco,75,870044,29724,28853,619,29472,244
2021-01-16,San Joaquin,77,732212,58556,56642,2389,59031,776
2021-01-16,San Luis Obispo,79,281455,16362,15466,428,15894,152
2021-01-16,San Mateo,81,765935,34067,31805,227,32032,208
2021-01-16,Santa Barbara,83,443738,26080,24088,847,24935,229
2021-01-16,Santa Clara,85,1922200,94901,91584,431,92015,954
2021-01-16,Santa Cruz,87,273765,13264,12026,655,12681,106
2021-01-16,Shasta,89,179085,9849,9547,1019,10566,92
2021-01-16,Sierra,91,2930,43,38,11,49,0
2021-01-16,Siskiyou,93,43540,1225,1124,194,1318,4
2021-01-16,Solano,95,438530,25839,24732,281,25013,103
2021-01-16,Sonoma,97,501317,24328,23607,124,23731,223
2021-01-16,Stanislaus,99,539301,43505,41809,4459,46268,562
2021-01-16,Sutter,101,95872,7766,7560,67,7627,76
2021-01-16,Tehama,103,63373,3942,3783,453,4236,18
2021-01-16,Trinity,105,12862,317,261,34,295,3
2021-01-16,Tulare,107,460477,42362,40655,5991,46646,542
2021-01-16,Tuolumne,109,53932,3354,3269,27,3296,27
2021-01-16,Ventura,111,848112,63306,60368,2298,62666,369
2021-01-16,Yolo,113,214977,11214,10406,129,10535,134
2021-01-16,Yuba,115,75493,4782,4602,60,4662,27
2021-01-15,Alameda,1,1643700,68586,65416,1488,66904,672
2021-01-15,Alpine,3,1148,74,71,0,71,0
2021-01-15,Amador,5,37829,3040,2953,26,2979,28
2021-01-15,Butte,7,227075,9851,9233,1369,10602,129
2021-01-15,Calaveras,9,45235,1600,1538,7,1545,21
2021-01-15,Colusa,11,21464,1621,1541,165,1706,7
2021-01-15,Contra Costa,13,1133247,53426,50408,910,51318,428
2021-01-15,Del Norte,15,27424,843,828,0,828,2
2021-01-15,El Dorado,17,186661,8018,7439,540,7979,47
2021-01-15,Fresno,19,978130,85110,79950,6565,86515,832
2021-01-15,Glenn,21,27897,1990,1824,402,2226,9
2021-01-15,Humboldt,23,135768,2440,2218,7,2225,22
2021-01-15,Imperial,25,180216,25695,24944,2264,27208,446
2021-01-15,Inyo,27,18085,967,814,1,815,25
2021-01-15,Kern,29,883053,81963,77873,7633,85506,719
2021-01-15,Kings,31,150075,19607,18661,822,19483,131
2021-01-15,Lake,33,64148,2662,2434,0,2434,28
2021-01-15,Lassen,35,31185,4790,4693,78,4771,1
2021-01-15,Los Angeles,37,10098052,1034471,968979,34731,1003710,13404
2021-01-15,Madera,39,155013,13712,12883,671,13554,85
2021-01-15,Marin,41,260295,11680,11310,119,11429,160
2021-01-15,Mariposa,43,17540,334,307,2,309,3
2021-01-15,Mendocino,45,87422,3041,2835,50,2885,31
2021-01-15,Merced,47,269075,24127,23060,602,23662,239
2021-01-15,Modoc,49,8938,295,278,87,365,0
2021-01-15,Mono,51,14174,1083,1057,10,1067,3
2021-01-15,Monterey,53,433212,36309,34460,1150,35610,243
2021-01-15,Napa,55,140530,7773,7231,30,7261,38
2021-01-15,Nevada,57,99092,3328,3099,130,3229,17
2021-01-15,Orange,59,3164182,216135,207129,9011,216140,2254
2021-01-15,Placer,61,380077,18115,16712,879,17591,173
2021-01-15,Plumas,63,18699,583,499,10,509,2
2021-01-15,Riverside,65,2383286,248962,235235,12431,247666,2458
2021-01-15,Sacramento,67,1510023,81548,80279,937,81216,1023
2021-01-15,San Benito,69,59416,4986,4766,56,4822,35
2021-01-15,San Bernardino,71,2135413,259208,246182,7399,253581,1726
2021-01-15,San Diego,73,3302833,223788,206868,0,206868,2037
2021-01-15,San Francisco,75,870044,29554,28574,597,29171,242
2021-01-15,San Joaquin,77,732212,58326,55885,2374,58259,748
2021-01-15,San Luis Obispo,79,281455,16229,15129,422,15551,148
2021-01-15,San Mateo,81,765935,33823,31291,223,31514,208
2021-01-15,Santa Barbara,83,443738,25805,23487,835,24322,226
2021-01-15,Santa Clara,85,1922200,94252,90103,426,90529,942
2021-01-15,Santa Cruz,87,273765,13155,11776,640,12416,105
2021-01-15,Shasta,89,179085,9810,9459,1011,10470,91
2021-01-15,Sierra,91,2930,42,36,10,46,0
2021-01-15,Siskiyou,93,43540,1221,1119,193,1312,4
2021-01-15,Solano,95,438530,25690,24222,278,24500,103
2021-01-15,Sonoma,97,501317,24198,23204,123,23327,222
2021-01-15,Stanislaus,99,539301,43262,41178,4421,45599,562
2021-01-15,Sutter,101,95872,7719,7484,66,7550,75
2021-01-15,Tehama,103,63373,3921,3714,452,4166,17
2021-01-15,Trinity,105,12862,317,262,34,296,3
2021-01-15,Tulare,107,460477,42112,39951,5906,45857,535
2021-01-15,Tuolumne,109,53932,3338,3231,27,3258,27
2021-01-15,Ventura,111,848112,62562,59061,2264,61325,353
2021-01-15,Yolo,113,214977,11156,10240,128,10368,134
2021-01-15,Yuba,115,75493,4761,4549,60,4609,27
2021-01-14,Alameda,1,1643700,67947,64364,1473,65837,686
2021-01-14,Alpine,3,1148,74,71,0,71,0
2021-01-14,Amador,5,37829,3034,2940,26,2966,28
2021-01-14,Butte,7,227075,9767,9127,1347,10474,129
2021-01-14,Calaveras,9,45235,1583,1513,7,1520,21
2021-01-14,Colusa,11,21464,1606,1535,162,1697,7
2021-01-14,Contra Costa,13,1133247,52872,49545,893,50438,415
2021-01-14,Del Norte,15,27424,837,821,0,821,2
2021-01-14,El Dorado,17,186661,7945,7321,531,7852,45
2021-01-14,Fresno,19,978130,84478,79033,6491,85524,814
2021-01-14,Glenn,21,27897,1977,1798,397,2195,9
2021-01-14,Humboldt,23,135768,2397,2169,7,2176,22
2021-01-14,Imperial,25,180216,25588,24882,2228,27110,447
2021-01-14,Inyo,27,18085,960,790,1,791,25
2021-01-14,Kern,29,883053,81300,77070,7529,84599,705
2021-01-14,Kings,31,150075,19478,18405,816,19221,108
2021-01-14,Lake,33,64148,2619,2378,0,2378,27
2021-01-14,Lassen,35,31185,4780,4673,76,4749,1
2021-01-14,Los Angeles,37,10098052,1024441,954652,34331,988983,13147
2021-01-14,Madera,39,155013,13596,12742,659,13401,85
2021-01-14,Marin,41,260295,11605,11155,118,11273,159
2021-01-14,Mariposa,43,17540,331,302,2,304,3
2021-01-14,Mendocino,45,87422,3027,2801,48,2849,31
2021-01-14,Merced,47,269075,23899,22780,592,23372,239
2021-01-14,Modoc,49,8938,295,273,87,360,0
2021-01-14,Mono,51,14174,1075,1020,10,1030,3
2021-01-14,Monterey,53,433212,35902,34105,1132,35237,242
2021-01-14,Napa,55,140530,7688,7117,30,7147,38
2021-01-14,Nevada,57,99092,3301,3075,128,3203,17
2021-01-14,Orange,59,3164182,214209,204442,8918,213360,2162
2021-01-14,Placer,61,380077,17954,16488,871,17359,169
2021-01-14,Plumas,63,18699,575,496,10,506,2
2021-01-14,Riverside,65,2383286,246345,231684,12327,244011,2357
2021-01-14,Sacramento,67,1510023,80911,79137,912,80049,1007
2021-01-14,San Benito,69,59416,4948,4678,55,4733,35
2021-01-14,San Bernardino,71,2135413,257252,243379,7323,250702,1750
2021-01-14,San Diego,73,3302833,221398,204173,0,204173,2005
2021-01-14,San Francisco,75,870044,29311,28200,544,28744,238
2021-01-14,San Joaquin,77,732212,57814,55058,2359,57417,739
2021-01-14,San Luis Obispo,79,281455,16070,14851,412,15263,146
2021-01-14,San Mateo,81,765935,33458,30694,214,30908,208
2021-01-14,Santa Barbara,83,443738,25397,23126,808,23934,219
2021-01-14,Santa Clara,85,1922200,93360,88505,419,88924,910
2021-01-14,Santa Cruz,87,273765,13008,11583,624,12207,109
2021-01-14,Shasta,89,179085,9762,9334,994,10328,90
2021-01-14,Sierra,91,2930,42,35,9,44,0
2021-01-14,Siskiyou,93,43540,1210,1108,189,1297,3
2021-01-14,Solano,95,438530,25429,23782,274,24056,103
2021-01-14,Sonoma,97,501317,23946,22910,123,23033,202
2021-01-14,Stanislaus,99,539301,42943,40597,4379,44976,574
2021-01-14,Sutter,101,95872,7660,7416,63,7479,74
2021-01-14,Tehama,103,63373,3891,3664,448,4112,17
2021-01-14,Trinity,105,12862,317,261,33,294,3
2021-01-14,Tulare,107,460477,41732,39565,5793,45358,533
2021-01-14,Tuolumne,109,53932,3317,3215,27,3242,28
2021-01-14,Ventura,111,848112,61691,57941,2226,60167,347
2021-01-14,Yolo,113,214977,11045,10097,122,10219,135
2021-01-14,Yuba,115,75493,4729,4496,60,4556,27
2021-01-13,Alameda,1,1643700,67199,63568,1454,65022,690
2021-01-13,Alpine,3,1148,74,71,0,71,0
2021-01-13,Amador,5,37829,3020,2914,26,2940,26
2021-01-13,Butte,7,227075,9688,9013,1332,10345,126
2021-01-13,Calaveras,9,45235,1562,1493,7,1500,21
2021-01-13,Colusa,11,21464,1594,1524,157,1681,7
2021-01-13,Contra Costa,13,1133247,52297,48877,880,49757,403
2021-01-13,Del Norte,15,27424,833,820,0,820,2
2021-01-13,El Dorado,17,186661,7852,7247,523,7770,43
2021-01-13,Fresno,19,978130,83771,78278,6438,84716,804
2021-01-13,Glenn,21,27897,1963,1792,389,2181,9
2021-01-13,Humboldt,23,135768,2365,2114,7,2121,22
2021-01-13,Imperial,25,180216,25460,24717,2196,26913,463
2021-01-13,Inyo,27,18085,948,785,1,786,25
2021-01-13,Kern,29,883053,80636,76049,7438,83487,704
2021-01-13,Kings,31,150075,19313,18121,790,18911,108
2021-01-13,Lake,33,64148,2575,2305,0,2305,27
2021-01-13,Lassen,35,31185,4773,4663,75,4738,1
2021-01-13,Los Angeles,37,10098052,1013805,937985,33898,971883,12873
2021-01-13,Madera,39,155013,13472,12570,653,13223,85
2021-01-13,Marin,41,260295,11548,11039,118,11157,161
2021-01-13,Mariposa,43,17540,329,304,2,306,3
2021-01-13,Mendocino,45,87422,3007,2790,48,2838,31
2021-01-13,Merced,47,269075,23660,22497,580,23077,241
2021-01-13,Modoc,49,8938,294,274,84,358,0
2021-01-13,Mono,51,14174,1071,1017,10,1027,3
2021-01-13,Monterey,53,433212,35486,33748,1107,34855,241
2021-01-13,Napa,55,140530,7574,7028,30,7058,36
2021-01-13,Nevada,57,99092,3278,3037,124,3161,17
2021-01-13,Orange,59,3164182,212131,201158,8849,210007,2172
2021-01-13,Placer,61,380077,17828,16272,857,17129,172
2021-01-13,Plumas,63,18699,573,490,10,500,2
2021-01-13,Riverside,65,2383286,243250,228192,12202,240394,2278
2021-01-13,Sacramento,67,1510023,80258,78268,905,79173,996
2021-01-13,San Benito,69,59416,4894,4583,54,4637,35
2021-01-13,San Bernardino,71,2135413,254886,240191,7247,247438,1759
2021-01-13,San Diego,73,3302833,218785,201578,0,201578,1952
2021-01-13,San Francisco,75,870044,29072,27863,520,28383,238
2021-01-13,San Joaquin,77,732212,57189,54373,2327,56700,738
2021-01-13,San Luis Obispo,79,281455,15917,14625,401,15026,140
2021-01-13,San Mateo,81,765935,33115,30195,212,30407,207
2021-01-13,Santa Barbara,83,443738,24968,22714,782,23496,216
2021-01-13,Santa Clara,85,1922200,92385,87187,416,87603,911
2021-01-13,Santa Cruz,87,273765,12836,11423,610,12033,110
2021-01-13,Shasta,89,179085,9699,9180,979,10159,93
2021-01-13,Sierra,91,2930,42,33,9,42,0
2021-01-13,Siskiyou,93,43540,1204,1102,185,1287,3
2021-01-13,Solano,95,438530,25150,23503,273,23776,105
2021-01-13,Sonoma,97,501317,23695,22610,122,22732,206
2021-01-13,Stanislaus,99,539301,42546,40167,4323,44490,574
2021-01-13,Sutter,101,95872,7614,7350,62,7412,73
2021-01-13,Tehama,103,63373,3842,3589,443,4032,17
2021-01-13,Trinity,105,12862,317,260,33,293,3
2021-01-13,Tulare,107,460477,41329,39129,5682,44811,522
2021-01-13,Tuolumne,109,53932,3303,3196,27,3223,28
2021-01-13,Ventura,111,848112,60682,56453,2187,58640,338
2021-01-13,Yolo,113,214977,10943,9933,118,10051,135
2021-01-13,Yuba,115,75493,4687,4448,57,4505,27
2021-01-12,Alameda,1,1643700,66393,62642,1434,64076,677
2021-01-12,Alpine,3,1148,74,71,0,71,0
2021-01-12,Amador,5,37829,3003,2897,26,2923,26
2021-01-12,Butte,7,227075,9605,8883,1311,10194,124
2021-01-12,Calaveras,9,45235,1525,1475,7,1482,21
2021-01-12,Colusa,11,21464,1582,1510,153,1663,7
2021-01-12,Contra Costa,13,1133247,51652,48242,864,49106,399
2021-01-12,Del Norte,15,27424,829,816,0,816,2
2021-01-12,El Dorado,17,186661,7769,7156,512,7668,41
2021-01-12,Fresno,19,978130,82908,77651,6368,84019,796
2021-01-12,Glenn,21,27897,1935,1781,383,2164,9
2021-01-12,Humboldt,23,135768,2311,2077,6,2083,22
2021-01-12,Imperial,25,180216,25373,24566,2154,26720,457
2021-01-12,Inyo,27,18085,931,773,1,774,25
2021-01-12,Kern,29,883053,79936,75320,7335,82655,689
2021-01-12,Kings,31,150075,19107,18072,776,18848,108
2021-01-12,Lake,33,64148,2527,2260,0,2260,27
2021-01-12,Lassen,35,31185,4751,4659,73,4732,1
2021-01-12,Los Angeles,37,10098052,1002192,926295,33472,959767,12610
2021-01-12,Madera,39,155013,13331,12485,645,13130,85
2021-01-12,Marin,41,260295,11439,10960,118,11078,157
2021-01-12,Mariposa,43,17540,327,302,2,304,3
2021-01-12,Mendocino,45,87422,2987,2762,44,2806,31
2021-01-12,Merced,47,269075,23410,22172,557,22729,239
2021-01-12,Modoc,49,8938,292,274,84,358,0
2021-01-12,Mono,51,14174,1062,1008,10,1018,3
2021-01-12,Monterey,53,433212,34987,33381,1085,34466,240
2021-01-12,Napa,55,140530,7491,6936,30,6966,36
2021-01-12,Nevada,57,99092,3250,3014,122,3136,17
2021-01-12,Orange,59,3164182,209812,198260,8762,207022,2142
2021-01-12,Placer,61,380077,17647,16087,851,16938,163
2021-01-12,Plumas,63,18699,567,483,10,493,2
2021-01-12,Riverside,65,2383286,240137,225580,12057,237637,2266
2021-01-12,Sacramento,67,1510023,79513,77201,896,78097,985
2021-01-12,San Benito,69,59416,4827,4515,54,4569,35
2021-01-12,San Bernardino,71,2135413,252319,237008,7172,244180,1739
2021-01-12,San Diego,73,3302833,215875,198317,0,198317,1898
2021-01-12,San Francisco,75,870044,28796,27531,484,28015,238
2021-01-12,San Joaquin,77,732212,56539,53630,2296,55926,725
2021-01-12,San Luis Obispo,79,281455,15671,14367,393,14760,132
2021-01-12,San Mateo,81,765935,32727,29747,200,29947,206
2021-01-12,Santa Barbara,83,443738,24560,22182,752,22934,209
2021-01-12,Santa Clara,85,1922200,91325,86075,407,86482,904
2021-01-12,Santa Cruz,87,273765,12621,11267,593,11860,110
2021-01-12,Shasta,89,179085,9626,9086,966,10052,84
2021-01-12,Sierra,91,2930,40,33,8,41,0
2021-01-12,Siskiyou,93,43540,1194,1091,179,1270,3
2021-01-12,Solano,95,438530,24846,23160,268,23428,102
2021-01-12,Sonoma,97,501317,23391,22403,122,22525,205
2021-01-12,Stanislaus,99,539301,42095,39615,4287,43902,571
2021-01-12,Sutter,101,95872,7551,7276,61,7337,73
2021-01-12,Tehama,103,63373,3807,3567,439,4006,17
2021-01-12,Trinity,105,12862,317,258,33,291,3
2021-01-12,Tulare,107,460477,40880,38797,5560,44357,509
2021-01-12,Tuolumne,109,53932,3269,3178,27,3205,28
2021-01-12,Ventura,111,848112,59715,55342,2154,57496,324
2021-01-12,Yolo,113,214977,10805,9857,107,9964,133
2021-01-12,Yuba,115,75493,4647,4389,57,4446,27
2021-01-11,Alameda,1,1643700,65544,61949,1416,63365,652
2021-01-11,Alpine,3,1148,74,70,0,70,0
2021-01-11,Amador,5,37829,2989,2867,26,2893,24
2021-01-11,Butte,7,227075,9493,8757,1293,10050,119
2021-01-11,Calaveras,9,45235,1507,1460,7,1467,21
2021-01-11,Colusa,11,21464,1564,1494,149,1643,7
2021-01-11,Contra Costa,13,1133247,50979,47728,854,48582,398
2021-01-11,Del Norte,15,27424,825,810,0,810,2
2021-01-11,El Dorado,17,186661,7677,6987,502,7489,36
2021-01-11,Fresno,19,978130,82032,76581,6288,82869,775
2021-01-11,Glenn,21,27897,1906,1763,374,2137,9
2021-01-11,Humboldt,23,135768,2271,2069,6,2075,22
2021-01-11,Imperial,25,180216,25260,24418,2118,26536,453
2021-01-11,Inyo,27,18085,913,763,1,764,25
2021-01-11,Kern,29,883053,79085,74489,7231,81720,682
2021-01-11,Kings,31,150075,18843,17909,768,18677,108
2021-01-11,Lake,33,64148,2477,2205,0,2205,26
2021-01-11,Lassen,35,31185,4728,4647,72,4719,1
2021-01-11,Los Angeles,37,10098052,989042,914434,32979,947413,12304
2021-01-11,Madera,39,155013,13198,12366,634,13000,85
2021-01-11,Marin,41,260295,11343,10814,115,10929,156
2021-01-11,Mariposa,43,17540,320,296,2,298,3
2021-01-11,Mendocino,45,87422,2960,2728,44,2772,31
2021-01-11,Merced,47,269075,23086,21884,543,22427,238
2021-01-11,Modoc,49,8938,291,271,83,354,0
2021-01-11,Mono,51,14174,1056,1006,10,1016,3
2021-01-11,Monterey,53,433212,34452,32858,1022,33880,239
2021-01-11,Napa,55,140530,7389,6822,30,6852,36
2021-01-11,Nevada,57,99092,3223,2980,122,3102,17
2021-01-11,Orange,59,3164182,207252,196340,8661,205001,2113
2021-01-11,Placer,61,380077,17468,15919,838,16757,163
2021-01-11,Plumas,63,18699,563,477,10,487,2
2021-01-11,Riverside,65,2383286,236644,222907,11900,234807,2222
2021-01-11,Sacramento,67,1510023,78595,76009,879,76888,974
2021-01-11,San Benito,69,59416,4750,4482,47,4529,34
2021-01-11,San Bernardino,71,2135413,249497,235543,7070,242613,1739
2021-01-11,San Diego,73,3302833,212612,194793,0,194793,1857
2021-01-11,San Francisco,75,870044,28526,27264,460,27724,238
2021-01-11,San Joaquin,77,732212,55926,53002,2266,55268,725
2021-01-11,San Luis Obispo,79,281455,15301,14213,385,14598,126
2021-01-11,San Mateo,81,765935,32280,29355,187,29542,206
2021-01-11,Santa Barbara,83,443738,24123,21740,735,22475,200
2021-01-11,Santa Clara,85,1922200,90127,84851,398,85249,877
2021-01-11,Santa Cruz,87,273765,12444,11093,566,11659,106
2021-01-11,Shasta,89,179085,9528,8977,952,9929,81
2021-01-11,Sierra,91,2930,39,33,8,41,0
2021-01-11,Siskiyou,93,43540,1186,1087,176,1263,3
2021-01-11,Solano,95,438530,24526,22893,263,23156,101
2021-01-11,Sonoma,97,501317,23145,22191,122,22313,205
2021-01-11,Stanislaus,99,539301,41606,39149,4233,43382,571
2021-01-11,Sutter,101,95872,7493,7204,60,7264,71
2021-01-11,Tehama,103,63373,3743,3524,416,3940,17
2021-01-11,Trinity,105,12862,317,256,33,289,2
2021-01-11,Tulare,107,460477,40484,38380,5467,43847,497
2021-01-11,Tuolumne,109,53932,3258,3165,27,3192,27
2021-01-11,Ventura,111,848112,58581,54202,2127,56329,320
2021-01-11,Yolo,113,214977,10590,9699,105,9804,129
2021-01-11,Yuba,115,75493,4609,4349,50,4399,27
2021-01-10,Alameda,1,1643700,64567,61111,1387,62498,650
2021-01-10,Alpine,3,1148,74,70,0,70,0
2021-01-10,Amador,5,37829,2965,2861,26,2887,24
2021-01-10,Butte,7,227075,9377,8665,1266,9931,119
2021-01-10,Calaveras,9,45235,1481,1449,7,1456,21
2021-01-10,Colusa,11,21464,1540,1478,147,1625,7
2021-01-10,Contra Costa,13,1133247,50193,47109,836,47945,398
2021-01-10,Del Norte,15,27424,822,809,0,809,2
2021-01-10,El Dorado,17,186661,7590,6904,484,7388,36
2021-01-10,Fresno,19,978130,81222,75621,6166,81787,775
2021-01-10,Glenn,21,27897,1882,1746,366,2112,9
2021-01-10,Humboldt,23,135768,2210,2049,6,2055,22
2021-01-10,Imperial,25,180216,25100,24233,2063,26296,453
2021-01-10,Inyo,27,18085,885,748,1,749,25
2021-01-10,Kern,29,883053,78262,73712,7095,80807,679
2021-01-10,Kings,31,150075,18624,17812,760,18572,108
2021-01-10,Lake,33,64148,2425,2174,0,2174,26
2021-01-10,Lassen,35,31185,4706,4642,71,4713,1
2021-01-10,Los Angeles,37,10098052,974506,901783,32318,934101,12170
2021-01-10,Madera,39,155013,13011,12179,619,12798,85
2021-01-10,Marin,41,260295,11224,10737,113,10850,155
2021-01-10,Mariposa,43,17540,320,291,2,293,3
2021-01-10,Mendocino,45,87422,2929,2706,41,2747,31
2021-01-10,Merced,47,269075,22811,21691,533,22224,238
2021-01-10,Modoc,49,8938,291,271,81,352,0
2021-01-10,Mono,51,14174,1039,965,10,975,3
2021-01-10,Monterey,53,433212,34012,32571,990,33561,237
2021-01-10,Napa,55,140530,7287,6687,28,6715,36
2021-01-10,Nevada,57,99092,3204,2959,118,3077,17
2021-01-10,Orange,59,3164182,204508,193766,8537,202303,2104
2021-01-10,Placer,61,380077,17292,15779,816,16595,163
2021-01-10,Plumas,63,18699,553,477,10,487,2
2021-01-10,Riverside,65,2383286,233309,219486,11707,231193,2216
2021-01-10,Sacramento,67,1510023,77641,75394,851,76245,965
2021-01-10,San Benito,69,59416,4656,4434,46,4480,34
2021-01-10,San Bernardino,71,2135413,245892,232171,6966,239137,1736
2021-01-10,San Diego,73,3302833,208958,191886,0,191886,1857
2021-01-10,San Francisco,75,870044,28145,27054,424,27478,238
2021-01-10,San Joaquin,77,732212,55066,52535,2232,54767,725
2021-01-10,San Luis Obispo,79,281455,14973,13968,371,14339,122
2021-01-10,San Mateo,81,765935,31792,28972,172,29144,206
2021-01-10,Santa Barbara,83,443738,23580,21290,710,22000,200
2021-01-10,Santa Clara,85,1922200,88951,83779,387,84166,858
2021-01-10,Santa Cruz,87,273765,12233,10951,542,11493,106
2021-01-10,Shasta,89,179085,9418,8936,935,9871,81
2021-01-10,Sierra,91,2930,38,32,8,40,0
2021-01-10,Siskiyou,93,43540,1180,1075,173,1248,3
2021-01-10,Solano,95,438530,24125,22621,260,22881,101
2021-01-10,Sonoma,97,501317,22874,21925,122,22047,204
2021-01-10,Stanislaus,99,539301,41047,38809,4150,42959,571
2021-01-10,Sutter,101,95872,7432,7133,57,7190,71
2021-01-10,Tehama,103,63373,3671,3504,403,3907,17
2021-01-10,Trinity,105,12862,317,253,32,285,2
2021-01-10,Tulare,107,460477,40073,38012,5330,43342,497
2021-01-10,Tuolumne,109,53932,3224,3143,26,3169,27
2021-01-10,Ventura,111,848112,57313,53095,2081,55176,319
2021-01-10,Yolo,113,214977,10442,9610,104,9714,129
2021-01-10,Yuba,115,75493,4557,4300,47,4347,27
2021-01-09,Alameda,1,1643700,64059,60125,1369,61494,649
2021-01-09,Alpine,3,1148,74,70,0,70,0
2021-01-09,Amador,5,37829,2958,2809,26,2835,24
2021-01-09,Butte,7,227075,9296,8552,1242,9794,118
2021-01-09,Calaveras,9,45235,1471,1425,7,1432,21
2021-01-09,Colusa,11,21464,1534,1468,146,1614,7
2021-01-09,Contra Costa,13,1133247,49847,46406,822,47228,393
2021-01-09,Del Norte,15,27424,820,802,0,802,2
2021-01-09,El Dorado,17,186661,7558,6800,481,7281,36
2021-01-09,Fresno,19,978130,80814,74816,6124,80940,773
2021-01-09,Glenn,21,27897,1867,1707,361,2068,9
2021-01-09,Humboldt,23,135768,2192,2026,6,2032,22
2021-01-09,Imperial,25,180216,25033,24028,2048,26076,448
2021-01-09,Inyo,27,18085,875,734,1,735,25
2021-01-09,Kern,29,883053,77805,73015,7014,80029,677
2021-01-09,Kings,31,150075,18528,17679,756,18435,108
2021-01-09,Lake,33,64148,2392,2144,0,2144,26
2021-01-09,Lassen,35,31185,4694,4613,70,4683,1
2021-01-09,Los Angeles,37,10098052,968980,887949,31857,919806,12011
2021-01-09,Madera,39,155013,12926,12063,614,12677,85
2021-01-09,Marin,41,260295,11160,10634,112,10746,154
2021-01-09,Mariposa,43,17540,317,287,2,289,3
2021-01-09,Mendocino,45,87422,2911,2664,41,2705,31
2021-01-09,Merced,47,269075,22670,21357,523,21880,237
2021-01-09,Modoc,49,8938,291,271,80,351,0
2021-01-09,Mono,51,14174,1034,964,10,974,3
2021-01-09,Monterey,53,433212,33869,31948,981,32929,235
2021-01-09,Napa,55,140530,7217,6594,25,6619,36
2021-01-09,Nevada,57,99092,3182,2932,115,3047,17
2021-01-09,Orange,59,3164182,203013,191004,8445,199449,2034
2021-01-09,Placer,61,380077,17191,15609,814,16423,162
2021-01-09,Plumas,63,18699,551,477,10,487,2
2021-01-09,Riverside,65,2383286,231606,216076,11559,227635,2201
2021-01-09,Sacramento,67,1510023,77117,74482,846,75328,953
2021-01-09,San Benito,69,59416,4608,4335,46,4381,34
2021-01-09,San Bernardino,71,2135413,244717,228857,6896,235753,1714
2021-01-09,San Diego,73,3302833,207267,188598,0,188598,1824
2021-01-09,San Francisco,75,870044,27970,26708,379,27087,235
2021-01-09,San Joaquin,77,732212,54721,51927,2211,54138,724
2021-01-09,San Luis Obispo,79,281455,14850,13647,360,14007,121
2021-01-09,San Mateo,81,765935,31492,28512,165,28677,205
2021-01-09,Santa Barbara,83,443738,23372,20971,701,21672,197
2021-01-09,Santa Clara,85,1922200,88110,82269,375,82644,808
2021-01-09,Santa Cruz,87,273765,12136,10717,537,11254,107
2021-01-09,Shasta,89,179085,9385,8893,931,9824,81
2021-01-09,Sierra,91,2930,36,32,8,40,0
2021-01-09,Siskiyou,93,43540,1177,1062,169,1231,3
2021-01-09,Solano,95,438530,23970,22226,259,22485,101
2021-01-09,Sonoma,97,501317,22764,21393,122,21515,202
2021-01-09,Stanislaus,99,539301,40755,38403,4108,42511,567
2021-01-09,Sutter,101,95872,7396,7072,56,7128,69
2021-01-09,Tehama,103,63373,3642,3451,391,3842,15
2021-01-09,Trinity,105,12862,317,252,32,284,2
2021-01-09,Tulare,107,460477,39831,37684,5256,42940,496
2021-01-09,Tuolumne,109,53932,3216,3117,25,3142,26
2021-01-09,Ventura,111,848112,56487,51988,2054,54042,306
2021-01-09,Yolo,113,214977,10372,9524,101,9625,129
2021-01-09,Yuba,115,75493,4529,4265,47,4312,27
2021-01-08,Alameda,1,1643700,63492,59172,1358,60530,646
2021-01-08,Alpine,3,1148,74,70,0,70,0
2021-01-08,Amador,5,37829,2951,2792,26,2818,24
2021-01-08,Butte,7,227075,9237,8430,1226,9656,115
2021-01-08,Calaveras,9,45235,1458,1385,7,1392,21
2021-01-08,Colusa,11,21464,1521,1448,145,1593,7
2021-01-08,Contra Costa,13,1133247,49322,45667,818,46485,381
2021-01-08,Del Norte,15,27424,818,795,0,795,2
2021-01-08,El Dorado,17,186661,7488,6690,469,7159,36
2021-01-08,Fresno,19,978130,80001,73689,6059,79748,771
2021-01-08,Glenn,21,27897,1851,1680,357,2037,9
2021-01-08,Humboldt,23,135768,2168,1988,6,1994,22
2021-01-08,Imperial,25,180216,24965,23751,2033,25784,446
2021-01-08,Inyo,27,18085,861,682,1,683,24
2021-01-08,Kern,29,883053,77245,71978,6941,78919,674
2021-01-08,Kings,31,150075,18400,17441,751,18192,108
2021-01-08,Lake,33,64148,2365,2098,0,2098,26
2021-01-08,Lassen,35,31185,4686,4598,68,4666,1
2021-01-08,Los Angeles,37,10098052,958222,871188,31401,902589,11796
2021-01-08,Madera,39,155013,12774,11846,605,12451,85
2021-01-08,Marin,41,260295,11065,10531,111,10642,153
2021-01-08,Mariposa,43,17540,316,273,2,275,3
2021-01-08,Mendocino,45,87422,2892,2634,38,2672,31
2021-01-08,Merced,47,269075,22475,20862,518,21380,236
2021-01-08,Modoc,49,8938,291,266,80,346,0
2021-01-08,Mono,51,14174,1024,951,10,961,3
2021-01-08,Monterey,53,433212,33604,31543,968,32511,224
2021-01-08,Napa,55,140530,7147,6544,25,6569,32
2021-01-08,Nevada,57,99092,3160,2888,115,3003,17
2021-01-08,Orange,59,3164182,201029,186608,8357,194965,1991
2021-01-08,Placer,61,380077,17064,15401,807,16208,161
2021-01-08,Plumas,63,18699,545,465,10,475,2
2021-01-08,Riverside,65,2383286,229248,212122,11421,223543,2184
2021-01-08,Sacramento,67,1510023,76541,73245,840,74085,939
2021-01-08,San Benito,69,59416,4572,4225,45,4270,33
2021-01-08,San Bernardino,71,2135413,242830,224267,6823,231090,1703
2021-01-08,San Diego,73,3302833,204733,185060,0,185060,1771
2021-01-08,San Francisco,75,870044,27723,26378,354,26732,207
2021-01-08,San Joaquin,77,732212,54383,50990,2180,53170,710
2021-01-08,San Luis Obispo,79,281455,14717,13286,346,13632,119
2021-01-08,San Mateo,81,765935,31143,28072,162,28234,204
2021-01-08,Santa Barbara,83,443738,23094,20461,692,21153,189
2021-01-08,Santa Clara,85,1922200,87084,80561,372,80933,789
2021-01-08,Santa Cruz,87,273765,11998,10486,526,11012,106
2021-01-08,Shasta,89,179085,9335,8772,916,9688,81
2021-01-08,Sierra,91,2930,36,31,8,39,0
2021-01-08,Siskiyou,93,43540,1174,1027,168,1195,3
2021-01-08,Solano,95,438530,23802,21832,259,22091,100
2021-01-08,Sonoma,97,501317,22626,21178,122,21300,201
2021-01-08,Stanislaus,99,539301,40454,37858,4071,41929,566
2021-01-08,Sutter,101,95872,7346,6982,56,7038,68
2021-01-08,Tehama,103,63373,3619,3406,386,3792,15
2021-01-08,Trinity,105,12862,317,247,32,279,2
2021-01-08,Tulare,107,460477,39567,36946,5139,42085,491
2021-01-08,Tuolumne,109,53932,3207,3099,25,3124,19
2021-01-08,Ventura,111,848112,55624,50553,2029,52582,294
2021-01-08,Yolo,113,214977,10284,9391,97,9488,129
2021-01-08,Yuba,115,75493,4487,4195,46,4241,26
2021-01-07,Alameda,1,1643700,62521,57921,1330,59251,632
2021-01-07,Alpine,3,1148,72,70,0,70,0
2021-01-07,Amador,5,37829,2938,2740,25,2765,24
2021-01-07,Butte,7,227075,9141,8278,1197,9475,112
2021-01-07,Calaveras,9,45235,1441,1342,6,1348,21
2021-01-07,Colusa,11,21464,1509,1420,138,1558,7
2021-01-07,Contra Costa,13,1133247,48545,44756,801,45557,376
2021-01-07,Del Norte,15,27424,816,791,0,791,2
2021-01-07,El Dorado,17,186661,7389,6545,455,7000,36
2021-01-07,Fresno,19,978130,79050,72557,5955,78512,765
2021-01-07,Glenn,21,27897,1835,1639,348,1987,9
2021-01-07,Humboldt,23,135768,2141,1954,6,1960,22
2021-01-07,Imperial,25,180216,24771,23608,1981,25589,431
2021-01-07,Inyo,27,18085,848,656,1,657,20
2021-01-07,Kern,29,883053,76393,70953,6788,77741,660
2021-01-07,Kings,31,150075,18272,17238,742,17980,108
2021-01-07,Lake,33,64148,2310,2054,0,2054,26
2021-01-07,Lassen,35,31185,4681,4581,66,4647,1
2021-01-07,Los Angeles,37,10098052,943367,853187,30837,884024,11480
2021-01-07,Madera,39,155013,12618,11644,593,12237,76
2021-01-07,Marin,41,260295,10973,10364,109,10473,153
2021-01-07,Mariposa,43,17540,314,264,2,266,3
2021-01-07,Mendocino,45,87422,2837,2585,34,2619,30
2021-01-07,Merced,47,269075,22154,20510,503,21013,234
2021-01-07,Modoc,49,8938,291,265,80,345,0
2021-01-07,Mono,51,14174,1013,905,10,915,3
2021-01-07,Monterey,53,433212,33076,30903,945,31848,222
2021-01-07,Napa,55,140530,7037,6408,25,6433,32
2021-01-07,Nevada,57,99092,3126,2847,110,2957,17
2021-01-07,Orange,59,3164182,198181,181922,8253,190175,1974
2021-01-07,Placer,61,380077,16881,15155,777,15932,144
2021-01-07,Plumas,63,18699,543,454,10,464,2
2021-01-07,Riverside,65,2383286,225914,208177,11231,219408,2156
2021-01-07,Sacramento,67,1510023,75636,72342,821,73163,919
2021-01-07,San Benito,69,59416,4510,4112,41,4153,33
2021-01-07,San Bernardino,71,2135413,239299,219691,6738,226429,1666
2021-01-07,San Diego,73,3302833,201429,180510,0,180510,1738
2021-01-07,San Francisco,75,870044,27389,25885,337,26222,202
2021-01-07,San Joaquin,77,732212,53700,50156,2147,52303,689
2021-01-07,San Luis Obispo,79,281455,14479,12810,332,13142,118
2021-01-07,San Mateo,81,765935,30634,27494,158,27652,201
2021-01-07,Santa Barbara,83,443738,22676,19931,678,20609,187
2021-01-07,Santa Clara,85,1922200,85864,78808,368,79176,775
2021-01-07,Santa Cruz,87,273765,11789,10228,519,10747,104
2021-01-07,Shasta,89,179085,9248,8612,908,9520,81
2021-01-07,Sierra,91,2930,36,31,8,39,0
2021-01-07,Siskiyou,93,43540,1169,1010,166,1176,3
2021-01-07,Solano,95,438530,23407,21384,255,21639,100
2021-01-07,Sonoma,97,501317,22362,20857,121,20978,200
2021-01-07,Stanislaus,99,539301,40029,37296,4019,41315,553
2021-01-07,Sutter,101,95872,7287,6890,55,6945,65
2021-01-07,Tehama,103,63373,3595,3330,379,3709,15
2021-01-07,Trinity,105,12862,317,247,32,279,2
2021-01-07,Tulare,107,460477,39162,36397,4995,41392,482
2021-01-07,Tuolumne,109,53932,3187,3068,24,3092,14
2021-01-07,Ventura,111,848112,54463,49083,2000,51083,288
2021-01-07,Yolo,113,214977,10148,9207,95,9302,128
2021-01-07,Yuba,115,75493,4445,4128,46,4174,25
2021-01-06,Alameda,1,1643700,61637,57081,1300,58381,616
2021-01-06,Alpine,3,1148,72,70,0,70,0
2021-01-06,Amador,5,37829,2917,2717,24,2741,24
2021-01-06,Butte,7,227075,9030,8147,1178,9325,110
2021-01-06,Calaveras,9,45235,1416,1321,6,1327,21
2021-01-06,Colusa,11,21464,1489,1385,132,1517,7
2021-01-06,Contra Costa,13,1133247,47743,44054,783,44837,358
2021-01-06,Del Norte,15,27424,810,780,0,780,2
2021-01-06,El Dorado,17,186661,7278,6397,442,6839,35
2021-01-06,Fresno,19,978130,78208,71404,5852,77256,752
2021-01-06,Glenn,21,27897,1811,1622,342,1964,9
2021-01-06,Humboldt,23,135768,2115,1912,6,1918,22
2021-01-06,Imperial,25,180216,24519,23400,1939,25339,431
2021-01-06,Inyo,27,18085,832,630,1,631,20
2021-01-06,Kern,29,883053,75454,69893,6650,76543,646
2021-01-06,Kings,31,150075,18078,17019,719,17738,108
2021-01-06,Lake,33,64148,2273,2033,0,2033,26
2021-01-06,Lassen,35,31185,4669,4560,62,4622,1
2021-01-06,Los Angeles,37,10098052,927481,835052,30111,865163,11285
2021-01-06,Madera,39,155013,12484,11407,587,11994,67
2021-01-06,Marin,41,260295,10846,10282,108,10390,153
2021-01-06,Mariposa,43,17540,311,259,2,261,3
2021-01-06,Mendocino,45,87422,2807,2561,34,2595,30
2021-01-06,Merced,47,269075,21811,20258,487,20745,232
2021-01-06,Modoc,49,8938,291,263,80,343,0
2021-01-06,Mono,51,14174,982,905,10,915,3
2021-01-06,Monterey,53,433212,32487,30387,908,31295,222
2021-01-06,Napa,55,140530,6907,6342,25,6367,32
2021-01-06,Nevada,57,99092,3106,2805,110,2915,15
2021-01-06,Orange,59,3164182,194701,177686,8108,185794,1935
2021-01-06,Placer,61,380077,16695,14940,758,15698,134
2021-01-06,Plumas,63,18699,535,445,10,455,2
2021-01-06,Riverside,65,2383286,221907,203714,11012,214726,2121
2021-01-06,Sacramento,67,1510023,74617,71572,803,72375,909
2021-01-06,San Benito,69,59416,4434,4031,40,4071,32
2021-01-06,San Bernardino,71,2135413,235595,215286,6623,221909,1634
2021-01-06,San Diego,73,3302833,197934,176660,0,176660,1691
2021-01-06,San Francisco,75,870044,27017,25424,327,25751,199
2021-01-06,San Joaquin,77,732212,52938,49286,2104,51390,673
2021-01-06,San Luis Obispo,79,281455,14082,12305,325,12630,115
2021-01-06,San Mateo,81,765935,30211,27050,155,27205,200
2021-01-06,Santa Barbara,83,443738,22196,19453,666,20119,177
2021-01-06,Santa Clara,85,1922200,84462,77485,362,77847,746
2021-01-06,Santa Cruz,87,273765,11571,9954,499,10453,97
2021-01-06,Shasta,89,179085,9177,8482,901,9383,78
2021-01-06,Sierra,91,2930,35,31,8,39,0
2021-01-06,Siskiyou,93,43540,1157,998,162,1160,3
2021-01-06,Solano,95,438530,23019,21102,252,21354,99
2021-01-06,Sonoma,97,501317,22049,20558,121,20679,196
2021-01-06,Stanislaus,99,539301,39434,36751,3956,40707,553
2021-01-06,Sutter,101,95872,7205,6839,54,6893,59
2021-01-06,Tehama,103,63373,3568,3306,373,3679,15
2021-01-06,Trinity,105,12862,317,246,32,278,2
2021-01-06,Tulare,107,460477,38600,35882,4884,40766,465
2021-01-06,Tuolumne,109,53932,3167,3008,24,3032,14
2021-01-06,Ventura,111,848112,53221,47428,1975,49403,280
2021-01-06,Yolo,113,214977,9987,9083,92,9175,127
2021-01-06,Yuba,115,75493,4398,4097,46,4143,25
2021-01-05,Alameda,1,1643700,60489,56432,1263,57695,602
2021-01-05,Alpine,3,1148,72,70,0,70,0
2021-01-05,Amador,5,37829,2877,2695,24,2719,24
2021-01-05,Butte,7,227075,8891,8008,1151,9159,107
2021-01-05,Calaveras,9,45235,1367,1292,6,1298,21
2021-01-05,Colusa,11,21464,1464,1376,126,1502,7
2021-01-05,Contra Costa,13,1133247,46863,43442,772,44214,353
2021-01-05,Del Norte,15,27424,803,770,0,770,2
2021-01-05,El Dorado,17,186661,7160,6270,421,6691,32
2021-01-05,Fresno,19,978130,76979,70971,5756,76727,741
2021-01-05,Glenn,21,27897,1786,1608,330,1938,9
2021-01-05,Humboldt,23,135768,2078,1884,6,1890,22
2021-01-05,Imperial,25,180216,24356,23165,1890,25055,421
2021-01-05,Inyo,27,18085,818,627,1,628,20
2021-01-05,Kern,29,883053,74383,68257,6504,74761,624
2021-01-05,Kings,31,150075,17880,16860,695,17555,108
2021-01-05,Lake,33,64148,2225,2015,0,2015,25
2021-01-05,Lassen,35,31185,4655,4554,58,4612,1
2021-01-05,Los Angeles,37,10098052,908819,823783,29420,853203,11028
2021-01-05,Madera,39,155013,12308,11359,574,11933,67
2021-01-05,Marin,41,260295,10696,10214,106,10320,151
2021-01-05,Mariposa,43,17540,305,257,2,259,3
2021-01-05,Mendocino,45,87422,2772,2501,34,2535,30
2021-01-05,Merced,47,269075,21461,20051,474,20525,230
2021-01-05,Modoc,49,8938,291,254,80,334,0
2021-01-05,Mono,51,14174,976,896,10,906,3
2021-01-05,Monterey,53,433212,31915,30045,870,30915,213
2021-01-05,Napa,55,140530,6820,6264,25,6289,29
2021-01-05,Nevada,57,99092,3078,2781,109,2890,15
2021-01-05,Orange,59,3164182,191019,174869,7908,182777,1918
2021-01-05,Placer,61,380077,16464,14723,734,15457,133
2021-01-05,Plumas,63,18699,528,428,10,438,2
2021-01-05,Riverside,65,2383286,217799,200439,10808,211247,2069
2021-01-05,Sacramento,67,1510023,73688,70677,775,71452,888
2021-01-05,San Benito,69,59416,4331,3961,38,3999,28
2021-01-05,San Bernardino,71,2135413,231669,212522,6505,219027,1615
2021-01-05,San Diego,73,3302833,193798,172845,0,172845,1654
2021-01-05,San Francisco,75,870044,26649,24989,308,25297,196
2021-01-05,San Joaquin,77,732212,52068,48969,2061,51030,663
2021-01-05,San Luis Obispo,79,281455,13684,12027,315,12342,106
2021-01-05,San Mateo,81,765935,29721,26486,153,26639,198
2021-01-05,Santa Barbara,83,443738,21763,19063,655,19718,172
2021-01-05,Santa Clara,85,1922200,82929,76355,348,76703,729
2021-01-05,Santa Cruz,87,273765,11300,9753,473,10226,93
2021-01-05,Shasta,89,179085,9072,8345,880,9225,73
2021-01-05,Sierra,91,2930,35,31,8,39,0
2021-01-05,Siskiyou,93,43540,1145,985,160,1145,3
2021-01-05,Solano,95,438530,22613,20860,247,21107,97
2021-01-05,Sonoma,97,501317,21683,20247,120,20367,194
2021-01-05,Stanislaus,99,539301,38891,36363,3908,40271,553
2021-01-05,Sutter,101,95872,7106,6769,53,6822,59
2021-01-05,Tehama,103,63373,3511,3255,368,3623,9
2021-01-05,Trinity,105,12862,317,246,32,278,2
2021-01-05,Tulare,107,460477,37983,35585,4742,40327,455
2021-01-05,Tuolumne,109,53932,3143,2996,19,3015,13
2021-01-05,Ventura,111,848112,51975,46456,1952,48408,264
2021-01-05,Yolo,113,214977,9814,8980,91,9071,127
2021-01-05,Yuba,115,75493,4340,4053,45,4098,21
2021-01-04,Alameda,1,1643700,59265,55899,1229,57128,583
2021-01-04,Alpine,3,1148,72,68,0,68,0
2021-01-04,Amador,5,37829,2837,2596,24,2620,24
2021-01-04,Butte,7,227075,8732,7893,1127,9020,105
2021-01-04,Calaveras,9,45235,1327,1276,5,1281,21
2021-01-04,Colusa,11,21464,1439,1368,112,1480,7
2021-01-04,Contra Costa,13,1133247,46009,43019,746,43765,353
2021-01-04,Del Norte,15,27424,794,770,0,770,2
2021-01-04,El Dorado,17,186661,7027,6152,405,6557,27
2021-01-04,Fresno,19,978130,75721,69871,5654,75525,726
2021-01-04,Glenn,21,27897,1755,1590,322,1912,9
2021-01-04,Humboldt,23,135768,2041,1845,6,1851,22
2021-01-04,Imperial,25,180216,24205,23035,1837,24872,420
2021-01-04,Inyo,27,18085,791,623,1,624,20
2021-01-04,Kern,29,883053,73308,67418,6298,73716,623
2021-01-04,Kings,31,150075,17609,16801,668,17469,108
2021-01-04,Lake,33,64148,2183,1984,0,1984,25
2021-01-04,Lassen,35,31185,4632,4550,57,4607,1
2021-01-04,Los Angeles,37,10098052,888806,813022,28502,841524,10790
2021-01-04,Madera,39,155013,12087,11204,552,11756,67
2021-01-04,Marin,41,260295,10562,10115,103,10218,151
2021-01-04,Mariposa,43,17540,299,253,2,255,3
2021-01-04,Mendocino,45,87422,2732,2460,30,2490,28
2021-01-04,Merced,47,269075,21047,19804,455,20259,230
2021-01-04,Modoc,49,8938,275,250,78,328,0
2021-01-04,Mono,51,14174,966,895,10,905,3
2021-01-04,Monterey,53,433212,31262,29659,847,30506,212
2021-01-04,Napa,55,140530,6679,6187,25,6212,29
2021-01-04,Nevada,57,99092,3041,2765,104,2869,15
2021-01-04,Orange,59,3164182,187117,172458,7776,180234,1918
2021-01-04,Placer,61,380077,16189,14622,720,15342,133
2021-01-04,Plumas,63,18699,518,419,10,429,1
2021-01-04,Riverside,65,2383286,213326,196809,10593,207402,2066
2021-01-04,Sacramento,67,1510023,72628,70164,765,70929,870
2021-01-04,San Benito,69,59416,4218,3914,38,3952,28
2021-01-04,San Bernardino,71,2135413,227461,210868,6340,217208,1615
2021-01-04,San Diego,73,3302833,189230,171031,0,171031,1598
2021-01-04,San Francisco,75,870044,26264,24753,301,25054,191
2021-01-04,San Joaquin,77,732212,51169,48644,2019,50663,661
2021-01-04,San Luis Obispo,79,281455,13198,11945,307,12252,96
2021-01-04,San Mateo,81,765935,29163,26150,148,26298,198
2021-01-04,Santa Barbara,83,443738,21248,18735,622,19357,165
2021-01-04,Santa Clara,85,1922200,81177,75297,341,75638,727
2021-01-04,Santa Cruz,87,273765,11013,9680,456,10136,85
2021-01-04,Shasta,89,179085,8966,8224,864,9088,72
2021-01-04,Sierra,91,2930,34,30,8,38,0
2021-01-04,Siskiyou,93,43540,1129,980,155,1135,3
2021-01-04,Solano,95,438530,22108,20588,240,20828,97
2021-01-04,Sonoma,97,501317,21345,20210,119,20329,194
2021-01-04,Stanislaus,99,539301,38331,36141,3849,39990,553
2021-01-04,Sutter,101,95872,7008,6712,52,6764,56
2021-01-04,Tehama,103,63373,3438,3190,362,3552,9
2021-01-04,Trinity,105,12862,314,245,32,277,2
2021-01-04,Tulare,107,460477,37424,35060,4634,39694,455
2021-01-04,Tuolumne,109,53932,3118,2987,19,3006,13
2021-01-04,Ventura,111,848112,50473,45014,1933,46947,255
2021-01-04,Yolo,113,214977,9619,8834,85,8919,121
2021-01-04,Yuba,115,75493,4281,4023,45,4068,21
2021-01-03,Alameda,1,1643700,58045,55082,1198,56280,580
2021-01-03,Alpine,3,1148,70,68,0,68,0
2021-01-03,Amador,5,37829,2773,2565,24,2589,24
2021-01-03,Butte,7,227075,8542,7837,1072,8909,105
2021-01-03,Calaveras,9,45235,1292,1249,3,1252,21
2021-01-03,Colusa,11,21464,1410,1337,106,1443,7
2021-01-03,Contra Costa,13,1133247,45117,42432,721,43153,352
2021-01-03,Del Norte,15,27424,782,768,0,768,2
2021-01-03,El Dorado,17,186661,6899,6034,388,6422,27
2021-01-03,Fresno,19,978130,74576,69326,5529,74855,719
2021-01-03,Glenn,21,27897,1730,1581,311,1892,9
2021-01-03,Humboldt,23,135768,2004,1833,6,1839,21
2021-01-03,Imperial,25,180216,23953,22951,1751,24702,419
2021-01-03,Inyo,27,18085,774,615,1,616,20
2021-01-03,Kern,29,883053,72059,66895,6114,73009,609
2021-01-03,Kings,31,150075,17342,16593,634,17227,108
2021-01-03,Lake,33,64148,2130,1976,0,1976,24
2021-01-03,Lassen,35,31185,4599,4531,56,4587,1
2021-01-03,Los Angeles,37,10098052,866907,792168,27395,819563,10633
2021-01-03,Madera,39,155013,11862,11152,528,11680,67
2021-01-03,Marin,41,260295,10412,10034,98,10132,150
2021-01-03,Mariposa,43,17540,292,248,2,250,3
2021-01-03,Mendocino,45,87422,2692,2445,29,2474,24
2021-01-03,Merced,47,269075,20577,19600,428,20028,230
2021-01-03,Modoc,49,8938,271,245,77,322,0
2021-01-03,Mono,51,14174,941,893,10,903,3
2021-01-03,Monterey,53,433212,30673,29357,810,30167,191
2021-01-03,Napa,55,140530,6578,6094,25,6119,29
2021-01-03,Nevada,57,99092,2982,2742,101,2843,15
2021-01-03,Orange,59,3164182,182964,169881,7580,177461,1919
2021-01-03,Placer,61,380077,15942,14319,695,15014,133
2021-01-03,Plumas,63,18699,505,416,10,426,1
2021-01-03,Riverside,65,2383286,208552,195048,10315,205363,2005
2021-01-03,Sacramento,67,1510023,71426,68558,744,69302,859
2021-01-03,San Benito,69,59416,4119,3882,37,3919,28
2021-01-03,San Bernardino,71,2135413,222175,208294,6160,214454,1592
2021-01-03,San Diego,73,3302833,183975,168018,0,168018,1592
2021-01-03,San Francisco,75,870044,25765,24588,283,24871,193
2021-01-03,San Joaquin,77,732212,50068,47899,1956,49855,661
2021-01-03,San Luis Obispo,79,281455,12729,11636,297,11933,95
2021-01-03,San Mateo,81,765935,28575,25770,142,25912,196
2021-01-03,Santa Barbara,83,443738,20531,18267,605,18872,164
2021-01-03,Santa Clara,85,1922200,79625,74534,335,74869,720
2021-01-03,Santa Cruz,87,273765,10713,9528,437,9965,84
2021-01-03,Shasta,89,179085,8840,8192,822,9014,72
2021-01-03,Sierra,91,2930,34,30,8,38,0
2021-01-03,Siskiyou,93,43540,1097,976,145,1121,3
2021-01-03,Solano,95,438530,21575,20105,235,20340,97
2021-01-03,Sonoma,97,501317,20963,19982,115,20097,193
2021-01-03,Stanislaus,99,539301,37644,35762,3765,39527,553
2021-01-03,Sutter,101,95872,6910,6664,51,6715,53
2021-01-03,Tehama,103,63373,3378,3176,353,3529,9
2021-01-03,Trinity,105,12862,311,243,31,274,2
2021-01-03,Tulare,107,460477,36873,34747,4488,39235,455
2021-01-03,Tuolumne,109,53932,3056,2978,16,2994,13
2021-01-03,Ventura,111,848112,48650,43748,1915,45663,254
2021-01-03,Yolo,113,214977,9457,8674,81,8755,121
2021-01-03,Yuba,115,75493,4227,3966,44,4010,20
2021-01-02,Alameda,1,1643700,57455,54518,1168,55686,581
2021-01-02,Alpine,3,1148,70,68,0,68,0
2021-01-02,Amador,5,37829,2754,2540,24,2564,24
2021-01-02,Butte,7,227075,8435,7750,1051,8801,105
2021-01-02,Calaveras,9,45235,1273,1230,3,1233,21
2021-01-02,Colusa,11,21464,1400,1332,105,1437,7
2021-01-02,Contra Costa,13,1133247,44594,41993,709,42702,352
2021-01-02,Del Norte,15,27424,780,764,0,764,2
2021-01-02,El Dorado,17,186661,6844,5959,384,6343,27
2021-01-02,Fresno,19,978130,74045,68740,5414,74154,717
2021-01-02,Glenn,21,27897,1715,1546,310,1856,9
2021-01-02,Humboldt,23,135768,1980,1815,6,1821,21
2021-01-02,Imperial,25,180216,23875,22867,1711,24578,420
2021-01-02,Inyo,27,18085,761,609,1,610,20
2021-01-02,Kern,29,883053,71345,66457,6004,72461,610
2021-01-02,Kings,31,150075,17250,16515,630,17145,108
2021-01-02,Lake,33,64148,2094,1925,0,1925,24
2021-01-02,Lassen,35,31185,4588,4457,55,4512,1
2021-01-02,Los Angeles,37,10098052,858637,791892,26656,818548,10633
2021-01-02,Madera,39,155013,11753,11039,516,11555,67
2021-01-02,Marin,41,260295,10367,9924,95,10019,151
2021-01-02,Mariposa,43,17540,285,243,2,245,3
2021-01-02,Mendocino,45,87422,2650,2428,28,2456,24
2021-01-02,Merced,47,269075,20436,19395,411,19806,230
2021-01-02,Modoc,49,8938,270,245,77,322,0
2021-01-02,Mono,51,14174,931,884,10,894,3
2021-01-02,Monterey,53,433212,30466,28991,799,29790,191
2021-01-02,Napa,55,140530,6519,5994,25,6019,29
2021-01-02,Nevada,57,99092,2955,2706,97,2803,15
2021-01-02,Orange,59,3164182,180805,168457,7421,175878,1918
2021-01-02,Placer,61,380077,15769,14182,685,14867,133
2021-01-02,Plumas,63,18699,502,413,10,423,1
2021-01-02,Riverside,65,2383286,205999,192069,10067,202136,2008
2021-01-02,Sacramento,67,1510023,70784,67810,729,68539,858
2021-01-02,San Benito,69,59416,4039,3829,37,3866,28
2021-01-02,San Bernardino,71,2135413,220563,206939,6026,212965,1597
2021-01-02,San Diego,73,3302833,181383,164498,0,164498,1592
2021-01-02,San Francisco,75,870044,25505,24414,276,24690,194
2021-01-02,San Joaquin,77,732212,49706,47310,1924,49234,662
2021-01-02,San Luis Obispo,79,281455,12595,11467,292,11759,95
2021-01-02,San Mateo,81,765935,28238,25483,134,25617,196
2021-01-02,Santa Barbara,83,443738,20247,18135,601,18736,164
2021-01-02,Santa Clara,85,1922200,78457,73662,328,73990,720
2021-01-02,Santa Cruz,87,273765,10562,9340,428,9768,85
2021-01-02,Shasta,89,179085,8774,8154,810,8964,72
2021-01-02,Sierra,91,2930,34,28,8,36,0
2021-01-02,Siskiyou,93,43540,1086,949,143,1092,3
2021-01-02,Solano,95,438530,21379,19805,225,20030,97
2021-01-02,Sonoma,97,501317,20808,19761,115,19876,194
2021-01-02,Stanislaus,99,539301,37332,35431,3696,39127,553
2021-01-02,Sutter,101,95872,6855,6621,51,6672,53
2021-01-02,Tehama,103,63373,3353,3146,348,3494,9
2021-01-02,Trinity,105,12862,308,243,31,274,2
2021-01-02,Tulare,107,460477,36557,34479,4418,38897,455
2021-01-02,Tuolumne,109,53932,3042,2942,14,2956,13
2021-01-02,Ventura,111,848112,47500,43397,1880,45277,254
2021-01-02,Yolo,113,214977,9365,8571,79,8650,122
2021-01-02,Yuba,115,75493,4189,3930,43,3973,21
2021-01-01,Alameda,1,1643700,56822,53518,1151,54669,579
2021-01-01,Alpine,3,1148,70,68,0,68,0
2021-01-01,Amador,5,37829,2728,2513,22,2535,24
2021-01-01,Butte,7,227075,8334,7589,1026,8615,105
2021-01-01,Calaveras,9,45235,1258,1186,3,1189,21
2021-01-01,Colusa,11,21464,1391,1314,103,1417,7
2021-01-01,Contra Costa,13,1133247,44119,41412,687,42099,351
2021-01-01,Del Norte,15,27424,774,758,0,758,2
2021-01-01,El Dorado,17,186661,6755,5832,373,6205,27
2021-01-01,Fresno,19,978130,72980,67484,5325,72809,717
2021-01-01,Glenn,21,27897,1699,1520,307,1827,9
2021-01-01,Humboldt,23,135768,1942,1783,6,1789,21
2021-01-01,Imperial,25,180216,23790,22715,1660,24375,418
2021-01-01,Inyo,27,18085,737,606,1,607,20
2021-01-01,Kern,29,883053,70524,65571,5891,71462,609
2021-01-01,Kings,31,150075,17067,16358,624,16982,108
2021-01-01,Lake,33,64148,2064,1888,0,1888,24
2021-01-01,Lassen,35,31185,4582,4377,55,4432,1
2021-01-01,Los Angeles,37,10098052,844511,775578,25926,801504,10515
2021-01-01,Madera,39,155013,11593,10752,507,11259,66
2021-01-01,Marin,41,260295,10261,9821,95,9916,148
2021-01-01,Mariposa,43,17540,277,236,2,238,3
2021-01-01,Mendocino,45,87422,2596,2400,28,2428,24
2021-01-01,Merced,47,269075,20253,19118,395,19513,229
2021-01-01,Modoc,49,8938,270,241,77,318,0
2021-01-01,Mono,51,14174,913,884,10,894,3
2021-01-01,Monterey,53,433212,30236,28465,791,29256,191
2021-01-01,Napa,55,140530,6433,5899,25,5924,28
2021-01-01,Nevada,57,99092,2931,2663,97,2760,15
2021-01-01,Orange,59,3164182,178032,165440,7270,172710,1893
2021-01-01,Placer,61,380077,15604,13987,667,14654,133
2021-01-01,Plumas,63,18699,497,412,10,422,1
2021-01-01,Riverside,65,2383286,202775,188674,9784,198458,1990
2021-01-01,Sacramento,67,1510023,70184,66956,711,67667,848
2021-01-01,San Benito,69,59416,4003,3773,37,3810,28
2021-01-01,San Bernardino,71,2135413,217744,203651,5887,209538,1590
2021-01-01,San Diego,73,3302833,178323,160071,0,160071,1592
2021-01-01,San Francisco,75,870044,25230,24145,264,24409,187
2021-01-01,San Joaquin,77,732212,49425,46640,1876,48516,657
2021-01-01,San Luis Obispo,79,281455,12373,11160,284,11444,94
2021-01-01,San Mateo,81,765935,27788,25041,130,25171,194
2021-01-01,Santa Barbara,83,443738,19928,17759,591,18350,164
2021-01-01,Santa Clara,85,1922200,77189,71904,323,72227,680
2021-01-01,Santa Cruz,87,273765,10385,9146,416,9562,84
2021-01-01,Shasta,89,179085,8693,8102,792,8894,72
2021-01-01,Sierra,91,2930,34,26,8,34,0
2021-01-01,Siskiyou,93,43540,1072,944,138,1082,3
2021-01-01,Solano,95,438530,21167,19393,223,19616,97
2021-01-01,Sonoma,97,501317,20625,19513,115,19628,189
2021-01-01,Stanislaus,99,539301,37056,34978,3628,38606,553
2021-01-01,Sutter,101,95872,6799,6553,50,6603,52
2021-01-01,Tehama,103,63373,3297,3079,339,3418,9
2021-01-01,Trinity,105,12862,308,243,31,274,2
2021-01-01,Tulare,107,460477,36152,33994,4316,38310,454
2021-01-01,Tuolumne,109,53932,3026,2909,14,2923,13
2021-01-01,Ventura,111,848112,46009,42026,1852,43878,253
2021-01-01,Yolo,113,214977,9252,8461,77,8538,120
2021-01-01,Yuba,115,75493,4130,3845,42,3887,19
2020-12-31,Alameda,1,1643700,56320,52475,1119,53594,579
2020-12-31,Alpine,3,1148,70,66,0,66,0
2020-12-31,Amador,5,37829,2714,2493,22,2515,24
2020-12-31,Butte,7,227075,8261,7405,1007,8412,105
2020-12-31,Calaveras,9,45235,1247,1161,3,1164,21
2020-12-31,Colusa,11,21464,1383,1301,100,1401,7
2020-12-31,Contra Costa,13,1133247,43747,40512,673,41185,336
2020-12-31,Del Norte,15,27424,773,748,0,748,2
2020-12-31,El Dorado,17,186661,6703,5662,364,6026,26
2020-12-31,Fresno,19,978130,72563,66442,5261,71703,711
2020-12-31,Glenn,21,27897,1679,1484,302,1786,9
2020-12-31,Humboldt,23,135768,1925,1713,6,1719,21
2020-12-31,Imperial,25,180216,23727,22494,1645,24139,417
2020-12-31,Inyo,27,18085,729,591,1,592,20
2020-12-31,Kern,29,883053,70059,64904,5796,70700,609
2020-12-31,Kings,31,150075,16992,16077,616,16693,108
2020-12-31,Lake,33,64148,2052,1848,0,1848,23
2020-12-31,Lassen,35,31185,4576,4340,54,4394,1
2020-12-31,Los Angeles,37,10098052,839241,755844,25430,781274,10320
2020-12-31,Madera,39,155013,11526,10609,496,11105,64
2020-12-31,Marin,41,260295,10220,9731,94,9825,148
2020-12-31,Mariposa,43,17540,275,217,2,219,3
2020-12-31,Mendocino,45,87422,2581,2367,24,2391,24
2020-12-31,Merced,47,269075,20166,18808,385,19193,226
2020-12-31,Modoc,49,8938,270,238,77,315,0
2020-12-31,Mono,51,14174,906,868,10,878,3
2020-12-31,Monterey,53,433212,30048,27720,779,28499,188
2020-12-31,Napa,55,140530,6370,5801,25,5826,28
2020-12-31,Nevada,57,99092,2908,2619,95,2714,15
2020-12-31,Orange,59,3164182,176193,161586,7137,168723,1866
2020-12-31,Placer,61,380077,15454,13708,664,14372,126
2020-12-31,Plumas,63,18699,492,401,9,410,1
2020-12-31,Riverside,65,2383286,201279,184193,9618,193811,1958
2020-12-31,Sacramento,67,1510023,69667,65817,699,66516,830
2020-12-31,San Benito,69,59416,3981,3673,37,3710,28
2020-12-31,San Bernardino,71,2135413,216191,199115,5814,204929,1586
2020-12-31,San Diego,73,3302833,176561,155593,0,155593,1534
2020-12-31,San Francisco,75,870044,25005,23740,256,23996,183
2020-12-31,San Joaquin,77,732212,49122,45764,1835,47599,646
2020-12-31,San Luis Obispo,79,281455,12263,10846,284,11130,89
2020-12-31,San Mateo,81,765935,27464,24570,125,24695,192
2020-12-31,Santa Barbara,83,443738,19686,17434,584,18018,161
2020-12-31,Santa Clara,85,1922200,76426,70032,318,70350,665
2020-12-31,Santa Cruz,87,273765,10267,8909,403,9312,84
2020-12-31,Shasta,89,179085,8628,7996,782,8778,69
2020-12-31,Sierra,91,2930,34,26,8,34,0
2020-12-31,Siskiyou,93,43540,1056,940,135,1075,3
2020-12-31,Solano,95,438530,20940,18942,222,19164,97
2020-12-31,Sonoma,97,501317,20511,19129,114,19243,188
2020-12-31,Stanislaus,99,539301,36762,34398,3572,37970,552
2020-12-31,Sutter,101,95872,6769,6432,49,6481,51
2020-12-31,Tehama,103,63373,3268,3036,338,3374,9
2020-12-31,Trinity,105,12862,307,241,31,272,2
2020-12-31,Tulare,107,460477,35993,33412,4262,37674,446
2020-12-31,Tuolumne,109,53932,3018,2902,14,2916,12
2020-12-31,Ventura,111,848112,45503,40854,1834,42688,251
2020-12-31,Yolo,113,214977,9169,8295,76,8371,117
2020-12-31,Yuba,115,75493,4091,3799,41,3840,18
2020-12-30,Alameda,1,1643700,55559,50158,1068,51226,573
2020-12-30,Alpine,3,1148,70,66,0,66,0
2020-12-30,Amador,5,37829,2694,2418,21,2439,24
2020-12-30,Butte,7,227075,8101,7140,990,8130,103
2020-12-30,Calaveras,9,45235,1222,1135,3,1138,21
2020-12-30,Colusa,11,21464,1367,1289,94,1383,7
2020-12-30,Contra Costa,13,1133247,43165,39601,661,40262,337
2020-12-30,Del Norte,15,27424,768,726,0,726,2
2020-12-30,El Dorado,17,186661,6604,5595,352,5947,27
2020-12-30,Fresno,19,978130,71723,65566,5096,70662,711
2020-12-30,Glenn,21,27897,1650,1471,289,1760,9
2020-12-30,Humboldt,23,135768,1892,1654,6,1660,22
2020-12-30,Imperial,25,180216,23561,22098,1568,23666,412
2020-12-30,Inyo,27,18085,722,572,1,573,20
2020-12-30,Kern,29,883053,69338,63292,5644,68936,604
2020-12-30,Kings,31,150075,16873,15862,608,16470,108
2020-12-30,Lake,33,64148,2029,1731,0,1731,23
2020-12-30,Lassen,35,31185,4567,4300,54,4354,1
2020-12-30,Los Angeles,37,10098052,828410,741907,24701,766608,10046
2020-12-30,Madera,39,155013,11416,10249,485,10734,65
2020-12-30,Marin,41,260295,10132,9569,87,9656,148
2020-12-30,Mariposa,43,17540,271,214,2,216,3
2020-12-30,Mendocino,45,87422,2563,2291,22,2313,24
2020-12-30,Merced,47,269075,19873,18519,375,18894,225
2020-12-30,Modoc,49,8938,267,234,77,311,0
2020-12-30,Mono,51,14174,903,868,10,878,3
2020-12-30,Monterey,53,433212,29441,26977,756,27733,186
2020-12-30,Napa,55,140530,6265,5754,25,5779,28
2020-12-30,Nevada,57,99092,2873,2595,93,2688,15
2020-12-30,Orange,59,3164182,173528,153951,6941,160892,1863
2020-12-30,Placer,61,380077,15202,13540,652,14192,127
2020-12-30,Plumas,63,18699,487,397,9,406,1
2020-12-30,Riverside,65,2383286,198339,176402,9427,185829,1919
2020-12-30,Sacramento,67,1510023,68796,64119,681,64800,847
2020-12-30,San Benito,69,59416,3900,3464,33,3497,29
2020-12-30,San Bernardino,71,2135413,213617,192648,5725,198373,1591
2020-12-30,San Diego,73,3302833,172931,152510,0,152510,1472
2020-12-30,San Francisco,75,870044,24714,23099,250,23349,182
2020-12-30,San Joaquin,77,732212,48435,44465,1792,46257,634
2020-12-30,San Luis Obispo,79,281455,11996,10542,276,10818,89
2020-12-30,San Mateo,81,765935,27033,24150,121,24271,190
2020-12-30,Santa Barbara,83,443738,19295,16895,560,17455,161
2020-12-30,Santa Clara,85,1922200,75161,67218,314,67532,661
2020-12-30,Santa Cruz,87,273765,10074,8787,393,9180,86
2020-12-30,Shasta,89,179085,8516,7818,768,8586,69
2020-12-30,Sierra,91,2930,34,25,8,33,0
2020-12-30,Siskiyou,93,43540,1049,913,125,1038,3
2020-12-30,Solano,95,438530,20544,18300,219,18519,96
2020-12-30,Sonoma,97,501317,20252,18947,114,19061,191
2020-12-30,Stanislaus,99,539301,36283,33730,3497,37227,526
2020-12-30,Sutter,101,95872,6708,6328,48,6376,51
2020-12-30,Tehama,103,63373,3224,2969,334,3303,9
2020-12-30,Trinity,105,12862,306,231,31,262,2
2020-12-30,Tulare,107,460477,35440,32413,4195,36608,430
2020-12-30,Tuolumne,109,53932,3005,2772,12,2784,12
2020-12-30,Ventura,111,848112,44215,39039,1809,40848,251
2020-12-30,Yolo,113,214977,9063,8067,73,8140,117
2020-12-30,Yuba,115,75493,4023,3612,41,3653,18
2020-12-29,Alameda,1,1643700,54504,50946,1031,51977,552
2020-12-29,Alpine,3,1148,70,65,0,65,0
2020-12-29,Amador,5,37829,2642,2388,20,2408,23
2020-12-29,Butte,7,227075,7930,7178,966,8144,98
2020-12-29,Calaveras,9,45235,1176,1111,2,1113,21
2020-12-29,Colusa,11,21464,1346,1272,89,1361,7
2020-12-29,Contra Costa,13,1133247,42363,39225,630,39855,325
2020-12-29,Del Norte,15,27424,761,724,0,724,2
2020-12-29,El Dorado,17,186661,6476,5551,337,5888,22
2020-12-29,Fresno,19,978130,70354,65149,4934,70083,688
2020-12-29,Glenn,21,27897,1616,1454,282,1736,9
2020-12-29,Humboldt,23,135768,1844,1616,6,1622,19
2020-12-29,Imperial,25,180216,23352,22105,1477,23582,407
2020-12-29,Inyo,27,18085,705,571,1,572,19
2020-12-29,Kern,29,883053,68183,63096,5466,68562,589
2020-12-29,Kings,31,150075,16705,15777,596,16373,108
2020-12-29,Lake,33,64148,1997,1805,0,1805,22
2020-12-29,Lassen,35,31185,4552,4288,54,4342,1
2020-12-29,Los Angeles,37,10098052,808286,731907,23796,755703,9786
2020-12-29,Madera,39,155013,11102,10251,469,10720,64
2020-12-29,Marin,41,260295,9981,9595,84,9679,146
2020-12-29,Mariposa,43,17540,263,212,2,214,3
2020-12-29,Mendocino,45,87422,2520,2249,21,2270,24
2020-12-29,Merced,47,269075,19523,18464,360,18824,221
2020-12-29,Modoc,49,8938,264,232,77,309,0
2020-12-29,Mono,51,14174,894,868,10,878,3
2020-12-29,Monterey,53,433212,28806,26894,728,27622,185
2020-12-29,Napa,55,140530,6145,5663,25,5688,28
2020-12-29,Nevada,57,99092,2825,2550,92,2642,15
2020-12-29,Orange,59,3164182,169689,154411,6766,161177,1839
2020-12-29,Placer,61,380077,14964,13392,629,14021,126
2020-12-29,Plumas,63,18699,478,395,9,404,1
2020-12-29,Riverside,65,2383286,193742,177624,9161,186785,1904
2020-12-29,Sacramento,67,1510023,67760,65078,666,65744,820
2020-12-29,San Benito,69,59416,3781,3474,32,3506,25
2020-12-29,San Bernardino,71,2135413,208794,190476,5584,196060,1557
2020-12-29,San Diego,73,3302833,168710,150062,0,150062,1435
2020-12-29,San Francisco,75,870044,24378,22996,241,23237,178
2020-12-29,San Joaquin,77,732212,47521,44699,1735,46434,622
2020-12-29,San Luis Obispo,79,281455,11701,10387,268,10655,80
2020-12-29,San Mateo,81,765935,26495,23773,112,23885,189
2020-12-29,Santa Barbara,83,443738,18832,16797,534,17331,155
2020-12-29,Santa Clara,85,1922200,73618,67581,311,67892,621
2020-12-29,Santa Cruz,87,273765,9804,8492,384,8876,84
2020-12-29,Shasta,89,179085,8411,7782,753,8535,65
2020-12-29,Sierra,91,2930,31,24,7,31,0
2020-12-29,Siskiyou,93,43540,1034,926,123,1049,3
2020-12-29,Solano,95,438530,20162,18412,214,18626,96
2020-12-29,Sonoma,97,501317,19917,18790,112,18902,187
2020-12-29,Stanislaus,99,539301,35785,33775,3433,37208,508
2020-12-29,Sutter,101,95872,6640,6302,48,6350,50
2020-12-29,Tehama,103,63373,3157,2962,319,3281,9
2020-12-29,Trinity,105,12862,306,241,31,272,2
2020-12-29,Tulare,107,460477,34782,32545,4063,36608,419
2020-12-29,Tuolumne,109,53932,2963,2797,12,2809,12
2020-12-29,Ventura,111,848112,42967,38669,1781,40450,235
2020-12-29,Yolo,113,214977,8933,8124,71,8195,111
2020-12-29,Yuba,115,75493,3943,3723,41,3764,18
2020-12-28,Alameda,1,1643700,53472,50405,1008,51413,551
2020-12-28,Alpine,3,1148,69,65,0,65,0
2020-12-28,Amador,5,37829,2572,2255,20,2275,23
2020-12-28,Butte,7,227075,7764,7053,936,7989,86
2020-12-28,Calaveras,9,45235,1154,1102,2,1104,21
2020-12-28,Colusa,11,21464,1322,1255,74,1329,7
2020-12-28,Contra Costa,13,1133247,41432,38872,603,39475,324
2020-12-28,Del Norte,15,27424,751,718,0,718,2
2020-12-28,El Dorado,17,186661,6320,5441,324,5765,18
2020-12-28,Fresno,19,978130,69088,64274,4777,69051,679
2020-12-28,Glenn,21,27897,1582,1435,270,1705,9
2020-12-28,Humboldt,23,135768,1809,1579,6,1585,19
2020-12-28,Imperial,25,180216,23090,22003,1400,23403,405
2020-12-28,Inyo,27,18085,698,569,1,570,19
2020-12-28,Kern,29,883053,67125,62392,5257,67649,579
2020-12-28,Kings,31,150075,16489,15733,578,16311,108
2020-12-28,Lake,33,64148,1955,1785,0,1785,22
2020-12-28,Lassen,35,31185,4445,4284,53,4337,1
2020-12-28,Los Angeles,37,10098052,786025,720699,22944,743643,9544
2020-12-28,Madera,39,155013,10928,10123,446,10569,64
2020-12-28,Marin,41,260295,9872,9546,77,9623,145
2020-12-28,Mariposa,43,17540,239,211,2,213,3
2020-12-28,Mendocino,45,87422,2485,2214,21,2235,23
2020-12-28,Merced,47,269075,19202,18245,342,18587,213
2020-12-28,Modoc,49,8938,259,220,76,296,0
2020-12-28,Mono,51,14174,890,848,10,858,3
2020-12-28,Monterey,53,433212,27974,26529,715,27244,182
2020-12-28,Napa,55,140530,6036,5576,25,5601,26
2020-12-28,Nevada,57,99092,2778,2532,87,2619,15
2020-12-28,Orange,59,3164182,165559,152089,6586,158675,1839
2020-12-28,Placer,61,380077,14623,13234,601,13835,126
2020-12-28,Plumas,63,18699,474,391,9,400,0
2020-12-28,Riverside,65,2383286,188911,174029,8852,182881,1855
2020-12-28,Sacramento,67,1510023,66533,64322,641,64963,813
2020-12-28,San Benito,69,59416,3710,3429,31,3460,24
2020-12-28,San Bernardino,71,2135413,203702,188919,5461,194380,1552
2020-12-28,San Diego,73,3302833,163973,147528,0,147528,1404
2020-12-28,San Francisco,75,870044,24018,22726,235,22961,178
2020-12-28,San Joaquin,77,732212,46586,44172,1704,45876,618
2020-12-28,San Luis Obispo,79,281455,11351,10260,263,10523,76
2020-12-28,San Mateo,81,765935,26026,23467,109,23576,189
2020-12-28,Santa Barbara,83,443738,18375,16579,520,17099,155
2020-12-28,Santa Clara,85,1922200,72128,66418,304,66722,619
2020-12-28,Santa Cruz,87,273765,9538,8310,374,8684,81
2020-12-28,Shasta,89,179085,8292,7688,739,8427,65
2020-12-28,Sierra,91,2930,29,24,7,31,0
2020-12-28,Siskiyou,93,43540,1019,915,117,1032,3
2020-12-28,Solano,95,438530,19587,18171,208,18379,96
2020-12-28,Sonoma,97,501317,19573,18667,110,18777,185
2020-12-28,Stanislaus,99,539301,35240,33473,3367,36840,507
2020-12-28,Sutter,101,95872,6557,6253,48,6301,49
2020-12-28,Tehama,103,63373,3104,2934,310,3244,9
2020-12-28,Trinity,105,12862,304,240,31,271,2
2020-12-28,Tulare,107,460477,34100,32010,3951,35961,404
2020-12-28,Tuolumne,109,53932,2947,2777,12,2789,12
2020-12-28,Ventura,111,848112,41301,37151,1731,38882,230
2020-12-28,Yolo,113,214977,8778,8031,70,8101,111
2020-12-28,Yuba,115,75493,3881,3679,40,3719,18
2020-12-27,Alameda,1,1643700,52238,49764,979,50743,551
2020-12-27,Alpine,3,1148,67,65,0,65,0
2020-12-27,Amador,5,37829,2451,2218,20,2238,23
2020-12-27,Butte,7,227075,7610,7016,899,7915,86
2020-12-27,Calaveras,9,45235,1109,1097,2,1099,21
2020-12-27,Colusa,11,21464,1297,1253,71,1324,7
2020-12-27,Contra Costa,13,1133247,40513,38428,573,39001,324
2020-12-27,Del Norte,15,27424,728,712,0,712,2
2020-12-27,El Dorado,17,186661,6107,5388,298,5686,18
2020-12-27,Fresno,19,978130,67848,63811,4561,68372,679
2020-12-27,Glenn,21,27897,1556,1434,255,1689,9
2020-12-27,Humboldt,23,135768,1766,1575,6,1581,17
2020-12-27,Imperial,25,180216,22804,21934,1281,23215,405
2020-12-27,Inyo,27,18085,676,565,1,566,18
2020-12-27,Kern,29,883053,65854,61914,5084,66998,568
2020-12-27,Kings,31,150075,16254,15593,542,16135,108
2020-12-27,Lake,33,64148,1901,1769,0,1769,22
2020-12-27,Lassen,35,31185,4368,4230,46,4276,1
2020-12-27,Los Angeles,37,10098052,764640,707260,21997,729257,9476
2020-12-27,Madera,39,155013,10670,10005,436,10441,64
2020-12-27,Marin,41,260295,9749,9477,71,9548,144
2020-12-27,Mariposa,43,17540,232,208,2,210,3
2020-12-27,Mendocino,45,87422,2437,2209,21,2230,23
2020-12-27,Merced,47,269075,18834,18075,326,18401,213
2020-12-27,Modoc,49,8938,250,221,72,293,0
2020-12-27,Mono,51,14174,871,849,10,859,3
2020-12-27,Monterey,53,433212,27433,26322,698,27020,181
2020-12-27,Napa,55,140530,5901,5496,25,5521,26
2020-12-27,Nevada,57,99092,2742,2519,87,2606,15
2020-12-27,Orange,59,3164182,161167,149276,6393,155669,1839
2020-12-27,Placer,61,380077,14334,13017,568,13585,126
2020-12-27,Plumas,63,18699,468,390,9,399,0
2020-12-27,Riverside,65,2383286,184100,171995,8535,180530,1836
2020-12-27,Sacramento,67,1510023,65333,63416,615,64031,811
2020-12-27,San Benito,69,59416,3624,3394,31,3425,24
2020-12-27,San Bernardino,71,2135413,198651,186776,5313,192089,1551
2020-12-27,San Diego,73,3302833,159568,145777,0,145777,1402
2020-12-27,San Francisco,75,870044,23669,22514,226,22740,178
2020-12-27,San Joaquin,77,732212,45549,43529,1651,45180,618
2020-12-27,San Luis Obispo,79,281455,10944,10154,258,10412,76
2020-12-27,San Mateo,81,765935,25461,23136,105,23241,187
2020-12-27,Santa Barbara,83,443738,17857,16364,491,16855,155
2020-12-27,Santa Clara,85,1922200,70507,65288,298,65586,619
2020-12-27,Santa Cruz,87,273765,9271,8234,365,8599,81
2020-12-27,Shasta,89,179085,8168,7671,715,8386,65
2020-12-27,Sierra,91,2930,29,24,6,30,0
2020-12-27,Siskiyou,93,43540,1008,914,112,1026,3
2020-12-27,Solano,95,438530,19095,17840,202,18042,96
2020-12-27,Sonoma,97,501317,19287,18487,109,18596,185
2020-12-27,Stanislaus,99,539301,34640,33076,3271,36347,506
2020-12-27,Sutter,101,95872,6475,6218,46,6264,48
2020-12-27,Tehama,103,63373,3033,2922,292,3214,9
2020-12-27,Trinity,105,12862,300,240,29,269,2
2020-12-27,Tulare,107,460477,33509,31864,3831,35695,400
2020-12-27,Tuolumne,109,53932,2840,2750,10,2760,12
2020-12-27,Ventura,111,848112,40241,36661,1676,38337,230
2020-12-27,Yolo,113,214977,8587,7919,63,7982,111
2020-12-27,Yuba,115,75493,3819,3665,38,3703,18
2020-12-26,Alameda,1,1643700,51631,49084,966,50050,551
2020-12-26,Alpine,3,1148,67,65,0,65,0
2020-12-26,Amador,5,37829,2437,2189,20,2209,23
2020-12-26,Butte,7,227075,7516,6968,877,7845,86
2020-12-26,Calaveras,9,45235,1103,1084,2,1086,21
2020-12-26,Colusa,11,21464,1287,1240,71,1311,7
2020-12-26,Contra Costa,13,1133247,40053,38008,559,38567,324
2020-12-26,Del Norte,15,27424,722,709,0,709,2
2020-12-26,El Dorado,17,186661,6052,5279,293,5572,18
2020-12-26,Fresno,19,978130,67381,63080,4496,67576,679
2020-12-26,Glenn,21,27897,1535,1413,249,1662,9
2020-12-26,Humboldt,23,135768,1728,1545,6,1551,17
2020-12-26,Imperial,25,180216,22715,21734,1229,22963,405
2020-12-26,Inyo,27,18085,663,554,1,555,18
2020-12-26,Kern,29,883053,65192,61174,4924,66098,564
2020-12-26,Kings,31,150075,16136,15517,537,16054,108
2020-12-26,Lake,33,64148,1858,1710,0,1710,22
2020-12-26,Lassen,35,31185,4347,3981,46,4027,1
2020-12-26,Los Angeles,37,10098052,756137,694149,21457,715606,9424
2020-12-26,Madera,39,155013,10596,9908,422,10330,64
2020-12-26,Marin,41,260295,9714,9413,70,9483,143
2020-12-26,Mariposa,43,17540,231,206,2,208,3
2020-12-26,Mendocino,45,87422,2391,2194,21,2215,23
2020-12-26,Merced,47,269075,18677,17890,321,18211,213
2020-12-26,Modoc,49,8938,247,222,72,294,0
2020-12-26,Mono,51,14174,865,850,10,860,3
2020-12-26,Monterey,53,433212,27300,26010,689,26699,182
2020-12-26,Napa,55,140530,5843,5427,25,5452,26
2020-12-26,Nevada,57,99092,2714,2480,87,2567,15
2020-12-26,Orange,59,3164182,159001,147304,6294,153598,1838
2020-12-26,Placer,61,380077,14169,12816,552,13368,122
2020-12-26,Plumas,63,18699,465,381,9,390,0
2020-12-26,Riverside,65,2383286,181672,169360,8370,177730,1834
2020-12-26,Sacramento,67,1510023,64711,62435,605,63040,807
2020-12-26,San Benito,69,59416,3551,3330,31,3361,24
2020-12-26,San Bernardino,71,2135413,197008,185111,5225,190336,1551
2020-12-26,San Diego,73,3302833,157047,142644,0,142644,1402
2020-12-26,San Francisco,75,870044,23436,22319,225,22544,177
2020-12-26,San Joaquin,77,732212,45163,42887,1602,44489,618
2020-12-26,San Luis Obispo,79,281455,10858,9945,252,10197,76
2020-12-26,San Mateo,81,765935,25123,22908,99,23007,187
2020-12-26,Santa Barbara,83,443738,17620,16159,485,16644,155
2020-12-26,Santa Clara,85,1922200,69446,64185,295,64480,618
2020-12-26,Santa Cruz,87,273765,9147,8113,355,8468,81
2020-12-26,Shasta,89,179085,8109,7641,702,8343,65
2020-12-26,Sierra,91,2930,29,24,6,30,0
2020-12-26,Siskiyou,93,43540,1002,909,107,1016,2
2020-12-26,Solano,95,438530,18855,17528,202,17730,96
2020-12-26,Sonoma,97,501317,19088,18261,107,18368,184
2020-12-26,Stanislaus,99,539301,34350,32678,3220,35898,505
2020-12-26,Sutter,101,95872,6416,6121,46,6167,48
2020-12-26,Tehama,103,63373,3006,2884,286,3170,9
2020-12-26,Trinity,105,12862,300,237,28,265,2
2020-12-26,Tulare,107,460477,33212,31665,3777,35442,398
2020-12-26,Tuolumne,109,53932,2829,2703,10,2713,12
2020-12-26,Ventura,111,848112,39279,36064,1641,37705,230
2020-12-26,Yolo,113,214977,8484,7785,61,7846,111
2020-12-26,Yuba,115,75493,3792,3599,38,3637,18
2020-12-25,Alameda,1,1643700,51072,48365,951,49316,542
2020-12-25,Alpine,3,1148,67,64,0,64,0
2020-12-25,Amador,5,37829,2394,2172,20,2192,23
2020-12-25,Butte,7,227075,7419,6873,856,7729,85
2020-12-25,Calaveras,9,45235,1100,1062,2,1064,21
2020-12-25,Colusa,11,21464,1275,1219,70,1289,7
2020-12-25,Contra Costa,13,1133247,39581,37480,533,38013,324
2020-12-25,Del Norte,15,27424,719,692,0,692,2
2020-12-25,El Dorado,17,186661,5988,5170,278,5448,16
2020-12-25,Fresno,19,978130,66523,62251,4408,66659,679
2020-12-25,Glenn,21,27897,1520,1390,241,1631,9
2020-12-25,Humboldt,23,135768,1690,1532,6,1538,16
2020-12-25,Imperial,25,180216,22625,21646,1217,22863,405
2020-12-25,Inyo,27,18085,654,546,1,547,18
2020-12-25,Kern,29,883053,64470,60417,4772,65189,562
2020-12-25,Kings,31,150075,16026,15460,532,15992,108
2020-12-25,Lake,33,64148,1838,1669,0,1669,20
2020-12-25,Lassen,35,31185,4332,3926,46,3972,1
2020-12-25,Los Angeles,37,10098052,742529,665600,20746,686346,9292
2020-12-25,Madera,39,155013,10426,9770,414,10184,64
2020-12-25,Marin,41,260295,9666,9375,67,9442,143
2020-12-25,Mariposa,43,17540,225,203,2,205,3
2020-12-25,Mendocino,45,87422,2349,2176,21,2197,23
2020-12-25,Merced,47,269075,18517,17726,314,18040,213
2020-12-25,Modoc,49,8938,246,221,72,293,0
2020-12-25,Mono,51,14174,863,843,10,853,3
2020-12-25,Monterey,53,433212,27029,25788,680,26468,182
2020-12-25,Napa,55,140530,5763,5351,25,5376,26
2020-12-25,Nevada,57,99092,2688,2458,85,2543,15
2020-12-25,Orange,59,3164182,156348,144542,6091,150633,1814
2020-12-25,Placer,61,380077,13987,12660,529,13189,122
2020-12-25,Plumas,63,18699,458,381,9,390,0
2020-12-25,Riverside,65,2383286,178428,166690,8041,174731,1825
2020-12-25,Sacramento,67,1510023,64017,61630,578,62208,796
2020-12-25,San Benito,69,59416,3513,3281,29,3310,24
2020-12-25,San Bernardino,71,2135413,194371,181812,5104,186916,1546
2020-12-25,San Diego,73,3302833,154567,139958,0,139958,1402
2020-12-25,San Francisco,75,870044,23160,22130,220,22350,175
2020-12-25,San Joaquin,77,732212,44859,42089,1543,43632,614
2020-12-25,San Luis Obispo,79,281455,10675,9749,245,9994,76
2020-12-25,San Mateo,81,765935,24800,22568,96,22664,187
2020-12-25,Santa Barbara,83,443738,17397,15936,476,16412,155
2020-12-25,Santa Clara,85,1922200,68330,63173,286,63459,612
2020-12-25,Santa Cruz,87,273765,9007,8018,331,8349,81
2020-12-25,Shasta,89,179085,8036,7612,679,8291,65
2020-12-25,Sierra,91,2930,29,24,5,29,0
2020-12-25,Siskiyou,93,43540,996,905,104,1009,2
2020-12-25,Solano,95,438530,18684,17280,200,17480,96
2020-12-25,Sonoma,97,501317,18912,18035,105,18140,184
2020-12-25,Stanislaus,99,539301,34060,32290,3171,35461,498
2020-12-25,Sutter,101,95872,6357,6051,45,6096,47
2020-12-25,Tehama,103,63373,2961,2839,271,3110,9
2020-12-25,Trinity,105,12862,297,236,28,264,2
2020-12-25,Tulare,107,460477,32833,31323,3709,35032,398
2020-12-25,Tuolumne,109,53932,2810,2674,10,2684,12
2020-12-25,Ventura,111,848112,38126,35514,1590,37104,230
2020-12-25,Yolo,113,214977,8385,7700,59,7759,111
2020-12-25,Yuba,115,75493,3757,3549,37,3586,17
2020-12-24,Alameda,1,1643700,50744,47527,930,48457,541
2020-12-24,Alpine,3,1148,67,64,0,64,0
2020-12-24,Amador,5,37829,2382,2145,20,2165,23
2020-12-24,Butte,7,227075,7381,6716,841,7557,84
2020-12-24,Calaveras,9,45235,1096,1032,2,1034,21
2020-12-24,Colusa,11,21464,1270,1188,69,1257,7
2020-12-24,Contra Costa,13,1133247,39336,36623,521,37144,311
2020-12-24,Del Norte,15,27424,719,678,0,678,2
2020-12-24,El Dorado,17,186661,5962,5042,270,5312,16
2020-12-24,Fresno,19,978130,66300,61435,4394,65829,663
2020-12-24,Glenn,21,27897,1509,1363,233,1596,9
2020-12-24,Humboldt,23,135768,1667,1516,6,1522,16
2020-12-24,Imperial,25,180216,22576,21545,1208,22753,402
2020-12-24,Inyo,27,18085,652,532,1,533,17
2020-12-24,Kern,29,883053,64184,59601,4759,64360,556
2020-12-24,Kings,31,150075,15986,15211,531,15742,108
2020-12-24,Lake,33,64148,1824,1629,0,1629,20
2020-12-24,Lassen,35,31185,4319,3894,46,3940,1
2020-12-24,Los Angeles,37,10098052,738385,664840,20475,685315,9288
2020-12-24,Madera,39,155013,10388,9547,407,9954,63
2020-12-24,Marin,41,260295,9633,9287,67,9354,143
2020-12-24,Mariposa,43,17540,221,197,2,199,3
2020-12-24,Mendocino,45,87422,2339,2150,21,2171,23
2020-12-24,Merced,47,269075,18447,17485,310,17795,212
2020-12-24,Modoc,49,8938,246,220,71,291,0
2020-12-24,Mono,51,14174,861,817,10,827,3
2020-12-24,Monterey,53,433212,26925,25131,673,25804,180
2020-12-24,Napa,55,140530,5709,5265,25,5290,26
2020-12-24,Nevada,57,99092,2664,2429,85,2514,15
2020-12-24,Orange,59,3164182,154895,141205,6041,147246,1775
2020-12-24,Placer,61,380077,13909,12457,522,12979,121
2020-12-24,Plumas,63,18699,455,376,9,385,0
2020-12-24,Riverside,65,2383286,177524,162435,8002,170437,1816
2020-12-24,Sacramento,67,1510023,63742,60596,576,61172,788
2020-12-24,San Benito,69,59416,3483,3183,29,3212,24
2020-12-24,San Bernardino,71,2135413,193365,176866,5069,181935,1533
2020-12-24,San Diego,73,3302833,153485,136952,0,136952,1382
2020-12-24,San Francisco,75,870044,22996,21830,217,22047,175
2020-12-24,San Joaquin,77,732212,44698,41324,1524,42848,611
2020-12-24,San Luis Obispo,79,281455,10606,9504,243,9747,77
2020-12-24,San Mateo,81,765935,24602,22093,96,22189,186
2020-12-24,Santa Barbara,83,443738,17293,15644,468,16112,153
2020-12-24,Santa Clara,85,1922200,67728,61742,279,62021,591
2020-12-24,Santa Cruz,87,273765,8937,7856,318,8174,82
2020-12-24,Shasta,89,179085,7996,7540,661,8201,65
2020-12-24,Sierra,91,2930,27,23,2,25,0
2020-12-24,Siskiyou,93,43540,992,900,97,997,2
2020-12-24,Solano,95,438530,18543,16872,195,17067,96
2020-12-24,Sonoma,97,501317,18814,17710,105,17815,183
2020-12-24,Stanislaus,99,539301,33866,31848,3146,34994,498
2020-12-24,Sutter,101,95872,6316,5960,44,6004,47
2020-12-24,Tehama,103,63373,2945,2779,271,3050,9
2020-12-24,Trinity,105,12862,296,235,28,263,2
2020-12-24,Tulare,107,460477,32719,30827,3682,34509,390
2020-12-24,Tuolumne,109,53932,2802,2653,10,2663,12
2020-12-24,Ventura,111,848112,37848,34400,1583,35983,224
2020-12-24,Yolo,113,214977,8346,7566,59,7625,113
2020-12-24,Yuba,115,75493,3732,3483,37,3520,16
2020-12-23,Alameda,1,1643700,50179,46753,902,47655,537
2020-12-23,Alpine,3,1148,67,64,0,64,0
2020-12-23,Amador,5,37829,2314,2108,19,2127,23
2020-12-23,Butte,7,227075,7295,6588,813,7401,84
2020-12-23,Calaveras,9,45235,1089,1002,1,1003,21
2020-12-23,Colusa,11,21464,1259,1167,69,1236,7
2020-12-23,Contra Costa,13,1133247,38938,36190,507,36697,311
2020-12-23,Del Norte,15,27424,712,670,0,670,2
2020-12-23,El Dorado,17,186661,5888,4967,261,5228,14
2020-12-23,Fresno,19,978130,65694,60488,4325,64813,654
2020-12-23,Glenn,21,27897,1495,1349,229,1578,9
2020-12-23,Humboldt,23,135768,1642,1458,6,1464,16
2020-12-23,Imperial,25,180216,22482,21323,1178,22501,399
2020-12-23,Inyo,27,18085,640,517,1,518,17
2020-12-23,Kern,29,883053,63672,58656,4660,63316,549
2020-12-23,Kings,31,150075,15908,14923,528,15451,105
2020-12-23,Lake,33,64148,1808,1595,0,1595,20
2020-12-23,Lassen,35,31185,4309,3865,43,3908,1
2020-12-23,Los Angeles,37,10098052,729395,651958,19902,671860,9146
2020-12-23,Madera,39,155013,10232,9371,392,9763,63
2020-12-23,Marin,41,260295,9575,9199,64,9263,142
2020-12-23,Mariposa,43,17540,219,194,2,196,3
2020-12-23,Mendocino,45,87422,2327,2121,21,2142,23
2020-12-23,Merced,47,269075,18291,17250,303,17553,203
2020-12-23,Modoc,49,8938,242,197,70,267,0
2020-12-23,Mono,51,14174,859,814,10,824,3
2020-12-23,Monterey,53,433212,26627,24856,667,25523,176
2020-12-23,Napa,55,140530,5641,5172,25,5197,25
2020-12-23,Nevada,57,99092,2619,2406,84,2490,15
2020-12-23,Orange,59,3164182,152459,138050,5867,143917,1771
2020-12-23,Placer,61,380077,13703,12213,514,12727,111
2020-12-23,Plumas,63,18699,448,369,9,378,0
2020-12-23,Riverside,65,2383286,175300,158110,7834,165944,1790
2020-12-23,Sacramento,67,1510023,63097,59661,561,60222,779
2020-12-23,San Benito,69,59416,3428,3073,27,3100,24
2020-12-23,San Bernardino,71,2135413,191334,172888,5000,177888,1509
2020-12-23,San Diego,73,3302833,151064,134695,0,134695,1350
2020-12-23,San Francisco,75,870044,22773,21498,214,21712,174
2020-12-23,San Joaquin,77,732212,44175,35664,1482,37146,602
2020-12-23,San Luis Obispo,79,281455,10465,9267,237,9504,74
2020-12-23,San Mateo,81,765935,24298,21780,94,21874,186
2020-12-23,Santa Barbara,83,443738,17086,15399,438,15837,152
2020-12-23,Santa Clara,85,1922200,66821,60455,274,60729,579
2020-12-23,Santa Cruz,87,273765,8777,7637,300,7937,75
2020-12-23,Shasta,89,179085,7923,7487,654,8141,66
2020-12-23,Sierra,91,2930,27,23,0,23,0
2020-12-23,Siskiyou,93,43540,972,891,94,985,2
2020-12-23,Solano,95,438530,18336,16626,190,16816,95
2020-12-23,Sonoma,97,501317,18610,17397,105,17502,182
2020-12-23,Stanislaus,99,539301,33525,31492,3089,34581,499
2020-12-23,Sutter,101,95872,6251,5871,44,5915,46
2020-12-23,Tehama,103,63373,2924,2737,267,3004,9
2020-12-23,Trinity,105,12862,296,234,28,262,2
2020-12-23,Tulare,107,460477,32425,30315,3640,33955,385
2020-12-23,Tuolumne,109,53932,2762,2540,10,2550,12
2020-12-23,Ventura,111,848112,37459,33377,1549,34926,216
2020-12-23,Yolo,113,214977,8266,7508,57,7565,112
2020-12-23,Yuba,115,75493,3681,3438,36,3474,14
2020-12-22,Alameda,1,1643700,49295,45751,869,46620,534
2020-12-22,Alpine,3,1148,67,64,0,64,0
2020-12-22,Amador,5,37829,2303,1839,19,1858,23
2020-12-22,Butte,7,227075,7168,6467,796,7263,85
2020-12-22,Calaveras,9,45235,1062,988,0,988,21
2020-12-22,Colusa,11,21464,1236,1150,65,1215,7
2020-12-22,Contra Costa,13,1133247,38315,35681,494,36175,301
2020-12-22,Del Norte,15,27424,706,666,0,666,2
2020-12-22,El Dorado,17,186661,5767,4885,247,5132,12
2020-12-22,Fresno,19,978130,64667,59640,4212,63852,640
2020-12-22,Glenn,21,27897,1472,1337,218,1555,9
2020-12-22,Humboldt,23,135768,1608,1440,6,1446,16
2020-12-22,Imperial,25,180216,22295,21128,1135,22263,398
2020-12-22,Inyo,27,18085,619,506,1,507,17
2020-12-22,Kern,29,883053,62731,57816,4512,62328,547
2020-12-22,Kings,31,150075,15769,14855,521,15376,102
2020-12-22,Lake,33,64148,1784,1569,0,1569,20
2020-12-22,Lassen,35,31185,4167,3848,41,3889,1
2020-12-22,Los Angeles,37,10098052,712205,635931,19170,655101,9013
2020-12-22,Madera,39,155013,10114,9187,376,9563,63
2020-12-22,Marin,41,260295,9512,9115,63,9178,142
2020-12-22,Mariposa,43,17540,216,194,2,196,3
2020-12-22,Mendocino,45,87422,2294,2092,21,2113,23
2020-12-22,Merced,47,269075,18046,17012,299,17311,201
2020-12-22,Modoc,49,8938,234,182,69,251,0
2020-12-22,Mono,51,14174,849,786,10,796,3
2020-12-22,Monterey,53,433212,25964,24152,647,24799,176
2020-12-22,Napa,55,140530,5554,5059,25,5084,23
2020-12-22,Nevada,57,99092,2592,2367,83,2450,14
2020-12-22,Orange,59,3164182,149089,134850,5693,140543,1774
2020-12-22,Placer,61,380077,13473,11943,493,12436,105
2020-12-22,Plumas,63,18699,442,360,9,369,0
2020-12-22,Riverside,65,2383286,171533,155059,7551,162610,1777
2020-12-22,Sacramento,67,1510023,62172,57966,541,58507,772
2020-12-22,San Benito,69,59416,3351,2998,27,3025,24
2020-12-22,San Bernardino,71,2135413,186765,169266,4847,174113,1500
2020-12-22,San Diego,73,3302833,147711,132097,0,132097,1311
2020-12-22,San Francisco,75,870044,22504,21232,210,21442,174
2020-12-22,San Joaquin,77,732212,43422,39423,1434,40857,592
2020-12-22,San Luis Obispo,79,281455,10122,9174,232,9406,69
2020-12-22,San Mateo,81,765935,23970,21382,78,21460,186
2020-12-22,Santa Barbara,83,443738,16825,15189,428,15617,150
2020-12-22,Santa Clara,85,1922200,65656,59192,267,59459,569
2020-12-22,Santa Cruz,87,273765,8599,7471,273,7744,72
2020-12-22,Shasta,89,179085,7844,7371,637,8008,64
2020-12-22,Sierra,91,2930,27,23,0,23,0
2020-12-22,Siskiyou,93,43540,967,880,91,971,2
2020-12-22,Solano,95,438530,17932,16229,187,16416,95
2020-12-22,Sonoma,97,501317,18292,17216,105,17321,180
2020-12-22,Stanislaus,99,539301,33149,30914,3014,33928,499
2020-12-22,Sutter,101,95872,6190,5791,43,5834,46
2020-12-22,Tehama,103,63373,2877,2688,259,2947,9
2020-12-22,Trinity,105,12862,296,231,28,259,2
2020-12-22,Tulare,107,460477,31964,30025,3568,33593,377
2020-12-22,Tuolumne,109,53932,2707,2526,10,2536,12
2020-12-22,Ventura,111,848112,36700,32488,1500,33988,213
2020-12-22,Yolo,113,214977,8153,7388,56,7444,113
2020-12-22,Yuba,115,75493,3631,3379,36,3415,14
2020-12-21,Alameda,1,1643700,48397,44756,840,45596,518
2020-12-21,Alpine,3,1148,66,64,0,64,0
2020-12-21,Amador,5,37829,2226,1815,19,1834,23
2020-12-21,Butte,7,227075,7013,6335,772,7107,81
2020-12-21,Calaveras,9,45235,1032,963,0,963,21
2020-12-21,Colusa,11,21464,1209,1135,60,1195,7
2020-12-21,Contra Costa,13,1133247,37568,35207,457,35664,300
2020-12-21,Del Norte,15,27424,695,660,0,660,2
2020-12-21,El Dorado,17,186661,5621,4805,233,5038,10
2020-12-21,Fresno,19,978130,63521,58568,4060,62628,634
2020-12-21,Glenn,21,27897,1440,1323,210,1533,9
2020-12-21,Humboldt,23,135768,1584,1419,6,1425,16
2020-12-21,Imperial,25,180216,22024,20994,1092,22086,395
2020-12-21,Inyo,27,18085,598,482,1,483,17
2020-12-21,Kern,29,883053,61841,56836,4371,61207,541
2020-12-21,Kings,31,150075,15519,14760,505,15265,100
2020-12-21,Lake,33,64148,1730,1538,0,1538,20
2020-12-21,Lassen,35,31185,4007,3798,39,3837,1
2020-12-21,Los Angeles,37,10098052,693208,624129,18449,642578,8918
2020-12-21,Madera,39,155013,9922,9069,356,9425,63
2020-12-21,Marin,41,260295,9443,9035,63,9098,142
2020-12-21,Mariposa,43,17540,211,186,2,188,3
2020-12-21,Mendocino,45,87422,2264,2066,20,2086,23
2020-12-21,Merced,47,269075,17798,16710,282,16992,198
2020-12-21,Modoc,49,8938,220,181,68,249,0
2020-12-21,Mono,51,14174,837,781,10,791,3
2020-12-21,Monterey,53,433212,25432,23673,633,24306,174
2020-12-21,Napa,55,140530,5466,4952,25,4977,23
2020-12-21,Nevada,57,99092,2559,2337,83,2420,13
2020-12-21,Orange,59,3164182,145689,130444,5535,135979,1772
2020-12-21,Placer,61,380077,13248,11715,473,12188,105
2020-12-21,Plumas,63,18699,438,353,9,362,0
2020-12-21,Riverside,65,2383286,167340,151713,7206,158919,1743
2020-12-21,Sacramento,67,1510023,61156,57064,524,57588,759
2020-12-21,San Benito,69,59416,3282,2921,27,2948,22
2020-12-21,San Bernardino,71,2135413,182000,165086,4671,169757,1476
2020-12-21,San Diego,73,3302833,144265,129716,0,129716,1284
2020-12-21,San Francisco,75,870044,22222,21086,206,21292,174
2020-12-21,San Joaquin,77,732212,42627,38811,1381,40192,586
2020-12-21,San Luis Obispo,79,281455,9934,9006,227,9233,64
2020-12-21,San Mateo,81,765935,23565,21035,74,21109,185
2020-12-21,Santa Barbara,83,443738,16554,14988,423,15411,149
2020-12-21,Santa Clara,85,1922200,64464,57699,255,57954,570
2020-12-21,Santa Cruz,87,273765,8386,7315,259,7574,69
2020-12-21,Shasta,89,179085,7779,7299,627,7926,64
2020-12-21,Sierra,91,2930,24,23,0,23,0
2020-12-21,Siskiyou,93,43540,959,878,90,968,2
2020-12-21,Solano,95,438530,17462,15878,182,16060,95
2020-12-21,Sonoma,97,501317,18017,17075,101,17176,176
2020-12-21,Stanislaus,99,539301,32694,30437,2938,33375,499
2020-12-21,Sutter,101,95872,6095,5708,43,5751,46
2020-12-21,Tehama,103,63373,2811,2656,251,2907,9
2020-12-21,Trinity,105,12862,294,226,28,254,2
2020-12-21,Tulare,107,460477,31477,29482,3473,32955,373
2020-12-21,Tuolumne,109,53932,2682,2423,8,2431,12
2020-12-21,Ventura,111,848112,35619,31759,1463,33222,212
2020-12-21,Yolo,113,214977,8008,7266,52,7318,109
2020-12-21,Yuba,115,75493,3572,3329,36,3365,14
2020-12-20,Alameda,1,1643700,47512,44004,818,44822,516
2020-12-20,Alpine,3,1148,66,64,0,64,0
2020-12-20,Amador,5,37829,2168,1771,18,1789,23
2020-12-20,Butte,7,227075,6866,6228,734,6962,81
2020-12-20,Calaveras,9,45235,1008,926,0,926,21
2020-12-20,Colusa,11,21464,1182,1121,52,1173,7
2020-12-20,Contra Costa,13,1133247,36982,34798,438,35236,301
2020-12-20,Del Norte,15,27424,673,652,0,652,2
2020-12-20,El Dorado,17,186661,5493,4697,224,4921,10
2020-12-20,Fresno,19,978130,62539,57616,3917,61533,634
2020-12-20,Glenn,21,27897,1431,1295,203,1498,9
2020-12-20,Humboldt,23,135768,1547,1386,5,1391,15
2020-12-20,Imperial,25,180216,21782,20882,986,21868,395
2020-12-20,Inyo,27,18085,584,476,1,477,17
2020-12-20,Kern,29,883053,60746,55983,4211,60194,540
2020-12-20,Kings,31,150075,15301,14629,485,15114,100
2020-12-20,Lake,33,64148,1684,1463,0,1463,20
2020-12-20,Lassen,35,31185,3952,3669,37,3706,1
2020-12-20,Los Angeles,37,10098052,675213,612975,17671,630646,8862
2020-12-20,Madera,39,155013,9712,8871,346,9217,63
2020-12-20,Marin,41,260295,9346,8948,59,9007,142
2020-12-20,Mariposa,43,17540,210,179,2,181,3
2020-12-20,Mendocino,45,87422,2239,2033,20,2053,23
2020-12-20,Merced,47,269075,17482,16435,275,16710,198
2020-12-20,Modoc,49,8938,220,181,66,247,0
2020-12-20,Mono,51,14174,816,774,10,784,3
2020-12-20,Monterey,53,433212,24958,23250,589,23839,173
2020-12-20,Napa,55,140530,5344,4865,23,4888,23
2020-12-20,Nevada,57,99092,2513,2289,77,2366,13
2020-12-20,Orange,59,3164182,142211,128780,5380,134160,1763
2020-12-20,Placer,61,380077,13016,11496,454,11950,105
2020-12-20,Plumas,63,18699,430,347,9,356,0
2020-12-20,Riverside,65,2383286,163163,148714,6905,155619,1742
2020-12-20,Sacramento,67,1510023,60163,56017,505,56522,755
2020-12-20,San Benito,69,59416,3210,2885,26,2911,21
2020-12-20,San Bernardino,71,2135413,177042,162810,4508,167318,1458
2020-12-20,San Diego,73,3302833,140552,126465,0,126465,1280
2020-12-20,San Francisco,75,870044,21907,20937,202,21139,174
2020-12-20,San Joaquin,77,732212,41791,38268,1316,39584,587
2020-12-20,San Luis Obispo,79,281455,9641,8881,220,9101,63
2020-12-20,San Mateo,81,765935,23130,20764,70,20834,185
2020-12-20,Santa Barbara,83,443738,16240,14817,402,15219,148
2020-12-20,Santa Clara,85,1922200,63062,56860,249,57109,566
2020-12-20,Santa Cruz,87,273765,8181,7178,246,7424,69
2020-12-20,Shasta,89,179085,7664,7256,612,7868,64
2020-12-20,Sierra,91,2930,24,22,0,22,0
2020-12-20,Siskiyou,93,43540,949,870,89,959,2
2020-12-20,Solano,95,438530,17084,15533,171,15704,95
2020-12-20,Sonoma,97,501317,17742,16802,100,16902,175
2020-12-20,Stanislaus,99,539301,32173,29995,2834,32829,498
2020-12-20,Sutter,101,95872,6008,5601,43,5644,43
2020-12-20,Tehama,103,63373,2764,2602,231,2833,9
2020-12-20,Trinity,105,12862,289,221,27,248,2
2020-12-20,Tulare,107,460477,30963,29078,3373,32451,373
2020-12-20,Tuolumne,109,53932,2570,2152,7,2159,12
2020-12-20,Ventura,111,848112,34918,31335,1428,32763,210
2020-12-20,Yolo,113,214977,7854,7121,49,7170,109
2020-12-20,Yuba,115,75493,3524,3254,34,3288,12
2020-12-19,Alameda,1,1643700,47072,43109,811,43920,516
2020-12-19,Alpine,3,1148,66,64,0,64,0
2020-12-19,Amador,5,37829,2144,1754,18,1772,23
2020-12-19,Butte,7,227075,6766,6118,710,6828,81
2020-12-19,Calaveras,9,45235,990,900,0,900,21
2020-12-19,Colusa,11,21464,1174,1096,50,1146,7
2020-12-19,Contra Costa,13,1133247,36672,34321,422,34743,301
2020-12-19,Del Norte,15,27424,671,641,0,641,2
2020-12-19,El Dorado,17,186661,5427,4588,215,4803,10
2020-12-19,Fresno,19,978130,62218,55428,3847,59275,634
2020-12-19,Glenn,21,27897,1396,1286,202,1488,9
2020-12-19,Humboldt,23,135768,1530,1357,5,1362,15
2020-12-19,Imperial,25,180216,21695,20711,935,21646,395
2020-12-19,Inyo,27,18085,577,475,1,476,17
2020-12-19,Kern,29,883053,60266,55118,4099,59217,540
2020-12-19,Kings,31,150075,15222,14474,483,14957,100
2020-12-19,Lake,33,64148,1650,1438,0,1438,20
2020-12-19,Lassen,35,31185,3924,3595,37,3632,1
2020-12-19,Los Angeles,37,10098052,668179,599888,17113,617001,8804
2020-12-19,Madera,39,155013,9621,8717,335,9052,63
2020-12-19,Marin,41,260295,9307,8864,59,8923,142
2020-12-19,Mariposa,43,17540,208,177,2,179,3
2020-12-19,Mendocino,45,87422,2214,2008,20,2028,23
2020-12-19,Merced,47,269075,17344,16230,266,16496,198
2020-12-19,Modoc,49,8938,217,181,66,247,0
2020-12-19,Mono,51,14174,812,766,10,776,3
2020-12-19,Monterey,53,433212,24847,22799,583,23382,172
2020-12-19,Napa,55,140530,5282,4772,23,4795,23
2020-12-19,Nevada,57,99092,2491,2260,77,2337,13
2020-12-19,Orange,59,3164182,140322,125574,5222,130796,1733
2020-12-19,Placer,61,380077,12863,11246,448,11694,105
2020-12-19,Plumas,63,18699,427,343,9,352,0
2020-12-19,Riverside,65,2383286,161201,146703,6662,153365,1737
2020-12-19,Sacramento,67,1510023,59632,55169,490,55659,746
2020-12-19,San Benito,69,59416,3164,2820,25,2845,21
2020-12-19,San Bernardino,71,2135413,175503,159883,4395,164278,1433
2020-12-19,San Diego,73,3302833,138786,122972,0,122972,1280
2020-12-19,San Francisco,75,870044,21757,20643,201,20844,174
2020-12-19,San Joaquin,77,732212,41392,37340,1260,38600,586
2020-12-19,San Luis Obispo,79,281455,9571,8788,217,9005,63
2020-12-19,San Mateo,81,765935,22920,20393,63,20456,182
2020-12-19,Santa Barbara,83,443738,16085,14667,394,15061,148
2020-12-19,Santa Clara,85,1922200,62255,55540,244,55784,558
2020-12-19,Santa Cruz,87,273765,8079,7054,240,7294,68
2020-12-19,Shasta,89,179085,7611,7221,600,7821,63
2020-12-19,Sierra,91,2930,24,23,0,23,0
2020-12-19,Siskiyou,93,43540,946,853,88,941,2
2020-12-19,Solano,95,438530,16918,15204,167,15371,95
2020-12-19,Sonoma,97,501317,17635,16553,100,16653,175
2020-12-19,Stanislaus,99,539301,31855,29555,2760,32315,498
2020-12-19,Sutter,101,95872,5950,5506,43,5549,41
2020-12-19,Tehama,103,63373,2713,2574,228,2802,9
2020-12-19,Trinity,105,12862,289,219,27,246,2
2020-12-19,Tulare,107,460477,30746,28734,3304,32038,375
2020-12-19,Tuolumne,109,53932,2557,2107,7,2114,12
2020-12-19,Ventura,111,848112,34638,30843,1398,32241,209
2020-12-19,Yolo,113,214977,7785,7025,48,7073,109
2020-12-19,Yuba,115,75493,3492,3168,34,3202,11
2020-12-18,Alameda,1,1643700,46536,42196,794,42990,515
2020-12-18,Alpine,3,1148,66,64,0,64,0
2020-12-18,Amador,5,37829,2127,1727,16,1743,20
2020-12-18,Butte,7,227075,6683,5891,683,6574,81
2020-12-18,Calaveras,9,45235,981,870,0,870,21
2020-12-18,Colusa,11,21464,1165,1068,50,1118,7
2020-12-18,Contra Costa,13,1133247,36391,33610,408,34018,300
2020-12-18,Del Norte,15,27424,666,627,0,627,2
2020-12-18,El Dorado,17,186661,5366,4494,204,4698,10
2020-12-18,Fresno,19,978130,61391,52643,3783,56426,613
2020-12-18,Glenn,21,27897,1380,1264,196,1460,9
2020-12-18,Humboldt,23,135768,1515,1331,5,1336,15
2020-12-18,Imperial,25,180216,21617,20430,888,21318,393
2020-12-18,Inyo,27,18085,557,454,1,455,17
2020-12-18,Kern,29,883053,59610,54220,4013,58233,533
2020-12-18,Kings,31,150075,15097,14284,477,14761,98
2020-12-18,Lake,33,64148,1640,1397,0,1397,20
2020-12-18,Lassen,35,31185,3916,3486,37,3523,1
2020-12-18,Los Angeles,37,10098052,656110,586413,16590,603003,8744
2020-12-18,Madera,39,155013,9519,8609,330,8939,63
2020-12-18,Marin,41,260295,9224,8799,59,8858,142
2020-12-18,Mariposa,43,17540,205,176,2,178,3
2020-12-18,Mendocino,45,87422,2196,1977,20,1997,24
2020-12-18,Merced,47,269075,17263,15956,263,16219,195
2020-12-18,Modoc,49,8938,217,179,66,245,0
2020-12-18,Mono,51,14174,806,731,10,741,3
2020-12-18,Monterey,53,433212,24555,22336,577,22913,165
2020-12-18,Napa,55,140530,5234,4688,23,4711,23
2020-12-18,Nevada,57,99092,2474,2220,76,2296,13
2020-12-18,Orange,59,3164182,137900,121681,5062,126743,1725
2020-12-18,Placer,61,380077,12699,10995,439,11434,104
2020-12-18,Plumas,63,18699,421,336,9,345,0
2020-12-18,Riverside,65,2383286,158384,142375,6387,148762,1733
2020-12-18,Sacramento,67,1510023,59004,53980,472,54452,736
2020-12-18,San Benito,69,59416,3116,2744,25,2769,21
2020-12-18,San Bernardino,71,2135413,173216,154272,4260,158532,1430
2020-12-18,San Diego,73,3302833,136612,120463,0,120463,1253
2020-12-18,San Francisco,75,870044,21590,20315,195,20510,173
2020-12-18,San Joaquin,77,732212,41036,36484,1224,37708,559
2020-12-18,San Luis Obispo,79,281455,9472,8598,212,8810,62
2020-12-18,San Mateo,81,765935,22605,19971,59,20030,182
2020-12-18,Santa Barbara,83,443738,15945,14361,381,14742,148
2020-12-18,Santa Clara,85,1922200,61388,53992,231,54223,539
2020-12-18,Santa Cruz,87,273765,7964,6838,232,7070,68
2020-12-18,Shasta,89,179085,7575,7114,588,7702,62
2020-12-18,Sierra,91,2930,24,23,0,23,0
2020-12-18,Siskiyou,93,43540,944,840,88,928,2
2020-12-18,Solano,95,438530,16766,14667,163,14830,95
2020-12-18,Sonoma,97,501317,17515,16261,100,16361,173
2020-12-18,Stanislaus,99,539301,31586,28967,2721,31688,490
2020-12-18,Sutter,101,95872,5866,5399,43,5442,39
2020-12-18,Tehama,103,63373,2696,2523,219,2742,9
2020-12-18,Trinity,105,12862,288,215,27,242,2
2020-12-18,Tulare,107,460477,30480,28322,3218,31540,370
2020-12-18,Tuolumne,109,53932,2546,2067,7,2074,12
2020-12-18,Ventura,111,848112,34137,29907,1354,31261,209
2020-12-18,Yolo,113,214977,7717,6901,47,6948,109
2020-12-18,Yuba,115,75493,3434,3097,34,3131,11
2020-12-17,Alameda,1,1643700,45736,41548,761,42309,508
2020-12-17,Alpine,3,1148,66,64,0,64,0
2020-12-17,Amador,5,37829,2079,1703,14,1717,19
2020-12-17,Butte,7,227075,6559,5746,663,6409,78
2020-12-17,Calaveras,9,45235,958,848,0,848,21
2020-12-17,Colusa,11,21464,1154,1053,48,1101,7
2020-12-17,Contra Costa,13,1133247,35870,33006,373,33379,293
2020-12-17,Del Norte,15,27424,661,583,0,583,1
2020-12-17,El Dorado,17,186661,5223,4327,191,4518,9
2020-12-17,Fresno,19,978130,60534,49918,3653,53571,597
2020-12-17,Glenn,21,27897,1356,1244,189,1433,9
2020-12-17,Humboldt,23,135768,1482,1322,5,1327,14
2020-12-17,Imperial,25,180216,21459,20208,811,21019,391
2020-12-17,Inyo,27,18085,539,450,1,451,16
2020-12-17,Kern,29,883053,58662,53683,3871,57554,526
2020-12-17,Kings,31,150075,14998,14057,461,14518,98
2020-12-17,Lake,33,64148,1615,1374,0,1374,20
2020-12-17,Lassen,35,31185,3880,3417,37,3454,1
2020-12-17,Los Angeles,37,10098052,640549,571093,16001,587094,8657
2020-12-17,Madera,39,155013,9403,8465,325,8790,62
2020-12-17,Marin,41,260295,9167,8721,56,8777,142
2020-12-17,Mariposa,43,17540,201,172,2,174,3
2020-12-17,Mendocino,45,87422,2162,1942,20,1962,23
2020-12-17,Merced,47,269075,16999,15648,255,15903,192
2020-12-17,Modoc,49,8938,214,179,66,245,0
2020-12-17,Mono,51,14174,797,718,10,728,3
2020-12-17,Monterey,53,433212,24036,21951,562,22513,163
2020-12-17,Napa,55,140530,5122,4612,23,4635,23
2020-12-17,Nevada,57,99092,2433,2173,73,2246,13
2020-12-17,Orange,59,3164182,134527,118367,4926,123293,1725
2020-12-17,Placer,61,380077,12431,10756,425,11181,99
2020-12-17,Plumas,63,18699,412,324,9,333,0
2020-12-17,Riverside,65,2383286,154544,139325,6163,145488,1696
2020-12-17,Sacramento,67,1510023,58102,53189,449,53638,721
2020-12-17,San Benito,69,59416,3047,2645,24,2669,20
2020-12-17,San Bernardino,71,2135413,169299,149838,4135,153973,1425
2020-12-17,San Diego,73,3302833,133818,116852,0,116852,1239
2020-12-17,San Francisco,75,870044,21301,19939,190,20129,170
2020-12-17,San Joaquin,77,732212,40308,35894,1187,37081,554
2020-12-17,San Luis Obispo,79,281455,9352,8365,210,8575,59
2020-12-17,San Mateo,81,765935,22233,19647,59,19706,181
2020-12-17,Santa Barbara,83,443738,15712,14207,374,14581,147
2020-12-17,Santa Clara,85,1922200,60220,52559,224,52783,527
2020-12-17,Santa Cruz,87,273765,7809,6687,217,6904,64
2020-12-17,Shasta,89,179085,7499,7000,569,7569,62
2020-12-17,Sierra,91,2930,23,23,0,23,0
2020-12-17,Siskiyou,93,43540,937,827,87,914,2
2020-12-17,Solano,95,438530,16458,14361,161,14522,96
2020-12-17,Sonoma,97,501317,17243,15993,99,16092,171
2020-12-17,Stanislaus,99,539301,31163,28582,2660,31242,489
2020-12-17,Sutter,101,95872,5767,5309,42,5351,39
2020-12-17,Tehama,103,63373,2648,2480,213,2693,9
2020-12-17,Trinity,105,12862,284,213,27,240,2
2020-12-17,Tulare,107,460477,30088,27852,3136,30988,358
2020-12-17,Tuolumne,109,53932,2235,1992,7,1999,11
2020-12-17,Ventura,111,848112,33530,29404,1316,30720,208
2020-12-17,Yolo,113,214977,7590,6800,46,6846,105
2020-12-17,Yuba,115,75493,3375,3035,32,3067,12
2020-12-16,Alameda,1,1643700,44881,40751,733,41484,497
2020-12-16,Alpine,3,1148,66,64,0,64,0
2020-12-16,Amador,5,37829,2032,1693,13,1706,19
2020-12-16,Butte,7,227075,6368,5659,633,6292,76
2020-12-16,Calaveras,9,45235,923,821,0,821,21
2020-12-16,Colusa,11,21464,1141,1038,43,1081,7
2020-12-16,Contra Costa,13,1133247,35316,32429,350,32779,293
2020-12-16,Del Norte,15,27424,659,575,0,575,1
2020-12-16,El Dorado,17,186661,5102,4237,180,4417,9
2020-12-16,Fresno,19,978130,59581,49173,3549,52722,584
2020-12-16,Glenn,21,27897,1338,1236,178,1414,9
2020-12-16,Humboldt,23,135768,1450,1308,4,1312,12
2020-12-16,Imperial,25,180216,21279,19980,743,20723,388
2020-12-16,Inyo,27,18085,526,444,1,445,16
2020-12-16,Kern,29,883053,57792,52896,3734,56630,522
2020-12-16,Kings,31,150075,14819,13734,443,14177,99
2020-12-16,Lake,33,64148,1575,1363,0,1363,20
2020-12-16,Lassen,35,31185,3847,3396,36,3432,1
2020-12-16,Los Angeles,37,10098052,624089,557907,15294,573201,8561
2020-12-16,Madera,39,155013,9278,8278,317,8595,62
2020-12-16,Marin,41,260295,9097,8641,56,8697,142
2020-12-16,Mariposa,43,17540,198,175,2,177,3
2020-12-16,Mendocino,45,87422,2126,1929,20,1949,23
2020-12-16,Merced,47,269075,16712,15443,251,15694,190
2020-12-16,Modoc,49,8938,211,178,66,244,0
2020-12-16,Mono,51,14174,780,702,10,712,3
2020-12-16,Monterey,53,433212,23479,21107,551,21658,163
2020-12-16,Napa,55,140530,5024,4544,23,4567,23
2020-12-16,Nevada,57,99092,2397,2149,71,2220,13
2020-12-16,Orange,59,3164182,131078,115260,4746,120006,1712
2020-12-16,Placer,61,380077,12200,10554,403,10957,96
2020-12-16,Plumas,63,18699,403,319,9,328,0
2020-12-16,Riverside,65,2383286,150434,135751,5904,141655,1664
2020-12-16,Sacramento,67,1510023,57131,52166,422,52588,715
2020-12-16,San Benito,69,59416,2957,2582,24,2606,20
2020-12-16,San Bernardino,71,2135413,164696,143565,3995,147560,1403
2020-12-16,San Diego,73,3302833,130718,114248,0,114248,1217
2020-12-16,San Francisco,75,870044,21043,19624,189,19813,170
2020-12-16,San Joaquin,77,732212,39484,35010,1145,36155,547
2020-12-16,San Luis Obispo,79,281455,9157,8252,201,8453,58
2020-12-16,San Mateo,81,765935,21907,19292,55,19347,179
2020-12-16,Santa Barbara,83,443738,15470,13966,361,14327,144
2020-12-16,Santa Clara,85,1922200,58981,51502,221,51723,523
2020-12-16,Santa Cruz,87,273765,7624,6536,205,6741,63
2020-12-16,Shasta,89,179085,7427,6914,547,7461,62
2020-12-16,Sierra,91,2930,23,23,0,23,0
2020-12-16,Siskiyou,93,43540,929,818,87,905,2
2020-12-16,Solano,95,438530,15993,14157,156,14313,96
2020-12-16,Sonoma,97,501317,16987,15768,99,15867,170
2020-12-16,Stanislaus,99,539301,30660,28279,2586,30865,489
2020-12-16,Sutter,101,95872,5687,5223,42,5265,39
2020-12-16,Tehama,103,63373,2617,2441,187,2628,9
2020-12-16,Trinity,105,12862,279,212,27,239,2
2020-12-16,Tulare,107,460477,29676,27500,3029,30529,352
2020-12-16,Tuolumne,109,53932,2189,1941,7,1948,11
2020-12-16,Ventura,111,848112,32758,28566,1271,29837,203
2020-12-16,Yolo,113,214977,7461,6649,45,6694,103
2020-12-16,Yuba,115,75493,3289,2980,31,3011,11
2020-12-15,Alameda,1,1643700,44028,40026,709,40735,492
2020-12-15,Alpine,3,1148,66,64,0,64,0
2020-12-15,Amador,5,37829,1919,1669,11,1680,19
2020-12-15,Butte,7,227075,6232,5565,601,6166,75
2020-12-15,Calaveras,9,45235,891,799,0,799,21
2020-12-15,Colusa,11,21464,1128,1026,41,1067,7
2020-12-15,Contra Costa,13,1133247,34663,31423,334,31757,281
2020-12-15,Del Norte,15,27424,648,564,0,564,1
2020-12-15,El Dorado,17,186661,4997,4113,164,4277,9
2020-12-15,Fresno,19,978130,58215,47316,3410,50726,574
2020-12-15,Glenn,21,27897,1325,1207,161,1368,9
2020-12-15,Humboldt,23,135768,1430,1276,4,1280,12
2020-12-15,Imperial,25,180216,21062,19756,661,20417,380
2020-12-15,Inyo,27,18085,513,394,1,395,16
2020-12-15,Kern,29,883053,56780,52002,3629,55631,511
2020-12-15,Kings,31,150075,14655,13652,424,14076,97
2020-12-15,Lake,33,64148,1550,1341,0,1341,21
2020-12-15,Lassen,35,31185,3675,3378,35,3413,1
2020-12-15,Los Angeles,37,10098052,607794,536258,14618,550876,8429
2020-12-15,Madera,39,155013,9122,8118,308,8426,60
2020-12-15,Marin,41,260295,8990,8528,54,8582,141
2020-12-15,Mariposa,43,17540,194,171,2,173,3
2020-12-15,Mendocino,45,87422,2099,1883,20,1903,24
2020-12-15,Merced,47,269075,16409,15120,247,15367,190
2020-12-15,Modoc,49,8938,209,179,66,245,0
2020-12-15,Mono,51,14174,764,702,10,712,3
2020-12-15,Monterey,53,433212,22880,19905,488,20393,161
2020-12-15,Napa,55,140530,4920,4440,23,4463,23
2020-12-15,Nevada,57,99092,2364,2117,69,2186,11
2020-12-15,Orange,59,3164182,127425,112893,4590,117483,1689
2020-12-15,Placer,61,380077,11971,10301,381,10682,95
2020-12-15,Plumas,63,18699,398,313,9,322,0
2020-12-15,Riverside,65,2383286,146398,131822,5617,137439,1624
2020-12-15,Sacramento,67,1510023,56116,51076,409,51485,703
2020-12-15,San Benito,69,59416,2877,2520,23,2543,19
2020-12-15,San Bernardino,71,2135413,160255,137548,3830,141378,1351
2020-12-15,San Diego,73,3302833,127159,111441,0,111441,1194
2020-12-15,San Francisco,75,870044,20734,19283,186,19469,171
2020-12-15,San Joaquin,77,732212,38560,33849,1108,34957,537
2020-12-15,San Luis Obispo,79,281455,9048,8074,198,8272,55
2020-12-15,San Mateo,81,765935,21498,18907,53,18960,178
2020-12-15,Santa Barbara,83,443738,15252,13782,352,14134,144
2020-12-15,Santa Clara,85,1922200,57547,50311,217,50528,505
2020-12-15,Santa Cruz,87,273765,7442,6361,189,6550,59
2020-12-15,Shasta,89,179085,7370,6794,521,7315,54
2020-12-15,Sierra,91,2930,23,23,0,23,0
2020-12-15,Siskiyou,93,43540,920,812,86,898,2
2020-12-15,Solano,95,438530,15646,13796,156,13952,95
2020-12-15,Sonoma,97,501317,16765,15406,99,15505,167
2020-12-15,Stanislaus,99,539301,30153,27823,2498,30321,485
2020-12-15,Sutter,101,95872,5590,5080,41,5121,36
2020-12-15,Tehama,103,63373,2580,2392,182,2574,9
2020-12-15,Trinity,105,12862,274,213,25,238,1
2020-12-15,Tulare,107,460477,29180,27026,2938,29964,342
2020-12-15,Tuolumne,109,53932,2158,1874,7,1881,8
2020-12-15,Ventura,111,848112,32137,27936,1223,29159,201
2020-12-15,Yolo,113,214977,7339,6531,43,6574,104
2020-12-15,Yuba,115,75493,3195,2891,30,2921,11
2020-12-14,Alameda,1,1643700,43136,39252,689,39941,487
2020-12-14,Alpine,3,1148,66,63,0,63,0
2020-12-14,Amador,5,37829,1847,1609,11,1620,19
2020-12-14,Butte,7,227075,6065,5202,583,5785,75
2020-12-14,Calaveras,9,45235,853,718,0,718,21
2020-12-14,Colusa,11,21464,1104,949,40,989,7
2020-12-14,Contra Costa,13,1133247,33964,30594,319,30913,281
2020-12-14,Del Norte,15,27424,642,560,0,560,1
2020-12-14,El Dorado,17,186661,4842,4018,147,4165,9
2020-12-14,Fresno,19,978130,57197,44726,3223,47949,560
2020-12-14,Glenn,21,27897,1299,1186,153,1339,9
2020-12-14,Humboldt,23,135768,1417,1256,4,1260,9
2020-12-14,Imperial,25,180216,20824,19608,579,20187,379
2020-12-14,Inyo,27,18085,499,382,1,383,16
2020-12-14,Kern,29,883053,55749,50538,3502,54040,510
2020-12-14,Kings,31,150075,14472,13491,395,13886,97
2020-12-14,Lake,33,64148,1499,1301,0,1301,21
2020-12-14,Lassen,35,31185,3576,2905,32,2937,1
2020-12-14,Los Angeles,37,10098052,590228,524668,13953,538621,8340
2020-12-14,Madera,39,155013,8849,8011,299,8310,60
2020-12-14,Marin,41,260295,8905,8475,52,8527,141
2020-12-14,Mariposa,43,17540,193,171,2,173,3
2020-12-14,Mendocino,45,87422,2078,1845,20,1865,24
2020-12-14,Merced,47,269075,16008,14572,233,14805,189
2020-12-14,Modoc,49,8938,204,180,64,244,0
2020-12-14,Mono,51,14174,756,685,10,695,3
2020-12-14,Monterey,53,433212,22362,19154,481,19635,155
2020-12-14,Napa,55,140530,4827,4289,23,4312,22
2020-12-14,Nevada,57,99092,2325,2070,66,2136,11
2020-12-14,Orange,59,3164182,123560,108602,4450,113052,1688
2020-12-14,Placer,61,380077,11678,9551,370,9921,95
2020-12-14,Plumas,63,18699,386,309,9,318,0
2020-12-14,Riverside,65,2383286,142287,123715,5347,129062,1588
2020-12-14,Sacramento,67,1510023,55008,50304,383,50687,691
2020-12-14,San Benito,69,59416,2810,2467,22,2489,19
2020-12-14,San Bernardino,71,2135413,155834,129151,3692,132843,1347
2020-12-14,San Diego,73,3302833,123429,109578,0,109578,1162
2020-12-14,San Francisco,75,870044,20360,18904,184,19088,171
2020-12-14,San Joaquin,77,732212,37720,32522,1059,33581,534
2020-12-14,San Luis Obispo,79,281455,8802,7791,192,7983,52
2020-12-14,San Mateo,81,765935,20998,18361,51,18412,178
2020-12-14,Santa Barbara,83,443738,14983,13587,345,13932,144
2020-12-14,Santa Clara,85,1922200,55988,49180,205,49385,502
2020-12-14,Santa Cruz,87,273765,7256,6049,173,6222,54
2020-12-14,Shasta,89,179085,7281,6665,503,7168,54
2020-12-14,Sierra,91,2930,23,21,0,21,0
2020-12-14,Siskiyou,93,43540,897,764,80,844,2
2020-12-14,Solano,95,438530,15282,13352,154,13506,93
2020-12-14,Sonoma,97,501317,16459,14807,98,14905,167
2020-12-14,Stanislaus,99,539301,29623,27311,2447,29758,485
2020-12-14,Sutter,101,95872,5482,5001,34,5035,35
2020-12-14,Tehama,103,63373,2533,2344,179,2523,9
2020-12-14,Trinity,105,12862,271,205,23,228,1
2020-12-14,Tulare,107,460477,28708,25735,2839,28574,341
2020-12-14,Tuolumne,109,53932,2101,1647,7,1654,8
2020-12-14,Ventura,111,848112,31217,27436,1160,28596,202
2020-12-14,Yolo,113,214977,7179,6389,42,6431,95
2020-12-14,Yuba,115,75493,3133,2851,30,2881,11
2020-12-13,Alameda,1,1643700,41945,38064,662,38726,486
2020-12-13,Alpine,3,1148,66,63,0,63,0
2020-12-13,Amador,5,37829,1791,1457,10,1467,19
2020-12-13,Butte,7,227075,5916,5103,538,5641,75
2020-12-13,Calaveras,9,45235,817,710,0,710,21
2020-12-13,Colusa,11,21464,1088,945,36,981,7
2020-12-13,Contra Costa,13,1133247,33237,29667,311,29978,281
2020-12-13,Del Norte,15,27424,589,542,0,542,1
2020-12-13,El Dorado,17,186661,4744,3770,135,3905,9
2020-12-13,Fresno,19,978130,56095,44114,3055,47169,559
2020-12-13,Glenn,21,27897,1286,1171,142,1313,9
2020-12-13,Humboldt,23,135768,1394,1238,3,1241,9
2020-12-13,Imperial,25,180216,20540,19472,444,19916,379
2020-12-13,Inyo,27,18085,478,380,1,381,16
2020-12-13,Kern,29,883053,54730,49051,3340,52391,510
2020-12-13,Kings,31,150075,14195,13357,374,13731,97
2020-12-13,Lake,33,64148,1456,1271,0,1271,21
2020-12-13,Lassen,35,31185,3469,2867,27,2894,1
2020-12-13,Los Angeles,37,10098052,572713,517472,13203,530675,8294
2020-12-13,Madera,39,155013,8665,7909,284,8193,60
2020-12-13,Marin,41,260295,8783,8409,52,8461,141
2020-12-13,Mariposa,43,17540,189,167,2,169,3
2020-12-13,Mendocino,45,87422,2044,1793,20,1813,24
2020-12-13,Merced,47,269075,15657,14384,230,14614,189
2020-12-13,Modoc,49,8938,192,179,58,237,0
2020-12-13,Mono,51,14174,738,675,10,685,3
2020-12-13,Monterey,53,433212,21940,18913,465,19378,153
2020-12-13,Napa,55,140530,4721,4194,23,4217,22
2020-12-13,Nevada,57,99092,2274,2030,64,2094,11
2020-12-13,Orange,59,3164182,119660,104768,4262,109030,1688
2020-12-13,Placer,61,380077,11366,9405,352,9757,95
2020-12-13,Plumas,63,18699,380,291,9,300,0
2020-12-13,Riverside,65,2383286,138184,119691,5068,124759,1581
2020-12-13,Sacramento,67,1510023,53746,49480,352,49832,682
2020-12-13,San Benito,69,59416,2738,2408,21,2429,19
2020-12-13,San Bernardino,71,2135413,150955,126718,3523,130241,1333
2020-12-13,San Diego,73,3302833,119834,107372,0,107372,1162
2020-12-13,San Francisco,75,870044,20018,18686,174,18860,167
2020-12-13,San Joaquin,77,732212,36920,32170,1016,33186,534
2020-12-13,San Luis Obispo,79,281455,8610,7625,184,7809,52
2020-12-13,San Mateo,81,765935,20507,18090,45,18135,177
2020-12-13,Santa Barbara,83,443738,14719,13249,328,13577,144
2020-12-13,Santa Clara,85,1922200,54561,47920,196,48116,499
2020-12-13,Santa Cruz,87,273765,7008,5986,162,6148,54
2020-12-13,Shasta,89,179085,7207,6647,477,7124,54
2020-12-13,Sierra,91,2930,23,21,0,21,0
2020-12-13,Siskiyou,93,43540,885,762,74,836,2
2020-12-13,Solano,95,438530,14843,13276,151,13427,93
2020-12-13,Sonoma,97,501317,16144,14495,97,14592,167
2020-12-13,Stanislaus,99,539301,29064,26569,2379,28948,485
2020-12-13,Sutter,101,95872,5355,4798,29,4827,34
2020-12-13,Tehama,103,63373,2489,2325,162,2487,9
2020-12-13,Trinity,105,12862,267,204,22,226,1
2020-12-13,Tulare,107,460477,28216,25496,2744,28240,340
2020-12-13,Tuolumne,109,53932,2038,1611,7,1618,8
2020-12-13,Ventura,111,848112,30218,26588,1094,27682,202
2020-12-13,Yolo,113,214977,6999,6265,35,6300,95
2020-12-13,Yuba,115,75493,3068,2754,27,2781,11
2020-12-12,Alameda,1,1643700,41509,37027,641,37668,486
2020-12-12,Alpine,3,1148,66,63,0,63,0
2020-12-12,Amador,5,37829,1763,1236,9,1245,19
2020-12-12,Butte,7,227075,5844,4972,524,5496,73
2020-12-12,Calaveras,9,45235,807,708,0,708,21
2020-12-12,Colusa,11,21464,1068,945,34,979,7
2020-12-12,Contra Costa,13,1133247,32894,29506,301,29807,281
2020-12-12,Del Norte,15,27424,581,529,0,529,1
2020-12-12,El Dorado,17,186661,4669,3706,117,3823,9
2020-12-12,Fresno,19,978130,55745,43756,2994,46750,559
2020-12-12,Glenn,21,27897,1278,1143,138,1281,8
2020-12-12,Humboldt,23,135768,1375,1208,3,1211,9
2020-12-12,Imperial,25,180216,20459,18947,383,19330,379
2020-12-12,Inyo,27,18085,474,380,1,381,16
2020-12-12,Kern,29,883053,54215,48194,3248,51442,507
2020-12-12,Kings,31,150075,14108,13205,369,13574,96
2020-12-12,Lake,33,64148,1439,1232,0,1232,21
2020-12-12,Lassen,35,31185,3447,2866,23,2889,1
2020-12-12,Los Angeles,37,10098052,565969,504317,12664,516981,8269
2020-12-12,Madera,39,155013,8542,7765,281,8046,59
2020-12-12,Marin,41,260295,8727,8363,51,8414,141
2020-12-12,Mariposa,43,17540,188,164,2,166,3
2020-12-12,Mendocino,45,87422,2008,1771,20,1791,24
2020-12-12,Merced,47,269075,15567,14181,226,14407,188
2020-12-12,Modoc,49,8938,191,169,55,224,0
2020-12-12,Mono,51,14174,729,640,10,650,3
2020-12-12,Monterey,53,433212,21829,18596,436,19032,151
2020-12-12,Napa,55,140530,4677,4113,23,4136,22
2020-12-12,Nevada,57,99092,2256,1981,62,2043,10
2020-12-12,Orange,59,3164182,117817,100468,4103,104571,1674
2020-12-12,Placer,61,380077,11208,9390,346,9736,95
2020-12-12,Plumas,63,18699,374,291,9,300,0
2020-12-12,Riverside,65,2383286,136138,118335,4850,123185,1579
2020-12-12,Sacramento,67,1510023,53164,48319,337,48656,673
2020-12-12,San Benito,69,59416,2682,2355,20,2375,19
2020-12-12,San Bernardino,71,2135413,149339,125741,3411,129152,1321
2020-12-12,San Diego,73,3302833,118214,104958,0,104958,1151
2020-12-12,San Francisco,75,870044,19829,18413,169,18582,167
2020-12-12,San Joaquin,77,732212,36595,32200,983,33183,534
2020-12-12,San Luis Obispo,79,281455,8515,7462,175,7637,50
2020-12-12,San Mateo,81,765935,20287,17574,44,17618,177
2020-12-12,Santa Barbara,83,443738,14567,13174,320,13494,144
2020-12-12,Santa Clara,85,1922200,53607,45892,193,46085,498
2020-12-12,Santa Cruz,87,273765,6909,5905,152,6057,54
2020-12-12,Shasta,89,179085,7172,6551,459,7010,54
2020-12-12,Sierra,91,2930,23,21,0,21,0
2020-12-12,Siskiyou,93,43540,883,762,71,833,2
2020-12-12,Solano,95,438530,14646,12748,144,12892,93
2020-12-12,Sonoma,97,501317,16025,14466,97,14563,166
2020-12-12,Stanislaus,99,539301,28763,26246,2322,28568,483
2020-12-12,Sutter,101,95872,5293,4717,29,4746,32
2020-12-12,Tehama,103,63373,2473,2252,156,2408,9
2020-12-12,Trinity,105,12862,265,204,20,224,1
2020-12-12,Tulare,107,460477,27954,25333,2685,28018,341
2020-12-12,Tuolumne,109,53932,1995,1536,7,1543,8
2020-12-12,Ventura,111,848112,29774,25955,1061,27016,202
2020-12-12,Yolo,113,214977,6917,6116,33,6149,95
2020-12-12,Yuba,115,75493,3041,2692,26,2718,10
2020-12-11,Alameda,1,1643700,40941,36281,629,36910,482
2020-12-11,Alpine,3,1148,66,63,0,63,0
2020-12-11,Amador,5,37829,1748,1213,8,1221,19
2020-12-11,Butte,7,227075,5773,4941,503,5444,73
2020-12-11,Calaveras,9,45235,791,697,0,697,21
2020-12-11,Colusa,11,21464,1058,923,32,955,7
2020-12-11,Contra Costa,13,1133247,32465,29036,297,29333,282
2020-12-11,Del Norte,15,27424,575,505,0,505,1
2020-12-11,El Dorado,17,186661,4588,3669,102,3771,9
2020-12-11,Fresno,19,978130,54736,43071,2927,45998,550
2020-12-11,Glenn,21,27897,1262,1135,133,1268,8
2020-12-11,Humboldt,23,135768,1358,1190,3,1193,9
2020-12-11,Imperial,25,180216,20371,18599,335,18934,377
2020-12-11,Inyo,27,18085,462,372,1,373,16
2020-12-11,Kern,29,883053,53543,47664,3181,50845,502
2020-12-11,Kings,31,150075,13966,13118,363,13481,94
2020-12-11,Lake,33,64148,1427,1205,0,1205,21
2020-12-11,Lassen,35,31185,3436,2790,21,2811,1
2020-12-11,Los Angeles,37,10098052,554213,493592,12233,505825,8198
2020-12-11,Madera,39,155013,8452,7648,271,7919,59
2020-12-11,Marin,41,260295,8632,8317,50,8367,141
2020-12-11,Mariposa,43,17540,187,164,2,166,3
2020-12-11,Mendocino,45,87422,1985,1769,20,1789,24
2020-12-11,Merced,47,269075,15448,14038,218,14256,186
2020-12-11,Modoc,49,8938,191,168,54,222,0
2020-12-11,Mono,51,14174,721,631,10,641,3
2020-12-11,Monterey,53,433212,21528,18421,431,18852,150
2020-12-11,Napa,55,140530,4621,4054,23,4077,22
2020-12-11,Nevada,57,99092,2239,1959,59,2018,10
2020-12-11,Orange,59,3164182,115517,98357,4000,102357,1656
2020-12-11,Placer,61,380077,11052,8904,330,9234,93
2020-12-11,Plumas,63,18699,366,286,9,295,0
2020-12-11,Riverside,65,2383286,133088,115329,4618,119947,1573
2020-12-11,Sacramento,67,1510023,52499,47468,328,47796,669
2020-12-11,San Benito,69,59416,2631,2319,20,2339,19
2020-12-11,San Bernardino,71,2135413,146663,123092,3285,126377,1313
2020-12-11,San Diego,73,3302833,116257,102468,0,102468,1137
2020-12-11,San Francisco,75,870044,19599,18246,168,18414,165
2020-12-11,San Joaquin,77,732212,36252,32044,954,32998,534
2020-12-11,San Luis Obispo,79,281455,8355,7415,172,7587,49
2020-12-11,San Mateo,81,765935,20015,17240,33,17273,177
2020-12-11,Santa Barbara,83,443738,14425,12997,312,13309,144
2020-12-11,Santa Clara,85,1922200,52600,45101,183,45284,494
2020-12-11,Santa Cruz,87,273765,6797,5764,141,5905,50
2020-12-11,Shasta,89,179085,7127,6459,452,6911,54
2020-12-11,Sierra,91,2930,23,19,0,19,0
2020-12-11,Siskiyou,93,43540,876,753,68,821,2
2020-12-11,Solano,95,438530,14460,12554,140,12694,92
2020-12-11,Sonoma,97,501317,15860,14298,94,14392,166
2020-12-11,Stanislaus,99,539301,28497,25928,2276,28204,464
2020-12-11,Sutter,101,95872,5229,4600,28,4628,30
2020-12-11,Tehama,103,63373,2444,2232,152,2384,9
2020-12-11,Trinity,105,12862,263,204,19,223,1
2020-12-11,Tulare,107,460477,27599,24953,2635,27588,338
2020-12-11,Tuolumne,109,53932,1980,1510,7,1517,8
2020-12-11,Ventura,111,848112,29168,24999,1038,26037,202
2020-12-11,Yolo,113,214977,6812,6006,31,6037,95
2020-12-11,Yuba,115,75493,2980,2649,25,2674,10
2020-12-10,Alameda,1,1643700,40173,35686,607,36293,477
2020-12-10,Alpine,3,1148,66,63,0,63,0
2020-12-10,Amador,5,37829,1691,1191,8,1199,18
2020-12-10,Butte,7,227075,5657,4863,476,5339,72
2020-12-10,Calaveras,9,45235,772,684,0,684,21
2020-12-10,Colusa,11,21464,1035,909,27,936,7
2020-12-10,Contra Costa,13,1133247,31783,28413,291,28704,276
2020-12-10,Del Norte,15,27424,566,501,0,501,1
2020-12-10,El Dorado,17,186661,4470,3557,97,3654,9
2020-12-10,Fresno,19,978130,53758,42461,2780,45241,540
2020-12-10,Glenn,21,27897,1242,1126,124,1250,8
2020-12-10,Humboldt,23,135768,1338,1140,3,1143,9
2020-12-10,Imperial,25,180216,20159,18333,253,18586,370
2020-12-10,Inyo,27,18085,441,365,1,366,15
2020-12-10,Kern,29,883053,52564,47176,3011,50187,499
2020-12-10,Kings,31,150075,13815,12993,357,13350,92
2020-12-10,Lake,33,64148,1386,1167,0,1167,21
2020-12-10,Lassen,35,31185,3414,2764,17,2781,0
2020-12-10,Los Angeles,37,10098052,540301,480354,11677,492031,8149
2020-12-10,Madera,39,155013,8347,7445,256,7701,59
2020-12-10,Marin,41,260295,8586,8245,49,8294,140
2020-12-10,Mariposa,43,17540,186,160,2,162,3
2020-12-10,Mendocino,45,87422,1959,1748,17,1765,24
2020-12-10,Merced,47,269075,15202,13756,215,13971,186
2020-12-10,Modoc,49,8938,186,165,52,217,0
2020-12-10,Mono,51,14174,715,601,10,611,3
2020-12-10,Monterey,53,433212,21051,18266,421,18687,145
2020-12-10,Napa,55,140530,4535,3974,22,3996,22
2020-12-10,Nevada,57,99092,2202,1919,59,1978,10
2020-12-10,Orange,59,3164182,112427,95297,3827,99124,1651
2020-12-10,Placer,61,380077,10801,8906,311,9217,90
2020-12-10,Plumas,63,18699,355,281,9,290,0
2020-12-10,Riverside,65,2383286,129417,112794,4339,117133,1552
2020-12-10,Sacramento,67,1510023,51607,46471,307,46778,664
2020-12-10,San Benito,69,59416,2572,2268,19,2287,19
2020-12-10,San Bernardino,71,2135413,142458,120186,3096,123282,1306
2020-12-10,San Diego,73,3302833,113733,99601,0,99601,1114
2020-12-10,San Francisco,75,870044,19285,17945,160,18105,164
2020-12-10,San Joaquin,77,732212,35620,31228,923,32151,534
2020-12-10,San Luis Obispo,79,281455,8191,7245,161,7406,49
2020-12-10,San Mateo,81,765935,19573,16701,23,16724,177
2020-12-10,Santa Barbara,83,443738,14249,12788,302,13090,143
2020-12-10,Santa Clara,85,1922200,51464,43939,167,44106,491
2020-12-10,Santa Cruz,87,273765,6624,5645,127,5772,48
2020-12-10,Shasta,89,179085,7058,6312,426,6738,53
2020-12-10,Sierra,91,2930,23,18,0,18,0
2020-12-10,Siskiyou,93,43540,866,712,67,779,2
2020-12-10,Solano,95,438530,14093,12017,134,12151,90
2020-12-10,Sonoma,97,501317,15605,14282,93,14375,167
2020-12-10,Stanislaus,99,539301,28029,25582,2206,27788,464
2020-12-10,Sutter,101,95872,5098,4528,25,4553,27
2020-12-10,Tehama,103,63373,2396,2190,141,2331,9
2020-12-10,Trinity,105,12862,260,202,18,220,1
2020-12-10,Tulare,107,460477,27153,24506,2570,27076,337
2020-12-10,Tuolumne,109,53932,1721,1451,7,1458,8
2020-12-10,Ventura,111,848112,28316,24075,994,25069,202
2020-12-10,Yolo,113,214977,6691,5896,30,5926,95
2020-12-10,Yuba,115,75493,2916,2604,24,2628,10
2020-12-09,Alameda,1,1643700,39329,35047,585,35632,470
2020-12-09,Alpine,3,1148,66,58,0,58,0
2020-12-09,Amador,5,37829,1648,1121,8,1129,19
2020-12-09,Butte,7,227075,5516,4733,453,5186,70
2020-12-09,Calaveras,9,45235,744,670,0,670,21
2020-12-09,Colusa,11,21464,1020,896,26,922,7
2020-12-09,Contra Costa,13,1133247,31079,28308,280,28588,273
2020-12-09,Del Norte,15,27424,552,481,0,481,2
2020-12-09,El Dorado,17,186661,4334,3449,89,3538,8
2020-12-09,Fresno,19,978130,52761,41954,2621,44575,533
2020-12-09,Glenn,21,27897,1228,1107,118,1225,8
2020-12-09,Humboldt,23,135768,1306,1086,3,1089,10
2020-12-09,Imperial,25,180216,19901,17757,214,17971,368
2020-12-09,Inyo,27,18085,427,356,1,357,15
2020-12-09,Kern,29,883053,51411,46379,2863,49242,494
2020-12-09,Kings,31,150075,13670,12716,347,13063,92
2020-12-09,Lake,33,64148,1359,1158,0,1158,20
2020-12-09,Lassen,35,31185,3345,2331,15,2346,0
2020-12-09,Los Angeles,37,10098052,526880,467971,11102,479073,8075
2020-12-09,Madera,39,155013,8235,7216,251,7467,59
2020-12-09,Marin,41,260295,8527,8182,48,8230,138
2020-12-09,Mariposa,43,17540,184,154,2,156,3
2020-12-09,Mendocino,45,87422,1933,1703,16,1719,24
2020-12-09,Merced,47,269075,14963,13588,207,13795,183
2020-12-09,Modoc,49,8938,181,146,43,189,0
2020-12-09,Mono,51,14174,698,601,10,611,3
2020-12-09,Monterey,53,433212,20656,17891,412,18303,143
2020-12-09,Napa,55,140530,4450,3858,21,3879,21
2020-12-09,Nevada,57,99092,2149,1864,59,1923,10
2020-12-09,Orange,59,3164182,109334,93763,3656,97419,1629
2020-12-09,Placer,61,380077,10533,8588,297,8885,85
2020-12-09,Plumas,63,18699,347,271,9,280,0
2020-12-09,Riverside,65,2383286,125733,110376,4127,114503,1543
2020-12-09,Sacramento,67,1510023,50546,45284,280,45564,659
2020-12-09,San Benito,69,59416,2493,2217,16,2233,19
2020-12-09,San Bernardino,71,2135413,138196,114516,2889,117405,1305
2020-12-09,San Diego,73,3302833,110757,97551,0,97551,1103
2020-12-09,San Francisco,75,870044,18984,17628,159,17787,163
2020-12-09,San Joaquin,77,732212,34798,30539,897,31436,531
2020-12-09,San Luis Obispo,79,281455,7973,7105,153,7258,47
2020-12-09,San Mateo,81,765935,19123,16422,22,16444,175
2020-12-09,Santa Barbara,83,443738,14048,12630,293,12923,142
2020-12-09,Santa Clara,85,1922200,50322,42912,151,43063,489
2020-12-09,Santa Cruz,87,273765,6466,5527,113,5640,47
2020-12-09,Shasta,89,179085,6993,6105,412,6517,52
2020-12-09,Sierra,91,2930,23,18,0,18,0
2020-12-09,Siskiyou,93,43540,855,713,66,779,2
2020-12-09,Solano,95,438530,13747,11862,125,11987,90
2020-12-09,Sonoma,97,501317,15349,13994,90,14084,164
2020-12-09,Stanislaus,99,539301,27532,25157,2144,27301,463
2020-12-09,Sutter,101,95872,4989,4418,21,4439,24
2020-12-09,Tehama,103,63373,2361,2102,138,2240,9
2020-12-09,Trinity,105,12862,252,199,17,216,0
2020-12-09,Tulare,107,460477,26557,24124,2489,26613,334
2020-12-09,Tuolumne,109,53932,1680,1319,7,1326,8
2020-12-09,Ventura,111,848112,27457,23830,949,24779,201
2020-12-09,Yolo,113,214977,6565,5760,28,5788,95
2020-12-09,Yuba,115,75493,2848,2513,23,2536,10
2020-12-08,Alameda,1,1643700,38433,34373,568,34941,469
2020-12-08,Alpine,3,1148,65,53,0,53,0
2020-12-08,Amador,5,37829,1360,1043,8,1051,17
2020-12-08,Butte,7,227075,5360,4651,409,5060,70
2020-12-08,Calaveras,9,45235,720,657,0,657,21
2020-12-08,Colusa,11,21464,1003,875,25,900,6
2020-12-08,Contra Costa,13,1133247,30377,27926,264,28190,270
2020-12-08,Del Norte,15,27424,537,465,0,465,2
2020-12-08,El Dorado,17,186661,4210,3296,77,3373,8
2020-12-08,Fresno,19,978130,51506,41574,2450,44024,529
2020-12-08,Glenn,21,27897,1208,1094,110,1204,8
2020-12-08,Humboldt,23,135768,1280,1059,3,1062,10
2020-12-08,Imperial,25,180216,19382,17568,205,17773,363
2020-12-08,Inyo,27,18085,404,333,1,334,15
2020-12-08,Kern,29,883053,50120,45116,2704,47820,487
2020-12-08,Kings,31,150075,13518,12623,336,12959,90
2020-12-08,Lake,33,64148,1319,1127,0,1127,20
2020-12-08,Lassen,35,31185,3189,2165,15,2180,0
2020-12-08,Los Angeles,37,10098052,514234,459738,10602,470340,8004
2020-12-08,Madera,39,155013,8103,7082,238,7320,59
2020-12-08,Marin,41,260295,8445,8099,47,8146,137
2020-12-08,Mariposa,43,17540,180,150,2,152,2
2020-12-08,Mendocino,45,87422,1891,1666,16,1682,23
2020-12-08,Merced,47,269075,14656,13380,206,13586,181
2020-12-08,Modoc,49,8938,173,138,40,178,0
2020-12-08,Mono,51,14174,680,597,10,607,3
2020-12-08,Monterey,53,433212,20088,17752,405,18157,134
2020-12-08,Napa,55,140530,4362,3778,20,3798,22
2020-12-08,Nevada,57,99092,2095,1809,56,1865,11
2020-12-08,Orange,59,3164182,106140,91406,3485,94891,1629
2020-12-08,Placer,61,380077,10264,8224,291,8515,82
2020-12-08,Plumas,63,18699,337,258,9,267,0
2020-12-08,Riverside,65,2383286,122400,107620,3939,111559,1514
2020-12-08,Sacramento,67,1510023,49478,44635,262,44897,649
2020-12-08,San Benito,69,59416,2437,2180,16,2196,18
2020-12-08,San Bernardino,71,2135413,133855,110676,2759,113435,1301
2020-12-08,San Diego,73,3302833,107387,95447,0,95447,1088
2020-12-08,San Francisco,75,870044,18676,17384,155,17539,162
2020-12-08,San Joaquin,77,732212,33906,30225,863,31088,530
2020-12-08,San Luis Obispo,79,281455,7844,6903,142,7045,45
2020-12-08,San Mateo,81,765935,18725,16305,22,16327,175
2020-12-08,Santa Barbara,83,443738,13864,12516,283,12799,141
2020-12-08,Santa Clara,85,1922200,49020,41309,140,41449,484
2020-12-08,Santa Cruz,87,273765,6289,5374,110,5484,45
2020-12-08,Shasta,89,179085,6884,5946,404,6350,50
2020-12-08,Sierra,91,2930,22,18,0,18,0
2020-12-08,Siskiyou,93,43540,841,704,64,768,2
2020-12-08,Solano,95,438530,13344,11669,123,11792,89
2020-12-08,Sonoma,97,501317,15088,13601,89,13690,164
2020-12-08,Stanislaus,99,539301,27048,24793,2079,26872,461
2020-12-08,Sutter,101,95872,4892,4342,20,4362,24
2020-12-08,Tehama,103,63373,2278,2057,128,2185,9
2020-12-08,Trinity,105,12862,247,198,16,214,0
2020-12-08,Tulare,107,460477,25961,23607,2423,26030,330
2020-12-08,Tuolumne,109,53932,1651,1264,7,1271,7
2020-12-08,Ventura,111,848112,26795,23665,905,24570,195
2020-12-08,Yolo,113,214977,6432,5560,28,5588,90
2020-12-08,Yuba,115,75493,2772,2477,23,2500,10
2020-12-07,Alameda,1,1643700,37568,33887,532,34419,466
2020-12-07,Alpine,3,1148,64,53,0,53,0
2020-12-07,Amador,5,37829,1285,993,7,1000,17
2020-12-07,Butte,7,227075,5224,4604,387,4991,67
2020-12-07,Calaveras,9,45235,688,606,0,606,21
2020-12-07,Colusa,11,21464,978,825,23,848,6
2020-12-07,Contra Costa,13,1133247,29764,27307,251,27558,270
2020-12-07,Del Norte,15,27424,525,424,0,424,2
2020-12-07,El Dorado,17,186661,4030,3275,70,3345,8
2020-12-07,Fresno,19,978130,50041,41098,2322,43420,526
2020-12-07,Glenn,21,27897,1189,1085,104,1189,8
2020-12-07,Humboldt,23,135768,1245,1023,3,1026,9
2020-12-07,Imperial,25,180216,18962,17234,195,17429,364
2020-12-07,Inyo,27,18085,389,333,1,334,15
2020-12-07,Kern,29,883053,49101,44409,2559,46968,486
2020-12-07,Kings,31,150075,13378,12412,323,12735,90
2020-12-07,Lake,33,64148,1290,1090,0,1090,20
2020-12-07,Lassen,35,31185,3091,2167,15,2182,0
2020-12-07,Los Angeles,37,10098052,500613,451052,10136,461188,7937
2020-12-07,Madera,39,155013,7839,6935,232,7167,59
2020-12-07,Marin,41,260295,8388,8049,46,8095,136
2020-12-07,Mariposa,43,17540,177,146,2,148,2
2020-12-07,Mendocino,45,87422,1856,1638,14,1652,23
2020-12-07,Merced,47,269075,14298,13250,196,13446,179
2020-12-07,Modoc,49,8938,166,128,37,165,0
2020-12-07,Mono,51,14174,670,590,10,600,3
2020-12-07,Monterey,53,433212,19607,17746,393,18139,132
2020-12-07,Napa,55,140530,4271,3684,20,3704,21
2020-12-07,Nevada,57,99092,2046,1777,55,1832,11
2020-12-07,Orange,59,3164182,102893,89793,3367,93160,1628
2020-12-07,Placer,61,380077,9939,7911,277,8188,82
2020-12-07,Plumas,63,18699,326,256,5,261,0
2020-12-07,Riverside,65,2383286,119218,102363,3746,106109,1491
2020-12-07,Sacramento,67,1510023,48386,43419,244,43663,638
2020-12-07,San Benito,69,59416,2386,2165,16,2181,18
2020-12-07,San Bernardino,71,2135413,129918,108161,2631,110792,1295
2020-12-07,San Diego,73,3302833,104598,94171,0,94171,1062
2020-12-07,San Francisco,75,870044,18386,17220,147,17367,161
2020-12-07,San Joaquin,77,732212,33031,28188,836,29024,530
2020-12-07,San Luis Obispo,79,281455,7662,6782,135,6917,45
2020-12-07,San Mateo,81,765935,18286,16029,21,16050,175
2020-12-07,Santa Barbara,83,443738,13623,12362,272,12634,141
2020-12-07,Santa Clara,85,1922200,47638,40621,129,40750,484
2020-12-07,Santa Cruz,87,273765,6125,5152,104,5256,41
2020-12-07,Shasta,89,179085,6761,5742,389,6131,50
2020-12-07,Sierra,91,2930,20,18,0,18,0
2020-12-07,Siskiyou,93,43540,815,652,63,715,2
2020-12-07,Solano,95,438530,13005,11354,119,11473,89
2020-12-07,Sonoma,97,501317,14801,13376,89,13465,164
2020-12-07,Stanislaus,99,539301,26495,24479,2025,26504,454
2020-12-07,Sutter,101,95872,4758,4106,20,4126,24
2020-12-07,Tehama,103,63373,2226,2030,122,2152,9
2020-12-07,Trinity,105,12862,244,194,16,210,0
2020-12-07,Tulare,107,460477,25439,22760,2361,25121,328
2020-12-07,Tuolumne,109,53932,1567,1256,6,1262,7
2020-12-07,Ventura,111,848112,26211,23354,868,24222,191
2020-12-07,Yolo,113,214977,6270,5537,27,5564,90
2020-12-07,Yuba,115,75493,2703,2428,21,2449,10
2020-12-06,Alameda,1,1643700,36602,33477,509,33986,465
2020-12-06,Alpine,3,1148,60,53,0,53,0
2020-12-06,Amador,5,37829,1223,952,6,958,17
2020-12-06,Butte,7,227075,5074,4527,353,4880,67
2020-12-06,Calaveras,9,45235,669,606,0,606,21
2020-12-06,Colusa,11,21464,961,824,20,844,6
2020-12-06,Contra Costa,13,1133247,29158,26566,243,26809,270
2020-12-06,Del Norte,15,27424,488,414,0,414,2
2020-12-06,El Dorado,17,186661,3892,3086,65,3151,8
2020-12-06,Fresno,19,978130,49092,40869,2201,43070,526
2020-12-06,Glenn,21,27897,1179,1067,100,1167,8
2020-12-06,Humboldt,23,135768,1220,1004,3,1007,9
2020-12-06,Imperial,25,180216,18649,16922,185,17107,364
2020-12-06,Inyo,27,18085,376,333,1,334,15
2020-12-06,Kern,29,883053,48118,43899,2380,46279,486
2020-12-06,Kings,31,150075,13109,12056,305,12361,90
2020-12-06,Lake,33,64148,1251,1075,0,1075,20
2020-12-06,Lassen,35,31185,2987,2168,13,2181,0
2020-12-06,Los Angeles,37,10098052,487084,443230,9663,452893,7910
2020-12-06,Madera,39,155013,7668,6826,224,7050,59
2020-12-06,Marin,41,260295,8309,8013,44,8057,136
2020-12-06,Mariposa,43,17540,176,144,2,146,2
2020-12-06,Mendocino,45,87422,1815,1614,14,1628,23
2020-12-06,Merced,47,269075,13963,12928,187,13115,179
2020-12-06,Modoc,49,8938,153,125,29,154,0
2020-12-06,Mono,51,14174,646,586,9,595,3
2020-12-06,Monterey,53,433212,18989,17426,383,17809,130
2020-12-06,Napa,55,140530,4159,3644,20,3664,21
2020-12-06,Nevada,57,99092,1988,1710,52,1762,10
2020-12-06,Orange,59,3164182,99853,87737,3232,90969,1627
2020-12-06,Placer,61,380077,9665,7837,255,8092,82
2020-12-06,Plumas,63,18699,313,254,4,258,0
2020-12-06,Riverside,65,2383286,116144,100088,3510,103598,1482
2020-12-06,Sacramento,67,1510023,47144,42808,229,43037,638
2020-12-06,San Benito,69,59416,2348,2135,16,2151,18
2020-12-06,San Bernardino,71,2135413,125786,106927,2468,109395,1286
2020-12-06,San Diego,73,3302833,101568,92173,0,92173,1062
2020-12-06,San Francisco,75,870044,18065,17107,140,17247,161
2020-12-06,San Joaquin,77,732212,32201,28188,808,28996,530
2020-12-06,San Luis Obispo,79,281455,7495,6723,132,6855,45
2020-12-06,San Mateo,81,765935,17783,15855,18,15873,175
2020-12-06,Santa Barbara,83,443738,13393,12252,264,12516,141
2020-12-06,Santa Clara,85,1922200,46266,39112,123,39235,482
2020-12-06,Santa Cruz,87,273765,5953,5069,98,5167,40
2020-12-06,Shasta,89,179085,6620,5743,367,6110,49
2020-12-06,Sierra,91,2930,20,17,0,17,0
2020-12-06,Siskiyou,93,43540,797,652,61,713,2
2020-12-06,Solano,95,438530,12717,11354,109,11463,88
2020-12-06,Sonoma,97,501317,14511,13238,88,13326,164
2020-12-06,Stanislaus,99,539301,25944,24036,1959,25995,454
2020-12-06,Sutter,101,95872,4644,4009,20,4029,21
2020-12-06,Tehama,103,63373,2170,1982,111,2093,9
2020-12-06,Trinity,105,12862,239,181,15,196,0
2020-12-06,Tulare,107,460477,24923,22756,2289,25045,327
2020-12-06,Tuolumne,109,53932,1470,1210,6,1216,7
2020-12-06,Ventura,111,848112,25668,23035,841,23876,191
2020-12-06,Yolo,113,214977,6110,5465,22,5487,90
2020-12-06,Yuba,115,75493,2659,2340,20,2360,10
2020-12-05,Alameda,1,1643700,36243,32781,498,33279,465
2020-12-05,Alpine,3,1148,59,53,0,53,0
2020-12-05,Amador,5,37829,1199,847,6,853,17
2020-12-05,Butte,7,227075,5005,4455,334,4789,66
2020-12-05,Calaveras,9,45235,658,606,0,606,21
2020-12-05,Colusa,11,21464,944,825,17,842,6
2020-12-05,Contra Costa,13,1133247,28865,26217,236,26453,270
2020-12-05,Del Norte,15,27424,482,408,0,408,2
2020-12-05,El Dorado,17,186661,3828,3061,60,3121,8
2020-12-05,Fresno,19,978130,48772,40568,2145,42713,525
2020-12-05,Glenn,21,27897,1166,1056,94,1150,8
2020-12-05,Humboldt,23,135768,1187,979,3,982,9
2020-12-05,Imperial,25,180216,18487,16544,183,16727,362
2020-12-05,Inyo,27,18085,371,332,1,333,15
2020-12-05,Kern,29,883053,47659,43332,2289,45621,484
2020-12-05,Kings,31,150075,13030,11898,302,12200,90
2020-12-05,Lake,33,64148,1226,1069,0,1069,20
2020-12-05,Lassen,35,31185,2796,2168,11,2179,0
2020-12-05,Los Angeles,37,10098052,481314,433120,9320,442440,7888
2020-12-05,Madera,39,155013,7580,6619,217,6836,59
2020-12-05,Marin,41,260295,8283,7961,44,8005,136
2020-12-05,Mariposa,43,17540,171,143,2,145,2
2020-12-05,Mendocino,45,87422,1776,1585,14,1599,23
2020-12-05,Merced,47,269075,13857,12747,176,12923,180
2020-12-05,Modoc,49,8938,153,118,28,146,0
2020-12-05,Mono,51,14174,643,554,9,563,3
2020-12-05,Monterey,53,433212,18843,17077,379,17456,127
2020-12-05,Napa,55,140530,4089,3565,20,3585,21
2020-12-05,Nevada,57,99092,1974,1642,50,1692,10
2020-12-05,Orange,59,3164182,98415,85735,3136,88871,1612
2020-12-05,Placer,61,380077,9547,7811,246,8057,78
2020-12-05,Plumas,63,18699,306,246,1,247,0
2020-12-05,Riverside,65,2383286,114547,98612,3321,101933,1477
2020-12-05,Sacramento,67,1510023,46480,41878,214,42092,625
2020-12-05,San Benito,69,59416,2307,2073,16,2089,18
2020-12-05,San Bernardino,71,2135413,124268,105382,2330,107712,1283
2020-12-05,San Diego,73,3302833,100220,90470,0,90470,1055
2020-12-05,San Francisco,75,870044,17881,16786,136,16922,161
2020-12-05,San Joaquin,77,732212,31942,28105,773,28878,523
2020-12-05,San Luis Obispo,79,281455,7428,6623,129,6752,44
2020-12-05,San Mateo,81,765935,17526,15512,18,15530,175
2020-12-05,Santa Barbara,83,443738,13294,12107,258,12365,141
2020-12-05,Santa Clara,85,1922200,45531,38339,118,38457,474
2020-12-05,Santa Cruz,87,273765,5880,4997,95,5092,40
2020-12-05,Shasta,89,179085,6559,5653,356,6009,49
2020-12-05,Sierra,91,2930,20,17,0,17,0
2020-12-05,Siskiyou,93,43540,789,649,60,709,2
2020-12-05,Solano,95,438530,12548,11351,107,11458,87
2020-12-05,Sonoma,97,501317,14415,13137,88,13225,164
2020-12-05,Stanislaus,99,539301,25639,23662,1923,25585,454
2020-12-05,Sutter,101,95872,4577,3937,20,3957,20
2020-12-05,Tehama,103,63373,2156,1926,109,2035,9
2020-12-05,Trinity,105,12862,238,177,15,192,0
2020-12-05,Tulare,107,460477,24714,22660,2227,24887,324
2020-12-05,Tuolumne,109,53932,1415,1180,6,1186,7
2020-12-05,Ventura,111,848112,25301,22710,825,23535,191
2020-12-05,Yolo,113,214977,6033,5351,21,5372,90
2020-12-05,Yuba,115,75493,2623,2275,20,2295,10
2020-12-04,Alameda,1,1643700,35695,31871,485,32356,465
2020-12-04,Alpine,3,1148,59,53,0,53,0
2020-12-04,Amador,5,37829,1185,766,3,769,16
2020-12-04,Butte,7,227075,4934,4336,312,4648,65
2020-12-04,Calaveras,9,45235,654,585,0,585,21
2020-12-04,Colusa,11,21464,930,790,16,806,6
2020-12-04,Contra Costa,13,1133247,28525,25705,224,25929,264
2020-12-04,Del Norte,15,27424,471,401,0,401,2
2020-12-04,El Dorado,17,186661,3741,2933,57,2990,7
2020-12-04,Fresno,19,978130,48065,40108,2076,42184,522
2020-12-04,Glenn,21,27897,1160,1017,86,1103,8
2020-12-04,Humboldt,23,135768,1169,960,3,963,9
2020-12-04,Imperial,25,180216,18244,16484,183,16667,362
2020-12-04,Inyo,27,18085,363,324,1,325,15
2020-12-04,Kern,29,883053,47113,42497,2183,44680,485
2020-12-04,Kings,31,150075,12937,11767,296,12063,88
2020-12-04,Lake,33,64148,1198,1018,0,1018,20
2020-12-04,Lassen,35,31185,2789,2167,9,2176,0
2020-12-04,Los Angeles,37,10098052,472727,424164,9010,433174,7845
2020-12-04,Madera,39,155013,7491,6479,214,6693,58
2020-12-04,Marin,41,260295,8233,7896,42,7938,136
2020-12-04,Mariposa,43,17540,171,136,2,138,2
2020-12-04,Mendocino,45,87422,1757,1563,13,1576,23
2020-12-04,Merced,47,269075,13742,12474,168,12642,177
2020-12-04,Modoc,49,8938,153,115,28,143,0
2020-12-04,Mono,51,14174,641,549,9,558,3
2020-12-04,Monterey,53,433212,18638,16737,370,17107,127
2020-12-04,Napa,55,140530,4036,3432,20,3452,19
2020-12-04,Nevada,57,99092,1949,1560,47,1607,10
2020-12-04,Orange,59,3164182,96514,83738,3067,86805,1597
2020-12-04,Placer,61,380077,9421,7461,232,7693,76
2020-12-04,Plumas,63,18699,299,232,0,232,0
2020-12-04,Riverside,65,2383286,112359,95255,3158,98413,1475
2020-12-04,Sacramento,67,1510023,45719,41061,197,41258,618
2020-12-04,San Benito,69,59416,2279,2006,16,2022,17
2020-12-04,San Bernardino,71,2135413,122004,102418,2219,104637,1290
2020-12-04,San Diego,73,3302833,98738,88183,0,88183,1047
2020-12-04,San Francisco,75,870044,17692,16499,135,16634,161
2020-12-04,San Joaquin,77,732212,31506,27806,735,28541,522
2020-12-04,San Luis Obispo,79,281455,7343,6473,126,6599,42
2020-12-04,San Mateo,81,765935,17238,15112,17,15129,173
2020-12-04,Santa Barbara,83,443738,13188,11947,250,12197,141
2020-12-04,Santa Clara,85,1922200,44613,37465,112,37577,468
2020-12-04,Santa Cruz,87,273765,5795,4985,93,5078,32
2020-12-04,Shasta,89,179085,6472,5439,345,5784,49
2020-12-04,Sierra,91,2930,19,17,0,17,0
2020-12-04,Siskiyou,93,43540,782,639,57,696,2
2020-12-04,Solano,95,438530,12402,11037,104,11141,87
2020-12-04,Sonoma,97,501317,14267,12962,87,13049,164
2020-12-04,Stanislaus,99,539301,25374,23206,1877,25083,448
2020-12-04,Sutter,101,95872,4505,3791,15,3806,20
2020-12-04,Tehama,103,63373,2117,1876,103,1979,9
2020-12-04,Trinity,105,12862,236,172,15,187,0
2020-12-04,Tulare,107,460477,24434,22273,2152,24425,322
2020-12-04,Tuolumne,109,53932,1384,1134,6,1140,7
2020-12-04,Ventura,111,848112,24926,22024,806,22830,189
2020-12-04,Yolo,113,214977,5959,5294,20,5314,87
2020-12-04,Yuba,115,75493,2580,2225,19,2244,10
2020-12-03,Alameda,1,1643700,34939,31184,466,31650,465
2020-12-03,Alpine,3,1148,58,53,0,53,0
2020-12-03,Amador,5,37829,1134,653,3,656,16
2020-12-03,Butte,7,227075,4840,4305,291,4596,65
2020-12-03,Calaveras,9,45235,635,572,0,572,21
2020-12-03,Colusa,11,21464,917,774,16,790,6
2020-12-03,Contra Costa,13,1133247,28027,25464,216,25680,265
2020-12-03,Del Norte,15,27424,467,388,0,388,2
2020-12-03,El Dorado,17,186661,3615,2740,55,2795,6
2020-12-03,Fresno,19,978130,47319,39680,2001,41681,516
2020-12-03,Glenn,21,27897,1143,997,77,1074,8
2020-12-03,Humboldt,23,135768,1139,923,3,926,9
2020-12-03,Imperial,25,180216,18039,16436,173,16609,359
2020-12-03,Inyo,27,18085,360,321,1,322,15
2020-12-03,Kern,29,883053,46274,42062,2076,44138,483
2020-12-03,Kings,31,150075,12838,11658,283,11941,87
2020-12-03,Lake,33,64148,1184,991,0,991,20
2020-12-03,Lassen,35,31185,2749,2128,8,2136,0
2020-12-03,Los Angeles,37,10098052,462649,415805,8629,424434,7787
2020-12-03,Madera,39,155013,7370,6398,210,6608,58
2020-12-03,Marin,41,260295,8174,7861,38,7899,136
2020-12-03,Mariposa,43,17540,167,132,2,134,2
2020-12-03,Mendocino,45,87422,1741,1547,9,1556,23
2020-12-03,Merced,47,269075,13495,12310,160,12470,177
2020-12-03,Modoc,49,8938,151,114,28,142,0
2020-12-03,Mono,51,14174,621,527,9,536,3
2020-12-03,Monterey,53,433212,18176,16218,359,16577,125
2020-12-03,Napa,55,140530,3923,3360,20,3380,19
2020-12-03,Nevada,57,99092,1872,1472,46,1518,10
2020-12-03,Orange,59,3164182,94013,82187,2994,85181,1591
2020-12-03,Placer,61,380077,9215,7270,216,7486,73
2020-12-03,Plumas,63,18699,285,223,0,223,0
2020-12-03,Riverside,65,2383286,109615,92489,2984,95473,1461
2020-12-03,Sacramento,67,1510023,44671,40280,184,40464,614
2020-12-03,San Benito,69,59416,2235,1967,16,1983,16
2020-12-03,San Bernardino,71,2135413,118685,100787,2130,102917,1283
2020-12-03,San Diego,73,3302833,96930,86144,0,86144,1040
2020-12-03,San Francisco,75,870044,17470,16236,134,16370,161
2020-12-03,San Joaquin,77,732212,30786,27239,686,27925,522
2020-12-03,San Luis Obispo,79,281455,7175,6388,125,6513,42
2020-12-03,San Mateo,81,765935,16887,14909,16,14925,173
2020-12-03,Santa Barbara,83,443738,13060,11829,244,12073,141
2020-12-03,Santa Clara,85,1922200,43418,36621,106,36727,465
2020-12-03,Santa Cruz,87,273765,5653,4850,89,4939,28
2020-12-03,Shasta,89,179085,6363,5330,338,5668,48
2020-12-03,Sierra,91,2930,19,17,0,17,0
2020-12-03,Siskiyou,93,43540,767,629,54,683,2
2020-12-03,Solano,95,438530,12191,10857,101,10958,87
2020-12-03,Sonoma,97,501317,14023,12772,86,12858,164
2020-12-03,Stanislaus,99,539301,24969,22821,1824,24645,447
2020-12-03,Sutter,101,95872,4422,3727,14,3741,20
2020-12-03,Tehama,103,63373,2066,1832,94,1926,9
2020-12-03,Trinity,105,12862,234,166,15,181,0
2020-12-03,Tulare,107,460477,24039,21993,2056,24049,321
2020-12-03,Tuolumne,109,53932,1343,1105,6,1111,7
2020-12-03,Ventura,111,848112,24223,21555,791,22346,187
2020-12-03,Yolo,113,214977,5821,5069,20,5089,87
2020-12-03,Yuba,115,75493,2511,2182,17,2199,10
2020-12-02,Alameda,1,1643700,34319,30697,454,31151,463
2020-12-02,Alpine,3,1148,57,52,0,52,0
2020-12-02,Amador,5,37829,1062,585,3,588,16
2020-12-02,Butte,7,227075,4718,4243,281,4524,65
2020-12-02,Calaveras,9,45235,618,553,0,553,21
2020-12-02,Colusa,11,21464,901,756,15,771,6
2020-12-02,Contra Costa,13,1133247,27570,25147,203,25350,264
2020-12-02,Del Norte,15,27424,453,384,0,384,2
2020-12-02,El Dorado,17,186661,3515,2638,49,2687,5
2020-12-02,Fresno,19,978130,46573,39324,1891,41215,507
2020-12-02,Glenn,21,27897,1126,995,69,1064,7
2020-12-02,Humboldt,23,135768,1113,899,3,902,9
2020-12-02,Imperial,25,180216,17615,16360,165,16525,356
2020-12-02,Inyo,27,18085,353,314,1,315,15
2020-12-02,Kern,29,883053,45384,41660,1971,43631,479
2020-12-02,Kings,31,150075,12485,11531,269,11800,86
2020-12-02,Lake,33,64148,1155,971,0,971,20
2020-12-02,Lassen,35,31185,2690,2115,8,2123,0
2020-12-02,Los Angeles,37,10098052,452633,408289,8270,416559,7739
2020-12-02,Madera,39,155013,7247,6370,202,6572,57
2020-12-02,Marin,41,260295,8128,7819,36,7855,136
2020-12-02,Mariposa,43,17540,164,131,2,133,2
2020-12-02,Mendocino,45,87422,1708,1524,9,1533,23
2020-12-02,Merced,47,269075,13253,12168,153,12321,173
2020-12-02,Modoc,49,8938,148,113,28,141,0
2020-12-02,Mono,51,14174,612,520,9,529,3
2020-12-02,Monterey,53,433212,17701,16064,320,16384,121
2020-12-02,Napa,55,140530,3820,3298,19,3317,19
2020-12-02,Nevada,57,99092,1810,1430,45,1475,9
2020-12-02,Orange,59,3164182,91832,81046,2913,83959,1569
2020-12-02,Placer,61,380077,8983,6941,201,7142,73
2020-12-02,Plumas,63,18699,272,218,0,218,0
2020-12-02,Riverside,65,2383286,106905,90089,2794,92883,1451
2020-12-02,Sacramento,67,1510023,43641,39334,173,39507,597
2020-12-02,San Benito,69,59416,2171,1921,16,1937,16
2020-12-02,San Bernardino,71,2135413,115128,98567,2012,100579,1240
2020-12-02,San Diego,73,3302833,95016,84640,0,84640,1035
2020-12-02,San Francisco,75,870044,17232,16058,132,16190,157
2020-12-02,San Joaquin,77,732212,30166,26740,662,27402,519
2020-12-02,San Luis Obispo,79,281455,7077,6324,122,6446,42
2020-12-02,San Mateo,81,765935,16525,14757,15,14772,170
2020-12-02,Santa Barbara,83,443738,12909,11705,231,11936,140
2020-12-02,Santa Clara,85,1922200,42301,35878,105,35983,458
2020-12-02,Santa Cruz,87,273765,5521,4766,86,4852,27
2020-12-02,Shasta,89,179085,6239,5188,321,5509,47
2020-12-02,Sierra,91,2930,19,17,0,17,0
2020-12-02,Siskiyou,93,43540,751,624,52,676,1
2020-12-02,Solano,95,438530,11946,10701,96,10797,87
2020-12-02,Sonoma,97,501317,13784,12635,85,12720,163
2020-12-02,Stanislaus,99,539301,24474,22615,1764,24379,448
2020-12-02,Sutter,101,95872,4269,3604,14,3618,18
2020-12-02,Tehama,103,63373,2023,1800,78,1878,9
2020-12-02,Trinity,105,12862,227,165,15,180,0
2020-12-02,Tulare,107,460477,23663,21789,1969,23758,321
2020-12-02,Tuolumne,109,53932,1303,1076,6,1082,7
2020-12-02,Ventura,111,848112,23815,21208,772,21980,186
2020-12-02,Yolo,113,214977,5710,5053,19,5072,87
2020-12-02,Yuba,115,75493,2434,2119,16,2135,10
2020-12-01,Alameda,1,1643700,33633,30252,442,30694,460
2020-12-01,Alpine,3,1148,57,41,0,41,0
2020-12-01,Amador,5,37829,915,575,2,577,16
2020-12-01,Butte,7,227075,4614,4177,265,4442,65
2020-12-01,Calaveras,9,45235,600,544,0,544,21
2020-12-01,Colusa,11,21464,884,747,15,762,6
2020-12-01,Contra Costa,13,1133247,26996,24788,195,24983,264
2020-12-01,Del Norte,15,27424,425,357,0,357,2
2020-12-01,El Dorado,17,186661,3370,2542,44,2586,4
2020-12-01,Fresno,19,978130,45676,39004,1807,40811,505
2020-12-01,Glenn,21,27897,1105,989,65,1054,7
2020-12-01,Humboldt,23,135768,1082,886,3,889,9
2020-12-01,Imperial,25,180216,17302,16278,162,16440,356
2020-12-01,Inyo,27,18085,346,304,1,305,15
2020-12-01,Kern,29,883053,44584,41345,1835,43180,478
2020-12-01,Kings,31,150075,12172,11415,253,11668,86
2020-12-01,Lake,33,64148,1137,969,0,969,19
2020-12-01,Lassen,35,31185,2524,2047,7,2054,0
2020-12-01,Los Angeles,37,10098052,442292,403266,7928,411194,7704
2020-12-01,Madera,39,155013,7131,6270,193,6463,57
2020-12-01,Marin,41,260295,8058,7787,35,7822,136
2020-12-01,Mariposa,43,17540,159,128,2,130,2
2020-12-01,Mendocino,45,87422,1674,1497,9,1506,23
2020-12-01,Merced,47,269075,13011,12032,144,12176,172
2020-12-01,Modoc,49,8938,143,113,24,137,0
2020-12-01,Mono,51,14174,602,520,9,529,3
2020-12-01,Monterey,53,433212,17195,15835,310,16145,121
2020-12-01,Napa,55,140530,3736,3124,18,3142,19
2020-12-01,Nevada,57,99092,1748,1411,44,1455,9
2020-12-01,Orange,59,3164182,89746,79468,2822,82290,1567
2020-12-01,Placer,61,380077,8656,6794,194,6988,72
2020-12-01,Plumas,63,18699,260,201,0,201,0
2020-12-01,Riverside,65,2383286,104111,88530,2626,91156,1448
2020-12-01,Sacramento,67,1510023,42594,38966,168,39134,589
2020-12-01,San Benito,69,59416,2116,1888,16,1904,15
2020-12-01,San Bernardino,71,2135413,111663,95854,1881,97735,1220
2020-12-01,San Diego,73,3302833,92760,83423,0,83423,1019
2020-12-01,San Francisco,75,870044,16951,15797,128,15925,157
2020-12-01,San Joaquin,77,732212,29364,26432,640,27072,514
2020-12-01,San Luis Obispo,79,281455,6937,6264,117,6381,40
2020-12-01,San Mateo,81,765935,16200,14495,15,14510,170
2020-12-01,Santa Barbara,83,443738,12769,11611,221,11832,140
2020-12-01,Santa Clara,85,1922200,41047,35397,100,35497,452
2020-12-01,Santa Cruz,87,273765,5365,4638,78,4716,27
2020-12-01,Shasta,89,179085,6111,5077,299,5376,47
2020-12-01,Sierra,91,2930,19,17,0,17,0
2020-12-01,Siskiyou,93,43540,737,608,48,656,1
2020-12-01,Solano,95,438530,11688,10604,90,10694,87
2020-12-01,Sonoma,97,501317,13579,12491,82,12573,163
2020-12-01,Stanislaus,99,539301,24019,22351,1706,24057,447
2020-12-01,Sutter,101,95872,4128,3538,14,3552,17
2020-12-01,Tehama,103,63373,1964,1773,69,1842,9
2020-12-01,Trinity,105,12862,218,165,14,179,0
2020-12-01,Tulare,107,460477,23211,21645,1894,23539,319
2020-12-01,Tuolumne,109,53932,1267,1052,3,1055,7
2020-12-01,Ventura,111,848112,23202,20604,750,21354,186
2020-12-01,Yolo,113,214977,5573,4928,19,4947,86
2020-12-01,Yuba,115,75493,2368,2088,15,2103,10
2020-11-30,Alameda,1,1643700,32819,29972,424,30396,457
2020-11-30,Alpine,3,1148,55,41,0,41,0
2020-11-30,Amador,5,37829,874,559,2,561,16
2020-11-30,Butte,7,227075,4497,4148,248,4396,65
2020-11-30,Calaveras,9,45235,578,478,0,478,21
2020-11-30,Colusa,11,21464,857,737,11,748,6
2020-11-30,Contra Costa,13,1133247,26420,24365,191,24556,264
2020-11-30,Del Norte,15,27424,402,339,0,339,2
2020-11-30,El Dorado,17,186661,3196,2488,39,2527,4
2020-11-30,Fresno,19,978130,44572,38712,1686,40398,500
2020-11-30,Glenn,21,27897,1082,954,60,1014,5
2020-11-30,Humboldt,23,135768,1035,870,3,873,9
2020-11-30,Imperial,25,180216,17049,16212,138,16350,356
2020-11-30,Inyo,27,18085,341,304,1,305,15
2020-11-30,Kern,29,883053,43830,40941,1691,42632,473
2020-11-30,Kings,31,150075,12026,11346,236,11582,85
2020-11-30,Lake,33,64148,1106,939,0,939,18
2020-11-30,Lassen,35,31185,2431,1793,7,1800,0
2020-11-30,Los Angeles,37,10098052,431640,396202,7580,403782,7658
2020-11-30,Madera,39,155013,6963,6210,179,6389,57
2020-11-30,Marin,41,260295,8016,7764,34,7798,136
2020-11-30,Mariposa,43,17540,152,123,2,125,2
2020-11-30,Mendocino,45,87422,1647,1482,9,1491,23
2020-11-30,Merced,47,269075,12737,11913,133,12046,172
2020-11-30,Modoc,49,8938,133,113,24,137,0
2020-11-30,Mono,51,14174,580,519,9,528,3
2020-11-30,Monterey,53,433212,16766,15837,302,16139,119
2020-11-30,Napa,55,140530,3637,3091,17,3108,18
2020-11-30,Nevada,57,99092,1661,1347,41,1388,9
2020-11-30,Orange,59,3164182,87653,78711,2724,81435,1568
2020-11-30,Placer,61,380077,8360,6575,181,6756,72
2020-11-30,Plumas,63,18699,249,192,0,192,0
2020-11-30,Riverside,65,2383286,101125,87722,2471,90193,1446
2020-11-30,Sacramento,67,1510023,41517,37834,160,37994,586
2020-11-30,San Benito,69,59416,2067,1875,15,1890,15
2020-11-30,San Bernardino,71,2135413,107934,92704,1762,94466,1220
2020-11-30,San Diego,73,3302833,90401,82045,0,82045,997
2020-11-30,San Francisco,75,870044,16653,15638,125,15763,157
2020-11-30,San Joaquin,77,732212,28660,25742,613,26355,509
2020-11-30,San Luis Obispo,79,281455,6802,6224,115,6339,36
2020-11-30,San Mateo,81,765935,15839,14276,15,14291,170
2020-11-30,Santa Barbara,83,443738,12591,11572,214,11786,140
2020-11-30,Santa Clara,85,1922200,39840,35019,99,35118,451
2020-11-30,Santa Cruz,87,273765,5226,4558,74,4632,26
2020-11-30,Shasta,89,179085,5970,4933,265,5198,44
2020-11-30,Sierra,91,2930,19,16,0,16,0
2020-11-30,Siskiyou,93,43540,728,605,44,649,1
2020-11-30,Solano,95,438530,11427,10392,85,10477,87
2020-11-30,Sonoma,97,501317,13333,12232,78,12310,163
2020-11-30,Stanislaus,99,539301,23563,22110,1660,23770,446
2020-11-30,Sutter,101,95872,3974,3430,13,3443,16
2020-11-30,Tehama,103,63373,1916,1724,63,1787,9
2020-11-30,Trinity,105,12862,212,162,14,176,0
2020-11-30,Tulare,107,460477,22827,20833,1797,22630,319
2020-11-30,Tuolumne,109,53932,1222,1027,3,1030,7
2020-11-30,Ventura,111,848112,22443,20308,734,21042,180
2020-11-30,Yolo,113,214977,5461,4894,19,4913,81
2020-11-30,Yuba,115,75493,2308,2028,13,2041,10
2020-11-29,Alameda,1,1643700,32035,29918,402,30320,457
2020-11-29,Alpine,3,1148,52,41,0,41,0
2020-11-29,Amador,5,37829,723,548,2,550,16
2020-11-29,Butte,7,227075,4398,4008,226,4234,65
2020-11-29,Calaveras,9,45235,546,478,0,478,21
2020-11-29,Colusa,11,21464,828,723,7,730,6
2020-11-29,Contra Costa,13,1133247,25917,24165,185,24350,264
2020-11-29,Del Norte,15,27424,396,339,0,339,2
2020-11-29,El Dorado,17,186661,3067,2447,38,2485,4
2020-11-29,Fresno,19,978130,43627,38568,1609,40177,500
2020-11-29,Glenn,21,27897,1059,951,58,1009,4
2020-11-29,Humboldt,23,135768,1006,856,3,859,9
2020-11-29,Imperial,25,180216,16822,16138,109,16247,356
2020-11-29,Inyo,27,18085,326,289,1,290,15
2020-11-29,Kern,29,883053,43073,40596,1540,42136,473
2020-11-29,Kings,31,150075,11878,11247,216,11463,85
2020-11-29,Lake,33,64148,1082,927,0,927,18
2020-11-29,Lassen,35,31185,2328,1793,7,1800,0
2020-11-29,Los Angeles,37,10098052,421262,391162,7261,398423,7642
2020-11-29,Madera,39,155013,6820,6184,173,6357,57
2020-11-29,Marin,41,260295,7950,7739,32,7771,135
2020-11-29,Mariposa,43,17540,148,123,2,125,2
2020-11-29,Mendocino,45,87422,1612,1473,9,1482,23
2020-11-29,Merced,47,269075,12500,11773,124,11897,172
2020-11-29,Modoc,49,8938,129,105,22,127,0
2020-11-29,Mono,51,14174,558,515,9,524,3
2020-11-29,Monterey,53,433212,16455,15621,295,15916,119
2020-11-29,Napa,55,140530,3532,3090,16,3106,18
2020-11-29,Nevada,57,99092,1580,1311,39,1350,9
2020-11-29,Orange,59,3164182,85634,78057,2675,80732,1567
2020-11-29,Placer,61,380077,8072,6535,167,6702,72
2020-11-29,Plumas,63,18699,244,191,0,191,0
2020-11-29,Riverside,65,2383286,98745,87383,2315,89698,1442
2020-11-29,Sacramento,67,1510023,40443,37415,152,37567,585
2020-11-29,San Benito,69,59416,2023,1860,15,1875,15
2020-11-29,San Bernardino,71,2135413,104594,92052,1657,93709,1223
2020-11-29,San Diego,73,3302833,87990,81086,0,81086,997
2020-11-29,San Francisco,75,870044,16373,15571,118,15689,153
2020-11-29,San Joaquin,77,732212,27918,25740,607,26347,509
2020-11-29,San Luis Obispo,79,281455,6680,6145,115,6260,36
2020-11-29,San Mateo,81,765935,15506,14177,15,14192,169
2020-11-29,Santa Barbara,83,443738,12437,11520,210,11730,140
2020-11-29,Santa Clara,85,1922200,38635,34234,93,34327,451
2020-11-29,Santa Cruz,87,273765,5067,4490,72,4562,26
2020-11-29,Shasta,89,179085,5799,4935,233,5168,43
2020-11-29,Sierra,91,2930,19,16,0,16,0
2020-11-29,Siskiyou,93,43540,705,590,42,632,1
2020-11-29,Solano,95,438530,11195,10393,81,10474,87
2020-11-29,Sonoma,97,501317,13081,12052,74,12126,163
2020-11-29,Stanislaus,99,539301,23072,21701,1620,23321,446
2020-11-29,Sutter,101,95872,3857,3297,13,3310,16
2020-11-29,Tehama,103,63373,1865,1710,47,1757,9
2020-11-29,Trinity,105,12862,209,159,14,173,0
2020-11-29,Tulare,107,460477,22469,20793,1712,22505,319
2020-11-29,Tuolumne,109,53932,1186,988,3,991,7
2020-11-29,Ventura,111,848112,21759,19952,721,20673,179
2020-11-29,Yolo,113,214977,5323,4830,18,4848,80
2020-11-29,Yuba,115,75493,2252,1959,13,1972,10
2020-11-28,Alameda,1,1643700,31726,29368,397,29765,456
2020-11-28,Alpine,3,1148,52,41,0,41,0
2020-11-28,Amador,5,37829,646,536,2,538,16
2020-11-28,Butte,7,227075,4340,3894,222,4116,65
2020-11-28,Calaveras,9,45235,542,478,0,478,21
2020-11-28,Colusa,11,21464,819,711,5,716,6
2020-11-28,Contra Costa,13,1133247,25583,23798,181,23979,264
2020-11-28,Del Norte,15,27424,386,328,0,328,2
2020-11-28,El Dorado,17,186661,2999,2415,32,2447,4
2020-11-28,Fresno,19,978130,43283,38288,1568,39856,500
2020-11-28,Glenn,21,27897,1048,925,54,979,4
2020-11-28,Humboldt,23,135768,972,844,3,847,9
2020-11-28,Imperial,25,180216,16758,16019,107,16126,356
2020-11-28,Inyo,27,18085,318,289,1,290,15
2020-11-28,Kern,29,883053,42712,40255,1451,41706,473
2020-11-28,Kings,31,150075,11814,11070,207,11277,85
2020-11-28,Lake,33,64148,1067,920,0,920,18
2020-11-28,Lassen,35,31185,2262,1714,7,1721,0
2020-11-28,Los Angeles,37,10098052,416351,386194,7099,393293,7625
2020-11-28,Madera,39,155013,6718,6119,166,6285,57
2020-11-28,Marin,41,260295,7921,7696,28,7724,135
2020-11-28,Mariposa,43,17540,145,120,2,122,2
2020-11-28,Mendocino,45,87422,1581,1458,9,1467,22
2020-11-28,Merced,47,269075,12403,11688,117,11805,172
2020-11-28,Modoc,49,8938,126,103,22,125,0
2020-11-28,Mono,51,14174,552,505,9,514,3
2020-11-28,Monterey,53,433212,16289,15328,291,15619,118
2020-11-28,Napa,55,140530,3481,3033,15,3048,18
2020-11-28,Nevada,57,99092,1552,1272,37,1309,9
2020-11-28,Orange,59,3164182,84541,76882,2627,79509,1568
2020-11-28,Placer,61,380077,7918,6497,164,6661,70
2020-11-28,Plumas,63,18699,237,188,0,188,0
2020-11-28,Riverside,65,2383286,97344,86854,2209,89063,1440
2020-11-28,Sacramento,67,1510023,39862,36905,148,37053,580
2020-11-28,San Benito,69,59416,1978,1835,15,1850,15
2020-11-28,San Bernardino,71,2135413,103200,91183,1553,92736,1224
2020-11-28,San Diego,73,3302833,86737,80020,0,80020,997
2020-11-28,San Francisco,75,870044,16196,15450,110,15560,153
2020-11-28,San Joaquin,77,732212,27723,25742,592,26334,509
2020-11-28,San Luis Obispo,79,281455,6610,6106,111,6217,36
2020-11-28,San Mateo,81,765935,15316,14040,15,14055,169
2020-11-28,Santa Barbara,83,443738,12335,11481,205,11686,140
2020-11-28,Santa Clara,85,1922200,37889,33701,91,33792,449
2020-11-28,Santa Cruz,87,273765,4990,4426,72,4498,26
2020-11-28,Shasta,89,179085,5721,4882,226,5108,43
2020-11-28,Sierra,91,2930,19,16,0,16,0
2020-11-28,Siskiyou,93,43540,695,558,39,597,1
2020-11-28,Solano,95,438530,11076,10252,79,10331,87
2020-11-28,Sonoma,97,501317,12978,12008,64,12072,162
2020-11-28,Stanislaus,99,539301,22838,21574,1582,23156,446
2020-11-28,Sutter,101,95872,3773,3244,13,3257,15
2020-11-28,Tehama,103,63373,1849,1678,43,1721,9
2020-11-28,Trinity,105,12862,207,157,12,169,0
2020-11-28,Tulare,107,460477,22280,20701,1664,22365,319
2020-11-28,Tuolumne,109,53932,1164,976,3,979,7
2020-11-28,Ventura,111,848112,21461,19510,711,20221,179
2020-11-28,Yolo,113,214977,5249,4739,16,4755,80
2020-11-28,Yuba,115,75493,2198,1912,13,1925,10
2020-11-27,Alameda,1,1643700,31288,29064,386,29450,450
2020-11-27,Alpine,3,1148,52,41,0,41,0
2020-11-27,Amador,5,37829,599,498,1,499,16
2020-11-27,Butte,7,227075,4299,3894,216,4110,65
2020-11-27,Calaveras,9,45235,534,478,0,478,21
2020-11-27,Colusa,11,21464,802,694,3,697,6
2020-11-27,Contra Costa,13,1133247,25324,23463,175,23638,264
2020-11-27,Del Norte,15,27424,380,307,0,307,2
2020-11-27,El Dorado,17,186661,2927,2238,29,2267,4
2020-11-27,Fresno,19,978130,42877,37994,1508,39502,500
2020-11-27,Glenn,21,27897,1035,891,49,940,4
2020-11-27,Humboldt,23,135768,953,795,2,797,9
2020-11-27,Imperial,25,180216,16691,15960,97,16057,356
2020-11-27,Inyo,27,18085,312,289,1,290,15
2020-11-27,Kern,29,883053,42294,39707,1375,41082,473
2020-11-27,Kings,31,150075,11728,10667,189,10856,85
2020-11-27,Lake,33,64148,1031,909,0,909,18
2020-11-27,Lassen,35,31185,2250,1714,7,1721,0
2020-11-27,Los Angeles,37,10098052,409852,382740,6931,389671,7606
2020-11-27,Madera,39,155013,6646,6050,160,6210,57
2020-11-27,Marin,41,260295,7878,7660,28,7688,135
2020-11-27,Mariposa,43,17540,143,118,2,120,2
2020-11-27,Mendocino,45,87422,1566,1387,8,1395,22
2020-11-27,Merced,47,269075,12297,11550,110,11660,172
2020-11-27,Modoc,49,8938,125,100,22,122,0
2020-11-27,Mono,51,14174,548,498,9,507,3
2020-11-27,Monterey,53,433212,16122,14753,291,15044,113
2020-11-27,Napa,55,140530,3441,2988,15,3003,18
2020-11-27,Nevada,57,99092,1522,1184,35,1219,9
2020-11-27,Orange,59,3164182,83260,75151,2587,77738,1568
2020-11-27,Placer,61,380077,7758,6283,154,6437,68
2020-11-27,Plumas,63,18699,234,188,0,188,0
2020-11-27,Riverside,65,2383286,95746,85769,2046,87815,1440
2020-11-27,Sacramento,67,1510023,39242,36579,144,36723,579
2020-11-27,San Benito,69,59416,1944,1805,14,1819,15
2020-11-27,San Bernardino,71,2135413,101697,90254,1468,91722,1224
2020-11-27,San Diego,73,3302833,85544,78161,0,78161,996
2020-11-27,San Francisco,75,870044,16041,15377,108,15485,153
2020-11-27,San Joaquin,77,732212,27504,25741,571,26312,509
2020-11-27,San Luis Obispo,79,281455,6527,6039,108,6147,36
2020-11-27,San Mateo,81,765935,15113,13872,14,13886,169
2020-11-27,Santa Barbara,83,443738,12242,11340,202,11542,140
2020-11-27,Santa Clara,85,1922200,37212,32935,84,33019,449
2020-11-27,Santa Cruz,87,273765,4919,4358,70,4428,26
2020-11-27,Shasta,89,179085,5644,4710,213,4923,43
2020-11-27,Sierra,91,2930,18,16,0,16,0
2020-11-27,Siskiyou,93,43540,680,554,36,590,1
2020-11-27,Solano,95,438530,10957,10044,76,10120,87
2020-11-27,Sonoma,97,501317,12846,11924,62,11986,162
2020-11-27,Stanislaus,99,539301,22612,21185,1551,22736,446
2020-11-27,Sutter,101,95872,3707,3101,12,3113,15
2020-11-27,Tehama,103,63373,1821,1649,39,1688,9
2020-11-27,Trinity,105,12862,203,151,12,163,0
2020-11-27,Tulare,107,460477,22094,20634,1605,22239,319
2020-11-27,Tuolumne,109,53932,1133,881,3,884,7
2020-11-27,Ventura,111,848112,21139,19379,689,20068,179
2020-11-27,Yolo,113,214977,5200,4737,16,4753,79
2020-11-27,Yuba,115,75493,2169,1864,12,1876,10
2020-11-26,Alameda,1,1643700,30876,28797,367,29164,447
2020-11-26,Alpine,3,1148,52,41,0,41,0
2020-11-26,Amador,5,37829,591,488,1,489,16
2020-11-26,Butte,7,227075,4236,3894,210,4104,65
2020-11-26,Calaveras,9,45235,506,478,0,478,21
2020-11-26,Colusa,11,21464,788,694,3,697,6
2020-11-26,Contra Costa,13,1133247,24990,23468,169,23637,264
2020-11-26,Del Norte,15,27424,369,307,0,307,2
2020-11-26,El Dorado,17,186661,2846,2217,27,2244,4
2020-11-26,Fresno,19,978130,42477,37724,1461,39185,500
2020-11-26,Glenn,21,27897,1020,892,46,938,4
2020-11-26,Humboldt,23,135768,930,795,1,796,9
2020-11-26,Imperial,25,180216,16583,15722,92,15814,355
2020-11-26,Inyo,27,18085,311,289,1,290,15
2020-11-26,Kern,29,883053,41857,39123,1303,40426,471
2020-11-26,Kings,31,150075,11673,10475,176,10651,85
2020-11-26,Lake,33,64148,1018,890,0,890,18
2020-11-26,Lassen,35,31185,2235,1714,7,1721,0
2020-11-26,Los Angeles,37,10098052,404719,378340,6681,385021,7581
2020-11-26,Madera,39,155013,6572,6003,154,6157,57
2020-11-26,Marin,41,260295,7841,7610,28,7638,135
2020-11-26,Mariposa,43,17540,138,116,2,118,2
2020-11-26,Mendocino,45,87422,1552,1387,6,1393,22
2020-11-26,Merced,47,269075,12150,11440,108,11548,172
2020-11-26,Modoc,49,8938,123,100,22,122,0
2020-11-26,Mono,51,14174,540,485,8,493,2
2020-11-26,Monterey,53,433212,15885,14750,283,15033,113
2020-11-26,Napa,55,140530,3376,2988,15,3003,18
2020-11-26,Nevada,57,99092,1476,1184,35,1219,9
2020-11-26,Orange,59,3164182,81902,74264,2520,76784,1563
2020-11-26,Placer,61,380077,7598,6278,145,6423,68
2020-11-26,Plumas,63,18699,226,188,0,188,0
2020-11-26,Riverside,65,2383286,94158,85774,1912,87686,1440
2020-11-26,Sacramento,67,1510023,38598,35854,136,35990,580
2020-11-26,San Benito,69,59416,1917,1769,14,1783,15
2020-11-26,San Bernardino,71,2135413,100057,89727,1372,91099,1223
2020-11-26,San Diego,73,3302833,83935,76359,0,76359,996
2020-11-26,San Francisco,75,870044,15904,15156,105,15261,153
2020-11-26,San Joaquin,77,732212,27251,25738,556,26294,509
2020-11-26,San Luis Obispo,79,281455,6434,5964,105,6069,36
2020-11-26,San Mateo,81,765935,14926,13715,12,13727,169
2020-11-26,Santa Barbara,83,443738,12161,11277,201,11478,139
2020-11-26,Santa Clara,85,1922200,36572,32411,75,32486,446
2020-11-26,Santa Cruz,87,273765,4789,4269,64,4333,26
2020-11-26,Shasta,89,179085,5563,4712,201,4913,43
2020-11-26,Sierra,91,2930,18,15,0,15,0
2020-11-26,Siskiyou,93,43540,670,526,35,561,1
2020-11-26,Solano,95,438530,10814,9941,74,10015,87
2020-11-26,Sonoma,97,501317,12698,11922,60,11982,162
2020-11-26,Stanislaus,99,539301,22384,21186,1507,22693,445
2020-11-26,Sutter,101,95872,3613,3101,11,3112,15
2020-11-26,Tehama,103,63373,1780,1612,35,1647,9
2020-11-26,Trinity,105,12862,200,139,12,151,0
2020-11-26,Tulare,107,460477,21860,20649,1536,22185,319
2020-11-26,Tuolumne,109,53932,1105,871,3,874,7
2020-11-26,Ventura,111,848112,20643,19058,674,19732,179
2020-11-26,Yolo,113,214977,5112,4566,16,4582,76
2020-11-26,Yuba,115,75493,2111,1865,10,1875,10
2020-11-25,Alameda,1,1643700,30660,28378,359,28737,447
2020-11-25,Alpine,3,1148,52,41,0,41,0
2020-11-25,Amador,5,37829,581,484,1,485,16
2020-11-25,Butte,7,227075,4206,3848,207,4055,64
2020-11-25,Calaveras,9,45235,503,475,0,475,21
2020-11-25,Colusa,11,21464,771,693,3,696,6
2020-11-25,Contra Costa,13,1133247,24835,23307,168,23475,263
2020-11-25,Del Norte,15,27424,368,304,0,304,2
2020-11-25,El Dorado,17,186661,2810,2154,27,2181,4
2020-11-25,Fresno,19,978130,42245,37349,1439,38788,494
2020-11-25,Glenn,21,27897,1003,891,44,935,4
2020-11-25,Humboldt,23,135768,922,777,1,778,9
2020-11-25,Imperial,25,180216,16513,15640,90,15730,355
2020-11-25,Inyo,27,18085,309,289,1,290,15
2020-11-25,Kern,29,883053,41703,38878,1284,40162,467
2020-11-25,Kings,31,150075,11638,10417,172,10589,85
2020-11-25,Lake,33,64148,1001,878,0,878,18
2020-11-25,Lassen,35,31185,2193,1701,7,1708,0
2020-11-25,Los Angeles,37,10098052,401701,373919,6569,380488,7545
2020-11-25,Madera,39,155013,6550,5989,151,6140,57
2020-11-25,Marin,41,260295,7814,7601,27,7628,135
2020-11-25,Mariposa,43,17540,137,114,2,116,2
2020-11-25,Mendocino,45,87422,1533,1373,6,1379,22
2020-11-25,Merced,47,269075,12092,11346,108,11454,172
2020-11-25,Modoc,49,8938,123,96,22,118,0
2020-11-25,Mono,51,14174,535,487,8,495,2
2020-11-25,Monterey,53,433212,15768,14695,281,14976,113
2020-11-25,Napa,55,140530,3343,2945,15,2960,17
2020-11-25,Nevada,57,99092,1458,1170,33,1203,9
2020-11-25,Orange,59,3164182,81158,73014,2500,75514,1551
2020-11-25,Placer,61,380077,7524,6221,144,6365,68
2020-11-25,Plumas,63,18699,221,183,0,183,0
2020-11-25,Riverside,65,2383286,93622,85077,1890,86967,1438
2020-11-25,Sacramento,67,1510023,38258,35687,133,35820,574
2020-11-25,San Benito,69,59416,1895,1764,14,1778,15
2020-11-25,San Bernardino,71,2135413,99220,88469,1342,89811,1225
2020-11-25,San Diego,73,3302833,83282,75307,0,75307,988
2020-11-25,San Francisco,75,870044,15799,15053,103,15156,153
2020-11-25,San Joaquin,77,732212,27126,25556,544,26100,515
2020-11-25,San Luis Obispo,79,281455,6391,5913,104,6017,34
2020-11-25,San Mateo,81,765935,14811,13614,12,13626,170
2020-11-25,Santa Barbara,83,443738,12111,11183,201,11384,138
2020-11-25,Santa Clara,85,1922200,36125,32032,74,32106,442
2020-11-25,Santa Cruz,87,273765,4738,4202,62,4264,25
2020-11-25,Shasta,89,179085,5517,4588,194,4782,43
2020-11-25,Sierra,91,2930,18,15,0,15,0
2020-11-25,Siskiyou,93,43540,663,499,35,534,1
2020-11-25,Solano,95,438530,10709,9832,73,9905,87
2020-11-25,Sonoma,97,501317,12635,11775,59,11834,162
2020-11-25,Stanislaus,99,539301,22255,21022,1478,22500,445
2020-11-25,Sutter,101,95872,3569,3064,11,3075,14
2020-11-25,Tehama,103,63373,1768,1587,31,1618,9
2020-11-25,Trinity,105,12862,198,135,12,147,0
2020-11-25,Tulare,107,460477,21770,20528,1504,22032,318
2020-11-25,Tuolumne,109,53932,1088,842,3,845,7
2020-11-25,Ventura,111,848112,20550,18914,668,19582,179
2020-11-25,Yolo,113,214977,5076,4527,16,4543,76
2020-11-25,Yuba,115,75493,2085,1840,10,1850,10
2020-11-24,Alameda,1,1643700,30182,28030,348,28378,444
2020-11-24,Alpine,3,1148,52,41,0,41,0
2020-11-24,Amador,5,37829,556,470,1,471,16
2020-11-24,Butte,7,227075,4120,3798,199,3997,63
2020-11-24,Calaveras,9,45235,496,466,0,466,21
2020-11-24,Colusa,11,21464,753,682,3,685,6
2020-11-24,Contra Costa,13,1133247,24481,23072,162,23234,259
2020-11-24,Del Norte,15,27424,358,298,0,298,2
2020-11-24,El Dorado,17,186661,2705,2005,26,2031,4
2020-11-24,Fresno,19,978130,41844,37021,1360,38381,493
2020-11-24,Glenn,21,27897,985,883,40,923,4
2020-11-24,Humboldt,23,135768,903,774,1,775,9
2020-11-24,Imperial,25,180216,16411,15600,83,15683,355
2020-11-24,Inyo,27,18085,308,282,1,283,15
2020-11-24,Kern,29,883053,41233,38551,1205,39756,465
2020-11-24,Kings,31,150075,11371,10338,159,10497,85
2020-11-24,Lake,33,64148,986,872,0,872,18
2020-11-24,Lassen,35,31185,2171,1657,7,1664,0
2020-11-24,Los Angeles,37,10098052,395397,370008,6328,376336,7501
2020-11-24,Madera,39,155013,6467,5881,144,6025,57
2020-11-24,Marin,41,260295,7767,7591,27,7618,135
2020-11-24,Mariposa,43,17540,127,114,1,115,2
2020-11-24,Mendocino,45,87422,1511,1346,5,1351,22
2020-11-24,Merced,47,269075,11903,11268,103,11371,171
2020-11-24,Modoc,49,8938,119,91,22,113,0
2020-11-24,Mono,51,14174,531,483,8,491,2
2020-11-24,Monterey,53,433212,15510,14354,269,14623,113
2020-11-24,Napa,55,140530,3277,2904,15,2919,17
2020-11-24,Nevada,57,99092,1395,1156,30,1186,9
2020-11-24,Orange,59,3164182,79722,71975,2415,74390,1547
2020-11-24,Placer,61,380077,7344,6147,137,6284,67
2020-11-24,Plumas,63,18699,218,180,0,180,0
2020-11-24,Riverside,65,2383286,91872,83685,1756,85441,1420
2020-11-24,Sacramento,67,1510023,37578,35097,125,35222,568
2020-11-24,San Benito,69,59416,1864,1740,13,1753,15
2020-11-24,San Bernardino,71,2135413,96890,86645,1235,87880,1226
2020-11-24,San Diego,73,3302833,81876,74363,0,74363,984
2020-11-24,San Francisco,75,870044,15604,14874,100,14974,153
2020-11-24,San Joaquin,77,732212,26812,25318,513,25831,517
2020-11-24,San Luis Obispo,79,281455,6328,5805,103,5908,34
2020-11-24,San Mateo,81,765935,14602,13558,11,13569,170
2020-11-24,Santa Barbara,83,443738,12005,11154,199,11353,138
2020-11-24,Santa Clara,85,1922200,35339,31564,70,31634,438
2020-11-24,Santa Cruz,87,273765,4626,4132,61,4193,25
2020-11-24,Shasta,89,179085,5417,4410,175,4585,43
2020-11-24,Sierra,91,2930,18,15,0,15,0
2020-11-24,Siskiyou,93,43540,645,473,32,505,1
2020-11-24,Solano,95,438530,10538,9716,72,9788,86
2020-11-24,Sonoma,97,501317,12455,11644,56,11700,162
2020-11-24,Stanislaus,99,539301,22015,20830,1434,22264,438
2020-11-24,Sutter,101,95872,3464,2974,11,2985,14
2020-11-24,Tehama,103,63373,1718,1565,26,1591,9
2020-11-24,Trinity,105,12862,192,129,12,141,0
2020-11-24,Tulare,107,460477,21524,20319,1438,21757,315
2020-11-24,Tuolumne,109,53932,1060,832,3,835,7
2020-11-24,Ventura,111,848112,20169,18637,656,19293,179
2020-11-24,Yolo,113,214977,4992,4420,16,4436,76
2020-11-24,Yuba,115,75493,2034,1804,8,1812,10
2020-11-23,Alameda,1,1643700,29768,27718,335,28053,444
2020-11-23,Alpine,3,1148,50,41,0,41,0
2020-11-23,Amador,5,37829,515,457,1,458,16
2020-11-23,Butte,7,227075,4056,3765,193,3958,61
2020-11-23,Calaveras,9,45235,478,434,0,434,21
2020-11-23,Colusa,11,21464,739,662,3,665,6
2020-11-23,Contra Costa,13,1133247,24210,22674,156,22830,260
2020-11-23,Del Norte,15,27424,336,296,0,296,2
2020-11-23,El Dorado,17,186661,2584,2005,25,2030,4
2020-11-23,Fresno,19,978130,41398,36688,1298,37986,488
2020-11-23,Glenn,21,27897,959,853,40,893,4
2020-11-23,Humboldt,23,135768,890,746,1,747,9
2020-11-23,Imperial,25,180216,16241,15104,78,15182,355
2020-11-23,Inyo,27,18085,301,279,1,280,15
2020-11-23,Kern,29,883053,40722,38245,1140,39385,463
2020-11-23,Kings,31,150075,10952,10204,151,10355,85
2020-11-23,Lake,33,64148,962,840,0,840,18
2020-11-23,Lassen,35,31185,2091,1271,6,1277,0
2020-11-23,Los Angeles,37,10098052,389312,366374,6069,372443,7447
2020-11-23,Madera,39,155013,6342,5787,140,5927,56
2020-11-23,Marin,41,260295,7725,7543,27,7570,135
2020-11-23,Mariposa,43,17540,126,97,1,98,2
2020-11-23,Mendocino,45,87422,1481,1330,5,1335,22
2020-11-23,Merced,47,269075,11716,11148,100,11248,169
2020-11-23,Modoc,49,8938,105,91,21,112,0
2020-11-23,Mono,51,14174,518,480,8,488,2
2020-11-23,Monterey,53,433212,15232,14265,262,14527,112
2020-11-23,Napa,55,140530,3211,2811,14,2825,17
2020-11-23,Nevada,57,99092,1306,1087,30,1117,9
2020-11-23,Orange,59,3164182,78329,71074,2367,73441,1546
2020-11-23,Placer,61,380077,7139,5999,136,6135,66
2020-11-23,Plumas,63,18699,214,172,0,172,0
2020-11-23,Riverside,65,2383286,90094,82175,1694,83869,1415
2020-11-23,Sacramento,67,1510023,37019,34141,116,34257,556
2020-11-23,San Benito,69,59416,1835,1729,12,1741,15
2020-11-23,San Bernardino,71,2135413,94784,84387,1171,85558,1224
2020-11-23,San Diego,73,3302833,80414,72817,0,72817,968
2020-11-23,San Francisco,75,870044,15446,14646,98,14744,153
2020-11-23,San Joaquin,77,732212,26463,24622,509,25131,517
2020-11-23,San Luis Obispo,79,281455,6245,5772,101,5873,34
2020-11-23,San Mateo,81,765935,14410,13364,11,13375,170
2020-11-23,Santa Barbara,83,443738,11897,10944,195,11139,137
2020-11-23,Santa Clara,85,1922200,34690,31064,66,31130,435
2020-11-23,Santa Cruz,87,273765,4517,4003,56,4059,25
2020-11-23,Shasta,89,179085,5300,4100,162,4262,43
2020-11-23,Sierra,91,2930,17,15,0,15,0
2020-11-23,Siskiyou,93,43540,618,460,31,491,0
2020-11-23,Solano,95,438530,10381,9394,69,9463,86
2020-11-23,Sonoma,97,501317,12282,11507,52,11559,160
2020-11-23,Stanislaus,99,539301,21723,20487,1401,21888,436
2020-11-23,Sutter,101,95872,3326,2840,10,2850,14
2020-11-23,Tehama,103,63373,1670,1526,23,1549,9
2020-11-23,Trinity,105,12862,186,120,10,130,0
2020-11-23,Tulare,107,460477,21238,19818,1364,21182,315
2020-11-23,Tuolumne,109,53932,1020,774,3,777,7
2020-11-23,Ventura,111,848112,19795,18480,644,19124,179
2020-11-23,Yolo,113,214977,4912,4265,15,4280,75
2020-11-23,Yuba,115,75493,1967,1702,8,1710,10
2020-11-22,Alameda,1,1643700,29335,27472,323,27795,444
2020-11-22,Alpine,3,1148,47,41,0,41,0
2020-11-22,Amador,5,37829,503,450,1,451,16
2020-11-22,Butte,7,227075,4007,3712,183,3895,61
2020-11-22,Calaveras,9,45235,466,434,0,434,21
2020-11-22,Colusa,11,21464,721,642,2,644,6
2020-11-22,Contra Costa,13,1133247,23905,22407,151,22558,260
2020-11-22,Del Norte,15,27424,312,271,0,271,2
2020-11-22,El Dorado,17,186661,2473,1917,22,1939,4
2020-11-22,Fresno,19,978130,40918,36315,1239,37554,488
2020-11-22,Glenn,21,27897,939,832,34,866,4
2020-11-22,Humboldt,23,135768,874,729,1,730,9
2020-11-22,Imperial,25,180216,16037,15109,32,15141,355
2020-11-22,Inyo,27,18085,294,279,1,280,15
2020-11-22,Kern,29,883053,40146,37904,1103,39007,463
2020-11-22,Kings,31,150075,10851,10035,142,10177,85
2020-11-22,Lake,33,64148,940,834,0,834,18
2020-11-22,Lassen,35,31185,1926,1211,5,1216,0
2020-11-22,Los Angeles,37,10098052,383041,360341,5807,366148,7438
2020-11-22,Madera,39,155013,6262,5745,129,5874,56
2020-11-22,Marin,41,260295,7690,7506,26,7532,135
2020-11-22,Mariposa,43,17540,125,95,1,96,2
2020-11-22,Mendocino,45,87422,1457,1285,3,1288,22
2020-11-22,Merced,47,269075,11567,10939,100,11039,169
2020-11-22,Modoc,49,8938,104,87,19,106,0
2020-11-22,Mono,51,14174,498,481,8,489,2
2020-11-22,Monterey,53,433212,14991,13887,256,14143,111
2020-11-22,Napa,55,140530,3131,2778,14,2792,17
2020-11-22,Nevada,57,99092,1248,1052,30,1082,9
2020-11-22,Orange,59,3164182,76917,69913,2327,72240,1546
2020-11-22,Placer,61,380077,6924,5880,125,6005,66
2020-11-22,Plumas,63,18699,201,172,0,172,0
2020-11-22,Riverside,65,2383286,88507,81565,1631,83196,1409
2020-11-22,Sacramento,67,1510023,36288,33421,103,33524,555
2020-11-22,San Benito,69,59416,1806,1704,12,1716,15
2020-11-22,San Bernardino,71,2135413,92445,83505,1096,84601,1224
2020-11-22,San Diego,73,3302833,78679,71649,0,71649,968
2020-11-22,San Francisco,75,870044,15275,14515,97,14612,153
2020-11-22,San Joaquin,77,732212,26167,24619,496,25115,517
2020-11-22,San Luis Obispo,79,281455,6143,5664,100,5764,34
2020-11-22,San Mateo,81,765935,14206,13228,11,13239,170
2020-11-22,Santa Barbara,83,443738,11762,10946,189,11135,137
2020-11-22,Santa Clara,85,1922200,34013,30633,64,30697,434
2020-11-22,Santa Cruz,87,273765,4435,3896,49,3945,25
2020-11-22,Shasta,89,179085,5143,4100,143,4243,43
2020-11-22,Sierra,91,2930,17,13,0,13,0
2020-11-22,Siskiyou,93,43540,586,411,31,442,0
2020-11-22,Solano,95,438530,10211,9363,65,9428,86
2020-11-22,Sonoma,97,501317,12124,11415,50,11465,159
2020-11-22,Stanislaus,99,539301,21399,20223,1367,21590,436
2020-11-22,Sutter,101,95872,3208,2677,10,2687,13
2020-11-22,Tehama,103,63373,1636,1457,18,1475,9
2020-11-22,Trinity,105,12862,182,114,10,124,0
2020-11-22,Tulare,107,460477,20990,19818,1291,21109,314
2020-11-22,Tuolumne,109,53932,994,689,3,692,7
2020-11-22,Ventura,111,848112,19434,18105,632,18737,179
2020-11-22,Yolo,113,214977,4812,4206,15,4221,75
2020-11-22,Yuba,115,75493,1914,1672,8,1680,10
2020-11-21,Alameda,1,1643700,29152,27424,321,27745,444
2020-11-21,Alpine,3,1148,47,41,0,41,0
2020-11-21,Amador,5,37829,489,450,1,451,16
2020-11-21,Butte,7,227075,3959,3664,180,3844,61
2020-11-21,Calaveras,9,45235,460,434,0,434,21
2020-11-21,Colusa,11,21464,712,642,2,644,6
2020-11-21,Contra Costa,13,1133247,23751,22338,149,22487,260
2020-11-21,Del Norte,15,27424,307,271,0,271,2
2020-11-21,El Dorado,17,186661,2424,1900,21,1921,4
2020-11-21,Fresno,19,978130,40663,35973,1206,37179,482
2020-11-21,Glenn,21,27897,934,829,32,861,4
2020-11-21,Humboldt,23,135768,864,728,1,729,9
2020-11-21,Imperial,25,180216,15959,15053,32,15085,355
2020-11-21,Inyo,27,18085,292,283,1,284,15
2020-11-21,Kern,29,883053,39896,37403,1065,38468,463
2020-11-21,Kings,31,150075,10803,10019,138,10157,85
2020-11-21,Lake,33,64148,927,832,0,832,18
2020-11-21,Lassen,35,31185,1858,1211,5,1216,0
2020-11-21,Los Angeles,37,10098052,379875,357754,5652,363406,7428
2020-11-21,Madera,39,155013,6225,5706,129,5835,56
2020-11-21,Marin,41,260295,7667,7488,25,7513,134
2020-11-21,Mariposa,43,17540,125,92,1,93,2
2020-11-21,Mendocino,45,87422,1426,1282,3,1285,22
2020-11-21,Merced,47,269075,11506,10849,99,10948,169
2020-11-21,Modoc,49,8938,100,87,18,105,0
2020-11-21,Mono,51,14174,493,469,8,477,2
2020-11-21,Monterey,53,433212,14893,13886,250,14136,110
2020-11-21,Napa,55,140530,3097,2757,14,2771,17
2020-11-21,Nevada,57,99092,1236,1018,29,1047,9
2020-11-21,Orange,59,3164182,76113,69021,2296,71317,1543
2020-11-21,Placer,61,380077,6812,5778,122,5900,65
2020-11-21,Plumas,63,18699,196,172,0,172,0
2020-11-21,Riverside,65,2383286,87735,80676,1581,82257,1407
2020-11-21,Sacramento,67,1510023,35896,33133,95,33228,548
2020-11-21,San Benito,69,59416,1787,1691,12,1703,15
2020-11-21,San Bernardino,71,2135413,91573,83206,1015,84221,1222
2020-11-21,San Diego,73,3302833,77900,70711,0,70711,966
2020-11-21,San Francisco,75,870044,15172,14445,96,14541,153
2020-11-21,San Joaquin,77,732212,26035,24620,480,25100,517
2020-11-21,San Luis Obispo,79,281455,6091,5618,97,5715,34
2020-11-21,San Mateo,81,765935,14104,13138,11,13149,170
2020-11-21,Santa Barbara,83,443738,11711,10922,186,11108,137
2020-11-21,Santa Clara,85,1922200,33632,30377,61,30438,433
2020-11-21,Santa Cruz,87,273765,4379,3898,48,3946,25
2020-11-21,Shasta,89,179085,5070,4095,140,4235,42
2020-11-21,Sierra,91,2930,17,13,0,13,0
2020-11-21,Siskiyou,93,43540,570,403,31,434,0
2020-11-21,Solano,95,438530,10122,9290,61,9351,86
2020-11-21,Sonoma,97,501317,12049,11394,48,11442,158
2020-11-21,Stanislaus,99,539301,21256,20111,1342,21453,435
2020-11-21,Sutter,101,95872,3148,2615,9,2624,13
2020-11-21,Tehama,103,63373,1616,1435,17,1452,9
2020-11-21,Trinity,105,12862,179,110,9,119,0
2020-11-21,Tulare,107,460477,20865,19752,1257,21009,313
2020-11-21,Tuolumne,109,53932,975,690,3,693,7
2020-11-21,Ventura,111,848112,19271,18040,622,18662,177
2020-11-21,Yolo,113,214977,4736,4147,14,4161,75
2020-11-21,Yuba,115,75493,1882,1643,8,1651,10
2020-11-20,Alameda,1,1643700,28942,27221,313,27534,444
2020-11-20,Alpine,3,1148,47,20,0,20,0
2020-11-20,Amador,5,37829,485,446,1,447,16
2020-11-20,Butte,7,227075,3927,3618,176,3794,60
2020-11-20,Calaveras,9,45235,448,424,0,424,21
2020-11-20,Colusa,11,21464,704,631,1,632,6
2020-11-20,Contra Costa,13,1133247,23565,22116,144,22260,260
2020-11-20,Del Norte,15,27424,303,264,0,264,2
2020-11-20,El Dorado,17,186661,2329,1868,19,1887,4
2020-11-20,Fresno,19,978130,40372,35635,1173,36808,480
2020-11-20,Glenn,21,27897,922,826,30,856,4
2020-11-20,Humboldt,23,135768,855,714,0,714,9
2020-11-20,Imperial,25,180216,15897,14864,28,14892,353
2020-11-20,Inyo,27,18085,290,262,1,263,15
2020-11-20,Kern,29,883053,39604,37143,1039,38182,462
2020-11-20,Kings,31,150075,10756,9903,136,10039,85
2020-11-20,Lake,33,64148,918,820,0,820,18
2020-11-20,Lassen,35,31185,1773,1212,4,1216,0
2020-11-20,Los Angeles,37,10098052,375999,353554,5485,359039,7398
2020-11-20,Madera,39,155013,6133,5635,127,5762,54
2020-11-20,Marin,41,260295,7643,7467,24,7491,134
2020-11-20,Mariposa,43,17540,117,89,1,90,2
2020-11-20,Mendocino,45,87422,1406,1269,3,1272,22
2020-11-20,Merced,47,269075,11420,10729,99,10828,167
2020-11-20,Modoc,49,8938,100,83,18,101,0
2020-11-20,Mono,51,14174,492,469,8,477,2
2020-11-20,Monterey,53,433212,14768,13738,241,13979,110
2020-11-20,Napa,55,140530,3067,2718,14,2732,17
2020-11-20,Nevada,57,99092,1218,990,28,1018,9
2020-11-20,Orange,59,3164182,75285,68212,2255,70467,1532
2020-11-20,Placer,61,380077,6682,5687,106,5793,66
2020-11-20,Plumas,63,18699,193,163,0,163,0
2020-11-20,Riverside,65,2383286,86729,79613,1513,81126,1405
2020-11-20,Sacramento,67,1510023,35516,32832,85,32917,549
2020-11-20,San Benito,69,59416,1775,1668,12,1680,15
2020-11-20,San Bernardino,71,2135413,90208,81203,931,82134,1220
2020-11-20,San Diego,73,3302833,76902,69233,0,69233,960
2020-11-20,San Francisco,75,870044,15068,14327,95,14422,153
2020-11-20,San Joaquin,77,732212,25883,24460,466,24926,515
2020-11-20,San Luis Obispo,79,281455,6037,5524,94,5618,34
2020-11-20,San Mateo,81,765935,13971,12980,10,12990,169
2020-11-20,Santa Barbara,83,443738,11654,10825,180,11005,136
2020-11-20,Santa Clara,85,1922200,33211,30002,55,30057,431
2020-11-20,Santa Cruz,87,273765,4313,3815,48,3863,25
2020-11-20,Shasta,89,179085,4996,3861,135,3996,42
2020-11-20,Sierra,91,2930,17,12,0,12,0
2020-11-20,Siskiyou,93,43540,557,387,29,416,0
2020-11-20,Solano,95,438530,10031,9216,58,9274,85
2020-11-20,Sonoma,97,501317,11965,11316,47,11363,158
2020-11-20,Stanislaus,99,539301,21103,19889,1314,21203,433
2020-11-20,Sutter,101,95872,3099,2580,9,2589,13
2020-11-20,Tehama,103,63373,1602,1410,13,1423,9
2020-11-20,Trinity,105,12862,178,102,9,111,0
2020-11-20,Tulare,107,460477,20734,19568,1216,20784,311
2020-11-20,Tuolumne,109,53932,936,662,3,665,7
2020-11-20,Ventura,111,848112,19104,17741,594,18335,175
2020-11-20,Yolo,113,214977,4658,4081,13,4094,74
2020-11-20,Yuba,115,75493,1854,1611,8,1619,10
2020-11-19,Alameda,1,1643700,28599,26971,304,27275,441
2020-11-19,Alpine,3,1148,44,20,0,20,0
2020-11-19,Amador,5,37829,481,436,1,437,16
2020-11-19,Butte,7,227075,3878,3576,169,3745,60
2020-11-19,Calaveras,9,45235,439,417,0,417,21
2020-11-19,Colusa,11,21464,686,621,1,622,6
2020-11-19,Contra Costa,13,1133247,23295,21886,141,22027,259
2020-11-19,Del Norte,15,27424,295,251,0,251,2
2020-11-19,El Dorado,17,186661,2255,1825,18,1843,4
2020-11-19,Fresno,19,978130,39928,35278,1113,36391,478
2020-11-19,Glenn,21,27897,900,806,29,835,4
2020-11-19,Humboldt,23,135768,835,693,0,693,9
2020-11-19,Imperial,25,180216,15687,14507,28,14535,349
2020-11-19,Inyo,27,18085,288,262,1,263,15
2020-11-19,Kern,29,883053,39185,36779,995,37774,459
2020-11-19,Kings,31,150075,10609,9763,128,9891,85
2020-11-19,Lake,33,64148,904,809,0,809,18
2020-11-19,Lassen,35,31185,1656,1201,2,1203,0
2020-11-19,Los Angeles,37,10098052,370933,349493,5307,354800,7365
2020-11-19,Madera,39,155013,6061,5540,120,5660,54
2020-11-19,Marin,41,260295,7612,7451,24,7475,134
2020-11-19,Mariposa,43,17540,110,88,0,88,2
2020-11-19,Mendocino,45,87422,1385,1237,3,1240,23
2020-11-19,Merced,47,269075,11279,10634,93,10727,167
2020-11-19,Modoc,49,8938,97,82,18,100,0
2020-11-19,Mono,51,14174,486,468,8,476,2
2020-11-19,Monterey,53,433212,14553,13369,230,13599,108
2020-11-19,Napa,55,140530,3013,2641,14,2655,17
2020-11-19,Nevada,57,99092,1177,945,27,972,9
2020-11-19,Orange,59,3164182,74017,66998,2208,69206,1530
2020-11-19,Placer,61,380077,6492,5612,105,5717,65
2020-11-19,Plumas,63,18699,188,158,0,158,0
2020-11-19,Riverside,65,2383286,85259,78535,1441,79976,1402
2020-11-19,Sacramento,67,1510023,34999,32367,83,32450,546
2020-11-19,San Benito,69,59416,1752,1643,12,1655,15
2020-11-19,San Bernardino,71,2135413,88317,79244,847,80091,1215
2020-11-19,San Diego,73,3302833,75654,68142,0,68142,952
2020-11-19,San Francisco,75,870044,14912,14178,89,14267,153
2020-11-19,San Joaquin,77,732212,25564,24270,454,24724,516
2020-11-19,San Luis Obispo,79,281455,5961,5410,91,5501,34
2020-11-19,San Mateo,81,765935,13833,12714,10,12724,169
2020-11-19,Santa Barbara,83,443738,11574,10741,176,10917,136
2020-11-19,Santa Clara,85,1922200,32653,29630,54,29684,424
2020-11-19,Santa Cruz,87,273765,4222,3679,46,3725,25
2020-11-19,Shasta,89,179085,4859,3685,124,3809,42
2020-11-19,Sierra,91,2930,17,11,0,11,0
2020-11-19,Siskiyou,93,43540,532,360,28,388,0
2020-11-19,Solano,95,438530,9894,9093,54,9147,84
2020-11-19,Sonoma,97,501317,11795,11205,45,11250,156
2020-11-19,Stanislaus,99,539301,20861,19736,1272,21008,433
2020-11-19,Sutter,101,95872,3002,2509,9,2518,13
2020-11-19,Tehama,103,63373,1569,1373,10,1383,9
2020-11-19,Trinity,105,12862,172,97,9,106,0
2020-11-19,Tulare,107,460477,20512,19384,1149,20533,304
2020-11-19,Tuolumne,109,53932,904,602,3,605,7
2020-11-19,Ventura,111,848112,18751,17300,581,17881,174
2020-11-19,Yolo,113,214977,4563,3973,13,3986,72
2020-11-19,Yuba,115,75493,1814,1568,8,1576,10
2020-11-18,Alameda,1,1643700,28337,26610,299,26909,440
2020-11-18,Alpine,3,1148,43,16,0,16,0
2020-11-18,Amador,5,37829,476,430,1,431,16
2020-11-18,Butte,7,227075,3825,3537,156,3693,59
2020-11-18,Calaveras,9,45235,433,409,0,409,21
2020-11-18,Colusa,11,21464,673,611,1,612,6
2020-11-18,Contra Costa,13,1133247,23028,21685,137,21822,258
2020-11-18,Del Norte,15,27424,281,240,0,240,2
2020-11-18,El Dorado,17,186661,2168,1799,17,1816,4
2020-11-18,Fresno,19,978130,39491,34997,1059,36056,474
2020-11-18,Glenn,21,27897,884,803,27,830,4
2020-11-18,Humboldt,23,135768,821,690,0,690,9
2020-11-18,Imperial,25,180216,15464,14428,27,14455,348
2020-11-18,Inyo,27,18085,286,262,1,263,15
2020-11-18,Kern,29,883053,38799,36537,942,37479,456
2020-11-18,Kings,31,150075,10461,9696,125,9821,85
2020-11-18,Lake,33,64148,891,802,0,802,18
2020-11-18,Lassen,35,31185,1556,1124,2,1126,0
2020-11-18,Los Angeles,37,10098052,366218,344675,5114,349789,7338
2020-11-18,Madera,39,155013,5974,5519,108,5627,54
2020-11-18,Marin,41,260295,7588,7435,24,7459,134
2020-11-18,Mariposa,43,17540,107,88,0,88,2
2020-11-18,Mendocino,45,87422,1365,1237,3,1240,23
2020-11-18,Merced,47,269075,11164,10536,91,10627,166
2020-11-18,Modoc,49,8938,94,77,18,95,0
2020-11-18,Mono,51,14174,481,468,8,476,2
2020-11-18,Monterey,53,433212,14361,13340,215,13555,108
2020-11-18,Napa,55,140530,2966,2607,14,2621,17
2020-11-18,Nevada,57,99092,1138,933,25,958,9
2020-11-18,Orange,59,3164182,72925,66381,2185,68566,1521
2020-11-18,Placer,61,380077,6315,5543,100,5643,64
2020-11-18,Plumas,63,18699,183,143,0,143,0
2020-11-18,Riverside,65,2383286,83838,77739,1339,79078,1387
2020-11-18,Sacramento,67,1510023,34375,31816,75,31891,541
2020-11-18,San Benito,69,59416,1727,1632,11,1643,15
2020-11-18,San Bernardino,71,2135413,86564,77400,764,78164,1206
2020-11-18,San Diego,73,3302833,74364,67243,0,67243,945
2020-11-18,San Francisco,75,870044,14768,14057,87,14144,153
2020-11-18,San Joaquin,77,732212,25298,24146,439,24585,517
2020-11-18,San Luis Obispo,79,281455,5886,5322,90,5412,34
2020-11-18,San Mateo,81,765935,13681,12631,9,12640,169
2020-11-18,Santa Barbara,83,443738,11495,10684,169,10853,136
2020-11-18,Santa Clara,85,1922200,32188,29285,49,29334,421
2020-11-18,Santa Cruz,87,273765,4130,3618,44,3662,25
2020-11-18,Shasta,89,179085,4723,3547,120,3667,42
2020-11-18,Sierra,91,2930,17,11,0,11,0
2020-11-18,Siskiyou,93,43540,500,351,27,378,0
2020-11-18,Solano,95,438530,9762,8994,52,9046,84
2020-11-18,Sonoma,97,501317,11688,11129,42,11171,155
2020-11-18,Stanislaus,99,539301,20619,19609,1247,20856,431
2020-11-18,Sutter,101,95872,2886,2442,9,2451,13
2020-11-18,Tehama,103,63373,1530,1338,10,1348,8
2020-11-18,Trinity,105,12862,162,95,9,104,0
2020-11-18,Tulare,107,460477,20306,19286,1094,20380,306
2020-11-18,Tuolumne,109,53932,868,590,3,593,7
2020-11-18,Ventura,111,848112,18425,17169,567,17736,173
2020-11-18,Yolo,113,214977,4489,3929,13,3942,71
2020-11-18,Yuba,115,75493,1761,1540,8,1548,10
2020-11-17,Alameda,1,1643700,28014,26425,289,26714,439
2020-11-17,Alpine,3,1148,41,12,0,12,0
2020-11-17,Amador,5,37829,465,423,1,424,16
2020-11-17,Butte,7,227075,3783,3500,146,3646,59
2020-11-17,Calaveras,9,45235,418,405,0,405,21
2020-11-17,Colusa,11,21464,662,606,0,606,6
2020-11-17,Contra Costa,13,1133247,22755,21557,132,21689,256
2020-11-17,Del Norte,15,27424,276,233,0,233,2
2020-11-17,El Dorado,17,186661,2109,1758,17,1775,4
2020-11-17,Fresno,19,978130,38897,34765,999,35764,472
2020-11-17,Glenn,21,27897,873,795,26,821,4
2020-11-17,Humboldt,23,135768,799,685,0,685,9
2020-11-17,Imperial,25,180216,15229,14204,26,14230,346
2020-11-17,Inyo,27,18085,285,263,1,264,15
2020-11-17,Kern,29,883053,38349,36164,888,37052,455
2020-11-17,Kings,31,150075,10388,9653,118,9771,85
2020-11-17,Lake,33,64148,871,792,0,792,18
2020-11-17,Lassen,35,31185,1477,1124,2,1126,0
2020-11-17,Los Angeles,37,10098052,361280,340933,4945,345878,7302
2020-11-17,Madera,39,155013,5885,5485,101,5586,54
2020-11-17,Marin,41,260295,7556,7404,23,7427,134
2020-11-17,Mariposa,43,17540,104,87,0,87,2
2020-11-17,Mendocino,45,87422,1344,1216,3,1219,23
2020-11-17,Merced,47,269075,11020,10457,85,10542,162
2020-11-17,Modoc,49,8938,88,71,17,88,0
2020-11-17,Mono,51,14174,478,459,8,467,2
2020-11-17,Monterey,53,433212,14133,13220,205,13425,108
2020-11-17,Napa,55,140530,2912,2568,14,2582,17
2020-11-17,Nevada,57,99092,1097,918,24,942,9
2020-11-17,Orange,59,3164182,71778,65757,2154,67911,1519
2020-11-17,Placer,61,380077,6158,5435,94,5529,63
2020-11-17,Plumas,63,18699,175,142,0,142,0
2020-11-17,Riverside,65,2383286,82462,77079,1246,78325,1379
2020-11-17,Sacramento,67,1510023,33782,31341,71,31412,538
2020-11-17,San Benito,69,59416,1712,1611,4,1615,15
2020-11-17,San Bernardino,71,2135413,84752,76134,672,76806,1188
2020-11-17,San Diego,73,3302833,73112,66321,0,66321,933
2020-11-17,San Francisco,75,870044,14602,13952,86,14038,153
2020-11-17,San Joaquin,77,732212,25025,23997,420,24417,516
2020-11-17,San Luis Obispo,79,281455,5791,5235,90,5325,34
2020-11-17,San Mateo,81,765935,13519,12491,8,12499,169
2020-11-17,Santa Barbara,83,443738,11408,10597,163,10760,136
2020-11-17,Santa Clara,85,1922200,31639,29013,48,29061,419
2020-11-17,Santa Cruz,87,273765,4046,3548,41,3589,25
2020-11-17,Shasta,89,179085,4563,3457,107,3564,40
2020-11-17,Sierra,91,2930,15,11,0,11,0
2020-11-17,Siskiyou,93,43540,452,333,26,359,0
2020-11-17,Solano,95,438530,9617,8905,51,8956,84
2020-11-17,Sonoma,97,501317,11554,11084,40,11124,155
2020-11-17,Stanislaus,99,539301,20396,19466,1218,20684,425
2020-11-17,Sutter,101,95872,2803,2370,8,2378,12
2020-11-17,Tehama,103,63373,1480,1290,10,1300,7
2020-11-17,Trinity,105,12862,150,83,9,92,0
2020-11-17,Tulare,107,460477,20089,19176,1029,20205,305
2020-11-17,Tuolumne,109,53932,830,568,3,571,7
2020-11-17,Ventura,111,848112,18152,16797,548,17345,173
2020-11-17,Yolo,113,214977,4312,3887,12,3899,70
2020-11-17,Yuba,115,75493,1713,1519,8,1527,10
2020-11-16,Alameda,1,1643700,27667,26063,284,26347,436
2020-11-16,Alpine,3,1148,38,12,0,12,0
2020-11-16,Amador,5,37829,457,414,1,415,16
2020-11-16,Butte,7,227075,3744,3490,137,3627,58
2020-11-16,Calaveras,9,45235,411,402,0,402,21
2020-11-16,Colusa,11,21464,653,601,0,601,6
2020-11-16,Contra Costa,13,1133247,22488,21386,127,21513,256
2020-11-16,Del Norte,15,27424,269,225,0,225,2
2020-11-16,El Dorado,17,186661,2048,1694,15,1709,4
2020-11-16,Fresno,19,978130,38413,34593,941,35534,471
2020-11-16,Glenn,21,27897,861,786,25,811,4
2020-11-16,Humboldt,23,135768,781,660,0,660,9
2020-11-16,Imperial,25,180216,14982,14111,26,14137,346
2020-11-16,Inyo,27,18085,282,263,1,264,15
2020-11-16,Kern,29,883053,37958,36049,844,36893,455
2020-11-16,Kings,31,150075,10122,9569,114,9683,85
2020-11-16,Lake,33,64148,859,784,0,784,18
2020-11-16,Lassen,35,31185,1296,1124,2,1126,0
2020-11-16,Los Angeles,37,10098052,356552,338778,4755,343533,7277
2020-11-16,Madera,39,155013,5799,5433,94,5527,54
2020-11-16,Marin,41,260295,7527,7359,23,7382,134
2020-11-16,Mariposa,43,17540,101,86,0,86,2
2020-11-16,Mendocino,45,87422,1319,1209,3,1212,23
2020-11-16,Merced,47,269075,10883,10399,82,10481,162
2020-11-16,Modoc,49,8938,86,71,17,88,0
2020-11-16,Mono,51,14174,476,453,8,461,2
2020-11-16,Monterey,53,433212,13890,13089,192,13281,107
2020-11-16,Napa,55,140530,2836,2536,14,2550,17
2020-11-16,Nevada,57,99092,1054,889,22,911,9
2020-11-16,Orange,59,3164182,70683,65396,2139,67535,1519
2020-11-16,Placer,61,380077,6039,5387,86,5473,63
2020-11-16,Plumas,63,18699,168,127,0,127,0
2020-11-16,Riverside,65,2383286,81095,76449,1178,77627,1379
2020-11-16,Sacramento,67,1510023,33142,30954,64,31018,534
2020-11-16,San Benito,69,59416,1694,1603,3,1606,15
2020-11-16,San Bernardino,71,2135413,82927,74401,600,75001,1186
2020-11-16,San Diego,73,3302833,71804,65603,0,65603,926
2020-11-16,San Francisco,75,870044,14444,13847,83,13930,153
2020-11-16,San Joaquin,77,732212,24738,23515,410,23925,513
2020-11-16,San Luis Obispo,79,281455,5687,5161,85,5246,34
2020-11-16,San Mateo,81,765935,13360,12398,8,12406,169
2020-11-16,Santa Barbara,83,443738,11344,10565,159,10724,135
2020-11-16,Santa Clara,85,1922200,31072,28673,46,28719,419
2020-11-16,Santa Cruz,87,273765,3973,3520,41,3561,25
2020-11-16,Shasta,89,179085,4413,3284,102,3386,37
2020-11-16,Sierra,91,2930,15,11,0,11,0
2020-11-16,Siskiyou,93,43540,425,294,26,320,0
2020-11-16,Solano,95,438530,9419,8827,51,8878,84
2020-11-16,Sonoma,97,501317,11463,10961,39,11000,155
2020-11-16,Stanislaus,99,539301,20160,19333,1190,20523,425
2020-11-16,Sutter,101,95872,2696,2322,8,2330,12
2020-11-16,Tehama,103,63373,1435,1261,6,1267,7
2020-11-16,Trinity,105,12862,142,67,9,76,0
2020-11-16,Tulare,107,460477,19915,18891,972,19863,305
2020-11-16,Tuolumne,109,53932,794,543,3,546,7
2020-11-16,Ventura,111,848112,17815,16691,540,17231,172
2020-11-16,Yolo,113,214977,4215,3858,12,3870,70
2020-11-16,Yuba,115,75493,1677,1500,7,1507,10
2020-11-15,Alameda,1,1643700,27349,25879,278,26157,436
2020-11-15,Alpine,3,1148,36,12,0,12,0
2020-11-15,Amador,5,37829,445,409,1,410,16
2020-11-15,Butte,7,227075,3691,3452,128,3580,58
2020-11-15,Calaveras,9,45235,398,386,0,386,21
2020-11-15,Colusa,11,21464,644,601,0,601,6
2020-11-15,Contra Costa,13,1133247,22189,21179,126,21305,256
2020-11-15,Del Norte,15,27424,253,224,0,224,2
2020-11-15,El Dorado,17,186661,1986,1683,14,1697,4
2020-11-15,Fresno,19,978130,37905,34297,901,35198,471
2020-11-15,Glenn,21,27897,849,783,24,807,4
2020-11-15,Humboldt,23,135768,753,653,0,653,9
2020-11-15,Imperial,25,180216,14745,13940,26,13966,346
2020-11-15,Inyo,27,18085,272,263,1,264,15
2020-11-15,Kern,29,883053,37555,35911,807,36718,455
2020-11-15,Kings,31,150075,9929,9533,110,9643,85
2020-11-15,Lake,33,64148,850,777,0,777,17
2020-11-15,Lassen,35,31185,1249,1124,2,1126,0
2020-11-15,Los Angeles,37,10098052,351521,336035,4573,340608,7271
2020-11-15,Madera,39,155013,5702,5391,88,5479,54
2020-11-15,Marin,41,260295,7501,7347,23,7370,133
2020-11-15,Mariposa,43,17540,98,86,0,86,2
2020-11-15,Mendocino,45,87422,1300,1197,3,1200,22
2020-11-15,Merced,47,269075,10750,10350,82,10432,162
2020-11-15,Modoc,49,8938,85,68,17,85,0
2020-11-15,Mono,51,14174,474,453,8,461,2
2020-11-15,Monterey,53,433212,13693,12999,179,13178,107
2020-11-15,Napa,55,140530,2777,2509,12,2521,17
2020-11-15,Nevada,57,99092,999,859,22,881,9
2020-11-15,Orange,59,3164182,69649,65008,2120,67128,1519
2020-11-15,Placer,61,380077,5885,5330,78,5408,63
2020-11-15,Plumas,63,18699,162,127,0,127,0
2020-11-15,Riverside,65,2383286,79777,75531,1117,76648,1374
2020-11-15,Sacramento,67,1510023,32518,30601,60,30661,534
2020-11-15,San Benito,69,59416,1669,1589,2,1591,15
2020-11-15,San Bernardino,71,2135413,80785,73769,516,74285,1185
2020-11-15,San Diego,73,3302833,70305,64770,0,64770,926
2020-11-15,San Francisco,75,870044,14266,13757,82,13839,153
2020-11-15,San Joaquin,77,732212,24529,23516,394,23910,513
2020-11-15,San Luis Obispo,79,281455,5564,5120,82,5202,34
2020-11-15,San Mateo,81,765935,13183,12348,8,12356,169
2020-11-15,Santa Barbara,83,443738,11249,10516,157,10673,135
2020-11-15,Santa Clara,85,1922200,30618,28289,45,28334,418
2020-11-15,Santa Cruz,87,273765,3835,3439,40,3479,25
2020-11-15,Shasta,89,179085,4239,3290,93,3383,37
2020-11-15,Sierra,91,2930,15,11,0,11,0
2020-11-15,Siskiyou,93,43540,406,294,26,320,0
2020-11-15,Solano,95,438530,9258,8713,48,8761,84
2020-11-15,Sonoma,97,501317,11343,10833,38,10871,154
2020-11-15,Stanislaus,99,539301,19890,19228,1163,20391,425
2020-11-15,Sutter,101,95872,2607,2230,8,2238,12
2020-11-15,Tehama,103,63373,1384,1222,5,1227,7
2020-11-15,Trinity,105,12862,134,67,8,75,0
2020-11-15,Tulare,107,460477,19700,18891,917,19808,305
2020-11-15,Tuolumne,109,53932,753,486,3,489,7
2020-11-15,Ventura,111,848112,17542,16564,532,17096,172
2020-11-15,Yolo,113,214977,4112,3819,11,3830,67
2020-11-15,Yuba,115,75493,1636,1470,6,1476,10
2020-11-14,Alameda,1,1643700,27083,25714,275,25989,435
2020-11-14,Alpine,3,1148,36,12,0,12,0
2020-11-14,Amador,5,37829,436,404,0,404,16
2020-11-14,Butte,7,227075,3655,3434,114,3548,58
2020-11-14,Calaveras,9,45235,397,386,0,386,21
2020-11-14,Colusa,11,21464,632,601,0,601,6
2020-11-14,Contra Costa,13,1133247,22050,20975,119,21094,256
2020-11-14,Del Norte,15,27424,247,219,0,219,2
2020-11-14,El Dorado,17,186661,1942,1648,14,1662,4
2020-11-14,Fresno,19,978130,37655,33969,866,34835,471
2020-11-14,Glenn,21,27897,840,772,21,793,3
2020-11-14,Humboldt,23,135768,738,643,0,643,9
2020-11-14,Imperial,25,180216,14652,13932,25,13957,346
2020-11-14,Inyo,27,18085,271,263,1,264,15
2020-11-14,Kern,29,883053,37345,35626,788,36414,454
2020-11-14,Kings,31,150075,9894,9490,107,9597,85
2020-11-14,Lake,33,64148,841,773,0,773,17
2020-11-14,Lassen,35,31185,1235,833,2,835,0
2020-11-14,Los Angeles,37,10098052,348822,333021,4458,337479,7269
2020-11-14,Madera,39,155013,5672,5371,86,5457,54
2020-11-14,Marin,41,260295,7485,7325,23,7348,133
2020-11-14,Mariposa,43,17540,97,86,0,86,2
2020-11-14,Mendocino,45,87422,1284,1181,3,1184,22
2020-11-14,Merced,47,269075,10694,10286,80,10366,161
2020-11-14,Modoc,49,8938,84,64,16,80,0
2020-11-14,Mono,51,14174,474,453,8,461,2
2020-11-14,Monterey,53,433212,13597,12854,169,13023,105
2020-11-14,Napa,55,140530,2743,2473,12,2485,17
2020-11-14,Nevada,57,99092,983,835,22,857,9
2020-11-14,Orange,59,3164182,69033,64340,2107,66447,1517
2020-11-14,Placer,61,380077,5809,5215,72,5287,63
2020-11-14,Plumas,63,18699,157,128,0,128,0
2020-11-14,Riverside,65,2383286,79039,74910,1076,75986,1373
2020-11-14,Sacramento,67,1510023,32192,30298,59,30357,532
2020-11-14,San Benito,69,59416,1654,1573,2,1575,15
2020-11-14,San Bernardino,71,2135413,79853,72868,483,73351,1184
2020-11-14,San Diego,73,3302833,69541,63715,0,63715,926
2020-11-14,San Francisco,75,870044,14179,13661,81,13742,153
2020-11-14,San Joaquin,77,732212,24438,23516,386,23902,511
2020-11-14,San Luis Obispo,79,281455,5501,5073,76,5149,34
2020-11-14,San Mateo,81,765935,13075,12293,8,12301,169
2020-11-14,Santa Barbara,83,443738,11195,10482,155,10637,135
2020-11-14,Santa Clara,85,1922200,30333,27962,43,28005,416
2020-11-14,Santa Cruz,87,273765,3780,3402,40,3442,25
2020-11-14,Shasta,89,179085,4154,3195,91,3286,37
2020-11-14,Sierra,91,2930,15,11,0,11,0
2020-11-14,Siskiyou,93,43540,393,292,26,318,0
2020-11-14,Solano,95,438530,9178,8655,47,8702,84
2020-11-14,Sonoma,97,501317,11290,10769,38,10807,154
2020-11-14,Stanislaus,99,539301,19748,19068,1141,20209,424
2020-11-14,Sutter,101,95872,2563,2182,8,2190,12
2020-11-14,Tehama,103,63373,1363,1206,4,1210,7
2020-11-14,Trinity,105,12862,129,67,8,75,0
2020-11-14,Tulare,107,460477,19606,18853,888,19741,305
2020-11-14,Tuolumne,109,53932,725,448,3,451,7
2020-11-14,Ventura,111,848112,17397,16297,520,16817,172
2020-11-14,Yolo,113,214977,4070,3765,9,3774,65
2020-11-14,Yuba,115,75493,1607,1453,6,1459,10
2020-11-13,Alameda,1,1643700,26867,25515,270,25785,434
2020-11-13,Alpine,3,1148,36,12,0,12,0
2020-11-13,Amador,5,37829,433,397,0,397,16
2020-11-13,Butte,7,227075,3631,3402,105,3507,58
2020-11-13,Calaveras,9,45235,393,378,0,378,21
2020-11-13,Colusa,11,21464,624,598,0,598,6
2020-11-13,Contra Costa,13,1133247,21878,20799,119,20918,256
2020-11-13,Del Norte,15,27424,245,208,0,208,2
2020-11-13,El Dorado,17,186661,1897,1611,13,1624,4
2020-11-13,Fresno,19,978130,37408,33693,852,34545,470
2020-11-13,Glenn,21,27897,826,755,17,772,3
2020-11-13,Humboldt,23,135768,723,638,0,638,9
2020-11-13,Imperial,25,180216,14582,13790,24,13814,341
2020-11-13,Inyo,27,18085,270,262,1,263,15
2020-11-13,Kern,29,883053,37144,35431,771,36202,453
2020-11-13,Kings,31,150075,9835,9428,106,9534,85
2020-11-13,Lake,33,64148,835,770,0,770,17
2020-11-13,Lassen,35,31185,1226,832,2,834,0
2020-11-13,Los Angeles,37,10098052,345702,329364,4344,333708,7248
2020-11-13,Madera,39,155013,5632,5340,85,5425,54
2020-11-13,Marin,41,260295,7472,7307,22,7329,133
2020-11-13,Mariposa,43,17540,95,86,0,86,2
2020-11-13,Mendocino,45,87422,1272,1173,3,1176,22
2020-11-13,Merced,47,269075,10639,10185,77,10262,159
2020-11-13,Modoc,49,8938,84,63,14,77,0
2020-11-13,Mono,51,14174,474,448,7,455,2
2020-11-13,Monterey,53,433212,13402,12681,157,12838,104
2020-11-13,Napa,55,140530,2704,2440,12,2452,17
2020-11-13,Nevada,57,99092,964,798,22,820,9
2020-11-13,Orange,59,3164182,68432,63804,2088,65892,1514
2020-11-13,Placer,61,380077,5705,5122,66,5188,63
2020-11-13,Plumas,63,18699,151,125,0,125,0
2020-11-13,Riverside,65,2383286,78301,74138,1048,75186,1372
2020-11-13,Sacramento,67,1510023,31875,29787,54,29841,524
2020-11-13,San Benito,69,59416,1642,1553,1,1554,15
2020-11-13,San Bernardino,71,2135413,78806,71895,461,72356,1184
2020-11-13,San Diego,73,3302833,68694,62978,0,62978,921
2020-11-13,San Francisco,75,870044,14086,13516,79,13595,146
2020-11-13,San Joaquin,77,732212,24343,23314,379,23693,510
2020-11-13,San Luis Obispo,79,281455,5435,4960,72,5032,34
2020-11-13,San Mateo,81,765935,12982,12182,8,12190,169
2020-11-13,Santa Barbara,83,443738,11143,10405,153,10558,134
2020-11-13,Santa Clara,85,1922200,30008,27609,41,27650,415
2020-11-13,Santa Cruz,87,273765,3707,3343,40,3383,25
2020-11-13,Shasta,89,179085,4069,2983,87,3070,37
2020-11-13,Sierra,91,2930,15,11,0,11,0
2020-11-13,Siskiyou,93,43540,388,280,25,305,0
2020-11-13,Solano,95,438530,9087,8525,47,8572,84
2020-11-13,Sonoma,97,501317,11230,10685,36,10721,151
2020-11-13,Stanislaus,99,539301,19625,18936,1111,20047,422
2020-11-13,Sutter,101,95872,2517,2121,7,2128,12
2020-11-13,Tehama,103,63373,1335,1167,4,1171,7
2020-11-13,Trinity,105,12862,127,64,8,72,0
2020-11-13,Tulare,107,460477,19484,18714,845,19559,305
2020-11-13,Tuolumne,109,53932,692,427,3,430,7
2020-11-13,Ventura,111,848112,17253,16172,504,16676,171
2020-11-13,Yolo,113,214977,4019,3716,9,3725,65
2020-11-13,Yuba,115,75493,1580,1435,6,1441,10
2020-11-12,Alameda,1,1643700,26600,25345,270,25615,432
2020-11-12,Alpine,3,1148,35,12,0,12,0
2020-11-12,Amador,5,37829,432,392,0,392,16
2020-11-12,Butte,7,227075,3582,3347,102,3449,58
2020-11-12,Calaveras,9,45235,388,373,0,373,21
2020-11-12,Colusa,11,21464,619,591,0,591,6
2020-11-12,Contra Costa,13,1133247,21670,20619,117,20736,255
2020-11-12,Del Norte,15,27424,238,203,0,203,2
2020-11-12,El Dorado,17,186661,1851,1573,9,1582,4
2020-11-12,Fresno,19,978130,37064,33459,809,34268,468
2020-11-12,Glenn,21,27897,807,727,17,744,3
2020-11-12,Humboldt,23,135768,710,625,0,625,9
2020-11-12,Imperial,25,180216,14417,13619,24,13643,341
2020-11-12,Inyo,27,18085,269,255,1,256,15
2020-11-12,Kern,29,883053,36880,35207,754,35961,451
2020-11-12,Kings,31,150075,9770,9335,103,9438,85
2020-11-12,Lake,33,64148,826,764,0,764,17
2020-11-12,Lassen,35,31185,1157,832,1,833,0
2020-11-12,Los Angeles,37,10098052,341962,327001,4241,331242,7223
2020-11-12,Madera,39,155013,5598,5273,80,5353,54
2020-11-12,Marin,41,260295,7443,7268,22,7290,133
2020-11-12,Mariposa,43,17540,93,84,0,84,2
2020-11-12,Mendocino,45,87422,1253,1142,3,1145,22
2020-11-12,Merced,47,269075,10525,10107,74,10181,158
2020-11-12,Modoc,49,8938,84,63,14,77,0
2020-11-12,Mono,51,14174,473,442,7,449,2
2020-11-12,Monterey,53,433212,13282,12489,142,12631,100
2020-11-12,Napa,55,140530,2642,2398,12,2410,16
2020-11-12,Nevada,57,99092,941,780,21,801,9
2020-11-12,Orange,59,3164182,67689,63232,2067,65299,1514
2020-11-12,Placer,61,380077,5596,5044,56,5100,62
2020-11-12,Plumas,63,18699,147,121,0,121,0
2020-11-12,Riverside,65,2383286,77376,73381,1002,74383,1362
2020-11-12,Sacramento,67,1510023,31386,29459,47,29506,520
2020-11-12,San Benito,69,59416,1622,1525,1,1526,15
2020-11-12,San Bernardino,71,2135413,77439,70758,422,71180,1183
2020-11-12,San Diego,73,3302833,67715,62336,0,62336,918
2020-11-12,San Francisco,75,870044,13987,13289,78,13367,146
2020-11-12,San Joaquin,77,732212,24150,23002,357,23359,509
2020-11-12,San Luis Obispo,79,281455,5371,4898,71,4969,33
2020-11-12,San Mateo,81,765935,12859,12086,7,12093,169
2020-11-12,Santa Barbara,83,443738,11081,10325,147,10472,134
2020-11-12,Santa Clara,85,1922200,29633,27261,40,27301,414
2020-11-12,Santa Cruz,87,273765,3624,3317,38,3355,25
2020-11-12,Shasta,89,179085,3931,2825,76,2901,37
2020-11-12,Sierra,91,2930,15,11,0,11,0
2020-11-12,Siskiyou,93,43540,371,275,20,295,0
2020-11-12,Solano,95,438530,8987,8417,46,8463,85
2020-11-12,Sonoma,97,501317,11128,10602,35,10637,151
2020-11-12,Stanislaus,99,539301,19461,18787,1079,19866,422
2020-11-12,Sutter,101,95872,2433,2075,7,2082,12
2020-11-12,Tehama,103,63373,1308,1117,4,1121,7
2020-11-12,Trinity,105,12862,120,62,8,70,0
2020-11-12,Tulare,107,460477,19372,18545,808,19353,305
2020-11-12,Tuolumne,109,53932,653,353,3,356,7
2020-11-12,Ventura,111,848112,17004,16013,497,16510,158
2020-11-12,Yolo,113,214977,3975,3646,9,3655,63
2020-11-12,Yuba,115,75493,1545,1410,6,1416,10
2020-11-11,Alameda,1,1643700,26358,25140,268,25408,429
2020-11-11,Alpine,3,1148,30,12,0,12,0
2020-11-11,Amador,5,37829,425,389,0,389,16
2020-11-11,Butte,7,227075,3557,3348,88,3436,58
2020-11-11,Calaveras,9,45235,378,373,0,373,21
2020-11-11,Colusa,11,21464,613,591,0,591,6
2020-11-11,Contra Costa,13,1133247,21451,20452,115,20567,255
2020-11-11,Del Norte,15,27424,231,203,0,203,2
2020-11-11,El Dorado,17,186661,1805,1564,8,1572,4
2020-11-11,Fresno,19,978130,36745,33287,775,34062,468
2020-11-11,Glenn,21,27897,791,722,16,738,3
2020-11-11,Humboldt,23,135768,696,623,0,623,9
2020-11-11,Imperial,25,180216,14246,13623,22,13645,340
2020-11-11,Inyo,27,18085,267,255,1,256,15
2020-11-11,Kern,29,883053,36607,35014,736,35750,449
2020-11-11,Kings,31,150075,9664,9263,100,9363,85
2020-11-11,Lake,33,64148,816,763,0,763,17
2020-11-11,Lassen,35,31185,1132,831,1,832,0
2020-11-11,Los Angeles,37,10098052,338609,324567,4147,328714,7220
2020-11-11,Madera,39,155013,5564,5248,77,5325,54
2020-11-11,Marin,41,260295,7420,7268,22,7290,133
2020-11-11,Mariposa,43,17540,93,84,0,84,2
2020-11-11,Mendocino,45,87422,1241,1142,3,1145,22
2020-11-11,Merced,47,269075,10454,10074,72,10146,157
2020-11-11,Modoc,49,8938,80,62,13,75,0
2020-11-11,Mono,51,14174,471,443,7,450,2
2020-11-11,Monterey,53,433212,13140,12417,138,12555,100
2020-11-11,Napa,55,140530,2593,2365,9,2374,15
2020-11-11,Nevada,57,99092,899,741,21,762,9
2020-11-11,Orange,59,3164182,67052,62929,2044,64973,1506
2020-11-11,Placer,61,380077,5513,4981,48,5029,60
2020-11-11,Plumas,63,18699,145,111,0,111,0
2020-11-11,Riverside,65,2383286,76475,72953,955,73908,1361
2020-11-11,Sacramento,67,1510023,30932,28968,45,29013,520
2020-11-11,San Benito,69,59416,1608,1512,1,1513,15
2020-11-11,San Bernardino,71,2135413,76156,70374,393,70767,1182
2020-11-11,San Diego,73,3302833,66780,61746,0,61746,918
2020-11-11,San Francisco,75,870044,13879,13287,76,13363,146
2020-11-11,San Joaquin,77,732212,23991,23001,351,23352,509
2020-11-11,San Luis Obispo,79,281455,5296,4832,68,4900,33
2020-11-11,San Mateo,81,765935,12743,12008,7,12015,169
2020-11-11,Santa Barbara,83,443738,11016,10278,147,10425,134
2020-11-11,Santa Clara,85,1922200,29279,27075,38,27113,413
2020-11-11,Santa Cruz,87,273765,3556,3247,38,3285,25
2020-11-11,Shasta,89,179085,3808,2766,66,2832,36
2020-11-11,Sierra,91,2930,13,11,0,11,0
2020-11-11,Siskiyou,93,43540,340,261,17,278,0
2020-11-11,Solano,95,438530,8870,8353,43,8396,85
2020-11-11,Sonoma,97,501317,11054,10498,35,10533,150
2020-11-11,Stanislaus,99,539301,19323,18671,1047,19718,422
2020-11-11,Sutter,101,95872,2386,2049,6,2055,12
2020-11-11,Tehama,103,63373,1266,1105,3,1108,7
2020-11-11,Trinity,105,12862,111,62,8,70,0
2020-11-11,Tulare,107,460477,19244,18500,776,19276,305
2020-11-11,Tuolumne,109,53932,597,354,3,357,7
2020-11-11,Ventura,111,848112,16789,15801,483,16284,158
2020-11-11,Yolo,113,214977,3924,3606,9,3615,63
2020-11-11,Yuba,115,75493,1530,1400,6,1406,10
2020-11-10,Alameda,1,1643700,26128,25008,265,25273,424
2020-11-10,Alpine,3,1148,30,9,0,9,0
2020-11-10,Amador,5,37829,419,384,0,384,16
2020-11-10,Butte,7,227075,3521,3327,84,3411,58
2020-11-10,Calaveras,9,45235,373,367,0,367,21
2020-11-10,Colusa,11,21464,606,590,0,590,6
2020-11-10,Contra Costa,13,1133247,21245,20326,112,20438,255
2020-11-10,Del Norte,15,27424,225,196,0,196,2
2020-11-10,El Dorado,17,186661,1744,1551,8,1559,4
2020-11-10,Fresno,19,978130,36478,33024,737,33761,465
2020-11-10,Glenn,21,27897,783,719,12,731,3
2020-11-10,Humboldt,23,135768,679,610,0,610,9
2020-11-10,Imperial,25,180216,14116,13570,22,13592,338
2020-11-10,Inyo,27,18085,266,252,1,253,14
2020-11-10,Kern,29,883053,36330,34858,717,35575,448
2020-11-10,Kings,31,150075,9617,9236,93,9329,85
2020-11-10,Lake,33,64148,806,762,0,762,16
2020-11-10,Lassen,35,31185,1118,830,1,831,0
2020-11-10,Los Angeles,37,10098052,335364,322569,4028,326597,7205
2020-11-10,Madera,39,155013,5522,5229,71,5300,54
2020-11-10,Marin,41,260295,7401,7259,22,7281,133
2020-11-10,Mariposa,43,17540,91,84,0,84,2
2020-11-10,Mendocino,45,87422,1233,1137,3,1140,22
2020-11-10,Merced,47,269075,10393,9992,66,10058,157
2020-11-10,Modoc,49,8938,78,61,13,74,0
2020-11-10,Mono,51,14174,469,443,7,450,2
2020-11-10,Monterey,53,433212,13002,12335,130,12465,100
2020-11-10,Napa,55,140530,2555,2341,7,2348,15
2020-11-10,Nevada,57,99092,883,734,21,755,9
2020-11-10,Orange,59,3164182,66501,62597,2033,64630,1504
2020-11-10,Placer,61,380077,5433,4902,47,4949,60
2020-11-10,Plumas,63,18699,141,108,0,108,0
2020-11-10,Riverside,65,2383286,75834,72316,929,73245,1359
2020-11-10,Sacramento,67,1510023,30522,28677,42,28719,519
2020-11-10,San Benito,69,59416,1593,1508,1,1509,15
2020-11-10,San Bernardino,71,2135413,74988,69666,358,70024,1182
2020-11-10,San Diego,73,3302833,65891,61085,0,61085,915
2020-11-10,San Francisco,75,870044,13762,13210,76,13286,146
2020-11-10,San Joaquin,77,732212,23827,22865,344,23209,508
2020-11-10,San Luis Obispo,79,281455,5234,4780,64,4844,33
2020-11-10,San Mateo,81,765935,12643,11939,7,11946,169
2020-11-10,Santa Barbara,83,443738,10949,10252,143,10395,134
2020-11-10,Santa Clara,85,1922200,28938,26917,36,26953,409
2020-11-10,Santa Cruz,87,273765,3492,3221,38,3259,25
2020-11-10,Shasta,89,179085,3667,2686,58,2744,36
2020-11-10,Sierra,91,2930,12,10,0,10,0
2020-11-10,Siskiyou,93,43540,324,263,16,279,0
2020-11-10,Solano,95,438530,8772,8299,43,8342,85
2020-11-10,Sonoma,97,501317,10968,10414,35,10449,150
2020-11-10,Stanislaus,99,539301,19190,18592,1023,19615,420
2020-11-10,Sutter,101,95872,2291,2035,5,2040,12
2020-11-10,Tehama,103,63373,1240,1099,2,1101,7
2020-11-10,Trinity,105,12862,102,62,7,69,0
2020-11-10,Tulare,107,460477,19130,18430,752,19182,305
2020-11-10,Tuolumne,109,53932,550,353,2,355,7
2020-11-10,Ventura,111,848112,16606,15625,481,16106,158
2020-11-10,Yolo,113,214977,3862,3573,9,3582,63
2020-11-10,Yuba,115,75493,1507,1392,6,1398,10
2020-11-09,Alameda,1,1643700,25879,24899,261,25160,424
2020-11-09,Alpine,3,1148,28,6,0,6,0
2020-11-09,Amador,5,37829,410,380,0,380,16
2020-11-09,Butte,7,227075,3476,3301,75,3376,57
2020-11-09,Calaveras,9,45235,369,360,0,360,21
2020-11-09,Colusa,11,21464,600,583,0,583,6
2020-11-09,Contra Costa,13,1133247,21072,20193,110,20303,255
2020-11-09,Del Norte,15,27424,219,195,0,195,2
2020-11-09,El Dorado,17,186661,1703,1515,8,1523,4
2020-11-09,Fresno,19,978130,36170,32755,692,33447,465
2020-11-09,Glenn,21,27897,777,714,9,723,3
2020-11-09,Humboldt,23,135768,666,607,0,607,9
2020-11-09,Imperial,25,180216,13999,13508,21,13529,338
2020-11-09,Inyo,27,18085,266,252,1,253,14
2020-11-09,Kern,29,883053,36102,34764,678,35442,448
2020-11-09,Kings,31,150075,9547,9141,91,9232,84
2020-11-09,Lake,33,64148,797,755,0,755,16
2020-11-09,Lassen,35,31185,1023,799,1,800,0
2020-11-09,Los Angeles,37,10098052,332273,320370,3947,324317,7180
2020-11-09,Madera,39,155013,5476,5209,68,5277,54
2020-11-09,Marin,41,260295,7375,7237,21,7258,131
2020-11-09,Mariposa,43,17540,91,84,0,84,2
2020-11-09,Mendocino,45,87422,1221,1132,3,1135,22
2020-11-09,Merced,47,269075,10290,9922,63,9985,157
2020-11-09,Modoc,49,8938,74,54,12,66,0
2020-11-09,Mono,51,14174,466,352,7,359,2
2020-11-09,Monterey,53,433212,12856,12148,122,12270,98
2020-11-09,Napa,55,140530,2512,2309,7,2316,15
2020-11-09,Nevada,57,99092,846,729,20,749,9
2020-11-09,Orange,59,3164182,65859,62335,2021,64356,1501
2020-11-09,Placer,61,380077,5349,4843,36,4879,60
2020-11-09,Plumas,63,18699,134,102,0,102,0
2020-11-09,Riverside,65,2383286,75053,72059,895,72954,1346
2020-11-09,Sacramento,67,1510023,30051,28200,42,28242,516
2020-11-09,San Benito,69,59416,1584,1506,1,1507,15
2020-11-09,San Bernardino,71,2135413,73936,69015,317,69332,1182
2020-11-09,San Diego,73,3302833,65036,60572,0,60572,908
2020-11-09,San Francisco,75,870044,13643,12984,73,13057,146
2020-11-09,San Joaquin,77,732212,23662,22512,339,22851,505
2020-11-09,San Luis Obispo,79,281455,5151,4746,61,4807,32
2020-11-09,San Mateo,81,765935,12536,11857,7,11864,169
2020-11-09,Santa Barbara,83,443738,10892,10214,137,10351,134
2020-11-09,Santa Clara,85,1922200,28543,26693,36,26729,409
2020-11-09,Santa Cruz,87,273765,3434,3194,38,3232,25
2020-11-09,Shasta,89,179085,3511,2581,49,2630,36
2020-11-09,Sierra,91,2930,10,10,0,10,0
2020-11-09,Siskiyou,93,43540,313,257,14,271,0
2020-11-09,Solano,95,438530,8656,8254,42,8296,85
2020-11-09,Sonoma,97,501317,10860,10310,35,10345,150
2020-11-09,Stanislaus,99,539301,19040,18482,1004,19486,418
2020-11-09,Sutter,101,95872,2223,2010,4,2014,12
2020-11-09,Tehama,103,63373,1204,1071,1,1072,7
2020-11-09,Trinity,105,12862,98,46,7,53,0
2020-11-09,Tulare,107,460477,19010,18272,720,18992,304
2020-11-09,Tuolumne,109,53932,496,346,2,348,7
2020-11-09,Ventura,111,848112,16404,15568,478,16046,156
2020-11-09,Yolo,113,214977,3801,3522,9,3531,62
2020-11-09,Yuba,115,75493,1474,1380,6,1386,10
2020-11-08,Alameda,1,1643700,25651,24731,261,24992,424
2020-11-08,Alpine,3,1148,25,6,0,6,0
2020-11-08,Amador,5,37829,403,376,0,376,16
2020-11-08,Butte,7,227075,3438,3285,69,3354,57
2020-11-08,Calaveras,9,45235,367,360,0,360,21
2020-11-08,Colusa,11,21464,597,583,0,583,6
2020-11-08,Contra Costa,13,1133247,20902,20031,108,20139,254
2020-11-08,Del Norte,15,27424,210,195,0,195,2
2020-11-08,El Dorado,17,186661,1665,1502,8,1510,4
2020-11-08,Fresno,19,978130,35837,32619,654,33273,465
2020-11-08,Glenn,21,27897,771,707,8,715,3
2020-11-08,Humboldt,23,135768,650,605,0,605,9
2020-11-08,Imperial,25,180216,13883,13428,21,13449,338
2020-11-08,Inyo,27,18085,262,252,1,253,14
2020-11-08,Kern,29,883053,35884,34644,660,35304,448
2020-11-08,Kings,31,150075,9414,9026,88,9114,84
2020-11-08,Lake,33,64148,789,754,0,754,16
2020-11-08,Lassen,35,31185,875,799,1,800,0
2020-11-08,Los Angeles,37,10098052,329152,318960,3873,322833,7176
2020-11-08,Madera,39,155013,5408,5196,65,5261,54
2020-11-08,Marin,41,260295,7355,7227,21,7248,131
2020-11-08,Mariposa,43,17540,91,83,0,83,2
2020-11-08,Mendocino,45,87422,1212,1129,3,1132,22
2020-11-08,Merced,47,269075,10215,9885,61,9946,157
2020-11-08,Modoc,49,8938,70,54,12,66,0
2020-11-08,Mono,51,14174,460,352,7,359,2
2020-11-08,Monterey,53,433212,12712,12122,110,12232,98
2020-11-08,Napa,55,140530,2472,2274,7,2281,15
2020-11-08,Nevada,57,99092,830,715,20,735,9
2020-11-08,Orange,59,3164182,65275,62034,2007,64041,1501
2020-11-08,Placer,61,380077,5248,4800,31,4831,60
2020-11-08,Plumas,63,18699,129,102,0,102,0
2020-11-08,Riverside,65,2383286,74402,71442,851,72293,1345
2020-11-08,Sacramento,67,1510023,29491,28059,38,28097,515
2020-11-08,San Benito,69,59416,1569,1496,1,1497,15
2020-11-08,San Bernardino,71,2135413,72696,68412,278,68690,1182
2020-11-08,San Diego,73,3302833,64191,60199,0,60199,908
2020-11-08,San Francisco,75,870044,13512,12985,68,13053,146
2020-11-08,San Joaquin,77,732212,23470,22514,334,22848,505
2020-11-08,San Luis Obispo,79,281455,5085,4698,56,4754,32
2020-11-08,San Mateo,81,765935,12417,11783,7,11790,169
2020-11-08,Santa Barbara,83,443738,10822,10180,135,10315,134
2020-11-08,Santa Clara,85,1922200,28169,26442,35,26477,410
2020-11-08,Santa Cruz,87,273765,3377,3134,38,3172,25
2020-11-08,Shasta,89,179085,3375,2582,43,2625,36
2020-11-08,Sierra,91,2930,10,7,0,7,0
2020-11-08,Siskiyou,93,43540,301,246,13,259,0
2020-11-08,Solano,95,438530,8535,8132,41,8173,85
2020-11-08,Sonoma,97,501317,10753,10229,35,10264,149
2020-11-08,Stanislaus,99,539301,18868,18413,981,19394,418
2020-11-08,Sutter,101,95872,2166,1980,4,1984,12
2020-11-08,Tehama,103,63373,1180,1054,1,1055,7
2020-11-08,Trinity,105,12862,95,46,7,53,0
2020-11-08,Tulare,107,460477,18870,18272,687,18959,304
2020-11-08,Tuolumne,109,53932,469,341,2,343,7
2020-11-08,Ventura,111,848112,16210,15504,470,15974,156
2020-11-08,Yolo,113,214977,3738,3492,9,3501,61
2020-11-08,Yuba,115,75493,1453,1369,6,1375,10
2020-11-07,Alameda,1,1643700,25542,24578,259,24837,424
2020-11-07,Alpine,3,1148,25,6,0,6,0
2020-11-07,Amador,5,37829,400,375,0,375,16
2020-11-07,Butte,7,227075,3426,3277,64,3341,57
2020-11-07,Calaveras,9,45235,365,360,0,360,21
2020-11-07,Colusa,11,21464,597,583,0,583,6
2020-11-07,Contra Costa,13,1133247,20800,19943,107,20050,254
2020-11-07,Del Norte,15,27424,206,194,0,194,2
2020-11-07,El Dorado,17,186661,1640,1495,7,1502,4
2020-11-07,Fresno,19,978130,35684,32497,632,33129,465
2020-11-07,Glenn,21,27897,763,707,8,715,3
2020-11-07,Humboldt,23,135768,639,590,0,590,9
2020-11-07,Imperial,25,180216,13825,13388,20,13408,338
2020-11-07,Inyo,27,18085,260,252,1,253,14
2020-11-07,Kern,29,883053,35730,34513,649,35162,448
2020-11-07,Kings,31,150075,9381,9005,82,9087,84
2020-11-07,Lake,33,64148,785,751,0,751,16
2020-11-07,Lassen,35,31185,859,799,1,800,0
2020-11-07,Los Angeles,37,10098052,327651,316756,3797,320553,7174
2020-11-07,Madera,39,155013,5386,5177,63,5240,54
2020-11-07,Marin,41,260295,7344,7215,21,7236,131
2020-11-07,Mariposa,43,17540,91,81,0,81,2
2020-11-07,Mendocino,45,87422,1202,1118,3,1121,22
2020-11-07,Merced,47,269075,10183,9855,57,9912,157
2020-11-07,Modoc,49,8938,70,51,12,63,0
2020-11-07,Mono,51,14174,457,352,7,359,2
2020-11-07,Monterey,53,433212,12643,12030,106,12136,98
2020-11-07,Napa,55,140530,2442,2260,6,2266,15
2020-11-07,Nevada,57,99092,814,710,20,730,9
2020-11-07,Orange,59,3164182,64989,62038,2000,64038,1505
2020-11-07,Placer,61,380077,5186,4745,31,4776,60
2020-11-07,Plumas,63,18699,127,94,0,94,0
2020-11-07,Riverside,65,2383286,74009,71153,821,71974,1345
2020-11-07,Sacramento,67,1510023,29240,27773,38,27811,515
2020-11-07,San Benito,69,59416,1557,1489,1,1490,15
2020-11-07,San Bernardino,71,2135413,72181,67935,267,68202,1182
2020-11-07,San Diego,73,3302833,63679,59682,0,59682,909
2020-11-07,San Francisco,75,870044,13453,12980,67,13047,146
2020-11-07,San Joaquin,77,732212,23362,22517,327,22844,505
2020-11-07,San Luis Obispo,79,281455,5036,4668,53,4721,32
2020-11-07,San Mateo,81,765935,12354,11711,7,11718,169
2020-11-07,Santa Barbara,83,443738,10780,10157,133,10290,134
2020-11-07,Santa Clara,85,1922200,27964,26244,34,26278,410
2020-11-07,Santa Cruz,87,273765,3339,3130,38,3168,25
2020-11-07,Shasta,89,179085,3306,2547,41,2588,36
2020-11-07,Sierra,91,2930,10,7,0,7,0
2020-11-07,Siskiyou,93,43540,297,241,13,254,0
2020-11-07,Solano,95,438530,8483,8066,41,8107,85
2020-11-07,Sonoma,97,501317,10707,10200,35,10235,149
2020-11-07,Stanislaus,99,539301,18760,18386,963,19349,418
2020-11-07,Sutter,101,95872,2126,1973,4,1977,12
2020-11-07,Tehama,103,63373,1156,1043,1,1044,7
2020-11-07,Trinity,105,12862,95,42,6,48,0
2020-11-07,Tulare,107,460477,18815,18229,669,18898,304
2020-11-07,Tuolumne,109,53932,458,327,2,329,7
2020-11-07,Ventura,111,848112,16150,15364,465,15829,156
2020-11-07,Yolo,113,214977,3707,3486,9,3495,61
2020-11-07,Yuba,115,75493,1438,1349,6,1355,10
2020-11-06,Alameda,1,1643700,25410,24389,257,24646,420
2020-11-06,Alpine,3,1148,25,6,0,6,0
2020-11-06,Amador,5,37829,398,369,0,369,16
2020-11-06,Butte,7,227075,3401,3254,56,3310,57
2020-11-06,Calaveras,9,45235,364,359,0,359,21
2020-11-06,Colusa,11,21464,595,580,0,580,6
2020-11-06,Contra Costa,13,1133247,20651,19744,107,19851,252
2020-11-06,Del Norte,15,27424,203,194,0,194,2
2020-11-06,El Dorado,17,186661,1614,1475,7,1482,4
2020-11-06,Fresno,19,978130,35496,32278,615,32893,460
2020-11-06,Glenn,21,27897,757,707,7,714,3
2020-11-06,Humboldt,23,135768,636,587,0,587,9
2020-11-06,Imperial,25,180216,13772,13230,20,13250,338
2020-11-06,Inyo,27,18085,258,246,1,247,14
2020-11-06,Kern,29,883053,35567,34360,630,34990,443
2020-11-06,Kings,31,150075,9358,8883,79,8962,83
2020-11-06,Lake,33,64148,784,741,0,741,16
2020-11-06,Lassen,35,31185,851,794,1,795,0
2020-11-06,Los Angeles,37,10098052,325683,314356,3741,318097,7160
2020-11-06,Madera,39,155013,5370,5136,62,5198,54
2020-11-06,Marin,41,260295,7323,7184,21,7205,131
2020-11-06,Mariposa,43,17540,90,79,0,79,2
2020-11-06,Mendocino,45,87422,1197,1113,3,1116,22
2020-11-06,Merced,47,269075,10144,9778,53,9831,157
2020-11-06,Modoc,49,8938,70,48,12,60,0
2020-11-06,Mono,51,14174,452,308,7,315,1
2020-11-06,Monterey,53,433212,12526,11914,105,12019,96
2020-11-06,Napa,55,140530,2417,2189,6,2195,15
2020-11-06,Nevada,57,99092,801,692,19,711,9
2020-11-06,Orange,59,3164182,64687,61049,1991,63040,1494
2020-11-06,Placer,61,380077,5112,4680,31,4711,60
2020-11-06,Plumas,63,18699,122,90,0,90,0
2020-11-06,Riverside,65,2383286,73562,70409,777,71186,1341
2020-11-06,Sacramento,67,1510023,28950,27489,36,27525,514
2020-11-06,San Benito,69,59416,1548,1479,1,1480,15
2020-11-06,San Bernardino,71,2135413,71587,66740,246,66986,1179
2020-11-06,San Diego,73,3302833,63156,59143,0,59143,907
2020-11-06,San Francisco,75,870044,13384,12825,65,12890,146
2020-11-06,San Joaquin,77,732212,23276,22424,317,22741,502
2020-11-06,San Luis Obispo,79,281455,4972,4531,47,4578,32
2020-11-06,San Mateo,81,765935,12280,11587,7,11594,168
2020-11-06,Santa Barbara,83,443738,10744,10118,128,10246,133
2020-11-06,Santa Clara,85,1922200,27721,25831,34,25865,402
2020-11-06,Santa Cruz,87,273765,3302,3063,38,3101,25
2020-11-06,Shasta,89,179085,3234,2475,39,2514,35
2020-11-06,Sierra,91,2930,9,7,0,7,0
2020-11-06,Siskiyou,93,43540,284,237,12,249,0
2020-11-06,Solano,95,438530,8418,7959,41,8000,85
2020-11-06,Sonoma,97,501317,10657,10142,35,10177,149
2020-11-06,Stanislaus,99,539301,18672,18250,954,19204,417
2020-11-06,Sutter,101,95872,2099,1937,2,1939,12
2020-11-06,Tehama,103,63373,1135,1024,1,1025,6
2020-11-06,Trinity,105,12862,92,41,6,47,0
2020-11-06,Tulare,107,460477,18753,18136,642,18778,300
2020-11-06,Tuolumne,109,53932,437,316,2,318,5
2020-11-06,Ventura,111,848112,16064,15222,462,15684,154
2020-11-06,Yolo,113,214977,3678,3420,9,3429,62
2020-11-06,Yuba,115,75493,1425,1335,6,1341,10
2020-11-05,Alameda,1,1643700,25232,24270,257,24527,420
2020-11-05,Alpine,3,1148,25,6,0,6,0
2020-11-05,Amador,5,37829,395,363,0,363,16
2020-11-05,Butte,7,227075,3378,3239,50,3289,57
2020-11-05,Calaveras,9,45235,357,333,0,333,19
2020-11-05,Colusa,11,21464,591,574,0,574,6
2020-11-05,Contra Costa,13,1133247,20469,19656,105,19761,252
2020-11-05,Del Norte,15,27424,201,192,0,192,2
2020-11-05,El Dorado,17,186661,1590,1466,7,1473,4
2020-11-05,Fresno,19,978130,35261,32056,594,32650,460
2020-11-05,Glenn,21,27897,737,702,7,709,3
2020-11-05,Humboldt,23,135768,625,581,0,581,9
2020-11-05,Imperial,25,180216,13680,13178,19,13197,337
2020-11-05,Inyo,27,18085,258,247,1,248,14
2020-11-05,Kern,29,883053,35367,34232,616,34848,443
2020-11-05,Kings,31,150075,9203,8846,76,8922,83
2020-11-05,Lake,33,64148,780,739,0,739,16
2020-11-05,Lassen,35,31185,820,782,1,783,0
2020-11-05,Los Angeles,37,10098052,323331,312381,3685,316066,7146
2020-11-05,Madera,39,155013,5333,5129,59,5188,54
2020-11-05,Marin,41,260295,7301,7171,21,7192,131
2020-11-05,Mariposa,43,17540,89,79,0,79,2
2020-11-05,Mendocino,45,87422,1185,1112,3,1115,22
2020-11-05,Merced,47,269075,10085,9753,48,9801,155
2020-11-05,Modoc,49,8938,69,47,11,58,0
2020-11-05,Mono,51,14174,450,307,7,314,1
2020-11-05,Monterey,53,433212,12418,11784,101,11885,96
2020-11-05,Napa,55,140530,2390,2158,6,2164,15
2020-11-05,Nevada,57,99092,779,687,18,705,9
2020-11-05,Orange,59,3164182,64242,60740,1981,62721,1484
2020-11-05,Placer,61,380077,5045,4627,26,4653,60
2020-11-05,Plumas,63,18699,114,90,0,90,0
2020-11-05,Riverside,65,2383286,72852,70094,717,70811,1338
2020-11-05,Sacramento,67,1510023,28567,27232,35,27267,512
2020-11-05,San Benito,69,59416,1533,1477,1,1478,15
2020-11-05,San Bernardino,71,2135413,70759,66407,231,66638,1174
2020-11-05,San Diego,73,3302833,62530,58659,0,58659,904
2020-11-05,San Francisco,75,870044,13272,12726,64,12790,146
2020-11-05,San Joaquin,77,732212,23113,22318,312,22630,502
2020-11-05,San Luis Obispo,79,281455,4904,4459,45,4504,32
2020-11-05,San Mateo,81,765935,12186,11535,7,11542,168
2020-11-05,Santa Barbara,83,443738,10700,10080,123,10203,133
2020-11-05,Santa Clara,85,1922200,27453,25651,34,25685,402
2020-11-05,Santa Cruz,87,273765,3264,3023,38,3061,25
2020-11-05,Shasta,89,179085,3144,2401,38,2439,34
2020-11-05,Sierra,91,2930,9,6,0,6,0
2020-11-05,Siskiyou,93,43540,273,228,12,240,0
2020-11-05,Solano,95,438530,8335,7842,41,7883,85
2020-11-05,Sonoma,97,501317,10545,10064,34,10098,145
2020-11-05,Stanislaus,99,539301,18559,18194,941,19135,417
2020-11-05,Sutter,101,95872,2067,1925,2,1927,12
2020-11-05,Tehama,103,63373,1113,1015,1,1016,6
2020-11-05,Trinity,105,12862,78,41,6,47,0
2020-11-05,Tulare,107,460477,18669,18049,609,18658,301
2020-11-05,Tuolumne,109,53932,408,312,2,314,5
2020-11-05,Ventura,111,848112,15898,15113,451,15564,155
2020-11-05,Yolo,113,214977,3628,3391,9,3400,61
2020-11-05,Yuba,115,75493,1407,1322,6,1328,10
2020-11-04,Alameda,1,1643700,25054,24172,255,24427,418
2020-11-04,Alpine,3,1148,21,5,0,5,0
2020-11-04,Amador,5,37829,392,362,0,362,16
2020-11-04,Butte,7,227075,3352,3218,47,3265,57
2020-11-04,Calaveras,9,45235,354,290,0,290,19
2020-11-04,Colusa,11,21464,589,571,0,571,6
2020-11-04,Contra Costa,13,1133247,20304,19472,101,19573,251
2020-11-04,Del Norte,15,27424,197,188,0,188,2
2020-11-04,El Dorado,17,186661,1575,1448,4,1452,4
2020-11-04,Fresno,19,978130,35031,31952,564,32516,457
2020-11-04,Glenn,21,27897,733,701,6,707,3
2020-11-04,Humboldt,23,135768,617,571,0,571,9
2020-11-04,Imperial,25,180216,13582,13087,19,13106,335
2020-11-04,Inyo,27,18085,257,247,1,248,14
2020-11-04,Kern,29,883053,35214,34027,604,34631,439
2020-11-04,Kings,31,150075,9169,8817,74,8891,83
2020-11-04,Lake,33,64148,773,735,0,735,16
2020-11-04,Lassen,35,31185,815,781,1,782,0
2020-11-04,Los Angeles,37,10098052,321031,310456,3596,314052,7124
2020-11-04,Madera,39,155013,5313,5083,55,5138,54
2020-11-04,Marin,41,260295,7290,7157,21,7178,131
2020-11-04,Mariposa,43,17540,89,79,0,79,2
2020-11-04,Mendocino,45,87422,1167,1089,3,1092,22
2020-11-04,Merced,47,269075,10035,9717,46,9763,153
2020-11-04,Modoc,49,8938,59,47,11,58,0
2020-11-04,Mono,51,14174,447,237,6,243,1
2020-11-04,Monterey,53,433212,12214,11743,94,11837,96
2020-11-04,Napa,55,140530,2336,2133,6,2139,15
2020-11-04,Nevada,57,99092,760,675,18,693,9
2020-11-04,Orange,59,3164182,63810,60463,1957,62420,1483
2020-11-04,Placer,61,380077,4967,4526,23,4549,60
2020-11-04,Plumas,63,18699,112,88,0,88,0
2020-11-04,Riverside,65,2383286,72237,69562,656,70218,1335
2020-11-04,Sacramento,67,1510023,28220,27005,34,27039,510
2020-11-04,San Benito,69,59416,1518,1464,1,1465,15
2020-11-04,San Bernardino,71,2135413,69964,65891,206,66097,1169
2020-11-04,San Diego,73,3302833,61885,58126,0,58126,904
2020-11-04,San Francisco,75,870044,13189,12649,61,12710,146
2020-11-04,San Joaquin,77,732212,22976,22197,299,22496,500
2020-11-04,San Luis Obispo,79,281455,4837,4389,43,4432,32
2020-11-04,San Mateo,81,765935,12091,11456,7,11463,168
2020-11-04,Santa Barbara,83,443738,10662,10026,122,10148,132
2020-11-04,Santa Clara,85,1922200,27192,25487,34,25521,393
2020-11-04,Santa Cruz,87,273765,3227,2997,38,3035,25
2020-11-04,Shasta,89,179085,3013,2321,33,2354,34
2020-11-04,Sierra,91,2930,9,6,0,6,0
2020-11-04,Siskiyou,93,43540,264,222,12,234,0
2020-11-04,Solano,95,438530,8236,7733,41,7774,85
2020-11-04,Sonoma,97,501317,10451,9965,34,9999,142
2020-11-04,Stanislaus,99,539301,18443,18114,925,19039,416
2020-11-04,Sutter,101,95872,2033,1916,2,1918,12
2020-11-04,Tehama,103,63373,1089,997,1,998,6
2020-11-04,Trinity,105,12862,76,37,6,43,0
2020-11-04,Tulare,107,460477,18561,17952,581,18533,298
2020-11-04,Tuolumne,109,53932,386,310,2,312,5
2020-11-04,Ventura,111,848112,15758,14936,447,15383,155
2020-11-04,Yolo,113,214977,3587,3361,9,3370,62
2020-11-04,Yuba,115,75493,1386,1312,6,1318,10
2020-11-03,Alameda,1,1643700,24870,24055,253,24308,418
2020-11-03,Alpine,3,1148,20,4,0,4,0
2020-11-03,Amador,5,37829,387,361,0,361,16
2020-11-03,Butte,7,227075,3329,3211,41,3252,57
2020-11-03,Calaveras,9,45235,350,287,0,287,19
2020-11-03,Colusa,11,21464,584,572,0,572,6
2020-11-03,Contra Costa,13,1133247,20149,19416,101,19517,250
2020-11-03,Del Norte,15,27424,196,187,0,187,2
2020-11-03,El Dorado,17,186661,1553,1445,3,1448,4
2020-11-03,Fresno,19,978130,34767,31856,538,32394,457
2020-11-03,Glenn,21,27897,727,698,6,704,3
2020-11-03,Humboldt,23,135768,611,570,0,570,8
2020-11-03,Imperial,25,180216,13493,13044,18,13062,335
2020-11-03,Inyo,27,18085,256,244,1,245,14
2020-11-03,Kern,29,883053,35024,33957,592,34549,439
2020-11-03,Kings,31,150075,9006,8783,69,8852,83
2020-11-03,Lake,33,64148,763,732,0,732,16
2020-11-03,Lassen,35,31185,806,782,1,783,0
2020-11-03,Los Angeles,37,10098052,318581,308812,3521,312333,7104
2020-11-03,Madera,39,155013,5277,5058,54,5112,54
2020-11-03,Marin,41,260295,7270,7147,20,7167,131
2020-11-03,Mariposa,43,17540,88,79,0,79,2
2020-11-03,Mendocino,45,87422,1152,1084,3,1087,22
2020-11-03,Merced,47,269075,9983,9713,45,9758,153
2020-11-03,Modoc,49,8938,57,47,9,56,0
2020-11-03,Mono,51,14174,443,210,6,216,1
2020-11-03,Monterey,53,433212,12146,11703,87,11790,94
2020-11-03,Napa,55,140530,2300,2130,6,2136,15
2020-11-03,Nevada,57,99092,740,670,17,687,9
2020-11-03,Orange,59,3164182,63383,60283,1946,62229,1477
2020-11-03,Placer,61,380077,4893,4514,23,4537,60
2020-11-03,Plumas,63,18699,109,86,0,86,0
2020-11-03,Riverside,65,2383286,71622,69300,628,69928,1325
2020-11-03,Sacramento,67,1510023,27838,26841,33,26874,510
2020-11-03,San Benito,69,59416,1508,1463,1,1464,15
2020-11-03,San Bernardino,71,2135413,69155,65320,202,65522,1159
2020-11-03,San Diego,73,3302833,61209,57722,0,57722,901
2020-11-03,San Francisco,75,870044,13066,12585,60,12645,146
2020-11-03,San Joaquin,77,732212,22842,22109,293,22402,500
2020-11-03,San Luis Obispo,79,281455,4753,4371,41,4412,32
2020-11-03,San Mateo,81,765935,11997,11406,7,11413,162
2020-11-03,Santa Barbara,83,443738,10608,10008,116,10124,132
2020-11-03,Santa Clara,85,1922200,26917,25386,33,25419,393
2020-11-03,Santa Cruz,87,273765,3177,2980,37,3017,25
2020-11-03,Shasta,89,179085,2918,2288,27,2315,33
2020-11-03,Sierra,91,2930,7,6,0,6,0
2020-11-03,Siskiyou,93,43540,260,219,11,230,0
2020-11-03,Solano,95,438530,8153,7691,41,7732,85
2020-11-03,Sonoma,97,501317,10349,9906,34,9940,142
2020-11-03,Stanislaus,99,539301,18325,18080,912,18992,416
2020-11-03,Sutter,101,95872,2000,1914,2,1916,12
2020-11-03,Tehama,103,63373,1068,988,1,989,6
2020-11-03,Trinity,105,12862,70,36,5,41,0
2020-11-03,Tulare,107,460477,18458,17890,553,18443,297
2020-11-03,Tuolumne,109,53932,363,302,2,304,5
2020-11-03,Ventura,111,848112,15631,14816,440,15256,155
2020-11-03,Yolo,113,214977,3536,3343,9,3352,61
2020-11-03,Yuba,115,75493,1373,1295,6,1301,10
2020-11-02,Alameda,1,1643700,24674,23991,250,24241,419
2020-11-02,Alpine,3,1148,17,4,0,4,0
2020-11-02,Amador,5,37829,379,357,0,357,16
2020-11-02,Butte,7,227075,3309,3198,38,3236,57
2020-11-02,Calaveras,9,45235,350,282,0,282,18
2020-11-02,Colusa,11,21464,579,571,0,571,6
2020-11-02,Contra Costa,13,1133247,19995,19339,100,19439,250
2020-11-02,Del Norte,15,27424,193,175,0,175,2
2020-11-02,El Dorado,17,186661,1529,1405,3,1408,4
2020-11-02,Fresno,19,978130,34501,31738,521,32259,451
2020-11-02,Glenn,21,27897,721,692,5,697,3
2020-11-02,Humboldt,23,135768,602,569,0,569,8
2020-11-02,Imperial,25,180216,13413,13004,17,13021,334
2020-11-02,Inyo,27,18085,253,243,1,244,14
2020-11-02,Kern,29,883053,34868,33834,582,34416,437
2020-11-02,Kings,31,150075,8976,8654,66,8720,82
2020-11-02,Lake,33,64148,757,728,0,728,17
2020-11-02,Lassen,35,31185,798,782,1,783,0
2020-11-02,Los Angeles,37,10098052,316238,307620,3440,311060,7079
2020-11-02,Madera,39,155013,5247,5033,53,5086,54
2020-11-02,Marin,41,260295,7252,7132,19,7151,125
2020-11-02,Mariposa,43,17540,88,79,0,79,2
2020-11-02,Mendocino,45,87422,1138,1076,3,1079,21
2020-11-02,Merced,47,269075,9921,9664,39,9703,152
2020-11-02,Modoc,49,8938,54,45,5,50,0
2020-11-02,Mono,51,14174,441,211,6,217,1
2020-11-02,Monterey,53,433212,12039,11602,84,11686,93
2020-11-02,Napa,55,140530,2258,2081,6,2087,15
2020-11-02,Nevada,57,99092,724,656,17,673,9
2020-11-02,Orange,59,3164182,62980,59996,1928,61924,1474
2020-11-02,Placer,61,380077,4824,4461,21,4482,60
2020-11-02,Plumas,63,18699,101,86,0,86,0
2020-11-02,Riverside,65,2383286,70991,68833,587,69420,1321
2020-11-02,Sacramento,67,1510023,27498,26676,31,26707,508
2020-11-02,San Benito,69,59416,1496,1459,1,1460,15
2020-11-02,San Bernardino,71,2135413,68298,64629,195,64824,1157
2020-11-02,San Diego,73,3302833,60486,57429,0,57429,891
2020-11-02,San Francisco,75,870044,12969,12436,59,12495,145
2020-11-02,San Joaquin,77,732212,22703,21919,284,22203,500
2020-11-02,San Luis Obispo,79,281455,4652,4303,38,4341,31
2020-11-02,San Mateo,81,765935,11888,11328,7,11335,161
2020-11-02,Santa Barbara,83,443738,10567,9985,111,10096,130
2020-11-02,Santa Clara,85,1922200,26628,25222,33,25255,387
2020-11-02,Santa Cruz,87,273765,3135,2943,37,2980,25
2020-11-02,Shasta,89,179085,2813,2174,23,2197,33
2020-11-02,Sierra,91,2930,7,6,0,6,0
2020-11-02,Siskiyou,93,43540,250,216,11,227,0
2020-11-02,Solano,95,438530,8035,7665,41,7706,84
2020-11-02,Sonoma,97,501317,10265,9796,33,9829,140
2020-11-02,Stanislaus,99,539301,18229,18005,903,18908,412
2020-11-02,Sutter,101,95872,1976,1895,2,1897,12
2020-11-02,Tehama,103,63373,1045,971,1,972,6
2020-11-02,Trinity,105,12862,66,30,5,35,0
2020-11-02,Tulare,107,460477,18368,17774,531,18305,299
2020-11-02,Tuolumne,109,53932,343,302,2,304,5
2020-11-02,Ventura,111,848112,15496,14767,420,15187,156
2020-11-02,Yolo,113,214977,3487,3318,9,3327,61
2020-11-02,Yuba,115,75493,1360,1280,6,1286,10
2020-11-01,Alameda,1,1643700,24513,23892,248,24140,419
2020-11-01,Alpine,3,1148,11,4,0,4,0
2020-11-01,Amador,5,37829,376,352,0,352,16
2020-11-01,Butte,7,227075,3286,3185,36,3221,57
2020-11-01,Calaveras,9,45235,349,282,0,282,18
2020-11-01,Colusa,11,21464,577,567,0,567,6
2020-11-01,Contra Costa,13,1133247,19821,19246,99,19345,250
2020-11-01,Del Norte,15,27424,189,175,0,175,2
2020-11-01,El Dorado,17,186661,1513,1394,3,1397,4
2020-11-01,Fresno,19,978130,34247,31613,504,32117,451
2020-11-01,Glenn,21,27897,712,688,3,691,3
2020-11-01,Humboldt,23,135768,594,568,0,568,8
2020-11-01,Imperial,25,180216,13322,12969,15,12984,334
2020-11-01,Inyo,27,18085,251,241,1,242,14
2020-11-01,Kern,29,883053,34688,33760,469,34229,437
2020-11-01,Kings,31,150075,8938,8641,65,8706,82
2020-11-01,Lake,33,64148,751,727,0,727,17
2020-11-01,Lassen,35,31185,798,782,1,783,0
2020-11-01,Los Angeles,37,10098052,313678,306217,3341,309558,7077
2020-11-01,Madera,39,155013,5200,5019,51,5070,54
2020-11-01,Marin,41,260295,7235,7124,19,7143,125
2020-11-01,Mariposa,43,17540,84,79,0,79,2
2020-11-01,Mendocino,45,87422,1125,1074,3,1077,21
2020-11-01,Merced,47,269075,9860,9626,39,9665,152
2020-11-01,Modoc,49,8938,53,45,5,50,0
2020-11-01,Mono,51,14174,411,211,5,216,1
2020-11-01,Monterey,53,433212,11931,11587,81,11668,93
2020-11-01,Napa,55,140530,2224,2067,6,2073,15
2020-11-01,Nevada,57,99092,708,646,16,662,9
2020-11-01,Orange,59,3164182,62578,59733,1900,61633,1475
2020-11-01,Placer,61,380077,4760,4422,20,4442,58
2020-11-01,Plumas,63,18699,96,86,0,86,0
2020-11-01,Riverside,65,2383286,70363,68493,551,69044,1319
2020-11-01,Sacramento,67,1510023,27180,26442,31,26473,508
2020-11-01,San Benito,69,59416,1481,1451,1,1452,15
2020-11-01,San Bernardino,71,2135413,67458,64339,175,64514,1157
2020-11-01,San Diego,73,3302833,59799,57122,0,57122,891
2020-11-01,San Francisco,75,870044,12847,12436,54,12490,145
2020-11-01,San Joaquin,77,732212,22576,21919,277,22196,500
2020-11-01,San Luis Obispo,79,281455,4572,4303,37,4340,31
2020-11-01,San Mateo,81,765935,11808,11280,7,11287,160
2020-11-01,Santa Barbara,83,443738,10516,9969,94,10063,130
2020-11-01,Santa Clara,85,1922200,26351,25090,33,25123,386
2020-11-01,Santa Cruz,87,273765,3082,2921,37,2958,25
2020-11-01,Shasta,89,179085,2677,2172,22,2194,33
2020-11-01,Sierra,91,2930,7,6,0,6,0
2020-11-01,Siskiyou,93,43540,245,205,11,216,0
2020-11-01,Solano,95,438530,7945,7591,41,7632,84
2020-11-01,Sonoma,97,501317,10173,9688,33,9721,140
2020-11-01,Stanislaus,99,539301,18128,17961,883,18844,412
2020-11-01,Sutter,101,95872,1950,1888,1,1889,12
2020-11-01,Tehama,103,63373,1028,965,1,966,5
2020-11-01,Trinity,105,12862,64,30,5,35,0
2020-11-01,Tulare,107,460477,18256,17774,500,18274,299
2020-11-01,Tuolumne,109,53932,321,295,2,297,5
2020-11-01,Ventura,111,848112,15350,14686,385,15071,156
2020-11-01,Yolo,113,214977,3438,3303,9,3312,60
2020-11-01,Yuba,115,75493,1343,1273,6,1279,10
2020-10-31,Alameda,1,1643700,24398,23780,244,24024,416
2020-10-31,Alpine,3,1148,11,4,0,4,0
2020-10-31,Amador,5,37829,372,347,0,347,16
2020-10-31,Butte,7,227075,3273,3172,34,3206,57
2020-10-31,Calaveras,9,45235,349,280,0,280,18
2020-10-31,Colusa,11,21464,575,555,0,555,6
2020-10-31,Contra Costa,13,1133247,19715,19161,99,19260,249
2020-10-31,Del Norte,15,27424,188,175,0,175,2
2020-10-31,El Dorado,17,186661,1504,1390,3,1393,4
2020-10-31,Fresno,19,978130,34111,31558,500,32058,451
2020-10-31,Glenn,21,27897,710,678,3,681,3
2020-10-31,Humboldt,23,135768,591,561,0,561,8
2020-10-31,Imperial,25,180216,13280,12912,15,12927,334
2020-10-31,Inyo,27,18085,250,241,1,242,14
2020-10-31,Kern,29,883053,34586,33666,459,34125,437
2020-10-31,Kings,31,150075,8917,8612,63,8675,82
2020-10-31,Lake,33,64148,747,724,0,724,16
2020-10-31,Lassen,35,31185,793,782,1,783,0
2020-10-31,Los Angeles,37,10098052,312310,304704,3296,308000,7073
2020-10-31,Madera,39,155013,5183,5013,48,5061,54
2020-10-31,Marin,41,260295,7219,7112,19,7131,125
2020-10-31,Mariposa,43,17540,84,79,0,79,2
2020-10-31,Mendocino,45,87422,1117,1066,3,1069,21
2020-10-31,Merced,47,269075,9827,9597,38,9635,151
2020-10-31,Modoc,49,8938,52,34,4,38,0
2020-10-31,Mono,51,14174,262,194,4,198,1
2020-10-31,Monterey,53,433212,11863,11539,77,11616,93
2020-10-31,Napa,55,140530,2205,2040,6,2046,15
2020-10-31,Nevada,57,99092,690,644,16,660,9
2020-10-31,Orange,59,3164182,62319,59488,1882,61370,1473
2020-10-31,Placer,61,380077,4711,4374,19,4393,58
2020-10-31,Plumas,63,18699,95,85,0,85,0
2020-10-31,Riverside,65,2383286,70007,68178,528,68706,1319
2020-10-31,Sacramento,67,1510023,26980,26316,29,26345,507
2020-10-31,San Benito,69,59416,1474,1448,1,1449,15
2020-10-31,San Bernardino,71,2135413,67033,64016,165,64181,1157
2020-10-31,San Diego,73,3302833,59346,56769,0,56769,891
2020-10-31,San Francisco,75,870044,12774,12438,53,12491,145
2020-10-31,San Joaquin,77,732212,22501,21918,267,22185,500
2020-10-31,San Luis Obispo,79,281455,4503,4285,34,4319,31
2020-10-31,San Mateo,81,765935,11756,11253,7,11260,160
2020-10-31,Santa Barbara,83,443738,10488,9957,86,10043,130
2020-10-31,Santa Clara,85,1922200,26183,24957,33,24990,379
2020-10-31,Santa Cruz,87,273765,3047,2895,36,2931,25
2020-10-31,Shasta,89,179085,2627,2122,21,2143,33
2020-10-31,Sierra,91,2930,7,6,0,6,0
2020-10-31,Siskiyou,93,43540,243,200,11,211,0
2020-10-31,Solano,95,438530,7881,7545,41,7586,84
2020-10-31,Sonoma,97,501317,10120,9648,33,9681,140
2020-10-31,Stanislaus,99,539301,18066,17920,866,18786,412
2020-10-31,Sutter,101,95872,1941,1876,1,1877,12
2020-10-31,Tehama,103,63373,1018,953,1,954,5
2020-10-31,Trinity,105,12862,61,30,5,35,0
2020-10-31,Tulare,107,460477,18207,17758,492,18250,299
2020-10-31,Tuolumne,109,53932,315,290,2,292,5
2020-10-31,Ventura,111,848112,15267,14635,366,15001,155
2020-10-31,Yolo,113,214977,3403,3290,9,3299,60
2020-10-31,Yuba,115,75493,1327,1260,5,1265,10
2020-10-30,Alameda,1,1643700,24319,23676,241,23917,401
2020-10-30,Alpine,3,1148,11,4,0,4,0
2020-10-30,Amador,5,37829,372,344,0,344,16
2020-10-30,Butte,7,227075,3268,3160,34,3194,57
2020-10-30,Calaveras,9,45235,348,279,0,279,18
2020-10-30,Colusa,11,21464,573,554,0,554,6
2020-10-30,Contra Costa,13,1133247,19643,19074,99,19173,249
2020-10-30,Del Norte,15,27424,187,175,0,175,2
2020-10-30,El Dorado,17,186661,1491,1386,3,1389,4
2020-10-30,Fresno,19,978130,33991,31409,492,31901,446
2020-10-30,Glenn,21,27897,704,674,2,676,3
2020-10-30,Humboldt,23,135768,590,561,0,561,7
2020-10-30,Imperial,25,180216,13239,12853,15,12868,334
2020-10-30,Inyo,27,18085,249,241,1,242,14
2020-10-30,Kern,29,883053,34493,33583,458,34041,437
2020-10-30,Kings,31,150075,8907,8564,61,8625,82
2020-10-30,Lake,33,64148,747,720,0,720,16
2020-10-30,Lassen,35,31185,787,777,1,778,0
2020-10-30,Los Angeles,37,10098052,310877,303425,3257,306682,7060
2020-10-30,Madera,39,155013,5171,4991,45,5036,54
2020-10-30,Marin,41,260295,7199,7097,19,7116,125
2020-10-30,Mariposa,43,17540,84,78,0,78,2
2020-10-30,Mendocino,45,87422,1115,1062,3,1065,21
2020-10-30,Merced,47,269075,9795,9539,38,9577,150
2020-10-30,Modoc,49,8938,51,34,3,37,0
2020-10-30,Mono,51,14174,261,193,4,197,1
2020-10-30,Monterey,53,433212,11801,11491,71,11562,92
2020-10-30,Napa,55,140530,2187,2028,6,2034,15
2020-10-30,Nevada,57,99092,684,634,16,650,9
2020-10-30,Orange,59,3164182,62078,59334,1869,61203,1469
2020-10-30,Placer,61,380077,4664,4335,19,4354,58
2020-10-30,Plumas,63,18699,92,80,0,80,0
2020-10-30,Riverside,65,2383286,69666,67752,508,68260,1317
2020-10-30,Sacramento,67,1510023,26833,26147,29,26176,505
2020-10-30,San Benito,69,59416,1468,1440,1,1441,15
2020-10-30,San Bernardino,71,2135413,66617,63512,164,63676,1156
2020-10-30,San Diego,73,3302833,58941,56387,0,56387,888
2020-10-30,San Francisco,75,870044,12720,12384,53,12437,145
2020-10-30,San Joaquin,77,732212,22435,21849,260,22109,500
2020-10-30,San Luis Obispo,79,281455,4460,4256,34,4290,31
2020-10-30,San Mateo,81,765935,11697,11207,7,11214,159
2020-10-30,Santa Barbara,83,443738,10465,9937,86,10023,128
2020-10-30,Santa Clara,85,1922200,26034,24811,33,24844,378
2020-10-30,Santa Cruz,87,273765,3029,2874,36,2910,25
2020-10-30,Shasta,89,179085,2583,2048,20,2068,32
2020-10-30,Sierra,91,2930,7,6,0,6,0
2020-10-30,Siskiyou,93,43540,243,192,11,203,0
2020-10-30,Solano,95,438530,7820,7497,41,7538,84
2020-10-30,Sonoma,97,501317,10046,9602,32,9634,140
2020-10-30,Stanislaus,99,539301,18020,17861,849,18710,410
2020-10-30,Sutter,101,95872,1928,1860,1,1861,12
2020-10-30,Tehama,103,63373,1014,932,1,933,5
2020-10-30,Trinity,105,12862,61,29,5,34,0
2020-10-30,Tulare,107,460477,18164,17682,474,18156,299
2020-10-30,Tuolumne,109,53932,308,286,2,288,4
2020-10-30,Ventura,111,848112,15196,14578,351,14929,154
2020-10-30,Yolo,113,214977,3386,3263,9,3272,60
2020-10-30,Yuba,115,75493,1319,1256,5,1261,10
2020-10-29,Alameda,1,1643700,24156,23530,240,23770,401
2020-10-29,Alpine,3,1148,8,4,0,4,0
2020-10-29,Amador,5,37829,368,338,0,338,16
2020-10-29,Butte,7,227075,3250,3143,34,3177,57
2020-10-29,Calaveras,9,45235,346,278,0,278,13
2020-10-29,Colusa,11,21464,569,552,0,552,6
2020-10-29,Contra Costa,13,1133247,19544,18933,98,19031,249
2020-10-29,Del Norte,15,27424,185,174,0,174,2
2020-10-29,El Dorado,17,186661,1469,1370,3,1373,4
2020-10-29,Fresno,19,978130,33836,31321,484,31805,445
2020-10-29,Glenn,21,27897,702,673,2,675,3
2020-10-29,Humboldt,23,135768,585,559,0,559,7
2020-10-29,Imperial,25,180216,13195,12769,15,12784,334
2020-10-29,Inyo,27,18085,247,238,1,239,14
2020-10-29,Kern,29,883053,34392,33460,453,33913,437
2020-10-29,Kings,31,150075,8753,8502,60,8562,82
2020-10-29,Lake,33,64148,744,702,0,702,16
2020-10-29,Lassen,35,31185,786,772,1,773,0
2020-10-29,Los Angeles,37,10098052,309257,302246,3204,305450,7046
2020-10-29,Madera,39,155013,5142,4970,43,5013,53
2020-10-29,Marin,41,260295,7186,7083,19,7102,125
2020-10-29,Mariposa,43,17540,82,78,0,78,2
2020-10-29,Mendocino,45,87422,1109,1058,3,1061,21
2020-10-29,Merced,47,269075,9742,9496,38,9534,150
2020-10-29,Modoc,49,8938,49,31,3,34,0
2020-10-29,Mono,51,14174,254,176,4,180,1
2020-10-29,Monterey,53,433212,11720,11425,69,11494,92
2020-10-29,Napa,55,140530,2163,2009,6,2015,15
2020-10-29,Nevada,57,99092,678,632,16,648,9
2020-10-29,Orange,59,3164182,61810,59046,1849,60895,1464
2020-10-29,Placer,61,380077,4619,4270,17,4287,58
2020-10-29,Plumas,63,18699,90,69,0,69,0
2020-10-29,Riverside,65,2383286,69291,67268,479,67747,1304
2020-10-29,Sacramento,67,1510023,26621,25978,28,26006,507
2020-10-29,San Benito,69,59416,1463,1431,1,1432,15
2020-10-29,San Bernardino,71,2135413,66049,62968,154,63122,1150
2020-10-29,San Diego,73,3302833,58477,55916,0,55916,885
2020-10-29,San Francisco,75,870044,12641,12312,53,12365,145
2020-10-29,San Joaquin,77,732212,22352,21736,247,21983,498
2020-10-29,San Luis Obispo,79,281455,4431,4223,32,4255,31
2020-10-29,San Mateo,81,765935,11651,11145,7,11152,157
2020-10-29,Santa Barbara,83,443738,10432,9902,84,9986,128
2020-10-29,Santa Clara,85,1922200,25882,24614,33,24647,377
2020-10-29,Santa Cruz,87,273765,3005,2850,36,2886,24
2020-10-29,Shasta,89,179085,2520,2008,20,2028,32
2020-10-29,Sierra,91,2930,6,6,0,6,0
2020-10-29,Siskiyou,93,43540,227,185,11,196,0
2020-10-29,Solano,95,438530,7757,7453,41,7494,78
2020-10-29,Sonoma,97,501317,9982,9533,32,9565,140
2020-10-29,Stanislaus,99,539301,17967,17790,827,18617,410
2020-10-29,Sutter,101,95872,1920,1852,1,1853,12
2020-10-29,Tehama,103,63373,996,925,1,926,5
2020-10-29,Trinity,105,12862,56,28,5,33,0
2020-10-29,Tulare,107,460477,18088,17627,454,18081,299
2020-10-29,Tuolumne,109,53932,303,279,2,281,4
2020-10-29,Ventura,111,848112,15106,14486,346,14832,154
2020-10-29,Yolo,113,214977,3357,3246,9,3255,60
2020-10-29,Yuba,115,75493,1308,1248,5,1253,10
2020-10-28,Alameda,1,1643700,24056,23468,239,23707,400
2020-10-28,Alpine,3,1148,7,4,0,4,0
2020-10-28,Amador,5,37829,365,337,0,337,16
2020-10-28,Butte,7,227075,3234,3134,31,3165,56
2020-10-28,Calaveras,9,45235,345,278,0,278,13
2020-10-28,Colusa,11,21464,566,551,0,551,6
2020-10-28,Contra Costa,13,1133247,19457,18828,97,18925,246
2020-10-28,Del Norte,15,27424,182,173,0,173,2
2020-10-28,El Dorado,17,186661,1457,1363,3,1366,4
2020-10-28,Fresno,19,978130,33717,31195,479,31674,444
2020-10-28,Glenn,21,27897,698,673,2,675,3
2020-10-28,Humboldt,23,135768,581,559,0,559,7
2020-10-28,Imperial,25,180216,13146,12730,15,12745,333
2020-10-28,Inyo,27,18085,247,238,1,239,14
2020-10-28,Kern,29,883053,34290,33424,434,33858,436
2020-10-28,Kings,31,150075,8731,8486,59,8545,82
2020-10-28,Lake,33,64148,741,700,0,700,15
2020-10-28,Lassen,35,31185,782,771,1,772,0
2020-10-28,Los Angeles,37,10098052,307798,300726,3162,303888,7031
2020-10-28,Madera,39,155013,5126,4954,42,4996,53
2020-10-28,Marin,41,260295,7175,7079,19,7098,126
2020-10-28,Mariposa,43,17540,82,78,0,78,2
2020-10-28,Mendocino,45,87422,1108,1037,3,1040,20
2020-10-28,Merced,47,269075,9716,9480,37,9517,150
2020-10-28,Modoc,49,8938,48,31,2,33,0
2020-10-28,Mono,51,14174,236,176,4,180,1
2020-10-28,Monterey,53,433212,11662,11330,67,11397,89
2020-10-28,Napa,55,140530,2137,1998,5,2003,15
2020-10-28,Nevada,57,99092,670,629,16,645,9
2020-10-28,Orange,59,3164182,61548,58801,1832,60633,1459
2020-10-28,Placer,61,380077,4563,4236,17,4253,57
2020-10-28,Plumas,63,18699,89,67,0,67,0
2020-10-28,Riverside,65,2383286,68893,67003,455,67458,1302
2020-10-28,Sacramento,67,1510023,26424,25838,27,25865,506
2020-10-28,San Benito,69,59416,1455,1429,1,1430,15
2020-10-28,San Bernardino,71,2135413,65590,62778,149,62927,1154
2020-10-28,San Diego,73,3302833,58093,55556,0,55556,881
2020-10-28,San Francisco,75,870044,12583,12261,52,12313,145
2020-10-28,San Joaquin,77,732212,22269,21707,235,21942,498
2020-10-28,San Luis Obispo,79,281455,4390,4197,29,4226,31
2020-10-28,San Mateo,81,765935,11587,11101,7,11108,157
2020-10-28,Santa Barbara,83,443738,10409,9872,82,9954,127
2020-10-28,Santa Clara,85,1922200,25738,24503,33,24536,375
2020-10-28,Santa Cruz,87,273765,2974,2836,36,2872,24
2020-10-28,Shasta,89,179085,2440,1996,19,2015,31
2020-10-28,Sierra,91,2930,6,6,0,6,0
2020-10-28,Siskiyou,93,43540,224,182,10,192,0
2020-10-28,Solano,95,438530,7698,7362,41,7403,77
2020-10-28,Sonoma,97,501317,9891,9457,27,9484,140
2020-10-28,Stanislaus,99,539301,17902,17765,818,18583,409
2020-10-28,Sutter,101,95872,1911,1840,1,1841,12
2020-10-28,Tehama,103,63373,985,921,1,922,5
2020-10-28,Trinity,105,12862,52,28,5,33,0
2020-10-28,Tulare,107,460477,18032,17569,436,18005,297
2020-10-28,Tuolumne,109,53932,300,277,2,279,4
2020-10-28,Ventura,111,848112,15033,14409,337,14746,153
2020-10-28,Yolo,113,214977,3333,3230,9,3239,60
2020-10-28,Yuba,115,75493,1296,1245,5,1250,10
2020-10-27,Alameda,1,1643700,23945,23365,236,23601,400
2020-10-27,Alpine,3,1148,7,3,0,3,0
2020-10-27,Amador,5,37829,362,335,0,335,16
2020-10-27,Butte,7,227075,3218,3107,28,3135,56
2020-10-27,Calaveras,9,45235,343,277,0,277,13
2020-10-27,Colusa,11,21464,561,549,0,549,6
2020-10-27,Contra Costa,13,1133247,19352,18766,97,18863,246
2020-10-27,Del Norte,15,27424,179,173,0,173,2
2020-10-27,El Dorado,17,186661,1444,1351,3,1354,4
2020-10-27,Fresno,19,978130,33601,31096,474,31570,442
2020-10-27,Glenn,21,27897,696,667,1,668,3
2020-10-27,Humboldt,23,135768,578,559,0,559,7
2020-10-27,Imperial,25,180216,13097,12680,15,12695,333
2020-10-27,Inyo,27,18085,247,231,1,232,14
2020-10-27,Kern,29,883053,34173,33328,430,33758,436
2020-10-27,Kings,31,150075,8700,8411,59,8470,83
2020-10-27,Lake,33,64148,738,700,0,700,15
2020-10-27,Lassen,35,31185,780,764,1,765,0
2020-10-27,Los Angeles,37,10098052,306420,299438,3131,302569,7008
2020-10-27,Madera,39,155013,5096,4942,41,4983,53
2020-10-27,Marin,41,260295,7159,7070,19,7089,126
2020-10-27,Mariposa,43,17540,81,78,0,78,2
2020-10-27,Mendocino,45,87422,1101,1033,2,1035,20
2020-10-27,Merced,47,269075,9676,9449,37,9486,150
2020-10-27,Modoc,49,8938,46,31,2,33,0
2020-10-27,Mono,51,14174,222,169,4,173,1
2020-10-27,Monterey,53,433212,11606,11261,65,11326,88
2020-10-27,Napa,55,140530,2121,1979,5,1984,15
2020-10-27,Nevada,57,99092,664,622,16,638,8
2020-10-27,Orange,59,3164182,61278,58550,1815,60365,1448
2020-10-27,Placer,61,380077,4515,4197,15,4212,57
2020-10-27,Plumas,63,18699,86,63,0,63,0
2020-10-27,Riverside,65,2383286,68540,66699,410,67109,1299
2020-10-27,Sacramento,67,1510023,26238,25701,26,25727,501
2020-10-27,San Benito,69,59416,1450,1428,1,1429,15
2020-10-27,San Bernardino,71,2135413,65130,62357,138,62495,1154
2020-10-27,San Diego,73,3302833,57620,55226,0,55226,877
2020-10-27,San Francisco,75,870044,12509,12218,51,12269,140
2020-10-27,San Joaquin,77,732212,22178,21637,226,21863,496
2020-10-27,San Luis Obispo,79,281455,4363,4148,25,4173,31
2020-10-27,San Mateo,81,765935,11538,11074,7,11081,156
2020-10-27,Santa Barbara,83,443738,10380,9874,81,9955,125
2020-10-27,Santa Clara,85,1922200,25596,24368,33,24401,367
2020-10-27,Santa Cruz,87,273765,2944,2815,35,2850,24
2020-10-27,Shasta,89,179085,2353,1962,19,1981,29
2020-10-27,Sierra,91,2930,6,6,0,6,0
2020-10-27,Siskiyou,93,43540,215,181,10,191,0
2020-10-27,Solano,95,438530,7629,7298,41,7339,77
2020-10-27,Sonoma,97,501317,9824,9389,27,9416,140
2020-10-27,Stanislaus,99,539301,17835,17720,810,18530,408
2020-10-27,Sutter,101,95872,1898,1832,1,1833,12
2020-10-27,Tehama,103,63373,971,913,1,914,5
2020-10-27,Trinity,105,12862,49,28,5,33,0
2020-10-27,Tulare,107,460477,17969,17520,413,17933,296
2020-10-27,Tuolumne,109,53932,296,275,2,277,4
2020-10-27,Ventura,111,848112,14950,14347,330,14677,153
2020-10-27,Yolo,113,214977,3319,3216,9,3225,58
2020-10-27,Yuba,115,75493,1283,1235,5,1240,10
2020-10-26,Alameda,1,1643700,23833,23284,236,23520,398
2020-10-26,Alpine,3,1148,5,3,0,3,0
2020-10-26,Amador,5,37829,358,331,0,331,16
2020-10-26,Butte,7,227075,3206,3095,26,3121,56
2020-10-26,Calaveras,9,45235,339,274,0,274,13
2020-10-26,Colusa,11,21464,559,548,0,548,6
2020-10-26,Contra Costa,13,1133247,19256,18718,96,18814,245
2020-10-26,Del Norte,15,27424,179,171,0,171,2
2020-10-26,El Dorado,17,186661,1430,1336,3,1339,4
2020-10-26,Fresno,19,978130,33489,30969,467,31436,441
2020-10-26,Glenn,21,27897,689,660,1,661,3
2020-10-26,Humboldt,23,135768,570,554,0,554,7
2020-10-26,Imperial,25,180216,13043,12654,11,12665,333
2020-10-26,Inyo,27,18085,247,226,1,227,14
2020-10-26,Kern,29,883053,34089,33233,425,33658,432
2020-10-26,Kings,31,150075,8678,8264,57,8321,82
2020-10-26,Lake,33,64148,736,697,0,697,15
2020-10-26,Lassen,35,31185,777,764,1,765,0
2020-10-26,Los Angeles,37,10098052,304994,297961,3088,301049,6979
2020-10-26,Madera,39,155013,5076,4922,40,4962,53
2020-10-26,Marin,41,260295,7153,7064,18,7082,104
2020-10-26,Mariposa,43,17540,81,77,0,77,2
2020-10-26,Mendocino,45,87422,1093,1026,2,1028,20
2020-10-26,Merced,47,269075,9629,9375,36,9411,150
2020-10-26,Modoc,49,8938,44,28,0,28,0
2020-10-26,Mono,51,14174,216,167,4,171,1
2020-10-26,Monterey,53,433212,11556,11207,61,11268,87
2020-10-26,Napa,55,140530,2089,1966,5,1971,14
2020-10-26,Nevada,57,99092,657,618,16,634,8
2020-10-26,Orange,59,3164182,61075,58377,1795,60172,1442
2020-10-26,Placer,61,380077,4472,4161,14,4175,57
2020-10-26,Plumas,63,18699,84,63,0,63,0
2020-10-26,Riverside,65,2383286,68086,66475,386,66861,1294
2020-10-26,Sacramento,67,1510023,26055,25555,24,25579,496
2020-10-26,San Benito,69,59416,1442,1424,1,1425,15
2020-10-26,San Bernardino,71,2135413,64658,61871,137,62008,1153
2020-10-26,San Diego,73,3302833,57229,54957,0,54957,870
2020-10-26,San Francisco,75,870044,12449,12072,51,12123,138
2020-10-26,San Joaquin,77,732212,22095,21459,220,21679,495
2020-10-26,San Luis Obispo,79,281455,4338,4133,25,4158,31
2020-10-26,San Mateo,81,765935,11495,11037,7,11044,156
2020-10-26,Santa Barbara,83,443738,10357,9827,81,9908,122
2020-10-26,Santa Clara,85,1922200,25406,24258,32,24290,365
2020-10-26,Santa Cruz,87,273765,2918,2808,35,2843,24
2020-10-26,Shasta,89,179085,2300,1889,19,1908,29
2020-10-26,Sierra,91,2930,6,6,0,6,0
2020-10-26,Siskiyou,93,43540,207,179,10,189,0
2020-10-26,Solano,95,438530,7549,7271,41,7312,62
2020-10-26,Sonoma,97,501317,9745,9315,27,9342,140
2020-10-26,Stanislaus,99,539301,17785,17666,800,18466,400
2020-10-26,Sutter,101,95872,1890,1817,1,1818,12
2020-10-26,Tehama,103,63373,951,892,1,893,5
2020-10-26,Trinity,105,12862,49,26,5,31,0
2020-10-26,Tulare,107,460477,17892,17432,390,17822,296
2020-10-26,Tuolumne,109,53932,287,271,2,273,4
2020-10-26,Ventura,111,848112,14880,14330,327,14657,154
2020-10-26,Yolo,113,214977,3299,3206,9,3215,58
2020-10-26,Yuba,115,75493,1267,1226,5,1231,10
2020-10-25,Alameda,1,1643700,23727,23192,236,23428,398
2020-10-25,Alpine,3,1148,4,3,0,3,0
2020-10-25,Amador,5,37829,347,330,0,330,16
2020-10-25,Butte,7,227075,3187,3087,26,3113,56
2020-10-25,Calaveras,9,45235,338,274,0,274,13
2020-10-25,Colusa,11,21464,555,548,0,548,6
2020-10-25,Contra Costa,13,1133247,19155,18640,96,18736,245
2020-10-25,Del Norte,15,27424,175,171,0,171,2
2020-10-25,El Dorado,17,186661,1415,1328,3,1331,4
2020-10-25,Fresno,19,978130,33360,30858,458,31316,441
2020-10-25,Glenn,21,27897,686,652,1,653,3
2020-10-25,Humboldt,23,135768,567,554,0,554,7
2020-10-25,Imperial,25,180216,12993,12572,11,12583,333
2020-10-25,Inyo,27,18085,244,226,1,227,14
2020-10-25,Kern,29,883053,33982,33185,421,33606,432
2020-10-25,Kings,31,150075,8645,8246,55,8301,82
2020-10-25,Lake,33,64148,719,695,0,695,15
2020-10-25,Lassen,35,31185,774,764,1,765,0
2020-10-25,Los Angeles,37,10098052,303423,297110,3048,300158,6973
2020-10-25,Madera,39,155013,5046,4909,35,4944,53
2020-10-25,Marin,41,260295,7143,7052,18,7070,102
2020-10-25,Mariposa,43,17540,81,77,0,77,2
2020-10-25,Mendocino,45,87422,1086,1024,2,1026,20
2020-10-25,Merced,47,269075,9564,9352,34,9386,150
2020-10-25,Modoc,49,8938,39,28,0,28,0
2020-10-25,Mono,51,14174,208,167,4,171,1
2020-10-25,Monterey,53,433212,11473,11182,56,11238,87
2020-10-25,Napa,55,140530,2059,1962,5,1967,14
2020-10-25,Nevada,57,99092,649,616,16,632,8
2020-10-25,Orange,59,3164182,60786,58185,1785,59970,1443
2020-10-25,Placer,61,380077,4420,4140,14,4154,57
2020-10-25,Plumas,63,18699,84,63,0,63,0
2020-10-25,Riverside,65,2383286,67634,66192,370,66562,1289
2020-10-25,Sacramento,67,1510023,25840,25445,21,25466,496
2020-10-25,San Benito,69,59416,1435,1423,1,1424,15
2020-10-25,San Bernardino,71,2135413,64119,61551,129,61680,1153
2020-10-25,San Diego,73,3302833,56766,54599,0,54599,870
2020-10-25,San Francisco,75,870044,12376,12072,51,12123,137
2020-10-25,San Joaquin,77,732212,21988,21459,211,21670,495
2020-10-25,San Luis Obispo,79,281455,4296,4126,23,4149,31
2020-10-25,San Mateo,81,765935,11450,10987,7,10994,156
2020-10-25,Santa Barbara,83,443738,10337,9814,81,9895,122
2020-10-25,Santa Clara,85,1922200,25219,24087,32,24119,365
2020-10-25,Santa Cruz,87,273765,2891,2789,35,2824,24
2020-10-25,Shasta,89,179085,2237,1889,19,1908,29
2020-10-25,Sierra,91,2930,6,6,0,6,0
2020-10-25,Siskiyou,93,43540,204,176,10,186,0
2020-10-25,Solano,95,438530,7472,7197,41,7238,60
2020-10-25,Sonoma,97,501317,9651,9235,26,9261,140
2020-10-25,Stanislaus,99,539301,17728,17641,790,18431,400
2020-10-25,Sutter,101,95872,1872,1811,1,1812,12
2020-10-25,Tehama,103,63373,934,880,1,881,5
2020-10-25,Trinity,105,12862,46,26,5,31,0
2020-10-25,Tulare,107,460477,17820,17431,380,17811,296
2020-10-25,Tuolumne,109,53932,282,271,2,273,4
2020-10-25,Ventura,111,848112,14787,14300,321,14621,154
2020-10-25,Yolo,113,214977,3278,3190,9,3199,58
2020-10-25,Yuba,115,75493,1259,1219,5,1224,10
2020-10-24,Alameda,1,1643700,23656,23099,233,23332,398
2020-10-24,Alpine,3,1148,4,3,0,3,0
2020-10-24,Amador,5,37829,346,328,0,328,16
2020-10-24,Butte,7,227075,3178,3078,26,3104,56
2020-10-24,Calaveras,9,45235,336,274,0,274,13
2020-10-24,Colusa,11,21464,550,548,0,548,6
2020-10-24,Contra Costa,13,1133247,19088,18567,96,18663,244
2020-10-24,Del Norte,15,27424,174,171,0,171,2
2020-10-24,El Dorado,17,186661,1399,1317,3,1320,4
2020-10-24,Fresno,19,978130,33299,30752,454,31206,441
2020-10-24,Glenn,21,27897,683,650,1,651,3
2020-10-24,Humboldt,23,135768,565,553,0,553,7
2020-10-24,Imperial,25,180216,12966,12469,11,12480,333
2020-10-24,Inyo,27,18085,244,226,1,227,14
2020-10-24,Kern,29,883053,33923,33105,416,33521,432
2020-10-24,Kings,31,150075,8635,8228,54,8282,82
2020-10-24,Lake,33,64148,714,696,0,696,15
2020-10-24,Lassen,35,31185,773,764,1,765,0
2020-10-24,Los Angeles,37,10098052,302606,296323,3024,299347,6969
2020-10-24,Madera,39,155013,5033,4898,34,4932,53
2020-10-24,Marin,41,260295,7133,7042,18,7060,102
2020-10-24,Mariposa,43,17540,81,77,0,77,2
2020-10-24,Mendocino,45,87422,1074,1022,2,1024,20
2020-10-24,Merced,47,269075,9540,9351,34,9385,150
2020-10-24,Modoc,49,8938,38,28,0,28,0
2020-10-24,Mono,51,14174,194,167,4,171,1
2020-10-24,Monterey,53,433212,11406,11153,55,11208,87
2020-10-24,Napa,55,140530,2042,1957,5,1962,14
2020-10-24,Nevada,57,99092,645,608,16,624,8
2020-10-24,Orange,59,3164182,60633,57928,1774,59702,1441
2020-10-24,Placer,61,380077,4390,4093,14,4107,57
2020-10-24,Plumas,63,18699,78,63,0,63,0
2020-10-24,Riverside,65,2383286,67425,65902,356,66258,1288
2020-10-24,Sacramento,67,1510023,25759,25372,21,25393,496
2020-10-24,San Benito,69,59416,1430,1417,1,1418,15
2020-10-24,San Bernardino,71,2135413,63879,61351,121,61472,1153
2020-10-24,San Diego,73,3302833,56489,54330,0,54330,868
2020-10-24,San Francisco,75,870044,12318,12073,50,12123,137
2020-10-24,San Joaquin,77,732212,21937,21458,206,21664,495
2020-10-24,San Luis Obispo,79,281455,4271,4119,22,4141,31
2020-10-24,San Mateo,81,765935,11411,10942,7,10949,155
2020-10-24,Santa Barbara,83,443738,10320,9781,81,9862,122
2020-10-24,Santa Clara,85,1922200,25132,23978,32,24010,365
2020-10-24,Santa Cruz,87,273765,2872,2775,35,2810,24
2020-10-24,Shasta,89,179085,2192,1878,19,1897,29
2020-10-24,Sierra,91,2930,6,6,0,6,0
2020-10-24,Siskiyou,93,43540,203,174,10,184,0
2020-10-24,Solano,95,438530,7419,7189,41,7230,60
2020-10-24,Sonoma,97,501317,9617,9179,26,9205,140
2020-10-24,Stanislaus,99,539301,17685,17574,773,18347,400
2020-10-24,Sutter,101,95872,1863,1804,1,1805,12
2020-10-24,Tehama,103,63373,926,872,1,873,5
2020-10-24,Trinity,105,12862,46,25,5,30,0
2020-10-24,Tulare,107,460477,17798,17406,367,17773,295
2020-10-24,Tuolumne,109,53932,279,269,2,271,4
2020-10-24,Ventura,111,848112,14734,14240,320,14560,154
2020-10-24,Yolo,113,214977,3267,3164,9,3173,57
2020-10-24,Yuba,115,75493,1256,1210,5,1215,10
2020-10-23,Alameda,1,1643700,23584,23047,231,23278,393
2020-10-23,Alpine,3,1148,4,3,0,3,0
2020-10-23,Amador,5,37829,345,324,0,324,16
2020-10-23,Butte,7,227075,3169,3059,26,3085,55
2020-10-23,Calaveras,9,45235,335,273,0,273,13
2020-10-23,Colusa,11,21464,550,547,0,547,6
2020-10-23,Contra Costa,13,1133247,19017,18483,95,18578,244
2020-10-23,Del Norte,15,27424,174,171,0,171,2
2020-10-23,El Dorado,17,186661,1390,1310,3,1313,4
2020-10-23,Fresno,19,978130,33232,30590,450,31040,441
2020-10-23,Glenn,21,27897,680,644,1,645,3
2020-10-23,Humboldt,23,135768,563,553,0,553,7
2020-10-23,Imperial,25,180216,12935,12398,11,12409,333
2020-10-23,Inyo,27,18085,243,226,1,227,14
2020-10-23,Kern,29,883053,33855,33077,411,33488,431
2020-10-23,Kings,31,150075,8626,8218,54,8272,82
2020-10-23,Lake,33,64148,712,689,0,689,15
2020-10-23,Lassen,35,31185,772,764,1,765,0
2020-10-23,Los Angeles,37,10098052,301527,294287,2993,297280,6956
2020-10-23,Madera,39,155013,5028,4888,34,4922,53
2020-10-23,Marin,41,260295,7121,7029,18,7047,102
2020-10-23,Mariposa,43,17540,81,77,0,77,2
2020-10-23,Mendocino,45,87422,1071,1019,2,1021,20
2020-10-23,Merced,47,269075,9526,9327,34,9361,149
2020-10-23,Modoc,49,8938,38,28,0,28,0
2020-10-23,Mono,51,14174,193,159,4,163,1
2020-10-23,Monterey,53,433212,11359,11099,51,11150,86
2020-10-23,Napa,55,140530,2034,1942,5,1947,14
2020-10-23,Nevada,57,99092,642,604,16,620,8
2020-10-23,Orange,59,3164182,60462,57595,1759,59354,1430
2020-10-23,Placer,61,380077,4344,4073,14,4087,57
2020-10-23,Plumas,63,18699,75,63,0,63,0
2020-10-23,Riverside,65,2383286,67186,65512,348,65860,1279
2020-10-23,Sacramento,67,1510023,25651,25224,21,25245,496
2020-10-23,San Benito,69,59416,1428,1412,1,1413,15
2020-10-23,San Bernardino,71,2135413,63595,60854,111,60965,1150
2020-10-23,San Diego,73,3302833,56183,53944,0,53944,867
2020-10-23,San Francisco,75,870044,12287,12015,50,12065,137
2020-10-23,San Joaquin,77,732212,21881,21361,200,21561,495
2020-10-23,San Luis Obispo,79,281455,4245,4102,22,4124,31
2020-10-23,San Mateo,81,765935,11362,10872,7,10879,155
2020-10-23,Santa Barbara,83,443738,10304,9751,81,9832,121
2020-10-23,Santa Clara,85,1922200,25031,23822,32,23854,364
2020-10-23,Santa Cruz,87,273765,2858,2757,35,2792,24
2020-10-23,Shasta,89,179085,2155,1846,18,1864,29
2020-10-23,Sierra,91,2930,6,6,0,6,0
2020-10-23,Siskiyou,93,43540,200,172,10,182,0
2020-10-23,Solano,95,438530,7388,7174,41,7215,59
2020-10-23,Sonoma,97,501317,9561,9112,26,9138,139
2020-10-23,Stanislaus,99,539301,17648,17496,765,18261,395
2020-10-23,Sutter,101,95872,1856,1797,1,1798,12
2020-10-23,Tehama,103,63373,917,862,1,863,5
2020-10-23,Trinity,105,12862,46,26,5,31,0
2020-10-23,Tulare,107,460477,17753,17334,355,17689,295
2020-10-23,Tuolumne,109,53932,277,254,2,256,4
2020-10-23,Ventura,111,848112,14705,14192,320,14512,155
2020-10-23,Yolo,113,214977,3254,3140,9,3149,57
2020-10-23,Yuba,115,75493,1252,1206,5,1211,10
2020-10-22,Alameda,1,1643700,23483,22915,231,23146,393
2020-10-22,Alpine,3,1148,4,3,0,3,0
2020-10-22,Amador,5,37829,341,317,0,317,16
2020-10-22,Butte,7,227075,3159,3046,24,3070,55
2020-10-22,Calaveras,9,45235,332,273,0,273,13
2020-10-22,Colusa,11,21464,550,547,0,547,6
2020-10-22,Contra Costa,13,1133247,18945,18393,95,18488,243
2020-10-22,Del Norte,15,27424,173,168,0,168,2
2020-10-22,El Dorado,17,186661,1380,1308,3,1311,4
2020-10-22,Fresno,19,978130,33124,30471,442,30913,438
2020-10-22,Glenn,21,27897,673,643,1,644,3
2020-10-22,Humboldt,23,135768,562,548,0,548,7
2020-10-22,Imperial,25,180216,12882,12311,11,12322,333
2020-10-22,Inyo,27,18085,240,220,1,221,14
2020-10-22,Kern,29,883053,33775,32991,408,33399,431
2020-10-22,Kings,31,150075,8375,8201,54,8255,82
2020-10-22,Lake,33,64148,708,678,0,678,15
2020-10-22,Lassen,35,31185,769,764,1,765,0
2020-10-22,Los Angeles,37,10098052,300154,291599,2933,294532,6935
2020-10-22,Madera,39,155013,5007,4847,34,4881,52
2020-10-22,Marin,41,260295,7115,7014,18,7032,102
2020-10-22,Mariposa,43,17540,81,77,0,77,2
2020-10-22,Mendocino,45,87422,1066,1016,2,1018,20
2020-10-22,Merced,47,269075,9498,9323,34,9357,149
2020-10-22,Modoc,49,8938,34,26,0,26,0
2020-10-22,Mono,51,14174,188,156,4,160,1
2020-10-22,Monterey,53,433212,11300,11059,48,11107,84
2020-10-22,Napa,55,140530,2020,1928,5,1933,14
2020-10-22,Nevada,57,99092,636,600,16,616,8
2020-10-22,Orange,59,3164182,60248,57418,1742,59160,1422
2020-10-22,Placer,61,380077,4294,4036,14,4050,57
2020-10-22,Plumas,63,18699,72,62,0,62,0
2020-10-22,Riverside,65,2383286,66852,65104,328,65432,1279
2020-10-22,Sacramento,67,1510023,25514,25054,21,25075,492
2020-10-22,San Benito,69,59416,1424,1403,1,1404,15
2020-10-22,San Bernardino,71,2135413,63195,60402,98,60500,1149
2020-10-22,San Diego,73,3302833,55798,53514,0,53514,866
2020-10-22,San Francisco,75,870044,12229,11991,48,12039,137
2020-10-22,San Joaquin,77,732212,21807,21282,194,21476,495
2020-10-22,San Luis Obispo,79,281455,4229,4081,22,4103,31
2020-10-22,San Mateo,81,765935,11306,10796,7,10803,155
2020-10-22,Santa Barbara,83,443738,10270,9710,79,9789,120
2020-10-22,Santa Clara,85,1922200,24876,23621,32,23653,363
2020-10-22,Santa Cruz,87,273765,2840,2738,34,2772,24
2020-10-22,Shasta,89,179085,2109,1799,18,1817,29
2020-10-22,Sierra,91,2930,6,6,0,6,0
2020-10-22,Siskiyou,93,43540,200,169,10,179,0
2020-10-22,Solano,95,438530,7342,7116,41,7157,59
2020-10-22,Sonoma,97,501317,9495,9052,25,9077,139
2020-10-22,Stanislaus,99,539301,17595,17440,752,18192,395
2020-10-22,Sutter,101,95872,1842,1794,1,1795,12
2020-10-22,Tehama,103,63373,906,852,1,853,5
2020-10-22,Trinity,105,12862,45,26,5,31,0
2020-10-22,Tulare,107,460477,17687,17265,342,17607,293
2020-10-22,Tuolumne,109,53932,275,252,2,254,4
2020-10-22,Ventura,111,848112,14658,14124,318,14442,154
2020-10-22,Yolo,113,214977,3242,3116,9,3125,58
2020-10-22,Yuba,115,75493,1245,1199,5,1204,10
2020-10-21,Alameda,1,1643700,23395,22853,229,23082,392
2020-10-21,Alpine,3,1148,4,3,0,3,0
2020-10-21,Amador,5,37829,336,313,0,313,16
2020-10-21,Butte,7,227075,3147,3041,24,3065,55
2020-10-21,Calaveras,9,45235,331,272,0,272,13
2020-10-21,Colusa,11,21464,550,546,0,546,6
2020-10-21,Contra Costa,13,1133247,18871,18299,95,18394,243
2020-10-21,Del Norte,15,27424,173,169,0,169,2
2020-10-21,El Dorado,17,186661,1368,1305,2,1307,4
2020-10-21,Fresno,19,978130,33029,30328,439,30767,433
2020-10-21,Glenn,21,27897,668,640,1,641,3
2020-10-21,Humboldt,23,135768,561,548,0,548,7
2020-10-21,Imperial,25,180216,12825,12210,11,12221,331
2020-10-21,Inyo,27,18085,236,220,1,221,14
2020-10-21,Kern,29,883053,33701,32956,406,33362,430
2020-10-21,Kings,31,150075,8348,8186,54,8240,80
2020-10-21,Lake,33,64148,707,676,0,676,15
2020-10-21,Lassen,35,31185,768,764,1,765,0
2020-10-21,Los Angeles,37,10098052,298818,288096,2890,290986,6923
2020-10-21,Madera,39,155013,4982,4831,34,4865,52
2020-10-21,Marin,41,260295,7106,7002,18,7020,102
2020-10-21,Mariposa,43,17540,81,77,0,77,2
2020-10-21,Mendocino,45,87422,1064,1011,2,1013,21
2020-10-21,Merced,47,269075,9474,9319,32,9351,149
2020-10-21,Modoc,49,8938,33,26,0,26,0
2020-10-21,Mono,51,14174,186,156,4,160,1
2020-10-21,Monterey,53,433212,11262,11005,47,11052,83
2020-10-21,Napa,55,140530,2004,1918,5,1923,13
2020-10-21,Nevada,57,99092,630,597,16,613,8
2020-10-21,Orange,59,3164182,60037,57189,1731,58920,1409
2020-10-21,Placer,61,380077,4258,4007,14,4021,56
2020-10-21,Plumas,63,18699,69,58,0,58,0
2020-10-21,Riverside,65,2383286,66559,64778,302,65080,1278
2020-10-21,Sacramento,67,1510023,25322,24908,21,24929,490
2020-10-21,San Benito,69,59416,1423,1401,1,1402,14
2020-10-21,San Bernardino,71,2135413,62790,59948,91,60039,1141
2020-10-21,San Diego,73,3302833,55446,53279,0,53279,863
2020-10-21,San Francisco,75,870044,12180,11976,47,12023,137
2020-10-21,San Joaquin,77,732212,21731,21201,188,21389,495
2020-10-21,San Luis Obispo,79,281455,4215,4055,20,4075,31
2020-10-21,San Mateo,81,765935,11257,10730,7,10737,155
2020-10-21,Santa Barbara,83,443738,10252,9681,78,9759,121
2020-10-21,Santa Clara,85,1922200,24751,23537,32,23569,361
2020-10-21,Santa Cruz,87,273765,2817,2729,34,2763,24
2020-10-21,Shasta,89,179085,2072,1777,18,1795,27
2020-10-21,Sierra,91,2930,6,6,0,6,0
2020-10-21,Siskiyou,93,43540,196,169,10,179,0
2020-10-21,Solano,95,438530,7297,7088,41,7129,59
2020-10-21,Sonoma,97,501317,9415,8987,25,9012,138
2020-10-21,Stanislaus,99,539301,17546,17419,743,18162,392
2020-10-21,Sutter,101,95872,1827,1786,1,1787,12
2020-10-21,Tehama,103,63373,890,824,1,825,5
2020-10-21,Trinity,105,12862,42,25,5,30,0
2020-10-21,Tulare,107,460477,17651,17204,328,17532,292
2020-10-21,Tuolumne,109,53932,274,251,2,253,4
2020-10-21,Ventura,111,848112,14595,14050,315,14365,153
2020-10-21,Yolo,113,214977,3223,3095,9,3104,58
2020-10-21,Yuba,115,75493,1236,1194,5,1199,10
2020-10-20,Alameda,1,1643700,23292,22750,225,22975,391
2020-10-20,Alpine,3,1148,4,3,0,3,0
2020-10-20,Amador,5,37829,335,313,0,313,16
2020-10-20,Butte,7,227075,3135,3027,24,3051,56
2020-10-20,Calaveras,9,45235,330,273,0,273,13
2020-10-20,Colusa,11,21464,547,546,0,546,6
2020-10-20,Contra Costa,13,1133247,18779,18246,95,18341,241
2020-10-20,Del Norte,15,27424,172,169,0,169,2
2020-10-20,El Dorado,17,186661,1362,1295,2,1297,4
2020-10-20,Fresno,19,978130,32927,30220,433,30653,431
2020-10-20,Glenn,21,27897,663,638,1,639,3
2020-10-20,Humboldt,23,135768,557,545,0,545,7
2020-10-20,Imperial,25,180216,12756,12114,11,12125,330
2020-10-20,Inyo,27,18085,236,218,1,219,14
2020-10-20,Kern,29,883053,33626,32889,393,33282,429
2020-10-20,Kings,31,150075,8330,8178,53,8231,80
2020-10-20,Lake,33,64148,705,675,0,675,15
2020-10-20,Lassen,35,31185,767,757,1,758,0
2020-10-20,Los Angeles,37,10098052,297329,287727,2837,290564,6891
2020-10-20,Madera,39,155013,4965,4823,34,4857,52
2020-10-20,Marin,41,260295,7091,6994,18,7012,101
2020-10-20,Mariposa,43,17540,80,77,0,77,2
2020-10-20,Mendocino,45,87422,1062,1004,2,1006,21
2020-10-20,Merced,47,269075,9452,9323,32,9355,149
2020-10-20,Modoc,49,8938,32,26,0,26,0
2020-10-20,Mono,51,14174,186,156,4,160,1
2020-10-20,Monterey,53,433212,11219,10942,44,10986,81
2020-10-20,Napa,55,140530,1985,1912,5,1917,13
2020-10-20,Nevada,57,99092,621,596,16,612,8
2020-10-20,Orange,59,3164182,59776,56914,1722,58636,1397
2020-10-20,Placer,61,380077,4220,3997,14,4011,56
2020-10-20,Plumas,63,18699,66,53,0,53,0
2020-10-20,Riverside,65,2383286,66178,64452,290,64742,1275
2020-10-20,Sacramento,67,1510023,25197,24767,20,24787,485
2020-10-20,San Benito,69,59416,1420,1398,1,1399,14
2020-10-20,San Bernardino,71,2135413,62412,59571,86,59657,1109
2020-10-20,San Diego,73,3302833,55110,53004,0,53004,857
2020-10-20,San Francisco,75,870044,12133,12013,46,12059,126
2020-10-20,San Joaquin,77,732212,21653,21173,177,21350,490
2020-10-20,San Luis Obispo,79,281455,4197,4043,19,4062,31
2020-10-20,San Mateo,81,765935,11211,10659,7,10666,155
2020-10-20,Santa Barbara,83,443738,10223,9664,76,9740,121
2020-10-20,Santa Clara,85,1922200,24615,23406,32,23438,358
2020-10-20,Santa Cruz,87,273765,2794,2710,34,2744,23
2020-10-20,Shasta,89,179085,2049,1747,18,1765,20
2020-10-20,Sierra,91,2930,6,6,0,6,0
2020-10-20,Siskiyou,93,43540,188,168,10,178,0
2020-10-20,Solano,95,438530,7248,7044,41,7085,57
2020-10-20,Sonoma,97,501317,9352,8904,23,8927,135
2020-10-20,Stanislaus,99,539301,17492,17367,739,18106,393
2020-10-20,Sutter,101,95872,1818,1783,1,1784,12
2020-10-20,Tehama,103,63373,875,813,1,814,5
2020-10-20,Trinity,105,12862,41,25,5,30,0
2020-10-20,Tulare,107,460477,17585,17156,322,17478,289
2020-10-20,Tuolumne,109,53932,272,250,2,252,4
2020-10-20,Ventura,111,848112,14531,13980,313,14293,152
2020-10-20,Yolo,113,214977,3200,3083,9,3092,56
2020-10-20,Yuba,115,75493,1226,1191,5,1196,10
2020-10-19,Alameda,1,1643700,23183,22647,224,22871,392
2020-10-19,Alpine,3,1148,4,3,0,3,0
2020-10-19,Amador,5,37829,329,313,0,313,16
2020-10-19,Butte,7,227075,3124,3026,24,3050,55
2020-10-19,Calaveras,9,45235,329,268,0,268,13
2020-10-19,Colusa,11,21464,547,544,0,544,6
2020-10-19,Contra Costa,13,1133247,18681,18173,95,18268,239
2020-10-19,Del Norte,15,27424,169,167,0,167,2
2020-10-19,El Dorado,17,186661,1341,1287,2,1289,4
2020-10-19,Fresno,19,978130,32819,30152,428,30580,431
2020-10-19,Glenn,21,27897,658,635,0,635,3
2020-10-19,Humboldt,23,135768,557,543,0,543,7
2020-10-19,Imperial,25,180216,12702,12036,10,12046,330
2020-10-19,Inyo,27,18085,235,218,1,219,14
2020-10-19,Kern,29,883053,33551,32840,390,33230,428
2020-10-19,Kings,31,150075,8312,8173,53,8226,80
2020-10-19,Lake,33,64148,702,673,0,673,15
2020-10-19,Lassen,35,31185,766,757,1,758,0
2020-10-19,Los Angeles,37,10098052,295847,287119,2797,289916,6858
2020-10-19,Madera,39,155013,4950,4787,34,4821,52
2020-10-19,Marin,41,260295,7073,6981,18,6999,100
2020-10-19,Mariposa,43,17540,80,77,0,77,2
2020-10-19,Mendocino,45,87422,1057,1001,2,1003,21
2020-10-19,Merced,47,269075,9428,9305,27,9332,148
2020-10-19,Modoc,49,8938,31,26,0,26,0
2020-10-19,Mono,51,14174,181,156,4,160,1
2020-10-19,Monterey,53,433212,11158,10907,44,10951,80
2020-10-19,Napa,55,140530,1971,1892,5,1897,12
2020-10-19,Nevada,57,99092,618,590,16,606,8
2020-10-19,Orange,59,3164182,59491,56652,1708,58360,1396
2020-10-19,Placer,61,380077,4172,3962,14,3976,49
2020-10-19,Plumas,63,18699,64,52,0,52,0
2020-10-19,Riverside,65,2383286,65750,64016,273,64289,1272
2020-10-19,Sacramento,67,1510023,25058,24542,20,24562,483
2020-10-19,San Benito,69,59416,1413,1395,1,1396,14
2020-10-19,San Bernardino,71,2135413,61963,59265,78,59343,1100
2020-10-19,San Diego,73,3302833,54724,52739,0,52739,853
2020-10-19,San Francisco,75,870044,12089,11879,46,11925,126
2020-10-19,San Joaquin,77,732212,21578,20930,169,21099,489
2020-10-19,San Luis Obispo,79,281455,4181,4016,19,4035,31
2020-10-19,San Mateo,81,765935,11164,10568,7,10575,154
2020-10-19,Santa Barbara,83,443738,10188,9632,76,9708,121
2020-10-19,Santa Clara,85,1922200,24464,23301,32,23333,352
2020-10-19,Santa Cruz,87,273765,2777,2705,34,2739,19
2020-10-19,Shasta,89,179085,2005,1709,17,1726,20
2020-10-19,Sierra,91,2930,6,6,0,6,0
2020-10-19,Siskiyou,93,43540,181,167,10,177,0
2020-10-19,Solano,95,438530,7207,7003,41,7044,57
2020-10-19,Sonoma,97,501317,9265,8830,23,8853,135
2020-10-19,Stanislaus,99,539301,17441,17342,729,18071,390
2020-10-19,Sutter,101,95872,1813,1773,1,1774,12
2020-10-19,Tehama,103,63373,872,793,1,794,5
2020-10-19,Trinity,105,12862,39,23,5,28,0
2020-10-19,Tulare,107,460477,17537,17047,314,17361,291
2020-10-19,Tuolumne,109,53932,270,247,2,249,4
2020-10-19,Ventura,111,848112,14465,13930,310,14240,152
2020-10-19,Yolo,113,214977,3187,3069,9,3078,56
2020-10-19,Yuba,115,75493,1219,1183,5,1188,10
2020-10-18,Alameda,1,1643700,23079,22546,223,22769,392
2020-10-18,Alpine,3,1148,4,3,0,3,0
2020-10-18,Amador,5,37829,317,313,0,313,16
2020-10-18,Butte,7,227075,3111,3019,24,3043,55
2020-10-18,Calaveras,9,45235,328,267,0,267,13
2020-10-18,Colusa,11,21464,545,544,0,544,6
2020-10-18,Contra Costa,13,1133247,18582,18120,95,18215,237
2020-10-18,Del Norte,15,27424,169,167,0,167,2
2020-10-18,El Dorado,17,186661,1332,1283,2,1285,4
2020-10-18,Fresno,19,978130,32695,30051,420,30471,430
2020-10-18,Glenn,21,27897,656,634,0,634,3
2020-10-18,Humboldt,23,135768,554,540,0,540,7
2020-10-18,Imperial,25,180216,12640,11987,9,11996,330
2020-10-18,Inyo,27,18085,232,215,1,216,14
2020-10-18,Kern,29,883053,33478,32799,383,33182,428
2020-10-18,Kings,31,150075,8297,8159,53,8212,80
2020-10-18,Lake,33,64148,695,670,0,670,15
2020-10-18,Lassen,35,31185,766,757,1,758,0
2020-10-18,Los Angeles,37,10098052,294144,286187,2749,288936,6857
2020-10-18,Madera,39,155013,4925,4770,33,4803,52
2020-10-18,Marin,41,260295,7052,6969,18,6987,99
2020-10-18,Mariposa,43,17540,80,77,0,77,2
2020-10-18,Mendocino,45,87422,1055,988,2,990,21
2020-10-18,Merced,47,269075,9393,9292,27,9319,148
2020-10-18,Modoc,49,8938,30,26,0,26,0
2020-10-18,Mono,51,14174,176,155,4,159,1
2020-10-18,Monterey,53,433212,11106,10872,44,10916,80
2020-10-18,Napa,55,140530,1958,1882,5,1887,12
2020-10-18,Nevada,57,99092,612,582,16,598,8
2020-10-18,Orange,59,3164182,59192,56394,1692,58086,1396
2020-10-18,Placer,61,380077,4124,3938,14,3952,49
2020-10-18,Plumas,63,18699,62,52,0,52,0
2020-10-18,Riverside,65,2383286,65440,63765,250,64015,1270
2020-10-18,Sacramento,67,1510023,24903,24425,20,24445,482
2020-10-18,San Benito,69,59416,1406,1395,1,1396,14
2020-10-18,San Bernardino,71,2135413,61464,58893,71,58964,1098
2020-10-18,San Diego,73,3302833,54335,52359,0,52359,853
2020-10-18,San Francisco,75,870044,12050,11878,46,11924,126
2020-10-18,San Joaquin,77,732212,21496,20931,156,21087,489
2020-10-18,San Luis Obispo,79,281455,4150,4009,17,4026,31
2020-10-18,San Mateo,81,765935,11106,10503,7,10510,154
2020-10-18,Santa Barbara,83,443738,10149,9608,75,9683,121
2020-10-18,Santa Clara,85,1922200,24290,23169,32,23201,352
2020-10-18,Santa Cruz,87,273765,2763,2692,34,2726,19
2020-10-18,Shasta,89,179085,1980,1708,17,1725,20
2020-10-18,Sierra,91,2930,6,6,0,6,0
2020-10-18,Siskiyou,93,43540,180,167,10,177,0
2020-10-18,Solano,95,438530,7160,6962,41,7003,57
2020-10-18,Sonoma,97,501317,9189,8781,21,8802,134
2020-10-18,Stanislaus,99,539301,17385,17290,720,18010,390
2020-10-18,Sutter,101,95872,1804,1764,1,1765,12
2020-10-18,Tehama,103,63373,840,774,1,775,5
2020-10-18,Trinity,105,12862,39,20,5,25,0
2020-10-18,Tulare,107,460477,17445,17048,304,17352,290
2020-10-18,Tuolumne,109,53932,265,245,2,247,4
2020-10-18,Ventura,111,848112,14386,13901,309,14210,151
2020-10-18,Yolo,113,214977,3148,3059,9,3068,55
2020-10-18,Yuba,115,75493,1208,1176,5,1181,10
2020-10-17,Alameda,1,1643700,23034,22394,221,22615,398
2020-10-17,Alpine,3,1148,4,3,0,3,0
2020-10-17,Amador,5,37829,315,309,0,309,16
2020-10-17,Butte,7,227075,3103,3012,22,3034,55
2020-10-17,Calaveras,9,45235,328,267,0,267,13
2020-10-17,Colusa,11,21464,544,544,0,544,6
2020-10-17,Contra Costa,13,1133247,18529,18005,95,18100,237
2020-10-17,Del Norte,15,27424,169,167,0,167,2
2020-10-17,El Dorado,17,186661,1328,1277,2,1279,4
2020-10-17,Fresno,19,978130,32641,29911,418,30329,430
2020-10-17,Glenn,21,27897,653,633,0,633,3
2020-10-17,Humboldt,23,135768,551,535,0,535,7
2020-10-17,Imperial,25,180216,12612,11962,9,11971,330
2020-10-17,Inyo,27,18085,227,212,1,213,14
2020-10-17,Kern,29,883053,33427,32710,380,33090,428
2020-10-17,Kings,31,150075,8291,8151,52,8203,80
2020-10-17,Lake,33,64148,692,663,0,663,15
2020-10-17,Lassen,35,31185,766,757,1,758,0
2020-10-17,Los Angeles,37,10098052,293393,285858,2721,288579,6844
2020-10-17,Madera,39,155013,4919,4759,33,4792,53
2020-10-17,Marin,41,260295,7049,6958,18,6976,99
2020-10-17,Mariposa,43,17540,79,77,0,77,2
2020-10-17,Mendocino,45,87422,1048,977,2,979,21
2020-10-17,Merced,47,269075,9379,9275,27,9302,148
2020-10-17,Modoc,49,8938,30,26,0,26,0
2020-10-17,Mono,51,14174,175,155,4,159,1
2020-10-17,Monterey,53,433212,11066,10807,43,10850,80
2020-10-17,Napa,55,140530,1951,1866,5,1871,12
2020-10-17,Nevada,57,99092,611,580,16,596,8
2020-10-17,Orange,59,3164182,59052,56197,1683,57880,1396
2020-10-17,Placer,61,380077,4097,3898,14,3912,49
2020-10-17,Plumas,63,18699,62,52,0,52,0
2020-10-17,Riverside,65,2383286,65243,63171,239,63410,1270
2020-10-17,Sacramento,67,1510023,24818,24304,20,24324,482
2020-10-17,San Benito,69,59416,1402,1389,1,1390,14
2020-10-17,San Bernardino,71,2135413,61194,58415,67,58482,1097
2020-10-17,San Diego,73,3302833,54110,51986,0,51986,853
2020-10-17,San Francisco,75,870044,12022,11877,45,11922,126
2020-10-17,San Joaquin,77,732212,21442,20932,150,21082,489
2020-10-17,San Luis Obispo,79,281455,4135,3979,17,3996,31
2020-10-17,San Mateo,81,765935,11078,10423,7,10430,153
2020-10-17,Santa Barbara,83,443738,10130,9588,73,9661,121
2020-10-17,Santa Clara,85,1922200,24201,22997,32,23029,349
2020-10-17,Santa Cruz,87,273765,2749,2680,34,2714,19
2020-10-17,Shasta,89,179085,1954,1679,17,1696,20
2020-10-17,Sierra,91,2930,6,6,0,6,0
2020-10-17,Siskiyou,93,43540,179,167,10,177,0
2020-10-17,Solano,95,438530,7134,6929,41,6970,57
2020-10-17,Sonoma,97,501317,9146,8725,21,8746,134
2020-10-17,Stanislaus,99,539301,17346,17232,710,17942,390
2020-10-17,Sutter,101,95872,1802,1762,1,1763,12
2020-10-17,Tehama,103,63373,824,764,1,765,5
2020-10-17,Trinity,105,12862,39,20,5,25,0
2020-10-17,Tulare,107,460477,17415,16995,295,17290,290
2020-10-17,Tuolumne,109,53932,265,241,2,243,4
2020-10-17,Ventura,111,848112,14341,13845,306,14151,151
2020-10-17,Yolo,113,214977,3133,3045,7,3052,55
2020-10-17,Yuba,115,75493,1203,1164,5,1169,10
2020-10-16,Alameda,1,1643700,22980,22315,221,22536,397
2020-10-16,Alpine,3,1148,4,3,0,3,0
2020-10-16,Amador,5,37829,315,309,0,309,16
2020-10-16,Butte,7,227075,3092,3004,22,3026,54
2020-10-16,Calaveras,9,45235,328,267,0,267,13
2020-10-16,Colusa,11,21464,543,544,0,544,6
2020-10-16,Contra Costa,13,1133247,18476,17956,95,18051,237
2020-10-16,Del Norte,15,27424,169,166,0,166,2
2020-10-16,El Dorado,17,186661,1322,1273,2,1275,4
2020-10-16,Fresno,19,978130,32566,29796,416,30212,427
2020-10-16,Glenn,21,27897,648,632,0,632,3
2020-10-16,Humboldt,23,135768,551,533,0,533,7
2020-10-16,Imperial,25,180216,12572,11885,9,11894,330
2020-10-16,Inyo,27,18085,223,212,1,213,14
2020-10-16,Kern,29,883053,33384,32660,378,33038,428
2020-10-16,Kings,31,150075,8282,8146,51,8197,80
2020-10-16,Lake,33,64148,690,644,0,644,14
2020-10-16,Lassen,35,31185,766,757,1,758,0
2020-10-16,Los Angeles,37,10098052,292334,284988,2698,287686,6835
2020-10-16,Madera,39,155013,4907,4736,32,4768,53
2020-10-16,Marin,41,260295,7039,6933,18,6951,99
2020-10-16,Mariposa,43,17540,79,76,0,76,2
2020-10-16,Mendocino,45,87422,1041,974,2,976,21
2020-10-16,Merced,47,269075,9362,9246,27,9273,148
2020-10-16,Modoc,49,8938,30,26,0,26,0
2020-10-16,Mono,51,14174,173,155,4,159,1
2020-10-16,Monterey,53,433212,11032,10727,43,10770,79
2020-10-16,Napa,55,140530,1942,1855,5,1860,12
2020-10-16,Nevada,57,99092,609,579,16,595,8
2020-10-16,Orange,59,3164182,58876,56091,1676,57767,1388
2020-10-16,Placer,61,380077,4077,3864,14,3878,49
2020-10-16,Plumas,63,18699,61,52,0,52,0
2020-10-16,Riverside,65,2383286,65018,62986,238,63224,1267
2020-10-16,Sacramento,67,1510023,24724,24144,20,24164,479
2020-10-16,San Benito,69,59416,1399,1388,1,1389,14
2020-10-16,San Bernardino,71,2135413,60926,58233,67,58300,1069
2020-10-16,San Diego,73,3302833,53869,51785,0,51785,850
2020-10-16,San Francisco,75,870044,12000,11840,44,11884,126
2020-10-16,San Joaquin,77,732212,21397,20910,149,21059,489
2020-10-16,San Luis Obispo,79,281455,4121,3952,17,3969,32
2020-10-16,San Mateo,81,765935,11052,10405,7,10412,153
2020-10-16,Santa Barbara,83,443738,10112,9549,73,9622,119
2020-10-16,Santa Clara,85,1922200,24116,22920,32,22952,345
2020-10-16,Santa Cruz,87,273765,2736,2666,34,2700,20
2020-10-16,Shasta,89,179085,1932,1660,17,1677,20
2020-10-16,Sierra,91,2930,6,6,0,6,0
2020-10-16,Siskiyou,93,43540,177,167,10,177,0
2020-10-16,Solano,95,438530,7111,6879,41,6920,55
2020-10-16,Sonoma,97,501317,9090,8652,21,8673,133
2020-10-16,Stanislaus,99,539301,17313,17201,701,17902,366
2020-10-16,Sutter,101,95872,1794,1756,1,1757,12
2020-10-16,Tehama,103,63373,823,737,1,738,3
2020-10-16,Trinity,105,12862,39,20,5,25,0
2020-10-16,Tulare,107,460477,17383,16965,287,17252,290
2020-10-16,Tuolumne,109,53932,262,237,2,239,4
2020-10-16,Ventura,111,848112,14298,13805,301,14106,152
2020-10-16,Yolo,113,214977,3124,3030,7,3037,55
2020-10-16,Yuba,115,75493,1203,1155,5,1160,10
2020-10-15,Alameda,1,1643700,22913,22267,220,22487,390
2020-10-15,Alpine,3,1148,4,3,0,3,0
2020-10-15,Amador,5,37829,315,309,0,309,16
2020-10-15,Butte,7,227075,3080,3000,21,3021,54
2020-10-15,Calaveras,9,45235,327,267,0,267,13
2020-10-15,Colusa,11,21464,542,543,0,543,6
2020-10-15,Contra Costa,13,1133247,18409,17893,94,17987,237
2020-10-15,Del Norte,15,27424,169,164,0,164,2
2020-10-15,El Dorado,17,186661,1317,1265,2,1267,4
2020-10-15,Fresno,19,978130,32473,29727,414,30141,425
2020-10-15,Glenn,21,27897,643,632,0,632,3
2020-10-15,Humboldt,23,135768,547,531,0,531,7
2020-10-15,Imperial,25,180216,12531,11820,8,11828,330
2020-10-15,Inyo,27,18085,223,210,1,211,14
2020-10-15,Kern,29,883053,33304,32593,375,32968,427
2020-10-15,Kings,31,150075,8267,8134,51,8185,80
2020-10-15,Lake,33,64148,688,642,0,642,14
2020-10-15,Lassen,35,31185,765,752,1,753,0
2020-10-15,Los Angeles,37,10098052,291057,284019,2658,286677,6807
2020-10-15,Madera,39,155013,4895,4723,31,4754,50
2020-10-15,Marin,41,260295,7031,6912,18,6930,99
2020-10-15,Mariposa,43,17540,79,76,0,76,2
2020-10-15,Mendocino,45,87422,1036,963,2,965,21
2020-10-15,Merced,47,269075,9335,9213,27,9240,147
2020-10-15,Modoc,49,8938,30,26,0,26,0
2020-10-15,Mono,51,14174,173,155,4,159,1
2020-10-15,Monterey,53,433212,10965,10677,42,10719,79
2020-10-15,Napa,55,140530,1929,1842,5,1847,12
2020-10-15,Nevada,57,99092,605,575,16,591,8
2020-10-15,Orange,59,3164182,58661,55952,1664,57616,1379
2020-10-15,Placer,61,380077,4049,3848,14,3862,48
2020-10-15,Plumas,63,18699,58,52,0,52,0
2020-10-15,Riverside,65,2383286,64687,62819,235,63054,1266
2020-10-15,Sacramento,67,1510023,24605,24068,20,24088,474
2020-10-15,San Benito,69,59416,1396,1384,1,1385,14
2020-10-15,San Bernardino,71,2135413,60589,58068,67,58135,1067
2020-10-15,San Diego,73,3302833,53585,51472,0,51472,847
2020-10-15,San Francisco,75,870044,11972,11808,41,11849,126
2020-10-15,San Joaquin,77,732212,21324,20880,143,21023,487
2020-10-15,San Luis Obispo,79,281455,4106,3934,17,3951,32
2020-10-15,San Mateo,81,765935,11012,10340,7,10347,152
2020-10-15,Santa Barbara,83,443738,10088,9526,72,9598,117
2020-10-15,Santa Clara,85,1922200,23999,22808,32,22840,343
2020-10-15,Santa Cruz,87,273765,2722,2656,34,2690,13
2020-10-15,Shasta,89,179085,1921,1635,17,1652,20
2020-10-15,Sierra,91,2930,6,6,0,6,0
2020-10-15,Siskiyou,93,43540,174,166,10,176,0
2020-10-15,Solano,95,438530,7072,6830,41,6871,55
2020-10-15,Sonoma,97,501317,8998,8571,21,8592,133
2020-10-15,Stanislaus,99,539301,17275,17151,687,17838,366
2020-10-15,Sutter,101,95872,1791,1752,1,1753,12
2020-10-15,Tehama,103,63373,796,726,1,727,3
2020-10-15,Trinity,105,12862,39,20,5,25,0
2020-10-15,Tulare,107,460477,17323,16918,271,17189,289
2020-10-15,Tuolumne,109,53932,260,236,2,238,4
2020-10-15,Ventura,111,848112,14242,13750,296,14046,152
2020-10-15,Yolo,113,214977,3104,3014,7,3021,55
2020-10-15,Yuba,115,75493,1196,1151,5,1156,10
2020-10-14,Alameda,1,1643700,22816,22227,219,22446,398
2020-10-14,Alpine,3,1148,4,3,0,3,0
2020-10-14,Amador,5,37829,313,308,0,308,16
2020-10-14,Butte,7,227075,3072,2995,21,3016,54
2020-10-14,Calaveras,9,45235,327,266,0,266,12
2020-10-14,Colusa,11,21464,542,543,0,543,6
2020-10-14,Contra Costa,13,1133247,18352,17820,92,17912,236
2020-10-14,Del Norte,15,27424,168,163,0,163,2
2020-10-14,El Dorado,17,186661,1311,1264,2,1266,4
2020-10-14,Fresno,19,978130,32361,29650,409,30059,424
2020-10-14,Glenn,21,27897,642,629,0,629,3
2020-10-14,Humboldt,23,135768,544,531,0,531,7
2020-10-14,Imperial,25,180216,12494,11765,7,11772,330
2020-10-14,Inyo,27,18085,222,209,1,210,14
2020-10-14,Kern,29,883053,33230,32528,372,32900,425
2020-10-14,Kings,31,150075,8250,8118,50,8168,80
2020-10-14,Lake,33,64148,687,642,0,642,14
2020-10-14,Lassen,35,31185,763,752,1,753,0
2020-10-14,Los Angeles,37,10098052,289746,282918,2611,285529,6786
2020-10-14,Madera,39,155013,4880,4713,30,4743,50
2020-10-14,Marin,41,260295,7025,6907,18,6925,99
2020-10-14,Mariposa,43,17540,78,76,0,76,2
2020-10-14,Mendocino,45,87422,1030,955,2,957,21
2020-10-14,Merced,47,269075,9311,9201,25,9226,147
2020-10-14,Modoc,49,8938,30,27,0,27,0
2020-10-14,Mono,51,14174,173,155,4,159,1
2020-10-14,Monterey,53,433212,10914,10616,42,10658,78
2020-10-14,Napa,55,140530,1912,1837,5,1842,12
2020-10-14,Nevada,57,99092,603,573,16,589,7
2020-10-14,Orange,59,3164182,58450,55756,1653,57409,1348
2020-10-14,Placer,61,380077,4026,3829,14,3843,48
2020-10-14,Plumas,63,18699,54,52,0,52,0
2020-10-14,Riverside,65,2383286,64404,62607,234,62841,1261
2020-10-14,Sacramento,67,1510023,24463,24013,20,24033,472
2020-10-14,San Benito,69,59416,1394,1381,0,1381,14
2020-10-14,San Bernardino,71,2135413,60264,57774,65,57839,1063
2020-10-14,San Diego,73,3302833,53267,51329,0,51329,844
2020-10-14,San Francisco,75,870044,11940,11783,40,11823,123
2020-10-14,San Joaquin,77,732212,21245,20845,129,20974,487
2020-10-14,San Luis Obispo,79,281455,4083,3901,16,3917,32
2020-10-14,San Mateo,81,765935,10961,10309,7,10316,132
2020-10-14,Santa Barbara,83,443738,10053,9509,72,9581,117
2020-10-14,Santa Clara,85,1922200,23851,22735,32,22767,343
2020-10-14,Santa Cruz,87,273765,2712,2618,34,2652,13
2020-10-14,Shasta,89,179085,1883,1553,17,1570,20
2020-10-14,Sierra,91,2930,6,6,0,6,0
2020-10-14,Siskiyou,93,43540,174,166,10,176,0
2020-10-14,Solano,95,438530,7016,6786,41,6827,55
2020-10-14,Sonoma,97,501317,8945,8514,21,8535,133
2020-10-14,Stanislaus,99,539301,17230,17105,684,17789,365
2020-10-14,Sutter,101,95872,1782,1747,1,1748,12
2020-10-14,Tehama,103,63373,785,721,1,722,3
2020-10-14,Trinity,105,12862,38,20,5,25,0
2020-10-14,Tulare,107,460477,17261,16863,258,17121,287
2020-10-14,Tuolumne,109,53932,259,236,2,238,4
2020-10-14,Ventura,111,848112,14189,13697,292,13989,152
2020-10-14,Yolo,113,214977,3086,3007,7,3014,55
2020-10-14,Yuba,115,75493,1188,1147,5,1152,10
2020-10-13,Alameda,1,1643700,22712,22185,217,22402,389
2020-10-13,Alpine,3,1148,4,3,0,3,0
2020-10-13,Amador,5,37829,311,306,0,306,16
2020-10-13,Butte,7,227075,3063,2992,21,3013,54
2020-10-13,Calaveras,9,45235,323,262,0,262,12
2020-10-13,Colusa,11,21464,542,541,0,541,6
2020-10-13,Contra Costa,13,1133247,18294,17783,92,17875,234
2020-10-13,Del Norte,15,27424,168,163,0,163,2
2020-10-13,El Dorado,17,186661,1302,1262,2,1264,4
2020-10-13,Fresno,19,978130,32241,29579,405,29984,424
2020-10-13,Glenn,21,27897,641,629,0,629,3
2020-10-13,Humboldt,23,135768,542,523,0,523,7
2020-10-13,Imperial,25,180216,12459,11727,7,11734,327
2020-10-13,Inyo,27,18085,219,207,1,208,14
2020-10-13,Kern,29,883053,33156,32497,370,32867,419
2020-10-13,Kings,31,150075,8241,8111,50,8161,80
2020-10-13,Lake,33,64148,684,639,0,639,12
2020-10-13,Lassen,35,31185,761,752,1,753,0
2020-10-13,Los Angeles,37,10098052,288473,281716,2568,284284,6767
2020-10-13,Madera,39,155013,4862,4700,30,4730,50
2020-10-13,Marin,41,260295,7003,6900,18,6918,97
2020-10-13,Mariposa,43,17540,78,76,0,76,2
2020-10-13,Mendocino,45,87422,1021,950,2,952,21
2020-10-13,Merced,47,269075,9293,9181,25,9206,146
2020-10-13,Modoc,49,8938,29,28,0,28,0
2020-10-13,Mono,51,14174,173,155,3,158,1
2020-10-13,Monterey,53,433212,10853,10574,41,10615,78
2020-10-13,Napa,55,140530,1903,1825,5,1830,12
2020-10-13,Nevada,57,99092,597,572,16,588,7
2020-10-13,Orange,59,3164182,58239,55515,1639,57154,1326
2020-10-13,Placer,61,380077,3989,3825,14,3839,48
2020-10-13,Plumas,63,18699,52,51,0,51,0
2020-10-13,Riverside,65,2383286,64086,62279,232,62511,1254
2020-10-13,Sacramento,67,1510023,24385,23930,20,23950,466
2020-10-13,San Benito,69,59416,1386,1380,0,1380,14
2020-10-13,San Bernardino,71,2135413,59926,57411,64,57475,1061
2020-10-13,San Diego,73,3302833,52975,51026,0,51026,840
2020-10-13,San Francisco,75,870044,11904,11659,40,11699,122
2020-10-13,San Joaquin,77,732212,21183,20822,125,20947,481
2020-10-13,San Luis Obispo,79,281455,4072,3892,15,3907,32
2020-10-13,San Mateo,81,765935,10918,10286,7,10293,130
2020-10-13,Santa Barbara,83,443738,10022,9489,72,9561,117
2020-10-13,Santa Clara,85,1922200,23725,22678,32,22710,343
2020-10-13,Santa Cruz,87,273765,2694,2603,34,2637,13
2020-10-13,Shasta,89,179085,1859,1606,17,1623,20
2020-10-13,Sierra,91,2930,6,6,0,6,0
2020-10-13,Siskiyou,93,43540,173,163,10,173,0
2020-10-13,Solano,95,438530,6981,6761,41,6802,55
2020-10-13,Sonoma,97,501317,8862,8456,21,8477,133
2020-10-13,Stanislaus,99,539301,17185,17082,679,17761,362
2020-10-13,Sutter,101,95872,1773,1748,1,1749,12
2020-10-13,Tehama,103,63373,777,717,1,718,3
2020-10-13,Trinity,105,12862,34,19,5,24,0
2020-10-13,Tulare,107,460477,17203,16822,250,17072,286
2020-10-13,Tuolumne,109,53932,257,235,2,237,4
2020-10-13,Ventura,111,848112,14136,13645,287,13932,151
2020-10-13,Yolo,113,214977,3078,2983,6,2989,55
2020-10-13,Yuba,115,75493,1183,1143,5,1148,10
2020-10-12,Alameda,1,1643700,22634,22126,216,22342,389
2020-10-12,Alpine,3,1148,4,3,0,3,0
2020-10-12,Amador,5,37829,310,305,0,305,16
2020-10-12,Butte,7,227075,3057,2975,21,2996,54
2020-10-12,Calaveras,9,45235,323,262,0,262,12
2020-10-12,Colusa,11,21464,542,541,0,541,6
2020-10-12,Contra Costa,13,1133247,18219,17728,92,17820,233
2020-10-12,Del Norte,15,27424,168,161,0,161,2
2020-10-12,El Dorado,17,186661,1299,1254,2,1256,4
2020-10-12,Fresno,19,978130,32108,29523,401,29924,421
2020-10-12,Glenn,21,27897,640,626,0,626,3
2020-10-12,Humboldt,23,135768,539,522,0,522,7
2020-10-12,Imperial,25,180216,12420,11689,7,11696,328
2020-10-12,Inyo,27,18085,216,201,1,202,14
2020-10-12,Kern,29,883053,33063,32425,367,32792,419
2020-10-12,Kings,31,150075,8235,8106,49,8155,80
2020-10-12,Lake,33,64148,678,633,0,633,12
2020-10-12,Lassen,35,31185,761,752,1,753,0
2020-10-12,Los Angeles,37,10098052,287260,280961,2537,283498,6747
2020-10-12,Madera,39,155013,4843,4689,30,4719,50
2020-10-12,Marin,41,260295,6986,6886,18,6904,97
2020-10-12,Mariposa,43,17540,78,76,0,76,2
2020-10-12,Mendocino,45,87422,1015,947,2,949,21
2020-10-12,Merced,47,269075,9272,9141,25,9166,146
2020-10-12,Modoc,49,8938,29,27,0,27,0
2020-10-12,Mono,51,14174,173,154,3,157,1
2020-10-12,Monterey,53,433212,10787,10473,41,10514,77
2020-10-12,Napa,55,140530,1895,1819,5,1824,11
2020-10-12,Nevada,57,99092,593,570,16,586,7
2020-10-12,Orange,59,3164182,58010,55373,1629,57002,1326
2020-10-12,Placer,61,380077,3956,3808,13,3821,48
2020-10-12,Plumas,63,18699,52,51,0,51,0
2020-10-12,Riverside,65,2383286,63774,62279,229,62508,1254
2020-10-12,Sacramento,67,1510023,24279,23807,20,23827,466
2020-10-12,San Benito,69,59416,1383,1376,0,1376,13
2020-10-12,San Bernardino,71,2135413,59556,57235,64,57299,1061
2020-10-12,San Diego,73,3302833,52685,50748,0,50748,826
2020-10-12,San Francisco,75,870044,11871,11659,40,11699,122
2020-10-12,San Joaquin,77,732212,21120,20701,119,20820,480
2020-10-12,San Luis Obispo,79,281455,4048,3874,15,3889,32
2020-10-12,San Mateo,81,765935,10870,10262,7,10269,130
2020-10-12,Santa Barbara,83,443738,9986,9462,72,9534,117
2020-10-12,Santa Clara,85,1922200,23611,22578,32,22610,343
2020-10-12,Santa Cruz,87,273765,2677,2590,34,2624,13
2020-10-12,Shasta,89,179085,1834,1515,17,1532,20
2020-10-12,Sierra,91,2930,6,6,0,6,0
2020-10-12,Siskiyou,93,43540,172,162,10,172,0
2020-10-12,Solano,95,438530,6942,6742,41,6783,55
2020-10-12,Sonoma,97,501317,8791,8377,21,8398,133
2020-10-12,Stanislaus,99,539301,17136,17051,670,17721,361
2020-10-12,Sutter,101,95872,1765,1741,1,1742,12
2020-10-12,Tehama,103,63373,761,708,1,709,3
2020-10-12,Trinity,105,12862,33,19,5,24,0
2020-10-12,Tulare,107,460477,17151,16742,243,16985,286
2020-10-12,Tuolumne,109,53932,252,234,2,236,4
2020-10-12,Ventura,111,848112,14074,13617,283,13900,151
2020-10-12,Yolo,113,214977,3063,2964,6,2970,55
2020-10-12,Yuba,115,75493,1172,1141,5,1146,10
2020-10-11,Alameda,1,1643700,22545,22057,212,22269,392
2020-10-11,Alpine,3,1148,4,3,0,3,0
2020-10-11,Amador,5,37829,308,305,0,305,16
2020-10-11,Butte,7,227075,3049,2967,20,2987,54
2020-10-11,Calaveras,9,45235,321,262,0,262,12
2020-10-11,Colusa,11,21464,540,541,0,541,6
2020-10-11,Contra Costa,13,1133247,18137,17678,92,17770,233
2020-10-11,Del Norte,15,27424,166,161,0,161,2
2020-10-11,El Dorado,17,186661,1290,1242,2,1244,4
2020-10-11,Fresno,19,978130,31971,29419,394,29813,421
2020-10-11,Glenn,21,27897,638,625,0,625,3
2020-10-11,Humboldt,23,135768,538,521,0,521,7
2020-10-11,Imperial,25,180216,12360,11614,7,11621,328
2020-10-11,Inyo,27,18085,212,201,1,202,14
2020-10-11,Kern,29,883053,32976,32399,360,32759,418
2020-10-11,Kings,31,150075,8218,8094,48,8142,80
2020-10-11,Lake,33,64148,665,631,0,631,12
2020-10-11,Lassen,35,31185,760,752,1,753,0
2020-10-11,Los Angeles,37,10098052,285824,280190,2495,282685,6745
2020-10-11,Madera,39,155013,4816,4680,29,4709,50
2020-10-11,Marin,41,260295,6977,6870,18,6888,97
2020-10-11,Mariposa,43,17540,78,76,0,76,2
2020-10-11,Mendocino,45,87422,1008,944,2,946,21
2020-10-11,Merced,47,269075,9254,9124,25,9149,146
2020-10-11,Modoc,49,8938,29,27,0,27,0
2020-10-11,Mono,51,14174,173,154,3,157,1
2020-10-11,Monterey,53,433212,10736,10445,39,10484,77
2020-10-11,Napa,55,140530,1879,1811,5,1816,11
2020-10-11,Nevada,57,99092,591,569,16,585,7
2020-10-11,Orange,59,3164182,57780,55202,1623,56825,1326
2020-10-11,Placer,61,380077,3935,3787,13,3800,48
2020-10-11,Plumas,63,18699,52,51,0,51,0
2020-10-11,Riverside,65,2383286,63485,62112,225,62337,1254
2020-10-11,Sacramento,67,1510023,24139,23778,20,23798,466
2020-10-11,San Benito,69,59416,1382,1374,0,1374,13
2020-10-11,San Bernardino,71,2135413,59103,56997,64,57061,1061
2020-10-11,San Diego,73,3302833,52336,50553,0,50553,826
2020-10-11,San Francisco,75,870044,11828,11659,40,11699,122
2020-10-11,San Joaquin,77,732212,21045,20700,109,20809,480
2020-10-11,San Luis Obispo,79,281455,4031,3874,14,3888,32
2020-10-11,San Mateo,81,765935,10839,10240,7,10247,130
2020-10-11,Santa Barbara,83,443738,9956,9440,71,9511,117
2020-10-11,Santa Clara,85,1922200,23469,22487,31,22518,336
2020-10-11,Santa Cruz,87,273765,2663,2578,34,2612,13
2020-10-11,Shasta,89,179085,1804,1515,16,1531,20
2020-10-11,Sierra,91,2930,6,6,0,6,0
2020-10-11,Siskiyou,93,43540,171,162,10,172,0
2020-10-11,Solano,95,438530,6888,6685,41,6726,53
2020-10-11,Sonoma,97,501317,8734,8319,21,8340,133
2020-10-11,Stanislaus,99,539301,17073,17007,653,17660,360
2020-10-11,Sutter,101,95872,1762,1742,1,1743,12
2020-10-11,Tehama,103,63373,737,702,1,703,3
2020-10-11,Trinity,105,12862,33,19,5,24,0
2020-10-11,Tulare,107,460477,17088,16741,235,16976,286
2020-10-11,Tuolumne,109,53932,248,234,2,236,4
2020-10-11,Ventura,111,848112,14014,13604,278,13882,151
2020-10-11,Yolo,113,214977,3033,2952,6,2958,55
2020-10-11,Yuba,115,75493,1160,1137,5,1142,10
2020-10-10,Alameda,1,1643700,22495,21979,211,22190,398
2020-10-10,Alpine,3,1148,4,3,0,3,0
2020-10-10,Amador,5,37829,307,304,0,304,16
2020-10-10,Butte,7,227075,3044,2962,19,2981,54
2020-10-10,Calaveras,9,45235,320,262,0,262,12
2020-10-10,Colusa,11,21464,540,541,0,541,6
2020-10-10,Contra Costa,13,1133247,18101,17566,91,17657,233
2020-10-10,Del Norte,15,27424,166,161,0,161,2
2020-10-10,El Dorado,17,186661,1288,1240,2,1242,4
2020-10-10,Fresno,19,978130,31908,29286,392,29678,421
2020-10-10,Glenn,21,27897,638,623,0,623,3
2020-10-10,Humboldt,23,135768,535,518,0,518,7
2020-10-10,Imperial,25,180216,12345,11591,7,11598,327
2020-10-10,Inyo,27,18085,209,201,1,202,14
2020-10-10,Kern,29,883053,32939,32338,360,32698,418
2020-10-10,Kings,31,150075,8214,8078,48,8126,80
2020-10-10,Lake,33,64148,664,630,0,630,11
2020-10-10,Lassen,35,31185,760,752,1,753,0
2020-10-10,Los Angeles,37,10098052,285105,279213,2461,281674,6743
2020-10-10,Madera,39,155013,4803,4662,29,4691,50
2020-10-10,Marin,41,260295,6968,6852,18,6870,97
2020-10-10,Mariposa,43,17540,78,76,0,76,2
2020-10-10,Mendocino,45,87422,1001,935,2,937,21
2020-10-10,Merced,47,269075,9248,9105,24,9129,146
2020-10-10,Modoc,49,8938,29,27,0,27,0
2020-10-10,Mono,51,14174,173,154,3,157,1
2020-10-10,Monterey,53,433212,10703,10410,39,10449,75
2020-10-10,Napa,55,140530,1872,1804,5,1809,11
2020-10-10,Nevada,57,99092,588,564,16,580,6
2020-10-10,Orange,59,3164182,57659,54965,1618,56583,1324
2020-10-10,Placer,61,380077,3918,3757,13,3770,48
2020-10-10,Plumas,63,18699,52,51,0,51,0
2020-10-10,Riverside,65,2383286,63283,61845,222,62067,1254
2020-10-10,Sacramento,67,1510023,24073,23689,20,23709,466
2020-10-10,San Benito,69,59416,1380,1370,0,1370,13
2020-10-10,San Bernardino,71,2135413,58941,56683,64,56747,1061
2020-10-10,San Diego,73,3302833,52106,50145,0,50145,825
2020-10-10,San Francisco,75,870044,11807,11663,40,11703,122
2020-10-10,San Joaquin,77,732212,21017,20700,105,20805,481
2020-10-10,San Luis Obispo,79,281455,4011,3832,14,3846,32
2020-10-10,San Mateo,81,765935,10802,10218,7,10225,130
2020-10-10,Santa Barbara,83,443738,9945,9417,71,9488,116
2020-10-10,Santa Clara,85,1922200,23377,22354,31,22385,330
2020-10-10,Santa Cruz,87,273765,2649,2572,34,2606,13
2020-10-10,Shasta,89,179085,1787,1473,16,1489,20
2020-10-10,Sierra,91,2930,6,6,0,6,0
2020-10-10,Siskiyou,93,43540,171,161,10,171,0
2020-10-10,Solano,95,438530,6862,6655,41,6696,53
2020-10-10,Sonoma,97,501317,8714,8235,21,8256,133
2020-10-10,Stanislaus,99,539301,17038,16960,645,17605,360
2020-10-10,Sutter,101,95872,1759,1735,1,1736,12
2020-10-10,Tehama,103,63373,730,693,1,694,3
2020-10-10,Trinity,105,12862,33,19,5,24,0
2020-10-10,Tulare,107,460477,17054,16709,230,16939,286
2020-10-10,Tuolumne,109,53932,248,233,2,235,4
2020-10-10,Ventura,111,848112,13990,13520,278,13798,151
2020-10-10,Yolo,113,214977,3024,2939,6,2945,55
2020-10-10,Yuba,115,75493,1158,1134,5,1139,10
2020-10-09,Alameda,1,1643700,22447,21924,211,22135,399
2020-10-09,Alpine,3,1148,4,3,0,3,0
2020-10-09,Amador,5,37829,307,303,0,303,16
2020-10-09,Butte,7,227075,3041,2956,19,2975,51
2020-10-09,Calaveras,9,45235,318,262,0,262,11
2020-10-09,Colusa,11,21464,540,541,0,541,6
2020-10-09,Contra Costa,13,1133247,18051,17487,91,17578,229
2020-10-09,Del Norte,15,27424,165,161,0,161,2
2020-10-09,El Dorado,17,186661,1284,1234,2,1236,4
2020-10-09,Fresno,19,978130,31835,29208,390,29598,417
2020-10-09,Glenn,21,27897,633,617,0,617,3
2020-10-09,Humboldt,23,135768,533,516,0,516,7
2020-10-09,Imperial,25,180216,12318,11516,7,11523,330
2020-10-09,Inyo,27,18085,206,200,1,201,14
2020-10-09,Kern,29,883053,32897,32237,358,32595,417
2020-10-09,Kings,31,150075,8207,7993,46,8039,80
2020-10-09,Lake,33,64148,654,610,0,610,11
2020-10-09,Lassen,35,31185,760,751,1,752,0
2020-10-09,Los Angeles,37,10098052,283973,278039,2436,280475,6715
2020-10-09,Madera,39,155013,4793,4646,29,4675,50
2020-10-09,Marin,41,260295,6954,6838,18,6856,96
2020-10-09,Mariposa,43,17540,78,76,0,76,2
2020-10-09,Mendocino,45,87422,991,933,2,935,20
2020-10-09,Merced,47,269075,9234,9095,24,9119,145
2020-10-09,Modoc,49,8938,29,27,0,27,0
2020-10-09,Mono,51,14174,173,154,3,157,1
2020-10-09,Monterey,53,433212,10669,10369,39,10408,75
2020-10-09,Napa,55,140530,1862,1795,5,1800,11
2020-10-09,Nevada,57,99092,583,561,16,577,6
2020-10-09,Orange,59,3164182,57492,54746,1612,56358,1305
2020-10-09,Placer,61,380077,3905,3737,13,3750,48
2020-10-09,Plumas,63,18699,52,50,0,50,0
2020-10-09,Riverside,65,2383286,63047,61529,221,61750,1252
2020-10-09,Sacramento,67,1510023,24003,23606,20,23626,457
2020-10-09,San Benito,69,59416,1375,1367,0,1367,13
2020-10-09,San Bernardino,71,2135413,58702,56434,64,56498,1057
2020-10-09,San Diego,73,3302833,51830,49825,0,49825,821
2020-10-09,San Francisco,75,870044,11777,11620,40,11660,120
2020-10-09,San Joaquin,77,732212,20988,20648,95,20743,481
2020-10-09,San Luis Obispo,79,281455,3992,3810,14,3824,32
2020-10-09,San Mateo,81,765935,10774,10140,7,10147,130
2020-10-09,Santa Barbara,83,443738,9917,9396,71,9467,116
2020-10-09,Santa Clara,85,1922200,23275,22251,30,22281,328
2020-10-09,Santa Cruz,87,273765,2640,2555,34,2589,13
2020-10-09,Shasta,89,179085,1760,1353,15,1368,20
2020-10-09,Sierra,91,2930,6,6,0,6,0
2020-10-09,Siskiyou,93,43540,169,156,10,166,0
2020-10-09,Solano,95,438530,6823,6614,41,6655,53
2020-10-09,Sonoma,97,501317,8660,8133,21,8154,133
2020-10-09,Stanislaus,99,539301,17015,16904,636,17540,362
2020-10-09,Sutter,101,95872,1755,1732,1,1733,12
2020-10-09,Tehama,103,63373,724,682,1,683,3
2020-10-09,Trinity,105,12862,33,25,5,30,0
2020-10-09,Tulare,107,460477,17014,16644,221,16865,286
2020-10-09,Tuolumne,109,53932,245,230,2,232,4
2020-10-09,Ventura,111,848112,13954,13469,275,13744,151
2020-10-09,Yolo,113,214977,3017,2928,6,2934,55
2020-10-09,Yuba,115,75493,1157,1129,5,1134,10
2020-10-08,Alameda,1,1643700,22367,21826,210,22036,395
2020-10-08,Alpine,3,1148,4,3,0,3,0
2020-10-08,Amador,5,37829,306,302,0,302,16
2020-10-08,Butte,7,227075,3031,2935,19,2954,51
2020-10-08,Calaveras,9,45235,317,262,0,262,11
2020-10-08,Colusa,11,21464,540,539,0,539,6
2020-10-08,Contra Costa,13,1133247,17991,17418,90,17508,228
2020-10-08,Del Norte,15,27424,165,151,0,151,2
2020-10-08,El Dorado,17,186661,1283,1230,2,1232,4
2020-10-08,Fresno,19,978130,31730,29111,390,29501,416
2020-10-08,Glenn,21,27897,630,616,0,616,3
2020-10-08,Humboldt,23,135768,529,515,0,515,7
2020-10-08,Imperial,25,180216,12279,11405,7,11412,330
2020-10-08,Inyo,27,18085,203,199,1,200,14
2020-10-08,Kern,29,883053,32839,32169,353,32522,411
2020-10-08,Kings,31,150075,8201,7968,46,8014,80
2020-10-08,Lake,33,64148,649,604,0,604,11
2020-10-08,Lassen,35,31185,755,751,1,752,0
2020-10-08,Los Angeles,37,10098052,282776,276763,2395,279158,6699
2020-10-08,Madera,39,155013,4774,4637,29,4666,50
2020-10-08,Marin,41,260295,6940,6810,18,6828,96
2020-10-08,Mariposa,43,17540,78,76,0,76,2
2020-10-08,Mendocino,45,87422,986,930,2,932,20
2020-10-08,Merced,47,269075,9214,9069,24,9093,144
2020-10-08,Modoc,49,8938,29,27,0,27,0
2020-10-08,Mono,51,14174,173,153,3,156,1
2020-10-08,Monterey,53,433212,10602,10343,39,10382,75
2020-10-08,Napa,55,140530,1847,1779,5,1784,11
2020-10-08,Nevada,57,99092,580,556,16,572,6
2020-10-08,Orange,59,3164182,57299,54523,1600,56123,1293
2020-10-08,Placer,61,380077,3887,3715,13,3728,48
2020-10-08,Plumas,63,18699,52,50,0,50,0
2020-10-08,Riverside,65,2383286,62779,61105,219,61324,1244
2020-10-08,Sacramento,67,1510023,23895,23482,20,23502,454
2020-10-08,San Benito,69,59416,1370,1367,0,1367,13
2020-10-08,San Bernardino,71,2135413,58339,56152,64,56216,1048
2020-10-08,San Diego,73,3302833,51550,49468,0,49468,819
2020-10-08,San Francisco,75,870044,11740,11608,40,11648,115
2020-10-08,San Joaquin,77,732212,20938,20576,90,20666,478
2020-10-08,San Luis Obispo,79,281455,3976,3785,14,3799,32
2020-10-08,San Mateo,81,765935,10742,10044,7,10051,130
2020-10-08,Santa Barbara,83,443738,9887,9374,71,9445,116
2020-10-08,Santa Clara,85,1922200,23173,22095,30,22125,323
2020-10-08,Santa Cruz,87,273765,2629,2535,34,2569,13
2020-10-08,Shasta,89,179085,1726,1305,15,1320,20
2020-10-08,Sierra,91,2930,6,6,0,6,0
2020-10-08,Siskiyou,93,43540,169,156,10,166,0
2020-10-08,Solano,95,438530,6799,6556,41,6597,53
2020-10-08,Sonoma,97,501317,8594,8063,21,8084,132
2020-10-08,Stanislaus,99,539301,16970,16821,628,17449,360
2020-10-08,Sutter,101,95872,1755,1725,1,1726,12
2020-10-08,Tehama,103,63373,715,676,1,677,3
2020-10-08,Trinity,105,12862,33,25,5,30,0
2020-10-08,Tulare,107,460477,16953,16573,212,16785,283
2020-10-08,Tuolumne,109,53932,244,230,2,232,4
2020-10-08,Ventura,111,848112,13907,13399,272,13671,151
2020-10-08,Yolo,113,214977,3000,2914,6,2920,55
2020-10-08,Yuba,115,75493,1152,1126,5,1131,10
2020-10-07,Alameda,1,1643700,22291,21736,210,21946,395
2020-10-07,Alpine,3,1148,4,3,0,3,0
2020-10-07,Amador,5,37829,306,302,0,302,16
2020-10-07,Butte,7,227075,3019,2927,19,2946,47
2020-10-07,Calaveras,9,45235,315,262,0,262,11
2020-10-07,Colusa,11,21464,539,539,0,539,6
2020-10-07,Contra Costa,13,1133247,17921,17346,89,17435,225
2020-10-07,Del Norte,15,27424,164,149,0,149,2
2020-10-07,El Dorado,17,186661,1275,1219,2,1221,4
2020-10-07,Fresno,19,978130,31608,29069,385,29454,413
2020-10-07,Glenn,21,27897,630,615,0,615,3
2020-10-07,Humboldt,23,135768,526,512,0,512,7
2020-10-07,Imperial,25,180216,12243,11289,7,11296,330
2020-10-07,Inyo,27,18085,203,199,1,200,14
2020-10-07,Kern,29,883053,32767,32068,352,32420,410
2020-10-07,Kings,31,150075,8186,7948,46,7994,80
2020-10-07,Lake,33,64148,648,599,0,599,11
2020-10-07,Lassen,35,31185,755,751,1,752,0
2020-10-07,Los Angeles,37,10098052,281604,275559,2357,277916,6681
2020-10-07,Madera,39,155013,4754,4618,29,4647,50
2020-10-07,Marin,41,260295,6913,6790,18,6808,95
2020-10-07,Mariposa,43,17540,78,75,0,75,2
2020-10-07,Mendocino,45,87422,980,927,2,929,19
2020-10-07,Merced,47,269075,9177,9045,23,9068,144
2020-10-07,Modoc,49,8938,29,27,0,27,0
2020-10-07,Mono,51,14174,172,153,2,155,1
2020-10-07,Monterey,53,433212,10543,10272,39,10311,75
2020-10-07,Napa,55,140530,1834,1774,5,1779,11
2020-10-07,Nevada,57,99092,576,552,16,568,6
2020-10-07,Orange,59,3164182,57080,54332,1590,55922,1277
2020-10-07,Placer,61,380077,3871,3693,13,3706,48
2020-10-07,Plumas,63,18699,52,50,0,50,0
2020-10-07,Riverside,65,2383286,62432,60857,215,61072,1241
2020-10-07,Sacramento,67,1510023,23799,23380,20,23400,452
2020-10-07,San Benito,69,59416,1367,1363,0,1363,13
2020-10-07,San Bernardino,71,2135413,57991,55738,63,55801,1043
2020-10-07,San Diego,73,3302833,51234,49177,0,49177,813
2020-10-07,San Francisco,75,870044,11705,11551,40,11591,115
2020-10-07,San Joaquin,77,732212,20886,20527,82,20609,478
2020-10-07,San Luis Obispo,79,281455,3946,3749,14,3763,32
2020-10-07,San Mateo,81,765935,10700,9980,7,9987,130
2020-10-07,Santa Barbara,83,443738,9859,9350,70,9420,116
2020-10-07,Santa Clara,85,1922200,23046,21993,30,22023,320
2020-10-07,Santa Cruz,87,273765,2617,2518,34,2552,14
2020-10-07,Shasta,89,179085,1683,1268,15,1283,20
2020-10-07,Sierra,91,2930,6,6,0,6,0
2020-10-07,Siskiyou,93,43540,167,154,10,164,0
2020-10-07,Solano,95,438530,6764,6526,41,6567,53
2020-10-07,Sonoma,97,501317,8517,7993,21,8014,130
2020-10-07,Stanislaus,99,539301,16937,16786,622,17408,357
2020-10-07,Sutter,101,95872,1751,1723,1,1724,12
2020-10-07,Tehama,103,63373,706,666,1,667,3
2020-10-07,Trinity,105,12862,31,25,5,30,0
2020-10-07,Tulare,107,460477,16912,16483,203,16686,282
2020-10-07,Tuolumne,109,53932,244,227,2,229,3
2020-10-07,Ventura,111,848112,13857,13333,266,13599,150
2020-10-07,Yolo,113,214977,2974,2904,6,2910,55
2020-10-07,Yuba,115,75493,1146,1120,5,1125,10
2020-10-06,Alameda,1,1643700,22201,21698,208,21906,385
2020-10-06,Alpine,3,1148,4,3,0,3,0
2020-10-06,Amador,5,37829,304,301,0,301,16
2020-10-06,Butte,7,227075,3012,2925,19,2944,47
2020-10-06,Calaveras,9,45235,315,261,0,261,11
2020-10-06,Colusa,11,21464,538,538,0,538,6
2020-10-06,Contra Costa,13,1133247,17842,17295,89,17384,219
2020-10-06,Del Norte,15,27424,164,144,0,144,2
2020-10-06,El Dorado,17,186661,1271,1211,2,1213,4
2020-10-06,Fresno,19,978130,31466,29022,382,29404,412
2020-10-06,Glenn,21,27897,627,604,0,604,3
2020-10-06,Humboldt,23,135768,523,508,0,508,7
2020-10-06,Imperial,25,180216,12205,11196,7,11203,327
2020-10-06,Inyo,27,18085,201,198,1,199,14
2020-10-06,Kern,29,883053,32690,32006,350,32356,407
2020-10-06,Kings,31,150075,8170,7943,46,7989,81
2020-10-06,Lake,33,64148,642,596,0,596,11
2020-10-06,Lassen,35,31185,755,743,1,744,0
2020-10-06,Los Angeles,37,10098052,280372,274115,2304,276419,6657
2020-10-06,Madera,39,155013,4742,4608,29,4637,50
2020-10-06,Marin,41,260295,6899,6766,18,6784,91
2020-10-06,Mariposa,43,17540,78,75,0,75,2
2020-10-06,Mendocino,45,87422,973,920,2,922,19
2020-10-06,Merced,47,269075,9141,9034,22,9056,143
2020-10-06,Modoc,49,8938,29,26,0,26,0
2020-10-06,Mono,51,14174,172,153,2,155,1
2020-10-06,Monterey,53,433212,10487,10235,38,10273,72
2020-10-06,Napa,55,140530,1828,1770,5,1775,11
2020-10-06,Nevada,57,99092,574,551,16,567,6
2020-10-06,Orange,59,3164182,56865,54203,1582,55785,1273
2020-10-06,Placer,61,380077,3849,3680,13,3693,48
2020-10-06,Plumas,63,18699,52,49,0,49,0
2020-10-06,Riverside,65,2383286,62168,60593,212,60805,1238
2020-10-06,Sacramento,67,1510023,23712,23322,20,23342,442
2020-10-06,San Benito,69,59416,1366,1358,0,1358,12
2020-10-06,San Bernardino,71,2135413,57676,55416,62,55478,1040
2020-10-06,San Diego,73,3302833,50897,48823,0,48823,806
2020-10-06,San Francisco,75,870044,11679,11513,39,11552,115
2020-10-06,San Joaquin,77,732212,20846,20481,79,20560,477
2020-10-06,San Luis Obispo,79,281455,3911,3723,14,3737,32
2020-10-06,San Mateo,81,765935,10667,9934,7,9941,129
2020-10-06,Santa Barbara,83,443738,9830,9331,69,9400,116
2020-10-06,Santa Clara,85,1922200,22951,21914,30,21944,320
2020-10-06,Santa Cruz,87,273765,2595,2510,34,2544,12
2020-10-06,Shasta,89,179085,1643,1242,15,1257,18
2020-10-06,Sierra,91,2930,6,6,0,6,0
2020-10-06,Siskiyou,93,43540,167,154,10,164,0
2020-10-06,Solano,95,438530,6718,6506,41,6547,52
2020-10-06,Sonoma,97,501317,8425,7895,21,7916,130
2020-10-06,Stanislaus,99,539301,16892,16759,616,17375,354
2020-10-06,Sutter,101,95872,1749,1722,1,1723,12
2020-10-06,Tehama,103,63373,697,660,1,661,3
2020-10-06,Trinity,105,12862,31,25,5,30,0
2020-10-06,Tulare,107,460477,16870,16456,195,16651,280
2020-10-06,Tuolumne,109,53932,243,227,2,229,2
2020-10-06,Ventura,111,848112,13790,13242,261,13503,150
2020-10-06,Yolo,113,214977,2960,2899,6,2905,56
2020-10-06,Yuba,115,75493,1145,1114,5,1119,10
2020-10-05,Alameda,1,1643700,22113,21637,205,21842,383
2020-10-05,Alpine,3,1148,4,2,0,2,0
2020-10-05,Amador,5,37829,304,299,0,299,16
2020-10-05,Butte,7,227075,3002,2910,19,2929,46
2020-10-05,Calaveras,9,45235,315,259,0,259,11
2020-10-05,Colusa,11,21464,538,537,0,537,6
2020-10-05,Contra Costa,13,1133247,17765,17250,89,17339,216
2020-10-05,Del Norte,15,27424,161,142,0,142,2
2020-10-05,El Dorado,17,186661,1267,1202,2,1204,4
2020-10-05,Fresno,19,978130,31349,29136,382,29518,408
2020-10-05,Glenn,21,27897,625,603,0,603,3
2020-10-05,Humboldt,23,135768,522,506,0,506,6
2020-10-05,Imperial,25,180216,12166,11169,7,11176,327
2020-10-05,Inyo,27,18085,201,197,1,198,14
2020-10-05,Kern,29,883053,32612,31933,346,32279,404
2020-10-05,Kings,31,150075,8073,7932,46,7978,80
2020-10-05,Lake,33,64148,638,592,0,592,10
2020-10-05,Lassen,35,31185,754,743,1,744,0
2020-10-05,Los Angeles,37,10098052,279293,273200,2260,275460,6632
2020-10-05,Madera,39,155013,4734,4598,27,4625,50
2020-10-05,Marin,41,260295,6883,6751,18,6769,91
2020-10-05,Mariposa,43,17540,78,75,0,75,2
2020-10-05,Mendocino,45,87422,965,913,2,915,19
2020-10-05,Merced,47,269075,9122,9021,21,9042,143
2020-10-05,Modoc,49,8938,29,26,0,26,0
2020-10-05,Mono,51,14174,172,152,2,154,1
2020-10-05,Monterey,53,433212,10440,10187,38,10225,72
2020-10-05,Napa,55,140530,1818,1760,5,1765,11
2020-10-05,Nevada,57,99092,571,550,15,565,6
2020-10-05,Orange,59,3164182,56651,54103,1567,55670,1271
2020-10-05,Placer,61,380077,3823,3670,13,3683,46
2020-10-05,Plumas,63,18699,51,49,0,49,0
2020-10-05,Riverside,65,2383286,61849,60454,208,60662,1232
2020-10-05,Sacramento,67,1510023,23610,23207,20,23227,438
2020-10-05,San Benito,69,59416,1363,1356,0,1356,12
2020-10-05,San Bernardino,71,2135413,57370,55100,62,55162,1031
2020-10-05,San Diego,73,3302833,50561,48662,0,48662,803
2020-10-05,San Francisco,75,870044,11640,11476,36,11512,110
2020-10-05,San Joaquin,77,732212,20775,20319,76,20395,476
2020-10-05,San Luis Obispo,79,281455,3885,3710,14,3724,32
2020-10-05,San Mateo,81,765935,10640,9896,7,9903,128
2020-10-05,Santa Barbara,83,443738,9808,9309,69,9378,116
2020-10-05,Santa Clara,85,1922200,22836,21861,30,21891,319
2020-10-05,Santa Cruz,87,273765,2583,2492,34,2526,9
2020-10-05,Shasta,89,179085,1610,1158,15,1173,18
2020-10-05,Sierra,91,2930,6,6,0,6,0
2020-10-05,Siskiyou,93,43540,167,153,10,163,0
2020-10-05,Solano,95,438530,6679,6475,41,6516,52
2020-10-05,Sonoma,97,501317,8333,7817,21,7838,130
2020-10-05,Stanislaus,99,539301,16857,16730,609,17339,351
2020-10-05,Sutter,101,95872,1741,1719,1,1720,12
2020-10-05,Tehama,103,63373,689,642,1,643,3
2020-10-05,Trinity,105,12862,31,22,5,27,0
2020-10-05,Tulare,107,460477,16812,16343,191,16534,278
2020-10-05,Tuolumne,109,53932,240,226,2,228,2
2020-10-05,Ventura,111,848112,13723,13224,239,13463,149
2020-10-05,Yolo,113,214977,2941,2889,6,2895,56
2020-10-05,Yuba,115,75493,1132,1108,5,1113,9
2020-10-04,Alameda,1,1643700,22018,21597,205,21802,383
2020-10-04,Alpine,3,1148,4,2,0,2,0
2020-10-04,Amador,5,37829,302,297,0,297,16
2020-10-04,Butte,7,227075,2988,2903,19,2922,46
2020-10-04,Calaveras,9,45235,315,259,0,259,11
2020-10-04,Colusa,11,21464,537,537,0,537,6
2020-10-04,Contra Costa,13,1133247,17700,17192,89,17281,214
2020-10-04,Del Norte,15,27424,157,142,0,142,2
2020-10-04,El Dorado,17,186661,1263,1196,2,1198,4
2020-10-04,Fresno,19,978130,31226,29065,382,29447,408
2020-10-04,Glenn,21,27897,623,601,0,601,3
2020-10-04,Humboldt,23,135768,521,506,0,506,6
2020-10-04,Imperial,25,180216,12126,11127,7,11134,327
2020-10-04,Inyo,27,18085,198,195,1,196,14
2020-10-04,Kern,29,883053,32538,31906,344,32250,404
2020-10-04,Kings,31,150075,8058,7919,46,7965,80
2020-10-04,Lake,33,64148,624,589,0,589,10
2020-10-04,Lassen,35,31185,754,743,1,744,0
2020-10-04,Los Angeles,37,10098052,277912,272822,2209,275031,6625
2020-10-04,Madera,39,155013,4718,4587,27,4614,50
2020-10-04,Marin,41,260295,6863,6741,18,6759,91
2020-10-04,Mariposa,43,17540,78,75,0,75,2
2020-10-04,Mendocino,45,87422,952,905,2,907,18
2020-10-04,Merced,47,269075,9097,9006,21,9027,140
2020-10-04,Modoc,49,8938,29,26,0,26,0
2020-10-04,Mono,51,14174,171,152,1,153,1
2020-10-04,Monterey,53,433212,10399,10141,37,10178,72
2020-10-04,Napa,55,140530,1806,1759,5,1764,11
2020-10-04,Nevada,57,99092,567,547,14,561,6
2020-10-04,Orange,59,3164182,56415,53966,1558,55524,1270
2020-10-04,Placer,61,380077,3802,3664,13,3677,46
2020-10-04,Plumas,63,18699,51,49,0,49,0
2020-10-04,Riverside,65,2383286,61563,60251,203,60454,1226
2020-10-04,Sacramento,67,1510023,23497,23162,20,23182,438
2020-10-04,San Benito,69,59416,1363,1355,0,1355,12
2020-10-04,San Bernardino,71,2135413,56926,55100,62,55162,1031
2020-10-04,San Diego,73,3302833,50195,48438,0,48438,803
2020-10-04,San Francisco,75,870044,11608,11474,34,11508,110
2020-10-04,San Joaquin,77,732212,20698,20320,70,20390,476
2020-10-04,San Luis Obispo,79,281455,3860,3688,14,3702,31
2020-10-04,San Mateo,81,765935,10579,9858,7,9865,128
2020-10-04,Santa Barbara,83,443738,9782,9276,67,9343,116
2020-10-04,Santa Clara,85,1922200,22700,21780,30,21810,316
2020-10-04,Santa Cruz,87,273765,2567,2483,34,2517,9
2020-10-04,Shasta,89,179085,1512,1158,14,1172,18
2020-10-04,Sierra,91,2930,6,6,0,6,0
2020-10-04,Siskiyou,93,43540,167,153,10,163,0
2020-10-04,Solano,95,438530,6628,6445,41,6486,52
2020-10-04,Sonoma,97,501317,8245,7794,21,7815,129
2020-10-04,Stanislaus,99,539301,16807,16711,600,17311,351
2020-10-04,Sutter,101,95872,1736,1711,1,1712,11
2020-10-04,Tehama,103,63373,674,637,1,638,3
2020-10-04,Trinity,105,12862,31,21,5,26,0
2020-10-04,Tulare,107,460477,16738,16343,179,16522,278
2020-10-04,Tuolumne,109,53932,238,226,2,228,2
2020-10-04,Ventura,111,848112,13641,13197,222,13419,149
2020-10-04,Yolo,113,214977,2930,2875,6,2881,56
2020-10-04,Yuba,115,75493,1128,1103,5,1108,9
2020-10-03,Alameda,1,1643700,21974,21510,204,21714,386
2020-10-03,Alpine,3,1148,4,2,0,2,0
2020-10-03,Amador,5,37829,301,296,0,296,16
2020-10-03,Butte,7,227075,2982,2894,19,2913,46
2020-10-03,Calaveras,9,45235,315,259,0,259,11
2020-10-03,Colusa,11,21464,536,537,0,537,6
2020-10-03,Contra Costa,13,1133247,17650,17087,87,17174,213
2020-10-03,Del Norte,15,27424,153,142,0,142,2
2020-10-03,El Dorado,17,186661,1256,1188,2,1190,4
2020-10-03,Fresno,19,978130,31167,28975,381,29356,408
2020-10-03,Glenn,21,27897,621,601,0,601,3
2020-10-03,Humboldt,23,135768,520,504,0,504,6
2020-10-03,Imperial,25,180216,12103,11090,7,11097,327
2020-10-03,Inyo,27,18085,198,194,1,195,14
2020-10-03,Kern,29,883053,32489,31864,341,32205,403
2020-10-03,Kings,31,150075,8054,7887,46,7933,80
2020-10-03,Lake,33,64148,614,588,0,588,10
2020-10-03,Lassen,35,31185,754,743,1,744,0
2020-10-03,Los Angeles,37,10098052,277208,271869,2179,274048,6620
2020-10-03,Madera,39,155013,4701,4565,27,4592,50
2020-10-03,Marin,41,260295,6857,6728,18,6746,91
2020-10-03,Mariposa,43,17540,78,75,0,75,2
2020-10-03,Mendocino,45,87422,950,898,2,900,18
2020-10-03,Merced,47,269075,9084,8986,21,9007,139
2020-10-03,Modoc,49,8938,29,26,0,26,0
2020-10-03,Mono,51,14174,171,152,1,153,1
2020-10-03,Monterey,53,433212,10365,10092,34,10126,72
2020-10-03,Napa,55,140530,1802,1752,5,1757,11
2020-10-03,Nevada,57,99092,565,544,14,558,6
2020-10-03,Orange,59,3164182,56299,53573,1553,55126,1268
2020-10-03,Placer,61,380077,3791,3648,13,3661,47
2020-10-03,Plumas,63,18699,51,48,0,48,0
2020-10-03,Riverside,65,2383286,61408,59991,202,60193,1226
2020-10-03,Sacramento,67,1510023,23446,23076,20,23096,437
2020-10-03,San Benito,69,59416,1363,1351,0,1351,12
2020-10-03,San Bernardino,71,2135413,56754,55004,62,55066,1031
2020-10-03,San Diego,73,3302833,49964,48202,0,48202,798
2020-10-03,San Francisco,75,870044,11583,11475,32,11507,110
2020-10-03,San Joaquin,77,732212,20672,20322,70,20392,476
2020-10-03,San Luis Obispo,79,281455,3836,3670,14,3684,31
2020-10-03,San Mateo,81,765935,10553,9822,6,9828,128
2020-10-03,Santa Barbara,83,443738,9769,9256,67,9323,116
2020-10-03,Santa Clara,85,1922200,22620,21672,30,21702,309
2020-10-03,Santa Cruz,87,273765,2559,2476,34,2510,9
2020-10-03,Shasta,89,179085,1484,1117,13,1130,18
2020-10-03,Sierra,91,2930,6,6,0,6,0
2020-10-03,Siskiyou,93,43540,167,152,10,162,0
2020-10-03,Solano,95,438530,6602,6419,41,6460,52
2020-10-03,Sonoma,97,501317,8202,7747,21,7768,129
2020-10-03,Stanislaus,99,539301,16774,16645,596,17241,351
2020-10-03,Sutter,101,95872,1732,1705,1,1706,11
2020-10-03,Tehama,103,63373,668,630,1,631,3
2020-10-03,Trinity,105,12862,31,15,5,20,0
2020-10-03,Tulare,107,460477,16696,16322,174,16496,278
2020-10-03,Tuolumne,109,53932,237,224,2,226,2
2020-10-03,Ventura,111,848112,13602,13150,218,13368,148
2020-10-03,Yolo,113,214977,2923,2863,6,2869,56
2020-10-03,Yuba,115,75493,1120,1097,5,1102,8
2020-10-02,Alameda,1,1643700,21920,21404,203,21607,382
2020-10-02,Alpine,3,1148,4,2,0,2,0
2020-10-02,Amador,5,37829,300,296,0,296,16
2020-10-02,Butte,7,227075,2972,2879,19,2898,46
2020-10-02,Calaveras,9,45235,314,259,0,259,11
2020-10-02,Colusa,11,21464,535,537,0,537,6
2020-10-02,Contra Costa,13,1133247,17607,17002,87,17089,213
2020-10-02,Del Norte,15,27424,152,141,0,141,2
2020-10-02,El Dorado,17,186661,1249,1168,2,1170,4
2020-10-02,Fresno,19,978130,31084,28855,381,29236,403
2020-10-02,Glenn,21,27897,616,594,0,594,3
2020-10-02,Humboldt,23,135768,519,503,0,503,6
2020-10-02,Imperial,25,180216,12081,11024,7,11031,327
2020-10-02,Inyo,27,18085,196,191,1,192,14
2020-10-02,Kern,29,883053,32437,31790,339,32129,399
2020-10-02,Kings,31,150075,8045,7716,46,7762,79
2020-10-02,Lake,33,64148,608,579,0,579,10
2020-10-02,Lassen,35,31185,754,742,1,743,0
2020-10-02,Los Angeles,37,10098052,276307,270935,2150,273085,6602
2020-10-02,Madera,39,155013,4692,4537,27,4564,49
2020-10-02,Marin,41,260295,6840,6717,18,6735,91
2020-10-02,Mariposa,43,17540,78,75,0,75,2
2020-10-02,Mendocino,45,87422,946,883,2,885,18
2020-10-02,Merced,47,269075,9074,8961,21,8982,139
2020-10-02,Modoc,49,8938,29,26,0,26,0
2020-10-02,Mono,51,14174,171,150,1,151,1
2020-10-02,Monterey,53,433212,10331,9997,34,10031,71
2020-10-02,Napa,55,140530,1796,1737,5,1742,11
2020-10-02,Nevada,57,99092,562,543,14,557,6
2020-10-02,Orange,59,3164182,56168,53299,1546,54845,1262
2020-10-02,Placer,61,380077,3771,3612,13,3625,46
2020-10-02,Plumas,63,18699,51,48,0,48,0
2020-10-02,Riverside,65,2383286,61187,59673,199,59872,1223
2020-10-02,Sacramento,67,1510023,23383,22818,20,22838,436
2020-10-02,San Benito,69,59416,1359,1347,0,1347,12
2020-10-02,San Bernardino,71,2135413,56567,54613,62,54675,1028
2020-10-02,San Diego,73,3302833,49712,47793,0,47793,794
2020-10-02,San Francisco,75,870044,11560,11398,32,11430,110
2020-10-02,San Joaquin,77,732212,20639,20235,68,20303,474
2020-10-02,San Luis Obispo,79,281455,3813,3654,14,3668,31
2020-10-02,San Mateo,81,765935,10512,9745,6,9751,128
2020-10-02,Santa Barbara,83,443738,9747,9234,67,9301,116
2020-10-02,Santa Clara,85,1922200,22539,21545,30,21575,305
2020-10-02,Santa Cruz,87,273765,2542,2463,34,2497,9
2020-10-02,Shasta,89,179085,1449,1046,13,1059,18
2020-10-02,Sierra,91,2930,6,6,0,6,0
2020-10-02,Siskiyou,93,43540,167,151,10,161,0
2020-10-02,Solano,95,438530,6572,6385,41,6426,52
2020-10-02,Sonoma,97,501317,8145,7662,21,7683,125
2020-10-02,Stanislaus,99,539301,16734,16609,587,17196,349
2020-10-02,Sutter,101,95872,1731,1693,1,1694,11
2020-10-02,Tehama,103,63373,663,619,1,620,3
2020-10-02,Trinity,105,12862,31,15,5,20,0
2020-10-02,Tulare,107,460477,16656,16245,167,16412,278
2020-10-02,Tuolumne,109,53932,235,225,2,227,2
2020-10-02,Ventura,111,848112,13565,13120,212,13332,146
2020-10-02,Yolo,113,214977,2918,2845,6,2851,55
2020-10-02,Yuba,115,75493,1118,1090,5,1095,8
2020-10-01,Alameda,1,1643700,21860,21349,200,21549,383
2020-10-01,Alpine,3,1148,4,2,0,2,0
2020-10-01,Amador,5,37829,300,294,0,294,16
2020-10-01,Butte,7,227075,2964,2865,19,2884,45
2020-10-01,Calaveras,9,45235,314,257,0,257,11
2020-10-01,Colusa,11,21464,535,536,0,536,6
2020-10-01,Contra Costa,13,1133247,17545,16898,87,16985,211
2020-10-01,Del Norte,15,27424,147,140,0,140,2
2020-10-01,El Dorado,17,186661,1245,1162,1,1163,4
2020-10-01,Fresno,19,978130,31004,28796,379,29175,397
2020-10-01,Glenn,21,27897,612,593,0,593,3
2020-10-01,Humboldt,23,135768,519,499,0,499,6
2020-10-01,Imperial,25,180216,12038,10928,7,10935,325
2020-10-01,Inyo,27,18085,196,191,1,192,14
2020-10-01,Kern,29,883053,32374,31678,336,32014,399
2020-10-01,Kings,31,150075,8034,7688,43,7731,79
2020-10-01,Lake,33,64148,602,572,0,572,11
2020-10-01,Lassen,35,31185,751,742,1,743,0
2020-10-01,Los Angeles,37,10098052,275268,271513,2113,273626,6621
2020-10-01,Madera,39,155013,4669,4508,27,4535,48
2020-10-01,Marin,41,260295,6826,6710,18,6728,92
2020-10-01,Mariposa,43,17540,78,76,0,76,2
2020-10-01,Mendocino,45,87422,941,874,2,876,19
2020-10-01,Merced,47,269075,9046,8942,21,8963,138
2020-10-01,Modoc,49,8938,29,26,0,26,0
2020-10-01,Mono,51,14174,169,150,1,151,1
2020-10-01,Monterey,53,433212,10255,9958,34,9992,71
2020-10-01,Napa,55,140530,1788,1729,5,1734,11
2020-10-01,Nevada,57,99092,561,543,14,557,6
2020-10-01,Orange,59,3164182,56003,53088,1533,54621,1257
2020-10-01,Placer,61,380077,3743,3599,13,3612,45
2020-10-01,Plumas,63,18699,51,48,0,48,0
2020-10-01,Riverside,65,2383286,60937,59293,192,59485,1223
2020-10-01,Sacramento,67,1510023,23272,22714,19,22733,433
2020-10-01,San Benito,69,59416,1357,1346,0,1346,12
2020-10-01,San Bernardino,71,2135413,56273,54350,60,54410,1021
2020-10-01,San Diego,73,3302833,49430,47487,0,47487,792
2020-10-01,San Francisco,75,870044,11529,11284,30,11314,110
2020-10-01,San Joaquin,77,732212,20592,20204,65,20269,471
2020-10-01,San Luis Obispo,79,281455,3786,3625,14,3639,31
2020-10-01,San Mateo,81,765935,10467,9681,6,9687,128
2020-10-01,Santa Barbara,83,443738,9705,9215,67,9282,118
2020-10-01,Santa Clara,85,1922200,22438,21398,30,21428,305
2020-10-01,Santa Cruz,87,273765,2527,2418,34,2452,10
2020-10-01,Shasta,89,179085,1398,991,13,1004,18
2020-10-01,Sierra,91,2930,6,6,0,6,0
2020-10-01,Siskiyou,93,43540,164,150,10,160,0
2020-10-01,Solano,95,438530,6534,6352,41,6393,52
2020-10-01,Sonoma,97,501317,8078,7569,21,7590,125
2020-10-01,Stanislaus,99,539301,16701,16555,581,17136,346
2020-10-01,Sutter,101,95872,1726,1684,1,1685,11
2020-10-01,Tehama,103,63373,653,606,1,607,3
2020-10-01,Trinity,105,12862,31,15,5,20,0
2020-10-01,Tulare,107,460477,16583,16182,164,16346,275
2020-10-01,Tuolumne,109,53932,235,223,2,225,2
2020-10-01,Ventura,111,848112,13516,13057,196,13253,146
2020-10-01,Yolo,113,214977,2900,2833,6,2839,55
2020-10-01,Yuba,115,75493,1114,1082,5,1087,8
2020-09-30,Alameda,1,1643700,21783,21271,196,21467,380
2020-09-30,Alpine,3,1148,4,2,0,2,0
2020-09-30,Amador,5,37829,300,294,0,294,16
2020-09-30,Butte,7,227075,2956,2858,19,2877,44
2020-09-30,Calaveras,9,45235,313,258,0,258,11
2020-09-30,Colusa,11,21464,534,534,0,534,6
2020-09-30,Contra Costa,13,1133247,17476,16819,87,16906,211
2020-09-30,Del Norte,15,27424,146,140,0,140,2
2020-09-30,El Dorado,17,186661,1233,1157,1,1158,4
2020-09-30,Fresno,19,978130,30913,28706,376,29082,395
2020-09-30,Glenn,21,27897,607,592,0,592,3
2020-09-30,Humboldt,23,135768,517,497,0,497,6
2020-09-30,Imperial,25,180216,12013,10868,7,10875,287
2020-09-30,Inyo,27,18085,196,189,0,189,14
2020-09-30,Kern,29,883053,32301,31601,335,31936,398
2020-09-30,Kings,31,150075,8005,7685,43,7728,79
2020-09-30,Lake,33,64148,596,567,0,567,10
2020-09-30,Lassen,35,31185,748,742,1,743,0
2020-09-30,Los Angeles,37,10098052,274031,270260,2079,272339,6568
2020-09-30,Madera,39,155013,4660,4477,27,4504,47
2020-09-30,Marin,41,260295,6802,6700,17,6717,91
2020-09-30,Mariposa,43,17540,78,76,0,76,2
2020-09-30,Mendocino,45,87422,935,867,2,869,17
2020-09-30,Merced,47,269075,9026,8926,21,8947,136
2020-09-30,Modoc,49,8938,29,26,0,26,0
2020-09-30,Mono,51,14174,169,150,1,151,1
2020-09-30,Monterey,53,433212,10205,9898,33,9931,70
2020-09-30,Napa,55,140530,1774,1728,5,1733,11
2020-09-30,Nevada,57,99092,559,540,14,554,6
2020-09-30,Orange,59,3164182,55812,52916,1517,54433,1251
2020-09-30,Placer,61,380077,3722,3585,13,3598,43
2020-09-30,Plumas,63,18699,51,48,0,48,0
2020-09-30,Riverside,65,2383286,60585,59074,187,59261,1220
2020-09-30,Sacramento,67,1510023,23170,22613,19,22632,429
2020-09-30,San Benito,69,59416,1354,1342,0,1342,12
2020-09-30,San Bernardino,71,2135413,55997,53988,60,54048,1018
2020-09-30,San Diego,73,3302833,49128,47182,0,47182,783
2020-09-30,San Francisco,75,870044,11499,11247,30,11277,106
2020-09-30,San Joaquin,77,732212,20509,20150,63,20213,461
2020-09-30,San Luis Obispo,79,281455,3761,3597,14,3611,31
2020-09-30,San Mateo,81,765935,10425,9634,6,9640,128
2020-09-30,Santa Barbara,83,443738,9680,9186,67,9253,115
2020-09-30,Santa Clara,85,1922200,22333,21318,30,21348,302
2020-09-30,Santa Cruz,87,273765,2514,2405,34,2439,10
2020-09-30,Shasta,89,179085,1342,976,13,989,17
2020-09-30,Sierra,91,2930,6,6,0,6,0
2020-09-30,Siskiyou,93,43540,162,150,10,160,0
2020-09-30,Solano,95,438530,6492,6315,41,6356,51
2020-09-30,Sonoma,97,501317,7990,7494,21,7515,125
2020-09-30,Stanislaus,99,539301,16654,16531,575,17106,343
2020-09-30,Sutter,101,95872,1710,1680,1,1681,10
2020-09-30,Tehama,103,63373,647,594,1,595,3
2020-09-30,Trinity,105,12862,28,15,5,20,0
2020-09-30,Tulare,107,460477,16517,16117,157,16274,274
2020-09-30,Tuolumne,109,53932,233,224,2,226,2
2020-09-30,Ventura,111,848112,13481,12968,180,13148,145
2020-09-30,Yolo,113,214977,2887,2822,6,2828,55
2020-09-30,Yuba,115,75493,1111,1075,5,1080,8
2020-09-29,Alameda,1,1643700,21707,21241,192,21433,374
2020-09-29,Alpine,3,1148,4,2,0,2,0
2020-09-29,Amador,5,37829,298,294,0,294,16
2020-09-29,Butte,7,227075,2942,2848,19,2867,44
2020-09-29,Calaveras,9,45235,311,261,0,261,11
2020-09-29,Colusa,11,21464,534,534,0,534,6
2020-09-29,Contra Costa,13,1133247,17421,16716,85,16801,209
2020-09-29,Del Norte,15,27424,142,142,0,142,2
2020-09-29,El Dorado,17,186661,1224,1151,1,1152,4
2020-09-29,Fresno,19,978130,30819,28621,375,28996,394
2020-09-29,Glenn,21,27897,603,589,0,589,3
2020-09-29,Humboldt,23,135768,515,497,0,497,6
2020-09-29,Imperial,25,180216,11979,10811,7,10818,283
2020-09-29,Inyo,27,18085,195,188,0,188,14
2020-09-29,Kern,29,883053,32246,31534,334,31868,397
2020-09-29,Kings,31,150075,7949,7681,42,7723,78
2020-09-29,Lake,33,64148,594,566,0,566,11
2020-09-29,Lassen,35,31185,748,741,1,742,0
2020-09-29,Los Angeles,37,10098052,272813,269246,2049,271295,6545
2020-09-29,Madera,39,155013,4636,4453,27,4480,47
2020-09-29,Marin,41,260295,6781,6692,17,6709,91
2020-09-29,Mariposa,43,17540,78,74,0,74,2
2020-09-29,Mendocino,45,87422,925,854,2,856,17
2020-09-29,Merced,47,269075,9013,8892,19,8911,136
2020-09-29,Modoc,49,8938,29,26,0,26,0
2020-09-29,Mono,51,14174,169,149,1,150,1
2020-09-29,Monterey,53,433212,10150,9826,31,9857,70
2020-09-29,Napa,55,140530,1771,1727,5,1732,11
2020-09-29,Nevada,57,99092,554,539,14,553,6
2020-09-29,Orange,59,3164182,55626,52755,1506,54261,1231
2020-09-29,Placer,61,380077,3701,3570,13,3583,42
2020-09-29,Plumas,63,18699,51,48,0,48,0
2020-09-29,Riverside,65,2383286,60256,58863,178,59041,1208
2020-09-29,Sacramento,67,1510023,23049,22547,19,22566,425
2020-09-29,San Benito,69,59416,1349,1341,0,1341,12
2020-09-29,San Bernardino,71,2135413,55690,53753,60,53813,1012
2020-09-29,San Diego,73,3302833,48853,46987,0,46987,781
2020-09-29,San Francisco,75,870044,11463,11142,30,11172,104
2020-09-29,San Joaquin,77,732212,20444,20094,61,20155,454
2020-09-29,San Luis Obispo,79,281455,3741,3581,14,3595,31
2020-09-29,San Mateo,81,765935,10379,9619,6,9625,127
2020-09-29,Santa Barbara,83,443738,9660,9149,66,9215,114
2020-09-29,Santa Clara,85,1922200,22200,21233,29,21262,302
2020-09-29,Santa Cruz,87,273765,2499,2383,33,2416,10
2020-09-29,Shasta,89,179085,1281,943,13,956,17
2020-09-29,Sierra,91,2930,6,6,0,6,0
2020-09-29,Siskiyou,93,43540,156,150,10,160,0
2020-09-29,Solano,95,438530,6458,6303,41,6344,51
2020-09-29,Sonoma,97,501317,7918,7426,21,7447,125
2020-09-29,Stanislaus,99,539301,16624,16505,569,17074,341
2020-09-29,Sutter,101,95872,1704,1677,1,1678,10
2020-09-29,Tehama,103,63373,629,585,1,586,2
2020-09-29,Trinity,105,12862,28,16,5,21,0
2020-09-29,Tulare,107,460477,16454,16055,148,16203,270
2020-09-29,Tuolumne,109,53932,233,224,2,226,2
2020-09-29,Ventura,111,848112,13426,12875,177,13052,145
2020-09-29,Yolo,113,214977,2874,2818,6,2824,55
2020-09-29,Yuba,115,75493,1109,1071,5,1076,8
2020-09-28,Alameda,1,1643700,21622,21133,192,21325,370
2020-09-28,Alpine,3,1148,4,2,0,2,0
2020-09-28,Amador,5,37829,296,294,0,294,16
2020-09-28,Butte,7,227075,2927,2837,19,2856,44
2020-09-28,Calaveras,9,45235,311,257,0,257,11
2020-09-28,Colusa,11,21464,533,531,0,531,6
2020-09-28,Contra Costa,13,1133247,17356,16653,85,16738,195
2020-09-28,Del Norte,15,27424,142,138,0,138,2
2020-09-28,El Dorado,17,186661,1217,1144,1,1145,4
2020-09-28,Fresno,19,978130,30737,28517,368,28885,389
2020-09-28,Glenn,21,27897,601,585,0,585,3
2020-09-28,Humboldt,23,135768,509,495,0,495,6
2020-09-28,Imperial,25,180216,11945,10777,7,10784,283
2020-09-28,Inyo,27,18085,194,188,0,188,14
2020-09-28,Kern,29,883053,32181,31481,331,31812,395
2020-09-28,Kings,31,150075,7808,7661,40,7701,78
2020-09-28,Lake,33,64148,590,559,0,559,10
2020-09-28,Lassen,35,31185,747,737,1,738,0
2020-09-28,Los Angeles,37,10098052,271699,268404,2018,270422,6508
2020-09-28,Madera,39,155013,4615,4438,27,4465,47
2020-09-28,Marin,41,260295,6765,6676,17,6693,91
2020-09-28,Mariposa,43,17540,78,74,0,74,2
2020-09-28,Mendocino,45,87422,910,850,2,852,17
2020-09-28,Merced,47,269075,8985,8869,19,8888,136
2020-09-28,Modoc,49,8938,29,26,0,26,0
2020-09-28,Mono,51,14174,169,148,1,149,1
2020-09-28,Monterey,53,433212,10086,9780,29,9809,69
2020-09-28,Napa,55,140530,1759,1705,5,1710,11
2020-09-28,Nevada,57,99092,546,538,14,552,6
2020-09-28,Orange,59,3164182,55421,52633,1497,54130,1196
2020-09-28,Placer,61,380077,3681,3572,13,3585,42
2020-09-28,Plumas,63,18699,50,48,0,48,0
2020-09-28,Riverside,65,2383286,59957,58570,169,58739,1198
2020-09-28,Sacramento,67,1510023,22901,22392,19,22411,423
2020-09-28,San Benito,69,59416,1346,1336,0,1336,11
2020-09-28,San Bernardino,71,2135413,55348,53501,60,53561,988
2020-09-28,San Diego,73,3302833,48535,46736,0,46736,776
2020-09-28,San Francisco,75,870044,11429,11114,30,11144,100
2020-09-28,San Joaquin,77,732212,20395,19982,60,20042,448
2020-09-28,San Luis Obispo,79,281455,3720,3567,14,3581,31
2020-09-28,San Mateo,81,765935,10329,9582,6,9588,127
2020-09-28,Santa Barbara,83,443738,9643,9121,66,9187,114
2020-09-28,Santa Clara,85,1922200,22084,21180,29,21209,271
2020-09-28,Santa Cruz,87,273765,2489,2359,33,2392,9
2020-09-28,Shasta,89,179085,1227,883,10,893,17
2020-09-28,Sierra,91,2930,6,6,0,6,0
2020-09-28,Siskiyou,93,43540,156,149,10,159,0
2020-09-28,Solano,95,438530,6422,6254,41,6295,51
2020-09-28,Sonoma,97,501317,7842,7369,21,7390,125
2020-09-28,Stanislaus,99,539301,16584,16467,562,17029,336
2020-09-28,Sutter,101,95872,1697,1676,1,1677,10
2020-09-28,Tehama,103,63373,621,579,1,580,2
2020-09-28,Trinity,105,12862,28,16,5,21,0
2020-09-28,Tulare,107,460477,16402,15918,142,16060,270
2020-09-28,Tuolumne,109,53932,233,225,2,227,2
2020-09-28,Ventura,111,848112,13350,12812,170,12982,139
2020-09-28,Yolo,113,214977,2857,2809,6,2815,55
2020-09-28,Yuba,115,75493,1106,1062,5,1067,7
2020-09-27,Alameda,1,1643700,21542,21077,187,21264,370
2020-09-27,Alpine,3,1148,4,2,0,2,0
2020-09-27,Amador,5,37829,296,291,0,291,16
2020-09-27,Butte,7,227075,2916,2833,18,2851,44
2020-09-27,Calaveras,9,45235,310,257,0,257,11
2020-09-27,Colusa,11,21464,532,531,0,531,6
2020-09-27,Contra Costa,13,1133247,17254,16596,84,16680,195
2020-09-27,Del Norte,15,27424,142,138,0,138,2
2020-09-27,El Dorado,17,186661,1202,1130,1,1131,4
2020-09-27,Fresno,19,978130,30632,28441,367,28808,389
2020-09-27,Glenn,21,27897,597,576,0,576,3
2020-09-27,Humboldt,23,135768,507,492,0,492,6
2020-09-27,Imperial,25,180216,11911,10743,7,10750,283
2020-09-27,Inyo,27,18085,192,188,0,188,14
2020-09-27,Kern,29,883053,32062,31462,328,31790,395
2020-09-27,Kings,31,150075,7788,7641,40,7681,78
2020-09-27,Lake,33,64148,586,555,0,555,10
2020-09-27,Lassen,35,31185,747,737,1,738,0
2020-09-27,Los Angeles,37,10098052,270525,267754,1996,269750,6507
2020-09-27,Madera,39,155013,4586,4416,27,4443,47
2020-09-27,Marin,41,260295,6755,6663,17,6680,91
2020-09-27,Mariposa,43,17540,78,74,0,74,2
2020-09-27,Mendocino,45,87422,904,846,2,848,17
2020-09-27,Merced,47,269075,8951,8853,19,8872,136
2020-09-27,Modoc,49,8938,29,26,0,26,0
2020-09-27,Mono,51,14174,169,148,1,149,1
2020-09-27,Monterey,53,433212,10026,9724,28,9752,69
2020-09-27,Napa,55,140530,1754,1690,5,1695,11
2020-09-27,Nevada,57,99092,545,537,14,551,6
2020-09-27,Orange,59,3164182,55149,52458,1487,53945,1195
2020-09-27,Placer,61,380077,3668,3562,13,3575,42
2020-09-27,Plumas,63,18699,50,48,0,48,0
2020-09-27,Riverside,65,2383286,59661,58509,161,58670,1191
2020-09-27,Sacramento,67,1510023,22805,22356,18,22374,422
2020-09-27,San Benito,69,59416,1346,1331,0,1331,11
2020-09-27,San Bernardino,71,2135413,54912,53127,60,53187,988
2020-09-27,San Diego,73,3302833,48191,46612,0,46612,776
2020-09-27,San Francisco,75,870044,11373,11114,30,11144,100
2020-09-27,San Joaquin,77,732212,20335,19981,60,20041,448
2020-09-27,San Luis Obispo,79,281455,3699,3562,14,3576,31
2020-09-27,San Mateo,81,765935,10261,9566,6,9572,127
2020-09-27,Santa Barbara,83,443738,9622,9090,65,9155,114
2020-09-27,Santa Clara,85,1922200,21975,21091,29,21120,271
2020-09-27,Santa Cruz,87,273765,2467,2359,33,2392,9
2020-09-27,Shasta,89,179085,1184,883,9,892,17
2020-09-27,Sierra,91,2930,6,6,0,6,0
2020-09-27,Siskiyou,93,43540,155,149,10,159,0
2020-09-27,Solano,95,438530,6387,6211,41,6252,51
2020-09-27,Sonoma,97,501317,7761,7336,21,7357,124
2020-09-27,Stanislaus,99,539301,16534,16448,555,17003,336
2020-09-27,Sutter,101,95872,1690,1672,1,1673,10
2020-09-27,Tehama,103,63373,604,573,1,574,2
2020-09-27,Trinity,105,12862,28,16,5,21,0
2020-09-27,Tulare,107,460477,16326,15918,132,16050,270
2020-09-27,Tuolumne,109,53932,232,224,2,226,2
2020-09-27,Ventura,111,848112,13265,12775,161,12936,139
2020-09-27,Yolo,113,214977,2843,2796,6,2802,55
2020-09-27,Yuba,115,75493,1096,1059,5,1064,7
2020-09-26,Alameda,1,1643700,21485,21019,186,21205,370
2020-09-26,Alpine,3,1148,4,2,0,2,0
2020-09-26,Amador,5,37829,295,291,0,291,16
2020-09-26,Butte,7,227075,2908,2827,18,2845,44
2020-09-26,Calaveras,9,45235,310,257,0,257,11
2020-09-26,Colusa,11,21464,532,529,0,529,6
2020-09-26,Contra Costa,13,1133247,17212,16508,84,16592,194
2020-09-26,Del Norte,15,27424,142,138,0,138,2
2020-09-26,El Dorado,17,186661,1197,1127,1,1128,4
2020-09-26,Fresno,19,978130,30565,28336,367,28703,389
2020-09-26,Glenn,21,27897,597,576,0,576,3
2020-09-26,Humboldt,23,135768,507,491,0,491,6
2020-09-26,Imperial,25,180216,11894,10721,7,10728,283
2020-09-26,Inyo,27,18085,191,187,0,187,14
2020-09-26,Kern,29,883053,32011,31410,328,31738,394
2020-09-26,Kings,31,150075,7776,7537,40,7577,78
2020-09-26,Lake,33,64148,583,549,0,549,10
2020-09-26,Lassen,35,31185,747,737,1,738,0
2020-09-26,Los Angeles,37,10098052,269890,266931,1979,268910,6497
2020-09-26,Madera,39,155013,4570,4410,27,4437,47
2020-09-26,Marin,41,260295,6742,6641,17,6658,91
2020-09-26,Mariposa,43,17540,77,74,0,74,2
2020-09-26,Mendocino,45,87422,899,836,2,838,17
2020-09-26,Merced,47,269075,8939,8841,18,8859,136
2020-09-26,Modoc,49,8938,29,26,0,26,0
2020-09-26,Mono,51,14174,169,148,1,149,1
2020-09-26,Monterey,53,433212,9999,9651,28,9679,68
2020-09-26,Napa,55,140530,1752,1681,5,1686,11
2020-09-26,Nevada,57,99092,545,534,14,548,6
2020-09-26,Orange,59,3164182,55009,52203,1481,53684,1194
2020-09-26,Placer,61,380077,3655,3551,13,3564,42
2020-09-26,Plumas,63,18699,49,48,0,48,0
2020-09-26,Riverside,65,2383286,59526,58076,159,58235,1190
2020-09-26,Sacramento,67,1510023,22748,22269,18,22287,421
2020-09-26,San Benito,69,59416,1344,1325,0,1325,11
2020-09-26,San Bernardino,71,2135413,54779,53122,60,53182,988
2020-09-26,San Diego,73,3302833,47986,46333,0,46333,775
2020-09-26,San Francisco,75,870044,11345,11113,30,11143,100
2020-09-26,San Joaquin,77,732212,20299,19982,58,20040,449
2020-09-26,San Luis Obispo,79,281455,3682,3546,14,3560,31
2020-09-26,San Mateo,81,765935,10227,9509,6,9515,127
2020-09-26,Santa Barbara,83,443738,9611,9061,65,9126,114
2020-09-26,Santa Clara,85,1922200,21904,20967,28,20995,270
2020-09-26,Santa Cruz,87,273765,2459,2336,33,2369,9
2020-09-26,Shasta,89,179085,1134,856,8,864,17
2020-09-26,Sierra,91,2930,6,6,0,6,0
2020-09-26,Siskiyou,93,43540,154,149,10,159,0
2020-09-26,Solano,95,438530,6368,6209,41,6250,51
2020-09-26,Sonoma,97,501317,7736,7285,20,7305,124
2020-09-26,Stanislaus,99,539301,16509,16421,546,16967,336
2020-09-26,Sutter,101,95872,1685,1662,1,1663,10
2020-09-26,Tehama,103,63373,592,560,1,561,2
2020-09-26,Trinity,105,12862,26,16,5,21,0
2020-09-26,Tulare,107,460477,16302,15881,130,16011,270
2020-09-26,Tuolumne,109,53932,232,223,2,225,2
2020-09-26,Ventura,111,848112,13233,12729,159,12888,137
2020-09-26,Yolo,113,214977,2841,2789,6,2795,55
2020-09-26,Yuba,115,75493,1092,1056,5,1061,7
2020-09-25,Alameda,1,1643700,21431,20911,186,21097,367
2020-09-25,Alpine,3,1148,4,2,0,2,0
2020-09-25,Amador,5,37829,295,289,0,289,16
2020-09-25,Butte,7,227075,2903,2819,18,2837,43
2020-09-25,Calaveras,9,45235,310,257,0,257,11
2020-09-25,Colusa,11,21464,532,528,0,528,6
2020-09-25,Contra Costa,13,1133247,17153,16401,84,16485,194
2020-09-25,Del Norte,15,27424,142,138,0,138,2
2020-09-25,El Dorado,17,186661,1193,1104,1,1105,4
2020-09-25,Fresno,19,978130,30507,28199,366,28565,385
2020-09-25,Glenn,21,27897,595,570,0,570,3
2020-09-25,Humboldt,23,135768,506,489,0,489,5
2020-09-25,Imperial,25,180216,11876,10681,7,10688,283
2020-09-25,Inyo,27,18085,189,187,0,187,14
2020-09-25,Kern,29,883053,31959,31333,326,31659,393
2020-09-25,Kings,31,150075,7771,7450,40,7490,77
2020-09-25,Lake,33,64148,582,539,0,539,9
2020-09-25,Lassen,35,31185,747,737,1,738,0
2020-09-25,Los Angeles,37,10098052,269102,265713,1965,267678,6483
2020-09-25,Madera,39,155013,4551,4369,27,4396,48
2020-09-25,Marin,41,260295,6739,6622,17,6639,90
2020-09-25,Mariposa,43,17540,77,74,0,74,2
2020-09-25,Mendocino,45,87422,884,819,2,821,17
2020-09-25,Merced,47,269075,8923,8830,18,8848,135
2020-09-25,Modoc,49,8938,29,26,0,26,0
2020-09-25,Mono,51,14174,169,149,1,150,1
2020-09-25,Monterey,53,433212,9947,9581,28,9609,68
2020-09-25,Napa,55,140530,1750,1669,5,1674,11
2020-09-25,Nevada,57,99092,543,529,14,543,6
2020-09-25,Orange,59,3164182,54882,52031,1472,53503,1184
2020-09-25,Placer,61,380077,3644,3527,13,3540,41
2020-09-25,Plumas,63,18699,49,48,0,48,0
2020-09-25,Riverside,65,2383286,59350,57783,154,57937,1183
2020-09-25,Sacramento,67,1510023,22670,22132,18,22150,418
2020-09-25,San Benito,69,59416,1343,1318,0,1318,11
2020-09-25,San Bernardino,71,2135413,54625,52814,60,52874,987
2020-09-25,San Diego,73,3302833,47784,46003,0,46003,775
2020-09-25,San Francisco,75,870044,11310,11066,28,11094,100
2020-09-25,San Joaquin,77,732212,20247,19909,58,19967,449
2020-09-25,San Luis Obispo,79,281455,3672,3512,14,3526,31
2020-09-25,San Mateo,81,765935,10191,9447,6,9453,127
2020-09-25,Santa Barbara,83,443738,9587,9026,65,9091,114
2020-09-25,Santa Clara,85,1922200,21841,20812,27,20839,265
2020-09-25,Santa Cruz,87,273765,2447,2309,32,2341,9
2020-09-25,Shasta,89,179085,1100,806,8,814,16
2020-09-25,Sierra,91,2930,6,6,0,6,0
2020-09-25,Siskiyou,93,43540,154,149,10,159,0
2020-09-25,Solano,95,438530,6352,6179,41,6220,50
2020-09-25,Sonoma,97,501317,7696,7202,20,7222,124
2020-09-25,Stanislaus,99,539301,16491,16381,544,16925,326
2020-09-25,Sutter,101,95872,1682,1655,1,1656,10
2020-09-25,Tehama,103,63373,584,546,1,547,2
2020-09-25,Trinity,105,12862,26,15,5,20,0
2020-09-25,Tulare,107,460477,16263,15815,127,15942,267
2020-09-25,Tuolumne,109,53932,232,223,2,225,2
2020-09-25,Ventura,111,848112,13191,12664,156,12820,137
2020-09-25,Yolo,113,214977,2833,2784,6,2790,55
2020-09-25,Yuba,115,75493,1087,1049,5,1054,5
2020-09-24,Alameda,1,1643700,21356,20838,183,21021,364
2020-09-24,Alpine,3,1148,4,2,0,2,0
2020-09-24,Amador,5,37829,295,288,0,288,16
2020-09-24,Butte,7,227075,2892,2803,18,2821,43
2020-09-24,Calaveras,9,45235,310,258,0,258,11
2020-09-24,Colusa,11,21464,532,523,0,523,6
2020-09-24,Contra Costa,13,1133247,17071,16252,84,16336,192
2020-09-24,Del Norte,15,27424,138,137,0,137,2
2020-09-24,El Dorado,17,186661,1184,1093,1,1094,4
2020-09-24,Fresno,19,978130,30403,28106,362,28468,375
2020-09-24,Glenn,21,27897,591,567,0,567,3
2020-09-24,Humboldt,23,135768,503,482,0,482,5
2020-09-24,Imperial,25,180216,11852,10622,7,10629,283
2020-09-24,Inyo,27,18085,189,187,0,187,13
2020-09-24,Kern,29,883053,31896,31273,324,31597,388
2020-09-24,Kings,31,150075,7755,7428,40,7468,76
2020-09-24,Lake,33,64148,573,531,0,531,9
2020-09-24,Lassen,35,31185,746,737,1,738,0
2020-09-24,Los Angeles,37,10098052,268057,264374,1946,266320,6452
2020-09-24,Madera,39,155013,4532,4344,27,4371,48
2020-09-24,Marin,41,260295,6711,6588,17,6605,85
2020-09-24,Mariposa,43,17540,77,74,0,74,2
2020-09-24,Mendocino,45,87422,880,810,2,812,17
2020-09-24,Merced,47,269075,8894,8813,17,8830,135
2020-09-24,Modoc,49,8938,29,24,0,24,0
2020-09-24,Mono,51,14174,169,149,1,150,1
2020-09-24,Monterey,53,433212,9881,9544,25,9569,67
2020-09-24,Napa,55,140530,1738,1661,5,1666,11
2020-09-24,Nevada,57,99092,542,527,14,541,6
2020-09-24,Orange,59,3164182,54674,51749,1454,53203,1164
2020-09-24,Placer,61,380077,3629,3514,13,3527,41
2020-09-24,Plumas,63,18699,49,48,0,48,0
2020-09-24,Riverside,65,2383286,59082,57491,148,57639,1172
2020-09-24,Sacramento,67,1510023,22544,21985,18,22003,417
2020-09-24,San Benito,69,59416,1341,1308,0,1308,11
2020-09-24,San Bernardino,71,2135413,54290,52455,60,52515,988
2020-09-24,San Diego,73,3302833,47515,45598,0,45598,773
2020-09-24,San Francisco,75,870044,11263,10992,28,11020,99
2020-09-24,San Joaquin,77,732212,20210,19851,57,19908,444
2020-09-24,San Luis Obispo,79,281455,3656,3480,14,3494,31
2020-09-24,San Mateo,81,765935,10143,9376,6,9382,127
2020-09-24,Santa Barbara,83,443738,9536,8988,64,9052,114
2020-09-24,Santa Clara,85,1922200,21753,20689,27,20716,262
2020-09-24,Santa Cruz,87,273765,2427,2300,30,2330,9
2020-09-24,Shasta,89,179085,1063,773,5,778,14
2020-09-24,Sierra,91,2930,6,6,0,6,0
2020-09-24,Siskiyou,93,43540,154,149,10,159,0
2020-09-24,Solano,95,438530,6319,6137,41,6178,49
2020-09-24,Sonoma,97,501317,7615,7163,20,7183,122
2020-09-24,Stanislaus,99,539301,16454,16326,539,16865,326
2020-09-24,Sutter,101,95872,1679,1646,1,1647,10
2020-09-24,Tehama,103,63373,581,540,1,541,2
2020-09-24,Trinity,105,12862,26,15,5,20,0
2020-09-24,Tulare,107,460477,16198,15754,126,15880,267
2020-09-24,Tuolumne,109,53932,232,224,2,226,2
2020-09-24,Ventura,111,848112,13109,12617,155,12772,138
2020-09-24,Yolo,113,214977,2826,2776,6,2782,55
2020-09-24,Yuba,115,75493,1082,1042,5,1047,5
2020-09-23,Alameda,1,1643700,21288,20718,181,20899,361
2020-09-23,Alpine,3,1148,4,2,0,2,0
2020-09-23,Amador,5,37829,294,288,0,288,16
2020-09-23,Butte,7,227075,2884,2790,18,2808,43
2020-09-23,Calaveras,9,45235,309,258,0,258,11
2020-09-23,Colusa,11,21464,531,521,0,521,6
2020-09-23,Contra Costa,13,1133247,17007,16167,83,16250,192
2020-09-23,Del Norte,15,27424,136,137,0,137,2
2020-09-23,El Dorado,17,186661,1170,1088,1,1089,4
2020-09-23,Fresno,19,978130,30309,28019,359,28378,371
2020-09-23,Glenn,21,27897,584,561,0,561,3
2020-09-23,Humboldt,23,135768,499,477,0,477,5
2020-09-23,Imperial,25,180216,11826,10587,7,10594,284
2020-09-23,Inyo,27,18085,188,177,0,177,13
2020-09-23,Kern,29,883053,31852,31172,323,31495,387
2020-09-23,Kings,31,150075,7733,7406,40,7446,76
2020-09-23,Lake,33,64148,568,519,0,519,9
2020-09-23,Lassen,35,31185,746,736,1,737,0
2020-09-23,Los Angeles,37,10098052,267012,263318,1916,265234,6421
2020-09-23,Madera,39,155013,4517,4311,27,4338,48
2020-09-23,Marin,41,260295,6692,6567,17,6584,85
2020-09-23,Mariposa,43,17540,77,74,0,74,2
2020-09-23,Mendocino,45,87422,879,801,1,802,17
2020-09-23,Merced,47,269075,8873,8785,16,8801,134
2020-09-23,Modoc,49,8938,29,24,0,24,0
2020-09-23,Mono,51,14174,169,149,1,150,1
2020-09-23,Monterey,53,433212,9812,9452,25,9477,67
2020-09-23,Napa,55,140530,1729,1653,5,1658,11
2020-09-23,Nevada,57,99092,541,523,14,537,6
2020-09-23,Orange,59,3164182,54446,51658,1447,53105,1155
2020-09-23,Placer,61,380077,3617,3506,13,3519,41
2020-09-23,Plumas,63,18699,49,48,0,48,0
2020-09-23,Riverside,65,2383286,58779,57257,145,57402,1165
2020-09-23,Sacramento,67,1510023,22467,21821,18,21839,415
2020-09-23,San Benito,69,59416,1335,1305,0,1305,10
2020-09-23,San Bernardino,71,2135413,53996,52132,59,52191,973
2020-09-23,San Diego,73,3302833,47239,45427,0,45427,767
2020-09-23,San Francisco,75,870044,11214,10926,28,10954,95
2020-09-23,San Joaquin,77,732212,20157,19785,57,19842,439
2020-09-23,San Luis Obispo,79,281455,3638,3447,14,3461,31
2020-09-23,San Mateo,81,765935,10103,9351,6,9357,127
2020-09-23,Santa Barbara,83,443738,9508,8952,64,9016,112
2020-09-23,Santa Clara,85,1922200,21643,20575,24,20599,260
2020-09-23,Santa Cruz,87,273765,2408,2283,30,2313,9
2020-09-23,Shasta,89,179085,1024,756,4,760,14
2020-09-23,Sierra,91,2930,6,6,0,6,0
2020-09-23,Siskiyou,93,43540,154,149,10,159,0
2020-09-23,Solano,95,438530,6294,6123,41,6164,50
2020-09-23,Sonoma,97,501317,7539,7091,20,7111,122
2020-09-23,Stanislaus,99,539301,16424,16271,536,16807,317
2020-09-23,Sutter,101,95872,1675,1646,1,1647,10
2020-09-23,Tehama,103,63373,575,533,1,534,2
2020-09-23,Trinity,105,12862,26,15,5,20,0
2020-09-23,Tulare,107,460477,16134,15664,124,15788,266
2020-09-23,Tuolumne,109,53932,232,223,2,225,2
2020-09-23,Ventura,111,848112,13054,12591,152,12743,137
2020-09-23,Yolo,113,214977,2808,2766,6,2772,55
2020-09-23,Yuba,115,75493,1080,1038,5,1043,5
2020-09-22,Alameda,1,1643700,21209,20607,179,20786,355
2020-09-22,Alpine,3,1148,3,2,0,2,0
2020-09-22,Amador,5,37829,293,287,0,287,16
2020-09-22,Butte,7,227075,2879,2776,18,2794,43
2020-09-22,Calaveras,9,45235,309,258,0,258,11
2020-09-22,Colusa,11,21464,529,518,0,518,6
2020-09-22,Contra Costa,13,1133247,16917,16090,83,16173,190
2020-09-22,Del Norte,15,27424,136,137,0,137,2
2020-09-22,El Dorado,17,186661,1151,1076,1,1077,4
2020-09-22,Fresno,19,978130,30215,27944,356,28300,369
2020-09-22,Glenn,21,27897,581,560,0,560,3
2020-09-22,Humboldt,23,135768,498,476,0,476,5
2020-09-22,Imperial,25,180216,11797,10529,7,10536,284
2020-09-22,Inyo,27,18085,188,177,0,177,13
2020-09-22,Kern,29,883053,31784,31110,316,31426,383
2020-09-22,Kings,31,150075,7676,7395,39,7434,76
2020-09-22,Lake,33,64148,560,516,0,516,9
2020-09-22,Lassen,35,31185,745,736,1,737,0
2020-09-22,Los Angeles,37,10098052,265935,262117,1887,264004,6394
2020-09-22,Madera,39,155013,4501,4303,27,4330,47
2020-09-22,Marin,41,260295,6678,6561,17,6578,84
2020-09-22,Mariposa,43,17540,77,74,0,74,2
2020-09-22,Mendocino,45,87422,859,794,1,795,18
2020-09-22,Merced,47,269075,8843,8769,16,8785,132
2020-09-22,Modoc,49,8938,29,24,0,24,0
2020-09-22,Mono,51,14174,168,149,1,150,1
2020-09-22,Monterey,53,433212,9754,9393,25,9418,67
2020-09-22,Napa,55,140530,1712,1652,5,1657,11
2020-09-22,Nevada,57,99092,541,523,14,537,6
2020-09-22,Orange,59,3164182,54196,51528,1439,52967,1132
2020-09-22,Placer,61,380077,3604,3492,13,3505,40
2020-09-22,Plumas,63,18699,49,48,0,48,0
2020-09-22,Riverside,65,2383286,58295,57066,141,57207,1162
2020-09-22,Sacramento,67,1510023,22348,21745,18,21763,410
2020-09-22,San Benito,69,59416,1330,1305,0,1305,10
2020-09-22,San Bernardino,71,2135413,53723,51899,59,51958,971
2020-09-22,San Diego,73,3302833,46932,45149,0,45149,765
2020-09-22,San Francisco,75,870044,11170,10893,27,10920,95
2020-09-22,San Joaquin,77,732212,20111,19755,55,19810,426
2020-09-22,San Luis Obispo,79,281455,3621,3420,14,3434,31
2020-09-22,San Mateo,81,765935,10065,9291,6,9297,127
2020-09-22,Santa Barbara,83,443738,9478,8927,63,8990,111
2020-09-22,Santa Clara,85,1922200,21526,20514,24,20538,253
2020-09-22,Santa Cruz,87,273765,2385,2264,30,2294,8
2020-09-22,Shasta,89,179085,989,723,4,727,14
2020-09-22,Sierra,91,2930,6,6,0,6,0
2020-09-22,Siskiyou,93,43540,154,149,10,159,0
2020-09-22,Solano,95,438530,6263,6107,41,6148,48
2020-09-22,Sonoma,97,501317,7460,7068,19,7087,117
2020-09-22,Stanislaus,99,539301,16402,16231,528,16759,316
2020-09-22,Sutter,101,95872,1669,1638,1,1639,10
2020-09-22,Tehama,103,63373,567,529,1,530,2
2020-09-22,Trinity,105,12862,26,15,5,20,0
2020-09-22,Tulare,107,460477,16068,15616,120,15736,263
2020-09-22,Tuolumne,109,53932,231,224,2,226,1
2020-09-22,Ventura,111,848112,13003,12507,148,12655,136
2020-09-22,Yolo,113,214977,2801,2763,6,2769,54
2020-09-22,Yuba,115,75493,1071,1035,5,1040,5
2020-09-21,Alameda,1,1643700,21130,20501,178,20679,343
2020-09-21,Alpine,3,1148,3,2,0,2,0
2020-09-21,Amador,5,37829,291,286,0,286,16
2020-09-21,Butte,7,227075,2866,2769,18,2787,41
2020-09-21,Calaveras,9,45235,307,256,0,256,10
2020-09-21,Colusa,11,21464,528,517,0,517,6
2020-09-21,Contra Costa,13,1133247,16829,16008,83,16091,189
2020-09-21,Del Norte,15,27424,136,132,0,132,2
2020-09-21,El Dorado,17,186661,1142,1074,1,1075,4
2020-09-21,Fresno,19,978130,30114,27843,349,28192,362
2020-09-21,Glenn,21,27897,577,556,0,556,3
2020-09-21,Humboldt,23,135768,494,473,0,473,5
2020-09-21,Imperial,25,180216,11766,10521,7,10528,284
2020-09-21,Inyo,27,18085,187,177,0,177,12
2020-09-21,Kern,29,883053,31713,31031,314,31345,379
2020-09-21,Kings,31,150075,7564,7297,37,7334,76
2020-09-21,Lake,33,64148,555,508,0,508,8
2020-09-21,Lassen,35,31185,743,735,1,736,0
2020-09-21,Los Angeles,37,10098052,264850,261418,1841,263259,6360
2020-09-21,Madera,39,155013,4490,4275,26,4301,47
2020-09-21,Marin,41,260295,6667,6538,16,6554,84
2020-09-21,Mariposa,43,17540,76,74,0,74,2
2020-09-21,Mendocino,45,87422,844,778,0,778,18
2020-09-21,Merced,47,269075,8824,8749,14,8763,128
2020-09-21,Modoc,49,8938,29,22,0,22,0
2020-09-21,Mono,51,14174,168,147,1,148,1
2020-09-21,Monterey,53,433212,9690,9331,22,9353,66
2020-09-21,Napa,55,140530,1701,1641,5,1646,11
2020-09-21,Nevada,57,99092,539,515,14,529,6
2020-09-21,Orange,59,3164182,53977,51363,1432,52795,1110
2020-09-21,Placer,61,380077,3594,3473,13,3486,40
2020-09-21,Plumas,63,18699,49,47,0,47,0
2020-09-21,Riverside,65,2383286,58022,57001,133,57134,1153
2020-09-21,Sacramento,67,1510023,22166,21568,18,21586,404
2020-09-21,San Benito,69,59416,1328,1298,0,1298,10
2020-09-21,San Bernardino,71,2135413,53438,51654,59,51713,970
2020-09-21,San Diego,73,3302833,46649,44927,0,44927,760
2020-09-21,San Francisco,75,870044,11122,10743,27,10770,95
2020-09-21,San Joaquin,77,732212,20053,19579,55,19634,423
2020-09-21,San Luis Obispo,79,281455,3594,3406,14,3420,27
2020-09-21,San Mateo,81,765935,10013,9239,6,9245,127
2020-09-21,Santa Barbara,83,443738,9450,8911,63,8974,110
2020-09-21,Santa Clara,85,1922200,21425,20432,24,20456,252
2020-09-21,Santa Cruz,87,273765,2368,2257,28,2285,8
2020-09-21,Shasta,89,179085,939,696,4,700,14
2020-09-21,Sierra,91,2930,6,6,0,6,0
2020-09-21,Siskiyou,93,43540,154,146,10,156,0
2020-09-21,Solano,95,438530,6239,6019,41,6060,46
2020-09-21,Sonoma,97,501317,7384,7017,19,7036,117
2020-09-21,Stanislaus,99,539301,16372,16186,528,16714,310
2020-09-21,Sutter,101,95872,1662,1634,1,1635,10
2020-09-21,Tehama,103,63373,548,513,1,514,2
2020-09-21,Trinity,105,12862,26,15,5,20,0
2020-09-21,Tulare,107,460477,15994,15528,111,15639,260
2020-09-21,Tuolumne,109,53932,231,221,2,223,1
2020-09-21,Ventura,111,848112,12921,12477,142,12619,133
2020-09-21,Yolo,113,214977,2795,2752,6,2758,54
2020-09-21,Yuba,115,75493,1067,1033,5,1038,1
2020-09-20,Alameda,1,1643700,21030,20425,175,20600,343
2020-09-20,Alpine,3,1148,3,2,0,2,0
2020-09-20,Amador,5,37829,290,286,0,286,16
2020-09-20,Butte,7,227075,2854,2764,18,2782,39
2020-09-20,Calaveras,9,45235,303,256,0,256,10
2020-09-20,Colusa,11,21464,526,510,0,510,6
2020-09-20,Contra Costa,13,1133247,16695,15917,82,15999,189
2020-09-20,Del Norte,15,27424,134,132,0,132,2
2020-09-20,El Dorado,17,186661,1127,1073,1,1074,4
2020-09-20,Fresno,19,978130,30000,27769,343,28112,362
2020-09-20,Glenn,21,27897,573,550,0,550,3
2020-09-20,Humboldt,23,135768,494,472,0,472,5
2020-09-20,Imperial,25,180216,11739,10496,6,10502,284
2020-09-20,Inyo,27,18085,187,177,0,177,12
2020-09-20,Kern,29,883053,31630,30992,311,31303,379
2020-09-20,Kings,31,150075,7517,7159,36,7195,76
2020-09-20,Lake,33,64148,543,492,0,492,8
2020-09-20,Lassen,35,31185,743,735,1,736,0
2020-09-20,Los Angeles,37,10098052,263618,260770,1812,262582,6347
2020-09-20,Madera,39,155013,4471,4257,26,4283,47
2020-09-20,Marin,41,260295,6642,6533,16,6549,83
2020-09-20,Mariposa,43,17540,76,74,0,74,2
2020-09-20,Mendocino,45,87422,832,765,0,765,18
2020-09-20,Merced,47,269075,8797,8745,14,8759,128
2020-09-20,Modoc,49,8938,27,22,0,22,0
2020-09-20,Mono,51,14174,167,147,1,148,1
2020-09-20,Monterey,53,433212,9612,9312,22,9334,65
2020-09-20,Napa,55,140530,1692,1626,5,1631,11
2020-09-20,Nevada,57,99092,536,511,14,525,6
2020-09-20,Orange,59,3164182,53739,51233,1420,52653,1110
2020-09-20,Placer,61,380077,3579,3452,13,3465,40
2020-09-20,Plumas,63,18699,49,47,0,47,0
2020-09-20,Riverside,65,2383286,57828,56783,127,56910,1147
2020-09-20,Sacramento,67,1510023,21979,21394,17,21411,401
2020-09-20,San Benito,69,59416,1317,1291,0,1291,9
2020-09-20,San Bernardino,71,2135413,53118,51559,57,51616,970
2020-09-20,San Diego,73,3302833,46276,44579,0,44579,760
2020-09-20,San Francisco,75,870044,11068,10743,27,10770,95
2020-09-20,San Joaquin,77,732212,19989,19578,47,19625,423
2020-09-20,San Luis Obispo,79,281455,3566,3393,14,3407,27
2020-09-20,San Mateo,81,765935,9946,9198,6,9204,127
2020-09-20,Santa Barbara,83,443738,9416,8880,62,8942,110
2020-09-20,Santa Clara,85,1922200,21305,20330,23,20353,252
2020-09-20,Santa Cruz,87,273765,2348,2199,28,2227,8
2020-09-20,Shasta,89,179085,898,696,3,699,14
2020-09-20,Sierra,91,2930,6,6,0,6,0
2020-09-20,Siskiyou,93,43540,154,146,10,156,0
2020-09-20,Solano,95,438530,6195,6020,41,6061,46
2020-09-20,Sonoma,97,501317,7280,6954,19,6973,117
2020-09-20,Stanislaus,99,539301,16341,16159,521,16680,310
2020-09-20,Sutter,101,95872,1656,1624,1,1625,10
2020-09-20,Tehama,103,63373,535,509,1,510,2
2020-09-20,Trinity,105,12862,26,15,5,20,0
2020-09-20,Tulare,107,460477,15911,15528,105,15633,260
2020-09-20,Tuolumne,109,53932,231,221,2,223,1
2020-09-20,Ventura,111,848112,12857,12406,138,12544,133
2020-09-20,Yolo,113,214977,2787,2745,6,2751,54
2020-09-20,Yuba,115,75493,1060,1029,5,1034,1
2020-09-19,Alameda,1,1643700,20979,20349,172,20521,343
2020-09-19,Alpine,3,1148,3,2,0,2,0
2020-09-19,Amador,5,37829,290,285,0,285,16
2020-09-19,Butte,7,227075,2848,2748,18,2766,38
2020-09-19,Calaveras,9,45235,303,256,0,256,10
2020-09-19,Colusa,11,21464,526,507,0,507,6
2020-09-19,Contra Costa,13,1133247,16632,15783,82,15865,186
2020-09-19,Del Norte,15,27424,133,132,0,132,2
2020-09-19,El Dorado,17,186661,1121,1068,0,1068,4
2020-09-19,Fresno,19,978130,29927,27668,343,28011,362
2020-09-19,Glenn,21,27897,570,547,0,547,3
2020-09-19,Humboldt,23,135768,493,471,0,471,5
2020-09-19,Imperial,25,180216,11724,10496,6,10502,284
2020-09-19,Inyo,27,18085,187,177,0,177,12
2020-09-19,Kern,29,883053,31576,30886,308,31194,379
2020-09-19,Kings,31,150075,7511,7130,36,7166,76
2020-09-19,Lake,33,64148,543,465,0,465,8
2020-09-19,Lassen,35,31185,743,731,1,732,0
2020-09-19,Los Angeles,37,10098052,262995,259801,1796,261597,6325
2020-09-19,Madera,39,155013,4448,4237,26,4263,47
2020-09-19,Marin,41,260295,6635,6513,15,6528,81
2020-09-19,Mariposa,43,17540,76,74,0,74,2
2020-09-19,Mendocino,45,87422,829,750,0,750,18
2020-09-19,Merced,47,269075,8786,8717,13,8730,128
2020-09-19,Modoc,49,8938,27,22,0,22,0
2020-09-19,Mono,51,14174,167,147,1,148,1
2020-09-19,Monterey,53,433212,9570,9237,22,9259,65
2020-09-19,Napa,55,140530,1684,1614,5,1619,11
2020-09-19,Nevada,57,99092,534,505,14,519,6
2020-09-19,Orange,59,3164182,53610,50999,1413,52412,1105
2020-09-19,Placer,61,380077,3571,3412,13,3425,40
2020-09-19,Plumas,63,18699,49,47,0,47,0
2020-09-19,Riverside,65,2383286,57707,56562,126,56688,1147
2020-09-19,Sacramento,67,1510023,21925,21297,17,21314,396
2020-09-19,San Benito,69,59416,1313,1276,0,1276,9
2020-09-19,San Bernardino,71,2135413,52962,51353,55,51408,971
2020-09-19,San Diego,73,3302833,46049,44295,0,44295,773
2020-09-19,San Francisco,75,870044,11035,10741,27,10768,95
2020-09-19,San Joaquin,77,732212,19952,19580,47,19627,424
2020-09-19,San Luis Obispo,79,281455,3545,3369,14,3383,27
2020-09-19,San Mateo,81,765935,9915,9158,6,9164,127
2020-09-19,Santa Barbara,83,443738,9395,8862,62,8924,106
2020-09-19,Santa Clara,85,1922200,21216,20170,23,20193,251
2020-09-19,Santa Cruz,87,273765,2334,2198,28,2226,8
2020-09-19,Shasta,89,179085,871,687,3,690,14
2020-09-19,Sierra,91,2930,6,6,0,6,0
2020-09-19,Siskiyou,93,43540,154,146,10,156,0
2020-09-19,Solano,95,438530,6179,5998,41,6039,46
2020-09-19,Sonoma,97,501317,7246,6905,19,6924,117
2020-09-19,Stanislaus,99,539301,16301,16109,514,16623,313
2020-09-19,Sutter,101,95872,1655,1602,1,1603,10
2020-09-19,Tehama,103,63373,530,498,1,499,2
2020-09-19,Trinity,105,12862,26,15,5,20,0
2020-09-19,Tulare,107,460477,15862,15485,102,15587,260
2020-09-19,Tuolumne,109,53932,231,217,2,219,1
2020-09-19,Ventura,111,848112,12825,12328,138,12466,133
2020-09-19,Yolo,113,214977,2779,2739,6,2745,54
2020-09-19,Yuba,115,75493,1053,1023,5,1028,1
2020-09-18,Alameda,1,1643700,20914,20222,166,20388,341
2020-09-18,Alpine,3,1148,3,2,0,2,0
2020-09-18,Amador,5,37829,290,285,0,285,16
2020-09-18,Butte,7,227075,2846,2738,18,2756,37
2020-09-18,Calaveras,9,45235,303,255,0,255,9
2020-09-18,Colusa,11,21464,526,504,0,504,6
2020-09-18,Contra Costa,13,1133247,16547,15667,82,15749,185
2020-09-18,Del Norte,15,27424,133,131,0,131,2
2020-09-18,El Dorado,17,186661,1108,1063,0,1063,4
2020-09-18,Fresno,19,978130,29863,27560,343,27903,359
2020-09-18,Glenn,21,27897,567,541,0,541,3
2020-09-18,Humboldt,23,135768,490,470,0,470,5
2020-09-18,Imperial,25,180216,11709,10460,6,10466,283
2020-09-18,Inyo,27,18085,187,177,0,177,12
2020-09-18,Kern,29,883053,31518,30742,305,31047,373
2020-09-18,Kings,31,150075,7501,7062,36,7098,74
2020-09-18,Lake,33,64148,537,458,0,458,8
2020-09-18,Lassen,35,31185,742,731,1,732,0
2020-09-18,Los Angeles,37,10098052,262221,258488,1776,260264,6324
2020-09-18,Madera,39,155013,4436,4211,26,4237,45
2020-09-18,Marin,41,260295,6620,6475,15,6490,81
2020-09-18,Mariposa,43,17540,76,74,0,74,2
2020-09-18,Mendocino,45,87422,821,739,0,739,18
2020-09-18,Merced,47,269075,8774,8691,12,8703,127
2020-09-18,Modoc,49,8938,27,22,0,22,0
2020-09-18,Mono,51,14174,165,147,1,148,1
2020-09-18,Monterey,53,433212,9530,9183,22,9205,64
2020-09-18,Napa,55,140530,1678,1604,5,1609,11
2020-09-18,Nevada,57,99092,531,504,14,518,6
2020-09-18,Orange,59,3164182,53463,50733,1401,52134,1107
2020-09-18,Placer,61,380077,3560,3389,13,3402,40
2020-09-18,Plumas,63,18699,49,45,0,45,0
2020-09-18,Riverside,65,2383286,57587,56248,122,56370,1143
2020-09-18,Sacramento,67,1510023,21840,21105,17,21122,391
2020-09-18,San Benito,69,59416,1305,1257,0,1257,8
2020-09-18,San Bernardino,71,2135413,52819,51106,54,51160,970
2020-09-18,San Diego,73,3302833,45799,44009,0,44009,757
2020-09-18,San Francisco,75,870044,10997,10644,26,10670,95
2020-09-18,San Joaquin,77,732212,19909,19531,45,19576,423
2020-09-18,San Luis Obispo,79,281455,3521,3328,14,3342,27
2020-09-18,San Mateo,81,765935,9875,9062,6,9068,127
2020-09-18,Santa Barbara,83,443738,9373,8824,62,8886,107
2020-09-18,Santa Clara,85,1922200,21119,20058,23,20081,252
2020-09-18,Santa Cruz,87,273765,2313,2180,27,2207,8
2020-09-18,Shasta,89,179085,836,668,3,671,14
2020-09-18,Sierra,91,2930,6,6,0,6,0
2020-09-18,Siskiyou,93,43540,153,146,10,156,0
2020-09-18,Solano,95,438530,6163,5961,41,6002,46
2020-09-18,Sonoma,97,501317,7199,6856,19,6875,114
2020-09-18,Stanislaus,99,539301,16273,16042,508,16550,277
2020-09-18,Sutter,101,95872,1647,1586,1,1587,10
2020-09-18,Tehama,103,63373,530,490,1,491,2
2020-09-18,Trinity,105,12862,26,15,4,19,0
2020-09-18,Tulare,107,460477,15829,15435,98,15533,259
2020-09-18,Tuolumne,109,53932,230,216,2,218,1
2020-09-18,Ventura,111,848112,12764,12236,134,12370,133
2020-09-18,Yolo,113,214977,2773,2732,6,2738,54
2020-09-18,Yuba,115,75493,1049,1020,5,1025,1
2020-09-17,Alameda,1,1643700,20816,20146,166,20312,339
2020-09-17,Alpine,3,1148,3,2,0,2,0
2020-09-17,Amador,5,37829,288,284,0,284,16
2020-09-17,Butte,7,227075,2828,2720,18,2738,38
2020-09-17,Calaveras,9,45235,303,254,0,254,9
2020-09-17,Colusa,11,21464,524,499,0,499,6
2020-09-17,Contra Costa,13,1133247,16457,15576,82,15658,184
2020-09-17,Del Norte,15,27424,133,131,0,131,2
2020-09-17,El Dorado,17,186661,1099,1057,0,1057,4
2020-09-17,Fresno,19,978130,29754,27487,338,27825,355
2020-09-17,Glenn,21,27897,566,541,0,541,3
2020-09-17,Humboldt,23,135768,484,466,0,466,5
2020-09-17,Imperial,25,180216,11692,10436,6,10442,281
2020-09-17,Inyo,27,18085,187,176,0,176,12
2020-09-17,Kern,29,883053,31457,30627,298,30925,372
2020-09-17,Kings,31,150075,7430,7015,36,7051,72
2020-09-17,Lake,33,64148,527,433,0,433,8
2020-09-17,Lassen,35,31185,740,731,1,732,0
2020-09-17,Los Angeles,37,10098052,261280,257246,1761,259007,6318
2020-09-17,Madera,39,155013,4402,4152,26,4178,45
2020-09-17,Marin,41,260295,6599,6457,15,6472,81
2020-09-17,Mariposa,43,17540,75,74,0,74,2
2020-09-17,Mendocino,45,87422,810,737,0,737,18
2020-09-17,Merced,47,269075,8755,8671,12,8683,119
2020-09-17,Modoc,49,8938,27,22,0,22,0
2020-09-17,Mono,51,14174,165,147,1,148,1
2020-09-17,Monterey,53,433212,9468,9113,21,9134,62
2020-09-17,Napa,55,140530,1667,1592,5,1597,11
2020-09-17,Nevada,57,99092,529,494,14,508,6
2020-09-17,Orange,59,3164182,53284,50537,1387,51924,1098
2020-09-17,Placer,61,380077,3540,3368,13,3381,40
2020-09-17,Plumas,63,18699,49,45,0,45,0
2020-09-17,Riverside,65,2383286,57363,56007,119,56126,1134
2020-09-17,Sacramento,67,1510023,21608,20895,17,20912,385
2020-09-17,San Benito,69,59416,1302,1252,0,1252,8
2020-09-17,San Bernardino,71,2135413,52618,50770,54,50824,904
2020-09-17,San Diego,73,3302833,45521,43621,0,43621,754
2020-09-17,San Francisco,75,870044,10903,10564,26,10590,95
2020-09-17,San Joaquin,77,732212,19850,19439,45,19484,416
2020-09-17,San Luis Obispo,79,281455,3494,3299,14,3313,27
2020-09-17,San Mateo,81,765935,9833,8984,6,8990,127
2020-09-17,Santa Barbara,83,443738,9349,8779,62,8841,107
2020-09-17,Santa Clara,85,1922200,21004,19825,23,19848,254
2020-09-17,Santa Cruz,87,273765,2297,2155,27,2182,7
2020-09-17,Shasta,89,179085,797,660,3,663,12
2020-09-17,Sierra,91,2930,6,6,0,6,0
2020-09-17,Siskiyou,93,43540,153,146,10,156,0
2020-09-17,Solano,95,438530,6140,5915,41,5956,44
2020-09-17,Sonoma,97,501317,7135,6754,19,6773,114
2020-09-17,Stanislaus,99,539301,16240,15984,504,16488,277
2020-09-17,Sutter,101,95872,1642,1572,1,1573,10
2020-09-17,Tehama,103,63373,516,487,1,488,2
2020-09-17,Trinity,105,12862,26,15,4,19,0
2020-09-17,Tulare,107,460477,15776,15344,96,15440,258
2020-09-17,Tuolumne,109,53932,229,214,2,216,1
2020-09-17,Ventura,111,848112,12679,12167,130,12297,130
2020-09-17,Yolo,113,214977,2764,2724,6,2730,53
2020-09-17,Yuba,115,75493,1045,1015,5,1020,1
2020-09-16,Alameda,1,1643700,20720,20009,164,20173,333
2020-09-16,Alpine,3,1148,3,2,0,2,0
2020-09-16,Amador,5,37829,288,284,0,284,16
2020-09-16,Butte,7,227075,2818,2704,18,2722,38
2020-09-16,Calaveras,9,45235,303,254,0,254,9
2020-09-16,Colusa,11,21464,522,497,0,497,6
2020-09-16,Contra Costa,13,1133247,16371,15473,82,15555,183
2020-09-16,Del Norte,15,27424,133,131,0,131,2
2020-09-16,El Dorado,17,186661,1091,1049,0,1049,4
2020-09-16,Fresno,19,978130,29649,27381,336,27717,343
2020-09-16,Glenn,21,27897,564,539,0,539,3
2020-09-16,Humboldt,23,135768,483,455,0,455,4
2020-09-16,Imperial,25,180216,11669,10401,6,10407,277
2020-09-16,Inyo,27,18085,186,176,0,176,12
2020-09-16,Kern,29,883053,31398,30570,297,30867,371
2020-09-16,Kings,31,150075,7405,7002,34,7036,71
2020-09-16,Lake,33,64148,516,417,0,417,6
2020-09-16,Lassen,35,31185,739,730,1,731,0
2020-09-16,Los Angeles,37,10098052,260283,256101,1742,257843,6299
2020-09-16,Madera,39,155013,4379,4138,26,4164,45
2020-09-16,Marin,41,260295,6572,6430,15,6445,77
2020-09-16,Mariposa,43,17540,75,74,0,74,2
2020-09-16,Mendocino,45,87422,801,727,0,727,18
2020-09-16,Merced,47,269075,8734,8646,12,8658,118
2020-09-16,Modoc,49,8938,27,22,0,22,0
2020-09-16,Mono,51,14174,165,147,1,148,1
2020-09-16,Monterey,53,433212,9414,8997,21,9018,62
2020-09-16,Napa,55,140530,1653,1587,5,1592,11
2020-09-16,Nevada,57,99092,524,495,13,508,6
2020-09-16,Orange,59,3164182,53084,50414,1378,51792,1096
2020-09-16,Placer,61,380077,3522,3351,13,3364,39
2020-09-16,Plumas,63,18699,49,45,0,45,0
2020-09-16,Riverside,65,2383286,57170,55811,111,55922,1127
2020-09-16,Sacramento,67,1510023,21513,20610,17,20627,377
2020-09-16,San Benito,69,59416,1294,1244,0,1244,8
2020-09-16,San Bernardino,71,2135413,52393,50509,54,50563,907
2020-09-16,San Diego,73,3302833,45231,43447,0,43447,748
2020-09-16,San Francisco,75,870044,10856,10502,26,10528,90
2020-09-16,San Joaquin,77,732212,19796,19377,44,19421,409
2020-09-16,San Luis Obispo,79,281455,3465,3285,14,3299,28
2020-09-16,San Mateo,81,765935,9768,8944,6,8950,127
2020-09-16,Santa Barbara,83,443738,9317,8764,62,8826,107
2020-09-16,Santa Clara,85,1922200,20885,19684,23,19707,253
2020-09-16,Santa Cruz,87,273765,2256,2089,26,2115,7
2020-09-16,Shasta,89,179085,771,635,3,638,11
2020-09-16,Sierra,91,2930,6,6,0,6,0
2020-09-16,Siskiyou,93,43540,152,145,10,155,0
2020-09-16,Solano,95,438530,6111,5899,41,5940,44
2020-09-16,Sonoma,97,501317,7074,6731,19,6750,104
2020-09-16,Stanislaus,99,539301,16193,15897,496,16393,263
2020-09-16,Sutter,101,95872,1629,1567,1,1568,10
2020-09-16,Tehama,103,63373,508,485,1,486,2
2020-09-16,Trinity,105,12862,26,15,4,19,0
2020-09-16,Tulare,107,460477,15734,15314,88,15402,258
2020-09-16,Tuolumne,109,53932,228,210,2,212,1
2020-09-16,Ventura,111,848112,12611,12073,129,12202,130
2020-09-16,Yolo,113,214977,2757,2709,6,2715,53
2020-09-16,Yuba,115,75493,1043,1000,5,1005,1
2020-09-15,Alameda,1,1643700,20614,19931,161,20092,327
2020-09-15,Alpine,3,1148,3,2,0,2,0
2020-09-15,Amador,5,37829,287,282,0,282,16
2020-09-15,Butte,7,227075,2805,2695,16,2711,38
2020-09-15,Calaveras,9,45235,303,248,0,248,5
2020-09-15,Colusa,11,21464,516,497,0,497,6
2020-09-15,Contra Costa,13,1133247,16268,15423,81,15504,180
2020-09-15,Del Norte,15,27424,133,129,0,129,2
2020-09-15,El Dorado,17,186661,1086,1046,0,1046,4
2020-09-15,Fresno,19,978130,29543,27312,331,27643,343
2020-09-15,Glenn,21,27897,563,531,0,531,3
2020-09-15,Humboldt,23,135768,481,456,0,456,4
2020-09-15,Imperial,25,180216,11644,10376,6,10382,277
2020-09-15,Inyo,27,18085,186,176,0,176,12
2020-09-15,Kern,29,883053,31286,30429,294,30723,368
2020-09-15,Kings,31,150075,7247,6977,34,7011,70
2020-09-15,Lake,33,64148,502,416,0,416,4
2020-09-15,Lassen,35,31185,735,719,1,720,0
2020-09-15,Los Angeles,37,10098052,259169,255048,1717,256765,6269
2020-09-15,Madera,39,155013,4360,4122,26,4148,45
2020-09-15,Marin,41,260295,6541,6423,15,6438,77
2020-09-15,Mariposa,43,17540,75,74,0,74,2
2020-09-15,Mendocino,45,87422,783,724,0,724,18
2020-09-15,Merced,47,269075,8704,8633,12,8645,114
2020-09-15,Modoc,49,8938,26,21,0,21,0
2020-09-15,Mono,51,14174,165,147,1,148,1
2020-09-15,Monterey,53,433212,9365,8943,21,8964,62
2020-09-15,Napa,55,140530,1639,1580,5,1585,11
2020-09-15,Nevada,57,99092,519,494,13,507,6
2020-09-15,Orange,59,3164182,52902,50294,1363,51657,1088
2020-09-15,Placer,61,380077,3498,3331,13,3344,38
2020-09-15,Plumas,63,18699,49,44,0,44,0
2020-09-15,Riverside,65,2383286,56879,55569,101,55670,1118
2020-09-15,Sacramento,67,1510023,21370,20487,17,20504,372
2020-09-15,San Benito,69,59416,1287,1237,0,1237,7
2020-09-15,San Bernardino,71,2135413,52178,50333,53,50386,904
2020-09-15,San Diego,73,3302833,44913,43183,0,43183,742
2020-09-15,San Francisco,75,870044,10798,10414,26,10440,90
2020-09-15,San Joaquin,77,732212,19744,19313,44,19357,401
2020-09-15,San Luis Obispo,79,281455,3444,3262,14,3276,28
2020-09-15,San Mateo,81,765935,9698,8895,6,8901,127
2020-09-15,Santa Barbara,83,443738,9292,8724,61,8785,104
2020-09-15,Santa Clara,85,1922200,20749,19610,23,19633,252
2020-09-15,Santa Cruz,87,273765,2230,2079,25,2104,7
2020-09-15,Shasta,89,179085,759,627,3,630,11
2020-09-15,Sierra,91,2930,6,6,0,6,0
2020-09-15,Siskiyou,93,43540,152,143,10,153,0
2020-09-15,Solano,95,438530,6077,5878,41,5919,45
2020-09-15,Sonoma,97,501317,7035,6701,19,6720,104
2020-09-15,Stanislaus,99,539301,16145,15880,494,16374,260
2020-09-15,Sutter,101,95872,1617,1556,1,1557,10
2020-09-15,Tehama,103,63373,496,484,1,485,2
2020-09-15,Trinity,105,12862,26,15,4,19,0
2020-09-15,Tulare,107,460477,15657,15203,86,15289,254
2020-09-15,Tuolumne,109,53932,228,209,2,211,1
2020-09-15,Ventura,111,848112,12559,11932,128,12060,128
2020-09-15,Yolo,113,214977,2753,2708,6,2714,53
2020-09-15,Yuba,115,75493,1037,991,4,995,1
2020-09-14,Alameda,1,1643700,20487,19851,160,20011,306
2020-09-14,Alpine,3,1148,3,2,0,2,0
2020-09-14,Amador,5,37829,285,281,0,281,16
2020-09-14,Butte,7,227075,2788,2642,16,2658,37
2020-09-14,Calaveras,9,45235,303,244,0,244,3
2020-09-14,Colusa,11,21464,515,486,0,486,6
2020-09-14,Contra Costa,13,1133247,16143,15354,80,15434,174
2020-09-14,Del Norte,15,27424,130,116,0,116,2
2020-09-14,El Dorado,17,186661,1082,1039,0,1039,3
2020-09-14,Fresno,19,978130,29458,27232,328,27560,344
2020-09-14,Glenn,21,27897,555,521,0,521,3
2020-09-14,Humboldt,23,135768,478,437,0,437,4
2020-09-14,Imperial,25,180216,11624,10340,6,10346,273
2020-09-14,Inyo,27,18085,186,176,0,176,12
2020-09-14,Kern,29,883053,31200,30344,291,30635,368
2020-09-14,Kings,31,150075,7165,6950,34,6984,70
2020-09-14,Lake,33,64148,482,407,0,407,4
2020-09-14,Lassen,35,31185,735,719,1,720,0
2020-09-14,Los Angeles,37,10098052,258137,254622,1688,256310,6226
2020-09-14,Madera,39,155013,4346,4104,26,4130,45
2020-09-14,Marin,41,260295,6520,6409,15,6424,70
2020-09-14,Mariposa,43,17540,75,74,0,74,2
2020-09-14,Mendocino,45,87422,766,710,0,710,17
2020-09-14,Merced,47,269075,8685,8593,12,8605,112
2020-09-14,Modoc,49,8938,26,21,0,21,0
2020-09-14,Mono,51,14174,165,147,1,148,1
2020-09-14,Monterey,53,433212,9294,8845,20,8865,61
2020-09-14,Napa,55,140530,1622,1576,5,1581,11
2020-09-14,Nevada,57,99092,514,489,13,502,6
2020-09-14,Orange,59,3164182,52743,50149,1347,51496,1079
2020-09-14,Placer,61,380077,3477,3302,13,3315,38
2020-09-14,Plumas,63,18699,48,42,0,42,0
2020-09-14,Riverside,65,2383286,56660,55488,95,55583,1113
2020-09-14,Sacramento,67,1510023,21177,20377,16,20393,367
2020-09-14,San Benito,69,59416,1272,1233,0,1233,7
2020-09-14,San Bernardino,71,2135413,51956,50163,52,50215,895
2020-09-14,San Diego,73,3302833,44602,42889,0,42889,734
2020-09-14,San Francisco,75,870044,10732,10255,24,10279,90
2020-09-14,San Joaquin,77,732212,19670,19111,43,19154,397
2020-09-14,San Luis Obispo,79,281455,3419,3248,14,3262,25
2020-09-14,San Mateo,81,765935,9636,8847,6,8853,127
2020-09-14,Santa Barbara,83,443738,9266,8692,61,8753,104
2020-09-14,Santa Clara,85,1922200,20561,19545,23,19568,247
2020-09-14,Santa Cruz,87,273765,2210,2016,22,2038,7
2020-09-14,Shasta,89,179085,737,584,3,587,10
2020-09-14,Sierra,91,2930,6,6,0,6,0
2020-09-14,Siskiyou,93,43540,151,143,10,153,0
2020-09-14,Solano,95,438530,6042,5834,41,5875,44
2020-09-14,Sonoma,97,501317,6972,6630,19,6649,102
2020-09-14,Stanislaus,99,539301,16100,15812,491,16303,253
2020-09-14,Sutter,101,95872,1606,1549,1,1550,10
2020-09-14,Tehama,103,63373,493,475,1,476,1
2020-09-14,Trinity,105,12862,25,14,4,18,0
2020-09-14,Tulare,107,460477,15588,15096,80,15176,254
2020-09-14,Tuolumne,109,53932,227,208,2,210,1
2020-09-14,Ventura,111,848112,12458,11903,125,12028,125
2020-09-14,Yolo,113,214977,2742,2687,6,2693,53
2020-09-14,Yuba,115,75493,1029,977,4,981,1
2020-09-13,Alameda,1,1643700,20381,19815,157,19972,306
2020-09-13,Alpine,3,1148,3,2,0,2,0
2020-09-13,Amador,5,37829,282,279,0,279,16
2020-09-13,Butte,7,227075,2766,2640,16,2656,37
2020-09-13,Calaveras,9,45235,302,246,0,246,3
2020-09-13,Colusa,11,21464,511,486,0,486,6
2020-09-13,Contra Costa,13,1133247,16038,15284,79,15363,172
2020-09-13,Del Norte,15,27424,127,116,0,116,1
2020-09-13,El Dorado,17,186661,1077,1035,0,1035,2
2020-09-13,Fresno,19,978130,29351,27196,320,27516,345
2020-09-13,Glenn,21,27897,551,517,0,517,3
2020-09-13,Humboldt,23,135768,478,434,0,434,4
2020-09-13,Imperial,25,180216,11587,10304,6,10310,273
2020-09-13,Inyo,27,18085,186,176,0,176,12
2020-09-13,Kern,29,883053,31107,30277,285,30562,368
2020-09-13,Kings,31,150075,7146,6937,34,6971,70
2020-09-13,Lake,33,64148,463,397,0,397,4
2020-09-13,Lassen,35,31185,732,719,1,720,0
2020-09-13,Los Angeles,37,10098052,256989,253950,1671,255621,6203
2020-09-13,Madera,39,155013,4289,4090,26,4116,45
2020-09-13,Marin,41,260295,6499,6395,15,6410,70
2020-09-13,Mariposa,43,17540,75,74,0,74,2
2020-09-13,Mendocino,45,87422,759,707,0,707,17
2020-09-13,Merced,47,269075,8652,8575,12,8587,112
2020-09-13,Modoc,49,8938,26,21,0,21,0
2020-09-13,Mono,51,14174,165,147,1,148,1
2020-09-13,Monterey,53,433212,9212,8826,19,8845,61
2020-09-13,Napa,55,140530,1615,1563,5,1568,11
2020-09-13,Nevada,57,99092,506,486,13,499,6
2020-09-13,Orange,59,3164182,52530,50061,1340,51401,1075
2020-09-13,Placer,61,380077,3447,3291,13,3304,38
2020-09-13,Plumas,63,18699,48,42,0,42,0
2020-09-13,Riverside,65,2383286,56453,55235,84,55319,1108
2020-09-13,Sacramento,67,1510023,20830,20279,16,20295,367
2020-09-13,San Benito,69,59416,1264,1217,0,1217,7
2020-09-13,San Bernardino,71,2135413,51670,49968,52,50020,895
2020-09-13,San Diego,73,3302833,44278,42681,0,42681,734
2020-09-13,San Francisco,75,870044,10654,10254,24,10278,90
2020-09-13,San Joaquin,77,732212,19598,19110,42,19152,396
2020-09-13,San Luis Obispo,79,281455,3383,3240,14,3254,24
2020-09-13,San Mateo,81,765935,9575,8811,6,8817,127
2020-09-13,Santa Barbara,83,443738,9229,8690,61,8751,104
2020-09-13,Santa Clara,85,1922200,20426,19456,22,19478,245
2020-09-13,Santa Cruz,87,273765,2177,2016,20,2036,7
2020-09-13,Shasta,89,179085,725,583,3,586,10
2020-09-13,Sierra,91,2930,6,6,0,6,0
2020-09-13,Siskiyou,93,43540,151,143,9,152,0
2020-09-13,Solano,95,438530,5996,5810,41,5851,43
2020-09-13,Sonoma,97,501317,6908,6592,19,6611,95
2020-09-13,Stanislaus,99,539301,16037,15759,479,16238,253
2020-09-13,Sutter,101,95872,1594,1539,1,1540,10
2020-09-13,Tehama,103,63373,489,476,1,477,1
2020-09-13,Trinity,105,12862,25,14,4,18,0
2020-09-13,Tulare,107,460477,15516,15098,79,15177,254
2020-09-13,Tuolumne,109,53932,224,208,2,210,1
2020-09-13,Ventura,111,848112,12353,11855,124,11979,123
2020-09-13,Yolo,113,214977,2730,2675,6,2681,53
2020-09-13,Yuba,115,75493,1024,967,4,971,1
2020-09-12,Alameda,1,1643700,20322,19758,157,19915,307
2020-09-12,Alpine,3,1148,3,2,0,2,0
2020-09-12,Amador,5,37829,281,278,0,278,16
2020-09-12,Butte,7,227075,2759,2629,15,2644,37
2020-09-12,Calaveras,9,45235,300,246,0,246,3
2020-09-12,Colusa,11,21464,507,486,0,486,6
2020-09-12,Contra Costa,13,1133247,15965,15135,78,15213,174
2020-09-12,Del Norte,15,27424,126,116,0,116,1
2020-09-12,El Dorado,17,186661,1070,1034,0,1034,2
2020-09-12,Fresno,19,978130,29282,27076,319,27395,345
2020-09-12,Glenn,21,27897,550,517,0,517,3
2020-09-12,Humboldt,23,135768,477,430,0,430,4
2020-09-12,Imperial,25,180216,11575,10305,6,10311,273
2020-09-12,Inyo,27,18085,186,177,0,177,12
2020-09-12,Kern,29,883053,31041,30202,285,30487,368
2020-09-12,Kings,31,150075,7136,6895,34,6929,70
2020-09-12,Lake,33,64148,457,393,0,393,4
2020-09-12,Lassen,35,31185,732,719,1,720,0
2020-09-12,Los Angeles,37,10098052,256430,253156,1650,254806,6193
2020-09-12,Madera,39,155013,4278,4058,26,4084,43
2020-09-12,Marin,41,260295,6490,6393,15,6408,69
2020-09-12,Mariposa,43,17540,75,72,0,72,2
2020-09-12,Mendocino,45,87422,756,700,0,700,17
2020-09-12,Merced,47,269075,8643,8533,12,8545,112
2020-09-12,Modoc,49,8938,25,21,0,21,0
2020-09-12,Mono,51,14174,165,147,1,148,1
2020-09-12,Monterey,53,433212,9176,8743,19,8762,61
2020-09-12,Napa,55,140530,1612,1556,5,1561,11
2020-09-12,Nevada,57,99092,505,482,13,495,6
2020-09-12,Orange,59,3164182,52417,49895,1336,51231,1078
2020-09-12,Placer,61,380077,3430,3280,13,3293,38
2020-09-12,Plumas,63,18699,48,42,0,42,0
2020-09-12,Riverside,65,2383286,56326,55058,79,55137,1108
2020-09-12,Sacramento,67,1510023,20762,20184,16,20200,367
2020-09-12,San Benito,69,59416,1261,1208,0,1208,7
2020-09-12,San Bernardino,71,2135413,51579,49945,51,49996,896
2020-09-12,San Diego,73,3302833,44084,42416,0,42416,747
2020-09-12,San Francisco,75,870044,10609,10257,24,10281,90
2020-09-12,San Joaquin,77,732212,19570,19108,42,19150,396
2020-09-12,San Luis Obispo,79,281455,3357,3220,14,3234,24
2020-09-12,San Mateo,81,765935,9530,8759,6,8765,127
2020-09-12,Santa Barbara,83,443738,9214,8642,61,8703,104
2020-09-12,Santa Clara,85,1922200,20342,19330,22,19352,237
2020-09-12,Santa Cruz,87,273765,2165,2016,20,2036,7
2020-09-12,Shasta,89,179085,713,569,3,572,10
2020-09-12,Sierra,91,2930,6,6,0,6,0
2020-09-12,Siskiyou,93,43540,151,141,9,150,0
2020-09-12,Solano,95,438530,5972,5772,41,5813,43
2020-09-12,Sonoma,97,501317,6884,6531,19,6550,95
2020-09-12,Stanislaus,99,539301,16005,15675,476,16151,253
2020-09-12,Sutter,101,95872,1588,1529,1,1530,10
2020-09-12,Tehama,103,63373,486,471,1,472,1
2020-09-12,Trinity,105,12862,25,15,4,19,0
2020-09-12,Tulare,107,460477,15471,15018,78,15096,254
2020-09-12,Tuolumne,109,53932,224,208,2,210,1
2020-09-12,Ventura,111,848112,12302,11759,122,11881,123
2020-09-12,Yolo,113,214977,2723,2646,6,2652,53
2020-09-12,Yuba,115,75493,1020,963,4,967,1
2020-09-11,Alameda,1,1643700,20266,19625,156,19781,298
2020-09-11,Alpine,3,1148,3,2,0,2,0
2020-09-11,Amador,5,37829,281,277,0,277,16
2020-09-11,Butte,7,227075,2748,2605,15,2620,37
2020-09-11,Calaveras,9,45235,299,242,0,242,1
2020-09-11,Colusa,11,21464,506,484,0,484,6
2020-09-11,Contra Costa,13,1133247,15912,15001,75,15076,173
2020-09-11,Del Norte,15,27424,126,115,0,115,1
2020-09-11,El Dorado,17,186661,1067,1024,0,1024,2
2020-09-11,Fresno,19,978130,29202,26917,318,27235,344
2020-09-11,Glenn,21,27897,545,515,0,515,3
2020-09-11,Humboldt,23,135768,475,426,0,426,4
2020-09-11,Imperial,25,180216,11557,10286,6,10292,273
2020-09-11,Inyo,27,18085,186,176,0,176,12
2020-09-11,Kern,29,883053,30974,30059,284,30343,365
2020-09-11,Kings,31,150075,7119,6770,34,6804,70
2020-09-11,Lake,33,64148,450,382,0,382,4
2020-09-11,Lassen,35,31185,732,719,1,720,0
2020-09-11,Los Angeles,37,10098052,255749,252057,1639,253696,6172
2020-09-11,Madera,39,155013,4259,4018,26,4044,43
2020-09-11,Marin,41,260295,6487,6364,15,6379,69
2020-09-11,Mariposa,43,17540,75,72,0,72,2
2020-09-11,Mendocino,45,87422,745,700,0,700,17
2020-09-11,Merced,47,269075,8622,8489,12,8501,109
2020-09-11,Modoc,49,8938,25,21,0,21,0
2020-09-11,Mono,51,14174,165,145,1,146,1
2020-09-11,Monterey,53,433212,9128,8595,19,8614,61
2020-09-11,Napa,55,140530,1601,1543,5,1548,11
2020-09-11,Nevada,57,99092,498,483,13,496,6
2020-09-11,Orange,59,3164182,52290,49755,1323,51078,1068
2020-09-11,Placer,61,380077,3415,3254,13,3267,37
2020-09-11,Plumas,63,18699,48,42,0,42,0
2020-09-11,Riverside,65,2383286,56193,54717,76,54793,1099
2020-09-11,Sacramento,67,1510023,20675,20012,16,20028,358
2020-09-11,San Benito,69,59416,1251,1202,0,1202,7
2020-09-11,San Bernardino,71,2135413,51479,49682,51,49733,871
2020-09-11,San Diego,73,3302833,43864,41971,0,41971,730
2020-09-11,San Francisco,75,870044,10560,10133,23,10156,89
2020-09-11,San Joaquin,77,732212,19523,19019,42,19061,391
2020-09-11,San Luis Obispo,79,281455,3339,3190,14,3204,24
2020-09-11,San Mateo,81,765935,9488,8611,6,8617,127
2020-09-11,Santa Barbara,83,443738,9180,8592,60,8652,103
2020-09-11,Santa Clara,85,1922200,20252,19065,22,19087,234
2020-09-11,Santa Cruz,87,273765,2148,1997,20,2017,7
2020-09-11,Shasta,89,179085,703,568,3,571,10
2020-09-11,Sierra,91,2930,6,6,0,6,0
2020-09-11,Siskiyou,93,43540,150,139,9,148,0
2020-09-11,Solano,95,438530,5955,5742,41,5783,42
2020-09-11,Sonoma,97,501317,6839,6469,19,6488,91
2020-09-11,Stanislaus,99,539301,15967,15613,473,16086,253
2020-09-11,Sutter,101,95872,1578,1505,1,1506,11
2020-09-11,Tehama,103,63373,483,466,1,467,1
2020-09-11,Trinity,105,12862,25,16,4,20,0
2020-09-11,Tulare,107,460477,15440,14932,76,15008,251
2020-09-11,Tuolumne,109,53932,224,208,2,210,1
2020-09-11,Ventura,111,848112,12248,11700,120,11820,123
2020-09-11,Yolo,113,214977,2712,2632,6,2638,53
2020-09-11,Yuba,115,75493,1012,946,4,950,1
2020-09-10,Alameda,1,1643700,20192,19509,156,19665,292
2020-09-10,Alpine,3,1148,3,2,0,2,0
2020-09-10,Amador,5,37829,280,277,0,277,16
2020-09-10,Butte,7,227075,2731,2590,15,2605,37
2020-09-10,Calaveras,9,45235,299,244,0,244,1
2020-09-10,Colusa,11,21464,504,482,0,482,6
2020-09-10,Contra Costa,13,1133247,15842,14909,75,14984,172
2020-09-10,Del Norte,15,27424,125,112,0,112,1
2020-09-10,El Dorado,17,186661,1064,1020,0,1020,2
2020-09-10,Fresno,19,978130,29081,26783,318,27101,338
2020-09-10,Glenn,21,27897,535,511,0,511,3
2020-09-10,Humboldt,23,135768,464,422,0,422,4
2020-09-10,Imperial,25,180216,11541,10251,6,10257,270
2020-09-10,Inyo,27,18085,185,176,0,176,11
2020-09-10,Kern,29,883053,30893,29988,280,30268,363
2020-09-10,Kings,31,150075,7089,6739,34,6773,70
2020-09-10,Lake,33,64148,443,377,0,377,4
2020-09-10,Lassen,35,31185,731,716,1,717,0
2020-09-10,Los Angeles,37,10098052,254770,251003,1617,252620,6132
2020-09-10,Madera,39,155013,4241,3979,26,4005,43
2020-09-10,Marin,41,260295,6476,6344,15,6359,68
2020-09-10,Mariposa,43,17540,75,72,0,72,2
2020-09-10,Mendocino,45,87422,735,697,0,697,16
2020-09-10,Merced,47,269075,8576,8461,12,8473,109
2020-09-10,Modoc,49,8938,25,21,0,21,0
2020-09-10,Mono,51,14174,165,145,1,146,1
2020-09-10,Monterey,53,433212,9058,8570,19,8589,59
2020-09-10,Napa,55,140530,1595,1536,5,1541,11
2020-09-10,Nevada,57,99092,494,478,13,491,6
2020-09-10,Orange,59,3164182,52127,49617,1316,50933,1057
2020-09-10,Placer,61,380077,3396,3233,13,3246,37
2020-09-10,Plumas,63,18699,48,42,0,42,0
2020-09-10,Riverside,65,2383286,55875,54417,73,54490,1091
2020-09-10,Sacramento,67,1510023,20555,19618,14,19632,354
2020-09-10,San Benito,69,59416,1245,1201,0,1201,5
2020-09-10,San Bernardino,71,2135413,51290,49467,50,49517,867
2020-09-10,San Diego,73,3302833,43598,41610,0,41610,725
2020-09-10,San Francisco,75,870044,10483,10082,23,10105,89
2020-09-10,San Joaquin,77,732212,19470,18854,42,18896,389
2020-09-10,San Luis Obispo,79,281455,3326,3161,14,3175,24
2020-09-10,San Mateo,81,765935,9442,8529,6,8535,125
2020-09-10,Santa Barbara,83,443738,9136,8552,60,8612,100
2020-09-10,Santa Clara,85,1922200,20138,18870,22,18892,231
2020-09-10,Santa Cruz,87,273765,2133,1986,18,2004,7
2020-09-10,Shasta,89,179085,692,566,3,569,10
2020-09-10,Sierra,91,2930,6,6,0,6,0
2020-09-10,Siskiyou,93,43540,150,137,9,146,0
2020-09-10,Solano,95,438530,5915,5696,41,5737,42
2020-09-10,Sonoma,97,501317,6790,6424,19,6443,91
2020-09-10,Stanislaus,99,539301,15913,15509,468,15977,243
2020-09-10,Sutter,101,95872,1566,1494,1,1495,11
2020-09-10,Tehama,103,63373,476,466,1,467,1
2020-09-10,Trinity,105,12862,25,15,4,19,0
2020-09-10,Tulare,107,460477,15385,14860,73,14933,250
2020-09-10,Tuolumne,109,53932,223,205,2,207,1
2020-09-10,Ventura,111,848112,12156,11600,113,11713,122
2020-09-10,Yolo,113,214977,2707,2612,6,2618,53
2020-09-10,Yuba,115,75493,1006,941,4,945,1
2020-09-09,Alameda,1,1643700,20114,19399,155,19554,289
2020-09-09,Alpine,3,1148,3,2,0,2,0
2020-09-09,Amador,5,37829,279,276,0,276,16
2020-09-09,Butte,7,227075,2714,2561,15,2576,37
2020-09-09,Calaveras,9,45235,299,242,0,242,1
2020-09-09,Colusa,11,21464,499,479,0,479,6
2020-09-09,Contra Costa,13,1133247,15756,14816,75,14891,171
2020-09-09,Del Norte,15,27424,121,109,0,109,1
2020-09-09,El Dorado,17,186661,1063,1020,0,1020,2
2020-09-09,Fresno,19,978130,28978,26724,313,27037,329
2020-09-09,Glenn,21,27897,532,508,0,508,3
2020-09-09,Humboldt,23,135768,462,420,0,420,4
2020-09-09,Imperial,25,180216,11520,10233,6,10239,268
2020-09-09,Inyo,27,18085,184,173,0,173,2
2020-09-09,Kern,29,883053,30796,29925,277,30202,355
2020-09-09,Kings,31,150075,7071,6721,34,6755,72
2020-09-09,Lake,33,64148,435,371,0,371,4
2020-09-09,Lassen,35,31185,730,714,1,715,0
2020-09-09,Los Angeles,37,10098052,253888,249876,1598,251474,6091
2020-09-09,Madera,39,155013,4216,3926,26,3952,43
2020-09-09,Marin,41,260295,6457,6321,15,6336,68
2020-09-09,Mariposa,43,17540,74,72,0,72,2
2020-09-09,Mendocino,45,87422,727,695,0,695,16
2020-09-09,Merced,47,269075,8550,8441,12,8453,107
2020-09-09,Modoc,49,8938,24,20,0,20,0
2020-09-09,Mono,51,14174,165,145,1,146,1
2020-09-09,Monterey,53,433212,8986,8527,19,8546,59
2020-09-09,Napa,55,140530,1585,1531,5,1536,11
2020-09-09,Nevada,57,99092,490,476,13,489,6
2020-09-09,Orange,59,3164182,51948,49394,1308,50702,1054
2020-09-09,Placer,61,380077,3377,3222,13,3235,36
2020-09-09,Plumas,63,18699,46,42,0,42,0
2020-09-09,Riverside,65,2383286,55645,54320,70,54390,1081
2020-09-09,Sacramento,67,1510023,20449,19474,14,19488,347
2020-09-09,San Benito,69,59416,1241,1199,0,1199,5
2020-09-09,San Bernardino,71,2135413,51092,49264,50,49314,866
2020-09-09,San Diego,73,3302833,43309,41326,0,41326,721
2020-09-09,San Francisco,75,870044,10433,9996,22,10018,86
2020-09-09,San Joaquin,77,732212,19406,18799,41,18840,388
2020-09-09,San Luis Obispo,79,281455,3308,3131,14,3145,24
2020-09-09,San Mateo,81,765935,9381,8478,6,8484,125
2020-09-09,Santa Barbara,83,443738,9093,8528,60,8588,97
2020-09-09,Santa Clara,85,1922200,20007,18759,22,18781,228
2020-09-09,Santa Cruz,87,273765,2110,1967,18,1985,7
2020-09-09,Shasta,89,179085,680,562,3,565,10
2020-09-09,Sierra,91,2930,6,6,0,6,0
2020-09-09,Siskiyou,93,43540,148,137,9,146,0
2020-09-09,Solano,95,438530,5883,5680,41,5721,36
2020-09-09,Sonoma,97,501317,6723,6397,19,6416,92
2020-09-09,Stanislaus,99,539301,15875,15469,455,15924,243
2020-09-09,Sutter,101,95872,1558,1487,1,1488,11
2020-09-09,Tehama,103,63373,473,462,1,463,1
2020-09-09,Trinity,105,12862,25,14,4,18,0
2020-09-09,Tulare,107,460477,15335,14787,68,14855,249
2020-09-09,Tuolumne,109,53932,222,204,2,206,1
2020-09-09,Ventura,111,848112,12068,11497,110,11607,121
2020-09-09,Yolo,113,214977,2696,2604,6,2610,53
2020-09-09,Yuba,115,75493,1001,936,4,940,1
2020-09-08,Alameda,1,1643700,20007,19293,155,19448,288
2020-09-08,Alpine,3,1148,3,2,0,2,0
2020-09-08,Amador,5,37829,279,276,0,276,16
2020-09-08,Butte,7,227075,2696,2453,15,2468,36
2020-09-08,Calaveras,9,45235,297,233,0,233,1
2020-09-08,Colusa,11,21464,497,475,0,475,6
2020-09-08,Contra Costa,13,1133247,15628,14740,72,14812,171
2020-09-08,Del Norte,15,27424,121,109,0,109,2
2020-09-08,El Dorado,17,186661,1060,1011,0,1011,2
2020-09-08,Fresno,19,978130,28859,26640,309,26949,329
2020-09-08,Glenn,21,27897,528,492,0,492,3
2020-09-08,Humboldt,23,135768,460,420,0,420,4
2020-09-08,Imperial,25,180216,11504,10198,6,10204,267
2020-09-08,Inyo,27,18085,184,169,0,169,2
2020-09-08,Kern,29,883053,30711,29850,275,30125,351
2020-09-08,Kings,31,150075,7033,6658,34,6692,72
2020-09-08,Lake,33,64148,425,370,0,370,4
2020-09-08,Lassen,35,31185,730,710,1,711,0
2020-09-08,Los Angeles,37,10098052,252953,249217,1570,250787,6034
2020-09-08,Madera,39,155013,4192,3904,26,3930,43
2020-09-08,Marin,41,260295,6426,6313,15,6328,68
2020-09-08,Mariposa,43,17540,74,72,0,72,2
2020-09-08,Mendocino,45,87422,720,690,0,690,16
2020-09-08,Merced,47,269075,8527,8381,12,8393,104
2020-09-08,Modoc,49,8938,24,20,0,20,0
2020-09-08,Mono,51,14174,165,145,1,146,1
2020-09-08,Monterey,53,433212,8901,8491,19,8510,59
2020-09-08,Napa,55,140530,1581,1518,5,1523,11
2020-09-08,Nevada,57,99092,490,470,13,483,6
2020-09-08,Orange,59,3164182,51807,49214,1304,50518,1044
2020-09-08,Placer,61,380077,3363,3205,13,3218,36
2020-09-08,Plumas,63,18699,46,42,0,42,0
2020-09-08,Riverside,65,2383286,55433,54168,67,54235,1069
2020-09-08,Sacramento,67,1510023,20214,19411,14,19425,347
2020-09-08,San Benito,69,59416,1234,1188,0,1188,5
2020-09-08,San Bernardino,71,2135413,50903,49034,49,49083,856
2020-09-08,San Diego,73,3302833,42993,41079,0,41079,709
2020-09-08,San Francisco,75,870044,10360,9821,22,9843,86
2020-09-08,San Joaquin,77,732212,19328,18550,41,18591,388
2020-09-08,San Luis Obispo,79,281455,3294,3120,14,3134,23
2020-09-08,San Mateo,81,765935,9305,8460,6,8466,125
2020-09-08,Santa Barbara,83,443738,9059,8488,59,8547,96
2020-09-08,Santa Clara,85,1922200,19831,18645,22,18667,228
2020-09-08,Santa Cruz,87,273765,2082,1903,18,1921,7
2020-09-08,Shasta,89,179085,672,556,3,559,10
2020-09-08,Sierra,91,2930,6,6,0,6,0
2020-09-08,Siskiyou,93,43540,146,136,9,145,0
2020-09-08,Solano,95,438530,5846,5654,41,5695,36
2020-09-08,Sonoma,97,501317,6654,6356,19,6375,92
2020-09-08,Stanislaus,99,539301,15811,15415,443,15858,238
2020-09-08,Sutter,101,95872,1544,1473,1,1474,11
2020-09-08,Tehama,103,63373,469,458,1,459,1
2020-09-08,Trinity,105,12862,24,13,4,17,0
2020-09-08,Tulare,107,460477,15255,14635,67,14702,249
2020-09-08,Tuolumne,109,53932,221,197,2,199,1
2020-09-08,Ventura,111,848112,12000,11475,108,11583,118
2020-09-08,Yolo,113,214977,2686,2580,6,2586,53
2020-09-08,Yuba,115,75493,989,923,4,927,1
2020-09-07,Alameda,1,1643700,19885,19188,150,19338,281
2020-09-07,Alpine,3,1148,3,2,0,2,0
2020-09-07,Amador,5,37829,279,276,0,276,16
2020-09-07,Butte,7,227075,2663,2450,14,2464,30
2020-09-07,Calaveras,9,45235,287,234,0,234,1
2020-09-07,Colusa,11,21464,496,475,0,475,6
2020-09-07,Contra Costa,13,1133247,15515,14637,69,14706,172
2020-09-07,Del Norte,15,27424,121,109,0,109,2
2020-09-07,El Dorado,17,186661,1049,1011,0,1011,2
2020-09-07,Fresno,19,978130,28766,26565,305,26870,329
2020-09-07,Glenn,21,27897,523,488,0,488,3
2020-09-07,Humboldt,23,135768,451,416,0,416,4
2020-09-07,Imperial,25,180216,11473,10199,6,10205,267
2020-09-07,Inyo,27,18085,184,169,0,169,2
2020-09-07,Kern,29,883053,30590,29790,271,30061,348
2020-09-07,Kings,31,150075,6909,6630,34,6664,72
2020-09-07,Lake,33,64148,402,367,0,367,2
2020-09-07,Lassen,35,31185,729,709,1,710,0
2020-09-07,Los Angeles,37,10098052,251908,248804,1547,250351,6030
2020-09-07,Madera,39,155013,4161,3889,26,3915,43
2020-09-07,Marin,41,260295,6396,6296,15,6311,67
2020-09-07,Mariposa,43,17540,74,72,0,72,2
2020-09-07,Mendocino,45,87422,712,687,0,687,16
2020-09-07,Merced,47,269075,8480,8381,12,8393,104
2020-09-07,Modoc,49,8938,23,20,0,20,0
2020-09-07,Mono,51,14174,165,145,1,146,1
2020-09-07,Monterey,53,433212,8821,8463,19,8482,57
2020-09-07,Napa,55,140530,1569,1514,5,1519,11
2020-09-07,Nevada,57,99092,488,469,13,482,6
2020-09-07,Orange,59,3164182,51637,49132,1300,50432,1042
2020-09-07,Placer,61,380077,3332,3188,12,3200,36
2020-09-07,Plumas,63,18699,45,42,0,42,0
2020-09-07,Riverside,65,2383286,55158,54178,61,54239,1069
2020-09-07,Sacramento,67,1510023,19972,19292,14,19306,345
2020-09-07,San Benito,69,59416,1228,1180,0,1180,4
2020-09-07,San Bernardino,71,2135413,50679,49043,49,49092,821
2020-09-07,San Diego,73,3302833,42593,40868,0,40868,708
2020-09-07,San Francisco,75,870044,10309,9813,21,9834,85
2020-09-07,San Joaquin,77,732212,19247,18552,39,18591,386
2020-09-07,San Luis Obispo,79,281455,3257,3116,14,3130,23
2020-09-07,San Mateo,81,765935,9223,8409,6,8415,125
2020-09-07,Santa Barbara,83,443738,9017,8479,59,8538,95
2020-09-07,Santa Clara,85,1922200,19673,18596,21,18617,226
2020-09-07,Santa Cruz,87,273765,2054,1902,18,1920,7
2020-09-07,Shasta,89,179085,662,556,3,559,10
2020-09-07,Sierra,91,2930,6,6,0,6,0
2020-09-07,Siskiyou,93,43540,145,133,9,142,0
2020-09-07,Solano,95,438530,5781,5640,41,5681,36
2020-09-07,Sonoma,97,501317,6587,6268,19,6287,85
2020-09-07,Stanislaus,99,539301,15746,15343,430,15773,236
2020-09-07,Sutter,101,95872,1527,1468,1,1469,11
2020-09-07,Tehama,103,63373,466,453,1,454,1
2020-09-07,Trinity,105,12862,24,13,4,17,0
2020-09-07,Tulare,107,460477,15149,14637,65,14702,249
2020-09-07,Tuolumne,109,53932,220,196,2,198,1
2020-09-07,Ventura,111,848112,11907,11463,106,11569,118
2020-09-07,Yolo,113,214977,2669,2565,5,2570,53
2020-09-07,Yuba,115,75493,973,923,3,926,1
2020-09-06,Alameda,1,1643700,19827,19029,148,19177,281
2020-09-06,Alpine,3,1148,3,2,0,2,0
2020-09-06,Amador,5,37829,277,275,0,275,16
2020-09-06,Butte,7,227075,2654,2446,14,2460,30
2020-09-06,Calaveras,9,45235,287,235,0,235,1
2020-09-06,Colusa,11,21464,492,475,0,475,6
2020-09-06,Contra Costa,13,1133247,15435,14565,68,14633,171
2020-09-06,Del Norte,15,27424,121,109,0,109,2
2020-09-06,El Dorado,17,186661,1047,1008,0,1008,2
2020-09-06,Fresno,19,978130,28702,26471,305,26776,329
2020-09-06,Glenn,21,27897,517,474,0,474,3
2020-09-06,Humboldt,23,135768,448,404,0,404,4
2020-09-06,Imperial,25,180216,11456,10152,6,10158,267
2020-09-06,Inyo,27,18085,184,169,0,169,2
2020-09-06,Kern,29,883053,30535,29699,267,29966,348
2020-09-06,Kings,31,150075,6889,6561,33,6594,72
2020-09-06,Lake,33,64148,399,362,0,362,2
2020-09-06,Lassen,35,31185,729,709,1,710,0
2020-09-06,Los Angeles,37,10098052,251280,248316,1531,249847,6004
2020-09-06,Madera,39,155013,4117,3867,26,3893,42
2020-09-06,Marin,41,260295,6384,6276,15,6291,67
2020-09-06,Mariposa,43,17540,74,72,0,72,2
2020-09-06,Mendocino,45,87422,711,672,0,672,16
2020-09-06,Merced,47,269075,8461,8327,12,8339,104
2020-09-06,Modoc,49,8938,23,20,0,20,0
2020-09-06,Mono,51,14174,164,145,1,146,1
2020-09-06,Monterey,53,433212,8782,8403,18,8421,56
2020-09-06,Napa,55,140530,1565,1501,3,1504,11
2020-09-06,Nevada,57,99092,488,467,13,480,6
2020-09-06,Orange,59,3164182,51525,48931,1295,50226,1042
2020-09-06,Placer,61,380077,3315,3169,12,3181,36
2020-09-06,Plumas,63,18699,44,42,0,42,0
2020-09-06,Riverside,65,2383286,55041,53970,59,54029,1069
2020-09-06,Sacramento,67,1510023,19877,19128,14,19142,340
2020-09-06,San Benito,69,59416,1226,1178,0,1178,4
2020-09-06,San Bernardino,71,2135413,50570,48923,49,48972,823
2020-09-06,San Diego,73,3302833,42345,40652,0,40652,707
2020-09-06,San Francisco,75,870044,10234,9813,21,9834,85
2020-09-06,San Joaquin,77,732212,19198,18558,39,18597,386
2020-09-06,San Luis Obispo,79,281455,3246,3101,14,3115,23
2020-09-06,San Mateo,81,765935,9170,8387,6,8393,125
2020-09-06,Santa Barbara,83,443738,8988,8434,59,8493,95
2020-09-06,Santa Clara,85,1922200,19572,18495,21,18516,207
2020-09-06,Santa Cruz,87,273765,2047,1902,18,1920,7
2020-09-06,Shasta,89,179085,656,550,3,553,10
2020-09-06,Sierra,91,2930,6,6,0,6,0
2020-09-06,Siskiyou,93,43540,145,132,9,141,0
2020-09-06,Solano,95,438530,5755,5619,41,5660,37
2020-09-06,Sonoma,97,501317,6558,6212,19,6231,85
2020-09-06,Stanislaus,99,539301,15703,15288,425,15713,236
2020-09-06,Sutter,101,95872,1514,1451,1,1452,11
2020-09-06,Tehama,103,63373,465,455,1,456,1
2020-09-06,Trinity,105,12862,23,13,4,17,0
2020-09-06,Tulare,107,460477,15106,14636,64,14700,249
2020-09-06,Tuolumne,109,53932,217,194,2,196,1
2020-09-06,Ventura,111,848112,11865,11315,105,11420,118
2020-09-06,Yolo,113,214977,2656,2556,5,2561,53
2020-09-06,Yuba,115,75493,965,913,3,916,1
2020-09-05,Alameda,1,1643700,19780,18973,146,19119,279
2020-09-05,Alpine,3,1148,3,2,0,2,0
2020-09-05,Amador,5,37829,277,274,0,274,16
2020-09-05,Butte,7,227075,2638,2406,13,2419,30
2020-09-05,Calaveras,9,45235,287,237,0,237,1
2020-09-05,Colusa,11,21464,488,472,0,472,6
2020-09-05,Contra Costa,13,1133247,15359,14456,66,14522,173
2020-09-05,Del Norte,15,27424,121,109,0,109,2
2020-09-05,El Dorado,17,186661,1047,1007,0,1007,2
2020-09-05,Fresno,19,978130,28634,26325,305,26630,331
2020-09-05,Glenn,21,27897,516,474,0,474,3
2020-09-05,Humboldt,23,135768,446,402,0,402,4
2020-09-05,Imperial,25,180216,11439,10151,6,10157,268
2020-09-05,Inyo,27,18085,184,169,0,169,2
2020-09-05,Kern,29,883053,30475,29645,263,29908,347
2020-09-05,Kings,31,150075,6880,6518,33,6551,66
2020-09-05,Lake,33,64148,396,359,0,359,2
2020-09-05,Lassen,35,31185,729,709,1,710,0
2020-09-05,Los Angeles,37,10098052,250746,247572,1518,249090,6001
2020-09-05,Madera,39,155013,4076,3851,26,3877,42
2020-09-05,Marin,41,260295,6377,6259,15,6274,66
2020-09-05,Mariposa,43,17540,74,72,0,72,2
2020-09-05,Mendocino,45,87422,710,658,0,658,16
2020-09-05,Merced,47,269075,8429,8297,10,8307,104
2020-09-05,Modoc,49,8938,23,19,0,19,0
2020-09-05,Mono,51,14174,164,145,1,146,1
2020-09-05,Monterey,53,433212,8752,8301,18,8319,56
2020-09-05,Napa,55,140530,1559,1484,3,1487,11
2020-09-05,Nevada,57,99092,485,461,13,474,6
2020-09-05,Orange,59,3164182,51422,48726,1290,50016,1039
2020-09-05,Placer,61,380077,3305,3141,12,3153,35
2020-09-05,Plumas,63,18699,44,42,0,42,0
2020-09-05,Riverside,65,2383286,54935,53780,59,53839,1066
2020-09-05,Sacramento,67,1510023,19788,18955,14,18969,339
2020-09-05,San Benito,69,59416,1224,1153,0,1153,4
2020-09-05,San Bernardino,71,2135413,50495,48800,48,48848,825
2020-09-05,San Diego,73,3302833,42153,40344,0,40344,717
2020-09-05,San Francisco,75,870044,10201,9812,20,9832,85
2020-09-05,San Joaquin,77,732212,19170,18557,39,18596,386
2020-09-05,San Luis Obispo,79,281455,3236,3083,14,3097,23
2020-09-05,San Mateo,81,765935,9125,8352,6,8358,124
2020-09-05,Santa Barbara,83,443738,8971,8404,59,8463,96
2020-09-05,Santa Clara,85,1922200,19488,18311,21,18332,207
2020-09-05,Santa Cruz,87,273765,2039,1904,18,1922,7
2020-09-05,Shasta,89,179085,655,544,3,547,10
2020-09-05,Sierra,91,2930,6,6,0,6,0
2020-09-05,Siskiyou,93,43540,144,131,9,140,0
2020-09-05,Solano,95,438530,5743,5579,41,5620,37
2020-09-05,Sonoma,97,501317,6525,6149,19,6168,85
2020-09-05,Stanislaus,99,539301,15655,15198,421,15619,236
2020-09-05,Sutter,101,95872,1507,1445,1,1446,11
2020-09-05,Tehama,103,63373,464,447,1,448,1
2020-09-05,Trinity,105,12862,23,13,4,17,0
2020-09-05,Tulare,107,460477,15050,14576,62,14638,249
2020-09-05,Tuolumne,109,53932,217,194,2,196,1
2020-09-05,Ventura,111,848112,11824,11254,105,11359,118
2020-09-05,Yolo,113,214977,2646,2534,5,2539,53
2020-09-05,Yuba,115,75493,959,902,3,905,1
2020-09-04,Alameda,1,1643700,19712,18843,144,18987,276
2020-09-04,Alpine,3,1148,3,2,0,2,0
2020-09-04,Amador,5,37829,276,274,0,274,16
2020-09-04,Butte,7,227075,2615,2325,13,2338,28
2020-09-04,Calaveras,9,45235,285,237,0,237,1
2020-09-04,Colusa,11,21464,486,467,0,467,6
2020-09-04,Contra Costa,13,1133247,15279,14355,65,14420,164
2020-09-04,Del Norte,15,27424,121,109,0,109,2
2020-09-04,El Dorado,17,186661,1043,992,0,992,2
2020-09-04,Fresno,19,978130,28529,26147,304,26451,321
2020-09-04,Glenn,21,27897,508,463,0,463,3
2020-09-04,Humboldt,23,135768,441,390,0,390,4
2020-09-04,Imperial,25,180216,11430,10136,6,10142,267
2020-09-04,Inyo,27,18085,184,169,0,169,2
2020-09-04,Kern,29,883053,30407,29526,260,29786,345
2020-09-04,Kings,31,150075,6867,6259,33,6292,66
2020-09-04,Lake,33,64148,396,347,0,347,2
2020-09-04,Lassen,35,31185,729,708,1,709,0
2020-09-04,Los Angeles,37,10098052,250175,246396,1497,247893,5977
2020-09-04,Madera,39,155013,4063,3838,26,3864,42
2020-09-04,Marin,41,260295,6365,6251,15,6266,66
2020-09-04,Mariposa,43,17540,74,72,0,72,2
2020-09-04,Mendocino,45,87422,708,646,0,646,16
2020-09-04,Merced,47,269075,8409,8214,10,8224,104
2020-09-04,Modoc,49,8938,23,15,0,15,0
2020-09-04,Mono,51,14174,164,145,1,146,1
2020-09-04,Monterey,53,433212,8707,8208,18,8226,56
2020-09-04,Napa,55,140530,1550,1475,3,1478,11
2020-09-04,Nevada,57,99092,482,455,13,468,6
2020-09-04,Orange,59,3164182,51298,48488,1283,49771,1031
2020-09-04,Placer,61,380077,3293,3101,12,3113,35
2020-09-04,Plumas,63,18699,44,42,0,42,0
2020-09-04,Riverside,65,2383286,54822,53606,54,53660,1066
2020-09-04,Sacramento,67,1510023,19699,18765,14,18779,337
2020-09-04,San Benito,69,59416,1215,1137,0,1137,4
2020-09-04,San Bernardino,71,2135413,50403,48497,48,48545,800
2020-09-04,San Diego,73,3302833,41923,39901,0,39901,701
2020-09-04,San Francisco,75,870044,10161,9694,19,9713,85
2020-09-04,San Joaquin,77,732212,19116,18438,39,18477,376
2020-09-04,San Luis Obispo,79,281455,3221,3049,13,3062,21
2020-09-04,San Mateo,81,765935,9081,8275,6,8281,122
2020-09-04,Santa Barbara,83,443738,8940,8340,59,8399,96
2020-09-04,Santa Clara,85,1922200,19380,18074,21,18095,209
2020-09-04,Santa Cruz,87,273765,2022,1896,17,1913,7
2020-09-04,Shasta,89,179085,652,536,3,539,10
2020-09-04,Sierra,91,2930,6,6,0,6,0
2020-09-04,Siskiyou,93,43540,144,129,9,138,0
2020-09-04,Solano,95,438530,5730,5552,41,5593,37
2020-09-04,Sonoma,97,501317,6460,6050,19,6069,85
2020-09-04,Stanislaus,99,539301,15620,15074,412,15486,233
2020-09-04,Sutter,101,95872,1491,1425,1,1426,11
2020-09-04,Tehama,103,63373,460,442,1,443,1
2020-09-04,Trinity,105,12862,23,13,4,17,0
2020-09-04,Tulare,107,460477,15022,14501,58,14559,247
2020-09-04,Tuolumne,109,53932,217,193,2,195,1
2020-09-04,Ventura,111,848112,11782,11171,105,11276,114
2020-09-04,Yolo,113,214977,2631,2495,5,2500,53
2020-09-04,Yuba,115,75493,954,884,3,887,1
2020-09-03,Alameda,1,1643700,19609,18687,144,18831,275
2020-09-03,Alpine,3,1148,3,2,0,2,0
2020-09-03,Amador,5,37829,276,274,0,274,16
2020-09-03,Butte,7,227075,2570,2274,13,2287,27
2020-09-03,Calaveras,9,45235,284,238,0,238,1
2020-09-03,Colusa,11,21464,484,464,0,464,6
2020-09-03,Contra Costa,13,1133247,15172,14206,62,14268,159
2020-09-03,Del Norte,15,27424,118,109,0,109,2
2020-09-03,El Dorado,17,186661,1039,983,0,983,2
2020-09-03,Fresno,19,978130,28411,25978,298,26276,313
2020-09-03,Glenn,21,27897,504,460,0,460,3
2020-09-03,Humboldt,23,135768,436,390,0,390,4
2020-09-03,Imperial,25,180216,11410,10083,6,10089,255
2020-09-03,Inyo,27,18085,182,171,0,171,3
2020-09-03,Kern,29,883053,30315,29426,245,29671,340
2020-09-03,Kings,31,150075,6787,6200,33,6233,64
2020-09-03,Lake,33,64148,387,347,0,347,2
2020-09-03,Lassen,35,31185,729,707,1,708,0
2020-09-03,Los Angeles,37,10098052,249299,245026,1475,246501,5931
2020-09-03,Madera,39,155013,4044,3780,26,3806,43
2020-09-03,Marin,41,260295,6346,6175,15,6190,66
2020-09-03,Mariposa,43,17540,74,71,0,71,2
2020-09-03,Mendocino,45,87422,699,638,0,638,16
2020-09-03,Merced,47,269075,8367,8136,10,8146,105
2020-09-03,Modoc,49,8938,23,14,0,14,0
2020-09-03,Mono,51,14174,163,144,1,145,1
2020-09-03,Monterey,53,433212,8653,8128,18,8146,56
2020-09-03,Napa,55,140530,1543,1466,3,1469,10
2020-09-03,Nevada,57,99092,479,453,13,466,6
2020-09-03,Orange,59,3164182,51112,48226,1267,49493,1009
2020-09-03,Placer,61,380077,3275,3069,12,3081,34
2020-09-03,Plumas,63,18699,44,39,0,39,0
2020-09-03,Riverside,65,2383286,54642,53341,49,53390,1052
2020-09-03,Sacramento,67,1510023,19571,18553,13,18566,328
2020-09-03,San Benito,69,59416,1204,1121,0,1121,4
2020-09-03,San Bernardino,71,2135413,50239,48165,48,48213,800
2020-09-03,San Diego,73,3302833,41608,39448,0,39448,700
2020-09-03,San Francisco,75,870044,10095,9636,17,9653,84
2020-09-03,San Joaquin,77,732212,19039,18331,39,18370,371
2020-09-03,San Luis Obispo,79,281455,3204,3023,13,3036,21
2020-09-03,San Mateo,81,765935,9007,8211,6,8217,122
2020-09-03,Santa Barbara,83,443738,8893,8277,59,8336,96
2020-09-03,Santa Clara,85,1922200,19200,17879,21,17900,208
2020-09-03,Santa Cruz,87,273765,2007,1870,17,1887,7
2020-09-03,Shasta,89,179085,647,535,3,538,10
2020-09-03,Sierra,91,2930,6,6,0,6,0
2020-09-03,Siskiyou,93,43540,144,128,9,137,0
2020-09-03,Solano,95,438530,5710,5499,40,5539,36
2020-09-03,Sonoma,97,501317,6398,5997,19,6016,62
2020-09-03,Stanislaus,99,539301,15568,14985,408,15393,217
2020-09-03,Sutter,101,95872,1481,1412,1,1413,11
2020-09-03,Tehama,103,63373,456,436,1,437,1
2020-09-03,Trinity,105,12862,22,13,4,17,0
2020-09-03,Tulare,107,460477,14956,14408,57,14465,244
2020-09-03,Tuolumne,109,53932,217,193,2,195,1
2020-09-03,Ventura,111,848112,11665,11109,102,11211,112
2020-09-03,Yolo,113,214977,2615,2475,5,2480,53
2020-09-03,Yuba,115,75493,947,867,3,870,1
2020-09-02,Alameda,1,1643700,19491,18522,141,18663,260
2020-09-02,Alpine,3,1148,3,2,0,2,0
2020-09-02,Amador,5,37829,276,245,0,245,14
2020-09-02,Butte,7,227075,2524,2241,13,2254,27
2020-09-02,Calaveras,9,45235,283,235,0,235,1
2020-09-02,Colusa,11,21464,480,460,0,460,6
2020-09-02,Contra Costa,13,1133247,15084,14097,59,14156,159
2020-09-02,Del Norte,15,27424,117,109,0,109,2
2020-09-02,El Dorado,17,186661,1035,975,0,975,2
2020-09-02,Fresno,19,978130,28264,25785,295,26080,292
2020-09-02,Glenn,21,27897,499,457,0,457,3
2020-09-02,Humboldt,23,135768,433,381,0,381,4
2020-09-02,Imperial,25,180216,11394,9832,6,9838,255
2020-09-02,Inyo,27,18085,182,171,0,171,3
2020-09-02,Kern,29,883053,30223,29288,239,29527,335
2020-09-02,Kings,31,150075,6702,6142,33,6175,64
2020-09-02,Lake,33,64148,383,342,0,342,2
2020-09-02,Lassen,35,31185,727,706,1,707,0
2020-09-02,Los Angeles,37,10098052,248357,243999,1448,245447,5887
2020-09-02,Madera,39,155013,4024,3735,26,3761,41
2020-09-02,Marin,41,260295,6331,6131,15,6146,66
2020-09-02,Mariposa,43,17540,74,71,0,71,2
2020-09-02,Mendocino,45,87422,689,636,0,636,15
2020-09-02,Merced,47,269075,8336,8097,9,8106,103
2020-09-02,Modoc,49,8938,22,11,0,11,0
2020-09-02,Mono,51,14174,163,145,1,146,1
2020-09-02,Monterey,53,433212,8589,8070,18,8088,56
2020-09-02,Napa,55,140530,1531,1454,3,1457,10
2020-09-02,Nevada,57,99092,473,452,12,464,6
2020-09-02,Orange,59,3164182,50930,47871,1258,49129,994
2020-09-02,Placer,61,380077,3250,3047,11,3058,33
2020-09-02,Plumas,63,18699,44,39,0,39,0
2020-09-02,Riverside,65,2383286,54440,52923,46,52969,1032
2020-09-02,Sacramento,67,1510023,19337,18355,13,18368,316
2020-09-02,San Benito,69,59416,1191,1107,0,1107,4
2020-09-02,San Bernardino,71,2135413,50076,47766,47,47813,794
2020-09-02,San Diego,73,3302833,41288,39123,0,39123,695
2020-09-02,San Francisco,75,870044,10026,9587,17,9604,84
2020-09-02,San Joaquin,77,732212,18958,18194,38,18232,352
2020-09-02,San Luis Obispo,79,281455,3178,3002,12,3014,21
2020-09-02,San Mateo,81,765935,8950,8148,6,8154,122
2020-09-02,Santa Barbara,83,443738,8838,8206,58,8264,94
2020-09-02,Santa Clara,85,1922200,19047,17673,21,17694,206
2020-09-02,Santa Cruz,87,273765,1984,1850,17,1867,7
2020-09-02,Shasta,89,179085,646,531,3,534,10
2020-09-02,Sierra,91,2930,6,6,0,6,0
2020-09-02,Siskiyou,93,43540,143,127,9,136,0
2020-09-02,Solano,95,438530,5682,5463,40,5503,36
2020-09-02,Sonoma,97,501317,6336,5846,19,5865,62
2020-09-02,Stanislaus,99,539301,15498,14854,401,15255,220
2020-09-02,Sutter,101,95872,1466,1401,1,1402,10
2020-09-02,Tehama,103,63373,453,429,1,430,1
2020-09-02,Trinity,105,12862,22,13,4,17,0
2020-09-02,Tulare,107,460477,14890,14298,56,14354,244
2020-09-02,Tuolumne,109,53932,217,190,2,192,1
2020-09-02,Ventura,111,848112,11578,11031,101,11132,111
2020-09-02,Yolo,113,214977,2594,2449,5,2454,54
2020-09-02,Yuba,115,75493,940,856,3,859,1
2020-09-01,Alameda,1,1643700,19352,18382,138,18520,248
2020-09-01,Alpine,3,1148,3,2,0,2,0
2020-09-01,Amador,5,37829,275,244,0,244,13
2020-09-01,Butte,7,227075,2468,2146,13,2159,26
2020-09-01,Calaveras,9,45235,275,228,0,228,1
2020-09-01,Colusa,11,21464,476,454,0,454,6
2020-09-01,Contra Costa,13,1133247,14990,13998,57,14055,158
2020-09-01,Del Norte,15,27424,116,108,0,108,2
2020-09-01,El Dorado,17,186661,1027,972,0,972,2
2020-09-01,Fresno,19,978130,28119,25542,292,25834,290
2020-09-01,Glenn,21,27897,492,449,0,449,3
2020-09-01,Humboldt,23,135768,427,378,0,378,4
2020-09-01,Imperial,25,180216,11368,9782,6,9788,250
2020-09-01,Inyo,27,18085,182,171,0,171,3
2020-09-01,Kern,29,883053,30133,29162,234,29396,332
2020-09-01,Kings,31,150075,6671,6088,33,6121,62
2020-09-01,Lake,33,64148,380,341,0,341,2
2020-09-01,Lassen,35,31185,724,706,1,707,0
2020-09-01,Los Angeles,37,10098052,247254,242633,1421,244054,5832
2020-09-01,Madera,39,155013,3995,3703,25,3728,41
2020-09-01,Marin,41,260295,6316,6102,15,6117,67
2020-09-01,Mariposa,43,17540,73,72,0,72,2
2020-09-01,Mendocino,45,87422,674,626,0,626,15
2020-09-01,Merced,47,269075,8283,8046,8,8054,103
2020-09-01,Modoc,49,8938,20,10,0,10,0
2020-09-01,Mono,51,14174,163,145,1,146,1
2020-09-01,Monterey,53,433212,8481,7926,18,7944,56
2020-09-01,Napa,55,140530,1516,1446,3,1449,10
2020-09-01,Nevada,57,99092,467,450,12,462,6
2020-09-01,Orange,59,3164182,50765,47671,1239,48910,976
2020-09-01,Placer,61,380077,3228,3013,11,3024,33
2020-09-01,Plumas,63,18699,44,39,0,39,0
2020-09-01,Riverside,65,2383286,54221,52785,45,52830,1027
2020-09-01,Sacramento,67,1510023,19153,18217,12,18229,305
2020-09-01,San Benito,69,59416,1179,1089,0,1089,4
2020-09-01,San Bernardino,71,2135413,49869,47371,47,47418,786
2020-09-01,San Diego,73,3302833,40930,38873,0,38873,688
2020-09-01,San Francisco,75,870044,9957,9492,17,9509,83
2020-09-01,San Joaquin,77,732212,18876,17915,37,17952,341
2020-09-01,San Luis Obispo,79,281455,3152,2970,12,2982,21
2020-09-01,San Mateo,81,765935,8871,8132,6,8138,122
2020-09-01,Santa Barbara,83,443738,8788,8142,57,8199,93
2020-09-01,Santa Clara,85,1922200,18869,17319,21,17340,204
2020-09-01,Santa Cruz,87,273765,1960,1752,17,1769,7
2020-09-01,Shasta,89,179085,638,527,3,530,9
2020-09-01,Sierra,91,2930,6,6,0,6,0
2020-09-01,Siskiyou,93,43540,140,128,8,136,0
2020-09-01,Solano,95,438530,5656,5438,40,5478,34
2020-09-01,Sonoma,97,501317,6246,5733,19,5752,60
2020-09-01,Stanislaus,99,539301,15424,14784,391,15175,212
2020-09-01,Sutter,101,95872,1455,1389,1,1390,10
2020-09-01,Tehama,103,63373,449,422,1,423,1
2020-09-01,Trinity,105,12862,22,13,4,17,0
2020-09-01,Tulare,107,460477,14808,14156,56,14212,241
2020-09-01,Tuolumne,109,53932,211,183,2,185,1
2020-09-01,Ventura,111,848112,11504,10899,95,10994,108
2020-09-01,Yolo,113,214977,2577,2440,5,2445,51
2020-09-01,Yuba,115,75493,931,841,3,844,1
2020-08-31,Alameda,1,1643700,19208,18148,138,18286,248
2020-08-31,Alpine,3,1148,3,2,0,2,0
2020-08-31,Amador,5,37829,275,243,0,243,13
2020-08-31,Butte,7,227075,2405,2069,13,2082,26
2020-08-31,Calaveras,9,45235,270,212,0,212,1
2020-08-31,Colusa,11,21464,475,443,0,443,6
2020-08-31,Contra Costa,13,1133247,14863,13902,54,13956,153
2020-08-31,Del Norte,15,27424,116,108,0,108,2
2020-08-31,El Dorado,17,186661,1020,965,0,965,2
2020-08-31,Fresno,19,978130,27901,25185,286,25471,290
2020-08-31,Glenn,21,27897,480,437,0,437,3
2020-08-31,Humboldt,23,135768,425,374,0,374,4
2020-08-31,Imperial,25,180216,11337,9759,6,9765,250
2020-08-31,Inyo,27,18085,181,160,0,160,3
2020-08-31,Kern,29,883053,30035,29067,233,29300,318
2020-08-31,Kings,31,150075,6403,6037,33,6070,62
2020-08-31,Lake,33,64148,364,341,0,341,2
2020-08-31,Lassen,35,31185,721,706,1,707,0
2020-08-31,Los Angeles,37,10098052,246139,241793,1393,243186,5787
2020-08-31,Madera,39,155013,3972,3662,24,3686,35
2020-08-31,Marin,41,260295,6279,6074,15,6089,67
2020-08-31,Mariposa,43,17540,73,69,0,69,2
2020-08-31,Mendocino,45,87422,662,618,0,618,15
2020-08-31,Merced,47,269075,8221,7991,8,7999,79
2020-08-31,Modoc,49,8938,18,10,0,10,0
2020-08-31,Mono,51,14174,163,145,1,146,1
2020-08-31,Monterey,53,433212,8374,7839,18,7857,56
2020-08-31,Napa,55,140530,1508,1434,3,1437,10
2020-08-31,Nevada,57,99092,465,447,12,459,6
2020-08-31,Orange,59,3164182,50567,47392,1210,48602,965
2020-08-31,Placer,61,380077,3177,2989,11,3000,33
2020-08-31,Plumas,63,18699,43,39,0,39,0
2020-08-31,Riverside,65,2383286,54001,52508,43,52551,1020
2020-08-31,Sacramento,67,1510023,18918,17999,12,18011,303
2020-08-31,San Benito,69,59416,1163,1080,0,1080,4
2020-08-31,San Bernardino,71,2135413,49660,47370,46,47416,755
2020-08-31,San Diego,73,3302833,40563,38606,0,38606,682
2020-08-31,San Francisco,75,870044,9878,9293,14,9307,83
2020-08-31,San Joaquin,77,732212,18789,17807,36,17843,338
2020-08-31,San Luis Obispo,79,281455,3129,2951,11,2962,21
2020-08-31,San Mateo,81,765935,8801,8065,6,8071,122
2020-08-31,Santa Barbara,83,443738,8741,8124,57,8181,94
2020-08-31,Santa Clara,85,1922200,18680,17211,21,17232,202
2020-08-31,Santa Cruz,87,273765,1935,1742,17,1759,7
2020-08-31,Shasta,89,179085,633,528,3,531,9
2020-08-31,Sierra,91,2930,6,6,0,6,0
2020-08-31,Siskiyou,93,43540,139,127,8,135,0
2020-08-31,Solano,95,438530,5624,5302,39,5341,34
2020-08-31,Sonoma,97,501317,6171,5650,19,5669,60
2020-08-31,Stanislaus,99,539301,15351,14685,381,15066,213
2020-08-31,Sutter,101,95872,1440,1365,1,1366,10
2020-08-31,Tehama,103,63373,446,421,1,422,1
2020-08-31,Trinity,105,12862,22,13,4,17,0
2020-08-31,Tulare,107,460477,14721,13985,55,14040,237
2020-08-31,Tuolumne,109,53932,211,178,2,180,1
2020-08-31,Ventura,111,848112,11421,10866,94,10960,108
2020-08-31,Yolo,113,214977,2559,2423,5,2428,51
2020-08-31,Yuba,115,75493,917,830,3,833,1
2020-08-30,Alameda,1,1643700,19084,18099,135,18234,248
2020-08-30,Alpine,3,1148,3,2,0,2,0
2020-08-30,Amador,5,37829,274,240,0,240,13
2020-08-30,Butte,7,227075,2325,1988,13,2001,26
2020-08-30,Calaveras,9,45235,261,211,0,211,1
2020-08-30,Colusa,11,21464,474,440,0,440,6
2020-08-30,Contra Costa,13,1133247,14724,13780,54,13834,150
2020-08-30,Del Norte,15,27424,115,108,0,108,2
2020-08-30,El Dorado,17,186661,1010,962,0,962,2
2020-08-30,Fresno,19,978130,27777,24963,285,25248,291
2020-08-30,Glenn,21,27897,473,437,0,437,3
2020-08-30,Humboldt,23,135768,414,362,0,362,4
2020-08-30,Imperial,25,180216,11318,9703,6,9709,250
2020-08-30,Inyo,27,18085,181,160,0,160,3
2020-08-30,Kern,29,883053,29942,28987,233,29220,317
2020-08-30,Kings,31,150075,6357,6000,33,6033,62
2020-08-30,Lake,33,64148,359,334,0,334,2
2020-08-30,Lassen,35,31185,719,706,1,707,0
2020-08-30,Los Angeles,37,10098052,244987,240775,1359,242134,5772
2020-08-30,Madera,39,155013,3943,3626,24,3650,33
2020-08-30,Marin,41,260295,6249,6060,15,6075,66
2020-08-30,Mariposa,43,17540,73,69,0,69,2
2020-08-30,Mendocino,45,87422,656,611,0,611,13
2020-08-30,Merced,47,269075,8146,7960,8,7968,79
2020-08-30,Modoc,49,8938,13,10,0,10,0
2020-08-30,Mono,51,14174,163,145,1,146,1
2020-08-30,Monterey,53,433212,8291,7816,18,7834,54
2020-08-30,Napa,55,140530,1496,1423,3,1426,10
2020-08-30,Nevada,57,99092,462,445,12,457,6
2020-08-30,Orange,59,3164182,50373,47283,1194,48477,965
2020-08-30,Placer,61,380077,3144,2961,11,2972,32
2020-08-30,Plumas,63,18699,42,39,0,39,0
2020-08-30,Riverside,65,2383286,53822,52227,41,52268,1017
2020-08-30,Sacramento,67,1510023,18738,17751,12,17763,300
2020-08-30,San Benito,69,59416,1153,1071,0,1071,4
2020-08-30,San Bernardino,71,2135413,49404,47201,46,47247,755
2020-08-30,San Diego,73,3302833,40165,38302,0,38302,682
2020-08-30,San Francisco,75,870044,9780,9294,11,9305,83
2020-08-30,San Joaquin,77,732212,18672,17637,35,17672,338
2020-08-30,San Luis Obispo,79,281455,3105,2934,11,2945,21
2020-08-30,San Mateo,81,765935,8724,8013,5,8018,122
2020-08-30,Santa Barbara,83,443738,8681,8088,57,8145,93
2020-08-30,Santa Clara,85,1922200,18504,17045,21,17066,202
2020-08-30,Santa Cruz,87,273765,1909,1743,17,1760,7
2020-08-30,Shasta,89,179085,630,525,3,528,9
2020-08-30,Sierra,91,2930,6,6,0,6,0
2020-08-30,Siskiyou,93,43540,137,125,8,133,0
2020-08-30,Solano,95,438530,5580,5303,39,5342,34
2020-08-30,Sonoma,97,501317,6113,5590,19,5609,60
2020-08-30,Stanislaus,99,539301,15280,14580,372,14952,209
2020-08-30,Sutter,101,95872,1418,1351,1,1352,10
2020-08-30,Tehama,103,63373,437,419,1,420,1
2020-08-30,Trinity,105,12862,22,13,4,17,0
2020-08-30,Tulare,107,460477,14626,13985,54,14039,236
2020-08-30,Tuolumne,109,53932,207,178,2,180,1
2020-08-30,Ventura,111,848112,11309,10775,89,10864,108
2020-08-30,Yolo,113,214977,2531,2391,4,2395,51
2020-08-30,Yuba,115,75493,903,832,3,835,1
2020-08-29,Alameda,1,1643700,19018,17888,135,18023,250
2020-08-29,Alpine,3,1148,3,2,0,2,0
2020-08-29,Amador,5,37829,274,239,0,239,13
2020-08-29,Butte,7,227075,2294,1948,13,1961,26
2020-08-29,Calaveras,9,45235,257,211,0,211,1
2020-08-29,Colusa,11,21464,471,440,0,440,6
2020-08-29,Contra Costa,13,1133247,14651,13663,53,13716,159
2020-08-29,Del Norte,15,27424,115,108,0,108,1
2020-08-29,El Dorado,17,186661,1007,958,0,958,2
2020-08-29,Fresno,19,978130,27722,24821,285,25106,291
2020-08-29,Glenn,21,27897,467,437,0,437,3
2020-08-29,Humboldt,23,135768,411,363,0,363,4
2020-08-29,Imperial,25,180216,11303,9698,6,9704,250
2020-08-29,Inyo,27,18085,181,160,0,160,3
2020-08-29,Kern,29,883053,29901,28947,232,29179,317
2020-08-29,Kings,31,150075,6342,5906,33,5939,62
2020-08-29,Lake,33,64148,358,329,0,329,2
2020-08-29,Lassen,35,31185,719,706,1,707,0
2020-08-29,Los Angeles,37,10098052,244332,239815,1346,241161,5762
2020-08-29,Madera,39,155013,3934,3605,23,3628,33
2020-08-29,Marin,41,260295,6237,6007,15,6022,64
2020-08-29,Mariposa,43,17540,73,69,0,69,2
2020-08-29,Mendocino,45,87422,651,596,0,596,13
2020-08-29,Merced,47,269075,8116,7867,8,7875,79
2020-08-29,Modoc,49,8938,13,9,0,9,0
2020-08-29,Mono,51,14174,163,145,1,146,1
2020-08-29,Monterey,53,433212,8246,7680,18,7698,53
2020-08-29,Napa,55,140530,1493,1413,3,1416,10
2020-08-29,Nevada,57,99092,462,442,12,454,5
2020-08-29,Orange,59,3164182,50268,47007,1183,48190,960
2020-08-29,Placer,61,380077,3128,2935,11,2946,32
2020-08-29,Plumas,63,18699,41,39,0,39,0
2020-08-29,Riverside,65,2383286,53711,51918,39,51957,1016
2020-08-29,Sacramento,67,1510023,18667,17588,12,17600,291
2020-08-29,San Benito,69,59416,1144,1045,0,1045,4
2020-08-29,San Bernardino,71,2135413,49290,46849,46,46895,755
2020-08-29,San Diego,73,3302833,39899,38049,0,38049,694
2020-08-29,San Francisco,75,870044,9752,9291,10,9301,83
2020-08-29,San Joaquin,77,732212,18628,17493,35,17528,335
2020-08-29,San Luis Obispo,79,281455,3080,2917,11,2928,21
2020-08-29,San Mateo,81,765935,8682,7928,5,7933,122
2020-08-29,Santa Barbara,83,443738,8655,8052,56,8108,93
2020-08-29,Santa Clara,85,1922200,18407,16898,20,16918,202
2020-08-29,Santa Cruz,87,273765,1897,1746,17,1763,7
2020-08-29,Shasta,89,179085,622,522,3,525,9
2020-08-29,Sierra,91,2930,6,6,0,6,0
2020-08-29,Siskiyou,93,43540,137,121,8,129,0
2020-08-29,Solano,95,438530,5559,5303,39,5342,34
2020-08-29,Sonoma,97,501317,6079,5537,19,5556,60
2020-08-29,Stanislaus,99,539301,15231,14479,362,14841,208
2020-08-29,Sutter,101,95872,1413,1333,1,1334,9
2020-08-29,Tehama,103,63373,436,417,1,418,1
2020-08-29,Trinity,105,12862,22,11,4,15,0
2020-08-29,Tulare,107,460477,14588,13890,53,13943,236
2020-08-29,Tuolumne,109,53932,207,178,2,180,1
2020-08-29,Ventura,111,848112,11269,10705,89,10794,108
2020-08-29,Yolo,113,214977,2513,2357,4,2361,51
2020-08-29,Yuba,115,75493,894,822,3,825,1
2020-08-28,Alameda,1,1643700,18934,17729,134,17863,237
2020-08-28,Alpine,3,1148,3,2,0,2,0
2020-08-28,Amador,5,37829,274,234,0,234,13
2020-08-28,Butte,7,227075,2264,1886,13,1899,25
2020-08-28,Calaveras,9,45235,255,207,0,207,1
2020-08-28,Colusa,11,21464,470,441,0,441,6
2020-08-28,Contra Costa,13,1133247,14580,13522,52,13574,158
2020-08-28,Del Norte,15,27424,115,107,0,107,1
2020-08-28,El Dorado,17,186661,1001,949,0,949,2
2020-08-28,Fresno,19,978130,27588,24612,285,24897,282
2020-08-28,Glenn,21,27897,460,429,0,429,3
2020-08-28,Humboldt,23,135768,407,362,0,362,4
2020-08-28,Imperial,25,180216,11289,9656,6,9662,241
2020-08-28,Inyo,27,18085,180,160,0,160,2
2020-08-28,Kern,29,883053,29854,28744,232,28976,306
2020-08-28,Kings,31,150075,6335,5829,32,5861,62
2020-08-28,Lake,33,64148,353,320,0,320,2
2020-08-28,Lassen,35,31185,719,704,1,705,0
2020-08-28,Los Angeles,37,10098052,243523,238544,1321,239865,5740
2020-08-28,Madera,39,155013,3915,3552,23,3575,33
2020-08-28,Marin,41,260295,6215,5991,15,6006,63
2020-08-28,Mariposa,43,17540,73,67,0,67,2
2020-08-28,Mendocino,45,87422,646,588,0,588,11
2020-08-28,Merced,47,269075,8086,7803,8,7811,77
2020-08-28,Modoc,49,8938,13,6,0,6,0
2020-08-28,Mono,51,14174,163,145,1,146,1
2020-08-28,Monterey,53,433212,8189,7591,18,7609,53
2020-08-28,Napa,55,140530,1485,1403,3,1406,10
2020-08-28,Nevada,57,99092,461,438,12,450,5
2020-08-28,Orange,59,3164182,50168,46696,1168,47864,942
2020-08-28,Placer,61,380077,3117,2891,11,2902,32
2020-08-28,Plumas,63,18699,41,39,0,39,0
2020-08-28,Riverside,65,2383286,53580,51510,36,51546,1008
2020-08-28,Sacramento,67,1510023,18569,17119,12,17131,283
2020-08-28,San Benito,69,59416,1128,1016,0,1016,3
2020-08-28,San Bernardino,71,2135413,49174,46553,46,46599,754
2020-08-28,San Diego,73,3302833,39669,37786,0,37786,676
2020-08-28,San Francisco,75,870044,9698,9135,10,9145,83
2020-08-28,San Joaquin,77,732212,18575,17114,34,17148,314
2020-08-28,San Luis Obispo,79,281455,3063,2849,11,2860,20
2020-08-28,San Mateo,81,765935,8635,7783,5,7788,121
2020-08-28,Santa Barbara,83,443738,8621,8001,56,8057,92
2020-08-28,Santa Clara,85,1922200,18276,16696,20,16716,201
2020-08-28,Santa Cruz,87,273765,1885,1747,17,1764,7
2020-08-28,Shasta,89,179085,618,516,3,519,9
2020-08-28,Sierra,91,2930,6,6,0,6,0
2020-08-28,Siskiyou,93,43540,135,119,8,127,0
2020-08-28,Solano,95,438530,5540,5219,39,5258,34
2020-08-28,Sonoma,97,501317,6044,5425,18,5443,58
2020-08-28,Stanislaus,99,539301,15189,14176,358,14534,190
2020-08-28,Sutter,101,95872,1403,1308,1,1309,9
2020-08-28,Tehama,103,63373,431,410,1,411,1
2020-08-28,Trinity,105,12862,22,11,4,15,0
2020-08-28,Tulare,107,460477,14542,13776,53,13829,236
2020-08-28,Tuolumne,109,53932,207,176,2,178,1
2020-08-28,Ventura,111,848112,11233,10606,87,10693,103
2020-08-28,Yolo,113,214977,2504,2323,4,2327,51
2020-08-28,Yuba,115,75493,885,810,3,813,1
2020-08-27,Alameda,1,1643700,18790,17584,131,17715,234
2020-08-27,Alpine,3,1148,3,2,0,2,0
2020-08-27,Amador,5,37829,273,233,0,233,13
2020-08-27,Butte,7,227075,2198,1803,12,1815,25
2020-08-27,Calaveras,9,45235,249,204,0,204,1
2020-08-27,Colusa,11,21464,468,438,0,438,6
2020-08-27,Contra Costa,13,1133247,14480,13379,51,13430,158
2020-08-27,Del Norte,15,27424,115,107,0,107,1
2020-08-27,El Dorado,17,186661,997,942,0,942,2
2020-08-27,Fresno,19,978130,27408,24367,280,24647,272
2020-08-27,Glenn,21,27897,452,429,0,429,3
2020-08-27,Humboldt,23,135768,399,358,0,358,4
2020-08-27,Imperial,25,180216,11262,9608,6,9614,235
2020-08-27,Inyo,27,18085,180,157,0,157,2
2020-08-27,Kern,29,883053,29782,28635,223,28858,294
2020-08-27,Kings,31,150075,6313,5759,32,5791,62
2020-08-27,Lake,33,64148,351,314,0,314,2
2020-08-27,Lassen,35,31185,719,703,1,704,0
2020-08-27,Los Angeles,37,10098052,242512,237103,1303,238406,5704
2020-08-27,Madera,39,155013,3889,3465,23,3488,33
2020-08-27,Marin,41,260295,6191,5929,15,5944,62
2020-08-27,Mariposa,43,17540,73,67,0,67,2
2020-08-27,Mendocino,45,87422,637,581,0,581,10
2020-08-27,Merced,47,269075,8042,7765,8,7773,75
2020-08-27,Modoc,49,8938,11,5,0,5,0
2020-08-27,Mono,51,14174,163,145,1,146,1
2020-08-27,Monterey,53,433212,8095,7501,18,7519,52
2020-08-27,Napa,55,140530,1479,1397,3,1400,10
2020-08-27,Nevada,57,99092,458,435,12,447,5
2020-08-27,Orange,59,3164182,50011,46449,1157,47606,935
2020-08-27,Placer,61,380077,3086,2869,11,2880,32
2020-08-27,Plumas,63,18699,40,39,0,39,0
2020-08-27,Riverside,65,2383286,53373,51306,33,51339,999
2020-08-27,Sacramento,67,1510023,18370,16875,12,16887,281
2020-08-27,San Benito,69,59416,1112,987,0,987,3
2020-08-27,San Bernardino,71,2135413,48948,46345,46,46391,751
2020-08-27,San Diego,73,3302833,39398,37501,0,37501,673
2020-08-27,San Francisco,75,870044,9632,9014,10,9024,83
2020-08-27,San Joaquin,77,732212,18495,16989,34,17023,314
2020-08-27,San Luis Obispo,79,281455,3038,2808,11,2819,20
2020-08-27,San Mateo,81,765935,8527,7728,5,7733,121
2020-08-27,Santa Barbara,83,443738,8583,7934,56,7990,92
2020-08-27,Santa Clara,85,1922200,18093,16495,20,16515,199
2020-08-27,Santa Cruz,87,273765,1868,1734,17,1751,7
2020-08-27,Shasta,89,179085,612,512,3,515,9
2020-08-27,Sierra,91,2930,6,6,0,6,0
2020-08-27,Siskiyou,93,43540,135,118,8,126,0
2020-08-27,Solano,95,438530,5502,5167,39,5206,34
2020-08-27,Sonoma,97,501317,5932,5357,18,5375,58
2020-08-27,Stanislaus,99,539301,15109,14080,354,14434,186
2020-08-27,Sutter,101,95872,1383,1296,1,1297,9
2020-08-27,Tehama,103,63373,426,398,1,399,1
2020-08-27,Trinity,105,12862,22,11,4,15,0
2020-08-27,Tulare,107,460477,14450,13666,52,13718,231
2020-08-27,Tuolumne,109,53932,202,174,2,176,1
2020-08-27,Ventura,111,848112,11170,10483,83,10566,102
2020-08-27,Yolo,113,214977,2480,2293,4,2297,51
2020-08-27,Yuba,115,75493,874,807,3,810,1
2020-08-26,Alameda,1,1643700,18629,17373,131,17504,233
2020-08-26,Alpine,3,1148,3,2,0,2,0
2020-08-26,Amador,5,37829,273,229,0,229,13
2020-08-26,Butte,7,227075,2131,1765,10,1775,25
2020-08-26,Calaveras,9,45235,241,201,0,201,1
2020-08-26,Colusa,11,21464,462,433,0,433,5
2020-08-26,Contra Costa,13,1133247,14342,13248,51,13299,157
2020-08-26,Del Norte,15,27424,114,86,0,86,1
2020-08-26,El Dorado,17,186661,995,938,0,938,2
2020-08-26,Fresno,19,978130,27260,24071,278,24349,255
2020-08-26,Glenn,21,27897,450,429,0,429,3
2020-08-26,Humboldt,23,135768,387,357,0,357,4
2020-08-26,Imperial,25,180216,11240,9453,6,9459,227
2020-08-26,Inyo,27,18085,177,157,0,157,2
2020-08-26,Kern,29,883053,29645,28507,219,28726,286
2020-08-26,Kings,31,150075,6293,5720,32,5752,62
2020-08-26,Lake,33,64148,347,308,0,308,2
2020-08-26,Lassen,35,31185,719,702,1,703,0
2020-08-26,Los Angeles,37,10098052,241477,235499,1270,236769,5665
2020-08-26,Madera,39,155013,3860,3458,23,3481,32
2020-08-26,Marin,41,260295,6174,5887,15,5902,56
2020-08-26,Mariposa,43,17540,73,68,0,68,2
2020-08-26,Mendocino,45,87422,626,581,0,581,10
2020-08-26,Merced,47,269075,8009,7720,8,7728,74
2020-08-26,Modoc,49,8938,8,5,0,5,0
2020-08-26,Mono,51,14174,163,141,1,142,1
2020-08-26,Monterey,53,433212,8002,7439,18,7457,51
2020-08-26,Napa,55,140530,1466,1382,3,1385,10
2020-08-26,Nevada,57,99092,455,432,12,444,2
2020-08-26,Orange,59,3164182,49827,46157,1142,47299,905
2020-08-26,Placer,61,380077,3064,2846,9,2855,32
2020-08-26,Plumas,63,18699,39,39,0,39,0
2020-08-26,Riverside,65,2383286,53131,51138,33,51171,987
2020-08-26,Sacramento,67,1510023,18207,16708,12,16720,271
2020-08-26,San Benito,69,59416,1097,978,0,978,3
2020-08-26,San Bernardino,71,2135413,48739,45840,46,45886,743
2020-08-26,San Diego,73,3302833,39060,37224,0,37224,668
2020-08-26,San Francisco,75,870044,9557,8938,10,8948,81
2020-08-26,San Joaquin,77,732212,18406,16845,33,16878,309
2020-08-26,San Luis Obispo,79,281455,3010,2761,11,2772,20
2020-08-26,San Mateo,81,765935,8460,7655,5,7660,121
2020-08-26,Santa Barbara,83,443738,8550,7904,56,7960,90
2020-08-26,Santa Clara,85,1922200,17916,16283,20,16303,198
2020-08-26,Santa Cruz,87,273765,1857,1726,17,1743,7
2020-08-26,Shasta,89,179085,607,511,3,514,9
2020-08-26,Sierra,91,2930,6,6,0,6,0
2020-08-26,Siskiyou,93,43540,132,109,8,117,0
2020-08-26,Solano,95,438530,5478,5131,38,5169,34
2020-08-26,Sonoma,97,501317,5858,5283,18,5301,58
2020-08-26,Stanislaus,99,539301,15032,13964,348,14312,186
2020-08-26,Sutter,101,95872,1365,1275,1,1276,9
2020-08-26,Tehama,103,63373,423,396,1,397,1
2020-08-26,Trinity,105,12862,22,10,4,14,0
2020-08-26,Tulare,107,460477,14383,13568,52,13620,232
2020-08-26,Tuolumne,109,53932,201,172,2,174,1
2020-08-26,Ventura,111,848112,11099,10412,76,10488,100
2020-08-26,Yolo,113,214977,2458,2279,4,2283,49
2020-08-26,Yuba,115,75493,859,779,3,782,1
2020-08-25,Alameda,1,1643700,18471,17278,131,17409,232
2020-08-25,Alpine,3,1148,3,2,0,2,0
2020-08-25,Amador,5,37829,273,227,0,227,13
2020-08-25,Butte,7,227075,2064,1718,10,1728,24
2020-08-25,Calaveras,9,45235,239,196,0,196,1
2020-08-25,Colusa,11,21464,455,430,0,430,5
2020-08-25,Contra Costa,13,1133247,14204,13181,50,13231,156
2020-08-25,Del Norte,15,27424,113,83,0,83,1
2020-08-25,El Dorado,17,186661,992,928,0,928,2
2020-08-25,Fresno,19,978130,27072,23932,277,24209,250
2020-08-25,Glenn,21,27897,447,429,0,429,3
2020-08-25,Humboldt,23,135768,382,342,0,342,4
2020-08-25,Imperial,25,180216,11212,9381,6,9387,217
2020-08-25,Inyo,27,18085,175,144,0,144,1
2020-08-25,Kern,29,883053,29508,28416,219,28635,285
2020-08-25,Kings,31,150075,6136,5702,32,5734,59
2020-08-25,Lake,33,64148,342,304,0,304,2
2020-08-25,Lassen,35,31185,718,692,1,693,0
2020-08-25,Los Angeles,37,10098052,240155,233961,1223,235184,5612
2020-08-25,Madera,39,155013,3845,3446,22,3468,32
2020-08-25,Marin,41,260295,6136,5860,15,5875,56
2020-08-25,Mariposa,43,17540,73,67,0,67,2
2020-08-25,Mendocino,45,87422,618,571,0,571,10
2020-08-25,Merced,47,269075,7942,7693,7,7700,69
2020-08-25,Modoc,49,8938,8,5,0,5,0
2020-08-25,Mono,51,14174,163,129,1,130,1
2020-08-25,Monterey,53,433212,7922,7333,18,7351,51
2020-08-25,Napa,55,140530,1459,1374,3,1377,10
2020-08-25,Nevada,57,99092,452,430,12,442,2
2020-08-25,Orange,59,3164182,49634,45737,1125,46862,902
2020-08-25,Placer,61,380077,3045,2829,6,2835,31
2020-08-25,Plumas,63,18699,39,39,0,39,0
2020-08-25,Riverside,65,2383286,52901,50889,33,50922,981
2020-08-25,Sacramento,67,1510023,18055,16601,12,16613,265
2020-08-25,San Benito,69,59416,1081,973,0,973,3
2020-08-25,San Bernardino,71,2135413,48504,45544,46,45590,727
2020-08-25,San Diego,73,3302833,38781,36996,0,36996,665
2020-08-25,San Francisco,75,870044,9480,8848,10,8858,81
2020-08-25,San Joaquin,77,732212,18279,16795,33,16828,306
2020-08-25,San Luis Obispo,79,281455,2952,2731,9,2740,20
2020-08-25,San Mateo,81,765935,8400,7636,5,7641,120
2020-08-25,Santa Barbara,83,443738,8498,7854,56,7910,90
2020-08-25,Santa Clara,85,1922200,17743,16199,20,16219,194
2020-08-25,Santa Cruz,87,273765,1838,1708,17,1725,7
2020-08-25,Shasta,89,179085,603,511,3,514,9
2020-08-25,Sierra,91,2930,6,6,0,6,0
2020-08-25,Siskiyou,93,43540,131,109,8,117,0
2020-08-25,Solano,95,438530,5417,5114,38,5152,34
2020-08-25,Sonoma,97,501317,5773,5148,18,5166,56
2020-08-25,Stanislaus,99,539301,14924,13886,337,14223,182
2020-08-25,Sutter,101,95872,1348,1259,1,1260,9
2020-08-25,Tehama,103,63373,420,394,1,395,1
2020-08-25,Trinity,105,12862,20,10,4,14,0
2020-08-25,Tulare,107,460477,14280,13514,51,13565,224
2020-08-25,Tuolumne,109,53932,199,172,2,174,1
2020-08-25,Ventura,111,848112,11014,10313,71,10384,99
2020-08-25,Yolo,113,214977,2445,2254,4,2258,50
2020-08-25,Yuba,115,75493,849,775,3,778,1
2020-08-24,Alameda,1,1643700,18279,16913,130,17043,231
2020-08-24,Alpine,3,1148,3,2,0,2,0
2020-08-24,Amador,5,37829,271,227,0,227,13
2020-08-24,Butte,7,227075,1980,1649,10,1659,23
2020-08-24,Calaveras,9,45235,229,187,0,187,1
2020-08-24,Colusa,11,21464,451,425,0,425,5
2020-08-24,Contra Costa,13,1133247,14088,12906,48,12954,153
2020-08-24,Del Norte,15,27424,113,80,0,80,1
2020-08-24,El Dorado,17,186661,984,908,0,908,2
2020-08-24,Fresno,19,978130,26887,23618,270,23888,235
2020-08-24,Glenn,21,27897,445,421,0,421,2
2020-08-24,Humboldt,23,135768,378,340,0,340,4
2020-08-24,Imperial,25,180216,11178,9323,6,9329,210
2020-08-24,Inyo,27,18085,171,144,0,144,2
2020-08-24,Kern,29,883053,29411,28157,213,28370,277
2020-08-24,Kings,31,150075,6048,5652,32,5684,60
2020-08-24,Lake,33,64148,328,302,0,302,2
2020-08-24,Lassen,35,31185,718,693,1,694,0
2020-08-24,Los Angeles,37,10098052,238790,233036,1201,234237,5562
2020-08-24,Madera,39,155013,3818,3418,22,3440,32
2020-08-24,Marin,41,260295,6073,5834,15,5849,56
2020-08-24,Mariposa,43,17540,71,66,0,66,2
2020-08-24,Mendocino,45,87422,603,550,0,550,10
2020-08-24,Merced,47,269075,7864,7605,7,7612,69
2020-08-24,Modoc,49,8938,8,5,0,5,0
2020-08-24,Mono,51,14174,163,129,1,130,1
2020-08-24,Monterey,53,433212,7813,7212,17,7229,50
2020-08-24,Napa,55,140530,1446,1358,3,1361,10
2020-08-24,Nevada,57,99092,447,423,12,435,2
2020-08-24,Orange,59,3164182,49443,45536,1114,46650,887
2020-08-24,Placer,61,380077,2999,2793,6,2799,31
2020-08-24,Plumas,63,18699,39,37,0,37,0
2020-08-24,Riverside,65,2383286,52624,50496,33,50529,975
2020-08-24,Sacramento,67,1510023,17857,16318,12,16330,249
2020-08-24,San Benito,69,59416,1060,961,0,961,3
2020-08-24,San Bernardino,71,2135413,48243,45199,45,45244,720
2020-08-24,San Diego,73,3302833,38494,36729,0,36729,660
2020-08-24,San Francisco,75,870044,9397,8621,10,8631,81
2020-08-24,San Joaquin,77,732212,18138,16565,32,16597,305
2020-08-24,San Luis Obispo,79,281455,2924,2705,9,2714,20
2020-08-24,San Mateo,81,765935,8334,7502,5,7507,120
2020-08-24,Santa Barbara,83,443738,8457,7784,56,7840,90
2020-08-24,Santa Clara,85,1922200,17539,16049,20,16069,192
2020-08-24,Santa Cruz,87,273765,1818,1627,16,1643,6
2020-08-24,Shasta,89,179085,601,505,3,508,9
2020-08-24,Sierra,91,2930,6,6,0,6,0
2020-08-24,Siskiyou,93,43540,127,107,8,115,0
2020-08-24,Solano,95,438530,5368,4979,36,5015,32
2020-08-24,Sonoma,97,501317,5671,5071,18,5089,56
2020-08-24,Stanislaus,99,539301,14826,13521,322,13843,171
2020-08-24,Sutter,101,95872,1329,1219,1,1220,9
2020-08-24,Tehama,103,63373,415,388,1,389,1
2020-08-24,Trinity,105,12862,20,10,4,14,0
2020-08-24,Tulare,107,460477,14173,13360,49,13409,223
2020-08-24,Tuolumne,109,53932,198,170,2,172,1
2020-08-24,Ventura,111,848112,10934,10261,68,10329,99
2020-08-24,Yolo,113,214977,2410,2239,4,2243,47
2020-08-24,Yuba,115,75493,832,750,3,753,1
2020-08-23,Alameda,1,1643700,18056,16786,130,16916,231
2020-08-23,Alpine,3,1148,3,2,0,2,0
2020-08-23,Amador,5,37829,268,227,0,227,13
2020-08-23,Butte,7,227075,1866,1637,10,1647,23
2020-08-23,Calaveras,9,45235,219,187,0,187,1
2020-08-23,Colusa,11,21464,444,424,0,424,5
2020-08-23,Contra Costa,13,1133247,13928,12642,48,12690,153
2020-08-23,Del Norte,15,27424,113,80,0,80,1
2020-08-23,El Dorado,17,186661,971,901,0,901,2
2020-08-23,Fresno,19,978130,26685,23414,265,23679,235
2020-08-23,Glenn,21,27897,438,421,0,421,2
2020-08-23,Humboldt,23,135768,376,341,0,341,4
2020-08-23,Imperial,25,180216,11150,9243,6,9249,210
2020-08-23,Inyo,27,18085,168,144,0,144,2
2020-08-23,Kern,29,883053,29263,28028,207,28235,277
2020-08-23,Kings,31,150075,6006,5628,32,5660,60
2020-08-23,Lake,33,64148,324,299,0,299,2
2020-08-23,Lassen,35,31185,717,693,1,694,0
2020-08-23,Los Angeles,37,10098052,237192,231833,1124,232957,5549
2020-08-23,Madera,39,155013,3786,3401,21,3422,32
2020-08-23,Marin,41,260295,6033,5807,14,5821,50
2020-08-23,Mariposa,43,17540,71,66,0,66,2
2020-08-23,Mendocino,45,87422,599,550,0,550,10
2020-08-23,Merced,47,269075,7795,7574,6,7580,69
2020-08-23,Modoc,49,8938,7,5,0,5,0
2020-08-23,Mono,51,14174,163,129,1,130,1
2020-08-23,Monterey,53,433212,7723,7173,17,7190,50
2020-08-23,Napa,55,140530,1434,1348,3,1351,10
2020-08-23,Nevada,57,99092,442,421,12,433,2
2020-08-23,Orange,59,3164182,49207,45267,1101,46368,887
2020-08-23,Placer,61,380077,2960,2772,6,2778,31
2020-08-23,Plumas,63,18699,39,37,0,37,0
2020-08-23,Riverside,65,2383286,52355,50293,31,50324,955
2020-08-23,Sacramento,67,1510023,17633,16084,11,16095,243
2020-08-23,San Benito,69,59416,1047,938,0,938,3
2020-08-23,San Bernardino,71,2135413,47974,45010,45,45055,719
2020-08-23,San Diego,73,3302833,38173,36542,0,36542,660
2020-08-23,San Francisco,75,870044,9302,8564,9,8573,80
2020-08-23,San Joaquin,77,732212,18006,16069,31,16100,305
2020-08-23,San Luis Obispo,79,281455,2882,2679,9,2688,20
2020-08-23,San Mateo,81,765935,8239,7450,5,7455,120
2020-08-23,Santa Barbara,83,443738,8389,7725,56,7781,90
2020-08-23,Santa Clara,85,1922200,17346,15912,18,15930,191
2020-08-23,Santa Cruz,87,273765,1792,1627,16,1643,6
2020-08-23,Shasta,89,179085,596,501,3,504,9
2020-08-23,Sierra,91,2930,6,6,0,6,0
2020-08-23,Siskiyou,93,43540,122,107,8,115,0
2020-08-23,Solano,95,438530,5310,4977,34,5011,32
2020-08-23,Sonoma,97,501317,5583,5018,18,5036,56
2020-08-23,Stanislaus,99,539301,14692,13483,298,13781,171
2020-08-23,Sutter,101,95872,1307,1203,1,1204,9
2020-08-23,Tehama,103,63373,405,381,1,382,1
2020-08-23,Trinity,105,12862,20,10,4,14,0
2020-08-23,Tulare,107,460477,14042,13303,45,13348,223
2020-08-23,Tuolumne,109,53932,194,164,2,166,1
2020-08-23,Ventura,111,848112,10834,10126,63,10189,99
2020-08-23,Yolo,113,214977,2382,2210,4,2214,47
2020-08-23,Yuba,115,75493,811,750,3,753,1
2020-08-22,Alameda,1,1643700,17962,16648,129,16777,231
2020-08-22,Alpine,3,1148,3,2,0,2,0
2020-08-22,Amador,5,37829,267,224,0,224,13
2020-08-22,Butte,7,227075,1816,1618,10,1628,22
2020-08-22,Calaveras,9,45235,216,187,0,187,1
2020-08-22,Colusa,11,21464,440,419,0,419,5
2020-08-22,Contra Costa,13,1133247,13841,12522,48,12570,153
2020-08-22,Del Norte,15,27424,112,80,0,80,1
2020-08-22,El Dorado,17,186661,969,900,0,900,2
2020-08-22,Fresno,19,978130,26587,23197,264,23461,235
2020-08-22,Glenn,21,27897,437,421,0,421,2
2020-08-22,Humboldt,23,135768,366,334,0,334,4
2020-08-22,Imperial,25,180216,11142,9244,6,9250,210
2020-08-22,Inyo,27,18085,168,144,0,144,1
2020-08-22,Kern,29,883053,29209,27807,207,28014,277
2020-08-22,Kings,31,150075,5997,5447,32,5479,60
2020-08-22,Lake,33,64148,322,291,0,291,2
2020-08-22,Lassen,35,31185,717,693,1,694,0
2020-08-22,Los Angeles,37,10098052,236536,230858,1105,231963,5540
2020-08-22,Madera,39,155013,3767,3330,21,3351,32
2020-08-22,Marin,41,260295,6021,5789,14,5803,49
2020-08-22,Mariposa,43,17540,71,66,0,66,2
2020-08-22,Mendocino,45,87422,596,529,0,529,10
2020-08-22,Merced,47,269075,7767,7493,6,7499,69
2020-08-22,Modoc,49,8938,7,5,0,5,0
2020-08-22,Mono,51,14174,163,129,1,130,1
2020-08-22,Monterey,53,433212,7675,7081,17,7098,50
2020-08-22,Napa,55,140530,1429,1328,3,1331,11
2020-08-22,Nevada,57,99092,442,411,12,423,2
2020-08-22,Orange,59,3164182,49065,45131,1095,46226,885
2020-08-22,Placer,61,380077,2946,2734,6,2740,30
2020-08-22,Plumas,63,18699,39,37,0,37,0
2020-08-22,Riverside,65,2383286,52207,49944,30,49974,953
2020-08-22,Sacramento,67,1510023,17522,15516,11,15527,239
2020-08-22,San Benito,69,59416,1031,912,0,912,3
2020-08-22,San Bernardino,71,2135413,47845,44803,44,44847,719
2020-08-22,San Diego,73,3302833,37991,36205,0,36205,673
2020-08-22,San Francisco,75,870044,9242,8568,9,8577,80
2020-08-22,San Joaquin,77,732212,17950,16068,31,16099,305
2020-08-22,San Luis Obispo,79,281455,2857,2660,9,2669,20
2020-08-22,San Mateo,81,765935,8192,7361,5,7366,120
2020-08-22,Santa Barbara,83,443738,8363,7685,56,7741,90
2020-08-22,Santa Clara,85,1922200,17239,15590,18,15608,190
2020-08-22,Santa Cruz,87,273765,1776,1628,15,1643,6
2020-08-22,Shasta,89,179085,594,493,3,496,9
2020-08-22,Sierra,91,2930,6,6,0,6,0
2020-08-22,Siskiyou,93,43540,122,106,8,114,0
2020-08-22,Solano,95,438530,5280,4944,33,4977,32
2020-08-22,Sonoma,97,501317,5537,4891,18,4909,57
2020-08-22,Stanislaus,99,539301,14644,13380,279,13659,170
2020-08-22,Sutter,101,95872,1300,1189,1,1190,8
2020-08-22,Tehama,103,63373,404,368,1,369,1
2020-08-22,Trinity,105,12862,20,8,4,12,0
2020-08-22,Tulare,107,460477,13975,13196,45,13241,222
2020-08-22,Tuolumne,109,53932,192,162,2,164,1
2020-08-22,Ventura,111,848112,10779,9959,61,10020,99
2020-08-22,Yolo,113,214977,2366,2188,4,2192,47
2020-08-22,Yuba,115,75493,799,738,3,741,1
2020-08-21,Alameda,1,1643700,17871,16413,129,16542,232
2020-08-21,Alpine,3,1148,3,2,0,2,0
2020-08-21,Amador,5,37829,266,223,0,223,11
2020-08-21,Butte,7,227075,1777,1582,10,1592,19
2020-08-21,Calaveras,9,45235,216,182,0,182,1
2020-08-21,Colusa,11,21464,438,418,0,418,5
2020-08-21,Contra Costa,13,1133247,13751,12333,47,12380,149
2020-08-21,Del Norte,15,27424,112,78,0,78,1
2020-08-21,El Dorado,17,186661,965,885,0,885,2
2020-08-21,Fresno,19,978130,26417,22840,263,23103,232
2020-08-21,Glenn,21,27897,433,418,0,418,2
2020-08-21,Humboldt,23,135768,363,331,0,331,4
2020-08-21,Imperial,25,180216,11126,9166,6,9172,204
2020-08-21,Inyo,27,18085,168,144,0,144,1
2020-08-21,Kern,29,883053,29150,27567,205,27772,269
2020-08-21,Kings,31,150075,5975,5391,32,5423,60
2020-08-21,Lake,33,64148,320,281,0,281,2
2020-08-21,Lassen,35,31185,717,693,1,694,0
2020-08-21,Los Angeles,37,10098052,235660,229235,1083,230318,5494
2020-08-21,Madera,39,155013,3737,3271,21,3292,31
2020-08-21,Marin,41,260295,6001,5762,14,5776,49
2020-08-21,Mariposa,43,17540,71,66,0,66,2
2020-08-21,Mendocino,45,87422,586,505,0,505,10
2020-08-21,Merced,47,269075,7738,7357,6,7363,69
2020-08-21,Modoc,49,8938,7,5,0,5,0
2020-08-21,Mono,51,14174,163,128,1,129,1
2020-08-21,Monterey,53,433212,7603,6974,17,6991,49
2020-08-21,Napa,55,140530,1420,1317,3,1320,10
2020-08-21,Nevada,57,99092,441,406,12,418,2
2020-08-21,Orange,59,3164182,48924,44625,1087,45712,875
2020-08-21,Placer,61,380077,2930,2698,5,2703,30
2020-08-21,Plumas,63,18699,39,36,0,36,0
2020-08-21,Riverside,65,2383286,52014,49409,30,49439,932
2020-08-21,Sacramento,67,1510023,17399,15247,11,15258,237
2020-08-21,San Benito,69,59416,1021,891,0,891,3
2020-08-21,San Bernardino,71,2135413,47725,44249,44,44293,668
2020-08-21,San Diego,73,3302833,37787,35914,0,35914,652
2020-08-21,San Francisco,75,870044,9192,8375,9,8384,80
2020-08-21,San Joaquin,77,732212,17867,15888,29,15917,301
2020-08-21,San Luis Obispo,79,281455,2834,2640,9,2649,19
2020-08-21,San Mateo,81,765935,8134,7253,5,7258,120
2020-08-21,Santa Barbara,83,443738,8322,7645,56,7701,86
2020-08-21,Santa Clara,85,1922200,17087,15399,18,15417,190
2020-08-21,Santa Cruz,87,273765,1764,1617,15,1632,6
2020-08-21,Shasta,89,179085,594,486,3,489,9
2020-08-21,Sierra,91,2930,6,6,0,6,0
2020-08-21,Siskiyou,93,43540,122,103,6,109,0
2020-08-21,Solano,95,438530,5257,4891,32,4923,32
2020-08-21,Sonoma,97,501317,5467,4816,18,4834,57
2020-08-21,Stanislaus,99,539301,14575,13282,264,13546,161
2020-08-21,Sutter,101,95872,1287,1173,1,1174,8
2020-08-21,Tehama,103,63373,402,357,1,358,1
2020-08-21,Trinity,105,12862,20,8,4,12,0
2020-08-21,Tulare,107,460477,13903,13002,44,13046,217
2020-08-21,Tuolumne,109,53932,184,161,2,163,1
2020-08-21,Ventura,111,848112,10715,9865,59,9924,98
2020-08-21,Yolo,113,214977,2351,2164,4,2168,46
2020-08-21,Yuba,115,75493,795,717,3,720,1
2020-08-20,Alameda,1,1643700,17712,16174,129,16303,229
2020-08-20,Alpine,3,1148,3,2,0,2,0
2020-08-20,Amador,5,37829,264,222,0,222,11
2020-08-20,Butte,7,227075,1726,1549,10,1559,18
2020-08-20,Calaveras,9,45235,213,179,0,179,1
2020-08-20,Colusa,11,21464,436,415,0,415,5
2020-08-20,Contra Costa,13,1133247,13623,12108,46,12154,144
2020-08-20,Del Norte,15,27424,112,78,0,78,1
2020-08-20,El Dorado,17,186661,961,881,0,881,2
2020-08-20,Fresno,19,978130,26235,22535,258,22793,228
2020-08-20,Glenn,21,27897,428,414,0,414,2
2020-08-20,Humboldt,23,135768,358,318,0,318,4
2020-08-20,Imperial,25,180216,11107,9086,6,9092,196
2020-08-20,Inyo,27,18085,167,144,0,144,1
2020-08-20,Kern,29,883053,28983,27337,194,27531,267
2020-08-20,Kings,31,150075,5935,5347,31,5378,59
2020-08-20,Lake,33,64148,315,280,0,280,2
2020-08-20,Lassen,35,31185,716,693,1,694,0
2020-08-20,Los Angeles,37,10098052,234424,227492,1064,228556,5445
2020-08-20,Madera,39,155013,3711,3197,21,3218,31
2020-08-20,Marin,41,260295,5983,5745,14,5759,47
2020-08-20,Mariposa,43,17540,71,67,0,67,2
2020-08-20,Mendocino,45,87422,575,497,0,497,10
2020-08-20,Merced,47,269075,7663,7173,6,7179,68
2020-08-20,Modoc,49,8938,7,5,0,5,0
2020-08-20,Mono,51,14174,163,128,1,129,1
2020-08-20,Monterey,53,433212,7532,6892,17,6909,47
2020-08-20,Napa,55,140530,1412,1306,3,1309,10
2020-08-20,Nevada,57,99092,440,401,12,413,2
2020-08-20,Orange,59,3164182,48697,44299,1076,45375,849
2020-08-20,Placer,61,380077,2914,2681,5,2686,30
2020-08-20,Plumas,63,18699,39,36,0,36,0
2020-08-20,Riverside,65,2383286,51797,48953,29,48982,927
2020-08-20,Sacramento,67,1510023,17156,14992,11,15003,231
2020-08-20,San Benito,69,59416,1008,866,0,866,3
2020-08-20,San Bernardino,71,2135413,47468,43627,44,43671,665
2020-08-20,San Diego,73,3302833,37567,35610,0,35610,644
2020-08-20,San Francisco,75,870044,9106,8262,9,8271,72
2020-08-20,San Joaquin,77,732212,17774,15778,29,15807,297
2020-08-20,San Luis Obispo,79,281455,2814,2590,9,2599,19
2020-08-20,San Mateo,81,765935,8068,7188,5,7193,120
2020-08-20,Santa Barbara,83,443738,8284,7571,56,7627,81
2020-08-20,Santa Clara,85,1922200,16916,15162,18,15180,190
2020-08-20,Santa Cruz,87,273765,1751,1581,15,1596,6
2020-08-20,Shasta,89,179085,593,478,3,481,9
2020-08-20,Sierra,91,2930,6,6,0,6,0
2020-08-20,Siskiyou,93,43540,121,102,1,103,0
2020-08-20,Solano,95,438530,5213,4843,32,4875,31
2020-08-20,Sonoma,97,501317,5395,4737,18,4755,54
2020-08-20,Stanislaus,99,539301,14479,13120,255,13375,161
2020-08-20,Sutter,101,95872,1263,1158,1,1159,8
2020-08-20,Tehama,103,63373,396,350,1,351,1
2020-08-20,Trinity,105,12862,20,8,4,12,0
2020-08-20,Tulare,107,460477,13795,12907,43,12950,217
2020-08-20,Tuolumne,109,53932,180,159,2,161,1
2020-08-20,Ventura,111,848112,10602,9744,58,9802,93
2020-08-20,Yolo,113,214977,2329,2150,4,2154,47
2020-08-20,Yuba,115,75493,778,709,3,712,1
2020-08-19,Alameda,1,1643700,17554,15874,128,16002,226
2020-08-19,Alpine,3,1148,3,2,0,2,0
2020-08-19,Amador,5,37829,263,219,0,219,9
2020-08-19,Butte,7,227075,1683,1517,10,1527,16
2020-08-19,Calaveras,9,45235,210,177,0,177,1
2020-08-19,Colusa,11,21464,435,415,0,415,5
2020-08-19,Contra Costa,13,1133247,13511,11895,44,11939,142
2020-08-19,Del Norte,15,27424,112,78,0,78,1
2020-08-19,El Dorado,17,186661,955,870,0,870,2
2020-08-19,Fresno,19,978130,26045,22167,251,22418,221
2020-08-19,Glenn,21,27897,426,414,0,414,2
2020-08-19,Humboldt,23,135768,355,316,0,316,4
2020-08-19,Imperial,25,180216,11079,9041,6,9047,192
2020-08-19,Inyo,27,18085,165,140,0,140,1
2020-08-19,Kern,29,883053,28867,27142,190,27332,263
2020-08-19,Kings,31,150075,5763,5301,31,5332,59
2020-08-19,Lake,33,64148,312,277,0,277,2
2020-08-19,Lassen,35,31185,708,693,1,694,0
2020-08-19,Los Angeles,37,10098052,233142,226006,1024,227030,5399
2020-08-19,Madera,39,155013,3677,3158,19,3177,30
2020-08-19,Marin,41,260295,5959,5723,13,5736,46
2020-08-19,Mariposa,43,17540,71,64,0,64,2
2020-08-19,Mendocino,45,87422,559,495,0,495,8
2020-08-19,Merced,47,269075,7536,7082,3,7085,66
2020-08-19,Modoc,49,8938,7,5,0,5,0
2020-08-19,Mono,51,14174,163,128,1,129,1
2020-08-19,Monterey,53,433212,7430,6693,17,6710,45
2020-08-19,Napa,55,140530,1407,1293,3,1296,10
2020-08-19,Nevada,57,99092,433,398,12,410,2
2020-08-19,Orange,59,3164182,48493,43938,1071,45009,829
2020-08-19,Placer,61,380077,2891,2659,5,2664,28
2020-08-19,Plumas,63,18699,39,36,0,36,0
2020-08-19,Riverside,65,2383286,51549,48741,28,48769,922
2020-08-19,Sacramento,67,1510023,16973,14764,11,14775,229
2020-08-19,San Benito,69,59416,991,853,0,853,3
2020-08-19,San Bernardino,71,2135413,47170,43224,43,43267,661
2020-08-19,San Diego,73,3302833,37318,35378,0,35378,638
2020-08-19,San Francisco,75,870044,9041,8236,9,8245,72
2020-08-19,San Joaquin,77,732212,17647,15677,28,15705,296
2020-08-19,San Luis Obispo,79,281455,2775,2553,9,2562,19
2020-08-19,San Mateo,81,765935,8001,7146,5,7151,119
2020-08-19,Santa Barbara,83,443738,8235,7499,56,7555,80
2020-08-19,Santa Clara,85,1922200,16771,14994,18,15012,189
2020-08-19,Santa Cruz,87,273765,1725,1554,15,1569,6
2020-08-19,Shasta,89,179085,589,475,3,478,9
2020-08-19,Sierra,91,2930,6,6,0,6,0
2020-08-19,Siskiyou,93,43540,120,103,1,104,0
2020-08-19,Solano,95,438530,5172,4807,32,4839,31
2020-08-19,Sonoma,97,501317,5316,4614,18,4632,54
2020-08-19,Stanislaus,99,539301,14377,13084,233,13317,160
2020-08-19,Sutter,101,95872,1229,1146,1,1147,8
2020-08-19,Tehama,103,63373,390,342,1,343,1
2020-08-19,Trinity,105,12862,19,8,4,12,0
2020-08-19,Tulare,107,460477,13697,12756,43,12799,217
2020-08-19,Tuolumne,109,53932,177,159,2,161,1
2020-08-19,Ventura,111,848112,10510,9587,56,9643,91
2020-08-19,Yolo,113,214977,2306,2126,4,2130,47
2020-08-19,Yuba,115,75493,766,701,3,704,1
2020-08-18,Alameda,1,1643700,17378,15627,125,15752,223
2020-08-18,Alpine,3,1148,3,2,0,2,0
2020-08-18,Amador,5,37829,262,215,0,215,9
2020-08-18,Butte,7,227075,1650,1491,10,1501,16
2020-08-18,Calaveras,9,45235,206,174,0,174,1
2020-08-18,Colusa,11,21464,434,415,0,415,5
2020-08-18,Contra Costa,13,1133247,13391,11689,42,11731,141
2020-08-18,Del Norte,15,27424,111,78,0,78,0
2020-08-18,El Dorado,17,186661,950,866,0,866,2
2020-08-18,Fresno,19,978130,25826,21798,245,22043,212
2020-08-18,Glenn,21,27897,426,407,0,407,2
2020-08-18,Humboldt,23,135768,353,315,0,315,4
2020-08-18,Imperial,25,180216,11045,8968,6,8974,189
2020-08-18,Inyo,27,18085,164,140,0,140,1
2020-08-18,Kern,29,883053,28715,26978,185,27163,263
2020-08-18,Kings,31,150075,5736,5269,30,5299,58
2020-08-18,Lake,33,64148,309,274,0,274,2
2020-08-18,Lassen,35,31185,708,693,1,694,0
2020-08-18,Los Angeles,37,10098052,231864,224218,985,225203,5339
2020-08-18,Madera,39,155013,3649,3125,19,3144,28
2020-08-18,Marin,41,260295,5929,5708,13,5721,47
2020-08-18,Mariposa,43,17540,71,61,0,61,2
2020-08-18,Mendocino,45,87422,550,468,0,468,8
2020-08-18,Merced,47,269075,7488,6940,3,6943,66
2020-08-18,Modoc,49,8938,7,5,0,5,0
2020-08-18,Mono,51,14174,162,129,1,130,1
2020-08-18,Monterey,53,433212,7339,6691,16,6707,44
2020-08-18,Napa,55,140530,1404,1274,3,1277,10
2020-08-18,Nevada,57,99092,426,389,12,401,2
2020-08-18,Orange,59,3164182,48267,43659,1055,44714,809
2020-08-18,Placer,61,380077,2865,2644,4,2648,28
2020-08-18,Plumas,63,18699,39,34,0,34,0
2020-08-18,Riverside,65,2383286,51220,48447,28,48475,917
2020-08-18,Sacramento,67,1510023,16745,14610,10,14620,222
2020-08-18,San Benito,69,59416,971,836,0,836,3
2020-08-18,San Bernardino,71,2135413,46889,42827,42,42869,648
2020-08-18,San Diego,73,3302833,37026,35164,0,35164,633
2020-08-18,San Francisco,75,870044,8956,8016,9,8025,72
2020-08-18,San Joaquin,77,732212,17530,15509,27,15536,290
2020-08-18,San Luis Obispo,79,281455,2751,2535,8,2543,18
2020-08-18,San Mateo,81,765935,7939,7074,5,7079,119
2020-08-18,Santa Barbara,83,443738,8193,7472,56,7528,81
2020-08-18,Santa Clara,85,1922200,16598,14786,18,14804,184
2020-08-18,Santa Cruz,87,273765,1712,1509,15,1524,6
2020-08-18,Shasta,89,179085,585,468,3,471,9
2020-08-18,Sierra,91,2930,6,6,0,6,0
2020-08-18,Siskiyou,93,43540,119,103,1,104,0
2020-08-18,Solano,95,438530,5145,4700,32,4732,31
2020-08-18,Sonoma,97,501317,5247,4506,18,4524,48
2020-08-18,Stanislaus,99,539301,14279,12935,217,13152,149
2020-08-18,Sutter,101,95872,1210,1126,1,1127,8
2020-08-18,Tehama,103,63373,380,333,1,334,1
2020-08-18,Trinity,105,12862,18,8,4,12,0
2020-08-18,Tulare,107,460477,13565,12637,40,12677,212
2020-08-18,Tuolumne,109,53932,174,159,2,161,1
2020-08-18,Ventura,111,848112,10420,9536,51,9587,89
2020-08-18,Yolo,113,214977,2283,2102,4,2106,47
2020-08-18,Yuba,115,75493,758,679,3,682,1
2020-08-17,Alameda,1,1643700,17188,15454,123,15577,221
2020-08-17,Alpine,3,1148,3,2,0,2,0
2020-08-17,Amador,5,37829,262,215,0,215,9
2020-08-17,Butte,7,227075,1605,1463,10,1473,15
2020-08-17,Calaveras,9,45235,202,167,0,167,1
2020-08-17,Colusa,11,21464,431,408,0,408,5
2020-08-17,Contra Costa,13,1133247,13253,11442,42,11484,141
2020-08-17,Del Norte,15,27424,107,77,0,77,0
2020-08-17,El Dorado,17,186661,947,846,0,846,2
2020-08-17,Fresno,19,978130,25620,21316,238,21554,211
2020-08-17,Glenn,21,27897,425,402,0,402,2
2020-08-17,Humboldt,23,135768,349,302,0,302,4
2020-08-17,Imperial,25,180216,11004,8897,6,8903,188
2020-08-17,Inyo,27,18085,156,124,0,124,1
2020-08-17,Kern,29,883053,28567,26773,174,26947,249
2020-08-17,Kings,31,150075,5699,5249,30,5279,58
2020-08-17,Lake,33,64148,304,270,0,270,2
2020-08-17,Lassen,35,31185,708,666,1,667,0
2020-08-17,Los Angeles,37,10098052,230350,223418,933,224351,5282
2020-08-17,Madera,39,155013,3606,3050,18,3068,26
2020-08-17,Marin,41,260295,5906,5683,12,5695,46
2020-08-17,Mariposa,43,17540,71,61,0,61,2
2020-08-17,Mendocino,45,87422,532,454,0,454,8
2020-08-17,Merced,47,269075,7392,6814,3,6817,66
2020-08-17,Modoc,49,8938,7,5,0,5,0
2020-08-17,Mono,51,14174,162,126,1,127,1
2020-08-17,Monterey,53,433212,7240,6553,16,6569,44
2020-08-17,Napa,55,140530,1383,1255,3,1258,10
2020-08-17,Nevada,57,99092,421,383,12,395,2
2020-08-17,Orange,59,3164182,48057,43621,1044,44665,804
2020-08-17,Placer,61,380077,2840,2609,4,2613,28
2020-08-17,Plumas,63,18699,39,33,0,33,0
2020-08-17,Riverside,65,2383286,50891,48062,26,48088,916
2020-08-17,Sacramento,67,1510023,16522,14333,10,14343,219
2020-08-17,San Benito,69,59416,956,822,0,822,2
2020-08-17,San Bernardino,71,2135413,46547,42005,42,42047,604
2020-08-17,San Diego,73,3302833,36760,34962,0,34962,626
2020-08-17,San Francisco,75,870044,8884,7600,9,7609,72
2020-08-17,San Joaquin,77,732212,17366,15323,26,15349,280
2020-08-17,San Luis Obispo,79,281455,2718,2527,8,2535,18
2020-08-17,San Mateo,81,765935,7882,6987,4,6991,118
2020-08-17,Santa Barbara,83,443738,8151,7438,56,7494,80
2020-08-17,Santa Clara,85,1922200,16378,14546,18,14564,183
2020-08-17,Santa Cruz,87,273765,1696,1453,14,1467,6
2020-08-17,Shasta,89,179085,579,467,3,470,9
2020-08-17,Sierra,91,2930,6,6,0,6,0
2020-08-17,Siskiyou,93,43540,118,103,0,103,0
2020-08-17,Solano,95,438530,5088,4479,32,4511,31
2020-08-17,Sonoma,97,501317,5158,4402,16,4418,48
2020-08-17,Stanislaus,99,539301,14154,12745,210,12955,148
2020-08-17,Sutter,101,95872,1194,1071,1,1072,8
2020-08-17,Tehama,103,63373,371,324,1,325,1
2020-08-17,Trinity,105,12862,18,8,4,12,0
2020-08-17,Tulare,107,460477,13452,12487,39,12526,210
2020-08-17,Tuolumne,109,53932,171,157,2,159,1
2020-08-17,Ventura,111,848112,10298,9490,46,9536,89
2020-08-17,Yolo,113,214977,2256,2083,4,2087,47
2020-08-17,Yuba,115,75493,743,647,3,650,1
2020-08-16,Alameda,1,1643700,16900,15338,123,15461,221
2020-08-16,Alpine,3,1148,3,2,0,2,0
2020-08-16,Amador,5,37829,259,215,0,215,9
2020-08-16,Butte,7,227075,1567,1432,10,1442,15
2020-08-16,Calaveras,9,45235,195,167,0,167,1
2020-08-16,Colusa,11,21464,429,407,0,407,5
2020-08-16,Contra Costa,13,1133247,13067,11255,42,11297,140
2020-08-16,Del Norte,15,27424,103,77,0,77,0
2020-08-16,El Dorado,17,186661,935,843,0,843,2
2020-08-16,Fresno,19,978130,25401,21010,233,21243,211
2020-08-16,Glenn,21,27897,423,400,0,400,2
2020-08-16,Humboldt,23,135768,347,301,0,301,4
2020-08-16,Imperial,25,180216,10960,8883,6,8889,188
2020-08-16,Inyo,27,18085,149,125,0,125,1
2020-08-16,Kern,29,883053,28368,26520,166,26686,249
2020-08-16,Kings,31,150075,5668,5146,30,5176,58
2020-08-16,Lake,33,64148,300,269,0,269,2
2020-08-16,Lassen,35,31185,708,666,1,667,0
2020-08-16,Los Angeles,37,10098052,228783,222236,902,223138,5263
2020-08-16,Madera,39,155013,3561,3013,18,3031,26
2020-08-16,Marin,41,260295,5880,5664,12,5676,46
2020-08-16,Mariposa,43,17540,71,61,0,61,2
2020-08-16,Mendocino,45,87422,524,451,0,451,8
2020-08-16,Merced,47,269075,7310,6744,3,6747,66
2020-08-16,Modoc,49,8938,7,5,0,5,0
2020-08-16,Mono,51,14174,162,126,1,127,1
2020-08-16,Monterey,53,433212,7142,6516,15,6531,44
2020-08-16,Napa,55,140530,1365,1241,2,1243,10
2020-08-16,Nevada,57,99092,410,379,12,391,2
2020-08-16,Orange,59,3164182,47807,43303,1033,44336,803
2020-08-16,Placer,61,380077,2811,2583,3,2586,28
2020-08-16,Plumas,63,18699,39,33,0,33,0
2020-08-16,Riverside,65,2383286,50561,47669,26,47695,910
2020-08-16,Sacramento,67,1510023,16281,14210,10,14220,219
2020-08-16,San Benito,69,59416,927,815,0,815,2
2020-08-16,San Bernardino,71,2135413,46124,41724,41,41765,603
2020-08-16,San Diego,73,3302833,36497,34680,0,34680,626
2020-08-16,San Francisco,75,870044,8796,7602,9,7611,72
2020-08-16,San Joaquin,77,732212,17163,15288,26,15314,280
2020-08-16,San Luis Obispo,79,281455,2689,2494,8,2502,17
2020-08-16,San Mateo,81,765935,7806,6942,4,6946,118
2020-08-16,Santa Barbara,83,443738,8102,7368,56,7424,79
2020-08-16,Santa Clara,85,1922200,16180,14329,18,14347,183
2020-08-16,Santa Cruz,87,273765,1669,1449,13,1462,6
2020-08-16,Shasta,89,179085,572,465,3,468,9
2020-08-16,Sierra,91,2930,6,6,0,6,0
2020-08-16,Siskiyou,93,43540,117,102,0,102,0
2020-08-16,Solano,95,438530,5029,4479,32,4511,31
2020-08-16,Sonoma,97,501317,5054,4329,16,4345,46
2020-08-16,Stanislaus,99,539301,13999,12668,197,12865,148
2020-08-16,Sutter,101,95872,1176,1071,1,1072,8
2020-08-16,Tehama,103,63373,362,318,1,319,1
2020-08-16,Trinity,105,12862,17,8,4,12,0
2020-08-16,Tulare,107,460477,13320,12334,35,12369,211
2020-08-16,Tuolumne,109,53932,171,156,2,158,1
2020-08-16,Ventura,111,848112,10189,9408,41,9449,89
2020-08-16,Yolo,113,214977,2237,2057,4,2061,47
2020-08-16,Yuba,115,75493,734,647,2,649,1
2020-08-15,Alameda,1,1643700,16823,15165,123,15288,221
2020-08-15,Alpine,3,1148,3,2,0,2,0
2020-08-15,Amador,5,37829,259,210,0,210,9
2020-08-15,Butte,7,227075,1545,1409,10,1419,15
2020-08-15,Calaveras,9,45235,193,167,0,167,1
2020-08-15,Colusa,11,21464,428,401,0,401,5
2020-08-15,Contra Costa,13,1133247,12971,11106,42,11148,138
2020-08-15,Del Norte,15,27424,103,77,0,77,0
2020-08-15,El Dorado,17,186661,930,838,0,838,2
2020-08-15,Fresno,19,978130,25285,20603,231,20834,211
2020-08-15,Glenn,21,27897,423,398,0,398,2
2020-08-15,Humboldt,23,135768,346,301,0,301,4
2020-08-15,Imperial,25,180216,10940,8794,6,8800,188
2020-08-15,Inyo,27,18085,149,123,0,123,1
2020-08-15,Kern,29,883053,28280,26338,166,26504,249
2020-08-15,Kings,31,150075,5651,5039,30,5069,56
2020-08-15,Lake,33,64148,298,268,0,268,2
2020-08-15,Lassen,35,31185,708,666,1,667,0
2020-08-15,Los Angeles,37,10098052,228030,221043,893,221936,5252
2020-08-15,Madera,39,155013,3511,2950,18,2968,26
2020-08-15,Marin,41,260295,5873,5628,12,5640,46
2020-08-15,Mariposa,43,17540,71,61,0,61,2
2020-08-15,Mendocino,45,87422,520,444,0,444,8
2020-08-15,Merced,47,269075,7276,6656,3,6659,66
2020-08-15,Modoc,49,8938,7,5,0,5,0
2020-08-15,Mono,51,14174,162,126,1,127,1
2020-08-15,Monterey,53,433212,7097,6162,15,6177,44
2020-08-15,Napa,55,140530,1355,1232,2,1234,10
2020-08-15,Nevada,57,99092,410,376,12,388,2
2020-08-15,Orange,59,3164182,47695,42811,1022,43833,801
2020-08-15,Placer,61,380077,2789,2551,3,2554,27
2020-08-15,Plumas,63,18699,39,33,0,33,0
2020-08-15,Riverside,65,2383286,50410,46720,26,46746,910
2020-08-15,Sacramento,67,1510023,16171,14018,10,14028,219
2020-08-15,San Benito,69,59416,914,805,0,805,2
2020-08-15,San Bernardino,71,2135413,45973,41231,39,41270,602
2020-08-15,San Diego,73,3302833,36331,34346,0,34346,639
2020-08-15,San Francisco,75,870044,8732,7601,9,7610,69
2020-08-15,San Joaquin,77,732212,17091,15113,26,15139,280
2020-08-15,San Luis Obispo,79,281455,2672,2461,8,2469,17
2020-08-15,San Mateo,81,765935,7769,6860,4,6864,118
2020-08-15,Santa Barbara,83,443738,8074,7338,56,7394,79
2020-08-15,Santa Clara,85,1922200,16084,14105,18,14123,183
2020-08-15,Santa Cruz,87,273765,1648,1449,13,1462,6
2020-08-15,Shasta,89,179085,569,458,3,461,9
2020-08-15,Sierra,91,2930,6,6,0,6,0
2020-08-15,Siskiyou,93,43540,116,100,0,100,0
2020-08-15,Solano,95,438530,5007,4477,32,4509,31
2020-08-15,Sonoma,97,501317,4999,4134,16,4150,45
2020-08-15,Stanislaus,99,539301,13937,12541,195,12736,149
2020-08-15,Sutter,101,95872,1165,1046,1,1047,8
2020-08-15,Tehama,103,63373,361,312,1,313,1
2020-08-15,Trinity,105,12862,15,6,4,10,0
2020-08-15,Tulare,107,460477,13282,12262,35,12297,211
2020-08-15,Tuolumne,109,53932,171,155,2,157,1
2020-08-15,Ventura,111,848112,10131,9379,39,9418,89
2020-08-15,Yolo,113,214977,2225,2031,4,2035,46
2020-08-15,Yuba,115,75493,730,623,2,625,1
2020-08-14,Alameda,1,1643700,16684,14909,123,15032,221
2020-08-14,Alpine,3,1148,3,2,0,2,0
2020-08-14,Amador,5,37829,259,209,0,209,9
2020-08-14,Butte,7,227075,1536,1384,10,1394,15
2020-08-14,Calaveras,9,45235,189,165,0,165,1
2020-08-14,Colusa,11,21464,426,399,0,399,5
2020-08-14,Contra Costa,13,1133247,12859,10893,42,10935,137
2020-08-14,Del Norte,15,27424,103,76,0,76,0
2020-08-14,El Dorado,17,186661,922,827,0,827,2
2020-08-14,Fresno,19,978130,25151,19900,231,20131,208
2020-08-14,Glenn,21,27897,421,395,0,395,2
2020-08-14,Humboldt,23,135768,340,294,0,294,4
2020-08-14,Imperial,25,180216,10916,8756,6,8762,185
2020-08-14,Inyo,27,18085,148,115,0,115,1
2020-08-14,Kern,29,883053,28176,25893,165,26058,249
2020-08-14,Kings,31,150075,5637,4953,30,4983,56
2020-08-14,Lake,33,64148,289,267,0,267,2
2020-08-14,Lassen,35,31185,708,665,1,666,0
2020-08-14,Los Angeles,37,10098052,226866,219083,875,219958,5222
2020-08-14,Madera,39,155013,3481,2876,18,2894,26
2020-08-14,Marin,41,260295,5862,5601,12,5613,46
2020-08-14,Mariposa,43,17540,70,61,0,61,2
2020-08-14,Mendocino,45,87422,511,432,0,432,8
2020-08-14,Merced,47,269075,7247,6466,3,6469,67
2020-08-14,Modoc,49,8938,7,5,0,5,0
2020-08-14,Mono,51,14174,162,126,1,127,1
2020-08-14,Monterey,53,433212,7046,6121,15,6136,41
2020-08-14,Napa,55,140530,1345,1230,2,1232,10
2020-08-14,Nevada,57,99092,406,377,12,389,2
2020-08-14,Orange,59,3164182,47546,42399,1008,43407,798
2020-08-14,Placer,61,380077,2770,2546,3,2549,26
2020-08-14,Plumas,63,18699,38,33,0,33,0
2020-08-14,Riverside,65,2383286,50181,46456,26,46482,891
2020-08-14,Sacramento,67,1510023,16021,13645,10,13655,212
2020-08-14,San Benito,69,59416,897,783,0,783,2
2020-08-14,San Bernardino,71,2135413,45787,40442,39,40481,594
2020-08-14,San Diego,73,3302833,36137,34067,0,34067,622
2020-08-14,San Francisco,75,870044,8673,7467,9,7476,69
2020-08-14,San Joaquin,77,732212,16992,14925,26,14951,276
2020-08-14,San Luis Obispo,79,281455,2657,2422,8,2430,17
2020-08-14,San Mateo,81,765935,7710,6655,4,6659,118
2020-08-14,Santa Barbara,83,443738,8024,7302,56,7358,77
2020-08-14,Santa Clara,85,1922200,15918,13785,18,13803,183
2020-08-14,Santa Cruz,87,273765,1626,1418,12,1430,6
2020-08-14,Shasta,89,179085,564,446,3,449,9
2020-08-14,Sierra,91,2930,6,5,0,5,0
2020-08-14,Siskiyou,93,43540,116,98,0,98,0
2020-08-14,Solano,95,438530,4986,4421,32,4453,31
2020-08-14,Sonoma,97,501317,4940,4087,13,4100,45
2020-08-14,Stanislaus,99,539301,13860,12379,191,12570,140
2020-08-14,Sutter,101,95872,1157,1039,1,1040,8
2020-08-14,Tehama,103,63373,357,305,1,306,1
2020-08-14,Trinity,105,12862,15,6,4,10,0
2020-08-14,Tulare,107,460477,13205,12009,35,12044,211
2020-08-14,Tuolumne,109,53932,170,155,2,157,1
2020-08-14,Ventura,111,848112,10056,9313,39,9352,89
2020-08-14,Yolo,113,214977,2211,1991,4,1995,45
2020-08-14,Yuba,115,75493,714,606,2,608,1
2020-08-13,Alameda,1,1643700,16410,14385,123,14508,218
2020-08-13,Alpine,3,1148,3,2,0,2,0
2020-08-13,Amador,5,37829,259,198,0,198,8
2020-08-13,Butte,7,227075,1511,1345,10,1355,15
2020-08-13,Calaveras,9,45235,187,162,0,162,1
2020-08-13,Colusa,11,21464,426,395,0,395,5
2020-08-13,Contra Costa,13,1133247,12705,10545,41,10586,136
2020-08-13,Del Norte,15,27424,102,74,0,74,0
2020-08-13,El Dorado,17,186661,917,803,0,803,2
2020-08-13,Fresno,19,978130,24927,19157,224,19381,201
2020-08-13,Glenn,21,27897,417,392,0,392,1
2020-08-13,Humboldt,23,135768,332,281,0,281,4
2020-08-13,Imperial,25,180216,10885,8640,6,8646,170
2020-08-13,Inyo,27,18085,144,97,0,97,1
2020-08-13,Kern,29,883053,28010,25472,162,25634,242
2020-08-13,Kings,31,150075,5603,4824,30,4854,52
2020-08-13,Lake,33,64148,284,263,0,263,2
2020-08-13,Lassen,35,31185,708,652,1,653,0
2020-08-13,Los Angeles,37,10098052,225456,216497,855,217352,5179
2020-08-13,Madera,39,155013,3438,2675,17,2692,25
2020-08-13,Marin,41,260295,5846,5503,12,5515,44
2020-08-13,Mariposa,43,17540,69,61,0,61,2
2020-08-13,Mendocino,45,87422,506,401,0,401,8
2020-08-13,Merced,47,269075,7129,5945,3,5948,63
2020-08-13,Modoc,49,8938,7,5,0,5,0
2020-08-13,Mono,51,14174,162,124,1,125,1
2020-08-13,Monterey,53,433212,6963,5925,15,5940,38
2020-08-13,Napa,55,140530,1336,1179,2,1181,10
2020-08-13,Nevada,57,99092,402,362,12,374,1
2020-08-13,Orange,59,3164182,47307,42019,996,43015,773
2020-08-13,Placer,61,380077,2749,2460,3,2463,26
2020-08-13,Plumas,63,18699,38,32,0,32,0
2020-08-13,Riverside,65,2383286,49887,45327,26,45353,885
2020-08-13,Sacramento,67,1510023,15821,13237,10,13247,197
2020-08-13,San Benito,69,59416,868,757,0,757,2
2020-08-13,San Bernardino,71,2135413,45393,39395,38,39433,591
2020-08-13,San Diego,73,3302833,35901,33661,0,33661,627
2020-08-13,San Francisco,75,870044,8579,7277,9,7286,69
2020-08-13,San Joaquin,77,732212,16838,14537,25,14562,261
2020-08-13,San Luis Obispo,79,281455,2636,2283,8,2291,16
2020-08-13,San Mateo,81,765935,7648,6503,4,6507,117
2020-08-13,Santa Barbara,83,443738,7980,7129,55,7184,74
2020-08-13,Santa Clara,85,1922200,15695,13257,18,13275,182
2020-08-13,Santa Cruz,87,273765,1601,1383,12,1395,6
2020-08-13,Shasta,89,179085,560,428,3,431,9
2020-08-13,Sierra,91,2930,6,5,0,5,0
2020-08-13,Siskiyou,93,43540,116,95,0,95,0
2020-08-13,Solano,95,438530,4949,4305,32,4337,31
2020-08-13,Sonoma,97,501317,4866,3902,13,3915,45
2020-08-13,Stanislaus,99,539301,13730,11953,175,12128,136
2020-08-13,Sutter,101,95872,1136,992,1,993,8
2020-08-13,Tehama,103,63373,348,302,1,303,1
2020-08-13,Trinity,105,12862,15,6,4,10,0
2020-08-13,Tulare,107,460477,13062,11692,31,11723,210
2020-08-13,Tuolumne,109,53932,169,152,2,154,1
2020-08-13,Ventura,111,848112,9967,9114,39,9153,90
2020-08-13,Yolo,113,214977,2184,1938,4,1942,44
2020-08-13,Yuba,115,75493,698,568,2,570,1
2020-08-12,Alameda,1,1643700,16198,14214,123,14337,215
2020-08-12,Alpine,3,1148,3,2,0,2,0
2020-08-12,Amador,5,37829,256,197,0,197,8
2020-08-12,Butte,7,227075,1483,1317,10,1327,15
2020-08-12,Calaveras,9,45235,184,157,0,157,1
2020-08-12,Colusa,11,21464,421,394,0,394,5
2020-08-12,Contra Costa,13,1133247,12561,10304,39,10343,134
2020-08-12,Del Norte,15,27424,101,74,0,74,0
2020-08-12,El Dorado,17,186661,899,794,0,794,2
2020-08-12,Fresno,19,978130,24697,18690,218,18908,194
2020-08-12,Glenn,21,27897,414,388,0,388,1
2020-08-12,Humboldt,23,135768,325,281,0,281,4
2020-08-12,Imperial,25,180216,10863,8566,6,8572,167
2020-08-12,Inyo,27,18085,127,97,0,97,1
2020-08-12,Kern,29,883053,27820,25191,160,25351,232
2020-08-12,Kings,31,150075,5564,4736,30,4766,50
2020-08-12,Lake,33,64148,282,253,0,253,2
2020-08-12,Lassen,35,31185,707,651,1,652,0
2020-08-12,Los Angeles,37,10098052,223999,214542,839,215381,5119
2020-08-12,Madera,39,155013,3404,2681,15,2696,23
2020-08-12,Marin,41,260295,5824,5423,12,5435,44
2020-08-12,Mariposa,43,17540,69,61,0,61,2
2020-08-12,Mendocino,45,87422,487,386,0,386,9
2020-08-12,Merced,47,269075,7067,5777,3,5780,66
2020-08-12,Modoc,49,8938,7,5,0,5,0
2020-08-12,Mono,51,14174,161,124,1,125,1
2020-08-12,Monterey,53,433212,6859,5919,15,5934,38
2020-08-12,Napa,55,140530,1326,1161,2,1163,10
2020-08-12,Nevada,57,99092,397,357,12,369,1
2020-08-12,Orange,59,3164182,47056,41576,971,42547,754
2020-08-12,Placer,61,380077,2716,2417,3,2420,25
2020-08-12,Plumas,63,18699,38,31,0,31,0
2020-08-12,Riverside,65,2383286,49538,44747,26,44773,867
2020-08-12,Sacramento,67,1510023,15606,12528,10,12538,189
2020-08-12,San Benito,69,59416,855,751,0,751,2
2020-08-12,San Bernardino,71,2135413,45051,38811,37,38848,589
2020-08-12,San Diego,73,3302833,35692,33395,0,33395,608
2020-08-12,San Francisco,75,870044,8495,7194,9,7203,66
2020-08-12,San Joaquin,77,732212,16695,14154,25,14179,253
2020-08-12,San Luis Obispo,79,281455,2611,2263,8,2271,15
2020-08-12,San Mateo,81,765935,7570,6427,4,6431,117
2020-08-12,Santa Barbara,83,443738,7920,7049,53,7102,74
2020-08-12,Santa Clara,85,1922200,15519,13002,18,13020,182
2020-08-12,Santa Cruz,87,273765,1572,1382,11,1393,6
2020-08-12,Shasta,89,179085,556,417,3,420,9
2020-08-12,Sierra,91,2930,5,4,0,4,0
2020-08-12,Siskiyou,93,43540,115,90,0,90,0
2020-08-12,Solano,95,438530,4904,4258,32,4290,31
2020-08-12,Sonoma,97,501317,4792,3847,13,3860,47
2020-08-12,Stanislaus,99,539301,13592,11682,166,11848,136
2020-08-12,Sutter,101,95872,1112,987,1,988,7
2020-08-12,Tehama,103,63373,338,289,1,290,1
2020-08-12,Trinity,105,12862,14,6,4,10,0
2020-08-12,Tulare,107,460477,12934,11460,31,11491,211
2020-08-12,Tuolumne,109,53932,168,150,2,152,1
2020-08-12,Ventura,111,848112,9882,9005,38,9043,87
2020-08-12,Yolo,113,214977,2161,1921,4,1925,44
2020-08-12,Yuba,115,75493,676,549,1,550,1
2020-08-11,Alameda,1,1643700,15940,13960,120,14080,204
2020-08-11,Alpine,3,1148,3,2,0,2,0
2020-08-11,Amador,5,37829,250,187,0,187,3
2020-08-11,Butte,7,227075,1456,1296,10,1306,15
2020-08-11,Calaveras,9,45235,182,161,0,161,1
2020-08-11,Colusa,11,21464,416,390,0,390,5
2020-08-11,Contra Costa,13,1133247,12372,10012,37,10049,131
2020-08-11,Del Norte,15,27424,100,73,0,73,0
2020-08-11,El Dorado,17,186661,892,786,0,786,2
2020-08-11,Fresno,19,978130,24377,18344,215,18559,187
2020-08-11,Glenn,21,27897,412,380,0,380,1
2020-08-11,Humboldt,23,135768,320,283,0,283,4
2020-08-11,Imperial,25,180216,10807,8518,6,8524,165
2020-08-11,Inyo,27,18085,122,97,0,97,1
2020-08-11,Kern,29,883053,27486,25042,157,25199,230
2020-08-11,Kings,31,150075,5379,4696,30,4726,50
2020-08-11,Lake,33,64148,279,243,0,243,2
2020-08-11,Lassen,35,31185,701,605,1,606,0
2020-08-11,Los Angeles,37,10098052,222496,212421,814,213235,5065
2020-08-11,Madera,39,155013,3350,2673,15,2688,22
2020-08-11,Marin,41,260295,5796,5287,11,5298,44
2020-08-11,Mariposa,43,17540,68,60,0,60,2
2020-08-11,Mendocino,45,87422,477,385,0,385,9
2020-08-11,Merced,47,269075,6972,5322,2,5324,65
2020-08-11,Modoc,49,8938,7,5,0,5,0
2020-08-11,Mono,51,14174,161,124,1,125,1
2020-08-11,Monterey,53,433212,6751,5624,15,5639,36
2020-08-11,Napa,55,140530,1315,1143,1,1144,11
2020-08-11,Nevada,57,99092,394,358,12,370,1
2020-08-11,Orange,59,3164182,46836,41205,948,42153,742
2020-08-11,Placer,61,380077,2684,2393,3,2396,24
2020-08-11,Plumas,63,18699,38,31,0,31,0
2020-08-11,Riverside,65,2383286,49179,44237,26,44263,836
2020-08-11,Sacramento,67,1510023,15319,12298,10,12308,182
2020-08-11,San Benito,69,59416,843,750,0,750,2
2020-08-11,San Bernardino,71,2135413,44710,38467,36,38503,584
2020-08-11,San Diego,73,3302833,35425,33159,0,33159,602
2020-08-11,San Francisco,75,870044,8399,6988,9,6997,66
2020-08-11,San Joaquin,77,732212,16518,13997,20,14017,251
2020-08-11,San Luis Obispo,79,281455,2554,2234,8,2242,15
2020-08-11,San Mateo,81,765935,7494,6339,4,6343,117
2020-08-11,Santa Barbara,83,443738,7870,6942,53,6995,70
2020-08-11,Santa Clara,85,1922200,15298,12920,18,12938,183
2020-08-11,Santa Cruz,87,273765,1549,1352,11,1363,4
2020-08-11,Shasta,89,179085,552,416,3,419,9
2020-08-11,Sierra,91,2930,5,4,0,4,0
2020-08-11,Siskiyou,93,43540,115,90,0,90,0
2020-08-11,Solano,95,438530,4856,4206,31,4237,31
2020-08-11,Sonoma,97,501317,4698,3752,13,3765,45
2020-08-11,Stanislaus,99,539301,13488,11592,154,11746,128
2020-08-11,Sutter,101,95872,1090,964,1,965,7
2020-08-11,Tehama,103,63373,334,289,1,290,1
2020-08-11,Trinity,105,12862,14,5,4,9,0
2020-08-11,Tulare,107,460477,12808,11392,30,11422,201
2020-08-11,Tuolumne,109,53932,164,146,2,148,1
2020-08-11,Ventura,111,848112,9814,8953,37,8990,88
2020-08-11,Yolo,113,214977,2139,1912,4,1916,44
2020-08-11,Yuba,115,75493,665,540,1,541,1
2020-08-10,Alameda,1,1643700,15700,13420,119,13539,203
2020-08-10,Alpine,3,1148,3,2,0,2,0
2020-08-10,Amador,5,37829,249,172,0,172,2
2020-08-10,Butte,7,227075,1432,1174,9,1183,15
2020-08-10,Calaveras,9,45235,172,121,0,121,1
2020-08-10,Colusa,11,21464,414,387,0,387,4
2020-08-10,Contra Costa,13,1133247,12219,9454,35,9489,130
2020-08-10,Del Norte,15,27424,98,69,0,69,0
2020-08-10,El Dorado,17,186661,880,771,0,771,2
2020-08-10,Fresno,19,978130,24096,17978,214,18192,183
2020-08-10,Glenn,21,27897,409,381,0,381,1
2020-08-10,Humboldt,23,135768,314,277,0,277,4
2020-08-10,Imperial,25,180216,10763,8465,6,8471,165
2020-08-10,Inyo,27,18085,122,97,0,97,1
2020-08-10,Kern,29,883053,27261,24499,156,24655,215
2020-08-10,Kings,31,150075,5273,4588,30,4618,50
2020-08-10,Lake,33,64148,272,239,0,239,2
2020-08-10,Lassen,35,31185,701,588,1,589,0
2020-08-10,Los Angeles,37,10098052,220914,211035,795,211830,5003
2020-08-10,Madera,39,155013,3317,2365,14,2379,22
2020-08-10,Marin,41,260295,5751,5242,10,5252,44
2020-08-10,Mariposa,43,17540,68,57,0,57,2
2020-08-10,Mendocino,45,87422,453,364,0,364,1
2020-08-10,Merced,47,269075,6891,4913,2,4915,51
2020-08-10,Modoc,49,8938,7,5,0,5,0
2020-08-10,Mono,51,14174,161,123,1,124,1
2020-08-10,Monterey,53,433212,6641,5358,15,5373,34
2020-08-10,Napa,55,140530,1297,1084,1,1085,8
2020-08-10,Nevada,57,99092,386,356,12,368,1
2020-08-10,Orange,59,3164182,46568,40445,930,41375,721
2020-08-10,Placer,61,380077,2645,2298,3,2301,21
2020-08-10,Plumas,63,18699,38,27,0,27,0
2020-08-10,Riverside,65,2383286,48792,43296,25,43321,830
2020-08-10,Sacramento,67,1510023,15006,12059,10,12069,168
2020-08-10,San Benito,69,59416,830,743,0,743,2
2020-08-10,San Bernardino,71,2135413,44334,37367,34,37401,579
2020-08-10,San Diego,73,3302833,35158,32977,0,32977,594
2020-08-10,San Francisco,75,870044,8308,6816,8,6824,66
2020-08-10,San Joaquin,77,732212,16336,13308,20,13328,240
2020-08-10,San Luis Obispo,79,281455,2455,2208,8,2216,15
2020-08-10,San Mateo,81,765935,7417,6222,4,6226,117
2020-08-10,Santa Barbara,83,443738,7815,6869,53,6922,66
2020-08-10,Santa Clara,85,1922200,15038,12615,18,12633,182
2020-08-10,Santa Cruz,87,273765,1529,1239,10,1249,4
2020-08-10,Shasta,89,179085,548,384,3,387,9
2020-08-10,Sierra,91,2930,5,3,0,3,0
2020-08-10,Siskiyou,93,43540,112,88,0,88,0
2020-08-10,Solano,95,438530,4796,4101,31,4132,31
2020-08-10,Sonoma,97,501317,4529,3640,9,3649,42
2020-08-10,Stanislaus,99,539301,13307,10855,137,10992,106
2020-08-10,Sutter,101,95872,1065,865,1,866,7
2020-08-10,Tehama,103,63373,327,282,1,283,1
2020-08-10,Trinity,105,12862,12,5,4,9,0
2020-08-10,Tulare,107,460477,12635,10750,28,10778,194
2020-08-10,Tuolumne,109,53932,164,143,1,144,1
2020-08-10,Ventura,111,848112,9730,8851,36,8887,85
2020-08-10,Yolo,113,214977,2116,1840,4,1844,45
2020-08-10,Yuba,115,75493,648,527,1,528,1
2020-08-09,Alameda,1,1643700,15422,13241,117,13358,203
2020-08-09,Alpine,3,1148,3,2,0,2,0
2020-08-09,Amador,5,37829,244,153,0,153,2
2020-08-09,Butte,7,227075,1388,1155,9,1164,15
2020-08-09,Calaveras,9,45235,167,122,0,122,1
2020-08-09,Colusa,11,21464,410,371,0,371,4
2020-08-09,Contra Costa,13,1133247,11992,9214,33,9247,130
2020-08-09,Del Norte,15,27424,98,69,0,69,0
2020-08-09,El Dorado,17,186661,872,748,0,748,2
2020-08-09,Fresno,19,978130,23788,17846,210,18056,183
2020-08-09,Glenn,21,27897,407,354,0,354,1
2020-08-09,Humboldt,23,135768,308,279,0,279,4
2020-08-09,Imperial,25,180216,10719,8310,6,8316,165
2020-08-09,Inyo,27,18085,117,86,0,86,1
2020-08-09,Kern,29,883053,27005,23680,156,23836,215
2020-08-09,Kings,31,150075,5230,4446,29,4475,50
2020-08-09,Lake,33,64148,265,225,0,225,2
2020-08-09,Lassen,35,31185,695,589,1,590,0
2020-08-09,Los Angeles,37,10098052,218852,208810,772,209582,4984
2020-08-09,Madera,39,155013,3258,2322,10,2332,22
2020-08-09,Marin,41,260295,5708,5204,10,5214,44
2020-08-09,Mariposa,43,17540,66,56,0,56,2
2020-08-09,Mendocino,45,87422,443,283,0,283,1
2020-08-09,Merced,47,269075,6793,4735,1,4736,51
2020-08-09,Modoc,49,8938,7,4,0,4,0
2020-08-09,Mono,51,14174,160,113,1,114,1
2020-08-09,Monterey,53,433212,6517,5199,15,5214,34
2020-08-09,Napa,55,140530,1278,1062,1,1063,8
2020-08-09,Nevada,57,99092,378,332,12,344,1
2020-08-09,Orange,59,3164182,46270,39244,915,40159,722
2020-08-09,Placer,61,380077,2617,2211,3,2214,20
2020-08-09,Plumas,63,18699,38,27,0,27,0
2020-08-09,Riverside,65,2383286,48449,41894,24,41918,828
2020-08-09,Sacramento,67,1510023,14729,11301,10,11311,167
2020-08-09,San Benito,69,59416,811,687,0,687,2
2020-08-09,San Bernardino,71,2135413,43859,36092,34,36126,579
2020-08-09,San Diego,73,3302833,34867,32749,0,32749,594
2020-08-09,San Francisco,75,870044,8193,6820,8,6828,66
2020-08-09,San Joaquin,77,732212,16131,12933,19,12952,240
2020-08-09,San Luis Obispo,79,281455,2419,2124,8,2132,15
2020-08-09,San Mateo,81,765935,7322,6094,4,6098,117
2020-08-09,Santa Barbara,83,443738,7728,6669,53,6722,66
2020-08-09,Santa Clara,85,1922200,14768,11878,18,11896,181
2020-08-09,Santa Cruz,87,273765,1505,1246,10,1256,4
2020-08-09,Shasta,89,179085,544,361,3,364,9
2020-08-09,Sierra,91,2930,5,3,0,3,0
2020-08-09,Siskiyou,93,43540,111,74,0,74,0
2020-08-09,Solano,95,438530,4743,3954,30,3984,31
2020-08-09,Sonoma,97,501317,4393,3531,7,3538,41
2020-08-09,Stanislaus,99,539301,13098,10264,124,10388,106
2020-08-09,Sutter,101,95872,1031,857,1,858,7
2020-08-09,Tehama,103,63373,319,265,1,266,1
2020-08-09,Trinity,105,12862,12,5,4,9,0
2020-08-09,Tulare,107,460477,12443,10630,25,10655,194
2020-08-09,Tuolumne,109,53932,161,143,1,144,1
2020-08-09,Ventura,111,848112,9583,8633,35,8668,85
2020-08-09,Yolo,113,214977,2085,1765,4,1769,44
2020-08-09,Yuba,115,75493,628,442,1,443,1
2020-08-08,Alameda,1,1643700,15312,13087,117,13204,204
2020-08-08,Alpine,3,1148,3,2,0,2,0
2020-08-08,Amador,5,37829,244,139,0,139,2
2020-08-08,Butte,7,227075,1370,1140,9,1149,15
2020-08-08,Calaveras,9,45235,166,122,0,122,1
2020-08-08,Colusa,11,21464,409,368,0,368,4
2020-08-08,Contra Costa,13,1133247,11883,9104,33,9137,129
2020-08-08,Del Norte,15,27424,97,69,0,69,0
2020-08-08,El Dorado,17,186661,865,734,0,734,2
2020-08-08,Fresno,19,978130,23652,17538,208,17746,183
2020-08-08,Glenn,21,27897,407,344,0,344,1
2020-08-08,Humboldt,23,135768,305,277,0,277,4
2020-08-08,Imperial,25,180216,10704,8213,6,8219,165
2020-08-08,Inyo,27,18085,113,86,0,86,1
2020-08-08,Kern,29,883053,26891,22803,156,22959,215
2020-08-08,Kings,31,150075,5216,4367,29,4396,49
2020-08-08,Lake,33,64148,263,221,0,221,2
2020-08-08,Lassen,35,31185,695,589,1,590,0
2020-08-08,Los Angeles,37,10098052,217963,206971,761,207732,4974
2020-08-08,Madera,39,155013,3227,2275,10,2285,22
2020-08-08,Marin,41,260295,5688,5118,10,5128,44
2020-08-08,Mariposa,43,17540,65,55,0,55,2
2020-08-08,Mendocino,45,87422,441,264,0,264,1
2020-08-08,Merced,47,269075,6753,4570,1,4571,51
2020-08-08,Modoc,49,8938,7,4,0,4,0
2020-08-08,Mono,51,14174,160,113,1,114,1
2020-08-08,Monterey,53,433212,6459,5101,15,5116,33
2020-08-08,Napa,55,140530,1270,1062,1,1063,8
2020-08-08,Nevada,57,99092,376,325,12,337,1
2020-08-08,Orange,59,3164182,46145,38688,906,39594,718
2020-08-08,Placer,61,380077,2600,2153,3,2156,20
2020-08-08,Plumas,63,18699,38,27,0,27,0
2020-08-08,Riverside,65,2383286,48246,41412,24,41436,823
2020-08-08,Sacramento,67,1510023,14599,11144,10,11154,166
2020-08-08,San Benito,69,59416,803,684,0,684,2
2020-08-08,San Bernardino,71,2135413,43663,35691,33,35724,531
2020-08-08,San Diego,73,3302833,34678,32332,0,32332,593
2020-08-08,San Francisco,75,870044,8127,6820,8,6828,66
2020-08-08,San Joaquin,77,732212,16050,12559,18,12577,240
2020-08-08,San Luis Obispo,79,281455,2396,2081,8,2089,15
2020-08-08,San Mateo,81,765935,7264,6021,4,6025,117
2020-08-08,Santa Barbara,83,443738,7690,6598,53,6651,66
2020-08-08,Santa Clara,85,1922200,14617,11615,18,11633,181
2020-08-08,Santa Cruz,87,273765,1491,1247,10,1257,4
2020-08-08,Shasta,89,179085,542,343,3,346,9
2020-08-08,Sierra,91,2930,5,3,0,3,0
2020-08-08,Siskiyou,93,43540,111,73,0,73,0
2020-08-08,Solano,95,438530,4722,3889,29,3918,31
2020-08-08,Sonoma,97,501317,4361,3399,7,3406,41
2020-08-08,Stanislaus,99,539301,13023,9963,118,10081,105
2020-08-08,Sutter,101,95872,1021,830,1,831,7
2020-08-08,Tehama,103,63373,318,251,1,252,1
2020-08-08,Trinity,105,12862,12,5,4,9,0
2020-08-08,Tulare,107,460477,12367,10505,25,10530,192
2020-08-08,Tuolumne,109,53932,161,143,1,144,1
2020-08-08,Ventura,111,848112,9529,8462,34,8496,85
2020-08-08,Yolo,113,214977,2072,1725,4,1729,44
2020-08-08,Yuba,115,75493,619,430,1,431,1
2020-08-07,Alameda,1,1643700,15203,12805,117,12922,204
2020-08-07,Alpine,3,1148,3,2,0,2,0
2020-08-07,Amador,5,37829,242,125,0,125,2
2020-08-07,Butte,7,227075,1352,1092,9,1101,13
2020-08-07,Calaveras,9,45235,166,119,0,119,1
2020-08-07,Colusa,11,21464,408,358,0,358,4
2020-08-07,Contra Costa,13,1133247,11734,8810,33,8843,126
2020-08-07,Del Norte,15,27424,97,69,0,69,0
2020-08-07,El Dorado,17,186661,860,724,0,724,2
2020-08-07,Fresno,19,978130,23492,17290,208,17498,171
2020-08-07,Glenn,21,27897,406,339,0,339,1
2020-08-07,Humboldt,23,135768,301,274,0,274,4
2020-08-07,Imperial,25,180216,10679,8085,6,8091,164
2020-08-07,Inyo,27,18085,112,81,0,81,1
2020-08-07,Kern,29,883053,26765,22143,153,22296,206
2020-08-07,Kings,31,150075,5199,4315,29,4344,48
2020-08-07,Lake,33,64148,261,215,0,215,1
2020-08-07,Lassen,35,31185,694,588,1,589,0
2020-08-07,Los Angeles,37,10098052,216506,204406,749,205155,4924
2020-08-07,Madera,39,155013,3195,2245,10,2255,20
2020-08-07,Marin,41,260295,5659,5094,10,5104,43
2020-08-07,Mariposa,43,17540,65,53,0,53,2
2020-08-07,Mendocino,45,87422,427,262,0,262,1
2020-08-07,Merced,47,269075,6710,4358,1,4359,30
2020-08-07,Modoc,49,8938,7,4,0,4,0
2020-08-07,Mono,51,14174,160,112,1,113,1
2020-08-07,Monterey,53,433212,6384,5041,15,5056,33
2020-08-07,Napa,55,140530,1265,1055,1,1056,8
2020-08-07,Nevada,57,99092,373,324,12,336,1
2020-08-07,Orange,59,3164182,45933,38459,889,39348,701
2020-08-07,Placer,61,380077,2583,2078,3,2081,20
2020-08-07,Plumas,63,18699,38,25,0,25,0
2020-08-07,Riverside,65,2383286,47982,40902,23,40925,810
2020-08-07,Sacramento,67,1510023,14454,10798,10,10808,160
2020-08-07,San Benito,69,59416,797,647,0,647,2
2020-08-07,San Bernardino,71,2135413,43417,35200,32,35232,524
2020-08-07,San Diego,73,3302833,34493,31781,0,31781,586
2020-08-07,San Francisco,75,870044,8049,6765,8,6773,66
2020-08-07,San Joaquin,77,732212,15966,12392,18,12410,223
2020-08-07,San Luis Obispo,79,281455,2365,2050,8,2058,14
2020-08-07,San Mateo,81,765935,7205,5948,4,5952,117
2020-08-07,Santa Barbara,83,443738,7639,6509,53,6562,66
2020-08-07,Santa Clara,85,1922200,14418,11409,18,11427,180
2020-08-07,Santa Cruz,87,273765,1473,1234,10,1244,5
2020-08-07,Shasta,89,179085,537,342,3,345,9
2020-08-07,Sierra,91,2930,5,3,0,3,0
2020-08-07,Siskiyou,93,43540,108,73,0,73,0
2020-08-07,Solano,95,438530,4690,3844,28,3872,31
2020-08-07,Sonoma,97,501317,4297,3329,7,3336,34
2020-08-07,Stanislaus,99,539301,12902,9665,107,9772,98
2020-08-07,Sutter,101,95872,1017,807,1,808,6
2020-08-07,Tehama,103,63373,314,246,1,247,1
2020-08-07,Trinity,105,12862,11,5,4,9,0
2020-08-07,Tulare,107,460477,12290,10292,25,10317,195
2020-08-07,Tuolumne,109,53932,160,136,1,137,1
2020-08-07,Ventura,111,848112,9469,8356,32,8388,84
2020-08-07,Yolo,113,214977,2047,1689,4,1693,37
2020-08-07,Yuba,115,75493,614,413,1,414,1
2020-08-06,Alameda,1,1643700,14983,12474,116,12590,200
2020-08-06,Alpine,3,1148,3,2,0,2,0
2020-08-06,Amador,5,37829,228,125,0,125,0
2020-08-06,Butte,7,227075,1333,1060,9,1069,13
2020-08-06,Calaveras,9,45235,164,117,0,117,1
2020-08-06,Colusa,11,21464,405,358,0,358,3
2020-08-06,Contra Costa,13,1133247,11540,8583,32,8615,124
2020-08-06,Del Norte,15,27424,97,69,0,69,0
2020-08-06,El Dorado,17,186661,849,703,0,703,1
2020-08-06,Fresno,19,978130,23196,17031,200,17231,161
2020-08-06,Glenn,21,27897,401,332,0,332,1
2020-08-06,Humboldt,23,135768,296,266,0,266,4
2020-08-06,Imperial,25,180216,10635,8064,6,8070,163
2020-08-06,Inyo,27,18085,104,83,0,83,1
2020-08-06,Kern,29,883053,26529,21843,152,21995,197
2020-08-06,Kings,31,150075,5139,4264,27,4291,47
2020-08-06,Lake,33,64148,258,209,0,209,1
2020-08-06,Lassen,35,31185,692,588,1,589,0
2020-08-06,Los Angeles,37,10098052,214428,201372,732,202104,4874
2020-08-06,Madera,39,155013,3147,2240,9,2249,19
2020-08-06,Marin,41,260295,5627,5058,10,5068,43
2020-08-06,Mariposa,43,17540,64,52,0,52,2
2020-08-06,Mendocino,45,87422,413,260,0,260,1
2020-08-06,Merced,47,269075,6609,4235,1,4236,30
2020-08-06,Modoc,49,8938,7,4,0,4,0
2020-08-06,Mono,51,14174,159,111,1,112,1
2020-08-06,Monterey,53,433212,6275,5001,14,5015,33
2020-08-06,Napa,55,140530,1251,1032,1,1033,8
2020-08-06,Nevada,57,99092,368,321,12,333,1
2020-08-06,Orange,59,3164182,45641,38399,884,39283,694
2020-08-06,Placer,61,380077,2556,2045,3,2048,20
2020-08-06,Plumas,63,18699,37,25,0,25,0
2020-08-06,Riverside,65,2383286,47587,40269,23,40292,781
2020-08-06,Sacramento,67,1510023,14223,10548,10,10558,153
2020-08-06,San Benito,69,59416,789,626,0,626,2
2020-08-06,San Bernardino,71,2135413,43013,34819,32,34851,516
2020-08-06,San Diego,73,3302833,34226,31129,0,31129,583
2020-08-06,San Francisco,75,870044,7956,6737,7,6744,60
2020-08-06,San Joaquin,77,732212,15807,12269,18,12287,203
2020-08-06,San Luis Obispo,79,281455,2341,2000,8,2008,13
2020-08-06,San Mateo,81,765935,7106,5885,4,5889,117
2020-08-06,Santa Barbara,83,443738,7579,6620,53,6673,65
2020-08-06,Santa Clara,85,1922200,14189,11280,18,11298,178
2020-08-06,Santa Cruz,87,273765,1452,1215,10,1225,4
2020-08-06,Shasta,89,179085,528,343,3,346,9
2020-08-06,Sierra,91,2930,5,3,0,3,0
2020-08-06,Siskiyou,93,43540,108,73,0,73,0
2020-08-06,Solano,95,438530,4647,3784,28,3812,29
2020-08-06,Sonoma,97,501317,4233,3259,7,3266,33
2020-08-06,Stanislaus,99,539301,12753,9566,90,9656,98
2020-08-06,Sutter,101,95872,986,797,1,798,6
2020-08-06,Tehama,103,63373,311,242,1,243,1
2020-08-06,Trinity,105,12862,9,5,4,9,0
2020-08-06,Tulare,107,460477,12131,10169,25,10194,195
2020-08-06,Tuolumne,109,53932,159,136,1,137,1
2020-08-06,Ventura,111,848112,9358,8245,29,8274,80
2020-08-06,Yolo,113,214977,2023,1662,4,1666,36
2020-08-06,Yuba,115,75493,605,407,0,407,1
2020-08-05,Alameda,1,1643700,14771,12140,115,12255,193
2020-08-05,Alpine,3,1148,3,2,0,2,0
2020-08-05,Amador,5,37829,218,123,0,123,0
2020-08-05,Butte,7,227075,1300,1038,9,1047,13
2020-08-05,Calaveras,9,45235,161,116,0,116,1
2020-08-05,Colusa,11,21464,401,354,0,354,3
2020-08-05,Contra Costa,13,1133247,11376,8362,32,8394,122
2020-08-05,Del Norte,15,27424,96,69,0,69,0
2020-08-05,El Dorado,17,186661,841,692,0,692,1
2020-08-05,Fresno,19,978130,22954,16625,193,16818,159
2020-08-05,Glenn,21,27897,398,330,0,330,1
2020-08-05,Humboldt,23,135768,294,249,0,249,4
2020-08-05,Imperial,25,180216,10600,8036,6,8042,163
2020-08-05,Inyo,27,18085,102,62,0,62,1
2020-08-05,Kern,29,883053,26342,21540,147,21687,194
2020-08-05,Kings,31,150075,5094,4192,25,4217,47
2020-08-05,Lake,33,64148,251,209,0,209,1
2020-08-05,Lassen,35,31185,645,557,1,558,0
2020-08-05,Los Angeles,37,10098052,212510,198355,711,199066,4832
2020-08-05,Madera,39,155013,3105,2172,9,2181,19
2020-08-05,Marin,41,260295,5595,5036,10,5046,43
2020-08-05,Mariposa,43,17540,64,52,0,52,2
2020-08-05,Mendocino,45,87422,401,248,0,248,1
2020-08-05,Merced,47,269075,6474,4119,1,4120,30
2020-08-05,Modoc,49,8938,7,3,0,3,0
2020-08-05,Mono,51,14174,159,104,1,105,1
2020-08-05,Monterey,53,433212,6160,4936,14,4950,32
2020-08-05,Napa,55,140530,1239,1020,1,1021,8
2020-08-05,Nevada,57,99092,359,327,12,339,2
2020-08-05,Orange,59,3164182,45332,37907,877,38784,663
2020-08-05,Placer,61,380077,2515,1989,3,1992,18
2020-08-05,Plumas,63,18699,36,25,0,25,0
2020-08-05,Riverside,65,2383286,47196,39454,21,39475,761
2020-08-05,Sacramento,67,1510023,14005,10261,9,10270,151
2020-08-05,San Benito,69,59416,780,613,0,613,2
2020-08-05,San Bernardino,71,2135413,42550,34442,30,34472,504
2020-08-05,San Diego,73,3302833,34002,30866,0,30866,578
2020-08-05,San Francisco,75,870044,7863,6701,7,6708,60
2020-08-05,San Joaquin,77,732212,15644,12148,18,12166,199
2020-08-05,San Luis Obispo,79,281455,2318,1928,8,1936,13
2020-08-05,San Mateo,81,765935,7010,5695,4,5699,116
2020-08-05,Santa Barbara,83,443738,7518,6597,53,6650,63
2020-08-05,Santa Clara,85,1922200,13954,11074,18,11092,176
2020-08-05,Santa Cruz,87,273765,1432,1192,9,1201,4
2020-08-05,Shasta,89,179085,522,338,3,341,9
2020-08-05,Sierra,91,2930,5,3,0,3,0
2020-08-05,Siskiyou,93,43540,104,72,0,72,0
2020-08-05,Solano,95,438530,4596,3750,27,3777,29
2020-08-05,Sonoma,97,501317,4151,3173,7,3180,33
2020-08-05,Stanislaus,99,539301,12594,9408,85,9493,97
2020-08-05,Sutter,101,95872,975,780,1,781,6
2020-08-05,Tehama,103,63373,308,231,1,232,1
2020-08-05,Trinity,105,12862,9,5,4,9,0
2020-08-05,Tulare,107,460477,11991,9924,25,9949,192
2020-08-05,Tuolumne,109,53932,159,137,1,138,0
2020-08-05,Ventura,111,848112,9251,8162,26,8188,75
2020-08-05,Yolo,113,214977,1995,1634,4,1638,36
2020-08-05,Yuba,115,75493,588,400,0,400,1
2020-08-04,Alameda,1,1643700,14553,11983,114,12097,192
2020-08-04,Alpine,3,1148,3,2,0,2,0
2020-08-04,Amador,5,37829,203,123,0,123,0
2020-08-04,Butte,7,227075,1276,1011,9,1020,10
2020-08-04,Calaveras,9,45235,157,116,0,116,1
2020-08-04,Colusa,11,21464,396,354,0,354,3
2020-08-04,Contra Costa,13,1133247,11210,8210,32,8242,122
2020-08-04,Del Norte,15,27424,94,69,0,69,0
2020-08-04,El Dorado,17,186661,831,668,0,668,1
2020-08-04,Fresno,19,978130,22671,16272,185,16457,154
2020-08-04,Glenn,21,27897,397,325,0,325,1
2020-08-04,Humboldt,23,135768,284,241,0,241,4
2020-08-04,Imperial,25,180216,10563,7974,6,7980,163
2020-08-04,Inyo,27,18085,88,59,0,59,1
2020-08-04,Kern,29,883053,26058,21403,147,21550,190
2020-08-04,Kings,31,150075,5033,4163,25,4188,47
2020-08-04,Lake,33,64148,251,206,0,206,1
2020-08-04,Lassen,35,31185,642,556,1,557,0
2020-08-04,Los Angeles,37,10098052,210546,196014,680,196694,4764
2020-08-04,Madera,39,155013,3062,2161,4,2165,19
2020-08-04,Marin,41,260295,5564,5020,9,5029,43
2020-08-04,Mariposa,43,17540,64,51,0,51,2
2020-08-04,Mendocino,45,87422,376,248,0,248,1
2020-08-04,Merced,47,269075,6360,4085,1,4086,30
2020-08-04,Modoc,49,8938,7,3,0,3,0
2020-08-04,Mono,51,14174,158,104,0,104,1
2020-08-04,Monterey,53,433212,6046,4892,14,4906,32
2020-08-04,Napa,55,140530,1226,994,0,994,8
2020-08-04,Nevada,57,99092,358,322,12,334,2
2020-08-04,Orange,59,3164182,44959,37844,872,38716,659
2020-08-04,Placer,61,380077,2476,1964,3,1967,17
2020-08-04,Plumas,63,18699,36,25,0,25,0
2020-08-04,Riverside,65,2383286,46811,38991,20,39011,743
2020-08-04,Sacramento,67,1510023,13786,10205,9,10214,146
2020-08-04,San Benito,69,59416,764,608,0,608,2
2020-08-04,San Bernardino,71,2135413,42005,34215,29,34244,495
2020-08-04,San Diego,73,3302833,33709,30518,0,30518,568
2020-08-04,San Francisco,75,870044,7776,6568,7,6575,60
2020-08-04,San Joaquin,77,732212,15515,12087,15,12102,189
2020-08-04,San Luis Obispo,79,281455,2288,1886,8,1894,13
2020-08-04,San Mateo,81,765935,6904,5690,4,5694,116
2020-08-04,Santa Barbara,83,443738,7458,6591,53,6644,61
2020-08-04,Santa Clara,85,1922200,13654,10986,18,11004,175
2020-08-04,Santa Cruz,87,273765,1413,1202,9,1211,4
2020-08-04,Shasta,89,179085,516,335,3,338,9
2020-08-04,Sierra,91,2930,5,1,0,1,0
2020-08-04,Siskiyou,93,43540,102,71,0,71,0
2020-08-04,Solano,95,438530,4525,3690,27,3717,29
2020-08-04,Sonoma,97,501317,4084,3108,7,3115,33
2020-08-04,Stanislaus,99,539301,12425,9359,77,9436,97
2020-08-04,Sutter,101,95872,961,761,1,762,6
2020-08-04,Tehama,103,63373,301,226,1,227,1
2020-08-04,Trinity,105,12862,9,5,4,9,0
2020-08-04,Tulare,107,460477,11811,9866,25,9891,192
2020-08-04,Tuolumne,109,53932,158,127,1,128,0
2020-08-04,Ventura,111,848112,9145,8134,24,8158,75
2020-08-04,Yolo,113,214977,1968,1626,4,1630,37
2020-08-04,Yuba,115,75493,573,398,0,398,1
2020-08-03,Alameda,1,1643700,14370,11817,110,11927,189
2020-08-03,Alpine,3,1148,3,2,0,2,0
2020-08-03,Amador,5,37829,199,119,0,119,0
2020-08-03,Butte,7,227075,1230,989,8,997,9
2020-08-03,Calaveras,9,45235,154,117,0,117,1
2020-08-03,Colusa,11,21464,392,336,0,336,2
2020-08-03,Contra Costa,13,1133247,11014,8069,28,8097,120
2020-08-03,Del Norte,15,27424,90,68,0,68,0
2020-08-03,El Dorado,17,186661,820,645,0,645,1
2020-08-03,Fresno,19,978130,22376,15945,179,16124,151
2020-08-03,Glenn,21,27897,390,316,0,316,1
2020-08-03,Humboldt,23,135768,277,234,0,234,4
2020-08-03,Imperial,25,180216,10509,7953,6,7959,161
2020-08-03,Inyo,27,18085,85,57,0,57,1
2020-08-03,Kern,29,883053,25690,21285,140,21425,176
2020-08-03,Kings,31,150075,4921,4107,25,4132,47
2020-08-03,Lake,33,64148,244,201,0,201,1
2020-08-03,Lassen,35,31185,642,555,1,556,0
2020-08-03,Los Angeles,37,10098052,208503,194103,649,194752,4706
2020-08-03,Madera,39,155013,3013,2143,3,2146,18
2020-08-03,Marin,41,260295,5517,5001,9,5010,43
2020-08-03,Mariposa,43,17540,63,52,0,52,2
2020-08-03,Mendocino,45,87422,353,248,0,248,1
2020-08-03,Merced,47,269075,6238,4028,1,4029,29
2020-08-03,Modoc,49,8938,7,2,0,2,0
2020-08-03,Mono,51,14174,158,104,0,104,1
2020-08-03,Monterey,53,433212,5895,4806,11,4817,28
2020-08-03,Napa,55,140530,1211,973,0,973,8
2020-08-03,Nevada,57,99092,353,315,12,327,2
2020-08-03,Orange,59,3164182,44565,37705,863,38568,651
2020-08-03,Placer,61,380077,2421,1947,2,1949,16
2020-08-03,Plumas,63,18699,36,25,0,25,0
2020-08-03,Riverside,65,2383286,46343,38642,20,38662,740
2020-08-03,Sacramento,67,1510023,13589,10143,9,10152,142
2020-08-03,San Benito,69,59416,752,603,0,603,2
2020-08-03,San Bernardino,71,2135413,41477,33979,28,34007,444
2020-08-03,San Diego,73,3302833,33397,30228,0,30228,565
2020-08-03,San Francisco,75,870044,7682,6319,7,6326,60
2020-08-03,San Joaquin,77,732212,15316,12007,14,12021,189
2020-08-03,San Luis Obispo,79,281455,2246,1863,5,1868,14
2020-08-03,San Mateo,81,765935,6823,5661,4,5665,115
2020-08-03,Santa Barbara,83,443738,7414,6580,53,6633,59
2020-08-03,Santa Clara,85,1922200,13378,10747,18,10765,172
2020-08-03,Santa Cruz,87,273765,1393,1154,9,1163,4
2020-08-03,Shasta,89,179085,509,322,3,325,9
2020-08-03,Sierra,91,2930,5,1,0,1,0
2020-08-03,Siskiyou,93,43540,98,67,0,67,0
2020-08-03,Solano,95,438530,4456,3610,26,3636,29
2020-08-03,Sonoma,97,501317,3985,3079,6,3085,33
2020-08-03,Stanislaus,99,539301,12220,9308,69,9377,96
2020-08-03,Sutter,101,95872,937,713,1,714,6
2020-08-03,Tehama,103,63373,293,225,1,226,1
2020-08-03,Trinity,105,12862,9,5,4,9,0
2020-08-03,Tulare,107,460477,11627,9703,25,9728,188
2020-08-03,Tuolumne,109,53932,158,123,1,124,0
2020-08-03,Ventura,111,848112,9059,8084,22,8106,74
2020-08-03,Yolo,113,214977,1933,1598,3,1601,37
2020-08-03,Yuba,115,75493,549,393,0,393,1
2020-08-02,Alameda,1,1643700,14126,11696,96,11792,188
2020-08-02,Alpine,3,1148,3,2,0,2,0
2020-08-02,Amador,5,37829,194,117,0,117,0
2020-08-02,Butte,7,227075,1195,987,8,995,9
2020-08-02,Calaveras,9,45235,151,116,0,116,1
2020-08-02,Colusa,11,21464,387,335,0,335,2
2020-08-02,Contra Costa,13,1133247,10776,7995,28,8023,118
2020-08-02,Del Norte,15,27424,89,68,0,68,0
2020-08-02,El Dorado,17,186661,810,643,0,643,1
2020-08-02,Fresno,19,978130,22101,15759,172,15931,151
2020-08-02,Glenn,21,27897,389,315,0,315,1
2020-08-02,Humboldt,23,135768,272,232,0,232,4
2020-08-02,Imperial,25,180216,10446,7919,6,7925,157
2020-08-02,Inyo,27,18085,84,45,0,45,1
2020-08-02,Kern,29,883053,25392,21162,138,21300,176
2020-08-02,Kings,31,150075,4859,3964,24,3988,47
2020-08-02,Lake,33,64148,239,201,0,201,1
2020-08-02,Lassen,35,31185,642,555,1,556,0
2020-08-02,Los Angeles,37,10098052,206403,192480,631,193111,4698
2020-08-02,Madera,39,155013,2947,2123,1,2124,18
2020-08-02,Marin,41,260295,5482,4985,9,4994,43
2020-08-02,Mariposa,43,17540,61,52,0,52,2
2020-08-02,Mendocino,45,87422,343,247,0,247,1
2020-08-02,Merced,47,269075,6097,4011,1,4012,29
2020-08-02,Modoc,49,8938,7,2,0,2,0
2020-08-02,Mono,51,14174,151,104,0,104,1
2020-08-02,Monterey,53,433212,5770,4698,11,4709,28
2020-08-02,Napa,55,140530,1196,956,0,956,8
2020-08-02,Nevada,57,99092,350,314,12,326,2
2020-08-02,Orange,59,3164182,44184,37266,852,38118,651
2020-08-02,Placer,61,380077,2381,1920,2,1922,15
2020-08-02,Plumas,63,18699,36,25,0,25,0
2020-08-02,Riverside,65,2383286,45910,38507,20,38527,735
2020-08-02,Sacramento,67,1510023,13304,10099,9,10108,142
2020-08-02,San Benito,69,59416,738,599,0,599,2
2020-08-02,San Bernardino,71,2135413,40878,33643,28,33671,443
2020-08-02,San Diego,73,3302833,33058,29885,0,29885,565
2020-08-02,San Francisco,75,870044,7564,6297,7,6304,60
2020-08-02,San Joaquin,77,732212,15030,11937,12,11949,189
2020-08-02,San Luis Obispo,79,281455,2184,1821,5,1826,14
2020-08-02,San Mateo,81,765935,6708,5618,4,5622,115
2020-08-02,Santa Barbara,83,443738,7323,6532,53,6585,59
2020-08-02,Santa Clara,85,1922200,13160,10577,18,10595,172
2020-08-02,Santa Cruz,87,273765,1373,1162,9,1171,4
2020-08-02,Shasta,89,179085,505,318,3,321,9
2020-08-02,Sierra,91,2930,4,1,0,1,0
2020-08-02,Siskiyou,93,43540,98,65,0,65,0
2020-08-02,Solano,95,438530,4397,3609,26,3635,29
2020-08-02,Sonoma,97,501317,3901,3005,6,3011,33
2020-08-02,Stanislaus,99,539301,12005,9277,63,9340,96
2020-08-02,Sutter,101,95872,902,714,1,715,6
2020-08-02,Tehama,103,63373,287,222,1,223,1
2020-08-02,Trinity,105,12862,9,5,4,9,0
2020-08-02,Tulare,107,460477,11418,9593,25,9618,188
2020-08-02,Tuolumne,109,53932,155,123,1,124,0
2020-08-02,Ventura,111,848112,8917,8014,22,8036,73
2020-08-02,Yolo,113,214977,1909,1588,3,1591,37
2020-08-02,Yuba,115,75493,529,393,0,393,1
2020-08-01,Alameda,1,1643700,14015,11590,96,11686,188
2020-08-01,Alpine,3,1148,3,2,0,2,0
2020-08-01,Amador,5,37829,190,109,0,109,0
2020-08-01,Butte,7,227075,1181,976,8,984,9
2020-08-01,Calaveras,9,45235,147,116,0,116,1
2020-08-01,Colusa,11,21464,386,327,0,327,2
2020-08-01,Contra Costa,13,1133247,10643,7867,27,7894,116
2020-08-01,Del Norte,15,27424,89,68,0,68,0
2020-08-01,El Dorado,17,186661,807,637,0,637,1
2020-08-01,Fresno,19,978130,21964,15448,172,15620,149
2020-08-01,Glenn,21,27897,388,311,0,311,1
2020-08-01,Humboldt,23,135768,271,232,0,232,4
2020-08-01,Imperial,25,180216,10410,7919,6,7925,156
2020-08-01,Inyo,27,18085,82,45,0,45,1
2020-08-01,Kern,29,883053,25232,20796,134,20930,176
2020-08-01,Kings,31,150075,4833,3948,24,3972,47
2020-08-01,Lake,33,64148,237,194,0,194,1
2020-08-01,Lassen,35,31185,641,555,1,556,0
2020-08-01,Los Angeles,37,10098052,205514,191023,603,191626,4674
2020-08-01,Madera,39,155013,2909,2103,1,2104,18
2020-08-01,Marin,41,260295,5468,4945,8,4953,43
2020-08-01,Mariposa,43,17540,61,50,0,50,2
2020-08-01,Mendocino,45,87422,336,243,0,243,1
2020-08-01,Merced,47,269075,6049,3972,1,3973,29
2020-08-01,Modoc,49,8938,7,2,0,2,0
2020-08-01,Mono,51,14174,150,104,0,104,1
2020-08-01,Monterey,53,433212,5703,4611,10,4621,28
2020-08-01,Napa,55,140530,1187,923,0,923,8
2020-08-01,Nevada,57,99092,346,305,12,317,2
2020-08-01,Orange,59,3164182,43957,36703,846,37549,648
2020-08-01,Placer,61,380077,2348,1891,2,1893,14
2020-08-01,Plumas,63,18699,35,25,0,25,0
2020-08-01,Riverside,65,2383286,45699,38216,19,38235,704
2020-08-01,Sacramento,67,1510023,13147,10044,9,10053,141
2020-08-01,San Benito,69,59416,727,579,0,579,2
2020-08-01,San Bernardino,71,2135413,40643,32947,28,32975,440
2020-08-01,San Diego,73,3302833,32841,29579,0,29579,565
2020-08-01,San Francisco,75,870044,7502,6296,7,6303,60
2020-08-01,San Joaquin,77,732212,14958,11807,11,11818,189
2020-08-01,San Luis Obispo,79,281455,2158,1798,5,1803,13
2020-08-01,San Mateo,81,765935,6653,5520,4,5524,115
2020-08-01,Santa Barbara,83,443738,7283,6465,53,6518,59
2020-08-01,Santa Clara,85,1922200,13009,10281,18,10299,171
2020-08-01,Santa Cruz,87,273765,1357,1164,9,1173,4
2020-08-01,Shasta,89,179085,500,312,3,315,9
2020-08-01,Sierra,91,2930,3,1,0,1,0
2020-08-01,Siskiyou,93,43540,98,64,0,64,0
2020-08-01,Solano,95,438530,4363,3591,25,3616,29
2020-08-01,Sonoma,97,501317,3855,2890,6,2896,29
2020-08-01,Stanislaus,99,539301,11888,9221,55,9276,96
2020-08-01,Sutter,101,95872,898,714,1,715,6
2020-08-01,Tehama,103,63373,284,220,1,221,1
2020-08-01,Trinity,105,12862,9,5,4,9,0
2020-08-01,Tulare,107,460477,11350,9520,25,9545,188
2020-08-01,Tuolumne,109,53932,155,123,1,124,0
2020-08-01,Ventura,111,848112,8871,7819,22,7841,73
2020-08-01,Yolo,113,214977,1899,1557,3,1560,37
2020-08-01,Yuba,115,75493,524,387,0,387,1
2020-07-31,Alameda,1,1643700,13883,11441,96,11537,187
2020-07-31,Alpine,3,1148,3,2,0,2,0
2020-07-31,Amador,5,37829,189,98,0,98,0
2020-07-31,Butte,7,227075,1158,925,8,933,7
2020-07-31,Calaveras,9,45235,147,112,0,112,1
2020-07-31,Colusa,11,21464,376,319,0,319,2
2020-07-31,Contra Costa,13,1133247,10495,7697,26,7723,113
2020-07-31,Del Norte,15,27424,88,68,0,68,0
2020-07-31,El Dorado,17,186661,796,616,0,616,1
2020-07-31,Fresno,19,978130,21745,15083,172,15255,133
2020-07-31,Glenn,21,27897,381,304,0,304,1
2020-07-31,Humboldt,23,135768,264,229,0,229,4
2020-07-31,Imperial,25,180216,10378,7886,6,7892,155
2020-07-31,Inyo,27,18085,72,45,0,45,1
2020-07-31,Kern,29,883053,24991,20061,129,20190,173
2020-07-31,Kings,31,150075,4805,3807,24,3831,45
2020-07-31,Lake,33,64148,236,191,0,191,1
2020-07-31,Lassen,35,31185,636,544,1,545,0
2020-07-31,Los Angeles,37,10098052,203906,188688,591,189279,4628
2020-07-31,Madera,39,155013,2862,2036,1,2037,19
2020-07-31,Marin,41,260295,5424,4885,5,4890,43
2020-07-31,Mariposa,43,17540,61,49,0,49,2
2020-07-31,Mendocino,45,87422,321,232,0,232,1
2020-07-31,Merced,47,269075,5966,3789,1,3790,30
2020-07-31,Modoc,49,8938,6,0,0,0,0
2020-07-31,Mono,51,14174,149,104,0,104,1
2020-07-31,Monterey,53,433212,5611,4493,10,4503,24
2020-07-31,Napa,55,140530,1175,897,0,897,7
2020-07-31,Nevada,57,99092,344,302,12,314,2
2020-07-31,Orange,59,3164182,43657,36196,830,37026,620
2020-07-31,Placer,61,380077,2324,1853,2,1855,14
2020-07-31,Plumas,63,18699,34,25,0,25,0
2020-07-31,Riverside,65,2383286,45309,37612,19,37631,694
2020-07-31,Sacramento,67,1510023,12966,9872,9,9881,132
2020-07-31,San Benito,69,59416,719,567,0,567,2
2020-07-31,San Bernardino,71,2135413,40314,32332,27,32359,434
2020-07-31,San Diego,73,3302833,32607,29050,0,29050,561
2020-07-31,San Francisco,75,870044,7403,6126,7,6133,60
2020-07-31,San Joaquin,77,732212,14822,11561,11,11572,177
2020-07-31,San Luis Obispo,79,281455,2088,1746,5,1751,12
2020-07-31,San Mateo,81,765935,6581,5416,4,5420,115
2020-07-31,Santa Barbara,83,443738,7216,6375,53,6428,58
2020-07-31,Santa Clara,85,1922200,12788,9863,18,9881,171
2020-07-31,Santa Cruz,87,273765,1334,1118,9,1127,4
2020-07-31,Shasta,89,179085,490,305,3,308,9
2020-07-31,Sierra,91,2930,3,1,0,1,0
2020-07-31,Siskiyou,93,43540,96,61,0,61,0
2020-07-31,Solano,95,438530,4316,3510,24,3534,29
2020-07-31,Sonoma,97,501317,3797,2745,6,2751,27
2020-07-31,Stanislaus,99,539301,11781,9061,50,9111,94
2020-07-31,Sutter,101,95872,893,714,1,715,6
2020-07-31,Tehama,103,63373,281,213,1,214,1
2020-07-31,Trinity,105,12862,9,5,4,9,0
2020-07-31,Tulare,107,460477,11229,9365,25,9390,184
2020-07-31,Tuolumne,109,53932,155,120,1,121,0
2020-07-31,Ventura,111,848112,8796,7521,22,7543,71
2020-07-31,Yolo,113,214977,1873,1522,3,1525,38
2020-07-31,Yuba,115,75493,515,369,0,369,1
2020-07-30,Alameda,1,1643700,13686,11303,52,11355,185
2020-07-30,Alpine,3,1148,3,2,0,2,0
2020-07-30,Amador,5,37829,171,97,0,97,0
2020-07-30,Butte,7,227075,1142,915,8,923,7
2020-07-30,Calaveras,9,45235,143,111,0,111,1
2020-07-30,Colusa,11,21464,373,315,0,315,2
2020-07-30,Contra Costa,13,1133247,10310,7615,25,7640,112
2020-07-30,Del Norte,15,27424,88,68,0,68,0
2020-07-30,El Dorado,17,186661,789,608,0,608,1
2020-07-30,Fresno,19,978130,21410,14793,166,14959,133
2020-07-30,Glenn,21,27897,374,297,0,297,1
2020-07-30,Humboldt,23,135768,262,228,0,228,4
2020-07-30,Imperial,25,180216,10319,7849,6,7855,151
2020-07-30,Inyo,27,18085,68,44,0,44,1
2020-07-30,Kern,29,883053,24698,19552,125,19677,171
2020-07-30,Kings,31,150075,4701,3785,24,3809,43
2020-07-30,Lake,33,64148,230,181,0,181,1
2020-07-30,Lassen,35,31185,633,544,1,545,0
2020-07-30,Los Angeles,37,10098052,201870,186177,558,186735,4564
2020-07-30,Madera,39,155013,2792,2007,1,2008,18
2020-07-30,Marin,41,260295,5382,4835,4,4839,39
2020-07-30,Mariposa,43,17540,61,49,0,49,1
2020-07-30,Mendocino,45,87422,314,232,0,232,1
2020-07-30,Merced,47,269075,5802,3695,1,3696,30
2020-07-30,Modoc,49,8938,6,0,0,0,0
2020-07-30,Mono,51,14174,148,104,0,104,1
2020-07-30,Monterey,53,433212,5499,4352,10,4362,24
2020-07-30,Napa,55,140530,1158,874,0,874,7
2020-07-30,Nevada,57,99092,339,292,12,304,2
2020-07-30,Orange,59,3164182,43243,36105,805,36910,607
2020-07-30,Placer,61,380077,2270,1821,2,1823,14
2020-07-30,Plumas,63,18699,33,25,0,25,0
2020-07-30,Riverside,65,2383286,44768,37308,19,37327,685
2020-07-30,Sacramento,67,1510023,12745,9704,9,9713,126
2020-07-30,San Benito,69,59416,706,558,0,558,2
2020-07-30,San Bernardino,71,2135413,39790,32010,27,32037,427
2020-07-30,San Diego,73,3302833,32260,28670,0,28670,558
2020-07-30,San Francisco,75,870044,7303,6107,7,6114,59
2020-07-30,San Joaquin,77,732212,14627,11435,11,11446,161
2020-07-30,San Luis Obispo,79,281455,2054,1703,5,1708,12
2020-07-30,San Mateo,81,765935,6486,5369,4,5373,115
2020-07-30,Santa Barbara,83,443738,7136,6273,53,6326,52
2020-07-30,Santa Clara,85,1922200,12550,9708,17,9725,170
2020-07-30,Santa Cruz,87,273765,1307,1087,9,1096,4
2020-07-30,Shasta,89,179085,486,306,3,309,8
2020-07-30,Sierra,91,2930,3,1,0,1,0
2020-07-30,Siskiyou,93,43540,95,60,0,60,0
2020-07-30,Solano,95,438530,4265,3463,24,3487,29
2020-07-30,Sonoma,97,501317,3725,2684,6,2690,25
2020-07-30,Stanislaus,99,539301,11568,8890,42,8932,94
2020-07-30,Sutter,101,95872,874,698,1,699,6
2020-07-30,Tehama,103,63373,278,208,1,209,1
2020-07-30,Trinity,105,12862,9,4,4,8,0
2020-07-30,Tulare,107,460477,11101,9167,25,9192,177
2020-07-30,Tuolumne,109,53932,154,119,1,120,0
2020-07-30,Ventura,111,848112,8684,7304,20,7324,69
2020-07-30,Yolo,113,214977,1852,1511,3,1514,37
2020-07-30,Yuba,115,75493,502,362,0,362,1
2020-07-29,Alameda,1,1643700,13466,11177,47,11224,180
2020-07-29,Alpine,3,1148,3,2,0,2,0
2020-07-29,Amador,5,37829,163,80,0,80,0
2020-07-29,Butte,7,227075,1116,889,6,895,7
2020-07-29,Calaveras,9,45235,137,107,0,107,1
2020-07-29,Colusa,11,21464,369,302,0,302,2
2020-07-29,Contra Costa,13,1133247,10107,7520,25,7545,108
2020-07-29,Del Norte,15,27424,88,68,0,68,0
2020-07-29,El Dorado,17,186661,779,588,0,588,1
2020-07-29,Fresno,19,978130,21119,14312,166,14478,125
2020-07-29,Glenn,21,27897,367,294,0,294,1
2020-07-29,Humboldt,23,135768,259,221,0,221,4
2020-07-29,Imperial,25,180216,10271,7825,6,7831,147
2020-07-29,Inyo,27,18085,63,44,0,44,1
2020-07-29,Kern,29,883053,24360,19073,122,19195,162
2020-07-29,Kings,31,150075,4653,3755,24,3779,43
2020-07-29,Lake,33,64148,228,179,0,179,1
2020-07-29,Lassen,35,31185,618,513,1,514,0
2020-07-29,Los Angeles,37,10098052,199839,183600,541,184141,4523
2020-07-29,Madera,39,155013,2738,1941,1,1942,18
2020-07-29,Marin,41,260295,5344,4747,4,4751,34
2020-07-29,Mariposa,43,17540,60,47,0,47,1
2020-07-29,Mendocino,45,87422,306,228,0,228,0
2020-07-29,Merced,47,269075,5662,3605,1,3606,25
2020-07-29,Modoc,49,8938,5,0,0,0,0
2020-07-29,Mono,51,14174,145,102,0,102,1
2020-07-29,Monterey,53,433212,5400,4252,10,4262,24
2020-07-29,Napa,55,140530,1130,866,0,866,7
2020-07-29,Nevada,57,99092,335,288,12,300,1
2020-07-29,Orange,59,3164182,42810,35339,793,36132,589
2020-07-29,Placer,61,380077,2238,1798,2,1800,14
2020-07-29,Plumas,63,18699,33,25,0,25,0
2020-07-29,Riverside,65,2383286,44177,36968,19,36987,678
2020-07-29,Sacramento,67,1510023,12502,9538,9,9547,122
2020-07-29,San Benito,69,59416,691,537,0,537,2
2020-07-29,San Bernardino,71,2135413,39301,31168,26,31194,417
2020-07-29,San Diego,73,3302833,31935,28289,0,28289,552
2020-07-29,San Francisco,75,870044,7209,6041,7,6048,56
2020-07-29,San Joaquin,77,732212,14379,11249,8,11257,154
2020-07-29,San Luis Obispo,79,281455,2034,1673,5,1678,11
2020-07-29,San Mateo,81,765935,6398,5305,4,5309,114
2020-07-29,Santa Barbara,83,443738,7066,6215,53,6268,31
2020-07-29,Santa Clara,85,1922200,12342,9567,17,9584,165
2020-07-29,Santa Cruz,87,273765,1283,1051,9,1060,4
2020-07-29,Shasta,89,179085,474,297,3,300,8
2020-07-29,Sierra,91,2930,2,1,0,1,0
2020-07-29,Siskiyou,93,43540,93,58,0,58,0
2020-07-29,Solano,95,438530,4211,3380,24,3404,29
2020-07-29,Sonoma,97,501317,3648,2598,6,2604,26
2020-07-29,Stanislaus,99,539301,11348,8745,36,8781,94
2020-07-29,Sutter,101,95872,846,678,1,679,6
2020-07-29,Tehama,103,63373,274,206,1,207,1
2020-07-29,Trinity,105,12862,9,4,4,8,0
2020-07-29,Tulare,107,460477,10930,9028,25,9053,156
2020-07-29,Tuolumne,109,53932,154,118,1,119,0
2020-07-29,Ventura,111,848112,8579,7161,20,7181,68
2020-07-29,Yolo,113,214977,1826,1488,3,1491,36
2020-07-29,Yuba,115,75493,486,350,0,350,1
2020-07-28,Alameda,1,1643700,13242,10875,46,10921,180
2020-07-28,Alpine,3,1148,3,2,0,2,0
2020-07-28,Amador,5,37829,153,77,0,77,0
2020-07-28,Butte,7,227075,1081,857,6,863,7
2020-07-28,Calaveras,9,45235,136,105,0,105,1
2020-07-28,Colusa,11,21464,363,290,0,290,2
2020-07-28,Contra Costa,13,1133247,9885,7426,25,7451,107
2020-07-28,Del Norte,15,27424,87,68,0,68,0
2020-07-28,El Dorado,17,186661,764,558,0,558,1
2020-07-28,Fresno,19,978130,20785,13933,160,14093,125
2020-07-28,Glenn,21,27897,365,289,0,289,1
2020-07-28,Humboldt,23,135768,258,218,0,218,4
2020-07-28,Imperial,25,180216,10235,7804,6,7810,145
2020-07-28,Inyo,27,18085,61,43,0,43,1
2020-07-28,Kern,29,883053,23997,18834,116,18950,155
2020-07-28,Kings,31,150075,4607,3721,24,3745,41
2020-07-28,Lake,33,64148,224,179,0,179,1
2020-07-28,Lassen,35,31185,612,508,1,509,0
2020-07-28,Los Angeles,37,10098052,197605,179107,519,179626,4435
2020-07-28,Madera,39,155013,2672,1889,1,1890,18
2020-07-28,Marin,41,260295,5275,4698,4,4702,23
2020-07-28,Mariposa,43,17540,58,45,0,45,1
2020-07-28,Mendocino,45,87422,295,222,0,222,0
2020-07-28,Merced,47,269075,5517,3446,1,3447,23
2020-07-28,Modoc,49,8938,4,0,0,0,0
2020-07-28,Mono,51,14174,144,102,0,102,1
2020-07-28,Monterey,53,433212,5279,4047,10,4057,22
2020-07-28,Napa,55,140530,1108,824,0,824,6
2020-07-28,Nevada,57,99092,330,278,12,290,1
2020-07-28,Orange,59,3164182,42352,34832,779,35611,582
2020-07-28,Placer,61,380077,2205,1759,2,1761,14
2020-07-28,Plumas,63,18699,33,22,0,22,0
2020-07-28,Riverside,65,2383286,43578,36458,19,36477,668
2020-07-28,Sacramento,67,1510023,12251,9429,9,9438,117
2020-07-28,San Benito,69,59416,681,503,0,503,2
2020-07-28,San Bernardino,71,2135413,38780,30493,26,30519,412
2020-07-28,San Diego,73,3302833,31585,28007,0,28007,547
2020-07-28,San Francisco,75,870044,7096,5888,7,5895,56
2020-07-28,San Joaquin,77,732212,14096,10958,6,10964,141
2020-07-28,San Luis Obispo,79,281455,2003,1636,5,1641,9
2020-07-28,San Mateo,81,765935,6324,5171,4,5175,114
2020-07-28,Santa Barbara,83,443738,7003,6110,51,6161,31
2020-07-28,Santa Clara,85,1922200,12107,9307,17,9324,165
2020-07-28,Santa Cruz,87,273765,1256,1018,9,1027,4
2020-07-28,Shasta,89,179085,462,275,3,278,8
2020-07-28,Sierra,91,2930,2,1,0,1,0
2020-07-28,Siskiyou,93,43540,89,57,0,57,0
2020-07-28,Solano,95,438530,4164,3292,23,3315,29
2020-07-28,Sonoma,97,501317,3575,2553,6,2559,20
2020-07-28,Stanislaus,99,539301,11128,8492,27,8519,92
2020-07-28,Sutter,101,95872,809,653,0,653,2
2020-07-28,Tehama,103,63373,269,199,1,200,1
2020-07-28,Trinity,105,12862,9,3,4,7,0
2020-07-28,Tulare,107,460477,10743,8787,25,8812,96
2020-07-28,Tuolumne,109,53932,153,116,1,117,0
2020-07-28,Ventura,111,848112,8453,7045,19,7064,68
2020-07-28,Yolo,113,214977,1798,1459,3,1462,36
2020-07-28,Yuba,115,75493,469,333,0,333,1
2020-07-27,Alameda,1,1643700,13015,10645,43,10688,176
2020-07-27,Alpine,3,1148,3,2,0,2,0
2020-07-27,Amador,5,37829,148,72,0,72,0
2020-07-27,Butte,7,227075,1054,843,6,849,7
2020-07-27,Calaveras,9,45235,132,103,0,103,1
2020-07-27,Colusa,11,21464,356,271,0,271,2
2020-07-27,Contra Costa,13,1133247,9663,7256,25,7281,104
2020-07-27,Del Norte,15,27424,86,67,0,67,0
2020-07-27,El Dorado,17,186661,752,548,0,548,1
2020-07-27,Fresno,19,978130,20439,13485,154,13639,117
2020-07-27,Glenn,21,27897,363,277,0,277,1
2020-07-27,Humboldt,23,135768,253,218,0,218,4
2020-07-27,Imperial,25,180216,10185,7789,6,7795,144
2020-07-27,Inyo,27,18085,61,43,0,43,1
2020-07-27,Kern,29,883053,23495,17994,110,18104,148
2020-07-27,Kings,31,150075,4358,3685,24,3709,39
2020-07-27,Lake,33,64148,220,176,0,176,1
2020-07-27,Lassen,35,31185,612,503,1,504,0
2020-07-27,Los Angeles,37,10098052,195154,176351,498,176849,4379
2020-07-27,Madera,39,155013,2607,1793,1,1794,17
2020-07-27,Marin,41,260295,5187,4669,4,4673,22
2020-07-27,Mariposa,43,17540,58,43,0,43,1
2020-07-27,Mendocino,45,87422,282,209,0,209,0
2020-07-27,Merced,47,269075,5377,3292,1,3293,23
2020-07-27,Modoc,49,8938,3,0,0,0,0
2020-07-27,Mono,51,14174,140,99,0,99,1
2020-07-27,Monterey,53,433212,5089,3960,10,3970,21
2020-07-27,Napa,55,140530,1093,769,0,769,6
2020-07-27,Nevada,57,99092,326,268,12,280,1
2020-07-27,Orange,59,3164182,41912,34649,763,35412,566
2020-07-27,Placer,61,380077,2155,1679,2,1681,12
2020-07-27,Plumas,63,18699,33,22,0,22,0
2020-07-27,Riverside,65,2383286,42900,35822,19,35841,667
2020-07-27,Sacramento,67,1510023,11956,9091,9,9100,114
2020-07-27,San Benito,69,59416,666,498,0,498,2
2020-07-27,San Bernardino,71,2135413,38189,29928,26,29954,401
2020-07-27,San Diego,73,3302833,31211,27509,0,27509,533
2020-07-27,San Francisco,75,870044,7009,5825,7,5832,55
2020-07-27,San Joaquin,77,732212,13805,10728,6,10734,129
2020-07-27,San Luis Obispo,79,281455,1958,1612,5,1617,9
2020-07-27,San Mateo,81,765935,6215,5108,4,5112,113
2020-07-27,Santa Barbara,83,443738,6922,6026,49,6075,30
2020-07-27,Santa Clara,85,1922200,11840,9157,16,9173,166
2020-07-27,Santa Cruz,87,273765,1234,984,9,993,4
2020-07-27,Shasta,89,179085,455,275,3,278,8
2020-07-27,Sierra,91,2930,2,1,0,1,0
2020-07-27,Siskiyou,93,43540,87,54,0,54,0
2020-07-27,Solano,95,438530,4097,3198,22,3220,29
2020-07-27,Sonoma,97,501317,3484,2504,6,2510,20
2020-07-27,Stanislaus,99,539301,10901,8288,19,8307,84
2020-07-27,Sutter,101,95872,783,620,0,620,2
2020-07-27,Tehama,103,63373,261,192,1,193,1
2020-07-27,Trinity,105,12862,9,3,4,7,0
2020-07-27,Tulare,107,460477,10525,8462,25,8487,172
2020-07-27,Tuolumne,109,53932,150,115,1,116,0
2020-07-27,Ventura,111,848112,8325,6998,19,7017,68
2020-07-27,Yolo,113,214977,1753,1439,3,1442,33
2020-07-27,Yuba,115,75493,449,328,0,328,1
2020-07-26,Alameda,1,1643700,12777,10489,43,10532,176
2020-07-26,Alpine,3,1148,3,2,0,2,0
2020-07-26,Amador,5,37829,142,67,0,67,0
2020-07-26,Butte,7,227075,1018,822,6,828,5
2020-07-26,Calaveras,9,45235,129,103,0,103,1
2020-07-26,Colusa,11,21464,347,270,0,270,2
2020-07-26,Contra Costa,13,1133247,9426,7095,25,7120,104
2020-07-26,Del Norte,15,27424,84,67,0,67,0
2020-07-26,El Dorado,17,186661,734,539,0,539,1
2020-07-26,Fresno,19,978130,20049,13209,146,13355,117
2020-07-26,Glenn,21,27897,355,265,0,265,1
2020-07-26,Humboldt,23,135768,247,214,0,214,4
2020-07-26,Imperial,25,180216,10112,7781,6,7787,144
2020-07-26,Inyo,27,18085,56,43,0,43,1
2020-07-26,Kern,29,883053,22971,17394,107,17501,148
2020-07-26,Kings,31,150075,4299,3591,24,3615,39
2020-07-26,Lake,33,64148,212,174,0,174,1
2020-07-26,Lassen,35,31185,571,503,1,504,0
2020-07-26,Los Angeles,37,10098052,192580,174322,478,174800,4364
2020-07-26,Madera,39,155013,2520,1744,1,1745,17
2020-07-26,Marin,41,260295,5141,4595,4,4599,22
2020-07-26,Mariposa,43,17540,56,43,0,43,1
2020-07-26,Mendocino,45,87422,273,206,0,206,0
2020-07-26,Merced,47,269075,5197,3251,1,3252,23
2020-07-26,Modoc,49,8938,3,0,0,0,0
2020-07-26,Mono,51,14174,136,82,0,82,1
2020-07-26,Monterey,53,433212,4923,3901,10,3911,21
2020-07-26,Napa,55,140530,1074,769,0,769,6
2020-07-26,Nevada,57,99092,323,261,12,273,1
2020-07-26,Orange,59,3164182,41387,34352,732,35084,564
2020-07-26,Placer,61,380077,2087,1628,2,1630,12
2020-07-26,Plumas,63,18699,33,22,0,22,0
2020-07-26,Riverside,65,2383286,42341,35636,19,35655,665
2020-07-26,Sacramento,67,1510023,11653,8972,9,8981,114
2020-07-26,San Benito,69,59416,654,495,0,495,2
2020-07-26,San Bernardino,71,2135413,37552,29545,24,29569,400
2020-07-26,San Diego,73,3302833,30816,26986,0,26986,533
2020-07-26,San Francisco,75,870044,6901,5823,6,5829,55
2020-07-26,San Joaquin,77,732212,13513,10637,6,10643,129
2020-07-26,San Luis Obispo,79,281455,1915,1565,5,1570,8
2020-07-26,San Mateo,81,765935,6109,5078,4,5082,113
2020-07-26,Santa Barbara,83,443738,6820,5939,49,5988,30
2020-07-26,Santa Clara,85,1922200,11610,8986,16,9002,166
2020-07-26,Santa Cruz,87,273765,1207,970,9,979,4
2020-07-26,Shasta,89,179085,448,265,3,268,8
2020-07-26,Sierra,91,2930,2,1,0,1,0
2020-07-26,Siskiyou,93,43540,85,54,0,54,0
2020-07-26,Solano,95,438530,4017,3197,20,3217,29
2020-07-26,Sonoma,97,501317,3395,2503,5,2508,20
2020-07-26,Stanislaus,99,539301,10642,8228,17,8245,84
2020-07-26,Sutter,101,95872,769,612,0,612,2
2020-07-26,Tehama,103,63373,254,175,1,176,1
2020-07-26,Trinity,105,12862,9,3,4,7,0
2020-07-26,Tulare,107,460477,10318,8392,25,8417,172
2020-07-26,Tuolumne,109,53932,145,113,1,114,0
2020-07-26,Ventura,111,848112,8119,6844,19,6863,67
2020-07-26,Yolo,113,214977,1722,1408,3,1411,33
2020-07-26,Yuba,115,75493,430,313,0,313,1
2020-07-25,Alameda,1,1643700,12680,10361,41,10402,176
2020-07-25,Alpine,3,1148,3,2,0,2,0
2020-07-25,Amador,5,37829,139,67,0,67,0
2020-07-25,Butte,7,227075,1009,810,6,816,5
2020-07-25,Calaveras,9,45235,125,103,0,103,1
2020-07-25,Colusa,11,21464,340,265,0,265,2
2020-07-25,Contra Costa,13,1133247,9281,6920,25,6945,104
2020-07-25,Del Norte,15,27424,84,67,0,67,0
2020-07-25,El Dorado,17,186661,723,528,0,528,1
2020-07-25,Fresno,19,978130,19863,12866,146,13012,117
2020-07-25,Glenn,21,27897,353,260,0,260,1
2020-07-25,Humboldt,23,135768,244,212,0,212,4
2020-07-25,Imperial,25,180216,10086,7727,6,7733,144
2020-07-25,Inyo,27,18085,55,43,0,43,1
2020-07-25,Kern,29,883053,22753,16910,106,17016,148
2020-07-25,Kings,31,150075,4282,3516,24,3540,39
2020-07-25,Lake,33,64148,210,173,0,173,1
2020-07-25,Lassen,35,31185,571,503,1,504,0
2020-07-25,Los Angeles,37,10098052,191450,172611,470,173081,4357
2020-07-25,Madera,39,155013,2488,1724,1,1725,17
2020-07-25,Marin,41,260295,5125,4562,4,4566,22
2020-07-25,Mariposa,43,17540,55,43,0,43,1
2020-07-25,Mendocino,45,87422,267,190,0,190,0
2020-07-25,Merced,47,269075,5118,3176,1,3177,23
2020-07-25,Modoc,49,8938,3,0,0,0,0
2020-07-25,Mono,51,14174,136,82,0,82,1
2020-07-25,Monterey,53,433212,4846,3805,10,3815,21
2020-07-25,Napa,55,140530,1061,746,0,746,6
2020-07-25,Nevada,57,99092,321,257,12,269,1
2020-07-25,Orange,59,3164182,41167,33978,710,34688,561
2020-07-25,Placer,61,380077,2070,1596,2,1598,12
2020-07-25,Plumas,63,18699,33,22,0,22,0
2020-07-25,Riverside,65,2383286,42072,34921,19,34940,655
2020-07-25,Sacramento,67,1510023,11505,8674,9,8683,113
2020-07-25,San Benito,69,59416,638,492,0,492,2
2020-07-25,San Bernardino,71,2135413,37273,29265,24,29289,394
2020-07-25,San Diego,73,3302833,30555,26703,0,26703,533
2020-07-25,San Francisco,75,870044,6843,5644,6,5650,55
2020-07-25,San Joaquin,77,732212,13387,10347,6,10353,129
2020-07-25,San Luis Obispo,79,281455,1894,1530,4,1534,8
2020-07-25,San Mateo,81,765935,6046,5023,4,5027,113
2020-07-25,Santa Barbara,83,443738,6785,5880,49,5929,30
2020-07-25,Santa Clara,85,1922200,11476,8767,16,8783,166
2020-07-25,Santa Cruz,87,273765,1190,939,9,948,4
2020-07-25,Shasta,89,179085,443,263,1,264,8
2020-07-25,Sierra,91,2930,2,1,0,1,0
2020-07-25,Siskiyou,93,43540,83,54,0,54,0
2020-07-25,Solano,95,438530,3977,3107,18,3125,29
2020-07-25,Sonoma,97,501317,3356,2412,5,2417,20
2020-07-25,Stanislaus,99,539301,10539,7994,14,8008,84
2020-07-25,Sutter,101,95872,750,603,0,603,2
2020-07-25,Tehama,103,63373,253,169,1,170,1
2020-07-25,Trinity,105,12862,9,3,4,7,0
2020-07-25,Tulare,107,460477,10218,8310,25,8335,172
2020-07-25,Tuolumne,109,53932,144,99,1,100,0
2020-07-25,Ventura,111,848112,8046,6662,19,6681,62
2020-07-25,Yolo,113,214977,1707,1357,3,1360,35
2020-07-25,Yuba,115,75493,424,312,0,312,1
2020-07-24,Alameda,1,1643700,12538,10216,38,10254,176
2020-07-24,Alpine,3,1148,3,2,0,2,0
2020-07-24,Amador,5,37829,137,66,0,66,0
2020-07-24,Butte,7,227075,997,751,6,757,5
2020-07-24,Calaveras,9,45235,121,102,0,102,0
2020-07-24,Colusa,11,21464,337,255,0,255,2
2020-07-24,Contra Costa,13,1133247,9135,6814,25,6839,100
2020-07-24,Del Norte,15,27424,84,66,0,66,0
2020-07-24,El Dorado,17,186661,701,516,0,516,1
2020-07-24,Fresno,19,978130,19637,12564,146,12710,115
2020-07-24,Glenn,21,27897,350,251,0,251,1
2020-07-24,Humboldt,23,135768,241,210,0,210,4
2020-07-24,Imperial,25,180216,10064,7686,6,7692,141
2020-07-24,Inyo,27,18085,55,41,0,41,1
2020-07-24,Kern,29,883053,22512,16124,106,16230,143
2020-07-24,Kings,31,150075,4254,3471,24,3495,39
2020-07-24,Lake,33,64148,208,167,0,167,1
2020-07-24,Lassen,35,31185,571,503,1,504,0
2020-07-24,Los Angeles,37,10098052,189431,169078,457,169535,4302
2020-07-24,Madera,39,155013,2455,1679,1,1680,16
2020-07-24,Marin,41,260295,5098,4517,4,4521,22
2020-07-24,Mariposa,43,17540,55,41,0,41,1
2020-07-24,Mendocino,45,87422,260,188,0,188,0
2020-07-24,Merced,47,269075,5033,3100,1,3101,23
2020-07-24,Modoc,49,8938,3,0,0,0,0
2020-07-24,Mono,51,14174,135,82,0,82,1
2020-07-24,Monterey,53,433212,4774,3748,10,3758,21
2020-07-24,Napa,55,140530,1048,741,0,741,6
2020-07-24,Nevada,57,99092,318,255,12,267,1
2020-07-24,Orange,59,3164182,40880,33530,693,34223,557
2020-07-24,Placer,61,380077,2040,1551,2,1553,12
2020-07-24,Plumas,63,18699,33,22,0,22,0
2020-07-24,Riverside,65,2383286,41648,34513,18,34531,631
2020-07-24,Sacramento,67,1510023,11320,8570,9,8579,110
2020-07-24,San Benito,69,59416,631,485,0,485,2
2020-07-24,San Bernardino,71,2135413,36901,28990,24,29014,386
2020-07-24,San Diego,73,3302833,30255,26100,0,26100,524
2020-07-24,San Francisco,75,870044,6749,5611,6,5617,55
2020-07-24,San Joaquin,77,732212,13239,10190,6,10196,118
2020-07-24,San Luis Obispo,79,281455,1870,1476,4,1480,8
2020-07-24,San Mateo,81,765935,5983,4954,4,4958,112
2020-07-24,Santa Barbara,83,443738,6731,5776,47,5823,30
2020-07-24,Santa Clara,85,1922200,11312,8658,16,8674,165
2020-07-24,Santa Cruz,87,273765,1170,930,9,939,4
2020-07-24,Shasta,89,179085,435,262,1,263,8
2020-07-24,Sierra,91,2930,2,1,0,1,0
2020-07-24,Siskiyou,93,43540,83,53,0,53,0
2020-07-24,Solano,95,438530,3941,3062,15,3077,29
2020-07-24,Sonoma,97,501317,3303,2345,5,2350,20
2020-07-24,Stanislaus,99,539301,10369,7861,11,7872,82
2020-07-24,Sutter,101,95872,739,593,0,593,2
2020-07-24,Tehama,103,63373,245,170,1,171,1
2020-07-24,Trinity,105,12862,8,3,4,7,0
2020-07-24,Tulare,107,460477,10124,8167,23,8190,167
2020-07-24,Tuolumne,109,53932,138,99,1,100,0
2020-07-24,Ventura,111,848112,7961,6553,19,6572,60
2020-07-24,Yolo,113,214977,1693,1329,3,1332,35
2020-07-24,Yuba,115,75493,409,307,0,307,1
2020-07-23,Alameda,1,1643700,12299,9924,38,9962,171
2020-07-23,Alpine,3,1148,3,2,0,2,0
2020-07-23,Amador,5,37829,120,61,0,61,0
2020-07-23,Butte,7,227075,982,726,6,732,5
2020-07-23,Calaveras,9,45235,114,102,0,102,0
2020-07-23,Colusa,11,21464,329,242,0,242,2
2020-07-23,Contra Costa,13,1133247,8934,6619,23,6642,98
2020-07-23,Del Norte,15,27424,84,66,0,66,0
2020-07-23,El Dorado,17,186661,690,491,0,491,1
2020-07-23,Fresno,19,978130,19281,12164,143,12307,112
2020-07-23,Glenn,21,27897,345,246,0,246,1
2020-07-23,Humboldt,23,135768,240,208,0,208,4
2020-07-23,Imperial,25,180216,10014,7604,6,7610,138
2020-07-23,Inyo,27,18085,53,38,0,38,1
2020-07-23,Kern,29,883053,22105,14491,102,14593,128
2020-07-23,Kings,31,150075,4146,3371,24,3395,39
2020-07-23,Lake,33,64148,199,160,0,160,1
2020-07-23,Lassen,35,31185,568,503,1,504,0
2020-07-23,Los Angeles,37,10098052,186884,167198,431,167629,4265
2020-07-23,Madera,39,155013,2388,1659,1,1660,13
2020-07-23,Marin,41,260295,5046,4423,4,4427,22
2020-07-23,Mariposa,43,17540,55,40,0,40,1
2020-07-23,Mendocino,45,87422,250,178,0,178,0
2020-07-23,Merced,47,269075,4877,2972,1,2973,22
2020-07-23,Modoc,49,8938,3,0,0,0,0
2020-07-23,Mono,51,14174,131,82,0,82,1
2020-07-23,Monterey,53,433212,4657,3655,10,3665,21
2020-07-23,Napa,55,140530,1024,713,0,713,5
2020-07-23,Nevada,57,99092,315,247,12,259,1
2020-07-23,Orange,59,3164182,40384,32863,662,33525,544
2020-07-23,Placer,61,380077,1997,1519,2,1521,12
2020-07-23,Plumas,63,18699,32,21,0,21,0
2020-07-23,Riverside,65,2383286,41043,33833,18,33851,630
2020-07-23,Sacramento,67,1510023,11090,8222,9,8231,108
2020-07-23,San Benito,69,59416,616,478,0,478,2
2020-07-23,San Bernardino,71,2135413,36381,28121,23,28144,369
2020-07-23,San Diego,73,3302833,29881,25109,0,25109,505
2020-07-23,San Francisco,75,870044,6647,5543,6,5549,55
2020-07-23,San Joaquin,77,732212,13020,9861,6,9867,111
2020-07-23,San Luis Obispo,79,281455,1844,1438,4,1442,7
2020-07-23,San Mateo,81,765935,5878,4895,4,4899,113
2020-07-23,Santa Barbara,83,443738,6657,5628,47,5675,30
2020-07-23,Santa Clara,85,1922200,11094,8458,16,8474,165
2020-07-23,Santa Cruz,87,273765,1134,887,9,896,3
2020-07-23,Shasta,89,179085,424,254,1,255,9
2020-07-23,Sierra,91,2930,2,1,0,1,0
2020-07-23,Siskiyou,93,43540,81,53,0,53,0
2020-07-23,Solano,95,438530,3877,2962,13,2975,29
2020-07-23,Sonoma,97,501317,3227,2289,5,2294,18
2020-07-23,Stanislaus,99,539301,10128,7603,11,7614,71
2020-07-23,Sutter,101,95872,706,570,0,570,2
2020-07-23,Tehama,103,63373,239,158,1,159,1
2020-07-23,Trinity,105,12862,7,3,4,7,0
2020-07-23,Tulare,107,460477,9935,7898,23,7921,168
2020-07-23,Tuolumne,109,53932,138,93,1,94,0
2020-07-23,Ventura,111,848112,7837,6303,19,6322,56
2020-07-23,Yolo,113,214977,1675,1279,3,1282,35
2020-07-23,Yuba,115,75493,389,297,0,297,1
2020-07-22,Alameda,1,1643700,12079,9678,37,9715,169
2020-07-22,Alpine,3,1148,3,2,0,2,0
2020-07-22,Amador,5,37829,118,58,0,58,0
2020-07-22,Butte,7,227075,947,694,5,699,5
2020-07-22,Calaveras,9,45235,114,98,0,98,0
2020-07-22,Colusa,11,21464,322,236,0,236,0
2020-07-22,Contra Costa,13,1133247,8708,6401,23,6424,98
2020-07-22,Del Norte,15,27424,84,66,0,66,0
2020-07-22,El Dorado,17,186661,677,466,0,466,1
2020-07-22,Fresno,19,978130,18921,11756,137,11893,110
2020-07-22,Glenn,21,27897,339,236,0,236,1
2020-07-22,Humboldt,23,135768,238,201,0,201,4
2020-07-22,Imperial,25,180216,9955,7533,6,7539,134
2020-07-22,Inyo,27,18085,49,38,0,38,1
2020-07-22,Kern,29,883053,21673,13513,95,13608,127
2020-07-22,Kings,31,150075,4093,3271,24,3295,38
2020-07-22,Lake,33,64148,196,160,0,160,1
2020-07-22,Lassen,35,31185,565,500,1,501,0
2020-07-22,Los Angeles,37,10098052,184222,165242,407,165649,4218
2020-07-22,Madera,39,155013,2313,1578,1,1579,10
2020-07-22,Marin,41,260295,4990,4373,4,4377,23
2020-07-22,Mariposa,43,17540,55,38,0,38,1
2020-07-22,Mendocino,45,87422,243,166,0,166,0
2020-07-22,Merced,47,269075,4750,2828,1,2829,15
2020-07-22,Modoc,49,8938,3,0,0,0,0
2020-07-22,Mono,51,14174,128,82,0,82,1
2020-07-22,Monterey,53,433212,4556,3533,10,3543,20
2020-07-22,Napa,55,140530,1002,687,0,687,5
2020-07-22,Nevada,57,99092,309,239,11,250,1
2020-07-22,Orange,59,3164182,39885,32047,653,32700,522
2020-07-22,Placer,61,380077,1940,1469,2,1471,12
2020-07-22,Plumas,63,18699,31,20,0,20,0
2020-07-22,Riverside,65,2383286,40409,33093,18,33111,612
2020-07-22,Sacramento,67,1510023,10825,8028,8,8036,106
2020-07-22,San Benito,69,59416,602,465,0,465,2
2020-07-22,San Bernardino,71,2135413,35861,26820,23,26843,348
2020-07-22,San Diego,73,3302833,29493,25109,0,25109,505
2020-07-22,San Francisco,75,870044,6543,5473,5,5478,53
2020-07-22,San Joaquin,77,732212,12744,9628,6,9634,102
2020-07-22,San Luis Obispo,79,281455,1800,1373,4,1377,7
2020-07-22,San Mateo,81,765935,5789,4796,4,4800,112
2020-07-22,Santa Barbara,83,443738,6572,5508,45,5553,29
2020-07-22,Santa Clara,85,1922200,10849,8266,16,8282,166
2020-07-22,Santa Cruz,87,273765,1111,866,9,875,3
2020-07-22,Shasta,89,179085,414,246,1,247,9
2020-07-22,Sierra,91,2930,1,1,0,1,0
2020-07-22,Siskiyou,93,43540,80,52,0,52,0
2020-07-22,Solano,95,438530,3816,2839,12,2851,29
2020-07-22,Sonoma,97,501317,3150,2255,5,2260,17
2020-07-22,Stanislaus,99,539301,9957,7401,11,7412,71
2020-07-22,Sutter,101,95872,682,551,0,551,2
2020-07-22,Tehama,103,63373,231,155,1,156,1
2020-07-22,Trinity,105,12862,7,3,4,7,0
2020-07-22,Tulare,107,460477,9702,7640,23,7663,167
2020-07-22,Tuolumne,109,53932,134,91,1,92,0
2020-07-22,Ventura,111,848112,7710,6223,17,6240,56
2020-07-22,Yolo,113,214977,1632,1233,3,1236,34
2020-07-22,Yuba,115,75493,374,288,0,288,1
2020-07-21,Alameda,1,1643700,11865,9390,37,9427,166
2020-07-21,Alpine,3,1148,3,2,0,2,0
2020-07-21,Amador,5,37829,113,55,0,55,0
2020-07-21,Butte,7,227075,903,659,4,663,5
2020-07-21,Calaveras,9,45235,109,96,0,96,0
2020-07-21,Colusa,11,21464,298,227,0,227,0
2020-07-21,Contra Costa,13,1133247,8466,6210,23,6233,98
2020-07-21,Del Norte,15,27424,84,66,0,66,0
2020-07-21,El Dorado,17,186661,669,440,0,440,1
2020-07-21,Fresno,19,978130,18522,11412,131,11543,107
2020-07-21,Glenn,21,27897,332,229,0,229,1
2020-07-21,Humboldt,23,135768,236,198,0,198,4
2020-07-21,Imperial,25,180216,9906,7458,6,7464,128
2020-07-21,Inyo,27,18085,48,38,0,38,1
2020-07-21,Kern,29,883053,21251,11998,89,12087,119
2020-07-21,Kings,31,150075,4030,3187,24,3211,38
2020-07-21,Lake,33,64148,196,157,0,157,1
2020-07-21,Lassen,35,31185,563,474,1,475,0
2020-07-21,Los Angeles,37,10098052,181216,162205,385,162590,4159
2020-07-21,Madera,39,155013,2248,1508,1,1509,10
2020-07-21,Marin,41,260295,4919,4318,4,4322,21
2020-07-21,Mariposa,43,17540,54,37,0,37,1
2020-07-21,Mendocino,45,87422,232,160,0,160,0
2020-07-21,Merced,47,269075,4571,2725,1,2726,15
2020-07-21,Modoc,49,8938,3,0,0,0,0
2020-07-21,Mono,51,14174,124,79,0,79,1
2020-07-21,Monterey,53,433212,4424,3404,9,3413,20
2020-07-21,Napa,55,140530,975,660,0,660,5
2020-07-21,Nevada,57,99092,307,228,9,237,1
2020-07-21,Orange,59,3164182,39389,31356,619,31975,515
2020-07-21,Placer,61,380077,1900,1413,2,1415,11
2020-07-21,Plumas,63,18699,31,19,0,19,0
2020-07-21,Riverside,65,2383286,39708,32231,18,32249,583
2020-07-21,Sacramento,67,1510023,10553,7789,7,7796,102
2020-07-21,San Benito,69,59416,591,444,0,444,2
2020-07-21,San Bernardino,71,2135413,35216,25323,22,25345,343
2020-07-21,San Diego,73,3302833,29044,24522,0,24522,487
2020-07-21,San Francisco,75,870044,6434,5377,5,5382,53
2020-07-21,San Joaquin,77,732212,12418,9150,6,9156,99
2020-07-21,San Luis Obispo,79,281455,1752,1338,4,1342,7
2020-07-21,San Mateo,81,765935,5697,4733,4,4737,111
2020-07-21,Santa Barbara,83,443738,6490,5422,44,5466,29
2020-07-21,Santa Clara,85,1922200,10586,7989,16,8005,164
2020-07-21,Santa Cruz,87,273765,1078,835,9,844,3
2020-07-21,Shasta,89,179085,406,241,1,242,9
2020-07-21,Sierra,91,2930,1,1,0,1,0
2020-07-21,Siskiyou,93,43540,80,48,0,48,0
2020-07-21,Solano,95,438530,3743,2727,12,2739,27
2020-07-21,Sonoma,97,501317,3093,2200,5,2205,17
2020-07-21,Stanislaus,99,539301,9693,6984,11,6995,69
2020-07-21,Sutter,101,95872,666,533,0,533,2
2020-07-21,Tehama,103,63373,221,150,1,151,1
2020-07-21,Trinity,105,12862,7,2,4,6,0
2020-07-21,Tulare,107,460477,9499,7447,23,7470,167
2020-07-21,Tuolumne,109,53932,132,75,1,76,0
2020-07-21,Ventura,111,848112,7578,6131,17,6148,55
2020-07-21,Yolo,113,214977,1579,1204,3,1207,34
2020-07-21,Yuba,115,75493,368,269,0,269,1
2020-07-20,Alameda,1,1643700,11612,9244,36,9280,162
2020-07-20,Alpine,3,1148,3,2,0,2,0
2020-07-20,Amador,5,37829,110,53,0,53,0
2020-07-20,Butte,7,227075,865,586,4,590,4
2020-07-20,Calaveras,9,45235,106,90,0,90,0
2020-07-20,Colusa,11,21464,287,217,0,217,0
2020-07-20,Contra Costa,13,1133247,8258,5823,23,5846,97
2020-07-20,Del Norte,15,27424,84,61,0,61,0
2020-07-20,El Dorado,17,186661,646,407,0,407,0
2020-07-20,Fresno,19,978130,18080,10891,130,11021,106
2020-07-20,Glenn,21,27897,324,225,0,225,1
2020-07-20,Humboldt,23,135768,229,194,0,194,4
2020-07-20,Imperial,25,180216,9866,7337,6,7343,124
2020-07-20,Inyo,27,18085,46,38,0,38,1
2020-07-20,Kern,29,883053,20741,10908,85,10993,118
2020-07-20,Kings,31,150075,3982,3093,24,3117,37
2020-07-20,Lake,33,64148,193,147,0,147,1
2020-07-20,Lassen,35,31185,561,474,1,475,0
2020-07-20,Los Angeles,37,10098052,178246,159202,357,159559,4108
2020-07-20,Madera,39,155013,2173,1433,1,1434,10
2020-07-20,Marin,41,260295,4838,4255,4,4259,21
2020-07-20,Mariposa,43,17540,53,36,0,36,1
2020-07-20,Mendocino,45,87422,219,153,0,153,0
2020-07-20,Merced,47,269075,4401,2584,1,2585,15
2020-07-20,Modoc,49,8938,3,0,0,0,0
2020-07-20,Mono,51,14174,118,78,0,78,1
2020-07-20,Monterey,53,433212,4318,3205,9,3214,19
2020-07-20,Napa,55,140530,938,632,0,632,5
2020-07-20,Nevada,57,99092,299,218,9,227,1
2020-07-20,Orange,59,3164182,38782,30337,588,30925,507
2020-07-20,Placer,61,380077,1852,1364,2,1366,11
2020-07-20,Plumas,63,18699,30,17,0,17,0
2020-07-20,Riverside,65,2383286,38880,31163,18,31181,581
2020-07-20,Sacramento,67,1510023,10225,7369,7,7376,99
2020-07-20,San Benito,69,59416,573,433,0,433,2
2020-07-20,San Bernardino,71,2135413,34406,24226,21,24247,338
2020-07-20,San Diego,73,3302833,28602,24137,0,24137,478
2020-07-20,San Francisco,75,870044,6313,5090,5,5095,53
2020-07-20,San Joaquin,77,732212,12061,8583,6,8589,97
2020-07-20,San Luis Obispo,79,281455,1712,1282,4,1286,6
2020-07-20,San Mateo,81,765935,5596,4609,4,4613,111
2020-07-20,Santa Barbara,83,443738,6369,5266,42,5308,29
2020-07-20,Santa Clara,85,1922200,10358,7711,15,7726,164
2020-07-20,Santa Cruz,87,273765,1046,758,9,767,3
2020-07-20,Shasta,89,179085,391,233,1,234,9
2020-07-20,Sierra,91,2930,1,1,0,1,0
2020-07-20,Siskiyou,93,43540,76,42,0,42,0
2020-07-20,Solano,95,438530,3660,2537,12,2549,26
2020-07-20,Sonoma,97,501317,2986,2148,5,2153,17
2020-07-20,Stanislaus,99,539301,9415,6835,11,6846,58
2020-07-20,Sutter,101,95872,633,507,0,507,2
2020-07-20,Tehama,103,63373,211,146,1,147,1
2020-07-20,Trinity,105,12862,7,2,4,6,0
2020-07-20,Tulare,107,460477,9265,6974,23,6997,166
2020-07-20,Tuolumne,109,53932,131,75,1,76,0
2020-07-20,Ventura,111,848112,7445,5912,17,5929,52
2020-07-20,Yolo,113,214977,1539,1155,3,1158,30
2020-07-20,Yuba,115,75493,348,258,0,258,1
2020-07-19,Alameda,1,1643700,11375,9227,30,9257,162
2020-07-19,Alpine,3,1148,3,2,0,2,0
2020-07-19,Amador,5,37829,103,51,0,51,0
2020-07-19,Butte,7,227075,840,555,4,559,4
2020-07-19,Calaveras,9,45235,104,89,0,89,0
2020-07-19,Colusa,11,21464,279,187,0,187,0
2020-07-19,Contra Costa,13,1133247,7967,5691,21,5712,95
2020-07-19,Del Norte,15,27424,83,61,0,61,0
2020-07-19,El Dorado,17,186661,628,385,0,385,0
2020-07-19,Fresno,19,978130,17558,10639,118,10757,106
2020-07-19,Glenn,21,27897,310,215,0,215,0
2020-07-19,Humboldt,23,135768,221,195,0,195,4
2020-07-19,Imperial,25,180216,9775,7280,6,7286,124
2020-07-19,Inyo,27,18085,42,38,0,38,1
2020-07-19,Kern,29,883053,20124,10094,78,10172,115
2020-07-19,Kings,31,150075,3898,3035,24,3059,37
2020-07-19,Lake,33,64148,188,144,0,144,1
2020-07-19,Lassen,35,31185,542,474,1,475,0
2020-07-19,Los Angeles,37,10098052,174804,156039,334,156373,4100
2020-07-19,Madera,39,155013,2096,1301,1,1302,10
2020-07-19,Marin,41,260295,4783,4172,4,4176,21
2020-07-19,Mariposa,43,17540,49,35,0,35,1
2020-07-19,Mendocino,45,87422,214,137,0,137,0
2020-07-19,Merced,47,269075,4194,2460,1,2461,15
2020-07-19,Modoc,49,8938,3,0,0,0,0
2020-07-19,Mono,51,14174,107,63,0,63,1
2020-07-19,Monterey,53,433212,4198,3079,9,3088,18
2020-07-19,Napa,55,140530,909,612,0,612,5
2020-07-19,Nevada,57,99092,293,210,9,219,1
2020-07-19,Orange,59,3164182,38219,29941,575,30516,505
2020-07-19,Placer,61,380077,1803,1246,2,1248,11
2020-07-19,Plumas,63,18699,30,17,0,17,0
2020-07-19,Riverside,65,2383286,38177,30340,18,30358,581
2020-07-19,Sacramento,67,1510023,9839,6985,7,6992,97
2020-07-19,San Benito,69,59416,557,412,0,412,2
2020-07-19,San Bernardino,71,2135413,33636,23928,21,23949,337
2020-07-19,San Diego,73,3302833,28102,23684,0,23684,478
2020-07-19,San Francisco,75,870044,6166,5094,5,5099,52
2020-07-19,San Joaquin,77,732212,11656,8308,6,8314,93
2020-07-19,San Luis Obispo,79,281455,1668,1262,3,1265,6
2020-07-19,San Mateo,81,765935,5489,4522,4,4526,110
2020-07-19,Santa Barbara,83,443738,6265,5145,39,5184,29
2020-07-19,Santa Clara,85,1922200,10114,7403,15,7418,164
2020-07-19,Santa Cruz,87,273765,1002,753,9,762,3
2020-07-19,Shasta,89,179085,378,218,1,219,9
2020-07-19,Sierra,91,2930,1,1,0,1,0
2020-07-19,Siskiyou,93,43540,74,42,0,42,0
2020-07-19,Solano,95,438530,3556,2551,12,2563,26
2020-07-19,Sonoma,97,501317,2885,2074,5,2079,17
2020-07-19,Stanislaus,99,539301,9119,6508,11,6519,58
2020-07-19,Sutter,101,95872,602,480,0,480,2
2020-07-19,Tehama,103,63373,207,138,1,139,1
2020-07-19,Trinity,105,12862,7,2,4,6,0
2020-07-19,Tulare,107,460477,9016,6856,23,6879,166
2020-07-19,Tuolumne,109,53932,126,75,1,76,0
2020-07-19,Ventura,111,848112,7255,5706,17,5723,52
2020-07-19,Yolo,113,214977,1499,1127,3,1130,30
2020-07-19,Yuba,115,75493,328,240,0,240,1
2020-07-18,Alameda,1,1643700,11239,9089,28,9117,162
2020-07-18,Alpine,3,1148,3,2,0,2,0
2020-07-18,Amador,5,37829,99,49,0,49,0
2020-07-18,Butte,7,227075,831,551,4,555,4
2020-07-18,Calaveras,9,45235,100,89,0,89,0
2020-07-18,Colusa,11,21464,274,182,0,182,0
2020-07-18,Contra Costa,13,1133247,7832,5617,21,5638,95
2020-07-18,Del Norte,15,27424,83,61,0,61,0
2020-07-18,El Dorado,17,186661,625,385,0,385,0
2020-07-18,Fresno,19,978130,17309,10381,116,10497,106
2020-07-18,Glenn,21,27897,304,212,0,212,0
2020-07-18,Humboldt,23,135768,218,189,0,189,4
2020-07-18,Imperial,25,180216,9744,7268,6,7274,124
2020-07-18,Inyo,27,18085,42,38,0,38,1
2020-07-18,Kern,29,883053,19821,9250,75,9325,114
2020-07-18,Kings,31,150075,3860,2996,23,3019,37
2020-07-18,Lake,33,64148,185,142,0,142,1
2020-07-18,Lassen,35,31185,541,474,1,475,0
2020-07-18,Los Angeles,37,10098052,173358,153265,319,153584,4088
2020-07-18,Madera,39,155013,2050,1260,1,1261,9
2020-07-18,Marin,41,260295,4754,4089,4,4093,21
2020-07-18,Mariposa,43,17540,49,35,0,35,1
2020-07-18,Mendocino,45,87422,207,137,0,137,0
2020-07-18,Merced,47,269075,4075,2424,1,2425,15
2020-07-18,Modoc,49,8938,3,0,0,0,0
2020-07-18,Mono,51,14174,105,54,0,54,1
2020-07-18,Monterey,53,433212,4131,3020,9,3029,17
2020-07-18,Napa,55,140530,899,609,0,609,5
2020-07-18,Nevada,57,99092,289,204,8,212,1
2020-07-18,Orange,59,3164182,37900,29603,553,30156,493
2020-07-18,Placer,61,380077,1779,1233,2,1235,11
2020-07-18,Plumas,63,18699,30,17,0,17,0
2020-07-18,Riverside,65,2383286,37825,30245,17,30262,581
2020-07-18,Sacramento,67,1510023,9596,6739,7,6746,95
2020-07-18,San Benito,69,59416,542,407,0,407,2
2020-07-18,San Bernardino,71,2135413,33177,23680,21,23701,336
2020-07-18,San Diego,73,3302833,27799,23116,0,23116,478
2020-07-18,San Francisco,75,870044,6064,5051,5,5056,52
2020-07-18,San Joaquin,77,732212,11444,8118,6,8124,93
2020-07-18,San Luis Obispo,79,281455,1635,1234,3,1237,6
2020-07-18,San Mateo,81,765935,5429,4488,4,4492,110
2020-07-18,Santa Barbara,83,443738,6205,5110,37,5147,29
2020-07-18,Santa Clara,85,1922200,9964,7255,14,7269,164
2020-07-18,Santa Cruz,87,273765,985,751,9,760,3
2020-07-18,Shasta,89,179085,369,216,1,217,9
2020-07-18,Sierra,91,2930,1,1,0,1,0
2020-07-18,Siskiyou,93,43540,70,42,0,42,0
2020-07-18,Solano,95,438530,3515,2503,12,2515,26
2020-07-18,Sonoma,97,501317,2834,2019,5,2024,15
2020-07-18,Stanislaus,99,539301,8987,6344,11,6355,58
2020-07-18,Sutter,101,95872,596,473,0,473,2
2020-07-18,Tehama,103,63373,202,136,1,137,1
2020-07-18,Trinity,105,12862,7,2,4,6,0
2020-07-18,Tulare,107,460477,8925,6810,22,6832,167
2020-07-18,Tuolumne,109,53932,123,75,1,76,0
2020-07-18,Ventura,111,848112,7173,5630,17,5647,52
2020-07-18,Yolo,113,214977,1471,1077,3,1080,30
2020-07-18,Yuba,115,75493,317,237,0,237,1
2020-07-17,Alameda,1,1643700,11099,8893,27,8920,160
2020-07-17,Alpine,3,1148,3,1,0,1,0
2020-07-17,Amador,5,37829,97,48,0,48,0
2020-07-17,Butte,7,227075,817,497,4,501,4
2020-07-17,Calaveras,9,45235,98,86,0,86,0
2020-07-17,Colusa,11,21464,272,146,0,146,0
2020-07-17,Contra Costa,13,1133247,7684,5483,21,5504,93
2020-07-17,Del Norte,15,27424,82,60,0,60,0
2020-07-17,El Dorado,17,186661,609,368,0,368,0
2020-07-17,Fresno,19,978130,17011,9954,116,10070,104
2020-07-17,Glenn,21,27897,297,203,0,203,0
2020-07-17,Humboldt,23,135768,217,185,0,185,4
2020-07-17,Imperial,25,180216,9722,7193,6,7199,120
2020-07-17,Inyo,27,18085,42,38,0,38,1
2020-07-17,Kern,29,883053,19501,8291,73,8364,113
2020-07-17,Kings,31,150075,3822,2978,23,3001,37
2020-07-17,Lake,33,64148,183,139,0,139,1
2020-07-17,Lassen,35,31185,522,391,1,392,0
2020-07-17,Los Angeles,37,10098052,170988,150481,306,150787,4052
2020-07-17,Madera,39,155013,2006,1214,1,1215,9
2020-07-17,Marin,41,260295,4717,3839,4,3843,21
2020-07-17,Mariposa,43,17540,47,35,0,35,1
2020-07-17,Mendocino,45,87422,199,126,0,126,0
2020-07-17,Merced,47,269075,3999,2328,1,2329,12
2020-07-17,Modoc,49,8938,2,0,0,0,0
2020-07-17,Mono,51,14174,100,54,0,54,1
2020-07-17,Monterey,53,433212,4002,2922,9,2931,18
2020-07-17,Napa,55,140530,885,598,0,598,5
2020-07-17,Nevada,57,99092,282,200,8,208,1
2020-07-17,Orange,59,3164182,37438,28962,519,29481,485
2020-07-17,Placer,61,380077,1751,1207,2,1209,11
2020-07-17,Plumas,63,18699,27,16,0,16,0
2020-07-17,Riverside,65,2383286,37226,29639,17,29656,580
2020-07-17,Sacramento,67,1510023,9352,6563,7,6570,95
2020-07-17,San Benito,69,59416,527,399,0,399,2
2020-07-17,San Bernardino,71,2135413,32659,23057,21,23078,322
2020-07-17,San Diego,73,3302833,27411,22491,0,22491,472
2020-07-17,San Francisco,75,870044,5969,4967,5,4972,52
2020-07-17,San Joaquin,77,732212,11199,7925,6,7931,86
2020-07-17,San Luis Obispo,79,281455,1599,1190,3,1193,6
2020-07-17,San Mateo,81,765935,5333,4407,4,4411,110
2020-07-17,Santa Barbara,83,443738,6133,5001,36,5037,29
2020-07-17,Santa Clara,85,1922200,9747,7080,14,7094,164
2020-07-17,Santa Cruz,87,273765,963,716,9,725,3
2020-07-17,Shasta,89,179085,357,213,1,214,8
2020-07-17,Sierra,91,2930,1,1,0,1,0
2020-07-17,Siskiyou,93,43540,69,40,0,40,0
2020-07-17,Solano,95,438530,3466,2452,12,2464,26
2020-07-17,Sonoma,97,501317,2786,1982,5,1987,15
2020-07-17,Stanislaus,99,539301,8816,6220,11,6231,56
2020-07-17,Sutter,101,95872,583,458,0,458,2
2020-07-17,Tehama,103,63373,198,128,1,129,1
2020-07-17,Trinity,105,12862,7,2,4,6,0
2020-07-17,Tulare,107,460477,8789,6671,22,6693,166
2020-07-17,Tuolumne,109,53932,122,73,1,74,0
2020-07-17,Ventura,111,848112,7090,5451,17,5468,51
2020-07-17,Yolo,113,214977,1447,1055,3,1058,30
2020-07-17,Yuba,115,75493,307,231,0,231,1
2020-07-16,Alameda,1,1643700,10866,8719,21,8740,153
2020-07-16,Alpine,3,1148,3,1,0,1,0
2020-07-16,Amador,5,37829,94,46,0,46,0
2020-07-16,Butte,7,227075,780,465,4,469,4
2020-07-16,Calaveras,9,45235,96,82,0,82,0
2020-07-16,Colusa,11,21464,263,140,0,140,0
2020-07-16,Contra Costa,13,1133247,7472,5338,15,5353,91
2020-07-16,Del Norte,15,27424,82,60,0,60,0
2020-07-16,El Dorado,17,186661,592,357,0,357,0
2020-07-16,Fresno,19,978130,16500,9481,107,9588,101
2020-07-16,Glenn,21,27897,288,190,0,190,0
2020-07-16,Humboldt,23,135768,215,184,0,184,4
2020-07-16,Imperial,25,180216,9627,7148,6,7154,113
2020-07-16,Inyo,27,18085,42,38,0,38,1
2020-07-16,Kern,29,883053,18979,7435,71,7506,112
2020-07-16,Kings,31,150075,3656,2937,23,2960,37
2020-07-16,Lake,33,64148,178,128,0,128,1
2020-07-16,Lassen,35,31185,521,355,1,356,0
2020-07-16,Los Angeles,37,10098052,167738,147759,282,148041,3994
2020-07-16,Madera,39,155013,1942,1192,1,1193,8
2020-07-16,Marin,41,260295,4645,3546,4,3550,21
2020-07-16,Mariposa,43,17540,45,34,0,34,1
2020-07-16,Mendocino,45,87422,194,121,0,121,0
2020-07-16,Merced,47,269075,3837,2228,1,2229,12
2020-07-16,Modoc,49,8938,1,0,0,0,0
2020-07-16,Mono,51,14174,97,53,0,53,1
2020-07-16,Monterey,53,433212,3897,2857,8,2865,18
2020-07-16,Napa,55,140530,856,581,0,581,5
2020-07-16,Nevada,57,99092,279,191,8,199,1
2020-07-16,Orange,59,3164182,36737,28525,481,29006,471
2020-07-16,Placer,61,380077,1699,1168,2,1170,11
2020-07-16,Plumas,63,18699,25,16,0,16,0
2020-07-16,Riverside,65,2383286,36481,28904,16,28920,577
2020-07-16,Sacramento,67,1510023,9038,6440,7,6447,91
2020-07-16,San Benito,69,59416,510,389,0,389,2
2020-07-16,San Bernardino,71,2135413,31802,22355,19,22374,321
2020-07-16,San Diego,73,3302833,26924,21857,0,21857,465
2020-07-16,San Francisco,75,870044,5828,4838,5,4843,52
2020-07-16,San Joaquin,77,732212,10836,7713,6,7719,82
2020-07-16,San Luis Obispo,79,281455,1555,1146,3,1149,6
2020-07-16,San Mateo,81,765935,5229,4336,4,4340,110
2020-07-16,Santa Barbara,83,443738,6037,4872,35,4907,28
2020-07-16,Santa Clara,85,1922200,9467,6990,12,7002,164
2020-07-16,Santa Cruz,87,273765,922,698,9,707,3
2020-07-16,Shasta,89,179085,342,208,1,209,7
2020-07-16,Sierra,91,2930,1,1,0,1,0
2020-07-16,Siskiyou,93,43540,66,39,0,39,0
2020-07-16,Solano,95,438530,3372,2372,12,2384,25
2020-07-16,Sonoma,97,501317,2695,1954,5,1959,14
2020-07-16,Stanislaus,99,539301,8535,6077,10,6087,56
2020-07-16,Sutter,101,95872,567,444,0,444,2
2020-07-16,Tehama,103,63373,188,126,1,127,1
2020-07-16,Trinity,105,12862,7,2,3,5,0
2020-07-16,Tulare,107,460477,8573,6467,21,6488,163
2020-07-16,Tuolumne,109,53932,117,71,1,72,0
2020-07-16,Ventura,111,848112,6928,5231,17,5248,50
2020-07-16,Yolo,113,214977,1405,1034,3,1037,29
2020-07-16,Yuba,115,75493,289,221,0,221,1
2020-07-15,Alameda,1,1643700,10664,8615,15,8630,153
2020-07-15,Alpine,3,1148,3,1,0,1,0
2020-07-15,Amador,5,37829,73,44,0,44,0
2020-07-15,Butte,7,227075,739,420,4,424,4
2020-07-15,Calaveras,9,45235,96,75,0,75,0
2020-07-15,Colusa,11,21464,258,135,0,135,0
2020-07-15,Contra Costa,13,1133247,7241,5246,15,5261,90
2020-07-15,Del Norte,15,27424,81,60,0,60,0
2020-07-15,El Dorado,17,186661,568,339,0,339,0
2020-07-15,Fresno,19,978130,16027,9124,100,9224,101
2020-07-15,Glenn,21,27897,279,184,0,184,0
2020-07-15,Humboldt,23,135768,213,181,0,181,4
2020-07-15,Imperial,25,180216,9560,7110,6,7116,110
2020-07-15,Inyo,27,18085,42,36,0,36,1
2020-07-15,Kern,29,883053,18360,7155,68,7223,108
2020-07-15,Kings,31,150075,3595,2906,23,2929,37
2020-07-15,Lake,33,64148,176,122,0,122,1
2020-07-15,Lassen,35,31185,517,319,1,320,0
2020-07-15,Los Angeles,37,10098052,164271,143343,267,143610,3946
2020-07-15,Madera,39,155013,1873,1147,1,1148,4
2020-07-15,Marin,41,260295,4590,3458,4,3462,21
2020-07-15,Mariposa,43,17540,45,34,0,34,1
2020-07-15,Mendocino,45,87422,191,119,0,119,0
2020-07-15,Merced,47,269075,3687,2156,1,2157,12
2020-07-15,Modoc,49,8938,1,0,0,0,0
2020-07-15,Mono,51,14174,95,52,0,52,1
2020-07-15,Monterey,53,433212,3786,2780,8,2788,18
2020-07-15,Napa,55,140530,830,573,0,573,5
2020-07-15,Nevada,57,99092,275,185,6,191,1
2020-07-15,Orange,59,3164182,35935,27718,446,28164,454
2020-07-15,Placer,61,380077,1644,1145,2,1147,11
2020-07-15,Plumas,63,18699,25,16,0,16,0
2020-07-15,Riverside,65,2383286,35702,28492,14,28506,568
2020-07-15,Sacramento,67,1510023,8661,6217,7,6224,91
2020-07-15,San Benito,69,59416,501,388,0,388,2
2020-07-15,San Bernardino,71,2135413,31016,21508,19,21527,317
2020-07-15,San Diego,73,3302833,26457,21448,0,21448,448
2020-07-15,San Francisco,75,870044,5714,4757,5,4762,50
2020-07-15,San Joaquin,77,732212,10403,7381,5,7386,75
2020-07-15,San Luis Obispo,79,281455,1512,1097,3,1100,6
2020-07-15,San Mateo,81,765935,5116,4258,4,4262,109
2020-07-15,Santa Barbara,83,443738,5921,4733,35,4768,28
2020-07-15,Santa Clara,85,1922200,9164,6900,12,6912,164
2020-07-15,Santa Cruz,87,273765,886,660,8,668,3
2020-07-15,Shasta,89,179085,333,193,1,194,7
2020-07-15,Sierra,91,2930,1,1,0,1,0
2020-07-15,Siskiyou,93,43540,65,38,0,38,0
2020-07-15,Solano,95,438530,3278,2343,12,2355,25
2020-07-15,Sonoma,97,501317,2598,1920,5,1925,14
2020-07-15,Stanislaus,99,539301,8240,5777,10,5787,56
2020-07-15,Sutter,101,95872,541,433,0,433,2
2020-07-15,Tehama,103,63373,180,126,1,127,1
2020-07-15,Trinity,105,12862,6,2,3,5,0
2020-07-15,Tulare,107,460477,8360,6320,20,6340,156
2020-07-15,Tuolumne,109,53932,110,68,1,69,0
2020-07-15,Ventura,111,848112,6751,5087,17,5104,50
2020-07-15,Yolo,113,214977,1373,1002,3,1005,27
2020-07-15,Yuba,115,75493,277,221,0,221,1
2020-07-14,Alameda,1,1643700,10324,8388,9,8397,151
2020-07-14,Alpine,3,1148,3,1,0,1,0
2020-07-14,Amador,5,37829,69,44,0,44,0
2020-07-14,Butte,7,227075,694,382,4,386,4
2020-07-14,Calaveras,9,45235,94,74,0,74,0
2020-07-14,Colusa,11,21464,248,128,0,128,0
2020-07-14,Contra Costa,13,1133247,7005,5110,13,5123,90
2020-07-14,Del Norte,15,27424,80,60,0,60,0
2020-07-14,El Dorado,17,186661,553,324,0,324,0
2020-07-14,Fresno,19,978130,15607,8941,96,9037,98
2020-07-14,Glenn,21,27897,269,177,0,177,0
2020-07-14,Humboldt,23,135768,210,175,0,175,4
2020-07-14,Imperial,25,180216,9433,7095,6,7101,109
2020-07-14,Inyo,27,18085,42,35,0,35,1
2020-07-14,Kern,29,883053,17601,6979,55,7034,107
2020-07-14,Kings,31,150075,3528,2867,22,2889,37
2020-07-14,Lake,33,64148,170,120,0,120,1
2020-07-14,Lassen,35,31185,500,263,1,264,0
2020-07-14,Los Angeles,37,10098052,161136,140632,236,140868,3900
2020-07-14,Madera,39,155013,1799,1118,1,1119,4
2020-07-14,Marin,41,260295,4476,3451,4,3455,21
2020-07-14,Mariposa,43,17540,41,32,0,32,1
2020-07-14,Mendocino,45,87422,183,110,0,110,0
2020-07-14,Merced,47,269075,3508,2084,1,2085,12
2020-07-14,Modoc,49,8938,1,0,0,0,0
2020-07-14,Mono,51,14174,85,48,0,48,1
2020-07-14,Monterey,53,433212,3672,2724,8,2732,18
2020-07-14,Napa,55,140530,774,557,0,557,4
2020-07-14,Nevada,57,99092,258,180,5,185,1
2020-07-14,Orange,59,3164182,35056,26915,399,27314,432
2020-07-14,Placer,61,380077,1589,1122,2,1124,11
2020-07-14,Plumas,63,18699,24,14,0,14,0
2020-07-14,Riverside,65,2383286,34947,27850,13,27863,547
2020-07-14,Sacramento,67,1510023,8309,5978,7,5985,87
2020-07-14,San Benito,69,59416,482,360,0,360,2
2020-07-14,San Bernardino,71,2135413,30167,20489,19,20508,316
2020-07-14,San Diego,73,3302833,25838,20887,0,20887,436
2020-07-14,San Francisco,75,870044,5564,4659,4,4663,50
2020-07-14,San Joaquin,77,732212,9976,7143,5,7148,75
2020-07-14,San Luis Obispo,79,281455,1474,1060,3,1063,5
2020-07-14,San Mateo,81,765935,5023,4173,4,4177,108
2020-07-14,Santa Barbara,83,443738,5797,4641,33,4674,28
2020-07-14,Santa Clara,85,1922200,8837,6686,9,6695,164
2020-07-14,Santa Cruz,87,273765,847,639,8,647,3
2020-07-14,Shasta,89,179085,324,190,1,191,7
2020-07-14,Sierra,91,2930,1,1,0,1,0
2020-07-14,Siskiyou,93,43540,64,38,0,38,0
2020-07-14,Solano,95,438530,3178,2266,10,2276,25
2020-07-14,Sonoma,97,501317,2506,1866,5,1871,14
2020-07-14,Stanislaus,99,539301,7871,5631,9,5640,53
2020-07-14,Sutter,101,95872,522,405,0,405,2
2020-07-14,Tehama,103,63373,168,123,1,124,1
2020-07-14,Trinity,105,12862,6,2,3,5,0
2020-07-14,Tulare,107,460477,8114,6199,20,6219,156
2020-07-14,Tuolumne,109,53932,105,68,1,69,0
2020-07-14,Ventura,111,848112,6590,4950,17,4967,50
2020-07-14,Yolo,113,214977,1325,966,3,969,27
2020-07-14,Yuba,115,75493,260,210,0,210,1
2020-07-13,Alameda,1,1643700,10016,8115,9,8124,148
2020-07-13,Alpine,3,1148,3,1,0,1,0
2020-07-13,Amador,5,37829,65,42,0,42,0
2020-07-13,Butte,7,227075,659,354,4,358,4
2020-07-13,Calaveras,9,45235,86,63,0,63,0
2020-07-13,Colusa,11,21464,242,116,0,116,0
2020-07-13,Contra Costa,13,1133247,6732,4882,11,4893,88
2020-07-13,Del Norte,15,27424,74,59,0,59,0
2020-07-13,El Dorado,17,186661,522,298,0,298,0
2020-07-13,Fresno,19,978130,15181,8666,92,8758,95
2020-07-13,Glenn,21,27897,262,168,0,168,0
2020-07-13,Humboldt,23,135768,205,174,0,174,4
2020-07-13,Imperial,25,180216,9348,7052,6,7058,109
2020-07-13,Inyo,27,18085,41,35,0,35,1
2020-07-13,Kern,29,883053,16916,6808,51,6859,107
2020-07-13,Kings,31,150075,3477,2824,22,2846,37
2020-07-13,Lake,33,64148,165,118,0,118,1
2020-07-13,Lassen,35,31185,495,237,1,238,0
2020-07-13,Los Angeles,37,10098052,157898,136368,222,136590,3829
2020-07-13,Madera,39,155013,1730,1059,1,1060,4
2020-07-13,Marin,41,260295,4373,3402,4,3406,21
2020-07-13,Mariposa,43,17540,40,31,0,31,1
2020-07-13,Mendocino,45,87422,179,87,0,87,0
2020-07-13,Merced,47,269075,3359,2007,1,2008,12
2020-07-13,Modoc,49,8938,1,0,0,0,0
2020-07-13,Mono,51,14174,81,47,0,47,1
2020-07-13,Monterey,53,433212,3549,2613,5,2618,18
2020-07-13,Napa,55,140530,738,534,0,534,4
2020-07-13,Nevada,57,99092,243,172,5,177,1
2020-07-13,Orange,59,3164182,34193,25978,368,26346,423
2020-07-13,Placer,61,380077,1542,1096,2,1098,11
2020-07-13,Plumas,63,18699,22,14,0,14,0
2020-07-13,Riverside,65,2383286,34021,27136,11,27147,545
2020-07-13,Sacramento,67,1510023,8014,5747,7,5754,85
2020-07-13,San Benito,69,59416,469,343,0,343,2
2020-07-13,San Bernardino,71,2135413,29291,19610,16,19626,313
2020-07-13,San Diego,73,3302833,25271,20348,0,20348,422
2020-07-13,San Francisco,75,870044,5437,4534,3,4537,50
2020-07-13,San Joaquin,77,732212,9559,6927,5,6932,71
2020-07-13,San Luis Obispo,79,281455,1443,989,3,992,5
2020-07-13,San Mateo,81,765935,4892,4057,4,4061,108
2020-07-13,Santa Barbara,83,443738,5683,4441,32,4473,28
2020-07-13,Santa Clara,85,1922200,8513,6488,8,6496,164
2020-07-13,Santa Cruz,87,273765,808,574,8,582,3
2020-07-13,Shasta,89,179085,313,185,1,186,6
2020-07-13,Sierra,91,2930,1,1,0,1,0
2020-07-13,Siskiyou,93,43540,60,37,0,37,0
2020-07-13,Solano,95,438530,3066,2046,10,2056,23
2020-07-13,Sonoma,97,501317,2396,1818,5,1823,14
2020-07-13,Stanislaus,99,539301,7571,5324,7,5331,53
2020-07-13,Sutter,101,95872,484,379,0,379,2
2020-07-13,Tehama,103,63373,155,112,1,113,1
2020-07-13,Trinity,105,12862,6,2,3,5,0
2020-07-13,Tulare,107,460477,7853,5930,18,5948,147
2020-07-13,Tuolumne,109,53932,97,56,1,57,0
2020-07-13,Ventura,111,848112,6400,4800,14,4814,50
2020-07-13,Yolo,113,214977,1280,941,3,944,27
2020-07-13,Yuba,115,75493,245,194,0,194,1
2020-07-12,Alameda,1,1643700,9745,8056,9,8065,148
2020-07-12,Alpine,3,1148,3,1,0,1,0
2020-07-12,Amador,5,37829,55,40,0,40,0
2020-07-12,Butte,7,227075,609,341,4,345,4
2020-07-12,Calaveras,9,45235,86,62,0,62,0
2020-07-12,Colusa,11,21464,208,116,0,116,0
2020-07-12,Contra Costa,13,1133247,6460,4708,9,4717,88
2020-07-12,Del Norte,15,27424,63,59,0,59,0
2020-07-12,El Dorado,17,186661,500,290,0,290,0
2020-07-12,Fresno,19,978130,14756,8407,89,8496,95
2020-07-12,Glenn,21,27897,249,166,0,166,0
2020-07-12,Humboldt,23,135768,201,174,0,174,4
2020-07-12,Imperial,25,180216,9228,6999,6,7005,109
2020-07-12,Inyo,27,18085,39,35,0,35,1
2020-07-12,Kern,29,883053,16173,6662,48,6710,105
2020-07-12,Kings,31,150075,3415,2779,22,2801,34
2020-07-12,Lake,33,64148,156,114,0,114,1
2020-07-12,Lassen,35,31185,488,237,1,238,0
2020-07-12,Los Angeles,37,10098052,154476,133830,193,134023,3816
2020-07-12,Madera,39,155013,1675,1025,1,1026,4
2020-07-12,Marin,41,260295,4296,3358,4,3362,21
2020-07-12,Mariposa,43,17540,39,31,0,31,1
2020-07-12,Mendocino,45,87422,160,88,0,88,0
2020-07-12,Merced,47,269075,3229,1908,1,1909,12
2020-07-12,Modoc,49,8938,1,0,0,0,0
2020-07-12,Mono,51,14174,71,45,0,45,1
2020-07-12,Monterey,53,433212,3434,2521,5,2526,18
2020-07-12,Napa,55,140530,706,519,0,519,4
2020-07-12,Nevada,57,99092,233,166,5,171,1
2020-07-12,Orange,59,3164182,33319,25399,359,25758,422
2020-07-12,Placer,61,380077,1485,1058,2,1060,11
2020-07-12,Plumas,63,18699,21,14,0,14,0
2020-07-12,Riverside,65,2383286,33263,26404,11,26415,542
2020-07-12,Sacramento,67,1510023,7705,5515,6,5521,85
2020-07-12,San Benito,69,59416,454,324,0,324,2
2020-07-12,San Bernardino,71,2135413,28382,19042,11,19053,312
2020-07-12,San Diego,73,3302833,24644,19929,0,19929,422
2020-07-12,San Francisco,75,870044,5288,4535,3,4538,50
2020-07-12,San Joaquin,77,732212,9197,6703,5,6708,71
2020-07-12,San Luis Obispo,79,281455,1396,972,3,975,5
2020-07-12,San Mateo,81,765935,4774,3988,4,3992,108
2020-07-12,Santa Barbara,83,443738,5553,4353,31,4384,28
2020-07-12,Santa Clara,85,1922200,8273,6252,8,6260,164
2020-07-12,Santa Cruz,87,273765,766,573,6,579,3
2020-07-12,Shasta,89,179085,307,173,1,174,6
2020-07-12,Sierra,91,2930,1,1,0,1,0
2020-07-12,Siskiyou,93,43540,58,36,0,36,0
2020-07-12,Solano,95,438530,2941,2037,10,2047,23
2020-07-12,Sonoma,97,501317,2301,1743,5,1748,13
2020-07-12,Stanislaus,99,539301,7269,5177,7,5184,53
2020-07-12,Sutter,101,95872,466,362,0,362,2
2020-07-12,Tehama,103,63373,148,111,1,112,1
2020-07-12,Trinity,105,12862,6,2,3,5,0
2020-07-12,Tulare,107,460477,7598,5864,17,5881,146
2020-07-12,Tuolumne,109,53932,89,52,1,53,0
2020-07-12,Ventura,111,848112,6184,4724,13,4737,50
2020-07-12,Yolo,113,214977,1238,889,3,892,27
2020-07-12,Yuba,115,75493,234,188,0,188,1
2020-07-11,Alameda,1,1643700,9643,7845,9,7854,148
2020-07-11,Alpine,3,1148,3,1,0,1,0
2020-07-11,Amador,5,37829,51,37,0,37,0
2020-07-11,Butte,7,227075,593,325,4,329,4
2020-07-11,Calaveras,9,45235,83,62,0,62,0
2020-07-11,Colusa,11,21464,203,110,0,110,0
2020-07-11,Contra Costa,13,1133247,6344,4650,9,4659,87
2020-07-11,Del Norte,15,27424,63,59,0,59,0
2020-07-11,El Dorado,17,186661,489,283,0,283,0
2020-07-11,Fresno,19,978130,14498,8086,88,8174,95
2020-07-11,Glenn,21,27897,241,161,0,161,0
2020-07-11,Humboldt,23,135768,200,174,0,174,4
2020-07-11,Imperial,25,180216,9189,6884,6,6890,109
2020-07-11,Inyo,27,18085,39,35,0,35,1
2020-07-11,Kern,29,883053,15817,6509,47,6556,103
2020-07-11,Kings,31,150075,3388,2753,22,2775,33
2020-07-11,Lake,33,64148,155,110,0,110,1
2020-07-11,Lassen,35,31185,487,237,1,238,0
2020-07-11,Los Angeles,37,10098052,152759,130479,183,130662,3802
2020-07-11,Madera,39,155013,1634,988,1,989,4
2020-07-11,Marin,41,260295,4268,3191,4,3195,21
2020-07-11,Mariposa,43,17540,39,31,0,31,1
2020-07-11,Mendocino,45,87422,156,88,0,88,0
2020-07-11,Merced,47,269075,3148,1851,1,1852,12
2020-07-11,Modoc,49,8938,1,0,0,0,0
2020-07-11,Mono,51,14174,68,45,0,45,1
2020-07-11,Monterey,53,433212,3345,2376,4,2380,18
2020-07-11,Napa,55,140530,694,509,0,509,4
2020-07-11,Nevada,57,99092,224,163,4,167,1
2020-07-11,Orange,59,3164182,32942,24430,345,24775,422
2020-07-11,Placer,61,380077,1448,1029,2,1031,11
2020-07-11,Plumas,63,18699,21,12,0,12,0
2020-07-11,Riverside,65,2383286,32871,25994,11,26005,538
2020-07-11,Sacramento,67,1510023,7531,5367,6,5373,84
2020-07-11,San Benito,69,59416,439,314,0,314,2
2020-07-11,San Bernardino,71,2135413,27945,18907,11,18918,310
2020-07-11,San Diego,73,3302833,24259,19371,0,19371,422
2020-07-11,San Francisco,75,870044,5192,4430,2,4432,50
2020-07-11,San Joaquin,77,732212,9019,6518,5,6523,72
2020-07-11,San Luis Obispo,79,281455,1348,930,3,933,4
2020-07-11,San Mateo,81,765935,4706,3956,4,3960,108
2020-07-11,Santa Barbara,83,443738,5484,4283,30,4313,28
2020-07-11,Santa Clara,85,1922200,8113,5959,8,5967,164
2020-07-11,Santa Cruz,87,273765,735,571,6,577,3
2020-07-11,Shasta,89,179085,300,168,1,169,6
2020-07-11,Sierra,91,2930,1,1,0,1,0
2020-07-11,Siskiyou,93,43540,58,36,0,36,0
2020-07-11,Solano,95,438530,2900,2034,10,2044,23
2020-07-11,Sonoma,97,501317,2264,1690,5,1695,13
2020-07-11,Stanislaus,99,539301,7129,4911,7,4918,51
2020-07-11,Sutter,101,95872,450,352,0,352,2
2020-07-11,Tehama,103,63373,146,111,1,112,1
2020-07-11,Trinity,105,12862,6,2,3,5,0
2020-07-11,Tulare,107,460477,7492,5780,17,5797,149
2020-07-11,Tuolumne,109,53932,87,50,1,51,0
2020-07-11,Ventura,111,848112,6088,4545,12,4557,49
2020-07-11,Yolo,113,214977,1209,833,3,836,27
2020-07-11,Yuba,115,75493,224,175,0,175,1
2020-07-10,Alameda,1,1643700,9486,7551,9,7560,147
2020-07-10,Alpine,3,1148,3,1,0,1,0
2020-07-10,Amador,5,37829,47,37,0,37,0
2020-07-10,Butte,7,227075,582,318,4,322,4
2020-07-10,Calaveras,9,45235,83,61,0,61,0
2020-07-10,Colusa,11,21464,197,103,0,103,0
2020-07-10,Contra Costa,13,1133247,6201,4482,9,4491,86
2020-07-10,Del Norte,15,27424,63,57,0,57,0
2020-07-10,El Dorado,17,186661,471,266,0,266,0
2020-07-10,Fresno,19,978130,14166,7760,85,7845,93
2020-07-10,Glenn,21,27897,236,157,0,157,0
2020-07-10,Humboldt,23,135768,199,168,0,168,4
2020-07-10,Imperial,25,180216,9144,6878,6,6884,98
2020-07-10,Inyo,27,18085,39,35,0,35,1
2020-07-10,Kern,29,883053,15384,6344,46,6390,102
2020-07-10,Kings,31,150075,3353,2707,22,2729,33
2020-07-10,Lake,33,64148,148,104,0,104,1
2020-07-10,Lassen,35,31185,486,235,1,236,0
2020-07-10,Los Angeles,37,10098052,150341,127503,177,127680,3750
2020-07-10,Madera,39,155013,1588,914,1,915,4
2020-07-10,Marin,41,260295,4206,3101,4,3105,21
2020-07-10,Mariposa,43,17540,38,31,0,31,1
2020-07-10,Mendocino,45,87422,148,88,0,88,0
2020-07-10,Merced,47,269075,3069,1802,1,1803,12
2020-07-10,Modoc,49,8938,1,0,0,0,0
2020-07-10,Mono,51,14174,67,45,0,45,1
2020-07-10,Monterey,53,433212,3266,2285,4,2289,18
2020-07-10,Napa,55,140530,683,496,0,496,4
2020-07-10,Nevada,57,99092,219,161,4,165,1
2020-07-10,Orange,59,3164182,32356,23692,341,24033,416
2020-07-10,Placer,61,380077,1406,1002,2,1004,11
2020-07-10,Plumas,63,18699,19,12,0,12,0
2020-07-10,Riverside,65,2383286,32353,25481,11,25492,533
2020-07-10,Sacramento,67,1510023,7274,5181,6,5187,81
2020-07-10,San Benito,69,59416,430,302,0,302,2
2020-07-10,San Bernardino,71,2135413,27419,18242,11,18253,308
2020-07-10,San Diego,73,3302833,23879,18862,0,18862,420
2020-07-10,San Francisco,75,870044,5101,4305,2,4307,50
2020-07-10,San Joaquin,77,732212,8786,6225,5,6230,67
2020-07-10,San Luis Obispo,79,281455,1310,891,3,894,4
2020-07-10,San Mateo,81,765935,4641,3844,4,3848,107
2020-07-10,Santa Barbara,83,443738,5387,4177,29,4206,28
2020-07-10,Santa Clara,85,1922200,7889,5819,8,5827,164
2020-07-10,Santa Cruz,87,273765,708,540,6,546,3
2020-07-10,Shasta,89,179085,296,158,1,159,6
2020-07-10,Sierra,91,2930,1,1,0,1,0
2020-07-10,Siskiyou,93,43540,58,31,0,31,0
2020-07-10,Solano,95,438530,2853,1950,10,1960,23
2020-07-10,Sonoma,97,501317,2217,1606,4,1610,13
2020-07-10,Stanislaus,99,539301,6960,4781,7,4788,46
2020-07-10,Sutter,101,95872,443,338,0,338,2
2020-07-10,Tehama,103,63373,145,107,1,108,1
2020-07-10,Trinity,105,12862,6,2,3,5,0
2020-07-10,Tulare,107,460477,7355,5677,17,5694,150
2020-07-10,Tuolumne,109,53932,86,49,1,50,0
2020-07-10,Ventura,111,848112,5976,4416,12,4428,48
2020-07-10,Yolo,113,214977,1185,794,3,797,27
2020-07-10,Yuba,115,75493,210,164,0,164,1
2020-07-09,Alameda,1,1643700,9250,7433,9,7442,146
2020-07-09,Alpine,3,1148,3,1,0,1,0
2020-07-09,Amador,5,37829,44,36,0,36,0
2020-07-09,Butte,7,227075,551,295,4,299,4
2020-07-09,Calaveras,9,45235,82,59,0,59,0
2020-07-09,Colusa,11,21464,189,97,0,97,0
2020-07-09,Contra Costa,13,1133247,5958,4388,9,4397,86
2020-07-09,Del Norte,15,27424,63,57,0,57,0
2020-07-09,El Dorado,17,186661,447,255,0,255,0
2020-07-09,Fresno,19,978130,13710,7385,83,7468,90
2020-07-09,Glenn,21,27897,226,150,0,150,0
2020-07-09,Humboldt,23,135768,196,166,0,166,4
2020-07-09,Imperial,25,180216,9048,6778,6,6784,87
2020-07-09,Inyo,27,18085,37,35,0,35,1
2020-07-09,Kern,29,883053,14738,6100,44,6144,95
2020-07-09,Kings,31,150075,3290,2686,21,2707,33
2020-07-09,Lake,33,64148,145,99,0,99,1
2020-07-09,Lassen,35,31185,430,221,1,222,0
2020-07-09,Los Angeles,37,10098052,147073,125062,150,125212,3698
2020-07-09,Madera,39,155013,1511,850,1,851,4
2020-07-09,Marin,41,260295,4055,2975,4,2979,20
2020-07-09,Mariposa,43,17540,38,32,0,32,1
2020-07-09,Mendocino,45,87422,144,88,0,88,0
2020-07-09,Merced,47,269075,2936,1728,1,1729,11
2020-07-09,Modoc,49,8938,1,0,0,0,0
2020-07-09,Mono,51,14174,63,45,0,45,1
2020-07-09,Monterey,53,433212,3141,2223,4,2227,17
2020-07-09,Napa,55,140530,666,468,0,468,4
2020-07-09,Nevada,57,99092,213,156,4,160,1
2020-07-09,Orange,59,3164182,31387,22960,323,23283,407
2020-07-09,Placer,61,380077,1361,982,2,984,11
2020-07-09,Plumas,63,18699,19,12,0,12,0
2020-07-09,Riverside,65,2383286,31459,24980,11,24991,529
2020-07-09,Sacramento,67,1510023,6949,4950,6,4956,81
2020-07-09,San Benito,69,59416,414,295,0,295,2
2020-07-09,San Bernardino,71,2135413,26548,17339,10,17349,307
2020-07-09,San Diego,73,3302833,23287,18404,0,18404,415
2020-07-09,San Francisco,75,870044,4968,4143,2,4145,50
2020-07-09,San Joaquin,77,732212,8427,6004,5,6009,66
2020-07-09,San Luis Obispo,79,281455,1271,869,3,872,3
2020-07-09,San Mateo,81,765935,4514,3792,4,3796,106
2020-07-09,Santa Barbara,83,443738,5254,4068,29,4097,28
2020-07-09,Santa Clara,85,1922200,7632,5638,8,5646,164
2020-07-09,Santa Cruz,87,273765,681,526,6,532,3
2020-07-09,Shasta,89,179085,290,155,1,156,5
2020-07-09,Sierra,91,2930,1,1,0,1,0
2020-07-09,Siskiyou,93,43540,54,31,0,31,0
2020-07-09,Solano,95,438530,2755,1892,10,1902,23
2020-07-09,Sonoma,97,501317,2131,1584,4,1588,13
2020-07-09,Stanislaus,99,539301,6646,4633,6,4639,46
2020-07-09,Sutter,101,95872,426,321,0,321,2
2020-07-09,Tehama,103,63373,140,102,1,103,1
2020-07-09,Trinity,105,12862,6,2,3,5,0
2020-07-09,Tulare,107,460477,7138,5501,15,5516,146
2020-07-09,Tuolumne,109,53932,85,47,1,48,0
2020-07-09,Ventura,111,848112,5808,4278,12,4290,47
2020-07-09,Yolo,113,214977,1138,764,3,767,27
2020-07-09,Yuba,115,75493,193,152,0,152,1
2020-07-08,Alameda,1,1643700,8957,7335,9,7344,142
2020-07-08,Alpine,3,1148,3,1,0,1,0
2020-07-08,Amador,5,37829,41,35,0,35,0
2020-07-08,Butte,7,227075,514,281,4,285,3
2020-07-08,Calaveras,9,45235,76,58,0,58,0
2020-07-08,Colusa,11,21464,176,90,0,90,0
2020-07-08,Contra Costa,13,1133247,5712,4268,7,4275,84
2020-07-08,Del Norte,15,27424,61,57,0,57,0
2020-07-08,El Dorado,17,186661,426,248,0,248,0
2020-07-08,Fresno,19,978130,13295,7102,77,7179,86
2020-07-08,Glenn,21,27897,215,146,0,146,0
2020-07-08,Humboldt,23,135768,193,162,0,162,4
2020-07-08,Imperial,25,180216,8960,6727,6,6733,76
2020-07-08,Inyo,27,18085,37,35,0,35,1
2020-07-08,Kern,29,883053,14160,5873,43,5916,91
2020-07-08,Kings,31,150075,3230,2629,19,2648,33
2020-07-08,Lake,33,64148,138,97,0,97,1
2020-07-08,Lassen,35,31185,334,221,1,222,0
2020-07-08,Los Angeles,37,10098052,143861,123462,121,123583,3650
2020-07-08,Madera,39,155013,1441,828,1,829,4
2020-07-08,Marin,41,260295,3956,2756,4,2760,17
2020-07-08,Mariposa,43,17540,38,31,0,31,1
2020-07-08,Mendocino,45,87422,131,84,0,84,0
2020-07-08,Merced,47,269075,2817,1578,1,1579,11
2020-07-08,Modoc,49,8938,1,0,0,0,0
2020-07-08,Mono,51,14174,60,45,0,45,1
2020-07-08,Monterey,53,433212,3023,2182,3,2185,17
2020-07-08,Napa,55,140530,643,468,0,468,4
2020-07-08,Nevada,57,99092,204,156,4,160,1
2020-07-08,Orange,59,3164182,30436,22088,318,22406,378
2020-07-08,Placer,61,380077,1315,948,2,950,11
2020-07-08,Plumas,63,18699,19,12,0,12,0
2020-07-08,Riverside,65,2383286,30495,24042,10,24052,508
2020-07-08,Sacramento,67,1510023,6660,4799,6,4805,80
2020-07-08,San Benito,69,59416,398,282,0,282,2
2020-07-08,San Bernardino,71,2135413,25698,16510,9,16519,296
2020-07-08,San Diego,73,3302833,22720,17844,0,17844,406
2020-07-08,San Francisco,75,870044,4879,4093,2,4095,50
2020-07-08,San Joaquin,77,732212,8084,5759,5,5764,61
2020-07-08,San Luis Obispo,79,281455,1220,825,3,828,2
2020-07-08,San Mateo,81,765935,4393,3733,4,3737,106
2020-07-08,Santa Barbara,83,443738,5135,3985,29,4014,28
2020-07-08,Santa Clara,85,1922200,7399,5510,8,5518,164
2020-07-08,Santa Cruz,87,273765,648,509,5,514,3
2020-07-08,Shasta,89,179085,281,148,1,149,6
2020-07-08,Sierra,91,2930,1,1,0,1,0
2020-07-08,Siskiyou,93,43540,54,31,0,31,0
2020-07-08,Solano,95,438530,2639,1821,10,1831,23
2020-07-08,Sonoma,97,501317,2057,1495,4,1499,9
2020-07-08,Stanislaus,99,539301,6347,4344,6,4350,46
2020-07-08,Sutter,101,95872,401,298,0,298,2
2020-07-08,Tehama,103,63373,134,100,1,101,1
2020-07-08,Trinity,105,12862,5,2,3,5,0
2020-07-08,Tulare,107,460477,6946,5307,10,5317,138
2020-07-08,Tuolumne,109,53932,81,42,1,43,0
2020-07-08,Ventura,111,848112,5643,4139,12,4151,47
2020-07-08,Yolo,113,214977,1095,727,3,730,26
2020-07-08,Yuba,115,75493,180,145,0,145,1
2020-07-07,Alameda,1,1643700,8638,7097,9,7106,141
2020-07-07,Alpine,3,1148,3,1,0,1,0
2020-07-07,Amador,5,37829,41,33,0,33,0
2020-07-07,Butte,7,227075,470,269,4,273,3
2020-07-07,Calaveras,9,45235,74,58,0,58,0
2020-07-07,Colusa,11,21464,143,84,0,84,0
2020-07-07,Contra Costa,13,1133247,5474,4131,6,4137,84
2020-07-07,Del Norte,15,27424,61,57,0,57,0
2020-07-07,El Dorado,17,186661,406,244,0,244,0
2020-07-07,Fresno,19,978130,12842,6738,77,6815,84
2020-07-07,Glenn,21,27897,206,145,0,145,0
2020-07-07,Humboldt,23,135768,190,150,0,150,4
2020-07-07,Imperial,25,180216,8861,6678,6,6684,51
2020-07-07,Inyo,27,18085,36,32,0,32,1
2020-07-07,Kern,29,883053,13461,5645,39,5684,88
2020-07-07,Kings,31,150075,3169,2623,15,2638,33
2020-07-07,Lake,33,64148,128,94,0,94,1
2020-07-07,Lassen,35,31185,263,219,1,220,0
2020-07-07,Los Angeles,37,10098052,140293,121026,113,121139,3588
2020-07-07,Madera,39,155013,1397,794,1,795,4
2020-07-07,Marin,41,260295,3867,2627,4,2631,17
2020-07-07,Mariposa,43,17540,38,31,0,31,1
2020-07-07,Mendocino,45,87422,123,82,0,82,0
2020-07-07,Merced,47,269075,2643,1531,1,1532,10
2020-07-07,Modoc,49,8938,1,0,0,0,0
2020-07-07,Mono,51,14174,59,42,0,42,1
2020-07-07,Monterey,53,433212,2880,2166,3,2169,17
2020-07-07,Napa,55,140530,624,459,0,459,4
2020-07-07,Nevada,57,99092,198,150,4,154,1
2020-07-07,Orange,59,3164182,29425,21741,304,22045,373
2020-07-07,Placer,61,380077,1272,930,2,932,11
2020-07-07,Plumas,63,18699,17,12,0,12,0
2020-07-07,Riverside,65,2383286,29480,23279,10,23289,499
2020-07-07,Sacramento,67,1510023,6318,4592,6,4598,76
2020-07-07,San Benito,69,59416,380,274,0,274,2
2020-07-07,San Bernardino,71,2135413,24830,16004,8,16012,277
2020-07-07,San Diego,73,3302833,22006,17580,0,17580,399
2020-07-07,San Francisco,75,870044,4787,4045,1,4046,50
2020-07-07,San Joaquin,77,732212,7743,5547,5,5552,59
2020-07-07,San Luis Obispo,79,281455,1159,795,3,798,2
2020-07-07,San Mateo,81,765935,4278,3691,4,3695,106
2020-07-07,Santa Barbara,83,443738,5007,3866,28,3894,27
2020-07-07,Santa Clara,85,1922200,7129,5438,8,5446,164
2020-07-07,Santa Cruz,87,273765,614,502,4,506,2
2020-07-07,Shasta,89,179085,268,144,1,145,6
2020-07-07,Sierra,91,2930,1,1,0,1,0
2020-07-07,Siskiyou,93,43540,53,30,0,30,0
2020-07-07,Solano,95,438530,2528,1776,9,1785,22
2020-07-07,Sonoma,97,501317,1986,1473,4,1477,8
2020-07-07,Stanislaus,99,539301,6010,4101,6,4107,46
2020-07-07,Sutter,101,95872,375,273,0,273,2
2020-07-07,Tehama,103,63373,125,95,1,96,1
2020-07-07,Trinity,105,12862,5,2,3,5,0
2020-07-07,Tulare,107,460477,6768,5189,8,5197,137
2020-07-07,Tuolumne,109,53932,75,40,1,41,0
2020-07-07,Ventura,111,848112,5474,3992,10,4002,46
2020-07-07,Yolo,113,214977,1027,706,3,709,26
2020-07-07,Yuba,115,75493,160,138,0,138,1
2020-07-06,Alameda,1,1643700,8400,6970,9,6979,141
2020-07-06,Alpine,3,1148,2,1,0,1,0
2020-07-06,Amador,5,37829,39,33,0,33,0
2020-07-06,Butte,7,227075,415,257,4,261,2
2020-07-06,Calaveras,9,45235,71,45,0,45,0
2020-07-06,Colusa,11,21464,134,80,0,80,0
2020-07-06,Contra Costa,13,1133247,5244,3901,5,3906,83
2020-07-06,Del Norte,15,27424,60,57,0,57,0
2020-07-06,El Dorado,17,186661,391,232,0,232,0
2020-07-06,Fresno,19,978130,12376,6364,70,6434,82
2020-07-06,Glenn,21,27897,198,129,0,129,0
2020-07-06,Humboldt,23,135768,188,148,0,148,3
2020-07-06,Imperial,25,180216,8741,6443,6,6449,47
2020-07-06,Inyo,27,18085,36,32,0,32,1
2020-07-06,Kern,29,883053,12655,5491,37,5528,82
2020-07-06,Kings,31,150075,3120,2583,9,2592,33
2020-07-06,Lake,33,64148,121,93,0,93,1
2020-07-06,Lassen,35,31185,261,219,1,220,0
2020-07-06,Los Angeles,37,10098052,136680,116707,99,116806,3541
2020-07-06,Madera,39,155013,1327,734,1,735,4
2020-07-06,Marin,41,260295,3628,2136,4,2140,17
2020-07-06,Mariposa,43,17540,36,31,0,31,1
2020-07-06,Mendocino,45,87422,106,72,0,72,0
2020-07-06,Merced,47,269075,2492,1396,1,1397,10
2020-07-06,Modoc,49,8938,1,0,0,0,0
2020-07-06,Mono,51,14174,58,40,0,40,1
2020-07-06,Monterey,53,433212,2792,2078,3,2081,15
2020-07-06,Napa,55,140530,606,454,0,454,4
2020-07-06,Nevada,57,99092,192,146,4,150,1
2020-07-06,Orange,59,3164182,28366,20167,266,20433,372
2020-07-06,Placer,61,380077,1213,904,2,906,11
2020-07-06,Plumas,63,18699,17,11,0,11,0
2020-07-06,Riverside,65,2383286,28430,22485,10,22495,477
2020-07-06,Sacramento,67,1510023,5966,4420,6,4426,71
2020-07-06,San Benito,69,59416,365,264,0,264,2
2020-07-06,San Bernardino,71,2135413,23975,15346,8,15354,272
2020-07-06,San Diego,73,3302833,21293,17002,0,17002,387
2020-07-06,San Francisco,75,870044,4666,3861,1,3862,50
2020-07-06,San Joaquin,77,732212,7373,5104,5,5109,57
2020-07-06,San Luis Obispo,79,281455,1102,751,3,754,2
2020-07-06,San Mateo,81,765935,4186,3650,4,3654,106
2020-07-06,Santa Barbara,83,443738,4870,3763,27,3790,27
2020-07-06,Santa Clara,85,1922200,6859,5369,8,5377,165
2020-07-06,Santa Cruz,87,273765,592,466,3,469,2
2020-07-06,Shasta,89,179085,258,143,1,144,6
2020-07-06,Sierra,91,2930,1,1,0,1,0
2020-07-06,Siskiyou,93,43540,49,30,0,30,0
2020-07-06,Solano,95,438530,2395,1668,9,1677,22
2020-07-06,Sonoma,97,501317,1922,1369,4,1373,8
2020-07-06,Stanislaus,99,539301,5610,3983,6,3989,46
2020-07-06,Sutter,101,95872,348,250,0,250,2
2020-07-06,Tehama,103,63373,122,95,1,96,1
2020-07-06,Trinity,105,12862,4,2,3,5,0
2020-07-06,Tulare,107,460477,6564,5039,6,5045,136
2020-07-06,Tuolumne,109,53932,72,30,1,31,0
2020-07-06,Ventura,111,848112,5281,3912,10,3922,44
2020-07-06,Yolo,113,214977,971,685,3,688,26
2020-07-06,Yuba,115,75493,146,124,0,124,1
2020-07-05,Alameda,1,1643700,8148,6861,9,6870,141
2020-07-05,Alpine,3,1148,2,1,0,1,0
2020-07-05,Amador,5,37829,37,31,0,31,0
2020-07-05,Butte,7,227075,380,248,4,252,2
2020-07-05,Calaveras,9,45235,69,45,0,45,0
2020-07-05,Colusa,11,21464,124,79,0,79,0
2020-07-05,Contra Costa,13,1133247,5004,3665,4,3669,80
2020-07-05,Del Norte,15,27424,60,57,0,57,0
2020-07-05,El Dorado,17,186661,373,227,0,227,0
2020-07-05,Fresno,19,978130,11811,6186,67,6253,82
2020-07-05,Glenn,21,27897,195,129,0,129,0
2020-07-05,Humboldt,23,135768,184,147,0,147,3
2020-07-05,Imperial,25,180216,8607,6441,6,6447,47
2020-07-05,Inyo,27,18085,35,32,0,32,1
2020-07-05,Kern,29,883053,11944,5351,37,5388,82
2020-07-05,Kings,31,150075,3037,2546,8,2554,31
2020-07-05,Lake,33,64148,121,92,0,92,1
2020-07-05,Lassen,35,31185,255,219,1,220,0
2020-07-05,Los Angeles,37,10098052,133460,115133,93,115226,3495
2020-07-05,Madera,39,155013,1248,564,1,565,4
2020-07-05,Marin,41,260295,3445,2080,4,2084,17
2020-07-05,Mariposa,43,17540,36,31,0,31,1
2020-07-05,Mendocino,45,87422,103,72,0,72,0
2020-07-05,Merced,47,269075,2348,1340,1,1341,10
2020-07-05,Modoc,49,8938,1,0,0,0,0
2020-07-05,Mono,51,14174,54,39,0,39,1
2020-07-05,Monterey,53,433212,2689,1994,3,1997,15
2020-07-05,Napa,55,140530,576,450,0,450,4
2020-07-05,Nevada,57,99092,186,141,4,145,1
2020-07-05,Orange,59,3164182,27424,19430,251,19681,372
2020-07-05,Placer,61,380077,1160,855,2,857,11
2020-07-05,Plumas,63,18699,16,11,0,11,0
2020-07-05,Riverside,65,2383286,27571,21511,10,21521,474
2020-07-05,Sacramento,67,1510023,5649,4265,2,4267,71
2020-07-05,San Benito,69,59416,346,258,0,258,2
2020-07-05,San Bernardino,71,2135413,23097,15026,8,15034,270
2020-07-05,San Diego,73,3302833,20605,16728,0,16728,387
2020-07-05,San Francisco,75,870044,4548,3861,1,3862,50
2020-07-05,San Joaquin,77,732212,7054,5015,5,5020,57
2020-07-05,San Luis Obispo,79,281455,1022,730,3,733,2
2020-07-05,San Mateo,81,765935,4075,3575,4,3579,106
2020-07-05,Santa Barbara,83,443738,4723,3671,24,3695,27
2020-07-05,Santa Clara,85,1922200,6570,5237,8,5245,162
2020-07-05,Santa Cruz,87,273765,574,467,1,468,2
2020-07-05,Shasta,89,179085,252,138,1,139,6
2020-07-05,Sierra,91,2930,1,1,0,1,0
2020-07-05,Siskiyou,93,43540,45,30,0,30,0
2020-07-05,Solano,95,438530,2275,1547,9,1556,22
2020-07-05,Sonoma,97,501317,1841,1369,4,1373,8
2020-07-05,Stanislaus,99,539301,5280,3777,6,3783,45
2020-07-05,Sutter,101,95872,320,241,0,241,2
2020-07-05,Tehama,103,63373,120,95,1,96,1
2020-07-05,Trinity,105,12862,4,2,3,5,0
2020-07-05,Tulare,107,460477,6305,4981,4,4985,135
2020-07-05,Tuolumne,109,53932,67,30,1,31,0
2020-07-05,Ventura,111,848112,5078,3866,10,3876,44
2020-07-05,Yolo,113,214977,931,644,3,647,26
2020-07-05,Yuba,115,75493,136,115,0,115,1
2020-07-04,Alameda,1,1643700,8036,6737,9,6746,141
2020-07-04,Alpine,3,1148,2,1,0,1,0
2020-07-04,Amador,5,37829,36,31,0,31,0
2020-07-04,Butte,7,227075,362,224,4,228,2
2020-07-04,Calaveras,9,45235,69,45,0,45,0
2020-07-04,Colusa,11,21464,123,76,0,76,0
2020-07-04,Contra Costa,13,1133247,4857,3583,4,3587,80
2020-07-04,Del Norte,15,27424,60,50,0,50,0
2020-07-04,El Dorado,17,186661,353,211,0,211,0
2020-07-04,Fresno,19,978130,11495,5999,65,6064,82
2020-07-04,Glenn,21,27897,188,128,0,128,0
2020-07-04,Humboldt,23,135768,177,144,0,144,3
2020-07-04,Imperial,25,180216,8559,6441,6,6447,47
2020-07-04,Inyo,27,18085,35,32,0,32,1
2020-07-04,Kern,29,883053,11640,5231,37,5268,81
2020-07-04,Kings,31,150075,2994,2509,8,2517,31
2020-07-04,Lake,33,64148,113,86,0,86,1
2020-07-04,Lassen,35,31185,255,219,1,220,0
2020-07-04,Los Angeles,37,10098052,131644,107256,82,107338,3462
2020-07-04,Madera,39,155013,1202,568,1,569,4
2020-07-04,Marin,41,260295,3416,1962,4,1966,17
2020-07-04,Mariposa,43,17540,36,28,0,28,1
2020-07-04,Mendocino,45,87422,103,72,0,72,0
2020-07-04,Merced,47,269075,2245,1252,1,1253,10
2020-07-04,Modoc,49,8938,1,0,0,0,0
2020-07-04,Mono,51,14174,54,37,0,37,1
2020-07-04,Monterey,53,433212,2609,1878,3,1881,15
2020-07-04,Napa,55,140530,567,426,0,426,4
2020-07-04,Nevada,57,99092,183,125,4,129,1
2020-07-04,Orange,59,3164182,26992,19247,236,19483,372
2020-07-04,Placer,61,380077,1124,796,2,798,11
2020-07-04,Plumas,63,18699,16,11,0,11,0
2020-07-04,Riverside,65,2383286,27203,21508,10,21518,474
2020-07-04,Sacramento,67,1510023,5482,4039,2,4041,71
2020-07-04,San Benito,69,59416,333,255,0,255,2
2020-07-04,San Bernardino,71,2135413,22670,14636,8,14644,270
2020-07-04,San Diego,73,3302833,20145,16166,0,16166,387
2020-07-04,San Francisco,75,870044,4457,3861,1,3862,50
2020-07-04,San Joaquin,77,732212,6841,4807,5,4812,57
2020-07-04,San Luis Obispo,79,281455,982,699,3,702,2
2020-07-04,San Mateo,81,765935,4012,3532,4,3536,106
2020-07-04,Santa Barbara,83,443738,4648,3520,22,3542,27
2020-07-04,Santa Clara,85,1922200,6379,5045,8,5053,161
2020-07-04,Santa Cruz,87,273765,564,466,1,467,2
2020-07-04,Shasta,89,179085,249,135,1,136,6
2020-07-04,Sierra,91,2930,1,1,0,1,0
2020-07-04,Siskiyou,93,43540,38,30,0,30,0
2020-07-04,Solano,95,438530,2239,1548,9,1557,22
2020-07-04,Sonoma,97,501317,1815,1370,4,1374,8
2020-07-04,Stanislaus,99,539301,5123,3572,6,3578,44
2020-07-04,Sutter,101,95872,301,225,0,225,2
2020-07-04,Tehama,103,63373,117,92,1,93,1
2020-07-04,Trinity,105,12862,4,2,3,5,0
2020-07-04,Tulare,107,460477,6193,4802,3,4805,135
2020-07-04,Tuolumne,109,53932,63,30,1,31,0
2020-07-04,Ventura,111,848112,4954,3687,10,3697,44
2020-07-04,Yolo,113,214977,906,615,3,618,26
2020-07-04,Yuba,115,75493,129,102,0,102,1
2020-07-03,Alameda,1,1643700,7915,6486,9,6495,141
2020-07-03,Alpine,3,1148,2,1,0,1,0
2020-07-03,Amador,5,37829,36,25,0,25,0
2020-07-03,Butte,7,227075,350,212,4,216,2
2020-07-03,Calaveras,9,45235,69,44,0,44,0
2020-07-03,Colusa,11,21464,117,70,0,70,0
2020-07-03,Contra Costa,13,1133247,4723,3447,4,3451,78
2020-07-03,Del Norte,15,27424,60,50,0,50,0
2020-07-03,El Dorado,17,186661,341,201,0,201,0
2020-07-03,Fresno,19,978130,11190,5783,63,5846,81
2020-07-03,Glenn,21,27897,183,122,0,122,0
2020-07-03,Humboldt,23,135768,173,143,0,143,3
2020-07-03,Imperial,25,180216,8511,6345,6,6351,47
2020-07-03,Inyo,27,18085,35,32,0,32,1
2020-07-03,Kern,29,883053,11379,5213,37,5250,81
2020-07-03,Kings,31,150075,2958,2492,8,2500,31
2020-07-03,Lake,33,64148,106,83,0,83,0
2020-07-03,Lassen,35,31185,255,219,1,220,0
2020-07-03,Los Angeles,37,10098052,130128,107236,78,107314,3461
2020-07-03,Madera,39,155013,1157,565,1,566,4
2020-07-03,Marin,41,260295,3387,1776,4,1780,17
2020-07-03,Mariposa,43,17540,36,28,0,28,1
2020-07-03,Mendocino,45,87422,102,72,0,72,0
2020-07-03,Merced,47,269075,2179,1188,1,1189,10
2020-07-03,Modoc,49,8938,1,0,0,0,0
2020-07-03,Mono,51,14174,54,37,0,37,1
2020-07-03,Monterey,53,433212,2538,1804,3,1807,15
2020-07-03,Napa,55,140530,549,388,0,388,4
2020-07-03,Nevada,57,99092,182,125,4,129,1
2020-07-03,Orange,59,3164182,26601,18819,227,19046,366
2020-07-03,Placer,61,380077,1096,745,2,747,11
2020-07-03,Plumas,63,18699,16,11,0,11,0
2020-07-03,Riverside,65,2383286,26897,21171,10,21181,472
2020-07-03,Sacramento,67,1510023,5346,3711,2,3713,71
2020-07-03,San Benito,69,59416,326,243,0,243,2
2020-07-03,San Bernardino,71,2135413,22281,14040,8,14048,269
2020-07-03,San Diego,73,3302833,19689,15698,0,15698,387
2020-07-03,San Francisco,75,870044,4410,3781,1,3782,50
2020-07-03,San Joaquin,77,732212,6703,4416,4,4420,56
2020-07-03,San Luis Obispo,79,281455,947,676,3,679,2
2020-07-03,San Mateo,81,765935,3955,3439,4,3443,106
2020-07-03,Santa Barbara,83,443738,4561,3406,21,3427,27
2020-07-03,Santa Clara,85,1922200,6268,4820,8,4828,161
2020-07-03,Santa Cruz,87,273765,551,436,1,437,2
2020-07-03,Shasta,89,179085,241,113,1,114,6
2020-07-03,Sierra,91,2930,1,1,0,1,0
2020-07-03,Siskiyou,93,43540,35,30,0,30,0
2020-07-03,Solano,95,438530,2195,1496,8,1504,22
2020-07-03,Sonoma,97,501317,1767,1282,4,1286,8
2020-07-03,Stanislaus,99,539301,4998,3021,6,3027,43
2020-07-03,Sutter,101,95872,291,205,0,205,2
2020-07-03,Tehama,103,63373,115,89,1,90,1
2020-07-03,Trinity,105,12862,4,2,3,5,0
2020-07-03,Tulare,107,460477,6079,4656,3,4659,134
2020-07-03,Tuolumne,109,53932,61,27,1,28,0
2020-07-03,Ventura,111,848112,4858,3536,10,3546,44
2020-07-03,Yolo,113,214977,872,586,3,589,25
2020-07-03,Yuba,115,75493,124,96,0,96,1
2020-07-02,Alameda,1,1643700,7789,6386,9,6395,139
2020-07-02,Alpine,3,1148,2,1,0,1,0
2020-07-02,Amador,5,37829,35,23,0,23,0
2020-07-02,Butte,7,227075,333,199,4,203,2
2020-07-02,Calaveras,9,45235,65,42,0,42,0
2020-07-02,Colusa,11,21464,109,60,0,60,0
2020-07-02,Contra Costa,13,1133247,4541,3347,4,3351,77
2020-07-02,Del Norte,15,27424,59,50,0,50,0
2020-07-02,El Dorado,17,186661,330,193,0,193,0
2020-07-02,Fresno,19,978130,10733,5402,62,5464,78
2020-07-02,Glenn,21,27897,177,114,0,114,0
2020-07-02,Humboldt,23,135768,169,138,0,138,3
2020-07-02,Imperial,25,180216,8408,6236,6,6242,47
2020-07-02,Inyo,27,18085,35,29,0,29,1
2020-07-02,Kern,29,883053,10844,5036,35,5071,78
2020-07-02,Kings,31,150075,2908,2419,8,2427,31
2020-07-02,Lake,33,64148,103,81,0,81,0
2020-07-02,Lassen,35,31185,253,218,1,219,0
2020-07-02,Los Angeles,37,10098052,128108,107144,55,107199,3458
2020-07-02,Madera,39,155013,1089,548,1,549,4
2020-07-02,Marin,41,260295,3302,1706,4,1710,17
2020-07-02,Mariposa,43,17540,35,28,0,28,1
2020-07-02,Mendocino,45,87422,98,71,0,71,0
2020-07-02,Merced,47,269075,2082,1122,1,1123,10
2020-07-02,Modoc,49,8938,1,0,0,0,0
2020-07-02,Mono,51,14174,54,37,0,37,1
2020-07-02,Monterey,53,433212,2479,1796,3,1799,15
2020-07-02,Napa,55,140530,532,352,0,352,4
2020-07-02,Nevada,57,99092,176,118,4,122,1
2020-07-02,Orange,59,3164182,25839,17056,214,17270,360
2020-07-02,Placer,61,380077,1068,740,2,742,11
2020-07-02,Plumas,63,18699,15,8,0,8,0
2020-07-02,Riverside,65,2383286,26326,20253,10,20263,458
2020-07-02,Sacramento,67,1510023,5112,3587,2,3589,70
2020-07-02,San Benito,69,59416,318,236,0,236,2
2020-07-02,San Bernardino,71,2135413,21745,13185,8,13193,260
2020-07-02,San Diego,73,3302833,19227,15208,0,15208,377
2020-07-02,San Francisco,75,870044,4315,3676,1,3677,50
2020-07-02,San Joaquin,77,732212,6355,4243,4,4247,56
2020-07-02,San Luis Obispo,79,281455,902,659,3,662,2
2020-07-02,San Mateo,81,765935,3874,3390,4,3394,107
2020-07-02,Santa Barbara,83,443738,4461,3385,19,3404,27
2020-07-02,Santa Clara,85,1922200,6142,4722,8,4730,160
2020-07-02,Santa Cruz,87,273765,528,414,1,415,2
2020-07-02,Shasta,89,179085,238,110,1,111,5
2020-07-02,Sierra,91,2930,1,1,0,1,0
2020-07-02,Siskiyou,93,43540,35,30,0,30,0
2020-07-02,Solano,95,438530,2112,1429,8,1437,21
2020-07-02,Sonoma,97,501317,1710,1244,4,1248,6
2020-07-02,Stanislaus,99,539301,4829,2850,6,2856,41
2020-07-02,Sutter,101,95872,279,195,0,195,2
2020-07-02,Tehama,103,63373,113,86,1,87,1
2020-07-02,Trinity,105,12862,4,2,3,5,0
2020-07-02,Tulare,107,460477,5913,4559,2,4561,132
2020-07-02,Tuolumne,109,53932,58,23,1,24,0
2020-07-02,Ventura,111,848112,4702,3394,10,3404,42
2020-07-02,Yolo,113,214977,840,554,3,557,24
2020-07-02,Yuba,115,75493,114,93,0,93,1
2020-07-01,Alameda,1,1643700,7568,6125,9,6134,137
2020-07-01,Alpine,3,1148,2,1,0,1,0
2020-07-01,Amador,5,37829,34,22,0,22,0
2020-07-01,Butte,7,227075,308,185,4,189,2
2020-07-01,Calaveras,9,45235,63,37,0,37,0
2020-07-01,Colusa,11,21464,103,53,0,53,0
2020-07-01,Contra Costa,13,1133247,4329,3259,4,3263,76
2020-07-01,Del Norte,15,27424,59,50,0,50,0
2020-07-01,El Dorado,17,186661,303,183,0,183,0
2020-07-01,Fresno,19,978130,10300,5111,59,5170,76
2020-07-01,Glenn,21,27897,170,110,0,110,0
2020-07-01,Humboldt,23,135768,164,134,0,134,3
2020-07-01,Imperial,25,180216,8310,6150,6,6156,46
2020-07-01,Inyo,27,18085,34,30,0,30,1
2020-07-01,Kern,29,883053,10213,4853,32,4885,78
2020-07-01,Kings,31,150075,2840,2360,8,2368,30
2020-07-01,Lake,33,64148,102,75,0,75,0
2020-07-01,Lassen,35,31185,252,217,1,218,0
2020-07-01,Los Angeles,37,10098052,124903,105325,44,105369,3408
2020-07-01,Madera,39,155013,1048,519,1,520,4
2020-07-01,Marin,41,260295,3145,1636,4,1640,17
2020-07-01,Mariposa,43,17540,35,29,0,29,1
2020-07-01,Mendocino,45,87422,94,70,0,70,0
2020-07-01,Merced,47,269075,1982,1052,1,1053,10
2020-07-01,Modoc,49,8938,1,0,0,0,0
2020-07-01,Mono,51,14174,51,37,0,37,1
2020-07-01,Monterey,53,433212,2372,1703,3,1706,15
2020-07-01,Napa,55,140530,509,347,0,347,4
2020-07-01,Nevada,57,99092,166,115,4,119,1
2020-07-01,Orange,59,3164182,24956,15662,192,15854,343
2020-07-01,Placer,61,380077,1021,713,2,715,11
2020-07-01,Plumas,63,18699,13,8,0,8,0
2020-07-01,Riverside,65,2383286,25485,19537,10,19547,457
2020-07-01,Sacramento,67,1510023,4861,3425,2,3427,64
2020-07-01,San Benito,69,59416,309,219,0,219,2
2020-07-01,San Bernardino,71,2135413,20846,12712,8,12720,253
2020-07-01,San Diego,73,3302833,18669,14624,0,14624,372
2020-07-01,San Francisco,75,870044,4222,3626,1,3627,50
2020-07-01,San Joaquin,77,732212,5996,3990,4,3994,54
2020-07-01,San Luis Obispo,79,281455,876,613,3,616,1
2020-07-01,San Mateo,81,765935,3812,3326,4,3330,84
2020-07-01,Santa Barbara,83,443738,4341,3268,18,3286,27
2020-07-01,Santa Clara,85,1922200,5955,4547,7,4554,159
2020-07-01,Santa Cruz,87,273765,507,398,0,398,2
2020-07-01,Shasta,89,179085,233,104,1,105,5
2020-07-01,Sierra,91,2930,1,1,0,1,0
2020-07-01,Siskiyou,93,43540,35,28,0,28,0
2020-07-01,Solano,95,438530,2023,1350,8,1358,21
2020-07-01,Sonoma,97,501317,1614,1178,4,1182,6
2020-07-01,Stanislaus,99,539301,4550,2619,6,2625,41
2020-07-01,Sutter,101,95872,266,188,0,188,2
2020-07-01,Tehama,103,63373,106,80,1,81,1
2020-07-01,Trinity,105,12862,4,2,2,4,0
2020-07-01,Tulare,107,460477,5735,4359,2,4361,128
2020-07-01,Tuolumne,109,53932,55,17,1,18,0
2020-07-01,Ventura,111,848112,4559,3224,8,3232,41
2020-07-01,Yolo,113,214977,790,526,3,529,24
2020-07-01,Yuba,115,75493,109,57,0,57,1
2020-06-30,Alameda,1,1643700,7319,5959,7,5966,137
2020-06-30,Alpine,3,1148,2,1,0,1,0
2020-06-30,Amador,5,37829,34,21,0,21,0
2020-06-30,Butte,7,227075,291,163,4,167,2
2020-06-30,Calaveras,9,45235,58,31,0,31,0
2020-06-30,Colusa,11,21464,94,33,0,33,0
2020-06-30,Contra Costa,13,1133247,4123,3140,4,3144,75
2020-06-30,Del Norte,15,27424,59,48,0,48,0
2020-06-30,El Dorado,17,186661,290,175,0,175,0
2020-06-30,Fresno,19,978130,9853,4826,55,4881,75
2020-06-30,Glenn,21,27897,165,96,0,96,0
2020-06-30,Humboldt,23,135768,160,132,0,132,3
2020-06-30,Imperial,25,180216,8213,5968,6,5974,45
2020-06-30,Inyo,27,18085,34,30,0,30,1
2020-06-30,Kern,29,883053,9564,4721,28,4749,75
2020-06-30,Kings,31,150075,2791,2315,5,2320,30
2020-06-30,Lake,33,64148,94,56,0,56,0
2020-06-30,Lassen,35,31185,245,215,1,216,0
2020-06-30,Los Angeles,37,10098052,121312,103640,41,103681,3378
2020-06-30,Madera,39,155013,991,475,1,476,4
2020-06-30,Marin,41,260295,3074,1614,4,1618,17
2020-06-30,Mariposa,43,17540,34,27,0,27,1
2020-06-30,Mendocino,45,87422,89,65,0,65,0
2020-06-30,Merced,47,269075,1845,970,1,971,10
2020-06-30,Modoc,49,8938,1,0,0,0,0
2020-06-30,Mono,51,14174,49,36,0,36,1
2020-06-30,Monterey,53,433212,2274,1657,3,1660,15
2020-06-30,Napa,55,140530,484,342,0,342,4
2020-06-30,Nevada,57,99092,158,113,4,117,1
2020-06-30,Orange,59,3164182,24028,14354,182,14536,335
2020-06-30,Placer,61,380077,996,667,2,669,11
2020-06-30,Plumas,63,18699,12,8,0,8,0
2020-06-30,Riverside,65,2383286,24768,18656,10,18666,449
2020-06-30,Sacramento,67,1510023,4571,3246,2,3248,64
2020-06-30,San Benito,69,59416,298,200,0,200,2
2020-06-30,San Bernardino,71,2135413,19862,12375,8,12383,249
2020-06-30,San Diego,73,3302833,17966,14150,0,14150,365
2020-06-30,San Francisco,75,870044,4117,3555,1,3556,50
2020-06-30,San Joaquin,77,732212,5622,3744,4,3748,52
2020-06-30,San Luis Obispo,79,281455,840,583,3,586,1
2020-06-30,San Mateo,81,765935,3735,3268,4,3272,84
2020-06-30,Santa Barbara,83,443738,4224,3102,18,3120,25
2020-06-30,Santa Clara,85,1922200,5755,4346,7,4353,157
2020-06-30,Santa Cruz,87,273765,483,379,0,379,2
2020-06-30,Shasta,89,179085,217,100,1,101,5
2020-06-30,Sierra,91,2930,1,1,0,1,0
2020-06-30,Siskiyou,93,43540,34,26,0,26,0
2020-06-30,Solano,95,438530,1931,1256,8,1264,21
2020-06-30,Sonoma,97,501317,1549,1122,4,1126,6
2020-06-30,Stanislaus,99,539301,4254,2578,6,2584,41
2020-06-30,Sutter,101,95872,243,168,0,168,2
2020-06-30,Tehama,103,63373,104,75,1,76,1
2020-06-30,Trinity,105,12862,4,2,2,4,0
2020-06-30,Tulare,107,460477,5528,4207,2,4209,117
2020-06-30,Tuolumne,109,53932,51,16,1,17,0
2020-06-30,Ventura,111,848112,4425,3030,8,3038,40
2020-06-30,Yolo,113,214977,752,515,3,518,24
2020-06-30,Yuba,115,75493,105,55,0,55,1
2020-06-29,Alameda,1,1643700,7109,5766,7,5773,135
2020-06-29,Alpine,3,1148,2,1,0,1,0
2020-06-29,Amador,5,37829,31,20,0,20,0
2020-06-29,Butte,7,227075,270,157,4,161,2
2020-06-29,Calaveras,9,45235,56,30,0,30,0
2020-06-29,Colusa,11,21464,89,17,0,17,0
2020-06-29,Contra Costa,13,1133247,3960,2976,3,2979,75
2020-06-29,Del Norte,15,27424,59,47,0,47,0
2020-06-29,El Dorado,17,186661,276,163,0,163,0
2020-06-29,Fresno,19,978130,9506,4531,54,4585,74
2020-06-29,Glenn,21,27897,156,77,0,77,0
2020-06-29,Humboldt,23,135768,159,128,0,128,3
2020-06-29,Imperial,25,180216,8082,5512,6,5518,45
2020-06-29,Inyo,27,18085,33,29,0,29,1
2020-06-29,Kern,29,883053,8901,4613,26,4639,73
2020-06-29,Kings,31,150075,2727,2280,5,2285,20
2020-06-29,Lake,33,64148,87,53,0,53,0
2020-06-29,Lassen,35,31185,237,77,1,78,0
2020-06-29,Los Angeles,37,10098052,118261,100846,35,100881,3337
2020-06-29,Madera,39,155013,934,422,1,423,4
2020-06-29,Marin,41,260295,2998,1517,4,1521,17
2020-06-29,Mariposa,43,17540,32,25,0,25,1
2020-06-29,Mendocino,45,87422,86,63,0,63,0
2020-06-29,Merced,47,269075,1739,848,1,849,10
2020-06-29,Modoc,49,8938,1,0,0,0,0
2020-06-29,Mono,51,14174,47,35,0,35,1
2020-06-29,Monterey,53,433212,2202,1614,3,1617,14
2020-06-29,Napa,55,140530,463,317,0,317,4
2020-06-29,Nevada,57,99092,155,107,3,110,1
2020-06-29,Orange,59,3164182,23037,13682,166,13848,324
2020-06-29,Placer,61,380077,959,628,2,630,11
2020-06-29,Plumas,63,18699,12,6,0,6,0
2020-06-29,Riverside,65,2383286,23734,17683,10,17693,432
2020-06-29,Sacramento,67,1510023,4289,2985,2,2987,62
2020-06-29,San Benito,69,59416,283,193,0,193,2
2020-06-29,San Bernardino,71,2135413,18900,11643,8,11651,245
2020-06-29,San Diego,73,3302833,17390,13834,0,13834,361
2020-06-29,San Francisco,75,870044,4040,3389,1,3390,50
2020-06-29,San Joaquin,77,732212,5264,3202,4,3206,52
2020-06-29,San Luis Obispo,79,281455,806,544,3,547,1
2020-06-29,San Mateo,81,765935,3681,3170,4,3174,84
2020-06-29,Santa Barbara,83,443738,4114,2933,17,2950,25
2020-06-29,Santa Clara,85,1922200,5583,4231,7,4238,157
2020-06-29,Santa Cruz,87,273765,465,348,0,348,2
2020-06-29,Shasta,89,179085,209,94,1,95,5
2020-06-29,Sierra,91,2930,1,1,0,1,0
2020-06-29,Siskiyou,93,43540,34,25,0,25,0
2020-06-29,Solano,95,438530,1829,1077,8,1085,21
2020-06-29,Sonoma,97,501317,1477,1103,4,1107,5
2020-06-29,Stanislaus,99,539301,4048,2400,5,2405,36
2020-06-29,Sutter,101,95872,221,152,0,152,2
2020-06-29,Tehama,103,63373,100,63,1,64,1
2020-06-29,Trinity,105,12862,4,2,2,4,0
2020-06-29,Tulare,107,460477,5374,3906,2,3908,117
2020-06-29,Tuolumne,109,53932,47,16,1,17,0
2020-06-29,Ventura,111,848112,4278,2794,8,2802,40
2020-06-29,Yolo,113,214977,719,483,3,486,24
2020-06-29,Yuba,115,75493,92,55,0,55,1
2020-06-28,Alameda,1,1643700,6850,5698,7,5705,135
2020-06-28,Alpine,3,1148,2,1,0,1,0
2020-06-28,Amador,5,37829,29,20,0,20,0
2020-06-28,Butte,7,227075,251,150,4,154,2
2020-06-28,Calaveras,9,45235,51,30,0,30,0
2020-06-28,Colusa,11,21464,74,17,0,17,0
2020-06-28,Contra Costa,13,1133247,3770,2803,3,2806,73
2020-06-28,Del Norte,15,27424,58,47,0,47,0
2020-06-28,El Dorado,17,186661,264,162,0,162,0
2020-06-28,Fresno,19,978130,9145,4365,54,4419,74
2020-06-28,Glenn,21,27897,148,77,0,77,0
2020-06-28,Humboldt,23,135768,156,127,0,127,3
2020-06-28,Imperial,25,180216,7893,5513,6,5519,45
2020-06-28,Inyo,27,18085,33,29,0,29,1
2020-06-28,Kern,29,883053,8348,4541,24,4565,72
2020-06-28,Kings,31,150075,2668,2234,5,2239,18
2020-06-28,Lake,33,64148,83,53,0,53,0
2020-06-28,Lassen,35,31185,237,77,1,78,0
2020-06-28,Los Angeles,37,10098052,115057,98003,31,98034,3316
2020-06-28,Madera,39,155013,887,424,1,425,4
2020-06-28,Marin,41,260295,2652,1473,4,1477,17
2020-06-28,Mariposa,43,17540,32,24,0,24,1
2020-06-28,Mendocino,45,87422,84,63,0,63,0
2020-06-28,Merced,47,269075,1626,814,1,815,10
2020-06-28,Modoc,49,8938,1,0,0,0,0
2020-06-28,Mono,51,14174,47,35,0,35,1
2020-06-28,Monterey,53,433212,2120,1560,3,1563,13
2020-06-28,Napa,55,140530,429,307,0,307,4
2020-06-28,Nevada,57,99092,144,102,3,105,1
2020-06-28,Orange,59,3164182,22062,13213,148,13361,324
2020-06-28,Placer,61,380077,919,618,2,620,11
2020-06-28,Plumas,63,18699,11,6,0,6,0
2020-06-28,Riverside,65,2383286,22907,16848,9,16857,432
2020-06-28,Sacramento,67,1510023,4061,2803,2,2805,63
2020-06-28,San Benito,69,59416,272,190,0,190,2
2020-06-28,San Bernardino,71,2135413,18146,11344,7,11351,245
2020-06-28,San Diego,73,3302833,16845,13333,0,13333,361
2020-06-28,San Francisco,75,870044,3961,3388,1,3389,50
2020-06-28,San Joaquin,77,732212,4929,3201,4,3205,52
2020-06-28,San Luis Obispo,79,281455,767,531,3,534,1
2020-06-28,San Mateo,81,765935,3603,3124,4,3128,84
2020-06-28,Santa Barbara,83,443738,3969,2872,17,2889,25
2020-06-28,Santa Clara,85,1922200,5423,4131,7,4138,156
2020-06-28,Santa Cruz,87,273765,442,349,0,349,2
2020-06-28,Shasta,89,179085,196,89,0,89,5
2020-06-28,Sierra,91,2930,1,1,0,1,0
2020-06-28,Siskiyou,93,43540,34,25,0,25,0
2020-06-28,Solano,95,438530,1754,1077,8,1085,21
2020-06-28,Sonoma,97,501317,1423,1084,4,1088,5
2020-06-28,Stanislaus,99,539301,3842,2376,5,2381,36
2020-06-28,Sutter,101,95872,195,145,0,145,2
2020-06-28,Tehama,103,63373,93,63,1,64,1
2020-06-28,Trinity,105,12862,4,2,2,4,0
2020-06-28,Tulare,107,460477,5209,3812,2,3814,117
2020-06-28,Tuolumne,109,53932,42,14,1,15,0
2020-06-28,Ventura,111,848112,4120,2650,8,2658,40
2020-06-28,Yolo,113,214977,684,468,3,471,24
2020-06-28,Yuba,115,75493,88,39,0,39,1
2020-06-27,Alameda,1,1643700,6755,5581,7,5588,135
2020-06-27,Alpine,3,1148,2,1,0,1,0
2020-06-27,Amador,5,37829,27,20,0,20,0
2020-06-27,Butte,7,227075,243,137,4,141,2
2020-06-27,Calaveras,9,45235,49,30,0,30,0
2020-06-27,Colusa,11,21464,68,17,0,17,0
2020-06-27,Contra Costa,13,1133247,3675,2717,2,2719,72
2020-06-27,Del Norte,15,27424,58,47,0,47,0
2020-06-27,El Dorado,17,186661,258,159,0,159,0
2020-06-27,Fresno,19,978130,8899,4238,54,4292,74
2020-06-27,Glenn,21,27897,144,77,0,77,0
2020-06-27,Humboldt,23,135768,154,127,0,127,3
2020-06-27,Imperial,25,180216,7831,5513,6,5519,45
2020-06-27,Inyo,27,18085,33,29,0,29,1
2020-06-27,Kern,29,883053,8086,4411,23,4434,70
2020-06-27,Kings,31,150075,2642,2187,5,2192,18
2020-06-27,Lake,33,64148,80,42,0,42,0
2020-06-27,Lassen,35,31185,237,33,1,34,0
2020-06-27,Los Angeles,37,10098052,113316,95341,28,95369,3291
2020-06-27,Madera,39,155013,844,427,0,427,4
2020-06-27,Marin,41,260295,2607,1423,4,1427,17
2020-06-27,Mariposa,43,17540,31,22,0,22,1
2020-06-27,Mendocino,45,87422,84,63,0,63,0
2020-06-27,Merced,47,269075,1568,807,0,807,10
2020-06-27,Modoc,49,8938,1,0,0,0,0
2020-06-27,Mono,51,14174,46,35,0,35,1
2020-06-27,Monterey,53,433212,2056,1455,3,1458,12
2020-06-27,Napa,55,140530,419,282,0,282,3
2020-06-27,Nevada,57,99092,140,102,2,104,1
2020-06-27,Orange,59,3164182,21554,12951,143,13094,320
2020-06-27,Placer,61,380077,898,584,2,586,10
2020-06-27,Plumas,63,18699,11,6,0,6,0
2020-06-27,Riverside,65,2383286,22518,16209,9,16218,432
2020-06-27,Sacramento,67,1510023,3943,2685,2,2687,63
2020-06-27,San Benito,69,59416,265,182,0,182,2
2020-06-27,San Bernardino,71,2135413,17768,11238,7,11245,243
2020-06-27,San Diego,73,3302833,16480,12836,0,12836,360
2020-06-27,San Francisco,75,870044,3906,3332,1,3333,49
2020-06-27,San Joaquin,77,732212,4764,2995,4,2999,52
2020-06-27,San Luis Obispo,79,281455,743,505,3,508,1
2020-06-27,San Mateo,81,765935,3546,3083,4,3087,83
2020-06-27,Santa Barbara,83,443738,3897,2799,17,2816,25
2020-06-27,Santa Clara,85,1922200,5318,4006,7,4013,157
2020-06-27,Santa Cruz,87,273765,435,347,0,347,2
2020-06-27,Shasta,89,179085,191,87,0,87,5
2020-06-27,Sierra,91,2930,1,1,0,1,0
2020-06-27,Siskiyou,93,43540,34,25,0,25,0
2020-06-27,Solano,95,438530,1721,1076,8,1084,21
2020-06-27,Sonoma,97,501317,1392,1004,4,1008,5
2020-06-27,Stanislaus,99,539301,3743,2164,5,2169,36
2020-06-27,Sutter,101,95872,188,141,0,141,2
2020-06-27,Tehama,103,63373,90,63,1,64,1
2020-06-27,Trinity,105,12862,4,2,2,4,0
2020-06-27,Tulare,107,460477,5113,3810,2,3812,117
2020-06-27,Tuolumne,109,53932,41,13,1,14,0
2020-06-27,Ventura,111,848112,4021,2471,8,2479,40
2020-06-27,Yolo,113,214977,659,432,3,435,24
2020-06-27,Yuba,115,75493,80,39,0,39,1
2020-06-26,Alameda,1,1643700,6669,5502,6,5508,132
2020-06-26,Alpine,3,1148,2,1,0,1,0
2020-06-26,Amador,5,37829,26,20,0,20,0
2020-06-26,Butte,7,227075,229,135,4,139,2
2020-06-26,Calaveras,9,45235,47,30,0,30,0
2020-06-26,Colusa,11,21464,63,17,0,17,0
2020-06-26,Contra Costa,13,1133247,3562,2676,2,2678,72
2020-06-26,Del Norte,15,27424,57,47,0,47,0
2020-06-26,El Dorado,17,186661,250,159,0,159,0
2020-06-26,Fresno,19,978130,8673,4166,54,4220,74
2020-06-26,Glenn,21,27897,137,71,0,71,0
2020-06-26,Humboldt,23,135768,152,126,0,126,3
2020-06-26,Imperial,25,180216,7767,5400,6,5406,44
2020-06-26,Inyo,27,18085,32,29,0,29,1
2020-06-26,Kern,29,883053,7753,4366,23,4389,70
2020-06-26,Kings,31,150075,2610,2176,4,2180,18
2020-06-26,Lake,33,64148,79,42,0,42,0
2020-06-26,Lassen,35,31185,236,30,1,31,0
2020-06-26,Los Angeles,37,10098052,111151,93328,28,93356,3275
2020-06-26,Madera,39,155013,812,409,0,409,4
2020-06-26,Marin,41,260295,2571,1406,4,1410,17
2020-06-26,Mariposa,43,17540,30,21,0,21,1
2020-06-26,Mendocino,45,87422,81,63,0,63,0
2020-06-26,Merced,47,269075,1522,797,0,797,10
2020-06-26,Modoc,49,8938,1,0,0,0,0
2020-06-26,Mono,51,14174,45,35,0,35,1
2020-06-26,Monterey,53,433212,2004,1449,3,1452,12
2020-06-26,Napa,55,140530,409,277,0,277,3
2020-06-26,Nevada,57,99092,136,101,1,102,1
2020-06-26,Orange,59,3164182,20878,12659,140,12799,320
2020-06-26,Placer,61,380077,870,584,2,586,10
2020-06-26,Plumas,63,18699,11,6,0,6,0
2020-06-26,Riverside,65,2383286,22056,15858,9,15867,430
2020-06-26,Sacramento,67,1510023,3779,2687,2,2689,63
2020-06-26,San Benito,69,59416,261,176,0,176,2
2020-06-26,San Bernardino,71,2135413,17391,11111,7,11118,243
2020-06-26,San Diego,73,3302833,16115,12402,0,12402,358
2020-06-26,San Francisco,75,870044,3850,3330,1,3331,49
2020-06-26,San Joaquin,77,732212,4550,2943,4,2947,52
2020-06-26,San Luis Obispo,79,281455,728,498,3,501,1
2020-06-26,San Mateo,81,765935,3494,3055,4,3059,83
2020-06-26,Santa Barbara,83,443738,3807,2784,15,2799,25
2020-06-26,Santa Clara,85,1922200,5217,3968,7,3975,156
2020-06-26,Santa Cruz,87,273765,428,344,0,344,2
2020-06-26,Shasta,89,179085,184,86,0,86,5
2020-06-26,Sierra,91,2930,1,1,0,1,0
2020-06-26,Siskiyou,93,43540,33,24,0,24,0
2020-06-26,Solano,95,438530,1679,1068,8,1076,21
2020-06-26,Sonoma,97,501317,1360,977,4,981,5
2020-06-26,Stanislaus,99,539301,3630,2157,5,2162,36
2020-06-26,Sutter,101,95872,181,138,0,138,2
2020-06-26,Tehama,103,63373,87,63,1,64,1
2020-06-26,Trinity,105,12862,4,2,2,4,0
2020-06-26,Tulare,107,460477,5024,3720,2,3722,117
2020-06-26,Tuolumne,109,53932,39,10,1,11,0
2020-06-26,Ventura,111,848112,3935,2444,8,2452,40
2020-06-26,Yolo,113,214977,635,418,3,421,24
2020-06-26,Yuba,115,75493,74,38,0,38,1
2020-06-25,Alameda,1,1643700,6478,5398,6,5404,130
2020-06-25,Alpine,3,1148,2,1,0,1,0
2020-06-25,Amador,5,37829,25,18,0,18,0
2020-06-25,Butte,7,227075,225,127,4,131,1
2020-06-25,Calaveras,9,45235,42,26,0,26,0
2020-06-25,Colusa,11,21464,53,14,0,14,0
2020-06-25,Contra Costa,13,1133247,3378,2591,2,2593,71
2020-06-25,Del Norte,15,27424,55,47,0,47,0
2020-06-25,El Dorado,17,186661,242,150,0,150,0
2020-06-25,Fresno,19,978130,8360,3938,53,3991,71
2020-06-25,Glenn,21,27897,132,59,0,59,0
2020-06-25,Humboldt,23,135768,151,121,0,121,3
2020-06-25,Imperial,25,180216,7638,5192,6,5198,44
2020-06-25,Inyo,27,18085,29,27,0,27,1
2020-06-25,Kern,29,883053,7328,4236,20,4256,69
2020-06-25,Kings,31,150075,2558,2110,4,2114,17
2020-06-25,Lake,33,64148,78,42,0,42,0
2020-06-25,Lassen,35,31185,230,13,1,14,0
2020-06-25,Los Angeles,37,10098052,108386,91524,28,91552,3239
2020-06-25,Madera,39,155013,768,380,0,380,4
2020-06-25,Marin,41,260295,2469,1321,4,1325,17
2020-06-25,Mariposa,43,17540,29,20,0,20,1
2020-06-25,Mendocino,45,87422,78,61,0,61,0
2020-06-25,Merced,47,269075,1435,747,0,747,10
2020-06-25,Modoc,49,8938,1,0,0,0,0
2020-06-25,Mono,51,14174,44,35,0,35,1
2020-06-25,Monterey,53,433212,1916,1426,2,1428,12
2020-06-25,Napa,55,140530,391,260,0,260,3
2020-06-25,Nevada,57,99092,128,92,1,93,1
2020-06-25,Orange,59,3164182,19956,12221,138,12359,311
2020-06-25,Placer,61,380077,819,574,2,576,10
2020-06-25,Plumas,63,18699,10,6,0,6,0
2020-06-25,Riverside,65,2383286,21302,15224,9,15233,427
2020-06-25,Sacramento,67,1510023,3558,2519,2,2521,62
2020-06-25,San Benito,69,59416,253,174,0,174,2
2020-06-25,San Bernardino,71,2135413,16639,10590,7,10597,242
2020-06-25,San Diego,73,3302833,15576,11963,0,11963,352
2020-06-25,San Francisco,75,870044,3785,3252,1,3253,48
2020-06-25,San Joaquin,77,732212,4278,2803,4,2807,50
2020-06-25,San Luis Obispo,79,281455,696,473,3,476,1
2020-06-25,San Mateo,81,765935,3426,2996,4,3000,82
2020-06-25,Santa Barbara,83,443738,3701,2622,14,2636,25
2020-06-25,Santa Clara,85,1922200,5069,3871,7,3878,156
2020-06-25,Santa Cruz,87,273765,416,335,0,335,2
2020-06-25,Shasta,89,179085,174,84,0,84,5
2020-06-25,Sierra,91,2930,1,1,0,1,0
2020-06-25,Siskiyou,93,43540,32,24,0,24,0
2020-06-25,Solano,95,438530,1626,1034,8,1042,21
2020-06-25,Sonoma,97,501317,1313,953,3,956,5
2020-06-25,Stanislaus,99,539301,3418,2130,5,2135,36
2020-06-25,Sutter,101,95872,169,126,0,126,2
2020-06-25,Tehama,103,63373,83,59,1,60,1
2020-06-25,Trinity,105,12862,4,2,2,4,0
2020-06-25,Tulare,107,460477,4894,3656,2,3658,117
2020-06-25,Tuolumne,109,53932,38,10,1,11,0
2020-06-25,Ventura,111,848112,3753,2346,7,2353,40
2020-06-25,Yolo,113,214977,605,397,3,400,24
2020-06-25,Yuba,115,75493,63,38,0,38,1
2020-06-24,Alameda,1,1643700,6317,5242,6,5248,123
2020-06-24,Alpine,3,1148,2,1,0,1,0
2020-06-24,Amador,5,37829,23,16,0,16,0
2020-06-24,Butte,7,227075,209,119,4,123,1
2020-06-24,Calaveras,9,45235,40,26,0,26,0
2020-06-24,Colusa,11,21464,44,11,0,11,0
2020-06-24,Contra Costa,13,1133247,3224,2520,2,2522,66
2020-06-24,Del Norte,15,27424,49,47,0,47,0
2020-06-24,El Dorado,17,186661,226,149,0,149,0
2020-06-24,Fresno,19,978130,8029,3765,53,3818,71
2020-06-24,Glenn,21,27897,124,54,0,54,0
2020-06-24,Humboldt,23,135768,151,117,0,117,3
2020-06-24,Imperial,25,180216,7520,5138,6,5144,38
2020-06-24,Inyo,27,18085,29,28,0,28,1
2020-06-24,Kern,29,883053,6935,4155,17,4172,67
2020-06-24,Kings,31,150075,2496,2063,4,2067,16
2020-06-24,Lake,33,64148,65,40,0,40,0
2020-06-24,Lassen,35,31185,229,9,1,10,0
2020-06-24,Los Angeles,37,10098052,105628,89566,28,89594,3186
2020-06-24,Madera,39,155013,747,373,0,373,4
2020-06-24,Marin,41,260295,2240,1261,4,1265,17
2020-06-24,Mariposa,43,17540,28,19,0,19,1
2020-06-24,Mendocino,45,87422,78,60,0,60,0
2020-06-24,Merced,47,269075,1349,696,0,696,8
2020-06-24,Modoc,49,8938,1,0,0,0,0
2020-06-24,Mono,51,14174,42,35,0,35,1
2020-06-24,Monterey,53,433212,1839,1407,2,1409,12
2020-06-24,Napa,55,140530,373,258,0,258,3
2020-06-24,Nevada,57,99092,122,92,1,93,1
2020-06-24,Orange,59,3164182,18963,11804,119,11923,303
2020-06-24,Placer,61,380077,780,548,2,550,10
2020-06-24,Plumas,63,18699,10,6,0,6,0
2020-06-24,Riverside,65,2383286,20456,14946,9,14955,410
2020-06-24,Sacramento,67,1510023,3354,2446,2,2448,62
2020-06-24,San Benito,69,59416,249,171,0,171,2
2020-06-24,San Bernardino,71,2135413,15827,10211,6,10217,239
2020-06-24,San Diego,73,3302833,15076,11628,0,11628,347
2020-06-24,San Francisco,75,870044,3722,3216,1,3217,48
2020-06-24,San Joaquin,77,732212,4056,2680,4,2684,49
2020-06-24,San Luis Obispo,79,281455,665,461,2,463,1
2020-06-24,San Mateo,81,765935,3369,2964,4,2968,82
2020-06-24,Santa Barbara,83,443738,3581,2569,12,2581,22
2020-06-24,Santa Clara,85,1922200,4939,3812,7,3819,155
2020-06-24,Santa Cruz,87,273765,404,329,0,329,2
2020-06-24,Shasta,89,179085,166,83,0,83,5
2020-06-24,Sierra,91,2930,1,1,0,1,0
2020-06-24,Siskiyou,93,43540,31,24,0,24,0
2020-06-24,Solano,95,438530,1536,979,7,986,21
2020-06-24,Sonoma,97,501317,1264,933,3,936,4
2020-06-24,Stanislaus,99,539301,3240,2039,5,2044,36
2020-06-24,Sutter,101,95872,156,118,0,118,2
2020-06-24,Tehama,103,63373,81,55,1,56,1
2020-06-24,Trinity,105,12862,4,2,2,4,0
2020-06-24,Tulare,107,460477,4741,3541,2,3543,116
2020-06-24,Tuolumne,109,53932,33,9,1,10,0
2020-06-24,Ventura,111,848112,3412,2314,7,2321,42
2020-06-24,Yolo,113,214977,570,376,3,379,24
2020-06-24,Yuba,115,75493,57,37,0,37,1
2020-06-23,Alameda,1,1643700,6136,5159,6,5165,121
2020-06-23,Alpine,3,1148,2,1,0,1,0
2020-06-23,Amador,5,37829,22,13,0,13,0
2020-06-23,Butte,7,227075,191,111,4,115,1
2020-06-23,Calaveras,9,45235,40,26,0,26,0
2020-06-23,Colusa,11,21464,40,7,0,7,0
2020-06-23,Contra Costa,13,1133247,3097,2453,2,2455,60
2020-06-23,Del Norte,15,27424,48,46,0,46,0
2020-06-23,El Dorado,17,186661,217,142,0,142,0
2020-06-23,Fresno,19,978130,7381,3569,51,3620,67
2020-06-23,Glenn,21,27897,120,47,0,47,0
2020-06-23,Humboldt,23,135768,151,110,0,110,3
2020-06-23,Imperial,25,180216,7357,5025,6,5031,38
2020-06-23,Inyo,27,18085,29,26,0,26,1
2020-06-23,Kern,29,883053,6569,4087,14,4101,64
2020-06-23,Kings,31,150075,2431,1727,4,1731,16
2020-06-23,Lake,33,64148,59,40,0,40,0
2020-06-23,Lassen,35,31185,225,9,1,10,0
2020-06-23,Los Angeles,37,10098052,102693,88433,26,88459,3152
2020-06-23,Madera,39,155013,708,369,0,369,4
2020-06-23,Marin,41,260295,1972,1139,4,1143,17
2020-06-23,Mariposa,43,17540,26,18,0,18,1
2020-06-23,Mendocino,45,87422,77,61,0,61,0
2020-06-23,Merced,47,269075,1252,656,0,656,8
2020-06-23,Modoc,49,8938,1,0,0,0,0
2020-06-23,Mono,51,14174,42,35,0,35,1
2020-06-23,Monterey,53,433212,1769,1346,2,1348,12
2020-06-23,Napa,55,140530,358,230,0,230,3
2020-06-23,Nevada,57,99092,116,81,1,82,1
2020-06-23,Orange,59,3164182,17993,11071,116,11187,278
2020-06-23,Placer,61,380077,753,525,2,527,10
2020-06-23,Plumas,63,18699,9,6,0,6,0
2020-06-23,Riverside,65,2383286,19437,14469,9,14478,406
2020-06-23,Sacramento,67,1510023,3177,2374,2,2376,62
2020-06-23,San Benito,69,59416,235,167,0,167,2
2020-06-23,San Bernardino,71,2135413,15043,9771,6,9777,229
2020-06-23,San Diego,73,3302833,14556,11296,0,11296,341
2020-06-23,San Francisco,75,870044,3649,3177,1,3178,48
2020-06-23,San Joaquin,77,732212,3797,2502,4,2506,48
2020-06-23,San Luis Obispo,79,281455,635,445,2,447,1
2020-06-23,San Mateo,81,765935,3303,2907,4,2911,81
2020-06-23,Santa Barbara,83,443738,3485,2498,12,2510,22
2020-06-23,Santa Clara,85,1922200,4793,3700,7,3707,155
2020-06-23,Santa Cruz,87,273765,394,313,0,313,2
2020-06-23,Shasta,89,179085,157,81,0,81,5
2020-06-23,Sierra,91,2930,1,1,0,1,0
2020-06-23,Siskiyou,93,43540,29,24,0,24,0
2020-06-23,Solano,95,438530,1479,941,6,947,21
2020-06-23,Sonoma,97,501317,1211,912,3,915,4
2020-06-23,Stanislaus,99,539301,3065,1850,5,1855,35
2020-06-23,Sutter,101,95872,146,112,0,112,2
2020-06-23,Tehama,103,63373,79,50,1,51,1
2020-06-23,Trinity,105,12862,4,2,2,4,0
2020-06-23,Tulare,107,460477,4619,3456,2,3458,111
2020-06-23,Tuolumne,109,53932,28,9,1,10,0
2020-06-23,Ventura,111,848112,3252,2209,6,2215,40
2020-06-23,Yolo,113,214977,544,350,0,350,24
2020-06-23,Yuba,115,75493,54,35,0,35,1
2020-06-22,Alameda,1,1643700,5985,4944,6,4950,121
2020-06-22,Alpine,3,1148,2,1,0,1,0
2020-06-22,Amador,5,37829,19,12,0,12,0
2020-06-22,Butte,7,227075,172,104,4,108,1
2020-06-22,Calaveras,9,45235,38,20,0,20,0
2020-06-22,Colusa,11,21464,37,7,0,7,0
2020-06-22,Contra Costa,13,1133247,2955,2363,2,2365,60
2020-06-22,Del Norte,15,27424,48,46,0,46,0
2020-06-22,El Dorado,17,186661,208,137,0,137,0
2020-06-22,Fresno,19,978130,6849,3425,51,3476,67
2020-06-22,Glenn,21,27897,111,40,0,40,0
2020-06-22,Humboldt,23,135768,148,110,0,110,3
2020-06-22,Imperial,25,180216,7201,4700,6,4706,38
2020-06-22,Inyo,27,18085,29,26,0,26,1
2020-06-22,Kern,29,883053,6217,3982,12,3994,60
2020-06-22,Kings,31,150075,2383,1513,4,1517,13
2020-06-22,Lake,33,64148,53,37,0,37,0
2020-06-22,Lassen,35,31185,115,7,1,8,0
2020-06-22,Los Angeles,37,10098052,99797,85925,25,85950,3117
2020-06-22,Madera,39,155013,683,333,0,333,4
2020-06-22,Marin,41,260295,1716,1029,4,1033,17
2020-06-22,Mariposa,43,17540,25,18,0,18,1
2020-06-22,Mendocino,45,87422,72,48,0,48,0
2020-06-22,Merced,47,269075,1163,619,0,619,8
2020-06-22,Modoc,49,8938,1,0,0,0,0
2020-06-22,Mono,51,14174,42,34,0,34,1
2020-06-22,Monterey,53,433212,1708,1293,2,1295,12
2020-06-22,Napa,55,140530,334,222,0,222,3
2020-06-22,Nevada,57,99092,111,79,1,80,1
2020-06-22,Orange,59,3164182,17064,10711,114,10825,275
2020-06-22,Placer,61,380077,727,512,2,514,9
2020-06-22,Plumas,63,18699,7,6,0,6,0
2020-06-22,Riverside,65,2383286,18464,13948,9,13957,403
2020-06-22,Sacramento,67,1510023,2963,2243,2,2245,62
2020-06-22,San Benito,69,59416,226,164,0,164,2
2020-06-22,San Bernardino,71,2135413,14267,9133,6,9139,229
2020-06-22,San Diego,73,3302833,14065,11098,0,11098,338
2020-06-22,San Francisco,75,870044,3556,3000,1,3001,47
2020-06-22,San Joaquin,77,732212,3550,2332,4,2336,48
2020-06-22,San Luis Obispo,79,281455,603,422,2,424,1
2020-06-22,San Mateo,81,765935,3231,2813,4,2817,81
2020-06-22,Santa Barbara,83,443738,3393,2447,12,2459,21
2020-06-22,Santa Clara,85,1922200,4633,3580,7,3587,155
2020-06-22,Santa Cruz,87,273765,381,290,0,290,3
2020-06-22,Shasta,89,179085,154,77,0,77,5
2020-06-22,Sierra,91,2930,1,1,0,1,0
2020-06-22,Siskiyou,93,43540,29,23,0,23,0
2020-06-22,Solano,95,438530,1401,784,5,789,21
2020-06-22,Sonoma,97,501317,1166,860,1,861,4
2020-06-22,Stanislaus,99,539301,2880,1784,5,1789,35
2020-06-22,Sutter,101,95872,137,100,0,100,2
2020-06-22,Tehama,103,63373,75,38,1,39,1
2020-06-22,Trinity,105,12862,4,2,2,4,0
2020-06-22,Tulare,107,460477,4482,3185,2,3187,111
2020-06-22,Tuolumne,109,53932,19,8,1,9,0
2020-06-22,Ventura,111,848112,3103,2065,6,2071,39
2020-06-22,Yolo,113,214977,518,333,0,333,24
2020-06-22,Yuba,115,75493,49,36,0,36,1
2020-06-21,Alameda,1,1643700,5791,4835,6,4841,121
2020-06-21,Alpine,3,1148,2,1,0,1,0
2020-06-21,Amador,5,37829,14,12,0,12,0
2020-06-21,Butte,7,227075,158,97,4,101,1
2020-06-21,Calaveras,9,45235,38,20,0,20,0
2020-06-21,Colusa,11,21464,29,7,0,7,0
2020-06-21,Contra Costa,13,1133247,2829,2282,2,2284,60
2020-06-21,Del Norte,15,27424,47,46,0,46,0
2020-06-21,El Dorado,17,186661,199,132,0,132,0
2020-06-21,Fresno,19,978130,6279,3296,50,3346,67
2020-06-21,Glenn,21,27897,102,40,0,40,0
2020-06-21,Humboldt,23,135768,143,108,0,108,3
2020-06-21,Imperial,25,180216,7017,4701,6,4707,38
2020-06-21,Inyo,27,18085,27,26,0,26,1
2020-06-21,Kern,29,883053,5926,3918,11,3929,60
2020-06-21,Kings,31,150075,2320,1334,4,1338,11
2020-06-21,Lake,33,64148,48,36,0,36,0
2020-06-21,Lassen,35,31185,22,7,1,8,0
2020-06-21,Los Angeles,37,10098052,96920,83383,25,83408,3101
2020-06-21,Madera,39,155013,649,319,0,319,4
2020-06-21,Marin,41,260295,1558,907,4,911,17
2020-06-21,Mariposa,43,17540,22,18,0,18,1
2020-06-21,Mendocino,45,87422,69,48,0,48,0
2020-06-21,Merced,47,269075,1068,577,0,577,8
2020-06-21,Modoc,49,8938,1,0,0,0,0
2020-06-21,Mono,51,14174,42,34,0,34,1
2020-06-21,Monterey,53,433212,1635,1227,2,1229,12
2020-06-21,Napa,55,140530,319,218,0,218,3
2020-06-21,Nevada,57,99092,108,79,1,80,1
2020-06-21,Orange,59,3164182,16227,10563,110,10673,275
2020-06-21,Placer,61,380077,689,498,2,500,9
2020-06-21,Plumas,63,18699,7,6,0,6,0
2020-06-21,Riverside,65,2383286,17759,13528,8,13536,402
2020-06-21,Sacramento,67,1510023,2763,2156,2,2158,62
2020-06-21,San Benito,69,59416,212,151,0,151,2
2020-06-21,San Bernardino,71,2135413,13491,8925,5,8930,229
2020-06-21,San Diego,73,3302833,13520,10796,0,10796,338
2020-06-21,San Francisco,75,870044,3450,3000,1,3001,47
2020-06-21,San Joaquin,77,732212,3314,2188,4,2192,48
2020-06-21,San Luis Obispo,79,281455,578,418,2,420,1
2020-06-21,San Mateo,81,765935,3173,2781,4,2785,81
2020-06-21,Santa Barbara,83,443738,3286,2430,11,2441,21
2020-06-21,Santa Clara,85,1922200,4495,3514,7,3521,154
2020-06-21,Santa Cruz,87,273765,371,290,0,290,3
2020-06-21,Shasta,89,179085,144,75,0,75,5
2020-06-21,Sierra,91,2930,1,1,0,1,0
2020-06-21,Siskiyou,93,43540,29,23,0,23,0
2020-06-21,Solano,95,438530,1301,783,4,787,21
2020-06-21,Sonoma,97,501317,1116,836,1,837,4
2020-06-21,Stanislaus,99,539301,2693,1688,5,1693,35
2020-06-21,Sutter,101,95872,129,96,0,96,2
2020-06-21,Tehama,103,63373,64,35,1,36,1
2020-06-21,Trinity,105,12862,4,2,2,4,0
2020-06-21,Tulare,107,460477,4314,3173,2,3175,111
2020-06-21,Tuolumne,109,53932,17,8,1,9,0
2020-06-21,Ventura,111,848112,2925,2021,6,2027,39
2020-06-21,Yolo,113,214977,486,323,0,323,24
2020-06-21,Yuba,115,75493,45,35,0,35,1
2020-06-20,Alameda,1,1643700,5729,4758,6,4764,119
2020-06-20,Alpine,3,1148,2,1,0,1,0
2020-06-20,Amador,5,37829,14,12,0,12,0
2020-06-20,Butte,7,227075,151,94,4,98,1
2020-06-20,Calaveras,9,45235,38,20,0,20,0
2020-06-20,Colusa,11,21464,26,7,0,7,0
2020-06-20,Contra Costa,13,1133247,2771,2231,2,2233,54
2020-06-20,Del Norte,15,27424,47,46,0,46,0
2020-06-20,El Dorado,17,186661,194,130,0,130,0
2020-06-20,Fresno,19,978130,6154,3222,48,3270,67
2020-06-20,Glenn,21,27897,97,40,0,40,0
2020-06-20,Humboldt,23,135768,143,108,0,108,3
2020-06-20,Imperial,25,180216,6936,4616,6,4622,37
2020-06-20,Inyo,27,18085,27,26,0,26,1
2020-06-20,Kern,29,883053,5762,3836,11,3847,59
2020-06-20,Kings,31,150075,2296,1331,4,1335,9
2020-06-20,Lake,33,64148,48,37,0,37,0
2020-06-20,Lassen,35,31185,21,7,1,8,0
2020-06-20,Los Angeles,37,10098052,95347,81604,24,81628,3093
2020-06-20,Madera,39,155013,616,321,0,321,4
2020-06-20,Marin,41,260295,1538,879,4,883,17
2020-06-20,Mariposa,43,17540,22,18,0,18,1
2020-06-20,Mendocino,45,87422,68,48,0,48,0
2020-06-20,Merced,47,269075,1028,566,0,566,8
2020-06-20,Modoc,49,8938,1,0,0,0,0
2020-06-20,Mono,51,14174,42,34,0,34,1
2020-06-20,Monterey,53,433212,1599,1181,2,1183,12
2020-06-20,Napa,55,140530,310,212,0,212,3
2020-06-20,Nevada,57,99092,105,73,1,74,1
2020-06-20,Orange,59,3164182,15880,10284,106,10390,273
2020-06-20,Placer,61,380077,665,483,2,485,9
2020-06-20,Plumas,63,18699,6,6,0,6,0
2020-06-20,Riverside,65,2383286,17460,13021,8,13029,402
2020-06-20,Sacramento,67,1510023,2694,2069,2,2071,63
2020-06-20,San Benito,69,59416,208,139,0,139,2
2020-06-20,San Bernardino,71,2135413,13130,8718,5,8723,229
2020-06-20,San Diego,73,3302833,13197,10486,0,10486,338
2020-06-20,San Francisco,75,870044,3407,2999,1,3000,47
2020-06-20,San Joaquin,77,732212,3231,2046,4,2050,48
2020-06-20,San Luis Obispo,79,281455,565,405,2,407,1
2020-06-20,San Mateo,81,765935,3125,2755,4,2759,81
2020-06-20,Santa Barbara,83,443738,3230,2358,10,2368,21
2020-06-20,Santa Clara,85,1922200,4423,3435,7,3442,154
2020-06-20,Santa Cruz,87,273765,369,287,0,287,3
2020-06-20,Shasta,89,179085,138,66,0,66,5
2020-06-20,Sierra,91,2930,1,1,0,1,0
2020-06-20,Siskiyou,93,43540,28,22,0,22,0
2020-06-20,Solano,95,438530,1277,784,4,788,21
2020-06-20,Sonoma,97,501317,1080,806,1,807,4
2020-06-20,Stanislaus,99,539301,2586,1598,5,1603,35
2020-06-20,Sutter,101,95872,127,89,0,89,2
2020-06-20,Tehama,103,63373,62,35,1,36,1
2020-06-20,Trinity,105,12862,4,2,2,4,0
2020-06-20,Tulare,107,460477,4241,3172,2,3174,111
2020-06-20,Tuolumne,109,53932,14,8,1,9,0
2020-06-20,Ventura,111,848112,2860,1946,6,1952,37
2020-06-20,Yolo,113,214977,470,309,0,309,24
2020-06-20,Yuba,115,75493,43,34,0,34,1
2020-06-19,Alameda,1,1643700,5657,4646,6,4652,119
2020-06-19,Alpine,3,1148,2,1,0,1,0
2020-06-19,Amador,5,37829,14,12,0,12,0
2020-06-19,Butte,7,227075,146,91,4,95,1
2020-06-19,Calaveras,9,45235,37,20,0,20,0
2020-06-19,Colusa,11,21464,24,7,0,7,0
2020-06-19,Contra Costa,13,1133247,2692,2106,2,2108,54
2020-06-19,Del Norte,15,27424,47,46,0,46,0
2020-06-19,El Dorado,17,186661,185,124,0,124,0
2020-06-19,Fresno,19,978130,5992,3109,46,3155,61
2020-06-19,Glenn,21,27897,91,40,0,40,0
2020-06-19,Humboldt,23,135768,141,106,0,106,3
2020-06-19,Imperial,25,180216,6845,4504,6,4510,36
2020-06-19,Inyo,27,18085,27,26,0,26,1
2020-06-19,Kern,29,883053,5539,3742,10,3752,57
2020-06-19,Kings,31,150075,2275,1285,4,1289,9
2020-06-19,Lake,33,64148,45,36,0,36,0
2020-06-19,Lassen,35,31185,20,7,1,8,0
2020-06-19,Los Angeles,37,10098052,93368,79572,24,79596,3047
2020-06-19,Madera,39,155013,596,300,0,300,4
2020-06-19,Marin,41,260295,1509,829,4,833,17
2020-06-19,Mariposa,43,17540,21,18,0,18,1
2020-06-19,Mendocino,45,87422,67,48,0,48,0
2020-06-19,Merced,47,269075,983,529,0,529,8
2020-06-19,Modoc,49,8938,1,0,0,0,0
2020-06-19,Mono,51,14174,42,34,0,34,1
2020-06-19,Monterey,53,433212,1570,1159,2,1161,12
2020-06-19,Napa,55,140530,300,209,0,209,3
2020-06-19,Nevada,57,99092,102,71,1,72,1
2020-06-19,Orange,59,3164182,15355,9972,98,10070,260
2020-06-19,Placer,61,380077,647,464,2,466,9
2020-06-19,Plumas,63,18699,6,5,0,5,0
2020-06-19,Riverside,65,2383286,17054,12710,8,12718,398
2020-06-19,Sacramento,67,1510023,2610,1976,2,1978,64
2020-06-19,San Benito,69,59416,207,136,0,136,2
2020-06-19,San Bernardino,71,2135413,12724,8454,4,8458,226
2020-06-19,San Diego,73,3302833,12834,10352,0,10352,332
2020-06-19,San Francisco,75,870044,3352,2968,1,2969,47
2020-06-19,San Joaquin,77,732212,3108,1969,4,1973,48
2020-06-19,San Luis Obispo,79,281455,550,392,2,394,1
2020-06-19,San Mateo,81,765935,3086,2713,4,2717,81
2020-06-19,Santa Barbara,83,443738,3157,2284,8,2292,21
2020-06-19,Santa Clara,85,1922200,4349,3376,7,3383,154
2020-06-19,Santa Cruz,87,273765,359,283,0,283,3
2020-06-19,Shasta,89,179085,134,58,0,58,5
2020-06-19,Sierra,91,2930,1,1,0,1,0
2020-06-19,Siskiyou,93,43540,28,21,0,21,0
2020-06-19,Solano,95,438530,1239,755,4,759,21
2020-06-19,Sonoma,97,501317,1053,803,1,804,4
2020-06-19,Stanislaus,99,539301,2477,1549,5,1554,35
2020-06-19,Sutter,101,95872,126,89,0,89,2
2020-06-19,Tehama,103,63373,61,35,1,36,1
2020-06-19,Trinity,105,12862,4,2,2,4,0
2020-06-19,Tulare,107,460477,4169,3053,2,3055,107
2020-06-19,Tuolumne,109,53932,13,8,1,9,0
2020-06-19,Ventura,111,848112,2776,1865,6,1871,37
2020-06-19,Yolo,113,214977,451,303,0,303,24
2020-06-19,Yuba,115,75493,42,33,0,33,1
2020-06-18,Alameda,1,1643700,5528,4589,6,4595,118
2020-06-18,Alpine,3,1148,2,1,0,1,0
2020-06-18,Amador,5,37829,13,12,0,12,0
2020-06-18,Butte,7,227075,141,88,4,92,1
2020-06-18,Calaveras,9,45235,37,20,0,20,0
2020-06-18,Colusa,11,21464,20,7,0,7,0
2020-06-18,Contra Costa,13,1133247,2587,2072,2,2074,53
2020-06-18,Del Norte,15,27424,47,46,0,46,0
2020-06-18,El Dorado,17,186661,181,121,0,121,0
2020-06-18,Fresno,19,978130,5725,2947,45,2992,57
2020-06-18,Glenn,21,27897,82,35,0,35,0
2020-06-18,Humboldt,23,135768,140,106,0,106,3
2020-06-18,Imperial,25,180216,6696,4366,6,4372,36
2020-06-18,Inyo,27,18085,26,25,0,25,1
2020-06-18,Kern,29,883053,5321,3634,10,3644,57
2020-06-18,Kings,31,150075,2216,1141,4,1145,8
2020-06-18,Lake,33,64148,44,36,0,36,0
2020-06-18,Lassen,35,31185,19,5,1,6,0
2020-06-18,Los Angeles,37,10098052,91104,78244,24,78268,3009
2020-06-18,Madera,39,155013,561,288,0,288,4
2020-06-18,Marin,41,260295,1446,819,4,823,17
2020-06-18,Mariposa,43,17540,19,18,0,18,1
2020-06-18,Mendocino,45,87422,63,45,0,45,0
2020-06-18,Merced,47,269075,931,486,0,486,7
2020-06-18,Modoc,49,8938,1,0,0,0,0
2020-06-18,Mono,51,14174,42,34,0,34,1
2020-06-18,Monterey,53,433212,1503,1127,2,1129,12
2020-06-18,Napa,55,140530,285,205,0,205,3
2020-06-18,Nevada,57,99092,98,68,1,69,1
2020-06-18,Orange,59,3164182,14700,9597,79,9676,255
2020-06-18,Placer,61,380077,625,457,2,459,9
2020-06-18,Plumas,63,18699,6,5,0,5,0
2020-06-18,Riverside,65,2383286,16441,12410,8,12418,392
2020-06-18,Sacramento,67,1510023,2495,1938,2,1940,63
2020-06-18,San Benito,69,59416,201,134,0,134,2
2020-06-18,San Bernardino,71,2135413,12088,8141,4,8145,226
2020-06-18,San Diego,73,3302833,12412,10094,0,10094,331
2020-06-18,San Francisco,75,870044,3303,2951,1,2952,47
2020-06-18,San Joaquin,77,732212,2955,1908,4,1912,47
2020-06-18,San Luis Obispo,79,281455,531,378,2,380,1
2020-06-18,San Mateo,81,765935,3047,2674,4,2678,78
2020-06-18,Santa Barbara,83,443738,3083,2201,8,2209,19
2020-06-18,Santa Clara,85,1922200,4249,3338,7,3345,152
2020-06-18,Santa Cruz,87,273765,342,275,0,275,3
2020-06-18,Shasta,89,179085,123,51,0,51,4
2020-06-18,Sierra,91,2930,1,1,0,1,0
2020-06-18,Siskiyou,93,43540,28,18,0,18,0
2020-06-18,Solano,95,438530,1201,735,4,739,21
2020-06-18,Sonoma,97,501317,1011,789,1,790,4
2020-06-18,Stanislaus,99,539301,2344,1495,5,1500,35
2020-06-18,Sutter,101,95872,122,85,0,85,2
2020-06-18,Tehama,103,63373,56,31,1,32,1
2020-06-18,Trinity,105,12862,4,2,2,4,0
2020-06-18,Tulare,107,460477,4049,3005,2,3007,107
2020-06-18,Tuolumne,109,53932,12,8,1,9,0
2020-06-18,Ventura,111,848112,2650,1781,6,1787,37
2020-06-18,Yolo,113,214977,418,294,0,294,24
2020-06-18,Yuba,115,75493,41,32,0,32,1
2020-06-17,Alameda,1,1643700,5405,4485,6,4491,117
2020-06-17,Alpine,3,1148,2,1,0,1,0
2020-06-17,Amador,5,37829,12,10,0,10,0
2020-06-17,Butte,7,227075,132,81,4,85,1
2020-06-17,Calaveras,9,45235,37,20,0,20,0
2020-06-17,Colusa,11,21464,19,7,0,7,0
2020-06-17,Contra Costa,13,1133247,2490,2020,2,2022,45
2020-06-17,Del Norte,15,27424,47,45,0,45,0
2020-06-17,El Dorado,17,186661,174,116,0,116,0
2020-06-17,Fresno,19,978130,5501,2801,43,2844,56
2020-06-17,Glenn,21,27897,75,31,0,31,0
2020-06-17,Humboldt,23,135768,138,105,0,105,3
2020-06-17,Imperial,25,180216,6524,4108,6,4114,36
2020-06-17,Inyo,27,18085,25,25,0,25,1
2020-06-17,Kern,29,883053,5120,3547,10,3557,56
2020-06-17,Kings,31,150075,2186,1097,4,1101,7
2020-06-17,Lake,33,64148,43,32,0,32,0
2020-06-17,Lassen,35,31185,15,5,1,6,0
2020-06-17,Los Angeles,37,10098052,88796,77166,24,77190,2973
2020-06-17,Madera,39,155013,539,258,0,258,4
2020-06-17,Marin,41,260295,1254,771,3,774,17
2020-06-17,Mariposa,43,17540,18,18,0,18,1
2020-06-17,Mendocino,45,87422,61,42,0,42,0
2020-06-17,Merced,47,269075,860,460,0,460,7
2020-06-17,Modoc,49,8938,1,0,0,0,0
2020-06-17,Mono,51,14174,42,34,0,34,1
2020-06-17,Monterey,53,433212,1451,1077,2,1079,12
2020-06-17,Napa,55,140530,270,202,0,202,3
2020-06-17,Nevada,57,99092,94,57,1,58,1
2020-06-17,Orange,59,3164182,14097,9278,74,9352,230
2020-06-17,Placer,61,380077,604,427,2,429,9
2020-06-17,Plumas,63,18699,6,5,0,5,0
2020-06-17,Riverside,65,2383286,15808,11859,8,11867,370
2020-06-17,Sacramento,67,1510023,2387,1889,2,1891,63
2020-06-17,San Benito,69,59416,196,116,0,116,2
2020-06-17,San Bernardino,71,2135413,11536,7670,4,7674,225
2020-06-17,San Diego,73,3302833,12033,9856,0,9856,327
2020-06-17,San Francisco,75,870044,3264,2906,1,2907,46
2020-06-17,San Joaquin,77,732212,2783,1825,4,1829,46
2020-06-17,San Luis Obispo,79,281455,514,362,2,364,1
2020-06-17,San Mateo,81,765935,3000,2649,4,2653,78
2020-06-17,Santa Barbara,83,443738,3010,2147,6,2153,19
2020-06-17,Santa Clara,85,1922200,4158,3264,6,3270,148
2020-06-17,Santa Cruz,87,273765,336,265,0,265,2
2020-06-17,Shasta,89,179085,121,51,0,51,4
2020-06-17,Sierra,91,2930,1,1,0,1,0
2020-06-17,Siskiyou,93,43540,27,16,0,16,0
2020-06-17,Solano,95,438530,1151,722,4,726,21
2020-06-17,Sonoma,97,501317,985,748,1,749,4
2020-06-17,Stanislaus,99,539301,2221,1387,5,1392,35
2020-06-17,Sutter,101,95872,116,79,0,79,2
2020-06-17,Tehama,103,63373,41,24,1,25,1
2020-06-17,Trinity,105,12862,4,2,2,4,0
2020-06-17,Tulare,107,460477,3940,2882,2,2884,106
2020-06-17,Tuolumne,109,53932,12,7,1,8,0
2020-06-17,Ventura,111,848112,2550,1729,6,1735,37
2020-06-17,Yolo,113,214977,398,277,0,277,24
2020-06-17,Yuba,115,75493,40,30,0,30,1
2020-06-16,Alameda,1,1643700,5289,4428,6,4434,113
2020-06-16,Alpine,3,1148,2,1,0,1,0
2020-06-16,Amador,5,37829,12,10,0,10,0
2020-06-16,Butte,7,227075,128,79,4,83,1
2020-06-16,Calaveras,9,45235,34,19,0,19,0
2020-06-16,Colusa,11,21464,16,7,0,7,0
2020-06-16,Contra Costa,13,1133247,2399,1971,1,1972,45
2020-06-16,Del Norte,15,27424,47,45,0,45,0
2020-06-16,El Dorado,17,186661,168,115,0,115,0
2020-06-16,Fresno,19,978130,5264,2731,42,2773,50
2020-06-16,Glenn,21,27897,71,30,0,30,0
2020-06-16,Humboldt,23,135768,135,105,0,105,3
2020-06-16,Imperial,25,180216,6364,3939,6,3945,36
2020-06-16,Inyo,27,18085,25,24,0,24,1
2020-06-16,Kern,29,883053,4896,3496,10,3506,55
2020-06-16,Kings,31,150075,2140,1044,4,1048,6
2020-06-16,Lake,33,64148,43,31,0,31,0
2020-06-16,Lassen,35,31185,12,5,1,6,0
2020-06-16,Los Angeles,37,10098052,86474,75051,24,75075,2942
2020-06-16,Madera,39,155013,513,239,0,239,3
2020-06-16,Marin,41,260295,1201,725,3,728,17
2020-06-16,Mariposa,43,17540,18,17,0,17,1
2020-06-16,Mendocino,45,87422,60,35,0,35,0
2020-06-16,Merced,47,269075,812,436,0,436,7
2020-06-16,Modoc,49,8938,1,0,0,0,0
2020-06-16,Mono,51,14174,42,34,0,34,1
2020-06-16,Monterey,53,433212,1403,1019,2,1021,12
2020-06-16,Napa,55,140530,255,196,0,196,3
2020-06-16,Nevada,57,99092,91,53,1,54,1
2020-06-16,Orange,59,3164182,13514,9163,72,9235,223
2020-06-16,Placer,61,380077,570,392,2,394,9
2020-06-16,Plumas,63,18699,6,5,0,5,0
2020-06-16,Riverside,65,2383286,15133,11638,8,11646,364
2020-06-16,Sacramento,67,1510023,2277,1825,2,1827,60
2020-06-16,San Benito,69,59416,188,110,0,110,2
2020-06-16,San Bernardino,71,2135413,10994,7463,4,7467,225
2020-06-16,San Diego,73,3302833,11671,9732,0,9732,323
2020-06-16,San Francisco,75,870044,3213,2893,1,2894,46
2020-06-16,San Joaquin,77,732212,2631,1718,4,1722,47
2020-06-16,San Luis Obispo,79,281455,491,343,2,345,1
2020-06-16,San Mateo,81,765935,2946,2618,4,2622,77
2020-06-16,Santa Barbara,83,443738,2943,2090,6,2096,16
2020-06-16,Santa Clara,85,1922200,4052,3228,5,3233,148
2020-06-16,Santa Cruz,87,273765,320,257,0,257,2
2020-06-16,Shasta,89,179085,112,51,0,51,4
2020-06-16,Sierra,91,2930,1,1,0,1,0
2020-06-16,Siskiyou,93,43540,26,15,0,15,0
2020-06-16,Solano,95,438530,1061,694,4,698,19
2020-06-16,Sonoma,97,501317,953,739,1,740,4
2020-06-16,Stanislaus,99,539301,2068,1278,5,1283,36
2020-06-16,Sutter,101,95872,109,73,0,73,2
2020-06-16,Tehama,103,63373,37,24,1,25,1
2020-06-16,Trinity,105,12862,4,2,2,4,0
2020-06-16,Tulare,107,460477,3823,2802,2,2804,96
2020-06-16,Tuolumne,109,53932,12,7,1,8,0
2020-06-16,Ventura,111,848112,2449,1676,6,1682,37
2020-06-16,Yolo,113,214977,374,262,0,262,24
2020-06-16,Yuba,115,75493,39,29,0,29,1
2020-06-15,Alameda,1,1643700,5164,4323,6,4329,112
2020-06-15,Alpine,3,1148,2,1,0,1,0
2020-06-15,Amador,5,37829,12,10,0,10,0
2020-06-15,Butte,7,227075,120,78,4,82,1
2020-06-15,Calaveras,9,45235,34,18,0,18,0
2020-06-15,Colusa,11,21464,14,7,0,7,0
2020-06-15,Contra Costa,13,1133247,2322,1918,1,1919,43
2020-06-15,Del Norte,15,27424,47,45,0,45,0
2020-06-15,El Dorado,17,186661,158,114,0,114,0
2020-06-15,Fresno,19,978130,5053,2616,41,2657,48
2020-06-15,Glenn,21,27897,66,21,0,21,0
2020-06-15,Humboldt,23,135768,133,105,0,105,3
2020-06-15,Imperial,25,180216,6189,3726,6,3732,36
2020-06-15,Inyo,27,18085,25,23,0,23,1
2020-06-15,Kern,29,883053,4674,3417,10,3427,55
2020-06-15,Kings,31,150075,2063,1022,4,1026,6
2020-06-15,Lake,33,64148,43,31,0,31,0
2020-06-15,Lassen,35,31185,12,5,1,6,0
2020-06-15,Los Angeles,37,10098052,84286,73705,24,73729,2908
2020-06-15,Madera,39,155013,491,203,0,203,3
2020-06-15,Marin,41,260295,1035,708,3,711,17
2020-06-15,Mariposa,43,17540,18,17,0,17,1
2020-06-15,Mendocino,45,87422,51,33,0,33,0
2020-06-15,Merced,47,269075,767,414,0,414,7
2020-06-15,Modoc,49,8938,1,0,0,0,0
2020-06-15,Mono,51,14174,42,34,0,34,1
2020-06-15,Monterey,53,433212,1337,998,2,1000,12
2020-06-15,Napa,55,140530,247,187,0,187,3
2020-06-15,Nevada,57,99092,85,52,1,53,1
2020-06-15,Orange,59,3164182,12950,8944,65,9009,212
2020-06-15,Placer,61,380077,549,386,2,388,9
2020-06-15,Plumas,63,18699,6,4,0,4,0
2020-06-15,Riverside,65,2383286,14511,11376,8,11384,364
2020-06-15,Sacramento,67,1510023,2162,1791,2,1793,60
2020-06-15,San Benito,69,59416,182,108,0,108,2
2020-06-15,San Bernardino,71,2135413,10489,7189,4,7193,224
2020-06-15,San Diego,73,3302833,11331,9612,0,9612,320
2020-06-15,San Francisco,75,870044,3169,2833,1,2834,45
2020-06-15,San Joaquin,77,732212,2495,1667,4,1671,43
2020-06-15,San Luis Obispo,79,281455,478,332,2,334,1
2020-06-15,San Mateo,81,765935,2899,2591,4,2595,75
2020-06-15,Santa Barbara,83,443738,2875,2054,6,2060,16
2020-06-15,Santa Clara,85,1922200,3952,3204,5,3209,148
2020-06-15,Santa Cruz,87,273765,309,254,0,254,2
2020-06-15,Shasta,89,179085,106,50,0,50,4
2020-06-15,Sierra,91,2930,1,1,0,1,0
2020-06-15,Siskiyou,93,43540,25,14,0,14,0
2020-06-15,Solano,95,438530,1001,638,4,642,19
2020-06-15,Sonoma,97,501317,924,726,1,727,4
2020-06-15,Stanislaus,99,539301,1951,1253,5,1258,35
2020-06-15,Sutter,101,95872,99,71,0,71,2
2020-06-15,Tehama,103,63373,37,17,1,18,1
2020-06-15,Trinity,105,12862,3,2,2,4,0
2020-06-15,Tulare,107,460477,3709,2662,2,2664,96
2020-06-15,Tuolumne,109,53932,11,7,1,8,0
2020-06-15,Ventura,111,848112,2368,1656,6,1662,37
2020-06-15,Yolo,113,214977,354,255,0,255,24
2020-06-15,Yuba,115,75493,39,28,0,28,1
2020-06-14,Alameda,1,1643700,5019,4271,6,4277,112
2020-06-14,Alpine,3,1148,2,1,0,1,0
2020-06-14,Amador,5,37829,12,10,0,10,0
2020-06-14,Butte,7,227075,114,78,4,82,1
2020-06-14,Calaveras,9,45235,33,18,0,18,0
2020-06-14,Colusa,11,21464,13,7,0,7,0
2020-06-14,Contra Costa,13,1133247,2253,1893,1,1894,43
2020-06-14,Del Norte,15,27424,47,45,0,45,0
2020-06-14,El Dorado,17,186661,154,110,0,110,0
2020-06-14,Fresno,19,978130,4869,2585,40,2625,48
2020-06-14,Glenn,21,27897,51,21,0,21,0
2020-06-14,Humboldt,23,135768,129,105,0,105,3
2020-06-14,Imperial,25,180216,5956,3730,6,3736,36
2020-06-14,Inyo,27,18085,24,23,0,23,1
2020-06-14,Kern,29,883053,4463,3328,10,3338,55
2020-06-14,Kings,31,150075,2012,1022,4,1026,6
2020-06-14,Lake,33,64148,40,31,0,31,0
2020-06-14,Lassen,35,31185,12,5,1,6,0
2020-06-14,Los Angeles,37,10098052,81959,72932,24,72956,2887
2020-06-14,Madera,39,155013,473,203,0,203,3
2020-06-14,Marin,41,260295,870,689,2,691,17
2020-06-14,Mariposa,43,17540,18,16,0,16,1
2020-06-14,Mendocino,45,87422,48,33,0,33,0
2020-06-14,Merced,47,269075,716,403,0,403,7
2020-06-14,Modoc,49,8938,1,0,0,0,0
2020-06-14,Mono,51,14174,42,34,0,34,1
2020-06-14,Monterey,53,433212,1276,949,2,951,12
2020-06-14,Napa,55,140530,225,181,0,181,3
2020-06-14,Nevada,57,99092,81,52,1,53,1
2020-06-14,Orange,59,3164182,12526,8744,62,8806,211
2020-06-14,Placer,61,380077,523,369,2,371,9
2020-06-14,Plumas,63,18699,5,4,0,4,0
2020-06-14,Riverside,65,2383286,14068,11218,8,11226,364
2020-06-14,Sacramento,67,1510023,2077,1750,2,1752,60
2020-06-14,San Benito,69,59416,171,104,0,104,2
2020-06-14,San Bernardino,71,2135413,9949,7015,4,7019,224
2020-06-14,San Diego,73,3302833,10956,9442,0,9442,319
2020-06-14,San Francisco,75,870044,3129,2834,1,2835,45
2020-06-14,San Joaquin,77,732212,2344,1603,4,1607,43
2020-06-14,San Luis Obispo,79,281455,463,330,2,332,1
2020-06-14,San Mateo,81,765935,2842,2571,4,2575,75
2020-06-14,Santa Barbara,83,443738,2798,2049,6,2055,17
2020-06-14,Santa Clara,85,1922200,3860,3178,5,3183,148
2020-06-14,Santa Cruz,87,273765,295,254,0,254,2
2020-06-14,Shasta,89,179085,100,48,0,48,4
2020-06-14,Sierra,91,2930,1,1,0,1,0
2020-06-14,Siskiyou,93,43540,24,13,0,13,0
2020-06-14,Solano,95,438530,952,638,4,642,19
2020-06-14,Sonoma,97,501317,896,724,1,725,4
2020-06-14,Stanislaus,99,539301,1803,1159,5,1164,35
2020-06-14,Sutter,101,95872,94,63,0,63,2
2020-06-14,Tehama,103,63373,34,17,1,18,1
2020-06-14,Trinity,105,12862,3,2,2,4,0
2020-06-14,Tulare,107,460477,3577,2646,2,2648,96
2020-06-14,Tuolumne,109,53932,11,7,1,8,0
2020-06-14,Ventura,111,848112,2270,1610,5,1615,37
2020-06-14,Yolo,113,214977,338,254,0,254,24
2020-06-14,Yuba,115,75493,38,28,0,28,1
2020-06-13,Alameda,1,1643700,4956,4196,6,4202,112
2020-06-13,Alpine,3,1148,2,1,0,1,0
2020-06-13,Amador,5,37829,11,10,0,10,0
2020-06-13,Butte,7,227075,105,72,4,76,1
2020-06-13,Calaveras,9,45235,31,18,0,18,0
2020-06-13,Colusa,11,21464,12,7,0,7,0
2020-06-13,Contra Costa,13,1133247,2217,1868,1,1869,43
2020-06-13,Del Norte,15,27424,47,45,0,45,0
2020-06-13,El Dorado,17,186661,150,110,0,110,0
2020-06-13,Fresno,19,978130,4771,2499,40,2539,48
2020-06-13,Glenn,21,27897,49,21,0,21,0
2020-06-13,Humboldt,23,135768,128,104,0,104,3
2020-06-13,Imperial,25,180216,5883,3646,6,3652,36
2020-06-13,Inyo,27,18085,24,23,0,23,1
2020-06-13,Kern,29,883053,4354,3239,10,3249,55
2020-06-13,Kings,31,150075,1992,1023,4,1027,6
2020-06-13,Lake,33,64148,39,29,0,29,0
2020-06-13,Lassen,35,31185,12,5,1,6,0
2020-06-13,Los Angeles,37,10098052,80919,71938,23,71961,2874
2020-06-13,Madera,39,155013,469,203,0,203,3
2020-06-13,Marin,41,260295,839,677,2,679,17
2020-06-13,Mariposa,43,17540,18,16,0,16,1
2020-06-13,Mendocino,45,87422,48,33,0,33,0
2020-06-13,Merced,47,269075,698,376,0,376,7
2020-06-13,Modoc,49,8938,1,0,0,0,0
2020-06-13,Mono,51,14174,42,35,0,35,1
2020-06-13,Monterey,53,433212,1238,900,2,902,11
2020-06-13,Napa,55,140530,222,171,0,171,3
2020-06-13,Nevada,57,99092,79,52,1,53,1
2020-06-13,Orange,59,3164182,12283,8581,58,8639,211
2020-06-13,Placer,61,380077,506,346,2,348,9
2020-06-13,Plumas,63,18699,5,4,0,4,0
2020-06-13,Riverside,65,2383286,13788,10931,8,10939,364
2020-06-13,Sacramento,67,1510023,2023,1713,2,1715,60
2020-06-13,San Benito,69,59416,164,99,0,99,2
2020-06-13,San Bernardino,71,2135413,9724,6885,4,6889,224
2020-06-13,San Diego,73,3302833,10784,9316,0,9316,319
2020-06-13,San Francisco,75,870044,3109,2834,1,2835,44
2020-06-13,San Joaquin,77,732212,2263,1461,4,1465,43
2020-06-13,San Luis Obispo,79,281455,452,326,2,328,1
2020-06-13,San Mateo,81,765935,2819,2551,4,2555,75
2020-06-13,Santa Barbara,83,443738,2740,1999,6,2005,15
2020-06-13,Santa Clara,85,1922200,3819,3141,5,3146,148
2020-06-13,Santa Cruz,87,273765,289,254,0,254,2
2020-06-13,Shasta,89,179085,98,48,0,48,4
2020-06-13,Sierra,91,2930,1,1,0,1,0
2020-06-13,Siskiyou,93,43540,24,13,0,13,0
2020-06-13,Solano,95,438530,924,637,4,641,19
2020-06-13,Sonoma,97,501317,881,711,1,712,4
2020-06-13,Stanislaus,99,539301,1746,1122,5,1127,33
2020-06-13,Sutter,101,95872,93,62,0,62,2
2020-06-13,Tehama,103,63373,33,17,1,18,1
2020-06-13,Trinity,105,12862,3,2,2,4,0
2020-06-13,Tulare,107,460477,3545,2626,2,2628,96
2020-06-13,Tuolumne,109,53932,10,7,1,8,0
2020-06-13,Ventura,111,848112,2224,1567,5,1572,37
2020-06-13,Yolo,113,214977,317,251,0,251,24
2020-06-13,Yuba,115,75493,38,28,0,28,1
2020-06-12,Alameda,1,1643700,4883,4167,6,4173,109
2020-06-12,Alpine,3,1148,2,1,0,1,0
2020-06-12,Amador,5,37829,11,10,0,10,0
2020-06-12,Butte,7,227075,101,71,4,75,1
2020-06-12,Calaveras,9,45235,28,18,0,18,0
2020-06-12,Colusa,11,21464,12,7,0,7,0
2020-06-12,Contra Costa,13,1133247,2180,1827,1,1828,43
2020-06-12,Del Norte,15,27424,47,45,0,45,0
2020-06-12,El Dorado,17,186661,150,110,0,110,0
2020-06-12,Fresno,19,978130,4635,2428,40,2468,47
2020-06-12,Glenn,21,27897,46,21,0,21,0
2020-06-12,Humboldt,23,135768,126,105,0,105,3
2020-06-12,Imperial,25,180216,5799,3543,6,3549,36
2020-06-12,Inyo,27,18085,24,23,0,23,1
2020-06-12,Kern,29,883053,4238,3152,10,3162,54
2020-06-12,Kings,31,150075,1979,987,4,991,6
2020-06-12,Lake,33,64148,38,29,0,29,0
2020-06-12,Lassen,35,31185,12,5,1,6,0
2020-06-12,Los Angeles,37,10098052,79511,70385,23,70408,2814
2020-06-12,Madera,39,155013,444,187,0,187,3
2020-06-12,Marin,41,260295,836,649,2,651,17
2020-06-12,Mariposa,43,17540,18,16,0,16,1
2020-06-12,Mendocino,45,87422,48,33,0,33,0
2020-06-12,Merced,47,269075,663,372,0,372,7
2020-06-12,Modoc,49,8938,1,0,0,0,0
2020-06-12,Mono,51,14174,39,35,0,35,1
2020-06-12,Monterey,53,433212,1197,864,2,866,11
2020-06-12,Napa,55,140530,219,162,0,162,3
2020-06-12,Nevada,57,99092,73,52,1,53,1
2020-06-12,Orange,59,3164182,11978,8440,57,8497,203
2020-06-12,Placer,61,380077,490,333,2,335,9
2020-06-12,Plumas,63,18699,5,4,0,4,0
2020-06-12,Riverside,65,2383286,13451,10616,8,10624,364
2020-06-12,Sacramento,67,1510023,1968,1702,2,1704,60
2020-06-12,San Benito,69,59416,157,96,0,96,2
2020-06-12,San Bernardino,71,2135413,9455,6707,4,6711,223
2020-06-12,San Diego,73,3302833,10614,9132,0,9132,313
2020-06-12,San Francisco,75,870044,3075,2823,1,2824,44
2020-06-12,San Joaquin,77,732212,2183,1406,4,1410,43
2020-06-12,San Luis Obispo,79,281455,436,321,2,323,1
2020-06-12,San Mateo,81,765935,2784,2533,4,2537,75
2020-06-12,Santa Barbara,83,443738,2686,1969,6,1975,14
2020-06-12,Santa Clara,85,1922200,3778,3099,5,3104,149
2020-06-12,Santa Cruz,87,273765,281,251,0,251,2
2020-06-12,Shasta,89,179085,91,48,0,48,5
2020-06-12,Sierra,91,2930,1,1,0,1,0
2020-06-12,Siskiyou,93,43540,24,13,0,13,0
2020-06-12,Solano,95,438530,910,620,4,624,19
2020-06-12,Sonoma,97,501317,862,696,1,697,4
2020-06-12,Stanislaus,99,539301,1687,1092,5,1097,33
2020-06-12,Sutter,101,95872,92,56,0,56,2
2020-06-12,Tehama,103,63373,32,13,1,14,1
2020-06-12,Trinity,105,12862,3,2,2,4,0
2020-06-12,Tulare,107,460477,3491,2552,2,2554,95
2020-06-12,Tuolumne,109,53932,10,7,1,8,0
2020-06-12,Ventura,111,848112,2172,1534,5,1539,35
2020-06-12,Yolo,113,214977,305,243,0,243,24
2020-06-12,Yuba,115,75493,36,27,0,27,1
2020-06-11,Alameda,1,1643700,4752,4073,5,4078,108
2020-06-11,Alpine,3,1148,2,1,0,1,0
2020-06-11,Amador,5,37829,10,10,0,10,0
2020-06-11,Butte,7,227075,95,72,4,76,1
2020-06-11,Calaveras,9,45235,27,16,0,16,0
2020-06-11,Colusa,11,21464,12,7,0,7,0
2020-06-11,Contra Costa,13,1133247,2126,1797,1,1798,43
2020-06-11,Del Norte,15,27424,47,45,0,45,0
2020-06-11,El Dorado,17,186661,142,109,0,109,0
2020-06-11,Fresno,19,978130,4480,2338,40,2378,45
2020-06-11,Glenn,21,27897,42,21,0,21,0
2020-06-11,Humboldt,23,135768,122,113,0,113,3
2020-06-11,Imperial,25,180216,5642,3463,6,3469,36
2020-06-11,Inyo,27,18085,22,23,0,23,1
2020-06-11,Kern,29,883053,4086,3047,8,3055,54
2020-06-11,Kings,31,150075,1945,963,4,967,6
2020-06-11,Lake,33,64148,38,28,0,28,0
2020-06-11,Lassen,35,31185,12,5,1,6,0
2020-06-11,Los Angeles,37,10098052,77843,68807,22,68829,2800
2020-06-11,Madera,39,155013,426,178,0,178,3
2020-06-11,Marin,41,260295,788,637,2,639,17
2020-06-11,Mariposa,43,17540,18,16,0,16,1
2020-06-11,Mendocino,45,87422,39,35,0,35,0
2020-06-11,Merced,47,269075,623,370,0,370,7
2020-06-11,Modoc,49,8938,1,0,0,0,0
2020-06-11,Mono,51,14174,39,35,0,35,1
2020-06-11,Monterey,53,433212,1150,813,2,815,11
2020-06-11,Napa,55,140530,210,162,0,162,3
2020-06-11,Nevada,57,99092,67,50,1,51,1
2020-06-11,Orange,59,3164182,11670,8304,56,8360,188
2020-06-11,Placer,61,380077,470,321,2,323,9
2020-06-11,Plumas,63,18699,5,4,0,4,0
2020-06-11,Riverside,65,2383286,13099,10014,8,10022,361
2020-06-11,Sacramento,67,1510023,1920,1669,2,1671,60
2020-06-11,San Benito,69,59416,151,94,0,94,2
2020-06-11,San Bernardino,71,2135413,9158,6509,4,6513,221
2020-06-11,San Diego,73,3302833,10384,9000,0,9000,308
2020-06-11,San Francisco,75,870044,3046,2766,1,2767,44
2020-06-11,San Joaquin,77,732212,2071,1351,4,1355,43
2020-06-11,San Luis Obispo,79,281455,422,307,2,309,1
2020-06-11,San Mateo,81,765935,2746,2499,4,2503,74
2020-06-11,Santa Barbara,83,443738,2621,1895,6,1901,14
2020-06-11,Santa Clara,85,1922200,3712,3049,5,3054,149
2020-06-11,Santa Cruz,87,273765,277,247,0,247,2
2020-06-11,Shasta,89,179085,84,47,0,47,5
2020-06-11,Sierra,91,2930,1,1,0,1,0
2020-06-11,Siskiyou,93,43540,24,14,0,14,0
2020-06-11,Solano,95,438530,884,616,4,620,19
2020-06-11,Sonoma,97,501317,839,682,1,683,4
2020-06-11,Stanislaus,99,539301,1596,1062,5,1067,30
2020-06-11,Sutter,101,95872,89,56,0,56,2
2020-06-11,Tehama,103,63373,27,10,1,11,1
2020-06-11,Trinity,105,12862,3,2,2,4,0
2020-06-11,Tulare,107,460477,3394,2473,2,2475,95
2020-06-11,Tuolumne,109,53932,10,7,1,8,0
2020-06-11,Ventura,111,848112,2095,1491,5,1496,34
2020-06-11,Yolo,113,214977,297,230,0,230,24
2020-06-11,Yuba,115,75493,36,27,0,27,1
2020-06-10,Alameda,1,1643700,4652,4027,4,4031,107
2020-06-10,Alpine,3,1148,2,1,0,1,0
2020-06-10,Amador,5,37829,10,10,0,10,0
2020-06-10,Butte,7,227075,92,71,4,75,1
2020-06-10,Calaveras,9,45235,27,16,0,16,0
2020-06-10,Colusa,11,21464,11,7,0,7,0
2020-06-10,Contra Costa,13,1133247,2082,1778,1,1779,43
2020-06-10,Del Norte,15,27424,47,45,0,45,0
2020-06-10,El Dorado,17,186661,139,109,0,109,0
2020-06-10,Fresno,19,978130,4304,2324,40,2364,45
2020-06-10,Glenn,21,27897,39,21,0,21,0
2020-06-10,Humboldt,23,135768,118,112,0,112,3
2020-06-10,Imperial,25,180216,5494,3454,6,3460,36
2020-06-10,Inyo,27,18085,22,23,0,23,1
2020-06-10,Kern,29,883053,3961,3000,8,3008,54
2020-06-10,Kings,31,150075,1898,952,3,955,6
2020-06-10,Lake,33,64148,38,28,0,28,0
2020-06-10,Lassen,35,31185,12,5,1,6,0
2020-06-10,Los Angeles,37,10098052,76322,67018,22,67040,2752
2020-06-10,Madera,39,155013,412,176,0,176,3
2020-06-10,Marin,41,260295,756,633,2,635,17
2020-06-10,Mariposa,43,17540,17,16,0,16,1
2020-06-10,Mendocino,45,87422,38,35,0,35,0
2020-06-10,Merced,47,269075,590,370,0,370,7
2020-06-10,Modoc,49,8938,1,0,0,0,0
2020-06-10,Mono,51,14174,39,35,0,35,1
2020-06-10,Monterey,53,433212,1096,791,2,793,11
2020-06-10,Napa,55,140530,207,159,0,159,3
2020-06-10,Nevada,57,99092,65,50,1,51,1
2020-06-10,Orange,59,3164182,11394,8222,53,8275,184
2020-06-10,Placer,61,380077,444,309,2,311,9
2020-06-10,Plumas,63,18699,5,4,0,4,0
2020-06-10,Riverside,65,2383286,12776,9857,8,9865,361
2020-06-10,Sacramento,67,1510023,1881,1643,2,1645,59
2020-06-10,San Benito,69,59416,142,94,0,94,2
2020-06-10,San Bernardino,71,2135413,8866,6438,4,6442,219
2020-06-10,San Diego,73,3302833,10220,8839,0,8839,305
2020-06-10,San Francisco,75,870044,3021,2774,1,2775,44
2020-06-10,San Joaquin,77,732212,1942,1282,4,1286,41
2020-06-10,San Luis Obispo,79,281455,403,306,2,308,1
2020-06-10,San Mateo,81,765935,2705,2492,4,2496,74
2020-06-10,Santa Barbara,83,443738,2565,1878,6,1884,13
2020-06-10,Santa Clara,85,1922200,3661,3032,5,3037,149
2020-06-10,Santa Cruz,87,273765,273,242,0,242,2
2020-06-10,Shasta,89,179085,79,45,0,45,5
2020-06-10,Sierra,91,2930,1,1,0,1,0
2020-06-10,Siskiyou,93,43540,24,14,0,14,0
2020-06-10,Solano,95,438530,848,608,4,612,19
2020-06-10,Sonoma,97,501317,821,673,1,674,4
2020-06-10,Stanislaus,99,539301,1506,1030,5,1035,29
2020-06-10,Sutter,101,95872,88,56,0,56,2
2020-06-10,Tehama,103,63373,25,10,1,11,1
2020-06-10,Trinity,105,12862,3,2,2,4,0
2020-06-10,Tulare,107,460477,3302,2455,2,2457,95
2020-06-10,Tuolumne,109,53932,10,7,1,8,0
2020-06-10,Ventura,111,848112,2049,1446,4,1450,34
2020-06-10,Yolo,113,214977,289,226,0,226,24
2020-06-10,Yuba,115,75493,35,27,0,27,1
2020-06-09,Alameda,1,1643700,4542,3963,4,3967,103
2020-06-09,Alpine,3,1148,2,1,0,1,0
2020-06-09,Amador,5,37829,10,10,0,10,0
2020-06-09,Butte,7,227075,91,70,4,74,1
2020-06-09,Calaveras,9,45235,27,16,0,16,0
2020-06-09,Colusa,11,21464,10,7,0,7,0
2020-06-09,Contra Costa,13,1133247,2042,1744,1,1745,42
2020-06-09,Del Norte,15,27424,47,45,0,45,0
2020-06-09,El Dorado,17,186661,133,108,0,108,0
2020-06-09,Fresno,19,978130,4152,2278,40,2318,43
2020-06-09,Glenn,21,27897,38,19,0,19,0
2020-06-09,Humboldt,23,135768,116,113,0,113,2
2020-06-09,Imperial,25,180216,5342,3067,6,3073,36
2020-06-09,Inyo,27,18085,22,22,0,22,1
2020-06-09,Kern,29,883053,3834,2920,8,2928,51
2020-06-09,Kings,31,150075,1866,934,3,937,6
2020-06-09,Lake,33,64148,38,28,0,28,0
2020-06-09,Lassen,35,31185,12,5,1,6,0
2020-06-09,Los Angeles,37,10098052,74665,65827,22,65849,2692
2020-06-09,Madera,39,155013,397,172,0,172,3
2020-06-09,Marin,41,260295,720,616,2,618,17
2020-06-09,Mariposa,43,17540,17,16,0,16,1
2020-06-09,Mendocino,45,87422,34,35,0,35,0
2020-06-09,Merced,47,269075,561,349,0,349,7
2020-06-09,Modoc,49,8938,1,0,0,0,0
2020-06-09,Mono,51,14174,39,35,0,35,1
2020-06-09,Monterey,53,433212,1055,772,2,774,11
2020-06-09,Napa,55,140530,197,156,0,156,3
2020-06-09,Nevada,57,99092,57,50,1,51,1
2020-06-09,Orange,59,3164182,11153,7991,51,8042,174
2020-06-09,Placer,61,380077,430,301,2,303,9
2020-06-09,Plumas,63,18699,5,4,0,4,0
2020-06-09,Riverside,65,2383286,12398,9511,8,9519,354
2020-06-09,Sacramento,67,1510023,1827,1625,2,1627,59
2020-06-09,San Benito,69,59416,136,95,0,95,2
2020-06-09,San Bernardino,71,2135413,8542,6268,3,6271,217
2020-06-09,San Diego,73,3302833,10035,8731,0,8731,301
2020-06-09,San Francisco,75,870044,2996,2749,1,2750,44
2020-06-09,San Joaquin,77,732212,1836,1240,4,1244,41
2020-06-09,San Luis Obispo,79,281455,390,301,1,302,1
2020-06-09,San Mateo,81,765935,2674,2463,4,2467,74
2020-06-09,Santa Barbara,83,443738,2503,1854,6,1860,13
2020-06-09,Santa Clara,85,1922200,3594,3006,5,3011,147
2020-06-09,Santa Cruz,87,273765,267,237,0,237,2
2020-06-09,Shasta,89,179085,75,44,0,44,4
2020-06-09,Sierra,91,2930,1,1,0,1,0
2020-06-09,Siskiyou,93,43540,19,10,0,10,0
2020-06-09,Solano,95,438530,813,596,4,600,18
2020-06-09,Sonoma,97,501317,798,661,1,662,4
2020-06-09,Stanislaus,99,539301,1405,993,5,998,25
2020-06-09,Sutter,101,95872,85,56,0,56,2
2020-06-09,Tehama,103,63373,25,9,1,10,1
2020-06-09,Trinity,105,12862,3,2,2,4,0
2020-06-09,Tulare,107,460477,3236,2393,2,2395,91
2020-06-09,Tuolumne,109,53932,10,8,1,9,0
2020-06-09,Ventura,111,848112,1983,1407,4,1411,34
2020-06-09,Yolo,113,214977,278,226,0,226,24
2020-06-09,Yuba,115,75493,34,27,0,27,1
2020-06-08,Alameda,1,1643700,4462,3937,4,3941,103
2020-06-08,Alpine,3,1148,2,1,0,1,0
2020-06-08,Amador,5,37829,10,10,0,10,0
2020-06-08,Butte,7,227075,89,68,4,72,1
2020-06-08,Calaveras,9,45235,27,16,0,16,0
2020-06-08,Colusa,11,21464,9,7,0,7,0
2020-06-08,Contra Costa,13,1133247,1999,1714,1,1715,41
2020-06-08,Del Norte,15,27424,47,45,0,45,0
2020-06-08,El Dorado,17,186661,129,107,0,107,0
2020-06-08,Fresno,19,978130,4027,2194,39,2233,42
2020-06-08,Glenn,21,27897,36,17,0,17,0
2020-06-08,Humboldt,23,135768,116,112,0,112,2
2020-06-08,Imperial,25,180216,5190,3051,6,3057,21
2020-06-08,Inyo,27,18085,22,22,0,22,1
2020-06-08,Kern,29,883053,3704,2853,8,2861,49
2020-06-08,Kings,31,150075,1790,892,3,895,6
2020-06-08,Lake,33,64148,38,28,0,28,0
2020-06-08,Lassen,35,31185,12,4,1,5,0
2020-06-08,Los Angeles,37,10098052,73203,64634,22,64656,2640
2020-06-08,Madera,39,155013,367,154,0,154,3
2020-06-08,Marin,41,260295,679,596,2,598,17
2020-06-08,Mariposa,43,17540,16,16,0,16,1
2020-06-08,Mendocino,45,87422,32,32,0,32,0
2020-06-08,Merced,47,269075,527,331,0,331,7
2020-06-08,Modoc,49,8938,1,0,0,0,0
2020-06-08,Mono,51,14174,39,35,0,35,1
2020-06-08,Monterey,53,433212,1004,751,1,752,10
2020-06-08,Napa,55,140530,181,151,0,151,3
2020-06-08,Nevada,57,99092,56,50,1,51,1
2020-06-08,Orange,59,3164182,10901,7786,50,7836,160
2020-06-08,Placer,61,380077,412,290,2,292,9
2020-06-08,Plumas,63,18699,5,4,0,4,0
2020-06-08,Riverside,65,2383286,12029,9246,8,9254,347
2020-06-08,Sacramento,67,1510023,1777,1591,2,1593,59
2020-06-08,San Benito,69,59416,129,93,0,93,2
2020-06-08,San Bernardino,71,2135413,8221,6122,3,6125,214
2020-06-08,San Diego,73,3302833,9878,8621,0,8621,296
2020-06-08,San Francisco,75,870044,2969,2715,1,2716,43
2020-06-08,San Joaquin,77,732212,1729,1198,4,1202,40
2020-06-08,San Luis Obispo,79,281455,384,300,1,301,1
2020-06-08,San Mateo,81,765935,2643,2431,3,2434,74
2020-06-08,Santa Barbara,83,443738,2441,1824,6,1830,13
2020-06-08,Santa Clara,85,1922200,3549,2971,5,2976,146
2020-06-08,Santa Cruz,87,273765,266,234,0,234,2
2020-06-08,Shasta,89,179085,71,43,0,43,4
2020-06-08,Sierra,91,2930,1,1,0,1,0
2020-06-08,Siskiyou,93,43540,19,8,0,8,0
2020-06-08,Solano,95,438530,786,560,4,564,19
2020-06-08,Sonoma,97,501317,782,654,1,655,4
2020-06-08,Stanislaus,99,539301,1323,956,5,961,28
2020-06-08,Sutter,101,95872,78,55,0,55,2
2020-06-08,Tehama,103,63373,19,8,1,9,1
2020-06-08,Trinity,105,12862,3,2,2,4,0
2020-06-08,Tulare,107,460477,3153,2301,2,2303,91
2020-06-08,Tuolumne,109,53932,9,8,1,9,0
2020-06-08,Ventura,111,848112,1925,1382,4,1386,30
2020-06-08,Yolo,113,214977,267,228,0,228,24
2020-06-08,Yuba,115,75493,32,27,0,27,1
2020-06-07,Alameda,1,1643700,4349,3866,4,3870,102
2020-06-07,Alpine,3,1148,2,1,0,1,0
2020-06-07,Amador,5,37829,10,10,0,10,0
2020-06-07,Butte,7,227075,87,64,3,67,1
2020-06-07,Calaveras,9,45235,25,16,0,16,0
2020-06-07,Colusa,11,21464,9,7,0,7,0
2020-06-07,Contra Costa,13,1133247,1948,1653,0,1653,38
2020-06-07,Del Norte,15,27424,45,45,0,45,0
2020-06-07,El Dorado,17,186661,129,104,0,104,0
2020-06-07,Fresno,19,978130,3897,2144,39,2183,41
2020-06-07,Glenn,21,27897,29,16,0,16,0
2020-06-07,Humboldt,23,135768,116,112,0,112,2
2020-06-07,Imperial,25,180216,5038,3048,6,3054,19
2020-06-07,Inyo,27,18085,22,21,0,21,1
2020-06-07,Kern,29,883053,3574,2771,8,2779,46
2020-06-07,Kings,31,150075,1742,882,3,885,6
2020-06-07,Lake,33,64148,35,28,0,28,0
2020-06-07,Lassen,35,31185,11,4,1,5,0
2020-06-07,Los Angeles,37,10098052,71501,63750,22,63772,2629
2020-06-07,Madera,39,155013,350,149,0,149,3
2020-06-07,Marin,41,260295,665,584,2,586,17
2020-06-07,Mariposa,43,17540,16,16,0,16,1
2020-06-07,Mendocino,45,87422,32,32,0,32,0
2020-06-07,Merced,47,269075,494,318,0,318,7
2020-06-07,Modoc,49,8938,1,0,0,0,0
2020-06-07,Mono,51,14174,39,35,0,35,1
2020-06-07,Monterey,53,433212,957,732,1,733,10
2020-06-07,Napa,55,140530,173,142,0,142,3
2020-06-07,Nevada,57,99092,55,50,1,51,1
2020-06-07,Orange,59,3164182,10644,7643,48,7691,158
2020-06-07,Placer,61,380077,387,273,2,275,9
2020-06-07,Plumas,63,18699,5,4,0,4,0
2020-06-07,Riverside,65,2383286,11733,9105,8,9113,344
2020-06-07,Sacramento,67,1510023,1731,1568,2,1570,59
2020-06-07,San Benito,69,59416,126,92,0,92,2
2020-06-07,San Bernardino,71,2135413,7938,6033,3,6036,214
2020-06-07,San Diego,73,3302833,9699,8478,0,8478,296
2020-06-07,San Francisco,75,870044,2925,2674,0,2674,43
2020-06-07,San Joaquin,77,732212,1628,1126,4,1130,37
2020-06-07,San Luis Obispo,79,281455,374,296,1,297,1
2020-06-07,San Mateo,81,765935,2616,2399,3,2402,73
2020-06-07,Santa Barbara,83,443738,2380,1818,6,1824,13
2020-06-07,Santa Clara,85,1922200,3498,2947,5,2952,146
2020-06-07,Santa Cruz,87,273765,258,230,0,230,2
2020-06-07,Shasta,89,179085,70,41,0,41,4
2020-06-07,Sierra,91,2930,1,1,0,1,0
2020-06-07,Siskiyou,93,43540,19,8,0,8,0
2020-06-07,Solano,95,438530,763,560,4,564,19
2020-06-07,Sonoma,97,501317,751,639,1,640,4
2020-06-07,Stanislaus,99,539301,1244,905,5,910,28
2020-06-07,Sutter,101,95872,70,55,0,55,2
2020-06-07,Tehama,103,63373,16,8,1,9,1
2020-06-07,Trinity,105,12862,2,2,2,4,0
2020-06-07,Tulare,107,460477,3031,2219,2,2221,90
2020-06-07,Tuolumne,109,53932,9,4,1,5,0
2020-06-07,Ventura,111,848112,1860,1337,4,1341,30
2020-06-07,Yolo,113,214977,257,224,0,224,24
2020-06-07,Yuba,115,75493,32,27,0,27,1
2020-06-06,Alameda,1,1643700,4304,3801,4,3805,102
2020-06-06,Alpine,3,1148,2,1,0,1,0
2020-06-06,Amador,5,37829,10,10,0,10,0
2020-06-06,Butte,7,227075,86,63,3,66,1
2020-06-06,Calaveras,9,45235,23,16,0,16,0
2020-06-06,Colusa,11,21464,9,7,0,7,0
2020-06-06,Contra Costa,13,1133247,1927,1619,0,1619,37
2020-06-06,Del Norte,15,27424,45,45,0,45,0
2020-06-06,El Dorado,17,186661,126,104,0,104,0
2020-06-06,Fresno,19,978130,3844,2117,39,2156,41
2020-06-06,Glenn,21,27897,27,16,0,16,0
2020-06-06,Humboldt,23,135768,116,112,0,112,2
2020-06-06,Imperial,25,180216,4963,3047,6,3053,19
2020-06-06,Inyo,27,18085,22,21,0,21,1
2020-06-06,Kern,29,883053,3504,2695,8,2703,46
2020-06-06,Kings,31,150075,1723,882,3,885,6
2020-06-06,Lake,33,64148,35,28,0,28,0
2020-06-06,Lassen,35,31185,11,4,1,5,0
2020-06-06,Los Angeles,37,10098052,70755,62269,22,62291,2607
2020-06-06,Madera,39,155013,341,149,0,149,3
2020-06-06,Marin,41,260295,660,556,2,558,17
2020-06-06,Mariposa,43,17540,16,16,0,16,1
2020-06-06,Mendocino,45,87422,32,32,0,32,0
2020-06-06,Merced,47,269075,492,315,0,315,7
2020-06-06,Modoc,49,8938,1,0,0,0,0
2020-06-06,Mono,51,14174,39,35,0,35,1
2020-06-06,Monterey,53,433212,933,679,1,680,10
2020-06-06,Napa,55,140530,167,136,0,136,3
2020-06-06,Nevada,57,99092,54,50,1,51,1
2020-06-06,Orange,59,3164182,10485,7576,47,7623,157
2020-06-06,Placer,61,380077,377,270,2,272,9
2020-06-06,Plumas,63,18699,5,4,0,4,0
2020-06-06,Riverside,65,2383286,11554,8935,8,8943,345
2020-06-06,Sacramento,67,1510023,1708,1533,2,1535,59
2020-06-06,San Benito,69,59416,116,92,0,92,2
2020-06-06,San Bernardino,71,2135413,7790,5946,3,5949,214
2020-06-06,San Diego,73,3302833,9578,8347,0,8347,296
2020-06-06,San Francisco,75,870044,2910,2674,0,2674,43
2020-06-06,San Joaquin,77,732212,1588,1076,4,1080,37
2020-06-06,San Luis Obispo,79,281455,368,295,1,296,1
2020-06-06,San Mateo,81,765935,2601,2342,3,2345,72
2020-06-06,Santa Barbara,83,443738,2340,1815,6,1821,13
2020-06-06,Santa Clara,85,1922200,3457,2934,5,2939,144
2020-06-06,Santa Cruz,87,273765,256,226,0,226,2
2020-06-06,Shasta,89,179085,70,40,0,40,4
2020-06-06,Sierra,91,2930,1,1,0,1,0
2020-06-06,Siskiyou,93,43540,17,8,0,8,0
2020-06-06,Solano,95,438530,748,560,4,564,19
2020-06-06,Sonoma,97,501317,739,622,1,623,4
2020-06-06,Stanislaus,99,539301,1210,858,5,863,27
2020-06-06,Sutter,101,95872,70,51,0,51,2
2020-06-06,Tehama,103,63373,15,8,1,9,1
2020-06-06,Trinity,105,12862,2,2,1,3,0
2020-06-06,Tulare,107,460477,2998,2213,2,2215,90
2020-06-06,Tuolumne,109,53932,9,4,1,5,0
2020-06-06,Ventura,111,848112,1836,1303,4,1307,30
2020-06-06,Yolo,113,214977,255,223,0,223,24
2020-06-06,Yuba,115,75493,32,27,0,27,1
2020-06-05,Alameda,1,1643700,4253,3734,4,3738,102
2020-06-05,Alpine,3,1148,2,1,0,1,0
2020-06-05,Amador,5,37829,10,10,0,10,0
2020-06-05,Butte,7,227075,83,61,3,64,1
2020-06-05,Calaveras,9,45235,22,16,0,16,0
2020-06-05,Colusa,11,21464,9,7,0,7,0
2020-06-05,Contra Costa,13,1133247,1912,1575,0,1575,37
2020-06-05,Del Norte,15,27424,45,45,0,45,0
2020-06-05,El Dorado,17,186661,125,101,0,101,0
2020-06-05,Fresno,19,978130,3780,2051,38,2089,38
2020-06-05,Glenn,21,27897,25,16,0,16,0
2020-06-05,Humboldt,23,135768,115,111,0,111,2
2020-06-05,Imperial,25,180216,4856,2778,6,2784,19
2020-06-05,Inyo,27,18085,22,21,0,21,1
2020-06-05,Kern,29,883053,3415,2624,8,2632,46
2020-06-05,Kings,31,150075,1708,865,3,868,6
2020-06-05,Lake,33,64148,35,28,0,28,0
2020-06-05,Lassen,35,31185,10,4,1,5,0
2020-06-05,Los Angeles,37,10098052,69607,60955,22,60977,2553
2020-06-05,Madera,39,155013,319,144,0,144,3
2020-06-05,Marin,41,260295,651,546,2,548,17
2020-06-05,Mariposa,43,17540,16,16,0,16,1
2020-06-05,Mendocino,45,87422,32,32,0,32,0
2020-06-05,Merced,47,269075,490,309,0,309,7
2020-06-05,Modoc,49,8938,1,0,0,0,0
2020-06-05,Mono,51,14174,39,35,0,35,1
2020-06-05,Monterey,53,433212,901,649,1,650,10
2020-06-05,Napa,55,140530,164,123,0,123,3
2020-06-05,Nevada,57,99092,54,50,1,51,1
2020-06-05,Orange,59,3164182,10290,7391,45,7436,153
2020-06-05,Placer,61,380077,367,265,2,267,9
2020-06-05,Plumas,63,18699,5,4,0,4,0
2020-06-05,Riverside,65,2383286,11294,8700,8,8708,345
2020-06-05,Sacramento,67,1510023,1686,1514,2,1516,59
2020-06-05,San Benito,69,59416,114,92,0,92,2
2020-06-05,San Bernardino,71,2135413,7608,5869,2,5871,212
2020-06-05,San Diego,73,3302833,9463,8182,0,8182,294
2020-06-05,San Francisco,75,870044,2891,2675,0,2675,43
2020-06-05,San Joaquin,77,732212,1509,1046,4,1050,36
2020-06-05,San Luis Obispo,79,281455,361,293,1,294,1
2020-06-05,San Mateo,81,765935,2576,2331,3,2334,72
2020-06-05,Santa Barbara,83,443738,2305,1795,6,1801,13
2020-06-05,Santa Clara,85,1922200,3432,2902,5,2907,144
2020-06-05,Santa Cruz,87,273765,253,222,0,222,2
2020-06-05,Shasta,89,179085,69,40,0,40,4
2020-06-05,Sierra,91,2930,1,1,0,1,0
2020-06-05,Siskiyou,93,43540,15,8,0,8,0
2020-06-05,Solano,95,438530,741,558,4,562,19
2020-06-05,Sonoma,97,501317,718,618,1,619,4
2020-06-05,Stanislaus,99,539301,1177,842,5,847,27
2020-06-05,Sutter,101,95872,70,49,0,49,2
2020-06-05,Tehama,103,63373,15,7,1,8,1
2020-06-05,Trinity,105,12862,2,1,1,2,0
2020-06-05,Tulare,107,460477,2949,2180,2,2182,90
2020-06-05,Tuolumne,109,53932,9,4,1,5,0
2020-06-05,Ventura,111,848112,1803,1274,4,1278,30
2020-06-05,Yolo,113,214977,254,216,0,216,24
2020-06-05,Yuba,115,75493,32,27,0,27,1
2020-06-04,Alameda,1,1643700,4154,3643,4,3647,99
2020-06-04,Alpine,3,1148,2,1,0,1,0
2020-06-04,Amador,5,37829,10,10,0,10,0
2020-06-04,Butte,7,227075,79,57,3,60,1
2020-06-04,Calaveras,9,45235,22,15,0,15,0
2020-06-04,Colusa,11,21464,9,7,0,7,0
2020-06-04,Contra Costa,13,1133247,1854,1551,0,1551,37
2020-06-04,Del Norte,15,27424,45,45,0,45,0
2020-06-04,El Dorado,17,186661,123,101,0,101,0
2020-06-04,Fresno,19,978130,3674,2007,38,2045,35
2020-06-04,Glenn,21,27897,22,16,0,16,0
2020-06-04,Humboldt,23,135768,115,109,0,109,2
2020-06-04,Imperial,25,180216,4673,2631,6,2637,19
2020-06-04,Inyo,27,18085,22,20,0,20,1
2020-06-04,Kern,29,883053,3301,2530,8,2538,46
2020-06-04,Kings,31,150075,1638,842,3,845,6
2020-06-04,Lake,33,64148,34,27,0,27,0
2020-06-04,Lassen,35,31185,8,4,1,5,0
2020-06-04,Los Angeles,37,10098052,68139,59596,22,59618,2515
2020-06-04,Madera,39,155013,311,127,0,127,3
2020-06-04,Marin,41,260295,629,533,2,535,14
2020-06-04,Mariposa,43,17540,16,16,0,16,1
2020-06-04,Mendocino,45,87422,32,29,0,29,0
2020-06-04,Merced,47,269075,470,304,0,304,7
2020-06-04,Modoc,49,8938,1,0,0,0,0
2020-06-04,Mono,51,14174,39,35,0,35,1
2020-06-04,Monterey,53,433212,866,621,1,622,10
2020-06-04,Napa,55,140530,160,117,0,117,3
2020-06-04,Nevada,57,99092,53,49,1,50,1
2020-06-04,Orange,59,3164182,10039,7192,44,7236,148
2020-06-04,Placer,61,380077,351,256,2,258,9
2020-06-04,Plumas,63,18699,4,4,0,4,0
2020-06-04,Riverside,65,2383286,11016,8473,8,8481,341
2020-06-04,Sacramento,67,1510023,1659,1492,2,1494,58
2020-06-04,San Benito,69,59416,112,88,0,88,2
2020-06-04,San Bernardino,71,2135413,7340,5726,2,5728,207
2020-06-04,San Diego,73,3302833,9300,7942,0,7942,288
2020-06-04,San Francisco,75,870044,2858,2636,0,2636,43
2020-06-04,San Joaquin,77,732212,1447,1016,4,1020,36
2020-06-04,San Luis Obispo,79,281455,353,288,1,289,1
2020-06-04,San Mateo,81,765935,2550,2284,3,2287,72
2020-06-04,Santa Barbara,83,443738,2266,1750,6,1756,13
2020-06-04,Santa Clara,85,1922200,3400,2871,5,2876,144
2020-06-04,Santa Cruz,87,273765,247,218,0,218,2
2020-06-04,Shasta,89,179085,63,40,0,40,4
2020-06-04,Sierra,91,2930,1,1,0,1,0
2020-06-04,Siskiyou,93,43540,14,8,0,8,0
2020-06-04,Solano,95,438530,724,551,4,555,19
2020-06-04,Sonoma,97,501317,699,591,1,592,4
2020-06-04,Stanislaus,99,539301,1101,806,5,811,28
2020-06-04,Sutter,101,95872,65,46,0,46,2
2020-06-04,Tehama,103,63373,14,6,1,7,1
2020-06-04,Trinity,105,12862,2,1,1,2,0
2020-06-04,Tulare,107,460477,2833,2086,2,2088,90
2020-06-04,Tuolumne,109,53932,8,4,1,5,0
2020-06-04,Ventura,111,848112,1760,1236,4,1240,30
2020-06-04,Yolo,113,214977,249,216,0,216,24
2020-06-04,Yuba,115,75493,31,27,0,27,1
2020-06-03,Alameda,1,1643700,4095,3589,3,3592,99
2020-06-03,Alpine,3,1148,2,1,0,1,0
2020-06-03,Amador,5,37829,10,10,0,10,0
2020-06-03,Butte,7,227075,77,53,3,56,1
2020-06-03,Calaveras,9,45235,21,15,0,15,0
2020-06-03,Colusa,11,21464,9,7,0,7,0
2020-06-03,Contra Costa,13,1133247,1806,1511,0,1511,37
2020-06-03,Del Norte,15,27424,45,39,0,39,0
2020-06-03,El Dorado,17,186661,120,90,0,90,0
2020-06-03,Fresno,19,978130,3577,1943,38,1981,35
2020-06-03,Glenn,21,27897,22,16,0,16,0
2020-06-03,Humboldt,23,135768,115,103,0,103,2
2020-06-03,Imperial,25,180216,4501,2540,6,2546,19
2020-06-03,Inyo,27,18085,22,20,0,20,1
2020-06-03,Kern,29,883053,3206,2452,8,2460,44
2020-06-03,Kings,31,150075,1573,744,3,747,6
2020-06-03,Lake,33,64148,32,26,0,26,0
2020-06-03,Lassen,35,31185,8,4,1,5,0
2020-06-03,Los Angeles,37,10098052,66533,58166,22,58188,2472
2020-06-03,Madera,39,155013,303,117,0,117,3
2020-06-03,Marin,41,260295,611,527,2,529,14
2020-06-03,Mariposa,43,17540,16,16,0,16,1
2020-06-03,Mendocino,45,87422,31,29,0,29,0
2020-06-03,Merced,47,269075,456,299,0,299,7
2020-06-03,Modoc,49,8938,1,0,0,0,0
2020-06-03,Mono,51,14174,39,35,0,35,1
2020-06-03,Monterey,53,433212,838,592,1,593,10
2020-06-03,Napa,55,140530,159,116,0,116,3
2020-06-03,Nevada,57,99092,52,43,1,44,1
2020-06-03,Orange,59,3164182,9811,6939,43,6982,145
2020-06-03,Placer,61,380077,333,243,2,245,9
2020-06-03,Plumas,63,18699,4,4,0,4,0
2020-06-03,Riverside,65,2383286,10741,8208,8,8216,335
2020-06-03,Sacramento,67,1510023,1629,1457,2,1459,58
2020-06-03,San Benito,69,59416,106,88,0,88,2
2020-06-03,San Bernardino,71,2135413,7117,5565,2,5567,203
2020-06-03,San Diego,73,3302833,9152,7800,0,7800,283
2020-06-03,San Francisco,75,870044,2827,2608,0,2608,43
2020-06-03,San Joaquin,77,732212,1382,1004,4,1008,35
2020-06-03,San Luis Obispo,79,281455,348,279,1,280,1
2020-06-03,San Mateo,81,765935,2522,2243,3,2246,71
2020-06-03,Santa Barbara,83,443738,2223,1722,6,1728,12
2020-06-03,Santa Clara,85,1922200,3361,2836,5,2841,144
2020-06-03,Santa Cruz,87,273765,241,217,0,217,2
2020-06-03,Shasta,89,179085,60,40,0,40,4
2020-06-03,Sierra,91,2930,1,1,0,1,0
2020-06-03,Siskiyou,93,43540,13,8,0,8,0
2020-06-03,Solano,95,438530,699,543,2,545,18
2020-06-03,Sonoma,97,501317,688,578,1,579,4
2020-06-03,Stanislaus,99,539301,1061,780,5,785,27
2020-06-03,Sutter,101,95872,57,45,0,45,2
2020-06-03,Tehama,103,63373,14,6,1,7,1
2020-06-03,Trinity,105,12862,2,1,1,2,0
2020-06-03,Tulare,107,460477,2764,2041,2,2043,88
2020-06-03,Tuolumne,109,53932,6,4,1,5,0
2020-06-03,Ventura,111,848112,1696,1202,4,1206,30
2020-06-03,Yolo,113,214977,245,213,0,213,24
2020-06-03,Yuba,115,75493,31,27,0,27,1
2020-06-02,Alameda,1,1643700,4019,3517,3,3520,99
2020-06-02,Alpine,3,1148,2,1,0,1,0
2020-06-02,Amador,5,37829,10,10,0,10,0
2020-06-02,Butte,7,227075,73,51,3,54,1
2020-06-02,Calaveras,9,45235,21,15,0,15,0
2020-06-02,Colusa,11,21464,9,7,0,7,0
2020-06-02,Contra Costa,13,1133247,1774,1505,0,1505,37
2020-06-02,Del Norte,15,27424,45,39,0,39,0
2020-06-02,El Dorado,17,186661,119,88,0,88,0
2020-06-02,Fresno,19,978130,3466,1917,38,1955,34
2020-06-02,Glenn,21,27897,21,16,0,16,0
2020-06-02,Humboldt,23,135768,115,101,0,101,2
2020-06-02,Imperial,25,180216,4308,2459,6,2465,19
2020-06-02,Inyo,27,18085,20,20,0,20,1
2020-06-02,Kern,29,883053,3108,2406,6,2412,41
2020-06-02,Kings,31,150075,1545,720,3,723,5
2020-06-02,Lake,33,64148,32,25,0,25,0
2020-06-02,Lassen,35,31185,7,4,1,5,0
2020-06-02,Los Angeles,37,10098052,65132,57144,22,57166,2430
2020-06-02,Madera,39,155013,282,110,0,110,2
2020-06-02,Marin,41,260295,584,509,2,511,14
2020-06-02,Mariposa,43,17540,16,16,0,16,1
2020-06-02,Mendocino,45,87422,31,29,0,29,0
2020-06-02,Merced,47,269075,440,297,0,297,6
2020-06-02,Modoc,49,8938,1,0,0,0,0
2020-06-02,Mono,51,14174,39,35,0,35,1
2020-06-02,Monterey,53,433212,808,582,1,583,10
2020-06-02,Napa,55,140530,150,116,0,116,3
2020-06-02,Nevada,57,99092,51,41,1,42,1
2020-06-02,Orange,59,3164182,9609,6790,42,6832,142
2020-06-02,Placer,61,380077,319,226,2,228,9
2020-06-02,Plumas,63,18699,4,4,0,4,0
2020-06-02,Riverside,65,2383286,10446,8091,7,8098,330
2020-06-02,Sacramento,67,1510023,1600,1428,2,1430,58
2020-06-02,San Benito,69,59416,105,86,0,86,2
2020-06-02,San Bernardino,71,2135413,6911,5438,2,5440,202
2020-06-02,San Diego,73,3302833,9006,7676,0,7676,276
2020-06-02,San Francisco,75,870044,2792,2554,0,2554,43
2020-06-02,San Joaquin,77,732212,1316,985,4,989,35
2020-06-02,San Luis Obispo,79,281455,343,275,1,276,1
2020-06-02,San Mateo,81,765935,2487,2203,3,2206,71
2020-06-02,Santa Barbara,83,443738,2178,1703,6,1709,12
2020-06-02,Santa Clara,85,1922200,3311,2819,5,2824,144
2020-06-02,Santa Cruz,87,273765,236,215,0,215,2
2020-06-02,Shasta,89,179085,59,38,0,38,4
2020-06-02,Sierra,91,2930,1,1,0,1,0
2020-06-02,Siskiyou,93,43540,12,8,0,8,0
2020-06-02,Solano,95,438530,684,537,1,538,18
2020-06-02,Sonoma,97,501317,677,571,1,572,4
2020-06-02,Stanislaus,99,539301,1002,772,5,777,27
2020-06-02,Sutter,101,95872,54,43,0,43,2
2020-06-02,Tehama,103,63373,14,6,1,7,1
2020-06-02,Trinity,105,12862,2,1,1,2,0
2020-06-02,Tulare,107,460477,2685,2012,2,2014,86
2020-06-02,Tuolumne,109,53932,6,4,1,5,0
2020-06-02,Ventura,111,848112,1646,1178,4,1182,30
2020-06-02,Yolo,113,214977,243,213,0,213,24
2020-06-02,Yuba,115,75493,31,27,0,27,1
2020-06-01,Alameda,1,1643700,3954,3460,3,3463,98
2020-06-01,Alpine,3,1148,2,1,0,1,0
2020-06-01,Amador,5,37829,10,10,0,10,0
2020-06-01,Butte,7,227075,72,50,2,52,1
2020-06-01,Calaveras,9,45235,21,15,0,15,0
2020-06-01,Colusa,11,21464,9,7,0,7,0
2020-06-01,Contra Costa,13,1133247,1738,1486,0,1486,37
2020-06-01,Del Norte,15,27424,45,38,0,38,0
2020-06-01,El Dorado,17,186661,117,88,0,88,0
2020-06-01,Fresno,19,978130,3372,1854,37,1891,33
2020-06-01,Glenn,21,27897,21,16,0,16,0
2020-06-01,Humboldt,23,135768,115,98,0,98,2
2020-06-01,Imperial,25,180216,4085,2366,6,2372,14
2020-06-01,Inyo,27,18085,20,20,0,20,1
2020-06-01,Kern,29,883053,3025,2366,6,2372,38
2020-06-01,Kings,31,150075,1277,703,3,706,4
2020-06-01,Lake,33,64148,32,22,0,22,0
2020-06-01,Lassen,35,31185,7,4,1,5,0
2020-06-01,Los Angeles,37,10098052,63667,55899,22,55921,2367
2020-06-01,Madera,39,155013,270,103,0,103,2
2020-06-01,Marin,41,260295,543,495,2,497,14
2020-06-01,Mariposa,43,17540,16,16,0,16,1
2020-06-01,Mendocino,45,87422,31,28,0,28,0
2020-06-01,Merced,47,269075,421,289,0,289,6
2020-06-01,Modoc,49,8938,1,0,0,0,0
2020-06-01,Mono,51,14174,39,35,0,35,1
2020-06-01,Monterey,53,433212,783,554,1,555,10
2020-06-01,Napa,55,140530,147,114,0,114,3
2020-06-01,Nevada,57,99092,51,41,1,42,1
2020-06-01,Orange,59,3164182,9413,6640,41,6681,135
2020-06-01,Placer,61,380077,308,218,2,220,9
2020-06-01,Plumas,63,18699,4,4,0,4,0
2020-06-01,Riverside,65,2383286,9995,7921,7,7928,322
2020-06-01,Sacramento,67,1510023,1561,1415,2,1417,58
2020-06-01,San Benito,69,59416,102,86,0,86,2
2020-06-01,San Bernardino,71,2135413,6705,5310,2,5312,202
2020-06-01,San Diego,73,3302833,8826,7556,0,7556,269
2020-06-01,San Francisco,75,870044,2755,2546,0,2546,43
2020-06-01,San Joaquin,77,732212,1251,957,4,961,35
2020-06-01,San Luis Obispo,79,281455,339,275,1,276,1
2020-06-01,San Mateo,81,765935,2457,2190,3,2193,71
2020-06-01,Santa Barbara,83,443738,2138,1671,5,1676,10
2020-06-01,Santa Clara,85,1922200,3273,2797,4,2801,142
2020-06-01,Santa Cruz,87,273765,232,215,0,215,2
2020-06-01,Shasta,89,179085,59,38,0,38,4
2020-06-01,Sierra,91,2930,1,1,0,1,0
2020-06-01,Siskiyou,93,43540,12,7,0,7,0
2020-06-01,Solano,95,438530,660,529,1,530,17
2020-06-01,Sonoma,97,501317,661,565,1,566,4
2020-06-01,Stanislaus,99,539301,965,758,5,763,27
2020-06-01,Sutter,101,95872,49,43,0,43,2
2020-06-01,Tehama,103,63373,11,5,1,6,1
2020-06-01,Trinity,105,12862,1,1,1,2,0
2020-06-01,Tulare,107,460477,2572,1976,2,1978,84
2020-06-01,Tuolumne,109,53932,5,4,1,5,0
2020-06-01,Ventura,111,848112,1596,1163,4,1167,29
2020-06-01,Yolo,113,214977,240,212,0,212,24
2020-06-01,Yuba,115,75493,30,26,0,26,1
2020-05-31,Alameda,1,1643700,3848,3362,3,3365,98
2020-05-31,Alpine,3,1148,2,1,0,1,0
2020-05-31,Amador,5,37829,10,10,0,10,0
2020-05-31,Butte,7,227075,70,51,2,53,0
2020-05-31,Calaveras,9,45235,18,15,0,15,0
2020-05-31,Colusa,11,21464,9,5,0,5,0
2020-05-31,Contra Costa,13,1133247,1704,1458,0,1458,37
2020-05-31,Del Norte,15,27424,45,37,0,37,0
2020-05-31,El Dorado,17,186661,113,88,0,88,0
2020-05-31,Fresno,19,978130,3214,1780,35,1815,31
2020-05-31,Glenn,21,27897,20,16,0,16,0
2020-05-31,Humboldt,23,135768,113,98,0,98,2
2020-05-31,Imperial,25,180216,3819,2197,6,2203,14
2020-05-31,Inyo,27,18085,20,20,0,20,1
2020-05-31,Kern,29,883053,2891,2300,6,2306,38
2020-05-31,Kings,31,150075,1240,703,3,706,3
2020-05-31,Lake,33,64148,32,19,0,19,0
2020-05-31,Lassen,35,31185,7,4,1,5,0
2020-05-31,Los Angeles,37,10098052,62377,54925,22,54947,2344
2020-05-31,Madera,39,155013,252,101,0,101,2
2020-05-31,Marin,41,260295,533,486,2,488,14
2020-05-31,Mariposa,43,17540,16,16,0,16,1
2020-05-31,Mendocino,45,87422,31,24,0,24,0
2020-05-31,Merced,47,269075,394,288,0,288,6
2020-05-31,Modoc,49,8938,0,0,0,0,0
2020-05-31,Mono,51,14174,39,34,0,34,1
2020-05-31,Monterey,53,433212,710,545,1,546,10
2020-05-31,Napa,55,140530,145,114,0,114,3
2020-05-31,Nevada,57,99092,50,41,1,42,1
2020-05-31,Orange,59,3164182,9202,6532,40,6572,135
2020-05-31,Placer,61,380077,285,215,2,217,9
2020-05-31,Plumas,63,18699,4,4,0,4,0
2020-05-31,Riverside,65,2383286,9739,7704,7,7711,321
2020-05-31,Sacramento,67,1510023,1530,1398,2,1400,57
2020-05-31,San Benito,69,59416,96,85,0,85,2
2020-05-31,San Bernardino,71,2135413,6437,5185,2,5187,198
2020-05-31,San Diego,73,3302833,8632,7483,0,7483,269
2020-05-31,San Francisco,75,870044,2719,2501,0,2501,43
2020-05-31,San Joaquin,77,732212,1186,888,4,892,34
2020-05-31,San Luis Obispo,79,281455,329,271,1,272,1
2020-05-31,San Mateo,81,765935,2411,2169,3,2172,71
2020-05-31,Santa Barbara,83,443738,2082,1662,5,1667,9
2020-05-31,Santa Clara,85,1922200,3229,2785,4,2789,142
2020-05-31,Santa Cruz,87,273765,229,210,0,210,2
2020-05-31,Shasta,89,179085,57,38,0,38,4
2020-05-31,Sierra,91,2930,1,1,0,1,0
2020-05-31,Siskiyou,93,43540,11,7,0,7,0
2020-05-31,Solano,95,438530,634,512,1,513,6
2020-05-31,Sonoma,97,501317,641,555,1,556,4
2020-05-31,Stanislaus,99,539301,911,738,5,743,27
2020-05-31,Sutter,101,95872,47,42,0,42,2
2020-05-31,Tehama,103,63373,10,4,1,5,1
2020-05-31,Trinity,105,12862,1,1,1,2,0
2020-05-31,Tulare,107,460477,2500,1884,2,1886,82
2020-05-31,Tuolumne,109,53932,5,4,1,5,0
2020-05-31,Ventura,111,848112,1541,1151,4,1155,30
2020-05-31,Yolo,113,214977,234,211,0,211,24
2020-05-31,Yuba,115,75493,30,26,0,26,1
2020-05-30,Alameda,1,1643700,3822,3304,3,3307,96
2020-05-30,Alpine,3,1148,2,1,0,1,0
2020-05-30,Amador,5,37829,10,10,0,10,0
2020-05-30,Butte,7,227075,69,44,2,46,0
2020-05-30,Calaveras,9,45235,17,15,0,15,0
2020-05-30,Colusa,11,21464,8,5,0,5,0
2020-05-30,Contra Costa,13,1133247,1689,1429,0,1429,37
2020-05-30,Del Norte,15,27424,45,37,0,37,0
2020-05-30,El Dorado,17,186661,112,86,0,86,0
2020-05-30,Fresno,19,978130,3153,1744,34,1778,31
2020-05-30,Glenn,21,27897,19,16,0,16,0
2020-05-30,Humboldt,23,135768,112,98,0,98,2
2020-05-30,Imperial,25,180216,3729,2091,6,2097,14
2020-05-30,Inyo,27,18085,20,20,0,20,1
2020-05-30,Kern,29,883053,2822,2217,6,2223,38
2020-05-30,Kings,31,150075,1226,703,3,706,3
2020-05-30,Lake,33,64148,31,18,0,18,0
2020-05-30,Lassen,35,31185,7,4,1,5,0
2020-05-30,Los Angeles,37,10098052,61842,53627,22,53649,2319
2020-05-30,Madera,39,155013,247,101,0,101,2
2020-05-30,Marin,41,260295,533,462,2,464,14
2020-05-30,Mariposa,43,17540,16,16,0,16,1
2020-05-30,Mendocino,45,87422,31,24,0,24,0
2020-05-30,Merced,47,269075,393,285,0,285,6
2020-05-30,Modoc,49,8938,0,0,0,0,0
2020-05-30,Mono,51,14174,39,34,0,34,1
2020-05-30,Monterey,53,433212,694,520,1,521,10
2020-05-30,Napa,55,140530,143,113,0,113,3
2020-05-30,Nevada,57,99092,50,41,1,42,1
2020-05-30,Orange,59,3164182,9047,6354,40,6394,134
2020-05-30,Placer,61,380077,277,199,1,200,9
2020-05-30,Plumas,63,18699,4,4,0,4,0
2020-05-30,Riverside,65,2383286,9595,7492,7,7499,316
2020-05-30,Sacramento,67,1510023,1519,1384,2,1386,57
2020-05-30,San Benito,69,59416,95,85,0,85,2
2020-05-30,San Bernardino,71,2135413,6328,5122,2,5124,198
2020-05-30,San Diego,73,3302833,8539,7387,0,7387,269
2020-05-30,San Francisco,75,870044,2694,2496,0,2496,41
2020-05-30,San Joaquin,77,732212,1148,888,4,892,34
2020-05-30,San Luis Obispo,79,281455,324,270,1,271,1
2020-05-30,San Mateo,81,765935,2387,2129,3,2132,71
2020-05-30,Santa Barbara,83,443738,2055,1660,5,1665,9
2020-05-30,Santa Clara,85,1922200,3213,2741,4,2745,141
2020-05-30,Santa Cruz,87,273765,229,206,0,206,2
2020-05-30,Shasta,89,179085,57,36,0,36,4
2020-05-30,Sierra,91,2930,1,1,0,1,0
2020-05-30,Siskiyou,93,43540,10,7,0,7,0
2020-05-30,Solano,95,438530,627,512,1,513,6
2020-05-30,Sonoma,97,501317,631,551,1,552,4
2020-05-30,Stanislaus,99,539301,894,712,5,717,27
2020-05-30,Sutter,101,95872,46,40,0,40,2
2020-05-30,Tehama,103,63373,10,4,1,5,1
2020-05-30,Trinity,105,12862,1,1,1,2,0
2020-05-30,Tulare,107,460477,2463,1879,2,1881,81
2020-05-30,Tuolumne,109,53932,5,4,1,5,0
2020-05-30,Ventura,111,848112,1524,1116,4,1120,30
2020-05-30,Yolo,113,214977,230,210,0,210,24
2020-05-30,Yuba,115,75493,30,25,0,25,1
2020-05-29,Alameda,1,1643700,3787,3209,3,3212,96
2020-05-29,Alpine,3,1148,2,1,0,1,0
2020-05-29,Amador,5,37829,10,10,0,10,0
2020-05-29,Butte,7,227075,64,41,2,43,0
2020-05-29,Calaveras,9,45235,17,15,0,15,0
2020-05-29,Colusa,11,21464,8,5,0,5,0
2020-05-29,Contra Costa,13,1133247,1673,1411,0,1411,37
2020-05-29,Del Norte,15,27424,45,37,0,37,0
2020-05-29,El Dorado,17,186661,111,85,0,85,0
2020-05-29,Fresno,19,978130,3105,1687,34,1721,31
2020-05-29,Glenn,21,27897,19,14,0,14,0
2020-05-29,Humboldt,23,135768,111,98,0,98,2
2020-05-29,Imperial,25,180216,3611,1607,6,1613,14
2020-05-29,Inyo,27,18085,20,20,0,20,1
2020-05-29,Kern,29,883053,2764,2128,6,2134,36
2020-05-29,Kings,31,150075,1215,693,3,696,3
2020-05-29,Lake,33,64148,30,17,0,17,0
2020-05-29,Lassen,35,31185,7,0,1,1,0
2020-05-29,Los Angeles,37,10098052,60886,51578,22,51600,2273
2020-05-29,Madera,39,155013,232,98,0,98,2
2020-05-29,Marin,41,260295,525,448,2,450,14
2020-05-29,Mariposa,43,17540,16,16,0,16,1
2020-05-29,Mendocino,45,87422,29,25,0,25,0
2020-05-29,Merced,47,269075,388,285,0,285,7
2020-05-29,Modoc,49,8938,0,0,0,0,0
2020-05-29,Mono,51,14174,38,34,0,34,1
2020-05-29,Monterey,53,433212,664,479,1,480,10
2020-05-29,Napa,55,140530,140,113,0,113,3
2020-05-29,Nevada,57,99092,50,41,1,42,1
2020-05-29,Orange,59,3164182,8852,6176,38,6214,133
2020-05-29,Placer,61,380077,260,199,1,200,9
2020-05-29,Plumas,63,18699,4,4,0,4,0
2020-05-29,Riverside,65,2383286,9409,7376,7,7383,313
2020-05-29,Sacramento,67,1510023,1496,1360,2,1362,57
2020-05-29,San Benito,69,59416,95,84,0,84,2
2020-05-29,San Bernardino,71,2135413,6222,4983,2,4985,196
2020-05-29,San Diego,73,3302833,8416,7242,0,7242,266
2020-05-29,San Francisco,75,870044,2670,2453,0,2453,41
2020-05-29,San Joaquin,77,732212,1111,855,4,859,34
2020-05-29,San Luis Obispo,79,281455,320,270,1,271,1
2020-05-29,San Mateo,81,765935,2371,2103,3,2106,71
2020-05-29,Santa Barbara,83,443738,2024,1656,5,1661,9
2020-05-29,Santa Clara,85,1922200,3185,2707,4,2711,141
2020-05-29,Santa Cruz,87,273765,226,203,0,203,2
2020-05-29,Shasta,89,179085,57,36,0,36,4
2020-05-29,Sierra,91,2930,1,1,0,1,0
2020-05-29,Siskiyou,93,43540,10,7,0,7,0
2020-05-29,Solano,95,438530,619,498,1,499,6
2020-05-29,Sonoma,97,501317,620,537,1,538,4
2020-05-29,Stanislaus,99,539301,864,698,5,703,27
2020-05-29,Sutter,101,95872,44,40,0,40,2
2020-05-29,Tehama,103,63373,9,4,1,5,1
2020-05-29,Trinity,105,12862,1,1,1,2,0
2020-05-29,Tulare,107,460477,2425,1852,2,1854,80
2020-05-29,Tuolumne,109,53932,5,4,1,5,0
2020-05-29,Ventura,111,848112,1501,1093,4,1097,29
2020-05-29,Yolo,113,214977,226,211,0,211,24
2020-05-29,Yuba,115,75493,29,25,0,25,1
2020-05-28,Alameda,1,1643700,3688,3083,3,3086,94
2020-05-28,Alpine,3,1148,2,1,0,1,0
2020-05-28,Amador,5,37829,10,10,0,10,0
2020-05-28,Butte,7,227075,63,40,2,42,0
2020-05-28,Calaveras,9,45235,16,15,0,15,0
2020-05-28,Colusa,11,21464,8,5,0,5,0
2020-05-28,Contra Costa,13,1133247,1634,1392,0,1392,37
2020-05-28,Del Norte,15,27424,45,37,0,37,0
2020-05-28,El Dorado,17,186661,108,82,0,82,0
2020-05-28,Fresno,19,978130,3025,1653,33,1686,31
2020-05-28,Glenn,21,27897,18,14,0,14,0
2020-05-28,Humboldt,23,135768,110,97,0,97,2
2020-05-28,Imperial,25,180216,3416,1430,6,1436,14
2020-05-28,Inyo,27,18085,20,20,0,20,1
2020-05-28,Kern,29,883053,2688,2069,6,2075,36
2020-05-28,Kings,31,150075,878,626,3,629,3
2020-05-28,Lake,33,64148,29,17,0,17,0
2020-05-28,Lassen,35,31185,7,0,1,1,0
2020-05-28,Los Angeles,37,10098052,59307,49861,22,49883,2222
2020-05-28,Madera,39,155013,214,93,0,93,2
2020-05-28,Marin,41,260295,500,443,2,445,14
2020-05-28,Mariposa,43,17540,16,16,0,16,1
2020-05-28,Mendocino,45,87422,27,24,0,24,0
2020-05-28,Merced,47,269075,379,283,0,283,7
2020-05-28,Modoc,49,8938,0,0,0,0,0
2020-05-28,Mono,51,14174,38,34,0,34,1
2020-05-28,Monterey,53,433212,632,471,1,472,10
2020-05-28,Napa,55,140530,137,113,0,113,3
2020-05-28,Nevada,57,99092,45,41,1,42,1
2020-05-28,Orange,59,3164182,8656,6045,38,6083,130
2020-05-28,Placer,61,380077,253,196,1,197,9
2020-05-28,Plumas,63,18699,4,4,0,4,0
2020-05-28,Riverside,65,2383286,9007,7240,7,7247,304
2020-05-28,Sacramento,67,1510023,1476,1339,2,1341,57
2020-05-28,San Benito,69,59416,94,82,0,82,2
2020-05-28,San Bernardino,71,2135413,6057,4831,2,4833,191
2020-05-28,San Diego,73,3302833,8259,7102,0,7102,260
2020-05-28,San Francisco,75,870044,2636,2417,0,2417,40
2020-05-28,San Joaquin,77,732212,1076,840,4,844,34
2020-05-28,San Luis Obispo,79,281455,317,267,1,268,1
2020-05-28,San Mateo,81,765935,2344,2070,3,2073,71
2020-05-28,Santa Barbara,83,443738,1980,1642,4,1646,9
2020-05-28,Santa Clara,85,1922200,3146,2698,4,2702,140
2020-05-28,Santa Cruz,87,273765,225,201,0,201,2
2020-05-28,Shasta,89,179085,55,36,0,36,4
2020-05-28,Sierra,91,2930,1,1,0,1,0
2020-05-28,Siskiyou,93,43540,8,6,0,6,0
2020-05-28,Solano,95,438530,602,489,1,490,6
2020-05-28,Sonoma,97,501317,598,529,1,530,4
2020-05-28,Stanislaus,99,539301,823,684,5,689,27
2020-05-28,Sutter,101,95872,44,40,0,40,2
2020-05-28,Tehama,103,63373,9,4,1,5,1
2020-05-28,Trinity,105,12862,1,1,1,2,0
2020-05-28,Tulare,107,460477,2389,1832,2,1834,79
2020-05-28,Tuolumne,109,53932,5,4,1,5,0
2020-05-28,Ventura,111,848112,1471,1083,4,1087,29
2020-05-28,Yolo,113,214977,223,206,0,206,22
2020-05-28,Yuba,115,75493,28,24,0,24,1
2020-05-27,Alameda,1,1643700,3606,3037,3,3040,94
2020-05-27,Alpine,3,1148,2,1,0,1,0
2020-05-27,Amador,5,37829,10,10,0,10,0
2020-05-27,Butte,7,227075,60,40,1,41,0
2020-05-27,Calaveras,9,45235,15,15,0,15,0
2020-05-27,Colusa,11,21464,8,5,0,5,0
2020-05-27,Contra Costa,13,1133247,1594,1373,0,1373,37
2020-05-27,Del Norte,15,27424,45,34,0,34,0
2020-05-27,El Dorado,17,186661,107,82,0,82,0
2020-05-27,Fresno,19,978130,2938,1620,33,1653,27
2020-05-27,Glenn,21,27897,18,14,0,14,0
2020-05-27,Humboldt,23,135768,110,86,0,86,2
2020-05-27,Imperial,25,180216,3236,1369,6,1375,14
2020-05-27,Inyo,27,18085,20,20,0,20,1
2020-05-27,Kern,29,883053,2623,1999,6,2005,37
2020-05-27,Kings,31,150075,851,586,3,589,3
2020-05-27,Lake,33,64148,29,13,0,13,0
2020-05-27,Lassen,35,31185,7,0,1,1,0
2020-05-27,Los Angeles,37,10098052,57930,48711,22,48733,2177
2020-05-27,Madera,39,155013,205,91,0,91,2
2020-05-27,Marin,41,260295,471,439,2,441,14
2020-05-27,Mariposa,43,17540,16,16,0,16,1
2020-05-27,Mendocino,45,87422,26,21,0,21,0
2020-05-27,Merced,47,269075,375,278,0,278,7
2020-05-27,Modoc,49,8938,0,0,0,0,0
2020-05-27,Mono,51,14174,38,34,0,34,1
2020-05-27,Monterey,53,433212,592,443,1,444,8
2020-05-27,Napa,55,140530,132,112,0,112,3
2020-05-27,Nevada,57,99092,44,41,1,42,1
2020-05-27,Orange,59,3164182,8500,5849,38,5887,121
2020-05-27,Placer,61,380077,234,196,1,197,9
2020-05-27,Plumas,63,18699,4,4,0,4,0
2020-05-27,Riverside,65,2383286,8628,7156,7,7163,299
2020-05-27,Sacramento,67,1510023,1448,1318,2,1320,50
2020-05-27,San Benito,69,59416,91,74,0,74,2
2020-05-27,San Bernardino,71,2135413,5873,4708,2,4710,183
2020-05-27,San Diego,73,3302833,8109,6985,0,6985,255
2020-05-27,San Francisco,75,870044,2607,2394,0,2394,40
2020-05-27,San Joaquin,77,732212,1035,825,4,829,34
2020-05-27,San Luis Obispo,79,281455,312,266,1,267,1
2020-05-27,San Mateo,81,765935,2304,2045,3,2048,71
2020-05-27,Santa Barbara,83,443738,1961,1629,4,1633,9
2020-05-27,Santa Clara,85,1922200,3114,2680,4,2684,140
2020-05-27,Santa Cruz,87,273765,221,202,0,202,2
2020-05-27,Shasta,89,179085,52,36,0,36,4
2020-05-27,Sierra,91,2930,1,1,0,1,0
2020-05-27,Siskiyou,93,43540,8,6,0,6,0
2020-05-27,Solano,95,438530,582,477,1,478,5
2020-05-27,Sonoma,97,501317,584,521,1,522,4
2020-05-27,Stanislaus,99,539301,798,675,5,680,27
2020-05-27,Sutter,101,95872,43,40,0,40,2
2020-05-27,Tehama,103,63373,9,3,1,4,1
2020-05-27,Trinity,105,12862,1,1,1,2,0
2020-05-27,Tulare,107,460477,2337,1817,2,1819,77
2020-05-27,Tuolumne,109,53932,5,4,1,5,0
2020-05-27,Ventura,111,848112,1449,1065,4,1069,28
2020-05-27,Yolo,113,214977,222,204,0,204,22
2020-05-27,Yuba,115,75493,28,24,0,24,1
2020-05-26,Alameda,1,1643700,3513,2956,3,2959,92
2020-05-26,Alpine,3,1148,2,1,0,1,0
2020-05-26,Amador,5,37829,10,10,0,10,0
2020-05-26,Butte,7,227075,58,37,1,38,0
2020-05-26,Calaveras,9,45235,15,13,0,13,0
2020-05-26,Colusa,11,21464,8,4,0,4,0
2020-05-26,Contra Costa,13,1133247,1559,1352,0,1352,37
2020-05-26,Del Norte,15,27424,44,30,0,30,0
2020-05-26,El Dorado,17,186661,103,79,0,79,0
2020-05-26,Fresno,19,978130,2854,1496,33,1529,22
2020-05-26,Glenn,21,27897,16,12,0,12,0
2020-05-26,Humboldt,23,135768,108,81,0,81,2
2020-05-26,Imperial,25,180216,3020,1369,6,1375,14
2020-05-26,Inyo,27,18085,20,20,0,20,1
2020-05-26,Kern,29,883053,2545,1890,6,1896,31
2020-05-26,Kings,31,150075,783,449,2,451,2
2020-05-26,Lake,33,64148,27,12,0,12,0
2020-05-26,Lassen,35,31185,6,0,1,1,0
2020-05-26,Los Angeles,37,10098052,56463,47760,22,47782,2121
2020-05-26,Madera,39,155013,190,83,0,83,2
2020-05-26,Marin,41,260295,459,424,2,426,14
2020-05-26,Mariposa,43,17540,16,16,0,16,1
2020-05-26,Mendocino,45,87422,24,20,0,20,0
2020-05-26,Merced,47,269075,361,266,0,266,7
2020-05-26,Modoc,49,8938,0,1,0,1,0
2020-05-26,Mono,51,14174,37,34,0,34,1
2020-05-26,Monterey,53,433212,564,424,0,424,8
2020-05-26,Napa,55,140530,127,109,0,109,3
2020-05-26,Nevada,57,99092,43,41,1,42,1
2020-05-26,Orange,59,3164182,8232,5651,37,5688,115
2020-05-26,Placer,61,380077,229,188,1,189,9
2020-05-26,Plumas,63,18699,4,4,0,4,0
2020-05-26,Riverside,65,2383286,8181,6917,7,6924,284
2020-05-26,Sacramento,67,1510023,1422,1298,2,1300,50
2020-05-26,San Benito,69,59416,86,69,0,69,2
2020-05-26,San Bernardino,71,2135413,5705,4430,2,4432,175
2020-05-26,San Diego,73,3302833,7966,6884,0,6884,249
2020-05-26,San Francisco,75,870044,2574,2363,0,2363,40
2020-05-26,San Joaquin,77,732212,988,760,4,764,33
2020-05-26,San Luis Obispo,79,281455,310,260,1,261,1
2020-05-26,San Mateo,81,765935,2266,1967,2,1969,71
2020-05-26,Santa Barbara,83,443738,1937,1590,4,1594,9
2020-05-26,Santa Clara,85,1922200,3081,2659,4,2663,139
2020-05-26,Santa Cruz,87,273765,219,197,0,197,2
2020-05-26,Shasta,89,179085,52,36,0,36,4
2020-05-26,Sierra,91,2930,1,1,0,1,0
2020-05-26,Siskiyou,93,43540,7,6,0,6,0
2020-05-26,Solano,95,438530,564,470,1,471,5
2020-05-26,Sonoma,97,501317,576,509,0,509,4
2020-05-26,Stanislaus,99,539301,777,663,5,668,27
2020-05-26,Sutter,101,95872,42,39,0,39,2
2020-05-26,Tehama,103,63373,8,2,1,3,1
2020-05-26,Trinity,105,12862,1,1,1,2,0
2020-05-26,Tulare,107,460477,2281,1768,2,1770,76
2020-05-26,Tuolumne,109,53932,5,2,1,3,0
2020-05-26,Ventura,111,848112,1415,1033,2,1035,27
2020-05-26,Yolo,113,214977,216,198,0,198,22
2020-05-26,Yuba,115,75493,27,24,0,24,1
2020-05-25,Alameda,1,1643700,3420,2900,2,2902,92
2020-05-25,Alpine,3,1148,2,1,0,1,0
2020-05-25,Amador,5,37829,10,10,0,10,0
2020-05-25,Butte,7,227075,55,37,1,38,0
2020-05-25,Calaveras,9,45235,15,13,0,13,0
2020-05-25,Colusa,11,21464,7,4,0,4,0
2020-05-25,Contra Costa,13,1133247,1527,1348,0,1348,37
2020-05-25,Del Norte,15,27424,44,20,0,20,0
2020-05-25,El Dorado,17,186661,95,78,0,78,0
2020-05-25,Fresno,19,978130,2752,1496,30,1526,22
2020-05-25,Glenn,21,27897,16,12,0,12,0
2020-05-25,Humboldt,23,135768,107,81,0,81,2
2020-05-25,Imperial,25,180216,2809,1369,6,1375,14
2020-05-25,Inyo,27,18085,19,20,0,20,1
2020-05-25,Kern,29,883053,2474,1890,6,1896,31
2020-05-25,Kings,31,150075,754,447,2,449,2
2020-05-25,Lake,33,64148,25,13,0,13,0
2020-05-25,Lassen,35,31185,6,0,1,1,0
2020-05-25,Los Angeles,37,10098052,54648,45952,22,45974,2094
2020-05-25,Madera,39,155013,178,83,0,83,2
2020-05-25,Marin,41,260295,441,415,2,417,14
2020-05-25,Mariposa,43,17540,16,15,0,15,1
2020-05-25,Mendocino,45,87422,21,19,0,19,0
2020-05-25,Merced,47,269075,354,262,0,262,6
2020-05-25,Modoc,49,8938,0,1,0,1,0
2020-05-25,Mono,51,14174,37,34,0,34,1
2020-05-25,Monterey,53,433212,534,418,0,418,8
2020-05-25,Napa,55,140530,127,107,0,107,3
2020-05-25,Nevada,57,99092,43,41,1,42,1
2020-05-25,Orange,59,3164182,8010,5601,36,5637,115
2020-05-25,Placer,61,380077,227,186,1,187,9
2020-05-25,Plumas,63,18699,4,4,0,4,0
2020-05-25,Riverside,65,2383286,7950,6900,7,6907,284
2020-05-25,Sacramento,67,1510023,1402,1290,1,1291,50
2020-05-25,San Benito,69,59416,85,70,0,70,2
2020-05-25,San Bernardino,71,2135413,5515,4393,2,4395,175
2020-05-25,San Diego,73,3302833,7790,6799,0,6799,249
2020-05-25,San Francisco,75,870044,2537,2358,0,2358,40
2020-05-25,San Joaquin,77,732212,962,760,4,764,33
2020-05-25,San Luis Obispo,79,281455,308,260,1,261,1
2020-05-25,San Mateo,81,765935,2230,1938,2,1940,71
2020-05-25,Santa Barbara,83,443738,1921,1590,4,1594,9
2020-05-25,Santa Clara,85,1922200,3049,2647,4,2651,139
2020-05-25,Santa Cruz,87,273765,217,191,0,191,2
2020-05-25,Shasta,89,179085,51,36,0,36,4
2020-05-25,Sierra,91,2930,1,1,0,1,0
2020-05-25,Siskiyou,93,43540,7,6,0,6,0
2020-05-25,Solano,95,438530,550,437,1,438,5
2020-05-25,Sonoma,97,501317,564,496,0,496,4
2020-05-25,Stanislaus,99,539301,747,651,5,656,27
2020-05-25,Sutter,101,95872,42,38,0,38,2
2020-05-25,Tehama,103,63373,7,2,1,3,1
2020-05-25,Trinity,105,12862,1,1,1,2,0
2020-05-25,Tulare,107,460477,2218,1747,2,1749,76
2020-05-25,Tuolumne,109,53932,5,2,1,3,0
2020-05-25,Ventura,111,848112,1376,1020,2,1022,27
2020-05-25,Yolo,113,214977,214,197,0,197,22
2020-05-25,Yuba,115,75493,26,24,0,24,1
2020-05-24,Alameda,1,1643700,3347,2830,2,2832,92
2020-05-24,Alpine,3,1148,2,1,0,1,0
2020-05-24,Amador,5,37829,10,9,0,9,0
2020-05-24,Butte,7,227075,53,35,1,36,0
2020-05-24,Calaveras,9,45235,15,13,0,13,0
2020-05-24,Colusa,11,21464,7,4,0,4,0
2020-05-24,Contra Costa,13,1133247,1499,1325,0,1325,37
2020-05-24,Del Norte,15,27424,43,16,0,16,0
2020-05-24,El Dorado,17,186661,94,76,0,76,0
2020-05-24,Fresno,19,978130,2686,1455,28,1483,22
2020-05-24,Glenn,21,27897,15,12,0,12,0
2020-05-24,Humboldt,23,135768,107,81,0,81,2
2020-05-24,Imperial,25,180216,2683,1369,6,1375,14
2020-05-24,Inyo,27,18085,19,20,0,20,1
2020-05-24,Kern,29,883053,2401,1861,5,1866,31
2020-05-24,Kings,31,150075,743,446,2,448,2
2020-05-24,Lake,33,64148,24,12,0,12,0
2020-05-24,Lassen,35,31185,5,0,1,1,0
2020-05-24,Los Angeles,37,10098052,53634,44954,22,44976,2085
2020-05-24,Madera,39,155013,173,83,0,83,2
2020-05-24,Marin,41,260295,439,401,2,403,14
2020-05-24,Mariposa,43,17540,16,15,0,15,1
2020-05-24,Mendocino,45,87422,20,19,0,19,0
2020-05-24,Merced,47,269075,353,258,0,258,6
2020-05-24,Modoc,49,8938,0,0,0,0,0
2020-05-24,Mono,51,14174,37,34,0,34,1
2020-05-24,Monterey,53,433212,506,405,0,405,8
2020-05-24,Napa,55,140530,125,104,0,104,3
2020-05-24,Nevada,57,99092,43,41,1,42,1
2020-05-24,Orange,59,3164182,7855,5439,35,5474,113
2020-05-24,Placer,61,380077,219,184,1,185,9
2020-05-24,Plumas,63,18699,4,4,0,4,0
2020-05-24,Riverside,65,2383286,7809,6571,7,6578,284
2020-05-24,Sacramento,67,1510023,1385,1283,1,1284,50
2020-05-24,San Benito,69,59416,84,67,0,67,2
2020-05-24,San Bernardino,71,2135413,5407,4262,2,4264,175
2020-05-24,San Diego,73,3302833,7647,6703,0,6703,249
2020-05-24,San Francisco,75,870044,2513,2318,0,2318,40
2020-05-24,San Joaquin,77,732212,943,760,4,764,33
2020-05-24,San Luis Obispo,79,281455,306,257,1,258,1
2020-05-24,San Mateo,81,765935,2195,1925,2,1927,71
2020-05-24,Santa Barbara,83,443738,1906,1573,4,1577,9
2020-05-24,Santa Clara,85,1922200,3030,2623,4,2627,139
2020-05-24,Santa Cruz,87,273765,214,185,0,185,2
2020-05-24,Shasta,89,179085,50,36,0,36,4
2020-05-24,Sierra,91,2930,1,1,0,1,0
2020-05-24,Siskiyou,93,43540,6,6,0,6,0
2020-05-24,Solano,95,438530,542,436,0,436,5
2020-05-24,Sonoma,97,501317,553,485,0,485,4
2020-05-24,Stanislaus,99,539301,727,634,5,639,27
2020-05-24,Sutter,101,95872,42,38,0,38,2
2020-05-24,Tehama,103,63373,5,2,1,3,1
2020-05-24,Trinity,105,12862,1,1,1,2,0
2020-05-24,Tulare,107,460477,2172,1684,2,1686,74
2020-05-24,Tuolumne,109,53932,5,2,0,2,0
2020-05-24,Ventura,111,848112,1364,982,2,984,27
2020-05-24,Yolo,113,214977,212,192,0,192,22
2020-05-24,Yuba,115,75493,26,24,0,24,1
2020-05-23,Alameda,1,1643700,3306,2783,2,2785,91
2020-05-23,Alpine,3,1148,2,1,0,1,0
2020-05-23,Amador,5,37829,10,9,0,9,0
2020-05-23,Butte,7,227075,52,34,1,35,0
2020-05-23,Calaveras,9,45235,15,13,0,13,0
2020-05-23,Colusa,11,21464,7,4,0,4,0
2020-05-23,Contra Costa,13,1133247,1488,1302,0,1302,36
2020-05-23,Del Norte,15,27424,43,10,0,10,0
2020-05-23,El Dorado,17,186661,94,74,0,74,0
2020-05-23,Fresno,19,978130,2666,1447,28,1475,21
2020-05-23,Glenn,21,27897,15,12,0,12,0
2020-05-23,Humboldt,23,135768,105,80,0,80,2
2020-05-23,Imperial,25,180216,2595,1283,6,1289,14
2020-05-23,Inyo,27,18085,19,20,0,20,1
2020-05-23,Kern,29,883053,2358,1806,5,1811,31
2020-05-23,Kings,31,150075,739,444,2,446,2
2020-05-23,Lake,33,64148,23,10,0,10,0
2020-05-23,Lassen,35,31185,5,0,1,1,0
2020-05-23,Los Angeles,37,10098052,53093,44029,22,44051,2069
2020-05-23,Madera,39,155013,169,83,0,83,2
2020-05-23,Marin,41,260295,439,393,1,394,14
2020-05-23,Mariposa,43,17540,16,15,0,15,1
2020-05-23,Mendocino,45,87422,20,13,0,13,0
2020-05-23,Merced,47,269075,350,247,0,247,6
2020-05-23,Modoc,49,8938,0,0,0,0,0
2020-05-23,Mono,51,14174,36,34,0,34,1
2020-05-23,Monterey,53,433212,492,397,0,397,8
2020-05-23,Napa,55,140530,121,101,0,101,3
2020-05-23,Nevada,57,99092,43,41,1,42,1
2020-05-23,Orange,59,3164182,7698,5313,34,5347,113
2020-05-23,Placer,61,380077,213,184,1,185,9
2020-05-23,Plumas,63,18699,4,4,0,4,0
2020-05-23,Riverside,65,2383286,7718,6460,7,6467,284
2020-05-23,Sacramento,67,1510023,1369,1275,1,1276,50
2020-05-23,San Benito,69,59416,79,67,0,67,2
2020-05-23,San Bernardino,71,2135413,5314,4172,2,4174,175
2020-05-23,San Diego,73,3302833,7556,6561,0,6561,249
2020-05-23,San Francisco,75,870044,2494,2312,0,2312,40
2020-05-23,San Joaquin,77,732212,928,759,4,763,33
2020-05-23,San Luis Obispo,79,281455,303,256,1,257,1
2020-05-23,San Mateo,81,765935,2167,1862,2,1864,71
2020-05-23,Santa Barbara,83,443738,1895,1566,4,1570,9
2020-05-23,Santa Clara,85,1922200,3017,2593,4,2597,139
2020-05-23,Santa Cruz,87,273765,212,177,0,177,2
2020-05-23,Shasta,89,179085,50,35,0,35,4
2020-05-23,Sierra,91,2930,1,1,0,1,0
2020-05-23,Siskiyou,93,43540,6,6,0,6,0
2020-05-23,Solano,95,438530,537,435,0,435,5
2020-05-23,Sonoma,97,501317,539,462,0,462,4
2020-05-23,Stanislaus,99,539301,719,625,5,630,27
2020-05-23,Sutter,101,95872,41,38,0,38,2
2020-05-23,Tehama,103,63373,5,2,1,3,1
2020-05-23,Trinity,105,12862,1,1,1,2,0
2020-05-23,Tulare,107,460477,2151,1682,2,1684,73
2020-05-23,Tuolumne,109,53932,5,2,0,2,0
2020-05-23,Ventura,111,848112,1344,961,2,963,27
2020-05-23,Yolo,113,214977,211,188,0,188,22
2020-05-23,Yuba,115,75493,26,24,0,24,1
2020-05-22,Alameda,1,1643700,3252,2722,2,2724,91
2020-05-22,Alpine,3,1148,2,1,0,1,0
2020-05-22,Amador,5,37829,10,9,0,9,0
2020-05-22,Butte,7,227075,50,34,1,35,0
2020-05-22,Calaveras,9,45235,15,13,0,13,0
2020-05-22,Colusa,11,21464,7,4,0,4,0
2020-05-22,Contra Costa,13,1133247,1476,1272,0,1272,36
2020-05-22,Del Norte,15,27424,41,9,0,9,0
2020-05-22,El Dorado,17,186661,91,74,0,74,0
2020-05-22,Fresno,19,978130,2608,1399,27,1426,20
2020-05-22,Glenn,21,27897,15,12,0,12,0
2020-05-22,Humboldt,23,135768,105,80,0,80,2
2020-05-22,Imperial,25,180216,2495,1214,6,1220,14
2020-05-22,Inyo,27,18085,19,20,0,20,1
2020-05-22,Kern,29,883053,2310,1749,5,1754,28
2020-05-22,Kings,31,150075,736,428,2,430,2
2020-05-22,Lake,33,64148,22,10,0,10,0
2020-05-22,Lassen,35,31185,3,0,1,1,0
2020-05-22,Los Angeles,37,10098052,52300,43025,22,43047,2027
2020-05-22,Madera,39,155013,165,82,0,82,2
2020-05-22,Marin,41,260295,435,372,1,373,14
2020-05-22,Mariposa,43,17540,16,15,0,15,1
2020-05-22,Mendocino,45,87422,19,13,0,13,0
2020-05-22,Merced,47,269075,350,233,0,233,6
2020-05-22,Modoc,49,8938,0,0,0,0,0
2020-05-22,Mono,51,14174,36,34,0,34,1
2020-05-22,Monterey,53,433212,481,372,0,372,8
2020-05-22,Napa,55,140530,119,97,0,97,3
2020-05-22,Nevada,57,99092,42,41,1,42,1
2020-05-22,Orange,59,3164182,7504,5144,32,5176,113
2020-05-22,Placer,61,380077,213,181,1,182,9
2020-05-22,Plumas,63,18699,4,4,0,4,0
2020-05-22,Riverside,65,2383286,7603,6351,7,6358,283
2020-05-22,Sacramento,67,1510023,1353,1262,1,1263,50
2020-05-22,San Benito,69,59416,78,64,0,64,2
2020-05-22,San Bernardino,71,2135413,5239,4107,2,4109,173
2020-05-22,San Diego,73,3302833,7470,6436,0,6436,242
2020-05-22,San Francisco,75,870044,2476,2251,0,2251,40
2020-05-22,San Joaquin,77,732212,915,747,4,751,33
2020-05-22,San Luis Obispo,79,281455,303,254,1,255,1
2020-05-22,San Mateo,81,765935,2148,1847,2,1849,71
2020-05-22,Santa Barbara,83,443738,1879,1554,4,1558,9
2020-05-22,Santa Clara,85,1922200,2999,2537,4,2541,139
2020-05-22,Santa Cruz,87,273765,209,171,0,171,2
2020-05-22,Shasta,89,179085,50,34,0,34,4
2020-05-22,Sierra,91,2930,1,0,0,0,0
2020-05-22,Siskiyou,93,43540,6,6,0,6,0
2020-05-22,Solano,95,438530,534,431,0,431,4
2020-05-22,Sonoma,97,501317,535,444,0,444,4
2020-05-22,Stanislaus,99,539301,709,616,5,621,27
2020-05-22,Sutter,101,95872,41,38,0,38,2
2020-05-22,Tehama,103,63373,5,2,0,2,1
2020-05-22,Trinity,105,12862,1,1,1,2,0
2020-05-22,Tulare,107,460477,2121,1662,2,1664,73
2020-05-22,Tuolumne,109,53932,5,2,0,2,0
2020-05-22,Ventura,111,848112,1326,937,2,939,27
2020-05-22,Yolo,113,214977,209,187,0,187,22
2020-05-22,Yuba,115,75493,26,24,0,24,1
2020-05-21,Alameda,1,1643700,3187,2606,2,2608,89
2020-05-21,Alpine,3,1148,2,1,0,1,0
2020-05-21,Amador,5,37829,10,9,0,9,0
2020-05-21,Butte,7,227075,49,31,1,32,0
2020-05-21,Calaveras,9,45235,14,13,0,13,0
2020-05-21,Colusa,11,21464,7,4,0,4,0
2020-05-21,Contra Costa,13,1133247,1440,1243,0,1243,36
2020-05-21,Del Norte,15,27424,38,9,0,9,0
2020-05-21,El Dorado,17,186661,90,67,0,67,0
2020-05-21,Fresno,19,978130,2518,1362,27,1389,20
2020-05-21,Glenn,21,27897,14,12,0,12,0
2020-05-21,Humboldt,23,135768,104,79,0,79,0
2020-05-21,Imperial,25,180216,2333,1096,6,1102,14
2020-05-21,Inyo,27,18085,19,20,0,20,1
2020-05-21,Kern,29,883053,2234,1684,4,1688,27
2020-05-21,Kings,31,150075,715,417,2,419,2
2020-05-21,Lake,33,64148,17,10,0,10,0
2020-05-21,Lassen,35,31185,3,0,1,1,0
2020-05-21,Los Angeles,37,10098052,51261,42063,22,42085,1996
2020-05-21,Madera,39,155013,162,82,0,82,2
2020-05-21,Marin,41,260295,424,359,1,360,14
2020-05-21,Mariposa,43,17540,16,15,0,15,1
2020-05-21,Mendocino,45,87422,19,12,0,12,0
2020-05-21,Merced,47,269075,339,226,0,226,6
2020-05-21,Modoc,49,8938,0,0,0,0,0
2020-05-21,Mono,51,14174,36,33,0,33,1
2020-05-21,Monterey,53,433212,470,363,0,363,8
2020-05-21,Napa,55,140530,117,96,0,96,3
2020-05-21,Nevada,57,99092,42,41,1,42,1
2020-05-21,Orange,59,3164182,7303,4975,32,5007,106
2020-05-21,Placer,61,380077,206,176,1,177,8
2020-05-21,Plumas,63,18699,4,4,0,4,0
2020-05-21,Riverside,65,2383286,7416,6245,7,6252,279
2020-05-21,Sacramento,67,1510023,1340,1258,1,1259,56
2020-05-21,San Benito,69,59416,75,61,0,61,2
2020-05-21,San Bernardino,71,2135413,5093,3950,2,3952,167
2020-05-21,San Diego,73,3302833,7334,6317,0,6317,241
2020-05-21,San Francisco,75,870044,2452,2248,0,2248,37
2020-05-21,San Joaquin,77,732212,879,730,4,734,33
2020-05-21,San Luis Obispo,79,281455,303,251,1,252,1
2020-05-21,San Mateo,81,765935,2111,1791,2,1793,74
2020-05-21,Santa Barbara,83,443738,1859,1541,4,1545,10
2020-05-21,Santa Clara,85,1922200,2980,2520,4,2524,138
2020-05-21,Santa Cruz,87,273765,201,164,0,164,3
2020-05-21,Shasta,89,179085,48,34,0,34,4
2020-05-21,Sierra,91,2930,1,0,0,0,0
2020-05-21,Siskiyou,93,43540,6,6,0,6,0
2020-05-21,Solano,95,438530,525,424,0,424,4
2020-05-21,Sonoma,97,501317,517,427,0,427,4
2020-05-21,Stanislaus,99,539301,698,602,5,607,27
2020-05-21,Sutter,101,95872,40,38,0,38,2
2020-05-21,Tehama,103,63373,4,2,0,2,1
2020-05-21,Trinity,105,12862,1,1,1,2,0
2020-05-21,Tulare,107,460477,2071,1606,2,1608,73
2020-05-21,Tuolumne,109,53932,3,2,0,2,0
2020-05-21,Ventura,111,848112,1279,907,2,909,30
2020-05-21,Yolo,113,214977,206,185,0,185,22
2020-05-21,Yuba,115,75493,26,24,0,24,1
2020-05-20,Alameda,1,1643700,3114,2554,2,2556,89
2020-05-20,Alpine,3,1148,2,1,0,1,0
2020-05-20,Amador,5,37829,10,9,0,9,0
2020-05-20,Butte,7,227075,46,30,1,31,0
2020-05-20,Calaveras,9,45235,14,13,0,13,0
2020-05-20,Colusa,11,21464,7,3,0,3,0
2020-05-20,Contra Costa,13,1133247,1410,1223,0,1223,33
2020-05-20,Del Norte,15,27424,31,9,0,9,0
2020-05-20,El Dorado,17,186661,89,67,0,67,0
2020-05-20,Fresno,19,978130,2446,1329,26,1355,17
2020-05-20,Glenn,21,27897,13,12,0,12,0
2020-05-20,Humboldt,23,135768,101,73,0,73,0
2020-05-20,Imperial,25,180216,2222,1047,6,1053,14
2020-05-20,Inyo,27,18085,19,20,0,20,1
2020-05-20,Kern,29,883053,2171,1639,3,1642,27
2020-05-20,Kings,31,150075,572,403,2,405,2
2020-05-20,Lake,33,64148,17,9,0,9,0
2020-05-20,Lassen,35,31185,2,0,1,1,0
2020-05-20,Los Angeles,37,10098052,50264,40932,22,40954,1955
2020-05-20,Madera,39,155013,160,82,0,82,2
2020-05-20,Marin,41,260295,397,348,1,349,14
2020-05-20,Mariposa,43,17540,16,15,0,15,1
2020-05-20,Mendocino,45,87422,19,12,0,12,0
2020-05-20,Merced,47,269075,332,225,0,225,6
2020-05-20,Modoc,49,8938,0,0,0,0,0
2020-05-20,Mono,51,14174,36,33,0,33,1
2020-05-20,Monterey,53,433212,456,356,0,356,8
2020-05-20,Napa,55,140530,110,93,0,93,3
2020-05-20,Nevada,57,99092,42,41,1,42,1
2020-05-20,Orange,59,3164182,7098,4866,31,4897,96
2020-05-20,Placer,61,380077,204,176,1,177,8
2020-05-20,Plumas,63,18699,4,4,0,4,0
2020-05-20,Riverside,65,2383286,7273,6090,7,6097,265
2020-05-20,Sacramento,67,1510023,1330,1244,1,1245,56
2020-05-20,San Benito,69,59416,74,61,0,61,2
2020-05-20,San Bernardino,71,2135413,4967,3771,2,3773,161
2020-05-20,San Diego,73,3302833,7217,6142,0,6142,230
2020-05-20,San Francisco,75,870044,2429,2199,0,2199,37
2020-05-20,San Joaquin,77,732212,843,713,4,717,33
2020-05-20,San Luis Obispo,79,281455,297,249,1,250,1
2020-05-20,San Mateo,81,765935,2058,1739,2,1741,74
2020-05-20,Santa Barbara,83,443738,1837,1524,4,1528,10
2020-05-20,Santa Clara,85,1922200,2960,2508,4,2512,138
2020-05-20,Santa Cruz,87,273765,198,163,0,163,3
2020-05-20,Shasta,89,179085,48,34,0,34,4
2020-05-20,Sierra,91,2930,1,0,0,0,0
2020-05-20,Siskiyou,93,43540,6,6,0,6,0
2020-05-20,Solano,95,438530,520,418,0,418,4
2020-05-20,Sonoma,97,501317,508,411,0,411,4
2020-05-20,Stanislaus,99,539301,682,584,4,588,25
2020-05-20,Sutter,101,95872,40,38,0,38,2
2020-05-20,Tehama,103,63373,4,2,0,2,1
2020-05-20,Trinity,105,12862,1,1,1,2,0
2020-05-20,Tulare,107,460477,2033,1585,2,1587,71
2020-05-20,Tuolumne,109,53932,3,2,0,2,0
2020-05-20,Ventura,111,848112,1247,879,2,881,29
2020-05-20,Yolo,113,214977,203,184,0,184,22
2020-05-20,Yuba,115,75493,26,23,0,23,1
2020-05-19,Alameda,1,1643700,3039,2493,0,2493,88
2020-05-19,Alpine,3,1148,2,1,0,1,0
2020-05-19,Amador,5,37829,10,9,0,9,0
2020-05-19,Butte,7,227075,44,25,1,26,0
2020-05-19,Calaveras,9,45235,14,13,0,13,0
2020-05-19,Colusa,11,21464,5,3,0,3,0
2020-05-19,Contra Costa,13,1133247,1387,1205,0,1205,33
2020-05-19,Del Norte,15,27424,28,8,0,8,0
2020-05-19,El Dorado,17,186661,86,67,0,67,0
2020-05-19,Fresno,19,978130,2342,1288,26,1314,15
2020-05-19,Glenn,21,27897,13,12,0,12,0
2020-05-19,Humboldt,23,135768,101,72,0,72,0
2020-05-19,Imperial,25,180216,2061,1012,6,1018,14
2020-05-19,Inyo,27,18085,19,20,0,20,1
2020-05-19,Kern,29,883053,2075,1601,3,1604,26
2020-05-19,Kings,31,150075,563,393,2,395,2
2020-05-19,Lake,33,64148,14,11,0,11,0
2020-05-19,Lassen,35,31185,2,0,1,1,0
2020-05-19,Los Angeles,37,10098052,49057,39670,22,39692,1906
2020-05-19,Madera,39,155013,157,80,0,80,2
2020-05-19,Marin,41,260295,373,340,1,341,14
2020-05-19,Mariposa,43,17540,16,15,0,15,1
2020-05-19,Mendocino,45,87422,19,12,0,12,0
2020-05-19,Merced,47,269075,324,222,0,222,5
2020-05-19,Modoc,49,8938,0,0,0,0,0
2020-05-19,Mono,51,14174,36,33,0,33,1
2020-05-19,Monterey,53,433212,444,350,0,350,8
2020-05-19,Napa,55,140530,109,93,0,93,3
2020-05-19,Nevada,57,99092,42,41,1,42,1
2020-05-19,Orange,59,3164182,6903,4746,31,4777,90
2020-05-19,Placer,61,380077,202,177,1,178,8
2020-05-19,Plumas,63,18699,4,5,0,5,0
2020-05-19,Riverside,65,2383286,7114,5963,7,5970,265
2020-05-19,Sacramento,67,1510023,1316,1239,1,1240,57
2020-05-19,San Benito,69,59416,72,59,0,59,2
2020-05-19,San Bernardino,71,2135413,4819,3656,2,3658,158
2020-05-19,San Diego,73,3302833,7073,6028,0,6028,222
2020-05-19,San Francisco,75,870044,2395,2186,0,2186,37
2020-05-19,San Joaquin,77,732212,821,705,4,709,33
2020-05-19,San Luis Obispo,79,281455,297,245,1,246,1
2020-05-19,San Mateo,81,765935,2017,1704,2,1706,71
2020-05-19,Santa Barbara,83,443738,1820,1521,4,1525,10
2020-05-19,Santa Clara,85,1922200,2915,2480,4,2484,138
2020-05-19,Santa Cruz,87,273765,187,161,0,161,3
2020-05-19,Shasta,89,179085,48,34,0,34,4
2020-05-19,Sierra,91,2930,0,0,0,0,0
2020-05-19,Siskiyou,93,43540,6,6,0,6,0
2020-05-19,Solano,95,438530,506,415,0,415,4
2020-05-19,Sonoma,97,501317,497,389,0,389,4
2020-05-19,Stanislaus,99,539301,668,582,4,586,25
2020-05-19,Sutter,101,95872,40,38,0,38,2
2020-05-19,Tehama,103,63373,4,2,0,2,1
2020-05-19,Trinity,105,12862,1,1,0,1,0
2020-05-19,Tulare,107,460477,1987,1551,2,1553,68
2020-05-19,Tuolumne,109,53932,3,2,0,2,0
2020-05-19,Ventura,111,848112,1210,861,2,863,28
2020-05-19,Yolo,113,214977,201,183,0,183,22
2020-05-19,Yuba,115,75493,26,23,0,23,1
2020-05-18,Alameda,1,1643700,2966,2442,0,2442,84
2020-05-18,Alpine,3,1148,1,1,0,1,0
2020-05-18,Amador,5,37829,10,8,0,8,0
2020-05-18,Butte,7,227075,42,24,1,25,0
2020-05-18,Calaveras,9,45235,14,13,0,13,0
2020-05-18,Colusa,11,21464,5,3,0,3,0
2020-05-18,Contra Costa,13,1133247,1356,1173,0,1173,33
2020-05-18,Del Norte,15,27424,23,8,0,8,0
2020-05-18,El Dorado,17,186661,84,67,0,67,0
2020-05-18,Fresno,19,978130,2270,1244,26,1270,14
2020-05-18,Glenn,21,27897,13,11,0,11,0
2020-05-18,Humboldt,23,135768,101,70,0,70,0
2020-05-18,Imperial,25,180216,1906,767,6,773,14
2020-05-18,Inyo,27,18085,19,20,0,20,1
2020-05-18,Kern,29,883053,2026,1566,3,1569,26
2020-05-18,Kings,31,150075,532,381,2,383,2
2020-05-18,Lake,33,64148,13,9,0,9,0
2020-05-18,Lassen,35,31185,2,0,1,1,0
2020-05-18,Los Angeles,37,10098052,48036,38477,22,38499,1825
2020-05-18,Madera,39,155013,152,74,0,74,2
2020-05-18,Marin,41,260295,360,329,1,330,14
2020-05-18,Mariposa,43,17540,16,15,0,15,1
2020-05-18,Mendocino,45,87422,14,12,0,12,0
2020-05-18,Merced,47,269075,315,217,0,217,5
2020-05-18,Modoc,49,8938,0,0,0,0,0
2020-05-18,Mono,51,14174,36,33,0,33,1
2020-05-18,Monterey,53,433212,433,345,0,345,8
2020-05-18,Napa,55,140530,105,92,0,92,3
2020-05-18,Nevada,57,99092,42,41,1,42,1
2020-05-18,Orange,59,3164182,6715,4558,28,4586,88
2020-05-18,Placer,61,380077,200,176,1,177,8
2020-05-18,Plumas,63,18699,4,5,0,5,0
2020-05-18,Riverside,65,2383286,6914,5873,7,5880,253
2020-05-18,Sacramento,67,1510023,1310,1233,0,1233,57
2020-05-18,San Benito,69,59416,70,59,0,59,2
2020-05-18,San Bernardino,71,2135413,4672,3558,2,3560,156
2020-05-18,San Diego,73,3302833,6940,5948,0,5948,211
2020-05-18,San Francisco,75,870044,2372,2183,0,2183,36
2020-05-18,San Joaquin,77,732212,809,697,4,701,33
2020-05-18,San Luis Obispo,79,281455,293,243,1,244,1
2020-05-18,San Mateo,81,765935,1979,1701,2,1703,68
2020-05-18,Santa Barbara,83,443738,1803,1501,4,1505,10
2020-05-18,Santa Clara,85,1922200,2884,2468,4,2472,137
2020-05-18,Santa Cruz,87,273765,185,160,0,160,3
2020-05-18,Shasta,89,179085,47,34,0,34,4
2020-05-18,Sierra,91,2930,0,0,0,0,0
2020-05-18,Siskiyou,93,43540,6,6,0,6,0
2020-05-18,Solano,95,438530,496,398,0,398,4
2020-05-18,Sonoma,97,501317,479,387,0,387,4
2020-05-18,Stanislaus,99,539301,656,572,4,576,25
2020-05-18,Sutter,101,95872,40,38,0,38,2
2020-05-18,Tehama,103,63373,4,2,0,2,1
2020-05-18,Trinity,105,12862,1,1,0,1,0
2020-05-18,Tulare,107,460477,1942,1491,2,1493,63
2020-05-18,Tuolumne,109,53932,3,2,0,2,0
2020-05-18,Ventura,111,848112,1188,850,1,851,27
2020-05-18,Yolo,113,214977,196,183,0,183,22
2020-05-18,Yuba,115,75493,26,23,0,23,1
2020-05-17,Alameda,1,1643700,2871,2389,0,2389,83
2020-05-17,Alpine,3,1148,1,1,0,1,0
2020-05-17,Amador,5,37829,10,8,0,8,0
2020-05-17,Butte,7,227075,42,23,1,24,0
2020-05-17,Calaveras,9,45235,14,13,0,13,0
2020-05-17,Colusa,11,21464,3,3,0,3,0
2020-05-17,Contra Costa,13,1133247,1318,1155,0,1155,33
2020-05-17,Del Norte,15,27424,23,7,0,7,0
2020-05-17,El Dorado,17,186661,84,65,0,65,0
2020-05-17,Fresno,19,978130,2173,1213,23,1236,14
2020-05-17,Glenn,21,27897,13,9,0,9,0
2020-05-17,Humboldt,23,135768,94,70,0,70,0
2020-05-17,Imperial,25,180216,1757,715,5,720,14
2020-05-17,Inyo,27,18085,19,20,0,20,1
2020-05-17,Kern,29,883053,1948,1546,3,1549,26
2020-05-17,Kings,31,150075,485,356,2,358,2
2020-05-17,Lake,33,64148,13,7,0,7,0
2020-05-17,Lassen,35,31185,2,0,1,1,0
2020-05-17,Los Angeles,37,10098052,46802,37996,22,38018,1807
2020-05-17,Madera,39,155013,150,69,0,69,2
2020-05-17,Marin,41,260295,349,315,1,316,14
2020-05-17,Mariposa,43,17540,15,15,0,15,1
2020-05-17,Mendocino,45,87422,13,10,0,10,0
2020-05-17,Merced,47,269075,304,214,0,214,5
2020-05-17,Modoc,49,8938,0,0,0,0,0
2020-05-17,Mono,51,14174,36,32,0,32,1
2020-05-17,Monterey,53,433212,413,342,0,342,8
2020-05-17,Napa,55,140530,102,89,0,89,3
2020-05-17,Nevada,57,99092,42,41,1,42,1
2020-05-17,Orange,59,3164182,6536,4466,28,4494,88
2020-05-17,Placer,61,380077,194,175,1,176,8
2020-05-17,Plumas,63,18699,4,4,0,4,0
2020-05-17,Riverside,65,2383286,6741,5776,7,5783,245
2020-05-17,Sacramento,67,1510023,1299,1224,0,1224,56
2020-05-17,San Benito,69,59416,69,59,0,59,2
2020-05-17,San Bernardino,71,2135413,4522,3467,2,3469,155
2020-05-17,San Diego,73,3302833,6808,5838,0,5838,209
2020-05-17,San Francisco,75,870044,2345,2132,0,2132,36
2020-05-17,San Joaquin,77,732212,779,688,4,692,32
2020-05-17,San Luis Obispo,79,281455,291,242,1,243,1
2020-05-17,San Mateo,81,765935,1942,1680,2,1682,68
2020-05-17,Santa Barbara,83,443738,1777,1457,4,1461,10
2020-05-17,Santa Clara,85,1922200,2846,2453,4,2457,135
2020-05-17,Santa Cruz,87,273765,174,155,0,155,3
2020-05-17,Shasta,89,179085,46,34,0,34,4
2020-05-17,Sierra,91,2930,0,0,0,0,0
2020-05-17,Siskiyou,93,43540,6,6,0,6,0
2020-05-17,Solano,95,438530,484,392,0,392,4
2020-05-17,Sonoma,97,501317,458,376,0,376,4
2020-05-17,Stanislaus,99,539301,645,566,4,570,25
2020-05-17,Sutter,101,95872,39,38,0,38,2
2020-05-17,Tehama,103,63373,3,2,0,2,1
2020-05-17,Trinity,105,12862,1,1,0,1,0
2020-05-17,Tulare,107,460477,1883,1430,2,1432,63
2020-05-17,Tuolumne,109,53932,3,2,0,2,0
2020-05-17,Ventura,111,848112,1146,838,1,839,27
2020-05-17,Yolo,113,214977,194,182,0,182,22
2020-05-17,Yuba,115,75493,26,21,0,21,1
2020-05-16,Alameda,1,1643700,2821,2327,0,2327,83
2020-05-16,Alpine,3,1148,1,1,0,1,0
2020-05-16,Amador,5,37829,10,8,0,8,0
2020-05-16,Butte,7,227075,37,22,1,23,0
2020-05-16,Calaveras,9,45235,14,13,0,13,0
2020-05-16,Colusa,11,21464,3,3,0,3,0
2020-05-16,Contra Costa,13,1133247,1300,1136,0,1136,33
2020-05-16,Del Norte,15,27424,19,4,0,4,0
2020-05-16,El Dorado,17,186661,84,65,0,65,0
2020-05-16,Fresno,19,978130,2118,1177,23,1200,14
2020-05-16,Glenn,21,27897,13,9,0,9,0
2020-05-16,Humboldt,23,135768,92,69,0,69,0
2020-05-16,Imperial,25,180216,1692,712,5,717,14
2020-05-16,Inyo,27,18085,19,20,0,20,1
2020-05-16,Kern,29,883053,1912,1509,3,1512,26
2020-05-16,Kings,31,150075,476,356,2,358,2
2020-05-16,Lake,33,64148,13,7,0,7,0
2020-05-16,Lassen,35,31185,1,0,1,1,0
2020-05-16,Los Angeles,37,10098052,46225,37352,22,37374,1778
2020-05-16,Madera,39,155013,148,70,0,70,2
2020-05-16,Marin,41,260295,345,297,1,298,14
2020-05-16,Mariposa,43,17540,15,15,0,15,1
2020-05-16,Mendocino,45,87422,13,10,0,10,0
2020-05-16,Merced,47,269075,302,201,0,201,5
2020-05-16,Modoc,49,8938,0,0,0,0,0
2020-05-16,Mono,51,14174,36,32,0,32,1
2020-05-16,Monterey,53,433212,398,329,0,329,8
2020-05-16,Napa,55,140530,102,86,0,86,3
2020-05-16,Nevada,57,99092,42,41,1,42,1
2020-05-16,Orange,59,3164182,6460,4396,28,4424,87
2020-05-16,Placer,61,380077,192,174,1,175,8
2020-05-16,Plumas,63,18699,4,4,0,4,0
2020-05-16,Riverside,65,2383286,6655,5633,7,5640,243
2020-05-16,Sacramento,67,1510023,1292,1209,0,1209,55
2020-05-16,San Benito,69,59416,64,58,0,58,2
2020-05-16,San Bernardino,71,2135413,4451,3362,2,3364,155
2020-05-16,San Diego,73,3302833,6722,5664,0,5664,209
2020-05-16,San Francisco,75,870044,2322,2094,0,2094,36
2020-05-16,San Joaquin,77,732212,771,668,4,672,32
2020-05-16,San Luis Obispo,79,281455,290,240,1,241,1
2020-05-16,San Mateo,81,765935,1927,1652,2,1654,68
2020-05-16,Santa Barbara,83,443738,1765,1422,3,1425,10
2020-05-16,Santa Clara,85,1922200,2831,2420,3,2423,135
2020-05-16,Santa Cruz,87,273765,171,154,0,154,3
2020-05-16,Shasta,89,179085,46,33,0,33,4
2020-05-16,Sierra,91,2930,0,0,0,0,0
2020-05-16,Siskiyou,93,43540,6,6,0,6,0
2020-05-16,Solano,95,438530,479,392,0,392,4
2020-05-16,Sonoma,97,501317,445,356,0,356,4
2020-05-16,Stanislaus,99,539301,636,546,4,550,24
2020-05-16,Sutter,101,95872,39,35,0,35,2
2020-05-16,Tehama,103,63373,3,2,0,2,1
2020-05-16,Trinity,105,12862,1,1,0,1,0
2020-05-16,Tulare,107,460477,1865,1426,2,1428,63
2020-05-16,Tuolumne,109,53932,3,2,0,2,0
2020-05-16,Ventura,111,848112,1121,813,1,814,25
2020-05-16,Yolo,113,214977,193,181,0,181,22
2020-05-16,Yuba,115,75493,26,21,0,21,1
2020-05-15,Alameda,1,1643700,2787,2289,0,2289,83
2020-05-15,Alpine,3,1148,1,1,0,1,0
2020-05-15,Amador,5,37829,10,8,0,8,0
2020-05-15,Butte,7,227075,35,22,1,23,0
2020-05-15,Calaveras,9,45235,14,13,0,13,0
2020-05-15,Colusa,11,21464,3,3,0,3,0
2020-05-15,Contra Costa,13,1133247,1282,1106,0,1106,33
2020-05-15,Del Norte,15,27424,14,4,0,4,0
2020-05-15,El Dorado,17,186661,84,64,0,64,0
2020-05-15,Fresno,19,978130,2052,1126,23,1149,14
2020-05-15,Glenn,21,27897,13,9,0,9,0
2020-05-15,Humboldt,23,135768,91,60,0,60,0
2020-05-15,Imperial,25,180216,1609,680,5,685,14
2020-05-15,Inyo,27,18085,19,20,0,20,1
2020-05-15,Kern,29,883053,1856,1472,3,1475,25
2020-05-15,Kings,31,150075,473,347,2,349,2
2020-05-15,Lake,33,64148,13,7,0,7,0
2020-05-15,Lassen,35,31185,1,0,1,1,0
2020-05-15,Los Angeles,37,10098052,45438,36317,22,36339,1734
2020-05-15,Madera,39,155013,147,71,0,71,2
2020-05-15,Marin,41,260295,337,295,1,296,14
2020-05-15,Mariposa,43,17540,15,15,0,15,1
2020-05-15,Mendocino,45,87422,13,10,0,10,0
2020-05-15,Merced,47,269075,299,191,0,191,5
2020-05-15,Modoc,49,8938,0,0,0,0,0
2020-05-15,Mono,51,14174,36,31,0,31,1
2020-05-15,Monterey,53,433212,392,321,0,321,8
2020-05-15,Napa,55,140530,102,83,0,83,3
2020-05-15,Nevada,57,99092,42,41,1,42,1
2020-05-15,Orange,59,3164182,6289,4281,28,4309,87
2020-05-15,Placer,61,380077,190,174,1,175,8
2020-05-15,Plumas,63,18699,4,4,0,4,0
2020-05-15,Riverside,65,2383286,6541,5496,7,5503,233
2020-05-15,Sacramento,67,1510023,1282,1203,0,1203,55
2020-05-15,San Benito,69,59416,61,57,0,57,2
2020-05-15,San Bernardino,71,2135413,4373,3225,2,3227,153
2020-05-15,San Diego,73,3302833,6615,5525,0,5525,208
2020-05-15,San Francisco,75,870044,2306,2062,0,2062,36
2020-05-15,San Joaquin,77,732212,765,656,4,660,32
2020-05-15,San Luis Obispo,79,281455,289,237,1,238,1
2020-05-15,San Mateo,81,765935,1905,1612,2,1614,68
2020-05-15,Santa Barbara,83,443738,1752,1409,3,1412,10
2020-05-15,Santa Clara,85,1922200,2806,2395,3,2398,135
2020-05-15,Santa Cruz,87,273765,170,146,0,146,3
2020-05-15,Shasta,89,179085,45,33,0,33,4
2020-05-15,Sierra,91,2930,0,0,0,0,0
2020-05-15,Siskiyou,93,43540,5,5,0,5,0
2020-05-15,Solano,95,438530,475,388,0,388,4
2020-05-15,Sonoma,97,501317,437,349,0,349,4
2020-05-15,Stanislaus,99,539301,629,540,4,544,23
2020-05-15,Sutter,101,95872,38,35,0,35,2
2020-05-15,Tehama,103,63373,3,1,0,1,1
2020-05-15,Trinity,105,12862,1,1,0,1,0
2020-05-15,Tulare,107,460477,1838,1356,2,1358,61
2020-05-15,Tuolumne,109,53932,3,2,0,2,0
2020-05-15,Ventura,111,848112,1104,789,0,789,25
2020-05-15,Yolo,113,214977,192,182,0,182,22
2020-05-15,Yuba,115,75493,26,21,0,21,1
2020-05-14,Alameda,1,1643700,2696,2255,0,2255,80
2020-05-14,Alpine,3,1148,1,1,0,1,0
2020-05-14,Amador,5,37829,10,8,0,8,0
2020-05-14,Butte,7,227075,33,22,1,23,0
2020-05-14,Calaveras,9,45235,14,13,0,13,0
2020-05-14,Colusa,11,21464,3,3,0,3,0
2020-05-14,Contra Costa,13,1133247,1256,1090,0,1090,32
2020-05-14,Del Norte,15,27424,14,4,0,4,0
2020-05-14,El Dorado,17,186661,75,59,0,59,0
2020-05-14,Fresno,19,978130,2000,1038,20,1058,12
2020-05-14,Glenn,21,27897,12,8,0,8,0
2020-05-14,Humboldt,23,135768,89,59,0,59,0
2020-05-14,Imperial,25,180216,1492,652,5,657,13
2020-05-14,Inyo,27,18085,19,20,0,20,1
2020-05-14,Kern,29,883053,1814,1430,3,1433,21
2020-05-14,Kings,31,150075,457,342,2,344,1
2020-05-14,Lake,33,64148,13,7,0,7,0
2020-05-14,Lassen,35,31185,1,0,1,1,0
2020-05-14,Los Angeles,37,10098052,44262,35427,22,35449,1693
2020-05-14,Madera,39,155013,138,69,0,69,2
2020-05-14,Marin,41,260295,319,283,1,284,14
2020-05-14,Mariposa,43,17540,15,15,0,15,0
2020-05-14,Mendocino,45,87422,12,10,0,10,0
2020-05-14,Merced,47,269075,289,182,0,182,3
2020-05-14,Modoc,49,8938,0,0,0,0,0
2020-05-14,Mono,51,14174,36,31,0,31,1
2020-05-14,Monterey,53,433212,382,317,0,317,7
2020-05-14,Napa,55,140530,100,83,0,83,3
2020-05-14,Nevada,57,99092,41,41,1,42,1
2020-05-14,Orange,59,3164182,6113,4163,26,4189,83
2020-05-14,Placer,61,380077,190,172,1,173,8
2020-05-14,Plumas,63,18699,4,4,0,4,0
2020-05-14,Riverside,65,2383286,6358,5339,7,5346,224
2020-05-14,Sacramento,67,1510023,1270,1181,0,1181,55
2020-05-14,San Benito,69,59416,59,56,0,56,2
2020-05-14,San Bernardino,71,2135413,4195,3149,2,3151,149
2020-05-14,San Diego,73,3302833,6481,5393,0,5393,200
2020-05-14,San Francisco,75,870044,2273,2029,0,2029,36
2020-05-14,San Joaquin,77,732212,750,643,4,647,31
2020-05-14,San Luis Obispo,79,281455,286,236,1,237,1
2020-05-14,San Mateo,81,765935,1873,1588,2,1590,67
2020-05-14,Santa Barbara,83,443738,1734,1395,3,1398,11
2020-05-14,Santa Clara,85,1922200,2785,2380,3,2383,134
2020-05-14,Santa Cruz,87,273765,168,145,0,145,3
2020-05-14,Shasta,89,179085,45,33,0,33,4
2020-05-14,Sierra,91,2930,0,0,0,0,0
2020-05-14,Siskiyou,93,43540,5,5,0,5,0
2020-05-14,Solano,95,438530,466,372,0,372,4
2020-05-14,Sonoma,97,501317,420,333,0,333,4
2020-05-14,Stanislaus,99,539301,610,533,4,537,23
2020-05-14,Sutter,101,95872,38,34,0,34,2
2020-05-14,Tehama,103,63373,3,1,0,1,1
2020-05-14,Trinity,105,12862,1,1,0,1,0
2020-05-14,Tulare,107,460477,1805,1317,2,1319,55
2020-05-14,Tuolumne,109,53932,3,2,0,2,0
2020-05-14,Ventura,111,848112,1076,760,0,760,25
2020-05-14,Yolo,113,214977,192,180,0,180,22
2020-05-14,Yuba,115,75493,26,21,0,21,1
2020-05-13,Alameda,1,1643700,2638,2181,0,2181,78
2020-05-13,Alpine,3,1148,1,1,0,1,0
2020-05-13,Amador,5,37829,10,8,0,8,0
2020-05-13,Butte,7,227075,33,21,1,22,0
2020-05-13,Calaveras,9,45235,14,13,0,13,0
2020-05-13,Colusa,11,21464,3,3,0,3,0
2020-05-13,Contra Costa,13,1133247,1234,1082,0,1082,32
2020-05-13,Del Norte,15,27424,13,4,0,4,0
2020-05-13,El Dorado,17,186661,74,58,0,58,0
2020-05-13,Fresno,19,978130,1911,993,20,1013,10
2020-05-13,Glenn,21,27897,11,6,0,6,0
2020-05-13,Humboldt,23,135768,83,58,0,58,0
2020-05-13,Imperial,25,180216,1422,610,5,615,11
2020-05-13,Inyo,27,18085,19,20,0,20,1
2020-05-13,Kern,29,883053,1770,1390,3,1393,19
2020-05-13,Kings,31,150075,444,314,2,316,1
2020-05-13,Lake,33,64148,13,7,0,7,0
2020-05-13,Lassen,35,31185,1,0,1,1,0
2020-05-13,Los Angeles,37,10098052,42952,34574,22,34596,1643
2020-05-13,Madera,39,155013,129,69,0,69,2
2020-05-13,Marin,41,260295,306,278,1,279,14
2020-05-13,Mariposa,43,17540,15,15,0,15,0
2020-05-13,Mendocino,45,87422,12,10,0,10,0
2020-05-13,Merced,47,269075,286,176,0,176,3
2020-05-13,Modoc,49,8938,0,0,0,0,0
2020-05-13,Mono,51,14174,35,31,0,31,1
2020-05-13,Monterey,53,433212,372,309,0,309,6
2020-05-13,Napa,55,140530,100,81,0,81,3
2020-05-13,Nevada,57,99092,41,41,1,42,1
2020-05-13,Orange,59,3164182,5867,4025,24,4049,79
2020-05-13,Placer,61,380077,189,170,1,171,8
2020-05-13,Plumas,63,18699,4,4,0,4,0
2020-05-13,Riverside,65,2383286,6235,5204,7,5211,216
2020-05-13,Sacramento,67,1510023,1255,1173,0,1173,53
2020-05-13,San Benito,69,59416,59,55,0,55,2
2020-05-13,San Bernardino,71,2135413,3940,3064,1,3065,140
2020-05-13,San Diego,73,3302833,6345,5280,0,5280,194
2020-05-13,San Francisco,75,870044,2245,2004,0,2004,35
2020-05-13,San Joaquin,77,732212,729,639,3,642,31
2020-05-13,San Luis Obispo,79,281455,284,231,1,232,1
2020-05-13,San Mateo,81,765935,1841,1550,2,1552,66
2020-05-13,Santa Barbara,83,443738,1718,1382,3,1385,10
2020-05-13,Santa Clara,85,1922200,2768,2370,3,2373,132
2020-05-13,Santa Cruz,87,273765,164,142,0,142,2
2020-05-13,Shasta,89,179085,45,32,0,32,4
2020-05-13,Sierra,91,2930,0,0,0,0,0
2020-05-13,Siskiyou,93,43540,5,5,0,5,0
2020-05-13,Solano,95,438530,453,368,0,368,4
2020-05-13,Sonoma,97,501317,410,330,0,330,4
2020-05-13,Stanislaus,99,539301,601,521,4,525,15
2020-05-13,Sutter,101,95872,38,33,0,33,2
2020-05-13,Tehama,103,63373,3,1,0,1,1
2020-05-13,Trinity,105,12862,1,2,0,2,0
2020-05-13,Tulare,107,460477,1772,1283,2,1285,54
2020-05-13,Tuolumne,109,53932,3,2,0,2,0
2020-05-13,Ventura,111,848112,1049,742,0,742,25
2020-05-13,Yolo,113,214977,190,178,0,178,22
2020-05-13,Yuba,115,75493,24,19,0,19,1
2020-05-12,Alameda,1,1643700,2576,2146,0,2146,74
2020-05-12,Alpine,3,1148,1,1,0,1,0
2020-05-12,Amador,5,37829,10,8,0,8,0
2020-05-12,Butte,7,227075,31,20,1,21,0
2020-05-12,Calaveras,9,45235,13,13,0,13,0
2020-05-12,Colusa,11,21464,3,3,0,3,0
2020-05-12,Contra Costa,13,1133247,1203,1067,0,1067,32
2020-05-12,Del Norte,15,27424,10,3,0,3,0
2020-05-12,El Dorado,17,186661,71,56,0,56,0
2020-05-12,Fresno,19,978130,1832,978,20,998,9
2020-05-12,Glenn,21,27897,10,6,0,6,0
2020-05-12,Humboldt,23,135768,80,58,0,58,0
2020-05-12,Imperial,25,180216,1291,602,3,605,9
2020-05-12,Inyo,27,18085,19,20,0,20,1
2020-05-12,Kern,29,883053,1729,1363,3,1366,18
2020-05-12,Kings,31,150075,423,302,2,304,1
2020-05-12,Lake,33,64148,13,7,0,7,0
2020-05-12,Lassen,35,31185,1,0,1,1,0
2020-05-12,Los Angeles,37,10098052,41956,33281,21,33302,1601
2020-05-12,Madera,39,155013,125,69,0,69,2
2020-05-12,Marin,41,260295,301,274,1,275,14
2020-05-12,Mariposa,43,17540,15,15,0,15,0
2020-05-12,Mendocino,45,87422,12,10,0,10,0
2020-05-12,Merced,47,269075,275,175,0,175,3
2020-05-12,Modoc,49,8938,0,0,0,0,0
2020-05-12,Mono,51,14174,35,31,0,31,1
2020-05-12,Monterey,53,433212,365,298,0,298,6
2020-05-12,Napa,55,140530,98,80,0,80,3
2020-05-12,Nevada,57,99092,41,41,1,42,1
2020-05-12,Orange,59,3164182,5685,3843,22,3865,78
2020-05-12,Placer,61,380077,188,170,1,171,8
2020-05-12,Plumas,63,18699,4,4,0,4,0
2020-05-12,Riverside,65,2383286,6114,5134,7,5141,210
2020-05-12,Sacramento,67,1510023,1235,1166,0,1166,52
2020-05-12,San Benito,69,59416,59,55,0,55,2
2020-05-12,San Bernardino,71,2135413,3789,2997,1,2998,131
2020-05-12,San Diego,73,3302833,6201,3,0,3,0
2020-05-12,San Francisco,75,870044,2210,1981,0,1981,35
2020-05-12,San Joaquin,77,732212,714,625,3,628,30
2020-05-12,San Luis Obispo,79,281455,281,226,1,227,1
2020-05-12,San Mateo,81,765935,1815,1533,2,1535,66
2020-05-12,Santa Barbara,83,443738,1679,1377,3,1380,10
2020-05-12,Santa Clara,85,1922200,2738,2362,3,2365,131
2020-05-12,Santa Cruz,87,273765,162,141,0,141,2
2020-05-12,Shasta,89,179085,44,33,0,33,4
2020-05-12,Sierra,91,2930,0,0,0,0,0
2020-05-12,Siskiyou,93,43540,5,5,0,5,0
2020-05-12,Solano,95,438530,445,361,0,361,4
2020-05-12,Sonoma,97,501317,387,308,0,308,4
2020-05-12,Stanislaus,99,539301,594,515,4,519,15
2020-05-12,Sutter,101,95872,38,33,0,33,2
2020-05-12,Tehama,103,63373,3,1,0,1,1
2020-05-12,Trinity,105,12862,1,1,0,1,0
2020-05-12,Tulare,107,460477,1742,1261,1,1262,52
2020-05-12,Tuolumne,109,53932,3,2,0,2,0
2020-05-12,Ventura,111,848112,1012,718,0,718,20
2020-05-12,Yolo,113,214977,189,176,0,176,22
2020-05-12,Yuba,115,75493,24,19,0,19,1
2020-05-11,Alameda,1,1643700,2526,2103,0,2103,71
2020-05-11,Alpine,3,1148,1,1,0,1,0
2020-05-11,Amador,5,37829,10,8,0,8,0
2020-05-11,Butte,7,227075,30,19,1,20,0
2020-05-11,Calaveras,9,45235,13,13,0,13,0
2020-05-11,Colusa,11,21464,3,3,0,3,0
2020-05-11,Contra Costa,13,1133247,1189,1052,0,1052,32
2020-05-11,Del Norte,15,27424,8,3,0,3,0
2020-05-11,El Dorado,17,186661,71,55,0,55,0
2020-05-11,Fresno,19,978130,1749,937,18,955,8
2020-05-11,Glenn,21,27897,10,6,0,6,0
2020-05-11,Humboldt,23,135768,77,56,0,56,0
2020-05-11,Imperial,25,180216,1185,562,1,563,9
2020-05-11,Inyo,27,18085,19,20,0,20,1
2020-05-11,Kern,29,883053,1677,1331,3,1334,17
2020-05-11,Kings,31,150075,400,289,1,290,1
2020-05-11,Lake,33,64148,12,7,0,7,0
2020-05-11,Lassen,35,31185,1,0,1,1,0
2020-05-11,Los Angeles,37,10098052,40778,32279,21,32300,1553
2020-05-11,Madera,39,155013,118,68,0,68,2
2020-05-11,Marin,41,260295,292,271,1,272,14
2020-05-11,Mariposa,43,17540,15,15,0,15,0
2020-05-11,Mendocino,45,87422,12,10,0,10,0
2020-05-11,Merced,47,269075,260,158,0,158,3
2020-05-11,Modoc,49,8938,0,0,0,0,0
2020-05-11,Mono,51,14174,35,30,0,30,1
2020-05-11,Monterey,53,433212,362,286,0,286,6
2020-05-11,Napa,55,140530,92,79,0,79,2
2020-05-11,Nevada,57,99092,41,41,1,42,1
2020-05-11,Orange,59,3164182,5479,3699,18,3717,77
2020-05-11,Placer,61,380077,188,170,1,171,8
2020-05-11,Plumas,63,18699,4,4,0,4,0
2020-05-11,Riverside,65,2383286,5957,5082,7,5089,203
2020-05-11,Sacramento,67,1510023,1220,1160,0,1160,52
2020-05-11,San Benito,69,59416,57,52,0,52,2
2020-05-11,San Bernardino,71,2135413,3679,2945,1,2946,124
2020-05-11,San Diego,73,3302833,6048,5067,0,5067,175
2020-05-11,San Francisco,75,870044,2163,1974,0,1974,35
2020-05-11,San Joaquin,77,732212,704,620,3,623,30
2020-05-11,San Luis Obispo,79,281455,279,224,1,225,1
2020-05-11,San Mateo,81,765935,1789,1499,2,1501,66
2020-05-11,Santa Barbara,83,443738,1659,1372,3,1375,10
2020-05-11,Santa Clara,85,1922200,2722,2340,3,2343,129
2020-05-11,Santa Cruz,87,273765,159,140,0,140,2
2020-05-11,Shasta,89,179085,44,31,0,31,4
2020-05-11,Sierra,91,2930,0,0,0,0,0
2020-05-11,Siskiyou,93,43540,5,5,0,5,0
2020-05-11,Solano,95,438530,440,354,0,354,4
2020-05-11,Sonoma,97,501317,377,303,0,303,3
2020-05-11,Stanislaus,99,539301,584,507,4,511,14
2020-05-11,Sutter,101,95872,37,32,0,32,2
2020-05-11,Tehama,103,63373,3,1,0,1,1
2020-05-11,Trinity,105,12862,1,1,0,1,0
2020-05-11,Tulare,107,460477,1694,1203,1,1204,49
2020-05-11,Tuolumne,109,53932,3,2,0,2,0
2020-05-11,Ventura,111,848112,968,698,0,698,19
2020-05-11,Yolo,113,214977,189,174,0,174,20
2020-05-11,Yuba,115,75493,24,18,0,18,1
2020-05-10,Alameda,1,1643700,2449,2047,0,2047,71
2020-05-10,Alpine,3,1148,1,1,0,1,0
2020-05-10,Amador,5,37829,10,8,0,8,0
2020-05-10,Butte,7,227075,26,18,1,19,0
2020-05-10,Calaveras,9,45235,13,13,0,13,0
2020-05-10,Colusa,11,21464,3,3,0,3,0
2020-05-10,Contra Costa,13,1133247,1175,1046,0,1046,31
2020-05-10,Del Norte,15,27424,7,3,0,3,0
2020-05-10,El Dorado,17,186661,71,55,0,55,0
2020-05-10,Fresno,19,978130,1671,894,18,912,8
2020-05-10,Glenn,21,27897,10,6,0,6,0
2020-05-10,Humboldt,23,135768,73,56,0,56,0
2020-05-10,Imperial,25,180216,1089,509,1,510,7
2020-05-10,Inyo,27,18085,19,20,0,20,1
2020-05-10,Kern,29,883053,1628,1300,2,1302,16
2020-05-10,Kings,31,150075,387,266,1,267,1
2020-05-10,Lake,33,64148,12,7,0,7,0
2020-05-10,Lassen,35,31185,1,0,1,1,0
2020-05-10,Los Angeles,37,10098052,39518,31711,21,31732,1514
2020-05-10,Madera,39,155013,116,65,0,65,2
2020-05-10,Marin,41,260295,284,267,1,268,14
2020-05-10,Mariposa,43,17540,15,15,0,15,0
2020-05-10,Mendocino,45,87422,11,10,0,10,0
2020-05-10,Merced,47,269075,245,154,0,154,3
2020-05-10,Modoc,49,8938,0,0,0,0,0
2020-05-10,Mono,51,14174,35,27,0,27,1
2020-05-10,Monterey,53,433212,348,282,0,282,6
2020-05-10,Napa,55,140530,86,79,0,79,2
2020-05-10,Nevada,57,99092,41,41,1,42,1
2020-05-10,Orange,59,3164182,5334,3627,18,3645,76
2020-05-10,Placer,61,380077,187,168,1,169,8
2020-05-10,Plumas,63,18699,4,4,0,4,0
2020-05-10,Riverside,65,2383286,5835,4951,7,4958,193
2020-05-10,Sacramento,67,1510023,1204,1152,0,1152,52
2020-05-10,San Benito,69,59416,57,52,0,52,2
2020-05-10,San Bernardino,71,2135413,3581,2910,1,2911,121
2020-05-10,San Diego,73,3302833,5896,4928,0,4928,175
2020-05-10,San Francisco,75,870044,2143,1953,0,1953,35
2020-05-10,San Joaquin,77,732212,689,611,3,614,29
2020-05-10,San Luis Obispo,79,281455,276,218,1,219,1
2020-05-10,San Mateo,81,765935,1767,1463,2,1465,65
2020-05-10,Santa Barbara,83,443738,1638,1323,3,1326,10
2020-05-10,Santa Clara,85,1922200,2698,2331,3,2334,129
2020-05-10,Santa Cruz,87,273765,158,139,0,139,2
2020-05-10,Shasta,89,179085,44,31,0,31,4
2020-05-10,Sierra,91,2930,0,0,0,0,0
2020-05-10,Siskiyou,93,43540,5,5,0,5,0
2020-05-10,Solano,95,438530,430,322,0,322,4
2020-05-10,Sonoma,97,501317,367,290,0,290,3
2020-05-10,Stanislaus,99,539301,577,498,4,502,14
2020-05-10,Sutter,101,95872,34,31,0,31,2
2020-05-10,Tehama,103,63373,3,1,0,1,1
2020-05-10,Trinity,105,12862,1,1,0,1,0
2020-05-10,Tulare,107,460477,1626,1143,1,1144,47
2020-05-10,Tuolumne,109,53932,3,2,0,2,0
2020-05-10,Ventura,111,848112,920,690,0,690,19
2020-05-10,Yolo,113,214977,189,173,0,173,20
2020-05-10,Yuba,115,75493,23,17,0,17,1
2020-05-09,Alameda,1,1643700,2406,2011,0,2011,71
2020-05-09,Alpine,3,1148,1,1,0,1,0
2020-05-09,Amador,5,37829,9,8,0,8,0
2020-05-09,Butte,7,227075,25,18,1,19,0
2020-05-09,Calaveras,9,45235,13,13,0,13,0
2020-05-09,Colusa,11,21464,3,3,0,3,0
2020-05-09,Contra Costa,13,1133247,1161,1039,0,1039,31
2020-05-09,Del Norte,15,27424,7,3,0,3,0
2020-05-09,El Dorado,17,186661,68,54,0,54,0
2020-05-09,Fresno,19,978130,1635,861,18,879,8
2020-05-09,Glenn,21,27897,9,6,0,6,0
2020-05-09,Humboldt,23,135768,71,55,0,55,0
2020-05-09,Imperial,25,180216,1033,474,1,475,7
2020-05-09,Inyo,27,18085,19,20,0,20,1
2020-05-09,Kern,29,883053,1592,1262,1,1263,15
2020-05-09,Kings,31,150075,382,264,1,265,1
2020-05-09,Lake,33,64148,12,7,0,7,0
2020-05-09,Lassen,35,31185,1,0,1,1,0
2020-05-09,Los Angeles,37,10098052,38894,31268,21,31289,1499
2020-05-09,Madera,39,155013,115,61,0,61,2
2020-05-09,Marin,41,260295,283,261,1,262,14
2020-05-09,Mariposa,43,17540,15,15,0,15,0
2020-05-09,Mendocino,45,87422,11,10,0,10,0
2020-05-09,Merced,47,269075,241,153,0,153,3
2020-05-09,Modoc,49,8938,0,0,0,0,0
2020-05-09,Mono,51,14174,35,27,0,27,1
2020-05-09,Monterey,53,433212,341,273,0,273,6
2020-05-09,Napa,55,140530,85,78,0,78,2
2020-05-09,Nevada,57,99092,41,41,1,42,1
2020-05-09,Orange,59,3164182,5253,3506,17,3523,75
2020-05-09,Placer,61,380077,186,168,1,169,8
2020-05-09,Plumas,63,18699,4,4,0,4,0
2020-05-09,Riverside,65,2383286,5741,4871,7,4878,183
2020-05-09,Sacramento,67,1510023,1200,1150,0,1150,52
2020-05-09,San Benito,69,59416,56,52,0,52,2
2020-05-09,San Bernardino,71,2135413,3525,2825,1,2826,121
2020-05-09,San Diego,73,3302833,5784,4778,0,4778,175
2020-05-09,San Francisco,75,870044,2128,1944,0,1944,34
2020-05-09,San Joaquin,77,732212,680,605,3,608,28
2020-05-09,San Luis Obispo,79,281455,272,213,1,214,1
2020-05-09,San Mateo,81,765935,1748,1453,2,1455,65
2020-05-09,Santa Barbara,83,443738,1625,1245,3,1248,10
2020-05-09,Santa Clara,85,1922200,2687,2317,3,2320,128
2020-05-09,Santa Cruz,87,273765,157,138,0,138,2
2020-05-09,Shasta,89,179085,44,31,0,31,4
2020-05-09,Sierra,91,2930,0,0,0,0,0
2020-05-09,Siskiyou,93,43540,5,5,0,5,0
2020-05-09,Solano,95,438530,424,321,0,321,4
2020-05-09,Sonoma,97,501317,363,288,0,288,3
2020-05-09,Stanislaus,99,539301,569,491,4,495,12
2020-05-09,Sutter,101,95872,34,31,0,31,2
2020-05-09,Tehama,103,63373,2,1,0,1,1
2020-05-09,Trinity,105,12862,1,1,0,1,0
2020-05-09,Tulare,107,460477,1598,1083,1,1084,47
2020-05-09,Tuolumne,109,53932,3,2,0,2,0
2020-05-09,Ventura,111,848112,899,679,0,679,19
2020-05-09,Yolo,113,214977,189,172,0,172,18
2020-05-09,Yuba,115,75493,23,17,0,17,1
2020-05-08,Alameda,1,1643700,2363,1955,0,1955,70
2020-05-08,Alpine,3,1148,1,1,0,1,0
2020-05-08,Amador,5,37829,9,8,0,8,0
2020-05-08,Butte,7,227075,25,18,1,19,0
2020-05-08,Calaveras,9,45235,13,13,0,13,0
2020-05-08,Colusa,11,21464,3,3,0,3,0
2020-05-08,Contra Costa,13,1133247,1149,1024,0,1024,29
2020-05-08,Del Norte,15,27424,7,3,0,3,0
2020-05-08,El Dorado,17,186661,67,54,0,54,0
2020-05-08,Fresno,19,978130,1603,838,18,856,8
2020-05-08,Glenn,21,27897,8,6,0,6,0
2020-05-08,Humboldt,23,135768,68,54,0,54,0
2020-05-08,Imperial,25,180216,987,467,1,468,7
2020-05-08,Inyo,27,18085,19,20,0,20,1
2020-05-08,Kern,29,883053,1561,1214,1,1215,13
2020-05-08,Kings,31,150075,373,236,1,237,1
2020-05-08,Lake,33,64148,12,7,0,7,0
2020-05-08,Lassen,35,31185,1,0,1,1,0
2020-05-08,Los Angeles,37,10098052,38165,30357,21,30378,1447
2020-05-08,Madera,39,155013,112,57,0,57,2
2020-05-08,Marin,41,260295,283,257,1,258,14
2020-05-08,Mariposa,43,17540,15,15,0,15,0
2020-05-08,Mendocino,45,87422,11,10,0,10,0
2020-05-08,Merced,47,269075,240,151,0,151,3
2020-05-08,Modoc,49,8938,0,0,0,0,0
2020-05-08,Mono,51,14174,32,27,0,27,1
2020-05-08,Monterey,53,433212,333,265,0,265,6
2020-05-08,Napa,55,140530,84,78,0,78,2
2020-05-08,Nevada,57,99092,41,41,1,42,1
2020-05-08,Orange,59,3164182,5111,3395,17,3412,72
2020-05-08,Placer,61,380077,184,166,1,167,8
2020-05-08,Plumas,63,18699,4,4,0,4,0
2020-05-08,Riverside,65,2383286,5642,4672,7,4679,181
2020-05-08,Sacramento,67,1510023,1195,1145,0,1145,51
2020-05-08,San Benito,69,59416,56,51,0,51,2
2020-05-08,San Bernardino,71,2135413,3477,2631,1,2632,119
2020-05-08,San Diego,73,3302833,5677,4664,0,4664,169
2020-05-08,San Francisco,75,870044,2110,1890,0,1890,33
2020-05-08,San Joaquin,77,732212,673,595,3,598,28
2020-05-08,San Luis Obispo,79,281455,269,210,1,211,1
2020-05-08,San Mateo,81,765935,1663,1423,2,1425,62
2020-05-08,Santa Barbara,83,443738,1612,1054,2,1056,8
2020-05-08,Santa Clara,85,1922200,2665,2285,3,2288,128
2020-05-08,Santa Cruz,87,273765,153,137,0,137,2
2020-05-08,Shasta,89,179085,44,31,0,31,4
2020-05-08,Sierra,91,2930,0,0,0,0,0
2020-05-08,Siskiyou,93,43540,5,5,0,5,0
2020-05-08,Solano,95,438530,419,314,0,314,4
2020-05-08,Sonoma,97,501317,358,285,0,285,3
2020-05-08,Stanislaus,99,539301,555,487,4,491,12
2020-05-08,Sutter,101,95872,34,30,0,30,2
2020-05-08,Tehama,103,63373,2,1,0,1,1
2020-05-08,Trinity,105,12862,1,0,0,0,0
2020-05-08,Tulare,107,460477,1553,1050,1,1051,43
2020-05-08,Tuolumne,109,53932,3,2,0,2,0
2020-05-08,Ventura,111,848112,882,665,0,665,19
2020-05-08,Yolo,113,214977,188,172,0,172,18
2020-05-08,Yuba,115,75493,22,16,0,16,1
2020-05-07,Alameda,1,1643700,2303,1914,0,1914,68
2020-05-07,Alpine,3,1148,1,1,0,1,0
2020-05-07,Amador,5,37829,9,8,0,8,0
2020-05-07,Butte,7,227075,25,19,1,20,0
2020-05-07,Calaveras,9,45235,13,13,0,13,0
2020-05-07,Colusa,11,21464,3,3,0,3,0
2020-05-07,Contra Costa,13,1133247,1135,1005,0,1005,29
2020-05-07,Del Norte,15,27424,6,3,0,3,0
2020-05-07,El Dorado,17,186661,66,54,0,54,0
2020-05-07,Fresno,19,978130,1524,812,17,829,8
2020-05-07,Glenn,21,27897,8,5,0,5,0
2020-05-07,Humboldt,23,135768,67,54,0,54,0
2020-05-07,Imperial,25,180216,924,442,1,443,6
2020-05-07,Inyo,27,18085,19,20,0,20,1
2020-05-07,Kern,29,883053,1519,1176,1,1177,13
2020-05-07,Kings,31,150075,351,219,1,220,1
2020-05-07,Lake,33,64148,11,7,0,7,0
2020-05-07,Lassen,35,31185,1,0,1,1,0
2020-05-07,Los Angeles,37,10098052,37043,29544,21,29565,1399
2020-05-07,Madera,39,155013,108,54,0,54,2
2020-05-07,Marin,41,260295,276,252,1,253,14
2020-05-07,Mariposa,43,17540,15,15,0,15,0
2020-05-07,Mendocino,45,87422,11,10,0,10,0
2020-05-07,Merced,47,269075,232,146,0,146,3
2020-05-07,Modoc,49,8938,0,0,0,0,0
2020-05-07,Mono,51,14174,32,26,0,26,1
2020-05-07,Monterey,53,433212,325,249,0,249,6
2020-05-07,Napa,55,140530,84,78,0,78,2
2020-05-07,Nevada,57,99092,41,41,1,42,1
2020-05-07,Orange,59,3164182,4928,3283,16,3299,69
2020-05-07,Placer,61,380077,184,165,1,166,8
2020-05-07,Plumas,63,18699,4,4,0,4,0
2020-05-07,Riverside,65,2383286,5526,4608,7,4615,170
2020-05-07,Sacramento,67,1510023,1189,1139,0,1139,50
2020-05-07,San Benito,69,59416,56,50,0,50,2
2020-05-07,San Bernardino,71,2135413,3385,2522,1,2523,115
2020-05-07,San Diego,73,3302833,5520,4431,0,4431,165
2020-05-07,San Francisco,75,870044,2078,1852,0,1852,33
2020-05-07,San Joaquin,77,732212,660,583,3,586,28
2020-05-07,San Luis Obispo,79,281455,258,209,1,210,1
2020-05-07,San Mateo,81,765935,1641,1398,2,1400,58
2020-05-07,Santa Barbara,83,443738,1582,720,2,722,8
2020-05-07,Santa Clara,85,1922200,2628,2281,3,2284,127
2020-05-07,Santa Cruz,87,273765,150,136,0,136,2
2020-05-07,Shasta,89,179085,43,31,0,31,4
2020-05-07,Sierra,91,2930,0,0,0,0,0
2020-05-07,Siskiyou,93,43540,5,5,0,5,0
2020-05-07,Solano,95,438530,413,307,0,307,4
2020-05-07,Sonoma,97,501317,346,282,0,282,3
2020-05-07,Stanislaus,99,539301,546,466,4,470,10
2020-05-07,Sutter,101,95872,34,29,0,29,2
2020-05-07,Tehama,103,63373,2,1,0,1,1
2020-05-07,Trinity,105,12862,1,0,0,0,0
2020-05-07,Tulare,107,460477,1489,1001,1,1002,41
2020-05-07,Tuolumne,109,53932,3,2,0,2,0
2020-05-07,Ventura,111,848112,860,647,0,647,19
2020-05-07,Yolo,113,214977,187,172,0,172,18
2020-05-07,Yuba,115,75493,22,16,0,16,1
2020-05-06,Alameda,1,1643700,2266,1864,0,1864,67
2020-05-06,Alpine,3,1148,1,1,0,1,0
2020-05-06,Amador,5,37829,9,8,0,8,0
2020-05-06,Butte,7,227075,24,19,1,20,0
2020-05-06,Calaveras,9,45235,13,13,0,13,0
2020-05-06,Colusa,11,21464,3,3,0,3,0
2020-05-06,Contra Costa,13,1133247,1114,990,0,990,29
2020-05-06,Del Norte,15,27424,6,3,0,3,0
2020-05-06,El Dorado,17,186661,64,53,0,53,0
2020-05-06,Fresno,19,978130,1463,773,15,788,8
2020-05-06,Glenn,21,27897,8,3,0,3,0
2020-05-06,Humboldt,23,135768,66,54,0,54,0
2020-05-06,Imperial,25,180216,856,399,1,400,6
2020-05-06,Inyo,27,18085,19,20,0,20,1
2020-05-06,Kern,29,883053,1464,1112,1,1113,12
2020-05-06,Kings,31,150075,333,208,1,209,1
2020-05-06,Lake,33,64148,11,7,0,7,0
2020-05-06,Lassen,35,31185,1,0,1,1,0
2020-05-06,Los Angeles,37,10098052,36040,28687,21,28708,1347
2020-05-06,Madera,39,155013,106,55,0,55,2
2020-05-06,Marin,41,260295,269,244,1,245,14
2020-05-06,Mariposa,43,17540,15,14,0,14,0
2020-05-06,Mendocino,45,87422,11,10,0,10,0
2020-05-06,Merced,47,269075,225,140,0,140,3
2020-05-06,Modoc,49,8938,0,0,0,0,0
2020-05-06,Mono,51,14174,32,26,0,26,1
2020-05-06,Monterey,53,433212,317,246,0,246,6
2020-05-06,Napa,55,140530,83,78,0,78,2
2020-05-06,Nevada,57,99092,41,41,1,42,1
2020-05-06,Orange,59,3164182,4743,3156,15,3171,66
2020-05-06,Placer,61,380077,181,164,1,165,8
2020-05-06,Plumas,63,18699,4,4,0,4,0
2020-05-06,Riverside,65,2383286,5381,4535,7,4542,163
2020-05-06,Sacramento,67,1510023,1182,1135,0,1135,49
2020-05-06,San Benito,69,59416,55,50,0,50,2
2020-05-06,San Bernardino,71,2135413,3263,2426,0,2426,110
2020-05-06,San Diego,73,3302833,5387,4321,0,4321,158
2020-05-06,San Francisco,75,870044,2052,1804,0,1804,32
2020-05-06,San Joaquin,77,732212,647,581,3,584,28
2020-05-06,San Luis Obispo,79,281455,255,207,1,208,1
2020-05-06,San Mateo,81,765935,1610,1348,2,1350,57
2020-05-06,Santa Barbara,83,443738,1536,565,2,567,8
2020-05-06,Santa Clara,85,1922200,2613,2270,3,2273,127
2020-05-06,Santa Cruz,87,273765,146,135,0,135,2
2020-05-06,Shasta,89,179085,43,31,0,31,4
2020-05-06,Sierra,91,2930,0,0,0,0,0
2020-05-06,Siskiyou,93,43540,5,5,0,5,0
2020-05-06,Solano,95,438530,403,300,0,300,4
2020-05-06,Sonoma,97,501317,330,269,0,269,3
2020-05-06,Stanislaus,99,539301,530,434,4,438,9
2020-05-06,Sutter,101,95872,34,29,0,29,2
2020-05-06,Tehama,103,63373,2,1,0,1,1
2020-05-06,Trinity,105,12862,1,0,0,0,0
2020-05-06,Tulare,107,460477,1441,963,1,964,40
2020-05-06,Tuolumne,109,53932,3,2,0,2,0
2020-05-06,Ventura,111,848112,835,619,0,619,19
2020-05-06,Yolo,113,214977,186,172,0,172,18
2020-05-06,Yuba,115,75493,22,15,0,15,1
2020-05-05,Alameda,1,1643700,2223,1819,0,1819,67
2020-05-05,Alpine,3,1148,1,1,0,1,0
2020-05-05,Amador,5,37829,9,8,0,8,0
2020-05-05,Butte,7,227075,23,19,1,20,0
2020-05-05,Calaveras,9,45235,13,13,0,13,0
2020-05-05,Colusa,11,21464,3,3,0,3,0
2020-05-05,Contra Costa,13,1133247,1096,976,0,976,29
2020-05-05,Del Norte,15,27424,6,3,0,3,0
2020-05-05,El Dorado,17,186661,62,54,0,54,0
2020-05-05,Fresno,19,978130,1394,726,13,739,8
2020-05-05,Glenn,21,27897,8,3,0,3,0
2020-05-05,Humboldt,23,135768,63,54,0,54,0
2020-05-05,Imperial,25,180216,801,389,1,390,6
2020-05-05,Inyo,27,18085,19,20,0,20,1
2020-05-05,Kern,29,883053,1413,1084,1,1085,11
2020-05-05,Kings,31,150075,317,187,1,188,1
2020-05-05,Lake,33,64148,10,7,0,7,0
2020-05-05,Lassen,35,31185,1,0,1,1,0
2020-05-05,Los Angeles,37,10098052,34972,27867,21,27888,1289
2020-05-05,Madera,39,155013,103,53,0,53,2
2020-05-05,Marin,41,260295,263,244,1,245,14
2020-05-05,Mariposa,43,17540,15,14,0,14,0
2020-05-05,Mendocino,45,87422,11,10,0,10,0
2020-05-05,Merced,47,269075,220,141,0,141,3
2020-05-05,Modoc,49,8938,0,0,0,0,0
2020-05-05,Mono,51,14174,32,25,0,25,1
2020-05-05,Monterey,53,433212,303,240,0,240,6
2020-05-05,Napa,55,140530,83,74,0,74,2
2020-05-05,Nevada,57,99092,41,41,1,42,1
2020-05-05,Orange,59,3164182,4620,3041,15,3056,63
2020-05-05,Placer,61,380077,181,162,1,163,8
2020-05-05,Plumas,63,18699,4,4,0,4,0
2020-05-05,Riverside,65,2383286,5271,4309,7,4316,161
2020-05-05,Sacramento,67,1510023,1175,1125,0,1125,48
2020-05-05,San Benito,69,59416,54,50,0,50,2
2020-05-05,San Bernardino,71,2135413,3170,2345,0,2345,104
2020-05-05,San Diego,73,3302833,5244,4162,0,4162,150
2020-05-05,San Francisco,75,870044,2017,1779,0,1779,31
2020-05-05,San Joaquin,77,732212,638,577,3,580,26
2020-05-05,San Luis Obispo,79,281455,254,203,1,204,1
2020-05-05,San Mateo,81,765935,1578,1335,2,1337,56
2020-05-05,Santa Barbara,83,443738,1311,541,2,543,7
2020-05-05,Santa Clara,85,1922200,2571,2249,3,2252,124
2020-05-05,Santa Cruz,87,273765,143,134,0,134,2
2020-05-05,Shasta,89,179085,42,31,0,31,4
2020-05-05,Sierra,91,2930,0,0,0,0,0
2020-05-05,Siskiyou,93,43540,5,5,0,5,0
2020-05-05,Solano,95,438530,387,299,0,299,4
2020-05-05,Sonoma,97,501317,327,263,0,263,3
2020-05-05,Stanislaus,99,539301,518,430,4,434,9
2020-05-05,Sutter,101,95872,34,29,0,29,2
2020-05-05,Tehama,103,63373,2,1,0,1,1
2020-05-05,Trinity,105,12862,1,0,0,0,0
2020-05-05,Tulare,107,460477,1352,869,1,870,40
2020-05-05,Tuolumne,109,53932,3,2,0,2,0
2020-05-05,Ventura,111,848112,812,607,0,607,19
2020-05-05,Yolo,113,214977,184,171,0,171,18
2020-05-05,Yuba,115,75493,22,15,0,15,1
2020-05-04,Alameda,1,1643700,2164,1762,0,1762,65
2020-05-04,Alpine,3,1148,1,1,0,1,0
2020-05-04,Amador,5,37829,8,8,0,8,0
2020-05-04,Butte,7,227075,23,16,1,17,0
2020-05-04,Calaveras,9,45235,13,13,0,13,0
2020-05-04,Colusa,11,21464,3,3,0,3,0
2020-05-04,Contra Costa,13,1133247,1078,949,0,949,28
2020-05-04,Del Norte,15,27424,5,3,0,3,0
2020-05-04,El Dorado,17,186661,61,51,0,51,0
2020-05-04,Fresno,19,978130,1328,680,12,692,8
2020-05-04,Glenn,21,27897,8,4,0,4,0
2020-05-04,Humboldt,23,135768,61,54,0,54,0
2020-05-04,Imperial,25,180216,748,351,1,352,6
2020-05-04,Inyo,27,18085,19,20,0,20,1
2020-05-04,Kern,29,883053,1373,1047,1,1048,8
2020-05-04,Kings,31,150075,300,153,1,154,1
2020-05-04,Lake,33,64148,9,7,0,7,0
2020-05-04,Lassen,35,31185,1,0,1,1,0
2020-05-04,Los Angeles,37,10098052,33672,26243,20,26263,1235
2020-05-04,Madera,39,155013,102,52,0,52,2
2020-05-04,Marin,41,260295,258,244,1,245,13
2020-05-04,Mariposa,43,17540,15,13,0,13,0
2020-05-04,Mendocino,45,87422,11,10,0,10,0
2020-05-04,Merced,47,269075,220,138,0,138,3
2020-05-04,Modoc,49,8938,0,0,0,0,0
2020-05-04,Mono,51,14174,32,25,0,25,1
2020-05-04,Monterey,53,433212,292,237,0,237,6
2020-05-04,Napa,55,140530,83,72,0,72,2
2020-05-04,Nevada,57,99092,41,41,1,42,1
2020-05-04,Orange,59,3164182,4484,2931,14,2945,57
2020-05-04,Placer,61,380077,179,162,1,163,8
2020-05-04,Plumas,63,18699,4,4,0,4,0
2020-05-04,Riverside,65,2383286,5178,4221,7,4228,147
2020-05-04,Sacramento,67,1510023,1165,1119,0,1119,44
2020-05-04,San Benito,69,59416,52,49,0,49,2
2020-05-04,San Bernardino,71,2135413,3028,2184,0,2184,99
2020-05-04,San Diego,73,3302833,5103,4022,0,4022,144
2020-05-04,San Francisco,75,870044,1979,1760,0,1760,31
2020-05-04,San Joaquin,77,732212,624,574,3,577,26
2020-05-04,San Luis Obispo,79,281455,251,202,1,203,1
2020-05-04,San Mateo,81,765935,1553,1313,2,1315,53
2020-05-04,Santa Barbara,83,443738,1055,524,2,526,7
2020-05-04,Santa Clara,85,1922200,2557,2238,3,2241,119
2020-05-04,Santa Cruz,87,273765,142,133,0,133,2
2020-05-04,Shasta,89,179085,40,31,0,31,4
2020-05-04,Sierra,91,2930,0,0,0,0,0
2020-05-04,Siskiyou,93,43540,5,5,0,5,0
2020-05-04,Solano,95,438530,373,293,0,293,4
2020-05-04,Sonoma,97,501317,313,256,0,256,4
2020-05-04,Stanislaus,99,539301,512,422,4,426,8
2020-05-04,Sutter,101,95872,31,28,0,28,2
2020-05-04,Tehama,103,63373,2,1,0,1,1
2020-05-04,Trinity,105,12862,0,0,0,0,0
2020-05-04,Tulare,107,460477,1274,760,1,761,40
2020-05-04,Tuolumne,109,53932,3,3,0,3,0
2020-05-04,Ventura,111,848112,792,590,0,590,19
2020-05-04,Yolo,113,214977,183,171,0,171,18
2020-05-04,Yuba,115,75493,19,16,0,16,1
2020-05-03,Alameda,1,1643700,2108,1731,0,1731,64
2020-05-03,Alpine,3,1148,1,1,0,1,0
2020-05-03,Amador,5,37829,8,8,0,8,0
2020-05-03,Butte,7,227075,23,17,1,18,0
2020-05-03,Calaveras,9,45235,13,13,0,13,0
2020-05-03,Colusa,11,21464,3,3,0,3,0
2020-05-03,Contra Costa,13,1133247,1062,945,0,945,28
2020-05-03,Del Norte,15,27424,5,3,0,3,0
2020-05-03,El Dorado,17,186661,59,49,0,49,0
2020-05-03,Fresno,19,978130,1237,646,11,657,8
2020-05-03,Glenn,21,27897,7,5,0,5,0
2020-05-03,Humboldt,23,135768,60,54,0,54,0
2020-05-03,Imperial,25,180216,691,351,1,352,6
2020-05-03,Inyo,27,18085,19,20,0,20,1
2020-05-03,Kern,29,883053,1320,1025,1,1026,8
2020-05-03,Kings,31,150075,280,137,1,138,1
2020-05-03,Lake,33,64148,9,7,0,7,0
2020-05-03,Lassen,35,31185,1,0,1,1,0
2020-05-03,Los Angeles,37,10098052,32689,25708,20,25728,1210
2020-05-03,Madera,39,155013,95,46,0,46,2
2020-05-03,Marin,41,260295,253,243,1,244,13
2020-05-03,Mariposa,43,17540,15,13,0,13,0
2020-05-03,Mendocino,45,87422,11,10,0,10,0
2020-05-03,Merced,47,269075,212,134,0,134,3
2020-05-03,Modoc,49,8938,0,0,0,0,0
2020-05-03,Mono,51,14174,32,25,0,25,1
2020-05-03,Monterey,53,433212,283,235,0,235,6
2020-05-03,Napa,55,140530,83,72,0,72,2
2020-05-03,Nevada,57,99092,41,41,1,42,1
2020-05-03,Orange,59,3164182,4313,2859,13,2872,55
2020-05-03,Placer,61,380077,179,161,1,162,8
2020-05-03,Plumas,63,18699,4,4,0,4,0
2020-05-03,Riverside,65,2383286,5073,4034,7,4041,139
2020-05-03,Sacramento,67,1510023,1156,1109,0,1109,43
2020-05-03,San Benito,69,59416,52,49,0,49,2
2020-05-03,San Bernardino,71,2135413,2967,2123,0,2123,99
2020-05-03,San Diego,73,3302833,4966,3929,0,3929,142
2020-05-03,San Francisco,75,870044,1951,1692,0,1692,30
2020-05-03,San Joaquin,77,732212,617,570,3,573,26
2020-05-03,San Luis Obispo,79,281455,248,200,1,201,1
2020-05-03,San Mateo,81,765935,1525,1277,2,1279,53
2020-05-03,Santa Barbara,83,443738,687,512,2,514,7
2020-05-03,Santa Clara,85,1922200,2530,2235,3,2238,116
2020-05-03,Santa Cruz,87,273765,142,133,0,133,2
2020-05-03,Shasta,89,179085,38,31,0,31,4
2020-05-03,Sierra,91,2930,0,0,0,0,0
2020-05-03,Siskiyou,93,43540,5,5,0,5,0
2020-05-03,Solano,95,438530,363,266,0,266,4
2020-05-03,Sonoma,97,501317,304,254,0,254,4
2020-05-03,Stanislaus,99,539301,484,411,4,415,8
2020-05-03,Sutter,101,95872,30,28,0,28,2
2020-05-03,Tehama,103,63373,2,1,0,1,1
2020-05-03,Trinity,105,12862,0,0,0,0,0
2020-05-03,Tulare,107,460477,1196,736,1,737,40
2020-05-03,Tuolumne,109,53932,3,3,0,3,0
2020-05-03,Ventura,111,848112,761,583,0,583,19
2020-05-03,Yolo,113,214977,182,171,0,171,18
2020-05-03,Yuba,115,75493,19,16,0,16,1
2020-05-02,Alameda,1,1643700,2071,1678,0,1678,63
2020-05-02,Alpine,3,1148,1,1,0,1,0
2020-05-02,Amador,5,37829,8,8,0,8,0
2020-05-02,Butte,7,227075,23,17,1,18,0
2020-05-02,Calaveras,9,45235,13,13,0,13,0
2020-05-02,Colusa,11,21464,3,3,0,3,0
2020-05-02,Contra Costa,13,1133247,1045,929,0,929,28
2020-05-02,Del Norte,15,27424,5,3,0,3,0
2020-05-02,El Dorado,17,186661,59,47,0,47,0
2020-05-02,Fresno,19,978130,1216,629,10,639,8
2020-05-02,Glenn,21,27897,7,5,0,5,0
2020-05-02,Humboldt,23,135768,60,54,0,54,0
2020-05-02,Imperial,25,180216,664,345,1,346,6
2020-05-02,Inyo,27,18085,19,20,0,20,1
2020-05-02,Kern,29,883053,1294,1007,1,1008,8
2020-05-02,Kings,31,150075,277,120,1,121,1
2020-05-02,Lake,33,64148,9,7,0,7,0
2020-05-02,Lassen,35,31185,1,0,1,1,0
2020-05-02,Los Angeles,37,10098052,32161,24955,20,24975,1192
2020-05-02,Madera,39,155013,95,46,0,46,2
2020-05-02,Marin,41,260295,252,243,1,244,13
2020-05-02,Mariposa,43,17540,15,13,0,13,0
2020-05-02,Mendocino,45,87422,11,10,0,10,0
2020-05-02,Merced,47,269075,209,131,0,131,3
2020-05-02,Modoc,49,8938,0,0,0,0,0
2020-05-02,Mono,51,14174,32,25,0,25,1
2020-05-02,Monterey,53,433212,277,225,0,225,5
2020-05-02,Napa,55,140530,83,71,0,71,2
2020-05-02,Nevada,57,99092,41,41,1,42,1
2020-05-02,Orange,59,3164182,4199,2774,13,2787,52
2020-05-02,Placer,61,380077,177,150,1,151,8
2020-05-02,Plumas,63,18699,4,4,0,4,0
2020-05-02,Riverside,65,2383286,5007,3997,7,4004,137
2020-05-02,Sacramento,67,1510023,1153,1097,0,1097,43
2020-05-02,San Benito,69,59416,52,49,0,49,2
2020-05-02,San Bernardino,71,2135413,2928,2124,0,2124,99
2020-05-02,San Diego,73,3302833,4864,3844,0,3844,138
2020-05-02,San Francisco,75,870044,1928,1632,0,1632,29
2020-05-02,San Joaquin,77,732212,609,559,3,562,25
2020-05-02,San Luis Obispo,79,281455,242,193,1,194,1
2020-05-02,San Mateo,81,765935,1509,1272,2,1274,52
2020-05-02,Santa Barbara,83,443738,675,506,2,508,7
2020-05-02,Santa Clara,85,1922200,2520,2203,3,2206,115
2020-05-02,Santa Cruz,87,273765,141,131,0,131,2
2020-05-02,Shasta,89,179085,38,31,0,31,4
2020-05-02,Sierra,91,2930,0,0,0,0,0
2020-05-02,Siskiyou,93,43540,5,5,0,5,0
2020-05-02,Solano,95,438530,356,267,0,267,4
2020-05-02,Sonoma,97,501317,301,250,0,250,3
2020-05-02,Stanislaus,99,539301,476,388,4,392,8
2020-05-02,Sutter,101,95872,30,28,0,28,2
2020-05-02,Tehama,103,63373,2,1,0,1,1
2020-05-02,Trinity,105,12862,0,0,0,0,0
2020-05-02,Tulare,107,460477,1156,711,1,712,35
2020-05-02,Tuolumne,109,53932,3,3,0,3,0
2020-05-02,Ventura,111,848112,747,564,0,564,19
2020-05-02,Yolo,113,214977,182,169,0,169,17
2020-05-02,Yuba,115,75493,19,16,0,16,1
2020-05-01,Alameda,1,1643700,2035,1630,0,1630,63
2020-05-01,Alpine,3,1148,1,1,0,1,0
2020-05-01,Amador,5,37829,8,8,0,8,0
2020-05-01,Butte,7,227075,23,17,1,18,0
2020-05-01,Calaveras,9,45235,13,13,0,13,0
2020-05-01,Colusa,11,21464,3,3,0,3,0
2020-05-01,Contra Costa,13,1133247,1031,915,0,915,28
2020-05-01,Del Norte,15,27424,5,3,0,3,0
2020-05-01,El Dorado,17,186661,59,47,0,47,0
2020-05-01,Fresno,19,978130,1186,617,10,627,7
2020-05-01,Glenn,21,27897,7,4,0,4,0
2020-05-01,Humboldt,23,135768,60,54,0,54,0
2020-05-01,Imperial,25,180216,627,337,1,338,6
2020-05-01,Inyo,27,18085,19,20,0,20,1
2020-05-01,Kern,29,883053,1267,972,1,973,8
2020-05-01,Kings,31,150075,260,112,1,113,1
2020-05-01,Lake,33,64148,9,6,0,6,0
2020-05-01,Lassen,35,31185,1,0,1,1,0
2020-05-01,Los Angeles,37,10098052,31406,24306,20,24326,1155
2020-05-01,Madera,39,155013,91,46,0,46,2
2020-05-01,Marin,41,260295,252,242,1,243,13
2020-05-01,Mariposa,43,17540,15,10,0,10,0
2020-05-01,Mendocino,45,87422,11,11,0,11,0
2020-05-01,Merced,47,269075,206,131,0,131,3
2020-05-01,Modoc,49,8938,0,0,0,0,0
2020-05-01,Mono,51,14174,32,25,0,25,1
2020-05-01,Monterey,53,433212,273,222,0,222,5
2020-05-01,Napa,55,140530,83,69,0,69,2
2020-05-01,Nevada,57,99092,41,41,1,42,1
2020-05-01,Orange,59,3164182,4121,2660,12,2672,51
2020-05-01,Placer,61,380077,176,149,1,150,8
2020-05-01,Plumas,63,18699,4,4,0,4,0
2020-05-01,Riverside,65,2383286,4944,3893,7,3900,132
2020-05-01,Sacramento,67,1510023,1148,1081,0,1081,43
2020-05-01,San Benito,69,59416,52,49,0,49,2
2020-05-01,San Bernardino,71,2135413,2873,2084,0,2084,98
2020-05-01,San Diego,73,3302833,4774,3713,0,3713,134
2020-05-01,San Francisco,75,870044,1884,1552,0,1552,29
2020-05-01,San Joaquin,77,732212,605,554,3,557,25
2020-05-01,San Luis Obispo,79,281455,239,186,1,187,1
2020-05-01,San Mateo,81,765935,1487,1222,2,1224,52
2020-05-01,Santa Barbara,83,443738,667,499,2,501,7
2020-05-01,Santa Clara,85,1922200,2510,2176,3,2179,112
2020-05-01,Santa Cruz,87,273765,141,127,0,127,2
2020-05-01,Shasta,89,179085,38,31,0,31,4
2020-05-01,Sierra,91,2930,0,0,0,0,0
2020-05-01,Siskiyou,93,43540,5,5,0,5,0
2020-05-01,Solano,95,438530,348,266,0,266,4
2020-05-01,Sonoma,97,501317,298,242,0,242,3
2020-05-01,Stanislaus,99,539301,471,384,4,388,8
2020-05-01,Sutter,101,95872,30,28,0,28,2
2020-05-01,Tehama,103,63373,2,1,0,1,1
2020-05-01,Trinity,105,12862,0,0,0,0,0
2020-05-01,Tulare,107,460477,1112,685,1,686,32
2020-05-01,Tuolumne,109,53932,3,3,0,3,0
2020-05-01,Ventura,111,848112,734,556,0,556,18
2020-05-01,Yolo,113,214977,182,165,0,165,18
2020-05-01,Yuba,115,75493,19,16,0,16,1
2020-04-30,Alameda,1,1643700,1975,1599,0,1599,60
2020-04-30,Alpine,3,1148,1,1,0,1,0
2020-04-30,Amador,5,37829,8,8,0,8,0
2020-04-30,Butte,7,227075,23,16,1,17,0
2020-04-30,Calaveras,9,45235,13,13,0,13,0
2020-04-30,Colusa,11,21464,3,3,0,3,0
2020-04-30,Contra Costa,13,1133247,1009,900,0,900,25
2020-04-30,Del Norte,15,27424,4,3,0,3,0
2020-04-30,El Dorado,17,186661,59,44,0,44,0
2020-04-30,Fresno,19,978130,1124,562,7,569,7
2020-04-30,Glenn,21,27897,7,4,0,4,0
2020-04-30,Humboldt,23,135768,60,54,0,54,0
2020-04-30,Imperial,25,180216,580,322,1,323,6
2020-04-30,Inyo,27,18085,19,20,0,20,1
2020-04-30,Kern,29,883053,1236,941,1,942,8
2020-04-30,Kings,31,150075,248,87,1,88,1
2020-04-30,Lake,33,64148,9,6,0,6,0
2020-04-30,Lassen,35,31185,1,0,1,1,0
2020-04-30,Los Angeles,37,10098052,30399,23284,20,23304,1099
2020-04-30,Madera,39,155013,80,46,0,46,2
2020-04-30,Marin,41,260295,252,240,1,241,13
2020-04-30,Mariposa,43,17540,15,3,0,3,0
2020-04-30,Mendocino,45,87422,11,11,0,11,0
2020-04-30,Merced,47,269075,199,122,0,122,3
2020-04-30,Modoc,49,8938,0,0,0,0,0
2020-04-30,Mono,51,14174,31,25,0,25,1
2020-04-30,Monterey,53,433212,263,213,0,213,5
2020-04-30,Napa,55,140530,81,69,0,69,2
2020-04-30,Nevada,57,99092,41,41,1,42,1
2020-04-30,Orange,59,3164182,3907,2591,11,2602,46
2020-04-30,Placer,61,380077,175,148,1,149,8
2020-04-30,Plumas,63,18699,4,4,0,4,0
2020-04-30,Riverside,65,2383286,4844,3820,6,3826,124
2020-04-30,Sacramento,67,1510023,1142,1071,0,1071,43
2020-04-30,San Benito,69,59416,52,48,0,48,2
2020-04-30,San Bernardino,71,2135413,2672,2020,0,2020,96
2020-04-30,San Diego,73,3302833,4603,3566,0,3566,124
2020-04-30,San Francisco,75,870044,1850,1518,0,1518,26
2020-04-30,San Joaquin,77,732212,598,548,3,551,25
2020-04-30,San Luis Obispo,79,281455,236,182,1,183,1
2020-04-30,San Mateo,81,765935,1457,1194,2,1196,52
2020-04-30,Santa Barbara,83,443738,650,490,2,492,7
2020-04-30,Santa Clara,85,1922200,2475,2172,3,2175,111
2020-04-30,Santa Cruz,87,273765,140,126,0,126,2
2020-04-30,Shasta,89,179085,37,31,0,31,4
2020-04-30,Sierra,91,2930,0,0,0,0,0
2020-04-30,Siskiyou,93,43540,5,5,0,5,0
2020-04-30,Solano,95,438530,338,262,0,262,4
2020-04-30,Sonoma,97,501317,289,233,0,233,3
2020-04-30,Stanislaus,99,539301,464,378,4,382,7
2020-04-30,Sutter,101,95872,30,28,0,28,2
2020-04-30,Tehama,103,63373,1,1,0,1,1
2020-04-30,Trinity,105,12862,0,0,0,0,0
2020-04-30,Tulare,107,460477,1048,637,1,638,31
2020-04-30,Tuolumne,109,53932,3,3,0,3,0
2020-04-30,Ventura,111,848112,706,547,0,547,18
2020-04-30,Yolo,113,214977,181,164,0,164,16
2020-04-30,Yuba,115,75493,19,15,0,15,1
2020-04-29,Alameda,1,1643700,1917,1564,0,1564,60
2020-04-29,Alpine,3,1148,1,1,0,1,0
2020-04-29,Amador,5,37829,8,8,0,8,0
2020-04-29,Butte,7,227075,23,16,1,17,0
2020-04-29,Calaveras,9,45235,13,13,0,13,0
2020-04-29,Colusa,11,21464,3,3,0,3,0
2020-04-29,Contra Costa,13,1133247,990,885,0,885,25
2020-04-29,Del Norte,15,27424,4,3,0,3,0
2020-04-29,El Dorado,17,186661,57,44,0,44,0
2020-04-29,Fresno,19,978130,1072,544,7,551,7
2020-04-29,Glenn,21,27897,7,4,0,4,0
2020-04-29,Humboldt,23,135768,60,53,0,53,0
2020-04-29,Imperial,25,180216,551,300,1,301,6
2020-04-29,Inyo,27,18085,19,20,0,20,1
2020-04-29,Kern,29,883053,1193,910,1,911,6
2020-04-29,Kings,31,150075,229,80,1,81,1
2020-04-29,Lake,33,64148,9,6,0,6,0
2020-04-29,Lassen,35,31185,1,0,1,1,0
2020-04-29,Los Angeles,37,10098052,29423,22560,20,22580,1043
2020-04-29,Madera,39,155013,79,45,0,45,2
2020-04-29,Marin,41,260295,249,234,1,235,13
2020-04-29,Mariposa,43,17540,15,1,0,1,0
2020-04-29,Mendocino,45,87422,11,11,0,11,0
2020-04-29,Merced,47,269075,192,116,0,116,3
2020-04-29,Modoc,49,8938,0,0,0,0,0
2020-04-29,Mono,51,14174,31,25,0,25,1
2020-04-29,Monterey,53,433212,255,204,0,204,5
2020-04-29,Napa,55,140530,79,68,0,68,2
2020-04-29,Nevada,57,99092,41,41,1,42,1
2020-04-29,Orange,59,3164182,3777,2421,10,2431,43
2020-04-29,Placer,61,380077,173,145,1,146,8
2020-04-29,Plumas,63,18699,4,4,0,4,0
2020-04-29,Riverside,65,2383286,4768,3700,6,3706,116
2020-04-29,Sacramento,67,1510023,1120,1055,0,1055,41
2020-04-29,San Benito,69,59416,52,48,0,48,2
2020-04-29,San Bernardino,71,2135413,2585,1975,0,1975,91
2020-04-29,San Diego,73,3302833,4462,3434,0,3434,120
2020-04-29,San Francisco,75,870044,1822,1489,0,1489,23
2020-04-29,San Joaquin,77,732212,590,540,3,543,25
2020-04-29,San Luis Obispo,79,281455,234,181,1,182,1
2020-04-29,San Mateo,81,765935,1431,1170,2,1172,50
2020-04-29,Santa Barbara,83,443738,636,477,2,479,7
2020-04-29,Santa Clara,85,1922200,2457,2147,3,2150,108
2020-04-29,Santa Cruz,87,273765,139,124,0,124,2
2020-04-29,Shasta,89,179085,37,31,0,31,4
2020-04-29,Sierra,91,2930,0,0,0,0,0
2020-04-29,Siskiyou,93,43540,5,5,0,5,0
2020-04-29,Solano,95,438530,315,252,0,252,3
2020-04-29,Sonoma,97,501317,281,230,0,230,2
2020-04-29,Stanislaus,99,539301,451,374,4,378,5
2020-04-29,Sutter,101,95872,30,28,0,28,2
2020-04-29,Tehama,103,63373,1,1,0,1,1
2020-04-29,Trinity,105,12862,0,0,0,0,0
2020-04-29,Tulare,107,460477,978,615,1,616,30
2020-04-29,Tuolumne,109,53932,3,4,0,4,0
2020-04-29,Ventura,111,848112,683,530,0,530,18
2020-04-29,Yolo,113,214977,178,161,0,161,11
2020-04-29,Yuba,115,75493,19,15,0,15,1
2020-04-28,Alameda,1,1643700,1860,1525,0,1525,55
2020-04-28,Alpine,3,1148,1,1,0,1,0
2020-04-28,Amador,5,37829,8,8,0,8,0
2020-04-28,Butte,7,227075,23,16,1,17,0
2020-04-28,Calaveras,9,45235,13,13,0,13,0
2020-04-28,Colusa,11,21464,3,3,0,3,0
2020-04-28,Contra Costa,13,1133247,983,866,0,866,25
2020-04-28,Del Norte,15,27424,4,3,0,3,0
2020-04-28,El Dorado,17,186661,56,43,0,43,0
2020-04-28,Fresno,19,978130,1022,525,6,531,7
2020-04-28,Glenn,21,27897,5,4,0,4,0
2020-04-28,Humboldt,23,135768,59,53,0,53,0
2020-04-28,Imperial,25,180216,517,295,1,296,6
2020-04-28,Inyo,27,18085,19,20,0,20,1
2020-04-28,Kern,29,883053,1151,882,1,883,5
2020-04-28,Kings,31,150075,216,57,1,58,1
2020-04-28,Lake,33,64148,9,6,0,6,0
2020-04-28,Lassen,35,31185,1,0,1,1,0
2020-04-28,Los Angeles,37,10098052,28359,21029,20,21049,984
2020-04-28,Madera,39,155013,79,44,0,44,2
2020-04-28,Marin,41,260295,248,228,1,229,12
2020-04-28,Mariposa,43,17540,15,0,0,0,0
2020-04-28,Mendocino,45,87422,11,10,0,10,0
2020-04-28,Merced,47,269075,185,108,0,108,3
2020-04-28,Modoc,49,8938,0,0,0,0,0
2020-04-28,Mono,51,14174,31,25,0,25,1
2020-04-28,Monterey,53,433212,249,191,0,191,5
2020-04-28,Napa,55,140530,78,67,0,67,2
2020-04-28,Nevada,57,99092,41,41,1,42,1
2020-04-28,Orange,59,3164182,3614,2324,9,2333,42
2020-04-28,Placer,61,380077,163,143,1,144,8
2020-04-28,Plumas,63,18699,4,4,0,4,0
2020-04-28,Riverside,65,2383286,4673,3504,6,3510,113
2020-04-28,Sacramento,67,1510023,1106,1044,0,1044,41
2020-04-28,San Benito,69,59416,51,46,0,46,2
2020-04-28,San Bernardino,71,2135413,2508,1891,0,1891,89
2020-04-28,San Diego,73,3302833,4332,3316,0,3316,118
2020-04-28,San Francisco,75,870044,1787,1471,0,1471,23
2020-04-28,San Joaquin,77,732212,584,532,3,535,25
2020-04-28,San Luis Obispo,79,281455,228,172,1,173,1
2020-04-28,San Mateo,81,765935,1418,1129,2,1131,48
2020-04-28,Santa Barbara,83,443738,630,469,2,471,7
2020-04-28,Santa Clara,85,1922200,2427,2130,3,2133,106
2020-04-28,Santa Cruz,87,273765,139,123,0,123,2
2020-04-28,Shasta,89,179085,37,29,0,29,4
2020-04-28,Sierra,91,2930,0,0,0,0,0
2020-04-28,Siskiyou,93,43540,5,5,0,5,0
2020-04-28,Solano,95,438530,296,246,0,246,3
2020-04-28,Sonoma,97,501317,278,226,0,226,1
2020-04-28,Stanislaus,99,539301,435,330,4,334,5
2020-04-28,Sutter,101,95872,30,25,0,25,2
2020-04-28,Tehama,103,63373,1,1,0,1,1
2020-04-28,Trinity,105,12862,0,0,0,0,0
2020-04-28,Tulare,107,460477,884,579,1,580,30
2020-04-28,Tuolumne,109,53932,3,4,0,4,0
2020-04-28,Ventura,111,848112,666,517,0,517,17
2020-04-28,Yolo,113,214977,178,160,0,160,10
2020-04-28,Yuba,115,75493,19,15,0,15,1
2020-04-27,Alameda,1,1643700,1800,1494,0,1494,53
2020-04-27,Alpine,3,1148,1,1,0,1,0
2020-04-27,Amador,5,37829,8,8,0,8,0
2020-04-27,Butte,7,227075,22,16,1,17,0
2020-04-27,Calaveras,9,45235,13,13,0,13,0
2020-04-27,Colusa,11,21464,3,3,0,3,0
2020-04-27,Contra Costa,13,1133247,971,843,0,843,25
2020-04-27,Del Norte,15,27424,4,3,0,3,0
2020-04-27,El Dorado,17,186661,55,43,0,43,0
2020-04-27,Fresno,19,978130,919,504,5,509,7
2020-04-27,Glenn,21,27897,5,4,0,4,0
2020-04-27,Humboldt,23,135768,59,52,0,52,0
2020-04-27,Imperial,25,180216,487,290,1,291,6
2020-04-27,Inyo,27,18085,19,20,0,20,1
2020-04-27,Kern,29,883053,1113,865,1,866,4
2020-04-27,Kings,31,150075,193,48,1,49,1
2020-04-27,Lake,33,64148,8,6,0,6,0
2020-04-27,Lassen,35,31185,1,0,1,1,0
2020-04-27,Los Angeles,37,10098052,27342,20456,20,20476,931
2020-04-27,Madera,39,155013,77,42,0,42,2
2020-04-27,Marin,41,260295,243,227,1,228,12
2020-04-27,Mariposa,43,17540,14,0,0,0,0
2020-04-27,Mendocino,45,87422,11,10,0,10,0
2020-04-27,Merced,47,269075,182,108,0,108,3
2020-04-27,Modoc,49,8938,0,0,0,0,0
2020-04-27,Mono,51,14174,31,23,0,23,1
2020-04-27,Monterey,53,433212,242,185,0,185,4
2020-04-27,Napa,55,140530,75,64,0,64,2
2020-04-27,Nevada,57,99092,41,39,1,40,1
2020-04-27,Orange,59,3164182,3446,2198,9,2207,42
2020-04-27,Placer,61,380077,163,142,1,143,8
2020-04-27,Plumas,63,18699,4,4,0,4,0
2020-04-27,Riverside,65,2383286,4550,3381,6,3387,100
2020-04-27,Sacramento,67,1510023,1091,1035,0,1035,41
2020-04-27,San Benito,69,59416,49,45,0,45,2
2020-04-27,San Bernardino,71,2135413,2394,1742,0,1742,82
2020-04-27,San Diego,73,3302833,4206,3143,0,3143,113
2020-04-27,San Francisco,75,870044,1733,1453,0,1453,23
2020-04-27,San Joaquin,77,732212,578,522,3,525,25
2020-04-27,San Luis Obispo,79,281455,221,166,1,167,1
2020-04-27,San Mateo,81,765935,1396,1092,2,1094,46
2020-04-27,Santa Barbara,83,443738,617,466,2,468,7
2020-04-27,Santa Clara,85,1922200,2407,2104,2,2106,105
2020-04-27,Santa Cruz,87,273765,139,123,0,123,2
2020-04-27,Shasta,89,179085,37,29,0,29,4
2020-04-27,Sierra,91,2930,0,0,0,0,0
2020-04-27,Siskiyou,93,43540,5,5,0,5,0
2020-04-27,Solano,95,438530,296,222,0,222,3
2020-04-27,Sonoma,97,501317,269,220,0,220,1
2020-04-27,Stanislaus,99,539301,419,316,4,320,5
2020-04-27,Sutter,101,95872,29,26,0,26,2
2020-04-27,Tehama,103,63373,1,1,0,1,1
2020-04-27,Trinity,105,12862,0,0,0,0,0
2020-04-27,Tulare,107,460477,813,535,1,536,28
2020-04-27,Tuolumne,109,53932,3,3,0,3,0
2020-04-27,Ventura,111,848112,649,513,0,513,17
2020-04-27,Yolo,113,214977,175,160,0,160,9
2020-04-27,Yuba,115,75493,19,15,0,15,1
2020-04-26,Alameda,1,1643700,1739,1449,0,1449,52
2020-04-26,Alpine,3,1148,1,1,0,1,0
2020-04-26,Amador,5,37829,8,8,0,8,0
2020-04-26,Butte,7,227075,22,16,1,17,0
2020-04-26,Calaveras,9,45235,13,13,0,13,0
2020-04-26,Colusa,11,21464,3,3,0,3,0
2020-04-26,Contra Costa,13,1133247,955,830,0,830,25
2020-04-26,Del Norte,15,27424,3,3,0,3,0
2020-04-26,El Dorado,17,186661,53,41,0,41,0
2020-04-26,Fresno,19,978130,828,476,5,481,7
2020-04-26,Glenn,21,27897,5,4,0,4,0
2020-04-26,Humboldt,23,135768,59,53,0,53,0
2020-04-26,Imperial,25,180216,453,272,1,273,6
2020-04-26,Inyo,27,18085,19,20,0,20,1
2020-04-26,Kern,29,883053,1063,831,1,832,4
2020-04-26,Kings,31,150075,168,33,1,34,1
2020-04-26,Lake,33,64148,8,6,0,6,0
2020-04-26,Lassen,35,31185,1,0,1,1,0
2020-04-26,Los Angeles,37,10098052,26193,19570,20,19590,901
2020-04-26,Madera,39,155013,75,39,0,39,2
2020-04-26,Marin,41,260295,237,225,1,226,12
2020-04-26,Mariposa,43,17540,14,0,0,0,0
2020-04-26,Mendocino,45,87422,11,5,0,5,0
2020-04-26,Merced,47,269075,166,104,0,104,3
2020-04-26,Modoc,49,8938,0,0,0,0,0
2020-04-26,Mono,51,14174,31,23,0,23,1
2020-04-26,Monterey,53,433212,235,182,0,182,4
2020-04-26,Napa,55,140530,74,62,0,62,2
2020-04-26,Nevada,57,99092,41,37,1,38,1
2020-04-26,Orange,59,3164182,3281,2124,9,2133,40
2020-04-26,Placer,61,380077,163,141,1,142,8
2020-04-26,Plumas,63,18699,4,4,0,4,0
2020-04-26,Riverside,65,2383286,4409,3301,6,3307,95
2020-04-26,Sacramento,67,1510023,1082,1027,0,1027,41
2020-04-26,San Benito,69,59416,49,45,0,45,2
2020-04-26,San Bernardino,71,2135413,2297,1681,0,1681,82
2020-04-26,San Diego,73,3302833,4064,3045,0,3045,111
2020-04-26,San Francisco,75,870044,1694,1403,0,1403,23
2020-04-26,San Joaquin,77,732212,570,514,3,517,25
2020-04-26,San Luis Obispo,79,281455,218,165,1,166,1
2020-04-26,San Mateo,81,765935,1370,1070,2,1072,46
2020-04-26,Santa Barbara,83,443738,605,464,2,466,7
2020-04-26,Santa Clara,85,1922200,2388,2097,1,2098,102
2020-04-26,Santa Cruz,87,273765,139,116,0,116,2
2020-04-26,Shasta,89,179085,34,29,0,29,4
2020-04-26,Sierra,91,2930,0,0,0,0,0
2020-04-26,Siskiyou,93,43540,5,5,0,5,0
2020-04-26,Solano,95,438530,287,205,0,205,3
2020-04-26,Sonoma,97,501317,258,216,0,216,1
2020-04-26,Stanislaus,99,539301,404,294,4,298,4
2020-04-26,Sutter,101,95872,29,26,0,26,2
2020-04-26,Tehama,103,63373,1,1,0,1,1
2020-04-26,Trinity,105,12862,0,0,0,0,0
2020-04-26,Tulare,107,460477,756,497,1,498,28
2020-04-26,Tuolumne,109,53932,3,3,0,3,0
2020-04-26,Ventura,111,848112,634,509,0,509,17
2020-04-26,Yolo,113,214977,174,158,0,158,8
2020-04-26,Yuba,115,75493,18,15,0,15,1
2020-04-25,Alameda,1,1643700,1714,1396,0,1396,52
2020-04-25,Alpine,3,1148,1,1,0,1,0
2020-04-25,Amador,5,37829,8,8,0,8,0
2020-04-25,Butte,7,227075,21,16,1,17,0
2020-04-25,Calaveras,9,45235,13,12,0,12,0
2020-04-25,Colusa,11,21464,3,3,0,3,0
2020-04-25,Contra Costa,13,1133247,941,821,0,821,24
2020-04-25,Del Norte,15,27424,2,2,0,2,0
2020-04-25,El Dorado,17,186661,52,41,0,41,0
2020-04-25,Fresno,19,978130,798,459,4,463,7
2020-04-25,Glenn,21,27897,5,4,0,4,0
2020-04-25,Humboldt,23,135768,59,53,0,53,0
2020-04-25,Imperial,25,180216,436,232,1,233,6
2020-04-25,Inyo,27,18085,19,20,0,20,1
2020-04-25,Kern,29,883053,1032,802,1,803,4
2020-04-25,Kings,31,150075,156,33,1,34,1
2020-04-25,Lake,33,64148,6,6,0,6,0
2020-04-25,Lassen,35,31185,1,0,1,1,0
2020-04-25,Los Angeles,37,10098052,25559,19144,20,19164,881
2020-04-25,Madera,39,155013,72,39,0,39,2
2020-04-25,Marin,41,260295,237,215,1,216,12
2020-04-25,Mariposa,43,17540,14,0,0,0,0
2020-04-25,Mendocino,45,87422,10,5,0,5,0
2020-04-25,Merced,47,269075,166,103,0,103,3
2020-04-25,Modoc,49,8938,0,0,0,0,0
2020-04-25,Mono,51,14174,31,23,0,23,1
2020-04-25,Monterey,53,433212,233,173,0,173,4
2020-04-25,Napa,55,140530,74,60,0,60,2
2020-04-25,Nevada,57,99092,41,37,1,38,1
2020-04-25,Orange,59,3164182,3175,2047,9,2056,40
2020-04-25,Placer,61,380077,163,137,1,138,8
2020-04-25,Plumas,63,18699,4,4,0,4,0
2020-04-25,Riverside,65,2383286,4321,3037,6,3043,93
2020-04-25,Sacramento,67,1510023,1080,1015,0,1015,41
2020-04-25,San Benito,69,59416,49,45,0,45,2
2020-04-25,San Bernardino,71,2135413,2252,1675,0,1675,82
2020-04-25,San Diego,73,3302833,3964,2945,0,2945,111
2020-04-25,San Francisco,75,870044,1669,1341,0,1341,22
2020-04-25,San Joaquin,77,732212,563,497,3,500,24
2020-04-25,San Luis Obispo,79,281455,217,159,1,160,1
2020-04-25,San Mateo,81,765935,1352,1054,2,1056,46
2020-04-25,Santa Barbara,83,443738,597,457,2,459,7
2020-04-25,Santa Clara,85,1922200,2372,2045,1,2046,99
2020-04-25,Santa Cruz,87,273765,139,112,0,112,2
2020-04-25,Shasta,89,179085,34,29,0,29,4
2020-04-25,Sierra,91,2930,0,0,0,0,0
2020-04-25,Siskiyou,93,43540,5,5,0,5,0
2020-04-25,Solano,95,438530,283,203,0,203,3
2020-04-25,Sonoma,97,501317,254,199,0,199,1
2020-04-25,Stanislaus,99,539301,396,276,4,280,4
2020-04-25,Sutter,101,95872,29,24,0,24,2
2020-04-25,Tehama,103,63373,1,1,0,1,1
2020-04-25,Trinity,105,12862,0,0,0,0,0
2020-04-25,Tulare,107,460477,723,478,1,479,28
2020-04-25,Tuolumne,109,53932,3,2,0,2,0
2020-04-25,Ventura,111,848112,620,494,0,494,16
2020-04-25,Yolo,113,214977,174,157,0,157,8
2020-04-25,Yuba,115,75493,17,15,0,15,1
2020-04-24,Alameda,1,1643700,1683,1385,0,1385,50
2020-04-24,Alpine,3,1148,1,1,0,1,0
2020-04-24,Amador,5,37829,8,8,0,8,0
2020-04-24,Butte,7,227075,21,15,1,16,0
2020-04-24,Calaveras,9,45235,13,12,0,12,0
2020-04-24,Colusa,11,21464,3,3,0,3,0
2020-04-24,Contra Costa,13,1133247,932,806,0,806,23
2020-04-24,Del Norte,15,27424,2,2,0,2,0
2020-04-24,El Dorado,17,186661,51,41,0,41,0
2020-04-24,Fresno,19,978130,779,449,4,453,7
2020-04-24,Glenn,21,27897,5,4,0,4,0
2020-04-24,Humboldt,23,135768,59,53,0,53,0
2020-04-24,Imperial,25,180216,420,232,1,233,6
2020-04-24,Inyo,27,18085,19,20,0,20,0
2020-04-24,Kern,29,883053,1008,770,1,771,4
2020-04-24,Kings,31,150075,127,30,1,31,1
2020-04-24,Lake,33,64148,6,6,0,6,0
2020-04-24,Lassen,35,31185,1,0,1,1,0
2020-04-24,Los Angeles,37,10098052,24627,18553,20,18573,836
2020-04-24,Madera,39,155013,72,39,0,39,2
2020-04-24,Marin,41,260295,237,211,1,212,11
2020-04-24,Mariposa,43,17540,8,0,0,0,0
2020-04-24,Mendocino,45,87422,10,5,0,5,0
2020-04-24,Merced,47,269075,163,102,0,102,3
2020-04-24,Modoc,49,8938,0,0,0,0,0
2020-04-24,Mono,51,14174,30,23,0,23,1
2020-04-24,Monterey,53,433212,226,167,0,167,4
2020-04-24,Napa,55,140530,73,59,0,59,2
2020-04-24,Nevada,57,99092,41,36,1,37,1
2020-04-24,Orange,59,3164182,3067,1945,9,1954,39
2020-04-24,Placer,61,380077,161,137,1,138,8
2020-04-24,Plumas,63,18699,4,4,0,4,0
2020-04-24,Riverside,65,2383286,4240,3044,6,3050,87
2020-04-24,Sacramento,67,1510023,1074,1009,0,1009,41
2020-04-24,San Benito,69,59416,49,45,0,45,2
2020-04-24,San Bernardino,71,2135413,2217,1667,0,1667,80
2020-04-24,San Diego,73,3302833,3853,2828,0,2828,102
2020-04-24,San Francisco,75,870044,1611,1345,0,1345,22
2020-04-24,San Joaquin,77,732212,556,484,3,487,24
2020-04-24,San Luis Obispo,79,281455,214,151,1,152,1
2020-04-24,San Mateo,81,765935,1329,1004,2,1006,43
2020-04-24,Santa Barbara,83,443738,590,450,2,452,6
2020-04-24,Santa Clara,85,1922200,2345,2026,1,2027,98
2020-04-24,Santa Cruz,87,273765,135,111,0,111,2
2020-04-24,Shasta,89,179085,34,28,0,28,4
2020-04-24,Sierra,91,2930,0,0,0,0,0
2020-04-24,Siskiyou,93,43540,5,5,0,5,0
2020-04-24,Solano,95,438530,281,203,0,203,3
2020-04-24,Sonoma,97,501317,250,199,0,199,1
2020-04-24,Stanislaus,99,539301,393,273,4,277,4
2020-04-24,Sutter,101,95872,28,24,0,24,2
2020-04-24,Tehama,103,63373,1,1,0,1,1
2020-04-24,Trinity,105,12862,0,0,0,0,0
2020-04-24,Tulare,107,460477,695,459,1,460,27
2020-04-24,Tuolumne,109,53932,3,2,0,2,0
2020-04-24,Ventura,111,848112,611,489,0,489,16
2020-04-24,Yolo,113,214977,173,155,0,155,8
2020-04-24,Yuba,115,75493,16,15,0,15,1
2020-04-23,Alameda,1,1643700,1645,1336,0,1336,46
2020-04-23,Alpine,3,1148,1,1,0,1,0
2020-04-23,Amador,5,37829,8,8,0,8,0
2020-04-23,Butte,7,227075,20,15,1,16,0
2020-04-23,Calaveras,9,45235,13,12,0,12,0
2020-04-23,Colusa,11,21464,3,3,0,3,0
2020-04-23,Contra Costa,13,1133247,911,786,0,786,23
2020-04-23,Del Norte,15,27424,2,2,0,2,0
2020-04-23,El Dorado,17,186661,50,39,0,39,0
2020-04-23,Fresno,19,978130,742,426,4,430,7
2020-04-23,Glenn,21,27897,5,3,0,3,0
2020-04-23,Humboldt,23,135768,59,53,0,53,0
2020-04-23,Imperial,25,180216,400,181,1,182,4
2020-04-23,Inyo,27,18085,19,19,0,19,0
2020-04-23,Kern,29,883053,960,732,1,733,4
2020-04-23,Kings,31,150075,112,28,1,29,1
2020-04-23,Lake,33,64148,6,6,0,6,0
2020-04-23,Lassen,35,31185,1,0,1,1,0
2020-04-23,Los Angeles,37,10098052,23567,17548,19,17567,784
2020-04-23,Madera,39,155013,71,37,0,37,2
2020-04-23,Marin,41,260295,224,209,1,210,11
2020-04-23,Mariposa,43,17540,7,0,0,0,0
2020-04-23,Mendocino,45,87422,8,5,0,5,0
2020-04-23,Merced,47,269075,159,98,0,98,3
2020-04-23,Modoc,49,8938,0,0,0,0,0
2020-04-23,Mono,51,14174,30,23,0,23,1
2020-04-23,Monterey,53,433212,222,161,0,161,4
2020-04-23,Napa,55,140530,66,59,0,59,2
2020-04-23,Nevada,57,99092,41,36,1,37,1
2020-04-23,Orange,59,3164182,2889,1841,8,1849,37
2020-04-23,Placer,61,380077,158,136,1,137,8
2020-04-23,Plumas,63,18699,4,4,0,4,0
2020-04-23,Riverside,65,2383286,4127,2935,6,2941,78
2020-04-23,Sacramento,67,1510023,1062,978,0,978,41
2020-04-23,San Benito,69,59416,46,43,0,43,2
2020-04-23,San Bernardino,71,2135413,2152,1604,0,1604,79
2020-04-23,San Diego,73,3302833,3692,2645,0,2645,100
2020-04-23,San Francisco,75,870044,1585,1312,0,1312,21
2020-04-23,San Joaquin,77,732212,546,479,3,482,20
2020-04-23,San Luis Obispo,79,281455,210,146,1,147,1
2020-04-23,San Mateo,81,765935,1289,970,2,972,42
2020-04-23,Santa Barbara,83,443738,580,445,2,447,6
2020-04-23,Santa Clara,85,1922200,2315,1996,1,1997,95
2020-04-23,Santa Cruz,87,273765,134,110,0,110,2
2020-04-23,Shasta,89,179085,34,27,0,27,3
2020-04-23,Sierra,91,2930,0,0,0,0,0
2020-04-23,Siskiyou,93,43540,5,5,0,5,0
2020-04-23,Solano,95,438530,267,196,0,196,3
2020-04-23,Sonoma,97,501317,238,187,0,187,1
2020-04-23,Stanislaus,99,539301,389,254,4,258,4
2020-04-23,Sutter,101,95872,28,24,0,24,2
2020-04-23,Tehama,103,63373,1,1,0,1,1
2020-04-23,Trinity,105,12862,0,0,0,0,0
2020-04-23,Tulare,107,460477,666,440,1,441,25
2020-04-23,Tuolumne,109,53932,3,2,0,2,0
2020-04-23,Ventura,111,848112,597,479,0,479,16
2020-04-23,Yolo,113,214977,170,151,0,151,8
2020-04-23,Yuba,115,75493,16,15,0,15,1
2020-04-22,Alameda,1,1643700,1596,1275,0,1275,46
2020-04-22,Alpine,3,1148,1,1,0,1,0
2020-04-22,Amador,5,37829,8,7,0,7,0
2020-04-22,Butte,7,227075,20,15,1,16,0
2020-04-22,Calaveras,9,45235,13,12,0,12,0
2020-04-22,Colusa,11,21464,3,3,0,3,0
2020-04-22,Contra Costa,13,1133247,896,772,0,772,22
2020-04-22,Del Norte,15,27424,2,2,0,2,0
2020-04-22,El Dorado,17,186661,50,39,0,39,0
2020-04-22,Fresno,19,978130,706,388,4,392,7
2020-04-22,Glenn,21,27897,5,3,0,3,0
2020-04-22,Humboldt,23,135768,59,53,0,53,0
2020-04-22,Imperial,25,180216,389,170,1,171,3
2020-04-22,Inyo,27,18085,19,18,0,18,0
2020-04-22,Kern,29,883053,938,713,1,714,4
2020-04-22,Kings,31,150075,91,28,1,29,1
2020-04-22,Lake,33,64148,6,6,0,6,0
2020-04-22,Lassen,35,31185,1,0,1,1,0
2020-04-22,Los Angeles,37,10098052,22538,16400,19,16419,715
2020-04-22,Madera,39,155013,70,37,0,37,2
2020-04-22,Marin,41,260295,222,202,1,203,11
2020-04-22,Mariposa,43,17540,6,0,0,0,0
2020-04-22,Mendocino,45,87422,5,5,0,5,0
2020-04-22,Merced,47,269075,147,92,0,92,3
2020-04-22,Modoc,49,8938,0,0,0,0,0
2020-04-22,Mono,51,14174,29,23,0,23,1
2020-04-22,Monterey,53,433212,215,154,0,154,4
2020-04-22,Napa,55,140530,65,58,0,58,2
2020-04-22,Nevada,57,99092,41,36,1,37,1
2020-04-22,Orange,59,3164182,2796,1785,8,1793,36
2020-04-22,Placer,61,380077,156,133,1,134,8
2020-04-22,Plumas,63,18699,4,4,0,4,0
2020-04-22,Riverside,65,2383286,4024,2822,6,2828,76
2020-04-22,Sacramento,67,1510023,1057,959,0,959,36
2020-04-22,San Benito,69,59416,45,43,0,43,2
2020-04-22,San Bernardino,71,2135413,2089,1564,0,1564,74
2020-04-22,San Diego,73,3302833,3564,2493,0,2493,96
2020-04-22,San Francisco,75,870044,1548,1255,0,1255,21
2020-04-22,San Joaquin,77,732212,535,462,3,465,20
2020-04-22,San Luis Obispo,79,281455,201,142,1,143,1
2020-04-22,San Mateo,81,765935,1266,945,2,947,40
2020-04-22,Santa Barbara,83,443738,572,437,2,439,6
2020-04-22,Santa Clara,85,1922200,2302,1969,1,1970,95
2020-04-22,Santa Cruz,87,273765,130,106,0,106,2
2020-04-22,Shasta,89,179085,33,26,0,26,3
2020-04-22,Sierra,91,2930,0,0,0,0,0
2020-04-22,Siskiyou,93,43540,5,5,0,5,0
2020-04-22,Solano,95,438530,248,195,0,195,3
2020-04-22,Sonoma,97,501317,235,185,0,185,1
2020-04-22,Stanislaus,99,539301,333,247,4,251,4
2020-04-22,Sutter,101,95872,28,22,0,22,2
2020-04-22,Tehama,103,63373,1,1,0,1,1
2020-04-22,Trinity,105,12862,0,0,0,0,0
2020-04-22,Tulare,107,460477,633,425,1,426,23
2020-04-22,Tuolumne,109,53932,3,2,0,2,0
2020-04-22,Ventura,111,848112,587,465,0,465,15
2020-04-22,Yolo,113,214977,170,147,0,147,8
2020-04-22,Yuba,115,75493,16,15,0,15,1
2020-04-21,Alameda,1,1643700,1566,1234,0,1234,46
2020-04-21,Alpine,3,1148,1,1,0,1,0
2020-04-21,Amador,5,37829,8,7,0,7,0
2020-04-21,Butte,7,227075,19,15,1,16,0
2020-04-21,Calaveras,9,45235,12,12,0,12,0
2020-04-21,Colusa,11,21464,3,3,0,3,0
2020-04-21,Contra Costa,13,1133247,882,766,0,766,22
2020-04-21,Del Norte,15,27424,2,2,0,2,0
2020-04-21,El Dorado,17,186661,50,36,0,36,0
2020-04-21,Fresno,19,978130,672,372,4,376,7
2020-04-21,Glenn,21,27897,5,3,0,3,0
2020-04-21,Humboldt,23,135768,58,53,0,53,0
2020-04-21,Imperial,25,180216,369,165,1,166,2
2020-04-21,Inyo,27,18085,19,18,0,18,0
2020-04-21,Kern,29,883053,896,676,1,677,4
2020-04-21,Kings,31,150075,78,28,1,29,1
2020-04-21,Lake,33,64148,6,6,0,6,0
2020-04-21,Lassen,35,31185,1,0,1,1,0
2020-04-21,Los Angeles,37,10098052,21679,15096,19,15115,650
2020-04-21,Madera,39,155013,70,37,0,37,2
2020-04-21,Marin,41,260295,216,202,1,203,10
2020-04-21,Mariposa,43,17540,5,0,0,0,0
2020-04-21,Mendocino,45,87422,5,5,0,5,0
2020-04-21,Merced,47,269075,143,89,0,89,3
2020-04-21,Modoc,49,8938,0,0,0,0,0
2020-04-21,Mono,51,14174,29,23,0,23,1
2020-04-21,Monterey,53,433212,212,151,0,151,4
2020-04-21,Napa,55,140530,64,58,0,58,2
2020-04-21,Nevada,57,99092,41,36,1,37,1
2020-04-21,Orange,59,3164182,2674,1717,7,1724,36
2020-04-21,Placer,61,380077,154,133,0,133,8
2020-04-21,Plumas,63,18699,4,4,0,4,0
2020-04-21,Riverside,65,2383286,3893,2631,6,2637,68
2020-04-21,Sacramento,67,1510023,1047,941,0,941,33
2020-04-21,San Benito,69,59416,44,43,0,43,2
2020-04-21,San Bernardino,71,2135413,2028,1499,0,1499,71
2020-04-21,San Diego,73,3302833,3408,2436,0,2436,87
2020-04-21,San Francisco,75,870044,1518,1232,0,1232,20
2020-04-21,San Joaquin,77,732212,525,447,3,450,20
2020-04-21,San Luis Obispo,79,281455,197,134,1,135,1
2020-04-21,San Mateo,81,765935,1220,933,2,935,34
2020-04-21,Santa Barbara,83,443738,561,414,1,415,5
2020-04-21,Santa Clara,85,1922200,2261,1943,1,1944,91
2020-04-21,Santa Cruz,87,273765,128,104,0,104,2
2020-04-21,Shasta,89,179085,32,26,0,26,3
2020-04-21,Sierra,91,2930,0,0,0,0,0
2020-04-21,Siskiyou,93,43540,5,5,0,5,0
2020-04-21,Solano,95,438530,240,193,0,193,3
2020-04-21,Sonoma,97,501317,225,182,0,182,1
2020-04-21,Stanislaus,99,539301,314,235,4,239,4
2020-04-21,Sutter,101,95872,28,22,0,22,2
2020-04-21,Tehama,103,63373,1,1,0,1,1
2020-04-21,Trinity,105,12862,0,0,0,0,0
2020-04-21,Tulare,107,460477,598,410,1,411,23
2020-04-21,Tuolumne,109,53932,3,2,0,2,0
2020-04-21,Ventura,111,848112,575,455,0,455,14
2020-04-21,Yolo,113,214977,168,143,0,143,8
2020-04-21,Yuba,115,75493,16,15,0,15,1
2020-04-20,Alameda,1,1643700,1533,1181,0,1181,42
2020-04-20,Alpine,3,1148,1,1,0,1,0
2020-04-20,Amador,5,37829,8,7,0,7,0
2020-04-20,Butte,7,227075,19,15,1,16,0
2020-04-20,Calaveras,9,45235,12,12,0,12,0
2020-04-20,Colusa,11,21464,3,3,0,3,0
2020-04-20,Contra Costa,13,1133247,872,753,0,753,22
2020-04-20,Del Norte,15,27424,2,2,0,2,0
2020-04-20,El Dorado,17,186661,50,36,0,36,0
2020-04-20,Fresno,19,978130,654,356,4,360,7
2020-04-20,Glenn,21,27897,4,3,0,3,0
2020-04-20,Humboldt,23,135768,58,53,0,53,0
2020-04-20,Imperial,25,180216,349,149,1,150,2
2020-04-20,Inyo,27,18085,19,17,0,17,0
2020-04-20,Kern,29,883053,864,651,1,652,3
2020-04-20,Kings,31,150075,67,19,1,20,1
2020-04-20,Lake,33,64148,6,6,0,6,0
2020-04-20,Lassen,35,31185,1,0,1,1,0
2020-04-20,Los Angeles,37,10098052,20765,13787,19,13806,608
2020-04-20,Madera,39,155013,69,35,0,35,2
2020-04-20,Marin,41,260295,212,200,1,201,10
2020-04-20,Mariposa,43,17540,5,0,0,0,0
2020-04-20,Mendocino,45,87422,5,5,0,5,0
2020-04-20,Merced,47,269075,136,88,0,88,3
2020-04-20,Modoc,49,8938,0,0,0,0,0
2020-04-20,Mono,51,14174,29,23,0,23,1
2020-04-20,Monterey,53,433212,203,147,0,147,4
2020-04-20,Napa,55,140530,64,55,0,55,2
2020-04-20,Nevada,57,99092,41,34,1,35,1
2020-04-20,Orange,59,3164182,2593,1679,7,1686,33
2020-04-20,Placer,61,380077,153,132,0,132,8
2020-04-20,Plumas,63,18699,4,4,0,4,0
2020-04-20,Riverside,65,2383286,3768,2477,6,2483,61
2020-04-20,Sacramento,67,1510023,1036,924,0,924,32
2020-04-20,San Benito,69,59416,44,43,0,43,2
2020-04-20,San Bernardino,71,2135413,1941,1344,0,1344,63
2020-04-20,San Diego,73,3302833,3267,2327,0,2327,72
2020-04-20,San Francisco,75,870044,1485,1223,0,1223,19
2020-04-20,San Joaquin,77,732212,521,422,3,425,17
2020-04-20,San Luis Obispo,79,281455,183,132,1,133,1
2020-04-20,San Mateo,81,765935,1197,890,2,892,31
2020-04-20,Santa Barbara,83,443738,550,388,1,389,4
2020-04-20,Santa Clara,85,1922200,2237,1920,1,1921,84
2020-04-20,Santa Cruz,87,273765,126,102,0,102,2
2020-04-20,Shasta,89,179085,32,26,0,26,3
2020-04-20,Sierra,91,2930,0,0,0,0,0
2020-04-20,Siskiyou,93,43540,5,5,0,5,0
2020-04-20,Solano,95,438530,237,185,0,185,2
2020-04-20,Sonoma,97,501317,217,178,0,178,1
2020-04-20,Stanislaus,99,539301,300,228,4,232,3
2020-04-20,Sutter,101,95872,27,22,0,22,2
2020-04-20,Tehama,103,63373,1,1,0,1,1
2020-04-20,Trinity,105,12862,0,0,0,0,0
2020-04-20,Tulare,107,460477,587,401,1,402,20
2020-04-20,Tuolumne,109,53932,3,2,0,2,0
2020-04-20,Ventura,111,848112,563,426,0,426,13
2020-04-20,Yolo,113,214977,167,125,0,125,5
2020-04-20,Yuba,115,75493,16,15,0,15,1
2020-04-19,Alameda,1,1643700,1483,1134,0,1134,41
2020-04-19,Alpine,3,1148,1,1,0,1,0
2020-04-19,Amador,5,37829,7,7,0,7,0
2020-04-19,Butte,7,227075,19,15,1,16,0
2020-04-19,Calaveras,9,45235,12,12,0,12,0
2020-04-19,Colusa,11,21464,3,3,0,3,0
2020-04-19,Contra Costa,13,1133247,858,731,0,731,20
2020-04-19,Del Norte,15,27424,2,2,0,2,0
2020-04-19,El Dorado,17,186661,50,36,0,36,0
2020-04-19,Fresno,19,978130,618,326,4,330,7
2020-04-19,Glenn,21,27897,4,3,0,3,0
2020-04-19,Humboldt,23,135768,58,53,0,53,0
2020-04-19,Imperial,25,180216,323,144,0,144,2
2020-04-19,Inyo,27,18085,19,17,0,17,0
2020-04-19,Kern,29,883053,839,629,1,630,3
2020-04-19,Kings,31,150075,57,17,1,18,1
2020-04-19,Lake,33,64148,6,6,0,6,0
2020-04-19,Lassen,35,31185,1,0,1,1,0
2020-04-19,Los Angeles,37,10098052,19769,12299,19,12318,589
2020-04-19,Madera,39,155013,67,34,0,34,2
2020-04-19,Marin,41,260295,211,194,1,195,10
2020-04-19,Mariposa,43,17540,2,0,0,0,0
2020-04-19,Mendocino,45,87422,5,4,0,4,0
2020-04-19,Merced,47,269075,131,85,0,85,3
2020-04-19,Modoc,49,8938,0,0,0,0,0
2020-04-19,Mono,51,14174,29,23,0,23,1
2020-04-19,Monterey,53,433212,195,140,0,140,4
2020-04-19,Napa,55,140530,62,49,0,49,2
2020-04-19,Nevada,57,99092,40,34,1,35,1
2020-04-19,Orange,59,3164182,2497,1591,6,1597,32
2020-04-19,Placer,61,380077,152,131,0,131,8
2020-04-19,Plumas,63,18699,4,4,0,4,0
2020-04-19,Riverside,65,2383286,3625,2316,6,2322,56
2020-04-19,Sacramento,67,1510023,1010,912,0,912,32
2020-04-19,San Benito,69,59416,42,40,0,40,2
2020-04-19,San Bernardino,71,2135413,1878,1262,0,1262,58
2020-04-19,San Diego,73,3302833,3100,2270,0,2270,71
2020-04-19,San Francisco,75,870044,1452,1153,0,1153,19
2020-04-19,San Joaquin,77,732212,503,404,3,407,17
2020-04-19,San Luis Obispo,79,281455,178,132,1,133,1
2020-04-19,San Mateo,81,765935,1161,845,2,847,31
2020-04-19,Santa Barbara,83,443738,541,377,1,378,3
2020-04-19,Santa Clara,85,1922200,2201,1878,1,1879,81
2020-04-19,Santa Cruz,87,273765,123,98,0,98,2
2020-04-19,Shasta,89,179085,30,26,0,26,3
2020-04-19,Sierra,91,2930,0,0,0,0,0
2020-04-19,Siskiyou,93,43540,5,5,0,5,0
2020-04-19,Solano,95,438530,229,174,0,174,2
2020-04-19,Sonoma,97,501317,211,172,0,172,1
2020-04-19,Stanislaus,99,539301,292,221,4,225,3
2020-04-19,Sutter,101,95872,26,21,0,21,2
2020-04-19,Tehama,103,63373,1,1,0,1,1
2020-04-19,Trinity,105,12862,0,0,0,0,0
2020-04-19,Tulare,107,460477,542,391,1,392,17
2020-04-19,Tuolumne,109,53932,3,2,0,2,0
2020-04-19,Ventura,111,848112,555,418,0,418,13
2020-04-19,Yolo,113,214977,167,120,0,120,5
2020-04-19,Yuba,115,75493,16,15,0,15,1
2020-04-18,Alameda,1,1643700,1458,1085,0,1085,40
2020-04-18,Alpine,3,1148,1,1,0,1,0
2020-04-18,Amador,5,37829,7,7,0,7,0
2020-04-18,Butte,7,227075,18,15,1,16,0
2020-04-18,Calaveras,9,45235,12,12,0,12,0
2020-04-18,Colusa,11,21464,3,3,0,3,0
2020-04-18,Contra Costa,13,1133247,846,721,0,721,17
2020-04-18,Del Norte,15,27424,2,2,0,2,0
2020-04-18,El Dorado,17,186661,50,36,0,36,0
2020-04-18,Fresno,19,978130,598,319,4,323,7
2020-04-18,Glenn,21,27897,4,3,0,3,0
2020-04-18,Humboldt,23,135768,58,52,0,52,0
2020-04-18,Imperial,25,180216,314,137,0,137,2
2020-04-18,Inyo,27,18085,19,17,0,17,0
2020-04-18,Kern,29,883053,817,626,1,627,3
2020-04-18,Kings,31,150075,56,17,1,18,1
2020-04-18,Lake,33,64148,6,6,0,6,0
2020-04-18,Lassen,35,31185,1,0,1,1,0
2020-04-18,Los Angeles,37,10098052,19245,11984,18,12002,566
2020-04-18,Madera,39,155013,66,34,0,34,2
2020-04-18,Marin,41,260295,209,193,1,194,10
2020-04-18,Mariposa,43,17540,2,0,0,0,0
2020-04-18,Mendocino,45,87422,5,4,0,4,0
2020-04-18,Merced,47,269075,129,82,0,82,3
2020-04-18,Modoc,49,8938,0,0,0,0,0
2020-04-18,Mono,51,14174,29,22,0,22,1
2020-04-18,Monterey,53,433212,191,135,0,135,3
2020-04-18,Napa,55,140530,62,49,0,49,2
2020-04-18,Nevada,57,99092,39,34,1,35,1
2020-04-18,Orange,59,3164182,2433,1569,5,1574,32
2020-04-18,Placer,61,380077,150,130,0,130,8
2020-04-18,Plumas,63,18699,4,4,0,4,0
2020-04-18,Riverside,65,2383286,3553,2257,6,2263,56
2020-04-18,Sacramento,67,1510023,998,901,0,901,32
2020-04-18,San Benito,69,59416,42,40,0,40,2
2020-04-18,San Bernardino,71,2135413,1833,1255,0,1255,58
2020-04-18,San Diego,73,3302833,2998,2215,0,2215,71
2020-04-18,San Francisco,75,870044,1413,1144,0,1144,19
2020-04-18,San Joaquin,77,732212,494,392,3,395,17
2020-04-18,San Luis Obispo,79,281455,174,129,1,130,1
2020-04-18,San Mateo,81,765935,1139,821,2,823,31
2020-04-18,Santa Barbara,83,443738,535,372,1,373,3
2020-04-18,Santa Clara,85,1922200,2171,1862,1,1863,79
2020-04-18,Santa Cruz,87,273765,121,96,0,96,2
2020-04-18,Shasta,89,179085,30,26,0,26,3
2020-04-18,Sierra,91,2930,0,0,0,0,0
2020-04-18,Siskiyou,93,43540,5,5,0,5,0
2020-04-18,Solano,95,438530,226,175,0,175,2
2020-04-18,Sonoma,97,501317,207,168,0,168,1
2020-04-18,Stanislaus,99,539301,284,216,4,220,3
2020-04-18,Sutter,101,95872,26,21,0,21,2
2020-04-18,Tehama,103,63373,1,1,0,1,1
2020-04-18,Trinity,105,12862,0,0,0,0,0
2020-04-18,Tulare,107,460477,533,385,1,386,17
2020-04-18,Tuolumne,109,53932,3,2,0,2,0
2020-04-18,Ventura,111,848112,547,416,0,416,13
2020-04-18,Yolo,113,214977,165,118,0,118,5
2020-04-18,Yuba,115,75493,16,14,0,14,1
2020-04-17,Alameda,1,1643700,1403,1043,0,1043,40
2020-04-17,Alpine,3,1148,1,1,0,1,0
2020-04-17,Amador,5,37829,7,7,0,7,0
2020-04-17,Butte,7,227075,18,15,1,16,0
2020-04-17,Calaveras,9,45235,12,11,0,11,0
2020-04-17,Colusa,11,21464,3,3,0,3,0
2020-04-17,Contra Costa,13,1133247,837,687,0,687,15
2020-04-17,Del Norte,15,27424,2,2,0,2,0
2020-04-17,El Dorado,17,186661,50,35,0,35,0
2020-04-17,Fresno,19,978130,576,315,4,319,7
2020-04-17,Glenn,21,27897,4,3,0,3,0
2020-04-17,Humboldt,23,135768,57,52,0,52,0
2020-04-17,Imperial,25,180216,305,135,0,135,2
2020-04-17,Inyo,27,18085,19,17,0,17,0
2020-04-17,Kern,29,883053,797,612,1,613,3
2020-04-17,Kings,31,150075,54,15,1,16,1
2020-04-17,Lake,33,64148,6,6,0,6,0
2020-04-17,Lassen,35,31185,1,0,1,1,0
2020-04-17,Los Angeles,37,10098052,18602,11354,18,11372,489
2020-04-17,Madera,39,155013,66,34,0,34,2
2020-04-17,Marin,41,260295,206,189,1,190,10
2020-04-17,Mariposa,43,17540,1,0,0,0,0
2020-04-17,Mendocino,45,87422,5,4,0,4,0
2020-04-17,Merced,47,269075,128,80,0,80,3
2020-04-17,Modoc,49,8938,0,0,0,0,0
2020-04-17,Mono,51,14174,29,22,0,22,1
2020-04-17,Monterey,53,433212,186,119,0,119,3
2020-04-17,Napa,55,140530,60,46,0,46,2
2020-04-17,Nevada,57,99092,38,34,1,35,1
2020-04-17,Orange,59,3164182,2383,1496,5,1501,31
2020-04-17,Placer,61,380077,150,130,0,130,8
2020-04-17,Plumas,63,18699,4,4,0,4,0
2020-04-17,Riverside,65,2383286,3427,2080,6,2086,50
2020-04-17,Sacramento,67,1510023,991,882,0,882,32
2020-04-17,San Benito,69,59416,42,38,0,38,2
2020-04-17,San Bernardino,71,2135413,1795,1229,0,1229,57
2020-04-17,San Diego,73,3302833,2908,2160,0,2160,70
2020-04-17,San Francisco,75,870044,1387,1090,0,1090,19
2020-04-17,San Joaquin,77,732212,483,356,3,359,17
2020-04-17,San Luis Obispo,79,281455,167,116,1,117,1
2020-04-17,San Mateo,81,765935,1123,768,2,770,31
2020-04-17,Santa Barbara,83,443738,530,349,1,350,3
2020-04-17,Santa Clara,85,1922200,2143,1834,1,1835,74
2020-04-17,Santa Cruz,87,273765,120,94,0,94,2
2020-04-17,Shasta,89,179085,30,26,0,26,3
2020-04-17,Sierra,91,2930,0,0,0,0,0
2020-04-17,Siskiyou,93,43540,5,5,0,5,0
2020-04-17,Solano,95,438530,225,173,0,173,2
2020-04-17,Sonoma,97,501317,204,167,0,167,1
2020-04-17,Stanislaus,99,539301,282,201,4,205,3
2020-04-17,Sutter,101,95872,26,20,0,20,2
2020-04-17,Tehama,103,63373,1,1,0,1,1
2020-04-17,Trinity,105,12862,0,0,0,0,0
2020-04-17,Tulare,107,460477,526,370,1,371,17
2020-04-17,Tuolumne,109,53932,3,2,0,2,0
2020-04-17,Ventura,111,848112,542,398,0,398,13
2020-04-17,Yolo,113,214977,164,117,0,117,5
2020-04-17,Yuba,115,75493,16,14,0,14,1
2020-04-16,Alameda,1,1643700,1370,981,0,981,39
2020-04-16,Alpine,3,1148,1,1,0,1,0
2020-04-16,Amador,5,37829,7,7,0,7,0
2020-04-16,Butte,7,227075,18,15,1,16,0
2020-04-16,Calaveras,9,45235,12,10,0,10,0
2020-04-16,Colusa,11,21464,3,3,0,3,0
2020-04-16,Contra Costa,13,1133247,823,675,0,675,14
2020-04-16,Del Norte,15,27424,2,2,0,2,0
2020-04-16,El Dorado,17,186661,49,34,0,34,0
2020-04-16,Fresno,19,978130,547,289,4,293,7
2020-04-16,Glenn,21,27897,4,3,0,3,0
2020-04-16,Humboldt,23,135768,57,47,0,47,0
2020-04-16,Imperial,25,180216,291,132,0,132,2
2020-04-16,Inyo,27,18085,17,17,0,17,0
2020-04-16,Kern,29,883053,772,587,1,588,3
2020-04-16,Kings,31,150075,50,12,1,13,1
2020-04-16,Lake,33,64148,6,6,0,6,0
2020-04-16,Lassen,35,31185,1,0,1,1,0
2020-04-16,Los Angeles,37,10098052,17717,10786,18,10804,447
2020-04-16,Madera,39,155013,64,34,0,34,2
2020-04-16,Marin,41,260295,202,170,1,171,10
2020-04-16,Mariposa,43,17540,1,1,0,1,0
2020-04-16,Mendocino,45,87422,5,4,0,4,0
2020-04-16,Merced,47,269075,122,76,0,76,3
2020-04-16,Modoc,49,8938,0,0,0,0,0
2020-04-16,Mono,51,14174,29,22,0,22,1
2020-04-16,Monterey,53,433212,183,116,0,116,3
2020-04-16,Napa,55,140530,57,44,0,44,2
2020-04-16,Nevada,57,99092,38,34,1,35,1
2020-04-16,Orange,59,3164182,2320,1439,4,1443,28
2020-04-16,Placer,61,380077,148,129,0,129,7
2020-04-16,Plumas,63,18699,4,4,0,4,0
2020-04-16,Riverside,65,2383286,3309,1913,6,1919,45
2020-04-16,Sacramento,67,1510023,983,865,0,865,32
2020-04-16,San Benito,69,59416,42,36,0,36,2
2020-04-16,San Bernardino,71,2135413,1712,1143,0,1143,54
2020-04-16,San Diego,73,3302833,2800,2089,0,2089,63
2020-04-16,San Francisco,75,870044,1342,1039,0,1039,16
2020-04-16,San Joaquin,77,732212,468,345,3,348,17
2020-04-16,San Luis Obispo,79,281455,163,113,1,114,1
2020-04-16,San Mateo,81,765935,1094,745,2,747,29
2020-04-16,Santa Barbara,83,443738,517,331,1,332,3
2020-04-16,Santa Clara,85,1922200,2117,1789,1,1790,70
2020-04-16,Santa Cruz,87,273765,118,90,0,90,2
2020-04-16,Shasta,89,179085,30,25,0,25,3
2020-04-16,Sierra,91,2930,0,0,0,0,0
2020-04-16,Siskiyou,93,43540,5,5,0,5,0
2020-04-16,Solano,95,438530,222,162,0,162,2
2020-04-16,Sonoma,97,501317,199,145,0,145,1
2020-04-16,Stanislaus,99,539301,279,185,4,189,3
2020-04-16,Sutter,101,95872,25,21,0,21,2
2020-04-16,Tehama,103,63373,1,1,0,1,1
2020-04-16,Trinity,105,12862,0,0,0,0,0
2020-04-16,Tulare,107,460477,510,305,1,306,16
2020-04-16,Tuolumne,109,53932,3,1,0,1,0
2020-04-16,Ventura,111,848112,530,384,0,384,13
2020-04-16,Yolo,113,214977,162,98,0,98,4
2020-04-16,Yuba,115,75493,15,14,0,14,1
2020-04-15,Alameda,1,1643700,1319,915,0,915,38
2020-04-15,Alpine,3,1148,1,1,0,1,0
2020-04-15,Amador,5,37829,7,7,0,7,0
2020-04-15,Butte,7,227075,18,14,1,15,0
2020-04-15,Calaveras,9,45235,11,9,0,9,0
2020-04-15,Colusa,11,21464,3,3,0,3,0
2020-04-15,Contra Costa,13,1133247,801,645,0,645,14
2020-04-15,Del Norte,15,27424,2,2,0,2,0
2020-04-15,El Dorado,17,186661,47,33,0,33,0
2020-04-15,Fresno,19,978130,522,264,4,268,7
2020-04-15,Glenn,21,27897,4,3,0,3,0
2020-04-15,Humboldt,23,135768,57,47,0,47,0
2020-04-15,Imperial,25,180216,265,115,0,115,2
2020-04-15,Inyo,27,18085,17,12,0,12,0
2020-04-15,Kern,29,883053,750,500,1,501,3
2020-04-15,Kings,31,150075,46,12,1,13,1
2020-04-15,Lake,33,64148,6,4,0,4,0
2020-04-15,Lassen,35,31185,1,0,1,1,0
2020-04-15,Los Angeles,37,10098052,16896,10416,18,10434,394
2020-04-15,Madera,39,155013,64,30,0,30,2
2020-04-15,Marin,41,260295,199,162,1,163,10
2020-04-15,Mariposa,43,17540,0,0,0,0,0
2020-04-15,Mendocino,45,87422,4,4,0,4,0
2020-04-15,Merced,47,269075,120,74,0,74,3
2020-04-15,Modoc,49,8938,0,0,0,0,0
2020-04-15,Mono,51,14174,29,22,0,22,1
2020-04-15,Monterey,53,433212,175,106,0,106,3
2020-04-15,Napa,55,140530,55,34,0,34,2
2020-04-15,Nevada,57,99092,37,34,1,35,1
2020-04-15,Orange,59,3164182,2218,1377,4,1381,24
2020-04-15,Placer,61,380077,147,123,0,123,6
2020-04-15,Plumas,63,18699,4,4,0,4,0
2020-04-15,Riverside,65,2383286,3114,1723,6,1729,42
2020-04-15,Sacramento,67,1510023,974,839,0,839,32
2020-04-15,San Benito,69,59416,42,34,0,34,2
2020-04-15,San Bernardino,71,2135413,1642,1063,0,1063,45
2020-04-15,San Diego,73,3302833,2712,2014,0,2014,60
2020-04-15,San Francisco,75,870044,1306,1006,0,1006,16
2020-04-15,San Joaquin,77,732212,460,329,3,332,17
2020-04-15,San Luis Obispo,79,281455,157,112,1,113,1
2020-04-15,San Mateo,81,765935,1045,707,2,709,28
2020-04-15,Santa Barbara,83,443738,498,317,1,318,2
2020-04-15,Santa Clara,85,1922200,2083,1692,1,1693,69
2020-04-15,Santa Cruz,87,273765,114,92,0,92,2
2020-04-15,Shasta,89,179085,30,25,0,25,3
2020-04-15,Sierra,91,2930,0,0,0,0,0
2020-04-15,Siskiyou,93,43540,5,5,0,5,0
2020-04-15,Solano,95,438530,217,153,0,153,2
2020-04-15,Sonoma,97,501317,197,140,0,140,1
2020-04-15,Stanislaus,99,539301,272,174,4,178,3
2020-04-15,Sutter,101,95872,25,19,0,19,2
2020-04-15,Tehama,103,63373,1,1,0,1,1
2020-04-15,Trinity,105,12862,0,0,0,0,0
2020-04-15,Tulare,107,460477,493,289,1,290,14
2020-04-15,Tuolumne,109,53932,3,1,0,1,0
2020-04-15,Ventura,111,848112,515,365,0,365,13
2020-04-15,Yolo,113,214977,158,93,0,93,3
2020-04-15,Yuba,115,75493,15,15,0,15,1
2020-04-14,Alameda,1,1643700,1274,843,0,843,30
2020-04-14,Alpine,3,1148,1,1,0,1,0
2020-04-14,Amador,5,37829,7,6,0,6,0
2020-04-14,Butte,7,227075,18,13,1,14,0
2020-04-14,Calaveras,9,45235,11,5,0,5,0
2020-04-14,Colusa,11,21464,3,3,0,3,0
2020-04-14,Contra Costa,13,1133247,789,617,0,617,12
2020-04-14,Del Norte,15,27424,2,2,0,2,0
2020-04-14,El Dorado,17,186661,47,30,0,30,0
2020-04-14,Fresno,19,978130,500,244,4,248,6
2020-04-14,Glenn,21,27897,4,3,0,3,0
2020-04-14,Humboldt,23,135768,57,44,0,44,0
2020-04-14,Imperial,25,180216,245,86,0,86,2
2020-04-14,Inyo,27,18085,17,12,0,12,0
2020-04-14,Kern,29,883053,727,453,1,454,3
2020-04-14,Kings,31,150075,45,12,1,13,1
2020-04-14,Lake,33,64148,6,3,0,3,0
2020-04-14,Lassen,35,31185,1,0,1,1,0
2020-04-14,Los Angeles,37,10098052,16002,9948,17,9965,357
2020-04-14,Madera,39,155013,63,29,0,29,2
2020-04-14,Marin,41,260295,195,147,1,148,9
2020-04-14,Mariposa,43,17540,0,0,0,0,0
2020-04-14,Mendocino,45,87422,4,4,0,4,0
2020-04-14,Merced,47,269075,113,61,0,61,3
2020-04-14,Modoc,49,8938,0,0,0,0,0
2020-04-14,Mono,51,14174,29,22,0,22,1
2020-04-14,Monterey,53,433212,170,98,0,98,3
2020-04-14,Napa,55,140530,55,33,0,33,2
2020-04-14,Nevada,57,99092,37,34,1,35,1
2020-04-14,Orange,59,3164182,2118,1362,4,1366,24
2020-04-14,Placer,61,380077,146,117,0,117,5
2020-04-14,Plumas,63,18699,4,3,0,3,0
2020-04-14,Riverside,65,2383286,2979,1467,6,1473,40
2020-04-14,Sacramento,67,1510023,965,737,0,737,29
2020-04-14,San Benito,69,59416,39,34,0,34,2
2020-04-14,San Bernardino,71,2135413,1587,933,0,933,37
2020-04-14,San Diego,73,3302833,2617,1932,0,1932,53
2020-04-14,San Francisco,75,870044,1252,968,0,968,14
2020-04-14,San Joaquin,77,732212,450,280,3,283,17
2020-04-14,San Luis Obispo,79,281455,155,109,1,110,1
2020-04-14,San Mateo,81,765935,1011,681,2,683,28
2020-04-14,Santa Barbara,83,443738,473,292,1,293,2
2020-04-14,Santa Clara,85,1922200,2050,1561,1,1562,63
2020-04-14,Santa Cruz,87,273765,106,84,0,84,2
2020-04-14,Shasta,89,179085,30,24,0,24,3
2020-04-14,Sierra,91,2930,0,0,0,0,0
2020-04-14,Siskiyou,93,43540,5,5,0,5,0
2020-04-14,Solano,95,438530,214,140,0,140,2
2020-04-14,Sonoma,97,501317,193,133,0,133,1
2020-04-14,Stanislaus,99,539301,259,136,4,140,3
2020-04-14,Sutter,101,95872,24,19,0,19,2
2020-04-14,Tehama,103,63373,1,1,0,1,1
2020-04-14,Trinity,105,12862,0,0,0,0,0
2020-04-14,Tulare,107,460477,470,228,1,229,12
2020-04-14,Tuolumne,109,53932,3,0,0,0,0
2020-04-14,Ventura,111,848112,502,328,0,328,11
2020-04-14,Yolo,113,214977,154,81,0,81,3
2020-04-14,Yuba,115,75493,14,14,0,14,1
2020-04-13,Alameda,1,1643700,1235,821,0,821,23
2020-04-13,Alpine,3,1148,1,1,0,1,0
2020-04-13,Amador,5,37829,7,6,0,6,0
2020-04-13,Butte,7,227075,18,13,1,14,0
2020-04-13,Calaveras,9,45235,10,5,0,5,0
2020-04-13,Colusa,11,21464,3,3,0,3,0
2020-04-13,Contra Costa,13,1133247,773,569,0,569,12
2020-04-13,Del Norte,15,27424,2,2,0,2,0
2020-04-13,El Dorado,17,186661,45,29,0,29,0
2020-04-13,Fresno,19,978130,478,205,3,208,4
2020-04-13,Glenn,21,27897,4,3,0,3,0
2020-04-13,Humboldt,23,135768,57,44,0,44,0
2020-04-13,Imperial,25,180216,227,82,0,82,2
2020-04-13,Inyo,27,18085,17,12,0,12,0
2020-04-13,Kern,29,883053,702,346,1,347,3
2020-04-13,Kings,31,150075,41,9,1,10,0
2020-04-13,Lake,33,64148,6,3,0,3,0
2020-04-13,Lassen,35,31185,1,0,1,1,0
2020-04-13,Los Angeles,37,10098052,15288,9367,17,9384,317
2020-04-13,Madera,39,155013,61,29,0,29,2
2020-04-13,Marin,41,260295,191,144,1,145,6
2020-04-13,Mariposa,43,17540,0,0,0,0,0
2020-04-13,Mendocino,45,87422,4,4,0,4,0
2020-04-13,Merced,47,269075,112,60,0,60,3
2020-04-13,Modoc,49,8938,0,0,0,0,0
2020-04-13,Mono,51,14174,29,21,0,21,1
2020-04-13,Monterey,53,433212,164,86,0,86,3
2020-04-13,Napa,55,140530,54,30,0,30,2
2020-04-13,Nevada,57,99092,37,24,1,25,1
2020-04-13,Orange,59,3164182,2046,1313,4,1317,21
2020-04-13,Placer,61,380077,145,116,0,116,5
2020-04-13,Plumas,63,18699,4,3,0,3,0
2020-04-13,Riverside,65,2383286,2839,1460,5,1465,35
2020-04-13,Sacramento,67,1510023,953,723,0,723,25
2020-04-13,San Benito,69,59416,38,33,0,33,2
2020-04-13,San Bernardino,71,2135413,1512,920,0,920,30
2020-04-13,San Diego,73,3302833,2534,1849,0,1849,47
2020-04-13,San Francisco,75,870044,1214,948,0,948,12
2020-04-13,San Joaquin,77,732212,436,255,3,258,16
2020-04-13,San Luis Obispo,79,281455,150,106,1,107,1
2020-04-13,San Mateo,81,765935,971,679,2,681,25
2020-04-13,Santa Barbara,83,443738,454,271,0,271,2
2020-04-13,Santa Clara,85,1922200,2010,1540,1,1541,58
2020-04-13,Santa Cruz,87,273765,100,82,0,82,1
2020-04-13,Shasta,89,179085,29,24,0,24,3
2020-04-13,Sierra,91,2930,0,0,0,0,0
2020-04-13,Siskiyou,93,43540,5,5,0,5,0
2020-04-13,Solano,95,438530,211,136,0,136,2
2020-04-13,Sonoma,97,501317,186,133,0,133,1
2020-04-13,Stanislaus,99,539301,253,130,4,134,1
2020-04-13,Sutter,101,95872,24,18,0,18,2
2020-04-13,Tehama,103,63373,1,1,0,1,0
2020-04-13,Trinity,105,12862,0,0,0,0,0
2020-04-13,Tulare,107,460477,433,185,1,186,11
2020-04-13,Tuolumne,109,53932,3,0,0,0,0
2020-04-13,Ventura,111,848112,481,309,0,309,9
2020-04-13,Yolo,113,214977,148,81,0,81,3
2020-04-13,Yuba,115,75493,14,13,0,13,1
2020-04-12,Alameda,1,1643700,1192,774,0,774,23
2020-04-12,Alpine,3,1148,1,1,0,1,0
2020-04-12,Amador,5,37829,7,6,0,6,0
2020-04-12,Butte,7,227075,18,13,1,14,0
2020-04-12,Calaveras,9,45235,10,5,0,5,0
2020-04-12,Colusa,11,21464,3,3,0,3,0
2020-04-12,Contra Costa,13,1133247,761,553,0,553,12
2020-04-12,Del Norte,15,27424,2,2,0,2,0
2020-04-12,El Dorado,17,186661,45,28,0,28,0
2020-04-12,Fresno,19,978130,449,205,3,208,4
2020-04-12,Glenn,21,27897,4,3,0,3,0
2020-04-12,Humboldt,23,135768,57,43,0,43,0
2020-04-12,Imperial,25,180216,204,78,0,78,2
2020-04-12,Inyo,27,18085,15,12,0,12,0
2020-04-12,Kern,29,883053,670,319,0,319,3
2020-04-12,Kings,31,150075,39,9,1,10,0
2020-04-12,Lake,33,64148,6,3,0,3,0
2020-04-12,Lassen,35,31185,1,0,1,1,0
2020-04-12,Los Angeles,37,10098052,14578,9133,17,9150,294
2020-04-12,Madera,39,155013,60,29,0,29,2
2020-04-12,Marin,41,260295,180,138,1,139,6
2020-04-12,Mariposa,43,17540,0,0,0,0,0
2020-04-12,Mendocino,45,87422,4,4,0,4,0
2020-04-12,Merced,47,269075,106,58,0,58,3
2020-04-12,Modoc,49,8938,0,0,0,0,0
2020-04-12,Mono,51,14174,29,20,0,20,1
2020-04-12,Monterey,53,433212,150,85,0,85,3
2020-04-12,Napa,55,140530,52,29,0,29,2
2020-04-12,Nevada,57,99092,37,24,1,25,1
2020-04-12,Orange,59,3164182,1986,1283,4,1287,21
2020-04-12,Placer,61,380077,144,114,0,114,4
2020-04-12,Plumas,63,18699,4,3,0,3,0
2020-04-12,Riverside,65,2383286,2657,1330,5,1335,34
2020-04-12,Sacramento,67,1510023,916,689,0,689,25
2020-04-12,San Benito,69,59416,36,33,0,33,2
2020-04-12,San Bernardino,71,2135413,1436,827,0,827,30
2020-04-12,San Diego,73,3302833,2444,1806,0,1806,45
2020-04-12,San Francisco,75,870044,1186,886,0,886,11
2020-04-12,San Joaquin,77,732212,418,246,3,249,15
2020-04-12,San Luis Obispo,79,281455,148,102,1,103,1
2020-04-12,San Mateo,81,765935,945,664,2,666,25
2020-04-12,Santa Barbara,83,443738,429,261,0,261,2
2020-04-12,Santa Clara,85,1922200,1986,1461,1,1462,53
2020-04-12,Santa Cruz,87,273765,99,80,0,80,1
2020-04-12,Shasta,89,179085,29,24,0,24,3
2020-04-12,Sierra,91,2930,0,0,0,0,0
2020-04-12,Siskiyou,93,43540,5,5,0,5,0
2020-04-12,Solano,95,438530,205,136,0,136,2
2020-04-12,Sonoma,97,501317,183,131,0,131,1
2020-04-12,Stanislaus,99,539301,245,117,4,121,1
2020-04-12,Sutter,101,95872,23,18,0,18,2
2020-04-12,Tehama,103,63373,1,1,0,1,0
2020-04-12,Trinity,105,12862,0,0,0,0,0
2020-04-12,Tulare,107,460477,422,166,1,167,11
2020-04-12,Tuolumne,109,53932,3,0,0,0,0
2020-04-12,Ventura,111,848112,471,306,0,306,9
2020-04-12,Yolo,113,214977,135,67,0,67,3
2020-04-12,Yuba,115,75493,14,13,0,13,1
2020-04-11,Alameda,1,1643700,1151,751,0,751,23
2020-04-11,Alpine,3,1148,1,1,0,1,0
2020-04-11,Amador,5,37829,7,6,0,6,0
2020-04-11,Butte,7,227075,18,13,1,14,0
2020-04-11,Calaveras,9,45235,10,5,0,5,0
2020-04-11,Colusa,11,21464,3,3,0,3,0
2020-04-11,Contra Costa,13,1133247,752,550,0,550,12
2020-04-11,Del Norte,15,27424,2,2,0,2,0
2020-04-11,El Dorado,17,186661,45,29,0,29,0
2020-04-11,Fresno,19,978130,439,201,3,204,4
2020-04-11,Glenn,21,27897,4,3,0,3,0
2020-04-11,Humboldt,23,135768,57,38,0,38,0
2020-04-11,Imperial,25,180216,193,78,0,78,2
2020-04-11,Inyo,27,18085,15,12,0,12,0
2020-04-11,Kern,29,883053,643,304,0,304,3
2020-04-11,Kings,31,150075,36,9,1,10,0
2020-04-11,Lake,33,64148,6,3,0,3,0
2020-04-11,Lassen,35,31185,1,0,1,1,0
2020-04-11,Los Angeles,37,10098052,14108,8823,17,8840,262
2020-04-11,Madera,39,155013,59,29,0,29,2
2020-04-11,Marin,41,260295,177,136,1,137,6
2020-04-11,Mariposa,43,17540,0,0,0,0,0
2020-04-11,Mendocino,45,87422,4,4,0,4,0
2020-04-11,Merced,47,269075,103,59,0,59,3
2020-04-11,Modoc,49,8938,0,0,0,0,0
2020-04-11,Mono,51,14174,29,20,0,20,1
2020-04-11,Monterey,53,433212,144,78,0,78,3
2020-04-11,Napa,55,140530,52,29,0,29,2
2020-04-11,Nevada,57,99092,37,24,1,25,1
2020-04-11,Orange,59,3164182,1925,1267,4,1271,21
2020-04-11,Placer,61,380077,144,113,0,113,4
2020-04-11,Plumas,63,18699,4,3,0,3,0
2020-04-11,Riverside,65,2383286,2578,1260,5,1265,33
2020-04-11,Sacramento,67,1510023,905,685,0,685,25
2020-04-11,San Benito,69,59416,36,33,0,33,2
2020-04-11,San Bernardino,71,2135413,1400,826,0,826,28
2020-04-11,San Diego,73,3302833,2378,1763,0,1763,45
2020-04-11,San Francisco,75,870044,1164,860,0,860,11
2020-04-11,San Joaquin,77,732212,413,244,3,247,15
2020-04-11,San Luis Obispo,79,281455,148,100,0,100,1
2020-04-11,San Mateo,81,765935,933,662,2,664,25
2020-04-11,Santa Barbara,83,443738,421,258,0,258,2
2020-04-11,Santa Clara,85,1922200,1945,1441,1,1442,51
2020-04-11,Santa Cruz,87,273765,99,79,0,79,1
2020-04-11,Shasta,89,179085,29,24,0,24,3
2020-04-11,Sierra,91,2930,0,0,0,0,0
2020-04-11,Siskiyou,93,43540,5,5,0,5,0
2020-04-11,Solano,95,438530,201,138,0,138,2
2020-04-11,Sonoma,97,501317,181,131,0,131,1
2020-04-11,Stanislaus,99,539301,238,119,3,122,1
2020-04-11,Sutter,101,95872,23,18,0,18,2
2020-04-11,Tehama,103,63373,1,1,0,1,0
2020-04-11,Trinity,105,12862,0,0,0,0,0
2020-04-11,Tulare,107,460477,400,168,1,169,10
2020-04-11,Tuolumne,109,53932,3,0,0,0,0
2020-04-11,Ventura,111,848112,461,304,0,304,9
2020-04-11,Yolo,113,214977,132,67,0,67,3
2020-04-11,Yuba,115,75493,14,13,0,13,1
2020-04-10,Alameda,1,1643700,1110,706,0,706,21
2020-04-10,Alpine,3,1148,1,1,0,1,0
2020-04-10,Amador,5,37829,7,5,0,5,0
2020-04-10,Butte,7,227075,18,13,1,14,0
2020-04-10,Calaveras,9,45235,10,5,0,5,0
2020-04-10,Colusa,11,21464,3,3,0,3,0
2020-04-10,Contra Costa,13,1133247,739,537,0,537,10
2020-04-10,Del Norte,15,27424,2,2,0,2,0
2020-04-10,El Dorado,17,186661,45,26,0,26,0
2020-04-10,Fresno,19,978130,432,186,3,189,3
2020-04-10,Glenn,21,27897,4,3,0,3,0
2020-04-10,Humboldt,23,135768,57,36,0,36,0
2020-04-10,Imperial,25,180216,186,70,0,70,2
2020-04-10,Inyo,27,18085,13,11,0,11,0
2020-04-10,Kern,29,883053,619,272,0,272,3
2020-04-10,Kings,31,150075,33,7,1,8,0
2020-04-10,Lake,33,64148,6,3,0,3,0
2020-04-10,Lassen,35,31185,1,0,1,1,0
2020-04-10,Los Angeles,37,10098052,13595,8384,16,8400,239
2020-04-10,Madera,39,155013,58,29,0,29,2
2020-04-10,Marin,41,260295,172,128,1,129,6
2020-04-10,Mariposa,43,17540,0,0,0,0,0
2020-04-10,Mendocino,45,87422,4,4,0,4,0
2020-04-10,Merced,47,269075,100,56,0,56,3
2020-04-10,Modoc,49,8938,0,0,0,0,0
2020-04-10,Mono,51,14174,29,20,0,20,1
2020-04-10,Monterey,53,433212,133,78,0,78,3
2020-04-10,Napa,55,140530,49,28,0,28,2
2020-04-10,Nevada,57,99092,37,23,1,24,1
2020-04-10,Orange,59,3164182,1878,1167,4,1171,21
2020-04-10,Placer,61,380077,143,112,0,112,4
2020-04-10,Plumas,63,18699,4,3,0,3,0
2020-04-10,Riverside,65,2383286,2513,1162,5,1167,30
2020-04-10,Sacramento,67,1510023,896,642,0,642,24
2020-04-10,San Benito,69,59416,36,32,0,32,2
2020-04-10,San Bernardino,71,2135413,1352,779,0,779,27
2020-04-10,San Diego,73,3302833,2318,1695,0,1695,44
2020-04-10,San Francisco,75,870044,1133,797,0,797,10
2020-04-10,San Joaquin,77,732212,401,234,3,237,14
2020-04-10,San Luis Obispo,79,281455,148,97,0,97,1
2020-04-10,San Mateo,81,765935,917,642,2,644,24
2020-04-10,Santa Barbara,83,443738,409,254,0,254,2
2020-04-10,Santa Clara,85,1922200,1896,1351,1,1352,50
2020-04-10,Santa Cruz,87,273765,98,75,0,75,1
2020-04-10,Shasta,89,179085,29,24,0,24,3
2020-04-10,Sierra,91,2930,0,0,0,0,0
2020-04-10,Siskiyou,93,43540,5,5,0,5,0
2020-04-10,Solano,95,438530,198,129,0,129,2
2020-04-10,Sonoma,97,501317,180,129,0,129,1
2020-04-10,Stanislaus,99,539301,231,101,3,104,0
2020-04-10,Sutter,101,95872,23,18,0,18,2
2020-04-10,Tehama,103,63373,1,1,0,1,0
2020-04-10,Trinity,105,12862,0,0,0,0,0
2020-04-10,Tulare,107,460477,357,163,1,164,10
2020-04-10,Tuolumne,109,53932,3,0,0,0,0
2020-04-10,Ventura,111,848112,453,290,0,290,9
2020-04-10,Yolo,113,214977,130,62,0,62,3
2020-04-10,Yuba,115,75493,14,13,0,13,1
2020-04-09,Alameda,1,1643700,1060,641,0,641,17
2020-04-09,Alpine,3,1148,1,1,0,1,0
2020-04-09,Amador,5,37829,7,2,0,2,0
2020-04-09,Butte,7,227075,18,12,1,13,0
2020-04-09,Calaveras,9,45235,10,5,0,5,0
2020-04-09,Colusa,11,21464,3,3,0,3,0
2020-04-09,Contra Costa,13,1133247,696,505,0,505,7
2020-04-09,Del Norte,15,27424,2,2,0,2,0
2020-04-09,El Dorado,17,186661,44,25,0,25,0
2020-04-09,Fresno,19,978130,410,165,3,168,3
2020-04-09,Glenn,21,27897,4,2,0,2,0
2020-04-09,Humboldt,23,135768,57,36,0,36,0
2020-04-09,Imperial,25,180216,165,67,0,67,2
2020-04-09,Inyo,27,18085,12,11,0,11,0
2020-04-09,Kern,29,883053,583,241,0,241,2
2020-04-09,Kings,31,150075,31,5,1,6,0
2020-04-09,Lake,33,64148,5,1,0,1,0
2020-04-09,Lassen,35,31185,1,0,1,1,0
2020-04-09,Los Angeles,37,10098052,12968,7919,16,7935,220
2020-04-09,Madera,39,155013,58,28,0,28,2
2020-04-09,Marin,41,260295,170,126,1,127,7
2020-04-09,Mariposa,43,17540,0,0,0,0,0
2020-04-09,Mendocino,45,87422,4,4,0,4,0
2020-04-09,Merced,47,269075,97,41,0,41,3
2020-04-09,Modoc,49,8938,0,0,0,0,0
2020-04-09,Mono,51,14174,29,19,0,19,1
2020-04-09,Monterey,53,433212,115,70,0,70,3
2020-04-09,Napa,55,140530,45,27,0,27,2
2020-04-09,Nevada,57,99092,36,23,1,24,1
2020-04-09,Orange,59,3164182,1802,1105,3,1108,19
2020-04-09,Placer,61,380077,142,107,0,107,4
2020-04-09,Plumas,63,18699,4,3,0,3,0
2020-04-09,Riverside,65,2383286,2371,1083,5,1088,29
2020-04-09,Sacramento,67,1510023,873,601,0,601,21
2020-04-09,San Benito,69,59416,36,32,0,32,2
2020-04-09,San Bernardino,71,2135413,1283,717,0,717,27
2020-04-09,San Diego,73,3302833,2222,1630,0,1630,40
2020-04-09,San Francisco,75,870044,1113,748,0,748,8
2020-04-09,San Joaquin,77,732212,380,223,3,226,14
2020-04-09,San Luis Obispo,79,281455,141,93,0,93,1
2020-04-09,San Mateo,81,765935,901,630,2,632,23
2020-04-09,Santa Barbara,83,443738,399,232,0,232,2
2020-04-09,Santa Clara,85,1922200,1828,1301,1,1302,49
2020-04-09,Santa Cruz,87,273765,98,73,0,73,1
2020-04-09,Shasta,89,179085,29,22,0,22,3
2020-04-09,Sierra,91,2930,0,0,0,0,0
2020-04-09,Siskiyou,93,43540,5,4,0,4,0
2020-04-09,Solano,95,438530,189,118,0,118,2
2020-04-09,Sonoma,97,501317,176,113,0,113,1
2020-04-09,Stanislaus,99,539301,219,93,3,96,0
2020-04-09,Sutter,101,95872,23,17,0,17,2
2020-04-09,Tehama,103,63373,1,1,0,1,0
2020-04-09,Trinity,105,12862,0,0,0,0,0
2020-04-09,Tulare,107,460477,332,147,1,148,9
2020-04-09,Tuolumne,109,53932,3,0,0,0,0
2020-04-09,Ventura,111,848112,434,273,0,273,9
2020-04-09,Yolo,113,214977,121,59,0,59,3
2020-04-09,Yuba,115,75493,14,13,0,13,0
2020-04-08,Alameda,1,1643700,1019,594,0,594,15
2020-04-08,Alpine,3,1148,1,1,0,1,0
2020-04-08,Amador,5,37829,7,2,0,2,0
2020-04-08,Butte,7,227075,17,11,1,12,0
2020-04-08,Calaveras,9,45235,10,5,0,5,0
2020-04-08,Colusa,11,21464,3,3,0,3,0
2020-04-08,Contra Costa,13,1133247,683,481,0,481,7
2020-04-08,Del Norte,15,27424,2,2,0,2,0
2020-04-08,El Dorado,17,186661,44,25,0,25,0
2020-04-08,Fresno,19,978130,390,151,3,154,3
2020-04-08,Glenn,21,27897,4,2,0,2,0
2020-04-08,Humboldt,23,135768,57,40,0,40,0
2020-04-08,Imperial,25,180216,154,59,0,59,2
2020-04-08,Inyo,27,18085,12,11,0,11,0
2020-04-08,Kern,29,883053,542,198,0,198,2
2020-04-08,Kings,31,150075,31,5,1,6,0
2020-04-08,Lake,33,64148,5,1,0,1,0
2020-04-08,Lassen,35,31185,1,0,1,1,0
2020-04-08,Los Angeles,37,10098052,12368,7505,16,7521,196
2020-04-08,Madera,39,155013,57,28,0,28,2
2020-04-08,Marin,41,260295,164,125,1,126,7
2020-04-08,Mariposa,43,17540,0,0,0,0,0
2020-04-08,Mendocino,45,87422,4,4,0,4,0
2020-04-08,Merced,47,269075,82,35,0,35,1
2020-04-08,Modoc,49,8938,0,0,0,0,0
2020-04-08,Mono,51,14174,29,19,0,19,1
2020-04-08,Monterey,53,433212,106,68,0,68,3
2020-04-08,Napa,55,140530,43,21,0,21,2
2020-04-08,Nevada,57,99092,36,21,1,22,1
2020-04-08,Orange,59,3164182,1741,1034,3,1037,19
2020-04-08,Placer,61,380077,142,102,0,102,4
2020-04-08,Plumas,63,18699,4,3,0,3,0
2020-04-08,Riverside,65,2383286,2217,974,5,979,28
2020-04-08,Sacramento,67,1510023,839,565,0,565,21
2020-04-08,San Benito,69,59416,36,31,0,31,2
2020-04-08,San Bernardino,71,2135413,1226,635,0,635,22
2020-04-08,San Diego,73,3302833,2148,1532,0,1532,36
2020-04-08,San Francisco,75,870044,1045,687,0,687,7
2020-04-08,San Joaquin,77,732212,363,211,3,214,12
2020-04-08,San Luis Obispo,79,281455,139,90,0,90,1
2020-04-08,San Mateo,81,765935,886,608,2,610,22
2020-04-08,Santa Barbara,83,443738,381,221,0,221,2
2020-04-08,Santa Clara,85,1922200,1784,1257,1,1258,47
2020-04-08,Santa Cruz,87,273765,97,69,0,69,1
2020-04-08,Shasta,89,179085,29,18,0,18,3
2020-04-08,Sierra,91,2930,0,0,0,0,0
2020-04-08,Siskiyou,93,43540,5,4,0,4,0
2020-04-08,Solano,95,438530,176,111,0,111,2
2020-04-08,Sonoma,97,501317,171,107,0,107,1
2020-04-08,Stanislaus,99,539301,203,86,3,89,0
2020-04-08,Sutter,101,95872,22,17,0,17,2
2020-04-08,Tehama,103,63373,1,1,0,1,0
2020-04-08,Trinity,105,12862,0,0,0,0,0
2020-04-08,Tulare,107,460477,303,145,1,146,6
2020-04-08,Tuolumne,109,53932,3,0,0,0,0
2020-04-08,Ventura,111,848112,425,263,0,263,7
2020-04-08,Yolo,113,214977,104,56,0,56,3
2020-04-08,Yuba,115,75493,14,10,0,10,0
2020-04-07,Alameda,1,1643700,984,560,0,560,14
2020-04-07,Alpine,3,1148,1,1,0,1,0
2020-04-07,Amador,5,37829,7,2,0,2,0
2020-04-07,Butte,7,227075,16,11,1,12,0
2020-04-07,Calaveras,9,45235,9,5,0,5,0
2020-04-07,Colusa,11,21464,3,2,0,2,0
2020-04-07,Contra Costa,13,1133247,663,471,0,471,7
2020-04-07,Del Norte,15,27424,2,2,0,2,0
2020-04-07,El Dorado,17,186661,43,22,0,22,0
2020-04-07,Fresno,19,978130,375,138,3,141,3
2020-04-07,Glenn,21,27897,4,2,0,2,0
2020-04-07,Humboldt,23,135768,56,40,0,40,0
2020-04-07,Imperial,25,180216,136,53,0,53,2
2020-04-07,Inyo,27,18085,12,11,0,11,0
2020-04-07,Kern,29,883053,499,134,0,134,2
2020-04-07,Kings,31,150075,29,5,1,6,0
2020-04-07,Lake,33,64148,4,1,0,1,0
2020-04-07,Lassen,35,31185,1,0,1,1,0
2020-04-07,Los Angeles,37,10098052,11718,6885,16,6901,170
2020-04-07,Madera,39,155013,56,28,0,28,2
2020-04-07,Marin,41,260295,162,122,1,123,7
2020-04-07,Mariposa,43,17540,0,0,0,0,0
2020-04-07,Mendocino,45,87422,4,4,0,4,0
2020-04-07,Merced,47,269075,67,27,0,27,1
2020-04-07,Modoc,49,8938,0,0,0,0,0
2020-04-07,Mono,51,14174,28,18,0,18,1
2020-04-07,Monterey,53,433212,98,63,0,63,2
2020-04-07,Napa,55,140530,41,18,0,18,2
2020-04-07,Nevada,57,99092,36,20,1,21,1
2020-04-07,Orange,59,3164182,1694,971,3,974,19
2020-04-07,Placer,61,380077,137,94,0,94,3
2020-04-07,Plumas,63,18699,4,3,0,3,0
2020-04-07,Riverside,65,2383286,2061,905,5,910,25
2020-04-07,Sacramento,67,1510023,809,513,0,513,18
2020-04-07,San Benito,69,59416,36,26,0,26,2
2020-04-07,San Bernardino,71,2135413,1159,554,0,554,19
2020-04-07,San Diego,73,3302833,2071,1456,0,1456,31
2020-04-07,San Francisco,75,870044,985,636,0,636,6
2020-04-07,San Joaquin,77,732212,345,198,3,201,12
2020-04-07,San Luis Obispo,79,281455,134,87,0,87,1
2020-04-07,San Mateo,81,765935,865,573,2,575,22
2020-04-07,Santa Barbara,83,443738,366,209,0,209,2
2020-04-07,Santa Clara,85,1922200,1716,1193,1,1194,46
2020-04-07,Santa Cruz,87,273765,97,67,0,67,1
2020-04-07,Shasta,89,179085,28,16,0,16,3
2020-04-07,Sierra,91,2930,0,0,0,0,0
2020-04-07,Siskiyou,93,43540,5,4,0,4,0
2020-04-07,Solano,95,438530,171,99,0,99,1
2020-04-07,Sonoma,97,501317,168,102,0,102,1
2020-04-07,Stanislaus,99,539301,186,83,3,86,0
2020-04-07,Sutter,101,95872,22,16,0,16,2
2020-04-07,Tehama,103,63373,1,1,0,1,0
2020-04-07,Trinity,105,12862,0,0,0,0,0
2020-04-07,Tulare,107,460477,276,144,1,145,5
2020-04-07,Tuolumne,109,53932,3,1,0,1,0
2020-04-07,Ventura,111,848112,408,247,0,247,6
2020-04-07,Yolo,113,214977,97,51,0,51,2
2020-04-07,Yuba,115,75493,14,10,0,10,0
2020-04-06,Alameda,1,1643700,954,527,0,527,13
2020-04-06,Alpine,3,1148,1,1,0,1,0
2020-04-06,Amador,5,37829,6,2,0,2,0
2020-04-06,Butte,7,227075,15,11,1,12,0
2020-04-06,Calaveras,9,45235,9,4,0,4,0
2020-04-06,Colusa,11,21464,3,1,0,1,0
2020-04-06,Contra Costa,13,1133247,638,447,0,447,7
2020-04-06,Del Norte,15,27424,2,2,0,2,0
2020-04-06,El Dorado,17,186661,41,23,0,23,0
2020-04-06,Fresno,19,978130,355,122,3,125,1
2020-04-06,Glenn,21,27897,4,2,0,2,0
2020-04-06,Humboldt,23,135768,55,37,0,37,0
2020-04-06,Imperial,25,180216,129,47,0,47,1
2020-04-06,Inyo,27,18085,11,11,0,11,0
2020-04-06,Kern,29,883053,462,117,0,117,2
2020-04-06,Kings,31,150075,29,3,1,4,0
2020-04-06,Lake,33,64148,4,1,0,1,0
2020-04-06,Lassen,35,31185,1,0,1,1,0
2020-04-06,Los Angeles,37,10098052,10986,6346,16,6362,145
2020-04-06,Madera,39,155013,54,29,0,29,2
2020-04-06,Marin,41,260295,159,119,1,120,7
2020-04-06,Mariposa,43,17540,0,0,0,0,0
2020-04-06,Mendocino,45,87422,4,4,0,4,0
2020-04-06,Merced,47,269075,60,25,0,25,1
2020-04-06,Modoc,49,8938,0,0,0,0,0
2020-04-06,Mono,51,14174,28,18,0,18,1
2020-04-06,Monterey,53,433212,93,62,0,62,2
2020-04-06,Napa,55,140530,41,18,0,18,2
2020-04-06,Nevada,57,99092,36,19,1,20,1
2020-04-06,Orange,59,3164182,1650,910,2,912,17
2020-04-06,Placer,61,380077,137,90,0,90,3
2020-04-06,Plumas,63,18699,4,2,0,2,0
2020-04-06,Riverside,65,2383286,1935,854,5,859,17
2020-04-06,Sacramento,67,1510023,779,448,0,448,15
2020-04-06,San Benito,69,59416,34,25,0,25,1
2020-04-06,San Bernardino,71,2135413,1100,550,0,550,13
2020-04-06,San Diego,73,3302833,1989,1406,0,1406,19
2020-04-06,San Francisco,75,870044,946,586,0,586,6
2020-04-06,San Joaquin,77,732212,330,191,3,194,10
2020-04-06,San Luis Obispo,79,281455,132,85,0,85,1
2020-04-06,San Mateo,81,765935,847,569,2,571,20
2020-04-06,Santa Barbara,83,443738,354,189,0,189,2
2020-04-06,Santa Clara,85,1922200,1665,1128,1,1129,43
2020-04-06,Santa Cruz,87,273765,95,65,0,65,1
2020-04-06,Shasta,89,179085,28,16,0,16,3
2020-04-06,Sierra,91,2930,0,0,0,0,0
2020-04-06,Siskiyou,93,43540,4,4,0,4,0
2020-04-06,Solano,95,438530,164,95,0,95,1
2020-04-06,Sonoma,97,501317,167,102,0,102,1
2020-04-06,Stanislaus,99,539301,170,72,3,75,0
2020-04-06,Sutter,101,95872,22,14,0,14,2
2020-04-06,Tehama,103,63373,1,1,0,1,0
2020-04-06,Trinity,105,12862,0,0,0,0,0
2020-04-06,Tulare,107,460477,264,126,1,127,5
2020-04-06,Tuolumne,109,53932,3,1,0,1,0
2020-04-06,Ventura,111,848112,390,234,0,234,6
2020-04-06,Yolo,113,214977,93,43,0,43,1
2020-04-06,Yuba,115,75493,14,8,0,8,0
2020-04-05,Alameda,1,1643700,912,475,0,475,12
2020-04-05,Alpine,3,1148,1,1,0,1,0
2020-04-05,Amador,5,37829,6,2,0,2,0
2020-04-05,Butte,7,227075,15,10,1,11,0
2020-04-05,Calaveras,9,45235,9,3,0,3,0
2020-04-05,Colusa,11,21464,3,1,0,1,0
2020-04-05,Contra Costa,13,1133247,621,415,0,415,6
2020-04-05,Del Norte,15,27424,2,1,0,1,0
2020-04-05,El Dorado,17,186661,40,19,0,19,0
2020-04-05,Fresno,19,978130,322,102,3,105,1
2020-04-05,Glenn,21,27897,4,2,0,2,0
2020-04-05,Humboldt,23,135768,55,29,0,29,0
2020-04-05,Imperial,25,180216,121,42,0,42,1
2020-04-05,Inyo,27,18085,11,10,0,10,0
2020-04-05,Kern,29,883053,408,109,0,109,2
2020-04-05,Kings,31,150075,28,4,1,5,0
2020-04-05,Lake,33,64148,4,0,0,0,0
2020-04-05,Lassen,35,31185,1,0,1,1,0
2020-04-05,Los Angeles,37,10098052,10416,5892,16,5908,130
2020-04-05,Madera,39,155013,53,27,0,27,2
2020-04-05,Marin,41,260295,159,113,1,114,6
2020-04-05,Mariposa,43,17540,0,0,0,0,0
2020-04-05,Mendocino,45,87422,4,4,0,4,0
2020-04-05,Merced,47,269075,53,16,0,16,0
2020-04-05,Modoc,49,8938,0,0,0,0,0
2020-04-05,Mono,51,14174,28,18,0,18,1
2020-04-05,Monterey,53,433212,86,61,0,61,2
2020-04-05,Napa,55,140530,39,15,0,15,2
2020-04-05,Nevada,57,99092,36,19,1,20,1
2020-04-05,Orange,59,3164182,1593,820,2,822,15
2020-04-05,Placer,61,380077,134,86,0,86,3
2020-04-05,Plumas,63,18699,3,2,0,2,0
2020-04-05,Riverside,65,2383286,1806,669,5,674,17
2020-04-05,Sacramento,67,1510023,749,393,0,393,11
2020-04-05,San Benito,69,59416,34,22,0,22,1
2020-04-05,San Bernardino,71,2135413,1026,375,0,375,13
2020-04-05,San Diego,73,3302833,1907,1328,0,1328,19
2020-04-05,San Francisco,75,870044,898,559,0,559,6
2020-04-05,San Joaquin,77,732212,315,179,3,182,10
2020-04-05,San Luis Obispo,79,281455,130,83,0,83,1
2020-04-05,San Mateo,81,765935,827,528,2,530,19
2020-04-05,Santa Barbara,83,443738,334,171,0,171,1
2020-04-05,Santa Clara,85,1922200,1621,1052,1,1053,42
2020-04-05,Santa Cruz,87,273765,95,59,0,59,1
2020-04-05,Shasta,89,179085,27,11,0,11,2
2020-04-05,Sierra,91,2930,0,0,0,0,0
2020-04-05,Siskiyou,93,43540,4,3,0,3,0
2020-04-05,Solano,95,438530,160,78,0,78,1
2020-04-05,Sonoma,97,501317,165,88,0,88,1
2020-04-05,Stanislaus,99,539301,156,51,3,54,0
2020-04-05,Sutter,101,95872,22,14,0,14,1
2020-04-05,Tehama,103,63373,1,1,0,1,0
2020-04-05,Trinity,105,12862,0,0,0,0,0
2020-04-05,Tulare,107,460477,232,81,1,82,4
2020-04-05,Tuolumne,109,53932,3,1,0,1,0
2020-04-05,Ventura,111,848112,376,196,0,196,6
2020-04-05,Yolo,113,214977,75,37,0,37,2
2020-04-05,Yuba,115,75493,14,7,0,7,0
2020-04-04,Alameda,1,1643700,889,468,0,468,12
2020-04-04,Alpine,3,1148,1,1,0,1,0
2020-04-04,Amador,5,37829,5,2,0,2,0
2020-04-04,Butte,7,227075,15,10,1,11,0
2020-04-04,Calaveras,9,45235,9,3,0,3,0
2020-04-04,Colusa,11,21464,3,1,0,1,0
2020-04-04,Contra Costa,13,1133247,613,382,0,382,5
2020-04-04,Del Norte,15,27424,2,1,0,1,0
2020-04-04,El Dorado,17,186661,40,19,0,19,0
2020-04-04,Fresno,19,978130,313,102,3,105,1
2020-04-04,Glenn,21,27897,4,2,0,2,0
2020-04-04,Humboldt,23,135768,55,29,0,29,0
2020-04-04,Imperial,25,180216,120,42,0,42,1
2020-04-04,Inyo,27,18085,11,10,0,10,0
2020-04-04,Kern,29,883053,379,103,0,103,2
2020-04-04,Kings,31,150075,28,3,1,4,0
2020-04-04,Lake,33,64148,4,0,0,0,0
2020-04-04,Lassen,35,31185,1,0,1,1,0
2020-04-04,Los Angeles,37,10098052,9800,5275,16,5291,117
2020-04-04,Madera,39,155013,51,27,0,27,2
2020-04-04,Marin,41,260295,157,111,0,111,6
2020-04-04,Mariposa,43,17540,0,0,0,0,0
2020-04-04,Mendocino,45,87422,4,4,0,4,0
2020-04-04,Merced,47,269075,49,11,0,11,0
2020-04-04,Modoc,49,8938,0,0,0,0,0
2020-04-04,Mono,51,14174,28,18,0,18,1
2020-04-04,Monterey,53,433212,83,61,0,61,2
2020-04-04,Napa,55,140530,39,15,0,15,2
2020-04-04,Nevada,57,99092,36,19,1,20,1
2020-04-04,Orange,59,3164182,1551,781,1,782,15
2020-04-04,Placer,61,380077,133,87,0,87,2
2020-04-04,Plumas,63,18699,3,2,0,2,0
2020-04-04,Riverside,65,2383286,1704,652,5,657,15
2020-04-04,Sacramento,67,1510023,731,393,0,393,11
2020-04-04,San Benito,69,59416,34,22,0,22,1
2020-04-04,San Bernardino,71,2135413,978,373,0,373,13
2020-04-04,San Diego,73,3302833,1859,1211,0,1211,18
2020-04-04,San Francisco,75,870044,860,537,0,537,6
2020-04-04,San Joaquin,77,732212,292,171,3,174,10
2020-04-04,San Luis Obispo,79,281455,130,82,0,82,0
2020-04-04,San Mateo,81,765935,815,520,2,522,17
2020-04-04,Santa Barbara,83,443738,325,167,0,167,1
2020-04-04,Santa Clara,85,1922200,1571,1045,1,1046,39
2020-04-04,Santa Cruz,87,273765,95,56,0,56,1
2020-04-04,Shasta,89,179085,26,11,0,11,2
2020-04-04,Sierra,91,2930,0,0,0,0,0
2020-04-04,Siskiyou,93,43540,4,3,0,3,0
2020-04-04,Solano,95,438530,155,79,0,79,1
2020-04-04,Sonoma,97,501317,162,88,0,88,1
2020-04-04,Stanislaus,99,539301,145,51,3,54,0
2020-04-04,Sutter,101,95872,22,14,0,14,1
2020-04-04,Tehama,103,63373,1,1,0,1,0
2020-04-04,Trinity,105,12862,0,0,0,0,0
2020-04-04,Tulare,107,460477,218,79,1,80,4
2020-04-04,Tuolumne,109,53932,3,1,0,1,0
2020-04-04,Ventura,111,848112,363,194,0,194,6
2020-04-04,Yolo,113,214977,73,40,0,40,2
2020-04-04,Yuba,115,75493,13,7,0,7,0
2020-04-03,Alameda,1,1643700,853,395,0,395,11
2020-04-03,Alpine,3,1148,1,1,0,1,0
2020-04-03,Amador,5,37829,5,2,0,2,0
2020-04-03,Butte,7,227075,15,8,1,9,0
2020-04-03,Calaveras,9,45235,9,3,0,3,0
2020-04-03,Colusa,11,21464,3,1,0,1,0
2020-04-03,Contra Costa,13,1133247,590,327,0,327,5
2020-04-03,Del Norte,15,27424,2,1,0,1,0
2020-04-03,El Dorado,17,186661,38,16,0,16,0
2020-04-03,Fresno,19,978130,301,98,3,101,1
2020-04-03,Glenn,21,27897,4,2,0,2,0
2020-04-03,Humboldt,23,135768,55,34,0,34,0
2020-04-03,Imperial,25,180216,111,35,0,35,0
2020-04-03,Inyo,27,18085,11,10,0,10,0
2020-04-03,Kern,29,883053,353,87,0,87,1
2020-04-03,Kings,31,150075,26,3,1,4,0
2020-04-03,Lake,33,64148,3,0,0,0,0
2020-04-03,Lassen,35,31185,1,0,1,1,0
2020-04-03,Los Angeles,37,10098052,9185,4566,16,4582,91
2020-04-03,Madera,39,155013,50,28,0,28,2
2020-04-03,Marin,41,260295,155,106,0,106,6
2020-04-03,Mariposa,43,17540,0,0,0,0,0
2020-04-03,Mendocino,45,87422,4,4,0,4,0
2020-04-03,Merced,47,269075,46,9,0,9,0
2020-04-03,Modoc,49,8938,0,0,0,0,0
2020-04-03,Mono,51,14174,28,18,0,18,1
2020-04-03,Monterey,53,433212,80,58,0,58,2
2020-04-03,Napa,55,140530,38,13,0,13,1
2020-04-03,Nevada,57,99092,36,19,1,20,1
2020-04-03,Orange,59,3164182,1512,713,1,714,13
2020-04-03,Placer,61,380077,129,76,0,76,2
2020-04-03,Plumas,63,18699,3,2,0,2,0
2020-04-03,Riverside,65,2383286,1625,540,5,545,14
2020-04-03,Sacramento,67,1510023,709,363,0,363,11
2020-04-03,San Benito,69,59416,34,22,0,22,1
2020-04-03,San Bernardino,71,2135413,933,356,0,356,11
2020-04-03,San Diego,73,3302833,1799,1114,0,1114,17
2020-04-03,San Francisco,75,870044,835,506,0,506,6
2020-04-03,San Joaquin,77,732212,280,162,3,165,10
2020-04-03,San Luis Obispo,79,281455,130,82,0,82,0
2020-04-03,San Mateo,81,765935,798,474,2,476,13
2020-04-03,Santa Barbara,83,443738,314,154,0,154,1
2020-04-03,Santa Clara,85,1922200,1537,983,1,984,39
2020-04-03,Santa Cruz,87,273765,95,52,0,52,1
2020-04-03,Shasta,89,179085,26,10,0,10,1
2020-04-03,Sierra,91,2930,0,0,0,0,0
2020-04-03,Siskiyou,93,43540,4,3,0,3,0
2020-04-03,Solano,95,438530,147,72,0,72,1
2020-04-03,Sonoma,97,501317,162,84,0,84,1
2020-04-03,Stanislaus,99,539301,139,48,3,51,0
2020-04-03,Sutter,101,95872,22,12,0,12,1
2020-04-03,Tehama,103,63373,1,1,0,1,0
2020-04-03,Trinity,105,12862,0,0,0,0,0
2020-04-03,Tulare,107,460477,205,73,1,74,3
2020-04-03,Tuolumne,109,53932,3,1,0,1,0
2020-04-03,Ventura,111,848112,353,186,0,186,6
2020-04-03,Yolo,113,214977,72,33,0,33,1
2020-04-03,Yuba,115,75493,13,6,0,6,0
2020-04-02,Alameda,1,1643700,802,345,0,345,10
2020-04-02,Alpine,3,1148,1,1,0,1,0
2020-04-02,Amador,5,37829,5,2,0,2,0
2020-04-02,Butte,7,227075,15,7,0,7,0
2020-04-02,Calaveras,9,45235,7,3,0,3,0
2020-04-02,Colusa,11,21464,3,1,0,1,0
2020-04-02,Contra Costa,13,1133247,560,297,0,297,3
2020-04-02,Del Norte,15,27424,2,0,0,0,0
2020-04-02,El Dorado,17,186661,36,16,0,16,0
2020-04-02,Fresno,19,978130,284,92,3,95,0
2020-04-02,Glenn,21,27897,3,2,0,2,0
2020-04-02,Humboldt,23,135768,51,23,0,23,0
2020-04-02,Imperial,25,180216,107,24,0,24,0
2020-04-02,Inyo,27,18085,10,8,0,8,0
2020-04-02,Kern,29,883053,327,74,0,74,0
2020-04-02,Kings,31,150075,26,3,1,4,0
2020-04-02,Lake,33,64148,3,0,0,0,0
2020-04-02,Lassen,35,31185,1,0,1,1,0
2020-04-02,Los Angeles,37,10098052,8353,4040,16,4056,79
2020-04-02,Madera,39,155013,48,25,0,25,1
2020-04-02,Marin,41,260295,149,102,0,102,1
2020-04-02,Mariposa,43,17540,0,0,0,0,0
2020-04-02,Mendocino,45,87422,4,4,0,4,0
2020-04-02,Merced,47,269075,41,9,0,9,0
2020-04-02,Modoc,49,8938,0,0,0,0,0
2020-04-02,Mono,51,14174,28,16,0,16,1
2020-04-02,Monterey,53,433212,79,50,0,50,2
2020-04-02,Napa,55,140530,38,13,0,13,0
2020-04-02,Nevada,57,99092,35,17,1,18,0
2020-04-02,Orange,59,3164182,1460,640,1,641,12
2020-04-02,Placer,61,380077,128,72,0,72,2
2020-04-02,Plumas,63,18699,3,1,0,1,0
2020-04-02,Riverside,65,2383286,1509,438,5,443,13
2020-04-02,Sacramento,67,1510023,691,322,0,322,9
2020-04-02,San Benito,69,59416,32,18,0,18,1
2020-04-02,San Bernardino,71,2135413,878,335,0,335,8
2020-04-02,San Diego,73,3302833,1732,968,0,968,16
2020-04-02,San Francisco,75,870044,808,473,0,473,6
2020-04-02,San Joaquin,77,732212,262,148,3,151,9
2020-04-02,San Luis Obispo,79,281455,125,79,0,79,0
2020-04-02,San Mateo,81,765935,777,423,2,425,13
2020-04-02,Santa Barbara,83,443738,301,125,0,125,1
2020-04-02,Santa Clara,85,1922200,1487,908,1,909,38
2020-04-02,Santa Cruz,87,273765,93,49,0,49,1
2020-04-02,Shasta,89,179085,25,7,0,7,1
2020-04-02,Sierra,91,2930,0,0,0,0,0
2020-04-02,Siskiyou,93,43540,4,3,0,3,0
2020-04-02,Solano,95,438530,137,65,0,65,0
2020-04-02,Sonoma,97,501317,158,76,0,76,1
2020-04-02,Stanislaus,99,539301,128,40,3,43,0
2020-04-02,Sutter,101,95872,21,10,0,10,1
2020-04-02,Tehama,103,63373,1,1,0,1,0
2020-04-02,Trinity,105,12862,0,0,0,0,0
2020-04-02,Tulare,107,460477,178,64,1,65,1
2020-04-02,Tuolumne,109,53932,3,1,0,1,0
2020-04-02,Ventura,111,848112,335,178,0,178,5
2020-04-02,Yolo,113,214977,70,29,0,29,1
2020-04-02,Yuba,115,75493,10,5,0,5,0
2020-04-01,Alameda,1,1643700,776,287,0,287,8
2020-04-01,Alpine,3,1148,1,1,0,1,0
2020-04-01,Amador,5,37829,5,1,0,1,0
2020-04-01,Butte,7,227075,15,6,0,6,0
2020-04-01,Calaveras,9,45235,6,3,0,3,0
2020-04-01,Colusa,11,21464,3,1,0,1,0
2020-04-01,Contra Costa,13,1133247,516,267,0,267,3
2020-04-01,Del Norte,15,27424,2,0,0,0,0
2020-04-01,El Dorado,17,186661,35,14,0,14,0
2020-04-01,Fresno,19,978130,264,75,2,77,0
2020-04-01,Glenn,21,27897,3,2,0,2,0
2020-04-01,Humboldt,23,135768,51,19,0,19,0
2020-04-01,Imperial,25,180216,100,25,0,25,0
2020-04-01,Inyo,27,18085,10,8,0,8,0
2020-04-01,Kern,29,883053,301,53,0,53,0
2020-04-01,Kings,31,150075,24,3,1,4,0
2020-04-01,Lake,33,64148,3,0,0,0,0
2020-04-01,Lassen,35,31185,1,0,1,1,0
2020-04-01,Los Angeles,37,10098052,7700,3502,16,3518,66
2020-04-01,Madera,39,155013,46,17,0,17,1
2020-04-01,Marin,41,260295,145,87,0,87,1
2020-04-01,Mariposa,43,17540,0,0,0,0,0
2020-04-01,Mendocino,45,87422,4,4,0,4,0
2020-04-01,Merced,47,269075,38,7,0,7,0
2020-04-01,Modoc,49,8938,0,0,0,0,0
2020-04-01,Mono,51,14174,28,12,0,12,1
2020-04-01,Monterey,53,433212,78,47,0,47,2
2020-04-01,Napa,55,140530,36,11,0,11,0
2020-04-01,Nevada,57,99092,35,15,1,16,0
2020-04-01,Orange,59,3164182,1406,579,1,580,11
2020-04-01,Placer,61,380077,127,52,0,52,2
2020-04-01,Plumas,63,18699,3,1,0,1,0
2020-04-01,Riverside,65,2383286,1341,306,5,311,11
2020-04-01,Sacramento,67,1510023,659,299,0,299,8
2020-04-01,San Benito,69,59416,29,14,0,14,1
2020-04-01,San Bernardino,71,2135413,828,245,0,245,5
2020-04-01,San Diego,73,3302833,1662,851,0,851,11
2020-04-01,San Francisco,75,870044,780,432,0,432,6
2020-04-01,San Joaquin,77,732212,251,132,3,135,8
2020-04-01,San Luis Obispo,79,281455,119,69,0,69,0
2020-04-01,San Mateo,81,765935,759,354,2,356,13
2020-04-01,Santa Barbara,83,443738,283,103,0,103,0
2020-04-01,Santa Clara,85,1922200,1447,805,1,806,33
2020-04-01,Santa Cruz,87,273765,88,44,0,44,1
2020-04-01,Shasta,89,179085,24,5,0,5,1
2020-04-01,Sierra,91,2930,0,0,0,0,0
2020-04-01,Siskiyou,93,43540,4,3,0,3,0
2020-04-01,Solano,95,438530,132,57,0,57,0
2020-04-01,Sonoma,97,501317,154,60,0,60,1
2020-04-01,Stanislaus,99,539301,117,29,3,32,0
2020-04-01,Sutter,101,95872,21,9,0,9,1
2020-04-01,Tehama,103,63373,1,0,0,0,0
2020-04-01,Trinity,105,12862,0,0,0,0,0
2020-04-01,Tulare,107,460477,143,43,1,44,1
2020-04-01,Tuolumne,109,53932,3,1,0,1,0
2020-04-01,Ventura,111,848112,322,154,0,154,5
2020-04-01,Yolo,113,214977,65,22,0,22,1
2020-04-01,Yuba,115,75493,9,5,0,5,0
2020-03-31,Alameda,1,1643700,708,269,0,269,7
2020-03-31,Alpine,3,1148,1,1,0,1,0
2020-03-31,Amador,5,37829,5,1,0,1,0
2020-03-31,Butte,7,227075,15,6,0,6,0
2020-03-31,Calaveras,9,45235,6,3,0,3,0
2020-03-31,Colusa,11,21464,3,1,0,1,0
2020-03-31,Contra Costa,13,1133247,491,246,0,246,3
2020-03-31,Del Norte,15,27424,1,0,0,0,0
2020-03-31,El Dorado,17,186661,31,14,0,14,0
2020-03-31,Fresno,19,978130,241,59,2,61,0
2020-03-31,Glenn,21,27897,3,2,0,2,0
2020-03-31,Humboldt,23,135768,51,18,0,18,0
2020-03-31,Imperial,25,180216,95,17,0,17,0
2020-03-31,Inyo,27,18085,10,8,0,8,0
2020-03-31,Kern,29,883053,278,47,0,47,0
2020-03-31,Kings,31,150075,22,2,1,3,0
2020-03-31,Lake,33,64148,1,0,0,0,0
2020-03-31,Lassen,35,31185,1,0,1,1,0
2020-03-31,Los Angeles,37,10098052,7036,3001,16,3017,53
2020-03-31,Madera,39,155013,45,17,0,17,1
2020-03-31,Marin,41,260295,136,85,0,85,1
2020-03-31,Mariposa,43,17540,0,0,0,0,0
2020-03-31,Mendocino,45,87422,4,4,0,4,0
2020-03-31,Merced,47,269075,33,6,0,6,0
2020-03-31,Modoc,49,8938,0,0,0,0,0
2020-03-31,Mono,51,14174,26,12,0,12,0
2020-03-31,Monterey,53,433212,76,43,0,43,2
2020-03-31,Napa,55,140530,35,9,0,9,0
2020-03-31,Nevada,57,99092,35,15,1,16,0
2020-03-31,Orange,59,3164182,1338,506,1,507,7
2020-03-31,Placer,61,380077,120,49,0,49,2
2020-03-31,Plumas,63,18699,1,0,0,0,0
2020-03-31,Riverside,65,2383286,1194,284,5,289,8
2020-03-31,Sacramento,67,1510023,607,271,0,271,8
2020-03-31,San Benito,69,59416,29,14,0,14,1
2020-03-31,San Bernardino,71,2135413,744,193,0,193,5
2020-03-31,San Diego,73,3302833,1580,736,0,736,9
2020-03-31,San Francisco,75,870044,745,404,0,404,5
2020-03-31,San Joaquin,77,732212,235,122,3,125,7
2020-03-31,San Luis Obispo,79,281455,116,67,0,67,0
2020-03-31,San Mateo,81,765935,740,297,2,299,12
2020-03-31,Santa Barbara,83,443738,266,89,0,89,0
2020-03-31,Santa Clara,85,1922200,1398,777,1,778,30
2020-03-31,Santa Cruz,87,273765,82,40,0,40,1
2020-03-31,Shasta,89,179085,21,5,0,5,1
2020-03-31,Sierra,91,2930,0,0,0,0,0
2020-03-31,Siskiyou,93,43540,4,3,0,3,0
2020-03-31,Solano,95,438530,118,56,0,56,0
2020-03-31,Sonoma,97,501317,149,58,0,58,1
2020-03-31,Stanislaus,99,539301,102,28,3,31,0
2020-03-31,Sutter,101,95872,21,8,0,8,0
2020-03-31,Tehama,103,63373,1,0,0,0,0
2020-03-31,Trinity,105,12862,0,0,0,0,0
2020-03-31,Tulare,107,460477,122,42,1,43,1
2020-03-31,Tuolumne,109,53932,3,1,0,1,0
2020-03-31,Ventura,111,848112,311,143,0,143,4
2020-03-31,Yolo,113,214977,58,21,0,21,1
2020-03-31,Yuba,115,75493,9,5,0,5,0
2020-03-30,Alameda,1,1643700,668,250,0,250,7
2020-03-30,Alpine,3,1148,1,1,0,1,0
2020-03-30,Amador,5,37829,5,1,0,1,0
2020-03-30,Butte,7,227075,13,5,0,5,0
2020-03-30,Calaveras,9,45235,6,3,0,3,0
2020-03-30,Colusa,11,21464,3,1,0,1,0
2020-03-30,Contra Costa,13,1133247,465,212,0,212,3
2020-03-30,Del Norte,15,27424,0,0,0,0,0
2020-03-30,El Dorado,17,186661,31,11,0,11,0
2020-03-30,Fresno,19,978130,217,46,2,48,0
2020-03-30,Glenn,21,27897,3,2,0,2,0
2020-03-30,Humboldt,23,135768,49,11,0,11,0
2020-03-30,Imperial,25,180216,91,9,0,9,0
2020-03-30,Inyo,27,18085,10,5,0,5,0
2020-03-30,Kern,29,883053,245,30,0,30,0
2020-03-30,Kings,31,150075,22,1,1,2,0
2020-03-30,Lake,33,64148,1,0,0,0,0
2020-03-30,Lassen,35,31185,1,0,0,0,0
2020-03-30,Los Angeles,37,10098052,6384,2467,16,2483,44
2020-03-30,Madera,39,155013,44,14,0,14,1
2020-03-30,Marin,41,260295,129,78,0,78,0
2020-03-30,Mariposa,43,17540,0,0,0,0,0
2020-03-30,Mendocino,45,87422,4,2,0,2,0
2020-03-30,Merced,47,269075,29,6,0,6,0
2020-03-30,Modoc,49,8938,0,0,0,0,0
2020-03-30,Mono,51,14174,26,11,0,11,0
2020-03-30,Monterey,53,433212,71,41,0,41,1
2020-03-30,Napa,55,140530,34,9,0,9,0
2020-03-30,Nevada,57,99092,34,14,1,15,0
2020-03-30,Orange,59,3164182,1274,418,1,419,5
2020-03-30,Placer,61,380077,117,44,0,44,2
2020-03-30,Plumas,63,18699,1,0,0,0,0
2020-03-30,Riverside,65,2383286,1113,204,5,209,7
2020-03-30,Sacramento,67,1510023,583,238,0,238,8
2020-03-30,San Benito,69,59416,29,11,0,11,1
2020-03-30,San Bernardino,71,2135413,700,145,0,145,4
2020-03-30,San Diego,73,3302833,1510,605,0,605,7
2020-03-30,San Francisco,75,870044,705,368,0,368,5
2020-03-30,San Joaquin,77,732212,228,112,3,115,5
2020-03-30,San Luis Obispo,79,281455,114,62,0,62,0
2020-03-30,San Mateo,81,765935,716,257,2,259,11
2020-03-30,Santa Barbara,83,443738,256,79,0,79,0
2020-03-30,Santa Clara,85,1922200,1367,745,1,746,31
2020-03-30,Santa Cruz,87,273765,79,36,0,36,1
2020-03-30,Shasta,89,179085,20,4,0,4,1
2020-03-30,Sierra,91,2930,0,0,0,0,0
2020-03-30,Siskiyou,93,43540,4,2,0,2,0
2020-03-30,Solano,95,438530,112,50,0,50,0
2020-03-30,Sonoma,97,501317,146,57,0,57,1
2020-03-30,Stanislaus,99,539301,95,28,3,31,0
2020-03-30,Sutter,101,95872,20,6,0,6,0
2020-03-30,Tehama,103,63373,1,0,0,0,0
2020-03-30,Trinity,105,12862,0,0,0,0,0
2020-03-30,Tulare,107,460477,113,40,1,41,1
2020-03-30,Tuolumne,109,53932,3,1,0,1,0
2020-03-30,Ventura,111,848112,300,118,0,118,2
2020-03-30,Yolo,113,214977,56,17,0,17,1
2020-03-30,Yuba,115,75493,8,5,0,5,0
2020-03-29,Alameda,1,1643700,634,207,0,207,6
2020-03-29,Alpine,3,1148,1,0,0,0,0
2020-03-29,Amador,5,37829,5,1,0,1,0
2020-03-29,Butte,7,227075,13,4,0,4,0
2020-03-29,Calaveras,9,45235,6,2,0,2,0
2020-03-29,Colusa,11,21464,3,1,0,1,0
2020-03-29,Contra Costa,13,1133247,435,187,0,187,3
2020-03-29,Del Norte,15,27424,0,0,0,0,0
2020-03-29,El Dorado,17,186661,30,9,0,9,0
2020-03-29,Fresno,19,978130,194,31,2,33,0
2020-03-29,Glenn,21,27897,2,1,0,1,0
2020-03-29,Humboldt,23,135768,46,9,0,9,0
2020-03-29,Imperial,25,180216,85,9,0,9,0
2020-03-29,Inyo,27,18085,9,0,0,0,0
2020-03-29,Kern,29,883053,227,20,0,20,0
2020-03-29,Kings,31,150075,19,1,1,2,0
2020-03-29,Lake,33,64148,0,0,0,0,0
2020-03-29,Lassen,35,31185,1,0,0,0,0
2020-03-29,Los Angeles,37,10098052,5740,2119,16,2135,37
2020-03-29,Madera,39,155013,39,11,0,11,1
2020-03-29,Marin,41,260295,124,60,0,60,0
2020-03-29,Mariposa,43,17540,0,0,0,0,0
2020-03-29,Mendocino,45,87422,4,2,0,2,0
2020-03-29,Merced,47,269075,28,4,0,4,0
2020-03-29,Modoc,49,8938,0,0,0,0,0
2020-03-29,Mono,51,14174,26,8,0,8,0
2020-03-29,Monterey,53,433212,66,36,0,36,1
2020-03-29,Napa,55,140530,32,5,0,5,0
2020-03-29,Nevada,57,99092,32,13,1,14,0
2020-03-29,Orange,59,3164182,1201,343,1,344,2
2020-03-29,Placer,61,380077,116,35,0,35,2
2020-03-29,Plumas,63,18699,1,0,0,0,0
2020-03-29,Riverside,65,2383286,989,122,5,127,7
2020-03-29,Sacramento,67,1510023,543,217,0,217,7
2020-03-29,San Benito,69,59416,28,10,0,10,1
2020-03-29,San Bernardino,71,2135413,648,94,0,94,2
2020-03-29,San Diego,73,3302833,1438,521,0,521,7
2020-03-29,San Francisco,75,870044,661,333,0,333,5
2020-03-29,San Joaquin,77,732212,219,86,3,89,4
2020-03-29,San Luis Obispo,79,281455,109,55,0,55,0
2020-03-29,San Mateo,81,765935,691,234,2,236,12
2020-03-29,Santa Barbara,83,443738,245,52,0,52,0
2020-03-29,Santa Clara,85,1922200,1312,591,1,592,30
2020-03-29,Santa Cruz,87,273765,79,33,0,33,1
2020-03-29,Shasta,89,179085,19,4,0,4,1
2020-03-29,Sierra,91,2930,0,0,0,0,0
2020-03-29,Siskiyou,93,43540,4,2,0,2,0
2020-03-29,Solano,95,438530,103,48,0,48,0
2020-03-29,Sonoma,97,501317,144,35,0,35,1
2020-03-29,Stanislaus,99,539301,90,19,3,22,0
2020-03-29,Sutter,101,95872,17,6,0,6,0
2020-03-29,Tehama,103,63373,1,0,0,0,0
2020-03-29,Trinity,105,12862,0,0,0,0,0
2020-03-29,Tulare,107,460477,94,24,1,25,1
2020-03-29,Tuolumne,109,53932,2,1,0,1,0
2020-03-29,Ventura,111,848112,273,92,0,92,2
2020-03-29,Yolo,113,214977,51,13,0,13,1
2020-03-29,Yuba,115,75493,8,3,0,3,0
2020-03-28,Alameda,1,1643700,607,410,0,410,12
2020-03-28,Alpine,3,1148,1,0,0,0,0
2020-03-28,Amador,5,37829,5,2,0,2,0
2020-03-28,Butte,7,227075,13,8,0,8,0
2020-03-28,Calaveras,9,45235,6,4,0,4,0
2020-03-28,Colusa,11,21464,3,2,0,2,0
2020-03-28,Contra Costa,13,1133247,412,350,0,350,4
2020-03-28,Del Norte,15,27424,0,0,0,0,0
2020-03-28,El Dorado,17,186661,29,18,0,18,0
2020-03-28,Fresno,19,978130,184,62,2,64,0
2020-03-28,Glenn,21,27897,2,2,0,2,0
2020-03-28,Humboldt,23,135768,46,18,0,18,0
2020-03-28,Imperial,25,180216,80,18,0,18,0
2020-03-28,Inyo,27,18085,9,0,0,0,0
2020-03-28,Kern,29,883053,210,40,0,40,0
2020-03-28,Kings,31,150075,18,2,1,3,0
2020-03-28,Lake,33,64148,0,0,0,0,0
2020-03-28,Lassen,35,31185,1,0,0,0,0
2020-03-28,Los Angeles,37,10098052,5355,3600,15,3615,64
2020-03-28,Madera,39,155013,39,22,0,22,2
2020-03-28,Marin,41,260295,119,116,0,116,0
2020-03-28,Mariposa,43,17540,0,0,0,0,0
2020-03-28,Mendocino,45,87422,4,4,0,4,0
2020-03-28,Merced,47,269075,27,8,0,8,0
2020-03-28,Modoc,49,8938,0,0,0,0,0
2020-03-28,Mono,51,14174,24,12,0,12,0
2020-03-28,Monterey,53,433212,65,64,0,64,2
2020-03-28,Napa,55,140530,27,10,0,10,0
2020-03-28,Nevada,57,99092,32,22,1,23,0
2020-03-28,Orange,59,3164182,1165,656,1,657,4
2020-03-28,Placer,61,380077,111,70,0,70,2
2020-03-28,Plumas,63,18699,1,0,0,0,0
2020-03-28,Riverside,65,2383286,921,242,5,247,14
2020-03-28,Sacramento,67,1510023,525,406,0,406,14
2020-03-28,San Benito,69,59416,28,20,0,20,2
2020-03-28,San Bernardino,71,2135413,600,162,0,162,4
2020-03-28,San Diego,73,3302833,1379,980,0,980,14
2020-03-28,San Francisco,75,870044,637,600,0,600,6
2020-03-28,San Joaquin,77,732212,212,166,3,169,8
2020-03-28,San Luis Obispo,79,281455,107,104,0,104,0
2020-03-28,San Mateo,81,765935,671,462,2,464,17
2020-03-28,Santa Barbara,83,443738,234,98,0,98,0
2020-03-28,Santa Clara,85,1922200,1293,1174,1,1175,54
2020-03-28,Santa Cruz,87,273765,78,62,0,62,0
2020-03-28,Shasta,89,179085,19,8,0,8,2
2020-03-28,Sierra,91,2930,0,0,0,0,0
2020-03-28,Siskiyou,93,43540,4,4,0,4,0
2020-03-28,Solano,95,438530,99,96,0,96,0
2020-03-28,Sonoma,97,501317,142,70,0,70,2
2020-03-28,Stanislaus,99,539301,85,34,3,37,0
2020-03-28,Sutter,101,95872,17,6,0,6,0
2020-03-28,Tehama,103,63373,1,0,0,0,0
2020-03-28,Trinity,105,12862,0,0,0,0,0
2020-03-28,Tulare,107,460477,88,46,1,47,0
2020-03-28,Tuolumne,109,53932,2,2,0,2,0
2020-03-28,Ventura,111,848112,269,178,0,178,4
2020-03-28,Yolo,113,214977,50,26,0,26,2
2020-03-28,Yuba,115,75493,8,6,0,6,0
2020-03-27,Alameda,1,1643700,588,185,0,185,4
2020-03-27,Alpine,3,1148,1,0,0,0,0
2020-03-27,Amador,5,37829,4,1,0,1,0
2020-03-27,Butte,7,227075,11,4,0,4,0
2020-03-27,Calaveras,9,45235,6,2,0,2,0
2020-03-27,Colusa,11,21464,3,0,0,0,0
2020-03-27,Contra Costa,13,1133247,391,161,0,161,2
2020-03-27,Del Norte,15,27424,0,0,0,0,0
2020-03-27,El Dorado,17,186661,27,9,0,9,0
2020-03-27,Fresno,19,978130,172,29,1,30,0
2020-03-27,Glenn,21,27897,2,0,0,0,0
2020-03-27,Humboldt,23,135768,42,9,0,9,0
2020-03-27,Imperial,25,180216,75,9,0,9,0
2020-03-27,Inyo,27,18085,9,0,0,0,0
2020-03-27,Kern,29,883053,197,20,0,20,0
2020-03-27,Kings,31,150075,17,0,1,1,0
2020-03-27,Lake,33,64148,0,0,0,0,0
2020-03-27,Lassen,35,31185,1,0,0,0,0
2020-03-27,Los Angeles,37,10098052,4942,1474,15,1489,26
2020-03-27,Madera,39,155013,37,10,0,10,1
2020-03-27,Marin,41,260295,114,58,0,58,0
2020-03-27,Mariposa,43,17540,0,0,0,0,0
2020-03-27,Mendocino,45,87422,4,2,0,2,0
2020-03-27,Merced,47,269075,26,3,0,3,0
2020-03-27,Modoc,49,8938,0,0,0,0,0
2020-03-27,Mono,51,14174,24,6,0,6,0
2020-03-27,Monterey,53,433212,62,26,0,26,1
2020-03-27,Napa,55,140530,27,5,0,5,0
2020-03-27,Nevada,57,99092,32,6,1,7,0
2020-03-27,Orange,59,3164182,1113,299,1,300,2
2020-03-27,Placer,61,380077,108,33,0,33,1
2020-03-27,Plumas,63,18699,0,0,0,0,0
2020-03-27,Riverside,65,2383286,865,121,5,126,7
2020-03-27,Sacramento,67,1510023,502,163,0,163,6
2020-03-27,San Benito,69,59416,27,9,0,9,1
2020-03-27,San Bernardino,71,2135413,510,77,0,77,2
2020-03-27,San Diego,73,3302833,1323,419,0,419,5
2020-03-27,San Francisco,75,870044,612,285,0,285,2
2020-03-27,San Joaquin,77,732212,201,73,3,76,3
2020-03-27,San Luis Obispo,79,281455,105,46,0,46,0
2020-03-27,San Mateo,81,765935,645,213,2,215,7
2020-03-27,Santa Barbara,83,443738,218,37,0,37,0
2020-03-27,Santa Clara,85,1922200,1256,557,1,558,25
2020-03-27,Santa Cruz,87,273765,78,31,0,31,0
2020-03-27,Shasta,89,179085,16,3,0,3,1
2020-03-27,Sierra,91,2930,0,0,0,0,0
2020-03-27,Siskiyou,93,43540,4,2,0,2,0
2020-03-27,Solano,95,438530,93,48,0,48,0
2020-03-27,Sonoma,97,501317,134,35,0,35,1
2020-03-27,Stanislaus,99,539301,83,16,3,19,0
2020-03-27,Sutter,101,95872,16,2,0,2,0
2020-03-27,Tehama,103,63373,1,0,0,0,0
2020-03-27,Trinity,105,12862,0,0,0,0,0
2020-03-27,Tulare,107,460477,80,15,1,16,0
2020-03-27,Tuolumne,109,53932,2,1,0,1,0
2020-03-27,Ventura,111,848112,260,80,0,80,2
2020-03-27,Yolo,113,214977,49,13,0,13,1
2020-03-27,Yuba,115,75493,7,3,0,3,0
2020-03-26,Alameda,1,1643700,548,172,0,172,4
2020-03-26,Alpine,3,1148,1,0,0,0,0
2020-03-26,Amador,5,37829,4,1,0,1,0
2020-03-26,Butte,7,227075,11,4,0,4,0
2020-03-26,Calaveras,9,45235,6,2,0,2,0
2020-03-26,Colusa,11,21464,3,0,0,0,0
2020-03-26,Contra Costa,13,1133247,381,147,0,147,2
2020-03-26,Del Norte,15,27424,0,0,0,0,0
2020-03-26,El Dorado,17,186661,26,7,0,7,0
2020-03-26,Fresno,19,978130,163,25,1,26,0
2020-03-26,Glenn,21,27897,2,0,0,0,0
2020-03-26,Humboldt,23,135768,38,8,0,8,0
2020-03-26,Imperial,25,180216,71,8,0,8,0
2020-03-26,Inyo,27,18085,8,0,0,0,0
2020-03-26,Kern,29,883053,181,20,0,20,0
2020-03-26,Kings,31,150075,17,0,1,1,0
2020-03-26,Lake,33,64148,0,0,0,0,0
2020-03-26,Lassen,35,31185,1,0,0,0,0
2020-03-26,Los Angeles,37,10098052,4541,1075,15,1090,19
2020-03-26,Madera,39,155013,35,8,0,8,0
2020-03-26,Marin,41,260295,105,56,0,56,0
2020-03-26,Mariposa,43,17540,0,0,0,0,0
2020-03-26,Mendocino,45,87422,3,1,0,1,0
2020-03-26,Merced,47,269075,23,1,0,1,0
2020-03-26,Modoc,49,8938,0,0,0,0,0
2020-03-26,Mono,51,14174,23,5,0,5,0
2020-03-26,Monterey,53,433212,59,25,0,25,1
2020-03-26,Napa,55,140530,26,5,0,5,0
2020-03-26,Nevada,57,99092,32,7,1,8,0
2020-03-26,Orange,59,3164182,1051,279,1,280,1
2020-03-26,Placer,61,380077,104,34,0,34,1
2020-03-26,Plumas,63,18699,0,0,0,0,0
2020-03-26,Riverside,65,2383286,795,118,5,123,7
2020-03-26,Sacramento,67,1510023,469,147,0,147,5
2020-03-26,San Benito,69,59416,27,8,0,8,1
2020-03-26,San Bernardino,71,2135413,444,57,0,57,1
2020-03-26,San Diego,73,3302833,1256,299,0,299,2
2020-03-26,San Francisco,75,870044,585,261,0,261,1
2020-03-26,San Joaquin,77,732212,190,69,3,72,3
2020-03-26,San Luis Obispo,79,281455,100,38,0,38,0
2020-03-26,San Mateo,81,765935,612,122,2,124,5
2020-03-26,Santa Barbara,83,443738,202,33,0,33,0
2020-03-26,Santa Clara,85,1922200,1213,487,1,488,20
2020-03-26,Santa Cruz,87,273765,74,30,0,30,0
2020-03-26,Shasta,89,179085,16,3,0,3,1
2020-03-26,Sierra,91,2930,0,0,0,0,0
2020-03-26,Siskiyou,93,43540,4,2,0,2,0
2020-03-26,Solano,95,438530,85,41,0,41,0
2020-03-26,Sonoma,97,501317,129,33,0,33,1
2020-03-26,Stanislaus,99,539301,81,15,3,18,0
2020-03-26,Sutter,101,95872,12,2,0,2,0
2020-03-26,Tehama,103,63373,1,0,0,0,0
2020-03-26,Trinity,105,12862,0,0,0,0,0
2020-03-26,Tulare,107,460477,73,15,1,16,0
2020-03-26,Tuolumne,109,53932,2,0,0,0,0
2020-03-26,Ventura,111,848112,244,70,0,70,1
2020-03-26,Yolo,113,214977,45,13,0,13,1
2020-03-26,Yuba,115,75493,7,3,0,3,0
2020-03-25,Alameda,1,1643700,527,134,0,134,3
2020-03-25,Alpine,3,1148,1,0,0,0,0
2020-03-25,Amador,5,37829,4,1,0,1,0
2020-03-25,Butte,7,227075,11,4,0,4,0
2020-03-25,Calaveras,9,45235,6,2,0,2,0
2020-03-25,Colusa,11,21464,2,0,0,0,0
2020-03-25,Contra Costa,13,1133247,367,131,0,131,1
2020-03-25,Del Norte,15,27424,0,0,0,0,0
2020-03-25,El Dorado,17,186661,26,5,0,5,0
2020-03-25,Fresno,19,978130,148,21,1,22,0
2020-03-25,Glenn,21,27897,2,0,0,0,0
2020-03-25,Humboldt,23,135768,35,3,0,3,0
2020-03-25,Imperial,25,180216,63,8,0,8,0
2020-03-25,Inyo,27,18085,5,0,0,0,0
2020-03-25,Kern,29,883053,161,13,0,13,0
2020-03-25,Kings,31,150075,16,0,1,1,0
2020-03-25,Lake,33,64148,0,0,0,0,0
2020-03-25,Lassen,35,31185,1,0,0,0,0
2020-03-25,Los Angeles,37,10098052,4144,725,15,740,10
2020-03-25,Madera,39,155013,33,6,0,6,0
2020-03-25,Marin,41,260295,99,47,0,47,0
2020-03-25,Mariposa,43,17540,0,0,0,0,0
2020-03-25,Mendocino,45,87422,2,1,0,1,0
2020-03-25,Merced,47,269075,19,0,0,0,0
2020-03-25,Modoc,49,8938,0,0,0,0,0
2020-03-25,Mono,51,14174,22,4,0,4,0
2020-03-25,Monterey,53,433212,56,23,0,23,1
2020-03-25,Napa,55,140530,26,5,0,5,0
2020-03-25,Nevada,57,99092,31,5,1,6,0
2020-03-25,Orange,59,3164182,993,214,1,215,1
2020-03-25,Placer,61,380077,98,30,0,30,1
2020-03-25,Plumas,63,18699,0,1,0,1,0
2020-03-25,Riverside,65,2383286,724,87,5,92,5
2020-03-25,Sacramento,67,1510023,443,114,0,114,5
2020-03-25,San Benito,69,59416,26,4,0,4,1
2020-03-25,San Bernardino,71,2135413,405,46,0,46,1
2020-03-25,San Diego,73,3302833,1194,238,0,238,2
2020-03-25,San Francisco,75,870044,544,212,0,212,1
2020-03-25,San Joaquin,77,732212,177,64,3,67,2
2020-03-25,San Luis Obispo,79,281455,96,35,0,35,0
2020-03-25,San Mateo,81,765935,577,111,2,113,5
2020-03-25,Santa Barbara,83,443738,191,25,0,25,0
2020-03-25,Santa Clara,85,1922200,1169,452,1,453,20
2020-03-25,Santa Cruz,87,273765,71,26,0,26,0
2020-03-25,Shasta,89,179085,15,3,0,3,1
2020-03-25,Sierra,91,2930,0,0,0,0,0
2020-03-25,Siskiyou,93,43540,4,2,0,2,0
2020-03-25,Solano,95,438530,80,39,0,39,0
2020-03-25,Sonoma,97,501317,124,31,0,31,1
2020-03-25,Stanislaus,99,539301,74,14,3,17,0
2020-03-25,Sutter,101,95872,9,1,0,1,0
2020-03-25,Tehama,103,63373,1,0,0,0,0
2020-03-25,Trinity,105,12862,0,0,0,0,0
2020-03-25,Tulare,107,460477,63,11,1,12,0
2020-03-25,Tuolumne,109,53932,2,0,0,0,0
2020-03-25,Ventura,111,848112,228,53,0,53,1
2020-03-25,Yolo,113,214977,43,9,0,9,1
2020-03-25,Yuba,115,75493,7,2,0,2,0
2020-03-24,Alameda,1,1643700,495,96,0,96,2
2020-03-24,Alpine,3,1148,1,0,0,0,0
2020-03-24,Amador,5,37829,2,1,0,1,0
2020-03-24,Butte,7,227075,10,3,0,3,0
2020-03-24,Calaveras,9,45235,5,2,0,2,0
2020-03-24,Colusa,11,21464,2,0,0,0,0
2020-03-24,Contra Costa,13,1133247,354,108,0,108,1
2020-03-24,Del Norte,15,27424,0,0,0,0,0
2020-03-24,El Dorado,17,186661,26,3,0,3,0
2020-03-24,Fresno,19,978130,129,18,1,19,0
2020-03-24,Glenn,21,27897,2,0,0,0,0
2020-03-24,Humboldt,23,135768,33,2,0,2,0
2020-03-24,Imperial,25,180216,60,3,0,3,0
2020-03-24,Inyo,27,18085,5,0,0,0,0
2020-03-24,Kern,29,883053,143,5,0,5,0
2020-03-24,Kings,31,150075,15,0,1,1,0
2020-03-24,Lake,33,64148,0,0,0,0,0
2020-03-24,Lassen,35,31185,1,0,0,0,0
2020-03-24,Los Angeles,37,10098052,3694,633,15,648,7
2020-03-24,Madera,39,155013,32,6,0,6,0
2020-03-24,Marin,41,260295,88,44,0,44,0
2020-03-24,Mariposa,43,17540,0,0,0,0,0
2020-03-24,Mendocino,45,87422,2,1,0,1,0
2020-03-24,Merced,47,269075,17,0,0,0,0
2020-03-24,Modoc,49,8938,0,0,0,0,0
2020-03-24,Mono,51,14174,21,1,0,1,0
2020-03-24,Monterey,53,433212,52,23,0,23,1
2020-03-24,Napa,55,140530,23,2,0,2,0
2020-03-24,Nevada,57,99092,30,4,1,5,0
2020-03-24,Orange,59,3164182,931,166,1,167,0
2020-03-24,Placer,61,380077,92,22,0,22,1
2020-03-24,Plumas,63,18699,0,1,0,1,0
2020-03-24,Riverside,65,2383286,657,56,5,61,5
2020-03-24,Sacramento,67,1510023,424,93,0,93,4
2020-03-24,San Benito,69,59416,25,4,0,4,1
2020-03-24,San Bernardino,71,2135413,361,27,0,27,0
2020-03-24,San Diego,73,3302833,1127,231,0,231,2
2020-03-24,San Francisco,75,870044,512,181,0,181,1
2020-03-24,San Joaquin,77,732212,166,52,3,55,2
2020-03-24,San Luis Obispo,79,281455,94,32,0,32,0
2020-03-24,San Mateo,81,765935,536,100,2,102,2
2020-03-24,Santa Barbara,83,443738,185,20,0,20,0
2020-03-24,Santa Clara,85,1922200,1100,389,1,390,17
2020-03-24,Santa Cruz,87,273765,66,22,0,22,0
2020-03-24,Shasta,89,179085,14,3,0,3,0
2020-03-24,Sierra,91,2930,0,0,0,0,0
2020-03-24,Siskiyou,93,43540,4,2,0,2,0
2020-03-24,Solano,95,438530,78,34,0,34,0
2020-03-24,Sonoma,97,501317,117,27,0,27,1
2020-03-24,Stanislaus,99,539301,65,13,3,16,0
2020-03-24,Sutter,101,95872,9,0,0,0,0
2020-03-24,Tehama,103,63373,1,0,0,0,0
2020-03-24,Trinity,105,12862,0,0,0,0,0
2020-03-24,Tulare,107,460477,55,10,1,11,0
2020-03-24,Tuolumne,109,53932,2,0,0,0,0
2020-03-24,Ventura,111,848112,212,44,0,44,1
2020-03-24,Yolo,113,214977,39,8,0,8,0
2020-03-24,Yuba,115,75493,7,2,0,2,0
2020-03-23,Alameda,1,1643700,463,88,0,88,1
2020-03-23,Alpine,3,1148,1,0,0,0,0
2020-03-23,Amador,5,37829,2,1,0,1,0
2020-03-23,Butte,7,227075,10,2,0,2,0
2020-03-23,Calaveras,9,45235,5,2,0,2,0
2020-03-23,Colusa,11,21464,1,0,0,0,0
2020-03-23,Contra Costa,13,1133247,334,91,0,91,2
2020-03-23,Del Norte,15,27424,0,0,0,0,0
2020-03-23,El Dorado,17,186661,25,3,0,3,0
2020-03-23,Fresno,19,978130,119,10,1,11,0
2020-03-23,Glenn,21,27897,2,0,0,0,0
2020-03-23,Humboldt,23,135768,31,2,0,2,0
2020-03-23,Imperial,25,180216,55,2,0,2,0
2020-03-23,Inyo,27,18085,3,0,0,0,0
2020-03-23,Kern,29,883053,129,5,0,5,0
2020-03-23,Kings,31,150075,15,0,1,1,0
2020-03-23,Lake,33,64148,0,0,0,0,0
2020-03-23,Lassen,35,31185,1,0,0,0,0
2020-03-23,Los Angeles,37,10098052,3390,389,15,404,4
2020-03-23,Madera,39,155013,32,4,0,4,0
2020-03-23,Marin,41,260295,83,30,0,30,0
2020-03-23,Mariposa,43,17540,0,0,0,0,0
2020-03-23,Mendocino,45,87422,2,1,0,1,0
2020-03-23,Merced,47,269075,11,0,0,0,0
2020-03-23,Modoc,49,8938,0,0,0,0,0
2020-03-23,Mono,51,14174,19,1,0,1,0
2020-03-23,Monterey,53,433212,47,14,0,14,1
2020-03-23,Napa,55,140530,21,1,0,1,0
2020-03-23,Nevada,57,99092,27,2,1,3,0
2020-03-23,Orange,59,3164182,877,138,1,139,0
2020-03-23,Placer,61,380077,89,19,0,19,1
2020-03-23,Plumas,63,18699,0,0,0,0,0
2020-03-23,Riverside,65,2383286,616,39,5,44,5
2020-03-23,Sacramento,67,1510023,391,87,0,87,4
2020-03-23,San Benito,69,59416,24,4,0,4,1
2020-03-23,San Bernardino,71,2135413,331,17,0,17,0
2020-03-23,San Diego,73,3302833,1068,178,0,178,1
2020-03-23,San Francisco,75,870044,483,152,0,152,0
2020-03-23,San Joaquin,77,732212,154,37,3,40,2
2020-03-23,San Luis Obispo,79,281455,88,23,0,23,0
2020-03-23,San Mateo,81,765935,498,88,2,90,1
2020-03-23,Santa Barbara,83,443738,164,18,0,18,0
2020-03-23,Santa Clara,85,1922200,1053,336,1,337,13
2020-03-23,Santa Cruz,87,273765,64,21,0,21,0
2020-03-23,Shasta,89,179085,12,2,0,2,0
2020-03-23,Sierra,91,2930,0,0,0,0,0
2020-03-23,Siskiyou,93,43540,4,2,0,2,0
2020-03-23,Solano,95,438530,74,33,0,33,0
2020-03-23,Sonoma,97,501317,105,19,0,19,1
2020-03-23,Stanislaus,99,539301,57,10,3,13,0
2020-03-23,Sutter,101,95872,9,0,0,0,0
2020-03-23,Tehama,103,63373,1,0,0,0,0
2020-03-23,Trinity,105,12862,0,0,0,0,0
2020-03-23,Tulare,107,460477,49,9,1,10,0
2020-03-23,Tuolumne,109,53932,2,0,0,0,0
2020-03-23,Ventura,111,848112,195,30,0,30,0
2020-03-23,Yolo,113,214977,38,8,0,8,0
2020-03-23,Yuba,115,75493,7,2,0,2,0
2020-03-22,Alameda,1,1643700,424,72,0,72,1
2020-03-22,Alpine,3,1148,1,0,0,0,0
2020-03-22,Amador,5,37829,2,1,0,1,0
2020-03-22,Butte,7,227075,7,1,0,1,0
2020-03-22,Calaveras,9,45235,4,2,0,2,0
2020-03-22,Colusa,11,21464,1,0,0,0,0
2020-03-22,Contra Costa,13,1133247,309,79,0,79,1
2020-03-22,Del Norte,15,27424,0,0,0,0,0
2020-03-22,El Dorado,17,186661,23,1,0,1,0
2020-03-22,Fresno,19,978130,101,8,1,9,0
2020-03-22,Glenn,21,27897,2,0,0,0,0
2020-03-22,Humboldt,23,135768,28,1,0,1,0
2020-03-22,Imperial,25,180216,53,2,0,2,0
2020-03-22,Inyo,27,18085,1,0,0,0,0
2020-03-22,Kern,29,883053,113,3,0,3,0
2020-03-22,Kings,31,150075,13,0,1,1,0
2020-03-22,Lake,33,64148,0,0,0,0,0
2020-03-22,Lassen,35,31185,1,0,0,0,0
2020-03-22,Los Angeles,37,10098052,3067,384,15,399,3
2020-03-22,Madera,39,155013,30,4,0,4,0
2020-03-22,Marin,41,260295,73,30,0,30,0
2020-03-22,Mariposa,43,17540,0,0,0,0,0
2020-03-22,Mendocino,45,87422,2,1,0,1,0
2020-03-22,Merced,47,269075,7,0,0,0,0
2020-03-22,Modoc,49,8938,0,0,0,0,0
2020-03-22,Mono,51,14174,14,1,0,1,0
2020-03-22,Monterey,53,433212,45,14,0,14,1
2020-03-22,Napa,55,140530,17,1,0,1,0
2020-03-22,Nevada,57,99092,23,2,1,3,0
2020-03-22,Orange,59,3164182,811,102,1,103,0
2020-03-22,Placer,61,380077,87,18,0,18,1
2020-03-22,Plumas,63,18699,0,0,0,0,0
2020-03-22,Riverside,65,2383286,538,26,3,29,5
2020-03-22,Sacramento,67,1510023,360,82,0,82,4
2020-03-22,San Benito,69,59416,19,4,0,4,1
2020-03-22,San Bernardino,71,2135413,288,16,0,16,0
2020-03-22,San Diego,73,3302833,980,161,0,161,0
2020-03-22,San Francisco,75,870044,446,134,0,134,0
2020-03-22,San Joaquin,77,732212,140,30,3,33,2
2020-03-22,San Luis Obispo,79,281455,83,19,0,19,0
2020-03-22,San Mateo,81,765935,465,82,2,84,1
2020-03-22,Santa Barbara,83,443738,147,16,0,16,0
2020-03-22,Santa Clara,85,1922200,991,284,1,285,13
2020-03-22,Santa Cruz,87,273765,63,19,0,19,0
2020-03-22,Shasta,89,179085,12,1,0,1,0
2020-03-22,Sierra,91,2930,0,0,0,0,0
2020-03-22,Siskiyou,93,43540,4,2,0,2,0
2020-03-22,Solano,95,438530,65,30,0,30,0
2020-03-22,Sonoma,97,501317,100,18,0,18,1
2020-03-22,Stanislaus,99,539301,51,8,3,11,0
2020-03-22,Sutter,101,95872,8,0,0,0,0
2020-03-22,Tehama,103,63373,0,0,0,0,0
2020-03-22,Trinity,105,12862,0,0,0,0,0
2020-03-22,Tulare,107,460477,46,5,1,6,0
2020-03-22,Tuolumne,109,53932,2,0,0,0,0
2020-03-22,Ventura,111,848112,174,26,0,26,0
2020-03-22,Yolo,113,214977,32,6,0,6,0
2020-03-22,Yuba,115,75493,7,2,0,2,0
2020-03-21,Alameda,1,1643700,401,62,0,62,0
2020-03-21,Alpine,3,1148,1,0,0,0,0
2020-03-21,Amador,5,37829,2,1,0,1,0
2020-03-21,Butte,7,227075,7,1,0,1,0
2020-03-21,Calaveras,9,45235,4,2,0,2,0
2020-03-21,Colusa,11,21464,1,0,0,0,0
2020-03-21,Contra Costa,13,1133247,298,62,0,62,1
2020-03-21,Del Norte,15,27424,0,0,0,0,0
2020-03-21,El Dorado,17,186661,20,1,0,1,0
2020-03-21,Fresno,19,978130,97,8,1,9,0
2020-03-21,Glenn,21,27897,2,0,0,0,0
2020-03-21,Humboldt,23,135768,25,1,0,1,0
2020-03-21,Imperial,25,180216,49,2,0,2,0
2020-03-21,Inyo,27,18085,1,0,0,0,0
2020-03-21,Kern,29,883053,107,3,0,3,0
2020-03-21,Kings,31,150075,13,0,1,1,0
2020-03-21,Lake,33,64148,0,0,0,0,0
2020-03-21,Lassen,35,31185,1,0,0,0,0
2020-03-21,Los Angeles,37,10098052,2795,322,15,337,2
2020-03-21,Madera,39,155013,30,4,0,4,0
2020-03-21,Marin,41,260295,68,30,0,30,0
2020-03-21,Mariposa,43,17540,0,0,0,0,0
2020-03-21,Mendocino,45,87422,2,1,0,1,0
2020-03-21,Merced,47,269075,6,0,0,0,0
2020-03-21,Modoc,49,8938,0,0,0,0,0
2020-03-21,Mono,51,14174,14,1,0,1,0
2020-03-21,Monterey,53,433212,43,8,0,8,1
2020-03-21,Napa,55,140530,17,0,0,0,0
2020-03-21,Nevada,57,99092,23,2,1,3,0
2020-03-21,Orange,59,3164182,762,85,1,86,0
2020-03-21,Placer,61,380077,77,11,0,11,1
2020-03-21,Plumas,63,18699,0,0,0,0,0
2020-03-21,Riverside,65,2383286,495,20,3,23,3
2020-03-21,Sacramento,67,1510023,332,66,0,66,3
2020-03-21,San Benito,69,59416,17,4,0,4,1
2020-03-21,San Bernardino,71,2135413,267,13,0,13,0
2020-03-21,San Diego,73,3302833,903,121,0,121,0
2020-03-21,San Francisco,75,870044,410,106,0,106,0
2020-03-21,San Joaquin,77,732212,131,26,3,29,2
2020-03-21,San Luis Obispo,79,281455,79,16,0,16,0
2020-03-21,San Mateo,81,765935,427,78,2,80,1
2020-03-21,Santa Barbara,83,443738,132,8,0,8,0
2020-03-21,Santa Clara,85,1922200,931,269,1,270,10
2020-03-21,Santa Cruz,87,273765,61,17,0,17,0
2020-03-21,Shasta,89,179085,11,1,0,1,0
2020-03-21,Sierra,91,2930,0,0,0,0,0
2020-03-21,Siskiyou,93,43540,4,0,0,0,0
2020-03-21,Solano,95,438530,63,30,0,30,0
2020-03-21,Sonoma,97,501317,99,15,0,15,1
2020-03-21,Stanislaus,99,539301,45,7,3,10,0
2020-03-21,Sutter,101,95872,7,0,0,0,0
2020-03-21,Tehama,103,63373,0,0,0,0,0
2020-03-21,Trinity,105,12862,0,0,0,0,0
2020-03-21,Tulare,107,460477,42,5,1,6,0
2020-03-21,Tuolumne,109,53932,2,0,0,0,0
2020-03-21,Ventura,111,848112,166,22,0,22,0
2020-03-21,Yolo,113,214977,32,6,0,6,0
2020-03-21,Yuba,115,75493,7,1,0,1,0
2020-03-20,Alameda,1,1643700,380,42,0,42,0
2020-03-20,Alpine,3,1148,1,0,0,0,0
2020-03-20,Amador,5,37829,1,0,0,0,0
2020-03-20,Butte,7,227075,7,0,0,0,0
2020-03-20,Calaveras,9,45235,4,2,0,2,0
2020-03-20,Colusa,11,21464,1,0,0,0,0
2020-03-20,Contra Costa,13,1133247,269,52,0,52,1
2020-03-20,Del Norte,15,27424,0,0,0,0,0
2020-03-20,El Dorado,17,186661,19,1,0,1,0
2020-03-20,Fresno,19,978130,94,7,1,8,0
2020-03-20,Glenn,21,27897,1,0,0,0,0
2020-03-20,Humboldt,23,135768,25,1,0,1,0
2020-03-20,Imperial,25,180216,48,2,0,2,0
2020-03-20,Inyo,27,18085,0,0,0,0,0
2020-03-20,Kern,29,883053,92,3,0,3,0
2020-03-20,Kings,31,150075,13,0,1,1,0
2020-03-20,Lake,33,64148,0,0,0,0,0
2020-03-20,Lassen,35,31185,1,0,0,0,0
2020-03-20,Los Angeles,37,10098052,2570,267,14,281,1
2020-03-20,Madera,39,155013,29,4,0,4,0
2020-03-20,Marin,41,260295,65,30,0,30,0
2020-03-20,Mariposa,43,17540,0,0,0,0,0
2020-03-20,Mendocino,45,87422,2,1,0,1,0
2020-03-20,Merced,47,269075,6,0,0,0,0
2020-03-20,Modoc,49,8938,0,0,0,0,0
2020-03-20,Mono,51,14174,14,0,0,0,0
2020-03-20,Monterey,53,433212,42,4,0,4,0
2020-03-20,Napa,55,140530,16,0,0,0,0
2020-03-20,Nevada,57,99092,20,2,1,3,0
2020-03-20,Orange,59,3164182,715,71,1,72,2
2020-03-20,Placer,61,380077,70,9,0,9,1
2020-03-20,Plumas,63,18699,0,0,0,0,0
2020-03-20,Riverside,65,2383286,442,19,3,22,3
2020-03-20,Sacramento,67,1510023,311,56,0,56,4
2020-03-20,San Benito,69,59416,17,4,0,4,1
2020-03-20,San Bernardino,71,2135413,240,9,0,9,0
2020-03-20,San Diego,73,3302833,851,98,0,98,0
2020-03-20,San Francisco,75,870044,378,87,0,87,0
2020-03-20,San Joaquin,77,732212,116,18,3,21,2
2020-03-20,San Luis Obispo,79,281455,76,11,0,11,0
2020-03-20,San Mateo,81,765935,397,71,2,73,1
2020-03-20,Santa Barbara,83,443738,116,7,0,7,0
2020-03-20,Santa Clara,85,1922200,895,246,1,247,8
2020-03-20,Santa Cruz,87,273765,59,13,0,13,0
2020-03-20,Shasta,89,179085,10,1,0,1,0
2020-03-20,Sierra,91,2930,0,0,0,0,0
2020-03-20,Siskiyou,93,43540,4,0,0,0,0
2020-03-20,Solano,95,438530,59,29,0,29,0
2020-03-20,Sonoma,97,501317,91,7,0,7,0
2020-03-20,Stanislaus,99,539301,39,7,3,10,0
2020-03-20,Sutter,101,95872,7,0,0,0,0
2020-03-20,Tehama,103,63373,0,0,0,0,0
2020-03-20,Trinity,105,12862,0,0,0,0,0
2020-03-20,Tulare,107,460477,38,4,1,5,0
2020-03-20,Tuolumne,109,53932,2,0,0,0,0
2020-03-20,Ventura,111,848112,156,18,0,18,0
2020-03-20,Yolo,113,214977,30,5,0,5,0
2020-03-20,Yuba,115,75493,6,0,0,0,0
2020-03-19,Alameda,1,1643700,344,36,0,36,0
2020-03-19,Alpine,3,1148,1,0,0,0,0
2020-03-19,Amador,5,37829,1,0,0,0,0
2020-03-19,Butte,7,227075,5,0,0,0,0
2020-03-19,Calaveras,9,45235,4,2,0,2,0
2020-03-19,Colusa,11,21464,0,0,0,0,0
2020-03-19,Contra Costa,13,1133247,253,46,0,46,0
2020-03-19,Del Norte,15,27424,0,0,0,0,0
2020-03-19,El Dorado,17,186661,18,0,0,0,0
2020-03-19,Fresno,19,978130,86,6,1,7,0
2020-03-19,Glenn,21,27897,1,0,0,0,0
2020-03-19,Humboldt,23,135768,23,1,0,1,0
2020-03-19,Imperial,25,180216,41,2,0,2,0
2020-03-19,Inyo,27,18085,0,0,0,0,0
2020-03-19,Kern,29,883053,80,3,0,3,0
2020-03-19,Kings,31,150075,10,0,1,1,0
2020-03-19,Lake,33,64148,0,0,0,0,0
2020-03-19,Lassen,35,31185,0,0,0,0,0
2020-03-19,Los Angeles,37,10098052,2283,233,14,247,0
2020-03-19,Madera,39,155013,28,3,0,3,0
2020-03-19,Marin,41,260295,62,19,0,19,0
2020-03-19,Mariposa,43,17540,0,0,0,0,0
2020-03-19,Mendocino,45,87422,1,1,0,1,0
2020-03-19,Merced,47,269075,5,0,0,0,0
2020-03-19,Modoc,49,8938,0,0,0,0,0
2020-03-19,Mono,51,14174,12,0,0,0,0
2020-03-19,Monterey,53,433212,34,3,0,3,0
2020-03-19,Napa,55,140530,14,0,0,0,0
2020-03-19,Nevada,57,99092,18,2,1,3,0
2020-03-19,Orange,59,3164182,632,59,1,60,0
2020-03-19,Placer,61,380077,62,8,0,8,1
2020-03-19,Plumas,63,18699,0,0,0,0,0
2020-03-19,Riverside,65,2383286,355,14,2,16,3
2020-03-19,Sacramento,67,1510023,278,52,0,52,3
2020-03-19,San Benito,69,59416,14,3,0,3,0
2020-03-19,San Bernardino,71,2135413,210,7,0,7,0
2020-03-19,San Diego,73,3302833,768,68,0,68,0
2020-03-19,San Francisco,75,870044,342,80,0,80,0
2020-03-19,San Joaquin,77,732212,102,15,3,18,2
2020-03-19,San Luis Obispo,79,281455,74,6,0,6,0
2020-03-19,San Mateo,81,765935,362,58,2,60,1
2020-03-19,Santa Barbara,83,443738,101,5,0,5,0
2020-03-19,Santa Clara,85,1922200,829,183,1,184,8
2020-03-19,Santa Cruz,87,273765,56,13,0,13,0
2020-03-19,Shasta,89,179085,9,1,0,1,0
2020-03-19,Sierra,91,2930,0,0,0,0,0
2020-03-19,Siskiyou,93,43540,3,0,0,0,0
2020-03-19,Solano,95,438530,55,26,0,26,0
2020-03-19,Sonoma,97,501317,88,8,0,8,0
2020-03-19,Stanislaus,99,539301,38,7,3,10,0
2020-03-19,Sutter,101,95872,7,0,0,0,0
2020-03-19,Tehama,103,63373,0,0,0,0,0
2020-03-19,Trinity,105,12862,0,0,0,0,0
2020-03-19,Tulare,107,460477,33,3,1,4,0
2020-03-19,Tuolumne,109,53932,2,0,0,0,0
2020-03-19,Ventura,111,848112,134,15,0,15,0
2020-03-19,Yolo,113,214977,26,5,0,5,0
2020-03-19,Yuba,115,75493,5,0,0,0,0
2020-03-18,Alameda,1,1643700,316,29,0,29,0
2020-03-18,Alpine,3,1148,1,0,0,0,0
2020-03-18,Amador,5,37829,1,0,0,0,0
2020-03-18,Butte,7,227075,4,0,0,0,0
2020-03-18,Calaveras,9,45235,4,2,0,2,0
2020-03-18,Colusa,11,21464,0,0,0,0,0
2020-03-18,Contra Costa,13,1133247,232,44,0,44,0
2020-03-18,Del Norte,15,27424,0,0,0,0,0
2020-03-18,El Dorado,17,186661,17,0,0,0,0
2020-03-18,Fresno,19,978130,77,3,1,4,0
2020-03-18,Glenn,21,27897,1,0,0,0,0
2020-03-18,Humboldt,23,135768,19,1,0,1,0
2020-03-18,Imperial,25,180216,34,2,0,2,0
2020-03-18,Inyo,27,18085,0,0,0,0,0
2020-03-18,Kern,29,883053,65,1,0,1,0
2020-03-18,Kings,31,150075,8,0,1,1,0
2020-03-18,Lake,33,64148,0,0,0,0,0
2020-03-18,Lassen,35,31185,0,0,0,0,0
2020-03-18,Los Angeles,37,10098052,2044,47,14,61,0
2020-03-18,Madera,39,155013,27,2,0,2,0
2020-03-18,Marin,41,260295,58,10,0,10,0
2020-03-18,Mariposa,43,17540,0,0,0,0,0
2020-03-18,Mendocino,45,87422,1,0,0,0,0
2020-03-18,Merced,47,269075,5,0,0,0,0
2020-03-18,Modoc,49,8938,0,0,0,0,0
2020-03-18,Mono,51,14174,11,0,0,0,0
2020-03-18,Monterey,53,433212,28,1,0,1,0
2020-03-18,Napa,55,140530,11,0,0,0,0
2020-03-18,Nevada,57,99092,16,2,1,3,0
2020-03-18,Orange,59,3164182,576,38,1,39,0
2020-03-18,Placer,61,380077,55,8,0,8,1
2020-03-18,Plumas,63,18699,0,0,0,0,0
2020-03-18,Riverside,65,2383286,303,11,2,13,2
2020-03-18,Sacramento,67,1510023,255,46,0,46,3
2020-03-18,San Benito,69,59416,13,3,0,3,0
2020-03-18,San Bernardino,71,2135413,188,3,0,3,0
2020-03-18,San Diego,73,3302833,683,40,0,40,0
2020-03-18,San Francisco,75,870044,323,65,0,65,0
2020-03-18,San Joaquin,77,732212,90,14,3,17,2
2020-03-18,San Luis Obispo,79,281455,68,5,0,5,0
2020-03-18,San Mateo,81,765935,339,57,2,59,1
2020-03-18,Santa Barbara,83,443738,88,2,0,2,0
2020-03-18,Santa Clara,85,1922200,781,151,1,152,6
2020-03-18,Santa Cruz,87,273765,54,11,0,11,0
2020-03-18,Shasta,89,179085,8,1,0,1,0
2020-03-18,Sierra,91,2930,0,0,0,0,0
2020-03-18,Siskiyou,93,43540,3,0,0,0,0
2020-03-18,Solano,95,438530,51,26,0,26,0
2020-03-18,Sonoma,97,501317,79,6,0,6,0
2020-03-18,Stanislaus,99,539301,34,5,2,7,0
2020-03-18,Sutter,101,95872,5,0,0,0,0
2020-03-18,Tehama,103,63373,0,0,0,0,0
2020-03-18,Trinity,105,12862,0,0,0,0,0
2020-03-18,Tulare,107,460477,25,3,1,4,0
2020-03-18,Tuolumne,109,53932,2,0,0,0,0
2020-03-18,Ventura,111,848112,115,11,0,11,0
2020-03-18,Yolo,113,214977,23,4,0,4,0
2020-03-18,Yuba,115,75493,4,0,0,0,0
2020-03-17,Alameda,1,1643700,285,19,0,19,0
2020-03-17,Alpine,3,1148,0,0,0,0,0
2020-03-17,Amador,5,37829,1,0,0,0,0
2020-03-17,Butte,7,227075,4,0,0,0,0
2020-03-17,Calaveras,9,45235,4,2,0,2,0
2020-03-17,Colusa,11,21464,0,0,0,0,0
2020-03-17,Contra Costa,13,1133247,210,37,0,37,0
2020-03-17,Del Norte,15,27424,0,0,0,0,0
2020-03-17,El Dorado,17,186661,16,0,0,0,0
2020-03-17,Fresno,19,978130,68,2,1,3,0
2020-03-17,Glenn,21,27897,1,0,0,0,0
2020-03-17,Humboldt,23,135768,17,1,0,1,0
2020-03-17,Imperial,25,180216,28,2,0,2,0
2020-03-17,Inyo,27,18085,0,0,0,0,0
2020-03-17,Kern,29,883053,51,0,0,0,0
2020-03-17,Kings,31,150075,7,0,1,1,0
2020-03-17,Lake,33,64148,0,0,0,0,0
2020-03-17,Lassen,35,31185,0,0,0,0,0
2020-03-17,Los Angeles,37,10098052,1843,41,14,55,0
2020-03-17,Madera,39,155013,20,2,0,2,0
2020-03-17,Marin,41,260295,51,4,0,4,0
2020-03-17,Mariposa,43,17540,0,0,0,0,0
2020-03-17,Mendocino,45,87422,1,0,0,0,0
2020-03-17,Merced,47,269075,5,0,0,0,0
2020-03-17,Modoc,49,8938,0,0,0,0,0
2020-03-17,Mono,51,14174,9,0,0,0,0
2020-03-17,Monterey,53,433212,26,0,0,0,0
2020-03-17,Napa,55,140530,8,0,0,0,0
2020-03-17,Nevada,57,99092,15,1,1,2,0
2020-03-17,Orange,59,3164182,500,24,1,25,0
2020-03-17,Placer,61,380077,47,7,0,7,1
2020-03-17,Plumas,63,18699,0,0,0,0,0
2020-03-17,Riverside,65,2383286,246,11,2,13,0
2020-03-17,Sacramento,67,1510023,235,36,0,36,1
2020-03-17,San Benito,69,59416,12,2,0,2,0
2020-03-17,San Bernardino,71,2135413,160,2,0,2,0
2020-03-17,San Diego,73,3302833,616,17,0,17,0
2020-03-17,San Francisco,75,870044,297,46,0,46,0
2020-03-17,San Joaquin,77,732212,84,11,3,14,0
2020-03-17,San Luis Obispo,79,281455,61,1,0,1,0
2020-03-17,San Mateo,81,765935,307,46,2,48,1
2020-03-17,Santa Barbara,83,443738,75,0,0,0,0
2020-03-17,Santa Clara,85,1922200,724,121,1,122,4
2020-03-17,Santa Cruz,87,273765,51,10,0,10,0
2020-03-17,Shasta,89,179085,4,1,0,1,0
2020-03-17,Sierra,91,2930,0,0,0,0,0
2020-03-17,Siskiyou,93,43540,3,0,0,0,0
2020-03-17,Solano,95,438530,48,27,0,27,0
2020-03-17,Sonoma,97,501317,71,4,0,4,0
2020-03-17,Stanislaus,99,539301,31,4,2,6,0
2020-03-17,Sutter,101,95872,5,0,0,0,0
2020-03-17,Tehama,103,63373,0,0,0,0,0
2020-03-17,Trinity,105,12862,0,0,0,0,0
2020-03-17,Tulare,107,460477,22,2,1,3,0
2020-03-17,Tuolumne,109,53932,2,0,0,0,0
2020-03-17,Ventura,111,848112,98,7,0,7,0
2020-03-17,Yolo,113,214977,19,2,0,2,0
2020-03-17,Yuba,115,75493,4,0,0,0,0
2020-03-16,Alameda,1,1643700,256,17,0,17,0
2020-03-16,Alpine,3,1148,0,0,0,0,0
2020-03-16,Amador,5,37829,1,0,0,0,0
2020-03-16,Butte,7,227075,3,0,0,0,0
2020-03-16,Calaveras,9,45235,4,2,0,2,0
2020-03-16,Colusa,11,21464,0,0,0,0,0
2020-03-16,Contra Costa,13,1133247,186,36,0,36,0
2020-03-16,Del Norte,15,27424,0,0,0,0,0
2020-03-16,El Dorado,17,186661,15,0,0,0,0
2020-03-16,Fresno,19,978130,53,2,1,3,0
2020-03-16,Glenn,21,27897,0,0,0,0,0
2020-03-16,Humboldt,23,135768,13,1,0,1,0
2020-03-16,Imperial,25,180216,23,2,0,2,0
2020-03-16,Inyo,27,18085,0,0,0,0,0
2020-03-16,Kern,29,883053,43,0,0,0,0
2020-03-16,Kings,31,150075,6,0,1,1,0
2020-03-16,Lake,33,64148,0,0,0,0,0
2020-03-16,Lassen,35,31185,0,0,0,0,0
2020-03-16,Los Angeles,37,10098052,1609,43,14,57,0
2020-03-16,Madera,39,155013,19,2,0,2,0
2020-03-16,Marin,41,260295,48,4,0,4,0
2020-03-16,Mariposa,43,17540,0,0,0,0,0
2020-03-16,Mendocino,45,87422,1,0,0,0,0
2020-03-16,Merced,47,269075,5,0,0,0,0
2020-03-16,Modoc,49,8938,0,0,0,0,0
2020-03-16,Mono,51,14174,7,0,0,0,0
2020-03-16,Monterey,53,433212,25,0,0,0,0
2020-03-16,Napa,55,140530,7,0,0,0,0
2020-03-16,Nevada,57,99092,11,1,1,2,0
2020-03-16,Orange,59,3164182,418,18,1,19,0
2020-03-16,Placer,61,380077,39,7,0,7,1
2020-03-16,Plumas,63,18699,0,0,0,0,0
2020-03-16,Riverside,65,2383286,212,10,2,12,0
2020-03-16,Sacramento,67,1510023,208,34,0,34,1
2020-03-16,San Benito,69,59416,8,2,0,2,0
2020-03-16,San Bernardino,71,2135413,140,1,0,1,0
2020-03-16,San Diego,73,3302833,525,17,0,17,0
2020-03-16,San Francisco,75,870044,261,40,0,40,0
2020-03-16,San Joaquin,77,732212,74,9,3,12,0
2020-03-16,San Luis Obispo,79,281455,54,1,0,1,0
2020-03-16,San Mateo,81,765935,269,42,2,44,1
2020-03-16,Santa Barbara,83,443738,63,0,0,0,0
2020-03-16,Santa Clara,85,1922200,649,115,1,116,2
2020-03-16,Santa Cruz,87,273765,44,9,0,9,0
2020-03-16,Shasta,89,179085,4,1,0,1,0
2020-03-16,Sierra,91,2930,0,0,0,0,0
2020-03-16,Siskiyou,93,43540,2,0,0,0,0
2020-03-16,Solano,95,438530,43,27,0,27,0
2020-03-16,Sonoma,97,501317,63,4,0,4,0
2020-03-16,Stanislaus,99,539301,27,2,2,4,0
2020-03-16,Sutter,101,95872,3,0,0,0,0
2020-03-16,Tehama,103,63373,0,0,0,0,0
2020-03-16,Trinity,105,12862,0,0,0,0,0
2020-03-16,Tulare,107,460477,19,2,1,3,0
2020-03-16,Tuolumne,109,53932,2,0,0,0,0
2020-03-16,Ventura,111,848112,88,7,0,7,0
2020-03-16,Yolo,113,214977,18,2,0,2,0
2020-03-16,Yuba,115,75493,3,0,0,0,0
2020-03-15,Alameda,1,1643700,210,17,0,17,0
2020-03-15,Alpine,3,1148,0,0,0,0,0
2020-03-15,Amador,5,37829,1,0,0,0,0
2020-03-15,Butte,7,227075,3,0,0,0,0
2020-03-15,Calaveras,9,45235,2,2,0,2,0
2020-03-15,Colusa,11,21464,0,0,0,0,0
2020-03-15,Contra Costa,13,1133247,161,34,0,34,0
2020-03-15,Del Norte,15,27424,0,0,0,0,0
2020-03-15,El Dorado,17,186661,14,0,0,0,0
2020-03-15,Fresno,19,978130,33,1,1,2,0
2020-03-15,Glenn,21,27897,0,0,0,0,0
2020-03-15,Humboldt,23,135768,11,1,0,1,0
2020-03-15,Imperial,25,180216,18,2,0,2,0
2020-03-15,Inyo,27,18085,0,0,0,0,0
2020-03-15,Kern,29,883053,37,0,0,0,0
2020-03-15,Kings,31,150075,6,0,1,1,0
2020-03-15,Lake,33,64148,0,0,0,0,0
2020-03-15,Lassen,35,31185,0,0,0,0,0
2020-03-15,Los Angeles,37,10098052,1371,41,14,55,0
2020-03-15,Madera,39,155013,18,2,0,2,0
2020-03-15,Marin,41,260295,41,3,0,3,0
2020-03-15,Mariposa,43,17540,0,0,0,0,0
2020-03-15,Mendocino,45,87422,1,0,0,0,0
2020-03-15,Merced,47,269075,3,0,0,0,0
2020-03-15,Modoc,49,8938,0,0,0,0,0
2020-03-15,Mono,51,14174,6,0,0,0,0
2020-03-15,Monterey,53,433212,19,0,0,0,0
2020-03-15,Napa,55,140530,7,0,0,0,0
2020-03-15,Nevada,57,99092,11,0,1,1,0
2020-03-15,Orange,59,3164182,349,16,0,16,0
2020-03-15,Placer,61,380077,33,7,0,7,1
2020-03-15,Plumas,63,18699,0,0,0,0,0
2020-03-15,Riverside,65,2383286,167,10,2,12,0
2020-03-15,Sacramento,67,1510023,172,30,0,30,1
2020-03-15,San Benito,69,59416,8,2,0,2,0
2020-03-15,San Bernardino,71,2135413,118,0,0,0,0
2020-03-15,San Diego,73,3302833,438,16,0,16,0
2020-03-15,San Francisco,75,870044,205,31,0,31,0
2020-03-15,San Joaquin,77,732212,63,6,3,9,0
2020-03-15,San Luis Obispo,79,281455,45,1,0,1,0
2020-03-15,San Mateo,81,765935,235,29,1,30,1
2020-03-15,Santa Barbara,83,443738,53,0,0,0,0
2020-03-15,Santa Clara,85,1922200,578,79,1,80,2
2020-03-15,Santa Cruz,87,273765,38,8,0,8,0
2020-03-15,Shasta,89,179085,4,1,0,1,0
2020-03-15,Sierra,91,2930,0,0,0,0,0
2020-03-15,Siskiyou,93,43540,2,0,0,0,0
2020-03-15,Solano,95,438530,42,26,0,26,0
2020-03-15,Sonoma,97,501317,54,4,0,4,0
2020-03-15,Stanislaus,99,539301,26,2,2,4,0
2020-03-15,Sutter,101,95872,2,0,0,0,0
2020-03-15,Tehama,103,63373,0,0,0,0,0
2020-03-15,Trinity,105,12862,0,0,0,0,0
2020-03-15,Tulare,107,460477,14,2,1,3,0
2020-03-15,Tuolumne,109,53932,1,0,0,0,0
2020-03-15,Ventura,111,848112,77,5,0,5,0
2020-03-15,Yolo,113,214977,15,2,0,2,0
2020-03-15,Yuba,115,75493,2,0,0,0,0
2020-03-14,Alameda,1,1643700,193,11,0,11,0
2020-03-14,Alpine,3,1148,0,0,0,0,0
2020-03-14,Amador,5,37829,1,0,0,0,0
2020-03-14,Butte,7,227075,2,0,0,0,0
2020-03-14,Calaveras,9,45235,2,2,0,2,0
2020-03-14,Colusa,11,21464,0,0,0,0,0
2020-03-14,Contra Costa,13,1133247,139,30,0,30,0
2020-03-14,Del Norte,15,27424,0,0,0,0,0
2020-03-14,El Dorado,17,186661,12,0,0,0,0
2020-03-14,Fresno,19,978130,25,1,1,2,0
2020-03-14,Glenn,21,27897,0,0,0,0,0
2020-03-14,Humboldt,23,135768,7,1,0,1,0
2020-03-14,Imperial,25,180216,14,2,0,2,0
2020-03-14,Inyo,27,18085,0,0,0,0,0
2020-03-14,Kern,29,883053,32,0,0,0,0
2020-03-14,Kings,31,150075,6,0,1,1,0
2020-03-14,Lake,33,64148,0,0,0,0,0
2020-03-14,Lassen,35,31185,0,0,0,0,0
2020-03-14,Los Angeles,37,10098052,1193,35,14,49,0
2020-03-14,Madera,39,155013,18,2,0,2,0
2020-03-14,Marin,41,260295,37,3,0,3,0
2020-03-14,Mariposa,43,17540,0,0,0,0,0
2020-03-14,Mendocino,45,87422,1,0,0,0,0
2020-03-14,Merced,47,269075,3,0,0,0,0
2020-03-14,Modoc,49,8938,0,0,0,0,0
2020-03-14,Mono,51,14174,5,0,0,0,0
2020-03-14,Monterey,53,433212,13,0,0,0,0
2020-03-14,Napa,55,140530,5,0,0,0,0
2020-03-14,Nevada,57,99092,8,0,1,1,0
2020-03-14,Orange,59,3164182,311,14,0,14,0
2020-03-14,Placer,61,380077,29,6,0,6,1
2020-03-14,Plumas,63,18699,0,0,0,0,0
2020-03-14,Riverside,65,2383286,147,10,2,12,0
2020-03-14,Sacramento,67,1510023,150,31,0,31,1
2020-03-14,San Benito,69,59416,8,2,0,2,0
2020-03-14,San Bernardino,71,2135413,100,0,0,0,0
2020-03-14,San Diego,73,3302833,363,10,0,10,0
2020-03-14,San Francisco,75,870044,184,29,0,29,0
2020-03-14,San Joaquin,77,732212,54,6,3,9,0
2020-03-14,San Luis Obispo,79,281455,40,0,0,0,0
2020-03-14,San Mateo,81,765935,212,27,1,28,0
2020-03-14,Santa Barbara,83,443738,41,0,0,0,0
2020-03-14,Santa Clara,85,1922200,522,62,1,63,2
2020-03-14,Santa Cruz,87,273765,33,8,0,8,0
2020-03-14,Shasta,89,179085,4,1,0,1,0
2020-03-14,Sierra,91,2930,0,0,0,0,0
2020-03-14,Siskiyou,93,43540,1,0,0,0,0
2020-03-14,Solano,95,438530,40,26,0,26,0
2020-03-14,Sonoma,97,501317,41,2,0,2,0
2020-03-14,Stanislaus,99,539301,22,2,2,4,0
2020-03-14,Sutter,101,95872,2,0,0,0,0
2020-03-14,Tehama,103,63373,0,0,0,0,0
2020-03-14,Trinity,105,12862,0,0,0,0,0
2020-03-14,Tulare,107,460477,12,2,1,3,0
2020-03-14,Tuolumne,109,53932,1,0,0,0,0
2020-03-14,Ventura,111,848112,68,5,0,5,0
2020-03-14,Yolo,113,214977,15,2,0,2,0
2020-03-14,Yuba,115,75493,1,0,0,0,0
2020-03-13,Alameda,1,1643700,175,12,0,12,0
2020-03-13,Alpine,3,1148,0,0,0,0,0
2020-03-13,Amador,5,37829,1,0,0,0,0
2020-03-13,Butte,7,227075,0,0,0,0,0
2020-03-13,Calaveras,9,45235,2,2,0,2,0
2020-03-13,Colusa,11,21464,0,0,0,0,0
2020-03-13,Contra Costa,13,1133247,125,22,0,22,0
2020-03-13,Del Norte,15,27424,0,0,0,0,0
2020-03-13,El Dorado,17,186661,11,0,0,0,0
2020-03-13,Fresno,19,978130,20,1,1,2,0
2020-03-13,Glenn,21,27897,0,0,0,0,0
2020-03-13,Humboldt,23,135768,7,1,0,1,0
2020-03-13,Imperial,25,180216,13,2,0,2,0
2020-03-13,Inyo,27,18085,0,0,0,0,0
2020-03-13,Kern,29,883053,27,0,0,0,0
2020-03-13,Kings,31,150075,5,0,1,1,0
2020-03-13,Lake,33,64148,0,0,0,0,0
2020-03-13,Lassen,35,31185,0,0,0,0,0
2020-03-13,Los Angeles,37,10098052,1040,30,13,43,0
2020-03-13,Madera,39,155013,17,1,0,1,0
2020-03-13,Marin,41,260295,34,3,0,3,0
2020-03-13,Mariposa,43,17540,0,0,0,0,0
2020-03-13,Mendocino,45,87422,1,0,0,0,0
2020-03-13,Merced,47,269075,2,0,0,0,0
2020-03-13,Modoc,49,8938,0,0,0,0,0
2020-03-13,Mono,51,14174,3,0,0,0,0
2020-03-13,Monterey,53,433212,8,0,0,0,0
2020-03-13,Napa,55,140530,3,0,0,0,0
2020-03-13,Nevada,57,99092,7,0,1,1,0
2020-03-13,Orange,59,3164182,273,10,0,10,0
2020-03-13,Placer,61,380077,26,6,0,6,1
2020-03-13,Plumas,63,18699,0,0,0,0,0
2020-03-13,Riverside,65,2383286,121,5,2,7,0
2020-03-13,Sacramento,67,1510023,129,18,0,18,1
2020-03-13,San Benito,69,59416,6,2,0,2,0
2020-03-13,San Bernardino,71,2135413,93,0,0,0,0
2020-03-13,San Diego,73,3302833,313,8,0,8,0
2020-03-13,San Francisco,75,870044,170,28,0,28,0
2020-03-13,San Joaquin,77,732212,50,6,3,9,0
2020-03-13,San Luis Obispo,79,281455,32,0,0,0,0
2020-03-13,San Mateo,81,765935,191,24,1,25,0
2020-03-13,Santa Barbara,83,443738,37,0,0,0,0
2020-03-13,Santa Clara,85,1922200,460,59,1,60,1
2020-03-13,Santa Cruz,87,273765,32,7,0,7,0
2020-03-13,Shasta,89,179085,3,1,0,1,0
2020-03-13,Sierra,91,2930,0,0,0,0,0
2020-03-13,Siskiyou,93,43540,0,0,0,0,0
2020-03-13,Solano,95,438530,39,26,0,26,0
2020-03-13,Sonoma,97,501317,40,2,0,2,0
2020-03-13,Stanislaus,99,539301,17,2,2,4,0
2020-03-13,Sutter,101,95872,2,0,0,0,0
2020-03-13,Tehama,103,63373,0,0,0,0,0
2020-03-13,Trinity,105,12862,0,0,0,0,0
2020-03-13,Tulare,107,460477,9,2,1,3,0
2020-03-13,Tuolumne,109,53932,1,0,0,0,0
2020-03-13,Ventura,111,848112,54,5,0,5,0
2020-03-13,Yolo,113,214977,15,1,0,1,0
2020-03-13,Yuba,115,75493,1,0,0,0,0
2020-03-12,Alameda,1,1643700,150,9,0,9,0
2020-03-12,Alpine,3,1148,0,0,0,0,0
2020-03-12,Amador,5,37829,1,0,0,0,0
2020-03-12,Butte,7,227075,0,0,0,0,0
2020-03-12,Calaveras,9,45235,2,2,0,2,0
2020-03-12,Colusa,11,21464,0,0,0,0,0
2020-03-12,Contra Costa,13,1133247,108,18,0,18,0
2020-03-12,Del Norte,15,27424,0,0,0,0,0
2020-03-12,El Dorado,17,186661,9,0,0,0,0
2020-03-12,Fresno,19,978130,11,1,1,2,0
2020-03-12,Glenn,21,27897,0,0,0,0,0
2020-03-12,Humboldt,23,135768,6,1,0,1,0
2020-03-12,Imperial,25,180216,12,2,0,2,0
2020-03-12,Inyo,27,18085,0,0,0,0,0
2020-03-12,Kern,29,883053,18,0,0,0,0
2020-03-12,Kings,31,150075,4,0,1,1,0
2020-03-12,Lake,33,64148,0,0,0,0,0
2020-03-12,Lassen,35,31185,0,0,0,0,0
2020-03-12,Los Angeles,37,10098052,880,30,13,43,0
2020-03-12,Madera,39,155013,14,1,0,1,0
2020-03-12,Marin,41,260295,24,1,0,1,0
2020-03-12,Mariposa,43,17540,0,0,0,0,0
2020-03-12,Mendocino,45,87422,1,0,0,0,0
2020-03-12,Merced,47,269075,2,0,0,0,0
2020-03-12,Modoc,49,8938,0,0,0,0,0
2020-03-12,Mono,51,14174,3,0,0,0,0
2020-03-12,Monterey,53,433212,6,0,0,0,0
2020-03-12,Napa,55,140530,3,0,0,0,0
2020-03-12,Nevada,57,99092,4,0,1,1,0
2020-03-12,Orange,59,3164182,237,7,0,7,0
2020-03-12,Placer,61,380077,22,6,0,6,1
2020-03-12,Plumas,63,18699,0,0,0,0,0
2020-03-12,Riverside,65,2383286,98,5,1,6,0
2020-03-12,Sacramento,67,1510023,105,17,0,17,1
2020-03-12,San Benito,69,59416,5,2,0,2,0
2020-03-12,San Bernardino,71,2135413,77,0,0,0,0
2020-03-12,San Diego,73,3302833,258,9,0,9,0
2020-03-12,San Francisco,75,870044,147,20,0,20,0
2020-03-12,San Joaquin,77,732212,44,3,3,6,1
2020-03-12,San Luis Obispo,79,281455,25,0,0,0,0
2020-03-12,San Mateo,81,765935,157,21,1,22,0
2020-03-12,Santa Barbara,83,443738,25,0,0,0,0
2020-03-12,Santa Clara,85,1922200,402,51,1,52,1
2020-03-12,Santa Cruz,87,273765,29,5,0,5,0
2020-03-12,Shasta,89,179085,2,1,0,1,0
2020-03-12,Sierra,91,2930,0,0,0,0,0
2020-03-12,Siskiyou,93,43540,0,0,0,0,0
2020-03-12,Solano,95,438530,34,26,0,26,0
2020-03-12,Sonoma,97,501317,34,2,0,2,0
2020-03-12,Stanislaus,99,539301,15,2,2,4,0
2020-03-12,Sutter,101,95872,0,0,0,0,0
2020-03-12,Tehama,103,63373,0,0,0,0,0
2020-03-12,Trinity,105,12862,0,0,0,0,0
2020-03-12,Tulare,107,460477,9,1,0,1,0
2020-03-12,Tuolumne,109,53932,1,0,0,0,0
2020-03-12,Ventura,111,848112,45,3,0,3,0
2020-03-12,Yolo,113,214977,14,1,0,1,0
2020-03-12,Yuba,115,75493,1,0,0,0,0
2020-03-11,Alameda,1,1643700,118,5,0,5,0
2020-03-11,Alpine,3,1148,0,0,0,0,0
2020-03-11,Amador,5,37829,1,0,0,0,0
2020-03-11,Butte,7,227075,0,0,0,0,0
2020-03-11,Calaveras,9,45235,2,2,0,2,0
2020-03-11,Colusa,11,21464,0,0,0,0,0
2020-03-11,Contra Costa,13,1133247,93,16,0,16,0
2020-03-11,Del Norte,15,27424,0,0,0,0,0
2020-03-11,El Dorado,17,186661,8,0,0,0,0
2020-03-11,Fresno,19,978130,8,1,1,2,0
2020-03-11,Glenn,21,27897,0,0,0,0,0
2020-03-11,Humboldt,23,135768,6,1,0,1,0
2020-03-11,Imperial,25,180216,10,0,0,0,0
2020-03-11,Inyo,27,18085,0,0,0,0,0
2020-03-11,Kern,29,883053,16,0,0,0,0
2020-03-11,Kings,31,150075,3,0,1,1,0
2020-03-11,Lake,33,64148,0,0,0,0,0
2020-03-11,Lassen,35,31185,0,0,0,0,0
2020-03-11,Los Angeles,37,10098052,712,21,13,34,0
2020-03-11,Madera,39,155013,12,1,0,1,0
2020-03-11,Marin,41,260295,17,1,0,1,0
2020-03-11,Mariposa,43,17540,0,0,0,0,0
2020-03-11,Mendocino,45,87422,0,0,0,0,0
2020-03-11,Merced,47,269075,2,0,0,0,0
2020-03-11,Modoc,49,8938,0,0,0,0,0
2020-03-11,Mono,51,14174,3,0,0,0,0
2020-03-11,Monterey,53,433212,5,0,0,0,0
2020-03-11,Napa,55,140530,2,0,0,0,0
2020-03-11,Nevada,57,99092,4,0,1,1,0
2020-03-11,Orange,59,3164182,206,6,0,6,0
2020-03-11,Placer,61,380077,18,6,0,6,1
2020-03-11,Plumas,63,18699,0,0,0,0,0
2020-03-11,Riverside,65,2383286,75,4,1,5,0
2020-03-11,Sacramento,67,1510023,87,9,0,9,1
2020-03-11,San Benito,69,59416,5,2,0,2,0
2020-03-11,San Bernardino,71,2135413,70,0,0,0,0
2020-03-11,San Diego,73,3302833,208,4,0,4,0
2020-03-11,San Francisco,75,870044,122,17,0,17,0
2020-03-11,San Joaquin,77,732212,33,1,3,4,0
2020-03-11,San Luis Obispo,79,281455,22,0,0,0,0
2020-03-11,San Mateo,81,765935,139,16,0,16,0
2020-03-11,Santa Barbara,83,443738,15,0,0,0,0
2020-03-11,Santa Clara,85,1922200,362,48,1,49,1
2020-03-11,Santa Cruz,87,273765,26,2,0,2,0
2020-03-11,Shasta,89,179085,2,1,0,1,0
2020-03-11,Sierra,91,2930,0,0,0,0,0
2020-03-11,Siskiyou,93,43540,0,0,0,0,0
2020-03-11,Solano,95,438530,29,26,0,26,0
2020-03-11,Sonoma,97,501317,30,2,0,2,0
2020-03-11,Stanislaus,99,539301,15,2,2,4,0
2020-03-11,Sutter,101,95872,0,0,0,0,0
2020-03-11,Tehama,103,63373,0,0,0,0,0
2020-03-11,Trinity,105,12862,0,0,0,0,0
2020-03-11,Tulare,107,460477,8,0,0,0,0
2020-03-11,Tuolumne,109,53932,1,0,0,0,0
2020-03-11,Ventura,111,848112,37,3,0,3,0
2020-03-11,Yolo,113,214977,10,1,0,1,0
2020-03-11,Yuba,115,75493,1,0,0,0,0
2020-03-10,Alameda,1,1643700,98,4,0,4,0
2020-03-10,Alpine,3,1148,0,0,0,0,0
2020-03-10,Amador,5,37829,1,0,0,0,0
2020-03-10,Butte,7,227075,0,0,0,0,0
2020-03-10,Calaveras,9,45235,2,2,0,2,0
2020-03-10,Colusa,11,21464,0,0,0,0,0
2020-03-10,Contra Costa,13,1133247,84,11,0,11,0
2020-03-10,Del Norte,15,27424,0,0,0,0,0
2020-03-10,El Dorado,17,186661,7,0,0,0,0
2020-03-10,Fresno,19,978130,6,1,1,2,0
2020-03-10,Glenn,21,27897,0,0,0,0,0
2020-03-10,Humboldt,23,135768,6,1,0,1,0
2020-03-10,Imperial,25,180216,9,0,0,0,0
2020-03-10,Inyo,27,18085,0,0,0,0,0
2020-03-10,Kern,29,883053,11,0,0,0,0
2020-03-10,Kings,31,150075,3,0,1,1,0
2020-03-10,Lake,33,64148,0,0,0,0,0
2020-03-10,Lassen,35,31185,0,0,0,0,0
2020-03-10,Los Angeles,37,10098052,576,20,13,33,0
2020-03-10,Madera,39,155013,7,1,0,1,0
2020-03-10,Marin,41,260295,16,1,0,1,0
2020-03-10,Mariposa,43,17540,0,0,0,0,0
2020-03-10,Mendocino,45,87422,0,0,0,0,0
2020-03-10,Merced,47,269075,2,0,0,0,0
2020-03-10,Modoc,49,8938,0,0,0,0,0
2020-03-10,Mono,51,14174,3,0,0,0,0
2020-03-10,Monterey,53,433212,3,0,0,0,0
2020-03-10,Napa,55,140530,2,0,0,0,0
2020-03-10,Nevada,57,99092,3,0,1,1,0
2020-03-10,Orange,59,3164182,186,5,0,5,1
2020-03-10,Placer,61,380077,14,7,0,7,1
2020-03-10,Plumas,63,18699,0,0,0,0,0
2020-03-10,Riverside,65,2383286,56,4,1,5,0
2020-03-10,Sacramento,67,1510023,78,8,0,8,0
2020-03-10,San Benito,69,59416,5,2,0,2,0
2020-03-10,San Bernardino,71,2135413,62,0,0,0,0
2020-03-10,San Diego,73,3302833,165,3,0,3,0
2020-03-10,San Francisco,75,870044,91,16,0,16,0
2020-03-10,San Joaquin,77,732212,30,1,3,4,0
2020-03-10,San Luis Obispo,79,281455,15,0,0,0,0
2020-03-10,San Mateo,81,765935,123,11,0,11,0
2020-03-10,Santa Barbara,83,443738,11,0,0,0,0
2020-03-10,Santa Clara,85,1922200,315,45,1,46,1
2020-03-10,Santa Cruz,87,273765,22,2,0,2,0
2020-03-10,Shasta,89,179085,2,1,0,1,0
2020-03-10,Sierra,91,2930,0,0,0,0,0
2020-03-10,Siskiyou,93,43540,0,0,0,0,0
2020-03-10,Solano,95,438530,27,26,0,26,0
2020-03-10,Sonoma,97,501317,27,2,0,2,0
2020-03-10,Stanislaus,99,539301,11,0,2,2,0
2020-03-10,Sutter,101,95872,0,0,0,0,0
2020-03-10,Tehama,103,63373,0,0,0,0,0
2020-03-10,Trinity,105,12862,0,0,0,0,0
2020-03-10,Tulare,107,460477,7,0,0,0,0
2020-03-10,Tuolumne,109,53932,1,0,0,0,0
2020-03-10,Ventura,111,848112,29,1,0,1,0
2020-03-10,Yolo,113,214977,7,2,0,2,0
2020-03-10,Yuba,115,75493,1,0,0,0,0
2020-03-09,Alameda,1,1643700,71,4,0,4,0
2020-03-09,Alpine,3,1148,0,0,0,0,0
2020-03-09,Amador,5,37829,0,0,0,0,0
2020-03-09,Butte,7,227075,0,0,0,0,0
2020-03-09,Calaveras,9,45235,2,0,0,0,0
2020-03-09,Colusa,11,21464,0,0,0,0,0
2020-03-09,Contra Costa,13,1133247,72,9,0,9,0
2020-03-09,Del Norte,15,27424,0,0,0,0,0
2020-03-09,El Dorado,17,186661,5,0,0,0,0
2020-03-09,Fresno,19,978130,6,1,1,2,0
2020-03-09,Glenn,21,27897,0,0,0,0,0
2020-03-09,Humboldt,23,135768,5,1,0,1,0
2020-03-09,Imperial,25,180216,9,0,0,0,0
2020-03-09,Inyo,27,18085,0,0,0,0,0
2020-03-09,Kern,29,883053,8,0,0,0,0
2020-03-09,Kings,31,150075,2,0,1,1,0
2020-03-09,Lake,33,64148,0,0,0,0,0
2020-03-09,Lassen,35,31185,0,0,0,0,0
2020-03-09,Los Angeles,37,10098052,475,17,12,29,0
2020-03-09,Madera,39,155013,7,1,0,1,0
2020-03-09,Marin,41,260295,15,1,0,1,0
2020-03-09,Mariposa,43,17540,0,0,0,0,0
2020-03-09,Mendocino,45,87422,0,0,0,0,0
2020-03-09,Merced,47,269075,2,0,0,0,0
2020-03-09,Modoc,49,8938,0,0,0,0,0
2020-03-09,Mono,51,14174,3,0,0,0,0
2020-03-09,Monterey,53,433212,1,0,0,0,0
2020-03-09,Napa,55,140530,2,0,0,0,0
2020-03-09,Nevada,57,99092,2,0,1,1,0
2020-03-09,Orange,59,3164182,157,4,0,4,0
2020-03-09,Placer,61,380077,12,7,0,7,1
2020-03-09,Plumas,63,18699,0,0,0,0,0
2020-03-09,Riverside,65,2383286,47,4,1,5,0
2020-03-09,Sacramento,67,1510023,74,8,0,8,0
2020-03-09,San Benito,69,59416,3,2,0,2,0
2020-03-09,San Bernardino,71,2135413,51,0,0,0,0
2020-03-09,San Diego,73,3302833,126,2,0,2,0
2020-03-09,San Francisco,75,870044,71,14,0,14,0
2020-03-09,San Joaquin,77,732212,21,0,3,3,0
2020-03-09,San Luis Obispo,79,281455,15,0,0,0,0
2020-03-09,San Mateo,81,765935,109,6,0,6,0
2020-03-09,Santa Barbara,83,443738,9,0,0,0,0
2020-03-09,Santa Clara,85,1922200,271,42,1,43,1
2020-03-09,Santa Cruz,87,273765,19,2,0,2,0
2020-03-09,Shasta,89,179085,2,1,0,1,0
2020-03-09,Sierra,91,2930,0,0,0,0,0
2020-03-09,Siskiyou,93,43540,0,0,0,0,0
2020-03-09,Solano,95,438530,25,26,0,26,0
2020-03-09,Sonoma,97,501317,22,2,0,2,0
2020-03-09,Stanislaus,99,539301,11,0,2,2,0
2020-03-09,Sutter,101,95872,0,0,0,0,0
2020-03-09,Tehama,103,63373,0,0,0,0,0
2020-03-09,Trinity,105,12862,0,0,0,0,0
2020-03-09,Tulare,107,460477,7,0,0,0,0
2020-03-09,Tuolumne,109,53932,1,0,0,0,0
2020-03-09,Ventura,111,848112,25,1,0,1,0
2020-03-09,Yolo,113,214977,6,2,0,2,0
2020-03-09,Yuba,115,75493,0,0,0,0,0
2020-03-08,Alameda,1,1643700,46,4,0,4,0
2020-03-08,Alpine,3,1148,0,0,0,0,0
2020-03-08,Amador,5,37829,0,0,0,0,0
2020-03-08,Butte,7,227075,0,0,0,0,0
2020-03-08,Calaveras,9,45235,2,0,0,0,0
2020-03-08,Colusa,11,21464,0,0,0,0,0
2020-03-08,Contra Costa,13,1133247,58,9,0,9,0
2020-03-08,Del Norte,15,27424,0,0,0,0,0
2020-03-08,El Dorado,17,186661,5,0,0,0,0
2020-03-08,Fresno,19,978130,4,1,1,2,0
2020-03-08,Glenn,21,27897,0,0,0,0,0
2020-03-08,Humboldt,23,135768,5,1,0,1,0
2020-03-08,Imperial,25,180216,9,0,0,0,0
2020-03-08,Inyo,27,18085,0,0,0,0,0
2020-03-08,Kern,29,883053,8,0,0,0,0
2020-03-08,Kings,31,150075,1,0,1,1,0
2020-03-08,Lake,33,64148,0,0,0,0,0
2020-03-08,Lassen,35,31185,0,0,0,0,0
2020-03-08,Los Angeles,37,10098052,383,14,12,26,0
2020-03-08,Madera,39,155013,7,1,0,1,0
2020-03-08,Marin,41,260295,13,1,0,1,0
2020-03-08,Mariposa,43,17540,0,0,0,0,0
2020-03-08,Mendocino,45,87422,0,0,0,0,0
2020-03-08,Merced,47,269075,2,0,0,0,0
2020-03-08,Modoc,49,8938,0,0,0,0,0
2020-03-08,Mono,51,14174,3,0,0,0,0
2020-03-08,Monterey,53,433212,1,0,0,0,0
2020-03-08,Napa,55,140530,2,0,0,0,0
2020-03-08,Nevada,57,99092,1,0,1,1,0
2020-03-08,Orange,59,3164182,132,4,0,4,0
2020-03-08,Placer,61,380077,11,7,0,7,1
2020-03-08,Plumas,63,18699,0,0,0,0,0
2020-03-08,Riverside,65,2383286,40,1,1,2,0
2020-03-08,Sacramento,67,1510023,64,5,0,5,0
2020-03-08,San Benito,69,59416,3,2,0,2,0
2020-03-08,San Bernardino,71,2135413,40,0,0,0,0
2020-03-08,San Diego,73,3302833,92,2,0,2,0
2020-03-08,San Francisco,75,870044,52,9,0,9,0
2020-03-08,San Joaquin,77,732212,18,0,3,3,0
2020-03-08,San Luis Obispo,79,281455,9,0,0,0,0
2020-03-08,San Mateo,81,765935,96,4,0,4,0
2020-03-08,Santa Barbara,83,443738,6,0,0,0,0
2020-03-08,Santa Clara,85,1922200,230,36,1,37,0
2020-03-08,Santa Cruz,87,273765,17,1,0,1,0
2020-03-08,Shasta,89,179085,2,0,0,0,0
2020-03-08,Sierra,91,2930,0,0,0,0,0
2020-03-08,Siskiyou,93,43540,0,0,0,0,0
2020-03-08,Solano,95,438530,24,26,0,26,0
2020-03-08,Sonoma,97,501317,17,2,0,2,0
2020-03-08,Stanislaus,99,539301,10,0,2,2,0
2020-03-08,Sutter,101,95872,0,0,0,0,0
2020-03-08,Tehama,103,63373,0,0,0,0,0
2020-03-08,Trinity,105,12862,0,0,0,0,0
2020-03-08,Tulare,107,460477,7,0,0,0,0
2020-03-08,Tuolumne,109,53932,1,0,0,0,0
2020-03-08,Ventura,111,848112,21,1,0,1,0
2020-03-08,Yolo,113,214977,3,2,0,2,0
2020-03-08,Yuba,115,75493,0,0,0,0,0
2020-03-07,Alameda,1,1643700,41,3,0,3,0
2020-03-07,Alpine,3,1148,0,0,0,0,0
2020-03-07,Amador,5,37829,0,0,0,0,0
2020-03-07,Butte,7,227075,0,0,0,0,0
2020-03-07,Calaveras,9,45235,2,0,0,0,0
2020-03-07,Colusa,11,21464,0,0,0,0,0
2020-03-07,Contra Costa,13,1133247,55,4,0,4,0
2020-03-07,Del Norte,15,27424,0,0,0,0,0
2020-03-07,El Dorado,17,186661,4,0,0,0,0
2020-03-07,Fresno,19,978130,3,1,1,2,0
2020-03-07,Glenn,21,27897,0,0,0,0,0
2020-03-07,Humboldt,23,135768,5,1,0,1,0
2020-03-07,Imperial,25,180216,8,0,0,0,0
2020-03-07,Inyo,27,18085,0,0,0,0,0
2020-03-07,Kern,29,883053,7,0,0,0,0
2020-03-07,Kings,31,150075,1,0,1,1,0
2020-03-07,Lake,33,64148,0,0,0,0,0
2020-03-07,Lassen,35,31185,0,0,0,0,0
2020-03-07,Los Angeles,37,10098052,333,14,12,26,0
2020-03-07,Madera,39,155013,6,1,0,1,0
2020-03-07,Marin,41,260295,11,0,0,0,0
2020-03-07,Mariposa,43,17540,0,0,0,0,0
2020-03-07,Mendocino,45,87422,0,0,0,0,0
2020-03-07,Merced,47,269075,2,0,0,0,0
2020-03-07,Modoc,49,8938,0,0,0,0,0
2020-03-07,Mono,51,14174,3,0,0,0,0
2020-03-07,Monterey,53,433212,1,0,0,0,0
2020-03-07,Napa,55,140530,1,0,0,0,0
2020-03-07,Nevada,57,99092,1,0,1,1,0
2020-03-07,Orange,59,3164182,124,4,0,4,0
2020-03-07,Placer,61,380077,10,6,0,6,1
2020-03-07,Plumas,63,18699,0,0,0,0,0
2020-03-07,Riverside,65,2383286,30,0,1,1,0
2020-03-07,Sacramento,67,1510023,51,4,0,4,0
2020-03-07,San Benito,69,59416,3,2,0,2,0
2020-03-07,San Bernardino,71,2135413,38,0,0,0,0
2020-03-07,San Diego,73,3302833,74,2,0,2,0
2020-03-07,San Francisco,75,870044,46,9,0,9,0
2020-03-07,San Joaquin,77,732212,16,0,3,3,0
2020-03-07,San Luis Obispo,79,281455,6,0,0,0,0
2020-03-07,San Mateo,81,765935,86,1,0,1,0
2020-03-07,Santa Barbara,83,443738,5,0,0,0,0
2020-03-07,Santa Clara,85,1922200,201,31,1,32,0
2020-03-07,Santa Cruz,87,273765,17,1,0,1,0
2020-03-07,Shasta,89,179085,2,0,0,0,0
2020-03-07,Sierra,91,2930,0,0,0,0,0
2020-03-07,Siskiyou,93,43540,0,0,0,0,0
2020-03-07,Solano,95,438530,23,25,0,25,0
2020-03-07,Sonoma,97,501317,13,2,0,2,0
2020-03-07,Stanislaus,99,539301,9,0,2,2,0
2020-03-07,Sutter,101,95872,0,0,0,0,0
2020-03-07,Tehama,103,63373,0,0,0,0,0
2020-03-07,Trinity,105,12862,0,0,0,0,0
2020-03-07,Tulare,107,460477,4,0,0,0,0
2020-03-07,Tuolumne,109,53932,1,0,0,0,0
2020-03-07,Ventura,111,848112,18,1,0,1,0
2020-03-07,Yolo,113,214977,3,2,0,2,0
2020-03-07,Yuba,115,75493,0,0,0,0,0
2020-03-06,Alameda,1,1643700,39,3,0,3,0
2020-03-06,Alpine,3,1148,0,0,0,0,0
2020-03-06,Amador,5,37829,0,0,0,0,0
2020-03-06,Butte,7,227075,0,0,0,0,0
2020-03-06,Calaveras,9,45235,2,0,0,0,0
2020-03-06,Colusa,11,21464,0,0,0,0,0
2020-03-06,Contra Costa,13,1133247,46,4,0,4,0
2020-03-06,Del Norte,15,27424,0,0,0,0,0
2020-03-06,El Dorado,17,186661,3,0,0,0,0
2020-03-06,Fresno,19,978130,2,0,1,1,0
2020-03-06,Glenn,21,27897,0,0,0,0,0
2020-03-06,Humboldt,23,135768,4,1,0,1,0
2020-03-06,Imperial,25,180216,7,0,0,0,0
2020-03-06,Inyo,27,18085,0,0,0,0,0
2020-03-06,Kern,29,883053,6,0,0,0,0
2020-03-06,Kings,31,150075,1,0,1,1,0
2020-03-06,Lake,33,64148,0,0,0,0,0
2020-03-06,Lassen,35,31185,0,0,0,0,0
2020-03-06,Los Angeles,37,10098052,290,13,12,25,0
2020-03-06,Madera,39,155013,5,0,0,0,0
2020-03-06,Marin,41,260295,10,0,0,0,0
2020-03-06,Mariposa,43,17540,0,0,0,0,0
2020-03-06,Mendocino,45,87422,0,0,0,0,0
2020-03-06,Merced,47,269075,2,0,0,0,0
2020-03-06,Modoc,49,8938,0,0,0,0,0
2020-03-06,Mono,51,14174,1,0,0,0,0
2020-03-06,Monterey,53,433212,1,0,0,0,0
2020-03-06,Napa,55,140530,1,0,0,0,0
2020-03-06,Nevada,57,99092,1,0,1,1,0
2020-03-06,Orange,59,3164182,98,4,0,4,0
2020-03-06,Placer,61,380077,10,5,0,5,1
2020-03-06,Plumas,63,18699,0,0,0,0,0
2020-03-06,Riverside,65,2383286,30,0,1,1,0
2020-03-06,Sacramento,67,1510023,42,2,0,2,0
2020-03-06,San Benito,69,59416,3,2,0,2,0
2020-03-06,San Bernardino,71,2135413,36,0,0,0,0
2020-03-06,San Diego,73,3302833,61,2,0,2,0
2020-03-06,San Francisco,75,870044,40,2,0,2,0
2020-03-06,San Joaquin,77,732212,13,0,3,3,0
2020-03-06,San Luis Obispo,79,281455,4,0,0,0,0
2020-03-06,San Mateo,81,765935,78,1,0,1,0
2020-03-06,Santa Barbara,83,443738,3,0,0,0,0
2020-03-06,Santa Clara,85,1922200,183,20,1,21,0
2020-03-06,Santa Cruz,87,273765,15,0,0,0,0
2020-03-06,Shasta,89,179085,2,0,0,0,0
2020-03-06,Sierra,91,2930,0,0,0,0,0
2020-03-06,Siskiyou,93,43540,0,0,0,0,0
2020-03-06,Solano,95,438530,22,25,0,25,0
2020-03-06,Sonoma,97,501317,13,2,0,2,0
2020-03-06,Stanislaus,99,539301,6,0,2,2,0
2020-03-06,Sutter,101,95872,0,0,0,0,0
2020-03-06,Tehama,103,63373,0,0,0,0,0
2020-03-06,Trinity,105,12862,0,0,0,0,0
2020-03-06,Tulare,107,460477,4,0,0,0,0
2020-03-06,Tuolumne,109,53932,1,0,0,0,0
2020-03-06,Ventura,111,848112,15,1,0,1,0
2020-03-06,Yolo,113,214977,3,1,0,1,0
2020-03-06,Yuba,115,75493,0,0,0,0,0
2020-03-05,Alameda,1,1643700,34,2,0,2,0
2020-03-05,Alpine,3,1148,0,0,0,0,0
2020-03-05,Amador,5,37829,0,0,0,0,0
2020-03-05,Butte,7,227075,0,0,0,0,0
2020-03-05,Calaveras,9,45235,2,0,0,0,0
2020-03-05,Colusa,11,21464,0,0,0,0,0
2020-03-05,Contra Costa,13,1133247,39,1,0,1,0
2020-03-05,Del Norte,15,27424,0,0,0,0,0
2020-03-05,El Dorado,17,186661,1,0,0,0,0
2020-03-05,Fresno,19,978130,2,0,1,1,0
2020-03-05,Glenn,21,27897,0,0,0,0,0
2020-03-05,Humboldt,23,135768,4,1,0,1,0
2020-03-05,Imperial,25,180216,5,0,0,0,0
2020-03-05,Inyo,27,18085,0,0,0,0,0
2020-03-05,Kern,29,883053,6,0,0,0,0
2020-03-05,Kings,31,150075,1,0,1,1,0
2020-03-05,Lake,33,64148,0,0,0,0,0
2020-03-05,Lassen,35,31185,0,0,0,0,0
2020-03-05,Los Angeles,37,10098052,243,11,12,23,0
2020-03-05,Madera,39,155013,5,0,0,0,0
2020-03-05,Marin,41,260295,10,0,0,0,0
2020-03-05,Mariposa,43,17540,0,0,0,0,0
2020-03-05,Mendocino,45,87422,0,0,0,0,0
2020-03-05,Merced,47,269075,2,0,0,0,0
2020-03-05,Modoc,49,8938,0,0,0,0,0
2020-03-05,Mono,51,14174,1,0,0,0,0
2020-03-05,Monterey,53,433212,1,0,0,0,0
2020-03-05,Napa,55,140530,1,0,0,0,0
2020-03-05,Nevada,57,99092,0,0,1,1,0
2020-03-05,Orange,59,3164182,83,3,0,3,0
2020-03-05,Placer,61,380077,10,2,0,2,1
2020-03-05,Plumas,63,18699,0,0,0,0,0
2020-03-05,Riverside,65,2383286,27,0,1,1,0
2020-03-05,Sacramento,67,1510023,36,2,0,2,0
2020-03-05,San Benito,69,59416,1,2,0,2,0
2020-03-05,San Bernardino,71,2135413,31,0,0,0,0
2020-03-05,San Diego,73,3302833,54,2,0,2,0
2020-03-05,San Francisco,75,870044,30,2,0,2,0
2020-03-05,San Joaquin,77,732212,10,0,3,3,0
2020-03-05,San Luis Obispo,79,281455,4,0,0,0,0
2020-03-05,San Mateo,81,765935,65,1,0,1,0
2020-03-05,Santa Barbara,83,443738,2,0,0,0,0
2020-03-05,Santa Clara,85,1922200,162,14,1,15,0
2020-03-05,Santa Cruz,87,273765,13,0,0,0,0
2020-03-05,Shasta,89,179085,2,0,0,0,0
2020-03-05,Sierra,91,2930,0,0,0,0,0
2020-03-05,Siskiyou,93,43540,0,0,0,0,0
2020-03-05,Solano,95,438530,22,24,0,24,0
2020-03-05,Sonoma,97,501317,12,2,0,2,0
2020-03-05,Stanislaus,99,539301,5,0,2,2,0
2020-03-05,Sutter,101,95872,0,0,0,0,0
2020-03-05,Tehama,103,63373,0,0,0,0,0
2020-03-05,Trinity,105,12862,0,0,0,0,0
2020-03-05,Tulare,107,460477,4,0,0,0,0
2020-03-05,Tuolumne,109,53932,1,0,0,0,0
2020-03-05,Ventura,111,848112,13,0,0,0,0
2020-03-05,Yolo,113,214977,3,0,0,0,0
2020-03-05,Yuba,115,75493,0,0,0,0,0
2020-03-04,Alameda,1,1643700,30,2,0,2,0
2020-03-04,Alpine,3,1148,0,0,0,0,0
2020-03-04,Amador,5,37829,0,0,0,0,0
2020-03-04,Butte,7,227075,0,0,0,0,0
2020-03-04,Calaveras,9,45235,0,0,0,0,0
2020-03-04,Colusa,11,21464,0,0,0,0,0
2020-03-04,Contra Costa,13,1133247,34,1,0,1,0
2020-03-04,Del Norte,15,27424,0,0,0,0,0
2020-03-04,El Dorado,17,186661,1,0,0,0,0
2020-03-04,Fresno,19,978130,2,0,1,1,0
2020-03-04,Glenn,21,27897,0,0,0,0,0
2020-03-04,Humboldt,23,135768,1,1,0,1,0
2020-03-04,Imperial,25,180216,5,0,0,0,0
2020-03-04,Inyo,27,18085,0,0,0,0,0
2020-03-04,Kern,29,883053,6,0,0,0,0
2020-03-04,Kings,31,150075,1,0,1,1,0
2020-03-04,Lake,33,64148,0,0,0,0,0
2020-03-04,Lassen,35,31185,0,0,0,0,0
2020-03-04,Los Angeles,37,10098052,208,7,12,19,0
2020-03-04,Madera,39,155013,5,0,0,0,0
2020-03-04,Marin,41,260295,10,0,0,0,0
2020-03-04,Mariposa,43,17540,0,0,0,0,0
2020-03-04,Mendocino,45,87422,0,0,0,0,0
2020-03-04,Merced,47,269075,2,0,0,0,0
2020-03-04,Modoc,49,8938,0,0,0,0,0
2020-03-04,Mono,51,14174,1,0,0,0,0
2020-03-04,Monterey,53,433212,1,0,0,0,0
2020-03-04,Napa,55,140530,1,0,0,0,0
2020-03-04,Nevada,57,99092,0,0,1,1,0
2020-03-04,Orange,59,3164182,80,3,0,3,0
2020-03-04,Placer,61,380077,9,2,0,2,1
2020-03-04,Plumas,63,18699,0,0,0,0,0
2020-03-04,Riverside,65,2383286,23,0,1,1,0
2020-03-04,Sacramento,67,1510023,32,1,0,1,0
2020-03-04,San Benito,69,59416,1,2,0,2,0
2020-03-04,San Bernardino,71,2135413,28,0,0,0,0
2020-03-04,San Diego,73,3302833,41,2,0,2,0
2020-03-04,San Francisco,75,870044,25,0,0,0,0
2020-03-04,San Joaquin,77,732212,9,0,3,3,0
2020-03-04,San Luis Obispo,79,281455,4,0,0,0,0
2020-03-04,San Mateo,81,765935,60,1,0,1,0
2020-03-04,Santa Barbara,83,443738,2,0,0,0,0
2020-03-04,Santa Clara,85,1922200,145,12,1,13,0
2020-03-04,Santa Cruz,87,273765,13,0,0,0,0
2020-03-04,Shasta,89,179085,2,0,0,0,0
2020-03-04,Sierra,91,2930,0,0,0,0,0
2020-03-04,Siskiyou,93,43540,0,0,0,0,0
2020-03-04,Solano,95,438530,21,24,0,24,0
2020-03-04,Sonoma,97,501317,11,2,0,2,0
2020-03-04,Stanislaus,99,539301,5,0,2,2,0
2020-03-04,Sutter,101,95872,0,0,0,0,0
2020-03-04,Tehama,103,63373,0,0,0,0,0
2020-03-04,Trinity,105,12862,0,0,0,0,0
2020-03-04,Tulare,107,460477,4,0,0,0,0
2020-03-04,Tuolumne,109,53932,0,0,0,0,0
2020-03-04,Ventura,111,848112,12,0,0,0,0
2020-03-04,Yolo,113,214977,3,0,0,0,0
2020-03-04,Yuba,115,75493,0,0,0,0,0
2020-03-03,Alameda,1,1643700,24,2,0,2,0
2020-03-03,Alpine,3,1148,0,0,0,0,0
2020-03-03,Amador,5,37829,0,0,0,0,0
2020-03-03,Butte,7,227075,0,0,0,0,0
2020-03-03,Calaveras,9,45235,0,0,0,0,0
2020-03-03,Colusa,11,21464,0,0,0,0,0
2020-03-03,Contra Costa,13,1133247,30,0,0,0,0
2020-03-03,Del Norte,15,27424,0,0,0,0,0
2020-03-03,El Dorado,17,186661,1,0,0,0,0
2020-03-03,Fresno,19,978130,1,0,1,1,0
2020-03-03,Glenn,21,27897,0,0,0,0,0
2020-03-03,Humboldt,23,135768,1,1,0,1,0
2020-03-03,Imperial,25,180216,5,0,0,0,0
2020-03-03,Inyo,27,18085,0,0,0,0,0
2020-03-03,Kern,29,883053,4,0,0,0,0
2020-03-03,Kings,31,150075,1,0,1,1,0
2020-03-03,Lake,33,64148,0,0,0,0,0
2020-03-03,Lassen,35,31185,0,0,0,0,0
2020-03-03,Los Angeles,37,10098052,189,5,12,17,0
2020-03-03,Madera,39,155013,4,0,0,0,0
2020-03-03,Marin,41,260295,6,0,0,0,0
2020-03-03,Mariposa,43,17540,0,0,0,0,0
2020-03-03,Mendocino,45,87422,0,0,0,0,0
2020-03-03,Merced,47,269075,2,0,0,0,0
2020-03-03,Modoc,49,8938,0,0,0,0,0
2020-03-03,Mono,51,14174,1,0,0,0,0
2020-03-03,Monterey,53,433212,0,0,0,0,0
2020-03-03,Napa,55,140530,1,0,0,0,0
2020-03-03,Nevada,57,99092,0,0,1,1,0
2020-03-03,Orange,59,3164182,72,1,0,1,0
2020-03-03,Placer,61,380077,8,2,0,2,0
2020-03-03,Plumas,63,18699,0,0,0,0,0
2020-03-03,Riverside,65,2383286,20,0,1,1,0
2020-03-03,Sacramento,67,1510023,31,1,0,1,0
2020-03-03,San Benito,69,59416,1,2,0,2,0
2020-03-03,San Bernardino,71,2135413,25,0,0,0,0
2020-03-03,San Diego,73,3302833,34,2,0,2,0
2020-03-03,San Francisco,75,870044,23,0,0,0,0
2020-03-03,San Joaquin,77,732212,8,0,3,3,0
2020-03-03,San Luis Obispo,79,281455,2,0,0,0,0
2020-03-03,San Mateo,81,765935,53,1,0,1,0
2020-03-03,Santa Barbara,83,443738,1,0,0,0,0
2020-03-03,Santa Clara,85,1922200,130,11,1,12,0
2020-03-03,Santa Cruz,87,273765,10,0,0,0,0
2020-03-03,Shasta,89,179085,2,0,0,0,0
2020-03-03,Sierra,91,2930,0,0,0,0,0
2020-03-03,Siskiyou,93,43540,0,0,0,0,0
2020-03-03,Solano,95,438530,20,24,0,24,0
2020-03-03,Sonoma,97,501317,11,1,0,1,0
2020-03-03,Stanislaus,99,539301,5,0,2,2,0
2020-03-03,Sutter,101,95872,0,0,0,0,0
2020-03-03,Tehama,103,63373,0,0,0,0,0
2020-03-03,Trinity,105,12862,0,0,0,0,0
2020-03-03,Tulare,107,460477,4,0,0,0,0
2020-03-03,Tuolumne,109,53932,0,0,0,0,0
2020-03-03,Ventura,111,848112,11,0,0,0,0
2020-03-03,Yolo,113,214977,2,0,0,0,0
2020-03-03,Yuba,115,75493,0,0,0,0,0
2020-03-02,Alameda,1,1643700,21,1,0,1,0
2020-03-02,Alpine,3,1148,0,0,0,0,0
2020-03-02,Amador,5,37829,0,0,0,0,0
2020-03-02,Butte,7,227075,0,0,0,0,0
2020-03-02,Calaveras,9,45235,0,0,0,0,0
2020-03-02,Colusa,11,21464,0,0,0,0,0
2020-03-02,Contra Costa,13,1133247,27,0,0,0,0
2020-03-02,Del Norte,15,27424,0,0,0,0,0
2020-03-02,El Dorado,17,186661,1,0,0,0,0
2020-03-02,Fresno,19,978130,1,0,1,1,0
2020-03-02,Glenn,21,27897,0,0,0,0,0
2020-03-02,Humboldt,23,135768,1,1,0,1,0
2020-03-02,Imperial,25,180216,5,0,0,0,0
2020-03-02,Inyo,27,18085,0,0,0,0,0
2020-03-02,Kern,29,883053,4,0,0,0,0
2020-03-02,Kings,31,150075,1,0,1,1,0
2020-03-02,Lake,33,64148,0,0,0,0,0
2020-03-02,Lassen,35,31185,0,0,0,0,0
2020-03-02,Los Angeles,37,10098052,174,1,12,13,0
2020-03-02,Madera,39,155013,4,0,0,0,0
2020-03-02,Marin,41,260295,6,0,0,0,0
2020-03-02,Mariposa,43,17540,0,0,0,0,0
2020-03-02,Mendocino,45,87422,0,0,0,0,0
2020-03-02,Merced,47,269075,1,0,0,0,0
2020-03-02,Modoc,49,8938,0,0,0,0,0
2020-03-02,Mono,51,14174,1,0,0,0,0
2020-03-02,Monterey,53,433212,0,0,0,0,0
2020-03-02,Napa,55,140530,1,0,0,0,0
2020-03-02,Nevada,57,99092,0,0,1,1,0
2020-03-02,Orange,59,3164182,67,1,0,1,0
2020-03-02,Placer,61,380077,8,1,0,1,0
2020-03-02,Plumas,63,18699,0,0,0,0,0
2020-03-02,Riverside,65,2383286,19,0,1,1,0
2020-03-02,Sacramento,67,1510023,25,1,0,1,0
2020-03-02,San Benito,69,59416,1,2,0,2,0
2020-03-02,San Bernardino,71,2135413,25,0,0,0,0
2020-03-02,San Diego,73,3302833,28,2,0,2,0
2020-03-02,San Francisco,75,870044,17,0,0,0,0
2020-03-02,San Joaquin,77,732212,7,0,3,3,0
2020-03-02,San Luis Obispo,79,281455,2,0,0,0,0
2020-03-02,San Mateo,81,765935,44,1,0,1,0
2020-03-02,Santa Barbara,83,443738,1,0,0,0,0
2020-03-02,Santa Clara,85,1922200,108,7,1,8,0
2020-03-02,Santa Cruz,87,273765,9,0,0,0,0
2020-03-02,Shasta,89,179085,2,0,0,0,0
2020-03-02,Sierra,91,2930,0,0,0,0,0
2020-03-02,Siskiyou,93,43540,0,0,0,0,0
2020-03-02,Solano,95,438530,19,24,0,24,0
2020-03-02,Sonoma,97,501317,10,1,0,1,0
2020-03-02,Stanislaus,99,539301,2,0,2,2,0
2020-03-02,Sutter,101,95872,0,0,0,0,0
2020-03-02,Tehama,103,63373,0,0,0,0,0
2020-03-02,Trinity,105,12862,0,0,0,0,0
2020-03-02,Tulare,107,460477,4,0,0,0,0
2020-03-02,Tuolumne,109,53932,0,0,0,0,0
2020-03-02,Ventura,111,848112,10,0,0,0,0
2020-03-02,Yolo,113,214977,2,0,0,0,0
2020-03-02,Yuba,115,75493,0,0,0,0,0
2020-03-01,Alameda,1,1643700,20,1,0,1,0
2020-03-01,Alpine,3,1148,0,0,0,0,0
2020-03-01,Amador,5,37829,0,0,0,0,0
2020-03-01,Butte,7,227075,0,0,0,0,0
2020-03-01,Calaveras,9,45235,0,0,0,0,0
2020-03-01,Colusa,11,21464,0,0,0,0,0
2020-03-01,Contra Costa,13,1133247,24,0,0,0,0
2020-03-01,Del Norte,15,27424,0,0,0,0,0
2020-03-01,El Dorado,17,186661,1,0,0,0,0
2020-03-01,Fresno,19,978130,0,0,1,1,0
2020-03-01,Glenn,21,27897,0,0,0,0,0
2020-03-01,Humboldt,23,135768,1,1,0,1,0
2020-03-01,Imperial,25,180216,5,0,0,0,0
2020-03-01,Inyo,27,18085,0,0,0,0,0
2020-03-01,Kern,29,883053,2,0,0,0,0
2020-03-01,Kings,31,150075,1,0,1,1,0
2020-03-01,Lake,33,64148,0,0,0,0,0
2020-03-01,Lassen,35,31185,0,0,0,0,0
2020-03-01,Los Angeles,37,10098052,155,1,12,13,0
2020-03-01,Madera,39,155013,2,0,0,0,0
2020-03-01,Marin,41,260295,5,0,0,0,0
2020-03-01,Mariposa,43,17540,0,0,0,0,0
2020-03-01,Mendocino,45,87422,0,0,0,0,0
2020-03-01,Merced,47,269075,1,0,0,0,0
2020-03-01,Modoc,49,8938,0,0,0,0,0
2020-03-01,Mono,51,14174,1,0,0,0,0
2020-03-01,Monterey,53,433212,0,0,0,0,0
2020-03-01,Napa,55,140530,1,0,0,0,0
2020-03-01,Nevada,57,99092,0,0,1,1,0
2020-03-01,Orange,59,3164182,64,1,0,1,0
2020-03-01,Placer,61,380077,8,0,0,0,0
2020-03-01,Plumas,63,18699,0,0,0,0,0
2020-03-01,Riverside,65,2383286,18,0,1,1,0
2020-03-01,Sacramento,67,1510023,21,1,0,1,0
2020-03-01,San Benito,69,59416,0,2,0,2,0
2020-03-01,San Bernardino,71,2135413,23,0,0,0,0
2020-03-01,San Diego,73,3302833,21,2,0,2,0
2020-03-01,San Francisco,75,870044,13,0,0,0,0
2020-03-01,San Joaquin,77,732212,7,0,3,3,0
2020-03-01,San Luis Obispo,79,281455,2,0,0,0,0
2020-03-01,San Mateo,81,765935,36,0,0,0,0
2020-03-01,Santa Barbara,83,443738,1,0,0,0,0
2020-03-01,Santa Clara,85,1922200,95,6,1,7,0
2020-03-01,Santa Cruz,87,273765,8,0,0,0,0
2020-03-01,Shasta,89,179085,2,0,0,0,0
2020-03-01,Sierra,91,2930,0,0,0,0,0
2020-03-01,Siskiyou,93,43540,0,0,0,0,0
2020-03-01,Solano,95,438530,19,24,0,24,0
2020-03-01,Sonoma,97,501317,9,0,0,0,0
2020-03-01,Stanislaus,99,539301,2,0,2,2,0
2020-03-01,Sutter,101,95872,0,0,0,0,0
2020-03-01,Tehama,103,63373,0,0,0,0,0
2020-03-01,Trinity,105,12862,0,0,0,0,0
2020-03-01,Tulare,107,460477,4,0,0,0,0
2020-03-01,Tuolumne,109,53932,0,0,0,0,0
2020-03-01,Ventura,111,848112,8,0,0,0,0
2020-03-01,Yolo,113,214977,2,0,0,0,0
2020-03-01,Yuba,115,75493,0,0,0,0,0
2020-02-29,Alameda,1,1643700,16,0,0,0,0
2020-02-29,Alpine,3,1148,0,0,0,0,0
2020-02-29,Amador,5,37829,0,0,0,0,0
2020-02-29,Butte,7,227075,0,0,0,0,0
2020-02-29,Calaveras,9,45235,0,0,0,0,0
2020-02-29,Colusa,11,21464,0,0,0,0,0
2020-02-29,Contra Costa,13,1133247,20,0,0,0,0
2020-02-29,Del Norte,15,27424,0,0,0,0,0
2020-02-29,El Dorado,17,186661,1,0,0,0,0
2020-02-29,Fresno,19,978130,0,0,0,0,0
2020-02-29,Glenn,21,27897,0,0,0,0,0
2020-02-29,Humboldt,23,135768,1,1,0,1,0
2020-02-29,Imperial,25,180216,3,0,0,0,0
2020-02-29,Inyo,27,18085,0,0,0,0,0
2020-02-29,Kern,29,883053,2,0,0,0,0
2020-02-29,Kings,31,150075,1,0,1,1,0
2020-02-29,Lake,33,64148,0,0,0,0,0
2020-02-29,Lassen,35,31185,0,0,0,0,0
2020-02-29,Los Angeles,37,10098052,127,1,12,13,0
2020-02-29,Madera,39,155013,2,0,0,0,0
2020-02-29,Marin,41,260295,4,0,0,0,0
2020-02-29,Mariposa,43,17540,0,0,0,0,0
2020-02-29,Mendocino,45,87422,0,0,0,0,0
2020-02-29,Merced,47,269075,1,0,0,0,0
2020-02-29,Modoc,49,8938,0,0,0,0,0
2020-02-29,Mono,51,14174,1,0,0,0,0
2020-02-29,Monterey,53,433212,0,0,0,0,0
2020-02-29,Napa,55,140530,1,0,0,0,0
2020-02-29,Nevada,57,99092,0,0,1,1,0
2020-02-29,Orange,59,3164182,59,1,0,1,0
2020-02-29,Placer,61,380077,7,0,0,0,0
2020-02-29,Plumas,63,18699,0,0,0,0,0
2020-02-29,Riverside,65,2383286,15,0,1,1,0
2020-02-29,Sacramento,67,1510023,16,1,0,1,0
2020-02-29,San Benito,69,59416,0,2,0,2,0
2020-02-29,San Bernardino,71,2135413,21,0,0,0,0
2020-02-29,San Diego,73,3302833,16,2,0,2,0
2020-02-29,San Francisco,75,870044,12,0,0,0,0
2020-02-29,San Joaquin,77,732212,6,0,3,3,0
2020-02-29,San Luis Obispo,79,281455,2,0,0,0,0
2020-02-29,San Mateo,81,765935,29,0,0,0,0
2020-02-29,Santa Barbara,83,443738,0,0,0,0,0
2020-02-29,Santa Clara,85,1922200,73,3,1,4,0
2020-02-29,Santa Cruz,87,273765,8,0,0,0,0
2020-02-29,Shasta,89,179085,2,0,0,0,0
2020-02-29,Sierra,91,2930,0,0,0,0,0
2020-02-29,Siskiyou,93,43540,0,0,0,0,0
2020-02-29,Solano,95,438530,18,23,0,23,0
2020-02-29,Sonoma,97,501317,6,0,0,0,0
2020-02-29,Stanislaus,99,539301,2,0,2,2,0
2020-02-29,Sutter,101,95872,0,0,0,0,0
2020-02-29,Tehama,103,63373,0,0,0,0,0
2020-02-29,Trinity,105,12862,0,0,0,0,0
2020-02-29,Tulare,107,460477,2,0,0,0,0
2020-02-29,Tuolumne,109,53932,0,0,0,0,0
2020-02-29,Ventura,111,848112,6,0,0,0,0
2020-02-29,Yolo,113,214977,2,0,0,0,0
2020-02-29,Yuba,115,75493,0,0,0,0,0
2020-02-28,Alameda,1,1643700,14,0,0,0,0
2020-02-28,Alpine,3,1148,0,0,0,0,0
2020-02-28,Amador,5,37829,0,0,0,0,0
2020-02-28,Butte,7,227075,0,0,0,0,0
2020-02-28,Calaveras,9,45235,0,0,0,0,0
2020-02-28,Colusa,11,21464,0,0,0,0,0
2020-02-28,Contra Costa,13,1133247,20,0,0,0,0
2020-02-28,Del Norte,15,27424,0,0,0,0,0
2020-02-28,El Dorado,17,186661,0,0,0,0,0
2020-02-28,Fresno,19,978130,0,0,0,0,0
2020-02-28,Glenn,21,27897,0,0,0,0,0
2020-02-28,Humboldt,23,135768,1,1,0,1,0
2020-02-28,Imperial,25,180216,3,0,0,0,0
2020-02-28,Inyo,27,18085,0,0,0,0,0
2020-02-28,Kern,29,883053,2,0,0,0,0
2020-02-28,Kings,31,150075,1,0,1,1,0
2020-02-28,Lake,33,64148,0,0,0,0,0
2020-02-28,Lassen,35,31185,0,0,0,0,0
2020-02-28,Los Angeles,37,10098052,118,1,12,13,0
2020-02-28,Madera,39,155013,2,0,0,0,0
2020-02-28,Marin,41,260295,2,0,0,0,0
2020-02-28,Mariposa,43,17540,0,0,0,0,0
2020-02-28,Mendocino,45,87422,0,0,0,0,0
2020-02-28,Merced,47,269075,1,0,0,0,0
2020-02-28,Modoc,49,8938,0,0,0,0,0
2020-02-28,Mono,51,14174,0,0,0,0,0
2020-02-28,Monterey,53,433212,0,0,0,0,0
2020-02-28,Napa,55,140530,1,0,0,0,0
2020-02-28,Nevada,57,99092,0,0,1,1,0
2020-02-28,Orange,59,3164182,57,1,0,1,0
2020-02-28,Placer,61,380077,7,0,0,0,0
2020-02-28,Plumas,63,18699,0,0,0,0,0
2020-02-28,Riverside,65,2383286,13,0,1,1,0
2020-02-28,Sacramento,67,1510023,10,1,0,1,0
2020-02-28,San Benito,69,59416,0,2,0,2,0
2020-02-28,San Bernardino,71,2135413,21,0,0,0,0
2020-02-28,San Diego,73,3302833,13,2,0,2,0
2020-02-28,San Francisco,75,870044,10,0,0,0,0
2020-02-28,San Joaquin,77,732212,6,0,3,3,0
2020-02-28,San Luis Obispo,79,281455,2,0,0,0,0
2020-02-28,San Mateo,81,765935,24,0,0,0,0
2020-02-28,Santa Barbara,83,443738,0,0,0,0,0
2020-02-28,Santa Clara,85,1922200,69,3,1,4,0
2020-02-28,Santa Cruz,87,273765,8,0,0,0,0
2020-02-28,Shasta,89,179085,2,0,0,0,0
2020-02-28,Sierra,91,2930,0,0,0,0,0
2020-02-28,Siskiyou,93,43540,0,0,0,0,0
2020-02-28,Solano,95,438530,17,23,0,23,0
2020-02-28,Sonoma,97,501317,6,0,0,0,0
2020-02-28,Stanislaus,99,539301,2,0,2,2,0
2020-02-28,Sutter,101,95872,0,0,0,0,0
2020-02-28,Tehama,103,63373,0,0,0,0,0
2020-02-28,Trinity,105,12862,0,0,0,0,0
2020-02-28,Tulare,107,460477,2,0,0,0,0
2020-02-28,Tuolumne,109,53932,0,0,0,0,0
2020-02-28,Ventura,111,848112,6,0,0,0,0
2020-02-28,Yolo,113,214977,2,0,0,0,0
2020-02-28,Yuba,115,75493,0,0,0,0,0
2020-02-27,Alameda,1,1643700,13,0,0,0,0
2020-02-27,Alpine,3,1148,0,0,0,0,0
2020-02-27,Amador,5,37829,0,0,0,0,0
2020-02-27,Butte,7,227075,0,0,0,0,0
2020-02-27,Calaveras,9,45235,0,0,0,0,0
2020-02-27,Colusa,11,21464,0,0,0,0,0
2020-02-27,Contra Costa,13,1133247,14,0,0,0,0
2020-02-27,Del Norte,15,27424,0,0,0,0,0
2020-02-27,El Dorado,17,186661,0,0,0,0,0
2020-02-27,Fresno,19,978130,0,0,0,0,0
2020-02-27,Glenn,21,27897,0,0,0,0,0
2020-02-27,Humboldt,23,135768,1,1,0,1,0
2020-02-27,Imperial,25,180216,3,0,0,0,0
2020-02-27,Inyo,27,18085,0,0,0,0,0
2020-02-27,Kern,29,883053,2,0,0,0,0
2020-02-27,Kings,31,150075,1,0,1,1,0
2020-02-27,Lake,33,64148,0,0,0,0,0
2020-02-27,Lassen,35,31185,0,0,0,0,0
2020-02-27,Los Angeles,37,10098052,105,1,12,13,0
2020-02-27,Madera,39,155013,2,0,0,0,0
2020-02-27,Marin,41,260295,1,0,0,0,0
2020-02-27,Mariposa,43,17540,0,0,0,0,0
2020-02-27,Mendocino,45,87422,0,0,0,0,0
2020-02-27,Merced,47,269075,1,0,0,0,0
2020-02-27,Modoc,49,8938,0,0,0,0,0
2020-02-27,Mono,51,14174,0,0,0,0,0
2020-02-27,Monterey,53,433212,0,0,0,0,0
2020-02-27,Napa,55,140530,1,0,0,0,0
2020-02-27,Nevada,57,99092,0,0,1,1,0
2020-02-27,Orange,59,3164182,51,1,0,1,0
2020-02-27,Placer,61,380077,6,0,0,0,0
2020-02-27,Plumas,63,18699,0,0,0,0,0
2020-02-27,Riverside,65,2383286,12,0,1,1,0
2020-02-27,Sacramento,67,1510023,10,1,0,1,0
2020-02-27,San Benito,69,59416,0,2,0,2,0
2020-02-27,San Bernardino,71,2135413,21,0,0,0,0
2020-02-27,San Diego,73,3302833,12,2,0,2,0
2020-02-27,San Francisco,75,870044,9,0,0,0,0
2020-02-27,San Joaquin,77,732212,5,0,3,3,0
2020-02-27,San Luis Obispo,79,281455,2,0,0,0,0
2020-02-27,San Mateo,81,765935,20,0,0,0,0
2020-02-27,Santa Barbara,83,443738,0,0,0,0,0
2020-02-27,Santa Clara,85,1922200,58,2,1,3,0
2020-02-27,Santa Cruz,87,273765,6,0,0,0,0
2020-02-27,Shasta,89,179085,0,0,0,0,0
2020-02-27,Sierra,91,2930,0,0,0,0,0
2020-02-27,Siskiyou,93,43540,0,0,0,0,0
2020-02-27,Solano,95,438530,17,23,0,23,0
2020-02-27,Sonoma,97,501317,5,0,0,0,0
2020-02-27,Stanislaus,99,539301,2,0,2,2,0
2020-02-27,Sutter,101,95872,0,0,0,0,0
2020-02-27,Tehama,103,63373,0,0,0,0,0
2020-02-27,Trinity,105,12862,0,0,0,0,0
2020-02-27,Tulare,107,460477,2,0,0,0,0
2020-02-27,Tuolumne,109,53932,0,0,0,0,0
2020-02-27,Ventura,111,848112,4,0,0,0,0
2020-02-27,Yolo,113,214977,2,0,0,0,0
2020-02-27,Yuba,115,75493,0,0,0,0,0
2020-02-26,Alameda,1,1643700,13,0,0,0,0
2020-02-26,Alpine,3,1148,0,0,0,0,0
2020-02-26,Amador,5,37829,0,0,0,0,0
2020-02-26,Butte,7,227075,0,0,0,0,0
2020-02-26,Calaveras,9,45235,0,0,0,0,0
2020-02-26,Colusa,11,21464,0,0,0,0,0
2020-02-26,Contra Costa,13,1133247,13,0,0,0,0
2020-02-26,Del Norte,15,27424,0,0,0,0,0
2020-02-26,El Dorado,17,186661,0,0,0,0,0
2020-02-26,Fresno,19,978130,0,0,0,0,0
2020-02-26,Glenn,21,27897,0,0,0,0,0
2020-02-26,Humboldt,23,135768,1,1,0,1,0
2020-02-26,Imperial,25,180216,3,0,0,0,0
2020-02-26,Inyo,27,18085,0,0,0,0,0
2020-02-26,Kern,29,883053,2,0,0,0,0
2020-02-26,Kings,31,150075,1,0,1,1,0
2020-02-26,Lake,33,64148,0,0,0,0,0
2020-02-26,Lassen,35,31185,0,0,0,0,0
2020-02-26,Los Angeles,37,10098052,99,1,12,13,0
2020-02-26,Madera,39,155013,2,0,0,0,0
2020-02-26,Marin,41,260295,1,0,0,0,0
2020-02-26,Mariposa,43,17540,0,0,0,0,0
2020-02-26,Mendocino,45,87422,0,0,0,0,0
2020-02-26,Merced,47,269075,1,0,0,0,0
2020-02-26,Modoc,49,8938,0,0,0,0,0
2020-02-26,Mono,51,14174,0,0,0,0,0
2020-02-26,Monterey,53,433212,0,0,0,0,0
2020-02-26,Napa,55,140530,0,0,0,0,0
2020-02-26,Nevada,57,99092,0,0,1,1,0
2020-02-26,Orange,59,3164182,50,1,0,1,0
2020-02-26,Placer,61,380077,5,0,0,0,0
2020-02-26,Plumas,63,18699,0,0,0,0,0
2020-02-26,Riverside,65,2383286,10,0,1,1,0
2020-02-26,Sacramento,67,1510023,10,1,0,1,0
2020-02-26,San Benito,69,59416,0,2,0,2,0
2020-02-26,San Bernardino,71,2135413,19,0,0,0,0
2020-02-26,San Diego,73,3302833,11,2,0,2,0
2020-02-26,San Francisco,75,870044,9,0,0,0,0
2020-02-26,San Joaquin,77,732212,5,0,3,3,0
2020-02-26,San Luis Obispo,79,281455,2,0,0,0,0
2020-02-26,San Mateo,81,765935,18,0,0,0,0
2020-02-26,Santa Barbara,83,443738,0,0,0,0,0
2020-02-26,Santa Clara,85,1922200,50,2,1,3,0
2020-02-26,Santa Cruz,87,273765,6,0,0,0,0
2020-02-26,Shasta,89,179085,0,0,0,0,0
2020-02-26,Sierra,91,2930,0,0,0,0,0
2020-02-26,Siskiyou,93,43540,0,0,0,0,0
2020-02-26,Solano,95,438530,17,23,0,23,0
2020-02-26,Sonoma,97,501317,5,0,0,0,0
2020-02-26,Stanislaus,99,539301,2,0,2,2,0
2020-02-26,Sutter,101,95872,0,0,0,0,0
2020-02-26,Tehama,103,63373,0,0,0,0,0
2020-02-26,Trinity,105,12862,0,0,0,0,0
2020-02-26,Tulare,107,460477,2,0,0,0,0
2020-02-26,Tuolumne,109,53932,0,0,0,0,0
2020-02-26,Ventura,111,848112,4,0,0,0,0
2020-02-26,Yolo,113,214977,2,0,0,0,0
2020-02-26,Yuba,115,75493,0,0,0,0,0
2020-02-25,Alameda,1,1643700,13,0,0,0,0
2020-02-25,Alpine,3,1148,0,0,0,0,0
2020-02-25,Amador,5,37829,0,0,0,0,0
2020-02-25,Butte,7,227075,0,0,0,0,0
2020-02-25,Calaveras,9,45235,0,0,0,0,0
2020-02-25,Colusa,11,21464,0,0,0,0,0
2020-02-25,Contra Costa,13,1133247,11,0,0,0,0
2020-02-25,Del Norte,15,27424,0,0,0,0,0
2020-02-25,El Dorado,17,186661,0,0,0,0,0
2020-02-25,Fresno,19,978130,0,0,0,0,0
2020-02-25,Glenn,21,27897,0,0,0,0,0
2020-02-25,Humboldt,23,135768,1,1,0,1,0
2020-02-25,Imperial,25,180216,3,0,0,0,0
2020-02-25,Inyo,27,18085,0,0,0,0,0
2020-02-25,Kern,29,883053,2,0,0,0,0
2020-02-25,Kings,31,150075,1,0,1,1,0
2020-02-25,Lake,33,64148,0,0,0,0,0
2020-02-25,Lassen,35,31185,0,0,0,0,0
2020-02-25,Los Angeles,37,10098052,84,1,12,13,0
2020-02-25,Madera,39,155013,2,0,0,0,0
2020-02-25,Marin,41,260295,1,0,0,0,0
2020-02-25,Mariposa,43,17540,0,0,0,0,0
2020-02-25,Mendocino,45,87422,0,0,0,0,0
2020-02-25,Merced,47,269075,0,0,0,0,0
2020-02-25,Modoc,49,8938,0,0,0,0,0
2020-02-25,Mono,51,14174,0,0,0,0,0
2020-02-25,Monterey,53,433212,0,0,0,0,0
2020-02-25,Napa,55,140530,0,0,0,0,0
2020-02-25,Nevada,57,99092,0,0,1,1,0
2020-02-25,Orange,59,3164182,49,1,0,1,0
2020-02-25,Placer,61,380077,5,0,0,0,0
2020-02-25,Plumas,63,18699,0,0,0,0,0
2020-02-25,Riverside,65,2383286,10,0,1,1,0
2020-02-25,Sacramento,67,1510023,8,1,0,1,0
2020-02-25,San Benito,69,59416,0,2,0,2,0
2020-02-25,San Bernardino,71,2135413,17,0,0,0,0
2020-02-25,San Diego,73,3302833,7,2,0,2,0
2020-02-25,San Francisco,75,870044,7,0,0,0,0
2020-02-25,San Joaquin,77,732212,5,0,2,2,0
2020-02-25,San Luis Obispo,79,281455,2,0,0,0,0
2020-02-25,San Mateo,81,765935,17,0,0,0,0
2020-02-25,Santa Barbara,83,443738,0,0,0,0,0
2020-02-25,Santa Clara,85,1922200,40,2,1,3,0
2020-02-25,Santa Cruz,87,273765,5,0,0,0,0
2020-02-25,Shasta,89,179085,0,0,0,0,0
2020-02-25,Sierra,91,2930,0,0,0,0,0
2020-02-25,Siskiyou,93,43540,0,0,0,0,0
2020-02-25,Solano,95,438530,16,21,0,21,0
2020-02-25,Sonoma,97,501317,5,0,0,0,0
2020-02-25,Stanislaus,99,539301,2,0,2,2,0
2020-02-25,Sutter,101,95872,0,0,0,0,0
2020-02-25,Tehama,103,63373,0,0,0,0,0
2020-02-25,Trinity,105,12862,0,0,0,0,0
2020-02-25,Tulare,107,460477,2,0,0,0,0
2020-02-25,Tuolumne,109,53932,0,0,0,0,0
2020-02-25,Ventura,111,848112,4,0,0,0,0
2020-02-25,Yolo,113,214977,2,0,0,0,0
2020-02-25,Yuba,115,75493,0,0,0,0,0
2020-02-24,Alameda,1,1643700,13,0,0,0,0
2020-02-24,Alpine,3,1148,0,0,0,0,0
2020-02-24,Amador,5,37829,0,0,0,0,0
2020-02-24,Butte,7,227075,0,0,0,0,0
2020-02-24,Calaveras,9,45235,0,0,0,0,0
2020-02-24,Colusa,11,21464,0,0,0,0,0
2020-02-24,Contra Costa,13,1133247,9,0,0,0,0
2020-02-24,Del Norte,15,27424,0,0,0,0,0
2020-02-24,El Dorado,17,186661,0,0,0,0,0
2020-02-24,Fresno,19,978130,0,0,0,0,0
2020-02-24,Glenn,21,27897,0,0,0,0,0
2020-02-24,Humboldt,23,135768,1,1,0,1,0
2020-02-24,Imperial,25,180216,3,0,0,0,0
2020-02-24,Inyo,27,18085,0,0,0,0,0
2020-02-24,Kern,29,883053,2,0,0,0,0
2020-02-24,Kings,31,150075,1,0,1,1,0
2020-02-24,Lake,33,64148,0,0,0,0,0
2020-02-24,Lassen,35,31185,0,0,0,0,0
2020-02-24,Los Angeles,37,10098052,78,1,12,13,0
2020-02-24,Madera,39,155013,1,0,0,0,0
2020-02-24,Marin,41,260295,1,0,0,0,0
2020-02-24,Mariposa,43,17540,0,0,0,0,0
2020-02-24,Mendocino,45,87422,0,0,0,0,0
2020-02-24,Merced,47,269075,0,0,0,0,0
2020-02-24,Modoc,49,8938,0,0,0,0,0
2020-02-24,Mono,51,14174,0,0,0,0,0
2020-02-24,Monterey,53,433212,0,0,0,0,0
2020-02-24,Napa,55,140530,0,0,0,0,0
2020-02-24,Nevada,57,99092,0,0,1,1,0
2020-02-24,Orange,59,3164182,47,1,0,1,0
2020-02-24,Placer,61,380077,3,0,0,0,0
2020-02-24,Plumas,63,18699,0,0,0,0,0
2020-02-24,Riverside,65,2383286,9,0,1,1,0
2020-02-24,Sacramento,67,1510023,7,1,0,1,0
2020-02-24,San Benito,69,59416,0,2,0,2,0
2020-02-24,San Bernardino,71,2135413,17,0,0,0,0
2020-02-24,San Diego,73,3302833,7,2,0,2,0
2020-02-24,San Francisco,75,870044,6,0,0,0,0
2020-02-24,San Joaquin,77,732212,5,0,1,1,0
2020-02-24,San Luis Obispo,79,281455,2,0,0,0,0
2020-02-24,San Mateo,81,765935,13,0,0,0,0
2020-02-24,Santa Barbara,83,443738,0,0,0,0,0
2020-02-24,Santa Clara,85,1922200,38,2,1,3,0
2020-02-24,Santa Cruz,87,273765,5,0,0,0,0
2020-02-24,Shasta,89,179085,0,0,0,0,0
2020-02-24,Sierra,91,2930,0,0,0,0,0
2020-02-24,Siskiyou,93,43540,0,0,0,0,0
2020-02-24,Solano,95,438530,13,15,0,15,0
2020-02-24,Sonoma,97,501317,5,0,0,0,0
2020-02-24,Stanislaus,99,539301,2,0,2,2,0
2020-02-24,Sutter,101,95872,0,0,0,0,0
2020-02-24,Tehama,103,63373,0,0,0,0,0
2020-02-24,Trinity,105,12862,0,0,0,0,0
2020-02-24,Tulare,107,460477,2,0,0,0,0
2020-02-24,Tuolumne,109,53932,0,0,0,0,0
2020-02-24,Ventura,111,848112,4,0,0,0,0
2020-02-24,Yolo,113,214977,2,0,0,0,0
2020-02-24,Yuba,115,75493,0,0,0,0,0
2020-02-23,Alameda,1,1643700,11,0,0,0,0
2020-02-23,Alpine,3,1148,0,0,0,0,0
2020-02-23,Amador,5,37829,0,0,0,0,0
2020-02-23,Butte,7,227075,0,0,0,0,0
2020-02-23,Calaveras,9,45235,0,0,0,0,0
2020-02-23,Colusa,11,21464,0,0,0,0,0
2020-02-23,Contra Costa,13,1133247,6,0,0,0,0
2020-02-23,Del Norte,15,27424,0,0,0,0,0
2020-02-23,El Dorado,17,186661,0,0,0,0,0
2020-02-23,Fresno,19,978130,0,0,0,0,0
2020-02-23,Glenn,21,27897,0,0,0,0,0
2020-02-23,Humboldt,23,135768,1,1,0,1,0
2020-02-23,Imperial,25,180216,3,0,0,0,0
2020-02-23,Inyo,27,18085,0,0,0,0,0
2020-02-23,Kern,29,883053,2,0,0,0,0
2020-02-23,Kings,31,150075,1,0,1,1,0
2020-02-23,Lake,33,64148,0,0,0,0,0
2020-02-23,Lassen,35,31185,0,0,0,0,0
2020-02-23,Los Angeles,37,10098052,69,1,12,13,0
2020-02-23,Madera,39,155013,1,0,0,0,0
2020-02-23,Marin,41,260295,1,0,0,0,0
2020-02-23,Mariposa,43,17540,0,0,0,0,0
2020-02-23,Mendocino,45,87422,0,0,0,0,0
2020-02-23,Merced,47,269075,0,0,0,0,0
2020-02-23,Modoc,49,8938,0,0,0,0,0
2020-02-23,Mono,51,14174,0,0,0,0,0
2020-02-23,Monterey,53,433212,0,0,0,0,0
2020-02-23,Napa,55,140530,0,0,0,0,0
2020-02-23,Nevada,57,99092,0,0,1,1,0
2020-02-23,Orange,59,3164182,47,1,0,1,0
2020-02-23,Placer,61,380077,3,0,0,0,0
2020-02-23,Plumas,63,18699,0,0,0,0,0
2020-02-23,Riverside,65,2383286,9,0,0,0,0
2020-02-23,Sacramento,67,1510023,6,1,0,1,0
2020-02-23,San Benito,69,59416,0,2,0,2,0
2020-02-23,San Bernardino,71,2135413,16,0,0,0,0
2020-02-23,San Diego,73,3302833,6,2,0,2,0
2020-02-23,San Francisco,75,870044,5,0,0,0,0
2020-02-23,San Joaquin,77,732212,4,0,1,1,0
2020-02-23,San Luis Obispo,79,281455,2,0,0,0,0
2020-02-23,San Mateo,81,765935,10,0,0,0,0
2020-02-23,Santa Barbara,83,443738,0,0,0,0,0
2020-02-23,Santa Clara,85,1922200,26,2,1,3,0
2020-02-23,Santa Cruz,87,273765,2,0,0,0,0
2020-02-23,Shasta,89,179085,0,0,0,0,0
2020-02-23,Sierra,91,2930,0,0,0,0,0
2020-02-23,Siskiyou,93,43540,0,0,0,0,0
2020-02-23,Solano,95,438530,11,15,0,15,0
2020-02-23,Sonoma,97,501317,5,0,0,0,0
2020-02-23,Stanislaus,99,539301,2,0,2,2,0
2020-02-23,Sutter,101,95872,0,0,0,0,0
2020-02-23,Tehama,103,63373,0,0,0,0,0
2020-02-23,Trinity,105,12862,0,0,0,0,0
2020-02-23,Tulare,107,460477,2,0,0,0,0
2020-02-23,Tuolumne,109,53932,0,0,0,0,0
2020-02-23,Ventura,111,848112,4,0,0,0,0
2020-02-23,Yolo,113,214977,2,0,0,0,0
2020-02-23,Yuba,115,75493,0,0,0,0,0
2020-02-22,Alameda,1,1643700,10,0,0,0,0
2020-02-22,Alpine,3,1148,0,0,0,0,0
2020-02-22,Amador,5,37829,0,0,0,0,0
2020-02-22,Butte,7,227075,0,0,0,0,0
2020-02-22,Calaveras,9,45235,0,0,0,0,0
2020-02-22,Colusa,11,21464,0,0,0,0,0
2020-02-22,Contra Costa,13,1133247,5,0,0,0,0
2020-02-22,Del Norte,15,27424,0,0,0,0,0
2020-02-22,El Dorado,17,186661,0,0,0,0,0
2020-02-22,Fresno,19,978130,0,0,0,0,0
2020-02-22,Glenn,21,27897,0,0,0,0,0
2020-02-22,Humboldt,23,135768,1,1,0,1,0
2020-02-22,Imperial,25,180216,2,0,0,0,0
2020-02-22,Inyo,27,18085,0,0,0,0,0
2020-02-22,Kern,29,883053,2,0,0,0,0
2020-02-22,Kings,31,150075,1,0,1,1,0
2020-02-22,Lake,33,64148,0,0,0,0,0
2020-02-22,Lassen,35,31185,0,0,0,0,0
2020-02-22,Los Angeles,37,10098052,67,1,12,13,0
2020-02-22,Madera,39,155013,0,0,0,0,0
2020-02-22,Marin,41,260295,1,0,0,0,0
2020-02-22,Mariposa,43,17540,0,0,0,0,0
2020-02-22,Mendocino,45,87422,0,0,0,0,0
2020-02-22,Merced,47,269075,0,0,0,0,0
2020-02-22,Modoc,49,8938,0,0,0,0,0
2020-02-22,Mono,51,14174,0,0,0,0,0
2020-02-22,Monterey,53,433212,0,0,0,0,0
2020-02-22,Napa,55,140530,0,0,0,0,0
2020-02-22,Nevada,57,99092,0,0,1,1,0
2020-02-22,Orange,59,3164182,46,1,0,1,0
2020-02-22,Placer,61,380077,3,0,0,0,0
2020-02-22,Plumas,63,18699,0,0,0,0,0
2020-02-22,Riverside,65,2383286,9,0,0,0,0
2020-02-22,Sacramento,67,1510023,6,1,0,1,0
2020-02-22,San Benito,69,59416,0,2,0,2,0
2020-02-22,San Bernardino,71,2135413,14,0,0,0,0
2020-02-22,San Diego,73,3302833,5,2,0,2,0
2020-02-22,San Francisco,75,870044,3,0,0,0,0
2020-02-22,San Joaquin,77,732212,4,0,1,1,0
2020-02-22,San Luis Obispo,79,281455,2,0,0,0,0
2020-02-22,San Mateo,81,765935,8,0,0,0,0
2020-02-22,Santa Barbara,83,443738,0,0,0,0,0
2020-02-22,Santa Clara,85,1922200,23,2,1,3,0
2020-02-22,Santa Cruz,87,273765,2,0,0,0,0
2020-02-22,Shasta,89,179085,0,0,0,0,0
2020-02-22,Sierra,91,2930,0,0,0,0,0
2020-02-22,Siskiyou,93,43540,0,0,0,0,0
2020-02-22,Solano,95,438530,11,11,0,11,0
2020-02-22,Sonoma,97,501317,4,0,0,0,0
2020-02-22,Stanislaus,99,539301,2,0,2,2,0
2020-02-22,Sutter,101,95872,0,0,0,0,0
2020-02-22,Tehama,103,63373,0,0,0,0,0
2020-02-22,Trinity,105,12862,0,0,0,0,0
2020-02-22,Tulare,107,460477,2,0,0,0,0
2020-02-22,Tuolumne,109,53932,0,0,0,0,0
2020-02-22,Ventura,111,848112,4,0,0,0,0
2020-02-22,Yolo,113,214977,1,0,0,0,0
2020-02-22,Yuba,115,75493,0,0,0,0,0
2020-02-21,Alameda,1,1643700,9,0,0,0,0
2020-02-21,Alpine,3,1148,0,0,0,0,0
2020-02-21,Amador,5,37829,0,0,0,0,0
2020-02-21,Butte,7,227075,0,0,0,0,0
2020-02-21,Calaveras,9,45235,0,0,0,0,0
2020-02-21,Colusa,11,21464,0,0,0,0,0
2020-02-21,Contra Costa,13,1133247,4,0,0,0,0
2020-02-21,Del Norte,15,27424,0,0,0,0,0
2020-02-21,El Dorado,17,186661,0,0,0,0,0
2020-02-21,Fresno,19,978130,0,0,0,0,0
2020-02-21,Glenn,21,27897,0,0,0,0,0
2020-02-21,Humboldt,23,135768,1,1,0,1,0
2020-02-21,Imperial,25,180216,2,0,0,0,0
2020-02-21,Inyo,27,18085,0,0,0,0,0
2020-02-21,Kern,29,883053,2,0,0,0,0
2020-02-21,Kings,31,150075,1,0,1,1,0
2020-02-21,Lake,33,64148,0,0,0,0,0
2020-02-21,Lassen,35,31185,0,0,0,0,0
2020-02-21,Los Angeles,37,10098052,65,1,12,13,0
2020-02-21,Madera,39,155013,0,0,0,0,0
2020-02-21,Marin,41,260295,1,0,0,0,0
2020-02-21,Mariposa,43,17540,0,0,0,0,0
2020-02-21,Mendocino,45,87422,0,0,0,0,0
2020-02-21,Merced,47,269075,0,0,0,0,0
2020-02-21,Modoc,49,8938,0,0,0,0,0
2020-02-21,Mono,51,14174,0,0,0,0,0
2020-02-21,Monterey,53,433212,0,0,0,0,0
2020-02-21,Napa,55,140530,0,0,0,0,0
2020-02-21,Nevada,57,99092,0,0,1,1,0
2020-02-21,Orange,59,3164182,44,1,0,1,0
2020-02-21,Placer,61,380077,2,0,0,0,0
2020-02-21,Plumas,63,18699,0,0,0,0,0
2020-02-21,Riverside,65,2383286,9,0,0,0,0
2020-02-21,Sacramento,67,1510023,5,1,0,1,0
2020-02-21,San Benito,69,59416,0,2,0,2,0
2020-02-21,San Bernardino,71,2135413,13,0,0,0,0
2020-02-21,San Diego,73,3302833,5,2,0,2,0
2020-02-21,San Francisco,75,870044,3,0,0,0,0
2020-02-21,San Joaquin,77,732212,2,0,1,1,0
2020-02-21,San Luis Obispo,79,281455,2,0,0,0,0
2020-02-21,San Mateo,81,765935,8,0,0,0,0
2020-02-21,Santa Barbara,83,443738,0,0,0,0,0
2020-02-21,Santa Clara,85,1922200,21,2,1,3,0
2020-02-21,Santa Cruz,87,273765,2,0,0,0,0
2020-02-21,Shasta,89,179085,0,0,0,0,0
2020-02-21,Sierra,91,2930,0,0,0,0,0
2020-02-21,Siskiyou,93,43540,0,0,0,0,0
2020-02-21,Solano,95,438530,10,11,0,11,0
2020-02-21,Sonoma,97,501317,3,0,0,0,0
2020-02-21,Stanislaus,99,539301,2,0,2,2,0
2020-02-21,Sutter,101,95872,0,0,0,0,0
2020-02-21,Tehama,103,63373,0,0,0,0,0
2020-02-21,Trinity,105,12862,0,0,0,0,0
2020-02-21,Tulare,107,460477,2,0,0,0,0
2020-02-21,Tuolumne,109,53932,0,0,0,0,0
2020-02-21,Ventura,111,848112,4,0,0,0,0
2020-02-21,Yolo,113,214977,1,0,0,0,0
2020-02-21,Yuba,115,75493,0,0,0,0,0
2020-02-20,Alameda,1,1643700,7,0,0,0,0
2020-02-20,Alpine,3,1148,0,0,0,0,0
2020-02-20,Amador,5,37829,0,0,0,0,0
2020-02-20,Butte,7,227075,0,0,0,0,0
2020-02-20,Calaveras,9,45235,0,0,0,0,0
2020-02-20,Colusa,11,21464,0,0,0,0,0
2020-02-20,Contra Costa,13,1133247,3,0,0,0,0
2020-02-20,Del Norte,15,27424,0,0,0,0,0
2020-02-20,El Dorado,17,186661,0,0,0,0,0
2020-02-20,Fresno,19,978130,0,0,0,0,0
2020-02-20,Glenn,21,27897,0,0,0,0,0
2020-02-20,Humboldt,23,135768,1,1,0,1,0
2020-02-20,Imperial,25,180216,2,0,0,0,0
2020-02-20,Inyo,27,18085,0,0,0,0,0
2020-02-20,Kern,29,883053,2,0,0,0,0
2020-02-20,Kings,31,150075,1,0,1,1,0
2020-02-20,Lake,33,64148,0,0,0,0,0
2020-02-20,Lassen,35,31185,0,0,0,0,0
2020-02-20,Los Angeles,37,10098052,63,1,10,11,0
2020-02-20,Madera,39,155013,0,0,0,0,0
2020-02-20,Marin,41,260295,0,0,0,0,0
2020-02-20,Mariposa,43,17540,0,0,0,0,0
2020-02-20,Mendocino,45,87422,0,0,0,0,0
2020-02-20,Merced,47,269075,0,0,0,0,0
2020-02-20,Modoc,49,8938,0,0,0,0,0
2020-02-20,Mono,51,14174,0,0,0,0,0
2020-02-20,Monterey,53,433212,0,0,0,0,0
2020-02-20,Napa,55,140530,0,0,0,0,0
2020-02-20,Nevada,57,99092,0,0,1,1,0
2020-02-20,Orange,59,3164182,44,1,0,1,0
2020-02-20,Placer,61,380077,2,0,0,0,0
2020-02-20,Plumas,63,18699,0,0,0,0,0
2020-02-20,Riverside,65,2383286,7,0,0,0,0
2020-02-20,Sacramento,67,1510023,2,1,0,1,0
2020-02-20,San Benito,69,59416,0,2,0,2,0
2020-02-20,San Bernardino,71,2135413,12,0,0,0,0
2020-02-20,San Diego,73,3302833,5,2,0,2,0
2020-02-20,San Francisco,75,870044,3,0,0,0,0
2020-02-20,San Joaquin,77,732212,2,0,1,1,0
2020-02-20,San Luis Obispo,79,281455,2,0,0,0,0
2020-02-20,San Mateo,81,765935,7,0,0,0,0
2020-02-20,Santa Barbara,83,443738,0,0,0,0,0
2020-02-20,Santa Clara,85,1922200,17,2,1,3,0
2020-02-20,Santa Cruz,87,273765,2,0,0,0,0
2020-02-20,Shasta,89,179085,0,0,0,0,0
2020-02-20,Sierra,91,2930,0,0,0,0,0
2020-02-20,Siskiyou,93,43540,0,0,0,0,0
2020-02-20,Solano,95,438530,8,7,0,7,0
2020-02-20,Sonoma,97,501317,2,0,0,0,0
2020-02-20,Stanislaus,99,539301,2,0,2,2,0
2020-02-20,Sutter,101,95872,0,0,0,0,0
2020-02-20,Tehama,103,63373,0,0,0,0,0
2020-02-20,Trinity,105,12862,0,0,0,0,0
2020-02-20,Tulare,107,460477,2,0,0,0,0
2020-02-20,Tuolumne,109,53932,0,0,0,0,0
2020-02-20,Ventura,111,848112,4,0,0,0,0
2020-02-20,Yolo,113,214977,1,0,0,0,0
2020-02-20,Yuba,115,75493,0,0,0,0,0
2020-02-19,Alameda,1,1643700,6,0,0,0,0
2020-02-19,Alpine,3,1148,0,0,0,0,0
2020-02-19,Amador,5,37829,0,0,0,0,0
2020-02-19,Butte,7,227075,0,0,0,0,0
2020-02-19,Calaveras,9,45235,0,0,0,0,0
2020-02-19,Colusa,11,21464,0,0,0,0,0
2020-02-19,Contra Costa,13,1133247,3,0,0,0,0
2020-02-19,Del Norte,15,27424,0,0,0,0,0
2020-02-19,El Dorado,17,186661,0,0,0,0,0
2020-02-19,Fresno,19,978130,0,0,0,0,0
2020-02-19,Glenn,21,27897,0,0,0,0,0
2020-02-19,Humboldt,23,135768,1,0,0,0,0
2020-02-19,Imperial,25,180216,2,0,0,0,0
2020-02-19,Inyo,27,18085,0,0,0,0,0
2020-02-19,Kern,29,883053,2,0,0,0,0
2020-02-19,Kings,31,150075,1,0,1,1,0
2020-02-19,Lake,33,64148,0,0,0,0,0
2020-02-19,Lassen,35,31185,0,0,0,0,0
2020-02-19,Los Angeles,37,10098052,57,1,10,11,0
2020-02-19,Madera,39,155013,0,0,0,0,0
2020-02-19,Marin,41,260295,0,0,0,0,0
2020-02-19,Mariposa,43,17540,0,0,0,0,0
2020-02-19,Mendocino,45,87422,0,0,0,0,0
2020-02-19,Merced,47,269075,0,0,0,0,0
2020-02-19,Modoc,49,8938,0,0,0,0,0
2020-02-19,Mono,51,14174,0,0,0,0,0
2020-02-19,Monterey,53,433212,0,0,0,0,0
2020-02-19,Napa,55,140530,0,0,0,0,0
2020-02-19,Nevada,57,99092,0,0,1,1,0
2020-02-19,Orange,59,3164182,43,1,0,1,0
2020-02-19,Placer,61,380077,2,0,0,0,0
2020-02-19,Plumas,63,18699,0,0,0,0,0
2020-02-19,Riverside,65,2383286,5,0,0,0,0
2020-02-19,Sacramento,67,1510023,2,0,0,0,0
2020-02-19,San Benito,69,59416,0,2,0,2,0
2020-02-19,San Bernardino,71,2135413,11,0,0,0,0
2020-02-19,San Diego,73,3302833,4,2,0,2,0
2020-02-19,San Francisco,75,870044,2,0,0,0,0
2020-02-19,San Joaquin,77,732212,2,0,1,1,0
2020-02-19,San Luis Obispo,79,281455,2,0,0,0,0
2020-02-19,San Mateo,81,765935,6,0,0,0,0
2020-02-19,Santa Barbara,83,443738,0,0,0,0,0
2020-02-19,Santa Clara,85,1922200,15,2,1,3,0
2020-02-19,Santa Cruz,87,273765,0,0,0,0,0
2020-02-19,Shasta,89,179085,0,0,0,0,0
2020-02-19,Sierra,91,2930,0,0,0,0,0
2020-02-19,Siskiyou,93,43540,0,0,0,0,0
2020-02-19,Solano,95,438530,5,7,0,7,0
2020-02-19,Sonoma,97,501317,2,0,0,0,0
2020-02-19,Stanislaus,99,539301,1,0,2,2,0
2020-02-19,Sutter,101,95872,0,0,0,0,0
2020-02-19,Tehama,103,63373,0,0,0,0,0
2020-02-19,Trinity,105,12862,0,0,0,0,0
2020-02-19,Tulare,107,460477,2,0,0,0,0
2020-02-19,Tuolumne,109,53932,0,0,0,0,0
2020-02-19,Ventura,111,848112,2,0,0,0,0
2020-02-19,Yolo,113,214977,1,0,0,0,0
2020-02-19,Yuba,115,75493,0,0,0,0,0
2020-02-18,Alameda,1,1643700,6,0,0,0,0
2020-02-18,Alpine,3,1148,0,0,0,0,0
2020-02-18,Amador,5,37829,0,0,0,0,0
2020-02-18,Butte,7,227075,0,0,0,0,0
2020-02-18,Calaveras,9,45235,0,0,0,0,0
2020-02-18,Colusa,11,21464,0,0,0,0,0
2020-02-18,Contra Costa,13,1133247,3,0,0,0,0
2020-02-18,Del Norte,15,27424,0,0,0,0,0
2020-02-18,El Dorado,17,186661,0,0,0,0,0
2020-02-18,Fresno,19,978130,0,0,0,0,0
2020-02-18,Glenn,21,27897,0,0,0,0,0
2020-02-18,Humboldt,23,135768,1,0,0,0,0
2020-02-18,Imperial,25,180216,1,0,0,0,0
2020-02-18,Inyo,27,18085,0,0,0,0,0
2020-02-18,Kern,29,883053,2,0,0,0,0
2020-02-18,Kings,31,150075,1,0,1,1,0
2020-02-18,Lake,33,64148,0,0,0,0,0
2020-02-18,Lassen,35,31185,0,0,0,0,0
2020-02-18,Los Angeles,37,10098052,54,1,9,10,0
2020-02-18,Madera,39,155013,0,0,0,0,0
2020-02-18,Marin,41,260295,0,0,0,0,0
2020-02-18,Mariposa,43,17540,0,0,0,0,0
2020-02-18,Mendocino,45,87422,0,0,0,0,0
2020-02-18,Merced,47,269075,0,0,0,0,0
2020-02-18,Modoc,49,8938,0,0,0,0,0
2020-02-18,Mono,51,14174,0,0,0,0,0
2020-02-18,Monterey,53,433212,0,0,0,0,0
2020-02-18,Napa,55,140530,0,0,0,0,0
2020-02-18,Nevada,57,99092,0,0,1,1,0
2020-02-18,Orange,59,3164182,42,1,0,1,0
2020-02-18,Placer,61,380077,0,0,0,0,0
2020-02-18,Plumas,63,18699,0,0,0,0,0
2020-02-18,Riverside,65,2383286,5,0,0,0,0
2020-02-18,Sacramento,67,1510023,2,0,0,0,0
2020-02-18,San Benito,69,59416,0,2,0,2,0
2020-02-18,San Bernardino,71,2135413,11,0,0,0,0
2020-02-18,San Diego,73,3302833,4,2,0,2,0
2020-02-18,San Francisco,75,870044,2,0,0,0,0
2020-02-18,San Joaquin,77,732212,1,0,1,1,0
2020-02-18,San Luis Obispo,79,281455,2,0,0,0,0
2020-02-18,San Mateo,81,765935,5,0,0,0,0
2020-02-18,Santa Barbara,83,443738,0,0,0,0,0
2020-02-18,Santa Clara,85,1922200,14,2,1,3,0
2020-02-18,Santa Cruz,87,273765,0,0,0,0,0
2020-02-18,Shasta,89,179085,0,0,0,0,0
2020-02-18,Sierra,91,2930,0,0,0,0,0
2020-02-18,Siskiyou,93,43540,0,0,0,0,0
2020-02-18,Solano,95,438530,5,7,0,7,0
2020-02-18,Sonoma,97,501317,1,0,0,0,0
2020-02-18,Stanislaus,99,539301,1,0,2,2,0
2020-02-18,Sutter,101,95872,0,0,0,0,0
2020-02-18,Tehama,103,63373,0,0,0,0,0
2020-02-18,Trinity,105,12862,0,0,0,0,0
2020-02-18,Tulare,107,460477,2,0,0,0,0
2020-02-18,Tuolumne,109,53932,0,0,0,0,0
2020-02-18,Ventura,111,848112,2,0,0,0,0
2020-02-18,Yolo,113,214977,1,0,0,0,0
2020-02-18,Yuba,115,75493,0,0,0,0,0
2020-02-17,Alameda,1,1643700,6,0,0,0,0
2020-02-17,Alpine,3,1148,0,0,0,0,0
2020-02-17,Amador,5,37829,0,0,0,0,0
2020-02-17,Butte,7,227075,0,0,0,0,0
2020-02-17,Calaveras,9,45235,0,0,0,0,0
2020-02-17,Colusa,11,21464,0,0,0,0,0
2020-02-17,Contra Costa,13,1133247,3,0,0,0,0
2020-02-17,Del Norte,15,27424,0,0,0,0,0
2020-02-17,El Dorado,17,186661,0,0,0,0,0
2020-02-17,Fresno,19,978130,0,0,0,0,0
2020-02-17,Glenn,21,27897,0,0,0,0,0
2020-02-17,Humboldt,23,135768,1,0,0,0,0
2020-02-17,Imperial,25,180216,1,0,0,0,0
2020-02-17,Inyo,27,18085,0,0,0,0,0
2020-02-17,Kern,29,883053,2,0,0,0,0
2020-02-17,Kings,31,150075,1,0,0,0,0
2020-02-17,Lake,33,64148,0,0,0,0,0
2020-02-17,Lassen,35,31185,0,0,0,0,0
2020-02-17,Los Angeles,37,10098052,51,1,8,9,0
2020-02-17,Madera,39,155013,0,0,0,0,0
2020-02-17,Marin,41,260295,0,0,0,0,0
2020-02-17,Mariposa,43,17540,0,0,0,0,0
2020-02-17,Mendocino,45,87422,0,0,0,0,0
2020-02-17,Merced,47,269075,0,0,0,0,0
2020-02-17,Modoc,49,8938,0,0,0,0,0
2020-02-17,Mono,51,14174,0,0,0,0,0
2020-02-17,Monterey,53,433212,0,0,0,0,0
2020-02-17,Napa,55,140530,0,0,0,0,0
2020-02-17,Nevada,57,99092,0,0,1,1,0
2020-02-17,Orange,59,3164182,42,1,0,1,0
2020-02-17,Placer,61,380077,0,0,0,0,0
2020-02-17,Plumas,63,18699,0,0,0,0,0
2020-02-17,Riverside,65,2383286,5,0,0,0,0
2020-02-17,Sacramento,67,1510023,2,0,0,0,0
2020-02-17,San Benito,69,59416,0,2,0,2,0
2020-02-17,San Bernardino,71,2135413,9,0,0,0,0
2020-02-17,San Diego,73,3302833,4,2,0,2,0
2020-02-17,San Francisco,75,870044,2,0,0,0,0
2020-02-17,San Joaquin,77,732212,1,0,1,1,0
2020-02-17,San Luis Obispo,79,281455,1,0,0,0,0
2020-02-17,San Mateo,81,765935,5,0,0,0,0
2020-02-17,Santa Barbara,83,443738,0,0,0,0,0
2020-02-17,Santa Clara,85,1922200,12,2,1,3,0
2020-02-17,Santa Cruz,87,273765,0,0,0,0,0
2020-02-17,Shasta,89,179085,0,0,0,0,0
2020-02-17,Sierra,91,2930,0,0,0,0,0
2020-02-17,Siskiyou,93,43540,0,0,0,0,0
2020-02-17,Solano,95,438530,3,5,0,5,0
2020-02-17,Sonoma,97,501317,1,0,0,0,0
2020-02-17,Stanislaus,99,539301,1,0,2,2,0
2020-02-17,Sutter,101,95872,0,0,0,0,0
2020-02-17,Tehama,103,63373,0,0,0,0,0
2020-02-17,Trinity,105,12862,0,0,0,0,0
2020-02-17,Tulare,107,460477,2,0,0,0,0
2020-02-17,Tuolumne,109,53932,0,0,0,0,0
2020-02-17,Ventura,111,848112,2,0,0,0,0
2020-02-17,Yolo,113,214977,1,0,0,0,0
2020-02-17,Yuba,115,75493,0,0,0,0,0
2020-02-16,Alameda,1,1643700,5,0,0,0,0
2020-02-16,Alpine,3,1148,0,0,0,0,0
2020-02-16,Amador,5,37829,0,0,0,0,0
2020-02-16,Butte,7,227075,0,0,0,0,0
2020-02-16,Calaveras,9,45235,0,0,0,0,0
2020-02-16,Colusa,11,21464,0,0,0,0,0
2020-02-16,Contra Costa,13,1133247,3,0,0,0,0
2020-02-16,Del Norte,15,27424,0,0,0,0,0
2020-02-16,El Dorado,17,186661,0,0,0,0,0
2020-02-16,Fresno,19,978130,0,0,0,0,0
2020-02-16,Glenn,21,27897,0,0,0,0,0
2020-02-16,Humboldt,23,135768,1,0,0,0,0
2020-02-16,Imperial,25,180216,1,0,0,0,0
2020-02-16,Inyo,27,18085,0,0,0,0,0
2020-02-16,Kern,29,883053,2,0,0,0,0
2020-02-16,Kings,31,150075,1,0,0,0,0
2020-02-16,Lake,33,64148,0,0,0,0,0
2020-02-16,Lassen,35,31185,0,0,0,0,0
2020-02-16,Los Angeles,37,10098052,44,1,8,9,0
2020-02-16,Madera,39,155013,0,0,0,0,0
2020-02-16,Marin,41,260295,0,0,0,0,0
2020-02-16,Mariposa,43,17540,0,0,0,0,0
2020-02-16,Mendocino,45,87422,0,0,0,0,0
2020-02-16,Merced,47,269075,0,0,0,0,0
2020-02-16,Modoc,49,8938,0,0,0,0,0
2020-02-16,Mono,51,14174,0,0,0,0,0
2020-02-16,Monterey,53,433212,0,0,0,0,0
2020-02-16,Napa,55,140530,0,0,0,0,0
2020-02-16,Nevada,57,99092,0,0,0,0,0
2020-02-16,Orange,59,3164182,41,1,0,1,0
2020-02-16,Placer,61,380077,0,0,0,0,0
2020-02-16,Plumas,63,18699,0,0,0,0,0
2020-02-16,Riverside,65,2383286,5,0,0,0,0
2020-02-16,Sacramento,67,1510023,2,0,0,0,0
2020-02-16,San Benito,69,59416,0,2,0,2,0
2020-02-16,San Bernardino,71,2135413,8,0,0,0,0
2020-02-16,San Diego,73,3302833,4,2,0,2,0
2020-02-16,San Francisco,75,870044,2,0,0,0,0
2020-02-16,San Joaquin,77,732212,1,0,1,1,0
2020-02-16,San Luis Obispo,79,281455,1,0,0,0,0
2020-02-16,San Mateo,81,765935,4,0,0,0,0
2020-02-16,Santa Barbara,83,443738,0,0,0,0,0
2020-02-16,Santa Clara,85,1922200,10,2,1,3,0
2020-02-16,Santa Cruz,87,273765,0,0,0,0,0
2020-02-16,Shasta,89,179085,0,0,0,0,0
2020-02-16,Sierra,91,2930,0,0,0,0,0
2020-02-16,Siskiyou,93,43540,0,0,0,0,0
2020-02-16,Solano,95,438530,1,0,0,0,0
2020-02-16,Sonoma,97,501317,1,0,0,0,0
2020-02-16,Stanislaus,99,539301,1,0,2,2,0
2020-02-16,Sutter,101,95872,0,0,0,0,0
2020-02-16,Tehama,103,63373,0,0,0,0,0
2020-02-16,Trinity,105,12862,0,0,0,0,0
2020-02-16,Tulare,107,460477,2,0,0,0,0
2020-02-16,Tuolumne,109,53932,0,0,0,0,0
2020-02-16,Ventura,111,848112,2,0,0,0,0
2020-02-16,Yolo,113,214977,1,0,0,0,0
2020-02-16,Yuba,115,75493,0,0,0,0,0
2020-02-15,Alameda,1,1643700,5,0,0,0,0
2020-02-15,Alpine,3,1148,0,0,0,0,0
2020-02-15,Amador,5,37829,0,0,0,0,0
2020-02-15,Butte,7,227075,0,0,0,0,0
2020-02-15,Calaveras,9,45235,0,0,0,0,0
2020-02-15,Colusa,11,21464,0,0,0,0,0
2020-02-15,Contra Costa,13,1133247,3,0,0,0,0
2020-02-15,Del Norte,15,27424,0,0,0,0,0
2020-02-15,El Dorado,17,186661,0,0,0,0,0
2020-02-15,Fresno,19,978130,0,0,0,0,0
2020-02-15,Glenn,21,27897,0,0,0,0,0
2020-02-15,Humboldt,23,135768,1,0,0,0,0
2020-02-15,Imperial,25,180216,1,0,0,0,0
2020-02-15,Inyo,27,18085,0,0,0,0,0
2020-02-15,Kern,29,883053,2,0,0,0,0
2020-02-15,Kings,31,150075,1,0,0,0,0
2020-02-15,Lake,33,64148,0,0,0,0,0
2020-02-15,Lassen,35,31185,0,0,0,0,0
2020-02-15,Los Angeles,37,10098052,41,1,8,9,0
2020-02-15,Madera,39,155013,0,0,0,0,0
2020-02-15,Marin,41,260295,0,0,0,0,0
2020-02-15,Mariposa,43,17540,0,0,0,0,0
2020-02-15,Mendocino,45,87422,0,0,0,0,0
2020-02-15,Merced,47,269075,0,0,0,0,0
2020-02-15,Modoc,49,8938,0,0,0,0,0
2020-02-15,Mono,51,14174,0,0,0,0,0
2020-02-15,Monterey,53,433212,0,0,0,0,0
2020-02-15,Napa,55,140530,0,0,0,0,0
2020-02-15,Nevada,57,99092,0,0,0,0,0
2020-02-15,Orange,59,3164182,40,1,0,1,0
2020-02-15,Placer,61,380077,0,0,0,0,0
2020-02-15,Plumas,63,18699,0,0,0,0,0
2020-02-15,Riverside,65,2383286,4,0,0,0,0
2020-02-15,Sacramento,67,1510023,2,0,0,0,0
2020-02-15,San Benito,69,59416,0,2,0,2,0
2020-02-15,San Bernardino,71,2135413,7,0,0,0,0
2020-02-15,San Diego,73,3302833,4,2,0,2,0
2020-02-15,San Francisco,75,870044,2,0,0,0,0
2020-02-15,San Joaquin,77,732212,1,0,1,1,0
2020-02-15,San Luis Obispo,79,281455,1,0,0,0,0
2020-02-15,San Mateo,81,765935,4,0,0,0,0
2020-02-15,Santa Barbara,83,443738,0,0,0,0,0
2020-02-15,Santa Clara,85,1922200,10,2,1,3,0
2020-02-15,Santa Cruz,87,273765,0,0,0,0,0
2020-02-15,Shasta,89,179085,0,0,0,0,0
2020-02-15,Sierra,91,2930,0,0,0,0,0
2020-02-15,Siskiyou,93,43540,0,0,0,0,0
2020-02-15,Solano,95,438530,1,0,0,0,0
2020-02-15,Sonoma,97,501317,0,0,0,0,0
2020-02-15,Stanislaus,99,539301,1,0,2,2,0
2020-02-15,Sutter,101,95872,0,0,0,0,0
2020-02-15,Tehama,103,63373,0,0,0,0,0
2020-02-15,Trinity,105,12862,0,0,0,0,0
2020-02-15,Tulare,107,460477,2,0,0,0,0
2020-02-15,Tuolumne,109,53932,0,0,0,0,0
2020-02-15,Ventura,111,848112,2,0,0,0,0
2020-02-15,Yolo,113,214977,1,0,0,0,0
2020-02-15,Yuba,115,75493,0,0,0,0,0
2020-02-14,Alameda,1,1643700,4,0,0,0,0
2020-02-14,Alpine,3,1148,0,0,0,0,0
2020-02-14,Amador,5,37829,0,0,0,0,0
2020-02-14,Butte,7,227075,0,0,0,0,0
2020-02-14,Calaveras,9,45235,0,0,0,0,0
2020-02-14,Colusa,11,21464,0,0,0,0,0
2020-02-14,Contra Costa,13,1133247,3,0,0,0,0
2020-02-14,Del Norte,15,27424,0,0,0,0,0
2020-02-14,El Dorado,17,186661,0,0,0,0,0
2020-02-14,Fresno,19,978130,0,0,0,0,0
2020-02-14,Glenn,21,27897,0,0,0,0,0
2020-02-14,Humboldt,23,135768,1,0,0,0,0
2020-02-14,Imperial,25,180216,1,0,0,0,0
2020-02-14,Inyo,27,18085,0,0,0,0,0
2020-02-14,Kern,29,883053,2,0,0,0,0
2020-02-14,Kings,31,150075,1,0,0,0,0
2020-02-14,Lake,33,64148,0,0,0,0,0
2020-02-14,Lassen,35,31185,0,0,0,0,0
2020-02-14,Los Angeles,37,10098052,36,1,8,9,0
2020-02-14,Madera,39,155013,0,0,0,0,0
2020-02-14,Marin,41,260295,0,0,0,0,0
2020-02-14,Mariposa,43,17540,0,0,0,0,0
2020-02-14,Mendocino,45,87422,0,0,0,0,0
2020-02-14,Merced,47,269075,0,0,0,0,0
2020-02-14,Modoc,49,8938,0,0,0,0,0
2020-02-14,Mono,51,14174,0,0,0,0,0
2020-02-14,Monterey,53,433212,0,0,0,0,0
2020-02-14,Napa,55,140530,0,0,0,0,0
2020-02-14,Nevada,57,99092,0,0,0,0,0
2020-02-14,Orange,59,3164182,40,1,0,1,0
2020-02-14,Placer,61,380077,0,0,0,0,0
2020-02-14,Plumas,63,18699,0,0,0,0,0
2020-02-14,Riverside,65,2383286,4,0,0,0,0
2020-02-14,Sacramento,67,1510023,1,0,0,0,0
2020-02-14,San Benito,69,59416,0,2,0,2,0
2020-02-14,San Bernardino,71,2135413,7,0,0,0,0
2020-02-14,San Diego,73,3302833,3,2,0,2,0
2020-02-14,San Francisco,75,870044,2,0,0,0,0
2020-02-14,San Joaquin,77,732212,1,0,1,1,0
2020-02-14,San Luis Obispo,79,281455,0,0,0,0,0
2020-02-14,San Mateo,81,765935,3,0,0,0,0
2020-02-14,Santa Barbara,83,443738,0,0,0,0,0
2020-02-14,Santa Clara,85,1922200,8,2,1,3,0
2020-02-14,Santa Cruz,87,273765,0,0,0,0,0
2020-02-14,Shasta,89,179085,0,0,0,0,0
2020-02-14,Sierra,91,2930,0,0,0,0,0
2020-02-14,Siskiyou,93,43540,0,0,0,0,0
2020-02-14,Solano,95,438530,1,0,0,0,0
2020-02-14,Sonoma,97,501317,0,0,0,0,0
2020-02-14,Stanislaus,99,539301,1,0,2,2,0
2020-02-14,Sutter,101,95872,0,0,0,0,0
2020-02-14,Tehama,103,63373,0,0,0,0,0
2020-02-14,Trinity,105,12862,0,0,0,0,0
2020-02-14,Tulare,107,460477,2,0,0,0,0
2020-02-14,Tuolumne,109,53932,0,0,0,0,0
2020-02-14,Ventura,111,848112,2,0,0,0,0
2020-02-14,Yolo,113,214977,1,0,0,0,0
2020-02-14,Yuba,115,75493,0,0,0,0,0
2020-02-13,Alameda,1,1643700,4,0,0,0,0
2020-02-13,Alpine,3,1148,0,0,0,0,0
2020-02-13,Amador,5,37829,0,0,0,0,0
2020-02-13,Butte,7,227075,0,0,0,0,0
2020-02-13,Calaveras,9,45235,0,0,0,0,0
2020-02-13,Colusa,11,21464,0,0,0,0,0
2020-02-13,Contra Costa,13,1133247,3,0,0,0,0
2020-02-13,Del Norte,15,27424,0,0,0,0,0
2020-02-13,El Dorado,17,186661,0,0,0,0,0
2020-02-13,Fresno,19,978130,0,0,0,0,0
2020-02-13,Glenn,21,27897,0,0,0,0,0
2020-02-13,Humboldt,23,135768,1,0,0,0,0
2020-02-13,Imperial,25,180216,1,0,0,0,0
2020-02-13,Inyo,27,18085,0,0,0,0,0
2020-02-13,Kern,29,883053,2,0,0,0,0
2020-02-13,Kings,31,150075,1,0,0,0,0
2020-02-13,Lake,33,64148,0,0,0,0,0
2020-02-13,Lassen,35,31185,0,0,0,0,0
2020-02-13,Los Angeles,37,10098052,31,1,7,8,0
2020-02-13,Madera,39,155013,0,0,0,0,0
2020-02-13,Marin,41,260295,0,0,0,0,0
2020-02-13,Mariposa,43,17540,0,0,0,0,0
2020-02-13,Mendocino,45,87422,0,0,0,0,0
2020-02-13,Merced,47,269075,0,0,0,0,0
2020-02-13,Modoc,49,8938,0,0,0,0,0
2020-02-13,Mono,51,14174,0,0,0,0,0
2020-02-13,Monterey,53,433212,0,0,0,0,0
2020-02-13,Napa,55,140530,0,0,0,0,0
2020-02-13,Nevada,57,99092,0,0,0,0,0
2020-02-13,Orange,59,3164182,39,1,0,1,0
2020-02-13,Placer,61,380077,0,0,0,0,0
2020-02-13,Plumas,63,18699,0,0,0,0,0
2020-02-13,Riverside,65,2383286,4,0,0,0,0
2020-02-13,Sacramento,67,1510023,1,0,0,0,0
2020-02-13,San Benito,69,59416,0,2,0,2,0
2020-02-13,San Bernardino,71,2135413,7,0,0,0,0
2020-02-13,San Diego,73,3302833,2,2,0,2,0
2020-02-13,San Francisco,75,870044,2,0,0,0,0
2020-02-13,San Joaquin,77,732212,1,0,1,1,0
2020-02-13,San Luis Obispo,79,281455,0,0,0,0,0
2020-02-13,San Mateo,81,765935,2,0,0,0,0
2020-02-13,Santa Barbara,83,443738,0,0,0,0,0
2020-02-13,Santa Clara,85,1922200,7,2,0,2,0
2020-02-13,Santa Cruz,87,273765,0,0,0,0,0
2020-02-13,Shasta,89,179085,0,0,0,0,0
2020-02-13,Sierra,91,2930,0,0,0,0,0
2020-02-13,Siskiyou,93,43540,0,0,0,0,0
2020-02-13,Solano,95,438530,0,0,0,0,0
2020-02-13,Sonoma,97,501317,0,0,0,0,0
2020-02-13,Stanislaus,99,539301,1,0,1,1,0
2020-02-13,Sutter,101,95872,0,0,0,0,0
2020-02-13,Tehama,103,63373,0,0,0,0,0
2020-02-13,Trinity,105,12862,0,0,0,0,0
2020-02-13,Tulare,107,460477,2,0,0,0,0
2020-02-13,Tuolumne,109,53932,0,0,0,0,0
2020-02-13,Ventura,111,848112,2,0,0,0,0
2020-02-13,Yolo,113,214977,1,0,0,0,0
2020-02-13,Yuba,115,75493,0,0,0,0,0
2020-02-12,Alameda,1,1643700,4,0,0,0,0
2020-02-12,Alpine,3,1148,0,0,0,0,0
2020-02-12,Amador,5,37829,0,0,0,0,0
2020-02-12,Butte,7,227075,0,0,0,0,0
2020-02-12,Calaveras,9,45235,0,0,0,0,0
2020-02-12,Colusa,11,21464,0,0,0,0,0
2020-02-12,Contra Costa,13,1133247,3,0,0,0,0
2020-02-12,Del Norte,15,27424,0,0,0,0,0
2020-02-12,El Dorado,17,186661,0,0,0,0,0
2020-02-12,Fresno,19,978130,0,0,0,0,0
2020-02-12,Glenn,21,27897,0,0,0,0,0
2020-02-12,Humboldt,23,135768,1,0,0,0,0
2020-02-12,Imperial,25,180216,1,0,0,0,0
2020-02-12,Inyo,27,18085,0,0,0,0,0
2020-02-12,Kern,29,883053,2,0,0,0,0
2020-02-12,Kings,31,150075,1,0,0,0,0
2020-02-12,Lake,33,64148,0,0,0,0,0
2020-02-12,Lassen,35,31185,0,0,0,0,0
2020-02-12,Los Angeles,37,10098052,29,1,7,8,0
2020-02-12,Madera,39,155013,0,0,0,0,0
2020-02-12,Marin,41,260295,0,0,0,0,0
2020-02-12,Mariposa,43,17540,0,0,0,0,0
2020-02-12,Mendocino,45,87422,0,0,0,0,0
2020-02-12,Merced,47,269075,0,0,0,0,0
2020-02-12,Modoc,49,8938,0,0,0,0,0
2020-02-12,Mono,51,14174,0,0,0,0,0
2020-02-12,Monterey,53,433212,0,0,0,0,0
2020-02-12,Napa,55,140530,0,0,0,0,0
2020-02-12,Nevada,57,99092,0,0,0,0,0
2020-02-12,Orange,59,3164182,39,1,0,1,0
2020-02-12,Placer,61,380077,0,0,0,0,0
2020-02-12,Plumas,63,18699,0,0,0,0,0
2020-02-12,Riverside,65,2383286,4,0,0,0,0
2020-02-12,Sacramento,67,1510023,1,0,0,0,0
2020-02-12,San Benito,69,59416,0,2,0,2,0
2020-02-12,San Bernardino,71,2135413,7,0,0,0,0
2020-02-12,San Diego,73,3302833,2,2,0,2,0
2020-02-12,San Francisco,75,870044,2,0,0,0,0
2020-02-12,San Joaquin,77,732212,1,0,1,1,0
2020-02-12,San Luis Obispo,79,281455,0,0,0,0,0
2020-02-12,San Mateo,81,765935,2,0,0,0,0
2020-02-12,Santa Barbara,83,443738,0,0,0,0,0
2020-02-12,Santa Clara,85,1922200,6,2,0,2,0
2020-02-12,Santa Cruz,87,273765,0,0,0,0,0
2020-02-12,Shasta,89,179085,0,0,0,0,0
2020-02-12,Sierra,91,2930,0,0,0,0,0
2020-02-12,Siskiyou,93,43540,0,0,0,0,0
2020-02-12,Solano,95,438530,0,0,0,0,0
2020-02-12,Sonoma,97,501317,0,0,0,0,0
2020-02-12,Stanislaus,99,539301,1,0,1,1,0
2020-02-12,Sutter,101,95872,0,0,0,0,0
2020-02-12,Tehama,103,63373,0,0,0,0,0
2020-02-12,Trinity,105,12862,0,0,0,0,0
2020-02-12,Tulare,107,460477,2,0,0,0,0
2020-02-12,Tuolumne,109,53932,0,0,0,0,0
2020-02-12,Ventura,111,848112,2,0,0,0,0
2020-02-12,Yolo,113,214977,1,0,0,0,0
2020-02-12,Yuba,115,75493,0,0,0,0,0
2020-02-11,Alameda,1,1643700,4,0,0,0,0
2020-02-11,Alpine,3,1148,0,0,0,0,0
2020-02-11,Amador,5,37829,0,0,0,0,0
2020-02-11,Butte,7,227075,0,0,0,0,0
2020-02-11,Calaveras,9,45235,0,0,0,0,0
2020-02-11,Colusa,11,21464,0,0,0,0,0
2020-02-11,Contra Costa,13,1133247,3,0,0,0,0
2020-02-11,Del Norte,15,27424,0,0,0,0,0
2020-02-11,El Dorado,17,186661,0,0,0,0,0
2020-02-11,Fresno,19,978130,0,0,0,0,0
2020-02-11,Glenn,21,27897,0,0,0,0,0
2020-02-11,Humboldt,23,135768,1,0,0,0,0
2020-02-11,Imperial,25,180216,1,0,0,0,0
2020-02-11,Inyo,27,18085,0,0,0,0,0
2020-02-11,Kern,29,883053,2,0,0,0,0
2020-02-11,Kings,31,150075,1,0,0,0,0
2020-02-11,Lake,33,64148,0,0,0,0,0
2020-02-11,Lassen,35,31185,0,0,0,0,0
2020-02-11,Los Angeles,37,10098052,28,1,6,7,0
2020-02-11,Madera,39,155013,0,0,0,0,0
2020-02-11,Marin,41,260295,0,0,0,0,0
2020-02-11,Mariposa,43,17540,0,0,0,0,0
2020-02-11,Mendocino,45,87422,0,0,0,0,0
2020-02-11,Merced,47,269075,0,0,0,0,0
2020-02-11,Modoc,49,8938,0,0,0,0,0
2020-02-11,Mono,51,14174,0,0,0,0,0
2020-02-11,Monterey,53,433212,0,0,0,0,0
2020-02-11,Napa,55,140530,0,0,0,0,0
2020-02-11,Nevada,57,99092,0,0,0,0,0
2020-02-11,Orange,59,3164182,38,1,0,1,0
2020-02-11,Placer,61,380077,0,0,0,0,0
2020-02-11,Plumas,63,18699,0,0,0,0,0
2020-02-11,Riverside,65,2383286,4,0,0,0,0
2020-02-11,Sacramento,67,1510023,1,0,0,0,0
2020-02-11,San Benito,69,59416,0,2,0,2,0
2020-02-11,San Bernardino,71,2135413,7,0,0,0,0
2020-02-11,San Diego,73,3302833,2,1,0,1,0
2020-02-11,San Francisco,75,870044,2,0,0,0,0
2020-02-11,San Joaquin,77,732212,0,0,1,1,0
2020-02-11,San Luis Obispo,79,281455,0,0,0,0,0
2020-02-11,San Mateo,81,765935,2,0,0,0,0
2020-02-11,Santa Barbara,83,443738,0,0,0,0,0
2020-02-11,Santa Clara,85,1922200,5,2,0,2,0
2020-02-11,Santa Cruz,87,273765,0,0,0,0,0
2020-02-11,Shasta,89,179085,0,0,0,0,0
2020-02-11,Sierra,91,2930,0,0,0,0,0
2020-02-11,Siskiyou,93,43540,0,0,0,0,0
2020-02-11,Solano,95,438530,0,0,0,0,0
2020-02-11,Sonoma,97,501317,0,0,0,0,0
2020-02-11,Stanislaus,99,539301,1,0,1,1,0
2020-02-11,Sutter,101,95872,0,0,0,0,0
2020-02-11,Tehama,103,63373,0,0,0,0,0
2020-02-11,Trinity,105,12862,0,0,0,0,0
2020-02-11,Tulare,107,460477,2,0,0,0,0
2020-02-11,Tuolumne,109,53932,0,0,0,0,0
2020-02-11,Ventura,111,848112,2,0,0,0,0
2020-02-11,Yolo,113,214977,1,0,0,0,0
2020-02-11,Yuba,115,75493,0,0,0,0,0
2020-02-10,Alameda,1,1643700,4,0,0,0,0
2020-02-10,Alpine,3,1148,0,0,0,0,0
2020-02-10,Amador,5,37829,0,0,0,0,0
2020-02-10,Butte,7,227075,0,0,0,0,0
2020-02-10,Calaveras,9,45235,0,0,0,0,0
2020-02-10,Colusa,11,21464,0,0,0,0,0
2020-02-10,Contra Costa,13,1133247,3,0,0,0,0
2020-02-10,Del Norte,15,27424,0,0,0,0,0
2020-02-10,El Dorado,17,186661,0,0,0,0,0
2020-02-10,Fresno,19,978130,0,0,0,0,0
2020-02-10,Glenn,21,27897,0,0,0,0,0
2020-02-10,Humboldt,23,135768,0,0,0,0,0
2020-02-10,Imperial,25,180216,1,0,0,0,0
2020-02-10,Inyo,27,18085,0,0,0,0,0
2020-02-10,Kern,29,883053,2,0,0,0,0
2020-02-10,Kings,31,150075,1,0,0,0,0
2020-02-10,Lake,33,64148,0,0,0,0,0
2020-02-10,Lassen,35,31185,0,0,0,0,0
2020-02-10,Los Angeles,37,10098052,26,1,6,7,0
2020-02-10,Madera,39,155013,0,0,0,0,0
2020-02-10,Marin,41,260295,0,0,0,0,0
2020-02-10,Mariposa,43,17540,0,0,0,0,0
2020-02-10,Mendocino,45,87422,0,0,0,0,0
2020-02-10,Merced,47,269075,0,0,0,0,0
2020-02-10,Modoc,49,8938,0,0,0,0,0
2020-02-10,Mono,51,14174,0,0,0,0,0
2020-02-10,Monterey,53,433212,0,0,0,0,0
2020-02-10,Napa,55,140530,0,0,0,0,0
2020-02-10,Nevada,57,99092,0,0,0,0,0
2020-02-10,Orange,59,3164182,38,1,0,1,0
2020-02-10,Placer,61,380077,0,0,0,0,0
2020-02-10,Plumas,63,18699,0,0,0,0,0
2020-02-10,Riverside,65,2383286,4,0,0,0,0
2020-02-10,Sacramento,67,1510023,1,0,0,0,0
2020-02-10,San Benito,69,59416,0,2,0,2,0
2020-02-10,San Bernardino,71,2135413,6,0,0,0,0
2020-02-10,San Diego,73,3302833,2,0,0,0,0
2020-02-10,San Francisco,75,870044,2,0,0,0,0
2020-02-10,San Joaquin,77,732212,0,0,1,1,0
2020-02-10,San Luis Obispo,79,281455,0,0,0,0,0
2020-02-10,San Mateo,81,765935,2,0,0,0,0
2020-02-10,Santa Barbara,83,443738,0,0,0,0,0
2020-02-10,Santa Clara,85,1922200,5,2,0,2,0
2020-02-10,Santa Cruz,87,273765,0,0,0,0,0
2020-02-10,Shasta,89,179085,0,0,0,0,0
2020-02-10,Sierra,91,2930,0,0,0,0,0
2020-02-10,Siskiyou,93,43540,0,0,0,0,0
2020-02-10,Solano,95,438530,0,0,0,0,0
2020-02-10,Sonoma,97,501317,0,0,0,0,0
2020-02-10,Stanislaus,99,539301,1,0,0,0,0
2020-02-10,Sutter,101,95872,0,0,0,0,0
2020-02-10,Tehama,103,63373,0,0,0,0,0
2020-02-10,Trinity,105,12862,0,0,0,0,0
2020-02-10,Tulare,107,460477,2,0,0,0,0
2020-02-10,Tuolumne,109,53932,0,0,0,0,0
2020-02-10,Ventura,111,848112,2,0,0,0,0
2020-02-10,Yolo,113,214977,1,0,0,0,0
2020-02-10,Yuba,115,75493,0,0,0,0,0
2020-02-09,Alameda,1,1643700,4,0,0,0,0
2020-02-09,Alpine,3,1148,0,0,0,0,0
2020-02-09,Amador,5,37829,0,0,0,0,0
2020-02-09,Butte,7,227075,0,0,0,0,0
2020-02-09,Calaveras,9,45235,0,0,0,0,0
2020-02-09,Colusa,11,21464,0,0,0,0,0
2020-02-09,Contra Costa,13,1133247,3,0,0,0,0
2020-02-09,Del Norte,15,27424,0,0,0,0,0
2020-02-09,El Dorado,17,186661,0,0,0,0,0
2020-02-09,Fresno,19,978130,0,0,0,0,0
2020-02-09,Glenn,21,27897,0,0,0,0,0
2020-02-09,Humboldt,23,135768,0,0,0,0,0
2020-02-09,Imperial,25,180216,1,0,0,0,0
2020-02-09,Inyo,27,18085,0,0,0,0,0
2020-02-09,Kern,29,883053,2,0,0,0,0
2020-02-09,Kings,31,150075,1,0,0,0,0
2020-02-09,Lake,33,64148,0,0,0,0,0
2020-02-09,Lassen,35,31185,0,0,0,0,0
2020-02-09,Los Angeles,37,10098052,24,1,6,7,0
2020-02-09,Madera,39,155013,0,0,0,0,0
2020-02-09,Marin,41,260295,0,0,0,0,0
2020-02-09,Mariposa,43,17540,0,0,0,0,0
2020-02-09,Mendocino,45,87422,0,0,0,0,0
2020-02-09,Merced,47,269075,0,0,0,0,0
2020-02-09,Modoc,49,8938,0,0,0,0,0
2020-02-09,Mono,51,14174,0,0,0,0,0
2020-02-09,Monterey,53,433212,0,0,0,0,0
2020-02-09,Napa,55,140530,0,0,0,0,0
2020-02-09,Nevada,57,99092,0,0,0,0,0
2020-02-09,Orange,59,3164182,37,1,0,1,0
2020-02-09,Placer,61,380077,0,0,0,0,0
2020-02-09,Plumas,63,18699,0,0,0,0,0
2020-02-09,Riverside,65,2383286,4,0,0,0,0
2020-02-09,Sacramento,67,1510023,0,0,0,0,0
2020-02-09,San Benito,69,59416,0,2,0,2,0
2020-02-09,San Bernardino,71,2135413,6,0,0,0,0
2020-02-09,San Diego,73,3302833,2,0,0,0,0
2020-02-09,San Francisco,75,870044,1,0,0,0,0
2020-02-09,San Joaquin,77,732212,0,0,1,1,0
2020-02-09,San Luis Obispo,79,281455,0,0,0,0,0
2020-02-09,San Mateo,81,765935,2,0,0,0,0
2020-02-09,Santa Barbara,83,443738,0,0,0,0,0
2020-02-09,Santa Clara,85,1922200,4,2,0,2,0
2020-02-09,Santa Cruz,87,273765,0,0,0,0,0
2020-02-09,Shasta,89,179085,0,0,0,0,0
2020-02-09,Sierra,91,2930,0,0,0,0,0
2020-02-09,Siskiyou,93,43540,0,0,0,0,0
2020-02-09,Solano,95,438530,0,0,0,0,0
2020-02-09,Sonoma,97,501317,0,0,0,0,0
2020-02-09,Stanislaus,99,539301,0,0,0,0,0
2020-02-09,Sutter,101,95872,0,0,0,0,0
2020-02-09,Tehama,103,63373,0,0,0,0,0
2020-02-09,Trinity,105,12862,0,0,0,0,0
2020-02-09,Tulare,107,460477,2,0,0,0,0
2020-02-09,Tuolumne,109,53932,0,0,0,0,0
2020-02-09,Ventura,111,848112,1,0,0,0,0
2020-02-09,Yolo,113,214977,1,0,0,0,0
2020-02-09,Yuba,115,75493,0,0,0,0,0
2020-02-08,Alameda,1,1643700,3,0,0,0,0
2020-02-08,Alpine,3,1148,0,0,0,0,0
2020-02-08,Amador,5,37829,0,0,0,0,0
2020-02-08,Butte,7,227075,0,0,0,0,0
2020-02-08,Calaveras,9,45235,0,0,0,0,0
2020-02-08,Colusa,11,21464,0,0,0,0,0
2020-02-08,Contra Costa,13,1133247,2,0,0,0,0
2020-02-08,Del Norte,15,27424,0,0,0,0,0
2020-02-08,El Dorado,17,186661,0,0,0,0,0
2020-02-08,Fresno,19,978130,0,0,0,0,0
2020-02-08,Glenn,21,27897,0,0,0,0,0
2020-02-08,Humboldt,23,135768,0,0,0,0,0
2020-02-08,Imperial,25,180216,1,0,0,0,0
2020-02-08,Inyo,27,18085,0,0,0,0,0
2020-02-08,Kern,29,883053,2,0,0,0,0
2020-02-08,Kings,31,150075,1,0,0,0,0
2020-02-08,Lake,33,64148,0,0,0,0,0
2020-02-08,Lassen,35,31185,0,0,0,0,0
2020-02-08,Los Angeles,37,10098052,21,1,3,4,0
2020-02-08,Madera,39,155013,0,0,0,0,0
2020-02-08,Marin,41,260295,0,0,0,0,0
2020-02-08,Mariposa,43,17540,0,0,0,0,0
2020-02-08,Mendocino,45,87422,0,0,0,0,0
2020-02-08,Merced,47,269075,0,0,0,0,0
2020-02-08,Modoc,49,8938,0,0,0,0,0
2020-02-08,Mono,51,14174,0,0,0,0,0
2020-02-08,Monterey,53,433212,0,0,0,0,0
2020-02-08,Napa,55,140530,0,0,0,0,0
2020-02-08,Nevada,57,99092,0,0,0,0,0
2020-02-08,Orange,59,3164182,37,1,0,1,0
2020-02-08,Placer,61,380077,0,0,0,0,0
2020-02-08,Plumas,63,18699,0,0,0,0,0
2020-02-08,Riverside,65,2383286,4,0,0,0,0
2020-02-08,Sacramento,67,1510023,0,0,0,0,0
2020-02-08,San Benito,69,59416,0,2,0,2,0
2020-02-08,San Bernardino,71,2135413,6,0,0,0,0
2020-02-08,San Diego,73,3302833,1,0,0,0,0
2020-02-08,San Francisco,75,870044,1,0,0,0,0
2020-02-08,San Joaquin,77,732212,0,0,1,1,0
2020-02-08,San Luis Obispo,79,281455,0,0,0,0,0
2020-02-08,San Mateo,81,765935,2,0,0,0,0
2020-02-08,Santa Barbara,83,443738,0,0,0,0,0
2020-02-08,Santa Clara,85,1922200,4,2,0,2,0
2020-02-08,Santa Cruz,87,273765,0,0,0,0,0
2020-02-08,Shasta,89,179085,0,0,0,0,0
2020-02-08,Sierra,91,2930,0,0,0,0,0
2020-02-08,Siskiyou,93,43540,0,0,0,0,0
2020-02-08,Solano,95,438530,0,0,0,0,0
2020-02-08,Sonoma,97,501317,0,0,0,0,0
2020-02-08,Stanislaus,99,539301,0,0,0,0,0
2020-02-08,Sutter,101,95872,0,0,0,0,0
2020-02-08,Tehama,103,63373,0,0,0,0,0
2020-02-08,Trinity,105,12862,0,0,0,0,0
2020-02-08,Tulare,107,460477,2,0,0,0,0
2020-02-08,Tuolumne,109,53932,0,0,0,0,0
2020-02-08,Ventura,111,848112,1,0,0,0,0
2020-02-08,Yolo,113,214977,1,0,0,0,0
2020-02-08,Yuba,115,75493,0,0,0,0,0
2020-02-07,Alameda,1,1643700,3,0,0,0,0
2020-02-07,Alpine,3,1148,0,0,0,0,0
2020-02-07,Amador,5,37829,0,0,0,0,0
2020-02-07,Butte,7,227075,0,0,0,0,0
2020-02-07,Calaveras,9,45235,0,0,0,0,0
2020-02-07,Colusa,11,21464,0,0,0,0,0
2020-02-07,Contra Costa,13,1133247,2,0,0,0,0
2020-02-07,Del Norte,15,27424,0,0,0,0,0
2020-02-07,El Dorado,17,186661,0,0,0,0,0
2020-02-07,Fresno,19,978130,0,0,0,0,0
2020-02-07,Glenn,21,27897,0,0,0,0,0
2020-02-07,Humboldt,23,135768,0,0,0,0,0
2020-02-07,Imperial,25,180216,1,0,0,0,0
2020-02-07,Inyo,27,18085,0,0,0,0,0
2020-02-07,Kern,29,883053,2,0,0,0,0
2020-02-07,Kings,31,150075,1,0,0,0,0
2020-02-07,Lake,33,64148,0,0,0,0,0
2020-02-07,Lassen,35,31185,0,0,0,0,0
2020-02-07,Los Angeles,37,10098052,20,1,2,3,0
2020-02-07,Madera,39,155013,0,0,0,0,0
2020-02-07,Marin,41,260295,0,0,0,0,0
2020-02-07,Mariposa,43,17540,0,0,0,0,0
2020-02-07,Mendocino,45,87422,0,0,0,0,0
2020-02-07,Merced,47,269075,0,0,0,0,0
2020-02-07,Modoc,49,8938,0,0,0,0,0
2020-02-07,Mono,51,14174,0,0,0,0,0
2020-02-07,Monterey,53,433212,0,0,0,0,0
2020-02-07,Napa,55,140530,0,0,0,0,0
2020-02-07,Nevada,57,99092,0,0,0,0,0
2020-02-07,Orange,59,3164182,35,1,0,1,0
2020-02-07,Placer,61,380077,0,0,0,0,0
2020-02-07,Plumas,63,18699,0,0,0,0,0
2020-02-07,Riverside,65,2383286,4,0,0,0,0
2020-02-07,Sacramento,67,1510023,0,0,0,0,0
2020-02-07,San Benito,69,59416,0,2,0,2,0
2020-02-07,San Bernardino,71,2135413,3,0,0,0,0
2020-02-07,San Diego,73,3302833,1,0,0,0,0
2020-02-07,San Francisco,75,870044,1,0,0,0,0
2020-02-07,San Joaquin,77,732212,0,0,1,1,0
2020-02-07,San Luis Obispo,79,281455,0,0,0,0,0
2020-02-07,San Mateo,81,765935,1,0,0,0,0
2020-02-07,Santa Barbara,83,443738,0,0,0,0,0
2020-02-07,Santa Clara,85,1922200,4,2,0,2,0
2020-02-07,Santa Cruz,87,273765,0,0,0,0,0
2020-02-07,Shasta,89,179085,0,0,0,0,0
2020-02-07,Sierra,91,2930,0,0,0,0,0
2020-02-07,Siskiyou,93,43540,0,0,0,0,0
2020-02-07,Solano,95,438530,0,0,0,0,0
2020-02-07,Sonoma,97,501317,0,0,0,0,0
2020-02-07,Stanislaus,99,539301,0,0,0,0,0
2020-02-07,Sutter,101,95872,0,0,0,0,0
2020-02-07,Tehama,103,63373,0,0,0,0,0
2020-02-07,Trinity,105,12862,0,0,0,0,0
2020-02-07,Tulare,107,460477,2,0,0,0,0
2020-02-07,Tuolumne,109,53932,0,0,0,0,0
2020-02-07,Ventura,111,848112,1,0,0,0,0
2020-02-07,Yolo,113,214977,1,0,0,0,0
2020-02-07,Yuba,115,75493,0,0,0,0,0
2020-02-06,Alameda,1,1643700,3,0,0,0,0
2020-02-06,Alpine,3,1148,0,0,0,0,0
2020-02-06,Amador,5,37829,0,0,0,0,0
2020-02-06,Butte,7,227075,0,0,0,0,0
2020-02-06,Calaveras,9,45235,0,0,0,0,0
2020-02-06,Colusa,11,21464,0,0,0,0,0
2020-02-06,Contra Costa,13,1133247,2,0,0,0,0
2020-02-06,Del Norte,15,27424,0,0,0,0,0
2020-02-06,El Dorado,17,186661,0,0,0,0,0
2020-02-06,Fresno,19,978130,0,0,0,0,0
2020-02-06,Glenn,21,27897,0,0,0,0,0
2020-02-06,Humboldt,23,135768,0,0,0,0,0
2020-02-06,Imperial,25,180216,1,0,0,0,0
2020-02-06,Inyo,27,18085,0,0,0,0,0
2020-02-06,Kern,29,883053,2,0,0,0,0
2020-02-06,Kings,31,150075,0,0,0,0,0
2020-02-06,Lake,33,64148,0,0,0,0,0
2020-02-06,Lassen,35,31185,0,0,0,0,0
2020-02-06,Los Angeles,37,10098052,18,1,2,3,0
2020-02-06,Madera,39,155013,0,0,0,0,0
2020-02-06,Marin,41,260295,0,0,0,0,0
2020-02-06,Mariposa,43,17540,0,0,0,0,0
2020-02-06,Mendocino,45,87422,0,0,0,0,0
2020-02-06,Merced,47,269075,0,0,0,0,0
2020-02-06,Modoc,49,8938,0,0,0,0,0
2020-02-06,Mono,51,14174,0,0,0,0,0
2020-02-06,Monterey,53,433212,0,0,0,0,0
2020-02-06,Napa,55,140530,0,0,0,0,0
2020-02-06,Nevada,57,99092,0,0,0,0,0
2020-02-06,Orange,59,3164182,5,1,0,1,0
2020-02-06,Placer,61,380077,0,0,0,0,0
2020-02-06,Plumas,63,18699,0,0,0,0,0
2020-02-06,Riverside,65,2383286,4,0,0,0,0
2020-02-06,Sacramento,67,1510023,0,0,0,0,0
2020-02-06,San Benito,69,59416,0,2,0,2,0
2020-02-06,San Bernardino,71,2135413,3,0,0,0,0
2020-02-06,San Diego,73,3302833,1,0,0,0,0
2020-02-06,San Francisco,75,870044,1,0,0,0,0
2020-02-06,San Joaquin,77,732212,0,0,1,1,0
2020-02-06,San Luis Obispo,79,281455,0,0,0,0,0
2020-02-06,San Mateo,81,765935,1,0,0,0,0
2020-02-06,Santa Barbara,83,443738,0,0,0,0,0
2020-02-06,Santa Clara,85,1922200,4,2,0,2,0
2020-02-06,Santa Cruz,87,273765,0,0,0,0,0
2020-02-06,Shasta,89,179085,0,0,0,0,0
2020-02-06,Sierra,91,2930,0,0,0,0,0
2020-02-06,Siskiyou,93,43540,0,0,0,0,0
2020-02-06,Solano,95,438530,0,0,0,0,0
2020-02-06,Sonoma,97,501317,0,0,0,0,0
2020-02-06,Stanislaus,99,539301,0,0,0,0,0
2020-02-06,Sutter,101,95872,0,0,0,0,0
2020-02-06,Tehama,103,63373,0,0,0,0,0
2020-02-06,Trinity,105,12862,0,0,0,0,0
2020-02-06,Tulare,107,460477,2,0,0,0,0
2020-02-06,Tuolumne,109,53932,0,0,0,0,0
2020-02-06,Ventura,111,848112,1,0,0,0,0
2020-02-06,Yolo,113,214977,1,0,0,0,0
2020-02-06,Yuba,115,75493,0,0,0,0,0
2020-02-05,Alameda,1,1643700,3,0,0,0,0
2020-02-05,Alpine,3,1148,0,0,0,0,0
2020-02-05,Amador,5,37829,0,0,0,0,0
2020-02-05,Butte,7,227075,0,0,0,0,0
2020-02-05,Calaveras,9,45235,0,0,0,0,0
2020-02-05,Colusa,11,21464,0,0,0,0,0
2020-02-05,Contra Costa,13,1133247,2,0,0,0,0
2020-02-05,Del Norte,15,27424,0,0,0,0,0
2020-02-05,El Dorado,17,186661,0,0,0,0,0
2020-02-05,Fresno,19,978130,0,0,0,0,0
2020-02-05,Glenn,21,27897,0,0,0,0,0
2020-02-05,Humboldt,23,135768,0,0,0,0,0
2020-02-05,Imperial,25,180216,1,0,0,0,0
2020-02-05,Inyo,27,18085,0,0,0,0,0
2020-02-05,Kern,29,883053,1,0,0,0,0
2020-02-05,Kings,31,150075,0,0,0,0,0
2020-02-05,Lake,33,64148,0,0,0,0,0
2020-02-05,Lassen,35,31185,0,0,0,0,0
2020-02-05,Los Angeles,37,10098052,18,1,1,2,0
2020-02-05,Madera,39,155013,0,0,0,0,0
2020-02-05,Marin,41,260295,0,0,0,0,0
2020-02-05,Mariposa,43,17540,0,0,0,0,0
2020-02-05,Mendocino,45,87422,0,0,0,0,0
2020-02-05,Merced,47,269075,0,0,0,0,0
2020-02-05,Modoc,49,8938,0,0,0,0,0
2020-02-05,Mono,51,14174,0,0,0,0,0
2020-02-05,Monterey,53,433212,0,0,0,0,0
2020-02-05,Napa,55,140530,0,0,0,0,0
2020-02-05,Nevada,57,99092,0,0,0,0,0
2020-02-05,Orange,59,3164182,4,1,0,1,0
2020-02-05,Placer,61,380077,0,0,0,0,0
2020-02-05,Plumas,63,18699,0,0,0,0,0
2020-02-05,Riverside,65,2383286,4,0,0,0,0
2020-02-05,Sacramento,67,1510023,0,0,0,0,0
2020-02-05,San Benito,69,59416,0,2,0,2,0
2020-02-05,San Bernardino,71,2135413,3,0,0,0,0
2020-02-05,San Diego,73,3302833,0,0,0,0,0
2020-02-05,San Francisco,75,870044,1,0,0,0,0
2020-02-05,San Joaquin,77,732212,0,0,1,1,0
2020-02-05,San Luis Obispo,79,281455,0,0,0,0,0
2020-02-05,San Mateo,81,765935,1,0,0,0,0
2020-02-05,Santa Barbara,83,443738,0,0,0,0,0
2020-02-05,Santa Clara,85,1922200,2,2,0,2,0
2020-02-05,Santa Cruz,87,273765,0,0,0,0,0
2020-02-05,Shasta,89,179085,0,0,0,0,0
2020-02-05,Sierra,91,2930,0,0,0,0,0
2020-02-05,Siskiyou,93,43540,0,0,0,0,0
2020-02-05,Solano,95,438530,0,0,0,0,0
2020-02-05,Sonoma,97,501317,0,0,0,0,0
2020-02-05,Stanislaus,99,539301,0,0,0,0,0
2020-02-05,Sutter,101,95872,0,0,0,0,0
2020-02-05,Tehama,103,63373,0,0,0,0,0
2020-02-05,Trinity,105,12862,0,0,0,0,0
2020-02-05,Tulare,107,460477,2,0,0,0,0
2020-02-05,Tuolumne,109,53932,0,0,0,0,0
2020-02-05,Ventura,111,848112,0,0,0,0,0
2020-02-05,Yolo,113,214977,1,0,0,0,0
2020-02-05,Yuba,115,75493,0,0,0,0,0
2020-02-04,Alameda,1,1643700,3,0,0,0,0
2020-02-04,Alpine,3,1148,0,0,0,0,0
2020-02-04,Amador,5,37829,0,0,0,0,0
2020-02-04,Butte,7,227075,0,0,0,0,0
2020-02-04,Calaveras,9,45235,0,0,0,0,0
2020-02-04,Colusa,11,21464,0,0,0,0,0
2020-02-04,Contra Costa,13,1133247,2,0,0,0,0
2020-02-04,Del Norte,15,27424,0,0,0,0,0
2020-02-04,El Dorado,17,186661,0,0,0,0,0
2020-02-04,Fresno,19,978130,0,0,0,0,0
2020-02-04,Glenn,21,27897,0,0,0,0,0
2020-02-04,Humboldt,23,135768,0,0,0,0,0
2020-02-04,Imperial,25,180216,1,0,0,0,0
2020-02-04,Inyo,27,18085,0,0,0,0,0
2020-02-04,Kern,29,883053,0,0,0,0,0
2020-02-04,Kings,31,150075,0,0,0,0,0
2020-02-04,Lake,33,64148,0,0,0,0,0
2020-02-04,Lassen,35,31185,0,0,0,0,0
2020-02-04,Los Angeles,37,10098052,17,1,1,2,0
2020-02-04,Madera,39,155013,0,0,0,0,0
2020-02-04,Marin,41,260295,0,0,0,0,0
2020-02-04,Mariposa,43,17540,0,0,0,0,0
2020-02-04,Mendocino,45,87422,0,0,0,0,0
2020-02-04,Merced,47,269075,0,0,0,0,0
2020-02-04,Modoc,49,8938,0,0,0,0,0
2020-02-04,Mono,51,14174,0,0,0,0,0
2020-02-04,Monterey,53,433212,0,0,0,0,0
2020-02-04,Napa,55,140530,0,0,0,0,0
2020-02-04,Nevada,57,99092,0,0,0,0,0
2020-02-04,Orange,59,3164182,4,1,0,1,0
2020-02-04,Placer,61,380077,0,0,0,0,0
2020-02-04,Plumas,63,18699,0,0,0,0,0
2020-02-04,Riverside,65,2383286,4,0,0,0,0
2020-02-04,Sacramento,67,1510023,0,0,0,0,0
2020-02-04,San Benito,69,59416,0,2,0,2,0
2020-02-04,San Bernardino,71,2135413,2,0,0,0,0
2020-02-04,San Diego,73,3302833,0,0,0,0,0
2020-02-04,San Francisco,75,870044,1,0,0,0,0
2020-02-04,San Joaquin,77,732212,0,0,1,1,0
2020-02-04,San Luis Obispo,79,281455,0,0,0,0,0
2020-02-04,San Mateo,81,765935,0,0,0,0,0
2020-02-04,Santa Barbara,83,443738,0,0,0,0,0
2020-02-04,Santa Clara,85,1922200,2,2,0,2,0
2020-02-04,Santa Cruz,87,273765,0,0,0,0,0
2020-02-04,Shasta,89,179085,0,0,0,0,0
2020-02-04,Sierra,91,2930,0,0,0,0,0
2020-02-04,Siskiyou,93,43540,0,0,0,0,0
2020-02-04,Solano,95,438530,0,0,0,0,0
2020-02-04,Sonoma,97,501317,0,0,0,0,0
2020-02-04,Stanislaus,99,539301,0,0,0,0,0
2020-02-04,Sutter,101,95872,0,0,0,0,0
2020-02-04,Tehama,103,63373,0,0,0,0,0
2020-02-04,Trinity,105,12862,0,0,0,0,0
2020-02-04,Tulare,107,460477,2,0,0,0,0
2020-02-04,Tuolumne,109,53932,0,0,0,0,0
2020-02-04,Ventura,111,848112,0,0,0,0,0
2020-02-04,Yolo,113,214977,1,0,0,0,0
2020-02-04,Yuba,115,75493,0,0,0,0,0
2020-02-03,Alameda,1,1643700,3,0,0,0,0
2020-02-03,Alpine,3,1148,0,0,0,0,0
2020-02-03,Amador,5,37829,0,0,0,0,0
2020-02-03,Butte,7,227075,0,0,0,0,0
2020-02-03,Calaveras,9,45235,0,0,0,0,0
2020-02-03,Colusa,11,21464,0,0,0,0,0
2020-02-03,Contra Costa,13,1133247,2,0,0,0,0
2020-02-03,Del Norte,15,27424,0,0,0,0,0
2020-02-03,El Dorado,17,186661,0,0,0,0,0
2020-02-03,Fresno,19,978130,0,0,0,0,0
2020-02-03,Glenn,21,27897,0,0,0,0,0
2020-02-03,Humboldt,23,135768,0,0,0,0,0
2020-02-03,Imperial,25,180216,1,0,0,0,0
2020-02-03,Inyo,27,18085,0,0,0,0,0
2020-02-03,Kern,29,883053,0,0,0,0,0
2020-02-03,Kings,31,150075,0,0,0,0,0
2020-02-03,Lake,33,64148,0,0,0,0,0
2020-02-03,Lassen,35,31185,0,0,0,0,0
2020-02-03,Los Angeles,37,10098052,17,1,0,1,0
2020-02-03,Madera,39,155013,0,0,0,0,0
2020-02-03,Marin,41,260295,0,0,0,0,0
2020-02-03,Mariposa,43,17540,0,0,0,0,0
2020-02-03,Mendocino,45,87422,0,0,0,0,0
2020-02-03,Merced,47,269075,0,0,0,0,0
2020-02-03,Modoc,49,8938,0,0,0,0,0
2020-02-03,Mono,51,14174,0,0,0,0,0
2020-02-03,Monterey,53,433212,0,0,0,0,0
2020-02-03,Napa,55,140530,0,0,0,0,0
2020-02-03,Nevada,57,99092,0,0,0,0,0
2020-02-03,Orange,59,3164182,3,1,0,1,0
2020-02-03,Placer,61,380077,0,0,0,0,0
2020-02-03,Plumas,63,18699,0,0,0,0,0
2020-02-03,Riverside,65,2383286,4,0,0,0,0
2020-02-03,Sacramento,67,1510023,0,0,0,0,0
2020-02-03,San Benito,69,59416,0,2,0,2,0
2020-02-03,San Bernardino,71,2135413,2,0,0,0,0
2020-02-03,San Diego,73,3302833,0,0,0,0,0
2020-02-03,San Francisco,75,870044,1,0,0,0,0
2020-02-03,San Joaquin,77,732212,0,0,1,1,0
2020-02-03,San Luis Obispo,79,281455,0,0,0,0,0
2020-02-03,San Mateo,81,765935,0,0,0,0,0
2020-02-03,Santa Barbara,83,443738,0,0,0,0,0
2020-02-03,Santa Clara,85,1922200,2,2,0,2,0
2020-02-03,Santa Cruz,87,273765,0,0,0,0,0
2020-02-03,Shasta,89,179085,0,0,0,0,0
2020-02-03,Sierra,91,2930,0,0,0,0,0
2020-02-03,Siskiyou,93,43540,0,0,0,0,0
2020-02-03,Solano,95,438530,0,0,0,0,0
2020-02-03,Sonoma,97,501317,0,0,0,0,0
2020-02-03,Stanislaus,99,539301,0,0,0,0,0
2020-02-03,Sutter,101,95872,0,0,0,0,0
2020-02-03,Tehama,103,63373,0,0,0,0,0
2020-02-03,Trinity,105,12862,0,0,0,0,0
2020-02-03,Tulare,107,460477,2,0,0,0,0
2020-02-03,Tuolumne,109,53932,0,0,0,0,0
2020-02-03,Ventura,111,848112,0,0,0,0,0
2020-02-03,Yolo,113,214977,1,0,0,0,0
2020-02-03,Yuba,115,75493,0,0,0,0,0
2020-02-02,Alameda,1,1643700,3,0,0,0,0
2020-02-02,Alpine,3,1148,0,0,0,0,0
2020-02-02,Amador,5,37829,0,0,0,0,0
2020-02-02,Butte,7,227075,0,0,0,0,0
2020-02-02,Calaveras,9,45235,0,0,0,0,0
2020-02-02,Colusa,11,21464,0,0,0,0,0
2020-02-02,Contra Costa,13,1133247,1,0,0,0,0
2020-02-02,Del Norte,15,27424,0,0,0,0,0
2020-02-02,El Dorado,17,186661,0,0,0,0,0
2020-02-02,Fresno,19,978130,0,0,0,0,0
2020-02-02,Glenn,21,27897,0,0,0,0,0
2020-02-02,Humboldt,23,135768,0,0,0,0,0
2020-02-02,Imperial,25,180216,1,0,0,0,0
2020-02-02,Inyo,27,18085,0,0,0,0,0
2020-02-02,Kern,29,883053,0,0,0,0,0
2020-02-02,Kings,31,150075,0,0,0,0,0
2020-02-02,Lake,33,64148,0,0,0,0,0
2020-02-02,Lassen,35,31185,0,0,0,0,0
2020-02-02,Los Angeles,37,10098052,15,1,0,1,0
2020-02-02,Madera,39,155013,0,0,0,0,0
2020-02-02,Marin,41,260295,0,0,0,0,0
2020-02-02,Mariposa,43,17540,0,0,0,0,0
2020-02-02,Mendocino,45,87422,0,0,0,0,0
2020-02-02,Merced,47,269075,0,0,0,0,0
2020-02-02,Modoc,49,8938,0,0,0,0,0
2020-02-02,Mono,51,14174,0,0,0,0,0
2020-02-02,Monterey,53,433212,0,0,0,0,0
2020-02-02,Napa,55,140530,0,0,0,0,0
2020-02-02,Nevada,57,99092,0,0,0,0,0
2020-02-02,Orange,59,3164182,3,1,0,1,0
2020-02-02,Placer,61,380077,0,0,0,0,0
2020-02-02,Plumas,63,18699,0,0,0,0,0
2020-02-02,Riverside,65,2383286,3,0,0,0,0
2020-02-02,Sacramento,67,1510023,0,0,0,0,0
2020-02-02,San Benito,69,59416,0,2,0,2,0
2020-02-02,San Bernardino,71,2135413,2,0,0,0,0
2020-02-02,San Diego,73,3302833,0,0,0,0,0
2020-02-02,San Francisco,75,870044,1,0,0,0,0
2020-02-02,San Joaquin,77,732212,0,0,1,1,0
2020-02-02,San Luis Obispo,79,281455,0,0,0,0,0
2020-02-02,San Mateo,81,765935,0,0,0,0,0
2020-02-02,Santa Barbara,83,443738,0,0,0,0,0
2020-02-02,Santa Clara,85,1922200,2,2,0,2,0
2020-02-02,Santa Cruz,87,273765,0,0,0,0,0
2020-02-02,Shasta,89,179085,0,0,0,0,0
2020-02-02,Sierra,91,2930,0,0,0,0,0
2020-02-02,Siskiyou,93,43540,0,0,0,0,0
2020-02-02,Solano,95,438530,0,0,0,0,0
2020-02-02,Sonoma,97,501317,0,0,0,0,0
2020-02-02,Stanislaus,99,539301,0,0,0,0,0
2020-02-02,Sutter,101,95872,0,0,0,0,0
2020-02-02,Tehama,103,63373,0,0,0,0,0
2020-02-02,Trinity,105,12862,0,0,0,0,0
2020-02-02,Tulare,107,460477,2,0,0,0,0
2020-02-02,Tuolumne,109,53932,0,0,0,0,0
2020-02-02,Ventura,111,848112,0,0,0,0,0
2020-02-02,Yolo,113,214977,1,0,0,0,0
2020-02-02,Yuba,115,75493,0,0,0,0,0
2020-02-01,Alameda,1,1643700,3,0,0,0,0
2020-02-01,Alpine,3,1148,0,0,0,0,0
2020-02-01,Amador,5,37829,0,0,0,0,0
2020-02-01,Butte,7,227075,0,0,0,0,0
2020-02-01,Calaveras,9,45235,0,0,0,0,0
2020-02-01,Colusa,11,21464,0,0,0,0,0
2020-02-01,Contra Costa,13,1133247,0,0,0,0,0
2020-02-01,Del Norte,15,27424,0,0,0,0,0
2020-02-01,El Dorado,17,186661,0,0,0,0,0
2020-02-01,Fresno,19,978130,0,0,0,0,0
2020-02-01,Glenn,21,27897,0,0,0,0,0
2020-02-01,Humboldt,23,135768,0,0,0,0,0
2020-02-01,Imperial,25,180216,0,0,0,0,0
2020-02-01,Inyo,27,18085,0,0,0,0,0
2020-02-01,Kern,29,883053,0,0,0,0,0
2020-02-01,Kings,31,150075,0,0,0,0,0
2020-02-01,Lake,33,64148,0,0,0,0,0
2020-02-01,Lassen,35,31185,0,0,0,0,0
2020-02-01,Los Angeles,37,10098052,14,1,0,1,0
2020-02-01,Madera,39,155013,0,0,0,0,0
2020-02-01,Marin,41,260295,0,0,0,0,0
2020-02-01,Mariposa,43,17540,0,0,0,0,0
2020-02-01,Mendocino,45,87422,0,0,0,0,0
2020-02-01,Merced,47,269075,0,0,0,0,0
2020-02-01,Modoc,49,8938,0,0,0,0,0
2020-02-01,Mono,51,14174,0,0,0,0,0
2020-02-01,Monterey,53,433212,0,0,0,0,0
2020-02-01,Napa,55,140530,0,0,0,0,0
2020-02-01,Nevada,57,99092,0,0,0,0,0
2020-02-01,Orange,59,3164182,3,1,0,1,0
2020-02-01,Placer,61,380077,0,0,0,0,0
2020-02-01,Plumas,63,18699,0,0,0,0,0
2020-02-01,Riverside,65,2383286,2,0,0,0,0
2020-02-01,Sacramento,67,1510023,0,0,0,0,0
2020-02-01,San Benito,69,59416,0,0,0,0,0
2020-02-01,San Bernardino,71,2135413,1,0,0,0,0
2020-02-01,San Diego,73,3302833,0,0,0,0,0
2020-02-01,San Francisco,75,870044,1,0,0,0,0
2020-02-01,San Joaquin,77,732212,0,0,1,1,0
2020-02-01,San Luis Obispo,79,281455,0,0,0,0,0
2020-02-01,San Mateo,81,765935,0,0,0,0,0
2020-02-01,Santa Barbara,83,443738,0,0,0,0,0
2020-02-01,Santa Clara,85,1922200,2,1,0,1,0
2020-02-01,Santa Cruz,87,273765,0,0,0,0,0
2020-02-01,Shasta,89,179085,0,0,0,0,0
2020-02-01,Sierra,91,2930,0,0,0,0,0
2020-02-01,Siskiyou,93,43540,0,0,0,0,0
2020-02-01,Solano,95,438530,0,0,0,0,0
2020-02-01,Sonoma,97,501317,0,0,0,0,0
2020-02-01,Stanislaus,99,539301,0,0,0,0,0
2020-02-01,Sutter,101,95872,0,0,0,0,0
2020-02-01,Tehama,103,63373,0,0,0,0,0
2020-02-01,Trinity,105,12862,0,0,0,0,0
2020-02-01,Tulare,107,460477,1,0,0,0,0
2020-02-01,Tuolumne,109,53932,0,0,0,0,0
2020-02-01,Ventura,111,848112,0,0,0,0,0
2020-02-01,Yolo,113,214977,0,0,0,0,0
2020-02-01,Yuba,115,75493,0,0,0,0,0
